observation_id,document_id,source_page,pair_id,pair_status,a_row_number,b_row_number,difference_fields,resolution_decision,resolution_reason,adjudication_status,source_agents,source_sha256
1d5fb618817ecfdc6df5,SRC034,3,PAIR_877F970CEDBC2E6004507E95,CLASSIFICATION_CONFLICT,1,1,source_table|subject_name|investor_name|as_of_date|evidence_quote,MERGE,"source_section is the statement's own printed title, which A left blank on every row; currency_scale is the printed `$`; the value keeps its printed currency symbol.",RESOLVED,A+B+ADJUDICATOR,c6ea06465f1920417d13440de26a3aefe9611278bbfc337b5e3d6f32647895a8
c051cd3576db18ad4b32,SRC034,3,PAIR_E194AAF183988158AF0A203C,CLASSIFICATION_CONFLICT,2,2,source_section|source_column_label|subject_type|currency_scale|metric_name,MERGE,"source_section is the statement's own printed title, which A left blank on every row; currency_scale is the printed `$`; the value keeps its printed currency symbol.",RESOLVED,A+B+ADJUDICATOR,c6ea06465f1920417d13440de26a3aefe9611278bbfc337b5e3d6f32647895a8
e7ba55bef0f2f5ba97d2,SRC034,3,PAIR_CBF06C34CFF9573D7B7198AA,CLASSIFICATION_CONFLICT,3,3,source_section|source_column_label|subject_type|currency_scale|metric_name,MERGE,"source_section is the statement's own printed title, which A left blank on every row; currency_scale is the printed `$`; the value keeps its printed currency symbol.",RESOLVED,A+B+ADJUDICATOR,c6ea06465f1920417d13440de26a3aefe9611278bbfc337b5e3d6f32647895a8
cf69cb0bdf953a3356ed,SRC034,3,PAIR_F72B7EBC998AEA95DAC3B927,A_ONLY,6,,,MERGE,"source_section is the statement's own printed title, which A left blank on every row; currency_scale is the printed `$`; the value keeps its printed currency symbol; one-sided row confirmed printed on page 3 from the page image.",RESOLVED,A+ADJUDICATOR,c6ea06465f1920417d13440de26a3aefe9611278bbfc337b5e3d6f32647895a8
a405b270004e359a6d16,SRC034,3,PAIR_D38771E420BF8785E3EBAED1,B_ONLY,,4,,MERGE,"source_section is the statement's own printed title, which A left blank on every row; currency_scale is the printed `$`; the value keeps its printed currency symbol; one-sided row confirmed printed on page 3 from the page image.; Source review: p3: Combined Statement of Assets, Liabilities, and Partners' Capital (The amount is a statement-line balance under the printed column.) | p3: Combined Statement of Assets, Liabilities, and Partners' Capital (Printed heading or definition supporting the source-reviewed qualifier.) | p3: Combined Statement of Assets, Liabilities, and Partners' Capital (Supersedes SR1641: the printed entity or table label is context, not a measurement basis; source labels retain its scope.)",RESOLVED,B+ADJUDICATOR,c6ea06465f1920417d13440de26a3aefe9611278bbfc337b5e3d6f32647895a8
1719e3ee788f98f1e6f7,SRC034,3,PAIR_6074E9B9414499D4CDF33B3E,CLASSIFICATION_CONFLICT,4,5,source_section|source_column_label|subject_type|currency_scale|metric_name,MERGE,"source_section is the statement's own printed title, which A left blank on every row; currency_scale is the printed `$`; the value keeps its printed currency symbol.",RESOLVED,A+B+ADJUDICATOR,c6ea06465f1920417d13440de26a3aefe9611278bbfc337b5e3d6f32647895a8
2a3636f3eb3bde58ce23,SRC034,3,PAIR_BFB1663DA224D66607BF2F90,CONTEXT_CONFLICT,5,6,source_section|source_column_label|currency_scale|metric_name,MERGE,"source_section is the statement's own printed title, which A left blank on every row; currency_scale is the printed `$`; the value keeps its printed currency symbol.; Source review: p3: Total assets $ 438,924,905 (The printed label identifies a statement item, not an institution; retain the accounting scope without an entity ID.)",RESOLVED,A+B+ADJUDICATOR,c6ea06465f1920417d13440de26a3aefe9611278bbfc337b5e3d6f32647895a8
b394a2674a4e69145f02,SRC034,3,PAIR_7B1ED6BC2E4C6AA2371B94FE,CONTEXT_CONFLICT,8,7,source_section|source_column_label|currency_scale|metric_name,MERGE,"source_section is the statement's own printed title, which A left blank on every row; currency_scale is the printed `$`; the value keeps its printed currency symbol.; Source review: p3: Total liabilities 527,749 (The printed label identifies a statement item, not an institution; retain the accounting scope without an entity ID.)",RESOLVED,A+B+ADJUDICATOR,c6ea06465f1920417d13440de26a3aefe9611278bbfc337b5e3d6f32647895a8
dcae1bbc2a5b5e66671c,SRC034,3,PAIR_1D7B45FB5B3C8273F3A25971,CONTEXT_CONFLICT,9,8,source_section|source_column_label|currency_scale|metric_name,MERGE,"source_section is the statement's own printed title, which A left blank on every row; currency_scale is the printed `$`; the value keeps its printed currency symbol.; Source review: p3: Total partners' capital 438,397,156 (The printed label identifies a statement item, not an institution; retain the accounting scope without an entity ID.)",RESOLVED,A+B+ADJUDICATOR,c6ea06465f1920417d13440de26a3aefe9611278bbfc337b5e3d6f32647895a8
c0382c3e21afbdf80451,SRC034,4,PAIR_620EFD18A2568E79CE7A73DF,A_ONLY,10,,,MERGE,"source_section is the statement's own printed title, which A left blank on every row; currency_scale is the printed `$`; the value keeps its printed currency symbol; the Schedule of Investments is a position_observation table, the only family carrying portfolio_weight for the printed `% of Partners' Capital` column that B dropped; one-sided row confirmed printed on page 4 from the page image. Grouping corrected 2026-09-01: the page heads this column `Industry`, so the printed value moves to `sector` (contract 2026-09-01.2) and `asset_class` is blank because the schedule prints no asset class.",RESOLVED,A+ADJUDICATOR,c6ea06465f1920417d13440de26a3aefe9611278bbfc337b5e3d6f32647895a8
d3b29abe7a965d72ce3c,SRC034,4,PAIR_2B58B77B8E729D514B4F729B,A_ONLY,11,,,MERGE,"source_section is the statement's own printed title, which A left blank on every row; currency_scale is the printed `$`; the value keeps its printed currency symbol; the Schedule of Investments is a position_observation table, the only family carrying portfolio_weight for the printed `% of Partners' Capital` column that B dropped; one-sided row confirmed printed on page 4 from the page image. Grouping corrected 2026-09-01: the page heads this column `Industry`, so the printed value moves to `sector` (contract 2026-09-01.2) and `asset_class` is blank because the schedule prints no asset class.",RESOLVED,A+ADJUDICATOR,c6ea06465f1920417d13440de26a3aefe9611278bbfc337b5e3d6f32647895a8
391ce5f4fc89a7cc8fed,SRC034,4,PAIR_9111DE7FF2F0E142D277527C,A_ONLY,12,,,MERGE,"source_section is the statement's own printed title, which A left blank on every row; currency_scale is the printed `$`; the value keeps its printed currency symbol; the Schedule of Investments is a position_observation table, the only family carrying portfolio_weight for the printed `% of Partners' Capital` column that B dropped; one-sided row confirmed printed on page 4 from the page image. Grouping corrected 2026-09-01: the page heads this column `Industry`, so the printed value moves to `sector` (contract 2026-09-01.2) and `asset_class` is blank because the schedule prints no asset class.",RESOLVED,A+ADJUDICATOR,c6ea06465f1920417d13440de26a3aefe9611278bbfc337b5e3d6f32647895a8
4fabe15ddc3855edbb47,SRC034,4,PAIR_3319AA38F0EEDBCBB84A46C3,A_ONLY,13,,,MERGE,"source_section is the statement's own printed title, which A left blank on every row; currency_scale is the printed `$`; the value keeps its printed currency symbol; the Schedule of Investments is a position_observation table, the only family carrying portfolio_weight for the printed `% of Partners' Capital` column that B dropped; one-sided row confirmed printed on page 4 from the page image. Grouping corrected 2026-09-01: the page heads this column `Industry`, so the printed value moves to `sector` (contract 2026-09-01.2) and `asset_class` is blank because the schedule prints no asset class.",RESOLVED,A+ADJUDICATOR,c6ea06465f1920417d13440de26a3aefe9611278bbfc337b5e3d6f32647895a8
9f21df366069298c5133,SRC034,4,PAIR_AF24208D72CDB6F33659B9E5,A_ONLY,14,,,MERGE,"source_section is the statement's own printed title, which A left blank on every row; currency_scale is the printed `$`; the value keeps its printed currency symbol; the Schedule of Investments is a position_observation table, the only family carrying portfolio_weight for the printed `% of Partners' Capital` column that B dropped; one-sided row confirmed printed on page 4 from the page image. Grouping corrected 2026-09-01: the page heads this column `Industry`, so the printed value moves to `sector` (contract 2026-09-01.2) and `asset_class` is blank because the schedule prints no asset class.",RESOLVED,A+ADJUDICATOR,c6ea06465f1920417d13440de26a3aefe9611278bbfc337b5e3d6f32647895a8
c928a37f2244812fddc0,SRC034,4,PAIR_4B57CEC8F5398E0B5863F9B0,A_ONLY,15,,,MERGE,"source_section is the statement's own printed title, which A left blank on every row; currency_scale is the printed `$`; the value keeps its printed currency symbol; the Schedule of Investments is a position_observation table, the only family carrying portfolio_weight for the printed `% of Partners' Capital` column that B dropped; one-sided row confirmed printed on page 4 from the page image. Grouping corrected 2026-09-01: the page heads this column `Industry`, so the printed value moves to `sector` (contract 2026-09-01.2) and `asset_class` is blank because the schedule prints no asset class.",RESOLVED,A+ADJUDICATOR,c6ea06465f1920417d13440de26a3aefe9611278bbfc337b5e3d6f32647895a8
fe145196badce8ccf24c,SRC034,4,PAIR_EA621C1D3C60D351CCCBFCCD,A_ONLY,16,,,MERGE,"source_section is the statement's own printed title, which A left blank on every row; currency_scale is the printed `$`; the value keeps its printed currency symbol; the Schedule of Investments is a position_observation table, the only family carrying portfolio_weight for the printed `% of Partners' Capital` column that B dropped; one-sided row confirmed printed on page 4 from the page image. Grouping corrected 2026-09-01: the page heads this column `Industry`, so the printed value moves to `sector` (contract 2026-09-01.2) and `asset_class` is blank because the schedule prints no asset class.",RESOLVED,A+ADJUDICATOR,c6ea06465f1920417d13440de26a3aefe9611278bbfc337b5e3d6f32647895a8
eeafbc0b5b57f6adcc5b,SRC034,4,PAIR_DFFDEEF7A8C593B701633CE1,A_ONLY,17,,,MERGE,"source_section is the statement's own printed title, which A left blank on every row; currency_scale is the printed `$`; the value keeps its printed currency symbol; the Schedule of Investments is a position_observation table, the only family carrying portfolio_weight for the printed `% of Partners' Capital` column that B dropped; one-sided row confirmed printed on page 4 from the page image. Grouping corrected 2026-09-01: the page heads this column `Industry`, so the printed value moves to `sector` (contract 2026-09-01.2) and `asset_class` is blank because the schedule prints no asset class.",RESOLVED,A+ADJUDICATOR,c6ea06465f1920417d13440de26a3aefe9611278bbfc337b5e3d6f32647895a8
0e1a197ffe06bf47841b,SRC034,4,PAIR_E84157E33A86FAC3E6C6AB9D,CLASSIFICATION_CONFLICT,18,19,record_family|source_section|source_row_label|source_occurrence|subject_type|subject_name|asset_class|geography|vintage_year|as_of_date|currency_scale|metric_category,MERGE,"source_section is the statement's own printed title, which A left blank on every row; currency_scale is the printed `$`; the value keeps its printed currency symbol; the Schedule of Investments is a position_observation table, the only family carrying portfolio_weight for the printed `% of Partners' Capital` column that B dropped. Grouping corrected 2026-09-01: the page heads this column `Industry`, so the printed value moves to `sector` (contract 2026-09-01.2) and `asset_class` is blank because the schedule prints no asset class.",RESOLVED,A+B+ADJUDICATOR,c6ea06465f1920417d13440de26a3aefe9611278bbfc337b5e3d6f32647895a8
2da4e73e6f300c12d17d,SRC034,4,PAIR_9F96514F60CB71E345AB7CF3,CLASSIFICATION_CONFLICT,19,9,record_family|source_section|source_row_label|source_occurrence|subject_type|subject_name|asset_class|geography|vintage_year|as_of_date|currency_scale|metric_category,MERGE,"source_section is the statement's own printed title, which A left blank on every row; currency_scale is the printed `$`; the value keeps its printed currency symbol; the Schedule of Investments is a position_observation table, the only family carrying portfolio_weight for the printed `% of Partners' Capital` column that B dropped. Grouping corrected 2026-09-01: the page heads this column `Industry`, so the printed value moves to `sector` (contract 2026-09-01.2) and `asset_class` is blank because the schedule prints no asset class.",RESOLVED,A+B+ADJUDICATOR,c6ea06465f1920417d13440de26a3aefe9611278bbfc337b5e3d6f32647895a8
b1c88a180bffcf32a854,SRC034,4,PAIR_ED223123F9F43FC35A6E6050,CLASSIFICATION_CONFLICT,20,13,record_family|source_section|source_row_label|source_occurrence|subject_type|subject_name|asset_class|geography|vintage_year|as_of_date|currency_scale|metric_category,MERGE,"source_section is the statement's own printed title, which A left blank on every row; currency_scale is the printed `$`; the value keeps its printed currency symbol; the Schedule of Investments is a position_observation table, the only family carrying portfolio_weight for the printed `% of Partners' Capital` column that B dropped. Grouping corrected 2026-09-01: the page heads this column `Industry`, so the printed value moves to `sector` (contract 2026-09-01.2) and `asset_class` is blank because the schedule prints no asset class.",RESOLVED,A+B+ADJUDICATOR,c6ea06465f1920417d13440de26a3aefe9611278bbfc337b5e3d6f32647895a8
3f2c9a09b40fb821a54b,SRC034,4,PAIR_52066D225C565391DB05B8E0,CLASSIFICATION_CONFLICT,21,17,record_family|source_section|source_row_label|source_occurrence|subject_type|subject_name|asset_class|geography|vintage_year|as_of_date|currency_scale|metric_category,MERGE,"source_section is the statement's own printed title, which A left blank on every row; currency_scale is the printed `$`; the value keeps its printed currency symbol; the Schedule of Investments is a position_observation table, the only family carrying portfolio_weight for the printed `% of Partners' Capital` column that B dropped. Grouping corrected 2026-09-01: the page heads this column `Industry`, so the printed value moves to `sector` (contract 2026-09-01.2) and `asset_class` is blank because the schedule prints no asset class.",RESOLVED,A+B+ADJUDICATOR,c6ea06465f1920417d13440de26a3aefe9611278bbfc337b5e3d6f32647895a8
45953593086ec10d3a77,SRC034,4,PAIR_EFF61DDF54CE10919E024FF4,CLASSIFICATION_CONFLICT,22,15,record_family|source_section|source_row_label|source_occurrence|subject_type|subject_name|asset_class|geography|vintage_year|as_of_date|currency_scale|metric_category,MERGE,"source_section is the statement's own printed title, which A left blank on every row; currency_scale is the printed `$`; the value keeps its printed currency symbol; the Schedule of Investments is a position_observation table, the only family carrying portfolio_weight for the printed `% of Partners' Capital` column that B dropped. Grouping corrected 2026-09-01: the page heads this column `Industry`, so the printed value moves to `sector` (contract 2026-09-01.2) and `asset_class` is blank because the schedule prints no asset class.",RESOLVED,A+B+ADJUDICATOR,c6ea06465f1920417d13440de26a3aefe9611278bbfc337b5e3d6f32647895a8
e00d41cf3b0bd16275fb,SRC034,4,PAIR_0C6F4B49DEED7814CB3493B4,CLASSIFICATION_CONFLICT,23,20,record_family|source_section|source_row_label|source_occurrence|subject_type|subject_name|asset_class|geography|vintage_year|as_of_date|currency_scale|metric_category,MERGE,"source_section is the statement's own printed title, which A left blank on every row; currency_scale is the printed `$`; the value keeps its printed currency symbol; the Schedule of Investments is a position_observation table, the only family carrying portfolio_weight for the printed `% of Partners' Capital` column that B dropped. Grouping corrected 2026-09-01: the page heads this column `Industry`, so the printed value moves to `sector` (contract 2026-09-01.2) and `asset_class` is blank because the schedule prints no asset class.",RESOLVED,A+B+ADJUDICATOR,c6ea06465f1920417d13440de26a3aefe9611278bbfc337b5e3d6f32647895a8
55c71a354ce9583abfc3,SRC034,4,PAIR_B9F72E3F7E752BF3D1BEB504,CLASSIFICATION_CONFLICT,24,12,record_family|source_section|source_row_label|subject_type|subject_name|asset_class|geography|vintage_year|as_of_date|currency_scale|metric_category,MERGE,"source_section is the statement's own printed title, which A left blank on every row; currency_scale is the printed `$`; the value keeps its printed currency symbol; the Schedule of Investments is a position_observation table, the only family carrying portfolio_weight for the printed `% of Partners' Capital` column that B dropped. Grouping corrected 2026-09-01: the page heads this column `Industry`, so the printed value moves to `sector` (contract 2026-09-01.2) and `asset_class` is blank because the schedule prints no asset class.; Source review: p4: Combined Schedule of Investments (The schedule lists separate redacted investments.) | p4: Combined Schedule of Investments (Printed heading or definition supporting the source-reviewed qualifier.) | p4: Combined Schedule of Investments (Supersedes SR1642: the printed entity or table label is context, not a measurement basis; source labels retain its scope.)",RESOLVED,A+B+ADJUDICATOR,c6ea06465f1920417d13440de26a3aefe9611278bbfc337b5e3d6f32647895a8
9fe719ee5c6dcbc7cf62,SRC034,4,PAIR_72AB0AA4582AF8716620CE75,CLASSIFICATION_CONFLICT,25,21,record_family|source_section|source_row_label|source_occurrence|subject_type|subject_name|asset_class|geography|vintage_year|as_of_date|currency_scale|metric_category,MERGE,"source_section is the statement's own printed title, which A left blank on every row; currency_scale is the printed `$`; the value keeps its printed currency symbol; the Schedule of Investments is a position_observation table, the only family carrying portfolio_weight for the printed `% of Partners' Capital` column that B dropped. Grouping corrected 2026-09-01: the page heads this column `Industry`, so the printed value moves to `sector` (contract 2026-09-01.2) and `asset_class` is blank because the schedule prints no asset class.; Source review: p4: Combined Schedule of Investments (The schedule lists separate redacted investments.) | p4: Combined Schedule of Investments (Printed heading or definition supporting the source-reviewed qualifier.) | p4: Combined Schedule of Investments (Supersedes SR1643: the printed entity or table label is context, not a measurement basis; source labels retain its scope.)",RESOLVED,A+B+ADJUDICATOR,c6ea06465f1920417d13440de26a3aefe9611278bbfc337b5e3d6f32647895a8
5430aea4b7a559aa3dac,SRC034,4,PAIR_02EDBCE7DB1AC0E7E9560E82,CLASSIFICATION_CONFLICT,26,10,record_family|source_section|source_row_label|source_occurrence|subject_type|subject_name|asset_class|geography|vintage_year|as_of_date|currency_scale|metric_category,MERGE,"source_section is the statement's own printed title, which A left blank on every row; currency_scale is the printed `$`; the value keeps its printed currency symbol; the Schedule of Investments is a position_observation table, the only family carrying portfolio_weight for the printed `% of Partners' Capital` column that B dropped. Grouping corrected 2026-09-01: the page heads this column `Industry`, so the printed value moves to `sector` (contract 2026-09-01.2) and `asset_class` is blank because the schedule prints no asset class.; Source review: p4: Combined Schedule of Investments (The schedule lists separate redacted investments.) | p4: Combined Schedule of Investments (Printed heading or definition supporting the source-reviewed qualifier.) | p4: Combined Schedule of Investments (Supersedes SR1644: the printed entity or table label is context, not a measurement basis; source labels retain its scope.)",RESOLVED,A+B+ADJUDICATOR,c6ea06465f1920417d13440de26a3aefe9611278bbfc337b5e3d6f32647895a8
38dd051f7ec4aee2336f,SRC034,4,PAIR_AB131338C4167F8136C2B647,CLASSIFICATION_CONFLICT,27,14,record_family|source_section|source_row_label|source_occurrence|subject_type|subject_name|asset_class|geography|vintage_year|as_of_date|currency_scale|metric_category,MERGE,"source_section is the statement's own printed title, which A left blank on every row; currency_scale is the printed `$`; the value keeps its printed currency symbol; the Schedule of Investments is a position_observation table, the only family carrying portfolio_weight for the printed `% of Partners' Capital` column that B dropped. Grouping corrected 2026-09-01: the page heads this column `Industry`, so the printed value moves to `sector` (contract 2026-09-01.2) and `asset_class` is blank because the schedule prints no asset class.; Source review: p4: Combined Schedule of Investments (The schedule lists separate redacted investments.) | p4: Combined Schedule of Investments (Printed heading or definition supporting the source-reviewed qualifier.) | p4: Combined Schedule of Investments (Supersedes SR1645: the printed entity or table label is context, not a measurement basis; source labels retain its scope.)",RESOLVED,A+B+ADJUDICATOR,c6ea06465f1920417d13440de26a3aefe9611278bbfc337b5e3d6f32647895a8
33467ee1682e36685ac9,SRC034,4,PAIR_FE6BBB53565255D951B21886,CLASSIFICATION_CONFLICT,28,18,record_family|source_section|source_row_label|source_occurrence|subject_type|subject_name|asset_class|geography|vintage_year|as_of_date|currency_scale|metric_category,MERGE,"source_section is the statement's own printed title, which A left blank on every row; currency_scale is the printed `$`; the value keeps its printed currency symbol; the Schedule of Investments is a position_observation table, the only family carrying portfolio_weight for the printed `% of Partners' Capital` column that B dropped. Grouping corrected 2026-09-01: the page heads this column `Industry`, so the printed value moves to `sector` (contract 2026-09-01.2) and `asset_class` is blank because the schedule prints no asset class.; Source review: p4: Combined Schedule of Investments (The schedule lists separate redacted investments.) | p4: Combined Schedule of Investments (Printed heading or definition supporting the source-reviewed qualifier.) | p4: Combined Schedule of Investments (Supersedes SR1646: the printed entity or table label is context, not a measurement basis; source labels retain its scope.)",RESOLVED,A+B+ADJUDICATOR,c6ea06465f1920417d13440de26a3aefe9611278bbfc337b5e3d6f32647895a8
a3d121a9fca604dc1bec,SRC034,4,PAIR_E471BBC69C119F01B51AB814,CLASSIFICATION_CONFLICT,29,16,record_family|source_section|source_row_label|source_occurrence|subject_type|subject_name|asset_class|geography|vintage_year|as_of_date|currency_scale|metric_category,MERGE,"source_section is the statement's own printed title, which A left blank on every row; currency_scale is the printed `$`; the value keeps its printed currency symbol; the Schedule of Investments is a position_observation table, the only family carrying portfolio_weight for the printed `% of Partners' Capital` column that B dropped. Grouping corrected 2026-09-01: the page heads this column `Industry`, so the printed value moves to `sector` (contract 2026-09-01.2) and `asset_class` is blank because the schedule prints no asset class.; Source review: p4: Combined Schedule of Investments (The schedule lists separate redacted investments.) | p4: Combined Schedule of Investments (Printed heading or definition supporting the source-reviewed qualifier.) | p4: Combined Schedule of Investments (Supersedes SR1647: the printed entity or table label is context, not a measurement basis; source labels retain its scope.)",RESOLVED,A+B+ADJUDICATOR,c6ea06465f1920417d13440de26a3aefe9611278bbfc337b5e3d6f32647895a8
0581838b2e2d8abe6324,SRC034,4,PAIR_F64AEF17C356B1279A396B2E,CLASSIFICATION_CONFLICT,30,22,record_family|source_section|source_row_label|source_occurrence|subject_type|subject_name|asset_class|geography|vintage_year|as_of_date|currency_scale|metric_category,MERGE,"source_section is the statement's own printed title, which A left blank on every row; currency_scale is the printed `$`; the value keeps its printed currency symbol; the Schedule of Investments is a position_observation table, the only family carrying portfolio_weight for the printed `% of Partners' Capital` column that B dropped. Grouping corrected 2026-09-01: the page heads this column `Industry`, so the printed value moves to `sector` (contract 2026-09-01.2) and `asset_class` is blank because the schedule prints no asset class.; Source review: p4: Combined Schedule of Investments (The schedule lists separate redacted investments.) | p4: Combined Schedule of Investments (Printed heading or definition supporting the source-reviewed qualifier.) | p4: Combined Schedule of Investments (Supersedes SR1648: the printed entity or table label is context, not a measurement basis; source labels retain its scope.)",RESOLVED,A+B+ADJUDICATOR,c6ea06465f1920417d13440de26a3aefe9611278bbfc337b5e3d6f32647895a8
95e01eac1095c45f77dc,SRC034,5,PAIR_7479F32825FBC8D9D895E024,CONTEXT_CONFLICT,31,23,source_section|currency_scale|metric_name,MERGE,"source_section is the statement's own printed title, which A left blank on every row; currency_scale is the printed `$`; the value keeps its printed currency symbol.; Source review: p5: Interest expense 55,260 (The printed label identifies a statement item, not an institution; retain the accounting scope without an entity ID.)",RESOLVED,A+B+ADJUDICATOR,c6ea06465f1920417d13440de26a3aefe9611278bbfc337b5e3d6f32647895a8
d9531da7cdc6f8a3bb27,SRC034,5,PAIR_0DC5308FA8AC224FE1ED0937,CONTEXT_CONFLICT,32,25,source_section|currency_scale|metric_name,MERGE,"source_section is the statement's own printed title, which A left blank on every row; currency_scale is the printed `$`; the value keeps its printed currency symbol.; Source review: p5: Management fees 2,374,563 (The printed label identifies a statement item, not an institution; retain the accounting scope without an entity ID.)",RESOLVED,A+B+ADJUDICATOR,c6ea06465f1920417d13440de26a3aefe9611278bbfc337b5e3d6f32647895a8
62483361a4a8d7e9d478,SRC034,5,PAIR_34F06BDB541E99B692A2CE32,CONTEXT_CONFLICT,33,26,source_section|currency_scale|metric_name,MERGE,"source_section is the statement's own printed title, which A left blank on every row; currency_scale is the printed `$`; the value keeps its printed currency symbol.; Source review: p5: Net change in unrealized gain on investments (28,572) (The printed label identifies a statement item, not an institution; retain the accounting scope without an entity ID.)",RESOLVED,A+B+ADJUDICATOR,c6ea06465f1920417d13440de26a3aefe9611278bbfc337b5e3d6f32647895a8
537f3d9aaee0fc1af2c0,SRC034,5,PAIR_D5B5D433860E60AF88AF4A94,B_ONLY,,27,,MERGE,"source_section is the statement's own printed title, which A left blank on every row; currency_scale is the printed `$`; the value keeps its printed currency symbol; one-sided row confirmed printed on page 5 from the page image.; Source review: p5: Net increase in partners' capital resulting from operations 2,374,016 (The printed label identifies a statement item, not an institution; retain the accounting scope without an entity ID.)",RESOLVED,B+ADJUDICATOR,c6ea06465f1920417d13440de26a3aefe9611278bbfc337b5e3d6f32647895a8
5cd901466e6570ee3b83,SRC034,5,PAIR_B069A470CBED1CC31A42CE42,CONTEXT_CONFLICT,34,28,source_section|currency_scale|metric_name,MERGE,"source_section is the statement's own printed title, which A left blank on every row; currency_scale is the printed `$`; the value keeps its printed currency symbol.; Source review: p5: Net investment income 1,808,592 (The printed label identifies a statement item, not an institution; retain the accounting scope without an entity ID.)",RESOLVED,A+B+ADJUDICATOR,c6ea06465f1920417d13440de26a3aefe9611278bbfc337b5e3d6f32647895a8
58546dac5fd08865b406,SRC034,5,PAIR_C8B6834855EDB9511801F6FF,CONTEXT_CONFLICT,35,29,source_section|currency_scale|metric_name,MERGE,"source_section is the statement's own printed title, which A left blank on every row; currency_scale is the printed `$`; the value keeps its printed currency symbol.; Source review: p5: Net realized gain on investments 593,996 (The printed label identifies a statement item, not an institution; retain the accounting scope without an entity ID.)",RESOLVED,A+B+ADJUDICATOR,c6ea06465f1920417d13440de26a3aefe9611278bbfc337b5e3d6f32647895a8
6e351361d8cd44a22bc7,SRC034,5,PAIR_5D83194BAF7A4E0F5398CB37,A_ONLY,36,,,MERGE,"source_section is the statement's own printed title, which A left blank on every row; currency_scale is the printed `$`; the value keeps its printed currency symbol; one-sided row confirmed printed on page 5 from the page image.; Source review: p5: Other expenses 149.146 (The printed label identifies a statement item, not an institution; retain the accounting scope without an entity ID.)",RESOLVED,A+ADJUDICATOR,c6ea06465f1920417d13440de26a3aefe9611278bbfc337b5e3d6f32647895a8
09036287a5948fa3246e,SRC034,5,PAIR_DA98FB351DC7E0AABBC08520,A_ONLY,37,,,MERGE,"source_section is the statement's own printed title, which A left blank on every row; currency_scale is the printed `$`; the value keeps its printed currency symbol; one-sided row confirmed printed on page 5 from the page image.; Source review: p5: Professional fees 296,825 (The printed label identifies a statement item, not an institution; retain the accounting scope without an entity ID.)",RESOLVED,A+ADJUDICATOR,c6ea06465f1920417d13440de26a3aefe9611278bbfc337b5e3d6f32647895a8
54ade3cd6af4444a1d62,SRC034,5,,ADJUDICATOR_ADD,,,,ADD,"Printed on page 5 and in a controlled category (`fund_expense`), extracted by neither lane. Read off page-005.png.; Source review: p5: Total expenses 2,875,794 Net investment income (The printed label identifies a statement item, not an institution; retain the accounting scope without an entity ID.)",ADDED,ADJUDICATOR,c6ea06465f1920417d13440de26a3aefe9611278bbfc337b5e3d6f32647895a8
c7142269bf4d74577b67,SRC034,6,PAIR_B67A5C7D53E90E332630C733,CLASSIFICATION_CONFLICT,38,31,source_section|subject_type|subject_name|currency_scale,MERGE,"source_section is the statement's own printed title, which A left blank on every row; currency_scale is the printed `$`; the value keeps its printed currency symbol.; Source review: p6: Distributions (193,990) (94,018) (288,008) (The printed label identifies a statement item, not an institution; retain the accounting scope without an entity ID.)",RESOLVED,A+B+ADJUDICATOR,c6ea06465f1920417d13440de26a3aefe9611278bbfc337b5e3d6f32647895a8
620ee1feae4c0905c1bb,SRC034,6,PAIR_8A913A373FB5572A38C6CF51,CLASSIFICATION_CONFLICT,39,32,source_section|subject_type|subject_name|currency_scale,MERGE,"source_section is the statement's own printed title, which A left blank on every row; currency_scale is the printed `$`; the value keeps its printed currency symbol.; Source review: p6: Distributions (193,990) (94,018) (288,008) (The printed label identifies a statement item, not an institution; retain the accounting scope without an entity ID.)",RESOLVED,A+B+ADJUDICATOR,c6ea06465f1920417d13440de26a3aefe9611278bbfc337b5e3d6f32647895a8
800b43e2fc7cad1737f4,SRC034,6,PAIR_672BF078DCD3B9A9BF43970A,CLASSIFICATION_CONFLICT,40,33,source_section|subject_name|currency_scale,MERGE,"source_section is the statement's own printed title, which A left blank on every row; currency_scale is the printed `$`; the value keeps its printed currency symbol.; Source review: p6: Distributions (193,990) (94,018) (288,008) (The printed label identifies a statement item, not an institution; retain the accounting scope without an entity ID.)",RESOLVED,A+B+ADJUDICATOR,c6ea06465f1920417d13440de26a3aefe9611278bbfc337b5e3d6f32647895a8
5245edb4fd785c9ec75f,SRC034,6,PAIR_BEF3B8A61B5B9DC9D47EF21E,CLASSIFICATION_CONFLICT,41,34,source_section|subject_type|subject_name|currency_scale|evidence_quote,MERGE,"source_section is the statement's own printed title, which A left blank on every row; currency_scale is the printed `$`; the value keeps its printed currency symbol.; Source review: p6: Net change in unrealized gain (1,701) (26,871) on investnents (28,5T2) (The printed label identifies a statement item, not an institution; retain the accounting scope without an entity ID.)",RESOLVED,A+B+ADJUDICATOR,c6ea06465f1920417d13440de26a3aefe9611278bbfc337b5e3d6f32647895a8
74ae07fc4d536407d884,SRC034,6,PAIR_75BC05CB9EF526622DCA6137,CLASSIFICATION_CONFLICT,42,35,source_section|subject_type|subject_name|currency_scale|evidence_quote,MERGE,"source_section is the statement's own printed title, which A left blank on every row; currency_scale is the printed `$`; the value keeps its printed currency symbol.; Source review: p6: Net change in unrealized gain (1,701) (26,871) on investnents (28,5T2) (The printed label identifies a statement item, not an institution; retain the accounting scope without an entity ID.)",RESOLVED,A+B+ADJUDICATOR,c6ea06465f1920417d13440de26a3aefe9611278bbfc337b5e3d6f32647895a8
8012ae22d848ed1c9563,SRC034,6,PAIR_B8E0BB8E2CC2BEF3F00CA635,CLASSIFICATION_CONFLICT,43,36,source_section|subject_name|currency_scale|evidence_quote,MERGE,"source_section is the statement's own printed title, which A left blank on every row; currency_scale is the printed `$`; the value keeps its printed currency symbol.; Source review: p6: Net change in unrealized gain (1,701) (26,871) on investnents (28,5T2) (The printed label identifies a statement item, not an institution; retain the accounting scope without an entity ID.)",RESOLVED,A+B+ADJUDICATOR,c6ea06465f1920417d13440de26a3aefe9611278bbfc337b5e3d6f32647895a8
88e8c4874bc572bbab0d,SRC034,6,PAIR_8290CC9938A8E126534A6659,B_ONLY,,37,,MERGE,"source_section is the statement's own printed title, which A left blank on every row; currency_scale is the printed `$`; the value keeps its printed currency symbol; one-sided row confirmed printed on page 6 from the page image.; Source review: p6: Net increase in partners' capital 317,644 2,056,372 resulting from operations 2,374,016 (The printed label identifies a statement item, not an institution; retain the accounting scope without an entity ID.)",RESOLVED,B+ADJUDICATOR,c6ea06465f1920417d13440de26a3aefe9611278bbfc337b5e3d6f32647895a8
81c2b1496aaf49bd4b96,SRC034,6,PAIR_EF9A2E1F3F57784957B3D28B,B_ONLY,,38,,MERGE,"source_section is the statement's own printed title, which A left blank on every row; currency_scale is the printed `$`; the value keeps its printed currency symbol; one-sided row confirmed printed on page 6 from the page image.; Source review: p6: Net increase in partners' capital 317,644 2,056,372 resulting from operations 2,374,016 (The printed label identifies a statement item, not an institution; retain the accounting scope without an entity ID.)",RESOLVED,B+ADJUDICATOR,c6ea06465f1920417d13440de26a3aefe9611278bbfc337b5e3d6f32647895a8
5f5ea3623a92321732a1,SRC034,6,PAIR_66CA86D8484EEBE4532302B5,B_ONLY,,39,,MERGE,"source_section is the statement's own printed title, which A left blank on every row; currency_scale is the printed `$`; the value keeps its printed currency symbol; one-sided row confirmed printed on page 6 from the page image.; Source review: p6: Net increase in partners' capital 317,644 2,056,372 resulting from operations 2,374,016 (The printed label identifies a statement item, not an institution; retain the accounting scope without an entity ID.)",RESOLVED,B+ADJUDICATOR,c6ea06465f1920417d13440de26a3aefe9611278bbfc337b5e3d6f32647895a8
5fde11d4836f01ad77ab,SRC034,6,PAIR_AEF0F79FE335C6B5432CF68E,CLASSIFICATION_CONFLICT,44,40,source_section|subject_type|subject_name|currency_scale|evidence_quote,MERGE,"source_section is the statement's own printed title, which A left blank on every row; currency_scale is the printed `$`; the value keeps its printed currency symbol.; Source review: p6: Net investment income 283,991 1,524,60 1 1,808,592 (The printed label identifies a statement item, not an institution; retain the accounting scope without an entity ID.)",RESOLVED,A+B+ADJUDICATOR,c6ea06465f1920417d13440de26a3aefe9611278bbfc337b5e3d6f32647895a8
43c13efe7386c91e9cd3,SRC034,6,PAIR_624233DB9F5D7E81F1197E2C,CLASSIFICATION_CONFLICT,45,41,source_section|subject_type|subject_name|currency_scale|evidence_quote,MERGE,"source_section is the statement's own printed title, which A left blank on every row; currency_scale is the printed `$`; the value keeps its printed currency symbol.; Source review: p6: Net investment income 283,991 1,524,60 1 1,808,592 (The printed label identifies a statement item, not an institution; retain the accounting scope without an entity ID.)",RESOLVED,A+B+ADJUDICATOR,c6ea06465f1920417d13440de26a3aefe9611278bbfc337b5e3d6f32647895a8
47d600c6a637663a9320,SRC034,6,PAIR_989748D649895F76140FC421,CLASSIFICATION_CONFLICT,46,42,source_section|subject_name|currency_scale|evidence_quote,MERGE,"source_section is the statement's own printed title, which A left blank on every row; currency_scale is the printed `$`; the value keeps its printed currency symbol.; Source review: p6: Net investment income 283,991 1,524,60 1 1,808,592 (The printed label identifies a statement item, not an institution; retain the accounting scope without an entity ID.)",RESOLVED,A+B+ADJUDICATOR,c6ea06465f1920417d13440de26a3aefe9611278bbfc337b5e3d6f32647895a8
acc9d3f4be46dfb68b52,SRC034,6,PAIR_3A3D688E45EB6151509792BE,CLASSIFICATION_CONFLICT,47,43,source_section|subject_type|subject_name|currency_scale,MERGE,"source_section is the statement's own printed title, which A left blank on every row; currency_scale is the printed `$`; the value keeps its printed currency symbol.; Source review: p6: Net realized gain on investments 35,354 558,642 593,996 (The printed label identifies a statement item, not an institution; retain the accounting scope without an entity ID.)",RESOLVED,A+B+ADJUDICATOR,c6ea06465f1920417d13440de26a3aefe9611278bbfc337b5e3d6f32647895a8
b9cf404817f39b4ae5da,SRC034,6,PAIR_AA0D805D5065A867E1695D0F,CLASSIFICATION_CONFLICT,48,44,source_section|subject_type|subject_name|currency_scale,MERGE,"source_section is the statement's own printed title, which A left blank on every row; currency_scale is the printed `$`; the value keeps its printed currency symbol.; Source review: p6: Net realized gain on investments 35,354 558,642 593,996 (The printed label identifies a statement item, not an institution; retain the accounting scope without an entity ID.)",RESOLVED,A+B+ADJUDICATOR,c6ea06465f1920417d13440de26a3aefe9611278bbfc337b5e3d6f32647895a8
31c3a81789cc3ee3b2cd,SRC034,6,PAIR_7999FD576BFFAC9187E33FC0,CLASSIFICATION_CONFLICT,49,45,source_section|subject_name|currency_scale,MERGE,"source_section is the statement's own printed title, which A left blank on every row; currency_scale is the printed `$`; the value keeps its printed currency symbol.; Source review: p6: Net realized gain on investments 35,354 558,642 593,996 (The printed label identifies a statement item, not an institution; retain the accounting scope without an entity ID.)",RESOLVED,A+B+ADJUDICATOR,c6ea06465f1920417d13440de26a3aefe9611278bbfc337b5e3d6f32647895a8
b8a96d43fe4c85b0a3cd,SRC034,6,PAIR_560E7B679A54B660640A8382,CLASSIFICATION_CONFLICT,50,46,source_section|subject_type|subject_name|period_end|as_of_date|currency_scale,MERGE,"source_section is the statement's own printed title, which A left blank on every row; currency_scale is the printed `$`; the value keeps its printed currency symbol.; Source review: p6: Combined Statement of Changes in Partners' Capital (The amount is a statement-line balance under the printed column.) | p6: Combined Statement of Changes in Partners' Capital (Printed heading or definition supporting the source-reviewed qualifier.) | p6: Partners' capital, January 1, 2018 $ 25,972,056 $ 410,339,092 $ 436,311,148 (The printed label identifies a statement item, not an institution; retain the accounting scope without an entity ID.) | p6: Combined Statement of Changes in Partners' Capital (Supersedes SR1649: the printed entity or table label is context, not a measurement basis; source labels retain its scope.)",RESOLVED,A+B+ADJUDICATOR,c6ea06465f1920417d13440de26a3aefe9611278bbfc337b5e3d6f32647895a8
f3392991a48147917a27,SRC034,6,PAIR_400F511F24092875DB1A87FB,CLASSIFICATION_CONFLICT,51,47,source_section|subject_type|subject_name|period_end|as_of_date|currency_scale,MERGE,"source_section is the statement's own printed title, which A left blank on every row; currency_scale is the printed `$`; the value keeps its printed currency symbol.; Source review: p6: Combined Statement of Changes in Partners' Capital (The amount is a statement-line balance under the printed column.) | p6: Combined Statement of Changes in Partners' Capital (Printed heading or definition supporting the source-reviewed qualifier.) | p6: Partners' capital, January 1, 2018 $ 25,972,056 $ 410,339,092 $ 436,311,148 (The printed label identifies a statement item, not an institution; retain the accounting scope without an entity ID.) | p6: Combined Statement of Changes in Partners' Capital (Supersedes SR1650: the printed entity or table label is context, not a measurement basis; source labels retain its scope.)",RESOLVED,A+B+ADJUDICATOR,c6ea06465f1920417d13440de26a3aefe9611278bbfc337b5e3d6f32647895a8
3d4c783c8c88de72f5a2,SRC034,6,PAIR_A5E50C851A6B6A0248243A24,CLASSIFICATION_CONFLICT,52,48,source_section|subject_name|period_end|as_of_date|currency_scale,MERGE,"source_section is the statement's own printed title, which A left blank on every row; currency_scale is the printed `$`; the value keeps its printed currency symbol.; Source review: p6: Combined Statement of Changes in Partners' Capital (The amount is a statement-line balance under the printed column.) | p6: Combined Statement of Changes in Partners' Capital (Printed heading or definition supporting the source-reviewed qualifier.) | p6: Partners' capital, January 1, 2018 $ 25,972,056 $ 410,339,092 $ 436,311,148 (The printed label identifies a statement item, not an institution; retain the accounting scope without an entity ID.) | p6: Combined Statement of Changes in Partners' Capital (Supersedes SR1651: the printed entity or table label is context, not a measurement basis; source labels retain its scope.)",RESOLVED,A+B+ADJUDICATOR,c6ea06465f1920417d13440de26a3aefe9611278bbfc337b5e3d6f32647895a8
9ead277dd408fae6e2f8,SRC034,6,PAIR_F560137DDB42C45743134AA8,CLASSIFICATION_CONFLICT,53,49,source_section|subject_type|subject_name|period_end|as_of_date|currency_scale,MERGE,"source_section is the statement's own printed title, which A left blank on every row; currency_scale is the printed `$`; the value keeps its printed currency symbol.; Source review: p6: Combined Statement of Changes in Partners' Capital (The amount is a statement-line balance under the printed column.) | p6: Combined Statement of Changes in Partners' Capital (Printed heading or definition supporting the source-reviewed qualifier.) | p6: Partners' capital, March 31, 2018 $26,095,710 $ 412,301,446 $ 438,397,156 (The printed label identifies a statement item, not an institution; retain the accounting scope without an entity ID.) | p6: Combined Statement of Changes in Partners' Capital (Supersedes SR1652: the printed entity or table label is context, not a measurement basis; source labels retain its scope.)",RESOLVED,A+B+ADJUDICATOR,c6ea06465f1920417d13440de26a3aefe9611278bbfc337b5e3d6f32647895a8
155f57f037611d7c453a,SRC034,6,PAIR_582AA3826C07A1048B025463,CLASSIFICATION_CONFLICT,54,50,source_section|subject_type|subject_name|period_end|as_of_date|currency_scale,MERGE,"source_section is the statement's own printed title, which A left blank on every row; currency_scale is the printed `$`; the value keeps its printed currency symbol.; Source review: p6: Combined Statement of Changes in Partners' Capital (The amount is a statement-line balance under the printed column.) | p6: Combined Statement of Changes in Partners' Capital (Printed heading or definition supporting the source-reviewed qualifier.) | p6: Partners' capital, March 31, 2018 $26,095,710 $ 412,301,446 $ 438,397,156 (The printed label identifies a statement item, not an institution; retain the accounting scope without an entity ID.) | p6: Combined Statement of Changes in Partners' Capital (Supersedes SR1653: the printed entity or table label is context, not a measurement basis; source labels retain its scope.)",RESOLVED,A+B+ADJUDICATOR,c6ea06465f1920417d13440de26a3aefe9611278bbfc337b5e3d6f32647895a8
6275d07e250aaa801bcb,SRC034,6,PAIR_6F555D8DC39F79FDDED47BC0,CLASSIFICATION_CONFLICT,55,51,source_section|subject_name|period_end|as_of_date|currency_scale,MERGE,"source_section is the statement's own printed title, which A left blank on every row; currency_scale is the printed `$`; the value keeps its printed currency symbol.; Source review: p6: Combined Statement of Changes in Partners' Capital (The amount is a statement-line balance under the printed column.) | p6: Combined Statement of Changes in Partners' Capital (Printed heading or definition supporting the source-reviewed qualifier.) | p6: Partners' capital, March 31, 2018 $26,095,710 $ 412,301,446 $ 438,397,156 (The printed label identifies a statement item, not an institution; retain the accounting scope without an entity ID.) | p6: Combined Statement of Changes in Partners' Capital (Supersedes SR1654: the printed entity or table label is context, not a measurement basis; source labels retain its scope.)",RESOLVED,A+B+ADJUDICATOR,c6ea06465f1920417d13440de26a3aefe9611278bbfc337b5e3d6f32647895a8
f40a67e16e1d019db714,SRC034,7,PAIR_57021D02CC9F481C39AFE41A,B_ONLY,,52,,MERGE,"source_section is the statement's own printed title, which A left blank on every row; currency_scale is the printed `$`; the value keeps its printed currency symbol; one-sided row confirmed printed on page 7 from the page image.; Source review: p7: Cash and cash eguivalents: Beginning of year 18,725,350 End of year $13,307,614 (The printed label identifies a statement item, not an institution; retain the accounting scope without an entity ID.)",RESOLVED,B+ADJUDICATOR,c6ea06465f1920417d13440de26a3aefe9611278bbfc337b5e3d6f32647895a8
9db143d2e590dbe4ef91,SRC034,7,PAIR_8631C8C5924C8CA331EB844E,VALUE_CONFLICT,57,53,source_section|currency_scale|metric_name|metric_value_raw,MERGE,"source_section is the statement's own printed title, which A left blank on every row; currency_scale is the printed `$`; the value keeps its printed currency symbol.; Source review: p7: Cash paid for interest 37,352 (The printed label identifies a statement item, not an institution; retain the accounting scope without an entity ID.)",RESOLVED,A+B+ADJUDICATOR,c6ea06465f1920417d13440de26a3aefe9611278bbfc337b5e3d6f32647895a8
52b9fba8afc60405841b,SRC034,7,PAIR_86BFDA0A18450FBEABBB8F32,B_ONLY,,54,,MERGE,"source_section is the statement's own printed title, which A left blank on every row; currency_scale is the printed `$`; the value keeps its printed currency symbol; one-sided row confirmed printed on page 7 from the page image.; Source review: p7: Distributions (288,008) (The printed label identifies a statement item, not an institution; retain the accounting scope without an entity ID.)",RESOLVED,B+ADJUDICATOR,c6ea06465f1920417d13440de26a3aefe9611278bbfc337b5e3d6f32647895a8
10fb92306da7329606da,SRC034,7,PAIR_885FC81A95D5DF574F32CBC1,B_ONLY,,55,,MERGE,"source_section is the statement's own printed title, which A left blank on every row; currency_scale is the printed `$`; the value keeps its printed currency symbol; one-sided row confirmed printed on page 7 from the page image.; Source review: p7: Cash and cash eguivalents: Beginning of year 18,725,350 End of year $13,307,614 (The printed label identifies a statement item, not an institution; retain the accounting scope without an entity ID.)",RESOLVED,B+ADJUDICATOR,c6ea06465f1920417d13440de26a3aefe9611278bbfc337b5e3d6f32647895a8
47545b6b13728b5439df,SRC034,7,PAIR_1B87DB5074AA54CEC5F9CCDE,B_ONLY,,58,,MERGE,"source_section is the statement's own printed title, which A left blank on every row; currency_scale is the printed `$`; the value keeps its printed currency symbol; one-sided row confirmed printed on page 7 from the page image.; Source review: p7: Net change in unrealized gain on investments 28,572 (The printed label identifies a statement item, not an institution; retain the accounting scope without an entity ID.)",RESOLVED,B+ADJUDICATOR,c6ea06465f1920417d13440de26a3aefe9611278bbfc337b5e3d6f32647895a8
6bad646f3fa2b9dd02e3,SRC034,7,PAIR_AEB5ED35525ECC89FC9B3499,B_ONLY,,60,,MERGE,"source_section is the statement's own printed title, which A left blank on every row; currency_scale is the printed `$`; the value keeps its printed currency symbol; one-sided row confirmed printed on page 7 from the page image.; Source review: p7: 2,374,016 (The printed label identifies a statement item, not an institution; retain the accounting scope without an entity ID.)",RESOLVED,B+ADJUDICATOR,c6ea06465f1920417d13440de26a3aefe9611278bbfc337b5e3d6f32647895a8
b88caed026747d465509,SRC034,7,PAIR_399D9885819E40053851F01B,B_ONLY,,61,,MERGE,"source_section is the statement's own printed title, which A left blank on every row; currency_scale is the printed `$`; the value keeps its printed currency symbol; one-sided row confirmed printed on page 7 from the page image.; Source review: p7: Net realized gain on investments (593,996) (The printed label identifies a statement item, not an institution; retain the accounting scope without an entity ID.)",RESOLVED,B+ADJUDICATOR,c6ea06465f1920417d13440de26a3aefe9611278bbfc337b5e3d6f32647895a8
e487c2a368231f246c6f,SRC034,9,PAIR_3130133615306152ADFD2180,B_ONLY,,64,,MERGE,"source_section is the statement's own printed title, which A left blank on every row; currency_scale is the printed `$`; the value keeps its printed currency symbol; one-sided row confirmed printed on page 9 from the page image.",RESOLVED,B+ADJUDICATOR,c6ea06465f1920417d13440de26a3aefe9611278bbfc337b5e3d6f32647895a8
20e80b1d4b741274e560,SRC034,9,PAIR_E2A6E61336EDB19F2614D050,CLASSIFICATION_CONFLICT,58,65,source_section|subject_type|period_end|as_of_date|currency_scale|metric_name|evidence_quote,MERGE,"source_section is the statement's own printed title, which A left blank on every row; currency_scale is the printed `$`; the value keeps its printed currency symbol.",RESOLVED,A+B+ADJUDICATOR,c6ea06465f1920417d13440de26a3aefe9611278bbfc337b5e3d6f32647895a8
3e9328b01a71555bc861,SRC034,9,PAIR_1CB58DBC5F07685E17CEA992,CLASSIFICATION_CONFLICT,59,66,source_section|subject_type|period_end|as_of_date|currency_scale|metric_name|evidence_quote,MERGE,"source_section is the statement's own printed title, which A left blank on every row; currency_scale is the printed `$`; the value keeps its printed currency symbol.",RESOLVED,A+B+ADJUDICATOR,c6ea06465f1920417d13440de26a3aefe9611278bbfc337b5e3d6f32647895a8
7f5d707cd0644571644a,SRC034,9,PAIR_C50AB1E6965C1D3663546CEF,B_ONLY,,67,,MERGE,"source_section is the statement's own printed title, which A left blank on every row; currency_scale is the printed `$`; the value keeps its printed currency symbol; one-sided row confirmed printed on page 9 from the page image.",RESOLVED,B+ADJUDICATOR,c6ea06465f1920417d13440de26a3aefe9611278bbfc337b5e3d6f32647895a8
a7e502e4b6023672bea4,SRC034,9,PAIR_7FA3589E187D6F6ED635C45B,CLASSIFICATION_CONFLICT,60,68,source_section|subject_type|period_end|as_of_date|currency_scale|metric_name|evidence_quote,MERGE,"source_section is the statement's own printed title, which A left blank on every row; currency_scale is the printed `$`; the value keeps its printed currency symbol.",RESOLVED,A+B+ADJUDICATOR,c6ea06465f1920417d13440de26a3aefe9611278bbfc337b5e3d6f32647895a8
9801197bff3d22e63848,SRC034,9,PAIR_7741CFB6893EDB4FEC5C6A22,CLASSIFICATION_CONFLICT,61,69,source_section|subject_type|period_end|as_of_date|currency_scale|metric_name|evidence_quote,MERGE,"source_section is the statement's own printed title, which A left blank on every row; currency_scale is the printed `$`; the value keeps its printed currency symbol.",RESOLVED,A+B+ADJUDICATOR,c6ea06465f1920417d13440de26a3aefe9611278bbfc337b5e3d6f32647895a8
5a53ff6122aa8b268dc0,SRC034,9,PAIR_CEDD7D5EF2DFD72E244E28C0,B_ONLY,,70,,MERGE,"source_section is the statement's own printed title, which A left blank on every row; currency_scale is the printed `$`; the value keeps its printed currency symbol; one-sided row confirmed printed on page 9 from the page image.; Source review: p9: Combining Statement of Assets, Liabilities, and Partners' Capital (The amount is a statement-line balance under the printed column.) | p9: Combining Statement of Assets, Liabilities, and Partners' Capital (Printed heading or definition supporting the source-reviewed qualifier.) | p9: Combining Statement of Assets, Liabilities, and Partners' Capital (Supersedes SR1655: the printed entity or table label is context, not a measurement basis; source labels retain its scope.)",RESOLVED,B+ADJUDICATOR,c6ea06465f1920417d13440de26a3aefe9611278bbfc337b5e3d6f32647895a8
05ddf4de143c3c3a8ea5,SRC034,9,PAIR_CCC376A6EEFD730C202FC2AD,CLASSIFICATION_CONFLICT,62,71,source_section|subject_type|period_end|as_of_date|currency_scale|metric_name|evidence_quote,MERGE,"source_section is the statement's own printed title, which A left blank on every row; currency_scale is the printed `$`; the value keeps its printed currency symbol.; Source review: p9: Combining Statement of Assets, Liabilities, and Partners' Capital (The amount is a statement-line balance under the printed column.) | p9: Combining Statement of Assets, Liabilities, and Partners' Capital (Printed heading or definition supporting the source-reviewed qualifier.) | p9: Combining Statement of Assets, Liabilities, and Partners' Capital (Supersedes SR1656: the printed entity or table label is context, not a measurement basis; source labels retain its scope.)",RESOLVED,A+B+ADJUDICATOR,c6ea06465f1920417d13440de26a3aefe9611278bbfc337b5e3d6f32647895a8
a267efd8363d0d99f9a8,SRC034,9,PAIR_0BDB75ECE837CC75CED52742,CLASSIFICATION_CONFLICT,63,72,source_section|subject_type|period_end|as_of_date|currency_scale|metric_name|evidence_quote,MERGE,"source_section is the statement's own printed title, which A left blank on every row; currency_scale is the printed `$`; the value keeps its printed currency symbol.; Source review: p9: Combining Statement of Assets, Liabilities, and Partners' Capital (The amount is a statement-line balance under the printed column.) | p9: Combining Statement of Assets, Liabilities, and Partners' Capital (Printed heading or definition supporting the source-reviewed qualifier.) | p9: Combining Statement of Assets, Liabilities, and Partners' Capital (Supersedes SR1657: the printed entity or table label is context, not a measurement basis; source labels retain its scope.)",RESOLVED,A+B+ADJUDICATOR,c6ea06465f1920417d13440de26a3aefe9611278bbfc337b5e3d6f32647895a8
3b63b436bd004376f101,SRC034,9,PAIR_01E6F05CEDB85E2B7DEC479B,B_ONLY,,73,,MERGE,"source_section is the statement's own printed title, which A left blank on every row; currency_scale is the printed `$`; the value keeps its printed currency symbol; one-sided row confirmed printed on page 9 from the page image.",RESOLVED,B+ADJUDICATOR,c6ea06465f1920417d13440de26a3aefe9611278bbfc337b5e3d6f32647895a8
49f211786df548dbd222,SRC034,9,PAIR_88942591E70BDEF386417744,CLASSIFICATION_CONFLICT,64,74,source_section|subject_type|period_end|as_of_date|currency_scale|metric_name|evidence_quote,MERGE,"source_section is the statement's own printed title, which A left blank on every row; currency_scale is the printed `$`; the value keeps its printed currency symbol.",RESOLVED,A+B+ADJUDICATOR,c6ea06465f1920417d13440de26a3aefe9611278bbfc337b5e3d6f32647895a8
af56c93174d1c78f01a9,SRC034,9,PAIR_FDB0934D58D48BCF62B1501E,CLASSIFICATION_CONFLICT,65,75,source_section|subject_type|period_end|as_of_date|currency_scale|metric_name|evidence_quote,MERGE,"source_section is the statement's own printed title, which A left blank on every row; currency_scale is the printed `$`; the value keeps its printed currency symbol.",RESOLVED,A+B+ADJUDICATOR,c6ea06465f1920417d13440de26a3aefe9611278bbfc337b5e3d6f32647895a8
6fa35d064a7a2c4630fd,SRC034,9,PAIR_D96EC6DCA1DB838862DEF23F,B_ONLY,,76,,MERGE,"source_section is the statement's own printed title, which A left blank on every row; currency_scale is the printed `$`; the value keeps its printed currency symbol; one-sided row confirmed printed on page 9 from the page image.; Source review: p9: 438,924,905 (The printed label identifies a statement item, not an institution; retain the accounting scope without an entity ID.)",RESOLVED,B+ADJUDICATOR,c6ea06465f1920417d13440de26a3aefe9611278bbfc337b5e3d6f32647895a8
689c2be4127a20e88ec4,SRC034,9,PAIR_9CA3CFB630B01F71FC3CDB2E,B_ONLY,,77,,MERGE,"source_section is the statement's own printed title, which A left blank on every row; currency_scale is the printed `$`; the value keeps its printed currency symbol; one-sided row confirmed printed on page 9 from the page image.; Source review: p9: (386,208) (The printed label identifies a statement item, not an institution; retain the accounting scope without an entity ID.)",RESOLVED,B+ADJUDICATOR,c6ea06465f1920417d13440de26a3aefe9611278bbfc337b5e3d6f32647895a8
c185313a3dc7be6c7493,SRC034,9,PAIR_7A32156FE6816D137B3ACDF5,CONTEXT_CONFLICT,66,78,source_section|period_end|as_of_date|currency_scale|metric_name|evidence_quote,MERGE,"source_section is the statement's own printed title, which A left blank on every row; currency_scale is the printed `$`; the value keeps its printed currency symbol.; Source review: p9: $ 129,295,407 Total assets (386,208) $ 310,015,706 (The printed label identifies a statement item, not an institution; retain the accounting scope without an entity ID.)",RESOLVED,A+B+ADJUDICATOR,c6ea06465f1920417d13440de26a3aefe9611278bbfc337b5e3d6f32647895a8
8b400c5eba27deccfe92,SRC034,9,PAIR_390FD4F31EBC643E5FAE5534,CONTEXT_CONFLICT,67,79,source_section|period_end|as_of_date|currency_scale|metric_name|evidence_quote,MERGE,"source_section is the statement's own printed title, which A left blank on every row; currency_scale is the printed `$`; the value keeps its printed currency symbol.; Source review: p9: $ 129,295,407 Total assets (386,208) $ 310,015,706 (The printed label identifies a statement item, not an institution; retain the accounting scope without an entity ID.)",RESOLVED,A+B+ADJUDICATOR,c6ea06465f1920417d13440de26a3aefe9611278bbfc337b5e3d6f32647895a8
aa74178ee2779be307af,SRC034,9,PAIR_9B30A6C43AA22ECE715429EF,B_ONLY,,80,,MERGE,"source_section is the statement's own printed title, which A left blank on every row; currency_scale is the printed `$`; the value keeps its printed currency symbol; one-sided row confirmed printed on page 9 from the page image.; Source review: p9: 527,749 (The printed label identifies a statement item, not an institution; retain the accounting scope without an entity ID.)",RESOLVED,B+ADJUDICATOR,c6ea06465f1920417d13440de26a3aefe9611278bbfc337b5e3d6f32647895a8
5086915f5487c0317e3e,SRC034,9,PAIR_9144D651F43B860BB9065613,B_ONLY,,81,,MERGE,"source_section is the statement's own printed title, which A left blank on every row; currency_scale is the printed `$`; the value keeps its printed currency symbol; one-sided row confirmed printed on page 9 from the page image.; Source review: p9: (386,208) (The printed label identifies a statement item, not an institution; retain the accounting scope without an entity ID.)",RESOLVED,B+ADJUDICATOR,c6ea06465f1920417d13440de26a3aefe9611278bbfc337b5e3d6f32647895a8
7a96307c1073f942d363,SRC034,9,PAIR_FC8C6A5A44D5D5892C6975E8,CONTEXT_CONFLICT,68,82,source_section|period_end|as_of_date|currency_scale|metric_name|evidence_quote,MERGE,"source_section is the statement's own printed title, which A left blank on every row; currency_scale is the printed `$`; the value keeps its printed currency symbol.; Source review: p9: 385,066 (386,208) 528,891 Total liabilities (The printed label identifies a statement item, not an institution; retain the accounting scope without an entity ID.)",RESOLVED,A+B+ADJUDICATOR,c6ea06465f1920417d13440de26a3aefe9611278bbfc337b5e3d6f32647895a8
fe42773aa7e171613ac7,SRC034,9,PAIR_10A1E74161E224B8BD4FCD3D,CONTEXT_CONFLICT,69,83,source_section|period_end|as_of_date|currency_scale|metric_name|evidence_quote,MERGE,"source_section is the statement's own printed title, which A left blank on every row; currency_scale is the printed `$`; the value keeps its printed currency symbol.; Source review: p9: 385,066 (386,208) 528,891 Total liabilities (The printed label identifies a statement item, not an institution; retain the accounting scope without an entity ID.)",RESOLVED,A+B+ADJUDICATOR,c6ea06465f1920417d13440de26a3aefe9611278bbfc337b5e3d6f32647895a8
ee6eb8bae0d545597b00,SRC034,9,PAIR_A244DE35213006CFB3623DDB,B_ONLY,,84,,MERGE,"source_section is the statement's own printed title, which A left blank on every row; currency_scale is the printed `$`; the value keeps its printed currency symbol; one-sided row confirmed printed on page 9 from the page image.; Source review: p9: 438,397,156 (The printed label identifies a statement item, not an institution; retain the accounting scope without an entity ID.)",RESOLVED,B+ADJUDICATOR,c6ea06465f1920417d13440de26a3aefe9611278bbfc337b5e3d6f32647895a8
0a171f36292066f6f266,SRC034,9,PAIR_44D87BD59A32BFE3A0BA2EE4,CONTEXT_CONFLICT,70,85,source_section|period_end|as_of_date|currency_scale|metric_name|evidence_quote,MERGE,"source_section is the statement's own printed title, which A left blank on every row; currency_scale is the printed `$`; the value keeps its printed currency symbol.; Source review: p9: 291,201,670 121,099,776 412,301,446 309,630,640 Total partners' capital (The printed label identifies a statement item, not an institution; retain the accounting scope without an entity ID.)",RESOLVED,A+B+ADJUDICATOR,c6ea06465f1920417d13440de26a3aefe9611278bbfc337b5e3d6f32647895a8
b8f6440bd5695d96f304,SRC034,9,PAIR_8156F8419B7513FC4E56ACD2,CONTEXT_CONFLICT,71,86,source_section|period_end|as_of_date|currency_scale|metric_name|evidence_quote,MERGE,"source_section is the statement's own printed title, which A left blank on every row; currency_scale is the printed `$`; the value keeps its printed currency symbol.; Source review: p9: Total partners' capital 128,766,516 (The printed label identifies a statement item, not an institution; retain the accounting scope without an entity ID.)",RESOLVED,A+B+ADJUDICATOR,c6ea06465f1920417d13440de26a3aefe9611278bbfc337b5e3d6f32647895a8
154450ebc092e7004c28,SRC034,10,PAIR_F047C88E0AF286AC58001612,B_ONLY,,87,,MERGE,"source_section is the statement's own printed title, which A left blank on every row; currency_scale is the printed `$`; the value keeps its printed currency symbol; one-sided row confirmed printed on page 10 from the page image.; Source review: p10: 55,260 (The printed label identifies a statement item, not an institution; retain the accounting scope without an entity ID.)",RESOLVED,B+ADJUDICATOR,c6ea06465f1920417d13440de26a3aefe9611278bbfc337b5e3d6f32647895a8
c632592eb2ec101c8601,SRC034,10,PAIR_32943C509201389A0BAB3108,CONTEXT_CONFLICT,72,88,source_section|currency_scale|metric_name|evidence_quote,MERGE,"source_section is the statement's own printed title, which A left blank on every row; currency_scale is the printed `$`; the value keeps its printed currency symbol.; Source review: p10: 16,235 39,025 Interest expense (The printed label identifies a statement item, not an institution; retain the accounting scope without an entity ID.)",RESOLVED,A+B+ADJUDICATOR,c6ea06465f1920417d13440de26a3aefe9611278bbfc337b5e3d6f32647895a8
2fdf1b964a4ef74faf0b,SRC034,10,PAIR_8918221D70E115F732547648,CONTEXT_CONFLICT,73,89,source_section|currency_scale|metric_name|evidence_quote,MERGE,"source_section is the statement's own printed title, which A left blank on every row; currency_scale is the printed `$`; the value keeps its printed currency symbol.; Source review: p10: 16,235 39,025 Interest expense (The printed label identifies a statement item, not an institution; retain the accounting scope without an entity ID.)",RESOLVED,A+B+ADJUDICATOR,c6ea06465f1920417d13440de26a3aefe9611278bbfc337b5e3d6f32647895a8
58f02eacf945c5a1505a,SRC034,10,PAIR_9F24F38EC6DB5C1C709319BD,B_ONLY,,93,,MERGE,"source_section is the statement's own printed title, which A left blank on every row; currency_scale is the printed `$`; the value keeps its printed currency symbol; one-sided row confirmed printed on page 10 from the page image.; Source review: p10: 2,374,563 (The printed label identifies a statement item, not an institution; retain the accounting scope without an entity ID.)",RESOLVED,B+ADJUDICATOR,c6ea06465f1920417d13440de26a3aefe9611278bbfc337b5e3d6f32647895a8
c65565356b451db87c6b,SRC034,10,PAIR_BE9B021929C12F336B0493DC,CONTEXT_CONFLICT,74,94,source_section|currency_scale|metric_name|evidence_quote,MERGE,"source_section is the statement's own printed title, which A left blank on every row; currency_scale is the printed `$`; the value keeps its printed currency symbol.; Source review: p10: 1,649,387 725,176 Management fees (The printed label identifies a statement item, not an institution; retain the accounting scope without an entity ID.)",RESOLVED,A+B+ADJUDICATOR,c6ea06465f1920417d13440de26a3aefe9611278bbfc337b5e3d6f32647895a8
cc856c61860e70180c5c,SRC034,10,PAIR_2916042A27BBD5F67565338D,CONTEXT_CONFLICT,75,95,source_section|currency_scale|metric_name|evidence_quote,MERGE,"source_section is the statement's own printed title, which A left blank on every row; currency_scale is the printed `$`; the value keeps its printed currency symbol.; Source review: p10: 1,649,387 725,176 Management fees (The printed label identifies a statement item, not an institution; retain the accounting scope without an entity ID.)",RESOLVED,A+B+ADJUDICATOR,c6ea06465f1920417d13440de26a3aefe9611278bbfc337b5e3d6f32647895a8
9620cf19d3dfbe65587c,SRC034,10,PAIR_464B8B004F9EB6D548FF76A2,B_ONLY,,96,,MERGE,"source_section is the statement's own printed title, which A left blank on every row; currency_scale is the printed `$`; the value keeps its printed currency symbol; one-sided row confirmed printed on page 10 from the page image.; Source review: p10: (28,572) (The printed label identifies a statement item, not an institution; retain the accounting scope without an entity ID.)",RESOLVED,B+ADJUDICATOR,c6ea06465f1920417d13440de26a3aefe9611278bbfc337b5e3d6f32647895a8
e6a61442e2efe7568b4a,SRC034,10,PAIR_072F47900C052DD4707C673B,CONTEXT_CONFLICT,76,97,source_section|currency_scale|metric_name|evidence_quote,MERGE,"source_section is the statement's own printed title, which A left blank on every row; currency_scale is the printed `$`; the value keeps its printed currency symbol.; Source review: p10: (20,178) (8,394) Net change in unrealized gain on invest ments (The printed label identifies a statement item, not an institution; retain the accounting scope without an entity ID.)",RESOLVED,A+B+ADJUDICATOR,c6ea06465f1920417d13440de26a3aefe9611278bbfc337b5e3d6f32647895a8
40e6e2a5cf149c675f11,SRC034,10,PAIR_36B46CA1EFCD661446147B34,CONTEXT_CONFLICT,77,98,source_section|currency_scale|metric_name|evidence_quote,MERGE,"source_section is the statement's own printed title, which A left blank on every row; currency_scale is the printed `$`; the value keeps its printed currency symbol.; Source review: p10: (20,178) (8,394) Net change in unrealized gain on invest ments (The printed label identifies a statement item, not an institution; retain the accounting scope without an entity ID.)",RESOLVED,A+B+ADJUDICATOR,c6ea06465f1920417d13440de26a3aefe9611278bbfc337b5e3d6f32647895a8
d61e1ccf431a48288c87,SRC034,10,PAIR_8D86DBD9230E122163E32B91,B_ONLY,,99,,MERGE,"source_section is the statement's own printed title, which A left blank on every row; currency_scale is the printed `$`; the value keeps its printed currency symbol; one-sided row confirmed printed on page 10 from the page image.; Source review: p10: 2,374.016 (The printed label identifies a statement item, not an institution; retain the accounting scope without an entity ID.)",RESOLVED,B+ADJUDICATOR,c6ea06465f1920417d13440de26a3aefe9611278bbfc337b5e3d6f32647895a8
d018e0e7d7cd9865b685,SRC034,10,PAIR_066EDF5895C9231210458A26,B_ONLY,,100,,MERGE,"source_section is the statement's own printed title, which A left blank on every row; currency_scale is the printed `$`; the value keeps its printed currency symbol; one-sided row confirmed printed on page 10 from the page image.; Source review: p10: 1,704,087 (The printed label identifies a statement item, not an institution; retain the accounting scope without an entity ID.)",RESOLVED,B+ADJUDICATOR,c6ea06465f1920417d13440de26a3aefe9611278bbfc337b5e3d6f32647895a8
37af1cd01fae37e645c4,SRC034,10,PAIR_6B415D8FA4675A35A6452E49,B_ONLY,,101,,MERGE,"source_section is the statement's own printed title, which A left blank on every row; currency_scale is the printed `$`; the value keeps its printed currency symbol; one-sided row confirmed printed on page 10 from the page image.; Source review: p10: 669,929 (The printed label identifies a statement item, not an institution; retain the accounting scope without an entity ID.)",RESOLVED,B+ADJUDICATOR,c6ea06465f1920417d13440de26a3aefe9611278bbfc337b5e3d6f32647895a8
a2715438bf4708f35df0,SRC034,10,PAIR_AE6627602771E4CD5B1D787E,B_ONLY,,102,,MERGE,"source_section is the statement's own printed title, which A left blank on every row; currency_scale is the printed `$`; the value keeps its printed currency symbol; one-sided row confirmed printed on page 10 from the page image.; Source review: p10: 1,808.592 (The printed label identifies a statement item, not an institution; retain the accounting scope without an entity ID.)",RESOLVED,B+ADJUDICATOR,c6ea06465f1920417d13440de26a3aefe9611278bbfc337b5e3d6f32647895a8
8574302e639fcbc23610,SRC034,10,PAIR_532D24A75C2CB0741DBAC2C2,CONTEXT_CONFLICT,78,103,source_section|currency_scale|metric_name|evidence_quote,MERGE,"source_section is the statement's own printed title, which A left blank on every row; currency_scale is the printed `$`; the value keeps its printed currency symbol.; Source review: p10: 503,811 1,304.781 1,808.592 (The printed label identifies a statement item, not an institution; retain the accounting scope without an entity ID.)",RESOLVED,A+B+ADJUDICATOR,c6ea06465f1920417d13440de26a3aefe9611278bbfc337b5e3d6f32647895a8
428bf6f070e49984edfc,SRC034,10,PAIR_6F84CD63DCF699D54483F566,CONTEXT_CONFLICT,79,104,source_section|currency_scale|metric_name|evidence_quote,MERGE,"source_section is the statement's own printed title, which A left blank on every row; currency_scale is the printed `$`; the value keeps its printed currency symbol.; Source review: p10: 503,811 1,304.781 1,808.592 (The printed label identifies a statement item, not an institution; retain the accounting scope without an entity ID.)",RESOLVED,A+B+ADJUDICATOR,c6ea06465f1920417d13440de26a3aefe9611278bbfc337b5e3d6f32647895a8
6638bd6ccecc99d66014,SRC034,10,PAIR_1E5A2581557CB10E0392D1C7,B_ONLY,,105,,MERGE,"source_section is the statement's own printed title, which A left blank on every row; currency_scale is the printed `$`; the value keeps its printed currency symbol; one-sided row confirmed printed on page 10 from the page image.; Source review: p10: 593,996 (The printed label identifies a statement item, not an institution; retain the accounting scope without an entity ID.)",RESOLVED,B+ADJUDICATOR,c6ea06465f1920417d13440de26a3aefe9611278bbfc337b5e3d6f32647895a8
dc4b6b4dffc7b0d7a905,SRC034,10,PAIR_4ABA0CC4E5BD2D6CC9F64C0C,CONTEXT_CONFLICT,80,106,source_section|currency_scale|metric_name|evidence_quote,MERGE,"source_section is the statement's own printed title, which A left blank on every row; currency_scale is the printed `$`; the value keeps its printed currency symbol.; Source review: p10: 419,484 174,512 Net realized gain on investments (The printed label identifies a statement item, not an institution; retain the accounting scope without an entity ID.)",RESOLVED,A+B+ADJUDICATOR,c6ea06465f1920417d13440de26a3aefe9611278bbfc337b5e3d6f32647895a8
c515f84dc974c1ef4415,SRC034,10,PAIR_DEDF8F61865E4AF9D43D6E5B,CONTEXT_CONFLICT,81,107,source_section|currency_scale|metric_name|evidence_quote,MERGE,"source_section is the statement's own printed title, which A left blank on every row; currency_scale is the printed `$`; the value keeps its printed currency symbol.; Source review: p10: 419,484 174,512 Net realized gain on investments (The printed label identifies a statement item, not an institution; retain the accounting scope without an entity ID.)",RESOLVED,A+B+ADJUDICATOR,c6ea06465f1920417d13440de26a3aefe9611278bbfc337b5e3d6f32647895a8
d949fdb1f9ac82f7a988,SRC034,10,,ADJUDICATOR_ADD,,,,ADD,"Printed on page 10 and in a controlled category (`fund_expense`), extracted by neither lane. Read off page-010.png.; Source review: p10: 43,818 105,328 Other expenses 149,146 (The printed label identifies a statement item, not an institution; retain the accounting scope without an entity ID.)",ADDED,ADJUDICATOR,c6ea06465f1920417d13440de26a3aefe9611278bbfc337b5e3d6f32647895a8
f41dfebc7c93a34e77cb,SRC034,10,PAIR_531AD823F2B16600730A1669,A_ONLY,82,,,MERGE,"source_section is the statement's own printed title, which A left blank on every row; currency_scale is the printed `$`; the value keeps its printed currency symbol; one-sided row confirmed printed on page 10 from the page image.; Source review: p10: 43,818 105,328 Other expenses (The printed label identifies a statement item, not an institution; retain the accounting scope without an entity ID.)",RESOLVED,A+ADJUDICATOR,c6ea06465f1920417d13440de26a3aefe9611278bbfc337b5e3d6f32647895a8
12d2836eabb1d39e4c8b,SRC034,10,PAIR_28417405D7F0F940E525615F,A_ONLY,83,,,MERGE,"source_section is the statement's own printed title, which A left blank on every row; currency_scale is the printed `$`; the value keeps its printed currency symbol; one-sided row confirmed printed on page 10 from the page image.; Source review: p10: 43,818 105,328 Other expenses (The printed label identifies a statement item, not an institution; retain the accounting scope without an entity ID.)",RESOLVED,A+ADJUDICATOR,c6ea06465f1920417d13440de26a3aefe9611278bbfc337b5e3d6f32647895a8
77a5f6feaadd84f7ca2f,SRC034,10,,ADJUDICATOR_ADD,,,,ADD,"Printed on page 10 and in a controlled category (`fund_expense`), extracted by neither lane. Read off page-010.png.; Source review: p10: 87,205 209,620 Professional fees 296,825 (The printed label identifies a statement item, not an institution; retain the accounting scope without an entity ID.)",ADDED,ADJUDICATOR,c6ea06465f1920417d13440de26a3aefe9611278bbfc337b5e3d6f32647895a8
67a9842f5c94ae4424dc,SRC034,10,PAIR_3E8897BC64427B96FF7EACE7,A_ONLY,84,,,MERGE,"source_section is the statement's own printed title, which A left blank on every row; currency_scale is the printed `$`; the value keeps its printed currency symbol; one-sided row confirmed printed on page 10 from the page image.; Source review: p10: 87,205 209,620 Professional fees (The printed label identifies a statement item, not an institution; retain the accounting scope without an entity ID.)",RESOLVED,A+ADJUDICATOR,c6ea06465f1920417d13440de26a3aefe9611278bbfc337b5e3d6f32647895a8
32d3285611b3770e8641,SRC034,10,PAIR_AF202768E7EA59E5433AA9F1,A_ONLY,85,,,MERGE,"source_section is the statement's own printed title, which A left blank on every row; currency_scale is the printed `$`; the value keeps its printed currency symbol; one-sided row confirmed printed on page 10 from the page image.; Source review: p10: 87,205 209,620 Professional fees (The printed label identifies a statement item, not an institution; retain the accounting scope without an entity ID.)",RESOLVED,A+ADJUDICATOR,c6ea06465f1920417d13440de26a3aefe9611278bbfc337b5e3d6f32647895a8
72db752de49eb4a00d34,SRC034,10,,ADJUDICATOR_ADD,,,,ADD,"Printed on page 10 and in a controlled category (`fund_expense`), extracted by neither lane. Read off page-010.png.; Source review: p10: Total expenses 2,003,360 872,434 2,875,794 (The printed label identifies a statement item, not an institution; retain the accounting scope without an entity ID.)",ADDED,ADJUDICATOR,c6ea06465f1920417d13440de26a3aefe9611278bbfc337b5e3d6f32647895a8
626239c4b603085d9e1d,SRC034,10,,ADJUDICATOR_ADD,,,,ADD,"Printed on page 10 and in a controlled category (`fund_expense`), extracted by neither lane. Read off page-010.png.; Source review: p10: Total expenses 2,003,360 872,434 2,875,794 (The printed label identifies a statement item, not an institution; retain the accounting scope without an entity ID.)",ADDED,ADJUDICATOR,c6ea06465f1920417d13440de26a3aefe9611278bbfc337b5e3d6f32647895a8
74cea7c8218fbce16a7f,SRC034,10,,ADJUDICATOR_ADD,,,,ADD,"Printed on page 10 and in a controlled category (`fund_expense`), extracted by neither lane. Read off page-010.png.; Source review: p10: Total expenses 2,003,360 872,434 2,875,794 (The printed label identifies a statement item, not an institution; retain the accounting scope without an entity ID.)",ADDED,ADJUDICATOR,c6ea06465f1920417d13440de26a3aefe9611278bbfc337b5e3d6f32647895a8
71cfc32ce2db49aa02fe,SRC034,11,PAIR_16B42549378FFB7BA3654A44,CONTEXT_CONFLICT,88,111,source_section|source_table|period_end|as_of_date|currency_scale|metric_name|evidence_quote,MERGE,"source_section is the statement's own printed title, which A left blank on every row; currency_scale is the printed `$`; the value keeps its printed currency symbol; source_section is the page heading `Investor Contributions and Distributions`; B used the box title, which belongs in source_table.",RESOLVED,A+B+ADJUDICATOR,c6ea06465f1920417d13440de26a3aefe9611278bbfc337b5e3d6f32647895a8
61b027d3fa3c74ae1fbe,SRC034,11,PAIR_A07C1BFF5851B6004D00F1A3,CONTEXT_CONFLICT,86,113,source_section|period_end|as_of_date|currency_scale|metric_name,MERGE,"source_section is the statement's own printed title, which A left blank on every row; currency_scale is the printed `$`; the value keeps its printed currency symbol; source_section is the page heading `Investor Contributions and Distributions`; B used the box title, which belongs in source_table.",RESOLVED,A+B+ADJUDICATOR,c6ea06465f1920417d13440de26a3aefe9611278bbfc337b5e3d6f32647895a8
807bcf57fc8c88e17a8c,SRC034,11,PAIR_ED3BEFA4E938C31BF1A83653,CLASSIFICATION_CONFLICT,87,115,source_section|period_end|as_of_date|currency_scale|metric_category|metric_name|evidence_quote,MERGE,"source_section is the statement's own printed title, which A left blank on every row; currency_scale is the printed `$`; the value keeps its printed currency symbol; source_section is the page heading `Investor Contributions and Distributions`; B used the box title, which belongs in source_table.",RESOLVED,A+B+ADJUDICATOR,c6ea06465f1920417d13440de26a3aefe9611278bbfc337b5e3d6f32647895a8
0461235d79de5422fe8c,SRC034,11,PAIR_00F672647B1021FE92392DD8,CONTEXT_CONFLICT,89,117,source_section|period_end|as_of_date|currency_scale|metric_name|evidence_quote,MERGE,"source_section is the statement's own printed title, which A left blank on every row; currency_scale is the printed `$`; the value keeps its printed currency symbol; source_section is the page heading `Investor Contributions and Distributions`; B used the box title, which belongs in source_table; metric_category `contribution` follows the printed row label.",RESOLVED,A+B+ADJUDICATOR,c6ea06465f1920417d13440de26a3aefe9611278bbfc337b5e3d6f32647895a8
a98faee7d16ad2d858f9,SRC034,11,PAIR_AF2CF858B260304A71B465B2,CONTEXT_CONFLICT,90,121,source_section|period_end|as_of_date|currency_scale|metric_name|evidence_quote,MERGE,"source_section is the statement's own printed title, which A left blank on every row; currency_scale is the printed `$`; the value keeps its printed currency symbol; source_section is the page heading `Investor Contributions and Distributions`; B used the box title, which belongs in source_table.",RESOLVED,A+B+ADJUDICATOR,c6ea06465f1920417d13440de26a3aefe9611278bbfc337b5e3d6f32647895a8
d3e8657f54ee9e67c97a,SRC034,11,PAIR_203395569765A40E6FC5C804,CLASSIFICATION_CONFLICT,91,122,source_section|period_end|as_of_date|currency_scale|metric_category|evidence_quote,MERGE,"source_section is the statement's own printed title, which A left blank on every row; currency_scale is the printed `$`; the value keeps its printed currency symbol; source_section is the page heading `Investor Contributions and Distributions`; B used the box title, which belongs in source_table; metric_category `contribution` follows the printed row label.",RESOLVED,A+B+ADJUDICATOR,c6ea06465f1920417d13440de26a3aefe9611278bbfc337b5e3d6f32647895a8
04bb7973b08b6d9edaa4,SRC034,11,PAIR_4C8D41ED1005825DD15A5CC9,CLASSIFICATION_CONFLICT,92,123,source_section|period_end|as_of_date|currency_scale|metric_category|evidence_quote,MERGE,"source_section is the statement's own printed title, which A left blank on every row; currency_scale is the printed `$`; the value keeps its printed currency symbol; source_section is the page heading `Investor Contributions and Distributions`; B used the box title, which belongs in source_table; metric_category `contribution` follows the printed row label.",RESOLVED,A+B+ADJUDICATOR,c6ea06465f1920417d13440de26a3aefe9611278bbfc337b5e3d6f32647895a8
25c03601db67d1c4b2c7,SRC034,11,PAIR_D0B71E0C45EA0F482DA6A27D,CLASSIFICATION_CONFLICT,93,124,source_section|period_end|as_of_date|currency_scale|metric_category|evidence_quote,MERGE,"source_section is the statement's own printed title, which A left blank on every row; currency_scale is the printed `$`; the value keeps its printed currency symbol; source_section is the page heading `Investor Contributions and Distributions`; B used the box title, which belongs in source_table; metric_category `contribution` follows the printed row label.",RESOLVED,A+B+ADJUDICATOR,c6ea06465f1920417d13440de26a3aefe9611278bbfc337b5e3d6f32647895a8
e4474fe43c6241e12c06,SRC034,11,PAIR_048FA81D03043B673543929A,CLASSIFICATION_CONFLICT,94,125,source_section|period_end|as_of_date|currency_scale|metric_category|evidence_quote,MERGE,"source_section is the statement's own printed title, which A left blank on every row; currency_scale is the printed `$`; the value keeps its printed currency symbol; source_section is the page heading `Investor Contributions and Distributions`; B used the box title, which belongs in source_table; metric_category `contribution` follows the printed row label.",RESOLVED,A+B+ADJUDICATOR,c6ea06465f1920417d13440de26a3aefe9611278bbfc337b5e3d6f32647895a8
6bac5c517dafed504c3d,SRC034,11,PAIR_FF962C2F814CFE698EFD165F,CLASSIFICATION_CONFLICT,95,126,source_section|period_end|as_of_date|currency_scale|metric_category|evidence_quote,MERGE,"source_section is the statement's own printed title, which A left blank on every row; currency_scale is the printed `$`; the value keeps its printed currency symbol; source_section is the page heading `Investor Contributions and Distributions`; B used the box title, which belongs in source_table; metric_category `contribution` follows the printed row label.",RESOLVED,A+B+ADJUDICATOR,c6ea06465f1920417d13440de26a3aefe9611278bbfc337b5e3d6f32647895a8
9e87b2fe242d959f4feb,SRC034,11,PAIR_AD3AF45A23090AF02E89DF1F,CLASSIFICATION_CONFLICT,96,127,source_section|period_end|as_of_date|currency_scale|metric_category|evidence_quote,MERGE,"source_section is the statement's own printed title, which A left blank on every row; currency_scale is the printed `$`; the value keeps its printed currency symbol; source_section is the page heading `Investor Contributions and Distributions`; B used the box title, which belongs in source_table; metric_category `contribution` follows the printed row label.",RESOLVED,A+B+ADJUDICATOR,c6ea06465f1920417d13440de26a3aefe9611278bbfc337b5e3d6f32647895a8
ddc7f9e9a8dadb3f210d,SRC034,11,PAIR_07BC85C6C2FA14B8BE519D7D,CLASSIFICATION_CONFLICT,97,128,source_section|period_end|as_of_date|currency_scale|metric_category|evidence_quote,MERGE,"source_section is the statement's own printed title, which A left blank on every row; currency_scale is the printed `$`; the value keeps its printed currency symbol; source_section is the page heading `Investor Contributions and Distributions`; B used the box title, which belongs in source_table; metric_category `contribution` follows the printed row label.",RESOLVED,A+B+ADJUDICATOR,c6ea06465f1920417d13440de26a3aefe9611278bbfc337b5e3d6f32647895a8
e607b674c95c5c697cb0,SRC034,11,PAIR_D534281AD453C0CA45C3DD27,CLASSIFICATION_CONFLICT,98,129,source_section|period_end|as_of_date|currency_scale|metric_category|evidence_quote,MERGE,"source_section is the statement's own printed title, which A left blank on every row; currency_scale is the printed `$`; the value keeps its printed currency symbol; source_section is the page heading `Investor Contributions and Distributions`; B used the box title, which belongs in source_table; metric_category `contribution` follows the printed row label.",RESOLVED,A+B+ADJUDICATOR,c6ea06465f1920417d13440de26a3aefe9611278bbfc337b5e3d6f32647895a8
e1e2bab95f5776a802bf,SRC034,11,PAIR_6C03F510B9B903259961642C,CLASSIFICATION_CONFLICT,99,130,source_section|period_end|as_of_date|currency_scale|metric_category|evidence_quote,MERGE,"source_section is the statement's own printed title, which A left blank on every row; currency_scale is the printed `$`; the value keeps its printed currency symbol; source_section is the page heading `Investor Contributions and Distributions`; B used the box title, which belongs in source_table; metric_category `contribution` follows the printed row label.",RESOLVED,A+B+ADJUDICATOR,c6ea06465f1920417d13440de26a3aefe9611278bbfc337b5e3d6f32647895a8
af7d39a70ee231b651b3,SRC034,11,PAIR_E91A48FD558F24002093654A,CLASSIFICATION_CONFLICT,100,131,source_section|period_end|as_of_date|currency_scale|metric_category|evidence_quote,MERGE,"source_section is the statement's own printed title, which A left blank on every row; currency_scale is the printed `$`; the value keeps its printed currency symbol; source_section is the page heading `Investor Contributions and Distributions`; B used the box title, which belongs in source_table; metric_category `contribution` follows the printed row label.",RESOLVED,A+B+ADJUDICATOR,c6ea06465f1920417d13440de26a3aefe9611278bbfc337b5e3d6f32647895a8
6de39960abd203247da6,SRC034,11,PAIR_816C7BDC9F660AEBE8AC77FD,CLASSIFICATION_CONFLICT,101,132,source_section|period_end|as_of_date|currency_scale|metric_category|evidence_quote,MERGE,"source_section is the statement's own printed title, which A left blank on every row; currency_scale is the printed `$`; the value keeps its printed currency symbol; source_section is the page heading `Investor Contributions and Distributions`; B used the box title, which belongs in source_table; metric_category `contribution` follows the printed row label.",RESOLVED,A+B+ADJUDICATOR,c6ea06465f1920417d13440de26a3aefe9611278bbfc337b5e3d6f32647895a8
b0f94b6fecd9db45c0c1,SRC034,11,PAIR_EFB3FF406217CE09B0044D02,CLASSIFICATION_CONFLICT,102,133,source_section|period_end|as_of_date|currency_scale|metric_category|evidence_quote,MERGE,"source_section is the statement's own printed title, which A left blank on every row; currency_scale is the printed `$`; the value keeps its printed currency symbol; source_section is the page heading `Investor Contributions and Distributions`; B used the box title, which belongs in source_table; metric_category `contribution` follows the printed row label.",RESOLVED,A+B+ADJUDICATOR,c6ea06465f1920417d13440de26a3aefe9611278bbfc337b5e3d6f32647895a8
31fcb5573cfe67882ac7,SRC034,11,PAIR_1EB374E66571E3F27D836876,CONTEXT_CONFLICT,103,135,source_section|period_end|as_of_date|currency_scale|metric_name,MERGE,"source_section is the statement's own printed title, which A left blank on every row; currency_scale is the printed `$`; the value keeps its printed currency symbol; source_section is the page heading `Investor Contributions and Distributions`; B used the box title, which belongs in source_table.",RESOLVED,A+B+ADJUDICATOR,c6ea06465f1920417d13440de26a3aefe9611278bbfc337b5e3d6f32647895a8
695a51f6b3b19555eaf6,SRC034,11,PAIR_2964D2F8D5FEA2C57954F66B,B_ONLY,,136,,MERGE,"source_section is the statement's own printed title, which A left blank on every row; currency_scale is the printed `$`; the value keeps its printed currency symbol; source_section is the page heading `Investor Contributions and Distributions`; B used the box title, which belongs in source_table; one-sided row confirmed printed on page 11 from the page image.",RESOLVED,B+ADJUDICATOR,c6ea06465f1920417d13440de26a3aefe9611278bbfc337b5e3d6f32647895a8
8c5ce24f7ea7bc16af6d,SRC034,11,PAIR_19C3DCDF0F5E4810E810FD56,A_ONLY,104,,,MERGE,"source_section is the statement's own printed title, which A left blank on every row; currency_scale is the printed `$`; the value keeps its printed currency symbol; source_section is the page heading `Investor Contributions and Distributions`; B used the box title, which belongs in source_table; one-sided row confirmed printed on page 11 from the page image.",RESOLVED,A+ADJUDICATOR,c6ea06465f1920417d13440de26a3aefe9611278bbfc337b5e3d6f32647895a8
b3bddcc2336e5c056271,SRC034,11,PAIR_99B63E1C74B605B06F413471,CONTEXT_CONFLICT,105,139,source_section|period_end|as_of_date|currency_scale|metric_name,MERGE,"source_section is the statement's own printed title, which A left blank on every row; currency_scale is the printed `$`; the value keeps its printed currency symbol; source_section is the page heading `Investor Contributions and Distributions`; B used the box title, which belongs in source_table.",RESOLVED,A+B+ADJUDICATOR,c6ea06465f1920417d13440de26a3aefe9611278bbfc337b5e3d6f32647895a8
601d11581f673327d851,SRC034,11,PAIR_DD3D487A159E8FF23E1E545C,B_ONLY,,140,,MERGE,"source_section is the statement's own printed title, which A left blank on every row; currency_scale is the printed `$`; the value keeps its printed currency symbol; source_section is the page heading `Investor Contributions and Distributions`; B used the box title, which belongs in source_table; one-sided row confirmed printed on page 11 from the page image.",RESOLVED,B+ADJUDICATOR,c6ea06465f1920417d13440de26a3aefe9611278bbfc337b5e3d6f32647895a8
5b5b0d92574d784b86f5,SRC034,11,PAIR_28A84398950724AD75A94F3E,VALUE_CONFLICT,106,142,source_section|period_end|as_of_date|currency_scale|metric_category|metric_name|metric_value_raw,MERGE,"source_section is the statement's own printed title, which A left blank on every row; currency_scale is the printed `$`; the value keeps its printed currency symbol; source_section is the page heading `Investor Contributions and Distributions`; B used the box title, which belongs in source_table.",RESOLVED,A+B+ADJUDICATOR,c6ea06465f1920417d13440de26a3aefe9611278bbfc337b5e3d6f32647895a8
28512f2e3b0d6e0a03c6,SRC034,11,PAIR_662682585751A6A6BBAA7B98,CONTEXT_CONFLICT,107,143,source_section|period_end|as_of_date|currency_scale|metric_name,MERGE,"source_section is the statement's own printed title, which A left blank on every row; currency_scale is the printed `$`; the value keeps its printed currency symbol; source_section is the page heading `Investor Contributions and Distributions`; B used the box title, which belongs in source_table.",RESOLVED,A+B+ADJUDICATOR,c6ea06465f1920417d13440de26a3aefe9611278bbfc337b5e3d6f32647895a8
9be13916023e07106d80,SRC034,11,PAIR_9D47D98605DA475FFA54BCBA,VALUE_CONFLICT,108,144,source_section|period_end|as_of_date|currency_scale|metric_value_raw|evidence_quote,MERGE,"source_section is the statement's own printed title, which A left blank on every row; currency_scale is the printed `$`; the value keeps its printed currency symbol; source_section is the page heading `Investor Contributions and Distributions`; B used the box title, which belongs in source_table.",RESOLVED,A+B+ADJUDICATOR,c6ea06465f1920417d13440de26a3aefe9611278bbfc337b5e3d6f32647895a8
3994cde455a9d68a3eba,SRC034,11,PAIR_B1D8A6BE5992EBAFDC1485EC,VALUE_CONFLICT,109,145,source_section|period_end|as_of_date|currency_scale|metric_value_raw|evidence_quote,MERGE,"source_section is the statement's own printed title, which A left blank on every row; currency_scale is the printed `$`; the value keeps its printed currency symbol; source_section is the page heading `Investor Contributions and Distributions`; B used the box title, which belongs in source_table.",RESOLVED,A+B+ADJUDICATOR,c6ea06465f1920417d13440de26a3aefe9611278bbfc337b5e3d6f32647895a8
0021938f17c5c0061237,SRC034,11,PAIR_979C6A04C8051FE99731D09F,VALUE_CONFLICT,110,146,source_section|period_end|as_of_date|currency_scale|metric_value_raw|evidence_quote,MERGE,"source_section is the statement's own printed title, which A left blank on every row; currency_scale is the printed `$`; the value keeps its printed currency symbol; source_section is the page heading `Investor Contributions and Distributions`; B used the box title, which belongs in source_table.",RESOLVED,A+B+ADJUDICATOR,c6ea06465f1920417d13440de26a3aefe9611278bbfc337b5e3d6f32647895a8
0fbd1d651f5a20ee0731,SRC034,11,PAIR_529DE8FA2756810A7D17B2F6,VALUE_CONFLICT,111,147,source_section|period_end|as_of_date|currency_scale|metric_value_raw|evidence_quote,MERGE,"source_section is the statement's own printed title, which A left blank on every row; currency_scale is the printed `$`; the value keeps its printed currency symbol; source_section is the page heading `Investor Contributions and Distributions`; B used the box title, which belongs in source_table.",RESOLVED,A+B+ADJUDICATOR,c6ea06465f1920417d13440de26a3aefe9611278bbfc337b5e3d6f32647895a8
853ad1e4689ac4313dee,SRC034,11,PAIR_312BCD64A2E1C8EB50F3690F,VALUE_CONFLICT,112,148,source_section|period_end|as_of_date|currency_scale|metric_value_raw|evidence_quote,MERGE,"source_section is the statement's own printed title, which A left blank on every row; currency_scale is the printed `$`; the value keeps its printed currency symbol; source_section is the page heading `Investor Contributions and Distributions`; B used the box title, which belongs in source_table.",RESOLVED,A+B+ADJUDICATOR,c6ea06465f1920417d13440de26a3aefe9611278bbfc337b5e3d6f32647895a8
ed2da5a162ffcae3f312,SRC034,11,PAIR_351407C72CDCEF5A91445813,VALUE_CONFLICT,113,149,source_section|period_end|as_of_date|currency_scale|metric_value_raw|evidence_quote,MERGE,"source_section is the statement's own printed title, which A left blank on every row; currency_scale is the printed `$`; the value keeps its printed currency symbol; source_section is the page heading `Investor Contributions and Distributions`; B used the box title, which belongs in source_table.",RESOLVED,A+B+ADJUDICATOR,c6ea06465f1920417d13440de26a3aefe9611278bbfc337b5e3d6f32647895a8
2666db0c98b1a27d5171,SRC034,11,PAIR_CB8E13A979A0C818948129CF,VALUE_CONFLICT,114,150,source_section|period_end|as_of_date|currency_scale|metric_value_raw|evidence_quote,MERGE,"source_section is the statement's own printed title, which A left blank on every row; currency_scale is the printed `$`; the value keeps its printed currency symbol; source_section is the page heading `Investor Contributions and Distributions`; B used the box title, which belongs in source_table.",RESOLVED,A+B+ADJUDICATOR,c6ea06465f1920417d13440de26a3aefe9611278bbfc337b5e3d6f32647895a8
b93e5c422b371d1edbcb,SRC034,11,PAIR_ABDB52D92714E6FA32CC82AB,VALUE_CONFLICT,115,151,source_section|period_end|as_of_date|currency_scale|metric_value_raw|evidence_quote,MERGE,"source_section is the statement's own printed title, which A left blank on every row; currency_scale is the printed `$`; the value keeps its printed currency symbol; source_section is the page heading `Investor Contributions and Distributions`; B used the box title, which belongs in source_table.",RESOLVED,A+B+ADJUDICATOR,c6ea06465f1920417d13440de26a3aefe9611278bbfc337b5e3d6f32647895a8
ee1349dc8391584df3b9,SRC034,11,PAIR_A67179A5EF3CAB3634B5507E,VALUE_CONFLICT,116,152,source_section|period_end|as_of_date|currency_scale|metric_value_raw|evidence_quote,MERGE,"source_section is the statement's own printed title, which A left blank on every row; currency_scale is the printed `$`; the value keeps its printed currency symbol; source_section is the page heading `Investor Contributions and Distributions`; B used the box title, which belongs in source_table.",RESOLVED,A+B+ADJUDICATOR,c6ea06465f1920417d13440de26a3aefe9611278bbfc337b5e3d6f32647895a8
d60bfd4046d1f3c69167,SRC034,11,PAIR_0E18497491D21012B69F343E,VALUE_CONFLICT,117,153,source_section|period_end|as_of_date|currency_scale|metric_value_raw|evidence_quote,MERGE,"source_section is the statement's own printed title, which A left blank on every row; currency_scale is the printed `$`; the value keeps its printed currency symbol; source_section is the page heading `Investor Contributions and Distributions`; B used the box title, which belongs in source_table.",RESOLVED,A+B+ADJUDICATOR,c6ea06465f1920417d13440de26a3aefe9611278bbfc337b5e3d6f32647895a8
daf4c84828ee69c187fc,SRC034,11,PAIR_BD01995761755697E488AAA7,VALUE_CONFLICT,118,154,source_section|period_end|as_of_date|currency_scale|metric_value_raw|evidence_quote,MERGE,"source_section is the statement's own printed title, which A left blank on every row; currency_scale is the printed `$`; the value keeps its printed currency symbol; source_section is the page heading `Investor Contributions and Distributions`; B used the box title, which belongs in source_table.",RESOLVED,A+B+ADJUDICATOR,c6ea06465f1920417d13440de26a3aefe9611278bbfc337b5e3d6f32647895a8
1005278b731ce4746e52,SRC034,11,PAIR_93C02AB4095D85F97C0560D7,VALUE_CONFLICT,119,155,source_section|period_end|as_of_date|currency_scale|metric_value_raw|evidence_quote,MERGE,"source_section is the statement's own printed title, which A left blank on every row; currency_scale is the printed `$`; the value keeps its printed currency symbol; source_section is the page heading `Investor Contributions and Distributions`; B used the box title, which belongs in source_table.",RESOLVED,A+B+ADJUDICATOR,c6ea06465f1920417d13440de26a3aefe9611278bbfc337b5e3d6f32647895a8
039b1f9ad5d479fee2f1,SRC034,11,PAIR_A6DB07217E91D64F57E8EA6E,VALUE_CONFLICT,120,156,source_section|period_end|as_of_date|currency_scale|metric_value_raw|evidence_quote,MERGE,"source_section is the statement's own printed title, which A left blank on every row; currency_scale is the printed `$`; the value keeps its printed currency symbol; source_section is the page heading `Investor Contributions and Distributions`; B used the box title, which belongs in source_table.",RESOLVED,A+B+ADJUDICATOR,c6ea06465f1920417d13440de26a3aefe9611278bbfc337b5e3d6f32647895a8
8782518e4671ee43238d,SRC034,11,PAIR_196181E25BC5349D6909B634,VALUE_CONFLICT,121,157,source_section|period_end|as_of_date|currency_scale|metric_value_raw|evidence_quote,MERGE,"source_section is the statement's own printed title, which A left blank on every row; currency_scale is the printed `$`; the value keeps its printed currency symbol; source_section is the page heading `Investor Contributions and Distributions`; B used the box title, which belongs in source_table.",RESOLVED,A+B+ADJUDICATOR,c6ea06465f1920417d13440de26a3aefe9611278bbfc337b5e3d6f32647895a8
f56bef09d0cb828b7153,SRC034,11,PAIR_640491D5159DB587DE27ACD3,VALUE_CONFLICT,122,158,source_section|period_end|as_of_date|currency_scale|metric_value_raw|evidence_quote,MERGE,"source_section is the statement's own printed title, which A left blank on every row; currency_scale is the printed `$`; the value keeps its printed currency symbol; source_section is the page heading `Investor Contributions and Distributions`; B used the box title, which belongs in source_table.",RESOLVED,A+B+ADJUDICATOR,c6ea06465f1920417d13440de26a3aefe9611278bbfc337b5e3d6f32647895a8
49a88ac67f4f3f7eeaab,SRC034,11,PAIR_60ABA3D58938778DA4A09BC9,VALUE_CONFLICT,123,159,source_section|period_end|as_of_date|currency_scale|metric_value_raw|evidence_quote,MERGE,"source_section is the statement's own printed title, which A left blank on every row; currency_scale is the printed `$`; the value keeps its printed currency symbol; source_section is the page heading `Investor Contributions and Distributions`; B used the box title, which belongs in source_table.",RESOLVED,A+B+ADJUDICATOR,c6ea06465f1920417d13440de26a3aefe9611278bbfc337b5e3d6f32647895a8
ebe6217454602b568485,SRC034,11,PAIR_0AAA5BDBEEFC95E27024E8FF,CONTEXT_CONFLICT,124,160,source_section|period_end|as_of_date|currency_scale|evidence_quote,MERGE,"source_section is the statement's own printed title, which A left blank on every row; currency_scale is the printed `$`; the value keeps its printed currency symbol; source_section is the page heading `Investor Contributions and Distributions`; B used the box title, which belongs in source_table.",RESOLVED,A+B+ADJUDICATOR,c6ea06465f1920417d13440de26a3aefe9611278bbfc337b5e3d6f32647895a8
786ac2ec2ea6c24e1261,SRC034,11,PAIR_E720EC05E2CC99A539555394,CONTEXT_CONFLICT,125,161,source_section|period_end|as_of_date|currency_scale|evidence_quote,MERGE,"source_section is the statement's own printed title, which A left blank on every row; currency_scale is the printed `$`; the value keeps its printed currency symbol; source_section is the page heading `Investor Contributions and Distributions`; B used the box title, which belongs in source_table.",RESOLVED,A+B+ADJUDICATOR,c6ea06465f1920417d13440de26a3aefe9611278bbfc337b5e3d6f32647895a8
abe2c068e72a747787e2,SRC034,11,PAIR_9159BAFF3819805730B4E260,CONTEXT_CONFLICT,126,162,source_section|period_end|as_of_date|currency_scale|evidence_quote,MERGE,"source_section is the statement's own printed title, which A left blank on every row; currency_scale is the printed `$`; the value keeps its printed currency symbol; source_section is the page heading `Investor Contributions and Distributions`; B used the box title, which belongs in source_table.",RESOLVED,A+B+ADJUDICATOR,c6ea06465f1920417d13440de26a3aefe9611278bbfc337b5e3d6f32647895a8
c4857582627fa90ee324,SRC034,11,PAIR_7E0B365DAD6C545C7B68D5A3,VALUE_CONFLICT,127,163,source_section|period_end|as_of_date|currency_scale|metric_value_raw|evidence_quote,MERGE,"source_section is the statement's own printed title, which A left blank on every row; currency_scale is the printed `$`; the value keeps its printed currency symbol; source_section is the page heading `Investor Contributions and Distributions`; B used the box title, which belongs in source_table.",RESOLVED,A+B+ADJUDICATOR,c6ea06465f1920417d13440de26a3aefe9611278bbfc337b5e3d6f32647895a8
a17cebeca30ee88c9f59,SRC034,11,PAIR_6E45307087C4C736211EC473,VALUE_CONFLICT,128,164,source_section|period_end|as_of_date|currency_scale|metric_value_raw|evidence_quote,MERGE,"source_section is the statement's own printed title, which A left blank on every row; currency_scale is the printed `$`; the value keeps its printed currency symbol; source_section is the page heading `Investor Contributions and Distributions`; B used the box title, which belongs in source_table.",RESOLVED,A+B+ADJUDICATOR,c6ea06465f1920417d13440de26a3aefe9611278bbfc337b5e3d6f32647895a8
fa21df739a3141a151d2,SRC034,11,PAIR_B2CCC66AE3B3858065FE6AA5,VALUE_CONFLICT,129,165,source_section|period_end|as_of_date|currency_scale|metric_value_raw|evidence_quote,MERGE,"source_section is the statement's own printed title, which A left blank on every row; currency_scale is the printed `$`; the value keeps its printed currency symbol; source_section is the page heading `Investor Contributions and Distributions`; B used the box title, which belongs in source_table.",RESOLVED,A+B+ADJUDICATOR,c6ea06465f1920417d13440de26a3aefe9611278bbfc337b5e3d6f32647895a8
9db9c627919b2e96e6b1,SRC034,11,PAIR_7C9A46E905D6523A06FD8239,VALUE_CONFLICT,130,166,source_section|period_end|as_of_date|currency_scale|metric_value_raw|evidence_quote,MERGE,"source_section is the statement's own printed title, which A left blank on every row; currency_scale is the printed `$`; the value keeps its printed currency symbol; source_section is the page heading `Investor Contributions and Distributions`; B used the box title, which belongs in source_table.",RESOLVED,A+B+ADJUDICATOR,c6ea06465f1920417d13440de26a3aefe9611278bbfc337b5e3d6f32647895a8
44aca77a11c2d9d65601,SRC034,12,PAIR_F66FD807144B6789127FD340,B_ONLY,,167,,MERGE,"source_section is the statement's own printed title, which A left blank on every row; currency_scale is the printed `$`; the value keeps its printed currency symbol; source_section is the page heading `Investor Contributions and Distributions`; B used the box title, which belongs in source_table; one-sided row confirmed printed on page 12 from the page image.",RESOLVED,B+ADJUDICATOR,c6ea06465f1920417d13440de26a3aefe9611278bbfc337b5e3d6f32647895a8
eb7cada421a4a510cd3b,SRC034,12,PAIR_E6852F06EAA1F2F3AFAC5AFF,CLASSIFICATION_CONFLICT,131,168,source_section|period_end|as_of_date|currency_scale|metric_category|evidence_quote,MERGE,"source_section is the statement's own printed title, which A left blank on every row; currency_scale is the printed `$`; the value keeps its printed currency symbol; source_section is the page heading `Investor Contributions and Distributions`; B used the box title, which belongs in source_table; metric_category `contribution` follows the printed row label.",RESOLVED,A+B+ADJUDICATOR,c6ea06465f1920417d13440de26a3aefe9611278bbfc337b5e3d6f32647895a8
c0dfda532f5ad54cc919,SRC034,12,PAIR_0E93F133EDDD153467487DEA,CLASSIFICATION_CONFLICT,132,169,source_section|period_end|as_of_date|currency_scale|metric_category|evidence_quote,MERGE,"source_section is the statement's own printed title, which A left blank on every row; currency_scale is the printed `$`; the value keeps its printed currency symbol; source_section is the page heading `Investor Contributions and Distributions`; B used the box title, which belongs in source_table; metric_category `contribution` follows the printed row label.",RESOLVED,A+B+ADJUDICATOR,c6ea06465f1920417d13440de26a3aefe9611278bbfc337b5e3d6f32647895a8
264b642b7784359eeae6,SRC034,12,PAIR_29C34D79A610008DF9BF4BB6,CLASSIFICATION_CONFLICT,133,170,source_section|period_end|as_of_date|currency_scale|metric_category|evidence_quote,MERGE,"source_section is the statement's own printed title, which A left blank on every row; currency_scale is the printed `$`; the value keeps its printed currency symbol; source_section is the page heading `Investor Contributions and Distributions`; B used the box title, which belongs in source_table; metric_category `contribution` follows the printed row label.",RESOLVED,A+B+ADJUDICATOR,c6ea06465f1920417d13440de26a3aefe9611278bbfc337b5e3d6f32647895a8
15576f5fbf30d3d7eb26,SRC034,12,PAIR_1C2D136EB349887421B93011,CLASSIFICATION_CONFLICT,134,171,source_section|period_end|as_of_date|currency_scale|metric_category|evidence_quote,MERGE,"source_section is the statement's own printed title, which A left blank on every row; currency_scale is the printed `$`; the value keeps its printed currency symbol; source_section is the page heading `Investor Contributions and Distributions`; B used the box title, which belongs in source_table; metric_category `contribution` follows the printed row label.",RESOLVED,A+B+ADJUDICATOR,c6ea06465f1920417d13440de26a3aefe9611278bbfc337b5e3d6f32647895a8
f812b890e63a8f77cb1a,SRC034,12,PAIR_643357FB3AD7519846412037,CLASSIFICATION_CONFLICT,135,172,source_section|period_end|as_of_date|currency_scale|metric_category|evidence_quote,MERGE,"source_section is the statement's own printed title, which A left blank on every row; currency_scale is the printed `$`; the value keeps its printed currency symbol; source_section is the page heading `Investor Contributions and Distributions`; B used the box title, which belongs in source_table; metric_category `contribution` follows the printed row label.",RESOLVED,A+B+ADJUDICATOR,c6ea06465f1920417d13440de26a3aefe9611278bbfc337b5e3d6f32647895a8
809270bac13605e0cf1c,SRC034,12,PAIR_32DAF15DA43DC8C7AC67E666,CLASSIFICATION_CONFLICT,136,173,source_section|period_end|as_of_date|currency_scale|metric_category|evidence_quote,MERGE,"source_section is the statement's own printed title, which A left blank on every row; currency_scale is the printed `$`; the value keeps its printed currency symbol; source_section is the page heading `Investor Contributions and Distributions`; B used the box title, which belongs in source_table; metric_category `contribution` follows the printed row label.",RESOLVED,A+B+ADJUDICATOR,c6ea06465f1920417d13440de26a3aefe9611278bbfc337b5e3d6f32647895a8
16c58f7583457c746dcc,SRC034,12,PAIR_F78DD5A3CD56D82A29854D17,CLASSIFICATION_CONFLICT,137,174,source_section|period_end|as_of_date|currency_scale|metric_category|evidence_quote,MERGE,"source_section is the statement's own printed title, which A left blank on every row; currency_scale is the printed `$`; the value keeps its printed currency symbol; source_section is the page heading `Investor Contributions and Distributions`; B used the box title, which belongs in source_table; metric_category `contribution` follows the printed row label.",RESOLVED,A+B+ADJUDICATOR,c6ea06465f1920417d13440de26a3aefe9611278bbfc337b5e3d6f32647895a8
e09b7a437036beea0018,SRC034,12,PAIR_5DAC3498495DCF5AE86795E0,CLASSIFICATION_CONFLICT,138,175,source_section|period_end|as_of_date|currency_scale|metric_category|evidence_quote,MERGE,"source_section is the statement's own printed title, which A left blank on every row; currency_scale is the printed `$`; the value keeps its printed currency symbol; source_section is the page heading `Investor Contributions and Distributions`; B used the box title, which belongs in source_table; metric_category `contribution` follows the printed row label.",RESOLVED,A+B+ADJUDICATOR,c6ea06465f1920417d13440de26a3aefe9611278bbfc337b5e3d6f32647895a8
f5a1dfa459f0b7c6bae8,SRC034,12,PAIR_C3252F2A7A2C407AC3387E45,CLASSIFICATION_CONFLICT,139,176,source_section|period_end|as_of_date|currency_scale|metric_category|evidence_quote,MERGE,"source_section is the statement's own printed title, which A left blank on every row; currency_scale is the printed `$`; the value keeps its printed currency symbol; source_section is the page heading `Investor Contributions and Distributions`; B used the box title, which belongs in source_table; metric_category `contribution` follows the printed row label.",RESOLVED,A+B+ADJUDICATOR,c6ea06465f1920417d13440de26a3aefe9611278bbfc337b5e3d6f32647895a8
1519d854249238dabdf3,SRC034,12,PAIR_183BD36D3C1990FFC4B6C9C6,CLASSIFICATION_CONFLICT,140,177,source_section|period_end|as_of_date|currency_scale|metric_category|evidence_quote,MERGE,"source_section is the statement's own printed title, which A left blank on every row; currency_scale is the printed `$`; the value keeps its printed currency symbol; source_section is the page heading `Investor Contributions and Distributions`; B used the box title, which belongs in source_table; metric_category `contribution` follows the printed row label.",RESOLVED,A+B+ADJUDICATOR,c6ea06465f1920417d13440de26a3aefe9611278bbfc337b5e3d6f32647895a8
de3faf65a22142250483,SRC034,12,PAIR_39A3D5AAEC062F6038E2E175,CLASSIFICATION_CONFLICT,141,178,source_section|period_end|as_of_date|currency_scale|metric_category|evidence_quote,MERGE,"source_section is the statement's own printed title, which A left blank on every row; currency_scale is the printed `$`; the value keeps its printed currency symbol; source_section is the page heading `Investor Contributions and Distributions`; B used the box title, which belongs in source_table; metric_category `contribution` follows the printed row label.",RESOLVED,A+B+ADJUDICATOR,c6ea06465f1920417d13440de26a3aefe9611278bbfc337b5e3d6f32647895a8
ae32feab9e1115b85927,SRC034,12,PAIR_B147F8B6A20ECB6D4A41D529,CLASSIFICATION_CONFLICT,142,179,source_section|period_end|as_of_date|currency_scale|metric_category|evidence_quote,MERGE,"source_section is the statement's own printed title, which A left blank on every row; currency_scale is the printed `$`; the value keeps its printed currency symbol; source_section is the page heading `Investor Contributions and Distributions`; B used the box title, which belongs in source_table; metric_category `contribution` follows the printed row label.",RESOLVED,A+B+ADJUDICATOR,c6ea06465f1920417d13440de26a3aefe9611278bbfc337b5e3d6f32647895a8
322b32e78bfda4b4d522,SRC034,12,PAIR_B81E50E6088CA4A3B50F549C,CLASSIFICATION_CONFLICT,143,180,source_section|period_end|as_of_date|currency_scale|metric_category|evidence_quote,MERGE,"source_section is the statement's own printed title, which A left blank on every row; currency_scale is the printed `$`; the value keeps its printed currency symbol; source_section is the page heading `Investor Contributions and Distributions`; B used the box title, which belongs in source_table; metric_category `contribution` follows the printed row label.",RESOLVED,A+B+ADJUDICATOR,c6ea06465f1920417d13440de26a3aefe9611278bbfc337b5e3d6f32647895a8
a911d7c9803cbaa1e7eb,SRC034,12,PAIR_40C7AD66564EC32E9B1959E8,VALUE_CONFLICT,144,181,source_section|period_end|as_of_date|currency_scale|metric_value_raw|evidence_quote,MERGE,"source_section is the statement's own printed title, which A left blank on every row; currency_scale is the printed `$`; the value keeps its printed currency symbol; source_section is the page heading `Investor Contributions and Distributions`; B used the box title, which belongs in source_table.",RESOLVED,A+B+ADJUDICATOR,c6ea06465f1920417d13440de26a3aefe9611278bbfc337b5e3d6f32647895a8
3e2a2e3fb26549c8514e,SRC034,12,PAIR_A03D9143859B30A1DCBB822E,VALUE_CONFLICT,145,182,source_section|period_end|as_of_date|currency_scale|metric_value_raw|evidence_quote,MERGE,"source_section is the statement's own printed title, which A left blank on every row; currency_scale is the printed `$`; the value keeps its printed currency symbol; source_section is the page heading `Investor Contributions and Distributions`; B used the box title, which belongs in source_table.",RESOLVED,A+B+ADJUDICATOR,c6ea06465f1920417d13440de26a3aefe9611278bbfc337b5e3d6f32647895a8
5ba257c765cc2b67b0f5,SRC034,12,PAIR_8028218B71E47E201F7FA3DD,VALUE_CONFLICT,146,183,source_section|period_end|as_of_date|currency_scale|metric_value_raw|evidence_quote,MERGE,"source_section is the statement's own printed title, which A left blank on every row; currency_scale is the printed `$`; the value keeps its printed currency symbol; source_section is the page heading `Investor Contributions and Distributions`; B used the box title, which belongs in source_table.",RESOLVED,A+B+ADJUDICATOR,c6ea06465f1920417d13440de26a3aefe9611278bbfc337b5e3d6f32647895a8
41c6060ea18491a3cfaf,SRC034,12,PAIR_4F29251CA45D94E8C40AE749,VALUE_CONFLICT,147,184,source_section|period_end|as_of_date|currency_scale|metric_value_raw|evidence_quote,MERGE,"source_section is the statement's own printed title, which A left blank on every row; currency_scale is the printed `$`; the value keeps its printed currency symbol; source_section is the page heading `Investor Contributions and Distributions`; B used the box title, which belongs in source_table.",RESOLVED,A+B+ADJUDICATOR,c6ea06465f1920417d13440de26a3aefe9611278bbfc337b5e3d6f32647895a8
0a6d00259a34b9a36ea7,SRC034,12,PAIR_57C787D5FD8068F0EFE8C2D1,VALUE_CONFLICT,148,185,source_section|period_end|as_of_date|currency_scale|metric_value_raw|evidence_quote,MERGE,"source_section is the statement's own printed title, which A left blank on every row; currency_scale is the printed `$`; the value keeps its printed currency symbol; source_section is the page heading `Investor Contributions and Distributions`; B used the box title, which belongs in source_table.",RESOLVED,A+B+ADJUDICATOR,c6ea06465f1920417d13440de26a3aefe9611278bbfc337b5e3d6f32647895a8
3fed4c028e927f832687,SRC034,12,PAIR_2CA9190D966781535C841681,VALUE_CONFLICT,149,186,source_section|period_end|as_of_date|currency_scale|metric_value_raw|evidence_quote,MERGE,"source_section is the statement's own printed title, which A left blank on every row; currency_scale is the printed `$`; the value keeps its printed currency symbol; source_section is the page heading `Investor Contributions and Distributions`; B used the box title, which belongs in source_table.",RESOLVED,A+B+ADJUDICATOR,c6ea06465f1920417d13440de26a3aefe9611278bbfc337b5e3d6f32647895a8
6b7801a1c0a937de54cd,SRC034,12,PAIR_EE9810336EE62ACA9EE28FBC,VALUE_CONFLICT,150,187,source_section|period_end|as_of_date|currency_scale|metric_value_raw|evidence_quote,MERGE,"source_section is the statement's own printed title, which A left blank on every row; currency_scale is the printed `$`; the value keeps its printed currency symbol; source_section is the page heading `Investor Contributions and Distributions`; B used the box title, which belongs in source_table.",RESOLVED,A+B+ADJUDICATOR,c6ea06465f1920417d13440de26a3aefe9611278bbfc337b5e3d6f32647895a8
138b99cf04a3cce0a55d,SRC034,12,PAIR_E3C03FF60578B12D98DCF488,VALUE_CONFLICT,151,188,source_section|period_end|as_of_date|currency_scale|metric_value_raw|evidence_quote,MERGE,"source_section is the statement's own printed title, which A left blank on every row; currency_scale is the printed `$`; the value keeps its printed currency symbol; source_section is the page heading `Investor Contributions and Distributions`; B used the box title, which belongs in source_table.",RESOLVED,A+B+ADJUDICATOR,c6ea06465f1920417d13440de26a3aefe9611278bbfc337b5e3d6f32647895a8
1c405df303323f7a8fe8,SRC034,12,PAIR_D9E015A3AA393150BE517FAF,VALUE_CONFLICT,152,189,source_section|period_end|as_of_date|currency_scale|metric_value_raw|evidence_quote,MERGE,"source_section is the statement's own printed title, which A left blank on every row; currency_scale is the printed `$`; the value keeps its printed currency symbol; source_section is the page heading `Investor Contributions and Distributions`; B used the box title, which belongs in source_table.",RESOLVED,A+B+ADJUDICATOR,c6ea06465f1920417d13440de26a3aefe9611278bbfc337b5e3d6f32647895a8
3fed0b4235ef339cafe7,SRC034,12,PAIR_EF459465CC94B3F2C746A58A,VALUE_CONFLICT,153,190,source_section|period_end|as_of_date|currency_scale|metric_value_raw|evidence_quote,MERGE,"source_section is the statement's own printed title, which A left blank on every row; currency_scale is the printed `$`; the value keeps its printed currency symbol; source_section is the page heading `Investor Contributions and Distributions`; B used the box title, which belongs in source_table.",RESOLVED,A+B+ADJUDICATOR,c6ea06465f1920417d13440de26a3aefe9611278bbfc337b5e3d6f32647895a8
4c7be2c597d91dfbf769,SRC034,12,PAIR_D2803CABEF52ED692BE8C0D3,VALUE_CONFLICT,154,191,source_section|period_end|as_of_date|currency_scale|metric_value_raw|evidence_quote,MERGE,"source_section is the statement's own printed title, which A left blank on every row; currency_scale is the printed `$`; the value keeps its printed currency symbol; source_section is the page heading `Investor Contributions and Distributions`; B used the box title, which belongs in source_table.",RESOLVED,A+B+ADJUDICATOR,c6ea06465f1920417d13440de26a3aefe9611278bbfc337b5e3d6f32647895a8
f29d34df53d813caf317,SRC034,12,PAIR_827BAD5F1E9CC434D4363F7F,VALUE_CONFLICT,155,192,source_section|period_end|as_of_date|currency_scale|metric_value_raw|evidence_quote,MERGE,"source_section is the statement's own printed title, which A left blank on every row; currency_scale is the printed `$`; the value keeps its printed currency symbol; source_section is the page heading `Investor Contributions and Distributions`; B used the box title, which belongs in source_table.",RESOLVED,A+B+ADJUDICATOR,c6ea06465f1920417d13440de26a3aefe9611278bbfc337b5e3d6f32647895a8
8fc1a29dbaf32a2ce822,SRC034,12,PAIR_0CECCE4194212C89722245EC,VALUE_CONFLICT,156,193,source_section|period_end|as_of_date|currency_scale|metric_value_raw|evidence_quote,MERGE,"source_section is the statement's own printed title, which A left blank on every row; currency_scale is the printed `$`; the value keeps its printed currency symbol; source_section is the page heading `Investor Contributions and Distributions`; B used the box title, which belongs in source_table.",RESOLVED,A+B+ADJUDICATOR,c6ea06465f1920417d13440de26a3aefe9611278bbfc337b5e3d6f32647895a8
861222fbb53ce7a1907c,SRC034,12,PAIR_91414A8B4AD82AE8767142CD,VALUE_CONFLICT,157,194,source_section|period_end|as_of_date|currency_scale|metric_value_raw|evidence_quote,MERGE,"source_section is the statement's own printed title, which A left blank on every row; currency_scale is the printed `$`; the value keeps its printed currency symbol; source_section is the page heading `Investor Contributions and Distributions`; B used the box title, which belongs in source_table.",RESOLVED,A+B+ADJUDICATOR,c6ea06465f1920417d13440de26a3aefe9611278bbfc337b5e3d6f32647895a8
1183a4b220334b156a6b,SRC034,12,PAIR_A3F9553B7FA5D286F4BCAF4F,VALUE_CONFLICT,158,195,source_section|period_end|as_of_date|currency_scale|metric_value_raw|evidence_quote,MERGE,"source_section is the statement's own printed title, which A left blank on every row; currency_scale is the printed `$`; the value keeps its printed currency symbol; source_section is the page heading `Investor Contributions and Distributions`; B used the box title, which belongs in source_table.",RESOLVED,A+B+ADJUDICATOR,c6ea06465f1920417d13440de26a3aefe9611278bbfc337b5e3d6f32647895a8
296735364961d3d848a8,SRC034,12,PAIR_8B16252F203FC22A9777515A,VALUE_CONFLICT,159,196,source_section|period_end|as_of_date|currency_scale|metric_value_raw|evidence_quote,MERGE,"source_section is the statement's own printed title, which A left blank on every row; currency_scale is the printed `$`; the value keeps its printed currency symbol; source_section is the page heading `Investor Contributions and Distributions`; B used the box title, which belongs in source_table.",RESOLVED,A+B+ADJUDICATOR,c6ea06465f1920417d13440de26a3aefe9611278bbfc337b5e3d6f32647895a8
db53f4730f35001d9ae9,SRC034,12,PAIR_211A59D03E3E2750B057DFB6,VALUE_CONFLICT,160,197,source_section|period_end|as_of_date|currency_scale|metric_value_raw|evidence_quote,MERGE,"source_section is the statement's own printed title, which A left blank on every row; currency_scale is the printed `$`; the value keeps its printed currency symbol; source_section is the page heading `Investor Contributions and Distributions`; B used the box title, which belongs in source_table.",RESOLVED,A+B+ADJUDICATOR,c6ea06465f1920417d13440de26a3aefe9611278bbfc337b5e3d6f32647895a8
9405d292795cba5785aa,SRC034,12,PAIR_4128220EF094A9205D3F7CAC,VALUE_CONFLICT,161,198,source_section|period_end|as_of_date|currency_scale|metric_value_raw|evidence_quote,MERGE,"source_section is the statement's own printed title, which A left blank on every row; currency_scale is the printed `$`; the value keeps its printed currency symbol; source_section is the page heading `Investor Contributions and Distributions`; B used the box title, which belongs in source_table.",RESOLVED,A+B+ADJUDICATOR,c6ea06465f1920417d13440de26a3aefe9611278bbfc337b5e3d6f32647895a8
1068f9d2c14eee21da9e,SRC034,12,PAIR_16EB96418ED22C78F8FDA290,VALUE_CONFLICT,162,199,source_section|period_end|as_of_date|currency_scale|metric_value_raw|evidence_quote,MERGE,"source_section is the statement's own printed title, which A left blank on every row; currency_scale is the printed `$`; the value keeps its printed currency symbol; source_section is the page heading `Investor Contributions and Distributions`; B used the box title, which belongs in source_table.",RESOLVED,A+B+ADJUDICATOR,c6ea06465f1920417d13440de26a3aefe9611278bbfc337b5e3d6f32647895a8
630eb3f2e9b484f05f9c,SRC034,12,PAIR_CCB0ABE1BC63AFBA99FF42DE,VALUE_CONFLICT,163,200,source_section|period_end|as_of_date|currency_scale|metric_value_raw|evidence_quote,MERGE,"source_section is the statement's own printed title, which A left blank on every row; currency_scale is the printed `$`; the value keeps its printed currency symbol; source_section is the page heading `Investor Contributions and Distributions`; B used the box title, which belongs in source_table.",RESOLVED,A+B+ADJUDICATOR,c6ea06465f1920417d13440de26a3aefe9611278bbfc337b5e3d6f32647895a8
85b06bc1bf19e20ed073,SRC034,12,PAIR_F7005FC6643DB6C6D953435A,VALUE_CONFLICT,164,201,source_section|period_end|as_of_date|currency_scale|metric_value_raw|evidence_quote,MERGE,"source_section is the statement's own printed title, which A left blank on every row; currency_scale is the printed `$`; the value keeps its printed currency symbol; source_section is the page heading `Investor Contributions and Distributions`; B used the box title, which belongs in source_table.",RESOLVED,A+B+ADJUDICATOR,c6ea06465f1920417d13440de26a3aefe9611278bbfc337b5e3d6f32647895a8
0bc5fa0104d3ecd76cbb,SRC034,12,PAIR_9CEB2294FF032E42D16AEFA3,VALUE_CONFLICT,165,202,source_section|period_end|as_of_date|currency_scale|metric_value_raw|evidence_quote,MERGE,"source_section is the statement's own printed title, which A left blank on every row; currency_scale is the printed `$`; the value keeps its printed currency symbol; source_section is the page heading `Investor Contributions and Distributions`; B used the box title, which belongs in source_table.",RESOLVED,A+B+ADJUDICATOR,c6ea06465f1920417d13440de26a3aefe9611278bbfc337b5e3d6f32647895a8
3726ac7d0131e0b9d0c7,SRC034,12,PAIR_55ED485BA5F8D01A20C409D0,VALUE_CONFLICT,166,203,source_section|period_end|as_of_date|currency_scale|metric_value_raw|evidence_quote,MERGE,"source_section is the statement's own printed title, which A left blank on every row; currency_scale is the printed `$`; the value keeps its printed currency symbol; source_section is the page heading `Investor Contributions and Distributions`; B used the box title, which belongs in source_table.",RESOLVED,A+B+ADJUDICATOR,c6ea06465f1920417d13440de26a3aefe9611278bbfc337b5e3d6f32647895a8
d9945d431db62aca7aa7,SRC034,12,PAIR_81E1CA918543DB0B84695BEE,VALUE_CONFLICT,167,204,source_section|period_end|as_of_date|currency_scale|metric_value_raw|evidence_quote,MERGE,"source_section is the statement's own printed title, which A left blank on every row; currency_scale is the printed `$`; the value keeps its printed currency symbol; source_section is the page heading `Investor Contributions and Distributions`; B used the box title, which belongs in source_table.",RESOLVED,A+B+ADJUDICATOR,c6ea06465f1920417d13440de26a3aefe9611278bbfc337b5e3d6f32647895a8
fead26506b23b2fa8571,SRC034,12,PAIR_3110F965FE33F76D1C2A3E30,VALUE_CONFLICT,168,205,source_section|period_end|as_of_date|currency_scale|metric_value_raw|evidence_quote,MERGE,"source_section is the statement's own printed title, which A left blank on every row; currency_scale is the printed `$`; the value keeps its printed currency symbol; source_section is the page heading `Investor Contributions and Distributions`; B used the box title, which belongs in source_table.",RESOLVED,A+B+ADJUDICATOR,c6ea06465f1920417d13440de26a3aefe9611278bbfc337b5e3d6f32647895a8
dc340b38f46c34777bfb,SRC034,12,PAIR_211B3D0366F03F124B271317,VALUE_CONFLICT,169,206,source_section|period_end|as_of_date|currency_scale|metric_value_raw|evidence_quote,MERGE,"source_section is the statement's own printed title, which A left blank on every row; currency_scale is the printed `$`; the value keeps its printed currency symbol; source_section is the page heading `Investor Contributions and Distributions`; B used the box title, which belongs in source_table.",RESOLVED,A+B+ADJUDICATOR,c6ea06465f1920417d13440de26a3aefe9611278bbfc337b5e3d6f32647895a8
fd939947adc8c2506dbc,SRC034,12,PAIR_1606625FAA8F0AF5870C29C3,CONTEXT_CONFLICT,170,207,source_section|period_end|as_of_date|currency_scale|evidence_quote,MERGE,"source_section is the statement's own printed title, which A left blank on every row; currency_scale is the printed `$`; the value keeps its printed currency symbol; source_section is the page heading `Investor Contributions and Distributions`; B used the box title, which belongs in source_table.",RESOLVED,A+B+ADJUDICATOR,c6ea06465f1920417d13440de26a3aefe9611278bbfc337b5e3d6f32647895a8
eb22bc5a95c62cc0046d,SRC034,12,PAIR_0A840249EEC8B2D6A4C10D5C,VALUE_CONFLICT,171,208,source_section|period_end|as_of_date|currency_scale|metric_value_raw|evidence_quote,MERGE,"source_section is the statement's own printed title, which A left blank on every row; currency_scale is the printed `$`; the value keeps its printed currency symbol; source_section is the page heading `Investor Contributions and Distributions`; B used the box title, which belongs in source_table.",RESOLVED,A+B+ADJUDICATOR,c6ea06465f1920417d13440de26a3aefe9611278bbfc337b5e3d6f32647895a8
b19aa98c68f81fdfa398,SRC034,12,PAIR_42462AA2EB3C7CC18644B230,VALUE_CONFLICT,172,209,source_section|period_end|as_of_date|currency_scale|metric_value_raw|evidence_quote,MERGE,"source_section is the statement's own printed title, which A left blank on every row; currency_scale is the printed `$`; the value keeps its printed currency symbol; source_section is the page heading `Investor Contributions and Distributions`; B used the box title, which belongs in source_table.",RESOLVED,A+B+ADJUDICATOR,c6ea06465f1920417d13440de26a3aefe9611278bbfc337b5e3d6f32647895a8
80b813a8f2dba73f31b2,SRC034,12,PAIR_7E6C972E335333DDDD6A7CBA,VALUE_CONFLICT,173,210,source_section|period_end|as_of_date|currency_scale|metric_value_raw|evidence_quote,MERGE,"source_section is the statement's own printed title, which A left blank on every row; currency_scale is the printed `$`; the value keeps its printed currency symbol; source_section is the page heading `Investor Contributions and Distributions`; B used the box title, which belongs in source_table.",RESOLVED,A+B+ADJUDICATOR,c6ea06465f1920417d13440de26a3aefe9611278bbfc337b5e3d6f32647895a8
7daa86bbe96ffaa71f04,SRC034,12,PAIR_EFAAA441D5C2C89591142317,VALUE_CONFLICT,174,211,source_section|period_end|as_of_date|currency_scale|metric_value_raw|evidence_quote,MERGE,"source_section is the statement's own printed title, which A left blank on every row; currency_scale is the printed `$`; the value keeps its printed currency symbol; source_section is the page heading `Investor Contributions and Distributions`; B used the box title, which belongs in source_table.",RESOLVED,A+B+ADJUDICATOR,c6ea06465f1920417d13440de26a3aefe9611278bbfc337b5e3d6f32647895a8
4dff882a17aef58f7f63,SRC034,12,PAIR_83D426081E45ADF6966A8826,VALUE_CONFLICT,175,212,source_section|period_end|as_of_date|currency_scale|metric_value_raw|evidence_quote,MERGE,"source_section is the statement's own printed title, which A left blank on every row; currency_scale is the printed `$`; the value keeps its printed currency symbol; source_section is the page heading `Investor Contributions and Distributions`; B used the box title, which belongs in source_table.",RESOLVED,A+B+ADJUDICATOR,c6ea06465f1920417d13440de26a3aefe9611278bbfc337b5e3d6f32647895a8
392776d01edb3fb65c9a,SRC034,12,PAIR_82C8E63CD05AC83BB9A3BDA1,VALUE_CONFLICT,176,213,source_section|period_end|as_of_date|currency_scale|metric_value_raw|evidence_quote,MERGE,"source_section is the statement's own printed title, which A left blank on every row; currency_scale is the printed `$`; the value keeps its printed currency symbol; source_section is the page heading `Investor Contributions and Distributions`; B used the box title, which belongs in source_table.",RESOLVED,A+B+ADJUDICATOR,c6ea06465f1920417d13440de26a3aefe9611278bbfc337b5e3d6f32647895a8
2de1c1ff0fd124ced3d8,SRC034,12,PAIR_015529968EFCBDC05123331D,VALUE_CONFLICT,177,214,source_section|period_end|as_of_date|currency_scale|metric_value_raw|evidence_quote,MERGE,"source_section is the statement's own printed title, which A left blank on every row; currency_scale is the printed `$`; the value keeps its printed currency symbol; source_section is the page heading `Investor Contributions and Distributions`; B used the box title, which belongs in source_table.",RESOLVED,A+B+ADJUDICATOR,c6ea06465f1920417d13440de26a3aefe9611278bbfc337b5e3d6f32647895a8
3952fb5d96ad4ffc0f91,SRC034,12,PAIR_69097B8F926D1579D871FD8F,VALUE_CONFLICT,178,215,source_section|period_end|as_of_date|currency_scale|metric_value_raw|evidence_quote,MERGE,"source_section is the statement's own printed title, which A left blank on every row; currency_scale is the printed `$`; the value keeps its printed currency symbol; source_section is the page heading `Investor Contributions and Distributions`; B used the box title, which belongs in source_table.",RESOLVED,A+B+ADJUDICATOR,c6ea06465f1920417d13440de26a3aefe9611278bbfc337b5e3d6f32647895a8
87ee0ad47149a0075e78,SRC034,12,PAIR_784701218C7AFB35DD40CD5D,VALUE_CONFLICT,179,216,source_section|period_end|as_of_date|currency_scale|metric_value_raw|evidence_quote,MERGE,"source_section is the statement's own printed title, which A left blank on every row; currency_scale is the printed `$`; the value keeps its printed currency symbol; source_section is the page heading `Investor Contributions and Distributions`; B used the box title, which belongs in source_table.",RESOLVED,A+B+ADJUDICATOR,c6ea06465f1920417d13440de26a3aefe9611278bbfc337b5e3d6f32647895a8
3670166d37a4f678f6eb,SRC034,12,PAIR_4E6175F16F65EC237CB54C2B,VALUE_CONFLICT,180,217,source_section|period_end|as_of_date|currency_scale|metric_value_raw|evidence_quote,MERGE,"source_section is the statement's own printed title, which A left blank on every row; currency_scale is the printed `$`; the value keeps its printed currency symbol; source_section is the page heading `Investor Contributions and Distributions`; B used the box title, which belongs in source_table.",RESOLVED,A+B+ADJUDICATOR,c6ea06465f1920417d13440de26a3aefe9611278bbfc337b5e3d6f32647895a8
6f653ede1f82268821f7,SRC034,12,PAIR_B0C2E8494FF484428135A3D9,VALUE_CONFLICT,181,218,source_section|period_end|as_of_date|currency_scale|metric_value_raw|evidence_quote,MERGE,"source_section is the statement's own printed title, which A left blank on every row; currency_scale is the printed `$`; the value keeps its printed currency symbol; source_section is the page heading `Investor Contributions and Distributions`; B used the box title, which belongs in source_table.",RESOLVED,A+B+ADJUDICATOR,c6ea06465f1920417d13440de26a3aefe9611278bbfc337b5e3d6f32647895a8
391e40ad12e76e853e67,SRC034,12,PAIR_25ACB9A37151E894A63DACCD,VALUE_CONFLICT,182,219,source_section|period_end|as_of_date|currency_scale|metric_value_raw|evidence_quote,MERGE,"source_section is the statement's own printed title, which A left blank on every row; currency_scale is the printed `$`; the value keeps its printed currency symbol; source_section is the page heading `Investor Contributions and Distributions`; B used the box title, which belongs in source_table.",RESOLVED,A+B+ADJUDICATOR,c6ea06465f1920417d13440de26a3aefe9611278bbfc337b5e3d6f32647895a8
517b494c94cd81efbac8,SRC034,12,PAIR_C77C11A7FB9E5EEC19A91832,VALUE_CONFLICT,183,220,source_section|period_end|as_of_date|currency_scale|metric_value_raw|evidence_quote,MERGE,"source_section is the statement's own printed title, which A left blank on every row; currency_scale is the printed `$`; the value keeps its printed currency symbol; source_section is the page heading `Investor Contributions and Distributions`; B used the box title, which belongs in source_table.",RESOLVED,A+B+ADJUDICATOR,c6ea06465f1920417d13440de26a3aefe9611278bbfc337b5e3d6f32647895a8
adcc9ddc57bd2e96035d,SRC034,12,PAIR_94471E82EDD9480044846C09,VALUE_CONFLICT,184,221,source_section|period_end|as_of_date|currency_scale|metric_value_raw|evidence_quote,MERGE,"source_section is the statement's own printed title, which A left blank on every row; currency_scale is the printed `$`; the value keeps its printed currency symbol; source_section is the page heading `Investor Contributions and Distributions`; B used the box title, which belongs in source_table.",RESOLVED,A+B+ADJUDICATOR,c6ea06465f1920417d13440de26a3aefe9611278bbfc337b5e3d6f32647895a8
53454ffa4bd0ffc62093,SRC034,12,PAIR_D39B7BD5343829177BF86FDE,VALUE_CONFLICT,185,222,source_section|period_end|as_of_date|currency_scale|metric_value_raw|evidence_quote,MERGE,"source_section is the statement's own printed title, which A left blank on every row; currency_scale is the printed `$`; the value keeps its printed currency symbol; source_section is the page heading `Investor Contributions and Distributions`; B used the box title, which belongs in source_table.",RESOLVED,A+B+ADJUDICATOR,c6ea06465f1920417d13440de26a3aefe9611278bbfc337b5e3d6f32647895a8
0ca9c480bd6cfbfcc820,SRC034,12,PAIR_1F16546D11D1BB7FF2692BAD,CONTEXT_CONFLICT,186,223,source_section|period_end|as_of_date|currency_scale|evidence_quote,MERGE,"source_section is the statement's own printed title, which A left blank on every row; currency_scale is the printed `$`; the value keeps its printed currency symbol; source_section is the page heading `Investor Contributions and Distributions`; B used the box title, which belongs in source_table.",RESOLVED,A+B+ADJUDICATOR,c6ea06465f1920417d13440de26a3aefe9611278bbfc337b5e3d6f32647895a8
99fc9262b710f688e5c6,SRC034,12,PAIR_75C1FDE64155567F0E6058B4,CONTEXT_CONFLICT,187,224,source_section|period_end|as_of_date|currency_scale|evidence_quote,MERGE,"source_section is the statement's own printed title, which A left blank on every row; currency_scale is the printed `$`; the value keeps its printed currency symbol; source_section is the page heading `Investor Contributions and Distributions`; B used the box title, which belongs in source_table.",RESOLVED,A+B+ADJUDICATOR,c6ea06465f1920417d13440de26a3aefe9611278bbfc337b5e3d6f32647895a8
fd003a648148aa8f01da,SRC034,12,PAIR_6A4B1960A9248F2F689161A4,VALUE_CONFLICT,188,225,source_section|period_end|as_of_date|currency_scale|metric_value_raw|evidence_quote,MERGE,"source_section is the statement's own printed title, which A left blank on every row; currency_scale is the printed `$`; the value keeps its printed currency symbol; source_section is the page heading `Investor Contributions and Distributions`; B used the box title, which belongs in source_table.",RESOLVED,A+B+ADJUDICATOR,c6ea06465f1920417d13440de26a3aefe9611278bbfc337b5e3d6f32647895a8
956d19c29931af83ebc1,SRC034,12,PAIR_9796C054831B11D4DC32F01D,VALUE_CONFLICT,189,226,source_section|period_end|as_of_date|currency_scale|metric_value_raw|evidence_quote,MERGE,"source_section is the statement's own printed title, which A left blank on every row; currency_scale is the printed `$`; the value keeps its printed currency symbol; source_section is the page heading `Investor Contributions and Distributions`; B used the box title, which belongs in source_table.",RESOLVED,A+B+ADJUDICATOR,c6ea06465f1920417d13440de26a3aefe9611278bbfc337b5e3d6f32647895a8
a7c1baf81748263277d7,SRC034,12,PAIR_A1226B6B316B5DAE844946D8,VALUE_CONFLICT,190,227,source_section|period_end|as_of_date|currency_scale|metric_value_raw|evidence_quote,MERGE,"source_section is the statement's own printed title, which A left blank on every row; currency_scale is the printed `$`; the value keeps its printed currency symbol; source_section is the page heading `Investor Contributions and Distributions`; B used the box title, which belongs in source_table.",RESOLVED,A+B+ADJUDICATOR,c6ea06465f1920417d13440de26a3aefe9611278bbfc337b5e3d6f32647895a8
4de6c93c08dc0aca1f21,SRC034,12,PAIR_CAF29EABAE36ABA4C03B0406,VALUE_CONFLICT,191,228,source_section|period_end|as_of_date|currency_scale|metric_value_raw|evidence_quote,MERGE,"source_section is the statement's own printed title, which A left blank on every row; currency_scale is the printed `$`; the value keeps its printed currency symbol; source_section is the page heading `Investor Contributions and Distributions`; B used the box title, which belongs in source_table.",RESOLVED,A+B+ADJUDICATOR,c6ea06465f1920417d13440de26a3aefe9611278bbfc337b5e3d6f32647895a8
53d88eee2bde3bcc051b,SRC034,12,PAIR_D65D9EA2FC7AF020492883A2,VALUE_CONFLICT,192,229,source_section|period_end|as_of_date|currency_scale|metric_value_raw|evidence_quote,MERGE,"source_section is the statement's own printed title, which A left blank on every row; currency_scale is the printed `$`; the value keeps its printed currency symbol; source_section is the page heading `Investor Contributions and Distributions`; B used the box title, which belongs in source_table.",RESOLVED,A+B+ADJUDICATOR,c6ea06465f1920417d13440de26a3aefe9611278bbfc337b5e3d6f32647895a8
3d00edf70a3025f1ae4e,SRC034,12,PAIR_FE13CC9AC30DA04C9D72F437,VALUE_CONFLICT,193,230,source_section|period_end|as_of_date|currency_scale|metric_value_raw|evidence_quote,MERGE,"source_section is the statement's own printed title, which A left blank on every row; currency_scale is the printed `$`; the value keeps its printed currency symbol; source_section is the page heading `Investor Contributions and Distributions`; B used the box title, which belongs in source_table.",RESOLVED,A+B+ADJUDICATOR,c6ea06465f1920417d13440de26a3aefe9611278bbfc337b5e3d6f32647895a8
ca2be60dc77838de13ed,SRC034,12,PAIR_6E4BD32C8EBA8DBE2243D74F,VALUE_CONFLICT,194,231,source_section|period_end|as_of_date|currency_scale|metric_value_raw|evidence_quote,MERGE,"source_section is the statement's own printed title, which A left blank on every row; currency_scale is the printed `$`; the value keeps its printed currency symbol; source_section is the page heading `Investor Contributions and Distributions`; B used the box title, which belongs in source_table.",RESOLVED,A+B+ADJUDICATOR,c6ea06465f1920417d13440de26a3aefe9611278bbfc337b5e3d6f32647895a8
f0839183eea6f7bdb7be,SRC034,12,PAIR_F8F39E84A05066BE30A6785E,VALUE_CONFLICT,195,232,source_section|period_end|as_of_date|currency_scale|metric_value_raw|evidence_quote,MERGE,"source_section is the statement's own printed title, which A left blank on every row; currency_scale is the printed `$`; the value keeps its printed currency symbol; source_section is the page heading `Investor Contributions and Distributions`; B used the box title, which belongs in source_table.",RESOLVED,A+B+ADJUDICATOR,c6ea06465f1920417d13440de26a3aefe9611278bbfc337b5e3d6f32647895a8
65e610b518b7b02d75b0,SRC034,12,PAIR_3E303E2121FFAD1E5D7ED780,VALUE_CONFLICT,196,233,source_section|period_end|as_of_date|currency_scale|metric_value_raw|evidence_quote,MERGE,"source_section is the statement's own printed title, which A left blank on every row; currency_scale is the printed `$`; the value keeps its printed currency symbol; source_section is the page heading `Investor Contributions and Distributions`; B used the box title, which belongs in source_table.",RESOLVED,A+B+ADJUDICATOR,c6ea06465f1920417d13440de26a3aefe9611278bbfc337b5e3d6f32647895a8
f48691b4ac83738b0a95,SRC034,12,PAIR_F064C5C17A07625650F493E1,VALUE_CONFLICT,197,234,source_section|period_end|as_of_date|currency_scale|metric_value_raw|evidence_quote,MERGE,"source_section is the statement's own printed title, which A left blank on every row; currency_scale is the printed `$`; the value keeps its printed currency symbol; source_section is the page heading `Investor Contributions and Distributions`; B used the box title, which belongs in source_table.",RESOLVED,A+B+ADJUDICATOR,c6ea06465f1920417d13440de26a3aefe9611278bbfc337b5e3d6f32647895a8
6f3dafa84339454e645c,SRC034,12,PAIR_EF1CB0351AD554DAA1AE94A2,VALUE_CONFLICT,198,235,source_section|period_end|as_of_date|currency_scale|metric_value_raw|evidence_quote,MERGE,"source_section is the statement's own printed title, which A left blank on every row; currency_scale is the printed `$`; the value keeps its printed currency symbol; source_section is the page heading `Investor Contributions and Distributions`; B used the box title, which belongs in source_table.",RESOLVED,A+B+ADJUDICATOR,c6ea06465f1920417d13440de26a3aefe9611278bbfc337b5e3d6f32647895a8
13005b57db20a1bcc119,SRC034,12,PAIR_8A60405BB92C2315EC082CA6,VALUE_CONFLICT,199,236,source_section|period_end|as_of_date|currency_scale|metric_value_raw|evidence_quote,MERGE,"source_section is the statement's own printed title, which A left blank on every row; currency_scale is the printed `$`; the value keeps its printed currency symbol; source_section is the page heading `Investor Contributions and Distributions`; B used the box title, which belongs in source_table.",RESOLVED,A+B+ADJUDICATOR,c6ea06465f1920417d13440de26a3aefe9611278bbfc337b5e3d6f32647895a8
d99323b0a4a0cdb14cfb,SRC034,12,PAIR_DFBFF2148496AD2809051728,VALUE_CONFLICT,200,237,source_section|period_end|as_of_date|currency_scale|metric_value_raw|evidence_quote,MERGE,"source_section is the statement's own printed title, which A left blank on every row; currency_scale is the printed `$`; the value keeps its printed currency symbol; source_section is the page heading `Investor Contributions and Distributions`; B used the box title, which belongs in source_table.",RESOLVED,A+B+ADJUDICATOR,c6ea06465f1920417d13440de26a3aefe9611278bbfc337b5e3d6f32647895a8
4c001eab411c98b60098,SRC034,12,PAIR_E413118A410F0CA908D93C09,VALUE_CONFLICT,201,238,source_section|period_end|as_of_date|currency_scale|metric_value_raw|evidence_quote,MERGE,"source_section is the statement's own printed title, which A left blank on every row; currency_scale is the printed `$`; the value keeps its printed currency symbol; source_section is the page heading `Investor Contributions and Distributions`; B used the box title, which belongs in source_table.",RESOLVED,A+B+ADJUDICATOR,c6ea06465f1920417d13440de26a3aefe9611278bbfc337b5e3d6f32647895a8
aff4629668a6cda46e8e,SRC034,12,PAIR_E7E4518E44A477224034C2C4,VALUE_CONFLICT,202,239,source_section|period_end|as_of_date|currency_scale|metric_value_raw|evidence_quote,MERGE,"source_section is the statement's own printed title, which A left blank on every row; currency_scale is the printed `$`; the value keeps its printed currency symbol; source_section is the page heading `Investor Contributions and Distributions`; B used the box title, which belongs in source_table.",RESOLVED,A+B+ADJUDICATOR,c6ea06465f1920417d13440de26a3aefe9611278bbfc337b5e3d6f32647895a8
f4867d6b5f32056393a3,SRC034,12,PAIR_F00220099A8A734E4593BD1F,VALUE_CONFLICT,203,240,source_section|period_end|as_of_date|currency_scale|metric_value_raw|evidence_quote,MERGE,"source_section is the statement's own printed title, which A left blank on every row; currency_scale is the printed `$`; the value keeps its printed currency symbol; source_section is the page heading `Investor Contributions and Distributions`; B used the box title, which belongs in source_table.",RESOLVED,A+B+ADJUDICATOR,c6ea06465f1920417d13440de26a3aefe9611278bbfc337b5e3d6f32647895a8
dbc6951211e3708c0fff,SRC034,13,PAIR_A370FEF21C3E24D3D72E7566,B_ONLY,,241,,MERGE,"source_section is the statement's own printed title, which A left blank on every row; currency_scale is the printed `$`; the value keeps its printed currency symbol; source_section is the page heading `Investor Contributions and Distributions`; B used the box title, which belongs in source_table; one-sided row confirmed printed on page 13 from the page image.",RESOLVED,B+ADJUDICATOR,c6ea06465f1920417d13440de26a3aefe9611278bbfc337b5e3d6f32647895a8
5e787bf2705e61d9ab51,SRC034,13,PAIR_C9AEFEC68DA9E1656476EB2F,CONTEXT_CONFLICT,204,242,source_section|period_end|as_of_date|currency_scale|evidence_quote,MERGE,"source_section is the statement's own printed title, which A left blank on every row; currency_scale is the printed `$`; the value keeps its printed currency symbol; source_section is the page heading `Investor Contributions and Distributions`; B used the box title, which belongs in source_table.",RESOLVED,A+B+ADJUDICATOR,c6ea06465f1920417d13440de26a3aefe9611278bbfc337b5e3d6f32647895a8
60dddc2b96f505cb698b,SRC034,13,PAIR_873508C84C449C15C15E36B4,CONTEXT_CONFLICT,205,243,source_section|period_end|as_of_date|currency_scale|evidence_quote,MERGE,"source_section is the statement's own printed title, which A left blank on every row; currency_scale is the printed `$`; the value keeps its printed currency symbol; source_section is the page heading `Investor Contributions and Distributions`; B used the box title, which belongs in source_table.",RESOLVED,A+B+ADJUDICATOR,c6ea06465f1920417d13440de26a3aefe9611278bbfc337b5e3d6f32647895a8
dc5761d58020c2072a11,SRC034,13,PAIR_2D77B8882343ECF865F1DAEA,CONTEXT_CONFLICT,206,244,source_section|period_end|as_of_date|currency_scale|evidence_quote,MERGE,"source_section is the statement's own printed title, which A left blank on every row; currency_scale is the printed `$`; the value keeps its printed currency symbol; source_section is the page heading `Investor Contributions and Distributions`; B used the box title, which belongs in source_table.",RESOLVED,A+B+ADJUDICATOR,c6ea06465f1920417d13440de26a3aefe9611278bbfc337b5e3d6f32647895a8
ea3ef2ff96c90a0e3b12,SRC034,13,PAIR_BBBE859858B4225FE8D0934A,CONTEXT_CONFLICT,207,245,source_section|period_end|as_of_date|currency_scale|evidence_quote,MERGE,"source_section is the statement's own printed title, which A left blank on every row; currency_scale is the printed `$`; the value keeps its printed currency symbol; source_section is the page heading `Investor Contributions and Distributions`; B used the box title, which belongs in source_table.",RESOLVED,A+B+ADJUDICATOR,c6ea06465f1920417d13440de26a3aefe9611278bbfc337b5e3d6f32647895a8
5b13c64aaab87ddd4cf3,SRC034,13,PAIR_ECBA80AC96FC88B6D0FDAA5C,CONTEXT_CONFLICT,208,246,source_section|period_end|as_of_date|currency_scale|evidence_quote,MERGE,"source_section is the statement's own printed title, which A left blank on every row; currency_scale is the printed `$`; the value keeps its printed currency symbol; source_section is the page heading `Investor Contributions and Distributions`; B used the box title, which belongs in source_table.",RESOLVED,A+B+ADJUDICATOR,c6ea06465f1920417d13440de26a3aefe9611278bbfc337b5e3d6f32647895a8
46585cce6b3d05497a5c,SRC034,13,PAIR_B6F13779C7F81622DA699809,CONTEXT_CONFLICT,209,247,source_section|period_end|as_of_date|currency_scale|evidence_quote,MERGE,"source_section is the statement's own printed title, which A left blank on every row; currency_scale is the printed `$`; the value keeps its printed currency symbol; source_section is the page heading `Investor Contributions and Distributions`; B used the box title, which belongs in source_table.",RESOLVED,A+B+ADJUDICATOR,c6ea06465f1920417d13440de26a3aefe9611278bbfc337b5e3d6f32647895a8
74bac47b6c245d1b4330,SRC034,13,PAIR_625213F16D026EF8D77CD6BA,CONTEXT_CONFLICT,210,248,source_section|period_end|as_of_date|currency_scale|evidence_quote,MERGE,"source_section is the statement's own printed title, which A left blank on every row; currency_scale is the printed `$`; the value keeps its printed currency symbol; source_section is the page heading `Investor Contributions and Distributions`; B used the box title, which belongs in source_table.",RESOLVED,A+B+ADJUDICATOR,c6ea06465f1920417d13440de26a3aefe9611278bbfc337b5e3d6f32647895a8
518e80f2142ecfe767d7,SRC034,13,PAIR_A0363E7F68111546F7B0245B,CONTEXT_CONFLICT,211,249,source_section|period_end|as_of_date|currency_scale|evidence_quote,MERGE,"source_section is the statement's own printed title, which A left blank on every row; currency_scale is the printed `$`; the value keeps its printed currency symbol; source_section is the page heading `Investor Contributions and Distributions`; B used the box title, which belongs in source_table.",RESOLVED,A+B+ADJUDICATOR,c6ea06465f1920417d13440de26a3aefe9611278bbfc337b5e3d6f32647895a8
b1f0eef96c79f3469848,SRC034,13,PAIR_70C75F31A2C44293A9063A2C,CONTEXT_CONFLICT,212,250,source_section|period_end|as_of_date|currency_scale|evidence_quote,MERGE,"source_section is the statement's own printed title, which A left blank on every row; currency_scale is the printed `$`; the value keeps its printed currency symbol; source_section is the page heading `Investor Contributions and Distributions`; B used the box title, which belongs in source_table.",RESOLVED,A+B+ADJUDICATOR,c6ea06465f1920417d13440de26a3aefe9611278bbfc337b5e3d6f32647895a8
4b227c622d16adddc8ed,SRC034,13,PAIR_3E293877EC7054913ACA8AA8,CONTEXT_CONFLICT,213,251,source_section|period_end|as_of_date|currency_scale|evidence_quote,MERGE,"source_section is the statement's own printed title, which A left blank on every row; currency_scale is the printed `$`; the value keeps its printed currency symbol; source_section is the page heading `Investor Contributions and Distributions`; B used the box title, which belongs in source_table.",RESOLVED,A+B+ADJUDICATOR,c6ea06465f1920417d13440de26a3aefe9611278bbfc337b5e3d6f32647895a8
f2fed6402a3d3ee7635f,SRC034,13,PAIR_AF00CF05895B1F819815110E,CONTEXT_CONFLICT,214,252,source_section|period_end|as_of_date|currency_scale|evidence_quote,MERGE,"source_section is the statement's own printed title, which A left blank on every row; currency_scale is the printed `$`; the value keeps its printed currency symbol; source_section is the page heading `Investor Contributions and Distributions`; B used the box title, which belongs in source_table.",RESOLVED,A+B+ADJUDICATOR,c6ea06465f1920417d13440de26a3aefe9611278bbfc337b5e3d6f32647895a8
445f806f8ae329d58bd6,SRC034,13,PAIR_F199652D8813CFEDC1EF138F,CONTEXT_CONFLICT,215,253,source_section|period_end|as_of_date|currency_scale|evidence_quote,MERGE,"source_section is the statement's own printed title, which A left blank on every row; currency_scale is the printed `$`; the value keeps its printed currency symbol; source_section is the page heading `Investor Contributions and Distributions`; B used the box title, which belongs in source_table.",RESOLVED,A+B+ADJUDICATOR,c6ea06465f1920417d13440de26a3aefe9611278bbfc337b5e3d6f32647895a8
d56113191ae1043d68f7,SRC034,13,PAIR_0A223851ED5329225EA458C8,CONTEXT_CONFLICT,216,254,source_section|period_end|as_of_date|currency_scale|evidence_quote,MERGE,"source_section is the statement's own printed title, which A left blank on every row; currency_scale is the printed `$`; the value keeps its printed currency symbol; source_section is the page heading `Investor Contributions and Distributions`; B used the box title, which belongs in source_table.",RESOLVED,A+B+ADJUDICATOR,c6ea06465f1920417d13440de26a3aefe9611278bbfc337b5e3d6f32647895a8
baa621b37d5de0a5af64,SRC034,13,PAIR_3F84B8461ECE9EBDDF7C65A8,CONTEXT_CONFLICT,217,255,source_section|period_end|as_of_date|currency_scale|evidence_quote,MERGE,"source_section is the statement's own printed title, which A left blank on every row; currency_scale is the printed `$`; the value keeps its printed currency symbol; source_section is the page heading `Investor Contributions and Distributions`; B used the box title, which belongs in source_table.",RESOLVED,A+B+ADJUDICATOR,c6ea06465f1920417d13440de26a3aefe9611278bbfc337b5e3d6f32647895a8
d9c550e001a8f266ea3f,SRC034,13,PAIR_42AE064807296144CB523BD5,CONTEXT_CONFLICT,218,256,source_section|period_end|as_of_date|currency_scale|evidence_quote,MERGE,"source_section is the statement's own printed title, which A left blank on every row; currency_scale is the printed `$`; the value keeps its printed currency symbol; source_section is the page heading `Investor Contributions and Distributions`; B used the box title, which belongs in source_table.",RESOLVED,A+B+ADJUDICATOR,c6ea06465f1920417d13440de26a3aefe9611278bbfc337b5e3d6f32647895a8
ea3ea7123c919e929453,SRC034,13,PAIR_D61BFCBAF2AEE3BDC7BF985B,CONTEXT_CONFLICT,219,257,source_section|period_end|as_of_date|currency_scale|evidence_quote,MERGE,"source_section is the statement's own printed title, which A left blank on every row; currency_scale is the printed `$`; the value keeps its printed currency symbol; source_section is the page heading `Investor Contributions and Distributions`; B used the box title, which belongs in source_table.",RESOLVED,A+B+ADJUDICATOR,c6ea06465f1920417d13440de26a3aefe9611278bbfc337b5e3d6f32647895a8
f545320fa5b11eeb0d79,SRC034,13,PAIR_3CE67D67BADA2A0A07FF0F81,CONTEXT_CONFLICT,220,258,source_section|period_end|as_of_date|currency_scale|evidence_quote,MERGE,"source_section is the statement's own printed title, which A left blank on every row; currency_scale is the printed `$`; the value keeps its printed currency symbol; source_section is the page heading `Investor Contributions and Distributions`; B used the box title, which belongs in source_table.",RESOLVED,A+B+ADJUDICATOR,c6ea06465f1920417d13440de26a3aefe9611278bbfc337b5e3d6f32647895a8
864e675e500c80d63f3f,SRC034,13,PAIR_9ED6C34C2E56FD2F749C3131,CONTEXT_CONFLICT,221,259,source_section|period_end|as_of_date|currency_scale|evidence_quote,MERGE,"source_section is the statement's own printed title, which A left blank on every row; currency_scale is the printed `$`; the value keeps its printed currency symbol; source_section is the page heading `Investor Contributions and Distributions`; B used the box title, which belongs in source_table.",RESOLVED,A+B+ADJUDICATOR,c6ea06465f1920417d13440de26a3aefe9611278bbfc337b5e3d6f32647895a8
47ceff16533edf6f27fd,SRC034,13,PAIR_EAC8F0A1939BC122F398ED8A,CONTEXT_CONFLICT,222,260,source_section|period_end|as_of_date|currency_scale|evidence_quote,MERGE,"source_section is the statement's own printed title, which A left blank on every row; currency_scale is the printed `$`; the value keeps its printed currency symbol; source_section is the page heading `Investor Contributions and Distributions`; B used the box title, which belongs in source_table.",RESOLVED,A+B+ADJUDICATOR,c6ea06465f1920417d13440de26a3aefe9611278bbfc337b5e3d6f32647895a8
1a7ef878dea8e8f3bf65,SRC034,13,PAIR_C629895F90575DBC2EDBD894,CONTEXT_CONFLICT,223,261,source_section|period_end|as_of_date|currency_scale|evidence_quote,MERGE,"source_section is the statement's own printed title, which A left blank on every row; currency_scale is the printed `$`; the value keeps its printed currency symbol; source_section is the page heading `Investor Contributions and Distributions`; B used the box title, which belongs in source_table.",RESOLVED,A+B+ADJUDICATOR,c6ea06465f1920417d13440de26a3aefe9611278bbfc337b5e3d6f32647895a8
ef6a7d79d080801ef36f,SRC034,13,PAIR_B6275C79A5301D946468910C,CONTEXT_CONFLICT,224,262,source_section|period_end|as_of_date|currency_scale|evidence_quote,MERGE,"source_section is the statement's own printed title, which A left blank on every row; currency_scale is the printed `$`; the value keeps its printed currency symbol; source_section is the page heading `Investor Contributions and Distributions`; B used the box title, which belongs in source_table.",RESOLVED,A+B+ADJUDICATOR,c6ea06465f1920417d13440de26a3aefe9611278bbfc337b5e3d6f32647895a8
c0730bbe5914d8d38aa9,SRC034,13,PAIR_160F27C46FDEAE8561544389,CONTEXT_CONFLICT,225,263,source_section|period_end|as_of_date|currency_scale|evidence_quote,MERGE,"source_section is the statement's own printed title, which A left blank on every row; currency_scale is the printed `$`; the value keeps its printed currency symbol; source_section is the page heading `Investor Contributions and Distributions`; B used the box title, which belongs in source_table.",RESOLVED,A+B+ADJUDICATOR,c6ea06465f1920417d13440de26a3aefe9611278bbfc337b5e3d6f32647895a8
8e32ea8d9e1ec64a7f4f,SRC034,13,PAIR_B2C5DF7110E13E4F7AE20E6D,CONTEXT_CONFLICT,226,264,source_section|period_end|as_of_date|currency_scale|evidence_quote,MERGE,"source_section is the statement's own printed title, which A left blank on every row; currency_scale is the printed `$`; the value keeps its printed currency symbol; source_section is the page heading `Investor Contributions and Distributions`; B used the box title, which belongs in source_table.",RESOLVED,A+B+ADJUDICATOR,c6ea06465f1920417d13440de26a3aefe9611278bbfc337b5e3d6f32647895a8
8d4119120763192e5162,SRC034,13,PAIR_26276799ED605E303127F700,CONTEXT_CONFLICT,227,265,source_section|period_end|as_of_date|currency_scale|evidence_quote,MERGE,"source_section is the statement's own printed title, which A left blank on every row; currency_scale is the printed `$`; the value keeps its printed currency symbol; source_section is the page heading `Investor Contributions and Distributions`; B used the box title, which belongs in source_table.",RESOLVED,A+B+ADJUDICATOR,c6ea06465f1920417d13440de26a3aefe9611278bbfc337b5e3d6f32647895a8
91779b61b7e3299698f1,SRC034,13,PAIR_4D3AE71C4D262B9B8CB0CBA7,CONTEXT_CONFLICT,228,266,source_section|period_end|as_of_date|currency_scale|evidence_quote,MERGE,"source_section is the statement's own printed title, which A left blank on every row; currency_scale is the printed `$`; the value keeps its printed currency symbol; source_section is the page heading `Investor Contributions and Distributions`; B used the box title, which belongs in source_table.",RESOLVED,A+B+ADJUDICATOR,c6ea06465f1920417d13440de26a3aefe9611278bbfc337b5e3d6f32647895a8
490d92e7e7647ba2f083,SRC034,13,PAIR_3C3984BFE2AE7B91C186A176,CONTEXT_CONFLICT,229,267,source_section|period_end|as_of_date|currency_scale|evidence_quote,MERGE,"source_section is the statement's own printed title, which A left blank on every row; currency_scale is the printed `$`; the value keeps its printed currency symbol; source_section is the page heading `Investor Contributions and Distributions`; B used the box title, which belongs in source_table.",RESOLVED,A+B+ADJUDICATOR,c6ea06465f1920417d13440de26a3aefe9611278bbfc337b5e3d6f32647895a8
b4fa8b6ef9b108ffa130,SRC102,2,PAIR_47CCD9EE63DF41B946BEA4BD,CLASSIFICATION_CONFLICT,1,1,source_section|source_table|subject_name|investor_name|as_of_date|currency_scale|evidence_quote,MERGE,"The context row stays on page 2 where both lanes filed it: page 1 is a bare cover with no observation, and validate-final rejects a page whose only row is the context row, so the contract's 'always page 1' cannot be met here. subject_name takes the fund exactly as the cited page prints it, in caps, over A's 'Financial Statements', which is the cover title and is not printed on page 2. as_of_date takes A's printed 'December 20, 2016', and source_section takes the statement's printed title. manager_name, investor_name and portfolio_name stay blank: the Fund Manager is named on page 6 and not on the cited page, the fund reports on itself rather than on an investor, and a report title is never a portfolio.",RESOLVED,A+B+ADJUDICATOR,dec577c036c11f70b30193bbfbdf4d478fabfc36f3ef15ae68249a2810f8ddfe
a7609bd2dbf44239ded4,SRC102,2,PAIR_190DA70AF35ECC5D82FF02E4,CONTEXT_CONFLICT,2,2,metric_name,MERGE,"metric_name follows the table's shape: the rows are the measures and the columns are the two years, so the metric is the row label. A used the column header '2016' or '2015', and a period is never a metric name. source_section takes the statement's own printed title, which the contract names as a heading; both lanes left it blank on this page. as_of_date is corrected on the comparative column: both lanes stamped every cell 'December 20, 2016', which dates a 2015 balance as of the 2016 liquidation date. The page prints nothing more precise than '2015' for the comparative column.; Source review: p2: (263.543) Capital - organization and offering expenses (The printed label identifies a statement item, not an institution; retain the accounting scope without an entity ID.)",RESOLVED,A+B+ADJUDICATOR,dec577c036c11f70b30193bbfbdf4d478fabfc36f3ef15ae68249a2810f8ddfe
9f575e866dc649e577d2,SRC102,2,PAIR_3F625ACE92DCC23D8CFC081F,CONTEXT_CONFLICT,3,3,metric_name,MERGE,"metric_name follows the table's shape: the rows are the measures and the columns are the two years, so the metric is the row label. A used the column header '2016' or '2015', and a period is never a metric name. source_section takes the statement's own printed title, which the contract names as a heading; both lanes left it blank on this page. as_of_date is corrected on the comparative column: both lanes stamped every cell 'December 20, 2016', which dates a 2015 balance as of the 2016 liquidation date. The page prints nothing more precise than '2015' for the comparative column.; Source review: p2: Capital - organization and offering expenses (263,543) (The printed label identifies a statement item, not an institution; retain the accounting scope without an entity ID.)",RESOLVED,A+B+ADJUDICATOR,dec577c036c11f70b30193bbfbdf4d478fabfc36f3ef15ae68249a2810f8ddfe
2ad94bba6d7a0042ed49,SRC102,2,PAIR_46CC3B61948C424D6499A4FF,CONTEXT_CONFLICT,4,4,metric_name|evidence_quote,MERGE,"metric_name follows the table's shape: the rows are the measures and the columns are the two years, so the metric is the row label. A used the column header '2016' or '2015', and a period is never a metric name. source_section takes the statement's own printed title, which the contract names as a heading; both lanes left it blank on this page. as_of_date is corrected on the comparative column: both lanes stamped every cell 'December 20, 2016', which dates a 2015 balance as of the 2016 liquidation date. The page prints nothing more precise than '2015' for the comparative column.; Source review: p2: 29,155.169 Capital contributions (The printed label identifies a statement item, not an institution; retain the accounting scope without an entity ID.)",RESOLVED,A+B+ADJUDICATOR,dec577c036c11f70b30193bbfbdf4d478fabfc36f3ef15ae68249a2810f8ddfe
83cbd9ee8d96ce756424,SRC102,2,PAIR_56DB822D9AE1A3C220338625,CONTEXT_CONFLICT,5,5,metric_name|evidence_quote,MERGE,"metric_name follows the table's shape: the rows are the measures and the columns are the two years, so the metric is the row label. A used the column header '2016' or '2015', and a period is never a metric name. source_section takes the statement's own printed title, which the contract names as a heading; both lanes left it blank on this page. as_of_date is corrected on the comparative column: both lanes stamped every cell 'December 20, 2016', which dates a 2015 balance as of the 2016 liquidation date. The page prints nothing more precise than '2015' for the comparative column.; Source review: p2: Capital contributions 29.155.169 (The printed label identifies a statement item, not an institution; retain the accounting scope without an entity ID.)",RESOLVED,A+B+ADJUDICATOR,dec577c036c11f70b30193bbfbdf4d478fabfc36f3ef15ae68249a2810f8ddfe
46c32e8d28931d5c722e,SRC102,2,PAIR_A309C5F4FBB7FA8E953B3566,CONTEXT_CONFLICT,6,6,metric_name,MERGE,"metric_name follows the table's shape: the rows are the measures and the columns are the two years, so the metric is the row label. A used the column header '2016' or '2015', and a period is never a metric name. source_section takes the statement's own printed title, which the contract names as a heading; both lanes left it blank on this page. as_of_date is corrected on the comparative column: both lanes stamped every cell 'December 20, 2016', which dates a 2015 balance as of the 2016 liquidation date. The page prints nothing more precise than '2015' for the comparative column. subject_type is asset_class: a balance-sheet caption naming a kind of asset is classified by its own printed label, while the partners' capital components on this page belong to the reporting entity. metric_value_raw regains the dollar sign the page prints against this cell, which both lanes dropped because the OCR line does not carry it; the printed form is what the contract records.",RESOLVED,A+B+ADJUDICATOR,dec577c036c11f70b30193bbfbdf4d478fabfc36f3ef15ae68249a2810f8ddfe
36b11a80242bc63da54e,SRC102,2,PAIR_420D4683C0908D963CF21D42,CONTEXT_CONFLICT,7,7,metric_name,MERGE,"metric_name follows the table's shape: the rows are the measures and the columns are the two years, so the metric is the row label. A used the column header '2016' or '2015', and a period is never a metric name. source_section takes the statement's own printed title, which the contract names as a heading; both lanes left it blank on this page. as_of_date is corrected on the comparative column: both lanes stamped every cell 'December 20, 2016', which dates a 2015 balance as of the 2016 liquidation date. The page prints nothing more precise than '2015' for the comparative column.; Source review: p2: Distribution (25,517) (The printed label identifies a statement item, not an institution; retain the accounting scope without an entity ID.)",RESOLVED,A+B+ADJUDICATOR,dec577c036c11f70b30193bbfbdf4d478fabfc36f3ef15ae68249a2810f8ddfe
6c26a3985cafb622b409,SRC102,3,PAIR_86B7BEDB12F59CCF8EABDE4E,CONTEXT_CONFLICT,8,8,metric_name,MERGE,"metric_name follows the table's shape: the rows are the measures and the columns are the two years, so the metric is the row label. A used the column header '2016' or '2015', and a period is never a metric name. source_section takes the statement's own printed title, which the contract names as a heading; both lanes left it blank on this page. as_of_date is corrected on the comparative column: both lanes stamped every cell 'December 20, 2016', which dates a 2015 balance as of the 2016 liquidation date. The page prints nothing more precise than '2015' for the comparative column. horizon and period_end take the printed 'Period ended December 20, 2016, with comparative figures for 2015'.; Source review: p3: fair value of investments 8,817,861 406.700 (The printed label identifies a statement item, not an institution; retain the accounting scope without an entity ID.)",RESOLVED,A+B+ADJUDICATOR,dec577c036c11f70b30193bbfbdf4d478fabfc36f3ef15ae68249a2810f8ddfe
8ce0f1457b12170ad2d6,SRC102,3,PAIR_7E3F5B6C2F61E923449AF2EC,CONTEXT_CONFLICT,9,9,metric_name,MERGE,"metric_name follows the table's shape: the rows are the measures and the columns are the two years, so the metric is the row label. A used the column header '2016' or '2015', and a period is never a metric name. source_section takes the statement's own printed title, which the contract names as a heading; both lanes left it blank on this page. as_of_date is corrected on the comparative column: both lanes stamped every cell 'December 20, 2016', which dates a 2015 balance as of the 2016 liquidation date. The page prints nothing more precise than '2015' for the comparative column. horizon and period_end take the printed 'Period ended December 20, 2016, with comparative figures for 2015'.; Source review: p3: fair value of investments 8,817,861 406.700 (The printed label identifies a statement item, not an institution; retain the accounting scope without an entity ID.)",RESOLVED,A+B+ADJUDICATOR,dec577c036c11f70b30193bbfbdf4d478fabfc36f3ef15ae68249a2810f8ddfe
497c641b7647d7fa3761,SRC102,3,PAIR_80CD269E966BEB5368D2454B,CONTEXT_CONFLICT,10,10,metric_name,MERGE,"metric_name follows the table's shape: the rows are the measures and the columns are the two years, so the metric is the row label. A used the column header '2016' or '2015', and a period is never a metric name. source_section takes the statement's own printed title, which the contract names as a heading; both lanes left it blank on this page. as_of_date is corrected on the comparative column: both lanes stamped every cell 'December 20, 2016', which dates a 2015 balance as of the 2016 liquidation date. The page prints nothing more precise than '2015' for the comparative column. horizon and period_end take the printed 'Period ended December 20, 2016, with comparative figures for 2015'.; Source review: p3: Deficit (The amount is a comparative statement-line deficit.) | p3: Deficit (Printed heading or definition supporting the source-reviewed qualifier.) | p3: Deficit, beginning of year (28.856,303) (28.843,512) (The printed label identifies a statement item, not an institution; retain the accounting scope without an entity ID.) | p3: Deficit (Supersedes SR1658: the printed entity or table label is context, not a measurement basis; source labels retain its scope.)",RESOLVED,A+B+ADJUDICATOR,dec577c036c11f70b30193bbfbdf4d478fabfc36f3ef15ae68249a2810f8ddfe
1b799186cbe32ac7a6b7,SRC102,3,PAIR_91758164364663D2E5451694,CONTEXT_CONFLICT,11,11,metric_name,MERGE,"metric_name follows the table's shape: the rows are the measures and the columns are the two years, so the metric is the row label. A used the column header '2016' or '2015', and a period is never a metric name. source_section takes the statement's own printed title, which the contract names as a heading; both lanes left it blank on this page. as_of_date is corrected on the comparative column: both lanes stamped every cell 'December 20, 2016', which dates a 2015 balance as of the 2016 liquidation date. The page prints nothing more precise than '2015' for the comparative column. horizon and period_end take the printed 'Period ended December 20, 2016, with comparative figures for 2015'.; Source review: p3: Deficit (The amount is a comparative statement-line deficit.) | p3: Deficit (Printed heading or definition supporting the source-reviewed qualifier.) | p3: Deficit, beginning of year (28.856,303) (28.843,512) (The printed label identifies a statement item, not an institution; retain the accounting scope without an entity ID.) | p3: Deficit (Supersedes SR1659: the printed entity or table label is context, not a measurement basis; source labels retain its scope.)",RESOLVED,A+B+ADJUDICATOR,dec577c036c11f70b30193bbfbdf4d478fabfc36f3ef15ae68249a2810f8ddfe
75586089f40c46615695,SRC102,3,PAIR_6351A247B98709933CA5A0D6,CONTEXT_CONFLICT,12,12,metric_name,MERGE,"metric_name follows the table's shape: the rows are the measures and the columns are the two years, so the metric is the row label. A used the column header '2016' or '2015', and a period is never a metric name. source_section takes the statement's own printed title, which the contract names as a heading; both lanes left it blank on this page. as_of_date is corrected on the comparative column: both lanes stamped every cell 'December 20, 2016', which dates a 2015 balance as of the 2016 liquidation date. The page prints nothing more precise than '2015' for the comparative column. horizon and period_end take the printed 'Period ended December 20, 2016, with comparative figures for 2015'.; Source review: p3: Deficit (The amount is a comparative statement-line deficit.) | p3: Deficit (Printed heading or definition supporting the source-reviewed qualifier.) | p3: Deficit, end of year $(28,866,109)$(28,856,303) (The printed label identifies a statement item, not an institution; retain the accounting scope without an entity ID.) | p3: Deficit (Supersedes SR1660: the printed entity or table label is context, not a measurement basis; source labels retain its scope.)",RESOLVED,A+B+ADJUDICATOR,dec577c036c11f70b30193bbfbdf4d478fabfc36f3ef15ae68249a2810f8ddfe
df63c9cee182e08fe601,SRC102,3,PAIR_04463738754456BD2A17122F,CONTEXT_CONFLICT,13,13,metric_name,MERGE,"metric_name follows the table's shape: the rows are the measures and the columns are the two years, so the metric is the row label. A used the column header '2016' or '2015', and a period is never a metric name. source_section takes the statement's own printed title, which the contract names as a heading; both lanes left it blank on this page. as_of_date is corrected on the comparative column: both lanes stamped every cell 'December 20, 2016', which dates a 2015 balance as of the 2016 liquidation date. The page prints nothing more precise than '2015' for the comparative column. horizon and period_end take the printed 'Period ended December 20, 2016, with comparative figures for 2015'.; Source review: p3: Deficit (The amount is a comparative statement-line deficit.) | p3: Deficit (Printed heading or definition supporting the source-reviewed qualifier.) | p3: Deficit, end of year $(28,866,109)$(28,856,303) (The printed label identifies a statement item, not an institution; retain the accounting scope without an entity ID.) | p3: Deficit (Supersedes SR1661: the printed entity or table label is context, not a measurement basis; source labels retain its scope.)",RESOLVED,A+B+ADJUDICATOR,dec577c036c11f70b30193bbfbdf4d478fabfc36f3ef15ae68249a2810f8ddfe
b5ebd303df8a50476ddd,SRC102,3,PAIR_7DDC4A54301CE775A1830D55,CONTEXT_CONFLICT,14,14,metric_name,MERGE,"metric_name follows the table's shape: the rows are the measures and the columns are the two years, so the metric is the row label. A used the column header '2016' or '2015', and a period is never a metric name. source_section takes the statement's own printed title, which the contract names as a heading; both lanes left it blank on this page. as_of_date is corrected on the comparative column: both lanes stamped every cell 'December 20, 2016', which dates a 2015 balance as of the 2016 liquidation date. The page prints nothing more precise than '2015' for the comparative column. horizon and period_end take the printed 'Period ended December 20, 2016, with comparative figures for 2015'.; Source review: p3: Legal fees 1,334 6,492 (The printed label identifies a statement item, not an institution; retain the accounting scope without an entity ID.)",RESOLVED,A+B+ADJUDICATOR,dec577c036c11f70b30193bbfbdf4d478fabfc36f3ef15ae68249a2810f8ddfe
f31fcdea178c6ab64a9e,SRC102,3,PAIR_79280BEEB6E0E6931104743C,CONTEXT_CONFLICT,15,15,metric_name,MERGE,"metric_name follows the table's shape: the rows are the measures and the columns are the two years, so the metric is the row label. A used the column header '2016' or '2015', and a period is never a metric name. source_section takes the statement's own printed title, which the contract names as a heading; both lanes left it blank on this page. as_of_date is corrected on the comparative column: both lanes stamped every cell 'December 20, 2016', which dates a 2015 balance as of the 2016 liquidation date. The page prints nothing more precise than '2015' for the comparative column. horizon and period_end take the printed 'Period ended December 20, 2016, with comparative figures for 2015'.; Source review: p3: Legal fees 1,334 6,492 (The printed label identifies a statement item, not an institution; retain the accounting scope without an entity ID.)",RESOLVED,A+B+ADJUDICATOR,dec577c036c11f70b30193bbfbdf4d478fabfc36f3ef15ae68249a2810f8ddfe
f907c5bc626a6d4062fe,SRC102,3,PAIR_39DEF4772B32EE745D3493B9,CONTEXT_CONFLICT,16,16,metric_name,MERGE,"metric_name follows the table's shape: the rows are the measures and the columns are the two years, so the metric is the row label. A used the column header '2016' or '2015', and a period is never a metric name. source_section takes the statement's own printed title, which the contract names as a heading; both lanes left it blank on this page. as_of_date is corrected on the comparative column: both lanes stamped every cell 'December 20, 2016', which dates a 2015 balance as of the 2016 liquidation date. The page prints nothing more precise than '2015' for the comparative column. horizon and period_end take the printed 'Period ended December 20, 2016, with comparative figures for 2015'.; Source review: p3: Loss before the undernoted (9,806) (12,791) (The printed label identifies a statement item, not an institution; retain the accounting scope without an entity ID.)",RESOLVED,A+B+ADJUDICATOR,dec577c036c11f70b30193bbfbdf4d478fabfc36f3ef15ae68249a2810f8ddfe
941d98178801d84feeda,SRC102,3,PAIR_3D70299E6CC075CF74AD091D,CONTEXT_CONFLICT,17,17,metric_name,MERGE,"metric_name follows the table's shape: the rows are the measures and the columns are the two years, so the metric is the row label. A used the column header '2016' or '2015', and a period is never a metric name. source_section takes the statement's own printed title, which the contract names as a heading; both lanes left it blank on this page. as_of_date is corrected on the comparative column: both lanes stamped every cell 'December 20, 2016', which dates a 2015 balance as of the 2016 liquidation date. The page prints nothing more precise than '2015' for the comparative column. horizon and period_end take the printed 'Period ended December 20, 2016, with comparative figures for 2015'.; Source review: p3: Loss before the undernoted (9,806) (12,791) (The printed label identifies a statement item, not an institution; retain the accounting scope without an entity ID.)",RESOLVED,A+B+ADJUDICATOR,dec577c036c11f70b30193bbfbdf4d478fabfc36f3ef15ae68249a2810f8ddfe
902fdbd1dbda1b3ce31b,SRC102,3,PAIR_808CFB00E0E5411E6CD56B39,CONTEXT_CONFLICT,18,18,metric_name,MERGE,"metric_name follows the table's shape: the rows are the measures and the columns are the two years, so the metric is the row label. A used the column header '2016' or '2015', and a period is never a metric name. source_section takes the statement's own printed title, which the contract names as a heading; both lanes left it blank on this page. as_of_date is corrected on the comparative column: both lanes stamped every cell 'December 20, 2016', which dates a 2015 balance as of the 2016 liquidation date. The page prints nothing more precise than '2015' for the comparative column. horizon and period_end take the printed 'Period ended December 20, 2016, with comparative figures for 2015'.; Source review: p3: Office and administrative 2.472 1,109 (The printed label identifies a statement item, not an institution; retain the accounting scope without an entity ID.)",RESOLVED,A+B+ADJUDICATOR,dec577c036c11f70b30193bbfbdf4d478fabfc36f3ef15ae68249a2810f8ddfe
46bdeb24f5ecc7133642,SRC102,3,PAIR_FC2A0DDA7EF377EFFD8B8E4C,CONTEXT_CONFLICT,19,19,metric_name,MERGE,"metric_name follows the table's shape: the rows are the measures and the columns are the two years, so the metric is the row label. A used the column header '2016' or '2015', and a period is never a metric name. source_section takes the statement's own printed title, which the contract names as a heading; both lanes left it blank on this page. as_of_date is corrected on the comparative column: both lanes stamped every cell 'December 20, 2016', which dates a 2015 balance as of the 2016 liquidation date. The page prints nothing more precise than '2015' for the comparative column. horizon and period_end take the printed 'Period ended December 20, 2016, with comparative figures for 2015'.; Source review: p3: Office and administrative 2.472 1,109 (The printed label identifies a statement item, not an institution; retain the accounting scope without an entity ID.)",RESOLVED,A+B+ADJUDICATOR,dec577c036c11f70b30193bbfbdf4d478fabfc36f3ef15ae68249a2810f8ddfe
482cb5ea66729e307fe8,SRC102,3,PAIR_A1E8F7E289B8002E94D0BAEC,CONTEXT_CONFLICT,20,20,metric_name,MERGE,"metric_name follows the table's shape: the rows are the measures and the columns are the two years, so the metric is the row label. A used the column header '2016' or '2015', and a period is never a metric name. source_section takes the statement's own printed title, which the contract names as a heading; both lanes left it blank on this page. as_of_date is corrected on the comparative column: both lanes stamped every cell 'December 20, 2016', which dates a 2015 balance as of the 2016 liquidation date. The page prints nothing more precise than '2015' for the comparative column. horizon and period_end take the printed 'Period ended December 20, 2016, with comparative figures for 2015'.; Source review: p3: Professional fees 6,000 5,190 (The printed label identifies a statement item, not an institution; retain the accounting scope without an entity ID.)",RESOLVED,A+B+ADJUDICATOR,dec577c036c11f70b30193bbfbdf4d478fabfc36f3ef15ae68249a2810f8ddfe
2a0c1ff06ea384d26d0f,SRC102,3,PAIR_650E7D3B48588A5EC12A037A,CONTEXT_CONFLICT,21,21,metric_name,MERGE,"metric_name follows the table's shape: the rows are the measures and the columns are the two years, so the metric is the row label. A used the column header '2016' or '2015', and a period is never a metric name. source_section takes the statement's own printed title, which the contract names as a heading; both lanes left it blank on this page. as_of_date is corrected on the comparative column: both lanes stamped every cell 'December 20, 2016', which dates a 2015 balance as of the 2016 liquidation date. The page prints nothing more precise than '2015' for the comparative column. horizon and period_end take the printed 'Period ended December 20, 2016, with comparative figures for 2015'.; Source review: p3: Professional fees 6,000 5,190 (The printed label identifies a statement item, not an institution; retain the accounting scope without an entity ID.)",RESOLVED,A+B+ADJUDICATOR,dec577c036c11f70b30193bbfbdf4d478fabfc36f3ef15ae68249a2810f8ddfe
0dacc623b9d78b145e8b,SRC102,3,PAIR_71F481BE98BDE9AA98F62FFE,CONTEXT_CONFLICT,22,22,metric_name,MERGE,"metric_name follows the table's shape: the rows are the measures and the columns are the two years, so the metric is the row label. A used the column header '2016' or '2015', and a period is never a metric name. source_section takes the statement's own printed title, which the contract names as a heading; both lanes left it blank on this page. as_of_date is corrected on the comparative column: both lanes stamped every cell 'December 20, 2016', which dates a 2015 balance as of the 2016 liquidation date. The page prints nothing more precise than '2015' for the comparative column. horizon and period_end take the printed 'Period ended December 20, 2016, with comparative figures for 2015'.; Source review: p3: Realized gain (loss) on investments (8,817,861) (406,700) (The printed label identifies a statement item, not an institution; retain the accounting scope without an entity ID.)",RESOLVED,A+B+ADJUDICATOR,dec577c036c11f70b30193bbfbdf4d478fabfc36f3ef15ae68249a2810f8ddfe
420ad2468224583e1d17,SRC102,3,PAIR_18687DD785400FA60B3A8979,CONTEXT_CONFLICT,23,23,metric_name,MERGE,"metric_name follows the table's shape: the rows are the measures and the columns are the two years, so the metric is the row label. A used the column header '2016' or '2015', and a period is never a metric name. source_section takes the statement's own printed title, which the contract names as a heading; both lanes left it blank on this page. as_of_date is corrected on the comparative column: both lanes stamped every cell 'December 20, 2016', which dates a 2015 balance as of the 2016 liquidation date. The page prints nothing more precise than '2015' for the comparative column. horizon and period_end take the printed 'Period ended December 20, 2016, with comparative figures for 2015'.; Source review: p3: Realized gain (loss) on investments (8,817,861) (406,700) (The printed label identifies a statement item, not an institution; retain the accounting scope without an entity ID.)",RESOLVED,A+B+ADJUDICATOR,dec577c036c11f70b30193bbfbdf4d478fabfc36f3ef15ae68249a2810f8ddfe
8f993df3d61374adc08c,SRC102,4,PAIR_5CD75D3F3CD9AE3A5F0D9F5C,CONTEXT_CONFLICT,24,24,metric_name|evidence_quote,MERGE,"metric_name follows the table's shape: the rows are the measures and the columns are the two years, so the metric is the row label. A used the column header '2016' or '2015', and a period is never a metric name. source_section takes the statement's own printed title, which the contract names as a heading; both lanes left it blank on this page. as_of_date is corrected on the comparative column: both lanes stamped every cell 'December 20, 2016', which dates a 2015 balance as of the 2016 liquidation date. The page prints nothing more precise than '2015' for the comparative column. horizon and period_end take the printed 'Period ended December 20, 2016, with comparative figures for 2015'.; Source review: p4: Cash, beginning of year 54.477 48,231 (The printed label identifies a statement item, not an institution; retain the accounting scope without an entity ID.)",RESOLVED,A+B+ADJUDICATOR,dec577c036c11f70b30193bbfbdf4d478fabfc36f3ef15ae68249a2810f8ddfe
47a8908f6f8f01d3e409,SRC102,4,PAIR_E166F63D5B743AB2C5F82431,CONTEXT_CONFLICT,25,25,metric_name|evidence_quote,MERGE,"metric_name follows the table's shape: the rows are the measures and the columns are the two years, so the metric is the row label. A used the column header '2016' or '2015', and a period is never a metric name. source_section takes the statement's own printed title, which the contract names as a heading; both lanes left it blank on this page. as_of_date is corrected on the comparative column: both lanes stamped every cell 'December 20, 2016', which dates a 2015 balance as of the 2016 liquidation date. The page prints nothing more precise than '2015' for the comparative column. horizon and period_end take the printed 'Period ended December 20, 2016, with comparative figures for 2015'.; Source review: p4: Cash, beginning of year 54.477 48,231 (The printed label identifies a statement item, not an institution; retain the accounting scope without an entity ID.)",RESOLVED,A+B+ADJUDICATOR,dec577c036c11f70b30193bbfbdf4d478fabfc36f3ef15ae68249a2810f8ddfe
b3987d6c6d250e6522bf,SRC102,4,PAIR_623CB96AAA53FAE5C8A92B5B,B_ONLY,,26,,MERGE,"metric_name follows the table's shape: the rows are the measures and the columns are the two years, so the metric is the row label. A used the column header '2016' or '2015', and a period is never a metric name. source_section takes the statement's own printed title, which the contract names as a heading; both lanes left it blank on this page. as_of_date is corrected on the comparative column: both lanes stamped every cell 'December 20, 2016', which dates a 2015 balance as of the 2016 liquidation date. The page prints nothing more precise than '2015' for the comparative column. metric_value_raw regains the dollar sign the page prints against this cell, which both lanes dropped because the OCR line does not carry it; the printed form is what the contract records. A never wrote this cell. It is printed, it maps to an allowed category, and B's one-sided row is confirmed against page-004.png. horizon and period_end take the printed 'Period ended December 20, 2016, with comparative figures for 2015'.; Source review: p4: 48,231 (The printed label identifies a statement item, not an institution; retain the accounting scope without an entity ID.)",RESOLVED,B+ADJUDICATOR,dec577c036c11f70b30193bbfbdf4d478fabfc36f3ef15ae68249a2810f8ddfe
95f3a3303230788ddc53,SRC102,4,PAIR_3562B0B61E46D76C8EA3713A,B_ONLY,,29,,MERGE,"metric_name follows the table's shape: the rows are the measures and the columns are the two years, so the metric is the row label. A used the column header '2016' or '2015', and a period is never a metric name. source_section takes the statement's own printed title, which the contract names as a heading; both lanes left it blank on this page. as_of_date is corrected on the comparative column: both lanes stamped every cell 'December 20, 2016', which dates a 2015 balance as of the 2016 liquidation date. The page prints nothing more precise than '2015' for the comparative column. A never wrote this cell. It is printed, it maps to an allowed category, and B's one-sided row is confirmed against page-004.png. horizon and period_end take the printed 'Period ended December 20, 2016, with comparative figures for 2015'.; Source review: p4: (406.700) (The printed label identifies a statement item, not an institution; retain the accounting scope without an entity ID.)",RESOLVED,B+ADJUDICATOR,dec577c036c11f70b30193bbfbdf4d478fabfc36f3ef15ae68249a2810f8ddfe
4fbeb3b26ba9f42a1c63,SRC102,4,PAIR_35A30BFE5073DA4CFC0C5387,B_ONLY,,30,,MERGE,"metric_name follows the table's shape: the rows are the measures and the columns are the two years, so the metric is the row label. A used the column header '2016' or '2015', and a period is never a metric name. source_section takes the statement's own printed title, which the contract names as a heading; both lanes left it blank on this page. as_of_date is corrected on the comparative column: both lanes stamped every cell 'December 20, 2016', which dates a 2015 balance as of the 2016 liquidation date. The page prints nothing more precise than '2015' for the comparative column. A never wrote this cell. It is printed, it maps to an allowed category, and B's one-sided row is confirmed against page-004.png. horizon and period_end take the printed 'Period ended December 20, 2016, with comparative figures for 2015'.; Source review: p4: (8,817.861) (The printed label identifies a statement item, not an institution; retain the accounting scope without an entity ID.)",RESOLVED,B+ADJUDICATOR,dec577c036c11f70b30193bbfbdf4d478fabfc36f3ef15ae68249a2810f8ddfe
2410a5e162af6d2b1b48,SRC102,4,PAIR_D06F62CD496599A3F5DBC604,B_ONLY,,31,,MERGE,"metric_name follows the table's shape: the rows are the measures and the columns are the two years, so the metric is the row label. A used the column header '2016' or '2015', and a period is never a metric name. source_section takes the statement's own printed title, which the contract names as a heading; both lanes left it blank on this page. as_of_date is corrected on the comparative column: both lanes stamped every cell 'December 20, 2016', which dates a 2015 balance as of the 2016 liquidation date. The page prints nothing more precise than '2015' for the comparative column. A never wrote this cell. It is printed, it maps to an allowed category, and B's one-sided row is confirmed against page-004.png. horizon and period_end take the printed 'Period ended December 20, 2016, with comparative figures for 2015'.; Source review: p4: (25,517) (The printed label identifies a statement item, not an institution; retain the accounting scope without an entity ID.)",RESOLVED,B+ADJUDICATOR,dec577c036c11f70b30193bbfbdf4d478fabfc36f3ef15ae68249a2810f8ddfe
7848ef221bbc0cc418b3,SRC102,4,PAIR_585ECA54BD3681A9338DF941,B_ONLY,,34,,MERGE,"metric_name follows the table's shape: the rows are the measures and the columns are the two years, so the metric is the row label. A used the column header '2016' or '2015', and a period is never a metric name. source_section takes the statement's own printed title, which the contract names as a heading; both lanes left it blank on this page. as_of_date is corrected on the comparative column: both lanes stamped every cell 'December 20, 2016', which dates a 2015 balance as of the 2016 liquidation date. The page prints nothing more precise than '2015' for the comparative column. A never wrote this cell. It is printed, it maps to an allowed category, and B's one-sided row is confirmed against page-004.png. horizon and period_end take the printed 'Period ended December 20, 2016, with comparative figures for 2015'.; Source review: p4: 406.700 (The printed label identifies a statement item, not an institution; retain the accounting scope without an entity ID.)",RESOLVED,B+ADJUDICATOR,dec577c036c11f70b30193bbfbdf4d478fabfc36f3ef15ae68249a2810f8ddfe
ced1db80253ae7843dff,SRC102,4,PAIR_03A9267B9713B6312CC3BA24,B_ONLY,,35,,MERGE,"metric_name follows the table's shape: the rows are the measures and the columns are the two years, so the metric is the row label. A used the column header '2016' or '2015', and a period is never a metric name. source_section takes the statement's own printed title, which the contract names as a heading; both lanes left it blank on this page. as_of_date is corrected on the comparative column: both lanes stamped every cell 'December 20, 2016', which dates a 2015 balance as of the 2016 liquidation date. The page prints nothing more precise than '2015' for the comparative column. A never wrote this cell. It is printed, it maps to an allowed category, and B's one-sided row is confirmed against page-004.png. horizon and period_end take the printed 'Period ended December 20, 2016, with comparative figures for 2015'.; Source review: p4: 8,817,861 (The printed label identifies a statement item, not an institution; retain the accounting scope without an entity ID.)",RESOLVED,B+ADJUDICATOR,dec577c036c11f70b30193bbfbdf4d478fabfc36f3ef15ae68249a2810f8ddfe
c6f250fe6d84f59647bd,SRC102,6,,ADJUDICATOR_ADD,,,,ADD,Upstream source review: the previous coverage instruction excluded this printed definition as reference-only content; source page 6.,ADDED,ADJUDICATOR,dec577c036c11f70b30193bbfbdf4d478fabfc36f3ef15ae68249a2810f8ddfe
ab70cfd2d0fd388da124,SRC102,7,,ADJUDICATOR_ADD,,,,ADD,Upstream source review: the previous coverage instruction excluded this printed definition as reference-only content; source page 7.,ADDED,ADJUDICATOR,dec577c036c11f70b30193bbfbdf4d478fabfc36f3ef15ae68249a2810f8ddfe
fecfe3a6e752d1c9994f,SRC102,7,,ADJUDICATOR_ADD,,,,ADD,Upstream source review: the previous coverage instruction excluded this printed definition as reference-only content; source page 7.,ADDED,ADJUDICATOR,dec577c036c11f70b30193bbfbdf4d478fabfc36f3ef15ae68249a2810f8ddfe
bca38942ef5ebbf9563d,SRC102,7,,ADJUDICATOR_ADD,,,,ADD,Upstream source review: the previous coverage instruction excluded this printed definition as reference-only content; source page 7.,ADDED,ADJUDICATOR,dec577c036c11f70b30193bbfbdf4d478fabfc36f3ef15ae68249a2810f8ddfe
30f26849849654b55a6f,SRC102,7,,ADJUDICATOR_ADD,,,,ADD,Upstream source review: the previous coverage instruction excluded this printed definition as reference-only content; source page 7.,ADDED,ADJUDICATOR,dec577c036c11f70b30193bbfbdf4d478fabfc36f3ef15ae68249a2810f8ddfe
2f6bc45bc769f4a71ea6,SRC102,8,,ADJUDICATOR_ADD,,,,ADD,Upstream source review: the previous coverage instruction excluded this printed definition as reference-only content; source page 8.,ADDED,ADJUDICATOR,dec577c036c11f70b30193bbfbdf4d478fabfc36f3ef15ae68249a2810f8ddfe
b966a6007ff57678e418,SRC102,8,,ADJUDICATOR_ADD,,,,ADD,Upstream source review: the previous coverage instruction excluded this printed definition as reference-only content; source page 8.,ADDED,ADJUDICATOR,dec577c036c11f70b30193bbfbdf4d478fabfc36f3ef15ae68249a2810f8ddfe
0e0457fa27c5eb94944a,SRC102,8,,ADJUDICATOR_ADD,,,,ADD,Upstream source review: the previous coverage instruction excluded this printed definition as reference-only content; source page 8.,ADDED,ADJUDICATOR,dec577c036c11f70b30193bbfbdf4d478fabfc36f3ef15ae68249a2810f8ddfe
eb5d2002b82f8f4cd786,SRC102,8,,ADJUDICATOR_ADD,,,,ADD,Upstream source review: the previous coverage instruction excluded this printed definition as reference-only content; source page 8.,ADDED,ADJUDICATOR,dec577c036c11f70b30193bbfbdf4d478fabfc36f3ef15ae68249a2810f8ddfe
ca7e60df86aad202d47c,SRC102,10,PAIR_353C904A54103B2EA7708D59,CLASSIFICATION_CONFLICT,26,36,record_family|source_section|source_column_label|subject_type|subject_name|metric_name|evidence_quote,MERGE,"The family is financial_statement_observation, not B's fund_economics_observation: the chooser reaches fund_economics only where commitment and contributed capital are reported beside multiples or an IRR, and nothing of the sort is printed here, so this note line belongs with the partners' capital tables on page 11, which both lanes typed financial_statement_observation. The row is a sentence and has no column, so source_column_label is blank rather than A's UNLABELED_COLUMN_1, which is for a table column with no printed header, and metric_name is the printed 'Committed capital' rather than that same placeholder. subject_name takes the fund as the page header prints it. source_section and source_table take the two printed headings, the note and its lettered subsection.; Source review: p10: As at December 20, 2016, the partners' committed capital is $29,323,226. (The heading names the fund partnership whose total partner commitment the note reports.)",RESOLVED,A+B+ADJUDICATOR,dec577c036c11f70b30193bbfbdf4d478fabfc36f3ef15ae68249a2810f8ddfe
235399f9f218d010be80,SRC102,11,PAIR_195F6B9AC193AEC25F9ABF43,VALUE_CONFLICT,39,39,source_section|source_table|subject_type|metric_value_raw,MERGE,"source_occurrence follows position on the page and nothing else. The inception-to-date table (b) is printed above the current-year table (c), so for the four column labels the two tables share, Total commitment, Net capital contributions, Management fees and Distribution, the inception table is occurrence 1 and the current-year table is occurrence 2. B numbered them the other way round, which is what made twelve of this page's sixteen value conflicts: neither lane misread a digit, the two lanes had the same printed number filed under two different occurrence numbers. A's direction is kept. metric_value_raw keeps the dollar sign the page prints against the JPIV G.P., L.P. row, which is the first data row of each table and the only row carrying the column's currency marker; A dropped it on all sixteen of its cells. source_table and source_section take the printed headings with their enumerators. subject_type is investor: the row labels name the general partner and the limited partner holding the capital account, which B typed other_printed_scope. The transcription is verified by the printed arithmetic: 146,616 plus 29,176,610 is the printed 29,323,226 total commitment, 177 plus 35,146 is the printed 35,323 opening capital account, and 44,089 plus 8,773,772 is the printed 8,817,861 change in unrealized loss.",RESOLVED,A+B+ADJUDICATOR,dec577c036c11f70b30193bbfbdf4d478fabfc36f3ef15ae68249a2810f8ddfe
1ccef32e13eb56972a6d,SRC102,11,PAIR_728116C7D41EB18608B04502,VALUE_CONFLICT,40,40,source_section|source_table|subject_type|metric_value_raw|evidence_quote,MERGE,"source_occurrence follows position on the page and nothing else. The inception-to-date table (b) is printed above the current-year table (c), so for the four column labels the two tables share, Total commitment, Net capital contributions, Management fees and Distribution, the inception table is occurrence 1 and the current-year table is occurrence 2. B numbered them the other way round, which is what made twelve of this page's sixteen value conflicts: neither lane misread a digit, the two lanes had the same printed number filed under two different occurrence numbers. A's direction is kept. metric_value_raw keeps the dollar sign the page prints against the JPIV G.P., L.P. row, which is the first data row of each table and the only row carrying the column's currency marker; A dropped it on all sixteen of its cells. source_table and source_section take the printed headings with their enumerators. subject_type is investor: the row labels name the general partner and the limited partner holding the capital account, which B typed other_printed_scope. The transcription is verified by the printed arithmetic: 146,616 plus 29,176,610 is the printed 29,323,226 total commitment, 177 plus 35,146 is the printed 35,323 opening capital account, and 44,089 plus 8,773,772 is the printed 8,817,861 change in unrealized loss.",RESOLVED,A+B+ADJUDICATOR,dec577c036c11f70b30193bbfbdf4d478fabfc36f3ef15ae68249a2810f8ddfe
13853722dbf40b54359d,SRC102,11,PAIR_9F24E031D87E8ACF63B2CF6D,VALUE_CONFLICT,41,41,source_section|source_table|subject_type|metric_value_raw|evidence_quote,MERGE,"source_occurrence follows position on the page and nothing else. The inception-to-date table (b) is printed above the current-year table (c), so for the four column labels the two tables share, Total commitment, Net capital contributions, Management fees and Distribution, the inception table is occurrence 1 and the current-year table is occurrence 2. B numbered them the other way round, which is what made twelve of this page's sixteen value conflicts: neither lane misread a digit, the two lanes had the same printed number filed under two different occurrence numbers. A's direction is kept. metric_value_raw keeps the dollar sign the page prints against the JPIV G.P., L.P. row, which is the first data row of each table and the only row carrying the column's currency marker; A dropped it on all sixteen of its cells. source_table and source_section take the printed headings with their enumerators. subject_type is investor: the row labels name the general partner and the limited partner holding the capital account, which B typed other_printed_scope. The transcription is verified by the printed arithmetic: 146,616 plus 29,176,610 is the printed 29,323,226 total commitment, 177 plus 35,146 is the printed 35,323 opening capital account, and 44,089 plus 8,773,772 is the printed 8,817,861 change in unrealized loss.",RESOLVED,A+B+ADJUDICATOR,dec577c036c11f70b30193bbfbdf4d478fabfc36f3ef15ae68249a2810f8ddfe
43d4b5d2b21e3ac72ac1,SRC102,11,PAIR_AE82AD9F5A076D2834DC60A1,VALUE_CONFLICT,42,56,source_section|subject_type|metric_value_raw,MERGE,"source_occurrence follows position on the page and nothing else. The inception-to-date table (b) is printed above the current-year table (c), so for the four column labels the two tables share, Total commitment, Net capital contributions, Management fees and Distribution, the inception table is occurrence 1 and the current-year table is occurrence 2. B numbered them the other way round, which is what made twelve of this page's sixteen value conflicts: neither lane misread a digit, the two lanes had the same printed number filed under two different occurrence numbers. A's direction is kept. metric_value_raw keeps the dollar sign the page prints against the JPIV G.P., L.P. row, which is the first data row of each table and the only row carrying the column's currency marker; A dropped it on all sixteen of its cells. source_table and source_section take the printed headings with their enumerators. subject_type is investor: the row labels name the general partner and the limited partner holding the capital account, which B typed other_printed_scope. The transcription is verified by the printed arithmetic: 146,616 plus 29,176,610 is the printed 29,323,226 total commitment, 177 plus 35,146 is the printed 35,323 opening capital account, and 44,089 plus 8,773,772 is the printed 8,817,861 change in unrealized loss.",RESOLVED,A+B+ADJUDICATOR,dec577c036c11f70b30193bbfbdf4d478fabfc36f3ef15ae68249a2810f8ddfe
ee84e245357a4a03588f,SRC102,11,PAIR_F1622B29D38D581A8BFF37BB,VALUE_CONFLICT,43,57,source_section|subject_type|metric_value_raw,MERGE,"source_occurrence follows position on the page and nothing else. The inception-to-date table (b) is printed above the current-year table (c), so for the four column labels the two tables share, Total commitment, Net capital contributions, Management fees and Distribution, the inception table is occurrence 1 and the current-year table is occurrence 2. B numbered them the other way round, which is what made twelve of this page's sixteen value conflicts: neither lane misread a digit, the two lanes had the same printed number filed under two different occurrence numbers. A's direction is kept. metric_value_raw keeps the dollar sign the page prints against the JPIV G.P., L.P. row, which is the first data row of each table and the only row carrying the column's currency marker; A dropped it on all sixteen of its cells. source_table and source_section take the printed headings with their enumerators. subject_type is investor: the row labels name the general partner and the limited partner holding the capital account, which B typed other_printed_scope. The transcription is verified by the printed arithmetic: 146,616 plus 29,176,610 is the printed 29,323,226 total commitment, 177 plus 35,146 is the printed 35,323 opening capital account, and 44,089 plus 8,773,772 is the printed 8,817,861 change in unrealized loss.",RESOLVED,A+B+ADJUDICATOR,dec577c036c11f70b30193bbfbdf4d478fabfc36f3ef15ae68249a2810f8ddfe
c75902edee5b30f33f46,SRC102,11,PAIR_D538248DF341B5B77B16ED8A,VALUE_CONFLICT,44,44,source_section|source_table|subject_type|metric_value_raw,MERGE,"source_occurrence follows position on the page and nothing else. The inception-to-date table (b) is printed above the current-year table (c), so for the four column labels the two tables share, Total commitment, Net capital contributions, Management fees and Distribution, the inception table is occurrence 1 and the current-year table is occurrence 2. B numbered them the other way round, which is what made twelve of this page's sixteen value conflicts: neither lane misread a digit, the two lanes had the same printed number filed under two different occurrence numbers. A's direction is kept. metric_value_raw keeps the dollar sign the page prints against the JPIV G.P., L.P. row, which is the first data row of each table and the only row carrying the column's currency marker; A dropped it on all sixteen of its cells. source_table and source_section take the printed headings with their enumerators. subject_type is investor: the row labels name the general partner and the limited partner holding the capital account, which B typed other_printed_scope. The transcription is verified by the printed arithmetic: 146,616 plus 29,176,610 is the printed 29,323,226 total commitment, 177 plus 35,146 is the printed 35,323 opening capital account, and 44,089 plus 8,773,772 is the printed 8,817,861 change in unrealized loss.",RESOLVED,A+B+ADJUDICATOR,dec577c036c11f70b30193bbfbdf4d478fabfc36f3ef15ae68249a2810f8ddfe
c8de48230427a22e4465,SRC102,11,PAIR_F28F61322C4900F22B1B9B84,CONTEXT_CONFLICT,45,47,source_section|source_table,MERGE,"source_occurrence follows position on the page and nothing else. The inception-to-date table (b) is printed above the current-year table (c), so for the four column labels the two tables share, Total commitment, Net capital contributions, Management fees and Distribution, the inception table is occurrence 1 and the current-year table is occurrence 2. B numbered them the other way round, which is what made twelve of this page's sixteen value conflicts: neither lane misread a digit, the two lanes had the same printed number filed under two different occurrence numbers. A's direction is kept. metric_value_raw keeps the dollar sign the page prints against the JPIV G.P., L.P. row, which is the first data row of each table and the only row carrying the column's currency marker; A dropped it on all sixteen of its cells. source_table and source_section take the printed headings with their enumerators. subject_type is investor: the row labels name the general partner and the limited partner holding the capital account, which B typed other_printed_scope. The transcription is verified by the printed arithmetic: 146,616 plus 29,176,610 is the printed 29,323,226 total commitment, 177 plus 35,146 is the printed 35,323 opening capital account, and 44,089 plus 8,773,772 is the printed 8,817,861 change in unrealized loss.",RESOLVED,A+B+ADJUDICATOR,dec577c036c11f70b30193bbfbdf4d478fabfc36f3ef15ae68249a2810f8ddfe
3bc8da66b35c90c3b11c,SRC102,11,PAIR_57482521C1AACC342481520B,VALUE_CONFLICT,46,48,source_section|source_table|metric_value_raw|evidence_quote,MERGE,"source_occurrence follows position on the page and nothing else. The inception-to-date table (b) is printed above the current-year table (c), so for the four column labels the two tables share, Total commitment, Net capital contributions, Management fees and Distribution, the inception table is occurrence 1 and the current-year table is occurrence 2. B numbered them the other way round, which is what made twelve of this page's sixteen value conflicts: neither lane misread a digit, the two lanes had the same printed number filed under two different occurrence numbers. A's direction is kept. metric_value_raw keeps the dollar sign the page prints against the JPIV G.P., L.P. row, which is the first data row of each table and the only row carrying the column's currency marker; A dropped it on all sixteen of its cells. source_table and source_section take the printed headings with their enumerators. subject_type is investor: the row labels name the general partner and the limited partner holding the capital account, which B typed other_printed_scope. The transcription is verified by the printed arithmetic: 146,616 plus 29,176,610 is the printed 29,323,226 total commitment, 177 plus 35,146 is the printed 35,323 opening capital account, and 44,089 plus 8,773,772 is the printed 8,817,861 change in unrealized loss.",RESOLVED,A+B+ADJUDICATOR,dec577c036c11f70b30193bbfbdf4d478fabfc36f3ef15ae68249a2810f8ddfe
62739b1e8b59f8966e9d,SRC102,11,PAIR_5D4A47E647778E0EA787B7FE,VALUE_CONFLICT,47,49,source_section|source_table|metric_value_raw|evidence_quote,MERGE,"source_occurrence follows position on the page and nothing else. The inception-to-date table (b) is printed above the current-year table (c), so for the four column labels the two tables share, Total commitment, Net capital contributions, Management fees and Distribution, the inception table is occurrence 1 and the current-year table is occurrence 2. B numbered them the other way round, which is what made twelve of this page's sixteen value conflicts: neither lane misread a digit, the two lanes had the same printed number filed under two different occurrence numbers. A's direction is kept. metric_value_raw keeps the dollar sign the page prints against the JPIV G.P., L.P. row, which is the first data row of each table and the only row carrying the column's currency marker; A dropped it on all sixteen of its cells. source_table and source_section take the printed headings with their enumerators. subject_type is investor: the row labels name the general partner and the limited partner holding the capital account, which B typed other_printed_scope. The transcription is verified by the printed arithmetic: 146,616 plus 29,176,610 is the printed 29,323,226 total commitment, 177 plus 35,146 is the printed 35,323 opening capital account, and 44,089 plus 8,773,772 is the printed 8,817,861 change in unrealized loss.",RESOLVED,A+B+ADJUDICATOR,dec577c036c11f70b30193bbfbdf4d478fabfc36f3ef15ae68249a2810f8ddfe
85f34bcb293c48c94751,SRC102,11,PAIR_C4E7211EE0E3D2A58050D87C,CONTEXT_CONFLICT,48,62,source_section,MERGE,"source_occurrence follows position on the page and nothing else. The inception-to-date table (b) is printed above the current-year table (c), so for the four column labels the two tables share, Total commitment, Net capital contributions, Management fees and Distribution, the inception table is occurrence 1 and the current-year table is occurrence 2. B numbered them the other way round, which is what made twelve of this page's sixteen value conflicts: neither lane misread a digit, the two lanes had the same printed number filed under two different occurrence numbers. A's direction is kept. metric_value_raw keeps the dollar sign the page prints against the JPIV G.P., L.P. row, which is the first data row of each table and the only row carrying the column's currency marker; A dropped it on all sixteen of its cells. source_table and source_section take the printed headings with their enumerators. subject_type is investor: the row labels name the general partner and the limited partner holding the capital account, which B typed other_printed_scope. The transcription is verified by the printed arithmetic: 146,616 plus 29,176,610 is the printed 29,323,226 total commitment, 177 plus 35,146 is the printed 35,323 opening capital account, and 44,089 plus 8,773,772 is the printed 8,817,861 change in unrealized loss.",RESOLVED,A+B+ADJUDICATOR,dec577c036c11f70b30193bbfbdf4d478fabfc36f3ef15ae68249a2810f8ddfe
d3b16972e204b5721bc7,SRC102,11,PAIR_71BE67B505AE3C8AD86CB4E4,CONTEXT_CONFLICT,49,63,source_section,MERGE,"source_occurrence follows position on the page and nothing else. The inception-to-date table (b) is printed above the current-year table (c), so for the four column labels the two tables share, Total commitment, Net capital contributions, Management fees and Distribution, the inception table is occurrence 1 and the current-year table is occurrence 2. B numbered them the other way round, which is what made twelve of this page's sixteen value conflicts: neither lane misread a digit, the two lanes had the same printed number filed under two different occurrence numbers. A's direction is kept. metric_value_raw keeps the dollar sign the page prints against the JPIV G.P., L.P. row, which is the first data row of each table and the only row carrying the column's currency marker; A dropped it on all sixteen of its cells. source_table and source_section take the printed headings with their enumerators. subject_type is investor: the row labels name the general partner and the limited partner holding the capital account, which B typed other_printed_scope. The transcription is verified by the printed arithmetic: 146,616 plus 29,176,610 is the printed 29,323,226 total commitment, 177 plus 35,146 is the printed 35,323 opening capital account, and 44,089 plus 8,773,772 is the printed 8,817,861 change in unrealized loss.",RESOLVED,A+B+ADJUDICATOR,dec577c036c11f70b30193bbfbdf4d478fabfc36f3ef15ae68249a2810f8ddfe
46afd04380330852c066,SRC102,11,PAIR_BF483684EEED82B8D7699142,CONTEXT_CONFLICT,50,52,source_section|source_table,MERGE,"source_occurrence follows position on the page and nothing else. The inception-to-date table (b) is printed above the current-year table (c), so for the four column labels the two tables share, Total commitment, Net capital contributions, Management fees and Distribution, the inception table is occurrence 1 and the current-year table is occurrence 2. B numbered them the other way round, which is what made twelve of this page's sixteen value conflicts: neither lane misread a digit, the two lanes had the same printed number filed under two different occurrence numbers. A's direction is kept. metric_value_raw keeps the dollar sign the page prints against the JPIV G.P., L.P. row, which is the first data row of each table and the only row carrying the column's currency marker; A dropped it on all sixteen of its cells. source_table and source_section take the printed headings with their enumerators. subject_type is investor: the row labels name the general partner and the limited partner holding the capital account, which B typed other_printed_scope. The transcription is verified by the printed arithmetic: 146,616 plus 29,176,610 is the printed 29,323,226 total commitment, 177 plus 35,146 is the printed 35,323 opening capital account, and 44,089 plus 8,773,772 is the printed 8,817,861 change in unrealized loss.",RESOLVED,A+B+ADJUDICATOR,dec577c036c11f70b30193bbfbdf4d478fabfc36f3ef15ae68249a2810f8ddfe
dc26eac60ae3fb22709e,SRC102,11,PAIR_284557B513BF2F4148EC0CA4,VALUE_CONFLICT,27,37,source_section|subject_type|metric_value_raw|evidence_quote,MERGE,"source_occurrence follows position on the page and nothing else. The inception-to-date table (b) is printed above the current-year table (c), so for the four column labels the two tables share, Total commitment, Net capital contributions, Management fees and Distribution, the inception table is occurrence 1 and the current-year table is occurrence 2. B numbered them the other way round, which is what made twelve of this page's sixteen value conflicts: neither lane misread a digit, the two lanes had the same printed number filed under two different occurrence numbers. A's direction is kept. metric_value_raw keeps the dollar sign the page prints against the JPIV G.P., L.P. row, which is the first data row of each table and the only row carrying the column's currency marker; A dropped it on all sixteen of its cells. source_table and source_section take the printed headings with their enumerators. subject_type is investor: the row labels name the general partner and the limited partner holding the capital account, which B typed other_printed_scope. The transcription is verified by the printed arithmetic: 146,616 plus 29,176,610 is the printed 29,323,226 total commitment, 177 plus 35,146 is the printed 35,323 opening capital account, and 44,089 plus 8,773,772 is the printed 8,817,861 change in unrealized loss.; Source review: p11: Partners' capital account - current year (The column identifies a partner capital account.) | p11: Partners' capital account - current year (Printed heading or definition supporting the source-reviewed qualifier.) | p11: Partners' capital account - current year (Supersedes SR1662: the printed entity or table label is context, not a measurement basis; source labels retain its scope.)",RESOLVED,A+B+ADJUDICATOR,dec577c036c11f70b30193bbfbdf4d478fabfc36f3ef15ae68249a2810f8ddfe
888e2464f32aebc5b281,SRC102,11,PAIR_C21CECA1E3B24615D1A54ADA,VALUE_CONFLICT,28,38,source_section|subject_type|metric_value_raw,MERGE,"source_occurrence follows position on the page and nothing else. The inception-to-date table (b) is printed above the current-year table (c), so for the four column labels the two tables share, Total commitment, Net capital contributions, Management fees and Distribution, the inception table is occurrence 1 and the current-year table is occurrence 2. B numbered them the other way round, which is what made twelve of this page's sixteen value conflicts: neither lane misread a digit, the two lanes had the same printed number filed under two different occurrence numbers. A's direction is kept. metric_value_raw keeps the dollar sign the page prints against the JPIV G.P., L.P. row, which is the first data row of each table and the only row carrying the column's currency marker; A dropped it on all sixteen of its cells. source_table and source_section take the printed headings with their enumerators. subject_type is investor: the row labels name the general partner and the limited partner holding the capital account, which B typed other_printed_scope. The transcription is verified by the printed arithmetic: 146,616 plus 29,176,610 is the printed 29,323,226 total commitment, 177 plus 35,146 is the printed 35,323 opening capital account, and 44,089 plus 8,773,772 is the printed 8,817,861 change in unrealized loss.",RESOLVED,A+B+ADJUDICATOR,dec577c036c11f70b30193bbfbdf4d478fabfc36f3ef15ae68249a2810f8ddfe
faff11c24cb43a2aac55,SRC102,11,PAIR_AB376DE7CBE2D81718C06615,B_ONLY,,53,,MERGE,"source_occurrence follows position on the page and nothing else. The inception-to-date table (b) is printed above the current-year table (c), so for the four column labels the two tables share, Total commitment, Net capital contributions, Management fees and Distribution, the inception table is occurrence 1 and the current-year table is occurrence 2. B numbered them the other way round, which is what made twelve of this page's sixteen value conflicts: neither lane misread a digit, the two lanes had the same printed number filed under two different occurrence numbers. A's direction is kept. metric_value_raw keeps the dollar sign the page prints against the JPIV G.P., L.P. row, which is the first data row of each table and the only row carrying the column's currency marker; A dropped it on all sixteen of its cells. source_table and source_section take the printed headings with their enumerators. subject_type is investor: the row labels name the general partner and the limited partner holding the capital account, which B typed other_printed_scope. The transcription is verified by the printed arithmetic: 146,616 plus 29,176,610 is the printed 29,323,226 total commitment, 177 plus 35,146 is the printed 35,323 opening capital account, and 44,089 plus 8,773,772 is the printed 8,817,861 change in unrealized loss. A never wrote this cell: it took six columns from each table and the current-year table prints eight, so its Total commitment and Distribution cells there were missing. Both are printed and both are recovered.",RESOLVED,B+ADJUDICATOR,dec577c036c11f70b30193bbfbdf4d478fabfc36f3ef15ae68249a2810f8ddfe
832d39d3ea13fa1e45c1,SRC102,11,PAIR_FAA5EA5777F245C757A7C15F,VALUE_CONFLICT,29,54,source_section|source_table|subject_type|metric_value_raw|evidence_quote,MERGE,"source_occurrence follows position on the page and nothing else. The inception-to-date table (b) is printed above the current-year table (c), so for the four column labels the two tables share, Total commitment, Net capital contributions, Management fees and Distribution, the inception table is occurrence 1 and the current-year table is occurrence 2. B numbered them the other way round, which is what made twelve of this page's sixteen value conflicts: neither lane misread a digit, the two lanes had the same printed number filed under two different occurrence numbers. A's direction is kept. metric_value_raw keeps the dollar sign the page prints against the JPIV G.P., L.P. row, which is the first data row of each table and the only row carrying the column's currency marker; A dropped it on all sixteen of its cells. source_table and source_section take the printed headings with their enumerators. subject_type is investor: the row labels name the general partner and the limited partner holding the capital account, which B typed other_printed_scope. The transcription is verified by the printed arithmetic: 146,616 plus 29,176,610 is the printed 29,323,226 total commitment, 177 plus 35,146 is the printed 35,323 opening capital account, and 44,089 plus 8,773,772 is the printed 8,817,861 change in unrealized loss. A printed zero is a populated value: the contract excludes a dash, an em dash, a blank, '$ -' and N/A, and none of those is a printed 0.",RESOLVED,A+B+ADJUDICATOR,dec577c036c11f70b30193bbfbdf4d478fabfc36f3ef15ae68249a2810f8ddfe
949d8b77897c955ea494,SRC102,11,PAIR_B16C4DAC914994852EB3D107,VALUE_CONFLICT,30,55,source_section|source_table|subject_type|metric_value_raw|evidence_quote,MERGE,"source_occurrence follows position on the page and nothing else. The inception-to-date table (b) is printed above the current-year table (c), so for the four column labels the two tables share, Total commitment, Net capital contributions, Management fees and Distribution, the inception table is occurrence 1 and the current-year table is occurrence 2. B numbered them the other way round, which is what made twelve of this page's sixteen value conflicts: neither lane misread a digit, the two lanes had the same printed number filed under two different occurrence numbers. A's direction is kept. metric_value_raw keeps the dollar sign the page prints against the JPIV G.P., L.P. row, which is the first data row of each table and the only row carrying the column's currency marker; A dropped it on all sixteen of its cells. source_table and source_section take the printed headings with their enumerators. subject_type is investor: the row labels name the general partner and the limited partner holding the capital account, which B typed other_printed_scope. The transcription is verified by the printed arithmetic: 146,616 plus 29,176,610 is the printed 29,323,226 total commitment, 177 plus 35,146 is the printed 35,323 opening capital account, and 44,089 plus 8,773,772 is the printed 8,817,861 change in unrealized loss. A printed zero is a populated value: the contract excludes a dash, an em dash, a blank, '$ -' and N/A, and none of those is a printed 0.",RESOLVED,A+B+ADJUDICATOR,dec577c036c11f70b30193bbfbdf4d478fabfc36f3ef15ae68249a2810f8ddfe
dc0ab199db588bfe8bb8,SRC102,11,PAIR_BF17489FFB78BCE0F13B1E4A,VALUE_CONFLICT,31,42,source_section|subject_type|metric_value_raw|evidence_quote,MERGE,"source_occurrence follows position on the page and nothing else. The inception-to-date table (b) is printed above the current-year table (c), so for the four column labels the two tables share, Total commitment, Net capital contributions, Management fees and Distribution, the inception table is occurrence 1 and the current-year table is occurrence 2. B numbered them the other way round, which is what made twelve of this page's sixteen value conflicts: neither lane misread a digit, the two lanes had the same printed number filed under two different occurrence numbers. A's direction is kept. metric_value_raw keeps the dollar sign the page prints against the JPIV G.P., L.P. row, which is the first data row of each table and the only row carrying the column's currency marker; A dropped it on all sixteen of its cells. source_table and source_section take the printed headings with their enumerators. subject_type is investor: the row labels name the general partner and the limited partner holding the capital account, which B typed other_printed_scope. The transcription is verified by the printed arithmetic: 146,616 plus 29,176,610 is the printed 29,323,226 total commitment, 177 plus 35,146 is the printed 35,323 opening capital account, and 44,089 plus 8,773,772 is the printed 8,817,861 change in unrealized loss.",RESOLVED,A+B+ADJUDICATOR,dec577c036c11f70b30193bbfbdf4d478fabfc36f3ef15ae68249a2810f8ddfe
a7ef079a471636b6a6cc,SRC102,11,PAIR_E6310AE0B98A51CB25966FBF,VALUE_CONFLICT,32,43,source_section|subject_type|metric_value_raw,MERGE,"source_occurrence follows position on the page and nothing else. The inception-to-date table (b) is printed above the current-year table (c), so for the four column labels the two tables share, Total commitment, Net capital contributions, Management fees and Distribution, the inception table is occurrence 1 and the current-year table is occurrence 2. B numbered them the other way round, which is what made twelve of this page's sixteen value conflicts: neither lane misread a digit, the two lanes had the same printed number filed under two different occurrence numbers. A's direction is kept. metric_value_raw keeps the dollar sign the page prints against the JPIV G.P., L.P. row, which is the first data row of each table and the only row carrying the column's currency marker; A dropped it on all sixteen of its cells. source_table and source_section take the printed headings with their enumerators. subject_type is investor: the row labels name the general partner and the limited partner holding the capital account, which B typed other_printed_scope. The transcription is verified by the printed arithmetic: 146,616 plus 29,176,610 is the printed 29,323,226 total commitment, 177 plus 35,146 is the printed 35,323 opening capital account, and 44,089 plus 8,773,772 is the printed 8,817,861 change in unrealized loss.",RESOLVED,A+B+ADJUDICATOR,dec577c036c11f70b30193bbfbdf4d478fabfc36f3ef15ae68249a2810f8ddfe
df4c184d476c41774a66,SRC102,11,PAIR_AE9D348D37F09256057600F9,B_ONLY,,58,,MERGE,"source_occurrence follows position on the page and nothing else. The inception-to-date table (b) is printed above the current-year table (c), so for the four column labels the two tables share, Total commitment, Net capital contributions, Management fees and Distribution, the inception table is occurrence 1 and the current-year table is occurrence 2. B numbered them the other way round, which is what made twelve of this page's sixteen value conflicts: neither lane misread a digit, the two lanes had the same printed number filed under two different occurrence numbers. A's direction is kept. metric_value_raw keeps the dollar sign the page prints against the JPIV G.P., L.P. row, which is the first data row of each table and the only row carrying the column's currency marker; A dropped it on all sixteen of its cells. source_table and source_section take the printed headings with their enumerators. subject_type is investor: the row labels name the general partner and the limited partner holding the capital account, which B typed other_printed_scope. The transcription is verified by the printed arithmetic: 146,616 plus 29,176,610 is the printed 29,323,226 total commitment, 177 plus 35,146 is the printed 35,323 opening capital account, and 44,089 plus 8,773,772 is the printed 8,817,861 change in unrealized loss. A never wrote this cell: it took six columns from each table and the current-year table prints eight, so its Total commitment and Distribution cells there were missing. Both are printed and both are recovered.",RESOLVED,B+ADJUDICATOR,dec577c036c11f70b30193bbfbdf4d478fabfc36f3ef15ae68249a2810f8ddfe
fb76ee5bf77ff46811ba,SRC102,11,PAIR_B337300807BFED74D89C004E,CONTEXT_CONFLICT,33,45,source_section|evidence_quote,MERGE,"source_occurrence follows position on the page and nothing else. The inception-to-date table (b) is printed above the current-year table (c), so for the four column labels the two tables share, Total commitment, Net capital contributions, Management fees and Distribution, the inception table is occurrence 1 and the current-year table is occurrence 2. B numbered them the other way round, which is what made twelve of this page's sixteen value conflicts: neither lane misread a digit, the two lanes had the same printed number filed under two different occurrence numbers. A's direction is kept. metric_value_raw keeps the dollar sign the page prints against the JPIV G.P., L.P. row, which is the first data row of each table and the only row carrying the column's currency marker; A dropped it on all sixteen of its cells. source_table and source_section take the printed headings with their enumerators. subject_type is investor: the row labels name the general partner and the limited partner holding the capital account, which B typed other_printed_scope. The transcription is verified by the printed arithmetic: 146,616 plus 29,176,610 is the printed 29,323,226 total commitment, 177 plus 35,146 is the printed 35,323 opening capital account, and 44,089 plus 8,773,772 is the printed 8,817,861 change in unrealized loss.; Source review: p11: Partners' capital account - current year (The column identifies a partner capital account.) | p11: Partners' capital account - current year (Printed heading or definition supporting the source-reviewed qualifier.) | p11: Partners' capital account - current year (Supersedes SR1663: the printed entity or table label is context, not a measurement basis; source labels retain its scope.)",RESOLVED,A+B+ADJUDICATOR,dec577c036c11f70b30193bbfbdf4d478fabfc36f3ef15ae68249a2810f8ddfe
6c64676800985b4ee23b,SRC102,11,PAIR_745ECF4203B8DE7595C9ED5E,CONTEXT_CONFLICT,34,46,source_section|evidence_quote,MERGE,"source_occurrence follows position on the page and nothing else. The inception-to-date table (b) is printed above the current-year table (c), so for the four column labels the two tables share, Total commitment, Net capital contributions, Management fees and Distribution, the inception table is occurrence 1 and the current-year table is occurrence 2. B numbered them the other way round, which is what made twelve of this page's sixteen value conflicts: neither lane misread a digit, the two lanes had the same printed number filed under two different occurrence numbers. A's direction is kept. metric_value_raw keeps the dollar sign the page prints against the JPIV G.P., L.P. row, which is the first data row of each table and the only row carrying the column's currency marker; A dropped it on all sixteen of its cells. source_table and source_section take the printed headings with their enumerators. subject_type is investor: the row labels name the general partner and the limited partner holding the capital account, which B typed other_printed_scope. The transcription is verified by the printed arithmetic: 146,616 plus 29,176,610 is the printed 29,323,226 total commitment, 177 plus 35,146 is the printed 35,323 opening capital account, and 44,089 plus 8,773,772 is the printed 8,817,861 change in unrealized loss.",RESOLVED,A+B+ADJUDICATOR,dec577c036c11f70b30193bbfbdf4d478fabfc36f3ef15ae68249a2810f8ddfe
7365beeea701088a67db,SRC102,11,PAIR_223151531BD258B944E539F2,B_ONLY,,59,,MERGE,"source_occurrence follows position on the page and nothing else. The inception-to-date table (b) is printed above the current-year table (c), so for the four column labels the two tables share, Total commitment, Net capital contributions, Management fees and Distribution, the inception table is occurrence 1 and the current-year table is occurrence 2. B numbered them the other way round, which is what made twelve of this page's sixteen value conflicts: neither lane misread a digit, the two lanes had the same printed number filed under two different occurrence numbers. A's direction is kept. metric_value_raw keeps the dollar sign the page prints against the JPIV G.P., L.P. row, which is the first data row of each table and the only row carrying the column's currency marker; A dropped it on all sixteen of its cells. source_table and source_section take the printed headings with their enumerators. subject_type is investor: the row labels name the general partner and the limited partner holding the capital account, which B typed other_printed_scope. The transcription is verified by the printed arithmetic: 146,616 plus 29,176,610 is the printed 29,323,226 total commitment, 177 plus 35,146 is the printed 35,323 opening capital account, and 44,089 plus 8,773,772 is the printed 8,817,861 change in unrealized loss. A never wrote this cell: it took six columns from each table and the current-year table prints eight, so its Total commitment and Distribution cells there were missing. Both are printed and both are recovered.",RESOLVED,B+ADJUDICATOR,dec577c036c11f70b30193bbfbdf4d478fabfc36f3ef15ae68249a2810f8ddfe
c76391d2dee0c3ac610a,SRC102,11,PAIR_C9FB7FF7E6EF2BD3968C486D,VALUE_CONFLICT,35,60,source_section|source_table|metric_value_raw|evidence_quote,MERGE,"source_occurrence follows position on the page and nothing else. The inception-to-date table (b) is printed above the current-year table (c), so for the four column labels the two tables share, Total commitment, Net capital contributions, Management fees and Distribution, the inception table is occurrence 1 and the current-year table is occurrence 2. B numbered them the other way round, which is what made twelve of this page's sixteen value conflicts: neither lane misread a digit, the two lanes had the same printed number filed under two different occurrence numbers. A's direction is kept. metric_value_raw keeps the dollar sign the page prints against the JPIV G.P., L.P. row, which is the first data row of each table and the only row carrying the column's currency marker; A dropped it on all sixteen of its cells. source_table and source_section take the printed headings with their enumerators. subject_type is investor: the row labels name the general partner and the limited partner holding the capital account, which B typed other_printed_scope. The transcription is verified by the printed arithmetic: 146,616 plus 29,176,610 is the printed 29,323,226 total commitment, 177 plus 35,146 is the printed 35,323 opening capital account, and 44,089 plus 8,773,772 is the printed 8,817,861 change in unrealized loss. A printed zero is a populated value: the contract excludes a dash, an em dash, a blank, '$ -' and N/A, and none of those is a printed 0.",RESOLVED,A+B+ADJUDICATOR,dec577c036c11f70b30193bbfbdf4d478fabfc36f3ef15ae68249a2810f8ddfe
00805d1f7ec7bef4ea22,SRC102,11,PAIR_BF13FE2B0497032F531B86A5,VALUE_CONFLICT,36,61,source_section|source_table|metric_value_raw|evidence_quote,MERGE,"source_occurrence follows position on the page and nothing else. The inception-to-date table (b) is printed above the current-year table (c), so for the four column labels the two tables share, Total commitment, Net capital contributions, Management fees and Distribution, the inception table is occurrence 1 and the current-year table is occurrence 2. B numbered them the other way round, which is what made twelve of this page's sixteen value conflicts: neither lane misread a digit, the two lanes had the same printed number filed under two different occurrence numbers. A's direction is kept. metric_value_raw keeps the dollar sign the page prints against the JPIV G.P., L.P. row, which is the first data row of each table and the only row carrying the column's currency marker; A dropped it on all sixteen of its cells. source_table and source_section take the printed headings with their enumerators. subject_type is investor: the row labels name the general partner and the limited partner holding the capital account, which B typed other_printed_scope. The transcription is verified by the printed arithmetic: 146,616 plus 29,176,610 is the printed 29,323,226 total commitment, 177 plus 35,146 is the printed 35,323 opening capital account, and 44,089 plus 8,773,772 is the printed 8,817,861 change in unrealized loss. A printed zero is a populated value: the contract excludes a dash, an em dash, a blank, '$ -' and N/A, and none of those is a printed 0.",RESOLVED,A+B+ADJUDICATOR,dec577c036c11f70b30193bbfbdf4d478fabfc36f3ef15ae68249a2810f8ddfe
ec13c74e0e6720ad8078,SRC102,11,PAIR_DB27F2C0F91CB00B389EB7CF,CONTEXT_CONFLICT,37,50,source_section|evidence_quote,MERGE,"source_occurrence follows position on the page and nothing else. The inception-to-date table (b) is printed above the current-year table (c), so for the four column labels the two tables share, Total commitment, Net capital contributions, Management fees and Distribution, the inception table is occurrence 1 and the current-year table is occurrence 2. B numbered them the other way round, which is what made twelve of this page's sixteen value conflicts: neither lane misread a digit, the two lanes had the same printed number filed under two different occurrence numbers. A's direction is kept. metric_value_raw keeps the dollar sign the page prints against the JPIV G.P., L.P. row, which is the first data row of each table and the only row carrying the column's currency marker; A dropped it on all sixteen of its cells. source_table and source_section take the printed headings with their enumerators. subject_type is investor: the row labels name the general partner and the limited partner holding the capital account, which B typed other_printed_scope. The transcription is verified by the printed arithmetic: 146,616 plus 29,176,610 is the printed 29,323,226 total commitment, 177 plus 35,146 is the printed 35,323 opening capital account, and 44,089 plus 8,773,772 is the printed 8,817,861 change in unrealized loss.",RESOLVED,A+B+ADJUDICATOR,dec577c036c11f70b30193bbfbdf4d478fabfc36f3ef15ae68249a2810f8ddfe
5d172ed5edb459e2594f,SRC102,11,PAIR_0E065610B4B3928553DF6B47,CONTEXT_CONFLICT,38,51,source_section|evidence_quote,MERGE,"source_occurrence follows position on the page and nothing else. The inception-to-date table (b) is printed above the current-year table (c), so for the four column labels the two tables share, Total commitment, Net capital contributions, Management fees and Distribution, the inception table is occurrence 1 and the current-year table is occurrence 2. B numbered them the other way round, which is what made twelve of this page's sixteen value conflicts: neither lane misread a digit, the two lanes had the same printed number filed under two different occurrence numbers. A's direction is kept. metric_value_raw keeps the dollar sign the page prints against the JPIV G.P., L.P. row, which is the first data row of each table and the only row carrying the column's currency marker; A dropped it on all sixteen of its cells. source_table and source_section take the printed headings with their enumerators. subject_type is investor: the row labels name the general partner and the limited partner holding the capital account, which B typed other_printed_scope. The transcription is verified by the printed arithmetic: 146,616 plus 29,176,610 is the printed 29,323,226 total commitment, 177 plus 35,146 is the printed 35,323 opening capital account, and 44,089 plus 8,773,772 is the printed 8,817,861 change in unrealized loss.",RESOLVED,A+B+ADJUDICATOR,dec577c036c11f70b30193bbfbdf4d478fabfc36f3ef15ae68249a2810f8ddfe
5f09666fa4129777ae14,SRC102,11,PAIR_F7DFC7FDDFFAD60953D4831B,B_ONLY,,64,,MERGE,"source_occurrence follows position on the page and nothing else. The inception-to-date table (b) is printed above the current-year table (c), so for the four column labels the two tables share, Total commitment, Net capital contributions, Management fees and Distribution, the inception table is occurrence 1 and the current-year table is occurrence 2. B numbered them the other way round, which is what made twelve of this page's sixteen value conflicts: neither lane misread a digit, the two lanes had the same printed number filed under two different occurrence numbers. A's direction is kept. metric_value_raw keeps the dollar sign the page prints against the JPIV G.P., L.P. row, which is the first data row of each table and the only row carrying the column's currency marker; A dropped it on all sixteen of its cells. source_table and source_section take the printed headings with their enumerators. subject_type is investor: the row labels name the general partner and the limited partner holding the capital account, which B typed other_printed_scope. The transcription is verified by the printed arithmetic: 146,616 plus 29,176,610 is the printed 29,323,226 total commitment, 177 plus 35,146 is the printed 35,323 opening capital account, and 44,089 plus 8,773,772 is the printed 8,817,861 change in unrealized loss. A never wrote this cell: it took six columns from each table and the current-year table prints eight, so its Total commitment and Distribution cells there were missing. Both are printed and both are recovered.",RESOLVED,B+ADJUDICATOR,dec577c036c11f70b30193bbfbdf4d478fabfc36f3ef15ae68249a2810f8ddfe
43668c1054ca5687eb4c,SRC102,14,,ADJUDICATOR_ADD,,,,ADD,Upstream source review: the previous coverage instruction excluded this printed definition as reference-only content; source page 14.,ADDED,ADJUDICATOR,dec577c036c11f70b30193bbfbdf4d478fabfc36f3ef15ae68249a2810f8ddfe
71effc3a7e635e49a731,SRC102,14,,ADJUDICATOR_ADD,,,,ADD,Upstream source review: the previous coverage instruction excluded this printed definition as reference-only content; source page 14.,ADDED,ADJUDICATOR,dec577c036c11f70b30193bbfbdf4d478fabfc36f3ef15ae68249a2810f8ddfe
f55213cb94a114536213,SRC147,1,,ADJUDICATOR_ADD,,,,ADD,Upstream source review: page-001.png contains accounting definitions; the former reference-page instruction omitted them.,ADDED,ADJUDICATOR,dd2549012abb94269a2b925c785a3cf80e9be22f8179111d0fccef39a899ea07
6aafb742dad4317bab63,SRC147,1,,ADJUDICATOR_ADD,,,,ADD,Upstream source review: page-001.png contains accounting definitions; the former reference-page instruction omitted them.,ADDED,ADJUDICATOR,dd2549012abb94269a2b925c785a3cf80e9be22f8179111d0fccef39a899ea07
02940f5d18683d82b03f,SRC147,1,,ADJUDICATOR_ADD,,,,ADD,Upstream source review: page-001.png contains accounting definitions; the former reference-page instruction omitted them.,ADDED,ADJUDICATOR,dd2549012abb94269a2b925c785a3cf80e9be22f8179111d0fccef39a899ea07
d827408bb5cfcaaf35d8,SRC147,1,,ADJUDICATOR_ADD,,,,ADD,Upstream source review: page-001.png contains accounting definitions; the former reference-page instruction omitted them.,ADDED,ADJUDICATOR,dd2549012abb94269a2b925c785a3cf80e9be22f8179111d0fccef39a899ea07
f7f869b22848526cb688,SRC152,1,PAIR_64F9093E0E6656877FF8EC6C,B_ONLY,,1,,MERGE,source_section is the page's own printed blue heading `Notes to Financial Statements (continued)`; `Financial Section` is the document-part running header above it and A's value was a sentence fragment; one-sided row confirmed printed on page 1 from the page image.,RESOLVED,B+ADJUDICATOR,3c5ea49df11ea7acd103759a4d84ab994abbe40fe6b9770ac1f2a723929dc717
b1586d4c256ad8c20c95,SRC152,1,PAIR_3BFA8ED59A2F9D952022FE13,CONTEXT_CONFLICT,5,3,source_section|source_table|source_column_label|source_occurrence|asset_class,MERGE,"source_section is the page's own printed blue heading `Notes to Financial Statements (continued)`; `Financial Section` is the document-part running header above it and A's value was a sentence fragment; metric_name `Fair Value` is the printed measure, never the period; value keeps the printed currency symbol.; Source review: p1: Fair Value (The statement or note reports this line and its valuation column separately.) | p1: Fair Value (Printed heading or definition supporting the source-reviewed qualifier.)",RESOLVED,A+B+ADJUDICATOR,3c5ea49df11ea7acd103759a4d84ab994abbe40fe6b9770ac1f2a723929dc717
4d45bb668db843545e73,SRC152,1,PAIR_D2E012148AB1AAB2E1A8B011,CONTEXT_CONFLICT,1,5,source_section|source_table|source_column_label|source_occurrence|asset_class,MERGE,"source_section is the page's own printed blue heading `Notes to Financial Statements (continued)`; `Financial Section` is the document-part running header above it and A's value was a sentence fragment; metric_name `Fair Value` is the printed measure, never the period; value keeps the printed currency symbol.; Source review: p1: Fair Value (The statement or note reports this line and its valuation column separately.) | p1: Fair Value (Printed heading or definition supporting the source-reviewed qualifier.)",RESOLVED,A+B+ADJUDICATOR,3c5ea49df11ea7acd103759a4d84ab994abbe40fe6b9770ac1f2a723929dc717
2746b5c89c45736a3d30,SRC152,1,PAIR_346415615440BDFEE3AD0D29,CONTEXT_CONFLICT,6,2,source_section|source_table|source_column_label|asset_class|evidence_quote,MERGE,"source_section is the page's own printed blue heading `Notes to Financial Statements (continued)`; `Financial Section` is the document-part running header above it and A's value was a sentence fragment; metric_name `Fair Value` is the printed measure, never the period; value keeps the printed currency symbol.; Source review: p1: Fair Value (The statement or note reports this line and its valuation column separately.) | p1: Fair Value (Printed heading or definition supporting the source-reviewed qualifier.)",RESOLVED,A+B+ADJUDICATOR,3c5ea49df11ea7acd103759a4d84ab994abbe40fe6b9770ac1f2a723929dc717
a5304d47bf2ef2623693,SRC152,1,PAIR_E9287606FB88D39C50F8F9C0,CONTEXT_CONFLICT,2,4,source_section|source_table|source_column_label|source_occurrence|asset_class,MERGE,"source_section is the page's own printed blue heading `Notes to Financial Statements (continued)`; `Financial Section` is the document-part running header above it and A's value was a sentence fragment; metric_name `Fair Value` is the printed measure, never the period; value keeps the printed currency symbol.; Source review: p1: Fair Value (The statement or note reports this line and its valuation column separately.) | p1: Fair Value (Printed heading or definition supporting the source-reviewed qualifier.)",RESOLVED,A+B+ADJUDICATOR,3c5ea49df11ea7acd103759a4d84ab994abbe40fe6b9770ac1f2a723929dc717
4f8079377a1c2def08b4,SRC152,1,PAIR_2104FF10C7E436DB86D849E3,CLASSIFICATION_CONFLICT,7,10,record_family|source_section|source_table|source_column_label|source_occurrence|asset_class|metric_category,MERGE,"source_section is the page's own printed blue heading `Notes to Financial Statements (continued)`; `Financial Section` is the document-part running header above it and A's value was a sentence fragment; metric_name `Fair Value` is the printed measure, never the period; value keeps the printed currency symbol.; Source review: p1: Fair Value (The statement or note reports this line and its valuation column separately.) | p1: Fair Value (Printed heading or definition supporting the source-reviewed qualifier.)",RESOLVED,A+B+ADJUDICATOR,3c5ea49df11ea7acd103759a4d84ab994abbe40fe6b9770ac1f2a723929dc717
c35dfcdbc30ee6ceeece,SRC152,1,PAIR_AFFEA230A1A6C4AFE8EB2F76,CLASSIFICATION_CONFLICT,3,12,record_family|source_section|source_table|source_column_label|source_occurrence|asset_class|metric_category,MERGE,"source_section is the page's own printed blue heading `Notes to Financial Statements (continued)`; `Financial Section` is the document-part running header above it and A's value was a sentence fragment; metric_name `Fair Value` is the printed measure, never the period; value keeps the printed currency symbol.; Source review: p1: Fair Value (The statement or note reports this line and its valuation column separately.) | p1: Fair Value (Printed heading or definition supporting the source-reviewed qualifier.)",RESOLVED,A+B+ADJUDICATOR,3c5ea49df11ea7acd103759a4d84ab994abbe40fe6b9770ac1f2a723929dc717
a7de1c1a813d190b5b2c,SRC152,1,PAIR_EE72623685DA689D6EC32F0B,CLASSIFICATION_CONFLICT,8,9,record_family|source_section|source_table|source_column_label|asset_class|metric_category|evidence_quote,MERGE,"source_section is the page's own printed blue heading `Notes to Financial Statements (continued)`; `Financial Section` is the document-part running header above it and A's value was a sentence fragment; metric_name `Fair Value` is the printed measure, never the period; value keeps the printed currency symbol.; Source review: p1: Fair Value (The statement or note reports this line and its valuation column separately.) | p1: Fair Value (Printed heading or definition supporting the source-reviewed qualifier.)",RESOLVED,A+B+ADJUDICATOR,3c5ea49df11ea7acd103759a4d84ab994abbe40fe6b9770ac1f2a723929dc717
594df31b7104caa7303e,SRC152,1,PAIR_24874DD31E4995F8BE4B0530,CLASSIFICATION_CONFLICT,4,11,record_family|source_section|source_table|source_column_label|source_occurrence|asset_class|metric_category|evidence_quote,MERGE,"source_section is the page's own printed blue heading `Notes to Financial Statements (continued)`; `Financial Section` is the document-part running header above it and A's value was a sentence fragment; metric_name `Fair Value` is the printed measure, never the period; value keeps the printed currency symbol.; Source review: p1: Fair Value (The statement or note reports this line and its valuation column separately.) | p1: Fair Value (Printed heading or definition supporting the source-reviewed qualifier.)",RESOLVED,A+B+ADJUDICATOR,3c5ea49df11ea7acd103759a4d84ab994abbe40fe6b9770ac1f2a723929dc717
31eeaafc22be8c576d92,SRC152,1,PAIR_BA4A1ECEBBB9D5D127013FF3,B_ONLY,,7,,MERGE,"source_section is the page's own printed blue heading `Notes to Financial Statements (continued)`; `Financial Section` is the document-part running header above it and A's value was a sentence fragment; metric_name `line of credit advances` is the printed measure, never the period; value keeps the printed currency symbol; one-sided row confirmed printed on page 1 from the page image.",RESOLVED,B+ADJUDICATOR,3c5ea49df11ea7acd103759a4d84ab994abbe40fe6b9770ac1f2a723929dc717
7a1e03321831ed2e274d,SRC152,1,PAIR_74BE26595F1B54ABBB312686,B_ONLY,,8,,MERGE,"source_section is the page's own printed blue heading `Notes to Financial Statements (continued)`; `Financial Section` is the document-part running header above it and A's value was a sentence fragment; metric_name `balance` is the printed measure, never the period; value keeps the printed currency symbol; one-sided row confirmed printed on page 1 from the page image.",RESOLVED,B+ADJUDICATOR,3c5ea49df11ea7acd103759a4d84ab994abbe40fe6b9770ac1f2a723929dc717
7c9eea13d1000ea7cca7,SRC152,2,PAIR_846E888186C97B4B3D25BFCC,A_ONLY,10,,,MERGE,"source_section is the page's own printed blue heading `Notes to Financial Statements (continued)`; `Financial Section` is the document-part running header above it and A's value was a sentence fragment; currency_scale copied verbatim with parentheses per the scale rule; metric_name `NAV` is the printed measure, never the period; one-sided row confirmed printed on page 2 from the page image.; Source review: p2: Fair Value (The statement or note reports this line and its valuation column separately.) | p2: Fair Value (Printed heading or definition supporting the source-reviewed qualifier.)",RESOLVED,A+ADJUDICATOR,3c5ea49df11ea7acd103759a4d84ab994abbe40fe6b9770ac1f2a723929dc717
94eb7114d2eb6c9bbea8,SRC152,2,PAIR_B76E50EC80CB639F8C9DEE9D,CONTEXT_CONFLICT,11,13,source_section|horizon|currency_scale|metric_name,MERGE,"source_section is the page's own printed blue heading `Notes to Financial Statements (continued)`; `Financial Section` is the document-part running header above it and A's value was a sentence fragment; currency_scale copied verbatim with parentheses per the scale rule; metric_name `Fair Value` is the printed measure, never the period.; Source review: p2: Fair Value (The statement or note reports this line and its valuation column separately.) | p2: Fair Value (Printed heading or definition supporting the source-reviewed qualifier.)",RESOLVED,A+B+ADJUDICATOR,3c5ea49df11ea7acd103759a4d84ab994abbe40fe6b9770ac1f2a723929dc717
57890787157afe227911,SRC152,2,PAIR_DFD9E4597BB34CCA93496EBB,CONTEXT_CONFLICT,12,14,source_section|currency_scale,MERGE,"source_section is the page's own printed blue heading `Notes to Financial Statements (continued)`; `Financial Section` is the document-part running header above it and A's value was a sentence fragment; currency_scale copied verbatim with parentheses per the scale rule; metric_name `Level 1` is the printed measure, never the period.; Source review: p2: Fair Value (The statement or note reports this line and its valuation column separately.) | p2: Fair Value (Printed heading or definition supporting the source-reviewed qualifier.)",RESOLVED,A+B+ADJUDICATOR,3c5ea49df11ea7acd103759a4d84ab994abbe40fe6b9770ac1f2a723929dc717
73333b16d1f414b5d5b1,SRC152,2,PAIR_47C546A123D0AC41382A438E,CONTEXT_CONFLICT,13,15,source_section|currency_scale,MERGE,"source_section is the page's own printed blue heading `Notes to Financial Statements (continued)`; `Financial Section` is the document-part running header above it and A's value was a sentence fragment; currency_scale copied verbatim with parentheses per the scale rule; metric_name `Level 3` is the printed measure, never the period.; Source review: p2: Fair Value (The statement or note reports this line and its valuation column separately.) | p2: Fair Value (Printed heading or definition supporting the source-reviewed qualifier.)",RESOLVED,A+B+ADJUDICATOR,3c5ea49df11ea7acd103759a4d84ab994abbe40fe6b9770ac1f2a723929dc717
1e9a1fd6f81c52b1606b,SRC152,2,PAIR_8120FC0E3255FCA9FB144C4B,CONTEXT_CONFLICT,14,16,source_section|asset_class|horizon|currency_scale|metric_name,MERGE,"source_section is the page's own printed blue heading `Notes to Financial Statements (continued)`; `Financial Section` is the document-part running header above it and A's value was a sentence fragment; currency_scale copied verbatim with parentheses per the scale rule; metric_name `Fair Value` is the printed measure, never the period; asset_class `Fixed income` is the printed in-table group heading.; Source review: p2: Fair Value (The statement or note reports this line and its valuation column separately.) | p2: Fair Value (Printed heading or definition supporting the source-reviewed qualifier.)",RESOLVED,A+B+ADJUDICATOR,3c5ea49df11ea7acd103759a4d84ab994abbe40fe6b9770ac1f2a723929dc717
a535d9e990aa0dfbf697,SRC152,2,PAIR_0371015AAEFAEA1C8E7D48B1,CONTEXT_CONFLICT,15,17,source_section|asset_class|currency_scale,MERGE,"source_section is the page's own printed blue heading `Notes to Financial Statements (continued)`; `Financial Section` is the document-part running header above it and A's value was a sentence fragment; currency_scale copied verbatim with parentheses per the scale rule; metric_name `Level 2` is the printed measure, never the period; asset_class `Fixed income` is the printed in-table group heading.; Source review: p2: Fair Value (The statement or note reports this line and its valuation column separately.) | p2: Fair Value (Printed heading or definition supporting the source-reviewed qualifier.)",RESOLVED,A+B+ADJUDICATOR,3c5ea49df11ea7acd103759a4d84ab994abbe40fe6b9770ac1f2a723929dc717
d3fc313ec7388470edcf,SRC152,2,PAIR_D95484C495955FAB5620A3C8,CONTEXT_CONFLICT,16,18,source_section|asset_class|currency_scale,MERGE,"source_section is the page's own printed blue heading `Notes to Financial Statements (continued)`; `Financial Section` is the document-part running header above it and A's value was a sentence fragment; currency_scale copied verbatim with parentheses per the scale rule; metric_name `Level 3` is the printed measure, never the period; asset_class `Fixed income` is the printed in-table group heading.; Source review: p2: Fair Value (The statement or note reports this line and its valuation column separately.) | p2: Fair Value (Printed heading or definition supporting the source-reviewed qualifier.)",RESOLVED,A+B+ADJUDICATOR,3c5ea49df11ea7acd103759a4d84ab994abbe40fe6b9770ac1f2a723929dc717
f1bb8a0d18750dfbb557,SRC152,2,PAIR_2A39D226601726E8C5B15E71,CONTEXT_CONFLICT,17,19,source_section|asset_class|horizon|currency_scale|metric_name,MERGE,"source_section is the page's own printed blue heading `Notes to Financial Statements (continued)`; `Financial Section` is the document-part running header above it and A's value was a sentence fragment; currency_scale copied verbatim with parentheses per the scale rule; metric_name `Fair Value` is the printed measure, never the period; asset_class `Common and preferred stock` is the printed in-table group heading.; Source review: p2: Fair Value (The statement or note reports this line and its valuation column separately.) | p2: Fair Value (Printed heading or definition supporting the source-reviewed qualifier.)",RESOLVED,A+B+ADJUDICATOR,3c5ea49df11ea7acd103759a4d84ab994abbe40fe6b9770ac1f2a723929dc717
d4a4f09e7d0f2b5ca6ae,SRC152,2,PAIR_25061BE25FA89469187D5D6C,CONTEXT_CONFLICT,18,20,source_section|asset_class|currency_scale,MERGE,"source_section is the page's own printed blue heading `Notes to Financial Statements (continued)`; `Financial Section` is the document-part running header above it and A's value was a sentence fragment; currency_scale copied verbatim with parentheses per the scale rule; metric_name `Level 1` is the printed measure, never the period; asset_class `Common and preferred stock` is the printed in-table group heading.; Source review: p2: Fair Value (The statement or note reports this line and its valuation column separately.) | p2: Fair Value (Printed heading or definition supporting the source-reviewed qualifier.)",RESOLVED,A+B+ADJUDICATOR,3c5ea49df11ea7acd103759a4d84ab994abbe40fe6b9770ac1f2a723929dc717
80731e7053bc32d3c168,SRC152,2,PAIR_43833D131836E1D3F387FD71,CONTEXT_CONFLICT,19,21,source_section|asset_class|currency_scale,MERGE,"source_section is the page's own printed blue heading `Notes to Financial Statements (continued)`; `Financial Section` is the document-part running header above it and A's value was a sentence fragment; currency_scale copied verbatim with parentheses per the scale rule; metric_name `Level 3` is the printed measure, never the period; asset_class `Common and preferred stock` is the printed in-table group heading.; Source review: p2: Fair Value (The statement or note reports this line and its valuation column separately.) | p2: Fair Value (Printed heading or definition supporting the source-reviewed qualifier.)",RESOLVED,A+B+ADJUDICATOR,3c5ea49df11ea7acd103759a4d84ab994abbe40fe6b9770ac1f2a723929dc717
be9b586da93ce37560d2,SRC152,2,PAIR_66C3A01D724C8A0D8B8F3DCA,CONTEXT_CONFLICT,20,22,source_section|asset_class|horizon|currency_scale|metric_name,MERGE,"source_section is the page's own printed blue heading `Notes to Financial Statements (continued)`; `Financial Section` is the document-part running header above it and A's value was a sentence fragment; currency_scale copied verbatim with parentheses per the scale rule; metric_name `Fair Value` is the printed measure, never the period; asset_class `Fixed income` is the printed in-table group heading.; Source review: p2: Fair Value (The statement or note reports this line and its valuation column separately.) | p2: Fair Value (Printed heading or definition supporting the source-reviewed qualifier.)",RESOLVED,A+B+ADJUDICATOR,3c5ea49df11ea7acd103759a4d84ab994abbe40fe6b9770ac1f2a723929dc717
5f1c05cb21c69e6d6c12,SRC152,2,PAIR_000A78021C80D7F847643996,CONTEXT_CONFLICT,21,23,source_section|asset_class|currency_scale,MERGE,"source_section is the page's own printed blue heading `Notes to Financial Statements (continued)`; `Financial Section` is the document-part running header above it and A's value was a sentence fragment; currency_scale copied verbatim with parentheses per the scale rule; metric_name `Level 1` is the printed measure, never the period; asset_class `Fixed income` is the printed in-table group heading.; Source review: p2: Fair Value (The statement or note reports this line and its valuation column separately.) | p2: Fair Value (Printed heading or definition supporting the source-reviewed qualifier.)",RESOLVED,A+B+ADJUDICATOR,3c5ea49df11ea7acd103759a4d84ab994abbe40fe6b9770ac1f2a723929dc717
2c25efeacdf506a64b4b,SRC152,2,PAIR_EC7A459F0957E9B3AE04C9C0,CONTEXT_CONFLICT,22,24,source_section|asset_class|currency_scale,MERGE,"source_section is the page's own printed blue heading `Notes to Financial Statements (continued)`; `Financial Section` is the document-part running header above it and A's value was a sentence fragment; currency_scale copied verbatim with parentheses per the scale rule; metric_name `Level 2` is the printed measure, never the period; asset_class `Fixed income` is the printed in-table group heading.; Source review: p2: Fair Value (The statement or note reports this line and its valuation column separately.) | p2: Fair Value (Printed heading or definition supporting the source-reviewed qualifier.)",RESOLVED,A+B+ADJUDICATOR,3c5ea49df11ea7acd103759a4d84ab994abbe40fe6b9770ac1f2a723929dc717
66b80fdf5241eacae542,SRC152,2,PAIR_020817370422DA89D9DA3AE3,A_ONLY,23,,,MERGE,"source_section is the page's own printed blue heading `Notes to Financial Statements (continued)`; `Financial Section` is the document-part running header above it and A's value was a sentence fragment; currency_scale copied verbatim with parentheses per the scale rule; metric_name `NAV` is the printed measure, never the period; one-sided row confirmed printed on page 2 from the page image.; Source review: p2: Fair Value (The statement or note reports this line and its valuation column separately.) | p2: Fair Value (Printed heading or definition supporting the source-reviewed qualifier.)",RESOLVED,A+ADJUDICATOR,3c5ea49df11ea7acd103759a4d84ab994abbe40fe6b9770ac1f2a723929dc717
62fee1bd2cecbab7fd48,SRC152,2,PAIR_44460A0C294570A9AE5F3D71,CONTEXT_CONFLICT,24,25,source_section|asset_class|horizon|currency_scale|metric_name,MERGE,"source_section is the page's own printed blue heading `Notes to Financial Statements (continued)`; `Financial Section` is the document-part running header above it and A's value was a sentence fragment; currency_scale copied verbatim with parentheses per the scale rule; metric_name `Fair Value` is the printed measure, never the period; asset_class `Investment derivative instruments` is the printed in-table group heading.; Source review: p2: Fair Value (The statement or note reports this line and its valuation column separately.) | p2: Fair Value (Printed heading or definition supporting the source-reviewed qualifier.)",RESOLVED,A+B+ADJUDICATOR,3c5ea49df11ea7acd103759a4d84ab994abbe40fe6b9770ac1f2a723929dc717
ea0ec0eae563d8f71ad4,SRC152,2,PAIR_5335283F367C818ABFDFEFC4,CONTEXT_CONFLICT,25,26,source_section|asset_class|currency_scale,MERGE,"source_section is the page's own printed blue heading `Notes to Financial Statements (continued)`; `Financial Section` is the document-part running header above it and A's value was a sentence fragment; currency_scale copied verbatim with parentheses per the scale rule; metric_name `Level 1` is the printed measure, never the period; asset_class `Investment derivative instruments` is the printed in-table group heading.; Source review: p2: Fair Value (The statement or note reports this line and its valuation column separately.) | p2: Fair Value (Printed heading or definition supporting the source-reviewed qualifier.)",RESOLVED,A+B+ADJUDICATOR,3c5ea49df11ea7acd103759a4d84ab994abbe40fe6b9770ac1f2a723929dc717
36e9e59bf24078ae601d,SRC152,2,PAIR_56E56306370EE7A307066A39,VALUE_CONFLICT,26,27,source_section|asset_class|horizon|currency_scale|metric_name|metric_value_raw,MERGE,"source_section is the page's own printed blue heading `Notes to Financial Statements (continued)`; `Financial Section` is the document-part running header above it and A's value was a sentence fragment; currency_scale copied verbatim with parentheses per the scale rule; metric_name `Fair Value` is the printed measure, never the period; value keeps the printed currency symbol; asset_class `Investment derivative instruments` is the printed in-table group heading.; Source review: p2: Fair Value (The statement or note reports this line and its valuation column separately.) | p2: Fair Value (Printed heading or definition supporting the source-reviewed qualifier.)",RESOLVED,A+B+ADJUDICATOR,3c5ea49df11ea7acd103759a4d84ab994abbe40fe6b9770ac1f2a723929dc717
ace1a198388c2b51d734,SRC152,2,PAIR_793AE84B6F56D4DCDD243DE1,VALUE_CONFLICT,27,28,source_section|asset_class|currency_scale|metric_value_raw,MERGE,"source_section is the page's own printed blue heading `Notes to Financial Statements (continued)`; `Financial Section` is the document-part running header above it and A's value was a sentence fragment; currency_scale copied verbatim with parentheses per the scale rule; metric_name `Level 1` is the printed measure, never the period; value keeps the printed currency symbol; asset_class `Investment derivative instruments` is the printed in-table group heading.; Source review: p2: Fair Value (The statement or note reports this line and its valuation column separately.) | p2: Fair Value (Printed heading or definition supporting the source-reviewed qualifier.)",RESOLVED,A+B+ADJUDICATOR,3c5ea49df11ea7acd103759a4d84ab994abbe40fe6b9770ac1f2a723929dc717
a275c7f23edb49c6d05c,SRC152,2,PAIR_9CCECD12DD224E5663097531,CONTEXT_CONFLICT,28,29,source_section|asset_class|horizon|currency_scale|metric_name,MERGE,"source_section is the page's own printed blue heading `Notes to Financial Statements (continued)`; `Financial Section` is the document-part running header above it and A's value was a sentence fragment; currency_scale copied verbatim with parentheses per the scale rule; metric_name `Fair Value` is the printed measure, never the period; asset_class `Common and preferred stock` is the printed in-table group heading.; Source review: p2: Fair Value (The statement or note reports this line and its valuation column separately.) | p2: Fair Value (Printed heading or definition supporting the source-reviewed qualifier.)",RESOLVED,A+B+ADJUDICATOR,3c5ea49df11ea7acd103759a4d84ab994abbe40fe6b9770ac1f2a723929dc717
5bd18e4c65ee9053a0d9,SRC152,2,PAIR_DF8019B5F1A19D0DC65C5F28,CONTEXT_CONFLICT,29,30,source_section|asset_class|currency_scale,MERGE,"source_section is the page's own printed blue heading `Notes to Financial Statements (continued)`; `Financial Section` is the document-part running header above it and A's value was a sentence fragment; currency_scale copied verbatim with parentheses per the scale rule; metric_name `Level 1` is the printed measure, never the period; asset_class `Common and preferred stock` is the printed in-table group heading.; Source review: p2: Fair Value (The statement or note reports this line and its valuation column separately.) | p2: Fair Value (Printed heading or definition supporting the source-reviewed qualifier.)",RESOLVED,A+B+ADJUDICATOR,3c5ea49df11ea7acd103759a4d84ab994abbe40fe6b9770ac1f2a723929dc717
da42b0541166817332f7,SRC152,2,PAIR_20328705AA98F5F4D9A4CDB5,CONTEXT_CONFLICT,30,31,source_section|asset_class|horizon|currency_scale|metric_name,MERGE,"source_section is the page's own printed blue heading `Notes to Financial Statements (continued)`; `Financial Section` is the document-part running header above it and A's value was a sentence fragment; currency_scale copied verbatim with parentheses per the scale rule; metric_name `Fair Value` is the printed measure, never the period; asset_class `Fixed income` is the printed in-table group heading.; Source review: p2: Fair Value (The statement or note reports this line and its valuation column separately.) | p2: Fair Value (Printed heading or definition supporting the source-reviewed qualifier.)",RESOLVED,A+B+ADJUDICATOR,3c5ea49df11ea7acd103759a4d84ab994abbe40fe6b9770ac1f2a723929dc717
a532e687783bce7b620c,SRC152,2,PAIR_1652E5EE269AD71633D5E986,CONTEXT_CONFLICT,31,32,source_section|asset_class|currency_scale,MERGE,"source_section is the page's own printed blue heading `Notes to Financial Statements (continued)`; `Financial Section` is the document-part running header above it and A's value was a sentence fragment; currency_scale copied verbatim with parentheses per the scale rule; metric_name `Level 2` is the printed measure, never the period; asset_class `Fixed income` is the printed in-table group heading.; Source review: p2: Fair Value (The statement or note reports this line and its valuation column separately.) | p2: Fair Value (Printed heading or definition supporting the source-reviewed qualifier.)",RESOLVED,A+B+ADJUDICATOR,3c5ea49df11ea7acd103759a4d84ab994abbe40fe6b9770ac1f2a723929dc717
eaf1089c62ee7a5f907c,SRC152,2,PAIR_5B3090B4C7F31531C4592CE5,CONTEXT_CONFLICT,32,33,source_section|asset_class|horizon|currency_scale|metric_name,MERGE,"source_section is the page's own printed blue heading `Notes to Financial Statements (continued)`; `Financial Section` is the document-part running header above it and A's value was a sentence fragment; currency_scale copied verbatim with parentheses per the scale rule; metric_name `Fair Value` is the printed measure, never the period; asset_class `Short term` is the printed in-table group heading.; Source review: p2: Fair Value (The statement or note reports this line and its valuation column separately.) | p2: Fair Value (Printed heading or definition supporting the source-reviewed qualifier.)",RESOLVED,A+B+ADJUDICATOR,3c5ea49df11ea7acd103759a4d84ab994abbe40fe6b9770ac1f2a723929dc717
a0a2e10ded99bad4b2c9,SRC152,2,PAIR_D94CBBF45317208ED4D79FAF,CONTEXT_CONFLICT,33,34,source_section|asset_class|currency_scale,MERGE,"source_section is the page's own printed blue heading `Notes to Financial Statements (continued)`; `Financial Section` is the document-part running header above it and A's value was a sentence fragment; currency_scale copied verbatim with parentheses per the scale rule; metric_name `Level 1` is the printed measure, never the period; asset_class `Short term` is the printed in-table group heading.; Source review: p2: Fair Value (The statement or note reports this line and its valuation column separately.) | p2: Fair Value (Printed heading or definition supporting the source-reviewed qualifier.)",RESOLVED,A+B+ADJUDICATOR,3c5ea49df11ea7acd103759a4d84ab994abbe40fe6b9770ac1f2a723929dc717
7a24ec2fca22a9b79049,SRC152,2,PAIR_2762555E974E8930344F7411,CONTEXT_CONFLICT,34,35,source_section|asset_class|currency_scale,MERGE,"source_section is the page's own printed blue heading `Notes to Financial Statements (continued)`; `Financial Section` is the document-part running header above it and A's value was a sentence fragment; currency_scale copied verbatim with parentheses per the scale rule; metric_name `Level 2` is the printed measure, never the period; asset_class `Short term` is the printed in-table group heading.; Source review: p2: Fair Value (The statement or note reports this line and its valuation column separately.) | p2: Fair Value (Printed heading or definition supporting the source-reviewed qualifier.)",RESOLVED,A+B+ADJUDICATOR,3c5ea49df11ea7acd103759a4d84ab994abbe40fe6b9770ac1f2a723929dc717
f5fc5864aee50707a810,SRC152,2,PAIR_A57E9297D93020688D258FD5,CONTEXT_CONFLICT,35,36,source_section|asset_class|horizon|currency_scale|metric_name,MERGE,"source_section is the page's own printed blue heading `Notes to Financial Statements (continued)`; `Financial Section` is the document-part running header above it and A's value was a sentence fragment; currency_scale copied verbatim with parentheses per the scale rule; metric_name `Fair Value` is the printed measure, never the period; asset_class `Investment derivative instruments` is the printed in-table group heading.; Source review: p2: Fair Value (The statement or note reports this line and its valuation column separately.) | p2: Fair Value (Printed heading or definition supporting the source-reviewed qualifier.)",RESOLVED,A+B+ADJUDICATOR,3c5ea49df11ea7acd103759a4d84ab994abbe40fe6b9770ac1f2a723929dc717
b427e80e9b5c32485985,SRC152,2,PAIR_A4B80BCF0ECD6DBC2B1E7428,CONTEXT_CONFLICT,36,37,source_section|asset_class|currency_scale,MERGE,"source_section is the page's own printed blue heading `Notes to Financial Statements (continued)`; `Financial Section` is the document-part running header above it and A's value was a sentence fragment; currency_scale copied verbatim with parentheses per the scale rule; metric_name `Level 1` is the printed measure, never the period; asset_class `Investment derivative instruments` is the printed in-table group heading.; Source review: p2: Fair Value (The statement or note reports this line and its valuation column separately.) | p2: Fair Value (Printed heading or definition supporting the source-reviewed qualifier.)",RESOLVED,A+B+ADJUDICATOR,3c5ea49df11ea7acd103759a4d84ab994abbe40fe6b9770ac1f2a723929dc717
889b82ab51939abb12f6,SRC152,2,PAIR_0D6E7E3382AE9944ED4FC341,CONTEXT_CONFLICT,37,38,source_section|asset_class|horizon|currency_scale|metric_name,MERGE,"source_section is the page's own printed blue heading `Notes to Financial Statements (continued)`; `Financial Section` is the document-part running header above it and A's value was a sentence fragment; currency_scale copied verbatim with parentheses per the scale rule; metric_name `Fair Value` is the printed measure, never the period; asset_class `Short term` is the printed in-table group heading.; Source review: p2: Fair Value (The statement or note reports this line and its valuation column separately.) | p2: Fair Value (Printed heading or definition supporting the source-reviewed qualifier.)",RESOLVED,A+B+ADJUDICATOR,3c5ea49df11ea7acd103759a4d84ab994abbe40fe6b9770ac1f2a723929dc717
8bc9f61c00831134bd6b,SRC152,2,PAIR_76DC1B6F20609A8C5C57C63D,CONTEXT_CONFLICT,38,39,source_section|asset_class|currency_scale,MERGE,"source_section is the page's own printed blue heading `Notes to Financial Statements (continued)`; `Financial Section` is the document-part running header above it and A's value was a sentence fragment; currency_scale copied verbatim with parentheses per the scale rule; metric_name `Level 1` is the printed measure, never the period; asset_class `Short term` is the printed in-table group heading.; Source review: p2: Fair Value (The statement or note reports this line and its valuation column separately.) | p2: Fair Value (Printed heading or definition supporting the source-reviewed qualifier.)",RESOLVED,A+B+ADJUDICATOR,3c5ea49df11ea7acd103759a4d84ab994abbe40fe6b9770ac1f2a723929dc717
acad167193273a2b176a,SRC152,2,PAIR_260642E4A444FBF3FE817E51,CONTEXT_CONFLICT,39,40,source_section|asset_class|currency_scale,MERGE,"source_section is the page's own printed blue heading `Notes to Financial Statements (continued)`; `Financial Section` is the document-part running header above it and A's value was a sentence fragment; currency_scale copied verbatim with parentheses per the scale rule; metric_name `Level 2` is the printed measure, never the period; asset_class `Short term` is the printed in-table group heading.; Source review: p2: Fair Value (The statement or note reports this line and its valuation column separately.) | p2: Fair Value (Printed heading or definition supporting the source-reviewed qualifier.)",RESOLVED,A+B+ADJUDICATOR,3c5ea49df11ea7acd103759a4d84ab994abbe40fe6b9770ac1f2a723929dc717
e77e543f44a8aeeaeb71,SRC152,2,PAIR_F8ECEED8E8288F7B3A68D87A,A_ONLY,40,,,MERGE,"source_section is the page's own printed blue heading `Notes to Financial Statements (continued)`; `Financial Section` is the document-part running header above it and A's value was a sentence fragment; currency_scale copied verbatim with parentheses per the scale rule; metric_name `NAV` is the printed measure, never the period; asset_class `Alternative investments` is the printed in-table group heading; one-sided row confirmed printed on page 2 from the page image.; Source review: p2: Fair Value (The statement or note reports this line and its valuation column separately.) | p2: Fair Value (Printed heading or definition supporting the source-reviewed qualifier.)",RESOLVED,A+ADJUDICATOR,3c5ea49df11ea7acd103759a4d84ab994abbe40fe6b9770ac1f2a723929dc717
e6bd83f2519e1f05e40e,SRC152,2,PAIR_66EC85D710FC7EE216724BA2,VALUE_CONFLICT,41,41,source_section|asset_class|horizon|currency_scale|metric_name|metric_value_raw,MERGE,"source_section is the page's own printed blue heading `Notes to Financial Statements (continued)`; `Financial Section` is the document-part running header above it and A's value was a sentence fragment; currency_scale copied verbatim with parentheses per the scale rule; metric_name `Fair Value` is the printed measure, never the period; value keeps the printed currency symbol; asset_class `Short term` is the printed in-table group heading.; Source review: p2: Fair Value (The statement or note reports this line and its valuation column separately.) | p2: Fair Value (Printed heading or definition supporting the source-reviewed qualifier.)",RESOLVED,A+B+ADJUDICATOR,3c5ea49df11ea7acd103759a4d84ab994abbe40fe6b9770ac1f2a723929dc717
2a60354bb2dbb461349e,SRC152,2,PAIR_D7F496EFE0433B5161FA29EF,VALUE_CONFLICT,42,42,source_section|asset_class|currency_scale|metric_value_raw,MERGE,"source_section is the page's own printed blue heading `Notes to Financial Statements (continued)`; `Financial Section` is the document-part running header above it and A's value was a sentence fragment; currency_scale copied verbatim with parentheses per the scale rule; metric_name `Level 1` is the printed measure, never the period; value keeps the printed currency symbol; asset_class `Short term` is the printed in-table group heading.; Source review: p2: Fair Value (The statement or note reports this line and its valuation column separately.) | p2: Fair Value (Printed heading or definition supporting the source-reviewed qualifier.)",RESOLVED,A+B+ADJUDICATOR,3c5ea49df11ea7acd103759a4d84ab994abbe40fe6b9770ac1f2a723929dc717
d54110fa1f6274425abf,SRC152,2,PAIR_D100F13ACB8B5E850AB8600C,A_ONLY,43,,,MERGE,"source_section is the page's own printed blue heading `Notes to Financial Statements (continued)`; `Financial Section` is the document-part running header above it and A's value was a sentence fragment; currency_scale copied verbatim with parentheses per the scale rule; metric_name `NAV` is the printed measure, never the period; asset_class `Alternative investments` is the printed in-table group heading; one-sided row confirmed printed on page 2 from the page image.; Source review: p2: Fair Value (The statement or note reports this line and its valuation column separately.) | p2: Fair Value (Printed heading or definition supporting the source-reviewed qualifier.)",RESOLVED,A+ADJUDICATOR,3c5ea49df11ea7acd103759a4d84ab994abbe40fe6b9770ac1f2a723929dc717
bc8017bc79a267445ae6,SRC152,2,PAIR_47D7A1490CF75CA9C80B990C,VALUE_CONFLICT,44,43,source_section|horizon|currency_scale|metric_name|metric_value_raw,MERGE,"source_section is the page's own printed blue heading `Notes to Financial Statements (continued)`; `Financial Section` is the document-part running header above it and A's value was a sentence fragment; currency_scale copied verbatim with parentheses per the scale rule; metric_name `Fair Value` is the printed measure, never the period; value keeps the printed currency symbol; asset_class `Investment derivative instruments` is the printed in-table group heading.; Source review: p2: Fair Value (The statement or note reports this line and its valuation column separately.) | p2: Fair Value (Printed heading or definition supporting the source-reviewed qualifier.) | p2: Total investment derivative instruments $ (195,751) $ (195,751) $ - $ - (The printed label identifies a statement item, not an institution; retain the accounting scope without an entity ID.)",RESOLVED,A+B+ADJUDICATOR,3c5ea49df11ea7acd103759a4d84ab994abbe40fe6b9770ac1f2a723929dc717
ce8e252abe277562bf60,SRC152,2,PAIR_E7343F8AA673C08C1427E905,VALUE_CONFLICT,45,44,source_section|currency_scale|metric_value_raw,MERGE,"source_section is the page's own printed blue heading `Notes to Financial Statements (continued)`; `Financial Section` is the document-part running header above it and A's value was a sentence fragment; currency_scale copied verbatim with parentheses per the scale rule; metric_name `Level 1` is the printed measure, never the period; value keeps the printed currency symbol; asset_class `Investment derivative instruments` is the printed in-table group heading.; Source review: p2: Fair Value (The statement or note reports this line and its valuation column separately.) | p2: Fair Value (Printed heading or definition supporting the source-reviewed qualifier.) | p2: Total investment derivative instruments $ (195,751) $ (195,751) $ - $ - (The printed label identifies a statement item, not an institution; retain the accounting scope without an entity ID.)",RESOLVED,A+B+ADJUDICATOR,3c5ea49df11ea7acd103759a4d84ab994abbe40fe6b9770ac1f2a723929dc717
4c373e34559603924210,SRC152,2,PAIR_C5AA1C6185A42F1183886651,CONTEXT_CONFLICT,46,45,source_section|horizon|currency_scale|metric_name,MERGE,"source_section is the page's own printed blue heading `Notes to Financial Statements (continued)`; `Financial Section` is the document-part running header above it and A's value was a sentence fragment; currency_scale copied verbatim with parentheses per the scale rule; metric_name `Fair Value` is the printed measure, never the period.; Source review: p2: Fair Value (The statement or note reports this line and its valuation column separately.) | p2: Fair Value (Printed heading or definition supporting the source-reviewed qualifier.) | p2: Total investments by fair value level 22,470,579 $ 18,522,333 $ 3,404,407 $ 543,839 (The printed label identifies a statement item, not an institution; retain the accounting scope without an entity ID.)",RESOLVED,A+B+ADJUDICATOR,3c5ea49df11ea7acd103759a4d84ab994abbe40fe6b9770ac1f2a723929dc717
b14a62aa60e01a11df93,SRC152,2,PAIR_4373098D2D7265758C00A042,VALUE_CONFLICT,47,46,source_section|currency_scale|metric_value_raw,MERGE,"source_section is the page's own printed blue heading `Notes to Financial Statements (continued)`; `Financial Section` is the document-part running header above it and A's value was a sentence fragment; currency_scale copied verbatim with parentheses per the scale rule; metric_name `Level 1` is the printed measure, never the period; value keeps the printed currency symbol.; Source review: p2: Fair Value (The statement or note reports this line and its valuation column separately.) | p2: Fair Value (Printed heading or definition supporting the source-reviewed qualifier.) | p2: Total investments by fair value level 22,470,579 $ 18,522,333 $ 3,404,407 $ 543,839 (The printed label identifies a statement item, not an institution; retain the accounting scope without an entity ID.)",RESOLVED,A+B+ADJUDICATOR,3c5ea49df11ea7acd103759a4d84ab994abbe40fe6b9770ac1f2a723929dc717
f6acd46e916f6d0b3fdf,SRC152,2,PAIR_29F6308F41FE0EAB29F9F055,VALUE_CONFLICT,48,47,source_section|currency_scale|metric_value_raw,MERGE,"source_section is the page's own printed blue heading `Notes to Financial Statements (continued)`; `Financial Section` is the document-part running header above it and A's value was a sentence fragment; currency_scale copied verbatim with parentheses per the scale rule; metric_name `Level 2` is the printed measure, never the period; value keeps the printed currency symbol.; Source review: p2: Fair Value (The statement or note reports this line and its valuation column separately.) | p2: Fair Value (Printed heading or definition supporting the source-reviewed qualifier.) | p2: Total investments by fair value level 22,470,579 $ 18,522,333 $ 3,404,407 $ 543,839 (The printed label identifies a statement item, not an institution; retain the accounting scope without an entity ID.)",RESOLVED,A+B+ADJUDICATOR,3c5ea49df11ea7acd103759a4d84ab994abbe40fe6b9770ac1f2a723929dc717
dd632cc865635fb8410a,SRC152,2,PAIR_15C76A5EEBAAA5F9FF480EFD,VALUE_CONFLICT,49,48,source_section|currency_scale|metric_value_raw,MERGE,"source_section is the page's own printed blue heading `Notes to Financial Statements (continued)`; `Financial Section` is the document-part running header above it and A's value was a sentence fragment; currency_scale copied verbatim with parentheses per the scale rule; metric_name `Level 3` is the printed measure, never the period; value keeps the printed currency symbol.; Source review: p2: Fair Value (The statement or note reports this line and its valuation column separately.) | p2: Fair Value (Printed heading or definition supporting the source-reviewed qualifier.) | p2: Total investments by fair value level 22,470,579 $ 18,522,333 $ 3,404,407 $ 543,839 (The printed label identifies a statement item, not an institution; retain the accounting scope without an entity ID.)",RESOLVED,A+B+ADJUDICATOR,3c5ea49df11ea7acd103759a4d84ab994abbe40fe6b9770ac1f2a723929dc717
83bae0112faf6afdedbd,SRC152,2,PAIR_BA11A769FA8253E456DFEE42,A_ONLY,50,,,MERGE,"source_section is the page's own printed blue heading `Notes to Financial Statements (continued)`; `Financial Section` is the document-part running header above it and A's value was a sentence fragment; currency_scale copied verbatim with parentheses per the scale rule; metric_name `Fair Value` is the printed measure, never the period; value keeps the printed currency symbol; one-sided row confirmed printed on page 2 from the page image.; Source review: p2: Fair Value (The statement or note reports this line and its valuation column separately.) | p2: Fair Value (Printed heading or definition supporting the source-reviewed qualifier.) | p2: Total investments measured at fair value $ 52,183,143 (The printed label identifies a statement item, not an institution; retain the accounting scope without an entity ID.)",RESOLVED,A+ADJUDICATOR,3c5ea49df11ea7acd103759a4d84ab994abbe40fe6b9770ac1f2a723929dc717
ad44a31de7e18b45437e,SRC152,2,PAIR_2CF835F261940B1A3F31D624,A_ONLY,51,,,MERGE,"source_section is the page's own printed blue heading `Notes to Financial Statements (continued)`; `Financial Section` is the document-part running header above it and A's value was a sentence fragment; currency_scale copied verbatim with parentheses per the scale rule; metric_name `NAV` is the printed measure, never the period; one-sided row confirmed printed on page 2 from the page image.; Source review: p2: Fair Value (The statement or note reports this line and its valuation column separately.) | p2: Fair Value (Printed heading or definition supporting the source-reviewed qualifier.) | p2: Total investments measured at the NAV 29,712,564 (The printed label identifies a statement item, not an institution; retain the accounting scope without an entity ID.)",RESOLVED,A+ADJUDICATOR,3c5ea49df11ea7acd103759a4d84ab994abbe40fe6b9770ac1f2a723929dc717
f8562f0c40b33e48ebc0,SRC152,2,PAIR_C26EB149A297DB66EE62EE03,CONTEXT_CONFLICT,52,49,source_section|asset_class|horizon|currency_scale|metric_name,MERGE,"source_section is the page's own printed blue heading `Notes to Financial Statements (continued)`; `Financial Section` is the document-part running header above it and A's value was a sentence fragment; currency_scale copied verbatim with parentheses per the scale rule; metric_name `Fair Value` is the printed measure, never the period; asset_class `Investment derivative instruments` is the printed in-table group heading.; Source review: p2: Fair Value (The statement or note reports this line and its valuation column separately.) | p2: Fair Value (Printed heading or definition supporting the source-reviewed qualifier.)",RESOLVED,A+B+ADJUDICATOR,3c5ea49df11ea7acd103759a4d84ab994abbe40fe6b9770ac1f2a723929dc717
8fe17a23ced840cb4842,SRC152,2,PAIR_28208FB36E8F0277A566412D,CONTEXT_CONFLICT,53,50,source_section|asset_class|currency_scale,MERGE,"source_section is the page's own printed blue heading `Notes to Financial Statements (continued)`; `Financial Section` is the document-part running header above it and A's value was a sentence fragment; currency_scale copied verbatim with parentheses per the scale rule; metric_name `Level 1` is the printed measure, never the period; asset_class `Investment derivative instruments` is the printed in-table group heading.; Source review: p2: Fair Value (The statement or note reports this line and its valuation column separately.) | p2: Fair Value (Printed heading or definition supporting the source-reviewed qualifier.)",RESOLVED,A+B+ADJUDICATOR,3c5ea49df11ea7acd103759a4d84ab994abbe40fe6b9770ac1f2a723929dc717
215010f85e69e9bd9098,SRC152,2,PAIR_E832E196533D874B0E85E490,CONTEXT_CONFLICT,54,51,source_section|asset_class|horizon|currency_scale|metric_name,MERGE,"source_section is the page's own printed blue heading `Notes to Financial Statements (continued)`; `Financial Section` is the document-part running header above it and A's value was a sentence fragment; currency_scale copied verbatim with parentheses per the scale rule; metric_name `Fair Value` is the printed measure, never the period; asset_class `Fixed income` is the printed in-table group heading.; Source review: p2: Fair Value (The statement or note reports this line and its valuation column separately.) | p2: Fair Value (Printed heading or definition supporting the source-reviewed qualifier.)",RESOLVED,A+B+ADJUDICATOR,3c5ea49df11ea7acd103759a4d84ab994abbe40fe6b9770ac1f2a723929dc717
cdf8080b132ec9b00d5a,SRC152,2,PAIR_0591027CFCBA52CA51E34F10,CONTEXT_CONFLICT,55,52,source_section|asset_class|currency_scale,MERGE,"source_section is the page's own printed blue heading `Notes to Financial Statements (continued)`; `Financial Section` is the document-part running header above it and A's value was a sentence fragment; currency_scale copied verbatim with parentheses per the scale rule; metric_name `Level 1` is the printed measure, never the period; asset_class `Fixed income` is the printed in-table group heading.; Source review: p2: Fair Value (The statement or note reports this line and its valuation column separately.) | p2: Fair Value (Printed heading or definition supporting the source-reviewed qualifier.)",RESOLVED,A+B+ADJUDICATOR,3c5ea49df11ea7acd103759a4d84ab994abbe40fe6b9770ac1f2a723929dc717
c96708b5e4ded2e7b247,SRC152,2,PAIR_1F0E2E228EAC5FCC2A2EB1CA,A_ONLY,56,,,MERGE,"source_section is the page's own printed blue heading `Notes to Financial Statements (continued)`; `Financial Section` is the document-part running header above it and A's value was a sentence fragment; currency_scale copied verbatim with parentheses per the scale rule; metric_name `NAV` is the printed measure, never the period; asset_class `Alternative investments` is the printed in-table group heading; one-sided row confirmed printed on page 2 from the page image.; Source review: p2: Fair Value (The statement or note reports this line and its valuation column separately.) | p2: Fair Value (Printed heading or definition supporting the source-reviewed qualifier.)",RESOLVED,A+ADJUDICATOR,3c5ea49df11ea7acd103759a4d84ab994abbe40fe6b9770ac1f2a723929dc717
59d73e5bd1cf90d88816,SRC152,3,PAIR_B1D0B6257FB5531FE468363C,A_ONLY,57,,,MERGE,"source_section is the page's own printed blue heading `Notes to Financial Statements (continued)`; `Financial Section` is the document-part running header above it and A's value was a sentence fragment; currency_scale copied verbatim with parentheses per the scale rule; metric_name `NAV` is the printed measure, never the period; one-sided row confirmed printed on page 3 from the page image.; Source review: p3: Fair Value (The statement or note reports this line and its valuation column separately.) | p3: Fair Value (Printed heading or definition supporting the source-reviewed qualifier.)",RESOLVED,A+ADJUDICATOR,3c5ea49df11ea7acd103759a4d84ab994abbe40fe6b9770ac1f2a723929dc717
e5f623cf9729b329efaf,SRC152,3,PAIR_95B72890151AF08B8E1A66F9,CONTEXT_CONFLICT,58,60,source_section|horizon|currency_scale|metric_name,MERGE,"source_section is the page's own printed blue heading `Notes to Financial Statements (continued)`; `Financial Section` is the document-part running header above it and A's value was a sentence fragment; currency_scale copied verbatim with parentheses per the scale rule; metric_name `Fair Value` is the printed measure, never the period.; Source review: p3: Fair Value (The statement or note reports this line and its valuation column separately.) | p3: Fair Value (Printed heading or definition supporting the source-reviewed qualifier.)",RESOLVED,A+B+ADJUDICATOR,3c5ea49df11ea7acd103759a4d84ab994abbe40fe6b9770ac1f2a723929dc717
a561e1532bab3ff8d0df,SRC152,3,PAIR_23C1D426A668B3A09BEE57D9,CONTEXT_CONFLICT,59,61,source_section|currency_scale,MERGE,"source_section is the page's own printed blue heading `Notes to Financial Statements (continued)`; `Financial Section` is the document-part running header above it and A's value was a sentence fragment; currency_scale copied verbatim with parentheses per the scale rule; metric_name `Level 1` is the printed measure, never the period.; Source review: p3: Fair Value (The statement or note reports this line and its valuation column separately.) | p3: Fair Value (Printed heading or definition supporting the source-reviewed qualifier.)",RESOLVED,A+B+ADJUDICATOR,3c5ea49df11ea7acd103759a4d84ab994abbe40fe6b9770ac1f2a723929dc717
4b8e360cf2fcac8afc19,SRC152,3,PAIR_FF098F1A9164DE9D7A44C123,CONTEXT_CONFLICT,60,62,source_section|currency_scale,MERGE,"source_section is the page's own printed blue heading `Notes to Financial Statements (continued)`; `Financial Section` is the document-part running header above it and A's value was a sentence fragment; currency_scale copied verbatim with parentheses per the scale rule; metric_name `Level 3` is the printed measure, never the period.; Source review: p3: Fair Value (The statement or note reports this line and its valuation column separately.) | p3: Fair Value (Printed heading or definition supporting the source-reviewed qualifier.)",RESOLVED,A+B+ADJUDICATOR,3c5ea49df11ea7acd103759a4d84ab994abbe40fe6b9770ac1f2a723929dc717
c5667b92f50e3f1f18b4,SRC152,3,PAIR_16BE18AADA3084B3D5044194,CONTEXT_CONFLICT,61,63,source_section|asset_class|horizon|currency_scale|metric_name,MERGE,"source_section is the page's own printed blue heading `Notes to Financial Statements (continued)`; `Financial Section` is the document-part running header above it and A's value was a sentence fragment; currency_scale copied verbatim with parentheses per the scale rule; metric_name `Fair Value` is the printed measure, never the period; asset_class `Fixed income` is the printed in-table group heading.; Source review: p3: Fair Value (The statement or note reports this line and its valuation column separately.) | p3: Fair Value (Printed heading or definition supporting the source-reviewed qualifier.)",RESOLVED,A+B+ADJUDICATOR,3c5ea49df11ea7acd103759a4d84ab994abbe40fe6b9770ac1f2a723929dc717
36d6d2cc2b32778cea2c,SRC152,3,PAIR_49C83832F62EB41C5DEF1B1B,CONTEXT_CONFLICT,62,64,source_section|asset_class|currency_scale,MERGE,"source_section is the page's own printed blue heading `Notes to Financial Statements (continued)`; `Financial Section` is the document-part running header above it and A's value was a sentence fragment; currency_scale copied verbatim with parentheses per the scale rule; metric_name `Level 2` is the printed measure, never the period; asset_class `Fixed income` is the printed in-table group heading.; Source review: p3: Fair Value (The statement or note reports this line and its valuation column separately.) | p3: Fair Value (Printed heading or definition supporting the source-reviewed qualifier.)",RESOLVED,A+B+ADJUDICATOR,3c5ea49df11ea7acd103759a4d84ab994abbe40fe6b9770ac1f2a723929dc717
13fa4be5f41815ac3e14,SRC152,3,PAIR_0492A7C7397F9E9A8B549338,CONTEXT_CONFLICT,63,65,source_section|asset_class|horizon|currency_scale|metric_name,MERGE,"source_section is the page's own printed blue heading `Notes to Financial Statements (continued)`; `Financial Section` is the document-part running header above it and A's value was a sentence fragment; currency_scale copied verbatim with parentheses per the scale rule; metric_name `Fair Value` is the printed measure, never the period; asset_class `Common and preferred stock` is the printed in-table group heading.; Source review: p3: Fair Value (The statement or note reports this line and its valuation column separately.) | p3: Fair Value (Printed heading or definition supporting the source-reviewed qualifier.)",RESOLVED,A+B+ADJUDICATOR,3c5ea49df11ea7acd103759a4d84ab994abbe40fe6b9770ac1f2a723929dc717
4e98a935c2e9774fa8af,SRC152,3,PAIR_4D39EE7B4EE8A61B6CA430CA,CONTEXT_CONFLICT,64,66,source_section|asset_class|currency_scale,MERGE,"source_section is the page's own printed blue heading `Notes to Financial Statements (continued)`; `Financial Section` is the document-part running header above it and A's value was a sentence fragment; currency_scale copied verbatim with parentheses per the scale rule; metric_name `Level 1` is the printed measure, never the period; asset_class `Common and preferred stock` is the printed in-table group heading.; Source review: p3: Fair Value (The statement or note reports this line and its valuation column separately.) | p3: Fair Value (Printed heading or definition supporting the source-reviewed qualifier.)",RESOLVED,A+B+ADJUDICATOR,3c5ea49df11ea7acd103759a4d84ab994abbe40fe6b9770ac1f2a723929dc717
d2fb598f197726031fe2,SRC152,3,PAIR_1ABBC1DF732D151D2FF44950,CONTEXT_CONFLICT,65,67,source_section|asset_class|currency_scale,MERGE,"source_section is the page's own printed blue heading `Notes to Financial Statements (continued)`; `Financial Section` is the document-part running header above it and A's value was a sentence fragment; currency_scale copied verbatim with parentheses per the scale rule; metric_name `Level 3` is the printed measure, never the period; asset_class `Common and preferred stock` is the printed in-table group heading.; Source review: p3: Fair Value (The statement or note reports this line and its valuation column separately.) | p3: Fair Value (Printed heading or definition supporting the source-reviewed qualifier.)",RESOLVED,A+B+ADJUDICATOR,3c5ea49df11ea7acd103759a4d84ab994abbe40fe6b9770ac1f2a723929dc717
cf422b66330a8d553920,SRC152,3,PAIR_A9EBDFBED41AD5F6C40814C5,CONTEXT_CONFLICT,66,68,source_section|asset_class|horizon|currency_scale|metric_name,MERGE,"source_section is the page's own printed blue heading `Notes to Financial Statements (continued)`; `Financial Section` is the document-part running header above it and A's value was a sentence fragment; currency_scale copied verbatim with parentheses per the scale rule; metric_name `Fair Value` is the printed measure, never the period; asset_class `Fixed income` is the printed in-table group heading.; Source review: p3: Fair Value (The statement or note reports this line and its valuation column separately.) | p3: Fair Value (Printed heading or definition supporting the source-reviewed qualifier.)",RESOLVED,A+B+ADJUDICATOR,3c5ea49df11ea7acd103759a4d84ab994abbe40fe6b9770ac1f2a723929dc717
4a6a60c88e194f5a4c39,SRC152,3,PAIR_38149A94790B6E37CADE6714,CONTEXT_CONFLICT,67,69,source_section|asset_class|currency_scale,MERGE,"source_section is the page's own printed blue heading `Notes to Financial Statements (continued)`; `Financial Section` is the document-part running header above it and A's value was a sentence fragment; currency_scale copied verbatim with parentheses per the scale rule; metric_name `Level 2` is the printed measure, never the period; asset_class `Fixed income` is the printed in-table group heading.; Source review: p3: Fair Value (The statement or note reports this line and its valuation column separately.) | p3: Fair Value (Printed heading or definition supporting the source-reviewed qualifier.)",RESOLVED,A+B+ADJUDICATOR,3c5ea49df11ea7acd103759a4d84ab994abbe40fe6b9770ac1f2a723929dc717
555f654acbf1f778e046,SRC152,3,PAIR_CC44EC72F8D01F7A37E846F1,A_ONLY,68,,,MERGE,"source_section is the page's own printed blue heading `Notes to Financial Statements (continued)`; `Financial Section` is the document-part running header above it and A's value was a sentence fragment; currency_scale copied verbatim with parentheses per the scale rule; metric_name `NAV` is the printed measure, never the period; one-sided row confirmed printed on page 3 from the page image.; Source review: p3: Fair Value (The statement or note reports this line and its valuation column separately.) | p3: Fair Value (Printed heading or definition supporting the source-reviewed qualifier.)",RESOLVED,A+ADJUDICATOR,3c5ea49df11ea7acd103759a4d84ab994abbe40fe6b9770ac1f2a723929dc717
fe6fa0d05078e5cd73ef,SRC152,3,PAIR_9AF3C614DF751A4013473D30,CONTEXT_CONFLICT,69,70,source_section|asset_class|horizon|currency_scale|metric_name,MERGE,"source_section is the page's own printed blue heading `Notes to Financial Statements (continued)`; `Financial Section` is the document-part running header above it and A's value was a sentence fragment; currency_scale copied verbatim with parentheses per the scale rule; metric_name `Fair Value` is the printed measure, never the period; asset_class `Investment derivative instruments` is the printed in-table group heading.; Source review: p3: Fair Value (The statement or note reports this line and its valuation column separately.) | p3: Fair Value (Printed heading or definition supporting the source-reviewed qualifier.)",RESOLVED,A+B+ADJUDICATOR,3c5ea49df11ea7acd103759a4d84ab994abbe40fe6b9770ac1f2a723929dc717
0879b413de0c932ebf70,SRC152,3,PAIR_A02246C05CE6FC4EE5B65B90,CONTEXT_CONFLICT,70,71,source_section|asset_class|currency_scale,MERGE,"source_section is the page's own printed blue heading `Notes to Financial Statements (continued)`; `Financial Section` is the document-part running header above it and A's value was a sentence fragment; currency_scale copied verbatim with parentheses per the scale rule; metric_name `Level 1` is the printed measure, never the period; asset_class `Investment derivative instruments` is the printed in-table group heading.; Source review: p3: Fair Value (The statement or note reports this line and its valuation column separately.) | p3: Fair Value (Printed heading or definition supporting the source-reviewed qualifier.)",RESOLVED,A+B+ADJUDICATOR,3c5ea49df11ea7acd103759a4d84ab994abbe40fe6b9770ac1f2a723929dc717
09dea71976d63da58a03,SRC152,3,PAIR_C043B8E2F159EA859759D666,VALUE_CONFLICT,71,72,source_section|asset_class|horizon|currency_scale|metric_name|metric_value_raw,MERGE,"source_section is the page's own printed blue heading `Notes to Financial Statements (continued)`; `Financial Section` is the document-part running header above it and A's value was a sentence fragment; currency_scale copied verbatim with parentheses per the scale rule; metric_name `Fair Value` is the printed measure, never the period; value keeps the printed currency symbol; asset_class `Investment derivative instruments` is the printed in-table group heading.; Source review: p3: Fair Value (The statement or note reports this line and its valuation column separately.) | p3: Fair Value (Printed heading or definition supporting the source-reviewed qualifier.)",RESOLVED,A+B+ADJUDICATOR,3c5ea49df11ea7acd103759a4d84ab994abbe40fe6b9770ac1f2a723929dc717
4cdc8f36b169612fe321,SRC152,3,PAIR_C49A8B8227ABC4AF50B56A6E,VALUE_CONFLICT,72,73,source_section|asset_class|currency_scale|metric_value_raw,MERGE,"source_section is the page's own printed blue heading `Notes to Financial Statements (continued)`; `Financial Section` is the document-part running header above it and A's value was a sentence fragment; currency_scale copied verbatim with parentheses per the scale rule; metric_name `Level 1` is the printed measure, never the period; value keeps the printed currency symbol; asset_class `Investment derivative instruments` is the printed in-table group heading.; Source review: p3: Fair Value (The statement or note reports this line and its valuation column separately.) | p3: Fair Value (Printed heading or definition supporting the source-reviewed qualifier.)",RESOLVED,A+B+ADJUDICATOR,3c5ea49df11ea7acd103759a4d84ab994abbe40fe6b9770ac1f2a723929dc717
6836ba979282f80d7bf4,SRC152,3,PAIR_8168733E2A17598F8EA2CC16,CONTEXT_CONFLICT,73,74,source_section|asset_class|horizon|currency_scale|metric_name,MERGE,"source_section is the page's own printed blue heading `Notes to Financial Statements (continued)`; `Financial Section` is the document-part running header above it and A's value was a sentence fragment; currency_scale copied verbatim with parentheses per the scale rule; metric_name `Fair Value` is the printed measure, never the period; asset_class `Common and preferred stock` is the printed in-table group heading.; Source review: p3: Fair Value (The statement or note reports this line and its valuation column separately.) | p3: Fair Value (Printed heading or definition supporting the source-reviewed qualifier.)",RESOLVED,A+B+ADJUDICATOR,3c5ea49df11ea7acd103759a4d84ab994abbe40fe6b9770ac1f2a723929dc717
356c0ed5801efda2f828,SRC152,3,PAIR_A632A836F41CE7FD0ED36B91,CONTEXT_CONFLICT,74,75,source_section|asset_class|currency_scale,MERGE,"source_section is the page's own printed blue heading `Notes to Financial Statements (continued)`; `Financial Section` is the document-part running header above it and A's value was a sentence fragment; currency_scale copied verbatim with parentheses per the scale rule; metric_name `Level 1` is the printed measure, never the period; asset_class `Common and preferred stock` is the printed in-table group heading.; Source review: p3: Fair Value (The statement or note reports this line and its valuation column separately.) | p3: Fair Value (Printed heading or definition supporting the source-reviewed qualifier.)",RESOLVED,A+B+ADJUDICATOR,3c5ea49df11ea7acd103759a4d84ab994abbe40fe6b9770ac1f2a723929dc717
2a13eac2d7d4f4b21c34,SRC152,3,PAIR_AC84FE5CC8D6EE9D0F9C238B,CONTEXT_CONFLICT,75,76,source_section|asset_class|currency_scale,MERGE,"source_section is the page's own printed blue heading `Notes to Financial Statements (continued)`; `Financial Section` is the document-part running header above it and A's value was a sentence fragment; currency_scale copied verbatim with parentheses per the scale rule; metric_name `Level 3` is the printed measure, never the period; asset_class `Common and preferred stock` is the printed in-table group heading.; Source review: p3: Fair Value (The statement or note reports this line and its valuation column separately.) | p3: Fair Value (Printed heading or definition supporting the source-reviewed qualifier.)",RESOLVED,A+B+ADJUDICATOR,3c5ea49df11ea7acd103759a4d84ab994abbe40fe6b9770ac1f2a723929dc717
c43e46f9d1685e993cdb,SRC152,3,PAIR_7235DF4328FFA765FA38A553,CONTEXT_CONFLICT,76,77,source_section|asset_class|horizon|currency_scale|metric_name,MERGE,"source_section is the page's own printed blue heading `Notes to Financial Statements (continued)`; `Financial Section` is the document-part running header above it and A's value was a sentence fragment; currency_scale copied verbatim with parentheses per the scale rule; metric_name `Fair Value` is the printed measure, never the period; asset_class `Fixed income` is the printed in-table group heading.; Source review: p3: Fair Value (The statement or note reports this line and its valuation column separately.) | p3: Fair Value (Printed heading or definition supporting the source-reviewed qualifier.)",RESOLVED,A+B+ADJUDICATOR,3c5ea49df11ea7acd103759a4d84ab994abbe40fe6b9770ac1f2a723929dc717
a4e7394856c13c1e6e60,SRC152,3,PAIR_F088CE0C07224085B06B0E65,CONTEXT_CONFLICT,77,78,source_section|asset_class|currency_scale,MERGE,"source_section is the page's own printed blue heading `Notes to Financial Statements (continued)`; `Financial Section` is the document-part running header above it and A's value was a sentence fragment; currency_scale copied verbatim with parentheses per the scale rule; metric_name `Level 2` is the printed measure, never the period; asset_class `Fixed income` is the printed in-table group heading.; Source review: p3: Fair Value (The statement or note reports this line and its valuation column separately.) | p3: Fair Value (Printed heading or definition supporting the source-reviewed qualifier.)",RESOLVED,A+B+ADJUDICATOR,3c5ea49df11ea7acd103759a4d84ab994abbe40fe6b9770ac1f2a723929dc717
d18190b3dce3ee38fd4c,SRC152,3,PAIR_2A2410BCEAA889C2AAFCEE0A,CONTEXT_CONFLICT,78,79,source_section|asset_class|currency_scale,MERGE,"source_section is the page's own printed blue heading `Notes to Financial Statements (continued)`; `Financial Section` is the document-part running header above it and A's value was a sentence fragment; currency_scale copied verbatim with parentheses per the scale rule; metric_name `Level 3` is the printed measure, never the period; asset_class `Fixed income` is the printed in-table group heading.; Source review: p3: Fair Value (The statement or note reports this line and its valuation column separately.) | p3: Fair Value (Printed heading or definition supporting the source-reviewed qualifier.)",RESOLVED,A+B+ADJUDICATOR,3c5ea49df11ea7acd103759a4d84ab994abbe40fe6b9770ac1f2a723929dc717
91d3650fc1c56f7a2d8c,SRC152,3,PAIR_6633946B50D68A204D1E9405,CONTEXT_CONFLICT,79,80,source_section|asset_class|horizon|currency_scale|metric_name,MERGE,"source_section is the page's own printed blue heading `Notes to Financial Statements (continued)`; `Financial Section` is the document-part running header above it and A's value was a sentence fragment; currency_scale copied verbatim with parentheses per the scale rule; metric_name `Fair Value` is the printed measure, never the period; asset_class `Short term` is the printed in-table group heading.; Source review: p3: Fair Value (The statement or note reports this line and its valuation column separately.) | p3: Fair Value (Printed heading or definition supporting the source-reviewed qualifier.)",RESOLVED,A+B+ADJUDICATOR,3c5ea49df11ea7acd103759a4d84ab994abbe40fe6b9770ac1f2a723929dc717
1b2ddd70cc678daedd2e,SRC152,3,PAIR_6CB71DF2369D0E3694CA4EBA,CONTEXT_CONFLICT,80,81,source_section|asset_class|currency_scale,MERGE,"source_section is the page's own printed blue heading `Notes to Financial Statements (continued)`; `Financial Section` is the document-part running header above it and A's value was a sentence fragment; currency_scale copied verbatim with parentheses per the scale rule; metric_name `Level 1` is the printed measure, never the period; asset_class `Short term` is the printed in-table group heading.; Source review: p3: Fair Value (The statement or note reports this line and its valuation column separately.) | p3: Fair Value (Printed heading or definition supporting the source-reviewed qualifier.)",RESOLVED,A+B+ADJUDICATOR,3c5ea49df11ea7acd103759a4d84ab994abbe40fe6b9770ac1f2a723929dc717
c9ba49450aefcc5c33f3,SRC152,3,PAIR_70F9505AAAF2D90BBF84FCC0,CONTEXT_CONFLICT,81,82,source_section|asset_class|currency_scale,MERGE,"source_section is the page's own printed blue heading `Notes to Financial Statements (continued)`; `Financial Section` is the document-part running header above it and A's value was a sentence fragment; currency_scale copied verbatim with parentheses per the scale rule; metric_name `Level 2` is the printed measure, never the period; asset_class `Short term` is the printed in-table group heading.; Source review: p3: Fair Value (The statement or note reports this line and its valuation column separately.) | p3: Fair Value (Printed heading or definition supporting the source-reviewed qualifier.)",RESOLVED,A+B+ADJUDICATOR,3c5ea49df11ea7acd103759a4d84ab994abbe40fe6b9770ac1f2a723929dc717
e4f9f3dd01b87d9ebe4e,SRC152,3,PAIR_2EC1F2F05A81769AF7B820A3,CONTEXT_CONFLICT,82,83,source_section|asset_class|horizon|currency_scale|metric_name,MERGE,"source_section is the page's own printed blue heading `Notes to Financial Statements (continued)`; `Financial Section` is the document-part running header above it and A's value was a sentence fragment; currency_scale copied verbatim with parentheses per the scale rule; metric_name `Fair Value` is the printed measure, never the period; asset_class `Short term` is the printed in-table group heading.; Source review: p3: Fair Value (The statement or note reports this line and its valuation column separately.) | p3: Fair Value (Printed heading or definition supporting the source-reviewed qualifier.)",RESOLVED,A+B+ADJUDICATOR,3c5ea49df11ea7acd103759a4d84ab994abbe40fe6b9770ac1f2a723929dc717
8ae756c60e41335dad2d,SRC152,3,PAIR_87A495B8780CC3CC427AD6D1,CONTEXT_CONFLICT,83,84,source_section|asset_class|currency_scale,MERGE,"source_section is the page's own printed blue heading `Notes to Financial Statements (continued)`; `Financial Section` is the document-part running header above it and A's value was a sentence fragment; currency_scale copied verbatim with parentheses per the scale rule; metric_name `Level 1` is the printed measure, never the period; asset_class `Short term` is the printed in-table group heading.; Source review: p3: Fair Value (The statement or note reports this line and its valuation column separately.) | p3: Fair Value (Printed heading or definition supporting the source-reviewed qualifier.)",RESOLVED,A+B+ADJUDICATOR,3c5ea49df11ea7acd103759a4d84ab994abbe40fe6b9770ac1f2a723929dc717
3413d516a734fe3bfb75,SRC152,3,PAIR_94947D710FE232CCC8391154,CONTEXT_CONFLICT,84,85,source_section|asset_class|currency_scale,MERGE,"source_section is the page's own printed blue heading `Notes to Financial Statements (continued)`; `Financial Section` is the document-part running header above it and A's value was a sentence fragment; currency_scale copied verbatim with parentheses per the scale rule; metric_name `Level 3` is the printed measure, never the period; asset_class `Short term` is the printed in-table group heading.; Source review: p3: Fair Value (The statement or note reports this line and its valuation column separately.) | p3: Fair Value (Printed heading or definition supporting the source-reviewed qualifier.)",RESOLVED,A+B+ADJUDICATOR,3c5ea49df11ea7acd103759a4d84ab994abbe40fe6b9770ac1f2a723929dc717
807117bb06ca99b395fc,SRC152,3,PAIR_9CAA82F7ADA8757C5C9DEDCF,A_ONLY,85,,,MERGE,"source_section is the page's own printed blue heading `Notes to Financial Statements (continued)`; `Financial Section` is the document-part running header above it and A's value was a sentence fragment; currency_scale copied verbatim with parentheses per the scale rule; metric_name `NAV` is the printed measure, never the period; asset_class `Alternative investments` is the printed in-table group heading; one-sided row confirmed printed on page 3 from the page image.; Source review: p3: Fair Value (The statement or note reports this line and its valuation column separately.) | p3: Fair Value (Printed heading or definition supporting the source-reviewed qualifier.)",RESOLVED,A+ADJUDICATOR,3c5ea49df11ea7acd103759a4d84ab994abbe40fe6b9770ac1f2a723929dc717
2a0b9148fc870bbec10a,SRC152,3,PAIR_578E499E42740DC3314F7961,VALUE_CONFLICT,86,86,source_section|asset_class|horizon|currency_scale|metric_name|metric_value_raw,MERGE,"source_section is the page's own printed blue heading `Notes to Financial Statements (continued)`; `Financial Section` is the document-part running header above it and A's value was a sentence fragment; currency_scale copied verbatim with parentheses per the scale rule; metric_name `Fair Value` is the printed measure, never the period; value keeps the printed currency symbol; asset_class `Short term` is the printed in-table group heading.; Source review: p3: Fair Value (The statement or note reports this line and its valuation column separately.) | p3: Fair Value (Printed heading or definition supporting the source-reviewed qualifier.)",RESOLVED,A+B+ADJUDICATOR,3c5ea49df11ea7acd103759a4d84ab994abbe40fe6b9770ac1f2a723929dc717
41fca5e16f462fea75ff,SRC152,3,PAIR_31178F8CE441A2AF7266AC24,VALUE_CONFLICT,87,87,source_section|asset_class|currency_scale|metric_value_raw,MERGE,"source_section is the page's own printed blue heading `Notes to Financial Statements (continued)`; `Financial Section` is the document-part running header above it and A's value was a sentence fragment; currency_scale copied verbatim with parentheses per the scale rule; metric_name `Level 1` is the printed measure, never the period; value keeps the printed currency symbol; asset_class `Short term` is the printed in-table group heading.; Source review: p3: Fair Value (The statement or note reports this line and its valuation column separately.) | p3: Fair Value (Printed heading or definition supporting the source-reviewed qualifier.)",RESOLVED,A+B+ADJUDICATOR,3c5ea49df11ea7acd103759a4d84ab994abbe40fe6b9770ac1f2a723929dc717
d87b15765d00c5fd47e2,SRC152,3,PAIR_EC7A7E61AE3EBFAD49DC8912,A_ONLY,88,,,MERGE,"source_section is the page's own printed blue heading `Notes to Financial Statements (continued)`; `Financial Section` is the document-part running header above it and A's value was a sentence fragment; currency_scale copied verbatim with parentheses per the scale rule; metric_name `NAV` is the printed measure, never the period; asset_class `Alternative investments` is the printed in-table group heading; one-sided row confirmed printed on page 3 from the page image.; Source review: p3: Fair Value (The statement or note reports this line and its valuation column separately.) | p3: Fair Value (Printed heading or definition supporting the source-reviewed qualifier.)",RESOLVED,A+ADJUDICATOR,3c5ea49df11ea7acd103759a4d84ab994abbe40fe6b9770ac1f2a723929dc717
031a194c70230cbb9732,SRC152,3,PAIR_4C473976A7E91AFB762A99E1,VALUE_CONFLICT,89,88,source_section|horizon|currency_scale|metric_name|metric_value_raw,MERGE,"source_section is the page's own printed blue heading `Notes to Financial Statements (continued)`; `Financial Section` is the document-part running header above it and A's value was a sentence fragment; currency_scale copied verbatim with parentheses per the scale rule; metric_name `Fair Value` is the printed measure, never the period; value keeps the printed currency symbol; asset_class `Investment derivative instruments` is the printed in-table group heading.; Source review: p3: Fair Value (The statement or note reports this line and its valuation column separately.) | p3: Fair Value (Printed heading or definition supporting the source-reviewed qualifier.) | p3: Total investment derivative instruments $ 324,408 $ 324,408 $ - $ - (The printed label identifies a statement item, not an institution; retain the accounting scope without an entity ID.)",RESOLVED,A+B+ADJUDICATOR,3c5ea49df11ea7acd103759a4d84ab994abbe40fe6b9770ac1f2a723929dc717
8790fc4209182263e651,SRC152,3,PAIR_ABC040A928228E730E058258,VALUE_CONFLICT,90,89,source_section|currency_scale|metric_value_raw,MERGE,"source_section is the page's own printed blue heading `Notes to Financial Statements (continued)`; `Financial Section` is the document-part running header above it and A's value was a sentence fragment; currency_scale copied verbatim with parentheses per the scale rule; metric_name `Level 1` is the printed measure, never the period; value keeps the printed currency symbol; asset_class `Investment derivative instruments` is the printed in-table group heading.; Source review: p3: Fair Value (The statement or note reports this line and its valuation column separately.) | p3: Fair Value (Printed heading or definition supporting the source-reviewed qualifier.) | p3: Total investment derivative instruments $ 324,408 $ 324,408 $ - $ - (The printed label identifies a statement item, not an institution; retain the accounting scope without an entity ID.)",RESOLVED,A+B+ADJUDICATOR,3c5ea49df11ea7acd103759a4d84ab994abbe40fe6b9770ac1f2a723929dc717
707175ca8a731a9df51d,SRC152,3,PAIR_FF480810931FB6CA5F865A98,CONTEXT_CONFLICT,91,90,source_section|horizon|currency_scale|metric_name,MERGE,"source_section is the page's own printed blue heading `Notes to Financial Statements (continued)`; `Financial Section` is the document-part running header above it and A's value was a sentence fragment; currency_scale copied verbatim with parentheses per the scale rule; metric_name `Fair Value` is the printed measure, never the period.; Source review: p3: Fair Value (The statement or note reports this line and its valuation column separately.) | p3: Fair Value (Printed heading or definition supporting the source-reviewed qualifier.) | p3: Total investments by fair value level 19,537,914 $ 15,926,611 $ 3,143,516 $ 467,787 (The printed label identifies a statement item, not an institution; retain the accounting scope without an entity ID.)",RESOLVED,A+B+ADJUDICATOR,3c5ea49df11ea7acd103759a4d84ab994abbe40fe6b9770ac1f2a723929dc717
b94919e272c10b0ae4bf,SRC152,3,PAIR_F5DF06150E05FC5BF6ABE9F8,VALUE_CONFLICT,92,91,source_section|currency_scale|metric_value_raw,MERGE,"source_section is the page's own printed blue heading `Notes to Financial Statements (continued)`; `Financial Section` is the document-part running header above it and A's value was a sentence fragment; currency_scale copied verbatim with parentheses per the scale rule; metric_name `Level 1` is the printed measure, never the period; value keeps the printed currency symbol.; Source review: p3: Fair Value (The statement or note reports this line and its valuation column separately.) | p3: Fair Value (Printed heading or definition supporting the source-reviewed qualifier.) | p3: Total investments by fair value level 19,537,914 $ 15,926,611 $ 3,143,516 $ 467,787 (The printed label identifies a statement item, not an institution; retain the accounting scope without an entity ID.)",RESOLVED,A+B+ADJUDICATOR,3c5ea49df11ea7acd103759a4d84ab994abbe40fe6b9770ac1f2a723929dc717
5f5e5aa7f2f506e9fb26,SRC152,3,PAIR_F63BB68866B62042D7EA6B0D,VALUE_CONFLICT,93,92,source_section|currency_scale|metric_value_raw,MERGE,"source_section is the page's own printed blue heading `Notes to Financial Statements (continued)`; `Financial Section` is the document-part running header above it and A's value was a sentence fragment; currency_scale copied verbatim with parentheses per the scale rule; metric_name `Level 2` is the printed measure, never the period; value keeps the printed currency symbol.; Source review: p3: Fair Value (The statement or note reports this line and its valuation column separately.) | p3: Fair Value (Printed heading or definition supporting the source-reviewed qualifier.) | p3: Total investments by fair value level 19,537,914 $ 15,926,611 $ 3,143,516 $ 467,787 (The printed label identifies a statement item, not an institution; retain the accounting scope without an entity ID.)",RESOLVED,A+B+ADJUDICATOR,3c5ea49df11ea7acd103759a4d84ab994abbe40fe6b9770ac1f2a723929dc717
9d40f811c8903dfa663e,SRC152,3,PAIR_31F3520E421721B603519927,VALUE_CONFLICT,94,93,source_section|currency_scale|metric_value_raw,MERGE,"source_section is the page's own printed blue heading `Notes to Financial Statements (continued)`; `Financial Section` is the document-part running header above it and A's value was a sentence fragment; currency_scale copied verbatim with parentheses per the scale rule; metric_name `Level 3` is the printed measure, never the period; value keeps the printed currency symbol.; Source review: p3: Fair Value (The statement or note reports this line and its valuation column separately.) | p3: Fair Value (Printed heading or definition supporting the source-reviewed qualifier.) | p3: Total investments by fair value level 19,537,914 $ 15,926,611 $ 3,143,516 $ 467,787 (The printed label identifies a statement item, not an institution; retain the accounting scope without an entity ID.)",RESOLVED,A+B+ADJUDICATOR,3c5ea49df11ea7acd103759a4d84ab994abbe40fe6b9770ac1f2a723929dc717
70ca016cfe9f99c55155,SRC152,3,PAIR_F0872DF1B5CBFD64FE5BC1BA,A_ONLY,95,,,MERGE,"source_section is the page's own printed blue heading `Notes to Financial Statements (continued)`; `Financial Section` is the document-part running header above it and A's value was a sentence fragment; currency_scale copied verbatim with parentheses per the scale rule; metric_name `Fair Value` is the printed measure, never the period; value keeps the printed currency symbol; one-sided row confirmed printed on page 3 from the page image.; Source review: p3: Fair Value (The statement or note reports this line and its valuation column separately.) | p3: Fair Value (Printed heading or definition supporting the source-reviewed qualifier.) | p3: Total investments measured at fair value $ 47,715,767 (The printed label identifies a statement item, not an institution; retain the accounting scope without an entity ID.)",RESOLVED,A+ADJUDICATOR,3c5ea49df11ea7acd103759a4d84ab994abbe40fe6b9770ac1f2a723929dc717
780442b05aafe0f51213,SRC152,3,PAIR_8C3B6D5FD55266F7A7FAF192,A_ONLY,96,,,MERGE,"source_section is the page's own printed blue heading `Notes to Financial Statements (continued)`; `Financial Section` is the document-part running header above it and A's value was a sentence fragment; currency_scale copied verbatim with parentheses per the scale rule; metric_name `NAV` is the printed measure, never the period; one-sided row confirmed printed on page 3 from the page image.; Source review: p3: Fair Value (The statement or note reports this line and its valuation column separately.) | p3: Fair Value (Printed heading or definition supporting the source-reviewed qualifier.) | p3: Total investments measured at the NAV 28,177,853 (The printed label identifies a statement item, not an institution; retain the accounting scope without an entity ID.)",RESOLVED,A+ADJUDICATOR,3c5ea49df11ea7acd103759a4d84ab994abbe40fe6b9770ac1f2a723929dc717
704fe614eb96f7f35f6f,SRC152,3,PAIR_3AC0558F7EFAADE71A7FA140,CONTEXT_CONFLICT,97,94,source_section|asset_class|horizon|currency_scale|metric_name,MERGE,"source_section is the page's own printed blue heading `Notes to Financial Statements (continued)`; `Financial Section` is the document-part running header above it and A's value was a sentence fragment; currency_scale copied verbatim with parentheses per the scale rule; metric_name `Fair Value` is the printed measure, never the period; asset_class `Investment derivative instruments` is the printed in-table group heading.; Source review: p3: Fair Value (The statement or note reports this line and its valuation column separately.) | p3: Fair Value (Printed heading or definition supporting the source-reviewed qualifier.)",RESOLVED,A+B+ADJUDICATOR,3c5ea49df11ea7acd103759a4d84ab994abbe40fe6b9770ac1f2a723929dc717
057eb2b51795b2a46487,SRC152,3,PAIR_827ABAF4338BFBAD1B7A48DC,CONTEXT_CONFLICT,98,95,source_section|asset_class|currency_scale,MERGE,"source_section is the page's own printed blue heading `Notes to Financial Statements (continued)`; `Financial Section` is the document-part running header above it and A's value was a sentence fragment; currency_scale copied verbatim with parentheses per the scale rule; metric_name `Level 1` is the printed measure, never the period; asset_class `Investment derivative instruments` is the printed in-table group heading.; Source review: p3: Fair Value (The statement or note reports this line and its valuation column separately.) | p3: Fair Value (Printed heading or definition supporting the source-reviewed qualifier.)",RESOLVED,A+B+ADJUDICATOR,3c5ea49df11ea7acd103759a4d84ab994abbe40fe6b9770ac1f2a723929dc717
deb3578084234d3c1075,SRC152,3,PAIR_E780D4F228DB8213053577FE,CONTEXT_CONFLICT,99,96,source_section|asset_class|horizon|currency_scale|metric_name,MERGE,"source_section is the page's own printed blue heading `Notes to Financial Statements (continued)`; `Financial Section` is the document-part running header above it and A's value was a sentence fragment; currency_scale copied verbatim with parentheses per the scale rule; metric_name `Fair Value` is the printed measure, never the period; asset_class `Fixed income` is the printed in-table group heading.; Source review: p3: Fair Value (The statement or note reports this line and its valuation column separately.) | p3: Fair Value (Printed heading or definition supporting the source-reviewed qualifier.)",RESOLVED,A+B+ADJUDICATOR,3c5ea49df11ea7acd103759a4d84ab994abbe40fe6b9770ac1f2a723929dc717
96d34dd76659e6ce7b0a,SRC152,3,PAIR_9A01E08351374D69ADE28819,CONTEXT_CONFLICT,100,97,source_section|asset_class|currency_scale,MERGE,"source_section is the page's own printed blue heading `Notes to Financial Statements (continued)`; `Financial Section` is the document-part running header above it and A's value was a sentence fragment; currency_scale copied verbatim with parentheses per the scale rule; metric_name `Level 1` is the printed measure, never the period; asset_class `Fixed income` is the printed in-table group heading.; Source review: p3: Fair Value (The statement or note reports this line and its valuation column separately.) | p3: Fair Value (Printed heading or definition supporting the source-reviewed qualifier.)",RESOLVED,A+B+ADJUDICATOR,3c5ea49df11ea7acd103759a4d84ab994abbe40fe6b9770ac1f2a723929dc717
00d7e8d57c18eae1a148,SRC152,3,PAIR_7CDAE70A66C010EB9E31CAC6,CONTEXT_CONFLICT,101,98,source_section|asset_class|currency_scale,MERGE,"source_section is the page's own printed blue heading `Notes to Financial Statements (continued)`; `Financial Section` is the document-part running header above it and A's value was a sentence fragment; currency_scale copied verbatim with parentheses per the scale rule; metric_name `Level 2` is the printed measure, never the period; asset_class `Fixed income` is the printed in-table group heading.; Source review: p3: Fair Value (The statement or note reports this line and its valuation column separately.) | p3: Fair Value (Printed heading or definition supporting the source-reviewed qualifier.)",RESOLVED,A+B+ADJUDICATOR,3c5ea49df11ea7acd103759a4d84ab994abbe40fe6b9770ac1f2a723929dc717
9081372d1c26df37c579,SRC152,3,PAIR_4C4AE714F5395C4FA1C14AE4,A_ONLY,102,,,MERGE,"source_section is the page's own printed blue heading `Notes to Financial Statements (continued)`; `Financial Section` is the document-part running header above it and A's value was a sentence fragment; currency_scale copied verbatim with parentheses per the scale rule; metric_name `NAV` is the printed measure, never the period; asset_class `Alternative investments` is the printed in-table group heading; one-sided row confirmed printed on page 3 from the page image.; Source review: p3: Fair Value (The statement or note reports this line and its valuation column separately.) | p3: Fair Value (Printed heading or definition supporting the source-reviewed qualifier.)",RESOLVED,A+ADJUDICATOR,3c5ea49df11ea7acd103759a4d84ab994abbe40fe6b9770ac1f2a723929dc717
687795b058976622bde3,SRC152,4,PAIR_43A82345586755E0A4BC4495,B_ONLY,,106,,MERGE,"source_section is the page's own printed blue heading `Notes to Financial Statements (continued)`; `Financial Section` is the document-part running header above it and A's value was a sentence fragment; currency_scale copied verbatim with parentheses per the scale rule; metric_name `NAV` is the printed measure, never the period; value keeps the printed currency symbol; one-sided row confirmed printed on page 4 from the page image.; Source review: p4: Fair Value (The statement or note reports this line and its valuation column separately.) | p4: Fair Value (Printed heading or definition supporting the source-reviewed qualifier.)",RESOLVED,B+ADJUDICATOR,3c5ea49df11ea7acd103759a4d84ab994abbe40fe6b9770ac1f2a723929dc717
3cbf43ecb151ce3a97d8,SRC152,4,PAIR_E079C12A033AF4C893FBDCED,B_ONLY,,107,,MERGE,"source_section is the page's own printed blue heading `Notes to Financial Statements (continued)`; `Financial Section` is the document-part running header above it and A's value was a sentence fragment; currency_scale copied verbatim with parentheses per the scale rule; metric_name `NAV` is the printed measure, never the period; value keeps the printed currency symbol; one-sided row confirmed printed on page 4 from the page image.; Source review: p4: Fair Value (The statement or note reports this line and its valuation column separately.) | p4: Fair Value (Printed heading or definition supporting the source-reviewed qualifier.)",RESOLVED,B+ADJUDICATOR,3c5ea49df11ea7acd103759a4d84ab994abbe40fe6b9770ac1f2a723929dc717
dad5bd8d763429a041ed,SRC152,4,PAIR_E273A34C4CF391134BAA37AB,VALUE_CONFLICT,103,108,source_section|currency_scale|metric_value_raw,MERGE,"source_section is the page's own printed blue heading `Notes to Financial Statements (continued)`; `Financial Section` is the document-part running header above it and A's value was a sentence fragment; currency_scale copied verbatim with parentheses per the scale rule; metric_name `Unfunded Commitments` is the printed measure, never the period; value keeps the printed currency symbol.",RESOLVED,A+B+ADJUDICATOR,3c5ea49df11ea7acd103759a4d84ab994abbe40fe6b9770ac1f2a723929dc717
8f1f22efdb85adcc145f,SRC152,4,PAIR_50EC2D9A7A52B6BF7D885F1B,B_ONLY,,109,,MERGE,"source_section is the page's own printed blue heading `Notes to Financial Statements (continued)`; `Financial Section` is the document-part running header above it and A's value was a sentence fragment; currency_scale copied verbatim with parentheses per the scale rule; metric_name `NAV` is the printed measure, never the period; one-sided row confirmed printed on page 4 from the page image.; Source review: p4: Fair Value (The statement or note reports this line and its valuation column separately.) | p4: Fair Value (Printed heading or definition supporting the source-reviewed qualifier.)",RESOLVED,B+ADJUDICATOR,3c5ea49df11ea7acd103759a4d84ab994abbe40fe6b9770ac1f2a723929dc717
869a8e72f6b8528c4f97,SRC152,4,PAIR_66C28C28815A82EE49AE34D6,B_ONLY,,110,,MERGE,"source_section is the page's own printed blue heading `Notes to Financial Statements (continued)`; `Financial Section` is the document-part running header above it and A's value was a sentence fragment; currency_scale copied verbatim with parentheses per the scale rule; metric_name `NAV` is the printed measure, never the period; one-sided row confirmed printed on page 4 from the page image.; Source review: p4: Fair Value (The statement or note reports this line and its valuation column separately.) | p4: Fair Value (Printed heading or definition supporting the source-reviewed qualifier.)",RESOLVED,B+ADJUDICATOR,3c5ea49df11ea7acd103759a4d84ab994abbe40fe6b9770ac1f2a723929dc717
44c801637d883de53012,SRC152,4,PAIR_E84C738125503A9630A23B9C,CONTEXT_CONFLICT,104,111,source_section|currency_scale,MERGE,"source_section is the page's own printed blue heading `Notes to Financial Statements (continued)`; `Financial Section` is the document-part running header above it and A's value was a sentence fragment; currency_scale copied verbatim with parentheses per the scale rule; metric_name `Unfunded Commitments` is the printed measure, never the period.",RESOLVED,A+B+ADJUDICATOR,3c5ea49df11ea7acd103759a4d84ab994abbe40fe6b9770ac1f2a723929dc717
bf408dd953ced2f2328a,SRC152,4,PAIR_7A3F303714C2484E9A966B24,CONTEXT_CONFLICT,105,112,source_section|currency_scale,MERGE,"source_section is the page's own printed blue heading `Notes to Financial Statements (continued)`; `Financial Section` is the document-part running header above it and A's value was a sentence fragment; currency_scale copied verbatim with parentheses per the scale rule; metric_name `Unfunded Commitments` is the printed measure, never the period.",RESOLVED,A+B+ADJUDICATOR,3c5ea49df11ea7acd103759a4d84ab994abbe40fe6b9770ac1f2a723929dc717
bde54148a5e726b53eae,SRC152,4,PAIR_AF9089816185361F84AF181A,B_ONLY,,113,,MERGE,"source_section is the page's own printed blue heading `Notes to Financial Statements (continued)`; `Financial Section` is the document-part running header above it and A's value was a sentence fragment; currency_scale copied verbatim with parentheses per the scale rule; metric_name `NAV` is the printed measure, never the period; asset_class `Alternative investments` is the printed in-table group heading; one-sided row confirmed printed on page 4 from the page image.; Source review: p4: Fair Value (The statement or note reports this line and its valuation column separately.) | p4: Fair Value (Printed heading or definition supporting the source-reviewed qualifier.)",RESOLVED,B+ADJUDICATOR,3c5ea49df11ea7acd103759a4d84ab994abbe40fe6b9770ac1f2a723929dc717
478c7e73284d26886a9b,SRC152,4,PAIR_5EE9CE822D19A8F32AF88D0B,B_ONLY,,114,,MERGE,"source_section is the page's own printed blue heading `Notes to Financial Statements (continued)`; `Financial Section` is the document-part running header above it and A's value was a sentence fragment; currency_scale copied verbatim with parentheses per the scale rule; metric_name `NAV` is the printed measure, never the period; asset_class `Alternative investments` is the printed in-table group heading; one-sided row confirmed printed on page 4 from the page image.; Source review: p4: Fair Value (The statement or note reports this line and its valuation column separately.) | p4: Fair Value (Printed heading or definition supporting the source-reviewed qualifier.)",RESOLVED,B+ADJUDICATOR,3c5ea49df11ea7acd103759a4d84ab994abbe40fe6b9770ac1f2a723929dc717
1ab2b21cf507aaa9025b,SRC152,4,PAIR_E07F11C2F6B36F0ECCD4EAD0,CONTEXT_CONFLICT,106,115,source_section|asset_class|currency_scale,MERGE,"source_section is the page's own printed blue heading `Notes to Financial Statements (continued)`; `Financial Section` is the document-part running header above it and A's value was a sentence fragment; currency_scale copied verbatim with parentheses per the scale rule; metric_name `Unfunded Commitments` is the printed measure, never the period; asset_class `Alternative investments` is the printed in-table group heading.",RESOLVED,A+B+ADJUDICATOR,3c5ea49df11ea7acd103759a4d84ab994abbe40fe6b9770ac1f2a723929dc717
54916984f7b581382d11,SRC152,4,PAIR_C806764710A51E10F450CA5F,CONTEXT_CONFLICT,107,116,source_section|asset_class|currency_scale,MERGE,"source_section is the page's own printed blue heading `Notes to Financial Statements (continued)`; `Financial Section` is the document-part running header above it and A's value was a sentence fragment; currency_scale copied verbatim with parentheses per the scale rule; metric_name `Unfunded Commitments` is the printed measure, never the period; asset_class `Alternative investments` is the printed in-table group heading.",RESOLVED,A+B+ADJUDICATOR,3c5ea49df11ea7acd103759a4d84ab994abbe40fe6b9770ac1f2a723929dc717
d5f56c116c32b7cdc6db,SRC152,4,PAIR_8DF3CF7967B2C9EBCF7CFAAE,B_ONLY,,117,,MERGE,"source_section is the page's own printed blue heading `Notes to Financial Statements (continued)`; `Financial Section` is the document-part running header above it and A's value was a sentence fragment; currency_scale copied verbatim with parentheses per the scale rule; metric_name `NAV` is the printed measure, never the period; asset_class `Alternative investments` is the printed in-table group heading; one-sided row confirmed printed on page 4 from the page image.; Source review: p4: Fair Value (The statement or note reports this line and its valuation column separately.) | p4: Fair Value (Printed heading or definition supporting the source-reviewed qualifier.)",RESOLVED,B+ADJUDICATOR,3c5ea49df11ea7acd103759a4d84ab994abbe40fe6b9770ac1f2a723929dc717
81c023b8d66a6a110bb8,SRC152,4,PAIR_58EC619BD184AAB6FAA09D96,B_ONLY,,118,,MERGE,"source_section is the page's own printed blue heading `Notes to Financial Statements (continued)`; `Financial Section` is the document-part running header above it and A's value was a sentence fragment; currency_scale copied verbatim with parentheses per the scale rule; metric_name `NAV` is the printed measure, never the period; asset_class `Alternative investments` is the printed in-table group heading; one-sided row confirmed printed on page 4 from the page image.; Source review: p4: Fair Value (The statement or note reports this line and its valuation column separately.) | p4: Fair Value (Printed heading or definition supporting the source-reviewed qualifier.)",RESOLVED,B+ADJUDICATOR,3c5ea49df11ea7acd103759a4d84ab994abbe40fe6b9770ac1f2a723929dc717
26d37308091fd372330d,SRC152,4,PAIR_C499C8948B5468F53ECB20D7,CONTEXT_CONFLICT,108,119,source_section|asset_class|currency_scale,MERGE,"source_section is the page's own printed blue heading `Notes to Financial Statements (continued)`; `Financial Section` is the document-part running header above it and A's value was a sentence fragment; currency_scale copied verbatim with parentheses per the scale rule; metric_name `Unfunded Commitments` is the printed measure, never the period; asset_class `Alternative investments` is the printed in-table group heading.",RESOLVED,A+B+ADJUDICATOR,3c5ea49df11ea7acd103759a4d84ab994abbe40fe6b9770ac1f2a723929dc717
2c1c9cb861a38b95cfe5,SRC152,4,PAIR_FE9A5E68DC1CDA79282F30CE,CONTEXT_CONFLICT,109,120,source_section|asset_class|currency_scale,MERGE,"source_section is the page's own printed blue heading `Notes to Financial Statements (continued)`; `Financial Section` is the document-part running header above it and A's value was a sentence fragment; currency_scale copied verbatim with parentheses per the scale rule; metric_name `Unfunded Commitments` is the printed measure, never the period; asset_class `Alternative investments` is the printed in-table group heading.",RESOLVED,A+B+ADJUDICATOR,3c5ea49df11ea7acd103759a4d84ab994abbe40fe6b9770ac1f2a723929dc717
a00a98aa7a6f53a5b814,SRC152,4,PAIR_D7B421419B9C1BBC8D134C89,B_ONLY,,121,,MERGE,"source_section is the page's own printed blue heading `Notes to Financial Statements (continued)`; `Financial Section` is the document-part running header above it and A's value was a sentence fragment; currency_scale copied verbatim with parentheses per the scale rule; metric_name `NAV` is the printed measure, never the period; value keeps the printed currency symbol; one-sided row confirmed printed on page 4 from the page image.; Source review: p4: Fair Value (The statement or note reports this line and its valuation column separately.) | p4: Fair Value (Printed heading or definition supporting the source-reviewed qualifier.) | p4: Total investments measured at the NAV $ 28,177,853 (The printed label identifies a statement item, not an institution; retain the accounting scope without an entity ID.)",RESOLVED,B+ADJUDICATOR,3c5ea49df11ea7acd103759a4d84ab994abbe40fe6b9770ac1f2a723929dc717
1db17621fb46333f0964,SRC152,4,PAIR_06E658663E57DD63CDAD6F56,B_ONLY,,122,,MERGE,"source_section is the page's own printed blue heading `Notes to Financial Statements (continued)`; `Financial Section` is the document-part running header above it and A's value was a sentence fragment; currency_scale copied verbatim with parentheses per the scale rule; metric_name `NAV` is the printed measure, never the period; value keeps the printed currency symbol; one-sided row confirmed printed on page 4 from the page image.; Source review: p4: Fair Value (The statement or note reports this line and its valuation column separately.) | p4: Fair Value (Printed heading or definition supporting the source-reviewed qualifier.) | p4: Total investments measured at the NAV $ 29,712,564 (The printed label identifies a statement item, not an institution; retain the accounting scope without an entity ID.)",RESOLVED,B+ADJUDICATOR,3c5ea49df11ea7acd103759a4d84ab994abbe40fe6b9770ac1f2a723929dc717
1f9ab1adbf8e60475313,SRC152,4,PAIR_BB1F9288B37B1513CE3E59B9,B_ONLY,,123,,MERGE,"source_section is the page's own printed blue heading `Notes to Financial Statements (continued)`; `Financial Section` is the document-part running header above it and A's value was a sentence fragment; currency_scale copied verbatim with parentheses per the scale rule; metric_name `NAV` is the printed measure, never the period; asset_class `Alternative investments` is the printed in-table group heading; one-sided row confirmed printed on page 4 from the page image.; Source review: p4: Fair Value (The statement or note reports this line and its valuation column separately.) | p4: Fair Value (Printed heading or definition supporting the source-reviewed qualifier.)",RESOLVED,B+ADJUDICATOR,3c5ea49df11ea7acd103759a4d84ab994abbe40fe6b9770ac1f2a723929dc717
18722a1bbda17bbc3ab2,SRC152,4,PAIR_613EB635ECECE2817C13B11E,B_ONLY,,124,,MERGE,"source_section is the page's own printed blue heading `Notes to Financial Statements (continued)`; `Financial Section` is the document-part running header above it and A's value was a sentence fragment; currency_scale copied verbatim with parentheses per the scale rule; metric_name `NAV` is the printed measure, never the period; asset_class `Alternative investments` is the printed in-table group heading; one-sided row confirmed printed on page 4 from the page image.; Source review: p4: Fair Value (The statement or note reports this line and its valuation column separately.) | p4: Fair Value (Printed heading or definition supporting the source-reviewed qualifier.)",RESOLVED,B+ADJUDICATOR,3c5ea49df11ea7acd103759a4d84ab994abbe40fe6b9770ac1f2a723929dc717
7546ce620440c0405a61,SRC152,4,PAIR_75C86DBCF374FB6F8C725044,CONTEXT_CONFLICT,110,125,source_section|asset_class|currency_scale,MERGE,"source_section is the page's own printed blue heading `Notes to Financial Statements (continued)`; `Financial Section` is the document-part running header above it and A's value was a sentence fragment; currency_scale copied verbatim with parentheses per the scale rule; metric_name `Unfunded Commitments` is the printed measure, never the period; asset_class `Alternative investments` is the printed in-table group heading.",RESOLVED,A+B+ADJUDICATOR,3c5ea49df11ea7acd103759a4d84ab994abbe40fe6b9770ac1f2a723929dc717
ad818a8212bb807697d5,SRC152,4,PAIR_4A01F62DE9D2F21F481EA53A,CONTEXT_CONFLICT,111,126,source_section|asset_class|currency_scale,MERGE,"source_section is the page's own printed blue heading `Notes to Financial Statements (continued)`; `Financial Section` is the document-part running header above it and A's value was a sentence fragment; currency_scale copied verbatim with parentheses per the scale rule; metric_name `Unfunded Commitments` is the printed measure, never the period; asset_class `Alternative investments` is the printed in-table group heading.",RESOLVED,A+B+ADJUDICATOR,3c5ea49df11ea7acd103759a4d84ab994abbe40fe6b9770ac1f2a723929dc717
1cf9a6a9f7da954d75c4,SRC152,5,PAIR_6D7BC78D101765D9116398A8,B_ONLY,,128,,MERGE,"source_section is the page's own printed blue heading `Notes to Financial Statements (continued)`; `Financial Section` is the document-part running header above it and A's value was a sentence fragment; metric_name `deposits` is the printed measure, never the period; value keeps the printed currency symbol; one-sided row confirmed printed on page 5 from the page image.",RESOLVED,B+ADJUDICATOR,3c5ea49df11ea7acd103759a4d84ab994abbe40fe6b9770ac1f2a723929dc717
0442004d7cbc40f5624a,SRC152,5,PAIR_476B1D66D69B9844441CBB63,B_ONLY,,127,,MERGE,"source_section is the page's own printed blue heading `Notes to Financial Statements (continued)`; `Financial Section` is the document-part running header above it and A's value was a sentence fragment; metric_name `deposits` is the printed measure, never the period; value keeps the printed currency symbol; one-sided row confirmed printed on page 5 from the page image.",RESOLVED,B+ADJUDICATOR,3c5ea49df11ea7acd103759a4d84ab994abbe40fe6b9770ac1f2a723929dc717
d98e5848a1cf3a2fba11,SRC152,5,PAIR_FAA83C337A580F6C24AA6BAE,CONTEXT_CONFLICT,112,129,source_section|source_table|source_column_label|currency_scale|metric_name|evidence_quote,MERGE,"source_section is the page's own printed blue heading `Notes to Financial Statements (continued)`; `Financial Section` is the document-part running header above it and A's value was a sentence fragment; currency_scale copied verbatim with parentheses per the scale rule; metric_name `Fair Value` is the printed measure, never the period.; Source review: p5: Fair Value (The statement or note reports this line and its valuation column separately.) | p5: Fair Value (Printed heading or definition supporting the source-reviewed qualifier.)",RESOLVED,A+B+ADJUDICATOR,3c5ea49df11ea7acd103759a4d84ab994abbe40fe6b9770ac1f2a723929dc717
51f57906f75b3fd885cb,SRC152,5,PAIR_ED5F0049489226C31D189762,CONTEXT_CONFLICT,113,130,source_section|source_table|source_column_label|currency_scale|metric_name|evidence_quote,MERGE,"source_section is the page's own printed blue heading `Notes to Financial Statements (continued)`; `Financial Section` is the document-part running header above it and A's value was a sentence fragment; currency_scale copied verbatim with parentheses per the scale rule; metric_name `Fair Value` is the printed measure, never the period.; Source review: p5: Fair Value (The statement or note reports this line and its valuation column separately.) | p5: Fair Value (Printed heading or definition supporting the source-reviewed qualifier.)",RESOLVED,A+B+ADJUDICATOR,3c5ea49df11ea7acd103759a4d84ab994abbe40fe6b9770ac1f2a723929dc717
dcdee47221628b81c7af,SRC152,5,PAIR_112346924D710FD3DB206E96,CONTEXT_CONFLICT,114,131,source_section|source_table|source_column_label|currency_scale|metric_name|evidence_quote,MERGE,"source_section is the page's own printed blue heading `Notes to Financial Statements (continued)`; `Financial Section` is the document-part running header above it and A's value was a sentence fragment; currency_scale copied verbatim with parentheses per the scale rule; metric_name `Fair Value` is the printed measure, never the period.; Source review: p5: Fair Value (The statement or note reports this line and its valuation column separately.) | p5: Fair Value (Printed heading or definition supporting the source-reviewed qualifier.)",RESOLVED,A+B+ADJUDICATOR,3c5ea49df11ea7acd103759a4d84ab994abbe40fe6b9770ac1f2a723929dc717
253e211930fb3759a0e8,SRC152,5,PAIR_ACF4A837612A88579CBF121B,CONTEXT_CONFLICT,115,132,source_section|source_table|source_column_label|currency_scale|metric_name|evidence_quote,MERGE,"source_section is the page's own printed blue heading `Notes to Financial Statements (continued)`; `Financial Section` is the document-part running header above it and A's value was a sentence fragment; currency_scale copied verbatim with parentheses per the scale rule; metric_name `Fair Value` is the printed measure, never the period.; Source review: p5: Fair Value (The statement or note reports this line and its valuation column separately.) | p5: Fair Value (Printed heading or definition supporting the source-reviewed qualifier.)",RESOLVED,A+B+ADJUDICATOR,3c5ea49df11ea7acd103759a4d84ab994abbe40fe6b9770ac1f2a723929dc717
0ee03ead53dfb8baf285,SRC152,5,PAIR_5A18F1BF8A1A0F8AC62ED5A1,VALUE_CONFLICT,116,133,source_section|source_table|source_column_label|currency_scale|metric_name|metric_value_raw|evidence_quote,MERGE,"source_section is the page's own printed blue heading `Notes to Financial Statements (continued)`; `Financial Section` is the document-part running header above it and A's value was a sentence fragment; currency_scale copied verbatim with parentheses per the scale rule; metric_name `Fair Value` is the printed measure, never the period; value keeps the printed currency symbol.; Source review: p5: Fair Value (The statement or note reports this line and its valuation column separately.) | p5: Fair Value (Printed heading or definition supporting the source-reviewed qualifier.)",RESOLVED,A+B+ADJUDICATOR,3c5ea49df11ea7acd103759a4d84ab994abbe40fe6b9770ac1f2a723929dc717
aeb1543308eb6678a212,SRC152,5,PAIR_493EEB1B8DAA404408974025,VALUE_CONFLICT,117,134,source_section|source_table|source_column_label|currency_scale|metric_name|metric_value_raw|evidence_quote,MERGE,"source_section is the page's own printed blue heading `Notes to Financial Statements (continued)`; `Financial Section` is the document-part running header above it and A's value was a sentence fragment; currency_scale copied verbatim with parentheses per the scale rule; metric_name `Fair Value` is the printed measure, never the period; value keeps the printed currency symbol.; Source review: p5: Fair Value (The statement or note reports this line and its valuation column separately.) | p5: Fair Value (Printed heading or definition supporting the source-reviewed qualifier.)",RESOLVED,A+B+ADJUDICATOR,3c5ea49df11ea7acd103759a4d84ab994abbe40fe6b9770ac1f2a723929dc717
ca510acc5e39ab51f3b2,SRC152,5,PAIR_DF02556B30DF70FB8F0FA305,CONTEXT_CONFLICT,118,135,source_section|source_table|source_column_label|currency_scale|metric_name,MERGE,"source_section is the page's own printed blue heading `Notes to Financial Statements (continued)`; `Financial Section` is the document-part running header above it and A's value was a sentence fragment; currency_scale copied verbatim with parentheses per the scale rule; metric_name `Fair Value` is the printed measure, never the period.; Source review: p5: Fair Value (The statement or note reports this line and its valuation column separately.) | p5: Fair Value (Printed heading or definition supporting the source-reviewed qualifier.)",RESOLVED,A+B+ADJUDICATOR,3c5ea49df11ea7acd103759a4d84ab994abbe40fe6b9770ac1f2a723929dc717
ed687e61c072c20e48ee,SRC152,5,PAIR_8A66CC4D4F253C8B0A9855A1,CONTEXT_CONFLICT,119,136,source_section|source_table|source_column_label|currency_scale|metric_name,MERGE,"source_section is the page's own printed blue heading `Notes to Financial Statements (continued)`; `Financial Section` is the document-part running header above it and A's value was a sentence fragment; currency_scale copied verbatim with parentheses per the scale rule; metric_name `Fair Value` is the printed measure, never the period.; Source review: p5: Fair Value (The statement or note reports this line and its valuation column separately.) | p5: Fair Value (Printed heading or definition supporting the source-reviewed qualifier.)",RESOLVED,A+B+ADJUDICATOR,3c5ea49df11ea7acd103759a4d84ab994abbe40fe6b9770ac1f2a723929dc717
0a97bced9a14941aebf6,SRC152,5,PAIR_95CD161877A9A5C85FC22DFF,CONTEXT_CONFLICT,120,137,source_section|source_table|source_column_label|currency_scale|metric_name,MERGE,"source_section is the page's own printed blue heading `Notes to Financial Statements (continued)`; `Financial Section` is the document-part running header above it and A's value was a sentence fragment; currency_scale copied verbatim with parentheses per the scale rule; metric_name `Fair Value` is the printed measure, never the period.; Source review: p5: Fair Value (The statement or note reports this line and its valuation column separately.) | p5: Fair Value (Printed heading or definition supporting the source-reviewed qualifier.)",RESOLVED,A+B+ADJUDICATOR,3c5ea49df11ea7acd103759a4d84ab994abbe40fe6b9770ac1f2a723929dc717
be59a6d48a8b6250de09,SRC152,5,PAIR_2C7DC4FD60BA32E319F434E2,CONTEXT_CONFLICT,121,138,source_section|source_table|source_column_label|currency_scale|metric_name,MERGE,"source_section is the page's own printed blue heading `Notes to Financial Statements (continued)`; `Financial Section` is the document-part running header above it and A's value was a sentence fragment; currency_scale copied verbatim with parentheses per the scale rule; metric_name `Fair Value` is the printed measure, never the period.; Source review: p5: Fair Value (The statement or note reports this line and its valuation column separately.) | p5: Fair Value (Printed heading or definition supporting the source-reviewed qualifier.)",RESOLVED,A+B+ADJUDICATOR,3c5ea49df11ea7acd103759a4d84ab994abbe40fe6b9770ac1f2a723929dc717
4ed050927094f66cf0a1,SRC152,5,PAIR_A13401B4A8D2A189DAB1D875,CONTEXT_CONFLICT,122,140,source_section|source_table|source_column_label|source_occurrence|currency_scale|metric_name|evidence_quote,MERGE,"source_section is the page's own printed blue heading `Notes to Financial Statements (continued)`; `Financial Section` is the document-part running header above it and A's value was a sentence fragment; currency_scale copied verbatim with parentheses per the scale rule; metric_name `Fair Value` is the printed measure, never the period; value keeps the printed currency symbol.; Source review: p5: Fair Value (The statement or note reports this line and its valuation column separately.) | p5: Fair Value (Printed heading or definition supporting the source-reviewed qualifier.)",RESOLVED,A+B+ADJUDICATOR,3c5ea49df11ea7acd103759a4d84ab994abbe40fe6b9770ac1f2a723929dc717
d0b30d6570189690a889,SRC152,5,PAIR_59D231A95AD570C18E592150,CONTEXT_CONFLICT,123,139,source_section|source_table|source_column_label|currency_scale|metric_name|evidence_quote,MERGE,"source_section is the page's own printed blue heading `Notes to Financial Statements (continued)`; `Financial Section` is the document-part running header above it and A's value was a sentence fragment; currency_scale copied verbatim with parentheses per the scale rule; metric_name `Fair Value` is the printed measure, never the period; value keeps the printed currency symbol.; Source review: p5: Fair Value (The statement or note reports this line and its valuation column separately.) | p5: Fair Value (Printed heading or definition supporting the source-reviewed qualifier.)",RESOLVED,A+B+ADJUDICATOR,3c5ea49df11ea7acd103759a4d84ab994abbe40fe6b9770ac1f2a723929dc717
7d47808a9b4681d4740e,SRC152,5,PAIR_DA92DF274448A5D4412EB53D,CONTEXT_CONFLICT,124,141,source_section|source_table|source_column_label|currency_scale|metric_name,MERGE,"source_section is the page's own printed blue heading `Notes to Financial Statements (continued)`; `Financial Section` is the document-part running header above it and A's value was a sentence fragment; currency_scale copied verbatim with parentheses per the scale rule; metric_name `Fair Value` is the printed measure, never the period.; Source review: p5: Fair Value (The statement or note reports this line and its valuation column separately.) | p5: Fair Value (Printed heading or definition supporting the source-reviewed qualifier.)",RESOLVED,A+B+ADJUDICATOR,3c5ea49df11ea7acd103759a4d84ab994abbe40fe6b9770ac1f2a723929dc717
6bab13702df054242420,SRC152,5,PAIR_12062E92D0DB38D29C5B9D36,CONTEXT_CONFLICT,125,142,source_section|source_table|source_column_label|currency_scale|metric_name,MERGE,"source_section is the page's own printed blue heading `Notes to Financial Statements (continued)`; `Financial Section` is the document-part running header above it and A's value was a sentence fragment; currency_scale copied verbatim with parentheses per the scale rule; metric_name `Fair Value` is the printed measure, never the period.; Source review: p5: Fair Value (The statement or note reports this line and its valuation column separately.) | p5: Fair Value (Printed heading or definition supporting the source-reviewed qualifier.)",RESOLVED,A+B+ADJUDICATOR,3c5ea49df11ea7acd103759a4d84ab994abbe40fe6b9770ac1f2a723929dc717
303dbadf91812a4c17ac,SRC152,5,PAIR_F0F3469A887918DCC5090DF8,A_ONLY,126,,,MERGE,"source_section is the page's own printed blue heading `Notes to Financial Statements (continued)`; `Financial Section` is the document-part running header above it and A's value was a sentence fragment; currency_scale copied verbatim with parentheses per the scale rule; metric_name `Fair Value` is the printed measure, never the period; value keeps the printed currency symbol; one-sided row confirmed printed on page 5 from the page image.; Source review: p5: Fair Value (The statement or note reports this line and its valuation column separately.) | p5: Fair Value (Printed heading or definition supporting the source-reviewed qualifier.)",RESOLVED,A+ADJUDICATOR,3c5ea49df11ea7acd103759a4d84ab994abbe40fe6b9770ac1f2a723929dc717
c91805a4a64754d6e88a,SRC152,5,PAIR_D3468F76254092F03B49163E,A_ONLY,127,,,MERGE,"source_section is the page's own printed blue heading `Notes to Financial Statements (continued)`; `Financial Section` is the document-part running header above it and A's value was a sentence fragment; currency_scale copied verbatim with parentheses per the scale rule; metric_name `Fair Value` is the printed measure, never the period; value keeps the printed currency symbol; one-sided row confirmed printed on page 5 from the page image.; Source review: p5: Fair Value (The statement or note reports this line and its valuation column separately.) | p5: Fair Value (Printed heading or definition supporting the source-reviewed qualifier.)",RESOLVED,A+ADJUDICATOR,3c5ea49df11ea7acd103759a4d84ab994abbe40fe6b9770ac1f2a723929dc717
3bf663a67f0222d6c0f6,SRC152,5,PAIR_5C61CAEF70C7308A8B266950,CONTEXT_CONFLICT,128,145,source_section|source_table|source_column_label|currency_scale|metric_name,MERGE,"source_section is the page's own printed blue heading `Notes to Financial Statements (continued)`; `Financial Section` is the document-part running header above it and A's value was a sentence fragment; currency_scale copied verbatim with parentheses per the scale rule; metric_name `Fair Value` is the printed measure, never the period.; Source review: p5: Fair Value (The statement or note reports this line and its valuation column separately.) | p5: Fair Value (Printed heading or definition supporting the source-reviewed qualifier.) | p5: Credit Risk 14,013,450 12,333,848 (The printed label identifies a statement item, not an institution; retain the accounting scope without an entity ID.)",RESOLVED,A+B+ADJUDICATOR,3c5ea49df11ea7acd103759a4d84ab994abbe40fe6b9770ac1f2a723929dc717
c4403d2a155ac72e82ec,SRC152,5,PAIR_9329B638CC9B543EFEE6CAB6,CONTEXT_CONFLICT,129,146,source_section|source_table|source_column_label|currency_scale|metric_name,MERGE,"source_section is the page's own printed blue heading `Notes to Financial Statements (continued)`; `Financial Section` is the document-part running header above it and A's value was a sentence fragment; currency_scale copied verbatim with parentheses per the scale rule; metric_name `Fair Value` is the printed measure, never the period.; Source review: p5: Fair Value (The statement or note reports this line and its valuation column separately.) | p5: Fair Value (Printed heading or definition supporting the source-reviewed qualifier.) | p5: Credit Risk 14,013,450 12,333,848 (The printed label identifies a statement item, not an institution; retain the accounting scope without an entity ID.)",RESOLVED,A+B+ADJUDICATOR,3c5ea49df11ea7acd103759a4d84ab994abbe40fe6b9770ac1f2a723929dc717
b21b99e0121a35dd1ab4,SRC152,5,PAIR_B2D421203883490B95B5A8EB,VALUE_CONFLICT,130,147,source_section|source_table|source_column_label|currency_scale|metric_name|metric_value_raw|evidence_quote,MERGE,"source_section is the page's own printed blue heading `Notes to Financial Statements (continued)`; `Financial Section` is the document-part running header above it and A's value was a sentence fragment; currency_scale copied verbatim with parentheses per the scale rule; metric_name `Fair Value` is the printed measure, never the period; value keeps the printed currency symbol.; Source review: p5: Fair Value (The statement or note reports this line and its valuation column separately.) | p5: Fair Value (Printed heading or definition supporting the source-reviewed qualifier.) | p5: Total Fixed Income and Short-Term Investments $ 15,544,722 $ 13,665,669 (The printed label identifies a statement item, not an institution; retain the accounting scope without an entity ID.)",RESOLVED,A+B+ADJUDICATOR,3c5ea49df11ea7acd103759a4d84ab994abbe40fe6b9770ac1f2a723929dc717
7fc427109ac48fe14ae1,SRC152,5,PAIR_6A0699E399999327264CCE46,VALUE_CONFLICT,131,148,source_section|source_table|source_column_label|currency_scale|metric_name|metric_value_raw|evidence_quote,MERGE,"source_section is the page's own printed blue heading `Notes to Financial Statements (continued)`; `Financial Section` is the document-part running header above it and A's value was a sentence fragment; currency_scale copied verbatim with parentheses per the scale rule; metric_name `Fair Value` is the printed measure, never the period; value keeps the printed currency symbol.; Source review: p5: Fair Value (The statement or note reports this line and its valuation column separately.) | p5: Fair Value (Printed heading or definition supporting the source-reviewed qualifier.) | p5: Total Fixed Income and Short-Term Investments $ 15,544,722 $ 13,665,669 (The printed label identifies a statement item, not an institution; retain the accounting scope without an entity ID.)",RESOLVED,A+B+ADJUDICATOR,3c5ea49df11ea7acd103759a4d84ab994abbe40fe6b9770ac1f2a723929dc717
b29581c900788d166e61,SRC152,5,PAIR_9151C53DE5ADC1900BD8544A,CONTEXT_CONFLICT,132,149,source_section|source_table|source_column_label|currency_scale|metric_name|evidence_quote,MERGE,"source_section is the page's own printed blue heading `Notes to Financial Statements (continued)`; `Financial Section` is the document-part running header above it and A's value was a sentence fragment; currency_scale copied verbatim with parentheses per the scale rule; metric_name `Fair Value` is the printed measure, never the period.; Source review: p5: Fair Value (The statement or note reports this line and its valuation column separately.) | p5: Fair Value (Printed heading or definition supporting the source-reviewed qualifier.)",RESOLVED,A+B+ADJUDICATOR,3c5ea49df11ea7acd103759a4d84ab994abbe40fe6b9770ac1f2a723929dc717
b121b43b4aa9f3a26cdd,SRC152,5,PAIR_9B3F9B9CFA4A96631677EE5D,CONTEXT_CONFLICT,133,150,source_section|source_table|source_column_label|currency_scale|metric_name|evidence_quote,MERGE,"source_section is the page's own printed blue heading `Notes to Financial Statements (continued)`; `Financial Section` is the document-part running header above it and A's value was a sentence fragment; currency_scale copied verbatim with parentheses per the scale rule; metric_name `Fair Value` is the printed measure, never the period.; Source review: p5: Fair Value (The statement or note reports this line and its valuation column separately.) | p5: Fair Value (Printed heading or definition supporting the source-reviewed qualifier.)",RESOLVED,A+B+ADJUDICATOR,3c5ea49df11ea7acd103759a4d84ab994abbe40fe6b9770ac1f2a723929dc717
973e1948b2d97edcc5f3,SRC376,1,PAIR_BE282650DF18D565FDC9BEC8,CONTEXT_CONFLICT,1,1,source_section|evidence_quote,ACCEPT_A,"Page 1 prints the heading Consolidated Financial Statements above the date line, so the populated source_section is right and the blank is not.",RESOLVED,A,0cb015ca0b614caa657358e97514857fd81f64b60ad57c146f75293e82923169
49e55a090ef727016148,SRC376,4,PAIR_5A92FDCDA1503DD727ADB5AC,CONTEXT_CONFLICT,2,2,source_row_label|metric_name|basis_raw|definition_keys|value_scope,MERGE,"Neither lane is complete. The printed row label runs Beneficial interest in the net assets of Foundation Trust (the Trust) (notes 3 and 4) in full, which lane A trims; investment_fair_value is a qualified category and the value sits on a printed line of the Consolidated Statements of Financial Position, so value_scope is statement_line cited to notes 3 and 4, which lane B leaves unstated.",RESOLVED,A+B+ADJUDICATOR,0cb015ca0b614caa657358e97514857fd81f64b60ad57c146f75293e82923169
d484095cc498cabed829,SRC376,4,PAIR_4F8495C77B27A4AF6B677DDD,CONTEXT_CONFLICT,3,3,source_row_label|metric_name|basis_raw|definition_keys|value_scope,MERGE,"Same cell in the 2024 column: the full printed label from lane B with the stated value_scope from lane A. The page prints no currency symbol on this line, so the value stays bare.",RESOLVED,A+B+ADJUDICATOR,0cb015ca0b614caa657358e97514857fd81f64b60ad57c146f75293e82923169
1962a72a4602afa069b1,SRC376,4,PAIR_D5094E2B8856A1B8B9076216,EXACT,4,4,,CONFIRM,Automatic exact pair,AGREED,A+B,0cb015ca0b614caa657358e97514857fd81f64b60ad57c146f75293e82923169
5615ac7a28464117ede5,SRC376,4,PAIR_0A83E7B055C5124793939FA3,VALUE_CONFLICT,5,5,metric_value_raw,ACCEPT_B,"Page 4 prints Cash $ 206,159 194,354. The printed form keeps the currency symbol with the whitespace closed, so $206,159 is right and the stripped 206,159 is a normalisation.",RESOLVED,B,0cb015ca0b614caa657358e97514857fd81f64b60ad57c146f75293e82923169
719b2cdb0189406a2334,SRC376,4,PAIR_DEA133EE93CEE9A0D1228D54,CONTEXT_CONFLICT,6,6,source_row_label|metric_name|basis_raw|definition_keys|value_scope,MERGE,"Neither lane is complete. The printed row label is Program-related investment assets, net (note 6) in full, and investment_fair_value is qualified, so value_scope is statement_line cited to note 6 rather than unstated.",RESOLVED,A+B+ADJUDICATOR,0cb015ca0b614caa657358e97514857fd81f64b60ad57c146f75293e82923169
eb5b288a3fbdcd7145da,SRC376,4,PAIR_8BD5535EB26734D1855FF03E,CONTEXT_CONFLICT,7,7,source_row_label|metric_name|basis_raw|definition_keys|value_scope,MERGE,"Same cell in the 2024 column: full printed label from lane B, stated value_scope and note-6 citation from lane A.",RESOLVED,A+B+ADJUDICATOR,0cb015ca0b614caa657358e97514857fd81f64b60ad57c146f75293e82923169
5cec634ec128418b9f8c,SRC376,4,PAIR_84B725262A7AFC88D13C435A,EXACT,8,8,,CONFIRM,"Page 4 prints Total assets $ 78,908,947 77,171,007; the 2023 cell reads 77,171,007 and the sampled pair is source-correct.",AGREED,A+B,0cb015ca0b614caa657358e97514857fd81f64b60ad57c146f75293e82923169
83d49b06b3babf351481,SRC376,4,PAIR_C50CD3E8BA807E6054DB5847,VALUE_CONFLICT,9,9,metric_value_raw,ACCEPT_B,"Page 4 prints Total assets $ 78,908,947 in the 2024 column; the printed form keeps the currency symbol.",RESOLVED,B,0cb015ca0b614caa657358e97514857fd81f64b60ad57c146f75293e82923169
a8c0669dde2ad1b5a1c7,SRC376,4,PAIR_0302C84DD3FB38C05A32EAE3,EXACT,10,10,,CONFIRM,Automatic exact pair,AGREED,A+B,0cb015ca0b614caa657358e97514857fd81f64b60ad57c146f75293e82923169
c29e359c8d4e8a5697c9,SRC376,4,PAIR_865B62AAC7CD130EBA99C2AB,EXACT,11,11,,CONFIRM,Automatic exact pair,AGREED,A+B,0cb015ca0b614caa657358e97514857fd81f64b60ad57c146f75293e82923169
4c3b03904cef012330fb,SRC376,4,PAIR_82C5F56AC33029CE1DA249B2,EXACT,12,12,,CONFIRM,Automatic exact pair,AGREED,A+B,0cb015ca0b614caa657358e97514857fd81f64b60ad57c146f75293e82923169
ec8cc9e03665bccdb928,SRC376,4,PAIR_E16275B5B8FCEEBA3CB80A13,VALUE_CONFLICT,13,13,metric_value_raw,ACCEPT_B,"Page 4 prints Total liabilities and net assets $ 78,908,947 in the 2024 column; the printed form keeps the currency symbol.",RESOLVED,B,0cb015ca0b614caa657358e97514857fd81f64b60ad57c146f75293e82923169
b2544fe445b454c91b47,SRC376,4,PAIR_B9FBA0662CAF73B7A5C2F8B3,EXACT,14,14,,CONFIRM,Automatic exact pair,AGREED,A+B,0cb015ca0b614caa657358e97514857fd81f64b60ad57c146f75293e82923169
e72dc467562c73688e0a,SRC376,4,PAIR_8FFE6B8F4108F5CA21C1474E,EXACT,15,15,,CONFIRM,Automatic exact pair,AGREED,A+B,0cb015ca0b614caa657358e97514857fd81f64b60ad57c146f75293e82923169
fdcebd8dfc558023c2a7,SRC376,4,PAIR_EAF12DA7D5A54F10E18D26FD,EXACT,16,16,,CONFIRM,Automatic exact pair,AGREED,A+B,0cb015ca0b614caa657358e97514857fd81f64b60ad57c146f75293e82923169
4136c27f736064010117,SRC376,4,PAIR_27FA2ACD10FD40BE2D710B66,EXACT,17,17,,CONFIRM,Automatic exact pair,AGREED,A+B,0cb015ca0b614caa657358e97514857fd81f64b60ad57c146f75293e82923169
f4406366cb627169fadd,SRC376,4,PAIR_67C0C23F4E6243D12BF7CB6F,EXACT,18,18,,CONFIRM,Automatic exact pair,AGREED,A+B,0cb015ca0b614caa657358e97514857fd81f64b60ad57c146f75293e82923169
213e738b65ae2c1b3961,SRC376,4,PAIR_5AFE61E0BA6C7609BC12971D,EXACT,19,19,,CONFIRM,Automatic exact pair,AGREED,A+B,0cb015ca0b614caa657358e97514857fd81f64b60ad57c146f75293e82923169
2609cf9850678e1996eb,SRC376,5,PAIR_185D5DA539A27869D3253815,B_ONLY,,20,,ACCEPT_B,"Page 5 prints Change in net assets of the Trust (notes 3 and 4) 2,011,874 7,894,636; the 2023 cell is printed and allowed, and lane A missed it.",VERIFIED_ONE_SIDED,B,0cb015ca0b614caa657358e97514857fd81f64b60ad57c146f75293e82923169
071f5155314f6ce816b0,SRC376,5,PAIR_7887F288BEAFAB565C83B97F,B_ONLY,,21,,ACCEPT_B,"Page 5 prints Change in net assets of the Trust (notes 3 and 4) 2,011,874 in the 2024 column; printed and allowed, and lane A missed it.",VERIFIED_ONE_SIDED,B,0cb015ca0b614caa657358e97514857fd81f64b60ad57c146f75293e82923169
b30d57ca388ac7774f39,SRC376,5,PAIR_A4A9906429F8987D1B6E2CF7,A_ONLY,20,,,ACCEPT_A,"Page 5 prints Change in net assets with donor purpose restrictions (33,360) 94,160; the 2023 cell is printed and allowed, and lane B missed it.",VERIFIED_ONE_SIDED,A,0cb015ca0b614caa657358e97514857fd81f64b60ad57c146f75293e82923169
df3fd21c2f4d5a31b80c,SRC376,5,PAIR_2A9456006A229B8E1B130E8A,A_ONLY,21,,,ACCEPT_A,"Same printed row in the 2024 column, (33,360); printed and allowed, and lane B missed it.",VERIFIED_ONE_SIDED,A,0cb015ca0b614caa657358e97514857fd81f64b60ad57c146f75293e82923169
771648e8065f900c155b,SRC376,5,PAIR_3FA6BDBA1DCDE53695982EE4,A_ONLY,22,,,ACCEPT_A,"Page 5 prints Change in net assets without donor restrictions 2,079,849 7,408,645; the 2023 cell is printed and allowed, and lane B missed it.",VERIFIED_ONE_SIDED,A,0cb015ca0b614caa657358e97514857fd81f64b60ad57c146f75293e82923169
cc0c9871968cfc7a7c41,SRC376,5,PAIR_6B8A2BEF0DC9B16AC1CF7181,A_ONLY,23,,,ACCEPT_A,"Same printed row in the 2024 column, 2,079,849; printed and allowed, and lane B missed it.",VERIFIED_ONE_SIDED,A,0cb015ca0b614caa657358e97514857fd81f64b60ad57c146f75293e82923169
6b5c5fd21f23e9a9351c,SRC376,5,PAIR_3294662C97619B98951EACAD,A_ONLY,24,,,ACCEPT_A,"Page 5 prints Change in net assets without donor restrictions, before beneficial interest (8,028,025) (8,237,191); the 2023 cell is printed and allowed, and lane B missed it.",VERIFIED_ONE_SIDED,A,0cb015ca0b614caa657358e97514857fd81f64b60ad57c146f75293e82923169
3a7c1acc5e23c4356760,SRC376,5,PAIR_C058D73A12C767681D5BBC08,A_ONLY,25,,,ACCEPT_A,"Same printed row in the 2024 column, (8,028,025); printed and allowed, and lane B missed it.",VERIFIED_ONE_SIDED,A,0cb015ca0b614caa657358e97514857fd81f64b60ad57c146f75293e82923169
1cf8d5a40b52e5ed5a08,SRC376,5,PAIR_96F176063E2ACAE48A585B7C,A_ONLY,26,,,ACCEPT_A,"Page 5 prints Change in total net assets 2,046,489 7,502,805; the 2023 cell is printed and allowed, and lane B missed it.",VERIFIED_ONE_SIDED,A,0cb015ca0b614caa657358e97514857fd81f64b60ad57c146f75293e82923169
0c91a1909f98cf44d20b,SRC376,5,PAIR_DC4F93D18627128655B3DDD3,A_ONLY,27,,,ACCEPT_A,"Same printed row in the 2024 column, 2,046,489; printed and allowed, and lane B missed it.",VERIFIED_ONE_SIDED,A,0cb015ca0b614caa657358e97514857fd81f64b60ad57c146f75293e82923169
15cb1f023e5102885f5f,SRC376,5,PAIR_37D341A6382B34239241C2E6,B_ONLY,,22,,ACCEPT_B,"Page 5 prints Management and general expenses 390,355 355,026. An expense line of the reporting entity is fund_expense, an allowed category, so the 2023 cell stands and lane A missed it.",VERIFIED_ONE_SIDED,B,0cb015ca0b614caa657358e97514857fd81f64b60ad57c146f75293e82923169
47df87c16e889a35170e,SRC376,5,PAIR_E43079EED71494F0DEF09118,B_ONLY,,23,,ACCEPT_B,"Same printed row in the 2024 column, 390,355; printed and allowed, and lane A missed it.",VERIFIED_ONE_SIDED,B,0cb015ca0b614caa657358e97514857fd81f64b60ad57c146f75293e82923169
d007b976c7727481c7c5,SRC376,5,PAIR_366ECF4724DDB11860C6A3FB,CONTEXT_CONFLICT,28,24,basis_raw|value_scope,ACCEPT_A,"beginning_capital is a qualified category. The value sits on the printed line Net assets, beginning of year of the Consolidated Statements of Activities, so value_scope is statement_line with that printed phrase in basis_raw; unstated understates a grain the page does state.",RESOLVED,A,0cb015ca0b614caa657358e97514857fd81f64b60ad57c146f75293e82923169
6c36fa7da6561395ed00,SRC376,5,PAIR_829B1ADD8D7AF09312E15F31,CONTEXT_CONFLICT,29,25,basis_raw|value_scope,ACCEPT_A,"Same printed row in the 2024 column; value_scope statement_line backed by the printed line, not unstated.",RESOLVED,A,0cb015ca0b614caa657358e97514857fd81f64b60ad57c146f75293e82923169
20403afdf20297b6c318,SRC376,5,PAIR_E6B5D598004C2B0B04C4A025,CONTEXT_CONFLICT,30,26,basis_raw|value_scope,ACCEPT_A,"ending_capital is a qualified category and the value sits on the printed line Net assets, end of year; value_scope is statement_line, not unstated.",RESOLVED,A,0cb015ca0b614caa657358e97514857fd81f64b60ad57c146f75293e82923169
f9ea1fce6ecc87f1ba78,SRC376,5,PAIR_7E0871F512481D410B1D4A5E,VALUE_CONFLICT,31,27,metric_value_raw|basis_raw|value_scope,MERGE,"Page 5 prints Net assets, end of year $ 73,337,484 71,290,995. Neither lane is complete: lane A strips the printed currency symbol and lane B leaves the stated value_scope unstated.",RESOLVED,A+B+ADJUDICATOR,0cb015ca0b614caa657358e97514857fd81f64b60ad57c146f75293e82923169
9ebca4b96ede6eac3136,SRC376,5,PAIR_A7EB4DE5206BD11AAA95E515,CONTEXT_CONFLICT,32,28,source_row_label|metric_name|definition_keys,MERGE,"The printed row label is Programmatic investment losses, net (note 2f) in full. Neither lane is complete: lane A trims the note reference and lane B drops the note-2f citation.",RESOLVED,A+B+ADJUDICATOR,0cb015ca0b614caa657358e97514857fd81f64b60ad57c146f75293e82923169
5d9168492efd6b520c3e,SRC376,5,PAIR_44842AA399EEC89A0C8BA027,CONTEXT_CONFLICT,33,29,source_row_label|metric_name|definition_keys,MERGE,"Same cell in the 2024 column: full printed label from lane B, note-2f citation from lane A.",RESOLVED,A+B+ADJUDICATOR,0cb015ca0b614caa657358e97514857fd81f64b60ad57c146f75293e82923169
46710938a36e5db88d87,SRC376,5,PAIR_F99B77E7856B6F066FC8929C,B_ONLY,,30,,ACCEPT_B,"Page 5 prints Total expenses 8,057,317 8,256,989. A total expense line of the reporting entity is fund_expense, so the 2023 cell stands and lane A missed it.",VERIFIED_ONE_SIDED,B,0cb015ca0b614caa657358e97514857fd81f64b60ad57c146f75293e82923169
2b281f2bb0bc8b5a2366,SRC376,5,PAIR_5E92E760235400784427483D,B_ONLY,,31,,ACCEPT_B,"Same printed row in the 2024 column, 8,057,317; printed and allowed, and lane A missed it.",VERIFIED_ONE_SIDED,B,0cb015ca0b614caa657358e97514857fd81f64b60ad57c146f75293e82923169
3a17118043549e63f871,SRC376,5,PAIR_367287AE977AE995D378748C,B_ONLY,,32,,ACCEPT_B,"Page 5 prints Total impact of beneficial interest 10,107,874 15,645,836; the 2023 cell is printed and allowed, and lane A missed it.",VERIFIED_ONE_SIDED,B,0cb015ca0b614caa657358e97514857fd81f64b60ad57c146f75293e82923169
22bfe7004ddc0e2db5c1,SRC376,5,PAIR_D00E18B66D7FC285A9E33A86,B_ONLY,,33,,ACCEPT_B,"Same printed row in the 2024 column, 10,107,874; printed and allowed, and lane A missed it.",VERIFIED_ONE_SIDED,B,0cb015ca0b614caa657358e97514857fd81f64b60ad57c146f75293e82923169
ffdbbb2a4e10e52edf2d,SRC376,6,PAIR_0B949D838F7BC98CF338C447,EXACT,34,34,,CONFIRM,"Page 6 prints Cash, beginning of year 194,354 173,396; the 2023 cell reads 173,396 and the sampled pair is source-correct.",AGREED,A+B,0cb015ca0b614caa657358e97514857fd81f64b60ad57c146f75293e82923169
04f2a74bc87b05fdc305,SRC376,6,PAIR_C3714FAB3F4A419655CF551A,EXACT,35,35,,CONFIRM,Automatic exact pair,AGREED,A+B,0cb015ca0b614caa657358e97514857fd81f64b60ad57c146f75293e82923169
077e9b813cc2192d876e,SRC376,6,PAIR_537CBC0C5E1A956BB0B77037,EXACT,36,36,,CONFIRM,Automatic exact pair,AGREED,A+B,0cb015ca0b614caa657358e97514857fd81f64b60ad57c146f75293e82923169
aa48d91b33b079401d12,SRC376,6,PAIR_BE96F61119003151FF3752B7,VALUE_CONFLICT,37,37,metric_value_raw,ACCEPT_B,"Page 6 prints Cash, end of year $ 206,159 194,354; the printed form keeps the currency symbol on the 2024 cell.",RESOLVED,B,0cb015ca0b614caa657358e97514857fd81f64b60ad57c146f75293e82923169
3ae0bde2aeaaa2707d1a,SRC376,8,PAIR_003B0F64F2B3F570D2137377,A_ONLY,38,,,ACCEPT_A,Page 8 prints (a) Basis of Financial Presentation as a lettered accounting-policy note under (2) Summary of Significant Accounting Policies. A printed policy note is a definition_context row; lane B declared the whole page reference-only.,VERIFIED_ONE_SIDED,A,0cb015ca0b614caa657358e97514857fd81f64b60ad57c146f75293e82923169
de0c4eaeeb95bf229b76,SRC376,8,PAIR_F22442B12C91CC8661378983,A_ONLY,39,,,ACCEPT_A,Page 8 prints (b) Cash: Cash consists of U.S. and foreign currencies.,VERIFIED_ONE_SIDED,A,0cb015ca0b614caa657358e97514857fd81f64b60ad57c146f75293e82923169
6543c923d6215959a664,SRC376,8,PAIR_4B30181F7C4C475D0C30224F,A_ONLY,40,,,ACCEPT_A,Page 8 prints (c) Program-Related Investments (PRIs) as a lettered policy note.,VERIFIED_ONE_SIDED,A,0cb015ca0b614caa657358e97514857fd81f64b60ad57c146f75293e82923169
1fbaecea000ffb7d97ae,SRC376,9,PAIR_DF57671BD5866D54102EDA76,A_ONLY,41,,,ACCEPT_A,Page 9 prints (d) Fair Value as its own policy note above the hierarchy levels; lane B took only the three levels.,VERIFIED_ONE_SIDED,A,0cb015ca0b614caa657358e97514857fd81f64b60ad57c146f75293e82923169
929b0db4bcdbd3d030b3,SRC376,9,PAIR_61D4082531494441E51C9153,CLASSIFICATION_CONFLICT,42,38,source_section|subject_type|subject_name|as_of_date|evidence_quote|definition_keys,ACCEPT_A,"Page 9 heads the note GATES FOUNDATION, Notes to Consolidated Financial Statements, December 31, 2024 and 2023, so the populated subject_type, subject_name and as_of_date are right and the blanks are not.",RESOLVED,A,0cb015ca0b614caa657358e97514857fd81f64b60ad57c146f75293e82923169
ba554dc7750165d12341,SRC376,9,PAIR_A7B740EAA1CA3E470B2B84B8,CLASSIFICATION_CONFLICT,43,39,source_section|subject_type|subject_name|as_of_date|evidence_quote|definition_keys,ACCEPT_A,Same page heading governs Level 2 Inputs; the populated subject and as_of_date are right and the blanks are not.,RESOLVED,A,0cb015ca0b614caa657358e97514857fd81f64b60ad57c146f75293e82923169
6de8ce9b2c2f6bc4ae37,SRC376,10,PAIR_A47454281C84EE8ABCECAD15,CLASSIFICATION_CONFLICT,44,40,source_section|subject_type|subject_name|as_of_date|evidence_quote|definition_keys,ACCEPT_A,Page 10 carries the same printed heading over Level 3 Inputs; the populated subject and as_of_date are right and the blanks are not.,RESOLVED,A,0cb015ca0b614caa657358e97514857fd81f64b60ad57c146f75293e82923169
a9c6b8c1ca3ba82f786f,SRC376,10,PAIR_D5B09D1320CB2ECCD3AAD0A2,A_ONLY,45,,,ACCEPT_A,Page 10 prints (e) Property and Equipment as a lettered policy note; lane B took only Level 3 Inputs from this page.,VERIFIED_ONE_SIDED,A,0cb015ca0b614caa657358e97514857fd81f64b60ad57c146f75293e82923169
03c94fc8ba8783a75704,SRC376,10,PAIR_8E4D1E53BAADF52B65966C59,A_ONLY,46,,,ACCEPT_A,"Page 10 prints (f) Programmatic Investment Losses, Net, which defines the note-2f line used on page 5.",VERIFIED_ONE_SIDED,A,0cb015ca0b614caa657358e97514857fd81f64b60ad57c146f75293e82923169
089532c4468f7d7a45f7,SRC376,10,PAIR_F5BB94F1104BDE52AC0FF1C0,A_ONLY,47,,,ACCEPT_A,Page 10 prints (g) Grant Expense as a lettered policy note.,VERIFIED_ONE_SIDED,A,0cb015ca0b614caa657358e97514857fd81f64b60ad57c146f75293e82923169
c9cbe10566d6fb74ba17,SRC376,10,PAIR_821853480252042A44430A37,A_ONLY,48,,,ACCEPT_A,Page 10 prints (h) Self-Insurance as a lettered policy note.,VERIFIED_ONE_SIDED,A,0cb015ca0b614caa657358e97514857fd81f64b60ad57c146f75293e82923169
01de592480868455ce65,SRC376,11,PAIR_0421E879AB5E8D6CCEF4AA7C,A_ONLY,49,,,ACCEPT_A,"Page 11 prints (3) Related Parties, the note the beneficial-interest lines cite.",VERIFIED_ONE_SIDED,A,0cb015ca0b614caa657358e97514857fd81f64b60ad57c146f75293e82923169
406b5974819d4fc72743,SRC376,11,PAIR_C82067C2BC50BA045E50C35C,A_ONLY,50,,,ACCEPT_A,Page 11 prints (i) Contributed Services as a lettered policy note; lane B declared the whole page reference-only.,VERIFIED_ONE_SIDED,A,0cb015ca0b614caa657358e97514857fd81f64b60ad57c146f75293e82923169
dab5204138b141feb056,SRC376,11,PAIR_C39872069EF346C2D99AAE79,A_ONLY,51,,,ACCEPT_A,Page 11 prints (j) Contributions and Bequests from Unrelated Parties.,VERIFIED_ONE_SIDED,A,0cb015ca0b614caa657358e97514857fd81f64b60ad57c146f75293e82923169
bd09c0c239bbc4607f48,SRC376,11,PAIR_69A87FB5A57444267B6E1B99,A_ONLY,52,,,ACCEPT_A,Page 11 prints (k) Presentation of Expenses on the Consolidated Statements of Activities.,VERIFIED_ONE_SIDED,A,0cb015ca0b614caa657358e97514857fd81f64b60ad57c146f75293e82923169
245969f6cea3b1906bfa,SRC376,11,PAIR_6A7A1ACD81FF6BC2F41524E9,A_ONLY,53,,,ACCEPT_A,Page 11 prints (l) Tax-Exempt Status.,VERIFIED_ONE_SIDED,A,0cb015ca0b614caa657358e97514857fd81f64b60ad57c146f75293e82923169
7f0dcf8727addd969e5d,SRC376,11,PAIR_C1186AB830F55E5333E0E1F4,A_ONLY,54,,,ACCEPT_A,Page 11 prints (m) Use of Estimates.,VERIFIED_ONE_SIDED,A,0cb015ca0b614caa657358e97514857fd81f64b60ad57c146f75293e82923169
c37959f7916e8d1f2a22,SRC376,11,PAIR_DB37C835223A0C6870D31D4A,A_ONLY,55,,,ACCEPT_A,Page 11 prints (n) Reclassifications.,VERIFIED_ONE_SIDED,A,0cb015ca0b614caa657358e97514857fd81f64b60ad57c146f75293e82923169
2d71e322dd3a02677239,SRC376,12,PAIR_A155DCF91EB83ACCD4ECB8D1,A_ONLY,56,,,ACCEPT_A,Page 12 prints note (4) Beneficial Interest in Net Assets of Gates Foundation Trust as a narrative note; lane B took no note text on this page.,VERIFIED_ONE_SIDED,A,0cb015ca0b614caa657358e97514857fd81f64b60ad57c146f75293e82923169
a95e43ce52b3ae30c7e9,SRC376,12,PAIR_F600A0B92FEA69E9DA59E2C6,A_ONLY,57,,,ACCEPT_A,Page 12 prints note (5) Liquidity as a narrative note.,VERIFIED_ONE_SIDED,A,0cb015ca0b614caa657358e97514857fd81f64b60ad57c146f75293e82923169
ba952d090154e591bdd0,SRC376,12,PAIR_5F03F923288BCB4DF35F8FD5,CONTEXT_CONFLICT,58,41,source_section|basis_raw|evidence_quote|definition_keys,MERGE,"Neither lane is complete. Lane A carries the readable printed sentence as evidence and the note-4 citation, lane B carries the printed basis phrase beneficial interest in the unrestricted net assets of the Trust that the note states two paragraphs above the rollforward. The merged row takes both.",RESOLVED,A+B+ADJUDICATOR,0cb015ca0b614caa657358e97514857fd81f64b60ad57c146f75293e82923169
ed5bf634cefc08369e6e,SRC376,12,PAIR_ADE9585989AC04DFCA1BBBA4,VALUE_CONFLICT,59,42,source_section|metric_value_raw|basis_raw|evidence_quote|definition_keys,MERGE,"Page 12 prints Beginning balance $ 75,225,846 in the 2024 column. Neither lane is complete: lane A strips the printed currency symbol, lane B quotes only the scrambled text layer and cites no note.",RESOLVED,A+B+ADJUDICATOR,0cb015ca0b614caa657358e97514857fd81f64b60ad57c146f75293e82923169
bbce6c1f6e777743824e,SRC376,12,PAIR_ADD202510A1BEADFF5D85764,B_ONLY,,43,,ACCEPT_B,"Page 12 prints Change in the net assets of the Trust before contributions to the Foundation 10,107,874 15,645,836 as a line of the note-4 rollforward; the 2023 cell is printed and allowed, and lane A missed it.",VERIFIED_ONE_SIDED,B,0cb015ca0b614caa657358e97514857fd81f64b60ad57c146f75293e82923169
0ebe7bba759fac892509,SRC376,12,PAIR_4B71C5BA52E97E063CE0DA82,B_ONLY,,44,,ACCEPT_B,"Same printed rollforward line in the 2024 column, 10,107,874; printed and allowed, and lane A missed it.",VERIFIED_ONE_SIDED,B,0cb015ca0b614caa657358e97514857fd81f64b60ad57c146f75293e82923169
c30e209418422cf8003d,SRC376,12,PAIR_E0D2E1DAA9B9C3285D2F5B69,CONTEXT_CONFLICT,60,45,source_section|basis_raw|evidence_quote|definition_keys,MERGE,Same treatment as the beginning balance: lane A's readable evidence and note-4 citation with lane B's printed basis phrase.,RESOLVED,A+B+ADJUDICATOR,0cb015ca0b614caa657358e97514857fd81f64b60ad57c146f75293e82923169
8c2dfc91e994169b0fe7,SRC376,12,PAIR_E89D5835151620420E9C4021,VALUE_CONFLICT,61,46,source_section|metric_value_raw|basis_raw|evidence_quote|definition_keys,MERGE,"Page 12 prints Ending balance $ 77,237,720 in the 2024 column; the merged row keeps the printed currency symbol, the readable evidence sentence and the note-4 citation.",RESOLVED,A+B+ADJUDICATOR,0cb015ca0b614caa657358e97514857fd81f64b60ad57c146f75293e82923169
65f5822e8f2c80181cb2,SRC376,12,PAIR_6033737B1BEA1ED55A812249,CONTEXT_CONFLICT,62,47,source_section|basis_raw|evidence_quote|definition_keys,MERGE,"The note-5 liquidity table repeats the beneficial interest. Lane A carries the readable printed sentence and the note-4 citation, lane B the printed basis phrase; the merged row takes both.",RESOLVED,A+B+ADJUDICATOR,0cb015ca0b614caa657358e97514857fd81f64b60ad57c146f75293e82923169
9efebf7db414ba63b0b5,SRC376,12,PAIR_067835884B913EB6EF96CF84,CONTEXT_CONFLICT,63,48,source_section|basis_raw|evidence_quote|definition_keys,MERGE,"Same liquidity line in the 2024 column; the page prints no currency symbol on this row, so the value stays bare.",RESOLVED,A+B+ADJUDICATOR,0cb015ca0b614caa657358e97514857fd81f64b60ad57c146f75293e82923169
077e7ab5c4fb126f82bd,SRC376,12,PAIR_01846BBC60CB2927B7E5A997,CONTEXT_CONFLICT,64,49,source_section|evidence_quote,ACCEPT_A,"Both lanes read Cash 194,354 in the note-5 table. Lane A quotes the page's printed sentence, lane B quotes the scrambled text layer, so lane A's row is the one that reads as evidence.",RESOLVED,A,0cb015ca0b614caa657358e97514857fd81f64b60ad57c146f75293e82923169
78ba490fd60e8922d85e,SRC376,12,PAIR_22C51629FB3D924A9441965A,VALUE_CONFLICT,65,50,source_section|metric_value_raw|evidence_quote,MERGE,"Page 12 prints Cash $ 206,159 in the note-5 table. Neither lane is complete: lane A strips the printed currency symbol and lane B quotes only the scrambled text layer.",RESOLVED,A+B+ADJUDICATOR,0cb015ca0b614caa657358e97514857fd81f64b60ad57c146f75293e82923169
e244d8f35810d550c379,SRC376,13,PAIR_6C3D1B4400528499B8C96090,A_ONLY,66,,,ACCEPT_A,Page 13 prints note (6) Program-Related Investments (PRI) as a narrative note; lane B took no note text on this page.,VERIFIED_ONE_SIDED,A,0cb015ca0b614caa657358e97514857fd81f64b60ad57c146f75293e82923169
0c9a8765cc4062d012a2,SRC376,13,PAIR_AD5BAB8078B989E85169E3E5,A_ONLY,67,,,ACCEPT_A,Page 13 prints (a) Loan PRIs as a narrative note above the loan rollforward.,VERIFIED_ONE_SIDED,A,0cb015ca0b614caa657358e97514857fd81f64b60ad57c146f75293e82923169
e9edb9238830dc2cdeae,SRC376,13,PAIR_AC58636A724606D193188A00,A_ONLY,68,,,ACCEPT_A,"Page 13 prints Additional loans 31,606 26,290; the 2023 cell is printed and allowed, and lane B missed it.",VERIFIED_ONE_SIDED,A,0cb015ca0b614caa657358e97514857fd81f64b60ad57c146f75293e82923169
5527c4f3e7c11059171a,SRC376,13,PAIR_D0F927009E78D81C7645406A,A_ONLY,69,,,ACCEPT_A,"Same printed row in the 2024 column, 31,606; printed and allowed, and lane B missed it.",VERIFIED_ONE_SIDED,A,0cb015ca0b614caa657358e97514857fd81f64b60ad57c146f75293e82923169
75ffc69c129faf8ef2af,SRC376,13,PAIR_EB2F843277A2200FF6E1E2BC,CLASSIFICATION_CONFLICT,70,51,source_section|metric_category|basis_raw|evidence_quote|definition_keys|value_scope,MERGE,"Gross subtotal, loans is a gross line, so investment_cost as lane B has it, not investment_fair_value. Lane A's readable evidence sentence and note-6 citation are kept.",RESOLVED,A+B+ADJUDICATOR,0cb015ca0b614caa657358e97514857fd81f64b60ad57c146f75293e82923169
988f60a5f5576f011daf,SRC376,13,PAIR_08EC66B5C47126E0FBF408FC,CLASSIFICATION_CONFLICT,71,52,source_section|metric_category|basis_raw|evidence_quote|definition_keys|value_scope,MERGE,"Same gross subtotal line in the 2024 column, 123,360; the page prints no currency symbol on it.",RESOLVED,A+B+ADJUDICATOR,0cb015ca0b614caa657358e97514857fd81f64b60ad57c146f75293e82923169
7d078a0502080a06e1db,SRC376,13,PAIR_DD93A6B5EE4EBC0224A255A1,A_ONLY,72,,,ACCEPT_A,"Page 13 prints Interest receivable 6,806 2,824; the 2023 cell is printed and allowed, and lane B missed it.",VERIFIED_ONE_SIDED,A,0cb015ca0b614caa657358e97514857fd81f64b60ad57c146f75293e82923169
334ad57cee20fe4311eb,SRC376,13,PAIR_8CCD0848F2AC3547C4CD59A7,A_ONLY,73,,,ACCEPT_A,"Same printed row in the 2024 column, 6,806; printed and allowed, and lane B missed it.",VERIFIED_ONE_SIDED,A,0cb015ca0b614caa657358e97514857fd81f64b60ad57c146f75293e82923169
f6bbcf2f72b3a9373341,SRC376,13,PAIR_D7004168B8820F9808E4408A,A_ONLY,74,,,ACCEPT_A,"Page 13 prints Less discount and uncollectible allowance (36,749) (34,800); the 2023 cell is printed and allowed, and lane B missed it. The line is a component of the fair-value carrying amount, so it stays with the net line's category rather than being retyped as a period gain or loss.",VERIFIED_ONE_SIDED,A,0cb015ca0b614caa657358e97514857fd81f64b60ad57c146f75293e82923169
838f04a3b07b4386d425,SRC376,13,PAIR_3D29D76F924AFFEF8D477C02,A_ONLY,75,,,ACCEPT_A,"Same printed row in the 2024 column, (36,749); printed and allowed, and lane B missed it.",VERIFIED_ONE_SIDED,A,0cb015ca0b614caa657358e97514857fd81f64b60ad57c146f75293e82923169
5603fd9dd002d7c44ae3,SRC376,13,PAIR_9F2776DD43ED10CEC7141648,CLASSIFICATION_CONFLICT,76,53,source_section|metric_category|basis_raw|evidence_quote|definition_keys|value_scope,MERGE,"The printed label says gross, so the line is the loan principal outstanding before the discount and uncollectible allowance: investment_cost, which lane B has, not investment_fair_value. Both lanes already read the equity rollforward on page 14 this way, gross lines as investment_cost and the net end-of-year line as investment_fair_value. Lane A's readable evidence sentence and note-6 citation are kept.",RESOLVED,A+B+ADJUDICATOR,0cb015ca0b614caa657358e97514857fd81f64b60ad57c146f75293e82923169
2cfa1b12f05192cbc4b5,SRC376,13,PAIR_2F3178AE632C20EE267C0B8C,VALUE_CONFLICT,77,54,source_section|metric_category|metric_value_raw|basis_raw|evidence_quote|definition_keys|value_scope,MERGE,"Page 13 prints Loan receivable, gross beginning of year $ 168,270 in the 2024 column. The printed form keeps the currency symbol, which lane A drops, and a gross line is investment_cost, which lane A types as investment_fair_value.",RESOLVED,A+B+ADJUDICATOR,0cb015ca0b614caa657358e97514857fd81f64b60ad57c146f75293e82923169
e9d2be583386ae5f9c5f,SRC376,13,PAIR_76AE67D31F05F0CC7C82024A,CONTEXT_CONFLICT,78,55,source_section|basis_raw|evidence_quote|definition_keys,ACCEPT_A,"Loan receivable, net end of year is the line the balance sheet carries, so investment_fair_value is right for it and both lanes agree. Lane A quotes the page's printed sentence and cites note 6, lane B quotes the scrambled text layer.",RESOLVED,A,0cb015ca0b614caa657358e97514857fd81f64b60ad57c146f75293e82923169
c3e667377ef3c434c4fb,SRC376,13,PAIR_64030C4DADAE939B7B8BB7ED,VALUE_CONFLICT,79,56,source_section|metric_value_raw|basis_raw|evidence_quote|definition_keys,MERGE,"Page 13 prints Loan receivable, net end of year $ 93,417 in the 2024 column. Neither lane is complete: lane A strips the printed currency symbol and lane B quotes only the scrambled text layer and cites no note.",RESOLVED,A+B+ADJUDICATOR,0cb015ca0b614caa657358e97514857fd81f64b60ad57c146f75293e82923169
a8f6ed95cc0082215cec,SRC376,13,PAIR_BD7C43E7119B756C875431F2,A_ONLY,80,,,ACCEPT_A,"Page 13 prints Loan to equity conversions (35,000) in the 2023 column and an em dash in 2024, so exactly one row belongs here; printed and allowed, and lane B missed it.",VERIFIED_ONE_SIDED,A,0cb015ca0b614caa657358e97514857fd81f64b60ad57c146f75293e82923169
3fc9099bcde3586746e0,SRC376,13,PAIR_0D1692BA6708E2E41509F0D3,A_ONLY,81,,,ACCEPT_A,"Page 13 prints Loans and interest receivable, subtotal 130,166 171,094; the 2023 cell is printed and allowed, and lane B missed it.",VERIFIED_ONE_SIDED,A,0cb015ca0b614caa657358e97514857fd81f64b60ad57c146f75293e82923169
c078814e73ba2e745508,SRC376,13,PAIR_BC22BCBA9D13FEA38844E3CE,A_ONLY,82,,,ACCEPT_A,"Same printed row in the 2024 column, 130,166; printed and allowed, and lane B missed it.",VERIFIED_ONE_SIDED,A,0cb015ca0b614caa657358e97514857fd81f64b60ad57c146f75293e82923169
4e87e2d6fbee43544056,SRC376,13,PAIR_2FB552DA874142E5FC560AD4,A_ONLY,83,,,ACCEPT_A,"Page 13 prints Principal repayments (58,516) (101,168); the 2023 cell is printed and allowed, and lane B missed it.",VERIFIED_ONE_SIDED,A,0cb015ca0b614caa657358e97514857fd81f64b60ad57c146f75293e82923169
6fd807de177a8d070364,SRC376,13,PAIR_990055DBB35E084786E7DE30,A_ONLY,84,,,ACCEPT_A,"Same printed row in the 2024 column, (58,516); printed and allowed, and lane B missed it.",VERIFIED_ONE_SIDED,A,0cb015ca0b614caa657358e97514857fd81f64b60ad57c146f75293e82923169
46362ec9d8859af807e7,SRC376,13,PAIR_26D964CA1FCCC58F0F62F465,CONTEXT_CONFLICT,85,57,source_section|basis_raw|evidence_quote|definition_keys,ACCEPT_A,"Both lanes read Realized loss on loans (18,000) in the 2024 column, with a dash in 2023. Lane A quotes the page's printed sentence and cites note 6, lane B quotes the scrambled text layer.",RESOLVED,A,0cb015ca0b614caa657358e97514857fd81f64b60ad57c146f75293e82923169
0b5b9c545806ea93a922,SRC376,14,PAIR_002B34588BD92E87D894F3E6,A_ONLY,86,,,ACCEPT_A,Page 14 prints (b) Equity PRIs as a narrative note above the equity rollforward.,VERIFIED_ONE_SIDED,A,0cb015ca0b614caa657358e97514857fd81f64b60ad57c146f75293e82923169
93c72768a1d216cfd2f7,SRC376,14,PAIR_94A30BDAA3475298CB04F9BE,A_ONLY,87,,,ACCEPT_A,Page 14 prints (c) PRI Guarantees and Commitments as a narrative note.,VERIFIED_ONE_SIDED,A,0cb015ca0b614caa657358e97514857fd81f64b60ad57c146f75293e82923169
bef90126901284d8f6f1,SRC376,14,PAIR_649B4BA5D4548750EA3569BA,A_ONLY,88,,,ACCEPT_A,"Page 14 prints Additional investments 113,185 91,203; the 2023 cell is printed and allowed, and lane B missed it.",VERIFIED_ONE_SIDED,A,0cb015ca0b614caa657358e97514857fd81f64b60ad57c146f75293e82923169
4341ea4c99a85a9deb5c,SRC376,14,PAIR_5F9DFE08B5AC82FB636A1058,A_ONLY,89,,,ACCEPT_A,"Same printed row in the 2024 column, 113,185; printed and allowed, and lane B missed it.",VERIFIED_ONE_SIDED,A,0cb015ca0b614caa657358e97514857fd81f64b60ad57c146f75293e82923169
c2a452405d9d41624a63,SRC376,14,PAIR_B280FD495FC5FEC70861B8C4,VALUE_CONFLICT,90,64,source_structure_type|source_section|source_row_label|metric_name|metric_value_raw|basis_raw|value_scope,MERGE,"The sentence The Foundation has recorded certain of its equity investments at fair value, totaling $75,758 and $161,380 is prose, so the row is NARRATIVE as lane A has it, the value keeps the printed $ as lane B has it, and the grain is the aggregate of a named sleeve, so value_scope is portfolio_total and not allocation_bucket: the page prints no allocation table.",RESOLVED,A+B+ADJUDICATOR,0cb015ca0b614caa657358e97514857fd81f64b60ad57c146f75293e82923169
80feef1c89996b7be363,SRC376,14,PAIR_CB3F34EA84C39E4D3491D927,A_ONLY,91,,,MERGE,"Same printed sentence for 2024, $75,758. Lane A missed the printed currency symbol and filed the grain as allocation_bucket; lane B filed the same cell separately under a shorter label, so this merged row publishes it once.",RESOLVED,A+ADJUDICATOR,0cb015ca0b614caa657358e97514857fd81f64b60ad57c146f75293e82923169
f817ae4a43bfb676560e,SRC376,14,PAIR_E01CF5AFD39AB95402EF1171,A_ONLY,92,,,ACCEPT_A,"Page 14 prints Change in contingent funding commitments (167,000) 227,000; the 2023 cell is printed and allowed, and lane B missed it.",VERIFIED_ONE_SIDED,A,0cb015ca0b614caa657358e97514857fd81f64b60ad57c146f75293e82923169
1b48b00de803c702c643,SRC376,14,PAIR_2310A5C01F87F68C2EC020E3,A_ONLY,93,,,ACCEPT_A,"Same printed row in the 2024 column, (167,000); printed and allowed, and lane B missed it.",VERIFIED_ONE_SIDED,A,0cb015ca0b614caa657358e97514857fd81f64b60ad57c146f75293e82923169
f2c4cbe048a9740aa69c,SRC376,14,PAIR_6CDD656D3F9669063452945E,CONTEXT_CONFLICT,94,58,source_section|evidence_quote,ACCEPT_A,"Both lanes read Equity investment amount, gross beginning of year 475,838 in the 2023 column. Lane A quotes the page's printed sentence, lane B quotes the scrambled text layer.",RESOLVED,A,0cb015ca0b614caa657358e97514857fd81f64b60ad57c146f75293e82923169
97117b1e7832f4922175,SRC376,14,PAIR_61C527007236B033F2D2951C,VALUE_CONFLICT,95,59,source_section|metric_value_raw|evidence_quote,MERGE,"Page 14 prints Equity investment amount, gross beginning of year $ 828,216 in the 2024 column. Neither lane is complete: lane A strips the printed currency symbol and lane B quotes only the scrambled text layer.",RESOLVED,A+B+ADJUDICATOR,0cb015ca0b614caa657358e97514857fd81f64b60ad57c146f75293e82923169
f62c73a166196898c827,SRC376,14,PAIR_F3F87B107EAA92148B12E171,CONTEXT_CONFLICT,96,60,source_section|evidence_quote,ACCEPT_A,"Both lanes read Equity investment amount, gross end of year 828,216 in the 2023 column; lane A's quote is the page's printed sentence.",RESOLVED,A,0cb015ca0b614caa657358e97514857fd81f64b60ad57c146f75293e82923169
ae14df2ea3a1d601fb40,SRC376,14,PAIR_15B44720EE76CA1E7BE25A70,CONTEXT_CONFLICT,97,61,source_section|evidence_quote,ACCEPT_A,"Same printed row in the 2024 column, 692,913; the page prints no currency symbol on it and lane A's quote is the readable one.",RESOLVED,A,0cb015ca0b614caa657358e97514857fd81f64b60ad57c146f75293e82923169
7ee69fee05478158409e,SRC376,14,PAIR_48BE75F68F09E3B3A15981D7,CONTEXT_CONFLICT,98,62,source_section|basis_raw|evidence_quote|definition_keys,ACCEPT_A,"Both lanes read Equity investment amount, net end of year 798,137 in the 2023 column as investment_fair_value at statement_line grain; lane A's frame carries the note-6 citation and the readable quote.",RESOLVED,A,0cb015ca0b614caa657358e97514857fd81f64b60ad57c146f75293e82923169
e3674047ebc8e8829edc,SRC376,14,PAIR_C3AAFC013F14E3AC2719D0E3,VALUE_CONFLICT,99,63,source_section|metric_value_raw|basis_raw|evidence_quote|definition_keys,MERGE,"Page 14 prints Equity investment amount, net end of year $ 556,585 in the 2024 column. Neither lane is complete: lane A strips the printed currency symbol and lane B quotes only the scrambled text layer and cites no note.",RESOLVED,A+B+ADJUDICATOR,0cb015ca0b614caa657358e97514857fd81f64b60ad57c146f75293e82923169
8361846f940850b07337,SRC376,14,PAIR_282DA901C09171271AD5D90D,A_ONLY,100,,,ACCEPT_A,"Page 14 prints Loan to equity conversions 37,872 in the 2023 column and an em dash in 2024, so exactly one row belongs here; lane B missed it.",VERIFIED_ONE_SIDED,A,0cb015ca0b614caa657358e97514857fd81f64b60ad57c146f75293e82923169
6f674efa6c8d8c8c57c6,SRC376,14,PAIR_4A6A17A2F1E1C17B2BB3887E,A_ONLY,101,,,MERGE,"The sentence PRIs in equity funds which have been valued using NAV as a practical expedient with total fair values of $111,725 and $106,547 is prose. The value keeps the printed $ and the grain is the aggregate of a named sleeve, so value_scope is portfolio_total, not allocation_bucket.",RESOLVED,A+ADJUDICATOR,0cb015ca0b614caa657358e97514857fd81f64b60ad57c146f75293e82923169
54b76728c8601c21cc0f,SRC376,14,PAIR_CB22117FF8B28F0F14C104FF,A_ONLY,102,,,MERGE,"Same printed sentence for 2024, $111,725, published once under the fuller printed label.",RESOLVED,A+ADJUDICATOR,0cb015ca0b614caa657358e97514857fd81f64b60ad57c146f75293e82923169
5c13ce9b8caec0efbf2d,SRC376,14,PAIR_B4ECEDB9005933398C360A4D,CONTEXT_CONFLICT,103,68,source_section|evidence_quote,ACCEPT_A,"Both lanes read Realized loss (2,870) in the 2023 column. Lane A quotes the page's printed sentence, lane B quotes the scrambled text layer.",RESOLVED,A,0cb015ca0b614caa657358e97514857fd81f64b60ad57c146f75293e82923169
a0f0d61bdb98fbef8594,SRC376,14,PAIR_16501F3987A1F0527C46892E,CONTEXT_CONFLICT,104,69,source_section|evidence_quote,ACCEPT_A,"Same printed row in the 2024 column, (67,081); lane A's quote reads as evidence and lane B's does not.",RESOLVED,A,0cb015ca0b614caa657358e97514857fd81f64b60ad57c146f75293e82923169
175a59a0b47eaf930bb9,SRC376,14,PAIR_BD7D9040036FA7103A1F1259,A_ONLY,105,,,ACCEPT_A,"Page 14 prints Return of capital (14,407) (827); the 2023 cell is printed and allowed, and lane B missed it.",VERIFIED_ONE_SIDED,A,0cb015ca0b614caa657358e97514857fd81f64b60ad57c146f75293e82923169
3ab0cfa24b782f3722d2,SRC376,14,PAIR_B2713CE33B2CEE0F45639A29,A_ONLY,106,,,ACCEPT_A,"Same printed row in the 2024 column, (14,407); printed and allowed, and lane B missed it.",VERIFIED_ONE_SIDED,A,0cb015ca0b614caa657358e97514857fd81f64b60ad57c146f75293e82923169
918b8b6f3c70fa95ce1a,SRC376,14,PAIR_B8A7F25AA249FD7F7A7F2190,CONTEXT_CONFLICT,107,70,source_section|evidence_quote,ACCEPT_A,"Both lanes read Unrealized loss, net (30,079) in the 2023 column; lane A's quote is the page's printed sentence.",RESOLVED,A,0cb015ca0b614caa657358e97514857fd81f64b60ad57c146f75293e82923169
b0268039dabb7b0dce45,SRC376,14,PAIR_695F973D00CCF0558EC79E78,CONTEXT_CONFLICT,108,71,source_section|evidence_quote,ACCEPT_A,"Same printed row in the 2024 column, (136,328); lane A's quote is the readable one.",RESOLVED,A,0cb015ca0b614caa657358e97514857fd81f64b60ad57c146f75293e82923169
a9b8da60f44ba2727e81,SRC376,14,PAIR_A90D5F65625E27EFC6467DFA,VALUE_CONFLICT,109,72,source_structure_type|source_section|metric_value_raw,MERGE,"Page 14 prints Unfunded commitments related to equity funds as of December 31, 2024 were $20,071 as prose, so the row is NARRATIVE as lane A has it and the value keeps the printed $ as lane B has it.",RESOLVED,A+B+ADJUDICATOR,0cb015ca0b614caa657358e97514857fd81f64b60ad57c146f75293e82923169
7f1c34367e3a385c09d4,SRC376,15,PAIR_65DF2336405E70E81F1ECB0A,A_ONLY,110,,,ACCEPT_A,"Page 15 prints The estimated probable contingent funding amount included in program-related investment liabilities in the consolidated statements of financial position was $60,000 on December 31, 2024, and $227,000 on December 31, 2023. The sentence is prose, so NARRATIVE is right, and a contingent funding commitment the Foundation has made is commitment, not the unfunded_commitment the page uses for equity-fund commitments on page 14.",VERIFIED_ONE_SIDED,A,0cb015ca0b614caa657358e97514857fd81f64b60ad57c146f75293e82923169
495eded071fc95302eed,SRC376,15,PAIR_B78F9A2CC2D4C6C951F27636,A_ONLY,111,,,ACCEPT_A,"Same printed sentence for 2024, $60,000; NARRATIVE and commitment for the same reason.",VERIFIED_ONE_SIDED,A,0cb015ca0b614caa657358e97514857fd81f64b60ad57c146f75293e82923169
fefa48e638c5d554d349,SRC376,16,PAIR_75412B02071ADD35D85A9857,B_ONLY,,75,,ACCEPT_B,"Page 16 prints Compensation and benefits 390,147 50,123 37,205 54,468 114,766 646,709 in the December 31, 2023 table; the Management and general cell reads 114,766.",VERIFIED_ONE_SIDED,B,0cb015ca0b614caa657358e97514857fd81f64b60ad57c146f75293e82923169
6a10adb89ba39e6b0057,SRC376,16,PAIR_55B389F25191FC5A7C89A79D,B_ONLY,,76,,ACCEPT_B,"Same printed row, Total expense by natural classification 646,709.",VERIFIED_ONE_SIDED,B,0cb015ca0b614caa657358e97514857fd81f64b60ad57c146f75293e82923169
54450334a4b2b90b62df,SRC376,16,PAIR_C79C83AEBE7C3CB41C3D1502,B_ONLY,,77,,ACCEPT_B,"Page 16 prints Other support and administrative 113,275 4,437 13,115 13,662 240,260 384,749 in the 2023 table; the Management and general cell reads 240,260.",VERIFIED_ONE_SIDED,B,0cb015ca0b614caa657358e97514857fd81f64b60ad57c146f75293e82923169
6c71cd96790511133a49,SRC376,16,PAIR_6E1B9B5BB2E1450727BB01FC,B_ONLY,,78,,ACCEPT_B,"Same printed row, Total expense by natural classification 384,749.",VERIFIED_ONE_SIDED,B,0cb015ca0b614caa657358e97514857fd81f64b60ad57c146f75293e82923169
cb9c22ec295c72336420,SRC376,16,PAIR_B14A39C8DAC5E35BADCE61E3,B_ONLY,,79,,ACCEPT_B,"Page 16 prints Total $ 6,849,571 735,214 249,048 68,130 355,026 8,256,989 in the 2023 table; the Management and general cell reads 355,026 and ties to page 5.",VERIFIED_ONE_SIDED,B,0cb015ca0b614caa657358e97514857fd81f64b60ad57c146f75293e82923169
13fbe094e46be7f3163a,SRC376,16,PAIR_877CD7D5E96B3582735A8D7D,B_ONLY,,80,,ACCEPT_B,"The grants subtotal in the 2023 table reads 6,346,149 680,654 198,728 with dashes in the two remaining columns and 7,225,531 under Total expense by natural classification.",VERIFIED_ONE_SIDED,B,0cb015ca0b614caa657358e97514857fd81f64b60ad57c146f75293e82923169
e4f6471d0a48200d9032,SRC376,16,PAIR_7819EEB53D002E0600688DAC,B_ONLY,,81,,ACCEPT_B,"The bottom Total row of the 2023 table reads 8,256,989 under Total expense by natural classification and ties to Total expenses on page 5.",VERIFIED_ONE_SIDED,B,0cb015ca0b614caa657358e97514857fd81f64b60ad57c146f75293e82923169
e0c792a92e1d282b2bca,SRC376,16,PAIR_983A57A85CE45960D0E93091,B_ONLY,,82,,ACCEPT_B,"Page 16 prints Compensation and benefits 446,140 57,748 41,323 63,814 126,723 735,748 in the December 31, 2024 table; the Management and general cell reads 126,723. Management and general is the entity's own overhead expense line under note 2(k), which is fund_expense and allowed, so the cell stands and lane A deferred the page.",VERIFIED_ONE_SIDED,B,0cb015ca0b614caa657358e97514857fd81f64b60ad57c146f75293e82923169
000c8b4e646c2c389243,SRC376,16,PAIR_D9C2E1E9ADDBCB9E32A7FA29,B_ONLY,,83,,ACCEPT_B,"Same printed row, Total expense by natural classification 735,748; a natural-classification expense total is fund_expense and lane A deferred the page.",VERIFIED_ONE_SIDED,B,0cb015ca0b614caa657358e97514857fd81f64b60ad57c146f75293e82923169
a2f3bf32562fddfffd50,SRC376,16,PAIR_02C23DC273AAFFC281172122,B_ONLY,,84,,ACCEPT_B,"Page 16 prints Other support and administrative 119,411 5,585 13,291 33,659 263,632 435,578 in the 2024 table; the Management and general cell reads 263,632.",VERIFIED_ONE_SIDED,B,0cb015ca0b614caa657358e97514857fd81f64b60ad57c146f75293e82923169
89e18843395e20609294,SRC376,16,PAIR_FB05C27BD65F1EDE5CA854E6,B_ONLY,,85,,ACCEPT_B,"Same printed row, Total expense by natural classification 435,578.",VERIFIED_ONE_SIDED,B,0cb015ca0b614caa657358e97514857fd81f64b60ad57c146f75293e82923169
ddc9bee79e403b1026f3,SRC376,16,PAIR_7764A5035CE1398216616AAE,B_ONLY,,86,,ACCEPT_B,"Page 16 prints Total $ 6,734,945 661,442 173,102 97,473 390,355 8,057,317 in the 2024 table; the Management and general cell reads 390,355 and ties to page 5.",VERIFIED_ONE_SIDED,B,0cb015ca0b614caa657358e97514857fd81f64b60ad57c146f75293e82923169
69e1a75de6e3ffb492ad,SRC376,16,PAIR_08207DA1F47BA7E58B6B3098,B_ONLY,,87,,ACCEPT_B,"Page 16 prints the grants subtotal Total 6,169,394 598,109 118,488 with dashes in the two remaining columns and 6,885,991 under Total expense by natural classification; that is the first Total occurrence in the 2024 table.",VERIFIED_ONE_SIDED,B,0cb015ca0b614caa657358e97514857fd81f64b60ad57c146f75293e82923169
1ea02c2c0c64421bac66,SRC376,16,PAIR_6B936626F08CCB947045D72B,B_ONLY,,88,,ACCEPT_B,"The second Total occurrence in the 2024 table reads 8,057,317 under Total expense by natural classification and ties to Total expenses on page 5.",VERIFIED_ONE_SIDED,B,0cb015ca0b614caa657358e97514857fd81f64b60ad57c146f75293e82923169
9bdda3fe725d4b331968,SRC377,3,PAIR_6FB6A0A6C81A7194448BBDC9,CLASSIFICATION_CONFLICT,1,1,source_section|source_table|subject_name|investor_name|as_of_date|evidence_quote,MERGE,"The context row stays on page 3 where both lanes filed it: page 1 is a bare cover, and validate-final rejects a page whose only row is the context row, so the contract's 'always page 1' cannot be met here. subject_name and investor_name take the entity exactly as the cited page prints it, in caps; A's 'Financial Statements' is the cover title and is not printed on page 3, and B's 'Financial Section' section heading is not printed anywhere in this document. manager_name and portfolio_name stay blank: no manager is named and a report title is never a portfolio. as_of_date keeps A's verbatim 'December 31, 2016 and 2015'.",RESOLVED,A+B+ADJUDICATOR,2a3ff4eb15e88df08d12b0ffd4696117b642b6f1ff19ee5fb8bd8d1a3a025988
eded1700c5397a606bdc,SRC377,3,PAIR_4B68F81CA8117DEB03883677,CLASSIFICATION_CONFLICT,2,2,source_section|subject_type|horizon|currency_scale|metric_name,MERGE,"source_section takes the printed heading above the table; A left it blank on every row of the document and B wrote 'Financial Section', which this document never prints (it is the running header of an unrelated PSERS filing, so it is not source evidence). metric_name follows the table's shape: the rows are the measures and the columns are periods, so the metric is the row label. A used the column header '2016'/'2015', and a period is never a metric name. currency_scale is copied verbatim with its parentheses as the page prints it, instead of B's normalised 'thousands'. horizon stays blank: the column of a statement of financial position names a date, not a measurement period, and as_of_date already carries it. subject_type: a balance-sheet caption naming a kind of asset is asset_class, while the totals and the net-asset line are reporting_entity.",RESOLVED,A+B+ADJUDICATOR,2a3ff4eb15e88df08d12b0ffd4696117b642b6f1ff19ee5fb8bd8d1a3a025988
78dd41acaa11bb88a55c,SRC377,3,PAIR_5A6A129AD97B96FEEE277A66,VALUE_CONFLICT,3,3,source_section|subject_type|horizon|currency_scale|metric_name|metric_value_raw,MERGE,"source_section takes the printed heading above the table; A left it blank on every row of the document and B wrote 'Financial Section', which this document never prints (it is the running header of an unrelated PSERS filing, so it is not source evidence). metric_name follows the table's shape: the rows are the measures and the columns are periods, so the metric is the row label. A used the column header '2016'/'2015', and a period is never a metric name. currency_scale is copied verbatim with its parentheses as the page prints it, instead of B's normalised 'thousands'. horizon stays blank: the column of a statement of financial position names a date, not a measurement period, and as_of_date already carries it. subject_type: a balance-sheet caption naming a kind of asset is asset_class, while the totals and the net-asset line are reporting_entity. metric_value_raw keeps the dollar sign the page prints against this cell, closed up to the digits; B stripped it.",RESOLVED,A+B+ADJUDICATOR,2a3ff4eb15e88df08d12b0ffd4696117b642b6f1ff19ee5fb8bd8d1a3a025988
011bf9408c50b4d60bed,SRC377,3,PAIR_EC0A3D46EFC8713C937BB8BE,CLASSIFICATION_CONFLICT,4,4,source_section|source_row_label|subject_type|subject_name|horizon|currency_scale|metric_name,MERGE,"source_section takes the printed heading above the table; A left it blank on every row of the document and B wrote 'Financial Section', which this document never prints (it is the running header of an unrelated PSERS filing, so it is not source evidence). metric_name follows the table's shape: the rows are the measures and the columns are periods, so the metric is the row label. A used the column header '2016'/'2015', and a period is never a metric name. currency_scale is copied verbatim with its parentheses as the page prints it, instead of B's normalised 'thousands'. horizon stays blank: the column of a statement of financial position names a date, not a measurement period, and as_of_date already carries it. the '(note N)' cross-reference is dropped from the row label and subject name the same way a footnote marker is. subject_type: a balance-sheet caption naming a kind of asset is asset_class, while the totals and the net-asset line are reporting_entity.; Source review: p3: BILL & MELINDA GATES FOUNDATION TRUST (The statement or note reports this line and its valuation column separately.) | p3: BILL & MELINDA GATES FOUNDATION TRUST (Printed heading or definition supporting the source-reviewed qualifier.) | p3: BILL & MELINDA GATES FOUNDATION TRUST (Supersedes SR1799: the printed entity or table label is context, not a measurement basis; source labels retain its scope.)",RESOLVED,A+B+ADJUDICATOR,2a3ff4eb15e88df08d12b0ffd4696117b642b6f1ff19ee5fb8bd8d1a3a025988
a257d0b0908d2d310614,SRC377,3,PAIR_2F9DDEA0DA2D0CF0AC3ACAB8,CLASSIFICATION_CONFLICT,5,5,source_section|source_row_label|subject_type|subject_name|horizon|currency_scale|metric_name,MERGE,"source_section takes the printed heading above the table; A left it blank on every row of the document and B wrote 'Financial Section', which this document never prints (it is the running header of an unrelated PSERS filing, so it is not source evidence). metric_name follows the table's shape: the rows are the measures and the columns are periods, so the metric is the row label. A used the column header '2016'/'2015', and a period is never a metric name. currency_scale is copied verbatim with its parentheses as the page prints it, instead of B's normalised 'thousands'. horizon stays blank: the column of a statement of financial position names a date, not a measurement period, and as_of_date already carries it. the '(note N)' cross-reference is dropped from the row label and subject name the same way a footnote marker is. subject_type: a balance-sheet caption naming a kind of asset is asset_class, while the totals and the net-asset line are reporting_entity.; Source review: p3: BILL & MELINDA GATES FOUNDATION TRUST (The statement or note reports this line and its valuation column separately.) | p3: BILL & MELINDA GATES FOUNDATION TRUST (Printed heading or definition supporting the source-reviewed qualifier.) | p3: BILL & MELINDA GATES FOUNDATION TRUST (Supersedes SR1800: the printed entity or table label is context, not a measurement basis; source labels retain its scope.)",RESOLVED,A+B+ADJUDICATOR,2a3ff4eb15e88df08d12b0ffd4696117b642b6f1ff19ee5fb8bd8d1a3a025988
d6b7099f5c4d054028ef,SRC377,3,PAIR_ECE81ADD6EB45A471EC8049C,CONTEXT_CONFLICT,6,6,source_section|horizon|currency_scale|metric_name,MERGE,"source_section takes the printed heading above the table; A left it blank on every row of the document and B wrote 'Financial Section', which this document never prints (it is the running header of an unrelated PSERS filing, so it is not source evidence). metric_name follows the table's shape: the rows are the measures and the columns are periods, so the metric is the row label. A used the column header '2016'/'2015', and a period is never a metric name. currency_scale is copied verbatim with its parentheses as the page prints it, instead of B's normalised 'thousands'. horizon stays blank: the column of a statement of financial position names a date, not a measurement period, and as_of_date already carries it.; Source review: p3: Net assets – unrestricted 40,316,940 39,514,534 (The printed label identifies a statement item, not an institution; retain the accounting scope without an entity ID.)",RESOLVED,A+B+ADJUDICATOR,2a3ff4eb15e88df08d12b0ffd4696117b642b6f1ff19ee5fb8bd8d1a3a025988
10bfc6378f74b60b8901,SRC377,3,PAIR_37E53DF8009364B6A4142918,CONTEXT_CONFLICT,7,7,source_section|horizon|currency_scale|metric_name,MERGE,"source_section takes the printed heading above the table; A left it blank on every row of the document and B wrote 'Financial Section', which this document never prints (it is the running header of an unrelated PSERS filing, so it is not source evidence). metric_name follows the table's shape: the rows are the measures and the columns are periods, so the metric is the row label. A used the column header '2016'/'2015', and a period is never a metric name. currency_scale is copied verbatim with its parentheses as the page prints it, instead of B's normalised 'thousands'. horizon stays blank: the column of a statement of financial position names a date, not a measurement period, and as_of_date already carries it.; Source review: p3: Net assets – unrestricted 40,316,940 39,514,534 (The printed label identifies a statement item, not an institution; retain the accounting scope without an entity ID.)",RESOLVED,A+B+ADJUDICATOR,2a3ff4eb15e88df08d12b0ffd4696117b642b6f1ff19ee5fb8bd8d1a3a025988
105609f95361a6fc251c,SRC377,3,PAIR_EDD8EBE99D85B05020E441D3,CONTEXT_CONFLICT,8,8,source_section|horizon|currency_scale|metric_name,MERGE,"source_section takes the printed heading above the table; A left it blank on every row of the document and B wrote 'Financial Section', which this document never prints (it is the running header of an unrelated PSERS filing, so it is not source evidence). metric_name follows the table's shape: the rows are the measures and the columns are periods, so the metric is the row label. A used the column header '2016'/'2015', and a period is never a metric name. currency_scale is copied verbatim with its parentheses as the page prints it, instead of B's normalised 'thousands'. horizon stays blank: the column of a statement of financial position names a date, not a measurement period, and as_of_date already carries it.; Source review: p3: Total assets $ 40,644,584 39,637,444 (The printed label identifies a statement item, not an institution; retain the accounting scope without an entity ID.)",RESOLVED,A+B+ADJUDICATOR,2a3ff4eb15e88df08d12b0ffd4696117b642b6f1ff19ee5fb8bd8d1a3a025988
351da938c92061c35930,SRC377,3,PAIR_23D2E16CB525023F3E6A1E7E,VALUE_CONFLICT,9,9,source_section|horizon|currency_scale|metric_name|metric_value_raw,MERGE,"source_section takes the printed heading above the table; A left it blank on every row of the document and B wrote 'Financial Section', which this document never prints (it is the running header of an unrelated PSERS filing, so it is not source evidence). metric_name follows the table's shape: the rows are the measures and the columns are periods, so the metric is the row label. A used the column header '2016'/'2015', and a period is never a metric name. currency_scale is copied verbatim with its parentheses as the page prints it, instead of B's normalised 'thousands'. horizon stays blank: the column of a statement of financial position names a date, not a measurement period, and as_of_date already carries it. metric_value_raw keeps the dollar sign the page prints against this cell, closed up to the digits; B stripped it.; Source review: p3: Total assets $ 40,644,584 39,637,444 (The printed label identifies a statement item, not an institution; retain the accounting scope without an entity ID.)",RESOLVED,A+B+ADJUDICATOR,2a3ff4eb15e88df08d12b0ffd4696117b642b6f1ff19ee5fb8bd8d1a3a025988
78e8a6709ee1f66ec1c5,SRC377,3,PAIR_C052E9C2719CCB0BF665D4F6,CONTEXT_CONFLICT,10,10,source_section|horizon|currency_scale|metric_name,MERGE,"source_section takes the printed heading above the table; A left it blank on every row of the document and B wrote 'Financial Section', which this document never prints (it is the running header of an unrelated PSERS filing, so it is not source evidence). metric_name follows the table's shape: the rows are the measures and the columns are periods, so the metric is the row label. A used the column header '2016'/'2015', and a period is never a metric name. currency_scale is copied verbatim with its parentheses as the page prints it, instead of B's normalised 'thousands'. horizon stays blank: the column of a statement of financial position names a date, not a measurement period, and as_of_date already carries it.; Source review: p3: Total liabilities 327,644 122,910 (The printed label identifies a statement item, not an institution; retain the accounting scope without an entity ID.)",RESOLVED,A+B+ADJUDICATOR,2a3ff4eb15e88df08d12b0ffd4696117b642b6f1ff19ee5fb8bd8d1a3a025988
04563c4ec5316d4db1b0,SRC377,3,PAIR_416691AA567EE4E220A614FC,CONTEXT_CONFLICT,11,11,source_section|horizon|currency_scale|metric_name,MERGE,"source_section takes the printed heading above the table; A left it blank on every row of the document and B wrote 'Financial Section', which this document never prints (it is the running header of an unrelated PSERS filing, so it is not source evidence). metric_name follows the table's shape: the rows are the measures and the columns are periods, so the metric is the row label. A used the column header '2016'/'2015', and a period is never a metric name. currency_scale is copied verbatim with its parentheses as the page prints it, instead of B's normalised 'thousands'. horizon stays blank: the column of a statement of financial position names a date, not a measurement period, and as_of_date already carries it.; Source review: p3: Total liabilities 327,644 122,910 (The printed label identifies a statement item, not an institution; retain the accounting scope without an entity ID.)",RESOLVED,A+B+ADJUDICATOR,2a3ff4eb15e88df08d12b0ffd4696117b642b6f1ff19ee5fb8bd8d1a3a025988
50009daec8d6a8fd61b1,SRC377,4,PAIR_9AE22F5229BE708F8C4B6E68,CONTEXT_CONFLICT,12,14,source_section|horizon|currency_scale|metric_name,MERGE,"source_section takes the printed heading above the table; A left it blank on every row of the document and B wrote 'Financial Section', which this document never prints (it is the running header of an unrelated PSERS filing, so it is not source evidence). metric_name follows the table's shape: the rows are the measures and the columns are periods, so the metric is the row label. A used the column header '2016'/'2015', and a period is never a metric name. currency_scale is copied verbatim with its parentheses as the page prints it, instead of B's normalised 'thousands'. horizon takes the printed column header and period_end the printed 'Years ended December 31, 2016 and 2015'.; Source review: p4: Contributions $ 2,717,995 2,853,581 (The printed label identifies a statement item, not an institution; retain the accounting scope without an entity ID.)",RESOLVED,A+B+ADJUDICATOR,2a3ff4eb15e88df08d12b0ffd4696117b642b6f1ff19ee5fb8bd8d1a3a025988
529ee2802733df40f670,SRC377,4,PAIR_DCD09B84A8856E0B11D5F612,VALUE_CONFLICT,13,15,source_section|horizon|currency_scale|metric_name|metric_value_raw,MERGE,"source_section takes the printed heading above the table; A left it blank on every row of the document and B wrote 'Financial Section', which this document never prints (it is the running header of an unrelated PSERS filing, so it is not source evidence). metric_name follows the table's shape: the rows are the measures and the columns are periods, so the metric is the row label. A used the column header '2016'/'2015', and a period is never a metric name. currency_scale is copied verbatim with its parentheses as the page prints it, instead of B's normalised 'thousands'. horizon takes the printed column header and period_end the printed 'Years ended December 31, 2016 and 2015'. metric_value_raw keeps the dollar sign the page prints against this cell, closed up to the digits; B stripped it.; Source review: p4: Contributions $ 2,717,995 2,853,581 (The printed label identifies a statement item, not an institution; retain the accounting scope without an entity ID.)",RESOLVED,A+B+ADJUDICATOR,2a3ff4eb15e88df08d12b0ffd4696117b642b6f1ff19ee5fb8bd8d1a3a025988
2727f526c025a02e8b60,SRC377,4,PAIR_859195E0BA0E36175CD2222D,CONTEXT_CONFLICT,14,16,source_section|horizon|currency_scale|metric_name,MERGE,"source_section takes the printed heading above the table; A left it blank on every row of the document and B wrote 'Financial Section', which this document never prints (it is the running header of an unrelated PSERS filing, so it is not source evidence). metric_name follows the table's shape: the rows are the measures and the columns are periods, so the metric is the row label. A used the column header '2016'/'2015', and a period is never a metric name. currency_scale is copied verbatim with its parentheses as the page prints it, instead of B's normalised 'thousands'. horizon takes the printed column header and period_end the printed 'Years ended December 31, 2016 and 2015'.; Source review: p4: Investment income (losses), net (note 3) 3,440,943 (2,094,741) (The printed label identifies a statement item, not an institution; retain the accounting scope without an entity ID.)",RESOLVED,A+B+ADJUDICATOR,2a3ff4eb15e88df08d12b0ffd4696117b642b6f1ff19ee5fb8bd8d1a3a025988
f29a518c8fec45e00fd2,SRC377,4,PAIR_E31EDA4838D59FA177CA4E85,CONTEXT_CONFLICT,15,17,source_section|horizon|currency_scale|metric_name,MERGE,"source_section takes the printed heading above the table; A left it blank on every row of the document and B wrote 'Financial Section', which this document never prints (it is the running header of an unrelated PSERS filing, so it is not source evidence). metric_name follows the table's shape: the rows are the measures and the columns are periods, so the metric is the row label. A used the column header '2016'/'2015', and a period is never a metric name. currency_scale is copied verbatim with its parentheses as the page prints it, instead of B's normalised 'thousands'. horizon takes the printed column header and period_end the printed 'Years ended December 31, 2016 and 2015'.; Source review: p4: Investment income (losses), net (note 3) 3,440,943 (2,094,741) (The printed label identifies a statement item, not an institution; retain the accounting scope without an entity ID.)",RESOLVED,A+B+ADJUDICATOR,2a3ff4eb15e88df08d12b0ffd4696117b642b6f1ff19ee5fb8bd8d1a3a025988
e899edb3a9ab4666f929,SRC377,4,PAIR_7DC2D503278D735BB40A8562,CLASSIFICATION_CONFLICT,16,18,source_section|horizon|currency_scale|metric_category|metric_name,MERGE,"source_section takes the printed heading above the table; A left it blank on every row of the document and B wrote 'Financial Section', which this document never prints (it is the running header of an unrelated PSERS filing, so it is not source evidence). metric_name follows the table's shape: the rows are the measures and the columns are periods, so the metric is the row label. A used the column header '2016'/'2015', and a period is never a metric name. currency_scale is copied verbatim with its parentheses as the page prints it, instead of B's normalised 'thousands'. horizon takes the printed column header and period_end the printed 'Years ended December 31, 2016 and 2015'. The rollforward line takes the specific beginning_capital / ending_capital category rather than B's generic net_assets.; Source review: p4: BILL & MELINDA GATES FOUNDATION TRUST (The statement or note reports this line and its valuation column separately.) | p4: BILL & MELINDA GATES FOUNDATION TRUST (Printed heading or definition supporting the source-reviewed qualifier.) | p4: Unrestricted net assets, beginning of year 39,514,534 43,440,032 (The printed label identifies a statement item, not an institution; retain the accounting scope without an entity ID.) | p4: BILL & MELINDA GATES FOUNDATION TRUST (Supersedes SR1801: the printed entity or table label is context, not a measurement basis; source labels retain its scope.)",RESOLVED,A+B+ADJUDICATOR,2a3ff4eb15e88df08d12b0ffd4696117b642b6f1ff19ee5fb8bd8d1a3a025988
537e411d46da23808dd8,SRC377,4,PAIR_0BA785D4F791993AE8AD058B,CLASSIFICATION_CONFLICT,17,19,source_section|horizon|currency_scale|metric_category|metric_name,MERGE,"source_section takes the printed heading above the table; A left it blank on every row of the document and B wrote 'Financial Section', which this document never prints (it is the running header of an unrelated PSERS filing, so it is not source evidence). metric_name follows the table's shape: the rows are the measures and the columns are periods, so the metric is the row label. A used the column header '2016'/'2015', and a period is never a metric name. currency_scale is copied verbatim with its parentheses as the page prints it, instead of B's normalised 'thousands'. horizon takes the printed column header and period_end the printed 'Years ended December 31, 2016 and 2015'. The rollforward line takes the specific beginning_capital / ending_capital category rather than B's generic net_assets.; Source review: p4: BILL & MELINDA GATES FOUNDATION TRUST (The statement or note reports this line and its valuation column separately.) | p4: BILL & MELINDA GATES FOUNDATION TRUST (Printed heading or definition supporting the source-reviewed qualifier.) | p4: Unrestricted net assets, beginning of year 39,514,534 43,440,032 (The printed label identifies a statement item, not an institution; retain the accounting scope without an entity ID.) | p4: BILL & MELINDA GATES FOUNDATION TRUST (Supersedes SR1802: the printed entity or table label is context, not a measurement basis; source labels retain its scope.)",RESOLVED,A+B+ADJUDICATOR,2a3ff4eb15e88df08d12b0ffd4696117b642b6f1ff19ee5fb8bd8d1a3a025988
8a1e1c0fcb082f98936d,SRC377,4,PAIR_144F888FD20F4AD825D822AD,CLASSIFICATION_CONFLICT,18,20,source_section|horizon|currency_scale|metric_category|metric_name,MERGE,"source_section takes the printed heading above the table; A left it blank on every row of the document and B wrote 'Financial Section', which this document never prints (it is the running header of an unrelated PSERS filing, so it is not source evidence). metric_name follows the table's shape: the rows are the measures and the columns are periods, so the metric is the row label. A used the column header '2016'/'2015', and a period is never a metric name. currency_scale is copied verbatim with its parentheses as the page prints it, instead of B's normalised 'thousands'. horizon takes the printed column header and period_end the printed 'Years ended December 31, 2016 and 2015'. The rollforward line takes the specific beginning_capital / ending_capital category rather than B's generic net_assets.; Source review: p4: BILL & MELINDA GATES FOUNDATION TRUST (The statement or note reports this line and its valuation column separately.) | p4: BILL & MELINDA GATES FOUNDATION TRUST (Printed heading or definition supporting the source-reviewed qualifier.) | p4: Unrestricted net assets, end of year $ 40,316,940 39,514,534 (The printed label identifies a statement item, not an institution; retain the accounting scope without an entity ID.) | p4: BILL & MELINDA GATES FOUNDATION TRUST (Supersedes SR1803: the printed entity or table label is context, not a measurement basis; source labels retain its scope.)",RESOLVED,A+B+ADJUDICATOR,2a3ff4eb15e88df08d12b0ffd4696117b642b6f1ff19ee5fb8bd8d1a3a025988
4c8f31f75f7afc4c637f,SRC377,4,PAIR_394764205132A95492D607D5,VALUE_CONFLICT,19,21,source_section|horizon|currency_scale|metric_category|metric_name|metric_value_raw,MERGE,"source_section takes the printed heading above the table; A left it blank on every row of the document and B wrote 'Financial Section', which this document never prints (it is the running header of an unrelated PSERS filing, so it is not source evidence). metric_name follows the table's shape: the rows are the measures and the columns are periods, so the metric is the row label. A used the column header '2016'/'2015', and a period is never a metric name. currency_scale is copied verbatim with its parentheses as the page prints it, instead of B's normalised 'thousands'. horizon takes the printed column header and period_end the printed 'Years ended December 31, 2016 and 2015'. The rollforward line takes the specific beginning_capital / ending_capital category rather than B's generic net_assets. metric_value_raw keeps the dollar sign the page prints against this cell, closed up to the digits; B stripped it.; Source review: p4: BILL & MELINDA GATES FOUNDATION TRUST (The statement or note reports this line and its valuation column separately.) | p4: BILL & MELINDA GATES FOUNDATION TRUST (Printed heading or definition supporting the source-reviewed qualifier.) | p4: Unrestricted net assets, end of year $ 40,316,940 39,514,534 (The printed label identifies a statement item, not an institution; retain the accounting scope without an entity ID.) | p4: BILL & MELINDA GATES FOUNDATION TRUST (Supersedes SR1804: the printed entity or table label is context, not a measurement basis; source labels retain its scope.)",RESOLVED,A+B+ADJUDICATOR,2a3ff4eb15e88df08d12b0ffd4696117b642b6f1ff19ee5fb8bd8d1a3a025988
a1d4eefeb9e0d46decd2,SRC377,5,PAIR_D7737E9DA3DA3FF4598F3A4C,CONTEXT_CONFLICT,20,22,source_section|horizon|currency_scale|metric_name,MERGE,"source_section takes the printed heading above the table; A left it blank on every row of the document and B wrote 'Financial Section', which this document never prints (it is the running header of an unrelated PSERS filing, so it is not source evidence). metric_name follows the table's shape: the rows are the measures and the columns are periods, so the metric is the row label. A used the column header '2016'/'2015', and a period is never a metric name. currency_scale is copied verbatim with its parentheses as the page prints it, instead of B's normalised 'thousands'. horizon takes the printed column header and period_end the printed 'Years ended December 31, 2016 and 2015'.; Source review: p5: Cash, beginning of year 307,916 207,321 (The printed label identifies a statement item, not an institution; retain the accounting scope without an entity ID.)",RESOLVED,A+B+ADJUDICATOR,2a3ff4eb15e88df08d12b0ffd4696117b642b6f1ff19ee5fb8bd8d1a3a025988
d75e54d562fb5ce5fdca,SRC377,5,PAIR_6E378939C193195EF5E48F4B,CONTEXT_CONFLICT,21,23,source_section|horizon|currency_scale|metric_name,MERGE,"source_section takes the printed heading above the table; A left it blank on every row of the document and B wrote 'Financial Section', which this document never prints (it is the running header of an unrelated PSERS filing, so it is not source evidence). metric_name follows the table's shape: the rows are the measures and the columns are periods, so the metric is the row label. A used the column header '2016'/'2015', and a period is never a metric name. currency_scale is copied verbatim with its parentheses as the page prints it, instead of B's normalised 'thousands'. horizon takes the printed column header and period_end the printed 'Years ended December 31, 2016 and 2015'.; Source review: p5: Cash, beginning of year 307,916 207,321 (The printed label identifies a statement item, not an institution; retain the accounting scope without an entity ID.)",RESOLVED,A+B+ADJUDICATOR,2a3ff4eb15e88df08d12b0ffd4696117b642b6f1ff19ee5fb8bd8d1a3a025988
553fd36c138e96d14a0f,SRC377,5,PAIR_561B2D25CB8BAD21DF01B340,CONTEXT_CONFLICT,22,24,source_section|horizon|currency_scale|metric_name,MERGE,"source_section takes the printed heading above the table; A left it blank on every row of the document and B wrote 'Financial Section', which this document never prints (it is the running header of an unrelated PSERS filing, so it is not source evidence). metric_name follows the table's shape: the rows are the measures and the columns are periods, so the metric is the row label. A used the column header '2016'/'2015', and a period is never a metric name. currency_scale is copied verbatim with its parentheses as the page prints it, instead of B's normalised 'thousands'. horizon takes the printed column header and period_end the printed 'Years ended December 31, 2016 and 2015'.; Source review: p5: Cash, end of year $ 197,115 307,916 (The printed label identifies a statement item, not an institution; retain the accounting scope without an entity ID.)",RESOLVED,A+B+ADJUDICATOR,2a3ff4eb15e88df08d12b0ffd4696117b642b6f1ff19ee5fb8bd8d1a3a025988
a221ff0eed1a89fdce00,SRC377,5,PAIR_28126BC752AB2A9A94FC2923,VALUE_CONFLICT,23,25,source_section|horizon|currency_scale|metric_name|metric_value_raw,MERGE,"source_section takes the printed heading above the table; A left it blank on every row of the document and B wrote 'Financial Section', which this document never prints (it is the running header of an unrelated PSERS filing, so it is not source evidence). metric_name follows the table's shape: the rows are the measures and the columns are periods, so the metric is the row label. A used the column header '2016'/'2015', and a period is never a metric name. currency_scale is copied verbatim with its parentheses as the page prints it, instead of B's normalised 'thousands'. horizon takes the printed column header and period_end the printed 'Years ended December 31, 2016 and 2015'. metric_value_raw keeps the dollar sign the page prints against this cell, closed up to the digits; B stripped it.; Source review: p5: Cash, end of year $ 197,115 307,916 (The printed label identifies a statement item, not an institution; retain the accounting scope without an entity ID.)",RESOLVED,A+B+ADJUDICATOR,2a3ff4eb15e88df08d12b0ffd4696117b642b6f1ff19ee5fb8bd8d1a3a025988
f1e1470cdf4281bef681,SRC377,5,PAIR_7BFD9A3DCA691588B56885AF,CONTEXT_CONFLICT,24,40,source_section|horizon|currency_scale|metric_name,MERGE,"source_section takes the printed heading above the table; A left it blank on every row of the document and B wrote 'Financial Section', which this document never prints (it is the running header of an unrelated PSERS filing, so it is not source evidence). metric_name follows the table's shape: the rows are the measures and the columns are periods, so the metric is the row label. A used the column header '2016'/'2015', and a period is never a metric name. currency_scale is copied verbatim with its parentheses as the page prints it, instead of B's normalised 'thousands'. horizon takes the printed column header and period_end the printed 'Years ended December 31, 2016 and 2015'.; Source review: p5: Stock and noncash contributions (2,173,415) (2,154,350) (The printed label identifies a statement item, not an institution; retain the accounting scope without an entity ID.)",RESOLVED,A+B+ADJUDICATOR,2a3ff4eb15e88df08d12b0ffd4696117b642b6f1ff19ee5fb8bd8d1a3a025988
cd45dfc49cab46735d99,SRC377,5,PAIR_F5D1F2520486A593F6410A00,CONTEXT_CONFLICT,25,41,source_section|horizon|currency_scale|metric_name,MERGE,"source_section takes the printed heading above the table; A left it blank on every row of the document and B wrote 'Financial Section', which this document never prints (it is the running header of an unrelated PSERS filing, so it is not source evidence). metric_name follows the table's shape: the rows are the measures and the columns are periods, so the metric is the row label. A used the column header '2016'/'2015', and a period is never a metric name. currency_scale is copied verbatim with its parentheses as the page prints it, instead of B's normalised 'thousands'. horizon takes the printed column header and period_end the printed 'Years ended December 31, 2016 and 2015'.; Source review: p5: Stock and noncash contributions (2,173,415) (2,154,350) (The printed label identifies a statement item, not an institution; retain the accounting scope without an entity ID.)",RESOLVED,A+B+ADJUDICATOR,2a3ff4eb15e88df08d12b0ffd4696117b642b6f1ff19ee5fb8bd8d1a3a025988
cdc9193be516befd1aec,SRC377,6,,ADJUDICATOR_ADD,,,,ADD,Upstream source review: the previous coverage instruction excluded this printed definition as reference-only content; source page 6.,ADDED,ADJUDICATOR,2a3ff4eb15e88df08d12b0ffd4696117b642b6f1ff19ee5fb8bd8d1a3a025988
6ecab44bfaec01ac3abc,SRC377,6,,ADJUDICATOR_ADD,,,,ADD,Upstream source review: the previous coverage instruction excluded this printed definition as reference-only content; source page 6.,ADDED,ADJUDICATOR,2a3ff4eb15e88df08d12b0ffd4696117b642b6f1ff19ee5fb8bd8d1a3a025988
336ac63f9325adb07421,SRC377,6,,ADJUDICATOR_ADD,,,,ADD,Upstream source review: the previous coverage instruction excluded this printed definition as reference-only content; source page 6.,ADDED,ADJUDICATOR,2a3ff4eb15e88df08d12b0ffd4696117b642b6f1ff19ee5fb8bd8d1a3a025988
b518366441a7c1856063,SRC377,6,,ADJUDICATOR_ADD,,,,ADD,Upstream source review: the previous coverage instruction excluded this printed definition as reference-only content; source page 6.,ADDED,ADJUDICATOR,2a3ff4eb15e88df08d12b0ffd4696117b642b6f1ff19ee5fb8bd8d1a3a025988
6bb980b3ebfb9c2a7ecf,SRC377,6,,ADJUDICATOR_ADD,,,,ADD,Upstream source review: the previous coverage instruction excluded this printed definition as reference-only content; source page 6.,ADDED,ADJUDICATOR,2a3ff4eb15e88df08d12b0ffd4696117b642b6f1ff19ee5fb8bd8d1a3a025988
6f19e6437564926396a7,SRC377,6,,ADJUDICATOR_ADD,,,,ADD,Upstream source review: the previous coverage instruction excluded this printed definition as reference-only content; source page 6.,ADDED,ADJUDICATOR,2a3ff4eb15e88df08d12b0ffd4696117b642b6f1ff19ee5fb8bd8d1a3a025988
f266f4349c18a75c5c51,SRC377,7,PAIR_E514C8C0A70BA8E4B1FDC289,A_ONLY,26,,,MERGE,"The cell is printed and eligible, so A's one-sided row stands. B declared the whole page NO_ELIGIBLE_DATA because 'narrative values are not structured source observations in this route', which is a reason about form and not about category: the contract counts every printed figure stating a fact about the reporting entity as one row. Corrected here: source_section and source_table take the printed subsection heading with its enumerator, metric_name takes the printed wording instead of A's title-cased paraphrase, and currency_scale takes the printed '(Dollars in thousands)'.; Source review: p7: donated by Bill Gates, totaled $452,972 and $479,231 for the years ended December 31, 2016 and 2015, respectively. (The printed label identifies a statement item, not an institution; retain the accounting scope without an entity ID.)",RESOLVED,A+ADJUDICATOR,2a3ff4eb15e88df08d12b0ffd4696117b642b6f1ff19ee5fb8bd8d1a3a025988
69fe6dca741081649357,SRC377,7,PAIR_233C60F8CD001D0F16F1AC0A,A_ONLY,27,,,MERGE,"The cell is printed and eligible, so A's one-sided row stands. B declared the whole page NO_ELIGIBLE_DATA because 'narrative values are not structured source observations in this route', which is a reason about form and not about category: the contract counts every printed figure stating a fact about the reporting entity as one row. Corrected here: source_section and source_table take the printed subsection heading with its enumerator, metric_name takes the printed wording instead of A's title-cased paraphrase, and currency_scale takes the printed '(Dollars in thousands)'.; Source review: p7: donated by Bill Gates, totaled $452,972 and $479,231 for the years ended December 31, 2016 and 2015, respectively. (The printed label identifies a statement item, not an institution; retain the accounting scope without an entity ID.)",RESOLVED,A+ADJUDICATOR,2a3ff4eb15e88df08d12b0ffd4696117b642b6f1ff19ee5fb8bd8d1a3a025988
a9cb3f76fee231d38c58,SRC377,7,PAIR_4E39B7B4D99F4D8D4EC1D323,A_ONLY,28,,,MERGE,"The cell is printed and eligible, so A's one-sided row stands. B declared the whole page NO_ELIGIBLE_DATA because 'narrative values are not structured source observations in this route', which is a reason about form and not about category: the contract counts every printed figure stating a fact about the reporting entity as one row. Corrected here: source_section and source_table take the printed subsection heading with its enumerator, metric_name takes the printed wording instead of A's title-cased paraphrase, and currency_scale takes the printed '(Dollars in thousands)'.",RESOLVED,A+ADJUDICATOR,2a3ff4eb15e88df08d12b0ffd4696117b642b6f1ff19ee5fb8bd8d1a3a025988
3ce52feb8d76629efd4b,SRC377,7,PAIR_CF813C15A4719165A23C5160,A_ONLY,29,,,MERGE,"The cell is printed and eligible, so A's one-sided row stands. B declared the whole page NO_ELIGIBLE_DATA because 'narrative values are not structured source observations in this route', which is a reason about form and not about category: the contract counts every printed figure stating a fact about the reporting entity as one row. Corrected here: source_section and source_table take the printed subsection heading with its enumerator, metric_name takes the printed wording instead of A's title-cased paraphrase, and currency_scale takes the printed '(Dollars in thousands)'.",RESOLVED,A+ADJUDICATOR,2a3ff4eb15e88df08d12b0ffd4696117b642b6f1ff19ee5fb8bd8d1a3a025988
9505e9e65f1b9da7c881,SRC377,7,PAIR_B9C76735C2B0F4E81DDC03D6,A_ONLY,30,,,MERGE,"The cell is printed and eligible, so A's one-sided row stands. B declared the whole page NO_ELIGIBLE_DATA because 'narrative values are not structured source observations in this route', which is a reason about form and not about category: the contract counts every printed figure stating a fact about the reporting entity as one row. Corrected here: source_section and source_table take the printed subsection heading with its enumerator, metric_name takes the printed wording instead of A's title-cased paraphrase, and currency_scale takes the printed '(Dollars in thousands)'.",RESOLVED,A+ADJUDICATOR,2a3ff4eb15e88df08d12b0ffd4696117b642b6f1ff19ee5fb8bd8d1a3a025988
68aa75d5f1335cd793d7,SRC377,7,PAIR_68F4225B56359965CAD3D0B0,A_ONLY,31,,,MERGE,"The cell is printed and eligible, so A's one-sided row stands. B declared the whole page NO_ELIGIBLE_DATA because 'narrative values are not structured source observations in this route', which is a reason about form and not about category: the contract counts every printed figure stating a fact about the reporting entity as one row. Corrected here: source_section and source_table take the printed subsection heading with its enumerator, metric_name takes the printed wording instead of A's title-cased paraphrase, and currency_scale takes the printed '(Dollars in thousands)'.",RESOLVED,A+ADJUDICATOR,2a3ff4eb15e88df08d12b0ffd4696117b642b6f1ff19ee5fb8bd8d1a3a025988
7ed922f5948eb41867d0,SRC377,7,PAIR_75D689076CCD2867999D2333,A_ONLY,32,,,MERGE,"The cell is printed and eligible, so A's one-sided row stands. B declared the whole page NO_ELIGIBLE_DATA because 'narrative values are not structured source observations in this route', which is a reason about form and not about category: the contract counts every printed figure stating a fact about the reporting entity as one row. Corrected here: source_section and source_table take the printed subsection heading with its enumerator, metric_name takes the printed wording instead of A's title-cased paraphrase, and currency_scale takes the printed '(Dollars in thousands)'.",RESOLVED,A+ADJUDICATOR,2a3ff4eb15e88df08d12b0ffd4696117b642b6f1ff19ee5fb8bd8d1a3a025988
d8d9f35f6684514b6b6a,SRC377,7,,ADJUDICATOR_ADD,,,,ADD,"Neither lane holds this cell: B declared page 7 empty, and A dropped these two figures as repeats of the page 5 cash-flow line. Deduplication is within a page, not across pages, and the page 7 sentence carries something the cash-flow line does not, namely that the contribution came from Warren Buffett in Berkshire Hathaway shares.",ADDED,ADJUDICATOR,2a3ff4eb15e88df08d12b0ffd4696117b642b6f1ff19ee5fb8bd8d1a3a025988
cacc90939669c1568b29,SRC377,7,,ADJUDICATOR_ADD,,,,ADD,"Neither lane holds this cell: B declared page 7 empty, and A dropped these two figures as repeats of the page 5 cash-flow line. Deduplication is within a page, not across pages, and the page 7 sentence carries something the cash-flow line does not, namely that the contribution came from Warren Buffett in Berkshire Hathaway shares.",ADDED,ADJUDICATOR,2a3ff4eb15e88df08d12b0ffd4696117b642b6f1ff19ee5fb8bd8d1a3a025988
453a51e7395e8e643c1c,SRC377,8,PAIR_A4BE0FDCF105D0A37D9B53D2,CONTEXT_CONFLICT,33,42,source_section|source_table|asset_class|currency_scale|metric_name,MERGE,"source_section takes the printed heading governing the table on that page. source_table takes the printed title in full, section number included. metric_name follows the table's shape: the rows are asset classes and the columns are the measures, so the metric is the leaf column header. B used the row label. currency_scale is copied verbatim with its parentheses as the page prints it, instead of B's normalised 'thousands'. asset_class comes from the bare 'Equities:'/'Debt:' heading rows, which print a label and no values and govern every row beneath them until the next such heading.; Source review: p8: BILL & MELINDA GATES FOUNDATION TRUST (The statement or note reports this line and its valuation column separately.) | p8: BILL & MELINDA GATES FOUNDATION TRUST (Printed heading or definition supporting the source-reviewed qualifier.) | p8: BILL & MELINDA GATES FOUNDATION TRUST (Supersedes SR1805: the printed entity or table label is context, not a measurement basis; source labels retain its scope.)",RESOLVED,A+B+ADJUDICATOR,2a3ff4eb15e88df08d12b0ffd4696117b642b6f1ff19ee5fb8bd8d1a3a025988
51e6eb869cbd162f3fec,SRC377,8,PAIR_E9B84856BD411991CAA7DCB9,CONTEXT_CONFLICT,34,43,source_section|source_table|asset_class|currency_scale|metric_name,MERGE,"source_section takes the printed heading governing the table on that page. source_table takes the printed title in full, section number included. metric_name follows the table's shape: the rows are asset classes and the columns are the measures, so the metric is the leaf column header. B used the row label. currency_scale is copied verbatim with its parentheses as the page prints it, instead of B's normalised 'thousands'. asset_class comes from the bare 'Equities:'/'Debt:' heading rows, which print a label and no values and govern every row beneath them until the next such heading.; Source review: p8: BILL & MELINDA GATES FOUNDATION TRUST (The statement or note reports this line and its valuation column separately.) | p8: BILL & MELINDA GATES FOUNDATION TRUST (Printed heading or definition supporting the source-reviewed qualifier.) | p8: BILL & MELINDA GATES FOUNDATION TRUST (Supersedes SR1806: the printed entity or table label is context, not a measurement basis; source labels retain its scope.)",RESOLVED,A+B+ADJUDICATOR,2a3ff4eb15e88df08d12b0ffd4696117b642b6f1ff19ee5fb8bd8d1a3a025988
a151d9de878d857617ed,SRC377,8,PAIR_0C6C7421C9A5DA332F94439B,CONTEXT_CONFLICT,35,44,source_section|source_table|asset_class|currency_scale|metric_name,MERGE,"source_section takes the printed heading governing the table on that page. source_table takes the printed title in full, section number included. metric_name follows the table's shape: the rows are asset classes and the columns are the measures, so the metric is the leaf column header. B used the row label. currency_scale is copied verbatim with its parentheses as the page prints it, instead of B's normalised 'thousands'. asset_class comes from the bare 'Equities:'/'Debt:' heading rows, which print a label and no values and govern every row beneath them until the next such heading.; Source review: p8: BILL & MELINDA GATES FOUNDATION TRUST (The statement or note reports this line and its valuation column separately.) | p8: BILL & MELINDA GATES FOUNDATION TRUST (Printed heading or definition supporting the source-reviewed qualifier.) | p8: BILL & MELINDA GATES FOUNDATION TRUST (Supersedes SR1807: the printed entity or table label is context, not a measurement basis; source labels retain its scope.)",RESOLVED,A+B+ADJUDICATOR,2a3ff4eb15e88df08d12b0ffd4696117b642b6f1ff19ee5fb8bd8d1a3a025988
f3dfc38ab6ec7d7d4102,SRC377,8,PAIR_018F363EBA5ECBF2BD35183C,CLASSIFICATION_CONFLICT,36,45,source_section|source_table|currency_scale|metric_category|metric_name,MERGE,"source_section takes the printed heading governing the table on that page. source_table takes the printed title in full, section number included. metric_name follows the table's shape: the rows are asset classes and the columns are the measures, so the metric is the leaf column header. B used the row label. currency_scale is copied verbatim with its parentheses as the page prints it, instead of B's normalised 'thousands'. asset_class comes from the bare 'Equities:'/'Debt:' heading rows, which print a label and no values and govern every row beneath them until the next such heading. metric_category is investment_fair_value, not B's cash: note 2(c) states cash equivalents are classified within investments, and the balance sheet's own Cash line is a different and smaller figure, so this cell is an investment measured at fair value.; Source review: p8: BILL & MELINDA GATES FOUNDATION TRUST (The statement or note reports this line and its valuation column separately.) | p8: BILL & MELINDA GATES FOUNDATION TRUST (Printed heading or definition supporting the source-reviewed qualifier.) | p8: BILL & MELINDA GATES FOUNDATION TRUST (Supersedes SR1808: the printed entity or table label is context, not a measurement basis; source labels retain its scope.)",RESOLVED,A+B+ADJUDICATOR,2a3ff4eb15e88df08d12b0ffd4696117b642b6f1ff19ee5fb8bd8d1a3a025988
b2aab979a9fa66227997,SRC377,8,PAIR_47349B1ACC4639EAFD6E7FFB,CLASSIFICATION_CONFLICT,37,46,source_section|source_table|currency_scale|metric_category|metric_name,MERGE,"source_section takes the printed heading governing the table on that page. source_table takes the printed title in full, section number included. metric_name follows the table's shape: the rows are asset classes and the columns are the measures, so the metric is the leaf column header. B used the row label. currency_scale is copied verbatim with its parentheses as the page prints it, instead of B's normalised 'thousands'. asset_class comes from the bare 'Equities:'/'Debt:' heading rows, which print a label and no values and govern every row beneath them until the next such heading. metric_category is investment_fair_value, not B's cash: note 2(c) states cash equivalents are classified within investments, and the balance sheet's own Cash line is a different and smaller figure, so this cell is an investment measured at fair value.; Source review: p8: BILL & MELINDA GATES FOUNDATION TRUST (The statement or note reports this line and its valuation column separately.) | p8: BILL & MELINDA GATES FOUNDATION TRUST (Printed heading or definition supporting the source-reviewed qualifier.) | p8: BILL & MELINDA GATES FOUNDATION TRUST (Supersedes SR1809: the printed entity or table label is context, not a measurement basis; source labels retain its scope.)",RESOLVED,A+B+ADJUDICATOR,2a3ff4eb15e88df08d12b0ffd4696117b642b6f1ff19ee5fb8bd8d1a3a025988
bad35dcb4a15164bb223,SRC377,8,PAIR_CA66B2F14DE2D16CEB62C068,CLASSIFICATION_CONFLICT,38,47,source_section|source_table|currency_scale|metric_category|metric_name,MERGE,"source_section takes the printed heading governing the table on that page. source_table takes the printed title in full, section number included. metric_name follows the table's shape: the rows are asset classes and the columns are the measures, so the metric is the leaf column header. B used the row label. currency_scale is copied verbatim with its parentheses as the page prints it, instead of B's normalised 'thousands'. asset_class comes from the bare 'Equities:'/'Debt:' heading rows, which print a label and no values and govern every row beneath them until the next such heading. metric_category is investment_fair_value, not B's cash: note 2(c) states cash equivalents are classified within investments, and the balance sheet's own Cash line is a different and smaller figure, so this cell is an investment measured at fair value.; Source review: p8: BILL & MELINDA GATES FOUNDATION TRUST (The statement or note reports this line and its valuation column separately.) | p8: BILL & MELINDA GATES FOUNDATION TRUST (Printed heading or definition supporting the source-reviewed qualifier.) | p8: BILL & MELINDA GATES FOUNDATION TRUST (Supersedes SR1810: the printed entity or table label is context, not a measurement basis; source labels retain its scope.)",RESOLVED,A+B+ADJUDICATOR,2a3ff4eb15e88df08d12b0ffd4696117b642b6f1ff19ee5fb8bd8d1a3a025988
e18055e00d1d92c4520f,SRC377,8,PAIR_3EAD16751AC65AFED84188E1,CONTEXT_CONFLICT,39,48,source_section|source_table|currency_scale|metric_name,MERGE,"source_section takes the printed heading governing the table on that page. source_table takes the printed title in full, section number included. metric_name follows the table's shape: the rows are asset classes and the columns are the measures, so the metric is the leaf column header. B used the row label. currency_scale is copied verbatim with its parentheses as the page prints it, instead of B's normalised 'thousands'. asset_class comes from the bare 'Equities:'/'Debt:' heading rows, which print a label and no values and govern every row beneath them until the next such heading.; Source review: p8: BILL & MELINDA GATES FOUNDATION TRUST (The statement or note reports this line and its valuation column separately.) | p8: BILL & MELINDA GATES FOUNDATION TRUST (Printed heading or definition supporting the source-reviewed qualifier.) | p8: BILL & MELINDA GATES FOUNDATION TRUST (Supersedes SR1811: the printed entity or table label is context, not a measurement basis; source labels retain its scope.)",RESOLVED,A+B+ADJUDICATOR,2a3ff4eb15e88df08d12b0ffd4696117b642b6f1ff19ee5fb8bd8d1a3a025988
4763761fadb5943bc269,SRC377,8,PAIR_F2DBE72F0FDDFFD75741CAAB,CONTEXT_CONFLICT,40,49,source_section|source_table|currency_scale|metric_name,MERGE,"source_section takes the printed heading governing the table on that page. source_table takes the printed title in full, section number included. metric_name follows the table's shape: the rows are asset classes and the columns are the measures, so the metric is the leaf column header. B used the row label. currency_scale is copied verbatim with its parentheses as the page prints it, instead of B's normalised 'thousands'. asset_class comes from the bare 'Equities:'/'Debt:' heading rows, which print a label and no values and govern every row beneath them until the next such heading.; Source review: p8: BILL & MELINDA GATES FOUNDATION TRUST (The statement or note reports this line and its valuation column separately.) | p8: BILL & MELINDA GATES FOUNDATION TRUST (Printed heading or definition supporting the source-reviewed qualifier.) | p8: BILL & MELINDA GATES FOUNDATION TRUST (Supersedes SR1812: the printed entity or table label is context, not a measurement basis; source labels retain its scope.)",RESOLVED,A+B+ADJUDICATOR,2a3ff4eb15e88df08d12b0ffd4696117b642b6f1ff19ee5fb8bd8d1a3a025988
4ab7636a9a844fdaa0a0,SRC377,8,PAIR_2058E253CFE982E4F5C7020D,CONTEXT_CONFLICT,41,50,source_section|source_table|currency_scale|metric_name,MERGE,"source_section takes the printed heading governing the table on that page. source_table takes the printed title in full, section number included. metric_name follows the table's shape: the rows are asset classes and the columns are the measures, so the metric is the leaf column header. B used the row label. currency_scale is copied verbatim with its parentheses as the page prints it, instead of B's normalised 'thousands'. asset_class comes from the bare 'Equities:'/'Debt:' heading rows, which print a label and no values and govern every row beneath them until the next such heading.; Source review: p8: BILL & MELINDA GATES FOUNDATION TRUST (The statement or note reports this line and its valuation column separately.) | p8: BILL & MELINDA GATES FOUNDATION TRUST (Printed heading or definition supporting the source-reviewed qualifier.) | p8: BILL & MELINDA GATES FOUNDATION TRUST (Supersedes SR1813: the printed entity or table label is context, not a measurement basis; source labels retain its scope.)",RESOLVED,A+B+ADJUDICATOR,2a3ff4eb15e88df08d12b0ffd4696117b642b6f1ff19ee5fb8bd8d1a3a025988
261dd200a3bbe95822fd,SRC377,8,PAIR_3F7BF8D33E28DF6686E8AF5A,CONTEXT_CONFLICT,42,51,source_section|source_table|currency_scale|metric_name,MERGE,"source_section takes the printed heading governing the table on that page. source_table takes the printed title in full, section number included. metric_name follows the table's shape: the rows are asset classes and the columns are the measures, so the metric is the leaf column header. B used the row label. currency_scale is copied verbatim with its parentheses as the page prints it, instead of B's normalised 'thousands'. asset_class comes from the bare 'Equities:'/'Debt:' heading rows, which print a label and no values and govern every row beneath them until the next such heading.; Source review: p8: BILL & MELINDA GATES FOUNDATION TRUST (The statement or note reports this line and its valuation column separately.) | p8: BILL & MELINDA GATES FOUNDATION TRUST (Printed heading or definition supporting the source-reviewed qualifier.) | p8: BILL & MELINDA GATES FOUNDATION TRUST (Supersedes SR1814: the printed entity or table label is context, not a measurement basis; source labels retain its scope.)",RESOLVED,A+B+ADJUDICATOR,2a3ff4eb15e88df08d12b0ffd4696117b642b6f1ff19ee5fb8bd8d1a3a025988
a0ca0df69b14ab05b2bd,SRC377,8,PAIR_EA5B9AAF7B14BF7A47A30166,CONTEXT_CONFLICT,43,52,source_section|source_table|asset_class|currency_scale|metric_name,MERGE,"source_section takes the printed heading governing the table on that page. source_table takes the printed title in full, section number included. metric_name follows the table's shape: the rows are asset classes and the columns are the measures, so the metric is the leaf column header. B used the row label. currency_scale is copied verbatim with its parentheses as the page prints it, instead of B's normalised 'thousands'. asset_class comes from the bare 'Equities:'/'Debt:' heading rows, which print a label and no values and govern every row beneath them until the next such heading.; Source review: p8: BILL & MELINDA GATES FOUNDATION TRUST (The statement or note reports this line and its valuation column separately.) | p8: BILL & MELINDA GATES FOUNDATION TRUST (Printed heading or definition supporting the source-reviewed qualifier.) | p8: BILL & MELINDA GATES FOUNDATION TRUST (Supersedes SR1815: the printed entity or table label is context, not a measurement basis; source labels retain its scope.)",RESOLVED,A+B+ADJUDICATOR,2a3ff4eb15e88df08d12b0ffd4696117b642b6f1ff19ee5fb8bd8d1a3a025988
a7b2658eee7e8ed7a33d,SRC377,8,PAIR_4A3DE1DA928D32397A2ECE14,CONTEXT_CONFLICT,44,53,source_section|source_table|asset_class|currency_scale|metric_name,MERGE,"source_section takes the printed heading governing the table on that page. source_table takes the printed title in full, section number included. metric_name follows the table's shape: the rows are asset classes and the columns are the measures, so the metric is the leaf column header. B used the row label. currency_scale is copied verbatim with its parentheses as the page prints it, instead of B's normalised 'thousands'. asset_class comes from the bare 'Equities:'/'Debt:' heading rows, which print a label and no values and govern every row beneath them until the next such heading.; Source review: p8: BILL & MELINDA GATES FOUNDATION TRUST (The statement or note reports this line and its valuation column separately.) | p8: BILL & MELINDA GATES FOUNDATION TRUST (Printed heading or definition supporting the source-reviewed qualifier.) | p8: BILL & MELINDA GATES FOUNDATION TRUST (Supersedes SR1816: the printed entity or table label is context, not a measurement basis; source labels retain its scope.)",RESOLVED,A+B+ADJUDICATOR,2a3ff4eb15e88df08d12b0ffd4696117b642b6f1ff19ee5fb8bd8d1a3a025988
cb41e0ddb38e747f4a56,SRC377,8,PAIR_8C60145A03AC98D5CFA9E3DF,CONTEXT_CONFLICT,45,54,source_section|source_table|asset_class|currency_scale|metric_name,MERGE,"source_section takes the printed heading governing the table on that page. source_table takes the printed title in full, section number included. metric_name follows the table's shape: the rows are asset classes and the columns are the measures, so the metric is the leaf column header. B used the row label. currency_scale is copied verbatim with its parentheses as the page prints it, instead of B's normalised 'thousands'. asset_class comes from the bare 'Equities:'/'Debt:' heading rows, which print a label and no values and govern every row beneath them until the next such heading.; Source review: p8: BILL & MELINDA GATES FOUNDATION TRUST (The statement or note reports this line and its valuation column separately.) | p8: BILL & MELINDA GATES FOUNDATION TRUST (Printed heading or definition supporting the source-reviewed qualifier.) | p8: BILL & MELINDA GATES FOUNDATION TRUST (Supersedes SR1817: the printed entity or table label is context, not a measurement basis; source labels retain its scope.)",RESOLVED,A+B+ADJUDICATOR,2a3ff4eb15e88df08d12b0ffd4696117b642b6f1ff19ee5fb8bd8d1a3a025988
fffe13ac8b0901974d65,SRC377,8,PAIR_CACEA07588F7921A374C0508,CONTEXT_CONFLICT,46,55,source_section|source_table|asset_class|currency_scale|metric_name,MERGE,"source_section takes the printed heading governing the table on that page. source_table takes the printed title in full, section number included. metric_name follows the table's shape: the rows are asset classes and the columns are the measures, so the metric is the leaf column header. B used the row label. currency_scale is copied verbatim with its parentheses as the page prints it, instead of B's normalised 'thousands'. asset_class comes from the bare 'Equities:'/'Debt:' heading rows, which print a label and no values and govern every row beneath them until the next such heading.; Source review: p8: BILL & MELINDA GATES FOUNDATION TRUST (The statement or note reports this line and its valuation column separately.) | p8: BILL & MELINDA GATES FOUNDATION TRUST (Printed heading or definition supporting the source-reviewed qualifier.) | p8: BILL & MELINDA GATES FOUNDATION TRUST (Supersedes SR1818: the printed entity or table label is context, not a measurement basis; source labels retain its scope.)",RESOLVED,A+B+ADJUDICATOR,2a3ff4eb15e88df08d12b0ffd4696117b642b6f1ff19ee5fb8bd8d1a3a025988
e00e27d7fbc56467aea4,SRC377,8,PAIR_8BA6368C411116E1A738C32C,CONTEXT_CONFLICT,47,56,source_section|source_table|asset_class|currency_scale|metric_name,MERGE,"source_section takes the printed heading governing the table on that page. source_table takes the printed title in full, section number included. metric_name follows the table's shape: the rows are asset classes and the columns are the measures, so the metric is the leaf column header. B used the row label. currency_scale is copied verbatim with its parentheses as the page prints it, instead of B's normalised 'thousands'. asset_class comes from the bare 'Equities:'/'Debt:' heading rows, which print a label and no values and govern every row beneath them until the next such heading.; Source review: p8: BILL & MELINDA GATES FOUNDATION TRUST (The statement or note reports this line and its valuation column separately.) | p8: BILL & MELINDA GATES FOUNDATION TRUST (Printed heading or definition supporting the source-reviewed qualifier.) | p8: BILL & MELINDA GATES FOUNDATION TRUST (Supersedes SR1819: the printed entity or table label is context, not a measurement basis; source labels retain its scope.)",RESOLVED,A+B+ADJUDICATOR,2a3ff4eb15e88df08d12b0ffd4696117b642b6f1ff19ee5fb8bd8d1a3a025988
395632169bf06310364d,SRC377,8,PAIR_72E20A0A5C73647AE5A543D5,CONTEXT_CONFLICT,48,57,source_section|source_table|asset_class|currency_scale|metric_name,MERGE,"source_section takes the printed heading governing the table on that page. source_table takes the printed title in full, section number included. metric_name follows the table's shape: the rows are asset classes and the columns are the measures, so the metric is the leaf column header. B used the row label. currency_scale is copied verbatim with its parentheses as the page prints it, instead of B's normalised 'thousands'. asset_class comes from the bare 'Equities:'/'Debt:' heading rows, which print a label and no values and govern every row beneath them until the next such heading.; Source review: p8: BILL & MELINDA GATES FOUNDATION TRUST (The statement or note reports this line and its valuation column separately.) | p8: BILL & MELINDA GATES FOUNDATION TRUST (Printed heading or definition supporting the source-reviewed qualifier.) | p8: BILL & MELINDA GATES FOUNDATION TRUST (Supersedes SR1820: the printed entity or table label is context, not a measurement basis; source labels retain its scope.)",RESOLVED,A+B+ADJUDICATOR,2a3ff4eb15e88df08d12b0ffd4696117b642b6f1ff19ee5fb8bd8d1a3a025988
761eb11f0b7e5e698fb9,SRC377,8,PAIR_827DF197EBF1F94AA2652416,CONTEXT_CONFLICT,49,58,source_section|source_table|asset_class|currency_scale|metric_name,MERGE,"source_section takes the printed heading governing the table on that page. source_table takes the printed title in full, section number included. metric_name follows the table's shape: the rows are asset classes and the columns are the measures, so the metric is the leaf column header. B used the row label. currency_scale is copied verbatim with its parentheses as the page prints it, instead of B's normalised 'thousands'. asset_class comes from the bare 'Equities:'/'Debt:' heading rows, which print a label and no values and govern every row beneath them until the next such heading.; Source review: p8: BILL & MELINDA GATES FOUNDATION TRUST (The statement or note reports this line and its valuation column separately.) | p8: BILL & MELINDA GATES FOUNDATION TRUST (Printed heading or definition supporting the source-reviewed qualifier.) | p8: BILL & MELINDA GATES FOUNDATION TRUST (Supersedes SR1821: the printed entity or table label is context, not a measurement basis; source labels retain its scope.)",RESOLVED,A+B+ADJUDICATOR,2a3ff4eb15e88df08d12b0ffd4696117b642b6f1ff19ee5fb8bd8d1a3a025988
56b880ac6f78c3165468,SRC377,8,PAIR_519B2FA808FDCF6D1EDBD05D,CONTEXT_CONFLICT,50,59,source_section|source_table|asset_class|currency_scale|metric_name,MERGE,"source_section takes the printed heading governing the table on that page. source_table takes the printed title in full, section number included. metric_name follows the table's shape: the rows are asset classes and the columns are the measures, so the metric is the leaf column header. B used the row label. currency_scale is copied verbatim with its parentheses as the page prints it, instead of B's normalised 'thousands'. asset_class comes from the bare 'Equities:'/'Debt:' heading rows, which print a label and no values and govern every row beneath them until the next such heading.; Source review: p8: BILL & MELINDA GATES FOUNDATION TRUST (The statement or note reports this line and its valuation column separately.) | p8: BILL & MELINDA GATES FOUNDATION TRUST (Printed heading or definition supporting the source-reviewed qualifier.) | p8: BILL & MELINDA GATES FOUNDATION TRUST (Supersedes SR1822: the printed entity or table label is context, not a measurement basis; source labels retain its scope.)",RESOLVED,A+B+ADJUDICATOR,2a3ff4eb15e88df08d12b0ffd4696117b642b6f1ff19ee5fb8bd8d1a3a025988
c858f45e8978de8f1258,SRC377,8,PAIR_149B6D494346CB97C399F313,CONTEXT_CONFLICT,51,60,source_section|source_table|asset_class|currency_scale|metric_name,MERGE,"source_section takes the printed heading governing the table on that page. source_table takes the printed title in full, section number included. metric_name follows the table's shape: the rows are asset classes and the columns are the measures, so the metric is the leaf column header. B used the row label. currency_scale is copied verbatim with its parentheses as the page prints it, instead of B's normalised 'thousands'. asset_class comes from the bare 'Equities:'/'Debt:' heading rows, which print a label and no values and govern every row beneath them until the next such heading.; Source review: p8: BILL & MELINDA GATES FOUNDATION TRUST (The statement or note reports this line and its valuation column separately.) | p8: BILL & MELINDA GATES FOUNDATION TRUST (Printed heading or definition supporting the source-reviewed qualifier.) | p8: BILL & MELINDA GATES FOUNDATION TRUST (Supersedes SR1823: the printed entity or table label is context, not a measurement basis; source labels retain its scope.)",RESOLVED,A+B+ADJUDICATOR,2a3ff4eb15e88df08d12b0ffd4696117b642b6f1ff19ee5fb8bd8d1a3a025988
8781b02266402c17c51f,SRC377,8,PAIR_D6CB83F6039FD94AD9F98A97,CONTEXT_CONFLICT,52,61,source_section|source_table|currency_scale|metric_name,MERGE,"source_section takes the printed heading governing the table on that page. source_table takes the printed title in full, section number included. metric_name follows the table's shape: the rows are asset classes and the columns are the measures, so the metric is the leaf column header. B used the row label. currency_scale is copied verbatim with its parentheses as the page prints it, instead of B's normalised 'thousands'. asset_class comes from the bare 'Equities:'/'Debt:' heading rows, which print a label and no values and govern every row beneath them until the next such heading.; Source review: p8: BILL & MELINDA GATES FOUNDATION TRUST (The statement or note reports this line and its valuation column separately.) | p8: BILL & MELINDA GATES FOUNDATION TRUST (Printed heading or definition supporting the source-reviewed qualifier.) | p8: BILL & MELINDA GATES FOUNDATION TRUST (Supersedes SR1824: the printed entity or table label is context, not a measurement basis; source labels retain its scope.)",RESOLVED,A+B+ADJUDICATOR,2a3ff4eb15e88df08d12b0ffd4696117b642b6f1ff19ee5fb8bd8d1a3a025988
176363053ed9ff283ff3,SRC377,8,PAIR_B4C575FAABABCDAA8D287797,CONTEXT_CONFLICT,53,62,source_section|source_table|currency_scale|metric_name,MERGE,"source_section takes the printed heading governing the table on that page. source_table takes the printed title in full, section number included. metric_name follows the table's shape: the rows are asset classes and the columns are the measures, so the metric is the leaf column header. B used the row label. currency_scale is copied verbatim with its parentheses as the page prints it, instead of B's normalised 'thousands'. asset_class comes from the bare 'Equities:'/'Debt:' heading rows, which print a label and no values and govern every row beneath them until the next such heading.; Source review: p8: BILL & MELINDA GATES FOUNDATION TRUST (The statement or note reports this line and its valuation column separately.) | p8: BILL & MELINDA GATES FOUNDATION TRUST (Printed heading or definition supporting the source-reviewed qualifier.) | p8: BILL & MELINDA GATES FOUNDATION TRUST (Supersedes SR1825: the printed entity or table label is context, not a measurement basis; source labels retain its scope.)",RESOLVED,A+B+ADJUDICATOR,2a3ff4eb15e88df08d12b0ffd4696117b642b6f1ff19ee5fb8bd8d1a3a025988
33c8cb27564cba225604,SRC377,8,PAIR_BE8A66127D54A59EA6570E1F,CONTEXT_CONFLICT,54,63,source_section|source_table|currency_scale|metric_name,MERGE,"source_section takes the printed heading governing the table on that page. source_table takes the printed title in full, section number included. metric_name follows the table's shape: the rows are asset classes and the columns are the measures, so the metric is the leaf column header. B used the row label. currency_scale is copied verbatim with its parentheses as the page prints it, instead of B's normalised 'thousands'. asset_class comes from the bare 'Equities:'/'Debt:' heading rows, which print a label and no values and govern every row beneath them until the next such heading.; Source review: p8: BILL & MELINDA GATES FOUNDATION TRUST (The statement or note reports this line and its valuation column separately.) | p8: BILL & MELINDA GATES FOUNDATION TRUST (Printed heading or definition supporting the source-reviewed qualifier.) | p8: BILL & MELINDA GATES FOUNDATION TRUST (Supersedes SR1826: the printed entity or table label is context, not a measurement basis; source labels retain its scope.)",RESOLVED,A+B+ADJUDICATOR,2a3ff4eb15e88df08d12b0ffd4696117b642b6f1ff19ee5fb8bd8d1a3a025988
55d64b171800595ce045,SRC377,8,PAIR_8B0115D9B33F3E615705AE3F,CONTEXT_CONFLICT,55,64,source_section|source_table|currency_scale|metric_name,MERGE,"source_section takes the printed heading governing the table on that page. source_table takes the printed title in full, section number included. metric_name follows the table's shape: the rows are asset classes and the columns are the measures, so the metric is the leaf column header. B used the row label. currency_scale is copied verbatim with its parentheses as the page prints it, instead of B's normalised 'thousands'. asset_class comes from the bare 'Equities:'/'Debt:' heading rows, which print a label and no values and govern every row beneath them until the next such heading.; Source review: p8: BILL & MELINDA GATES FOUNDATION TRUST (The statement or note reports this line and its valuation column separately.) | p8: BILL & MELINDA GATES FOUNDATION TRUST (Printed heading or definition supporting the source-reviewed qualifier.) | p8: BILL & MELINDA GATES FOUNDATION TRUST (Supersedes SR1827: the printed entity or table label is context, not a measurement basis; source labels retain its scope.)",RESOLVED,A+B+ADJUDICATOR,2a3ff4eb15e88df08d12b0ffd4696117b642b6f1ff19ee5fb8bd8d1a3a025988
75a5f0935a1422795d2f,SRC377,8,PAIR_EC62EE132122C637920F9F6B,CONTEXT_CONFLICT,56,65,source_section|source_table|currency_scale|metric_name,MERGE,"source_section takes the printed heading governing the table on that page. source_table takes the printed title in full, section number included. metric_name follows the table's shape: the rows are asset classes and the columns are the measures, so the metric is the leaf column header. B used the row label. currency_scale is copied verbatim with its parentheses as the page prints it, instead of B's normalised 'thousands'. asset_class comes from the bare 'Equities:'/'Debt:' heading rows, which print a label and no values and govern every row beneath them until the next such heading.; Source review: p8: BILL & MELINDA GATES FOUNDATION TRUST (The statement or note reports this line and its valuation column separately.) | p8: BILL & MELINDA GATES FOUNDATION TRUST (Printed heading or definition supporting the source-reviewed qualifier.) | p8: BILL & MELINDA GATES FOUNDATION TRUST (Supersedes SR1828: the printed entity or table label is context, not a measurement basis; source labels retain its scope.)",RESOLVED,A+B+ADJUDICATOR,2a3ff4eb15e88df08d12b0ffd4696117b642b6f1ff19ee5fb8bd8d1a3a025988
ec5f000f441131b71d31,SRC377,8,PAIR_86199179F04EEB4034D838FC,CONTEXT_CONFLICT,57,66,source_section|source_table|currency_scale|metric_name,MERGE,"source_section takes the printed heading governing the table on that page. source_table takes the printed title in full, section number included. metric_name follows the table's shape: the rows are asset classes and the columns are the measures, so the metric is the leaf column header. B used the row label. currency_scale is copied verbatim with its parentheses as the page prints it, instead of B's normalised 'thousands'. asset_class comes from the bare 'Equities:'/'Debt:' heading rows, which print a label and no values and govern every row beneath them until the next such heading.; Source review: p8: BILL & MELINDA GATES FOUNDATION TRUST (The statement or note reports this line and its valuation column separately.) | p8: BILL & MELINDA GATES FOUNDATION TRUST (Printed heading or definition supporting the source-reviewed qualifier.) | p8: Derivative liabilities $ 12,763 333,914 — 346,677 (307,686) 38,991 (The printed label identifies a statement item, not an institution; retain the accounting scope without an entity ID.) | p8: BILL & MELINDA GATES FOUNDATION TRUST (Supersedes SR1829: the printed entity or table label is context, not a measurement basis; source labels retain its scope.)",RESOLVED,A+B+ADJUDICATOR,2a3ff4eb15e88df08d12b0ffd4696117b642b6f1ff19ee5fb8bd8d1a3a025988
b1ce967bd0f3965e1727,SRC377,8,PAIR_51BD3CCD582FC0E131388A73,VALUE_CONFLICT,58,67,source_section|source_table|currency_scale|metric_name|metric_value_raw,MERGE,"source_section takes the printed heading governing the table on that page. source_table takes the printed title in full, section number included. metric_name follows the table's shape: the rows are asset classes and the columns are the measures, so the metric is the leaf column header. B used the row label. currency_scale is copied verbatim with its parentheses as the page prints it, instead of B's normalised 'thousands'. asset_class comes from the bare 'Equities:'/'Debt:' heading rows, which print a label and no values and govern every row beneath them until the next such heading. metric_value_raw keeps the dollar sign the page prints against this cell, closed up to the digits; B stripped it.; Source review: p8: BILL & MELINDA GATES FOUNDATION TRUST (The statement or note reports this line and its valuation column separately.) | p8: BILL & MELINDA GATES FOUNDATION TRUST (Printed heading or definition supporting the source-reviewed qualifier.) | p8: Derivative liabilities $ 12,763 333,914 — 346,677 (307,686) 38,991 (The printed label identifies a statement item, not an institution; retain the accounting scope without an entity ID.) | p8: BILL & MELINDA GATES FOUNDATION TRUST (Supersedes SR1830: the printed entity or table label is context, not a measurement basis; source labels retain its scope.)",RESOLVED,A+B+ADJUDICATOR,2a3ff4eb15e88df08d12b0ffd4696117b642b6f1ff19ee5fb8bd8d1a3a025988
0062c261cecedb483aab,SRC377,8,PAIR_924669F38C7AE10D23CE82DE,CONTEXT_CONFLICT,59,68,source_section|source_table|currency_scale|metric_name,MERGE,"source_section takes the printed heading governing the table on that page. source_table takes the printed title in full, section number included. metric_name follows the table's shape: the rows are asset classes and the columns are the measures, so the metric is the leaf column header. B used the row label. currency_scale is copied verbatim with its parentheses as the page prints it, instead of B's normalised 'thousands'. asset_class comes from the bare 'Equities:'/'Debt:' heading rows, which print a label and no values and govern every row beneath them until the next such heading.; Source review: p8: BILL & MELINDA GATES FOUNDATION TRUST (The statement or note reports this line and its valuation column separately.) | p8: BILL & MELINDA GATES FOUNDATION TRUST (Printed heading or definition supporting the source-reviewed qualifier.) | p8: Derivative liabilities $ 12,763 333,914 — 346,677 (307,686) 38,991 (The printed label identifies a statement item, not an institution; retain the accounting scope without an entity ID.) | p8: BILL & MELINDA GATES FOUNDATION TRUST (Supersedes SR1831: the printed entity or table label is context, not a measurement basis; source labels retain its scope.)",RESOLVED,A+B+ADJUDICATOR,2a3ff4eb15e88df08d12b0ffd4696117b642b6f1ff19ee5fb8bd8d1a3a025988
f17de90c8551005d748f,SRC377,8,PAIR_5A49220DCF82B1F42A4E0790,CONTEXT_CONFLICT,60,69,source_section|source_table|currency_scale|metric_name,MERGE,"source_section takes the printed heading governing the table on that page. source_table takes the printed title in full, section number included. metric_name follows the table's shape: the rows are asset classes and the columns are the measures, so the metric is the leaf column header. B used the row label. currency_scale is copied verbatim with its parentheses as the page prints it, instead of B's normalised 'thousands'. asset_class comes from the bare 'Equities:'/'Debt:' heading rows, which print a label and no values and govern every row beneath them until the next such heading.; Source review: p8: BILL & MELINDA GATES FOUNDATION TRUST (The statement or note reports this line and its valuation column separately.) | p8: BILL & MELINDA GATES FOUNDATION TRUST (Printed heading or definition supporting the source-reviewed qualifier.) | p8: Derivative liabilities $ 12,763 333,914 — 346,677 (307,686) 38,991 (The printed label identifies a statement item, not an institution; retain the accounting scope without an entity ID.) | p8: BILL & MELINDA GATES FOUNDATION TRUST (Supersedes SR1832: the printed entity or table label is context, not a measurement basis; source labels retain its scope.)",RESOLVED,A+B+ADJUDICATOR,2a3ff4eb15e88df08d12b0ffd4696117b642b6f1ff19ee5fb8bd8d1a3a025988
ed0fa8a4a4045506711f,SRC377,8,PAIR_8E21012E296056BE6ED867B8,CONTEXT_CONFLICT,61,70,source_section|source_table|currency_scale|metric_name,MERGE,"source_section takes the printed heading governing the table on that page. source_table takes the printed title in full, section number included. metric_name follows the table's shape: the rows are asset classes and the columns are the measures, so the metric is the leaf column header. B used the row label. currency_scale is copied verbatim with its parentheses as the page prints it, instead of B's normalised 'thousands'. asset_class comes from the bare 'Equities:'/'Debt:' heading rows, which print a label and no values and govern every row beneath them until the next such heading.; Source review: p8: BILL & MELINDA GATES FOUNDATION TRUST (The statement or note reports this line and its valuation column separately.) | p8: BILL & MELINDA GATES FOUNDATION TRUST (Printed heading or definition supporting the source-reviewed qualifier.) | p8: Derivative liabilities $ 12,763 333,914 — 346,677 (307,686) 38,991 (The printed label identifies a statement item, not an institution; retain the accounting scope without an entity ID.) | p8: BILL & MELINDA GATES FOUNDATION TRUST (Supersedes SR1833: the printed entity or table label is context, not a measurement basis; source labels retain its scope.)",RESOLVED,A+B+ADJUDICATOR,2a3ff4eb15e88df08d12b0ffd4696117b642b6f1ff19ee5fb8bd8d1a3a025988
7550a59596d345173d3b,SRC377,8,PAIR_5824D0D45AA8780D60534FAF,CONTEXT_CONFLICT,62,71,source_section|source_table|asset_class|currency_scale|metric_name,MERGE,"source_section takes the printed heading governing the table on that page. source_table takes the printed title in full, section number included. metric_name follows the table's shape: the rows are asset classes and the columns are the measures, so the metric is the leaf column header. B used the row label. currency_scale is copied verbatim with its parentheses as the page prints it, instead of B's normalised 'thousands'. asset_class comes from the bare 'Equities:'/'Debt:' heading rows, which print a label and no values and govern every row beneath them until the next such heading.; Source review: p8: BILL & MELINDA GATES FOUNDATION TRUST (The statement or note reports this line and its valuation column separately.) | p8: BILL & MELINDA GATES FOUNDATION TRUST (Printed heading or definition supporting the source-reviewed qualifier.) | p8: BILL & MELINDA GATES FOUNDATION TRUST (Supersedes SR1834: the printed entity or table label is context, not a measurement basis; source labels retain its scope.)",RESOLVED,A+B+ADJUDICATOR,2a3ff4eb15e88df08d12b0ffd4696117b642b6f1ff19ee5fb8bd8d1a3a025988
fe223483b5090c88827c,SRC377,8,PAIR_1C0026C3B31C3C5E941DC3C0,CONTEXT_CONFLICT,63,72,source_section|source_table|asset_class|currency_scale|metric_name,MERGE,"source_section takes the printed heading governing the table on that page. source_table takes the printed title in full, section number included. metric_name follows the table's shape: the rows are asset classes and the columns are the measures, so the metric is the leaf column header. B used the row label. currency_scale is copied verbatim with its parentheses as the page prints it, instead of B's normalised 'thousands'. asset_class comes from the bare 'Equities:'/'Debt:' heading rows, which print a label and no values and govern every row beneath them until the next such heading.; Source review: p8: BILL & MELINDA GATES FOUNDATION TRUST (The statement or note reports this line and its valuation column separately.) | p8: BILL & MELINDA GATES FOUNDATION TRUST (Printed heading or definition supporting the source-reviewed qualifier.) | p8: BILL & MELINDA GATES FOUNDATION TRUST (Supersedes SR1835: the printed entity or table label is context, not a measurement basis; source labels retain its scope.)",RESOLVED,A+B+ADJUDICATOR,2a3ff4eb15e88df08d12b0ffd4696117b642b6f1ff19ee5fb8bd8d1a3a025988
92944ea990ab33d5d628,SRC377,8,PAIR_E9EE0295E1B84CE2065F280A,CONTEXT_CONFLICT,64,73,source_section|source_table|asset_class|currency_scale|metric_name,MERGE,"source_section takes the printed heading governing the table on that page. source_table takes the printed title in full, section number included. metric_name follows the table's shape: the rows are asset classes and the columns are the measures, so the metric is the leaf column header. B used the row label. currency_scale is copied verbatim with its parentheses as the page prints it, instead of B's normalised 'thousands'. asset_class comes from the bare 'Equities:'/'Debt:' heading rows, which print a label and no values and govern every row beneath them until the next such heading.; Source review: p8: BILL & MELINDA GATES FOUNDATION TRUST (The statement or note reports this line and its valuation column separately.) | p8: BILL & MELINDA GATES FOUNDATION TRUST (Printed heading or definition supporting the source-reviewed qualifier.) | p8: BILL & MELINDA GATES FOUNDATION TRUST (Supersedes SR1836: the printed entity or table label is context, not a measurement basis; source labels retain its scope.)",RESOLVED,A+B+ADJUDICATOR,2a3ff4eb15e88df08d12b0ffd4696117b642b6f1ff19ee5fb8bd8d1a3a025988
12e74ca70f8408e180fa,SRC377,8,PAIR_7D038A3BFA36F7496F21071E,CONTEXT_CONFLICT,65,74,source_section|source_table|asset_class|currency_scale|metric_name,MERGE,"source_section takes the printed heading governing the table on that page. source_table takes the printed title in full, section number included. metric_name follows the table's shape: the rows are asset classes and the columns are the measures, so the metric is the leaf column header. B used the row label. currency_scale is copied verbatim with its parentheses as the page prints it, instead of B's normalised 'thousands'. asset_class comes from the bare 'Equities:'/'Debt:' heading rows, which print a label and no values and govern every row beneath them until the next such heading.; Source review: p8: BILL & MELINDA GATES FOUNDATION TRUST (The statement or note reports this line and its valuation column separately.) | p8: BILL & MELINDA GATES FOUNDATION TRUST (Printed heading or definition supporting the source-reviewed qualifier.) | p8: BILL & MELINDA GATES FOUNDATION TRUST (Supersedes SR1837: the printed entity or table label is context, not a measurement basis; source labels retain its scope.)",RESOLVED,A+B+ADJUDICATOR,2a3ff4eb15e88df08d12b0ffd4696117b642b6f1ff19ee5fb8bd8d1a3a025988
ec492fecac3c422aa814,SRC377,8,PAIR_B676A7007BC17F1742D70E6A,CONTEXT_CONFLICT,66,75,source_section|source_table|asset_class|currency_scale|metric_name,MERGE,"source_section takes the printed heading governing the table on that page. source_table takes the printed title in full, section number included. metric_name follows the table's shape: the rows are asset classes and the columns are the measures, so the metric is the leaf column header. B used the row label. currency_scale is copied verbatim with its parentheses as the page prints it, instead of B's normalised 'thousands'. asset_class comes from the bare 'Equities:'/'Debt:' heading rows, which print a label and no values and govern every row beneath them until the next such heading.; Source review: p8: BILL & MELINDA GATES FOUNDATION TRUST (The statement or note reports this line and its valuation column separately.) | p8: BILL & MELINDA GATES FOUNDATION TRUST (Printed heading or definition supporting the source-reviewed qualifier.) | p8: BILL & MELINDA GATES FOUNDATION TRUST (Supersedes SR1838: the printed entity or table label is context, not a measurement basis; source labels retain its scope.)",RESOLVED,A+B+ADJUDICATOR,2a3ff4eb15e88df08d12b0ffd4696117b642b6f1ff19ee5fb8bd8d1a3a025988
901215aad1df92559c80,SRC377,8,PAIR_A8E1E07746093D13F5DAD391,CONTEXT_CONFLICT,67,76,source_section|source_table|asset_class|currency_scale|metric_name,MERGE,"source_section takes the printed heading governing the table on that page. source_table takes the printed title in full, section number included. metric_name follows the table's shape: the rows are asset classes and the columns are the measures, so the metric is the leaf column header. B used the row label. currency_scale is copied verbatim with its parentheses as the page prints it, instead of B's normalised 'thousands'. asset_class comes from the bare 'Equities:'/'Debt:' heading rows, which print a label and no values and govern every row beneath them until the next such heading.; Source review: p8: BILL & MELINDA GATES FOUNDATION TRUST (The statement or note reports this line and its valuation column separately.) | p8: BILL & MELINDA GATES FOUNDATION TRUST (Printed heading or definition supporting the source-reviewed qualifier.) | p8: BILL & MELINDA GATES FOUNDATION TRUST (Supersedes SR1839: the printed entity or table label is context, not a measurement basis; source labels retain its scope.)",RESOLVED,A+B+ADJUDICATOR,2a3ff4eb15e88df08d12b0ffd4696117b642b6f1ff19ee5fb8bd8d1a3a025988
7881f480813a86260725,SRC377,8,PAIR_0FFB35563871563DE5DC20A2,CONTEXT_CONFLICT,68,77,source_section|source_table|asset_class|currency_scale|metric_name,MERGE,"source_section takes the printed heading governing the table on that page. source_table takes the printed title in full, section number included. metric_name follows the table's shape: the rows are asset classes and the columns are the measures, so the metric is the leaf column header. B used the row label. currency_scale is copied verbatim with its parentheses as the page prints it, instead of B's normalised 'thousands'. asset_class comes from the bare 'Equities:'/'Debt:' heading rows, which print a label and no values and govern every row beneath them until the next such heading.; Source review: p8: BILL & MELINDA GATES FOUNDATION TRUST (The statement or note reports this line and its valuation column separately.) | p8: BILL & MELINDA GATES FOUNDATION TRUST (Printed heading or definition supporting the source-reviewed qualifier.) | p8: BILL & MELINDA GATES FOUNDATION TRUST (Supersedes SR1840: the printed entity or table label is context, not a measurement basis; source labels retain its scope.)",RESOLVED,A+B+ADJUDICATOR,2a3ff4eb15e88df08d12b0ffd4696117b642b6f1ff19ee5fb8bd8d1a3a025988
6447f7c897f318e19fbf,SRC377,8,PAIR_EFDD23950F2422193E344D09,CONTEXT_CONFLICT,69,78,source_section|source_table|asset_class|currency_scale|metric_name,MERGE,"source_section takes the printed heading governing the table on that page. source_table takes the printed title in full, section number included. metric_name follows the table's shape: the rows are asset classes and the columns are the measures, so the metric is the leaf column header. B used the row label. currency_scale is copied verbatim with its parentheses as the page prints it, instead of B's normalised 'thousands'. asset_class comes from the bare 'Equities:'/'Debt:' heading rows, which print a label and no values and govern every row beneath them until the next such heading.; Source review: p8: BILL & MELINDA GATES FOUNDATION TRUST (The statement or note reports this line and its valuation column separately.) | p8: BILL & MELINDA GATES FOUNDATION TRUST (Printed heading or definition supporting the source-reviewed qualifier.) | p8: BILL & MELINDA GATES FOUNDATION TRUST (Supersedes SR1841: the printed entity or table label is context, not a measurement basis; source labels retain its scope.)",RESOLVED,A+B+ADJUDICATOR,2a3ff4eb15e88df08d12b0ffd4696117b642b6f1ff19ee5fb8bd8d1a3a025988
300e7b93ee2abf4ba298,SRC377,8,PAIR_3186E74D2C5EA55A11D8343B,CONTEXT_CONFLICT,70,79,source_section|source_table|asset_class|currency_scale|metric_name,MERGE,"source_section takes the printed heading governing the table on that page. source_table takes the printed title in full, section number included. metric_name follows the table's shape: the rows are asset classes and the columns are the measures, so the metric is the leaf column header. B used the row label. currency_scale is copied verbatim with its parentheses as the page prints it, instead of B's normalised 'thousands'. asset_class comes from the bare 'Equities:'/'Debt:' heading rows, which print a label and no values and govern every row beneath them until the next such heading.; Source review: p8: BILL & MELINDA GATES FOUNDATION TRUST (The statement or note reports this line and its valuation column separately.) | p8: BILL & MELINDA GATES FOUNDATION TRUST (Printed heading or definition supporting the source-reviewed qualifier.) | p8: BILL & MELINDA GATES FOUNDATION TRUST (Supersedes SR1842: the printed entity or table label is context, not a measurement basis; source labels retain its scope.)",RESOLVED,A+B+ADJUDICATOR,2a3ff4eb15e88df08d12b0ffd4696117b642b6f1ff19ee5fb8bd8d1a3a025988
99aeeadd5a40637638a1,SRC377,8,PAIR_9C1792AC1D35FF0BE68D4672,CONTEXT_CONFLICT,71,80,source_section|source_table|asset_class|currency_scale|metric_name,MERGE,"source_section takes the printed heading governing the table on that page. source_table takes the printed title in full, section number included. metric_name follows the table's shape: the rows are asset classes and the columns are the measures, so the metric is the leaf column header. B used the row label. currency_scale is copied verbatim with its parentheses as the page prints it, instead of B's normalised 'thousands'. asset_class comes from the bare 'Equities:'/'Debt:' heading rows, which print a label and no values and govern every row beneath them until the next such heading.; Source review: p8: BILL & MELINDA GATES FOUNDATION TRUST (The statement or note reports this line and its valuation column separately.) | p8: BILL & MELINDA GATES FOUNDATION TRUST (Printed heading or definition supporting the source-reviewed qualifier.) | p8: BILL & MELINDA GATES FOUNDATION TRUST (Supersedes SR1843: the printed entity or table label is context, not a measurement basis; source labels retain its scope.)",RESOLVED,A+B+ADJUDICATOR,2a3ff4eb15e88df08d12b0ffd4696117b642b6f1ff19ee5fb8bd8d1a3a025988
7206b0d25c90d660c34a,SRC377,8,PAIR_D67648D213F44700C8759584,CONTEXT_CONFLICT,72,81,source_section|source_table|asset_class|currency_scale|metric_name,MERGE,"source_section takes the printed heading governing the table on that page. source_table takes the printed title in full, section number included. metric_name follows the table's shape: the rows are asset classes and the columns are the measures, so the metric is the leaf column header. B used the row label. currency_scale is copied verbatim with its parentheses as the page prints it, instead of B's normalised 'thousands'. asset_class comes from the bare 'Equities:'/'Debt:' heading rows, which print a label and no values and govern every row beneath them until the next such heading.; Source review: p8: BILL & MELINDA GATES FOUNDATION TRUST (The statement or note reports this line and its valuation column separately.) | p8: BILL & MELINDA GATES FOUNDATION TRUST (Printed heading or definition supporting the source-reviewed qualifier.) | p8: BILL & MELINDA GATES FOUNDATION TRUST (Supersedes SR1844: the printed entity or table label is context, not a measurement basis; source labels retain its scope.)",RESOLVED,A+B+ADJUDICATOR,2a3ff4eb15e88df08d12b0ffd4696117b642b6f1ff19ee5fb8bd8d1a3a025988
c4eb7edc2673c97fcbf0,SRC377,8,PAIR_22330688C3CD01AEB0DA52F9,CONTEXT_CONFLICT,73,82,source_section|source_table|asset_class|currency_scale|metric_name,MERGE,"source_section takes the printed heading governing the table on that page. source_table takes the printed title in full, section number included. metric_name follows the table's shape: the rows are asset classes and the columns are the measures, so the metric is the leaf column header. B used the row label. currency_scale is copied verbatim with its parentheses as the page prints it, instead of B's normalised 'thousands'. asset_class comes from the bare 'Equities:'/'Debt:' heading rows, which print a label and no values and govern every row beneath them until the next such heading.; Source review: p8: BILL & MELINDA GATES FOUNDATION TRUST (The statement or note reports this line and its valuation column separately.) | p8: BILL & MELINDA GATES FOUNDATION TRUST (Printed heading or definition supporting the source-reviewed qualifier.) | p8: BILL & MELINDA GATES FOUNDATION TRUST (Supersedes SR1845: the printed entity or table label is context, not a measurement basis; source labels retain its scope.)",RESOLVED,A+B+ADJUDICATOR,2a3ff4eb15e88df08d12b0ffd4696117b642b6f1ff19ee5fb8bd8d1a3a025988
0d500fc9c5b98035c41c,SRC377,8,PAIR_9AD70547353E179EE4B8CD0B,CONTEXT_CONFLICT,74,83,source_section|source_table|asset_class|currency_scale|metric_name,MERGE,"source_section takes the printed heading governing the table on that page. source_table takes the printed title in full, section number included. metric_name follows the table's shape: the rows are asset classes and the columns are the measures, so the metric is the leaf column header. B used the row label. currency_scale is copied verbatim with its parentheses as the page prints it, instead of B's normalised 'thousands'. asset_class comes from the bare 'Equities:'/'Debt:' heading rows, which print a label and no values and govern every row beneath them until the next such heading.; Source review: p8: BILL & MELINDA GATES FOUNDATION TRUST (The statement or note reports this line and its valuation column separately.) | p8: BILL & MELINDA GATES FOUNDATION TRUST (Printed heading or definition supporting the source-reviewed qualifier.) | p8: BILL & MELINDA GATES FOUNDATION TRUST (Supersedes SR1846: the printed entity or table label is context, not a measurement basis; source labels retain its scope.)",RESOLVED,A+B+ADJUDICATOR,2a3ff4eb15e88df08d12b0ffd4696117b642b6f1ff19ee5fb8bd8d1a3a025988
a3fed1ca246974bc414d,SRC377,8,PAIR_5EF607940502F3D8BE4B11FC,CONTEXT_CONFLICT,75,84,source_section|source_table|asset_class|currency_scale|metric_name,MERGE,"source_section takes the printed heading governing the table on that page. source_table takes the printed title in full, section number included. metric_name follows the table's shape: the rows are asset classes and the columns are the measures, so the metric is the leaf column header. B used the row label. currency_scale is copied verbatim with its parentheses as the page prints it, instead of B's normalised 'thousands'. asset_class comes from the bare 'Equities:'/'Debt:' heading rows, which print a label and no values and govern every row beneath them until the next such heading.; Source review: p8: BILL & MELINDA GATES FOUNDATION TRUST (The statement or note reports this line and its valuation column separately.) | p8: BILL & MELINDA GATES FOUNDATION TRUST (Printed heading or definition supporting the source-reviewed qualifier.) | p8: BILL & MELINDA GATES FOUNDATION TRUST (Supersedes SR1847: the printed entity or table label is context, not a measurement basis; source labels retain its scope.)",RESOLVED,A+B+ADJUDICATOR,2a3ff4eb15e88df08d12b0ffd4696117b642b6f1ff19ee5fb8bd8d1a3a025988
80ce887b89dd4961e6cd,SRC377,8,PAIR_1CB81ABD853A4DB3E6CF3B79,CONTEXT_CONFLICT,76,85,source_section|source_table|asset_class|currency_scale|metric_name,MERGE,"source_section takes the printed heading governing the table on that page. source_table takes the printed title in full, section number included. metric_name follows the table's shape: the rows are asset classes and the columns are the measures, so the metric is the leaf column header. B used the row label. currency_scale is copied verbatim with its parentheses as the page prints it, instead of B's normalised 'thousands'. asset_class comes from the bare 'Equities:'/'Debt:' heading rows, which print a label and no values and govern every row beneath them until the next such heading.; Source review: p8: BILL & MELINDA GATES FOUNDATION TRUST (The statement or note reports this line and its valuation column separately.) | p8: BILL & MELINDA GATES FOUNDATION TRUST (Printed heading or definition supporting the source-reviewed qualifier.) | p8: BILL & MELINDA GATES FOUNDATION TRUST (Supersedes SR1848: the printed entity or table label is context, not a measurement basis; source labels retain its scope.)",RESOLVED,A+B+ADJUDICATOR,2a3ff4eb15e88df08d12b0ffd4696117b642b6f1ff19ee5fb8bd8d1a3a025988
446c86ba21ad3be6fc98,SRC377,8,PAIR_EF52BFC6E3C542D3DBC0581D,CONTEXT_CONFLICT,77,86,source_section|source_table|asset_class|currency_scale|metric_name,MERGE,"source_section takes the printed heading governing the table on that page. source_table takes the printed title in full, section number included. metric_name follows the table's shape: the rows are asset classes and the columns are the measures, so the metric is the leaf column header. B used the row label. currency_scale is copied verbatim with its parentheses as the page prints it, instead of B's normalised 'thousands'. asset_class comes from the bare 'Equities:'/'Debt:' heading rows, which print a label and no values and govern every row beneath them until the next such heading.; Source review: p8: BILL & MELINDA GATES FOUNDATION TRUST (The statement or note reports this line and its valuation column separately.) | p8: BILL & MELINDA GATES FOUNDATION TRUST (Printed heading or definition supporting the source-reviewed qualifier.) | p8: BILL & MELINDA GATES FOUNDATION TRUST (Supersedes SR1849: the printed entity or table label is context, not a measurement basis; source labels retain its scope.)",RESOLVED,A+B+ADJUDICATOR,2a3ff4eb15e88df08d12b0ffd4696117b642b6f1ff19ee5fb8bd8d1a3a025988
be8fdaf16c97a9d30eb4,SRC377,8,PAIR_465B51D6B6CF7A8044B4B100,CONTEXT_CONFLICT,78,87,source_section|source_table|asset_class|currency_scale|metric_name,MERGE,"source_section takes the printed heading governing the table on that page. source_table takes the printed title in full, section number included. metric_name follows the table's shape: the rows are asset classes and the columns are the measures, so the metric is the leaf column header. B used the row label. currency_scale is copied verbatim with its parentheses as the page prints it, instead of B's normalised 'thousands'. asset_class comes from the bare 'Equities:'/'Debt:' heading rows, which print a label and no values and govern every row beneath them until the next such heading.; Source review: p8: BILL & MELINDA GATES FOUNDATION TRUST (The statement or note reports this line and its valuation column separately.) | p8: BILL & MELINDA GATES FOUNDATION TRUST (Printed heading or definition supporting the source-reviewed qualifier.) | p8: BILL & MELINDA GATES FOUNDATION TRUST (Supersedes SR1850: the printed entity or table label is context, not a measurement basis; source labels retain its scope.)",RESOLVED,A+B+ADJUDICATOR,2a3ff4eb15e88df08d12b0ffd4696117b642b6f1ff19ee5fb8bd8d1a3a025988
60e480fdafae91916ac1,SRC377,8,PAIR_3A295F2107196BEC8AE50908,CONTEXT_CONFLICT,79,88,source_section|source_table|asset_class|currency_scale|metric_name,MERGE,"source_section takes the printed heading governing the table on that page. source_table takes the printed title in full, section number included. metric_name follows the table's shape: the rows are asset classes and the columns are the measures, so the metric is the leaf column header. B used the row label. currency_scale is copied verbatim with its parentheses as the page prints it, instead of B's normalised 'thousands'. asset_class comes from the bare 'Equities:'/'Debt:' heading rows, which print a label and no values and govern every row beneath them until the next such heading.; Source review: p8: BILL & MELINDA GATES FOUNDATION TRUST (The statement or note reports this line and its valuation column separately.) | p8: BILL & MELINDA GATES FOUNDATION TRUST (Printed heading or definition supporting the source-reviewed qualifier.) | p8: BILL & MELINDA GATES FOUNDATION TRUST (Supersedes SR1851: the printed entity or table label is context, not a measurement basis; source labels retain its scope.)",RESOLVED,A+B+ADJUDICATOR,2a3ff4eb15e88df08d12b0ffd4696117b642b6f1ff19ee5fb8bd8d1a3a025988
b917dc96a16b80228fc8,SRC377,8,PAIR_6DFF2517A3FB59F3BD5D4E64,CONTEXT_CONFLICT,80,89,source_section|source_table|asset_class|currency_scale|metric_name,MERGE,"source_section takes the printed heading governing the table on that page. source_table takes the printed title in full, section number included. metric_name follows the table's shape: the rows are asset classes and the columns are the measures, so the metric is the leaf column header. B used the row label. currency_scale is copied verbatim with its parentheses as the page prints it, instead of B's normalised 'thousands'. asset_class comes from the bare 'Equities:'/'Debt:' heading rows, which print a label and no values and govern every row beneath them until the next such heading.; Source review: p8: BILL & MELINDA GATES FOUNDATION TRUST (The statement or note reports this line and its valuation column separately.) | p8: BILL & MELINDA GATES FOUNDATION TRUST (Printed heading or definition supporting the source-reviewed qualifier.) | p8: BILL & MELINDA GATES FOUNDATION TRUST (Supersedes SR1852: the printed entity or table label is context, not a measurement basis; source labels retain its scope.)",RESOLVED,A+B+ADJUDICATOR,2a3ff4eb15e88df08d12b0ffd4696117b642b6f1ff19ee5fb8bd8d1a3a025988
ffec83f9eba7f6a44310,SRC377,8,PAIR_DD3BF88598F357B2FD407749,CONTEXT_CONFLICT,81,90,source_section|source_table|asset_class|currency_scale|metric_name,MERGE,"source_section takes the printed heading governing the table on that page. source_table takes the printed title in full, section number included. metric_name follows the table's shape: the rows are asset classes and the columns are the measures, so the metric is the leaf column header. B used the row label. currency_scale is copied verbatim with its parentheses as the page prints it, instead of B's normalised 'thousands'. asset_class comes from the bare 'Equities:'/'Debt:' heading rows, which print a label and no values and govern every row beneath them until the next such heading.; Source review: p8: BILL & MELINDA GATES FOUNDATION TRUST (The statement or note reports this line and its valuation column separately.) | p8: BILL & MELINDA GATES FOUNDATION TRUST (Printed heading or definition supporting the source-reviewed qualifier.) | p8: BILL & MELINDA GATES FOUNDATION TRUST (Supersedes SR1853: the printed entity or table label is context, not a measurement basis; source labels retain its scope.)",RESOLVED,A+B+ADJUDICATOR,2a3ff4eb15e88df08d12b0ffd4696117b642b6f1ff19ee5fb8bd8d1a3a025988
07108beb48445f763a6a,SRC377,8,PAIR_E3BC2A8A323CC23F6E83E269,CONTEXT_CONFLICT,82,91,source_section|source_table|asset_class|currency_scale|metric_name,MERGE,"source_section takes the printed heading governing the table on that page. source_table takes the printed title in full, section number included. metric_name follows the table's shape: the rows are asset classes and the columns are the measures, so the metric is the leaf column header. B used the row label. currency_scale is copied verbatim with its parentheses as the page prints it, instead of B's normalised 'thousands'. asset_class comes from the bare 'Equities:'/'Debt:' heading rows, which print a label and no values and govern every row beneath them until the next such heading.; Source review: p8: BILL & MELINDA GATES FOUNDATION TRUST (The statement or note reports this line and its valuation column separately.) | p8: BILL & MELINDA GATES FOUNDATION TRUST (Printed heading or definition supporting the source-reviewed qualifier.) | p8: BILL & MELINDA GATES FOUNDATION TRUST (Supersedes SR1854: the printed entity or table label is context, not a measurement basis; source labels retain its scope.)",RESOLVED,A+B+ADJUDICATOR,2a3ff4eb15e88df08d12b0ffd4696117b642b6f1ff19ee5fb8bd8d1a3a025988
ef0be384105ed4b21ceb,SRC377,8,PAIR_BCE2021FE734E59542604615,CONTEXT_CONFLICT,83,92,source_section|source_table|asset_class|currency_scale|metric_name,MERGE,"source_section takes the printed heading governing the table on that page. source_table takes the printed title in full, section number included. metric_name follows the table's shape: the rows are asset classes and the columns are the measures, so the metric is the leaf column header. B used the row label. currency_scale is copied verbatim with its parentheses as the page prints it, instead of B's normalised 'thousands'. asset_class comes from the bare 'Equities:'/'Debt:' heading rows, which print a label and no values and govern every row beneath them until the next such heading.; Source review: p8: BILL & MELINDA GATES FOUNDATION TRUST (The statement or note reports this line and its valuation column separately.) | p8: BILL & MELINDA GATES FOUNDATION TRUST (Printed heading or definition supporting the source-reviewed qualifier.) | p8: BILL & MELINDA GATES FOUNDATION TRUST (Supersedes SR1855: the printed entity or table label is context, not a measurement basis; source labels retain its scope.)",RESOLVED,A+B+ADJUDICATOR,2a3ff4eb15e88df08d12b0ffd4696117b642b6f1ff19ee5fb8bd8d1a3a025988
5cad28c47f628c235a7d,SRC377,8,PAIR_661952293BEC30EEB4B087D8,CONTEXT_CONFLICT,84,93,source_section|source_table|asset_class|currency_scale|metric_name,MERGE,"source_section takes the printed heading governing the table on that page. source_table takes the printed title in full, section number included. metric_name follows the table's shape: the rows are asset classes and the columns are the measures, so the metric is the leaf column header. B used the row label. currency_scale is copied verbatim with its parentheses as the page prints it, instead of B's normalised 'thousands'. asset_class comes from the bare 'Equities:'/'Debt:' heading rows, which print a label and no values and govern every row beneath them until the next such heading.; Source review: p8: BILL & MELINDA GATES FOUNDATION TRUST (The statement or note reports this line and its valuation column separately.) | p8: BILL & MELINDA GATES FOUNDATION TRUST (Printed heading or definition supporting the source-reviewed qualifier.) | p8: BILL & MELINDA GATES FOUNDATION TRUST (Supersedes SR1856: the printed entity or table label is context, not a measurement basis; source labels retain its scope.)",RESOLVED,A+B+ADJUDICATOR,2a3ff4eb15e88df08d12b0ffd4696117b642b6f1ff19ee5fb8bd8d1a3a025988
3200a8d035acf2b21356,SRC377,8,PAIR_3B373032A8ABD5BE7EB798B7,CONTEXT_CONFLICT,85,94,source_section|source_table|asset_class|currency_scale|metric_name,MERGE,"source_section takes the printed heading governing the table on that page. source_table takes the printed title in full, section number included. metric_name follows the table's shape: the rows are asset classes and the columns are the measures, so the metric is the leaf column header. B used the row label. currency_scale is copied verbatim with its parentheses as the page prints it, instead of B's normalised 'thousands'. asset_class comes from the bare 'Equities:'/'Debt:' heading rows, which print a label and no values and govern every row beneath them until the next such heading.; Source review: p8: BILL & MELINDA GATES FOUNDATION TRUST (The statement or note reports this line and its valuation column separately.) | p8: BILL & MELINDA GATES FOUNDATION TRUST (Printed heading or definition supporting the source-reviewed qualifier.) | p8: BILL & MELINDA GATES FOUNDATION TRUST (Supersedes SR1857: the printed entity or table label is context, not a measurement basis; source labels retain its scope.)",RESOLVED,A+B+ADJUDICATOR,2a3ff4eb15e88df08d12b0ffd4696117b642b6f1ff19ee5fb8bd8d1a3a025988
718c788a28d74a595a57,SRC377,8,PAIR_E062FACA576F9C56B058C4C2,CONTEXT_CONFLICT,86,95,source_section|source_table|asset_class|currency_scale|metric_name,MERGE,"source_section takes the printed heading governing the table on that page. source_table takes the printed title in full, section number included. metric_name follows the table's shape: the rows are asset classes and the columns are the measures, so the metric is the leaf column header. B used the row label. currency_scale is copied verbatim with its parentheses as the page prints it, instead of B's normalised 'thousands'. asset_class comes from the bare 'Equities:'/'Debt:' heading rows, which print a label and no values and govern every row beneath them until the next such heading.; Source review: p8: BILL & MELINDA GATES FOUNDATION TRUST (The statement or note reports this line and its valuation column separately.) | p8: BILL & MELINDA GATES FOUNDATION TRUST (Printed heading or definition supporting the source-reviewed qualifier.) | p8: BILL & MELINDA GATES FOUNDATION TRUST (Supersedes SR1858: the printed entity or table label is context, not a measurement basis; source labels retain its scope.)",RESOLVED,A+B+ADJUDICATOR,2a3ff4eb15e88df08d12b0ffd4696117b642b6f1ff19ee5fb8bd8d1a3a025988
90da5175d915f92834d9,SRC377,8,PAIR_769A4E44AA63F6A550013DB4,CONTEXT_CONFLICT,87,96,source_section|source_table|asset_class|currency_scale|metric_name,MERGE,"source_section takes the printed heading governing the table on that page. source_table takes the printed title in full, section number included. metric_name follows the table's shape: the rows are asset classes and the columns are the measures, so the metric is the leaf column header. B used the row label. currency_scale is copied verbatim with its parentheses as the page prints it, instead of B's normalised 'thousands'. asset_class comes from the bare 'Equities:'/'Debt:' heading rows, which print a label and no values and govern every row beneath them until the next such heading.; Source review: p8: BILL & MELINDA GATES FOUNDATION TRUST (The statement or note reports this line and its valuation column separately.) | p8: BILL & MELINDA GATES FOUNDATION TRUST (Printed heading or definition supporting the source-reviewed qualifier.) | p8: BILL & MELINDA GATES FOUNDATION TRUST (Supersedes SR1859: the printed entity or table label is context, not a measurement basis; source labels retain its scope.)",RESOLVED,A+B+ADJUDICATOR,2a3ff4eb15e88df08d12b0ffd4696117b642b6f1ff19ee5fb8bd8d1a3a025988
035d669ce5dc8a766419,SRC377,8,PAIR_1BFD1880CC609B6A4E37B082,CONTEXT_CONFLICT,88,97,source_section|source_table|asset_class|currency_scale|metric_name,MERGE,"source_section takes the printed heading governing the table on that page. source_table takes the printed title in full, section number included. metric_name follows the table's shape: the rows are asset classes and the columns are the measures, so the metric is the leaf column header. B used the row label. currency_scale is copied verbatim with its parentheses as the page prints it, instead of B's normalised 'thousands'. asset_class comes from the bare 'Equities:'/'Debt:' heading rows, which print a label and no values and govern every row beneath them until the next such heading.; Source review: p8: BILL & MELINDA GATES FOUNDATION TRUST (The statement or note reports this line and its valuation column separately.) | p8: BILL & MELINDA GATES FOUNDATION TRUST (Printed heading or definition supporting the source-reviewed qualifier.) | p8: Other 77,747 — — 77,747 — 77,747 (The printed label identifies a statement item, not an institution; retain the accounting scope without an entity ID.) | p8: BILL & MELINDA GATES FOUNDATION TRUST (Supersedes SR1860: the printed entity or table label is context, not a measurement basis; source labels retain its scope.)",RESOLVED,A+B+ADJUDICATOR,2a3ff4eb15e88df08d12b0ffd4696117b642b6f1ff19ee5fb8bd8d1a3a025988
f9b45cea70873932b91c,SRC377,8,PAIR_506597F8F6B66C4359E3D009,CONTEXT_CONFLICT,89,98,source_section|source_table|asset_class|currency_scale|metric_name,MERGE,"source_section takes the printed heading governing the table on that page. source_table takes the printed title in full, section number included. metric_name follows the table's shape: the rows are asset classes and the columns are the measures, so the metric is the leaf column header. B used the row label. currency_scale is copied verbatim with its parentheses as the page prints it, instead of B's normalised 'thousands'. asset_class comes from the bare 'Equities:'/'Debt:' heading rows, which print a label and no values and govern every row beneath them until the next such heading.; Source review: p8: BILL & MELINDA GATES FOUNDATION TRUST (The statement or note reports this line and its valuation column separately.) | p8: BILL & MELINDA GATES FOUNDATION TRUST (Printed heading or definition supporting the source-reviewed qualifier.) | p8: Other 77,747 — — 77,747 — 77,747 (The printed label identifies a statement item, not an institution; retain the accounting scope without an entity ID.) | p8: BILL & MELINDA GATES FOUNDATION TRUST (Supersedes SR1861: the printed entity or table label is context, not a measurement basis; source labels retain its scope.)",RESOLVED,A+B+ADJUDICATOR,2a3ff4eb15e88df08d12b0ffd4696117b642b6f1ff19ee5fb8bd8d1a3a025988
5835154f7bce077f4fb3,SRC377,8,PAIR_528A199CD8CAF88A8D3CD50B,CONTEXT_CONFLICT,90,99,source_section|source_table|asset_class|currency_scale|metric_name,MERGE,"source_section takes the printed heading governing the table on that page. source_table takes the printed title in full, section number included. metric_name follows the table's shape: the rows are asset classes and the columns are the measures, so the metric is the leaf column header. B used the row label. currency_scale is copied verbatim with its parentheses as the page prints it, instead of B's normalised 'thousands'. asset_class comes from the bare 'Equities:'/'Debt:' heading rows, which print a label and no values and govern every row beneath them until the next such heading.; Source review: p8: BILL & MELINDA GATES FOUNDATION TRUST (The statement or note reports this line and its valuation column separately.) | p8: BILL & MELINDA GATES FOUNDATION TRUST (Printed heading or definition supporting the source-reviewed qualifier.) | p8: Other 77,747 — — 77,747 — 77,747 (The printed label identifies a statement item, not an institution; retain the accounting scope without an entity ID.) | p8: BILL & MELINDA GATES FOUNDATION TRUST (Supersedes SR1862: the printed entity or table label is context, not a measurement basis; source labels retain its scope.)",RESOLVED,A+B+ADJUDICATOR,2a3ff4eb15e88df08d12b0ffd4696117b642b6f1ff19ee5fb8bd8d1a3a025988
8eb00473c9c072e9ce08,SRC377,8,PAIR_6E268DFF7EAE2A1D14219936,CONTEXT_CONFLICT,91,100,source_section|source_table|asset_class|currency_scale|metric_name,MERGE,"source_section takes the printed heading governing the table on that page. source_table takes the printed title in full, section number included. metric_name follows the table's shape: the rows are asset classes and the columns are the measures, so the metric is the leaf column header. B used the row label. currency_scale is copied verbatim with its parentheses as the page prints it, instead of B's normalised 'thousands'. asset_class comes from the bare 'Equities:'/'Debt:' heading rows, which print a label and no values and govern every row beneath them until the next such heading.; Source review: p8: BILL & MELINDA GATES FOUNDATION TRUST (The statement or note reports this line and its valuation column separately.) | p8: BILL & MELINDA GATES FOUNDATION TRUST (Printed heading or definition supporting the source-reviewed qualifier.) | p8: BILL & MELINDA GATES FOUNDATION TRUST (Supersedes SR1863: the printed entity or table label is context, not a measurement basis; source labels retain its scope.)",RESOLVED,A+B+ADJUDICATOR,2a3ff4eb15e88df08d12b0ffd4696117b642b6f1ff19ee5fb8bd8d1a3a025988
ad0ce1c09a49637bc424,SRC377,8,PAIR_B38FB75CA9FE6C1020BE30EA,CONTEXT_CONFLICT,92,101,source_section|source_table|asset_class|currency_scale|metric_name,MERGE,"source_section takes the printed heading governing the table on that page. source_table takes the printed title in full, section number included. metric_name follows the table's shape: the rows are asset classes and the columns are the measures, so the metric is the leaf column header. B used the row label. currency_scale is copied verbatim with its parentheses as the page prints it, instead of B's normalised 'thousands'. asset_class comes from the bare 'Equities:'/'Debt:' heading rows, which print a label and no values and govern every row beneath them until the next such heading.; Source review: p8: BILL & MELINDA GATES FOUNDATION TRUST (The statement or note reports this line and its valuation column separately.) | p8: BILL & MELINDA GATES FOUNDATION TRUST (Printed heading or definition supporting the source-reviewed qualifier.) | p8: BILL & MELINDA GATES FOUNDATION TRUST (Supersedes SR1864: the printed entity or table label is context, not a measurement basis; source labels retain its scope.)",RESOLVED,A+B+ADJUDICATOR,2a3ff4eb15e88df08d12b0ffd4696117b642b6f1ff19ee5fb8bd8d1a3a025988
c3e603fb8de2db13bda9,SRC377,8,PAIR_A3ED0E17E2452602A57BDA84,CONTEXT_CONFLICT,93,102,source_section|source_table|asset_class|currency_scale|metric_name,MERGE,"source_section takes the printed heading governing the table on that page. source_table takes the printed title in full, section number included. metric_name follows the table's shape: the rows are asset classes and the columns are the measures, so the metric is the leaf column header. B used the row label. currency_scale is copied verbatim with its parentheses as the page prints it, instead of B's normalised 'thousands'. asset_class comes from the bare 'Equities:'/'Debt:' heading rows, which print a label and no values and govern every row beneath them until the next such heading.; Source review: p8: BILL & MELINDA GATES FOUNDATION TRUST (The statement or note reports this line and its valuation column separately.) | p8: BILL & MELINDA GATES FOUNDATION TRUST (Printed heading or definition supporting the source-reviewed qualifier.) | p8: BILL & MELINDA GATES FOUNDATION TRUST (Supersedes SR1865: the printed entity or table label is context, not a measurement basis; source labels retain its scope.)",RESOLVED,A+B+ADJUDICATOR,2a3ff4eb15e88df08d12b0ffd4696117b642b6f1ff19ee5fb8bd8d1a3a025988
daf6e905b480132ec94b,SRC377,8,PAIR_581620F1276FAF38FA764344,CONTEXT_CONFLICT,94,103,source_section|source_table|asset_class|currency_scale|metric_name,MERGE,"source_section takes the printed heading governing the table on that page. source_table takes the printed title in full, section number included. metric_name follows the table's shape: the rows are asset classes and the columns are the measures, so the metric is the leaf column header. B used the row label. currency_scale is copied verbatim with its parentheses as the page prints it, instead of B's normalised 'thousands'. asset_class comes from the bare 'Equities:'/'Debt:' heading rows, which print a label and no values and govern every row beneath them until the next such heading.; Source review: p8: BILL & MELINDA GATES FOUNDATION TRUST (The statement or note reports this line and its valuation column separately.) | p8: BILL & MELINDA GATES FOUNDATION TRUST (Printed heading or definition supporting the source-reviewed qualifier.) | p8: BILL & MELINDA GATES FOUNDATION TRUST (Supersedes SR1866: the printed entity or table label is context, not a measurement basis; source labels retain its scope.)",RESOLVED,A+B+ADJUDICATOR,2a3ff4eb15e88df08d12b0ffd4696117b642b6f1ff19ee5fb8bd8d1a3a025988
4090e8462cfe3ef111b6,SRC377,8,PAIR_A3F9CBDB38D98CA90FE2358A,CONTEXT_CONFLICT,95,104,source_section|source_table|currency_scale|metric_name,MERGE,"source_section takes the printed heading governing the table on that page. source_table takes the printed title in full, section number included. metric_name follows the table's shape: the rows are asset classes and the columns are the measures, so the metric is the leaf column header. B used the row label. currency_scale is copied verbatim with its parentheses as the page prints it, instead of B's normalised 'thousands'. asset_class comes from the bare 'Equities:'/'Debt:' heading rows, which print a label and no values and govern every row beneath them until the next such heading.; Source review: p8: BILL & MELINDA GATES FOUNDATION TRUST (The statement or note reports this line and its valuation column separately.) | p8: BILL & MELINDA GATES FOUNDATION TRUST (Printed heading or definition supporting the source-reviewed qualifier.) | p8: BILL & MELINDA GATES FOUNDATION TRUST (Supersedes SR1867: the printed entity or table label is context, not a measurement basis; source labels retain its scope.)",RESOLVED,A+B+ADJUDICATOR,2a3ff4eb15e88df08d12b0ffd4696117b642b6f1ff19ee5fb8bd8d1a3a025988
699f6b6a904f68e42ff1,SRC377,8,PAIR_90B07822253C67FFB93047F5,CONTEXT_CONFLICT,96,105,source_section|source_table|currency_scale|metric_name,MERGE,"source_section takes the printed heading governing the table on that page. source_table takes the printed title in full, section number included. metric_name follows the table's shape: the rows are asset classes and the columns are the measures, so the metric is the leaf column header. B used the row label. currency_scale is copied verbatim with its parentheses as the page prints it, instead of B's normalised 'thousands'. asset_class comes from the bare 'Equities:'/'Debt:' heading rows, which print a label and no values and govern every row beneath them until the next such heading.; Source review: p8: BILL & MELINDA GATES FOUNDATION TRUST (The statement or note reports this line and its valuation column separately.) | p8: BILL & MELINDA GATES FOUNDATION TRUST (Printed heading or definition supporting the source-reviewed qualifier.) | p8: BILL & MELINDA GATES FOUNDATION TRUST (Supersedes SR1868: the printed entity or table label is context, not a measurement basis; source labels retain its scope.)",RESOLVED,A+B+ADJUDICATOR,2a3ff4eb15e88df08d12b0ffd4696117b642b6f1ff19ee5fb8bd8d1a3a025988
41d86076b5ab906057d0,SRC377,8,PAIR_E4ABDEB4736E1241CEA98754,CONTEXT_CONFLICT,97,106,source_section|source_table|currency_scale|metric_name,MERGE,"source_section takes the printed heading governing the table on that page. source_table takes the printed title in full, section number included. metric_name follows the table's shape: the rows are asset classes and the columns are the measures, so the metric is the leaf column header. B used the row label. currency_scale is copied verbatim with its parentheses as the page prints it, instead of B's normalised 'thousands'. asset_class comes from the bare 'Equities:'/'Debt:' heading rows, which print a label and no values and govern every row beneath them until the next such heading.; Source review: p8: BILL & MELINDA GATES FOUNDATION TRUST (The statement or note reports this line and its valuation column separately.) | p8: BILL & MELINDA GATES FOUNDATION TRUST (Printed heading or definition supporting the source-reviewed qualifier.) | p8: BILL & MELINDA GATES FOUNDATION TRUST (Supersedes SR1869: the printed entity or table label is context, not a measurement basis; source labels retain its scope.)",RESOLVED,A+B+ADJUDICATOR,2a3ff4eb15e88df08d12b0ffd4696117b642b6f1ff19ee5fb8bd8d1a3a025988
058797b3525d72cf79c9,SRC377,8,PAIR_679A6D3CC46BE074DE0D7FEF,CLASSIFICATION_CONFLICT,98,107,source_section|source_table|subject_type|currency_scale|metric_name,MERGE,"source_section takes the printed heading governing the table on that page. source_table takes the printed title in full, section number included. metric_name follows the table's shape: the rows are asset classes and the columns are the measures, so the metric is the leaf column header. B used the row label. currency_scale is copied verbatim with its parentheses as the page prints it, instead of B's normalised 'thousands'. asset_class comes from the bare 'Equities:'/'Debt:' heading rows, which print a label and no values and govern every row beneath them until the next such heading. subject_type is asset_class: the label names a class of investments, not the reporting entity.; Source review: p8: BILL & MELINDA GATES FOUNDATION TRUST (The statement or note reports this line and its valuation column separately.) | p8: BILL & MELINDA GATES FOUNDATION TRUST (Printed heading or definition supporting the source-reviewed qualifier.) | p8: BILL & MELINDA GATES FOUNDATION TRUST (Supersedes SR1870: the printed entity or table label is context, not a measurement basis; source labels retain its scope.)",RESOLVED,A+B+ADJUDICATOR,2a3ff4eb15e88df08d12b0ffd4696117b642b6f1ff19ee5fb8bd8d1a3a025988
b487dec1baa208c1b71b,SRC377,8,PAIR_759437B5D0FB5554E5F0F0E4,CLASSIFICATION_CONFLICT,99,108,source_section|source_table|subject_type|currency_scale|metric_name,MERGE,"source_section takes the printed heading governing the table on that page. source_table takes the printed title in full, section number included. metric_name follows the table's shape: the rows are asset classes and the columns are the measures, so the metric is the leaf column header. B used the row label. currency_scale is copied verbatim with its parentheses as the page prints it, instead of B's normalised 'thousands'. asset_class comes from the bare 'Equities:'/'Debt:' heading rows, which print a label and no values and govern every row beneath them until the next such heading. subject_type is asset_class: the label names a class of investments, not the reporting entity.; Source review: p8: BILL & MELINDA GATES FOUNDATION TRUST (The statement or note reports this line and its valuation column separately.) | p8: BILL & MELINDA GATES FOUNDATION TRUST (Printed heading or definition supporting the source-reviewed qualifier.) | p8: BILL & MELINDA GATES FOUNDATION TRUST (Supersedes SR1871: the printed entity or table label is context, not a measurement basis; source labels retain its scope.)",RESOLVED,A+B+ADJUDICATOR,2a3ff4eb15e88df08d12b0ffd4696117b642b6f1ff19ee5fb8bd8d1a3a025988
c61e84269f0e70082901,SRC377,8,PAIR_6A936AD015153524723B1707,CONTEXT_CONFLICT,100,109,source_section|source_table|asset_class|currency_scale|metric_name,MERGE,"source_section takes the printed heading governing the table on that page. source_table takes the printed title in full, section number included. metric_name follows the table's shape: the rows are asset classes and the columns are the measures, so the metric is the leaf column header. B used the row label. currency_scale is copied verbatim with its parentheses as the page prints it, instead of B's normalised 'thousands'. asset_class comes from the bare 'Equities:'/'Debt:' heading rows, which print a label and no values and govern every row beneath them until the next such heading.; Source review: p8: BILL & MELINDA GATES FOUNDATION TRUST (The statement or note reports this line and its valuation column separately.) | p8: BILL & MELINDA GATES FOUNDATION TRUST (Printed heading or definition supporting the source-reviewed qualifier.) | p8: BILL & MELINDA GATES FOUNDATION TRUST (Supersedes SR1872: the printed entity or table label is context, not a measurement basis; source labels retain its scope.)",RESOLVED,A+B+ADJUDICATOR,2a3ff4eb15e88df08d12b0ffd4696117b642b6f1ff19ee5fb8bd8d1a3a025988
6417ff7d359ab11a823e,SRC377,8,PAIR_62C5F25187903E8069968147,CONTEXT_CONFLICT,101,110,source_section|source_table|asset_class|currency_scale|metric_name,MERGE,"source_section takes the printed heading governing the table on that page. source_table takes the printed title in full, section number included. metric_name follows the table's shape: the rows are asset classes and the columns are the measures, so the metric is the leaf column header. B used the row label. currency_scale is copied verbatim with its parentheses as the page prints it, instead of B's normalised 'thousands'. asset_class comes from the bare 'Equities:'/'Debt:' heading rows, which print a label and no values and govern every row beneath them until the next such heading.; Source review: p8: BILL & MELINDA GATES FOUNDATION TRUST (The statement or note reports this line and its valuation column separately.) | p8: BILL & MELINDA GATES FOUNDATION TRUST (Printed heading or definition supporting the source-reviewed qualifier.) | p8: BILL & MELINDA GATES FOUNDATION TRUST (Supersedes SR1873: the printed entity or table label is context, not a measurement basis; source labels retain its scope.)",RESOLVED,A+B+ADJUDICATOR,2a3ff4eb15e88df08d12b0ffd4696117b642b6f1ff19ee5fb8bd8d1a3a025988
3e9af0d8435b575854fe,SRC377,8,PAIR_82B81734A88D2ED22A9676B5,CONTEXT_CONFLICT,102,111,source_section|source_table|asset_class|currency_scale|metric_name,MERGE,"source_section takes the printed heading governing the table on that page. source_table takes the printed title in full, section number included. metric_name follows the table's shape: the rows are asset classes and the columns are the measures, so the metric is the leaf column header. B used the row label. currency_scale is copied verbatim with its parentheses as the page prints it, instead of B's normalised 'thousands'. asset_class comes from the bare 'Equities:'/'Debt:' heading rows, which print a label and no values and govern every row beneath them until the next such heading.; Source review: p8: BILL & MELINDA GATES FOUNDATION TRUST (The statement or note reports this line and its valuation column separately.) | p8: BILL & MELINDA GATES FOUNDATION TRUST (Printed heading or definition supporting the source-reviewed qualifier.) | p8: BILL & MELINDA GATES FOUNDATION TRUST (Supersedes SR1874: the printed entity or table label is context, not a measurement basis; source labels retain its scope.)",RESOLVED,A+B+ADJUDICATOR,2a3ff4eb15e88df08d12b0ffd4696117b642b6f1ff19ee5fb8bd8d1a3a025988
ed06b5f379ef3f2c63e5,SRC377,8,PAIR_679E04C5697795FD66AA0530,CONTEXT_CONFLICT,103,112,source_section|source_table|asset_class|currency_scale|metric_name,MERGE,"source_section takes the printed heading governing the table on that page. source_table takes the printed title in full, section number included. metric_name follows the table's shape: the rows are asset classes and the columns are the measures, so the metric is the leaf column header. B used the row label. currency_scale is copied verbatim with its parentheses as the page prints it, instead of B's normalised 'thousands'. asset_class comes from the bare 'Equities:'/'Debt:' heading rows, which print a label and no values and govern every row beneath them until the next such heading.; Source review: p8: BILL & MELINDA GATES FOUNDATION TRUST (The statement or note reports this line and its valuation column separately.) | p8: BILL & MELINDA GATES FOUNDATION TRUST (Printed heading or definition supporting the source-reviewed qualifier.) | p8: BILL & MELINDA GATES FOUNDATION TRUST (Supersedes SR1875: the printed entity or table label is context, not a measurement basis; source labels retain its scope.)",RESOLVED,A+B+ADJUDICATOR,2a3ff4eb15e88df08d12b0ffd4696117b642b6f1ff19ee5fb8bd8d1a3a025988
ef34459f7c8654ea6227,SRC377,8,PAIR_C0B3F0A24D7444CB69CB9BF9,CONTEXT_CONFLICT,104,113,source_section|source_table|asset_class|currency_scale|metric_name,MERGE,"source_section takes the printed heading governing the table on that page. source_table takes the printed title in full, section number included. metric_name follows the table's shape: the rows are asset classes and the columns are the measures, so the metric is the leaf column header. B used the row label. currency_scale is copied verbatim with its parentheses as the page prints it, instead of B's normalised 'thousands'. asset_class comes from the bare 'Equities:'/'Debt:' heading rows, which print a label and no values and govern every row beneath them until the next such heading.; Source review: p8: BILL & MELINDA GATES FOUNDATION TRUST (The statement or note reports this line and its valuation column separately.) | p8: BILL & MELINDA GATES FOUNDATION TRUST (Printed heading or definition supporting the source-reviewed qualifier.) | p8: BILL & MELINDA GATES FOUNDATION TRUST (Supersedes SR1876: the printed entity or table label is context, not a measurement basis; source labels retain its scope.)",RESOLVED,A+B+ADJUDICATOR,2a3ff4eb15e88df08d12b0ffd4696117b642b6f1ff19ee5fb8bd8d1a3a025988
4c61dc469d5f390a1cde,SRC377,8,PAIR_329D327C0CE1F69D09964A01,CONTEXT_CONFLICT,105,114,source_section|source_table|asset_class|currency_scale|metric_name,MERGE,"source_section takes the printed heading governing the table on that page. source_table takes the printed title in full, section number included. metric_name follows the table's shape: the rows are asset classes and the columns are the measures, so the metric is the leaf column header. B used the row label. currency_scale is copied verbatim with its parentheses as the page prints it, instead of B's normalised 'thousands'. asset_class comes from the bare 'Equities:'/'Debt:' heading rows, which print a label and no values and govern every row beneath them until the next such heading.; Source review: p8: BILL & MELINDA GATES FOUNDATION TRUST (The statement or note reports this line and its valuation column separately.) | p8: BILL & MELINDA GATES FOUNDATION TRUST (Printed heading or definition supporting the source-reviewed qualifier.) | p8: BILL & MELINDA GATES FOUNDATION TRUST (Supersedes SR1877: the printed entity or table label is context, not a measurement basis; source labels retain its scope.)",RESOLVED,A+B+ADJUDICATOR,2a3ff4eb15e88df08d12b0ffd4696117b642b6f1ff19ee5fb8bd8d1a3a025988
5342d509c33d447a627c,SRC377,8,PAIR_A727CC7680BFF4FED83D2805,CONTEXT_CONFLICT,106,115,source_section|source_table|asset_class|currency_scale|metric_name,MERGE,"source_section takes the printed heading governing the table on that page. source_table takes the printed title in full, section number included. metric_name follows the table's shape: the rows are asset classes and the columns are the measures, so the metric is the leaf column header. B used the row label. currency_scale is copied verbatim with its parentheses as the page prints it, instead of B's normalised 'thousands'. asset_class comes from the bare 'Equities:'/'Debt:' heading rows, which print a label and no values and govern every row beneath them until the next such heading.; Source review: p8: BILL & MELINDA GATES FOUNDATION TRUST (The statement or note reports this line and its valuation column separately.) | p8: BILL & MELINDA GATES FOUNDATION TRUST (Printed heading or definition supporting the source-reviewed qualifier.) | p8: BILL & MELINDA GATES FOUNDATION TRUST (Supersedes SR1878: the printed entity or table label is context, not a measurement basis; source labels retain its scope.)",RESOLVED,A+B+ADJUDICATOR,2a3ff4eb15e88df08d12b0ffd4696117b642b6f1ff19ee5fb8bd8d1a3a025988
d9fbac13b4d61f4062e6,SRC377,8,PAIR_59A3A64CF262A38B756D66F1,CONTEXT_CONFLICT,107,116,source_section|source_table|currency_scale|metric_name,MERGE,"source_section takes the printed heading governing the table on that page. source_table takes the printed title in full, section number included. metric_name follows the table's shape: the rows are asset classes and the columns are the measures, so the metric is the leaf column header. B used the row label. currency_scale is copied verbatim with its parentheses as the page prints it, instead of B's normalised 'thousands'. asset_class comes from the bare 'Equities:'/'Debt:' heading rows, which print a label and no values and govern every row beneath them until the next such heading.; Source review: p8: BILL & MELINDA GATES FOUNDATION TRUST (The statement or note reports this line and its valuation column separately.) | p8: BILL & MELINDA GATES FOUNDATION TRUST (Printed heading or definition supporting the source-reviewed qualifier.) | p8: assets $ 32,875,961 6,765,503 63,906 40,479,307 (307,911) 40,171,396 (The printed label identifies a statement item, not an institution; retain the accounting scope without an entity ID.) | p8: BILL & MELINDA GATES FOUNDATION TRUST (Supersedes SR1879: the printed entity or table label is context, not a measurement basis; source labels retain its scope.)",RESOLVED,A+B+ADJUDICATOR,2a3ff4eb15e88df08d12b0ffd4696117b642b6f1ff19ee5fb8bd8d1a3a025988
cf43238ef1ec65ce20e5,SRC377,8,PAIR_5D448210671D31F60E232E66,VALUE_CONFLICT,108,117,source_section|source_table|currency_scale|metric_name|metric_value_raw,MERGE,"source_section takes the printed heading governing the table on that page. source_table takes the printed title in full, section number included. metric_name follows the table's shape: the rows are asset classes and the columns are the measures, so the metric is the leaf column header. B used the row label. currency_scale is copied verbatim with its parentheses as the page prints it, instead of B's normalised 'thousands'. asset_class comes from the bare 'Equities:'/'Debt:' heading rows, which print a label and no values and govern every row beneath them until the next such heading. metric_value_raw keeps the dollar sign the page prints against this cell, closed up to the digits; B stripped it.; Source review: p8: BILL & MELINDA GATES FOUNDATION TRUST (The statement or note reports this line and its valuation column separately.) | p8: BILL & MELINDA GATES FOUNDATION TRUST (Printed heading or definition supporting the source-reviewed qualifier.) | p8: assets $ 32,875,961 6,765,503 63,906 40,479,307 (307,911) 40,171,396 (The printed label identifies a statement item, not an institution; retain the accounting scope without an entity ID.) | p8: BILL & MELINDA GATES FOUNDATION TRUST (Supersedes SR1880: the printed entity or table label is context, not a measurement basis; source labels retain its scope.)",RESOLVED,A+B+ADJUDICATOR,2a3ff4eb15e88df08d12b0ffd4696117b642b6f1ff19ee5fb8bd8d1a3a025988
b0695d4a83992537f004,SRC377,8,PAIR_FE597A3BAC63E0E781406526,CONTEXT_CONFLICT,109,118,source_section|source_table|currency_scale|metric_name,MERGE,"source_section takes the printed heading governing the table on that page. source_table takes the printed title in full, section number included. metric_name follows the table's shape: the rows are asset classes and the columns are the measures, so the metric is the leaf column header. B used the row label. currency_scale is copied verbatim with its parentheses as the page prints it, instead of B's normalised 'thousands'. asset_class comes from the bare 'Equities:'/'Debt:' heading rows, which print a label and no values and govern every row beneath them until the next such heading.; Source review: p8: BILL & MELINDA GATES FOUNDATION TRUST (The statement or note reports this line and its valuation column separately.) | p8: BILL & MELINDA GATES FOUNDATION TRUST (Printed heading or definition supporting the source-reviewed qualifier.) | p8: assets $ 32,875,961 6,765,503 63,906 40,479,307 (307,911) 40,171,396 (The printed label identifies a statement item, not an institution; retain the accounting scope without an entity ID.) | p8: BILL & MELINDA GATES FOUNDATION TRUST (Supersedes SR1881: the printed entity or table label is context, not a measurement basis; source labels retain its scope.)",RESOLVED,A+B+ADJUDICATOR,2a3ff4eb15e88df08d12b0ffd4696117b642b6f1ff19ee5fb8bd8d1a3a025988
b6ee654b236baab3afac,SRC377,8,PAIR_7D487F4473DAC2303A6E23C8,CONTEXT_CONFLICT,110,119,source_section|source_table|currency_scale|metric_name,MERGE,"source_section takes the printed heading governing the table on that page. source_table takes the printed title in full, section number included. metric_name follows the table's shape: the rows are asset classes and the columns are the measures, so the metric is the leaf column header. B used the row label. currency_scale is copied verbatim with its parentheses as the page prints it, instead of B's normalised 'thousands'. asset_class comes from the bare 'Equities:'/'Debt:' heading rows, which print a label and no values and govern every row beneath them until the next such heading.; Source review: p8: BILL & MELINDA GATES FOUNDATION TRUST (The statement or note reports this line and its valuation column separately.) | p8: BILL & MELINDA GATES FOUNDATION TRUST (Printed heading or definition supporting the source-reviewed qualifier.) | p8: assets $ 32,875,961 6,765,503 63,906 40,479,307 (307,911) 40,171,396 (The printed label identifies a statement item, not an institution; retain the accounting scope without an entity ID.) | p8: BILL & MELINDA GATES FOUNDATION TRUST (Supersedes SR1882: the printed entity or table label is context, not a measurement basis; source labels retain its scope.)",RESOLVED,A+B+ADJUDICATOR,2a3ff4eb15e88df08d12b0ffd4696117b642b6f1ff19ee5fb8bd8d1a3a025988
9dea6efee6b70bde0374,SRC377,8,PAIR_3CF536AB4FE1EB700726133B,CONTEXT_CONFLICT,111,120,source_section|source_table|currency_scale|metric_name,MERGE,"source_section takes the printed heading governing the table on that page. source_table takes the printed title in full, section number included. metric_name follows the table's shape: the rows are asset classes and the columns are the measures, so the metric is the leaf column header. B used the row label. currency_scale is copied verbatim with its parentheses as the page prints it, instead of B's normalised 'thousands'. asset_class comes from the bare 'Equities:'/'Debt:' heading rows, which print a label and no values and govern every row beneath them until the next such heading.; Source review: p8: BILL & MELINDA GATES FOUNDATION TRUST (The statement or note reports this line and its valuation column separately.) | p8: BILL & MELINDA GATES FOUNDATION TRUST (Printed heading or definition supporting the source-reviewed qualifier.) | p8: assets $ 32,875,961 6,765,503 63,906 40,479,307 (307,911) 40,171,396 (The printed label identifies a statement item, not an institution; retain the accounting scope without an entity ID.) | p8: BILL & MELINDA GATES FOUNDATION TRUST (Supersedes SR1883: the printed entity or table label is context, not a measurement basis; source labels retain its scope.)",RESOLVED,A+B+ADJUDICATOR,2a3ff4eb15e88df08d12b0ffd4696117b642b6f1ff19ee5fb8bd8d1a3a025988
ad15b62c3ae7400020d1,SRC377,8,PAIR_2DA191B4B5B656DD7E27126E,CONTEXT_CONFLICT,112,121,source_section|source_table|currency_scale|metric_name,MERGE,"source_section takes the printed heading governing the table on that page. source_table takes the printed title in full, section number included. metric_name follows the table's shape: the rows are asset classes and the columns are the measures, so the metric is the leaf column header. B used the row label. currency_scale is copied verbatim with its parentheses as the page prints it, instead of B's normalised 'thousands'. asset_class comes from the bare 'Equities:'/'Debt:' heading rows, which print a label and no values and govern every row beneath them until the next such heading.; Source review: p8: BILL & MELINDA GATES FOUNDATION TRUST (The statement or note reports this line and its valuation column separately.) | p8: BILL & MELINDA GATES FOUNDATION TRUST (Printed heading or definition supporting the source-reviewed qualifier.) | p8: assets $ 32,875,961 6,765,503 63,906 40,479,307 (307,911) 40,171,396 (The printed label identifies a statement item, not an institution; retain the accounting scope without an entity ID.) | p8: BILL & MELINDA GATES FOUNDATION TRUST (Supersedes SR1884: the printed entity or table label is context, not a measurement basis; source labels retain its scope.)",RESOLVED,A+B+ADJUDICATOR,2a3ff4eb15e88df08d12b0ffd4696117b642b6f1ff19ee5fb8bd8d1a3a025988
a78514edcf165987cfce,SRC377,8,PAIR_399253D85C8FADE5F06E79B5,CONTEXT_CONFLICT,113,122,source_section|source_table|currency_scale|metric_name,MERGE,"source_section takes the printed heading governing the table on that page. source_table takes the printed title in full, section number included. metric_name follows the table's shape: the rows are asset classes and the columns are the measures, so the metric is the leaf column header. B used the row label. currency_scale is copied verbatim with its parentheses as the page prints it, instead of B's normalised 'thousands'. asset_class comes from the bare 'Equities:'/'Debt:' heading rows, which print a label and no values and govern every row beneath them until the next such heading.; Source review: p8: BILL & MELINDA GATES FOUNDATION TRUST (The statement or note reports this line and its valuation column separately.) | p8: BILL & MELINDA GATES FOUNDATION TRUST (Printed heading or definition supporting the source-reviewed qualifier.) | p8: fair value 32,875,961 6,765,503 63,906 39,705,370 (307,911) 39,397,459 (The printed label identifies a statement item, not an institution; retain the accounting scope without an entity ID.) | p8: BILL & MELINDA GATES FOUNDATION TRUST (Supersedes SR1885: the printed entity or table label is context, not a measurement basis; source labels retain its scope.)",RESOLVED,A+B+ADJUDICATOR,2a3ff4eb15e88df08d12b0ffd4696117b642b6f1ff19ee5fb8bd8d1a3a025988
3c0223a77412b267dcf0,SRC377,8,PAIR_DA16856420B61B8BD5F9A9A9,CONTEXT_CONFLICT,114,123,source_section|source_table|currency_scale|metric_name,MERGE,"source_section takes the printed heading governing the table on that page. source_table takes the printed title in full, section number included. metric_name follows the table's shape: the rows are asset classes and the columns are the measures, so the metric is the leaf column header. B used the row label. currency_scale is copied verbatim with its parentheses as the page prints it, instead of B's normalised 'thousands'. asset_class comes from the bare 'Equities:'/'Debt:' heading rows, which print a label and no values and govern every row beneath them until the next such heading.; Source review: p8: BILL & MELINDA GATES FOUNDATION TRUST (The statement or note reports this line and its valuation column separately.) | p8: BILL & MELINDA GATES FOUNDATION TRUST (Printed heading or definition supporting the source-reviewed qualifier.) | p8: fair value 32,875,961 6,765,503 63,906 39,705,370 (307,911) 39,397,459 (The printed label identifies a statement item, not an institution; retain the accounting scope without an entity ID.) | p8: BILL & MELINDA GATES FOUNDATION TRUST (Supersedes SR1886: the printed entity or table label is context, not a measurement basis; source labels retain its scope.)",RESOLVED,A+B+ADJUDICATOR,2a3ff4eb15e88df08d12b0ffd4696117b642b6f1ff19ee5fb8bd8d1a3a025988
61a6f31a8cf45ebb2edf,SRC377,8,PAIR_DD81DCBA84EC0309F6E40E41,CONTEXT_CONFLICT,115,124,source_section|source_table|currency_scale|metric_name,MERGE,"source_section takes the printed heading governing the table on that page. source_table takes the printed title in full, section number included. metric_name follows the table's shape: the rows are asset classes and the columns are the measures, so the metric is the leaf column header. B used the row label. currency_scale is copied verbatim with its parentheses as the page prints it, instead of B's normalised 'thousands'. asset_class comes from the bare 'Equities:'/'Debt:' heading rows, which print a label and no values and govern every row beneath them until the next such heading.; Source review: p8: BILL & MELINDA GATES FOUNDATION TRUST (The statement or note reports this line and its valuation column separately.) | p8: BILL & MELINDA GATES FOUNDATION TRUST (Printed heading or definition supporting the source-reviewed qualifier.) | p8: fair value 32,875,961 6,765,503 63,906 39,705,370 (307,911) 39,397,459 (The printed label identifies a statement item, not an institution; retain the accounting scope without an entity ID.) | p8: BILL & MELINDA GATES FOUNDATION TRUST (Supersedes SR1887: the printed entity or table label is context, not a measurement basis; source labels retain its scope.)",RESOLVED,A+B+ADJUDICATOR,2a3ff4eb15e88df08d12b0ffd4696117b642b6f1ff19ee5fb8bd8d1a3a025988
22249341fa846eb3eb6e,SRC377,8,PAIR_6BBEAA55C18CF4DEE8D975C3,CONTEXT_CONFLICT,116,125,source_section|source_table|currency_scale|metric_name,MERGE,"source_section takes the printed heading governing the table on that page. source_table takes the printed title in full, section number included. metric_name follows the table's shape: the rows are asset classes and the columns are the measures, so the metric is the leaf column header. B used the row label. currency_scale is copied verbatim with its parentheses as the page prints it, instead of B's normalised 'thousands'. asset_class comes from the bare 'Equities:'/'Debt:' heading rows, which print a label and no values and govern every row beneath them until the next such heading.; Source review: p8: BILL & MELINDA GATES FOUNDATION TRUST (The statement or note reports this line and its valuation column separately.) | p8: BILL & MELINDA GATES FOUNDATION TRUST (Printed heading or definition supporting the source-reviewed qualifier.) | p8: fair value 32,875,961 6,765,503 63,906 39,705,370 (307,911) 39,397,459 (The printed label identifies a statement item, not an institution; retain the accounting scope without an entity ID.) | p8: BILL & MELINDA GATES FOUNDATION TRUST (Supersedes SR1888: the printed entity or table label is context, not a measurement basis; source labels retain its scope.)",RESOLVED,A+B+ADJUDICATOR,2a3ff4eb15e88df08d12b0ffd4696117b642b6f1ff19ee5fb8bd8d1a3a025988
87e7ecbd4f835629e166,SRC377,8,PAIR_682A01083056C161821372A0,CONTEXT_CONFLICT,117,126,source_section|source_table|currency_scale|metric_name,MERGE,"source_section takes the printed heading governing the table on that page. source_table takes the printed title in full, section number included. metric_name follows the table's shape: the rows are asset classes and the columns are the measures, so the metric is the leaf column header. B used the row label. currency_scale is copied verbatim with its parentheses as the page prints it, instead of B's normalised 'thousands'. asset_class comes from the bare 'Equities:'/'Debt:' heading rows, which print a label and no values and govern every row beneath them until the next such heading.; Source review: p8: BILL & MELINDA GATES FOUNDATION TRUST (The statement or note reports this line and its valuation column separately.) | p8: BILL & MELINDA GATES FOUNDATION TRUST (Printed heading or definition supporting the source-reviewed qualifier.) | p8: fair value 32,875,961 6,765,503 63,906 39,705,370 (307,911) 39,397,459 (The printed label identifies a statement item, not an institution; retain the accounting scope without an entity ID.) | p8: BILL & MELINDA GATES FOUNDATION TRUST (Supersedes SR1889: the printed entity or table label is context, not a measurement basis; source labels retain its scope.)",RESOLVED,A+B+ADJUDICATOR,2a3ff4eb15e88df08d12b0ffd4696117b642b6f1ff19ee5fb8bd8d1a3a025988
aeebd7518fe738859d64,SRC377,8,PAIR_B1F03E00B2E204BB0CA73DC0,CONTEXT_CONFLICT,118,127,source_section|source_table|currency_scale|metric_name,MERGE,"source_section takes the printed heading governing the table on that page. source_table takes the printed title in full, section number included. metric_name follows the table's shape: the rows are asset classes and the columns are the measures, so the metric is the leaf column header. B used the row label. currency_scale is copied verbatim with its parentheses as the page prints it, instead of B's normalised 'thousands'. asset_class comes from the bare 'Equities:'/'Debt:' heading rows, which print a label and no values and govern every row beneath them until the next such heading.; Source review: p8: BILL & MELINDA GATES FOUNDATION TRUST (The statement or note reports this line and its valuation column separately.) | p8: BILL & MELINDA GATES FOUNDATION TRUST (Printed heading or definition supporting the source-reviewed qualifier.) | p8: fair value 32,875,961 6,765,503 63,906 39,705,370 (307,911) 39,397,459 (The printed label identifies a statement item, not an institution; retain the accounting scope without an entity ID.) | p8: BILL & MELINDA GATES FOUNDATION TRUST (Supersedes SR1890: the printed entity or table label is context, not a measurement basis; source labels retain its scope.)",RESOLVED,A+B+ADJUDICATOR,2a3ff4eb15e88df08d12b0ffd4696117b642b6f1ff19ee5fb8bd8d1a3a025988
de4d0a09282cb4e2270f,SRC377,8,PAIR_B18B9439C4A7FE654D77409B,CONTEXT_CONFLICT,119,128,source_section|source_table|asset_class|currency_scale|metric_name,MERGE,"source_section takes the printed heading governing the table on that page. source_table takes the printed title in full, section number included. metric_name follows the table's shape: the rows are asset classes and the columns are the measures, so the metric is the leaf column header. B used the row label. currency_scale is copied verbatim with its parentheses as the page prints it, instead of B's normalised 'thousands'. asset_class comes from the bare 'Equities:'/'Debt:' heading rows, which print a label and no values and govern every row beneath them until the next such heading.; Source review: p8: BILL & MELINDA GATES FOUNDATION TRUST (The statement or note reports this line and its valuation column separately.) | p8: BILL & MELINDA GATES FOUNDATION TRUST (Printed heading or definition supporting the source-reviewed qualifier.) | p8: BILL & MELINDA GATES FOUNDATION TRUST (Supersedes SR1891: the printed entity or table label is context, not a measurement basis; source labels retain its scope.)",RESOLVED,A+B+ADJUDICATOR,2a3ff4eb15e88df08d12b0ffd4696117b642b6f1ff19ee5fb8bd8d1a3a025988
ddd3d0f2bc5b5abd9ba7,SRC377,8,PAIR_4F7B01541E11317B713EDAB0,CONTEXT_CONFLICT,120,129,source_section|source_table|asset_class|currency_scale|metric_name,MERGE,"source_section takes the printed heading governing the table on that page. source_table takes the printed title in full, section number included. metric_name follows the table's shape: the rows are asset classes and the columns are the measures, so the metric is the leaf column header. B used the row label. currency_scale is copied verbatim with its parentheses as the page prints it, instead of B's normalised 'thousands'. asset_class comes from the bare 'Equities:'/'Debt:' heading rows, which print a label and no values and govern every row beneath them until the next such heading.; Source review: p8: BILL & MELINDA GATES FOUNDATION TRUST (The statement or note reports this line and its valuation column separately.) | p8: BILL & MELINDA GATES FOUNDATION TRUST (Printed heading or definition supporting the source-reviewed qualifier.) | p8: BILL & MELINDA GATES FOUNDATION TRUST (Supersedes SR1892: the printed entity or table label is context, not a measurement basis; source labels retain its scope.)",RESOLVED,A+B+ADJUDICATOR,2a3ff4eb15e88df08d12b0ffd4696117b642b6f1ff19ee5fb8bd8d1a3a025988
c6fdd6a97264ce8b6a58,SRC377,8,PAIR_E25EAC3511ECC81F1067E458,CONTEXT_CONFLICT,121,130,source_section|source_table|asset_class|currency_scale|metric_name,MERGE,"source_section takes the printed heading governing the table on that page. source_table takes the printed title in full, section number included. metric_name follows the table's shape: the rows are asset classes and the columns are the measures, so the metric is the leaf column header. B used the row label. currency_scale is copied verbatim with its parentheses as the page prints it, instead of B's normalised 'thousands'. asset_class comes from the bare 'Equities:'/'Debt:' heading rows, which print a label and no values and govern every row beneath them until the next such heading.; Source review: p8: BILL & MELINDA GATES FOUNDATION TRUST (The statement or note reports this line and its valuation column separately.) | p8: BILL & MELINDA GATES FOUNDATION TRUST (Printed heading or definition supporting the source-reviewed qualifier.) | p8: BILL & MELINDA GATES FOUNDATION TRUST (Supersedes SR1893: the printed entity or table label is context, not a measurement basis; source labels retain its scope.)",RESOLVED,A+B+ADJUDICATOR,2a3ff4eb15e88df08d12b0ffd4696117b642b6f1ff19ee5fb8bd8d1a3a025988
d71352d9cfbdd5ef588f,SRC377,8,PAIR_F66E8E4408AA32B605CB27D9,CONTEXT_CONFLICT,122,131,source_section|source_table|asset_class|currency_scale|metric_name,MERGE,"source_section takes the printed heading governing the table on that page. source_table takes the printed title in full, section number included. metric_name follows the table's shape: the rows are asset classes and the columns are the measures, so the metric is the leaf column header. B used the row label. currency_scale is copied verbatim with its parentheses as the page prints it, instead of B's normalised 'thousands'. asset_class comes from the bare 'Equities:'/'Debt:' heading rows, which print a label and no values and govern every row beneath them until the next such heading.; Source review: p8: BILL & MELINDA GATES FOUNDATION TRUST (The statement or note reports this line and its valuation column separately.) | p8: BILL & MELINDA GATES FOUNDATION TRUST (Printed heading or definition supporting the source-reviewed qualifier.) | p8: BILL & MELINDA GATES FOUNDATION TRUST (Supersedes SR1894: the printed entity or table label is context, not a measurement basis; source labels retain its scope.)",RESOLVED,A+B+ADJUDICATOR,2a3ff4eb15e88df08d12b0ffd4696117b642b6f1ff19ee5fb8bd8d1a3a025988
3f34860e95228ab65858,SRC377,8,PAIR_B74DEBABCC82B1F0E5BDD886,CONTEXT_CONFLICT,123,132,source_section|source_table|asset_class|currency_scale|metric_name,MERGE,"source_section takes the printed heading governing the table on that page. source_table takes the printed title in full, section number included. metric_name follows the table's shape: the rows are asset classes and the columns are the measures, so the metric is the leaf column header. B used the row label. currency_scale is copied verbatim with its parentheses as the page prints it, instead of B's normalised 'thousands'. asset_class comes from the bare 'Equities:'/'Debt:' heading rows, which print a label and no values and govern every row beneath them until the next such heading.; Source review: p8: BILL & MELINDA GATES FOUNDATION TRUST (The statement or note reports this line and its valuation column separately.) | p8: BILL & MELINDA GATES FOUNDATION TRUST (Printed heading or definition supporting the source-reviewed qualifier.) | p8: BILL & MELINDA GATES FOUNDATION TRUST (Supersedes SR1895: the printed entity or table label is context, not a measurement basis; source labels retain its scope.)",RESOLVED,A+B+ADJUDICATOR,2a3ff4eb15e88df08d12b0ffd4696117b642b6f1ff19ee5fb8bd8d1a3a025988
ea0d48bb820247c35bbd,SRC377,8,PAIR_FF941DB4EAF86CF5B621D2AE,CONTEXT_CONFLICT,124,133,source_section|source_table|asset_class|currency_scale|metric_name,MERGE,"source_section takes the printed heading governing the table on that page. source_table takes the printed title in full, section number included. metric_name follows the table's shape: the rows are asset classes and the columns are the measures, so the metric is the leaf column header. B used the row label. currency_scale is copied verbatim with its parentheses as the page prints it, instead of B's normalised 'thousands'. asset_class comes from the bare 'Equities:'/'Debt:' heading rows, which print a label and no values and govern every row beneath them until the next such heading.; Source review: p8: BILL & MELINDA GATES FOUNDATION TRUST (The statement or note reports this line and its valuation column separately.) | p8: BILL & MELINDA GATES FOUNDATION TRUST (Printed heading or definition supporting the source-reviewed qualifier.) | p8: BILL & MELINDA GATES FOUNDATION TRUST (Supersedes SR1896: the printed entity or table label is context, not a measurement basis; source labels retain its scope.)",RESOLVED,A+B+ADJUDICATOR,2a3ff4eb15e88df08d12b0ffd4696117b642b6f1ff19ee5fb8bd8d1a3a025988
f492c29281a804d7df71,SRC377,8,PAIR_4C4B23D49DBD48351E3B58F4,CONTEXT_CONFLICT,125,134,source_section|source_table|asset_class|currency_scale|metric_name,MERGE,"source_section takes the printed heading governing the table on that page. source_table takes the printed title in full, section number included. metric_name follows the table's shape: the rows are asset classes and the columns are the measures, so the metric is the leaf column header. B used the row label. currency_scale is copied verbatim with its parentheses as the page prints it, instead of B's normalised 'thousands'. asset_class comes from the bare 'Equities:'/'Debt:' heading rows, which print a label and no values and govern every row beneath them until the next such heading.; Source review: p8: BILL & MELINDA GATES FOUNDATION TRUST (The statement or note reports this line and its valuation column separately.) | p8: BILL & MELINDA GATES FOUNDATION TRUST (Printed heading or definition supporting the source-reviewed qualifier.) | p8: BILL & MELINDA GATES FOUNDATION TRUST (Supersedes SR1897: the printed entity or table label is context, not a measurement basis; source labels retain its scope.)",RESOLVED,A+B+ADJUDICATOR,2a3ff4eb15e88df08d12b0ffd4696117b642b6f1ff19ee5fb8bd8d1a3a025988
70215b26774d45389e22,SRC377,9,PAIR_8B93A849FDE34AD8251E74E4,CONTEXT_CONFLICT,128,135,source_section|source_table|asset_class|currency_scale|metric_name,MERGE,"source_section takes the printed heading governing the table on that page. source_table takes the printed title in full, section number included. metric_name follows the table's shape: the rows are asset classes and the columns are the measures, so the metric is the leaf column header. B used the row label. currency_scale is copied verbatim with its parentheses as the page prints it, instead of B's normalised 'thousands'. asset_class comes from the bare 'Equities:'/'Debt:' heading rows, which print a label and no values and govern every row beneath them until the next such heading.; Source review: p9: BILL & MELINDA GATES FOUNDATION TRUST (The statement or note reports this line and its valuation column separately.) | p9: BILL & MELINDA GATES FOUNDATION TRUST (Printed heading or definition supporting the source-reviewed qualifier.) | p9: BILL & MELINDA GATES FOUNDATION TRUST (Supersedes SR1898: the printed entity or table label is context, not a measurement basis; source labels retain its scope.)",RESOLVED,A+B+ADJUDICATOR,2a3ff4eb15e88df08d12b0ffd4696117b642b6f1ff19ee5fb8bd8d1a3a025988
850d92989d66d90084dd,SRC377,9,PAIR_072D9D0EAC525FF41B727E19,CONTEXT_CONFLICT,129,136,source_section|source_table|asset_class|currency_scale|metric_name,MERGE,"source_section takes the printed heading governing the table on that page. source_table takes the printed title in full, section number included. metric_name follows the table's shape: the rows are asset classes and the columns are the measures, so the metric is the leaf column header. B used the row label. currency_scale is copied verbatim with its parentheses as the page prints it, instead of B's normalised 'thousands'. asset_class comes from the bare 'Equities:'/'Debt:' heading rows, which print a label and no values and govern every row beneath them until the next such heading.; Source review: p9: BILL & MELINDA GATES FOUNDATION TRUST (The statement or note reports this line and its valuation column separately.) | p9: BILL & MELINDA GATES FOUNDATION TRUST (Printed heading or definition supporting the source-reviewed qualifier.) | p9: BILL & MELINDA GATES FOUNDATION TRUST (Supersedes SR1899: the printed entity or table label is context, not a measurement basis; source labels retain its scope.)",RESOLVED,A+B+ADJUDICATOR,2a3ff4eb15e88df08d12b0ffd4696117b642b6f1ff19ee5fb8bd8d1a3a025988
33c7723bac3e37b94bb6,SRC377,9,PAIR_E3231F499C9AE55B5BA11E68,CONTEXT_CONFLICT,130,137,source_section|source_table|asset_class|currency_scale|metric_name,MERGE,"source_section takes the printed heading governing the table on that page. source_table takes the printed title in full, section number included. metric_name follows the table's shape: the rows are asset classes and the columns are the measures, so the metric is the leaf column header. B used the row label. currency_scale is copied verbatim with its parentheses as the page prints it, instead of B's normalised 'thousands'. asset_class comes from the bare 'Equities:'/'Debt:' heading rows, which print a label and no values and govern every row beneath them until the next such heading.; Source review: p9: BILL & MELINDA GATES FOUNDATION TRUST (The statement or note reports this line and its valuation column separately.) | p9: BILL & MELINDA GATES FOUNDATION TRUST (Printed heading or definition supporting the source-reviewed qualifier.) | p9: BILL & MELINDA GATES FOUNDATION TRUST (Supersedes SR1900: the printed entity or table label is context, not a measurement basis; source labels retain its scope.)",RESOLVED,A+B+ADJUDICATOR,2a3ff4eb15e88df08d12b0ffd4696117b642b6f1ff19ee5fb8bd8d1a3a025988
62cb10418d90bcd054a6,SRC377,9,PAIR_72F706A45941FB9E2F3F5B70,CLASSIFICATION_CONFLICT,131,138,source_section|source_table|currency_scale|metric_category|metric_name,MERGE,"source_section takes the printed heading governing the table on that page. source_table takes the printed title in full, section number included. metric_name follows the table's shape: the rows are asset classes and the columns are the measures, so the metric is the leaf column header. B used the row label. currency_scale is copied verbatim with its parentheses as the page prints it, instead of B's normalised 'thousands'. asset_class comes from the bare 'Equities:'/'Debt:' heading rows, which print a label and no values and govern every row beneath them until the next such heading. metric_category is investment_fair_value, not B's cash: note 2(c) states cash equivalents are classified within investments, and the balance sheet's own Cash line is a different and smaller figure, so this cell is an investment measured at fair value.; Source review: p9: BILL & MELINDA GATES FOUNDATION TRUST (The statement or note reports this line and its valuation column separately.) | p9: BILL & MELINDA GATES FOUNDATION TRUST (Printed heading or definition supporting the source-reviewed qualifier.) | p9: BILL & MELINDA GATES FOUNDATION TRUST (Supersedes SR1901: the printed entity or table label is context, not a measurement basis; source labels retain its scope.)",RESOLVED,A+B+ADJUDICATOR,2a3ff4eb15e88df08d12b0ffd4696117b642b6f1ff19ee5fb8bd8d1a3a025988
3838894b7826c0b2dcce,SRC377,9,PAIR_A894CD3FD76CB3E4D5C4E0FF,VALUE_CONFLICT,132,139,source_section|source_table|currency_scale|metric_category|metric_name|metric_value_raw,MERGE,"source_section takes the printed heading governing the table on that page. source_table takes the printed title in full, section number included. metric_name follows the table's shape: the rows are asset classes and the columns are the measures, so the metric is the leaf column header. B used the row label. currency_scale is copied verbatim with its parentheses as the page prints it, instead of B's normalised 'thousands'. asset_class comes from the bare 'Equities:'/'Debt:' heading rows, which print a label and no values and govern every row beneath them until the next such heading. metric_category is investment_fair_value, not B's cash: note 2(c) states cash equivalents are classified within investments, and the balance sheet's own Cash line is a different and smaller figure, so this cell is an investment measured at fair value. metric_value_raw keeps the dollar sign the page prints against this cell, closed up to the digits; B stripped it.; Source review: p9: BILL & MELINDA GATES FOUNDATION TRUST (The statement or note reports this line and its valuation column separately.) | p9: BILL & MELINDA GATES FOUNDATION TRUST (Printed heading or definition supporting the source-reviewed qualifier.) | p9: BILL & MELINDA GATES FOUNDATION TRUST (Supersedes SR1902: the printed entity or table label is context, not a measurement basis; source labels retain its scope.)",RESOLVED,A+B+ADJUDICATOR,2a3ff4eb15e88df08d12b0ffd4696117b642b6f1ff19ee5fb8bd8d1a3a025988
6c8b3a92abb502d01a06,SRC377,9,PAIR_A7FA5778DA6DA52E75C8C438,CLASSIFICATION_CONFLICT,133,140,source_section|source_table|currency_scale|metric_category|metric_name,MERGE,"source_section takes the printed heading governing the table on that page. source_table takes the printed title in full, section number included. metric_name follows the table's shape: the rows are asset classes and the columns are the measures, so the metric is the leaf column header. B used the row label. currency_scale is copied verbatim with its parentheses as the page prints it, instead of B's normalised 'thousands'. asset_class comes from the bare 'Equities:'/'Debt:' heading rows, which print a label and no values and govern every row beneath them until the next such heading. metric_category is investment_fair_value, not B's cash: note 2(c) states cash equivalents are classified within investments, and the balance sheet's own Cash line is a different and smaller figure, so this cell is an investment measured at fair value.; Source review: p9: BILL & MELINDA GATES FOUNDATION TRUST (The statement or note reports this line and its valuation column separately.) | p9: BILL & MELINDA GATES FOUNDATION TRUST (Printed heading or definition supporting the source-reviewed qualifier.) | p9: BILL & MELINDA GATES FOUNDATION TRUST (Supersedes SR1903: the printed entity or table label is context, not a measurement basis; source labels retain its scope.)",RESOLVED,A+B+ADJUDICATOR,2a3ff4eb15e88df08d12b0ffd4696117b642b6f1ff19ee5fb8bd8d1a3a025988
863c803e9286d4c24b5a,SRC377,9,PAIR_B71BEE9064C634C4DACA5953,CLASSIFICATION_CONFLICT,134,141,source_section|source_table|currency_scale|metric_category|metric_name,MERGE,"source_section takes the printed heading governing the table on that page. source_table takes the printed title in full, section number included. metric_name follows the table's shape: the rows are asset classes and the columns are the measures, so the metric is the leaf column header. B used the row label. currency_scale is copied verbatim with its parentheses as the page prints it, instead of B's normalised 'thousands'. asset_class comes from the bare 'Equities:'/'Debt:' heading rows, which print a label and no values and govern every row beneath them until the next such heading. metric_category is investment_fair_value, not B's cash: note 2(c) states cash equivalents are classified within investments, and the balance sheet's own Cash line is a different and smaller figure, so this cell is an investment measured at fair value.; Source review: p9: BILL & MELINDA GATES FOUNDATION TRUST (The statement or note reports this line and its valuation column separately.) | p9: BILL & MELINDA GATES FOUNDATION TRUST (Printed heading or definition supporting the source-reviewed qualifier.) | p9: BILL & MELINDA GATES FOUNDATION TRUST (Supersedes SR1904: the printed entity or table label is context, not a measurement basis; source labels retain its scope.)",RESOLVED,A+B+ADJUDICATOR,2a3ff4eb15e88df08d12b0ffd4696117b642b6f1ff19ee5fb8bd8d1a3a025988
92853cfd6ff1f2ed5237,SRC377,9,PAIR_4E8DAC342CAD3FB91FF574C9,CONTEXT_CONFLICT,135,142,source_section|source_table|currency_scale|metric_name,MERGE,"source_section takes the printed heading governing the table on that page. source_table takes the printed title in full, section number included. metric_name follows the table's shape: the rows are asset classes and the columns are the measures, so the metric is the leaf column header. B used the row label. currency_scale is copied verbatim with its parentheses as the page prints it, instead of B's normalised 'thousands'. asset_class comes from the bare 'Equities:'/'Debt:' heading rows, which print a label and no values and govern every row beneath them until the next such heading.; Source review: p9: BILL & MELINDA GATES FOUNDATION TRUST (The statement or note reports this line and its valuation column separately.) | p9: BILL & MELINDA GATES FOUNDATION TRUST (Printed heading or definition supporting the source-reviewed qualifier.) | p9: BILL & MELINDA GATES FOUNDATION TRUST (Supersedes SR1905: the printed entity or table label is context, not a measurement basis; source labels retain its scope.)",RESOLVED,A+B+ADJUDICATOR,2a3ff4eb15e88df08d12b0ffd4696117b642b6f1ff19ee5fb8bd8d1a3a025988
fb55045b7949251f61b4,SRC377,9,PAIR_879D540EFE877BC3FAB01F34,CONTEXT_CONFLICT,136,143,source_section|source_table|currency_scale|metric_name,MERGE,"source_section takes the printed heading governing the table on that page. source_table takes the printed title in full, section number included. metric_name follows the table's shape: the rows are asset classes and the columns are the measures, so the metric is the leaf column header. B used the row label. currency_scale is copied verbatim with its parentheses as the page prints it, instead of B's normalised 'thousands'. asset_class comes from the bare 'Equities:'/'Debt:' heading rows, which print a label and no values and govern every row beneath them until the next such heading.; Source review: p9: BILL & MELINDA GATES FOUNDATION TRUST (The statement or note reports this line and its valuation column separately.) | p9: BILL & MELINDA GATES FOUNDATION TRUST (Printed heading or definition supporting the source-reviewed qualifier.) | p9: BILL & MELINDA GATES FOUNDATION TRUST (Supersedes SR1906: the printed entity or table label is context, not a measurement basis; source labels retain its scope.)",RESOLVED,A+B+ADJUDICATOR,2a3ff4eb15e88df08d12b0ffd4696117b642b6f1ff19ee5fb8bd8d1a3a025988
f4bc0b1231388d7b686c,SRC377,9,PAIR_4D801B21FBA18660D4DDD229,CONTEXT_CONFLICT,137,144,source_section|source_table|currency_scale|metric_name,MERGE,"source_section takes the printed heading governing the table on that page. source_table takes the printed title in full, section number included. metric_name follows the table's shape: the rows are asset classes and the columns are the measures, so the metric is the leaf column header. B used the row label. currency_scale is copied verbatim with its parentheses as the page prints it, instead of B's normalised 'thousands'. asset_class comes from the bare 'Equities:'/'Debt:' heading rows, which print a label and no values and govern every row beneath them until the next such heading.; Source review: p9: BILL & MELINDA GATES FOUNDATION TRUST (The statement or note reports this line and its valuation column separately.) | p9: BILL & MELINDA GATES FOUNDATION TRUST (Printed heading or definition supporting the source-reviewed qualifier.) | p9: BILL & MELINDA GATES FOUNDATION TRUST (Supersedes SR1907: the printed entity or table label is context, not a measurement basis; source labels retain its scope.)",RESOLVED,A+B+ADJUDICATOR,2a3ff4eb15e88df08d12b0ffd4696117b642b6f1ff19ee5fb8bd8d1a3a025988
a40c236c39c2d794abe1,SRC377,9,PAIR_DF133F5858196377E1C65C73,CONTEXT_CONFLICT,138,145,source_section|source_table|currency_scale|metric_name,MERGE,"source_section takes the printed heading governing the table on that page. source_table takes the printed title in full, section number included. metric_name follows the table's shape: the rows are asset classes and the columns are the measures, so the metric is the leaf column header. B used the row label. currency_scale is copied verbatim with its parentheses as the page prints it, instead of B's normalised 'thousands'. asset_class comes from the bare 'Equities:'/'Debt:' heading rows, which print a label and no values and govern every row beneath them until the next such heading.; Source review: p9: BILL & MELINDA GATES FOUNDATION TRUST (The statement or note reports this line and its valuation column separately.) | p9: BILL & MELINDA GATES FOUNDATION TRUST (Printed heading or definition supporting the source-reviewed qualifier.) | p9: BILL & MELINDA GATES FOUNDATION TRUST (Supersedes SR1908: the printed entity or table label is context, not a measurement basis; source labels retain its scope.)",RESOLVED,A+B+ADJUDICATOR,2a3ff4eb15e88df08d12b0ffd4696117b642b6f1ff19ee5fb8bd8d1a3a025988
b273f063816532535324,SRC377,9,PAIR_4A401499DF6F8B577563A926,CONTEXT_CONFLICT,139,146,source_section|source_table|asset_class|currency_scale|metric_name,MERGE,"source_section takes the printed heading governing the table on that page. source_table takes the printed title in full, section number included. metric_name follows the table's shape: the rows are asset classes and the columns are the measures, so the metric is the leaf column header. B used the row label. currency_scale is copied verbatim with its parentheses as the page prints it, instead of B's normalised 'thousands'. asset_class comes from the bare 'Equities:'/'Debt:' heading rows, which print a label and no values and govern every row beneath them until the next such heading.; Source review: p9: BILL & MELINDA GATES FOUNDATION TRUST (The statement or note reports this line and its valuation column separately.) | p9: BILL & MELINDA GATES FOUNDATION TRUST (Printed heading or definition supporting the source-reviewed qualifier.) | p9: BILL & MELINDA GATES FOUNDATION TRUST (Supersedes SR1909: the printed entity or table label is context, not a measurement basis; source labels retain its scope.)",RESOLVED,A+B+ADJUDICATOR,2a3ff4eb15e88df08d12b0ffd4696117b642b6f1ff19ee5fb8bd8d1a3a025988
0ffc95eb875745c7c7aa,SRC377,9,PAIR_7C1026746BCC4E72A79D05C0,CONTEXT_CONFLICT,140,147,source_section|source_table|asset_class|currency_scale|metric_name,MERGE,"source_section takes the printed heading governing the table on that page. source_table takes the printed title in full, section number included. metric_name follows the table's shape: the rows are asset classes and the columns are the measures, so the metric is the leaf column header. B used the row label. currency_scale is copied verbatim with its parentheses as the page prints it, instead of B's normalised 'thousands'. asset_class comes from the bare 'Equities:'/'Debt:' heading rows, which print a label and no values and govern every row beneath them until the next such heading.; Source review: p9: BILL & MELINDA GATES FOUNDATION TRUST (The statement or note reports this line and its valuation column separately.) | p9: BILL & MELINDA GATES FOUNDATION TRUST (Printed heading or definition supporting the source-reviewed qualifier.) | p9: BILL & MELINDA GATES FOUNDATION TRUST (Supersedes SR1910: the printed entity or table label is context, not a measurement basis; source labels retain its scope.)",RESOLVED,A+B+ADJUDICATOR,2a3ff4eb15e88df08d12b0ffd4696117b642b6f1ff19ee5fb8bd8d1a3a025988
99879cfb3b51799598de,SRC377,9,PAIR_AA372306D91A233CC143CA06,CONTEXT_CONFLICT,141,148,source_section|source_table|asset_class|currency_scale|metric_name,MERGE,"source_section takes the printed heading governing the table on that page. source_table takes the printed title in full, section number included. metric_name follows the table's shape: the rows are asset classes and the columns are the measures, so the metric is the leaf column header. B used the row label. currency_scale is copied verbatim with its parentheses as the page prints it, instead of B's normalised 'thousands'. asset_class comes from the bare 'Equities:'/'Debt:' heading rows, which print a label and no values and govern every row beneath them until the next such heading.; Source review: p9: BILL & MELINDA GATES FOUNDATION TRUST (The statement or note reports this line and its valuation column separately.) | p9: BILL & MELINDA GATES FOUNDATION TRUST (Printed heading or definition supporting the source-reviewed qualifier.) | p9: BILL & MELINDA GATES FOUNDATION TRUST (Supersedes SR1911: the printed entity or table label is context, not a measurement basis; source labels retain its scope.)",RESOLVED,A+B+ADJUDICATOR,2a3ff4eb15e88df08d12b0ffd4696117b642b6f1ff19ee5fb8bd8d1a3a025988
e16c930f9bcf1d2e41c4,SRC377,9,PAIR_876175673ABDFB87A9C6A623,CONTEXT_CONFLICT,142,149,source_section|source_table|asset_class|currency_scale|metric_name,MERGE,"source_section takes the printed heading governing the table on that page. source_table takes the printed title in full, section number included. metric_name follows the table's shape: the rows are asset classes and the columns are the measures, so the metric is the leaf column header. B used the row label. currency_scale is copied verbatim with its parentheses as the page prints it, instead of B's normalised 'thousands'. asset_class comes from the bare 'Equities:'/'Debt:' heading rows, which print a label and no values and govern every row beneath them until the next such heading.; Source review: p9: BILL & MELINDA GATES FOUNDATION TRUST (The statement or note reports this line and its valuation column separately.) | p9: BILL & MELINDA GATES FOUNDATION TRUST (Printed heading or definition supporting the source-reviewed qualifier.) | p9: BILL & MELINDA GATES FOUNDATION TRUST (Supersedes SR1912: the printed entity or table label is context, not a measurement basis; source labels retain its scope.)",RESOLVED,A+B+ADJUDICATOR,2a3ff4eb15e88df08d12b0ffd4696117b642b6f1ff19ee5fb8bd8d1a3a025988
3820ab176ee6152916d3,SRC377,9,PAIR_63046DC72E6F158284ADF763,CONTEXT_CONFLICT,143,150,source_section|source_table|asset_class|currency_scale|metric_name,MERGE,"source_section takes the printed heading governing the table on that page. source_table takes the printed title in full, section number included. metric_name follows the table's shape: the rows are asset classes and the columns are the measures, so the metric is the leaf column header. B used the row label. currency_scale is copied verbatim with its parentheses as the page prints it, instead of B's normalised 'thousands'. asset_class comes from the bare 'Equities:'/'Debt:' heading rows, which print a label and no values and govern every row beneath them until the next such heading.; Source review: p9: BILL & MELINDA GATES FOUNDATION TRUST (The statement or note reports this line and its valuation column separately.) | p9: BILL & MELINDA GATES FOUNDATION TRUST (Printed heading or definition supporting the source-reviewed qualifier.) | p9: BILL & MELINDA GATES FOUNDATION TRUST (Supersedes SR1913: the printed entity or table label is context, not a measurement basis; source labels retain its scope.)",RESOLVED,A+B+ADJUDICATOR,2a3ff4eb15e88df08d12b0ffd4696117b642b6f1ff19ee5fb8bd8d1a3a025988
167b7fcaa1c51bbfbe2d,SRC377,9,PAIR_95A5AFEF005E0D905E0AC1D9,CONTEXT_CONFLICT,144,151,source_section|source_table|asset_class|currency_scale|metric_name,MERGE,"source_section takes the printed heading governing the table on that page. source_table takes the printed title in full, section number included. metric_name follows the table's shape: the rows are asset classes and the columns are the measures, so the metric is the leaf column header. B used the row label. currency_scale is copied verbatim with its parentheses as the page prints it, instead of B's normalised 'thousands'. asset_class comes from the bare 'Equities:'/'Debt:' heading rows, which print a label and no values and govern every row beneath them until the next such heading.; Source review: p9: BILL & MELINDA GATES FOUNDATION TRUST (The statement or note reports this line and its valuation column separately.) | p9: BILL & MELINDA GATES FOUNDATION TRUST (Printed heading or definition supporting the source-reviewed qualifier.) | p9: BILL & MELINDA GATES FOUNDATION TRUST (Supersedes SR1914: the printed entity or table label is context, not a measurement basis; source labels retain its scope.)",RESOLVED,A+B+ADJUDICATOR,2a3ff4eb15e88df08d12b0ffd4696117b642b6f1ff19ee5fb8bd8d1a3a025988
7f73ca1ffa1ebe0bb98c,SRC377,9,PAIR_29E465D403E9E364758150AB,CONTEXT_CONFLICT,145,152,source_section|source_table|asset_class|currency_scale|metric_name,MERGE,"source_section takes the printed heading governing the table on that page. source_table takes the printed title in full, section number included. metric_name follows the table's shape: the rows are asset classes and the columns are the measures, so the metric is the leaf column header. B used the row label. currency_scale is copied verbatim with its parentheses as the page prints it, instead of B's normalised 'thousands'. asset_class comes from the bare 'Equities:'/'Debt:' heading rows, which print a label and no values and govern every row beneath them until the next such heading.; Source review: p9: BILL & MELINDA GATES FOUNDATION TRUST (The statement or note reports this line and its valuation column separately.) | p9: BILL & MELINDA GATES FOUNDATION TRUST (Printed heading or definition supporting the source-reviewed qualifier.) | p9: BILL & MELINDA GATES FOUNDATION TRUST (Supersedes SR1915: the printed entity or table label is context, not a measurement basis; source labels retain its scope.)",RESOLVED,A+B+ADJUDICATOR,2a3ff4eb15e88df08d12b0ffd4696117b642b6f1ff19ee5fb8bd8d1a3a025988
e2dc10216e40df29eea9,SRC377,9,PAIR_3C516FAD29AFE6D7D1AFE593,CONTEXT_CONFLICT,146,153,source_section|source_table|asset_class|currency_scale|metric_name,MERGE,"source_section takes the printed heading governing the table on that page. source_table takes the printed title in full, section number included. metric_name follows the table's shape: the rows are asset classes and the columns are the measures, so the metric is the leaf column header. B used the row label. currency_scale is copied verbatim with its parentheses as the page prints it, instead of B's normalised 'thousands'. asset_class comes from the bare 'Equities:'/'Debt:' heading rows, which print a label and no values and govern every row beneath them until the next such heading.; Source review: p9: BILL & MELINDA GATES FOUNDATION TRUST (The statement or note reports this line and its valuation column separately.) | p9: BILL & MELINDA GATES FOUNDATION TRUST (Printed heading or definition supporting the source-reviewed qualifier.) | p9: BILL & MELINDA GATES FOUNDATION TRUST (Supersedes SR1916: the printed entity or table label is context, not a measurement basis; source labels retain its scope.)",RESOLVED,A+B+ADJUDICATOR,2a3ff4eb15e88df08d12b0ffd4696117b642b6f1ff19ee5fb8bd8d1a3a025988
29a272982ffc6b1bfafa,SRC377,9,PAIR_7619F36318B46A5EE4A1B0C3,CONTEXT_CONFLICT,147,154,source_section|source_table|currency_scale|metric_name,MERGE,"source_section takes the printed heading governing the table on that page. source_table takes the printed title in full, section number included. metric_name follows the table's shape: the rows are asset classes and the columns are the measures, so the metric is the leaf column header. B used the row label. currency_scale is copied verbatim with its parentheses as the page prints it, instead of B's normalised 'thousands'. asset_class comes from the bare 'Equities:'/'Debt:' heading rows, which print a label and no values and govern every row beneath them until the next such heading.; Source review: p9: BILL & MELINDA GATES FOUNDATION TRUST (The statement or note reports this line and its valuation column separately.) | p9: BILL & MELINDA GATES FOUNDATION TRUST (Printed heading or definition supporting the source-reviewed qualifier.) | p9: BILL & MELINDA GATES FOUNDATION TRUST (Supersedes SR1917: the printed entity or table label is context, not a measurement basis; source labels retain its scope.)",RESOLVED,A+B+ADJUDICATOR,2a3ff4eb15e88df08d12b0ffd4696117b642b6f1ff19ee5fb8bd8d1a3a025988
98251266bf51fd8dadd6,SRC377,9,PAIR_C676439DC830F87AFBF42882,CONTEXT_CONFLICT,148,155,source_section|source_table|currency_scale|metric_name,MERGE,"source_section takes the printed heading governing the table on that page. source_table takes the printed title in full, section number included. metric_name follows the table's shape: the rows are asset classes and the columns are the measures, so the metric is the leaf column header. B used the row label. currency_scale is copied verbatim with its parentheses as the page prints it, instead of B's normalised 'thousands'. asset_class comes from the bare 'Equities:'/'Debt:' heading rows, which print a label and no values and govern every row beneath them until the next such heading.; Source review: p9: BILL & MELINDA GATES FOUNDATION TRUST (The statement or note reports this line and its valuation column separately.) | p9: BILL & MELINDA GATES FOUNDATION TRUST (Printed heading or definition supporting the source-reviewed qualifier.) | p9: BILL & MELINDA GATES FOUNDATION TRUST (Supersedes SR1918: the printed entity or table label is context, not a measurement basis; source labels retain its scope.)",RESOLVED,A+B+ADJUDICATOR,2a3ff4eb15e88df08d12b0ffd4696117b642b6f1ff19ee5fb8bd8d1a3a025988
235810c09eec12c1d771,SRC377,9,PAIR_FD9886AA3470E789408474EA,CONTEXT_CONFLICT,149,156,source_section|source_table|currency_scale|metric_name,MERGE,"source_section takes the printed heading governing the table on that page. source_table takes the printed title in full, section number included. metric_name follows the table's shape: the rows are asset classes and the columns are the measures, so the metric is the leaf column header. B used the row label. currency_scale is copied verbatim with its parentheses as the page prints it, instead of B's normalised 'thousands'. asset_class comes from the bare 'Equities:'/'Debt:' heading rows, which print a label and no values and govern every row beneath them until the next such heading.; Source review: p9: BILL & MELINDA GATES FOUNDATION TRUST (The statement or note reports this line and its valuation column separately.) | p9: BILL & MELINDA GATES FOUNDATION TRUST (Printed heading or definition supporting the source-reviewed qualifier.) | p9: BILL & MELINDA GATES FOUNDATION TRUST (Supersedes SR1919: the printed entity or table label is context, not a measurement basis; source labels retain its scope.)",RESOLVED,A+B+ADJUDICATOR,2a3ff4eb15e88df08d12b0ffd4696117b642b6f1ff19ee5fb8bd8d1a3a025988
734836e7b1f5143335de,SRC377,9,PAIR_35E3F6515880CF025C8466F7,CONTEXT_CONFLICT,150,157,source_section|source_table|currency_scale|metric_name,MERGE,"source_section takes the printed heading governing the table on that page. source_table takes the printed title in full, section number included. metric_name follows the table's shape: the rows are asset classes and the columns are the measures, so the metric is the leaf column header. B used the row label. currency_scale is copied verbatim with its parentheses as the page prints it, instead of B's normalised 'thousands'. asset_class comes from the bare 'Equities:'/'Debt:' heading rows, which print a label and no values and govern every row beneath them until the next such heading.; Source review: p9: BILL & MELINDA GATES FOUNDATION TRUST (The statement or note reports this line and its valuation column separately.) | p9: BILL & MELINDA GATES FOUNDATION TRUST (Printed heading or definition supporting the source-reviewed qualifier.) | p9: BILL & MELINDA GATES FOUNDATION TRUST (Supersedes SR1920: the printed entity or table label is context, not a measurement basis; source labels retain its scope.)",RESOLVED,A+B+ADJUDICATOR,2a3ff4eb15e88df08d12b0ffd4696117b642b6f1ff19ee5fb8bd8d1a3a025988
d8d924c39e4b12dff5f7,SRC377,9,PAIR_D27775EAA8A34D89CB9E1FDC,CONTEXT_CONFLICT,151,158,source_section|source_table|currency_scale|metric_name,MERGE,"source_section takes the printed heading governing the table on that page. source_table takes the printed title in full, section number included. metric_name follows the table's shape: the rows are asset classes and the columns are the measures, so the metric is the leaf column header. B used the row label. currency_scale is copied verbatim with its parentheses as the page prints it, instead of B's normalised 'thousands'. asset_class comes from the bare 'Equities:'/'Debt:' heading rows, which print a label and no values and govern every row beneath them until the next such heading.; Source review: p9: BILL & MELINDA GATES FOUNDATION TRUST (The statement or note reports this line and its valuation column separately.) | p9: BILL & MELINDA GATES FOUNDATION TRUST (Printed heading or definition supporting the source-reviewed qualifier.) | p9: BILL & MELINDA GATES FOUNDATION TRUST (Supersedes SR1921: the printed entity or table label is context, not a measurement basis; source labels retain its scope.)",RESOLVED,A+B+ADJUDICATOR,2a3ff4eb15e88df08d12b0ffd4696117b642b6f1ff19ee5fb8bd8d1a3a025988
7aac3344ada7d2cdf95e,SRC377,9,PAIR_05D5CB38A8BF36CD1AB8A727,CONTEXT_CONFLICT,152,159,source_section|source_table|currency_scale|metric_name,MERGE,"source_section takes the printed heading governing the table on that page. source_table takes the printed title in full, section number included. metric_name follows the table's shape: the rows are asset classes and the columns are the measures, so the metric is the leaf column header. B used the row label. currency_scale is copied verbatim with its parentheses as the page prints it, instead of B's normalised 'thousands'. asset_class comes from the bare 'Equities:'/'Debt:' heading rows, which print a label and no values and govern every row beneath them until the next such heading.; Source review: p9: BILL & MELINDA GATES FOUNDATION TRUST (The statement or note reports this line and its valuation column separately.) | p9: BILL & MELINDA GATES FOUNDATION TRUST (Printed heading or definition supporting the source-reviewed qualifier.) | p9: Derivative liabilities $ 8,704 157,625 — 166,329 (148,075) 18,254 (The printed label identifies a statement item, not an institution; retain the accounting scope without an entity ID.) | p9: BILL & MELINDA GATES FOUNDATION TRUST (Supersedes SR1922: the printed entity or table label is context, not a measurement basis; source labels retain its scope.)",RESOLVED,A+B+ADJUDICATOR,2a3ff4eb15e88df08d12b0ffd4696117b642b6f1ff19ee5fb8bd8d1a3a025988
2b7390e6c1bf76ea7ff4,SRC377,9,PAIR_FB9D01E52D056FEFA93E90F6,VALUE_CONFLICT,153,160,source_section|source_table|currency_scale|metric_name|metric_value_raw,MERGE,"source_section takes the printed heading governing the table on that page. source_table takes the printed title in full, section number included. metric_name follows the table's shape: the rows are asset classes and the columns are the measures, so the metric is the leaf column header. B used the row label. currency_scale is copied verbatim with its parentheses as the page prints it, instead of B's normalised 'thousands'. asset_class comes from the bare 'Equities:'/'Debt:' heading rows, which print a label and no values and govern every row beneath them until the next such heading. metric_value_raw keeps the dollar sign the page prints against this cell, closed up to the digits; B stripped it.; Source review: p9: BILL & MELINDA GATES FOUNDATION TRUST (The statement or note reports this line and its valuation column separately.) | p9: BILL & MELINDA GATES FOUNDATION TRUST (Printed heading or definition supporting the source-reviewed qualifier.) | p9: Derivative liabilities $ 8,704 157,625 — 166,329 (148,075) 18,254 (The printed label identifies a statement item, not an institution; retain the accounting scope without an entity ID.) | p9: BILL & MELINDA GATES FOUNDATION TRUST (Supersedes SR1923: the printed entity or table label is context, not a measurement basis; source labels retain its scope.)",RESOLVED,A+B+ADJUDICATOR,2a3ff4eb15e88df08d12b0ffd4696117b642b6f1ff19ee5fb8bd8d1a3a025988
32a04c7f46b87b3743b4,SRC377,9,PAIR_C4201033EAC1DB2EF0485E24,CONTEXT_CONFLICT,154,161,source_section|source_table|currency_scale|metric_name,MERGE,"source_section takes the printed heading governing the table on that page. source_table takes the printed title in full, section number included. metric_name follows the table's shape: the rows are asset classes and the columns are the measures, so the metric is the leaf column header. B used the row label. currency_scale is copied verbatim with its parentheses as the page prints it, instead of B's normalised 'thousands'. asset_class comes from the bare 'Equities:'/'Debt:' heading rows, which print a label and no values and govern every row beneath them until the next such heading.; Source review: p9: BILL & MELINDA GATES FOUNDATION TRUST (The statement or note reports this line and its valuation column separately.) | p9: BILL & MELINDA GATES FOUNDATION TRUST (Printed heading or definition supporting the source-reviewed qualifier.) | p9: Derivative liabilities $ 8,704 157,625 — 166,329 (148,075) 18,254 (The printed label identifies a statement item, not an institution; retain the accounting scope without an entity ID.) | p9: BILL & MELINDA GATES FOUNDATION TRUST (Supersedes SR1924: the printed entity or table label is context, not a measurement basis; source labels retain its scope.)",RESOLVED,A+B+ADJUDICATOR,2a3ff4eb15e88df08d12b0ffd4696117b642b6f1ff19ee5fb8bd8d1a3a025988
686533392405a2a62d56,SRC377,9,PAIR_E63F6BFFD658D2E3A16DDEEF,CONTEXT_CONFLICT,155,162,source_section|source_table|currency_scale|metric_name,MERGE,"source_section takes the printed heading governing the table on that page. source_table takes the printed title in full, section number included. metric_name follows the table's shape: the rows are asset classes and the columns are the measures, so the metric is the leaf column header. B used the row label. currency_scale is copied verbatim with its parentheses as the page prints it, instead of B's normalised 'thousands'. asset_class comes from the bare 'Equities:'/'Debt:' heading rows, which print a label and no values and govern every row beneath them until the next such heading.; Source review: p9: BILL & MELINDA GATES FOUNDATION TRUST (The statement or note reports this line and its valuation column separately.) | p9: BILL & MELINDA GATES FOUNDATION TRUST (Printed heading or definition supporting the source-reviewed qualifier.) | p9: Derivative liabilities $ 8,704 157,625 — 166,329 (148,075) 18,254 (The printed label identifies a statement item, not an institution; retain the accounting scope without an entity ID.) | p9: BILL & MELINDA GATES FOUNDATION TRUST (Supersedes SR1925: the printed entity or table label is context, not a measurement basis; source labels retain its scope.)",RESOLVED,A+B+ADJUDICATOR,2a3ff4eb15e88df08d12b0ffd4696117b642b6f1ff19ee5fb8bd8d1a3a025988
ed1b314ea4d409f87a9d,SRC377,9,PAIR_1FA0FD39F9D45AE368614C56,CONTEXT_CONFLICT,156,163,source_section|source_table|currency_scale|metric_name,MERGE,"source_section takes the printed heading governing the table on that page. source_table takes the printed title in full, section number included. metric_name follows the table's shape: the rows are asset classes and the columns are the measures, so the metric is the leaf column header. B used the row label. currency_scale is copied verbatim with its parentheses as the page prints it, instead of B's normalised 'thousands'. asset_class comes from the bare 'Equities:'/'Debt:' heading rows, which print a label and no values and govern every row beneath them until the next such heading.; Source review: p9: BILL & MELINDA GATES FOUNDATION TRUST (The statement or note reports this line and its valuation column separately.) | p9: BILL & MELINDA GATES FOUNDATION TRUST (Printed heading or definition supporting the source-reviewed qualifier.) | p9: Derivative liabilities $ 8,704 157,625 — 166,329 (148,075) 18,254 (The printed label identifies a statement item, not an institution; retain the accounting scope without an entity ID.) | p9: BILL & MELINDA GATES FOUNDATION TRUST (Supersedes SR1926: the printed entity or table label is context, not a measurement basis; source labels retain its scope.)",RESOLVED,A+B+ADJUDICATOR,2a3ff4eb15e88df08d12b0ffd4696117b642b6f1ff19ee5fb8bd8d1a3a025988
de43fe6fc6f24eb6ce3f,SRC377,9,PAIR_6F1A9B1309A8B2189A5BBCD0,CONTEXT_CONFLICT,157,164,source_section|source_table|asset_class|currency_scale|metric_name,MERGE,"source_section takes the printed heading governing the table on that page. source_table takes the printed title in full, section number included. metric_name follows the table's shape: the rows are asset classes and the columns are the measures, so the metric is the leaf column header. B used the row label. currency_scale is copied verbatim with its parentheses as the page prints it, instead of B's normalised 'thousands'. asset_class comes from the bare 'Equities:'/'Debt:' heading rows, which print a label and no values and govern every row beneath them until the next such heading.; Source review: p9: BILL & MELINDA GATES FOUNDATION TRUST (The statement or note reports this line and its valuation column separately.) | p9: BILL & MELINDA GATES FOUNDATION TRUST (Printed heading or definition supporting the source-reviewed qualifier.) | p9: BILL & MELINDA GATES FOUNDATION TRUST (Supersedes SR1927: the printed entity or table label is context, not a measurement basis; source labels retain its scope.)",RESOLVED,A+B+ADJUDICATOR,2a3ff4eb15e88df08d12b0ffd4696117b642b6f1ff19ee5fb8bd8d1a3a025988
90a0780ed5ca16ccc6b5,SRC377,9,PAIR_EF9816D40304D6CD1123498C,CONTEXT_CONFLICT,158,165,source_section|source_table|asset_class|currency_scale|metric_name,MERGE,"source_section takes the printed heading governing the table on that page. source_table takes the printed title in full, section number included. metric_name follows the table's shape: the rows are asset classes and the columns are the measures, so the metric is the leaf column header. B used the row label. currency_scale is copied verbatim with its parentheses as the page prints it, instead of B's normalised 'thousands'. asset_class comes from the bare 'Equities:'/'Debt:' heading rows, which print a label and no values and govern every row beneath them until the next such heading.; Source review: p9: BILL & MELINDA GATES FOUNDATION TRUST (The statement or note reports this line and its valuation column separately.) | p9: BILL & MELINDA GATES FOUNDATION TRUST (Printed heading or definition supporting the source-reviewed qualifier.) | p9: BILL & MELINDA GATES FOUNDATION TRUST (Supersedes SR1928: the printed entity or table label is context, not a measurement basis; source labels retain its scope.)",RESOLVED,A+B+ADJUDICATOR,2a3ff4eb15e88df08d12b0ffd4696117b642b6f1ff19ee5fb8bd8d1a3a025988
09b305873f23838ba53f,SRC377,9,PAIR_6C9290AECBFBE9A59ECBA798,CONTEXT_CONFLICT,159,166,source_section|source_table|asset_class|currency_scale|metric_name,MERGE,"source_section takes the printed heading governing the table on that page. source_table takes the printed title in full, section number included. metric_name follows the table's shape: the rows are asset classes and the columns are the measures, so the metric is the leaf column header. B used the row label. currency_scale is copied verbatim with its parentheses as the page prints it, instead of B's normalised 'thousands'. asset_class comes from the bare 'Equities:'/'Debt:' heading rows, which print a label and no values and govern every row beneath them until the next such heading.; Source review: p9: BILL & MELINDA GATES FOUNDATION TRUST (The statement or note reports this line and its valuation column separately.) | p9: BILL & MELINDA GATES FOUNDATION TRUST (Printed heading or definition supporting the source-reviewed qualifier.) | p9: BILL & MELINDA GATES FOUNDATION TRUST (Supersedes SR1929: the printed entity or table label is context, not a measurement basis; source labels retain its scope.)",RESOLVED,A+B+ADJUDICATOR,2a3ff4eb15e88df08d12b0ffd4696117b642b6f1ff19ee5fb8bd8d1a3a025988
35d28f85a39cfd6c922e,SRC377,9,PAIR_CCC879D3AC313001771CA330,CONTEXT_CONFLICT,160,167,source_section|source_table|asset_class|currency_scale|metric_name,MERGE,"source_section takes the printed heading governing the table on that page. source_table takes the printed title in full, section number included. metric_name follows the table's shape: the rows are asset classes and the columns are the measures, so the metric is the leaf column header. B used the row label. currency_scale is copied verbatim with its parentheses as the page prints it, instead of B's normalised 'thousands'. asset_class comes from the bare 'Equities:'/'Debt:' heading rows, which print a label and no values and govern every row beneath them until the next such heading.; Source review: p9: BILL & MELINDA GATES FOUNDATION TRUST (The statement or note reports this line and its valuation column separately.) | p9: BILL & MELINDA GATES FOUNDATION TRUST (Printed heading or definition supporting the source-reviewed qualifier.) | p9: BILL & MELINDA GATES FOUNDATION TRUST (Supersedes SR1930: the printed entity or table label is context, not a measurement basis; source labels retain its scope.)",RESOLVED,A+B+ADJUDICATOR,2a3ff4eb15e88df08d12b0ffd4696117b642b6f1ff19ee5fb8bd8d1a3a025988
2ad51fa28e40ffb787eb,SRC377,9,PAIR_37A09EE52CF4581D0721F019,CONTEXT_CONFLICT,161,168,source_section|source_table|asset_class|currency_scale|metric_name,MERGE,"source_section takes the printed heading governing the table on that page. source_table takes the printed title in full, section number included. metric_name follows the table's shape: the rows are asset classes and the columns are the measures, so the metric is the leaf column header. B used the row label. currency_scale is copied verbatim with its parentheses as the page prints it, instead of B's normalised 'thousands'. asset_class comes from the bare 'Equities:'/'Debt:' heading rows, which print a label and no values and govern every row beneath them until the next such heading.; Source review: p9: BILL & MELINDA GATES FOUNDATION TRUST (The statement or note reports this line and its valuation column separately.) | p9: BILL & MELINDA GATES FOUNDATION TRUST (Printed heading or definition supporting the source-reviewed qualifier.) | p9: BILL & MELINDA GATES FOUNDATION TRUST (Supersedes SR1931: the printed entity or table label is context, not a measurement basis; source labels retain its scope.)",RESOLVED,A+B+ADJUDICATOR,2a3ff4eb15e88df08d12b0ffd4696117b642b6f1ff19ee5fb8bd8d1a3a025988
3f808797b181893c0d8f,SRC377,9,PAIR_09E6BF019AF9BDA4E59CF4AB,CONTEXT_CONFLICT,162,169,source_section|source_table|asset_class|currency_scale|metric_name,MERGE,"source_section takes the printed heading governing the table on that page. source_table takes the printed title in full, section number included. metric_name follows the table's shape: the rows are asset classes and the columns are the measures, so the metric is the leaf column header. B used the row label. currency_scale is copied verbatim with its parentheses as the page prints it, instead of B's normalised 'thousands'. asset_class comes from the bare 'Equities:'/'Debt:' heading rows, which print a label and no values and govern every row beneath them until the next such heading.; Source review: p9: BILL & MELINDA GATES FOUNDATION TRUST (The statement or note reports this line and its valuation column separately.) | p9: BILL & MELINDA GATES FOUNDATION TRUST (Printed heading or definition supporting the source-reviewed qualifier.) | p9: BILL & MELINDA GATES FOUNDATION TRUST (Supersedes SR1932: the printed entity or table label is context, not a measurement basis; source labels retain its scope.)",RESOLVED,A+B+ADJUDICATOR,2a3ff4eb15e88df08d12b0ffd4696117b642b6f1ff19ee5fb8bd8d1a3a025988
2a989bae4259c3ad0b64,SRC377,9,PAIR_137704342DD1B09E0FDDDC4F,CONTEXT_CONFLICT,163,170,source_section|source_table|asset_class|currency_scale|metric_name,MERGE,"source_section takes the printed heading governing the table on that page. source_table takes the printed title in full, section number included. metric_name follows the table's shape: the rows are asset classes and the columns are the measures, so the metric is the leaf column header. B used the row label. currency_scale is copied verbatim with its parentheses as the page prints it, instead of B's normalised 'thousands'. asset_class comes from the bare 'Equities:'/'Debt:' heading rows, which print a label and no values and govern every row beneath them until the next such heading.; Source review: p9: BILL & MELINDA GATES FOUNDATION TRUST (The statement or note reports this line and its valuation column separately.) | p9: BILL & MELINDA GATES FOUNDATION TRUST (Printed heading or definition supporting the source-reviewed qualifier.) | p9: BILL & MELINDA GATES FOUNDATION TRUST (Supersedes SR1933: the printed entity or table label is context, not a measurement basis; source labels retain its scope.)",RESOLVED,A+B+ADJUDICATOR,2a3ff4eb15e88df08d12b0ffd4696117b642b6f1ff19ee5fb8bd8d1a3a025988
95b8b0b4362e22232103,SRC377,9,PAIR_B32B344177E85809D13B4382,CONTEXT_CONFLICT,164,171,source_section|source_table|asset_class|currency_scale|metric_name,MERGE,"source_section takes the printed heading governing the table on that page. source_table takes the printed title in full, section number included. metric_name follows the table's shape: the rows are asset classes and the columns are the measures, so the metric is the leaf column header. B used the row label. currency_scale is copied verbatim with its parentheses as the page prints it, instead of B's normalised 'thousands'. asset_class comes from the bare 'Equities:'/'Debt:' heading rows, which print a label and no values and govern every row beneath them until the next such heading.; Source review: p9: BILL & MELINDA GATES FOUNDATION TRUST (The statement or note reports this line and its valuation column separately.) | p9: BILL & MELINDA GATES FOUNDATION TRUST (Printed heading or definition supporting the source-reviewed qualifier.) | p9: BILL & MELINDA GATES FOUNDATION TRUST (Supersedes SR1934: the printed entity or table label is context, not a measurement basis; source labels retain its scope.)",RESOLVED,A+B+ADJUDICATOR,2a3ff4eb15e88df08d12b0ffd4696117b642b6f1ff19ee5fb8bd8d1a3a025988
e8d102e42180c730b4c5,SRC377,9,PAIR_9D822E76D537B67DB7ABC9A7,CONTEXT_CONFLICT,165,172,source_section|source_table|asset_class|currency_scale|metric_name,MERGE,"source_section takes the printed heading governing the table on that page. source_table takes the printed title in full, section number included. metric_name follows the table's shape: the rows are asset classes and the columns are the measures, so the metric is the leaf column header. B used the row label. currency_scale is copied verbatim with its parentheses as the page prints it, instead of B's normalised 'thousands'. asset_class comes from the bare 'Equities:'/'Debt:' heading rows, which print a label and no values and govern every row beneath them until the next such heading.; Source review: p9: BILL & MELINDA GATES FOUNDATION TRUST (The statement or note reports this line and its valuation column separately.) | p9: BILL & MELINDA GATES FOUNDATION TRUST (Printed heading or definition supporting the source-reviewed qualifier.) | p9: BILL & MELINDA GATES FOUNDATION TRUST (Supersedes SR1935: the printed entity or table label is context, not a measurement basis; source labels retain its scope.)",RESOLVED,A+B+ADJUDICATOR,2a3ff4eb15e88df08d12b0ffd4696117b642b6f1ff19ee5fb8bd8d1a3a025988
684dc30709b168998cbf,SRC377,9,PAIR_37B2A8AC16C76188C27DACD4,CONTEXT_CONFLICT,166,173,source_section|source_table|asset_class|currency_scale|metric_name,MERGE,"source_section takes the printed heading governing the table on that page. source_table takes the printed title in full, section number included. metric_name follows the table's shape: the rows are asset classes and the columns are the measures, so the metric is the leaf column header. B used the row label. currency_scale is copied verbatim with its parentheses as the page prints it, instead of B's normalised 'thousands'. asset_class comes from the bare 'Equities:'/'Debt:' heading rows, which print a label and no values and govern every row beneath them until the next such heading.; Source review: p9: BILL & MELINDA GATES FOUNDATION TRUST (The statement or note reports this line and its valuation column separately.) | p9: BILL & MELINDA GATES FOUNDATION TRUST (Printed heading or definition supporting the source-reviewed qualifier.) | p9: BILL & MELINDA GATES FOUNDATION TRUST (Supersedes SR1936: the printed entity or table label is context, not a measurement basis; source labels retain its scope.)",RESOLVED,A+B+ADJUDICATOR,2a3ff4eb15e88df08d12b0ffd4696117b642b6f1ff19ee5fb8bd8d1a3a025988
298136c1ccd91966394b,SRC377,9,PAIR_E7349890B22C0B57F02B1A31,CONTEXT_CONFLICT,167,174,source_section|source_table|asset_class|currency_scale|metric_name,MERGE,"source_section takes the printed heading governing the table on that page. source_table takes the printed title in full, section number included. metric_name follows the table's shape: the rows are asset classes and the columns are the measures, so the metric is the leaf column header. B used the row label. currency_scale is copied verbatim with its parentheses as the page prints it, instead of B's normalised 'thousands'. asset_class comes from the bare 'Equities:'/'Debt:' heading rows, which print a label and no values and govern every row beneath them until the next such heading.; Source review: p9: BILL & MELINDA GATES FOUNDATION TRUST (The statement or note reports this line and its valuation column separately.) | p9: BILL & MELINDA GATES FOUNDATION TRUST (Printed heading or definition supporting the source-reviewed qualifier.) | p9: BILL & MELINDA GATES FOUNDATION TRUST (Supersedes SR1937: the printed entity or table label is context, not a measurement basis; source labels retain its scope.)",RESOLVED,A+B+ADJUDICATOR,2a3ff4eb15e88df08d12b0ffd4696117b642b6f1ff19ee5fb8bd8d1a3a025988
43915f2928026da72970,SRC377,9,PAIR_24EAB9B5C2387CB0E2EF7FA6,CONTEXT_CONFLICT,168,175,source_section|source_table|asset_class|currency_scale|metric_name,MERGE,"source_section takes the printed heading governing the table on that page. source_table takes the printed title in full, section number included. metric_name follows the table's shape: the rows are asset classes and the columns are the measures, so the metric is the leaf column header. B used the row label. currency_scale is copied verbatim with its parentheses as the page prints it, instead of B's normalised 'thousands'. asset_class comes from the bare 'Equities:'/'Debt:' heading rows, which print a label and no values and govern every row beneath them until the next such heading.; Source review: p9: BILL & MELINDA GATES FOUNDATION TRUST (The statement or note reports this line and its valuation column separately.) | p9: BILL & MELINDA GATES FOUNDATION TRUST (Printed heading or definition supporting the source-reviewed qualifier.) | p9: BILL & MELINDA GATES FOUNDATION TRUST (Supersedes SR1938: the printed entity or table label is context, not a measurement basis; source labels retain its scope.)",RESOLVED,A+B+ADJUDICATOR,2a3ff4eb15e88df08d12b0ffd4696117b642b6f1ff19ee5fb8bd8d1a3a025988
5f4cc0b2ab7a9c278586,SRC377,9,PAIR_CE91A731715E3CE56BECA790,CONTEXT_CONFLICT,169,176,source_section|source_table|asset_class|currency_scale|metric_name,MERGE,"source_section takes the printed heading governing the table on that page. source_table takes the printed title in full, section number included. metric_name follows the table's shape: the rows are asset classes and the columns are the measures, so the metric is the leaf column header. B used the row label. currency_scale is copied verbatim with its parentheses as the page prints it, instead of B's normalised 'thousands'. asset_class comes from the bare 'Equities:'/'Debt:' heading rows, which print a label and no values and govern every row beneath them until the next such heading.; Source review: p9: BILL & MELINDA GATES FOUNDATION TRUST (The statement or note reports this line and its valuation column separately.) | p9: BILL & MELINDA GATES FOUNDATION TRUST (Printed heading or definition supporting the source-reviewed qualifier.) | p9: BILL & MELINDA GATES FOUNDATION TRUST (Supersedes SR1939: the printed entity or table label is context, not a measurement basis; source labels retain its scope.)",RESOLVED,A+B+ADJUDICATOR,2a3ff4eb15e88df08d12b0ffd4696117b642b6f1ff19ee5fb8bd8d1a3a025988
cd5bd409adaf12e63e12,SRC377,9,PAIR_64C65B2A836B13011A584BDB,CONTEXT_CONFLICT,170,177,source_section|source_table|asset_class|currency_scale|metric_name,MERGE,"source_section takes the printed heading governing the table on that page. source_table takes the printed title in full, section number included. metric_name follows the table's shape: the rows are asset classes and the columns are the measures, so the metric is the leaf column header. B used the row label. currency_scale is copied verbatim with its parentheses as the page prints it, instead of B's normalised 'thousands'. asset_class comes from the bare 'Equities:'/'Debt:' heading rows, which print a label and no values and govern every row beneath them until the next such heading.; Source review: p9: BILL & MELINDA GATES FOUNDATION TRUST (The statement or note reports this line and its valuation column separately.) | p9: BILL & MELINDA GATES FOUNDATION TRUST (Printed heading or definition supporting the source-reviewed qualifier.) | p9: BILL & MELINDA GATES FOUNDATION TRUST (Supersedes SR1940: the printed entity or table label is context, not a measurement basis; source labels retain its scope.)",RESOLVED,A+B+ADJUDICATOR,2a3ff4eb15e88df08d12b0ffd4696117b642b6f1ff19ee5fb8bd8d1a3a025988
16899799d03ee186cd01,SRC377,9,PAIR_3C43EBBF089B7B38CAC49E4D,CONTEXT_CONFLICT,171,178,source_section|source_table|asset_class|currency_scale|metric_name,MERGE,"source_section takes the printed heading governing the table on that page. source_table takes the printed title in full, section number included. metric_name follows the table's shape: the rows are asset classes and the columns are the measures, so the metric is the leaf column header. B used the row label. currency_scale is copied verbatim with its parentheses as the page prints it, instead of B's normalised 'thousands'. asset_class comes from the bare 'Equities:'/'Debt:' heading rows, which print a label and no values and govern every row beneath them until the next such heading.; Source review: p9: BILL & MELINDA GATES FOUNDATION TRUST (The statement or note reports this line and its valuation column separately.) | p9: BILL & MELINDA GATES FOUNDATION TRUST (Printed heading or definition supporting the source-reviewed qualifier.) | p9: BILL & MELINDA GATES FOUNDATION TRUST (Supersedes SR1941: the printed entity or table label is context, not a measurement basis; source labels retain its scope.)",RESOLVED,A+B+ADJUDICATOR,2a3ff4eb15e88df08d12b0ffd4696117b642b6f1ff19ee5fb8bd8d1a3a025988
e235964dacd5e7afe9f9,SRC377,9,PAIR_A6D81B64A77B411F22E00C81,CONTEXT_CONFLICT,172,179,source_section|source_table|asset_class|currency_scale|metric_name,MERGE,"source_section takes the printed heading governing the table on that page. source_table takes the printed title in full, section number included. metric_name follows the table's shape: the rows are asset classes and the columns are the measures, so the metric is the leaf column header. B used the row label. currency_scale is copied verbatim with its parentheses as the page prints it, instead of B's normalised 'thousands'. asset_class comes from the bare 'Equities:'/'Debt:' heading rows, which print a label and no values and govern every row beneath them until the next such heading.; Source review: p9: BILL & MELINDA GATES FOUNDATION TRUST (The statement or note reports this line and its valuation column separately.) | p9: BILL & MELINDA GATES FOUNDATION TRUST (Printed heading or definition supporting the source-reviewed qualifier.) | p9: BILL & MELINDA GATES FOUNDATION TRUST (Supersedes SR1942: the printed entity or table label is context, not a measurement basis; source labels retain its scope.)",RESOLVED,A+B+ADJUDICATOR,2a3ff4eb15e88df08d12b0ffd4696117b642b6f1ff19ee5fb8bd8d1a3a025988
e5d3bc91b3d8c06c3584,SRC377,9,PAIR_373F237A64E312F0F77E2666,CONTEXT_CONFLICT,173,180,source_section|source_table|asset_class|currency_scale|metric_name,MERGE,"source_section takes the printed heading governing the table on that page. source_table takes the printed title in full, section number included. metric_name follows the table's shape: the rows are asset classes and the columns are the measures, so the metric is the leaf column header. B used the row label. currency_scale is copied verbatim with its parentheses as the page prints it, instead of B's normalised 'thousands'. asset_class comes from the bare 'Equities:'/'Debt:' heading rows, which print a label and no values and govern every row beneath them until the next such heading.; Source review: p9: BILL & MELINDA GATES FOUNDATION TRUST (The statement or note reports this line and its valuation column separately.) | p9: BILL & MELINDA GATES FOUNDATION TRUST (Printed heading or definition supporting the source-reviewed qualifier.) | p9: BILL & MELINDA GATES FOUNDATION TRUST (Supersedes SR1943: the printed entity or table label is context, not a measurement basis; source labels retain its scope.)",RESOLVED,A+B+ADJUDICATOR,2a3ff4eb15e88df08d12b0ffd4696117b642b6f1ff19ee5fb8bd8d1a3a025988
be8a13ad4ee68c5b082f,SRC377,9,PAIR_41AAD223BBDF206C090A94CD,CONTEXT_CONFLICT,174,181,source_section|source_table|asset_class|currency_scale|metric_name,MERGE,"source_section takes the printed heading governing the table on that page. source_table takes the printed title in full, section number included. metric_name follows the table's shape: the rows are asset classes and the columns are the measures, so the metric is the leaf column header. B used the row label. currency_scale is copied verbatim with its parentheses as the page prints it, instead of B's normalised 'thousands'. asset_class comes from the bare 'Equities:'/'Debt:' heading rows, which print a label and no values and govern every row beneath them until the next such heading.; Source review: p9: BILL & MELINDA GATES FOUNDATION TRUST (The statement or note reports this line and its valuation column separately.) | p9: BILL & MELINDA GATES FOUNDATION TRUST (Printed heading or definition supporting the source-reviewed qualifier.) | p9: BILL & MELINDA GATES FOUNDATION TRUST (Supersedes SR1944: the printed entity or table label is context, not a measurement basis; source labels retain its scope.)",RESOLVED,A+B+ADJUDICATOR,2a3ff4eb15e88df08d12b0ffd4696117b642b6f1ff19ee5fb8bd8d1a3a025988
c160aef5fbde41ea9449,SRC377,9,PAIR_4AE857189B0F4F8D3ACA09CB,CONTEXT_CONFLICT,175,182,source_section|source_table|asset_class|currency_scale|metric_name,MERGE,"source_section takes the printed heading governing the table on that page. source_table takes the printed title in full, section number included. metric_name follows the table's shape: the rows are asset classes and the columns are the measures, so the metric is the leaf column header. B used the row label. currency_scale is copied verbatim with its parentheses as the page prints it, instead of B's normalised 'thousands'. asset_class comes from the bare 'Equities:'/'Debt:' heading rows, which print a label and no values and govern every row beneath them until the next such heading.; Source review: p9: BILL & MELINDA GATES FOUNDATION TRUST (The statement or note reports this line and its valuation column separately.) | p9: BILL & MELINDA GATES FOUNDATION TRUST (Printed heading or definition supporting the source-reviewed qualifier.) | p9: BILL & MELINDA GATES FOUNDATION TRUST (Supersedes SR1945: the printed entity or table label is context, not a measurement basis; source labels retain its scope.)",RESOLVED,A+B+ADJUDICATOR,2a3ff4eb15e88df08d12b0ffd4696117b642b6f1ff19ee5fb8bd8d1a3a025988
e7df297775964648497f,SRC377,9,PAIR_83DAB830D21E77133AF337FF,CONTEXT_CONFLICT,176,183,source_section|source_table|asset_class|currency_scale|metric_name,MERGE,"source_section takes the printed heading governing the table on that page. source_table takes the printed title in full, section number included. metric_name follows the table's shape: the rows are asset classes and the columns are the measures, so the metric is the leaf column header. B used the row label. currency_scale is copied verbatim with its parentheses as the page prints it, instead of B's normalised 'thousands'. asset_class comes from the bare 'Equities:'/'Debt:' heading rows, which print a label and no values and govern every row beneath them until the next such heading.; Source review: p9: BILL & MELINDA GATES FOUNDATION TRUST (The statement or note reports this line and its valuation column separately.) | p9: BILL & MELINDA GATES FOUNDATION TRUST (Printed heading or definition supporting the source-reviewed qualifier.) | p9: BILL & MELINDA GATES FOUNDATION TRUST (Supersedes SR1946: the printed entity or table label is context, not a measurement basis; source labels retain its scope.)",RESOLVED,A+B+ADJUDICATOR,2a3ff4eb15e88df08d12b0ffd4696117b642b6f1ff19ee5fb8bd8d1a3a025988
538a0e83d7ff0c451b3f,SRC377,9,PAIR_50A8DDF7CE0C1AC21512ADC9,CONTEXT_CONFLICT,177,184,source_section|source_table|asset_class|currency_scale|metric_name,MERGE,"source_section takes the printed heading governing the table on that page. source_table takes the printed title in full, section number included. metric_name follows the table's shape: the rows are asset classes and the columns are the measures, so the metric is the leaf column header. B used the row label. currency_scale is copied verbatim with its parentheses as the page prints it, instead of B's normalised 'thousands'. asset_class comes from the bare 'Equities:'/'Debt:' heading rows, which print a label and no values and govern every row beneath them until the next such heading.; Source review: p9: BILL & MELINDA GATES FOUNDATION TRUST (The statement or note reports this line and its valuation column separately.) | p9: BILL & MELINDA GATES FOUNDATION TRUST (Printed heading or definition supporting the source-reviewed qualifier.) | p9: BILL & MELINDA GATES FOUNDATION TRUST (Supersedes SR1947: the printed entity or table label is context, not a measurement basis; source labels retain its scope.)",RESOLVED,A+B+ADJUDICATOR,2a3ff4eb15e88df08d12b0ffd4696117b642b6f1ff19ee5fb8bd8d1a3a025988
d21ec89b663710387a0f,SRC377,9,PAIR_B51240869E50591B38CA7A30,CONTEXT_CONFLICT,178,185,source_section|source_table|asset_class|currency_scale|metric_name,MERGE,"source_section takes the printed heading governing the table on that page. source_table takes the printed title in full, section number included. metric_name follows the table's shape: the rows are asset classes and the columns are the measures, so the metric is the leaf column header. B used the row label. currency_scale is copied verbatim with its parentheses as the page prints it, instead of B's normalised 'thousands'. asset_class comes from the bare 'Equities:'/'Debt:' heading rows, which print a label and no values and govern every row beneath them until the next such heading.; Source review: p9: BILL & MELINDA GATES FOUNDATION TRUST (The statement or note reports this line and its valuation column separately.) | p9: BILL & MELINDA GATES FOUNDATION TRUST (Printed heading or definition supporting the source-reviewed qualifier.) | p9: BILL & MELINDA GATES FOUNDATION TRUST (Supersedes SR1948: the printed entity or table label is context, not a measurement basis; source labels retain its scope.)",RESOLVED,A+B+ADJUDICATOR,2a3ff4eb15e88df08d12b0ffd4696117b642b6f1ff19ee5fb8bd8d1a3a025988
a246fdf0a6746673855b,SRC377,9,PAIR_C0E401BD368C93969BCD4371,CONTEXT_CONFLICT,179,186,source_section|source_table|asset_class|currency_scale|metric_name,MERGE,"source_section takes the printed heading governing the table on that page. source_table takes the printed title in full, section number included. metric_name follows the table's shape: the rows are asset classes and the columns are the measures, so the metric is the leaf column header. B used the row label. currency_scale is copied verbatim with its parentheses as the page prints it, instead of B's normalised 'thousands'. asset_class comes from the bare 'Equities:'/'Debt:' heading rows, which print a label and no values and govern every row beneath them until the next such heading.; Source review: p9: BILL & MELINDA GATES FOUNDATION TRUST (The statement or note reports this line and its valuation column separately.) | p9: BILL & MELINDA GATES FOUNDATION TRUST (Printed heading or definition supporting the source-reviewed qualifier.) | p9: BILL & MELINDA GATES FOUNDATION TRUST (Supersedes SR1949: the printed entity or table label is context, not a measurement basis; source labels retain its scope.)",RESOLVED,A+B+ADJUDICATOR,2a3ff4eb15e88df08d12b0ffd4696117b642b6f1ff19ee5fb8bd8d1a3a025988
71bc6d33b8d118292559,SRC377,9,PAIR_E7BA8734AEB6750E2F4986EA,CONTEXT_CONFLICT,180,187,source_section|source_table|asset_class|currency_scale|metric_name,MERGE,"source_section takes the printed heading governing the table on that page. source_table takes the printed title in full, section number included. metric_name follows the table's shape: the rows are asset classes and the columns are the measures, so the metric is the leaf column header. B used the row label. currency_scale is copied verbatim with its parentheses as the page prints it, instead of B's normalised 'thousands'. asset_class comes from the bare 'Equities:'/'Debt:' heading rows, which print a label and no values and govern every row beneath them until the next such heading.; Source review: p9: BILL & MELINDA GATES FOUNDATION TRUST (The statement or note reports this line and its valuation column separately.) | p9: BILL & MELINDA GATES FOUNDATION TRUST (Printed heading or definition supporting the source-reviewed qualifier.) | p9: BILL & MELINDA GATES FOUNDATION TRUST (Supersedes SR1950: the printed entity or table label is context, not a measurement basis; source labels retain its scope.)",RESOLVED,A+B+ADJUDICATOR,2a3ff4eb15e88df08d12b0ffd4696117b642b6f1ff19ee5fb8bd8d1a3a025988
000df843253c87d4f34a,SRC377,9,PAIR_168A1C24DBAE39D0135A7A99,CONTEXT_CONFLICT,181,188,source_section|source_table|asset_class|currency_scale|metric_name,MERGE,"source_section takes the printed heading governing the table on that page. source_table takes the printed title in full, section number included. metric_name follows the table's shape: the rows are asset classes and the columns are the measures, so the metric is the leaf column header. B used the row label. currency_scale is copied verbatim with its parentheses as the page prints it, instead of B's normalised 'thousands'. asset_class comes from the bare 'Equities:'/'Debt:' heading rows, which print a label and no values and govern every row beneath them until the next such heading.; Source review: p9: BILL & MELINDA GATES FOUNDATION TRUST (The statement or note reports this line and its valuation column separately.) | p9: BILL & MELINDA GATES FOUNDATION TRUST (Printed heading or definition supporting the source-reviewed qualifier.) | p9: BILL & MELINDA GATES FOUNDATION TRUST (Supersedes SR1951: the printed entity or table label is context, not a measurement basis; source labels retain its scope.)",RESOLVED,A+B+ADJUDICATOR,2a3ff4eb15e88df08d12b0ffd4696117b642b6f1ff19ee5fb8bd8d1a3a025988
b1ee714d9bc9ba67b6e2,SRC377,9,PAIR_56E2CD5B1FB22CF62E5A1EC2,CONTEXT_CONFLICT,182,189,source_section|source_table|asset_class|currency_scale|metric_name,MERGE,"source_section takes the printed heading governing the table on that page. source_table takes the printed title in full, section number included. metric_name follows the table's shape: the rows are asset classes and the columns are the measures, so the metric is the leaf column header. B used the row label. currency_scale is copied verbatim with its parentheses as the page prints it, instead of B's normalised 'thousands'. asset_class comes from the bare 'Equities:'/'Debt:' heading rows, which print a label and no values and govern every row beneath them until the next such heading.; Source review: p9: BILL & MELINDA GATES FOUNDATION TRUST (The statement or note reports this line and its valuation column separately.) | p9: BILL & MELINDA GATES FOUNDATION TRUST (Printed heading or definition supporting the source-reviewed qualifier.) | p9: BILL & MELINDA GATES FOUNDATION TRUST (Supersedes SR1952: the printed entity or table label is context, not a measurement basis; source labels retain its scope.)",RESOLVED,A+B+ADJUDICATOR,2a3ff4eb15e88df08d12b0ffd4696117b642b6f1ff19ee5fb8bd8d1a3a025988
05b232ea8513a8d6a1de,SRC377,9,PAIR_D11A09C6B686EEEB3C94607B,CONTEXT_CONFLICT,183,190,source_section|source_table|asset_class|currency_scale|metric_name,MERGE,"source_section takes the printed heading governing the table on that page. source_table takes the printed title in full, section number included. metric_name follows the table's shape: the rows are asset classes and the columns are the measures, so the metric is the leaf column header. B used the row label. currency_scale is copied verbatim with its parentheses as the page prints it, instead of B's normalised 'thousands'. asset_class comes from the bare 'Equities:'/'Debt:' heading rows, which print a label and no values and govern every row beneath them until the next such heading.; Source review: p9: BILL & MELINDA GATES FOUNDATION TRUST (The statement or note reports this line and its valuation column separately.) | p9: BILL & MELINDA GATES FOUNDATION TRUST (Printed heading or definition supporting the source-reviewed qualifier.) | p9: Other 40,202 28 — 40,230 — 40,230 (The printed label identifies a statement item, not an institution; retain the accounting scope without an entity ID.) | p9: BILL & MELINDA GATES FOUNDATION TRUST (Supersedes SR1953: the printed entity or table label is context, not a measurement basis; source labels retain its scope.)",RESOLVED,A+B+ADJUDICATOR,2a3ff4eb15e88df08d12b0ffd4696117b642b6f1ff19ee5fb8bd8d1a3a025988
0a667f9b0b1b2c85feb7,SRC377,9,PAIR_B5E88B2BAA23E48B3A245772,CONTEXT_CONFLICT,184,191,source_section|source_table|asset_class|currency_scale|metric_name,MERGE,"source_section takes the printed heading governing the table on that page. source_table takes the printed title in full, section number included. metric_name follows the table's shape: the rows are asset classes and the columns are the measures, so the metric is the leaf column header. B used the row label. currency_scale is copied verbatim with its parentheses as the page prints it, instead of B's normalised 'thousands'. asset_class comes from the bare 'Equities:'/'Debt:' heading rows, which print a label and no values and govern every row beneath them until the next such heading.; Source review: p9: BILL & MELINDA GATES FOUNDATION TRUST (The statement or note reports this line and its valuation column separately.) | p9: BILL & MELINDA GATES FOUNDATION TRUST (Printed heading or definition supporting the source-reviewed qualifier.) | p9: Other 40,202 28 — 40,230 — 40,230 (The printed label identifies a statement item, not an institution; retain the accounting scope without an entity ID.) | p9: BILL & MELINDA GATES FOUNDATION TRUST (Supersedes SR1954: the printed entity or table label is context, not a measurement basis; source labels retain its scope.)",RESOLVED,A+B+ADJUDICATOR,2a3ff4eb15e88df08d12b0ffd4696117b642b6f1ff19ee5fb8bd8d1a3a025988
25363c8d254644775144,SRC377,9,PAIR_4AA246AB2D739FEA99DC8D19,CONTEXT_CONFLICT,185,192,source_section|source_table|asset_class|currency_scale|metric_name,MERGE,"source_section takes the printed heading governing the table on that page. source_table takes the printed title in full, section number included. metric_name follows the table's shape: the rows are asset classes and the columns are the measures, so the metric is the leaf column header. B used the row label. currency_scale is copied verbatim with its parentheses as the page prints it, instead of B's normalised 'thousands'. asset_class comes from the bare 'Equities:'/'Debt:' heading rows, which print a label and no values and govern every row beneath them until the next such heading.; Source review: p9: BILL & MELINDA GATES FOUNDATION TRUST (The statement or note reports this line and its valuation column separately.) | p9: BILL & MELINDA GATES FOUNDATION TRUST (Printed heading or definition supporting the source-reviewed qualifier.) | p9: Other 40,202 28 — 40,230 — 40,230 (The printed label identifies a statement item, not an institution; retain the accounting scope without an entity ID.) | p9: BILL & MELINDA GATES FOUNDATION TRUST (Supersedes SR1955: the printed entity or table label is context, not a measurement basis; source labels retain its scope.)",RESOLVED,A+B+ADJUDICATOR,2a3ff4eb15e88df08d12b0ffd4696117b642b6f1ff19ee5fb8bd8d1a3a025988
fafd893afb66500ffe06,SRC377,9,PAIR_F7AD0B92A69D22A4CAA183E7,CONTEXT_CONFLICT,186,193,source_section|source_table|asset_class|currency_scale|metric_name,MERGE,"source_section takes the printed heading governing the table on that page. source_table takes the printed title in full, section number included. metric_name follows the table's shape: the rows are asset classes and the columns are the measures, so the metric is the leaf column header. B used the row label. currency_scale is copied verbatim with its parentheses as the page prints it, instead of B's normalised 'thousands'. asset_class comes from the bare 'Equities:'/'Debt:' heading rows, which print a label and no values and govern every row beneath them until the next such heading.; Source review: p9: BILL & MELINDA GATES FOUNDATION TRUST (The statement or note reports this line and its valuation column separately.) | p9: BILL & MELINDA GATES FOUNDATION TRUST (Printed heading or definition supporting the source-reviewed qualifier.) | p9: Other 40,202 28 — 40,230 — 40,230 (The printed label identifies a statement item, not an institution; retain the accounting scope without an entity ID.) | p9: BILL & MELINDA GATES FOUNDATION TRUST (Supersedes SR1956: the printed entity or table label is context, not a measurement basis; source labels retain its scope.)",RESOLVED,A+B+ADJUDICATOR,2a3ff4eb15e88df08d12b0ffd4696117b642b6f1ff19ee5fb8bd8d1a3a025988
b3d4b9838eb9f6974636,SRC377,9,PAIR_C1BC426E03E5A15729793ABF,CONTEXT_CONFLICT,187,194,source_section|source_table|asset_class|currency_scale|metric_name,MERGE,"source_section takes the printed heading governing the table on that page. source_table takes the printed title in full, section number included. metric_name follows the table's shape: the rows are asset classes and the columns are the measures, so the metric is the leaf column header. B used the row label. currency_scale is copied verbatim with its parentheses as the page prints it, instead of B's normalised 'thousands'. asset_class comes from the bare 'Equities:'/'Debt:' heading rows, which print a label and no values and govern every row beneath them until the next such heading.; Source review: p9: BILL & MELINDA GATES FOUNDATION TRUST (The statement or note reports this line and its valuation column separately.) | p9: BILL & MELINDA GATES FOUNDATION TRUST (Printed heading or definition supporting the source-reviewed qualifier.) | p9: BILL & MELINDA GATES FOUNDATION TRUST (Supersedes SR1957: the printed entity or table label is context, not a measurement basis; source labels retain its scope.)",RESOLVED,A+B+ADJUDICATOR,2a3ff4eb15e88df08d12b0ffd4696117b642b6f1ff19ee5fb8bd8d1a3a025988
a70770a48a275932d105,SRC377,9,PAIR_0D4616FE599195D97C45186E,CONTEXT_CONFLICT,188,195,source_section|source_table|asset_class|currency_scale|metric_name,MERGE,"source_section takes the printed heading governing the table on that page. source_table takes the printed title in full, section number included. metric_name follows the table's shape: the rows are asset classes and the columns are the measures, so the metric is the leaf column header. B used the row label. currency_scale is copied verbatim with its parentheses as the page prints it, instead of B's normalised 'thousands'. asset_class comes from the bare 'Equities:'/'Debt:' heading rows, which print a label and no values and govern every row beneath them until the next such heading.; Source review: p9: BILL & MELINDA GATES FOUNDATION TRUST (The statement or note reports this line and its valuation column separately.) | p9: BILL & MELINDA GATES FOUNDATION TRUST (Printed heading or definition supporting the source-reviewed qualifier.) | p9: BILL & MELINDA GATES FOUNDATION TRUST (Supersedes SR1958: the printed entity or table label is context, not a measurement basis; source labels retain its scope.)",RESOLVED,A+B+ADJUDICATOR,2a3ff4eb15e88df08d12b0ffd4696117b642b6f1ff19ee5fb8bd8d1a3a025988
61bfc65259783830eb0a,SRC377,9,PAIR_E684C2C7098B241C94FD685C,CONTEXT_CONFLICT,189,196,source_section|source_table|asset_class|currency_scale|metric_name,MERGE,"source_section takes the printed heading governing the table on that page. source_table takes the printed title in full, section number included. metric_name follows the table's shape: the rows are asset classes and the columns are the measures, so the metric is the leaf column header. B used the row label. currency_scale is copied verbatim with its parentheses as the page prints it, instead of B's normalised 'thousands'. asset_class comes from the bare 'Equities:'/'Debt:' heading rows, which print a label and no values and govern every row beneath them until the next such heading.; Source review: p9: BILL & MELINDA GATES FOUNDATION TRUST (The statement or note reports this line and its valuation column separately.) | p9: BILL & MELINDA GATES FOUNDATION TRUST (Printed heading or definition supporting the source-reviewed qualifier.) | p9: BILL & MELINDA GATES FOUNDATION TRUST (Supersedes SR1959: the printed entity or table label is context, not a measurement basis; source labels retain its scope.)",RESOLVED,A+B+ADJUDICATOR,2a3ff4eb15e88df08d12b0ffd4696117b642b6f1ff19ee5fb8bd8d1a3a025988
1fe64a47b96400dc644b,SRC377,9,PAIR_352D8306EDD795E9C3628184,CONTEXT_CONFLICT,190,197,source_section|source_table|asset_class|currency_scale|metric_name,MERGE,"source_section takes the printed heading governing the table on that page. source_table takes the printed title in full, section number included. metric_name follows the table's shape: the rows are asset classes and the columns are the measures, so the metric is the leaf column header. B used the row label. currency_scale is copied verbatim with its parentheses as the page prints it, instead of B's normalised 'thousands'. asset_class comes from the bare 'Equities:'/'Debt:' heading rows, which print a label and no values and govern every row beneath them until the next such heading.; Source review: p9: BILL & MELINDA GATES FOUNDATION TRUST (The statement or note reports this line and its valuation column separately.) | p9: BILL & MELINDA GATES FOUNDATION TRUST (Printed heading or definition supporting the source-reviewed qualifier.) | p9: BILL & MELINDA GATES FOUNDATION TRUST (Supersedes SR1960: the printed entity or table label is context, not a measurement basis; source labels retain its scope.)",RESOLVED,A+B+ADJUDICATOR,2a3ff4eb15e88df08d12b0ffd4696117b642b6f1ff19ee5fb8bd8d1a3a025988
29e6fe5ad47dadf56955,SRC377,9,PAIR_00E3A9524799BE166100DBF3,CLASSIFICATION_CONFLICT,191,198,source_section|source_table|subject_type|currency_scale|metric_name,MERGE,"source_section takes the printed heading governing the table on that page. source_table takes the printed title in full, section number included. metric_name follows the table's shape: the rows are asset classes and the columns are the measures, so the metric is the leaf column header. B used the row label. currency_scale is copied verbatim with its parentheses as the page prints it, instead of B's normalised 'thousands'. asset_class comes from the bare 'Equities:'/'Debt:' heading rows, which print a label and no values and govern every row beneath them until the next such heading. subject_type is asset_class: the label names a class of investments, not the reporting entity.; Source review: p9: BILL & MELINDA GATES FOUNDATION TRUST (The statement or note reports this line and its valuation column separately.) | p9: BILL & MELINDA GATES FOUNDATION TRUST (Printed heading or definition supporting the source-reviewed qualifier.) | p9: BILL & MELINDA GATES FOUNDATION TRUST (Supersedes SR1961: the printed entity or table label is context, not a measurement basis; source labels retain its scope.)",RESOLVED,A+B+ADJUDICATOR,2a3ff4eb15e88df08d12b0ffd4696117b642b6f1ff19ee5fb8bd8d1a3a025988
cfbced751a142e25924e,SRC377,9,PAIR_49D8F18EE72897B5E589B249,CLASSIFICATION_CONFLICT,192,199,source_section|source_table|subject_type|currency_scale|metric_name,MERGE,"source_section takes the printed heading governing the table on that page. source_table takes the printed title in full, section number included. metric_name follows the table's shape: the rows are asset classes and the columns are the measures, so the metric is the leaf column header. B used the row label. currency_scale is copied verbatim with its parentheses as the page prints it, instead of B's normalised 'thousands'. asset_class comes from the bare 'Equities:'/'Debt:' heading rows, which print a label and no values and govern every row beneath them until the next such heading. subject_type is asset_class: the label names a class of investments, not the reporting entity.; Source review: p9: BILL & MELINDA GATES FOUNDATION TRUST (The statement or note reports this line and its valuation column separately.) | p9: BILL & MELINDA GATES FOUNDATION TRUST (Printed heading or definition supporting the source-reviewed qualifier.) | p9: BILL & MELINDA GATES FOUNDATION TRUST (Supersedes SR1962: the printed entity or table label is context, not a measurement basis; source labels retain its scope.)",RESOLVED,A+B+ADJUDICATOR,2a3ff4eb15e88df08d12b0ffd4696117b642b6f1ff19ee5fb8bd8d1a3a025988
e069de61f1d5ad374eb6,SRC377,9,PAIR_31C83780491CCF9D665A3E8D,CONTEXT_CONFLICT,194,200,source_section|source_table|asset_class|currency_scale|metric_name,MERGE,"source_section takes the printed heading governing the table on that page. source_table takes the printed title in full, section number included. metric_name follows the table's shape: the rows are asset classes and the columns are the measures, so the metric is the leaf column header. B used the row label. currency_scale is copied verbatim with its parentheses as the page prints it, instead of B's normalised 'thousands'. asset_class comes from the bare 'Equities:'/'Debt:' heading rows, which print a label and no values and govern every row beneath them until the next such heading.; Source review: p9: BILL & MELINDA GATES FOUNDATION TRUST (The statement or note reports this line and its valuation column separately.) | p9: BILL & MELINDA GATES FOUNDATION TRUST (Printed heading or definition supporting the source-reviewed qualifier.) | p9: BILL & MELINDA GATES FOUNDATION TRUST (Supersedes SR1963: the printed entity or table label is context, not a measurement basis; source labels retain its scope.)",RESOLVED,A+B+ADJUDICATOR,2a3ff4eb15e88df08d12b0ffd4696117b642b6f1ff19ee5fb8bd8d1a3a025988
008958eda950a7104515,SRC377,9,PAIR_83718F2B3C4DC640C18B481C,CONTEXT_CONFLICT,195,201,source_section|source_table|asset_class|currency_scale|metric_name,MERGE,"source_section takes the printed heading governing the table on that page. source_table takes the printed title in full, section number included. metric_name follows the table's shape: the rows are asset classes and the columns are the measures, so the metric is the leaf column header. B used the row label. currency_scale is copied verbatim with its parentheses as the page prints it, instead of B's normalised 'thousands'. asset_class comes from the bare 'Equities:'/'Debt:' heading rows, which print a label and no values and govern every row beneath them until the next such heading.; Source review: p9: BILL & MELINDA GATES FOUNDATION TRUST (The statement or note reports this line and its valuation column separately.) | p9: BILL & MELINDA GATES FOUNDATION TRUST (Printed heading or definition supporting the source-reviewed qualifier.) | p9: BILL & MELINDA GATES FOUNDATION TRUST (Supersedes SR1964: the printed entity or table label is context, not a measurement basis; source labels retain its scope.)",RESOLVED,A+B+ADJUDICATOR,2a3ff4eb15e88df08d12b0ffd4696117b642b6f1ff19ee5fb8bd8d1a3a025988
edbd158beda9def39d0f,SRC377,9,PAIR_8F6E6976F1F09B8956375229,CONTEXT_CONFLICT,196,202,source_section|source_table|asset_class|currency_scale|metric_name,MERGE,"source_section takes the printed heading governing the table on that page. source_table takes the printed title in full, section number included. metric_name follows the table's shape: the rows are asset classes and the columns are the measures, so the metric is the leaf column header. B used the row label. currency_scale is copied verbatim with its parentheses as the page prints it, instead of B's normalised 'thousands'. asset_class comes from the bare 'Equities:'/'Debt:' heading rows, which print a label and no values and govern every row beneath them until the next such heading.; Source review: p9: BILL & MELINDA GATES FOUNDATION TRUST (The statement or note reports this line and its valuation column separately.) | p9: BILL & MELINDA GATES FOUNDATION TRUST (Printed heading or definition supporting the source-reviewed qualifier.) | p9: BILL & MELINDA GATES FOUNDATION TRUST (Supersedes SR1965: the printed entity or table label is context, not a measurement basis; source labels retain its scope.)",RESOLVED,A+B+ADJUDICATOR,2a3ff4eb15e88df08d12b0ffd4696117b642b6f1ff19ee5fb8bd8d1a3a025988
49391ab4545218d13f54,SRC377,9,PAIR_52087529EECF0E91D1B2749D,CONTEXT_CONFLICT,197,203,source_section|source_table|asset_class|currency_scale|metric_name,MERGE,"source_section takes the printed heading governing the table on that page. source_table takes the printed title in full, section number included. metric_name follows the table's shape: the rows are asset classes and the columns are the measures, so the metric is the leaf column header. B used the row label. currency_scale is copied verbatim with its parentheses as the page prints it, instead of B's normalised 'thousands'. asset_class comes from the bare 'Equities:'/'Debt:' heading rows, which print a label and no values and govern every row beneath them until the next such heading.; Source review: p9: BILL & MELINDA GATES FOUNDATION TRUST (The statement or note reports this line and its valuation column separately.) | p9: BILL & MELINDA GATES FOUNDATION TRUST (Printed heading or definition supporting the source-reviewed qualifier.) | p9: BILL & MELINDA GATES FOUNDATION TRUST (Supersedes SR1966: the printed entity or table label is context, not a measurement basis; source labels retain its scope.)",RESOLVED,A+B+ADJUDICATOR,2a3ff4eb15e88df08d12b0ffd4696117b642b6f1ff19ee5fb8bd8d1a3a025988
e35d29872ec0a89931a4,SRC377,9,PAIR_3ACB437A746CBCA3C96EA298,CONTEXT_CONFLICT,198,204,source_section|source_table|asset_class|currency_scale|metric_name,MERGE,"source_section takes the printed heading governing the table on that page. source_table takes the printed title in full, section number included. metric_name follows the table's shape: the rows are asset classes and the columns are the measures, so the metric is the leaf column header. B used the row label. currency_scale is copied verbatim with its parentheses as the page prints it, instead of B's normalised 'thousands'. asset_class comes from the bare 'Equities:'/'Debt:' heading rows, which print a label and no values and govern every row beneath them until the next such heading.; Source review: p9: BILL & MELINDA GATES FOUNDATION TRUST (The statement or note reports this line and its valuation column separately.) | p9: BILL & MELINDA GATES FOUNDATION TRUST (Printed heading or definition supporting the source-reviewed qualifier.) | p9: BILL & MELINDA GATES FOUNDATION TRUST (Supersedes SR1967: the printed entity or table label is context, not a measurement basis; source labels retain its scope.)",RESOLVED,A+B+ADJUDICATOR,2a3ff4eb15e88df08d12b0ffd4696117b642b6f1ff19ee5fb8bd8d1a3a025988
249e8fcd4f1944b1637e,SRC377,9,PAIR_2EF8D720E18AB9C63CD92FC4,CONTEXT_CONFLICT,199,205,source_section|source_table|asset_class|currency_scale|metric_name,MERGE,"source_section takes the printed heading governing the table on that page. source_table takes the printed title in full, section number included. metric_name follows the table's shape: the rows are asset classes and the columns are the measures, so the metric is the leaf column header. B used the row label. currency_scale is copied verbatim with its parentheses as the page prints it, instead of B's normalised 'thousands'. asset_class comes from the bare 'Equities:'/'Debt:' heading rows, which print a label and no values and govern every row beneath them until the next such heading.; Source review: p9: BILL & MELINDA GATES FOUNDATION TRUST (The statement or note reports this line and its valuation column separately.) | p9: BILL & MELINDA GATES FOUNDATION TRUST (Printed heading or definition supporting the source-reviewed qualifier.) | p9: BILL & MELINDA GATES FOUNDATION TRUST (Supersedes SR1968: the printed entity or table label is context, not a measurement basis; source labels retain its scope.)",RESOLVED,A+B+ADJUDICATOR,2a3ff4eb15e88df08d12b0ffd4696117b642b6f1ff19ee5fb8bd8d1a3a025988
6d6fbd71c807ea721598,SRC377,9,PAIR_9286067BDCF66A4929BEF595,CONTEXT_CONFLICT,200,206,source_section|source_table|currency_scale|metric_name,MERGE,"source_section takes the printed heading governing the table on that page. source_table takes the printed title in full, section number included. metric_name follows the table's shape: the rows are asset classes and the columns are the measures, so the metric is the leaf column header. B used the row label. currency_scale is copied verbatim with its parentheses as the page prints it, instead of B's normalised 'thousands'. asset_class comes from the bare 'Equities:'/'Debt:' heading rows, which print a label and no values and govern every row beneath them until the next such heading.; Source review: p9: BILL & MELINDA GATES FOUNDATION TRUST (The statement or note reports this line and its valuation column separately.) | p9: BILL & MELINDA GATES FOUNDATION TRUST (Printed heading or definition supporting the source-reviewed qualifier.) | p9: assets $ 33,940,333 4,658,150 66,268 39,335,070 (159,794) 39,175,276 (The printed label identifies a statement item, not an institution; retain the accounting scope without an entity ID.) | p9: BILL & MELINDA GATES FOUNDATION TRUST (Supersedes SR1969: the printed entity or table label is context, not a measurement basis; source labels retain its scope.)",RESOLVED,A+B+ADJUDICATOR,2a3ff4eb15e88df08d12b0ffd4696117b642b6f1ff19ee5fb8bd8d1a3a025988
119f46a915395af3c5d9,SRC377,9,PAIR_40BFC8F22B5BE3486A8E4D79,VALUE_CONFLICT,201,207,source_section|source_table|currency_scale|metric_name|metric_value_raw,MERGE,"source_section takes the printed heading governing the table on that page. source_table takes the printed title in full, section number included. metric_name follows the table's shape: the rows are asset classes and the columns are the measures, so the metric is the leaf column header. B used the row label. currency_scale is copied verbatim with its parentheses as the page prints it, instead of B's normalised 'thousands'. asset_class comes from the bare 'Equities:'/'Debt:' heading rows, which print a label and no values and govern every row beneath them until the next such heading. metric_value_raw keeps the dollar sign the page prints against this cell, closed up to the digits; B stripped it.; Source review: p9: BILL & MELINDA GATES FOUNDATION TRUST (The statement or note reports this line and its valuation column separately.) | p9: BILL & MELINDA GATES FOUNDATION TRUST (Printed heading or definition supporting the source-reviewed qualifier.) | p9: assets $ 33,940,333 4,658,150 66,268 39,335,070 (159,794) 39,175,276 (The printed label identifies a statement item, not an institution; retain the accounting scope without an entity ID.) | p9: BILL & MELINDA GATES FOUNDATION TRUST (Supersedes SR1970: the printed entity or table label is context, not a measurement basis; source labels retain its scope.)",RESOLVED,A+B+ADJUDICATOR,2a3ff4eb15e88df08d12b0ffd4696117b642b6f1ff19ee5fb8bd8d1a3a025988
d75a648586e6c351e89d,SRC377,9,PAIR_B102CF89DFD3BB08644BEEE3,CONTEXT_CONFLICT,202,208,source_section|source_table|currency_scale|metric_name,MERGE,"source_section takes the printed heading governing the table on that page. source_table takes the printed title in full, section number included. metric_name follows the table's shape: the rows are asset classes and the columns are the measures, so the metric is the leaf column header. B used the row label. currency_scale is copied verbatim with its parentheses as the page prints it, instead of B's normalised 'thousands'. asset_class comes from the bare 'Equities:'/'Debt:' heading rows, which print a label and no values and govern every row beneath them until the next such heading.; Source review: p9: BILL & MELINDA GATES FOUNDATION TRUST (The statement or note reports this line and its valuation column separately.) | p9: BILL & MELINDA GATES FOUNDATION TRUST (Printed heading or definition supporting the source-reviewed qualifier.) | p9: assets $ 33,940,333 4,658,150 66,268 39,335,070 (159,794) 39,175,276 (The printed label identifies a statement item, not an institution; retain the accounting scope without an entity ID.) | p9: BILL & MELINDA GATES FOUNDATION TRUST (Supersedes SR1971: the printed entity or table label is context, not a measurement basis; source labels retain its scope.)",RESOLVED,A+B+ADJUDICATOR,2a3ff4eb15e88df08d12b0ffd4696117b642b6f1ff19ee5fb8bd8d1a3a025988
32cae90f4c76a7c2711b,SRC377,9,PAIR_8E05013B7C16749839C5BE36,CONTEXT_CONFLICT,203,209,source_section|source_table|currency_scale|metric_name,MERGE,"source_section takes the printed heading governing the table on that page. source_table takes the printed title in full, section number included. metric_name follows the table's shape: the rows are asset classes and the columns are the measures, so the metric is the leaf column header. B used the row label. currency_scale is copied verbatim with its parentheses as the page prints it, instead of B's normalised 'thousands'. asset_class comes from the bare 'Equities:'/'Debt:' heading rows, which print a label and no values and govern every row beneath them until the next such heading.; Source review: p9: BILL & MELINDA GATES FOUNDATION TRUST (The statement or note reports this line and its valuation column separately.) | p9: BILL & MELINDA GATES FOUNDATION TRUST (Printed heading or definition supporting the source-reviewed qualifier.) | p9: assets $ 33,940,333 4,658,150 66,268 39,335,070 (159,794) 39,175,276 (The printed label identifies a statement item, not an institution; retain the accounting scope without an entity ID.) | p9: BILL & MELINDA GATES FOUNDATION TRUST (Supersedes SR1972: the printed entity or table label is context, not a measurement basis; source labels retain its scope.)",RESOLVED,A+B+ADJUDICATOR,2a3ff4eb15e88df08d12b0ffd4696117b642b6f1ff19ee5fb8bd8d1a3a025988
b96f985d1d54eef35e8c,SRC377,9,PAIR_92B7B78B640C975FA7AEA9CD,CONTEXT_CONFLICT,204,210,source_section|source_table|currency_scale|metric_name,MERGE,"source_section takes the printed heading governing the table on that page. source_table takes the printed title in full, section number included. metric_name follows the table's shape: the rows are asset classes and the columns are the measures, so the metric is the leaf column header. B used the row label. currency_scale is copied verbatim with its parentheses as the page prints it, instead of B's normalised 'thousands'. asset_class comes from the bare 'Equities:'/'Debt:' heading rows, which print a label and no values and govern every row beneath them until the next such heading.; Source review: p9: BILL & MELINDA GATES FOUNDATION TRUST (The statement or note reports this line and its valuation column separately.) | p9: BILL & MELINDA GATES FOUNDATION TRUST (Printed heading or definition supporting the source-reviewed qualifier.) | p9: assets $ 33,940,333 4,658,150 66,268 39,335,070 (159,794) 39,175,276 (The printed label identifies a statement item, not an institution; retain the accounting scope without an entity ID.) | p9: BILL & MELINDA GATES FOUNDATION TRUST (Supersedes SR1973: the printed entity or table label is context, not a measurement basis; source labels retain its scope.)",RESOLVED,A+B+ADJUDICATOR,2a3ff4eb15e88df08d12b0ffd4696117b642b6f1ff19ee5fb8bd8d1a3a025988
bf91c0e36b6dadfc5072,SRC377,9,PAIR_97CED8FEDF9ED52ACD68C22A,CONTEXT_CONFLICT,205,211,source_section|source_table|currency_scale|metric_name,MERGE,"source_section takes the printed heading governing the table on that page. source_table takes the printed title in full, section number included. metric_name follows the table's shape: the rows are asset classes and the columns are the measures, so the metric is the leaf column header. B used the row label. currency_scale is copied verbatim with its parentheses as the page prints it, instead of B's normalised 'thousands'. asset_class comes from the bare 'Equities:'/'Debt:' heading rows, which print a label and no values and govern every row beneath them until the next such heading.; Source review: p9: BILL & MELINDA GATES FOUNDATION TRUST (The statement or note reports this line and its valuation column separately.) | p9: BILL & MELINDA GATES FOUNDATION TRUST (Printed heading or definition supporting the source-reviewed qualifier.) | p9: assets $ 33,940,333 4,658,150 66,268 39,335,070 (159,794) 39,175,276 (The printed label identifies a statement item, not an institution; retain the accounting scope without an entity ID.) | p9: BILL & MELINDA GATES FOUNDATION TRUST (Supersedes SR1974: the printed entity or table label is context, not a measurement basis; source labels retain its scope.)",RESOLVED,A+B+ADJUDICATOR,2a3ff4eb15e88df08d12b0ffd4696117b642b6f1ff19ee5fb8bd8d1a3a025988
d347cb75cfda91a867ab,SRC377,9,PAIR_B50600331B08EB263F24AC58,CONTEXT_CONFLICT,206,212,source_section|source_table|currency_scale|metric_name,MERGE,"source_section takes the printed heading governing the table on that page. source_table takes the printed title in full, section number included. metric_name follows the table's shape: the rows are asset classes and the columns are the measures, so the metric is the leaf column header. B used the row label. currency_scale is copied verbatim with its parentheses as the page prints it, instead of B's normalised 'thousands'. asset_class comes from the bare 'Equities:'/'Debt:' heading rows, which print a label and no values and govern every row beneath them until the next such heading.; Source review: p9: BILL & MELINDA GATES FOUNDATION TRUST (The statement or note reports this line and its valuation column separately.) | p9: BILL & MELINDA GATES FOUNDATION TRUST (Printed heading or definition supporting the source-reviewed qualifier.) | p9: fair value 33,940,333 4,658,150 66,268 38,664,751 (159,794) 38,504,957 (The printed label identifies a statement item, not an institution; retain the accounting scope without an entity ID.) | p9: BILL & MELINDA GATES FOUNDATION TRUST (Supersedes SR1975: the printed entity or table label is context, not a measurement basis; source labels retain its scope.)",RESOLVED,A+B+ADJUDICATOR,2a3ff4eb15e88df08d12b0ffd4696117b642b6f1ff19ee5fb8bd8d1a3a025988
236772c0a687b303abd7,SRC377,9,PAIR_C4711517EE6C628C41FD5507,CONTEXT_CONFLICT,207,213,source_section|source_table|currency_scale|metric_name,MERGE,"source_section takes the printed heading governing the table on that page. source_table takes the printed title in full, section number included. metric_name follows the table's shape: the rows are asset classes and the columns are the measures, so the metric is the leaf column header. B used the row label. currency_scale is copied verbatim with its parentheses as the page prints it, instead of B's normalised 'thousands'. asset_class comes from the bare 'Equities:'/'Debt:' heading rows, which print a label and no values and govern every row beneath them until the next such heading.; Source review: p9: BILL & MELINDA GATES FOUNDATION TRUST (The statement or note reports this line and its valuation column separately.) | p9: BILL & MELINDA GATES FOUNDATION TRUST (Printed heading or definition supporting the source-reviewed qualifier.) | p9: fair value 33,940,333 4,658,150 66,268 38,664,751 (159,794) 38,504,957 (The printed label identifies a statement item, not an institution; retain the accounting scope without an entity ID.) | p9: BILL & MELINDA GATES FOUNDATION TRUST (Supersedes SR1976: the printed entity or table label is context, not a measurement basis; source labels retain its scope.)",RESOLVED,A+B+ADJUDICATOR,2a3ff4eb15e88df08d12b0ffd4696117b642b6f1ff19ee5fb8bd8d1a3a025988
3e609b2aae1d7874ccbe,SRC377,9,PAIR_85F1C0E4B50B68A1644DB648,CONTEXT_CONFLICT,208,214,source_section|source_table|currency_scale|metric_name,MERGE,"source_section takes the printed heading governing the table on that page. source_table takes the printed title in full, section number included. metric_name follows the table's shape: the rows are asset classes and the columns are the measures, so the metric is the leaf column header. B used the row label. currency_scale is copied verbatim with its parentheses as the page prints it, instead of B's normalised 'thousands'. asset_class comes from the bare 'Equities:'/'Debt:' heading rows, which print a label and no values and govern every row beneath them until the next such heading.; Source review: p9: BILL & MELINDA GATES FOUNDATION TRUST (The statement or note reports this line and its valuation column separately.) | p9: BILL & MELINDA GATES FOUNDATION TRUST (Printed heading or definition supporting the source-reviewed qualifier.) | p9: fair value 33,940,333 4,658,150 66,268 38,664,751 (159,794) 38,504,957 (The printed label identifies a statement item, not an institution; retain the accounting scope without an entity ID.) | p9: BILL & MELINDA GATES FOUNDATION TRUST (Supersedes SR1977: the printed entity or table label is context, not a measurement basis; source labels retain its scope.)",RESOLVED,A+B+ADJUDICATOR,2a3ff4eb15e88df08d12b0ffd4696117b642b6f1ff19ee5fb8bd8d1a3a025988
d1428faddf8ee4dacdc1,SRC377,9,PAIR_89C6D18CF01A89E0407B2875,CONTEXT_CONFLICT,209,215,source_section|source_table|currency_scale|metric_name,MERGE,"source_section takes the printed heading governing the table on that page. source_table takes the printed title in full, section number included. metric_name follows the table's shape: the rows are asset classes and the columns are the measures, so the metric is the leaf column header. B used the row label. currency_scale is copied verbatim with its parentheses as the page prints it, instead of B's normalised 'thousands'. asset_class comes from the bare 'Equities:'/'Debt:' heading rows, which print a label and no values and govern every row beneath them until the next such heading.; Source review: p9: BILL & MELINDA GATES FOUNDATION TRUST (The statement or note reports this line and its valuation column separately.) | p9: BILL & MELINDA GATES FOUNDATION TRUST (Printed heading or definition supporting the source-reviewed qualifier.) | p9: fair value 33,940,333 4,658,150 66,268 38,664,751 (159,794) 38,504,957 (The printed label identifies a statement item, not an institution; retain the accounting scope without an entity ID.) | p9: BILL & MELINDA GATES FOUNDATION TRUST (Supersedes SR1978: the printed entity or table label is context, not a measurement basis; source labels retain its scope.)",RESOLVED,A+B+ADJUDICATOR,2a3ff4eb15e88df08d12b0ffd4696117b642b6f1ff19ee5fb8bd8d1a3a025988
e4cc5f6d7d5e3787eeb4,SRC377,9,PAIR_E41AB11C980325DDDE27F5CA,CONTEXT_CONFLICT,210,216,source_section|source_table|currency_scale|metric_name,MERGE,"source_section takes the printed heading governing the table on that page. source_table takes the printed title in full, section number included. metric_name follows the table's shape: the rows are asset classes and the columns are the measures, so the metric is the leaf column header. B used the row label. currency_scale is copied verbatim with its parentheses as the page prints it, instead of B's normalised 'thousands'. asset_class comes from the bare 'Equities:'/'Debt:' heading rows, which print a label and no values and govern every row beneath them until the next such heading.; Source review: p9: BILL & MELINDA GATES FOUNDATION TRUST (The statement or note reports this line and its valuation column separately.) | p9: BILL & MELINDA GATES FOUNDATION TRUST (Printed heading or definition supporting the source-reviewed qualifier.) | p9: fair value 33,940,333 4,658,150 66,268 38,664,751 (159,794) 38,504,957 (The printed label identifies a statement item, not an institution; retain the accounting scope without an entity ID.) | p9: BILL & MELINDA GATES FOUNDATION TRUST (Supersedes SR1979: the printed entity or table label is context, not a measurement basis; source labels retain its scope.)",RESOLVED,A+B+ADJUDICATOR,2a3ff4eb15e88df08d12b0ffd4696117b642b6f1ff19ee5fb8bd8d1a3a025988
7cf8a13cf896ed9103ac,SRC377,9,PAIR_12AD77BC4DA71F31A6E86526,CONTEXT_CONFLICT,211,217,source_section|source_table|currency_scale|metric_name,MERGE,"source_section takes the printed heading governing the table on that page. source_table takes the printed title in full, section number included. metric_name follows the table's shape: the rows are asset classes and the columns are the measures, so the metric is the leaf column header. B used the row label. currency_scale is copied verbatim with its parentheses as the page prints it, instead of B's normalised 'thousands'. asset_class comes from the bare 'Equities:'/'Debt:' heading rows, which print a label and no values and govern every row beneath them until the next such heading.; Source review: p9: BILL & MELINDA GATES FOUNDATION TRUST (The statement or note reports this line and its valuation column separately.) | p9: BILL & MELINDA GATES FOUNDATION TRUST (Printed heading or definition supporting the source-reviewed qualifier.) | p9: fair value 33,940,333 4,658,150 66,268 38,664,751 (159,794) 38,504,957 (The printed label identifies a statement item, not an institution; retain the accounting scope without an entity ID.) | p9: BILL & MELINDA GATES FOUNDATION TRUST (Supersedes SR1980: the printed entity or table label is context, not a measurement basis; source labels retain its scope.)",RESOLVED,A+B+ADJUDICATOR,2a3ff4eb15e88df08d12b0ffd4696117b642b6f1ff19ee5fb8bd8d1a3a025988
2ce208bb9b4dc8edcce2,SRC377,9,PAIR_6BDD53BA0B1447C6EE028916,CONTEXT_CONFLICT,212,218,source_section|source_table|asset_class|currency_scale|metric_name,MERGE,"source_section takes the printed heading governing the table on that page. source_table takes the printed title in full, section number included. metric_name follows the table's shape: the rows are asset classes and the columns are the measures, so the metric is the leaf column header. B used the row label. currency_scale is copied verbatim with its parentheses as the page prints it, instead of B's normalised 'thousands'. asset_class comes from the bare 'Equities:'/'Debt:' heading rows, which print a label and no values and govern every row beneath them until the next such heading.; Source review: p9: BILL & MELINDA GATES FOUNDATION TRUST (The statement or note reports this line and its valuation column separately.) | p9: BILL & MELINDA GATES FOUNDATION TRUST (Printed heading or definition supporting the source-reviewed qualifier.) | p9: BILL & MELINDA GATES FOUNDATION TRUST (Supersedes SR1981: the printed entity or table label is context, not a measurement basis; source labels retain its scope.)",RESOLVED,A+B+ADJUDICATOR,2a3ff4eb15e88df08d12b0ffd4696117b642b6f1ff19ee5fb8bd8d1a3a025988
cbf3725c8205210c697a,SRC377,9,PAIR_5F548344D001BBF6F09FECB6,CONTEXT_CONFLICT,213,219,source_section|source_table|asset_class|currency_scale|metric_name,MERGE,"source_section takes the printed heading governing the table on that page. source_table takes the printed title in full, section number included. metric_name follows the table's shape: the rows are asset classes and the columns are the measures, so the metric is the leaf column header. B used the row label. currency_scale is copied verbatim with its parentheses as the page prints it, instead of B's normalised 'thousands'. asset_class comes from the bare 'Equities:'/'Debt:' heading rows, which print a label and no values and govern every row beneath them until the next such heading.; Source review: p9: BILL & MELINDA GATES FOUNDATION TRUST (The statement or note reports this line and its valuation column separately.) | p9: BILL & MELINDA GATES FOUNDATION TRUST (Printed heading or definition supporting the source-reviewed qualifier.) | p9: BILL & MELINDA GATES FOUNDATION TRUST (Supersedes SR1982: the printed entity or table label is context, not a measurement basis; source labels retain its scope.)",RESOLVED,A+B+ADJUDICATOR,2a3ff4eb15e88df08d12b0ffd4696117b642b6f1ff19ee5fb8bd8d1a3a025988
2899203a9ecddb1d5646,SRC377,9,PAIR_C9D3DE423F2D0AC3444AB7A8,CONTEXT_CONFLICT,214,220,source_section|source_table|asset_class|currency_scale|metric_name,MERGE,"source_section takes the printed heading governing the table on that page. source_table takes the printed title in full, section number included. metric_name follows the table's shape: the rows are asset classes and the columns are the measures, so the metric is the leaf column header. B used the row label. currency_scale is copied verbatim with its parentheses as the page prints it, instead of B's normalised 'thousands'. asset_class comes from the bare 'Equities:'/'Debt:' heading rows, which print a label and no values and govern every row beneath them until the next such heading.; Source review: p9: BILL & MELINDA GATES FOUNDATION TRUST (The statement or note reports this line and its valuation column separately.) | p9: BILL & MELINDA GATES FOUNDATION TRUST (Printed heading or definition supporting the source-reviewed qualifier.) | p9: BILL & MELINDA GATES FOUNDATION TRUST (Supersedes SR1983: the printed entity or table label is context, not a measurement basis; source labels retain its scope.)",RESOLVED,A+B+ADJUDICATOR,2a3ff4eb15e88df08d12b0ffd4696117b642b6f1ff19ee5fb8bd8d1a3a025988
3f083c10f209c8d37bb8,SRC377,9,PAIR_33B25660E2EF52A06891144C,CONTEXT_CONFLICT,215,221,source_section|source_table|asset_class|currency_scale|metric_name,MERGE,"source_section takes the printed heading governing the table on that page. source_table takes the printed title in full, section number included. metric_name follows the table's shape: the rows are asset classes and the columns are the measures, so the metric is the leaf column header. B used the row label. currency_scale is copied verbatim with its parentheses as the page prints it, instead of B's normalised 'thousands'. asset_class comes from the bare 'Equities:'/'Debt:' heading rows, which print a label and no values and govern every row beneath them until the next such heading.; Source review: p9: BILL & MELINDA GATES FOUNDATION TRUST (The statement or note reports this line and its valuation column separately.) | p9: BILL & MELINDA GATES FOUNDATION TRUST (Printed heading or definition supporting the source-reviewed qualifier.) | p9: BILL & MELINDA GATES FOUNDATION TRUST (Supersedes SR1984: the printed entity or table label is context, not a measurement basis; source labels retain its scope.)",RESOLVED,A+B+ADJUDICATOR,2a3ff4eb15e88df08d12b0ffd4696117b642b6f1ff19ee5fb8bd8d1a3a025988
6ea0f146c0b4f5727b6c,SRC377,9,PAIR_D2A3D7FA479C9687076F2980,CONTEXT_CONFLICT,216,222,source_section|source_table|asset_class|currency_scale|metric_name,MERGE,"source_section takes the printed heading governing the table on that page. source_table takes the printed title in full, section number included. metric_name follows the table's shape: the rows are asset classes and the columns are the measures, so the metric is the leaf column header. B used the row label. currency_scale is copied verbatim with its parentheses as the page prints it, instead of B's normalised 'thousands'. asset_class comes from the bare 'Equities:'/'Debt:' heading rows, which print a label and no values and govern every row beneath them until the next such heading.; Source review: p9: BILL & MELINDA GATES FOUNDATION TRUST (The statement or note reports this line and its valuation column separately.) | p9: BILL & MELINDA GATES FOUNDATION TRUST (Printed heading or definition supporting the source-reviewed qualifier.) | p9: BILL & MELINDA GATES FOUNDATION TRUST (Supersedes SR1985: the printed entity or table label is context, not a measurement basis; source labels retain its scope.)",RESOLVED,A+B+ADJUDICATOR,2a3ff4eb15e88df08d12b0ffd4696117b642b6f1ff19ee5fb8bd8d1a3a025988
dfcecffe9ed58dd0e822,SRC377,9,PAIR_CF3E60F281A0408D85D5ECCF,CONTEXT_CONFLICT,217,223,source_section|source_table|asset_class|currency_scale|metric_name,MERGE,"source_section takes the printed heading governing the table on that page. source_table takes the printed title in full, section number included. metric_name follows the table's shape: the rows are asset classes and the columns are the measures, so the metric is the leaf column header. B used the row label. currency_scale is copied verbatim with its parentheses as the page prints it, instead of B's normalised 'thousands'. asset_class comes from the bare 'Equities:'/'Debt:' heading rows, which print a label and no values and govern every row beneath them until the next such heading.; Source review: p9: BILL & MELINDA GATES FOUNDATION TRUST (The statement or note reports this line and its valuation column separately.) | p9: BILL & MELINDA GATES FOUNDATION TRUST (Printed heading or definition supporting the source-reviewed qualifier.) | p9: BILL & MELINDA GATES FOUNDATION TRUST (Supersedes SR1986: the printed entity or table label is context, not a measurement basis; source labels retain its scope.)",RESOLVED,A+B+ADJUDICATOR,2a3ff4eb15e88df08d12b0ffd4696117b642b6f1ff19ee5fb8bd8d1a3a025988
dd4ae38e937d6708e31e,SRC377,9,PAIR_6051BC5814A079B6907AEACE,CONTEXT_CONFLICT,218,224,source_section|source_table|asset_class|currency_scale|metric_name,MERGE,"source_section takes the printed heading governing the table on that page. source_table takes the printed title in full, section number included. metric_name follows the table's shape: the rows are asset classes and the columns are the measures, so the metric is the leaf column header. B used the row label. currency_scale is copied verbatim with its parentheses as the page prints it, instead of B's normalised 'thousands'. asset_class comes from the bare 'Equities:'/'Debt:' heading rows, which print a label and no values and govern every row beneath them until the next such heading.; Source review: p9: BILL & MELINDA GATES FOUNDATION TRUST (The statement or note reports this line and its valuation column separately.) | p9: BILL & MELINDA GATES FOUNDATION TRUST (Printed heading or definition supporting the source-reviewed qualifier.) | p9: BILL & MELINDA GATES FOUNDATION TRUST (Supersedes SR1987: the printed entity or table label is context, not a measurement basis; source labels retain its scope.)",RESOLVED,A+B+ADJUDICATOR,2a3ff4eb15e88df08d12b0ffd4696117b642b6f1ff19ee5fb8bd8d1a3a025988
c601841d856e21ee145d,SRC377,9,PAIR_BF3A36171ACFA7B1FB3A8115,B_ONLY,,225,,MERGE,The printed sentence is a real eligible observation and B's labelling of it is kept over A's invented table row; only currency_scale is corrected to the printed '(Dollars in thousands)'.,RESOLVED,B+ADJUDICATOR,2a3ff4eb15e88df08d12b0ffd4696117b642b6f1ff19ee5fb8bd8d1a3a025988
2e1e18f0f5db63c5e919,SRC377,9,PAIR_B77652A65B80D514E016EA9E,B_ONLY,,228,,MERGE,"source_section takes the printed heading governing the table on that page. currency_scale is copied verbatim with its parentheses as the page prints it, instead of B's normalised 'thousands'. horizon takes the printed column header and period_end the printed 'Years ended December 31, 2016 and 2015'. metric_name is the row label: in this table the rows are the measures and the columns are the two years. A skipped this line as a repeat of the page 4 figure. Deduplication is within a page, not across pages: source_page is part of the record key, the coverage contract counts cells per page, and this is the printed total of a different table. The 2016 cell also regains the dollar sign the page prints against it.; Source review: p9: Investment income (losses), net $ 3,440,943 (2,094,741) (The printed label identifies a statement item, not an institution; retain the accounting scope without an entity ID.)",RESOLVED,B+ADJUDICATOR,2a3ff4eb15e88df08d12b0ffd4696117b642b6f1ff19ee5fb8bd8d1a3a025988
6c6fa0a7565de1c86486,SRC377,9,PAIR_C270B787178497F62736745D,B_ONLY,,229,,MERGE,"source_section takes the printed heading governing the table on that page. currency_scale is copied verbatim with its parentheses as the page prints it, instead of B's normalised 'thousands'. horizon takes the printed column header and period_end the printed 'Years ended December 31, 2016 and 2015'. metric_name is the row label: in this table the rows are the measures and the columns are the two years. A skipped this line as a repeat of the page 4 figure. Deduplication is within a page, not across pages: source_page is part of the record key, the coverage contract counts cells per page, and this is the printed total of a different table. The 2016 cell also regains the dollar sign the page prints against it.; Source review: p9: Investment income (losses), net $ 3,440,943 (2,094,741) (The printed label identifies a statement item, not an institution; retain the accounting scope without an entity ID.)",RESOLVED,B+ADJUDICATOR,2a3ff4eb15e88df08d12b0ffd4696117b642b6f1ff19ee5fb8bd8d1a3a025988
97cbb8a4dace451920b8,SRC377,9,PAIR_188391A96F95B697BDEAAB4E,CONTEXT_CONFLICT,126,230,source_section|source_table|horizon|currency_scale,MERGE,"source_section takes the printed heading governing the table on that page. currency_scale is copied verbatim with its parentheses as the page prints it, instead of B's normalised 'thousands'. horizon takes the printed column header and period_end the printed 'Years ended December 31, 2016 and 2015'. metric_name is the row label: in this table the rows are the measures and the columns are the two years.; Source review: p9: Investment management expenses (452,775) (478,936) (The printed label identifies a statement item, not an institution; retain the accounting scope without an entity ID.)",RESOLVED,A+B+ADJUDICATOR,2a3ff4eb15e88df08d12b0ffd4696117b642b6f1ff19ee5fb8bd8d1a3a025988
09f52607cf6c26887b38,SRC377,9,PAIR_A990FAD0441CE37D5FEF042B,CONTEXT_CONFLICT,127,231,source_section|source_table|horizon|currency_scale,MERGE,"source_section takes the printed heading governing the table on that page. currency_scale is copied verbatim with its parentheses as the page prints it, instead of B's normalised 'thousands'. horizon takes the printed column header and period_end the printed 'Years ended December 31, 2016 and 2015'. metric_name is the row label: in this table the rows are the measures and the columns are the two years.; Source review: p9: Investment management expenses (452,775) (478,936) (The printed label identifies a statement item, not an institution; retain the accounting scope without an entity ID.)",RESOLVED,A+B+ADJUDICATOR,2a3ff4eb15e88df08d12b0ffd4696117b642b6f1ff19ee5fb8bd8d1a3a025988
ae900a56d51f0704ac4d,SRC377,9,PAIR_07FA7D15E5223BCE7EA8B2EA,B_ONLY,,234,,MERGE,"source_section takes the printed heading governing the table on that page. currency_scale is copied verbatim with its parentheses as the page prints it, instead of B's normalised 'thousands'. horizon takes the printed column header and period_end the printed 'Years ended December 31, 2016 and 2015'. metric_name is the row label: in this table the rows are the measures and the columns are the two years. The row sits under the printed 'Investment expenses:' heading, so fund_expense is the category B assigned and it is correct.; Source review: p9: Other (26,362) (31,835) (The printed label identifies a statement item, not an institution; retain the accounting scope without an entity ID.)",RESOLVED,B+ADJUDICATOR,2a3ff4eb15e88df08d12b0ffd4696117b642b6f1ff19ee5fb8bd8d1a3a025988
5583236febb017be7070,SRC377,9,PAIR_52923F74F936667E6F8AE83F,B_ONLY,,235,,MERGE,"source_section takes the printed heading governing the table on that page. currency_scale is copied verbatim with its parentheses as the page prints it, instead of B's normalised 'thousands'. horizon takes the printed column header and period_end the printed 'Years ended December 31, 2016 and 2015'. metric_name is the row label: in this table the rows are the measures and the columns are the two years. The row sits under the printed 'Investment expenses:' heading, so fund_expense is the category B assigned and it is correct.; Source review: p9: Other (26,362) (31,835) (The printed label identifies a statement item, not an institution; retain the accounting scope without an entity ID.)",RESOLVED,B+ADJUDICATOR,2a3ff4eb15e88df08d12b0ffd4696117b642b6f1ff19ee5fb8bd8d1a3a025988
4980e6106017243e724c,SRC377,10,,ADJUDICATOR_ADD,,,,ADD,Upstream source review: the previous coverage instruction excluded this printed definition as reference-only content; source page 10.,ADDED,ADJUDICATOR,2a3ff4eb15e88df08d12b0ffd4696117b642b6f1ff19ee5fb8bd8d1a3a025988
584b1dfcd28564f75209,SRC377,10,,ADJUDICATOR_ADD,,,,ADD,Upstream source review: the previous coverage instruction excluded this printed definition as reference-only content; source page 10.,ADDED,ADJUDICATOR,2a3ff4eb15e88df08d12b0ffd4696117b642b6f1ff19ee5fb8bd8d1a3a025988
92fbe0d7710ff9668c16,SRC377,11,PAIR_70E9D82CD391C822012913FE,B_ONLY,,240,,MERGE,"source_section takes the printed heading governing the table on that page. metric_name follows the table's shape: the rows are asset classes and the columns are the measures, so the metric is the leaf column header. B used the row label. source_table takes the printed line that introduces the table; A's 'Fair Values of Derivative Instruments' is not printed anywhere on the page. The two stacked tables are separated by source_occurrence 1 for December 31, 2016 and 2 for December 31, 2015, which is what occurrence exists for. currency_scale is copied verbatim with its parentheses as the page prints it, instead of B's normalised 'thousands'. B's one-sided row is confirmed against the page: A dropped the Total and the 'Fair value presented in statement of financial position' rows as repeats of cells on pages 8 and 9, but deduplication is within a page, not across pages, and both are printed here with their own labels.; Source review: p11: BILL & MELINDA GATES FOUNDATION TRUST (The statement or note reports this line and its valuation column separately.) | p11: BILL & MELINDA GATES FOUNDATION TRUST (Printed heading or definition supporting the source-reviewed qualifier.) | p11: position 167,897 (38,991) (The printed label identifies a statement item, not an institution; retain the accounting scope without an entity ID.) | p11: BILL & MELINDA GATES FOUNDATION TRUST (Supersedes SR1988: the printed entity or table label is context, not a measurement basis; source labels retain its scope.)",RESOLVED,B+ADJUDICATOR,2a3ff4eb15e88df08d12b0ffd4696117b642b6f1ff19ee5fb8bd8d1a3a025988
5d55bf1a2360db9f04fc,SRC377,11,PAIR_4A3B1B7CCBD45707BF98F23D,B_ONLY,,241,,MERGE,"source_section takes the printed heading governing the table on that page. metric_name follows the table's shape: the rows are asset classes and the columns are the measures, so the metric is the leaf column header. B used the row label. source_table takes the printed line that introduces the table; A's 'Fair Values of Derivative Instruments' is not printed anywhere on the page. The two stacked tables are separated by source_occurrence 1 for December 31, 2016 and 2 for December 31, 2015, which is what occurrence exists for. currency_scale is copied verbatim with its parentheses as the page prints it, instead of B's normalised 'thousands'. B's one-sided row is confirmed against the page: A dropped the Total and the 'Fair value presented in statement of financial position' rows as repeats of cells on pages 8 and 9, but deduplication is within a page, not across pages, and both are printed here with their own labels.; Source review: p11: BILL & MELINDA GATES FOUNDATION TRUST (The statement or note reports this line and its valuation column separately.) | p11: BILL & MELINDA GATES FOUNDATION TRUST (Printed heading or definition supporting the source-reviewed qualifier.) | p11: position 48,813 (18,254) (The printed label identifies a statement item, not an institution; retain the accounting scope without an entity ID.) | p11: BILL & MELINDA GATES FOUNDATION TRUST (Supersedes SR1989: the printed entity or table label is context, not a measurement basis; source labels retain its scope.)",RESOLVED,B+ADJUDICATOR,2a3ff4eb15e88df08d12b0ffd4696117b642b6f1ff19ee5fb8bd8d1a3a025988
b496da3bafaf61dd0f2a,SRC377,11,PAIR_119961BCB68FDB7518002C63,B_ONLY,,242,,MERGE,"source_section takes the printed heading governing the table on that page. metric_name follows the table's shape: the rows are asset classes and the columns are the measures, so the metric is the leaf column header. B used the row label. source_table takes the printed line that introduces the table; A's 'Fair Values of Derivative Instruments' is not printed anywhere on the page. The two stacked tables are separated by source_occurrence 1 for December 31, 2016 and 2 for December 31, 2015, which is what occurrence exists for. currency_scale is copied verbatim with its parentheses as the page prints it, instead of B's normalised 'thousands'. B's one-sided row is confirmed against the page: A dropped the Total and the 'Fair value presented in statement of financial position' rows as repeats of cells on pages 8 and 9, but deduplication is within a page, not across pages, and both are printed here with their own labels.; Source review: p11: BILL & MELINDA GATES FOUNDATION TRUST (The statement or note reports this line and its valuation column separately.) | p11: BILL & MELINDA GATES FOUNDATION TRUST (Printed heading or definition supporting the source-reviewed qualifier.) | p11: position 167,897 (38,991) (The printed label identifies a statement item, not an institution; retain the accounting scope without an entity ID.) | p11: BILL & MELINDA GATES FOUNDATION TRUST (Supersedes SR1990: the printed entity or table label is context, not a measurement basis; source labels retain its scope.)",RESOLVED,B+ADJUDICATOR,2a3ff4eb15e88df08d12b0ffd4696117b642b6f1ff19ee5fb8bd8d1a3a025988
f9ac48c0340acf2fff87,SRC377,11,PAIR_BBB4CC3C7AEC1AA39A3B6894,B_ONLY,,243,,MERGE,"source_section takes the printed heading governing the table on that page. metric_name follows the table's shape: the rows are asset classes and the columns are the measures, so the metric is the leaf column header. B used the row label. source_table takes the printed line that introduces the table; A's 'Fair Values of Derivative Instruments' is not printed anywhere on the page. The two stacked tables are separated by source_occurrence 1 for December 31, 2016 and 2 for December 31, 2015, which is what occurrence exists for. currency_scale is copied verbatim with its parentheses as the page prints it, instead of B's normalised 'thousands'. B's one-sided row is confirmed against the page: A dropped the Total and the 'Fair value presented in statement of financial position' rows as repeats of cells on pages 8 and 9, but deduplication is within a page, not across pages, and both are printed here with their own labels.; Source review: p11: BILL & MELINDA GATES FOUNDATION TRUST (The statement or note reports this line and its valuation column separately.) | p11: BILL & MELINDA GATES FOUNDATION TRUST (Printed heading or definition supporting the source-reviewed qualifier.) | p11: position 48,813 (18,254) (The printed label identifies a statement item, not an institution; retain the accounting scope without an entity ID.) | p11: BILL & MELINDA GATES FOUNDATION TRUST (Supersedes SR1991: the printed entity or table label is context, not a measurement basis; source labels retain its scope.)",RESOLVED,B+ADJUDICATOR,2a3ff4eb15e88df08d12b0ffd4696117b642b6f1ff19ee5fb8bd8d1a3a025988
17e7e0b520a0d9b51f3e,SRC377,11,PAIR_3F0B83952DC0A94BA0EFE0E3,VALUE_CONFLICT,219,244,source_section|source_table|currency_scale|metric_name|metric_value_raw,MERGE,"source_section takes the printed heading governing the table on that page. metric_name follows the table's shape: the rows are asset classes and the columns are the measures, so the metric is the leaf column header. B used the row label. source_table takes the printed line that introduces the table; A's 'Fair Values of Derivative Instruments' is not printed anywhere on the page. The two stacked tables are separated by source_occurrence 1 for December 31, 2016 and 2 for December 31, 2015, which is what occurrence exists for. currency_scale is copied verbatim with its parentheses as the page prints it, instead of B's normalised 'thousands'. metric_value_raw keeps the dollar sign the page prints against this cell, closed up to the digits; B stripped it.; Source review: p11: BILL & MELINDA GATES FOUNDATION TRUST (The statement or note reports this line and its valuation column separately.) | p11: BILL & MELINDA GATES FOUNDATION TRUST (Printed heading or definition supporting the source-reviewed qualifier.) | p11: BILL & MELINDA GATES FOUNDATION TRUST (Supersedes SR1992: the printed entity or table label is context, not a measurement basis; source labels retain its scope.)",RESOLVED,A+B+ADJUDICATOR,2a3ff4eb15e88df08d12b0ffd4696117b642b6f1ff19ee5fb8bd8d1a3a025988
60f278f6d91073eaee32,SRC377,11,PAIR_E9DBF53D3569B49B0C907CE2,VALUE_CONFLICT,220,245,source_section|source_table|currency_scale|metric_name|metric_value_raw,MERGE,"source_section takes the printed heading governing the table on that page. metric_name follows the table's shape: the rows are asset classes and the columns are the measures, so the metric is the leaf column header. B used the row label. source_table takes the printed line that introduces the table; A's 'Fair Values of Derivative Instruments' is not printed anywhere on the page. The two stacked tables are separated by source_occurrence 1 for December 31, 2016 and 2 for December 31, 2015, which is what occurrence exists for. currency_scale is copied verbatim with its parentheses as the page prints it, instead of B's normalised 'thousands'. metric_value_raw keeps the dollar sign the page prints against this cell, closed up to the digits; B stripped it.; Source review: p11: BILL & MELINDA GATES FOUNDATION TRUST (The statement or note reports this line and its valuation column separately.) | p11: BILL & MELINDA GATES FOUNDATION TRUST (Printed heading or definition supporting the source-reviewed qualifier.) | p11: BILL & MELINDA GATES FOUNDATION TRUST (Supersedes SR1993: the printed entity or table label is context, not a measurement basis; source labels retain its scope.)",RESOLVED,A+B+ADJUDICATOR,2a3ff4eb15e88df08d12b0ffd4696117b642b6f1ff19ee5fb8bd8d1a3a025988
1ab7107082ea7cf4656d,SRC377,11,PAIR_3ED25EDD7DA9239D8E87EE73,CONTEXT_CONFLICT,221,246,source_section|source_table|currency_scale|metric_name,MERGE,"source_section takes the printed heading governing the table on that page. metric_name follows the table's shape: the rows are asset classes and the columns are the measures, so the metric is the leaf column header. B used the row label. source_table takes the printed line that introduces the table; A's 'Fair Values of Derivative Instruments' is not printed anywhere on the page. The two stacked tables are separated by source_occurrence 1 for December 31, 2016 and 2 for December 31, 2015, which is what occurrence exists for. currency_scale is copied verbatim with its parentheses as the page prints it, instead of B's normalised 'thousands'.; Source review: p11: BILL & MELINDA GATES FOUNDATION TRUST (The statement or note reports this line and its valuation column separately.) | p11: BILL & MELINDA GATES FOUNDATION TRUST (Printed heading or definition supporting the source-reviewed qualifier.) | p11: BILL & MELINDA GATES FOUNDATION TRUST (Supersedes SR1994: the printed entity or table label is context, not a measurement basis; source labels retain its scope.)",RESOLVED,A+B+ADJUDICATOR,2a3ff4eb15e88df08d12b0ffd4696117b642b6f1ff19ee5fb8bd8d1a3a025988
3d16457158dc41a5e690,SRC377,11,PAIR_63265BC973B7036729C2F44A,CONTEXT_CONFLICT,222,247,source_section|source_table|currency_scale|metric_name,MERGE,"source_section takes the printed heading governing the table on that page. metric_name follows the table's shape: the rows are asset classes and the columns are the measures, so the metric is the leaf column header. B used the row label. source_table takes the printed line that introduces the table; A's 'Fair Values of Derivative Instruments' is not printed anywhere on the page. The two stacked tables are separated by source_occurrence 1 for December 31, 2016 and 2 for December 31, 2015, which is what occurrence exists for. currency_scale is copied verbatim with its parentheses as the page prints it, instead of B's normalised 'thousands'.; Source review: p11: BILL & MELINDA GATES FOUNDATION TRUST (The statement or note reports this line and its valuation column separately.) | p11: BILL & MELINDA GATES FOUNDATION TRUST (Printed heading or definition supporting the source-reviewed qualifier.) | p11: BILL & MELINDA GATES FOUNDATION TRUST (Supersedes SR1995: the printed entity or table label is context, not a measurement basis; source labels retain its scope.)",RESOLVED,A+B+ADJUDICATOR,2a3ff4eb15e88df08d12b0ffd4696117b642b6f1ff19ee5fb8bd8d1a3a025988
522773b0d991bb70f119,SRC377,11,PAIR_2F5E7E5FF8BA5C0D4B9D9848,CONTEXT_CONFLICT,223,248,source_section|source_table|currency_scale|metric_name,MERGE,"source_section takes the printed heading governing the table on that page. metric_name follows the table's shape: the rows are asset classes and the columns are the measures, so the metric is the leaf column header. B used the row label. source_table takes the printed line that introduces the table; A's 'Fair Values of Derivative Instruments' is not printed anywhere on the page. The two stacked tables are separated by source_occurrence 1 for December 31, 2016 and 2 for December 31, 2015, which is what occurrence exists for. currency_scale is copied verbatim with its parentheses as the page prints it, instead of B's normalised 'thousands'.; Source review: p11: BILL & MELINDA GATES FOUNDATION TRUST (The statement or note reports this line and its valuation column separately.) | p11: BILL & MELINDA GATES FOUNDATION TRUST (Printed heading or definition supporting the source-reviewed qualifier.) | p11: BILL & MELINDA GATES FOUNDATION TRUST (Supersedes SR1996: the printed entity or table label is context, not a measurement basis; source labels retain its scope.)",RESOLVED,A+B+ADJUDICATOR,2a3ff4eb15e88df08d12b0ffd4696117b642b6f1ff19ee5fb8bd8d1a3a025988
2a0cd620c6bd219bd54d,SRC377,11,PAIR_F5DC3893D48F616BB4E1F0C6,CONTEXT_CONFLICT,224,249,source_section|source_table|currency_scale|metric_name,MERGE,"source_section takes the printed heading governing the table on that page. metric_name follows the table's shape: the rows are asset classes and the columns are the measures, so the metric is the leaf column header. B used the row label. source_table takes the printed line that introduces the table; A's 'Fair Values of Derivative Instruments' is not printed anywhere on the page. The two stacked tables are separated by source_occurrence 1 for December 31, 2016 and 2 for December 31, 2015, which is what occurrence exists for. currency_scale is copied verbatim with its parentheses as the page prints it, instead of B's normalised 'thousands'.; Source review: p11: BILL & MELINDA GATES FOUNDATION TRUST (The statement or note reports this line and its valuation column separately.) | p11: BILL & MELINDA GATES FOUNDATION TRUST (Printed heading or definition supporting the source-reviewed qualifier.) | p11: BILL & MELINDA GATES FOUNDATION TRUST (Supersedes SR1997: the printed entity or table label is context, not a measurement basis; source labels retain its scope.)",RESOLVED,A+B+ADJUDICATOR,2a3ff4eb15e88df08d12b0ffd4696117b642b6f1ff19ee5fb8bd8d1a3a025988
23c417a7c7a4b251b0e1,SRC377,11,PAIR_BC13C92FFCC142D06B0AA07D,CONTEXT_CONFLICT,225,250,source_section|source_table|currency_scale|metric_name,MERGE,"source_section takes the printed heading governing the table on that page. metric_name follows the table's shape: the rows are asset classes and the columns are the measures, so the metric is the leaf column header. B used the row label. source_table takes the printed line that introduces the table; A's 'Fair Values of Derivative Instruments' is not printed anywhere on the page. The two stacked tables are separated by source_occurrence 1 for December 31, 2016 and 2 for December 31, 2015, which is what occurrence exists for. currency_scale is copied verbatim with its parentheses as the page prints it, instead of B's normalised 'thousands'.; Source review: p11: BILL & MELINDA GATES FOUNDATION TRUST (The statement or note reports this line and its valuation column separately.) | p11: BILL & MELINDA GATES FOUNDATION TRUST (Printed heading or definition supporting the source-reviewed qualifier.) | p11: BILL & MELINDA GATES FOUNDATION TRUST (Supersedes SR1998: the printed entity or table label is context, not a measurement basis; source labels retain its scope.)",RESOLVED,A+B+ADJUDICATOR,2a3ff4eb15e88df08d12b0ffd4696117b642b6f1ff19ee5fb8bd8d1a3a025988
3db928bad37d61d20c3a,SRC377,11,PAIR_9813421F841039917D12C6F2,CONTEXT_CONFLICT,226,251,source_section|source_table|currency_scale|metric_name,MERGE,"source_section takes the printed heading governing the table on that page. metric_name follows the table's shape: the rows are asset classes and the columns are the measures, so the metric is the leaf column header. B used the row label. source_table takes the printed line that introduces the table; A's 'Fair Values of Derivative Instruments' is not printed anywhere on the page. The two stacked tables are separated by source_occurrence 1 for December 31, 2016 and 2 for December 31, 2015, which is what occurrence exists for. currency_scale is copied verbatim with its parentheses as the page prints it, instead of B's normalised 'thousands'.; Source review: p11: BILL & MELINDA GATES FOUNDATION TRUST (The statement or note reports this line and its valuation column separately.) | p11: BILL & MELINDA GATES FOUNDATION TRUST (Printed heading or definition supporting the source-reviewed qualifier.) | p11: BILL & MELINDA GATES FOUNDATION TRUST (Supersedes SR1999: the printed entity or table label is context, not a measurement basis; source labels retain its scope.)",RESOLVED,A+B+ADJUDICATOR,2a3ff4eb15e88df08d12b0ffd4696117b642b6f1ff19ee5fb8bd8d1a3a025988
2850e1f07548fd341ee4,SRC377,11,PAIR_289A210D624C0A4958E5F17E,CONTEXT_CONFLICT,227,264,source_section|source_table|currency_scale|metric_name,MERGE,"source_section takes the printed heading governing the table on that page. metric_name follows the table's shape: the rows are asset classes and the columns are the measures, so the metric is the leaf column header. B used the row label. source_table takes the printed line that introduces the table; A's 'Fair Values of Derivative Instruments' is not printed anywhere on the page. The two stacked tables are separated by source_occurrence 1 for December 31, 2016 and 2 for December 31, 2015, which is what occurrence exists for. currency_scale is copied verbatim with its parentheses as the page prints it, instead of B's normalised 'thousands'.; Source review: p11: BILL & MELINDA GATES FOUNDATION TRUST (The statement or note reports this line and its valuation column separately.) | p11: BILL & MELINDA GATES FOUNDATION TRUST (Printed heading or definition supporting the source-reviewed qualifier.) | p11: BILL & MELINDA GATES FOUNDATION TRUST (Supersedes SR2000: the printed entity or table label is context, not a measurement basis; source labels retain its scope.)",RESOLVED,A+B+ADJUDICATOR,2a3ff4eb15e88df08d12b0ffd4696117b642b6f1ff19ee5fb8bd8d1a3a025988
2b33dbb284f6f242455b,SRC377,11,PAIR_13FC201F8851023AB776582F,CONTEXT_CONFLICT,228,265,source_section|source_table|currency_scale|metric_name,MERGE,"source_section takes the printed heading governing the table on that page. metric_name follows the table's shape: the rows are asset classes and the columns are the measures, so the metric is the leaf column header. B used the row label. source_table takes the printed line that introduces the table; A's 'Fair Values of Derivative Instruments' is not printed anywhere on the page. The two stacked tables are separated by source_occurrence 1 for December 31, 2016 and 2 for December 31, 2015, which is what occurrence exists for. currency_scale is copied verbatim with its parentheses as the page prints it, instead of B's normalised 'thousands'.; Source review: p11: BILL & MELINDA GATES FOUNDATION TRUST (The statement or note reports this line and its valuation column separately.) | p11: BILL & MELINDA GATES FOUNDATION TRUST (Printed heading or definition supporting the source-reviewed qualifier.) | p11: BILL & MELINDA GATES FOUNDATION TRUST (Supersedes SR2001: the printed entity or table label is context, not a measurement basis; source labels retain its scope.)",RESOLVED,A+B+ADJUDICATOR,2a3ff4eb15e88df08d12b0ffd4696117b642b6f1ff19ee5fb8bd8d1a3a025988
c09dd12533bb41d73fe9,SRC377,11,PAIR_1621217F187F04C577F006B0,CONTEXT_CONFLICT,229,266,source_section|source_table|currency_scale|metric_name,MERGE,"source_section takes the printed heading governing the table on that page. metric_name follows the table's shape: the rows are asset classes and the columns are the measures, so the metric is the leaf column header. B used the row label. source_table takes the printed line that introduces the table; A's 'Fair Values of Derivative Instruments' is not printed anywhere on the page. The two stacked tables are separated by source_occurrence 1 for December 31, 2016 and 2 for December 31, 2015, which is what occurrence exists for. currency_scale is copied verbatim with its parentheses as the page prints it, instead of B's normalised 'thousands'.; Source review: p11: BILL & MELINDA GATES FOUNDATION TRUST (The statement or note reports this line and its valuation column separately.) | p11: BILL & MELINDA GATES FOUNDATION TRUST (Printed heading or definition supporting the source-reviewed qualifier.) | p11: BILL & MELINDA GATES FOUNDATION TRUST (Supersedes SR2002: the printed entity or table label is context, not a measurement basis; source labels retain its scope.)",RESOLVED,A+B+ADJUDICATOR,2a3ff4eb15e88df08d12b0ffd4696117b642b6f1ff19ee5fb8bd8d1a3a025988
27f415e15eda119367c1,SRC377,11,PAIR_F41AF497423CCCE052941E3D,CONTEXT_CONFLICT,230,267,source_section|source_table|currency_scale|metric_name,MERGE,"source_section takes the printed heading governing the table on that page. metric_name follows the table's shape: the rows are asset classes and the columns are the measures, so the metric is the leaf column header. B used the row label. source_table takes the printed line that introduces the table; A's 'Fair Values of Derivative Instruments' is not printed anywhere on the page. The two stacked tables are separated by source_occurrence 1 for December 31, 2016 and 2 for December 31, 2015, which is what occurrence exists for. currency_scale is copied verbatim with its parentheses as the page prints it, instead of B's normalised 'thousands'.; Source review: p11: BILL & MELINDA GATES FOUNDATION TRUST (The statement or note reports this line and its valuation column separately.) | p11: BILL & MELINDA GATES FOUNDATION TRUST (Printed heading or definition supporting the source-reviewed qualifier.) | p11: BILL & MELINDA GATES FOUNDATION TRUST (Supersedes SR2003: the printed entity or table label is context, not a measurement basis; source labels retain its scope.)",RESOLVED,A+B+ADJUDICATOR,2a3ff4eb15e88df08d12b0ffd4696117b642b6f1ff19ee5fb8bd8d1a3a025988
ebb5f4f28d7e00d60c8e,SRC377,11,PAIR_9DC0182D0026860195F10ED2,CONTEXT_CONFLICT,231,268,source_section|source_table|currency_scale|metric_name,MERGE,"source_section takes the printed heading governing the table on that page. metric_name follows the table's shape: the rows are asset classes and the columns are the measures, so the metric is the leaf column header. B used the row label. source_table takes the printed line that introduces the table; A's 'Fair Values of Derivative Instruments' is not printed anywhere on the page. The two stacked tables are separated by source_occurrence 1 for December 31, 2016 and 2 for December 31, 2015, which is what occurrence exists for. currency_scale is copied verbatim with its parentheses as the page prints it, instead of B's normalised 'thousands'.; Source review: p11: BILL & MELINDA GATES FOUNDATION TRUST (The statement or note reports this line and its valuation column separately.) | p11: BILL & MELINDA GATES FOUNDATION TRUST (Printed heading or definition supporting the source-reviewed qualifier.) | p11: BILL & MELINDA GATES FOUNDATION TRUST (Supersedes SR2004: the printed entity or table label is context, not a measurement basis; source labels retain its scope.)",RESOLVED,A+B+ADJUDICATOR,2a3ff4eb15e88df08d12b0ffd4696117b642b6f1ff19ee5fb8bd8d1a3a025988
2f92bead54938663e5c7,SRC377,11,PAIR_9BF0D9559CA045669906CA5C,CONTEXT_CONFLICT,232,269,source_section|source_table|currency_scale|metric_name,MERGE,"source_section takes the printed heading governing the table on that page. metric_name follows the table's shape: the rows are asset classes and the columns are the measures, so the metric is the leaf column header. B used the row label. source_table takes the printed line that introduces the table; A's 'Fair Values of Derivative Instruments' is not printed anywhere on the page. The two stacked tables are separated by source_occurrence 1 for December 31, 2016 and 2 for December 31, 2015, which is what occurrence exists for. currency_scale is copied verbatim with its parentheses as the page prints it, instead of B's normalised 'thousands'.; Source review: p11: BILL & MELINDA GATES FOUNDATION TRUST (The statement or note reports this line and its valuation column separately.) | p11: BILL & MELINDA GATES FOUNDATION TRUST (Printed heading or definition supporting the source-reviewed qualifier.) | p11: BILL & MELINDA GATES FOUNDATION TRUST (Supersedes SR2005: the printed entity or table label is context, not a measurement basis; source labels retain its scope.)",RESOLVED,A+B+ADJUDICATOR,2a3ff4eb15e88df08d12b0ffd4696117b642b6f1ff19ee5fb8bd8d1a3a025988
20ae05efd6f8c0ae6166,SRC377,11,PAIR_D1ADA30187B2C80F3498B84A,CONTEXT_CONFLICT,233,270,source_section|source_table|currency_scale|metric_name,MERGE,"source_section takes the printed heading governing the table on that page. metric_name follows the table's shape: the rows are asset classes and the columns are the measures, so the metric is the leaf column header. B used the row label. source_table takes the printed line that introduces the table; A's 'Fair Values of Derivative Instruments' is not printed anywhere on the page. The two stacked tables are separated by source_occurrence 1 for December 31, 2016 and 2 for December 31, 2015, which is what occurrence exists for. currency_scale is copied verbatim with its parentheses as the page prints it, instead of B's normalised 'thousands'.; Source review: p11: BILL & MELINDA GATES FOUNDATION TRUST (The statement or note reports this line and its valuation column separately.) | p11: BILL & MELINDA GATES FOUNDATION TRUST (Printed heading or definition supporting the source-reviewed qualifier.) | p11: BILL & MELINDA GATES FOUNDATION TRUST (Supersedes SR2006: the printed entity or table label is context, not a measurement basis; source labels retain its scope.)",RESOLVED,A+B+ADJUDICATOR,2a3ff4eb15e88df08d12b0ffd4696117b642b6f1ff19ee5fb8bd8d1a3a025988
60359e3aa580a4613424,SRC377,11,PAIR_0B126C16CC60E2ACA15409C4,CONTEXT_CONFLICT,234,271,source_section|source_table|currency_scale|metric_name,MERGE,"source_section takes the printed heading governing the table on that page. metric_name follows the table's shape: the rows are asset classes and the columns are the measures, so the metric is the leaf column header. B used the row label. source_table takes the printed line that introduces the table; A's 'Fair Values of Derivative Instruments' is not printed anywhere on the page. The two stacked tables are separated by source_occurrence 1 for December 31, 2016 and 2 for December 31, 2015, which is what occurrence exists for. currency_scale is copied verbatim with its parentheses as the page prints it, instead of B's normalised 'thousands'.; Source review: p11: BILL & MELINDA GATES FOUNDATION TRUST (The statement or note reports this line and its valuation column separately.) | p11: BILL & MELINDA GATES FOUNDATION TRUST (Printed heading or definition supporting the source-reviewed qualifier.) | p11: BILL & MELINDA GATES FOUNDATION TRUST (Supersedes SR2007: the printed entity or table label is context, not a measurement basis; source labels retain its scope.)",RESOLVED,A+B+ADJUDICATOR,2a3ff4eb15e88df08d12b0ffd4696117b642b6f1ff19ee5fb8bd8d1a3a025988
0159dec766d322b2e954,SRC377,11,PAIR_131E8FB577122997A0FA93EA,B_ONLY,,272,,MERGE,"source_section takes the printed heading governing the table on that page. metric_name follows the table's shape: the rows are asset classes and the columns are the measures, so the metric is the leaf column header. B used the row label. source_table takes the printed line that introduces the table; A's 'Fair Values of Derivative Instruments' is not printed anywhere on the page. The two stacked tables are separated by source_occurrence 1 for December 31, 2016 and 2 for December 31, 2015, which is what occurrence exists for. currency_scale is copied verbatim with its parentheses as the page prints it, instead of B's normalised 'thousands'. B's one-sided row is confirmed against the page: A dropped the Total and the 'Fair value presented in statement of financial position' rows as repeats of cells on pages 8 and 9, but deduplication is within a page, not across pages, and both are printed here with their own labels.; Source review: p11: BILL & MELINDA GATES FOUNDATION TRUST (The statement or note reports this line and its valuation column separately.) | p11: BILL & MELINDA GATES FOUNDATION TRUST (Printed heading or definition supporting the source-reviewed qualifier.) | p11: Total 475,808 (346,677) (The printed label identifies a statement item, not an institution; retain the accounting scope without an entity ID.) | p11: BILL & MELINDA GATES FOUNDATION TRUST (Supersedes SR2008: the printed entity or table label is context, not a measurement basis; source labels retain its scope.)",RESOLVED,B+ADJUDICATOR,2a3ff4eb15e88df08d12b0ffd4696117b642b6f1ff19ee5fb8bd8d1a3a025988
08ee25ff6dad7b59d9a7,SRC377,11,PAIR_B6399F67E0F3299CB3BD82BB,B_ONLY,,273,,MERGE,"source_section takes the printed heading governing the table on that page. metric_name follows the table's shape: the rows are asset classes and the columns are the measures, so the metric is the leaf column header. B used the row label. source_table takes the printed line that introduces the table; A's 'Fair Values of Derivative Instruments' is not printed anywhere on the page. The two stacked tables are separated by source_occurrence 1 for December 31, 2016 and 2 for December 31, 2015, which is what occurrence exists for. currency_scale is copied verbatim with its parentheses as the page prints it, instead of B's normalised 'thousands'. B's one-sided row is confirmed against the page: A dropped the Total and the 'Fair value presented in statement of financial position' rows as repeats of cells on pages 8 and 9, but deduplication is within a page, not across pages, and both are printed here with their own labels.; Source review: p11: BILL & MELINDA GATES FOUNDATION TRUST (The statement or note reports this line and its valuation column separately.) | p11: BILL & MELINDA GATES FOUNDATION TRUST (Printed heading or definition supporting the source-reviewed qualifier.) | p11: Total 208,607 (166,329) (The printed label identifies a statement item, not an institution; retain the accounting scope without an entity ID.) | p11: BILL & MELINDA GATES FOUNDATION TRUST (Supersedes SR2009: the printed entity or table label is context, not a measurement basis; source labels retain its scope.)",RESOLVED,B+ADJUDICATOR,2a3ff4eb15e88df08d12b0ffd4696117b642b6f1ff19ee5fb8bd8d1a3a025988
20697c63e2378e17ab51,SRC377,11,PAIR_C12C8F1E8EBCBDC155BA385A,B_ONLY,,274,,MERGE,"source_section takes the printed heading governing the table on that page. metric_name follows the table's shape: the rows are asset classes and the columns are the measures, so the metric is the leaf column header. B used the row label. source_table takes the printed line that introduces the table; A's 'Fair Values of Derivative Instruments' is not printed anywhere on the page. The two stacked tables are separated by source_occurrence 1 for December 31, 2016 and 2 for December 31, 2015, which is what occurrence exists for. currency_scale is copied verbatim with its parentheses as the page prints it, instead of B's normalised 'thousands'. B's one-sided row is confirmed against the page: A dropped the Total and the 'Fair value presented in statement of financial position' rows as repeats of cells on pages 8 and 9, but deduplication is within a page, not across pages, and both are printed here with their own labels.; Source review: p11: BILL & MELINDA GATES FOUNDATION TRUST (The statement or note reports this line and its valuation column separately.) | p11: BILL & MELINDA GATES FOUNDATION TRUST (Printed heading or definition supporting the source-reviewed qualifier.) | p11: Total 475,808 (346,677) (The printed label identifies a statement item, not an institution; retain the accounting scope without an entity ID.) | p11: BILL & MELINDA GATES FOUNDATION TRUST (Supersedes SR2010: the printed entity or table label is context, not a measurement basis; source labels retain its scope.)",RESOLVED,B+ADJUDICATOR,2a3ff4eb15e88df08d12b0ffd4696117b642b6f1ff19ee5fb8bd8d1a3a025988
23a68259d6d32491b9ac,SRC377,11,PAIR_A9DB35C41E52287475789FDD,B_ONLY,,275,,MERGE,"source_section takes the printed heading governing the table on that page. metric_name follows the table's shape: the rows are asset classes and the columns are the measures, so the metric is the leaf column header. B used the row label. source_table takes the printed line that introduces the table; A's 'Fair Values of Derivative Instruments' is not printed anywhere on the page. The two stacked tables are separated by source_occurrence 1 for December 31, 2016 and 2 for December 31, 2015, which is what occurrence exists for. currency_scale is copied verbatim with its parentheses as the page prints it, instead of B's normalised 'thousands'. B's one-sided row is confirmed against the page: A dropped the Total and the 'Fair value presented in statement of financial position' rows as repeats of cells on pages 8 and 9, but deduplication is within a page, not across pages, and both are printed here with their own labels.; Source review: p11: BILL & MELINDA GATES FOUNDATION TRUST (The statement or note reports this line and its valuation column separately.) | p11: BILL & MELINDA GATES FOUNDATION TRUST (Printed heading or definition supporting the source-reviewed qualifier.) | p11: Total 208,607 (166,329) (The printed label identifies a statement item, not an institution; retain the accounting scope without an entity ID.) | p11: BILL & MELINDA GATES FOUNDATION TRUST (Supersedes SR2011: the printed entity or table label is context, not a measurement basis; source labels retain its scope.)",RESOLVED,B+ADJUDICATOR,2a3ff4eb15e88df08d12b0ffd4696117b642b6f1ff19ee5fb8bd8d1a3a025988
aea527f1709566aec62a,SRC377,12,PAIR_6E2A052B7E72BABE1FDC4E21,B_ONLY,,277,,MERGE,"The page prints a real four-by-four table and B extracted all sixteen cells. A declared the page REFERENCE_ONLY on the ground that there is 'no notional field', which is wrong: notional is an allowed category, and the only family carrying it is position_observation, so that is the family. Corrected here: the leaf headers 'Purchases' and 'Sales' repeat under two date banners in one table, so source_column_label keeps the stacked header that separates them rather than leaning on source_occurrence, which is for two tables and not two column groups; metric_name takes the leaf header because the rows are instrument types and the columns are the measures; currency_scale is the printed '(Dollars in thousands)'; and the Forward contracts cell under December 31, 2016 Purchases regains the dollar sign the page prints against it.",RESOLVED,B+ADJUDICATOR,2a3ff4eb15e88df08d12b0ffd4696117b642b6f1ff19ee5fb8bd8d1a3a025988
e6386e513dfe561e44e3,SRC377,12,PAIR_333498B94E2F2413097BEA7F,B_ONLY,,279,,MERGE,"The page prints a real four-by-four table and B extracted all sixteen cells. A declared the page REFERENCE_ONLY on the ground that there is 'no notional field', which is wrong: notional is an allowed category, and the only family carrying it is position_observation, so that is the family. Corrected here: the leaf headers 'Purchases' and 'Sales' repeat under two date banners in one table, so source_column_label keeps the stacked header that separates them rather than leaning on source_occurrence, which is for two tables and not two column groups; metric_name takes the leaf header because the rows are instrument types and the columns are the measures; currency_scale is the printed '(Dollars in thousands)'; and the Forward contracts cell under December 31, 2016 Purchases regains the dollar sign the page prints against it.",RESOLVED,B+ADJUDICATOR,2a3ff4eb15e88df08d12b0ffd4696117b642b6f1ff19ee5fb8bd8d1a3a025988
e01813042a9c03022d07,SRC377,12,PAIR_8AAF6B16487D82E0A45B0FF3,B_ONLY,,276,,MERGE,"The page prints a real four-by-four table and B extracted all sixteen cells. A declared the page REFERENCE_ONLY on the ground that there is 'no notional field', which is wrong: notional is an allowed category, and the only family carrying it is position_observation, so that is the family. Corrected here: the leaf headers 'Purchases' and 'Sales' repeat under two date banners in one table, so source_column_label keeps the stacked header that separates them rather than leaning on source_occurrence, which is for two tables and not two column groups; metric_name takes the leaf header because the rows are instrument types and the columns are the measures; currency_scale is the printed '(Dollars in thousands)'; and the Forward contracts cell under December 31, 2016 Purchases regains the dollar sign the page prints against it.",RESOLVED,B+ADJUDICATOR,2a3ff4eb15e88df08d12b0ffd4696117b642b6f1ff19ee5fb8bd8d1a3a025988
7933fb7851e842c31229,SRC377,12,PAIR_5DD691367DACA32720CAA867,B_ONLY,,278,,MERGE,"The page prints a real four-by-four table and B extracted all sixteen cells. A declared the page REFERENCE_ONLY on the ground that there is 'no notional field', which is wrong: notional is an allowed category, and the only family carrying it is position_observation, so that is the family. Corrected here: the leaf headers 'Purchases' and 'Sales' repeat under two date banners in one table, so source_column_label keeps the stacked header that separates them rather than leaning on source_occurrence, which is for two tables and not two column groups; metric_name takes the leaf header because the rows are instrument types and the columns are the measures; currency_scale is the printed '(Dollars in thousands)'; and the Forward contracts cell under December 31, 2016 Purchases regains the dollar sign the page prints against it.",RESOLVED,B+ADJUDICATOR,2a3ff4eb15e88df08d12b0ffd4696117b642b6f1ff19ee5fb8bd8d1a3a025988
f12b3c3fc134f6e13b08,SRC377,12,PAIR_2C3BEAFCA81452C2C1381242,B_ONLY,,281,,MERGE,"The page prints a real four-by-four table and B extracted all sixteen cells. A declared the page REFERENCE_ONLY on the ground that there is 'no notional field', which is wrong: notional is an allowed category, and the only family carrying it is position_observation, so that is the family. Corrected here: the leaf headers 'Purchases' and 'Sales' repeat under two date banners in one table, so source_column_label keeps the stacked header that separates them rather than leaning on source_occurrence, which is for two tables and not two column groups; metric_name takes the leaf header because the rows are instrument types and the columns are the measures; currency_scale is the printed '(Dollars in thousands)'; and the Forward contracts cell under December 31, 2016 Purchases regains the dollar sign the page prints against it.",RESOLVED,B+ADJUDICATOR,2a3ff4eb15e88df08d12b0ffd4696117b642b6f1ff19ee5fb8bd8d1a3a025988
c01ecb1035beb9e39c9d,SRC377,12,PAIR_3B9D9297090C7DB93FEEF838,B_ONLY,,283,,MERGE,"The page prints a real four-by-four table and B extracted all sixteen cells. A declared the page REFERENCE_ONLY on the ground that there is 'no notional field', which is wrong: notional is an allowed category, and the only family carrying it is position_observation, so that is the family. Corrected here: the leaf headers 'Purchases' and 'Sales' repeat under two date banners in one table, so source_column_label keeps the stacked header that separates them rather than leaning on source_occurrence, which is for two tables and not two column groups; metric_name takes the leaf header because the rows are instrument types and the columns are the measures; currency_scale is the printed '(Dollars in thousands)'; and the Forward contracts cell under December 31, 2016 Purchases regains the dollar sign the page prints against it.",RESOLVED,B+ADJUDICATOR,2a3ff4eb15e88df08d12b0ffd4696117b642b6f1ff19ee5fb8bd8d1a3a025988
96eecd78cb078a3edfd9,SRC377,12,PAIR_02BA75D5148FFB68C6633BC1,B_ONLY,,280,,MERGE,"The page prints a real four-by-four table and B extracted all sixteen cells. A declared the page REFERENCE_ONLY on the ground that there is 'no notional field', which is wrong: notional is an allowed category, and the only family carrying it is position_observation, so that is the family. Corrected here: the leaf headers 'Purchases' and 'Sales' repeat under two date banners in one table, so source_column_label keeps the stacked header that separates them rather than leaning on source_occurrence, which is for two tables and not two column groups; metric_name takes the leaf header because the rows are instrument types and the columns are the measures; currency_scale is the printed '(Dollars in thousands)'; and the Forward contracts cell under December 31, 2016 Purchases regains the dollar sign the page prints against it.",RESOLVED,B+ADJUDICATOR,2a3ff4eb15e88df08d12b0ffd4696117b642b6f1ff19ee5fb8bd8d1a3a025988
4cb421a5e124b66432dc,SRC377,12,PAIR_D823FA82B09598AD498560F3,B_ONLY,,282,,MERGE,"The page prints a real four-by-four table and B extracted all sixteen cells. A declared the page REFERENCE_ONLY on the ground that there is 'no notional field', which is wrong: notional is an allowed category, and the only family carrying it is position_observation, so that is the family. Corrected here: the leaf headers 'Purchases' and 'Sales' repeat under two date banners in one table, so source_column_label keeps the stacked header that separates them rather than leaning on source_occurrence, which is for two tables and not two column groups; metric_name takes the leaf header because the rows are instrument types and the columns are the measures; currency_scale is the printed '(Dollars in thousands)'; and the Forward contracts cell under December 31, 2016 Purchases regains the dollar sign the page prints against it.",RESOLVED,B+ADJUDICATOR,2a3ff4eb15e88df08d12b0ffd4696117b642b6f1ff19ee5fb8bd8d1a3a025988
f512ee3d87fe6feb93b7,SRC377,12,PAIR_8ADB5D1F2313E9CD2966C23F,B_ONLY,,285,,MERGE,"The page prints a real four-by-four table and B extracted all sixteen cells. A declared the page REFERENCE_ONLY on the ground that there is 'no notional field', which is wrong: notional is an allowed category, and the only family carrying it is position_observation, so that is the family. Corrected here: the leaf headers 'Purchases' and 'Sales' repeat under two date banners in one table, so source_column_label keeps the stacked header that separates them rather than leaning on source_occurrence, which is for two tables and not two column groups; metric_name takes the leaf header because the rows are instrument types and the columns are the measures; currency_scale is the printed '(Dollars in thousands)'; and the Forward contracts cell under December 31, 2016 Purchases regains the dollar sign the page prints against it.",RESOLVED,B+ADJUDICATOR,2a3ff4eb15e88df08d12b0ffd4696117b642b6f1ff19ee5fb8bd8d1a3a025988
bdb929c3518dbfa44d60,SRC377,12,PAIR_02ABC70B4677F869D71763AF,B_ONLY,,287,,MERGE,"The page prints a real four-by-four table and B extracted all sixteen cells. A declared the page REFERENCE_ONLY on the ground that there is 'no notional field', which is wrong: notional is an allowed category, and the only family carrying it is position_observation, so that is the family. Corrected here: the leaf headers 'Purchases' and 'Sales' repeat under two date banners in one table, so source_column_label keeps the stacked header that separates them rather than leaning on source_occurrence, which is for two tables and not two column groups; metric_name takes the leaf header because the rows are instrument types and the columns are the measures; currency_scale is the printed '(Dollars in thousands)'; and the Forward contracts cell under December 31, 2016 Purchases regains the dollar sign the page prints against it.",RESOLVED,B+ADJUDICATOR,2a3ff4eb15e88df08d12b0ffd4696117b642b6f1ff19ee5fb8bd8d1a3a025988
86b22a17cb6714432d8b,SRC377,12,PAIR_BC7450741AA6AB5862DEF5A1,B_ONLY,,284,,MERGE,"The page prints a real four-by-four table and B extracted all sixteen cells. A declared the page REFERENCE_ONLY on the ground that there is 'no notional field', which is wrong: notional is an allowed category, and the only family carrying it is position_observation, so that is the family. Corrected here: the leaf headers 'Purchases' and 'Sales' repeat under two date banners in one table, so source_column_label keeps the stacked header that separates them rather than leaning on source_occurrence, which is for two tables and not two column groups; metric_name takes the leaf header because the rows are instrument types and the columns are the measures; currency_scale is the printed '(Dollars in thousands)'; and the Forward contracts cell under December 31, 2016 Purchases regains the dollar sign the page prints against it.",RESOLVED,B+ADJUDICATOR,2a3ff4eb15e88df08d12b0ffd4696117b642b6f1ff19ee5fb8bd8d1a3a025988
eb85b6ab9ab73b200128,SRC377,12,PAIR_2D42D18DA503659A177678BF,B_ONLY,,286,,MERGE,"The page prints a real four-by-four table and B extracted all sixteen cells. A declared the page REFERENCE_ONLY on the ground that there is 'no notional field', which is wrong: notional is an allowed category, and the only family carrying it is position_observation, so that is the family. Corrected here: the leaf headers 'Purchases' and 'Sales' repeat under two date banners in one table, so source_column_label keeps the stacked header that separates them rather than leaning on source_occurrence, which is for two tables and not two column groups; metric_name takes the leaf header because the rows are instrument types and the columns are the measures; currency_scale is the printed '(Dollars in thousands)'; and the Forward contracts cell under December 31, 2016 Purchases regains the dollar sign the page prints against it.",RESOLVED,B+ADJUDICATOR,2a3ff4eb15e88df08d12b0ffd4696117b642b6f1ff19ee5fb8bd8d1a3a025988
e2226447831d5e369f16,SRC377,12,PAIR_48C5388E705504AF58C9D8B0,B_ONLY,,289,,MERGE,"The page prints a real four-by-four table and B extracted all sixteen cells. A declared the page REFERENCE_ONLY on the ground that there is 'no notional field', which is wrong: notional is an allowed category, and the only family carrying it is position_observation, so that is the family. Corrected here: the leaf headers 'Purchases' and 'Sales' repeat under two date banners in one table, so source_column_label keeps the stacked header that separates them rather than leaning on source_occurrence, which is for two tables and not two column groups; metric_name takes the leaf header because the rows are instrument types and the columns are the measures; currency_scale is the printed '(Dollars in thousands)'; and the Forward contracts cell under December 31, 2016 Purchases regains the dollar sign the page prints against it.",RESOLVED,B+ADJUDICATOR,2a3ff4eb15e88df08d12b0ffd4696117b642b6f1ff19ee5fb8bd8d1a3a025988
d532acb0703411fbf918,SRC377,12,PAIR_624AA4FB7ECC94CDD3E304CA,B_ONLY,,291,,MERGE,"The page prints a real four-by-four table and B extracted all sixteen cells. A declared the page REFERENCE_ONLY on the ground that there is 'no notional field', which is wrong: notional is an allowed category, and the only family carrying it is position_observation, so that is the family. Corrected here: the leaf headers 'Purchases' and 'Sales' repeat under two date banners in one table, so source_column_label keeps the stacked header that separates them rather than leaning on source_occurrence, which is for two tables and not two column groups; metric_name takes the leaf header because the rows are instrument types and the columns are the measures; currency_scale is the printed '(Dollars in thousands)'; and the Forward contracts cell under December 31, 2016 Purchases regains the dollar sign the page prints against it.",RESOLVED,B+ADJUDICATOR,2a3ff4eb15e88df08d12b0ffd4696117b642b6f1ff19ee5fb8bd8d1a3a025988
436526862951dc18803f,SRC377,12,PAIR_77043CFCC5ED8AF972205A1D,B_ONLY,,288,,MERGE,"The page prints a real four-by-four table and B extracted all sixteen cells. A declared the page REFERENCE_ONLY on the ground that there is 'no notional field', which is wrong: notional is an allowed category, and the only family carrying it is position_observation, so that is the family. Corrected here: the leaf headers 'Purchases' and 'Sales' repeat under two date banners in one table, so source_column_label keeps the stacked header that separates them rather than leaning on source_occurrence, which is for two tables and not two column groups; metric_name takes the leaf header because the rows are instrument types and the columns are the measures; currency_scale is the printed '(Dollars in thousands)'; and the Forward contracts cell under December 31, 2016 Purchases regains the dollar sign the page prints against it.",RESOLVED,B+ADJUDICATOR,2a3ff4eb15e88df08d12b0ffd4696117b642b6f1ff19ee5fb8bd8d1a3a025988
70dc1252465227fe1f49,SRC377,12,PAIR_B9A2B44D78C99EF3AB44A891,B_ONLY,,290,,MERGE,"The page prints a real four-by-four table and B extracted all sixteen cells. A declared the page REFERENCE_ONLY on the ground that there is 'no notional field', which is wrong: notional is an allowed category, and the only family carrying it is position_observation, so that is the family. Corrected here: the leaf headers 'Purchases' and 'Sales' repeat under two date banners in one table, so source_column_label keeps the stacked header that separates them rather than leaning on source_occurrence, which is for two tables and not two column groups; metric_name takes the leaf header because the rows are instrument types and the columns are the measures; currency_scale is the printed '(Dollars in thousands)'; and the Forward contracts cell under December 31, 2016 Purchases regains the dollar sign the page prints against it.",RESOLVED,B+ADJUDICATOR,2a3ff4eb15e88df08d12b0ffd4696117b642b6f1ff19ee5fb8bd8d1a3a025988
ebb08e006c3ab512a81d,SRC377,13,PAIR_095E0C30D7AD89EDF42E327B,CONTEXT_CONFLICT,235,292,source_section|asset_class|period_start|period_end|currency_scale,MERGE,"source_section takes the printed heading governing the table on that page. currency_scale is copied verbatim with its parentheses as the page prints it, instead of B's normalised 'thousands'. period_start and period_end take the printed Date cell, which A had and B left blank, and as_of_date takes the report date printed in the page banner. B's asset_class 'Equity securities' is not printed on the page and is dropped.",RESOLVED,A+B+ADJUDICATOR,2a3ff4eb15e88df08d12b0ffd4696117b642b6f1ff19ee5fb8bd8d1a3a025988
33341f0e0ef538a385b5,SRC377,13,PAIR_06E4716233E5A54A350783AC,CONTEXT_CONFLICT,236,293,source_section|asset_class|period_end|currency_scale,MERGE,"source_section takes the printed heading governing the table on that page. currency_scale is copied verbatim with its parentheses as the page prints it, instead of B's normalised 'thousands'. period_start and period_end take the printed Date cell, which A had and B left blank, and as_of_date takes the report date printed in the page banner. B's asset_class 'Equity securities' is not printed on the page and is dropped.",RESOLVED,A+B+ADJUDICATOR,2a3ff4eb15e88df08d12b0ffd4696117b642b6f1ff19ee5fb8bd8d1a3a025988
f54d5fa7982d3b0c5b60,SRC377,13,PAIR_913842AB113DAE901D62C263,CONTEXT_CONFLICT,237,294,source_section|asset_class|period_end|currency_scale,MERGE,"source_section takes the printed heading governing the table on that page. currency_scale is copied verbatim with its parentheses as the page prints it, instead of B's normalised 'thousands'. period_start and period_end take the printed Date cell, which A had and B left blank, and as_of_date takes the report date printed in the page banner. B's asset_class 'Equity securities' is not printed on the page and is dropped.",RESOLVED,A+B+ADJUDICATOR,2a3ff4eb15e88df08d12b0ffd4696117b642b6f1ff19ee5fb8bd8d1a3a025988
446140ff4de7161802c3,SRC377,13,PAIR_36F8654EBEEA3636521CE83A,CONTEXT_CONFLICT,238,295,source_section|asset_class|period_end|currency_scale,MERGE,"source_section takes the printed heading governing the table on that page. currency_scale is copied verbatim with its parentheses as the page prints it, instead of B's normalised 'thousands'. period_start and period_end take the printed Date cell, which A had and B left blank, and as_of_date takes the report date printed in the page banner. B's asset_class 'Equity securities' is not printed on the page and is dropped.",RESOLVED,A+B+ADJUDICATOR,2a3ff4eb15e88df08d12b0ffd4696117b642b6f1ff19ee5fb8bd8d1a3a025988
aee41a3f8136bb07a259,SRC377,13,PAIR_6063650AF558896720B4FD79,B_ONLY,,296,,MERGE,"source_section takes the printed heading governing the table on that page. currency_scale is copied verbatim with its parentheses as the page prints it, instead of B's normalised 'thousands'. period_start and period_end take the printed Date cell, which A had and B left blank, and as_of_date takes the report date printed in the page banner. B's asset_class 'Equity securities' is not printed on the page and is dropped. A dropped the July 2015 and July 2016 installments as repeats of the page 5 cash-flow line. Deduplication is within a page, not across pages: these are two cells of a printed schedule and both are kept.",RESOLVED,B+ADJUDICATOR,2a3ff4eb15e88df08d12b0ffd4696117b642b6f1ff19ee5fb8bd8d1a3a025988
c56be7c53281add85244,SRC377,13,PAIR_02DB9D990389F781BA91A831,B_ONLY,,297,,MERGE,"source_section takes the printed heading governing the table on that page. currency_scale is copied verbatim with its parentheses as the page prints it, instead of B's normalised 'thousands'. period_start and period_end take the printed Date cell, which A had and B left blank, and as_of_date takes the report date printed in the page banner. B's asset_class 'Equity securities' is not printed on the page and is dropped. A dropped the July 2015 and July 2016 installments as repeats of the page 5 cash-flow line. Deduplication is within a page, not across pages: these are two cells of a printed schedule and both are kept.",RESOLVED,B+ADJUDICATOR,2a3ff4eb15e88df08d12b0ffd4696117b642b6f1ff19ee5fb8bd8d1a3a025988
7a6b27a29fddb776a652,SRC377,13,PAIR_E46D67CCD08B4FDE8D66B7AF,CLASSIFICATION_CONFLICT,239,298,source_section|subject_type|asset_class|currency_scale,MERGE,"source_section takes the printed heading governing the table on that page. currency_scale is copied verbatim with its parentheses as the page prints it, instead of B's normalised 'thousands'. period_start and period_end take the printed Date cell, which A had and B left blank, and as_of_date takes the report date printed in the page banner. B's asset_class 'Equity securities' is not printed on the page and is dropped.",RESOLVED,A+B+ADJUDICATOR,2a3ff4eb15e88df08d12b0ffd4696117b642b6f1ff19ee5fb8bd8d1a3a025988
a84b69328924c8f27ccd,SRC035,1,PAIR_319B8D246F7D947D6AC82AE7,CONTEXT_CONFLICT,1,1,source_section|source_table|investor_name|portfolio_name|evidence_quote,MERGE,"Verified against page-1 image. source_section is the exact printed section heading, 'Performance Analysis', which every page prints under the program name and above the table; the trailing '| As of December 31, 2021' is a date and is excluded. A left it blank, and on the context row used the table title instead; manager_name exactly as the page footer prints it; A's title case matches only the TXT header block's issuer line, which is not a printed page value. investor_name names the asset owner, which A left blank, and portfolio_name is the program itself, since the full header string is the report heading and a report name is not a portfolio. source_table blank because a DOCUMENT-structure row is not read out of a table, and source_section satisfies the source_table-or-source_section requirement. evidence_quote kept from A because it prints the as_of_date this row carries.",RESOLVED,A+B+ADJUDICATOR,efccda783490f37c841b4335300e864503edab8861c88ea4aff51b0e1ff3a189
cb600ac25d835c7da07f,SRC035,1,PAIR_74427FC05CDB1F18FB7D681A,CONTEXT_CONFLICT,2,2,source_section|evidence_quote,MERGE,"Verified against page-1 image. source_section is the exact printed section heading, 'Performance Analysis', which every page prints under the program name and above the table; the trailing '| As of December 31, 2021' is a date and is excluded. A left it blank, and on the context row used the table title instead; subject_type corrected to 'fund' on a row both lanes typed 'investment': the label names a vehicle (L.P., LLC, or a named fund) in a fund schedule carrying Vintage, Strategy and capital-account columns, and a vehicle is 'fund' while 'investment' is a holding inside one. The 'By Investment' column header names the program's relationship to these funds, not what they are, and a whole table of 'investment' is the documented sign the label was not read. Agreement between the lanes does not settle a classification, and SRC063 in this shard types the same kind of object 'fund'; evidence_quote is the full printed line, which proves the value; B quoted the bare figure only.",RESOLVED,A+B+ADJUDICATOR,efccda783490f37c841b4335300e864503edab8861c88ea4aff51b0e1ff3a189
0ac3a671d1bc1facc753,SRC035,1,PAIR_AB00ABC19482253A5443C778,CONTEXT_CONFLICT,3,3,source_section|evidence_quote,MERGE,"Verified against page-1 image. source_section is the exact printed section heading, 'Performance Analysis', which every page prints under the program name and above the table; the trailing '| As of December 31, 2021' is a date and is excluded. A left it blank, and on the context row used the table title instead; subject_type corrected to 'fund' on a row both lanes typed 'investment': the label names a vehicle (L.P., LLC, or a named fund) in a fund schedule carrying Vintage, Strategy and capital-account columns, and a vehicle is 'fund' while 'investment' is a holding inside one. The 'By Investment' column header names the program's relationship to these funds, not what they are, and a whole table of 'investment' is the documented sign the label was not read. Agreement between the lanes does not settle a classification, and SRC063 in this shard types the same kind of object 'fund'; evidence_quote is the full printed line, which proves the value; B quoted the bare figure only.",RESOLVED,A+B+ADJUDICATOR,efccda783490f37c841b4335300e864503edab8861c88ea4aff51b0e1ff3a189
3bcd7c3a921399886b0a,SRC035,1,PAIR_9789B7029C1534A1087AE01F,CONTEXT_CONFLICT,4,4,source_section|evidence_quote,MERGE,"Verified against page-1 image. source_section is the exact printed section heading, 'Performance Analysis', which every page prints under the program name and above the table; the trailing '| As of December 31, 2021' is a date and is excluded. A left it blank, and on the context row used the table title instead; subject_type corrected to 'fund' on a row both lanes typed 'investment': the label names a vehicle (L.P., LLC, or a named fund) in a fund schedule carrying Vintage, Strategy and capital-account columns, and a vehicle is 'fund' while 'investment' is a holding inside one. The 'By Investment' column header names the program's relationship to these funds, not what they are, and a whole table of 'investment' is the documented sign the label was not read. Agreement between the lanes does not settle a classification, and SRC063 in this shard types the same kind of object 'fund'; evidence_quote is the full printed line, which proves the value; B quoted the bare figure only.",RESOLVED,A+B+ADJUDICATOR,efccda783490f37c841b4335300e864503edab8861c88ea4aff51b0e1ff3a189
8700a725a7918cd54ffe,SRC035,1,PAIR_3DF2E0521CEE8A5D8FA577EB,CONTEXT_CONFLICT,5,5,source_section|metric_name|evidence_quote,MERGE,"Verified against page-1 image. source_section is the exact printed section heading, 'Performance Analysis', which every page prints under the program name and above the table; the trailing '| As of December 31, 2021' is a date and is excluded. A left it blank, and on the context row used the table title instead; subject_type corrected to 'fund' on a row both lanes typed 'investment': the label names a vehicle (L.P., LLC, or a named fund) in a fund schedule carrying Vintage, Strategy and capital-account columns, and a vehicle is 'fund' while 'investment' is a holding inside one. The 'By Investment' column header names the program's relationship to these funds, not what they are, and a whole table of 'investment' is the documented sign the label was not read. Agreement between the lanes does not settle a classification, and SRC063 in this shard types the same kind of object 'fund'; metric_name is the printed column header in full, 'IRR (%)'; B trimmed the printed qualifier; evidence_quote is the full printed line, which proves the value; B quoted the bare figure only.; Source review: p1: IRR (All report pages were reviewed; no fee-basis statement qualifies this IRR.)",RESOLVED,A+B+ADJUDICATOR,efccda783490f37c841b4335300e864503edab8861c88ea4aff51b0e1ff3a189
7ef3e2a8d9d9d81b7216,SRC035,1,PAIR_484040D5F3973F173EB31185,CONTEXT_CONFLICT,6,6,source_section|evidence_quote,MERGE,"Verified against page-1 image. source_section is the exact printed section heading, 'Performance Analysis', which every page prints under the program name and above the table; the trailing '| As of December 31, 2021' is a date and is excluded. A left it blank, and on the context row used the table title instead; subject_type corrected to 'fund' on a row both lanes typed 'investment': the label names a vehicle (L.P., LLC, or a named fund) in a fund schedule carrying Vintage, Strategy and capital-account columns, and a vehicle is 'fund' while 'investment' is a holding inside one. The 'By Investment' column header names the program's relationship to these funds, not what they are, and a whole table of 'investment' is the documented sign the label was not read. Agreement between the lanes does not settle a classification, and SRC063 in this shard types the same kind of object 'fund'; evidence_quote is the full printed line, which proves the value; B quoted the bare figure only.; Source review: p1: Oregon Growth Account (The portfolio report distinguishes investor positions from its aggregate rows.) | p1: Oregon Growth Account (Printed heading or definition supporting the source-reviewed qualifier.) | p1: Oregon Growth Account (Supersedes SR2012: the printed entity or table label is context, not a measurement basis; source labels retain its scope.)",RESOLVED,A+B+ADJUDICATOR,efccda783490f37c841b4335300e864503edab8861c88ea4aff51b0e1ff3a189
39fe85dd008955e0d5a0,SRC035,1,PAIR_A7778823745F1F0106B7C382,CONTEXT_CONFLICT,7,7,source_section|metric_name|evidence_quote,MERGE,"Verified against page-1 image. source_section is the exact printed section heading, 'Performance Analysis', which every page prints under the program name and above the table; the trailing '| As of December 31, 2021' is a date and is excluded. A left it blank, and on the context row used the table title instead; subject_type corrected to 'fund' on a row both lanes typed 'investment': the label names a vehicle (L.P., LLC, or a named fund) in a fund schedule carrying Vintage, Strategy and capital-account columns, and a vehicle is 'fund' while 'investment' is a holding inside one. The 'By Investment' column header names the program's relationship to these funds, not what they are, and a whole table of 'investment' is the documented sign the label was not read. Agreement between the lanes does not settle a classification, and SRC063 in this shard types the same kind of object 'fund'; metric_name is the printed column header in full, 'TVPI (X)'; B trimmed the printed qualifier; evidence_quote is the full printed line, which proves the value; B quoted the bare figure only.",RESOLVED,A+B+ADJUDICATOR,efccda783490f37c841b4335300e864503edab8861c88ea4aff51b0e1ff3a189
e4ef5249319010e5e1f8,SRC035,1,PAIR_941981C3277BF6C395F712FC,CONTEXT_CONFLICT,8,8,source_section|evidence_quote,MERGE,"Verified against page-1 image. source_section is the exact printed section heading, 'Performance Analysis', which every page prints under the program name and above the table; the trailing '| As of December 31, 2021' is a date and is excluded. A left it blank, and on the context row used the table title instead; subject_type corrected to 'fund' on a row both lanes typed 'investment': the label names a vehicle (L.P., LLC, or a named fund) in a fund schedule carrying Vintage, Strategy and capital-account columns, and a vehicle is 'fund' while 'investment' is a holding inside one. The 'By Investment' column header names the program's relationship to these funds, not what they are, and a whole table of 'investment' is the documented sign the label was not read. Agreement between the lanes does not settle a classification, and SRC063 in this shard types the same kind of object 'fund'; evidence_quote is the full printed line, which proves the value; B quoted the bare figure only.",RESOLVED,A+B+ADJUDICATOR,efccda783490f37c841b4335300e864503edab8861c88ea4aff51b0e1ff3a189
dae52795d42ef5b81189,SRC035,1,PAIR_D86D7BC8423AFCCBF0A08EF6,CONTEXT_CONFLICT,9,9,source_section|evidence_quote,MERGE,"Verified against page-1 image. source_section is the exact printed section heading, 'Performance Analysis', which every page prints under the program name and above the table; the trailing '| As of December 31, 2021' is a date and is excluded. A left it blank, and on the context row used the table title instead; subject_type corrected to 'fund' on a row both lanes typed 'investment': the label names a vehicle (L.P., LLC, or a named fund) in a fund schedule carrying Vintage, Strategy and capital-account columns, and a vehicle is 'fund' while 'investment' is a holding inside one. The 'By Investment' column header names the program's relationship to these funds, not what they are, and a whole table of 'investment' is the documented sign the label was not read. Agreement between the lanes does not settle a classification, and SRC063 in this shard types the same kind of object 'fund'; evidence_quote is the full printed line, which proves the value; B quoted the bare figure only.",RESOLVED,A+B+ADJUDICATOR,efccda783490f37c841b4335300e864503edab8861c88ea4aff51b0e1ff3a189
6177301f8f7e23449460,SRC035,1,PAIR_EB235371D0FA969E66FFFA96,CONTEXT_CONFLICT,10,10,source_section|evidence_quote,MERGE,"Verified against page-1 image. source_section is the exact printed section heading, 'Performance Analysis', which every page prints under the program name and above the table; the trailing '| As of December 31, 2021' is a date and is excluded. A left it blank, and on the context row used the table title instead; subject_type corrected to 'fund' on a row both lanes typed 'investment': the label names a vehicle (L.P., LLC, or a named fund) in a fund schedule carrying Vintage, Strategy and capital-account columns, and a vehicle is 'fund' while 'investment' is a holding inside one. The 'By Investment' column header names the program's relationship to these funds, not what they are, and a whole table of 'investment' is the documented sign the label was not read. Agreement between the lanes does not settle a classification, and SRC063 in this shard types the same kind of object 'fund'; evidence_quote is the full printed line, which proves the value; B quoted the bare figure only.",RESOLVED,A+B+ADJUDICATOR,efccda783490f37c841b4335300e864503edab8861c88ea4aff51b0e1ff3a189
92053a25ff7132c1a7f2,SRC035,1,PAIR_C839FBA6747C49162927CDBA,CONTEXT_CONFLICT,11,11,source_section|evidence_quote,MERGE,"Verified against page-1 image. source_section is the exact printed section heading, 'Performance Analysis', which every page prints under the program name and above the table; the trailing '| As of December 31, 2021' is a date and is excluded. A left it blank, and on the context row used the table title instead; subject_type corrected to 'fund' on a row both lanes typed 'investment': the label names a vehicle (L.P., LLC, or a named fund) in a fund schedule carrying Vintage, Strategy and capital-account columns, and a vehicle is 'fund' while 'investment' is a holding inside one. The 'By Investment' column header names the program's relationship to these funds, not what they are, and a whole table of 'investment' is the documented sign the label was not read. Agreement between the lanes does not settle a classification, and SRC063 in this shard types the same kind of object 'fund'; evidence_quote is the full printed line, which proves the value; B quoted the bare figure only.",RESOLVED,A+B+ADJUDICATOR,efccda783490f37c841b4335300e864503edab8861c88ea4aff51b0e1ff3a189
c273aea24d1f7b424c0c,SRC035,1,PAIR_5F87E5F12350F4024A087852,CONTEXT_CONFLICT,12,12,source_section|metric_name|evidence_quote,MERGE,"Verified against page-1 image. source_section is the exact printed section heading, 'Performance Analysis', which every page prints under the program name and above the table; the trailing '| As of December 31, 2021' is a date and is excluded. A left it blank, and on the context row used the table title instead; subject_type corrected to 'fund' on a row both lanes typed 'investment': the label names a vehicle (L.P., LLC, or a named fund) in a fund schedule carrying Vintage, Strategy and capital-account columns, and a vehicle is 'fund' while 'investment' is a holding inside one. The 'By Investment' column header names the program's relationship to these funds, not what they are, and a whole table of 'investment' is the documented sign the label was not read. Agreement between the lanes does not settle a classification, and SRC063 in this shard types the same kind of object 'fund'; metric_name is the printed column header in full, 'IRR (%)'; B trimmed the printed qualifier; evidence_quote is the full printed line, which proves the value; B quoted the bare figure only.; Source review: p1: IRR (All report pages were reviewed; no fee-basis statement qualifies this IRR.)",RESOLVED,A+B+ADJUDICATOR,efccda783490f37c841b4335300e864503edab8861c88ea4aff51b0e1ff3a189
94c0bb6a172f7aa542b8,SRC035,1,PAIR_2C5C2C041EAB56C7955831C8,CONTEXT_CONFLICT,13,13,source_section|evidence_quote,MERGE,"Verified against page-1 image. source_section is the exact printed section heading, 'Performance Analysis', which every page prints under the program name and above the table; the trailing '| As of December 31, 2021' is a date and is excluded. A left it blank, and on the context row used the table title instead; subject_type corrected to 'fund' on a row both lanes typed 'investment': the label names a vehicle (L.P., LLC, or a named fund) in a fund schedule carrying Vintage, Strategy and capital-account columns, and a vehicle is 'fund' while 'investment' is a holding inside one. The 'By Investment' column header names the program's relationship to these funds, not what they are, and a whole table of 'investment' is the documented sign the label was not read. Agreement between the lanes does not settle a classification, and SRC063 in this shard types the same kind of object 'fund'; evidence_quote is the full printed line, which proves the value; B quoted the bare figure only.; Source review: p1: Oregon Growth Account (The portfolio report distinguishes investor positions from its aggregate rows.) | p1: Oregon Growth Account (Printed heading or definition supporting the source-reviewed qualifier.) | p1: Oregon Growth Account (Supersedes SR2013: the printed entity or table label is context, not a measurement basis; source labels retain its scope.)",RESOLVED,A+B+ADJUDICATOR,efccda783490f37c841b4335300e864503edab8861c88ea4aff51b0e1ff3a189
a0882ccffb723e2a644f,SRC035,1,PAIR_CCE542688805DFAAFA796EF0,CONTEXT_CONFLICT,14,14,source_section|metric_name|evidence_quote,MERGE,"Verified against page-1 image. source_section is the exact printed section heading, 'Performance Analysis', which every page prints under the program name and above the table; the trailing '| As of December 31, 2021' is a date and is excluded. A left it blank, and on the context row used the table title instead; subject_type corrected to 'fund' on a row both lanes typed 'investment': the label names a vehicle (L.P., LLC, or a named fund) in a fund schedule carrying Vintage, Strategy and capital-account columns, and a vehicle is 'fund' while 'investment' is a holding inside one. The 'By Investment' column header names the program's relationship to these funds, not what they are, and a whole table of 'investment' is the documented sign the label was not read. Agreement between the lanes does not settle a classification, and SRC063 in this shard types the same kind of object 'fund'; metric_name is the printed column header in full, 'TVPI (X)'; B trimmed the printed qualifier; evidence_quote is the full printed line, which proves the value; B quoted the bare figure only.",RESOLVED,A+B+ADJUDICATOR,efccda783490f37c841b4335300e864503edab8861c88ea4aff51b0e1ff3a189
7534cea2283a6b881e41,SRC035,1,PAIR_746DA74EE111A8B5F45257A2,CONTEXT_CONFLICT,15,15,source_section|evidence_quote,MERGE,"Verified against page-1 image. source_section is the exact printed section heading, 'Performance Analysis', which every page prints under the program name and above the table; the trailing '| As of December 31, 2021' is a date and is excluded. A left it blank, and on the context row used the table title instead; subject_type corrected to 'fund' on a row both lanes typed 'investment': the label names a vehicle (L.P., LLC, or a named fund) in a fund schedule carrying Vintage, Strategy and capital-account columns, and a vehicle is 'fund' while 'investment' is a holding inside one. The 'By Investment' column header names the program's relationship to these funds, not what they are, and a whole table of 'investment' is the documented sign the label was not read. Agreement between the lanes does not settle a classification, and SRC063 in this shard types the same kind of object 'fund'; evidence_quote is the full printed line, which proves the value; B quoted the bare figure only.",RESOLVED,A+B+ADJUDICATOR,efccda783490f37c841b4335300e864503edab8861c88ea4aff51b0e1ff3a189
30472d6465d9f0e84432,SRC035,1,PAIR_BD7574A94E931D2EC79639BF,CONTEXT_CONFLICT,16,16,source_section|evidence_quote,MERGE,"Verified against page-1 image. source_section is the exact printed section heading, 'Performance Analysis', which every page prints under the program name and above the table; the trailing '| As of December 31, 2021' is a date and is excluded. A left it blank, and on the context row used the table title instead; subject_type corrected to 'fund' on a row both lanes typed 'investment': the label names a vehicle (L.P., LLC, or a named fund) in a fund schedule carrying Vintage, Strategy and capital-account columns, and a vehicle is 'fund' while 'investment' is a holding inside one. The 'By Investment' column header names the program's relationship to these funds, not what they are, and a whole table of 'investment' is the documented sign the label was not read. Agreement between the lanes does not settle a classification, and SRC063 in this shard types the same kind of object 'fund'; evidence_quote is the full printed line, which proves the value; B quoted the bare figure only.",RESOLVED,A+B+ADJUDICATOR,efccda783490f37c841b4335300e864503edab8861c88ea4aff51b0e1ff3a189
11c83cbdced63151f7ff,SRC035,1,PAIR_E5221DC33206C5AE15171DDE,CONTEXT_CONFLICT,17,17,source_section|evidence_quote,MERGE,"Verified against page-1 image. source_section is the exact printed section heading, 'Performance Analysis', which every page prints under the program name and above the table; the trailing '| As of December 31, 2021' is a date and is excluded. A left it blank, and on the context row used the table title instead; subject_type corrected to 'fund' on a row both lanes typed 'investment': the label names a vehicle (L.P., LLC, or a named fund) in a fund schedule carrying Vintage, Strategy and capital-account columns, and a vehicle is 'fund' while 'investment' is a holding inside one. The 'By Investment' column header names the program's relationship to these funds, not what they are, and a whole table of 'investment' is the documented sign the label was not read. Agreement between the lanes does not settle a classification, and SRC063 in this shard types the same kind of object 'fund'; evidence_quote is the full printed line, which proves the value; B quoted the bare figure only.",RESOLVED,A+B+ADJUDICATOR,efccda783490f37c841b4335300e864503edab8861c88ea4aff51b0e1ff3a189
8475d4a6b381b2208c31,SRC035,1,PAIR_DE3DDA6172188BF67810F902,CONTEXT_CONFLICT,18,18,source_section|evidence_quote,MERGE,"Verified against page-1 image. source_section is the exact printed section heading, 'Performance Analysis', which every page prints under the program name and above the table; the trailing '| As of December 31, 2021' is a date and is excluded. A left it blank, and on the context row used the table title instead; subject_type corrected to 'fund' on a row both lanes typed 'investment': the label names a vehicle (L.P., LLC, or a named fund) in a fund schedule carrying Vintage, Strategy and capital-account columns, and a vehicle is 'fund' while 'investment' is a holding inside one. The 'By Investment' column header names the program's relationship to these funds, not what they are, and a whole table of 'investment' is the documented sign the label was not read. Agreement between the lanes does not settle a classification, and SRC063 in this shard types the same kind of object 'fund'; evidence_quote is the full printed line, which proves the value; B quoted the bare figure only.",RESOLVED,A+B+ADJUDICATOR,efccda783490f37c841b4335300e864503edab8861c88ea4aff51b0e1ff3a189
47f4d263f36bc16f510e,SRC035,1,PAIR_0F2A9EC5BC364623D920A377,CONTEXT_CONFLICT,19,19,source_section|metric_name|evidence_quote,MERGE,"Verified against page-1 image. source_section is the exact printed section heading, 'Performance Analysis', which every page prints under the program name and above the table; the trailing '| As of December 31, 2021' is a date and is excluded. A left it blank, and on the context row used the table title instead; subject_type corrected to 'fund' on a row both lanes typed 'investment': the label names a vehicle (L.P., LLC, or a named fund) in a fund schedule carrying Vintage, Strategy and capital-account columns, and a vehicle is 'fund' while 'investment' is a holding inside one. The 'By Investment' column header names the program's relationship to these funds, not what they are, and a whole table of 'investment' is the documented sign the label was not read. Agreement between the lanes does not settle a classification, and SRC063 in this shard types the same kind of object 'fund'; metric_name is the printed column header in full, 'IRR (%)'; B trimmed the printed qualifier; evidence_quote is the full printed line, which proves the value; B quoted the bare figure only.; Source review: p1: IRR (All report pages were reviewed; no fee-basis statement qualifies this IRR.)",RESOLVED,A+B+ADJUDICATOR,efccda783490f37c841b4335300e864503edab8861c88ea4aff51b0e1ff3a189
c6a543f32ae0468cec48,SRC035,1,PAIR_3831C623A91D31C656302EC3,CONTEXT_CONFLICT,20,20,source_section|evidence_quote,MERGE,"Verified against page-1 image. source_section is the exact printed section heading, 'Performance Analysis', which every page prints under the program name and above the table; the trailing '| As of December 31, 2021' is a date and is excluded. A left it blank, and on the context row used the table title instead; subject_type corrected to 'fund' on a row both lanes typed 'investment': the label names a vehicle (L.P., LLC, or a named fund) in a fund schedule carrying Vintage, Strategy and capital-account columns, and a vehicle is 'fund' while 'investment' is a holding inside one. The 'By Investment' column header names the program's relationship to these funds, not what they are, and a whole table of 'investment' is the documented sign the label was not read. Agreement between the lanes does not settle a classification, and SRC063 in this shard types the same kind of object 'fund'; evidence_quote is the full printed line, which proves the value; B quoted the bare figure only.; Source review: p1: Oregon Growth Account (The portfolio report distinguishes investor positions from its aggregate rows.) | p1: Oregon Growth Account (Printed heading or definition supporting the source-reviewed qualifier.) | p1: Oregon Growth Account (Supersedes SR2014: the printed entity or table label is context, not a measurement basis; source labels retain its scope.)",RESOLVED,A+B+ADJUDICATOR,efccda783490f37c841b4335300e864503edab8861c88ea4aff51b0e1ff3a189
ca6ae29291d0c9630fca,SRC035,1,PAIR_788C4A53CAEBE7317F0FC17F,CONTEXT_CONFLICT,21,21,source_section|metric_name|evidence_quote,MERGE,"Verified against page-1 image. source_section is the exact printed section heading, 'Performance Analysis', which every page prints under the program name and above the table; the trailing '| As of December 31, 2021' is a date and is excluded. A left it blank, and on the context row used the table title instead; subject_type corrected to 'fund' on a row both lanes typed 'investment': the label names a vehicle (L.P., LLC, or a named fund) in a fund schedule carrying Vintage, Strategy and capital-account columns, and a vehicle is 'fund' while 'investment' is a holding inside one. The 'By Investment' column header names the program's relationship to these funds, not what they are, and a whole table of 'investment' is the documented sign the label was not read. Agreement between the lanes does not settle a classification, and SRC063 in this shard types the same kind of object 'fund'; metric_name is the printed column header in full, 'TVPI (X)'; B trimmed the printed qualifier; evidence_quote is the full printed line, which proves the value; B quoted the bare figure only.",RESOLVED,A+B+ADJUDICATOR,efccda783490f37c841b4335300e864503edab8861c88ea4aff51b0e1ff3a189
ebc8ba16acff022bff35,SRC035,1,PAIR_919F29578CCCB36E463A0BC5,CONTEXT_CONFLICT,22,22,source_section|evidence_quote,MERGE,"Verified against page-1 image. source_section is the exact printed section heading, 'Performance Analysis', which every page prints under the program name and above the table; the trailing '| As of December 31, 2021' is a date and is excluded. A left it blank, and on the context row used the table title instead; subject_type corrected to 'fund' on a row both lanes typed 'investment': the label names a vehicle (L.P., LLC, or a named fund) in a fund schedule carrying Vintage, Strategy and capital-account columns, and a vehicle is 'fund' while 'investment' is a holding inside one. The 'By Investment' column header names the program's relationship to these funds, not what they are, and a whole table of 'investment' is the documented sign the label was not read. Agreement between the lanes does not settle a classification, and SRC063 in this shard types the same kind of object 'fund'; evidence_quote is the full printed line, which proves the value; B quoted the bare figure only.",RESOLVED,A+B+ADJUDICATOR,efccda783490f37c841b4335300e864503edab8861c88ea4aff51b0e1ff3a189
1a67713cbc42c069766a,SRC035,1,PAIR_473438048145E895999718F2,CONTEXT_CONFLICT,23,23,source_section|evidence_quote,MERGE,"Verified against page-1 image. source_section is the exact printed section heading, 'Performance Analysis', which every page prints under the program name and above the table; the trailing '| As of December 31, 2021' is a date and is excluded. A left it blank, and on the context row used the table title instead; subject_type corrected to 'fund' on a row both lanes typed 'investment': the label names a vehicle (L.P., LLC, or a named fund) in a fund schedule carrying Vintage, Strategy and capital-account columns, and a vehicle is 'fund' while 'investment' is a holding inside one. The 'By Investment' column header names the program's relationship to these funds, not what they are, and a whole table of 'investment' is the documented sign the label was not read. Agreement between the lanes does not settle a classification, and SRC063 in this shard types the same kind of object 'fund'; evidence_quote is the full printed line, which proves the value; B quoted the bare figure only.",RESOLVED,A+B+ADJUDICATOR,efccda783490f37c841b4335300e864503edab8861c88ea4aff51b0e1ff3a189
e74d959dbedd9e72e899,SRC035,1,PAIR_FAAA0E319B5EBEF66815AB71,CONTEXT_CONFLICT,24,24,source_section|evidence_quote,MERGE,"Verified against page-1 image. source_section is the exact printed section heading, 'Performance Analysis', which every page prints under the program name and above the table; the trailing '| As of December 31, 2021' is a date and is excluded. A left it blank, and on the context row used the table title instead; subject_type corrected to 'fund' on a row both lanes typed 'investment': the label names a vehicle (L.P., LLC, or a named fund) in a fund schedule carrying Vintage, Strategy and capital-account columns, and a vehicle is 'fund' while 'investment' is a holding inside one. The 'By Investment' column header names the program's relationship to these funds, not what they are, and a whole table of 'investment' is the documented sign the label was not read. Agreement between the lanes does not settle a classification, and SRC063 in this shard types the same kind of object 'fund'; evidence_quote is the full printed line, which proves the value; B quoted the bare figure only.",RESOLVED,A+B+ADJUDICATOR,efccda783490f37c841b4335300e864503edab8861c88ea4aff51b0e1ff3a189
8565054a2d68c42c660b,SRC035,1,PAIR_0E45290F99ECA0EC2AFE217E,CONTEXT_CONFLICT,25,25,source_section|evidence_quote,MERGE,"Verified against page-1 image. source_section is the exact printed section heading, 'Performance Analysis', which every page prints under the program name and above the table; the trailing '| As of December 31, 2021' is a date and is excluded. A left it blank, and on the context row used the table title instead; subject_type corrected to 'fund' on a row both lanes typed 'investment': the label names a vehicle (L.P., LLC, or a named fund) in a fund schedule carrying Vintage, Strategy and capital-account columns, and a vehicle is 'fund' while 'investment' is a holding inside one. The 'By Investment' column header names the program's relationship to these funds, not what they are, and a whole table of 'investment' is the documented sign the label was not read. Agreement between the lanes does not settle a classification, and SRC063 in this shard types the same kind of object 'fund'; evidence_quote is the full printed line, which proves the value; B quoted the bare figure only.",RESOLVED,A+B+ADJUDICATOR,efccda783490f37c841b4335300e864503edab8861c88ea4aff51b0e1ff3a189
a2146c2f9c7df890da5f,SRC035,1,PAIR_65D35BFB9D4967D662F0E2C5,CONTEXT_CONFLICT,26,26,source_section|metric_name|evidence_quote,MERGE,"Verified against page-1 image. source_section is the exact printed section heading, 'Performance Analysis', which every page prints under the program name and above the table; the trailing '| As of December 31, 2021' is a date and is excluded. A left it blank, and on the context row used the table title instead; subject_type corrected to 'fund' on a row both lanes typed 'investment': the label names a vehicle (L.P., LLC, or a named fund) in a fund schedule carrying Vintage, Strategy and capital-account columns, and a vehicle is 'fund' while 'investment' is a holding inside one. The 'By Investment' column header names the program's relationship to these funds, not what they are, and a whole table of 'investment' is the documented sign the label was not read. Agreement between the lanes does not settle a classification, and SRC063 in this shard types the same kind of object 'fund'; metric_name is the printed column header in full, 'IRR (%)'; B trimmed the printed qualifier; evidence_quote is the full printed line, which proves the value; B quoted the bare figure only.; Source review: p1: IRR (All report pages were reviewed; no fee-basis statement qualifies this IRR.)",RESOLVED,A+B+ADJUDICATOR,efccda783490f37c841b4335300e864503edab8861c88ea4aff51b0e1ff3a189
e74e2a027f848686b6c8,SRC035,1,PAIR_5AAA4957231C2BAA11745462,CONTEXT_CONFLICT,27,27,source_section|evidence_quote,MERGE,"Verified against page-1 image. source_section is the exact printed section heading, 'Performance Analysis', which every page prints under the program name and above the table; the trailing '| As of December 31, 2021' is a date and is excluded. A left it blank, and on the context row used the table title instead; subject_type corrected to 'fund' on a row both lanes typed 'investment': the label names a vehicle (L.P., LLC, or a named fund) in a fund schedule carrying Vintage, Strategy and capital-account columns, and a vehicle is 'fund' while 'investment' is a holding inside one. The 'By Investment' column header names the program's relationship to these funds, not what they are, and a whole table of 'investment' is the documented sign the label was not read. Agreement between the lanes does not settle a classification, and SRC063 in this shard types the same kind of object 'fund'; evidence_quote is the full printed line, which proves the value; B quoted the bare figure only.; Source review: p1: Oregon Growth Account (The portfolio report distinguishes investor positions from its aggregate rows.) | p1: Oregon Growth Account (Printed heading or definition supporting the source-reviewed qualifier.) | p1: Oregon Growth Account (Supersedes SR2015: the printed entity or table label is context, not a measurement basis; source labels retain its scope.)",RESOLVED,A+B+ADJUDICATOR,efccda783490f37c841b4335300e864503edab8861c88ea4aff51b0e1ff3a189
4245ddb7780ae02d2a6e,SRC035,1,PAIR_760AFEFC693C49401EB19BD0,CONTEXT_CONFLICT,28,28,source_section|metric_name|evidence_quote,MERGE,"Verified against page-1 image. source_section is the exact printed section heading, 'Performance Analysis', which every page prints under the program name and above the table; the trailing '| As of December 31, 2021' is a date and is excluded. A left it blank, and on the context row used the table title instead; subject_type corrected to 'fund' on a row both lanes typed 'investment': the label names a vehicle (L.P., LLC, or a named fund) in a fund schedule carrying Vintage, Strategy and capital-account columns, and a vehicle is 'fund' while 'investment' is a holding inside one. The 'By Investment' column header names the program's relationship to these funds, not what they are, and a whole table of 'investment' is the documented sign the label was not read. Agreement between the lanes does not settle a classification, and SRC063 in this shard types the same kind of object 'fund'; metric_name is the printed column header in full, 'TVPI (X)'; B trimmed the printed qualifier; evidence_quote is the full printed line, which proves the value; B quoted the bare figure only.",RESOLVED,A+B+ADJUDICATOR,efccda783490f37c841b4335300e864503edab8861c88ea4aff51b0e1ff3a189
516e19adacd9055824da,SRC035,1,PAIR_01F8C1B8DEA329B6F99386DD,CONTEXT_CONFLICT,29,29,source_section|evidence_quote,MERGE,"Verified against page-1 image. source_section is the exact printed section heading, 'Performance Analysis', which every page prints under the program name and above the table; the trailing '| As of December 31, 2021' is a date and is excluded. A left it blank, and on the context row used the table title instead; subject_type corrected to 'fund' on a row both lanes typed 'investment': the label names a vehicle (L.P., LLC, or a named fund) in a fund schedule carrying Vintage, Strategy and capital-account columns, and a vehicle is 'fund' while 'investment' is a holding inside one. The 'By Investment' column header names the program's relationship to these funds, not what they are, and a whole table of 'investment' is the documented sign the label was not read. Agreement between the lanes does not settle a classification, and SRC063 in this shard types the same kind of object 'fund'; evidence_quote is the full printed line, which proves the value; B quoted the bare figure only.",RESOLVED,A+B+ADJUDICATOR,efccda783490f37c841b4335300e864503edab8861c88ea4aff51b0e1ff3a189
4e8312e957a70eaa9766,SRC035,1,PAIR_7EB781822F7337C8D1FF1D4C,CONTEXT_CONFLICT,30,30,source_section|evidence_quote,MERGE,"Verified against page-1 image. source_section is the exact printed section heading, 'Performance Analysis', which every page prints under the program name and above the table; the trailing '| As of December 31, 2021' is a date and is excluded. A left it blank, and on the context row used the table title instead; subject_type corrected to 'fund' on a row both lanes typed 'investment': the label names a vehicle (L.P., LLC, or a named fund) in a fund schedule carrying Vintage, Strategy and capital-account columns, and a vehicle is 'fund' while 'investment' is a holding inside one. The 'By Investment' column header names the program's relationship to these funds, not what they are, and a whole table of 'investment' is the documented sign the label was not read. Agreement between the lanes does not settle a classification, and SRC063 in this shard types the same kind of object 'fund'; evidence_quote is the full printed line, which proves the value; B quoted the bare figure only.",RESOLVED,A+B+ADJUDICATOR,efccda783490f37c841b4335300e864503edab8861c88ea4aff51b0e1ff3a189
73826c23af8d5a2ff93b,SRC035,1,PAIR_44253F89E534B7E7D21D3167,CONTEXT_CONFLICT,31,31,source_section|evidence_quote,MERGE,"Verified against page-1 image. source_section is the exact printed section heading, 'Performance Analysis', which every page prints under the program name and above the table; the trailing '| As of December 31, 2021' is a date and is excluded. A left it blank, and on the context row used the table title instead; subject_type corrected to 'fund' on a row both lanes typed 'investment': the label names a vehicle (L.P., LLC, or a named fund) in a fund schedule carrying Vintage, Strategy and capital-account columns, and a vehicle is 'fund' while 'investment' is a holding inside one. The 'By Investment' column header names the program's relationship to these funds, not what they are, and a whole table of 'investment' is the documented sign the label was not read. Agreement between the lanes does not settle a classification, and SRC063 in this shard types the same kind of object 'fund'; evidence_quote is the full printed line, which proves the value; B quoted the bare figure only.",RESOLVED,A+B+ADJUDICATOR,efccda783490f37c841b4335300e864503edab8861c88ea4aff51b0e1ff3a189
6752b1ebba2aa1536f7c,SRC035,1,PAIR_4D281724695F8774F273A0A0,CONTEXT_CONFLICT,32,32,source_section|evidence_quote,MERGE,"Verified against page-1 image. source_section is the exact printed section heading, 'Performance Analysis', which every page prints under the program name and above the table; the trailing '| As of December 31, 2021' is a date and is excluded. A left it blank, and on the context row used the table title instead; subject_type corrected to 'fund' on a row both lanes typed 'investment': the label names a vehicle (L.P., LLC, or a named fund) in a fund schedule carrying Vintage, Strategy and capital-account columns, and a vehicle is 'fund' while 'investment' is a holding inside one. The 'By Investment' column header names the program's relationship to these funds, not what they are, and a whole table of 'investment' is the documented sign the label was not read. Agreement between the lanes does not settle a classification, and SRC063 in this shard types the same kind of object 'fund'; evidence_quote is the full printed line, which proves the value; B quoted the bare figure only.",RESOLVED,A+B+ADJUDICATOR,efccda783490f37c841b4335300e864503edab8861c88ea4aff51b0e1ff3a189
a9f768cd3497f9405829,SRC035,1,PAIR_FF2E11F5C1F9B319AFA08463,CONTEXT_CONFLICT,33,33,source_section|metric_name|evidence_quote,MERGE,"Verified against page-1 image. source_section is the exact printed section heading, 'Performance Analysis', which every page prints under the program name and above the table; the trailing '| As of December 31, 2021' is a date and is excluded. A left it blank, and on the context row used the table title instead; subject_type corrected to 'fund' on a row both lanes typed 'investment': the label names a vehicle (L.P., LLC, or a named fund) in a fund schedule carrying Vintage, Strategy and capital-account columns, and a vehicle is 'fund' while 'investment' is a holding inside one. The 'By Investment' column header names the program's relationship to these funds, not what they are, and a whole table of 'investment' is the documented sign the label was not read. Agreement between the lanes does not settle a classification, and SRC063 in this shard types the same kind of object 'fund'; metric_name is the printed column header in full, 'IRR (%)'; B trimmed the printed qualifier; evidence_quote is the full printed line, which proves the value; B quoted the bare figure only.; Source review: p1: IRR (All report pages were reviewed; no fee-basis statement qualifies this IRR.)",RESOLVED,A+B+ADJUDICATOR,efccda783490f37c841b4335300e864503edab8861c88ea4aff51b0e1ff3a189
a483db10d8ffcdc06c08,SRC035,1,PAIR_F85DFADA7FE12615FD9FF7CF,CONTEXT_CONFLICT,34,34,source_section|evidence_quote,MERGE,"Verified against page-1 image. source_section is the exact printed section heading, 'Performance Analysis', which every page prints under the program name and above the table; the trailing '| As of December 31, 2021' is a date and is excluded. A left it blank, and on the context row used the table title instead; subject_type corrected to 'fund' on a row both lanes typed 'investment': the label names a vehicle (L.P., LLC, or a named fund) in a fund schedule carrying Vintage, Strategy and capital-account columns, and a vehicle is 'fund' while 'investment' is a holding inside one. The 'By Investment' column header names the program's relationship to these funds, not what they are, and a whole table of 'investment' is the documented sign the label was not read. Agreement between the lanes does not settle a classification, and SRC063 in this shard types the same kind of object 'fund'; evidence_quote is the full printed line, which proves the value; B quoted the bare figure only.; Source review: p1: Oregon Growth Account (The portfolio report distinguishes investor positions from its aggregate rows.) | p1: Oregon Growth Account (Printed heading or definition supporting the source-reviewed qualifier.) | p1: Oregon Growth Account (Supersedes SR2016: the printed entity or table label is context, not a measurement basis; source labels retain its scope.)",RESOLVED,A+B+ADJUDICATOR,efccda783490f37c841b4335300e864503edab8861c88ea4aff51b0e1ff3a189
9d39c6df14fc3a76a86e,SRC035,1,PAIR_56484370212795FF2FB0E650,CONTEXT_CONFLICT,35,35,source_section|metric_name|evidence_quote,MERGE,"Verified against page-1 image. source_section is the exact printed section heading, 'Performance Analysis', which every page prints under the program name and above the table; the trailing '| As of December 31, 2021' is a date and is excluded. A left it blank, and on the context row used the table title instead; subject_type corrected to 'fund' on a row both lanes typed 'investment': the label names a vehicle (L.P., LLC, or a named fund) in a fund schedule carrying Vintage, Strategy and capital-account columns, and a vehicle is 'fund' while 'investment' is a holding inside one. The 'By Investment' column header names the program's relationship to these funds, not what they are, and a whole table of 'investment' is the documented sign the label was not read. Agreement between the lanes does not settle a classification, and SRC063 in this shard types the same kind of object 'fund'; metric_name is the printed column header in full, 'TVPI (X)'; B trimmed the printed qualifier; evidence_quote is the full printed line, which proves the value; B quoted the bare figure only.",RESOLVED,A+B+ADJUDICATOR,efccda783490f37c841b4335300e864503edab8861c88ea4aff51b0e1ff3a189
1087c30259abe5d53892,SRC035,1,PAIR_3F98B092C70BCFE36CA0F501,CONTEXT_CONFLICT,36,36,source_section|evidence_quote,MERGE,"Verified against page-1 image. source_section is the exact printed section heading, 'Performance Analysis', which every page prints under the program name and above the table; the trailing '| As of December 31, 2021' is a date and is excluded. A left it blank, and on the context row used the table title instead; subject_type corrected to 'fund' on a row both lanes typed 'investment': the label names a vehicle (L.P., LLC, or a named fund) in a fund schedule carrying Vintage, Strategy and capital-account columns, and a vehicle is 'fund' while 'investment' is a holding inside one. The 'By Investment' column header names the program's relationship to these funds, not what they are, and a whole table of 'investment' is the documented sign the label was not read. Agreement between the lanes does not settle a classification, and SRC063 in this shard types the same kind of object 'fund'; evidence_quote is the full printed line, which proves the value; B quoted the bare figure only.",RESOLVED,A+B+ADJUDICATOR,efccda783490f37c841b4335300e864503edab8861c88ea4aff51b0e1ff3a189
c10d36363d1e2021864d,SRC035,1,PAIR_4EE2B58DE32EB38D427A0A9C,CONTEXT_CONFLICT,37,37,source_section|evidence_quote,MERGE,"Verified against page-1 image. source_section is the exact printed section heading, 'Performance Analysis', which every page prints under the program name and above the table; the trailing '| As of December 31, 2021' is a date and is excluded. A left it blank, and on the context row used the table title instead; subject_type corrected to 'fund' on a row both lanes typed 'investment': the label names a vehicle (L.P., LLC, or a named fund) in a fund schedule carrying Vintage, Strategy and capital-account columns, and a vehicle is 'fund' while 'investment' is a holding inside one. The 'By Investment' column header names the program's relationship to these funds, not what they are, and a whole table of 'investment' is the documented sign the label was not read. Agreement between the lanes does not settle a classification, and SRC063 in this shard types the same kind of object 'fund'; evidence_quote is the full printed line, which proves the value; B quoted the bare figure only.",RESOLVED,A+B+ADJUDICATOR,efccda783490f37c841b4335300e864503edab8861c88ea4aff51b0e1ff3a189
a26a6c63071f8caace2a,SRC035,1,PAIR_6D7EF388E9B9376380833BC2,CONTEXT_CONFLICT,38,38,source_section|evidence_quote,MERGE,"Verified against page-1 image. source_section is the exact printed section heading, 'Performance Analysis', which every page prints under the program name and above the table; the trailing '| As of December 31, 2021' is a date and is excluded. A left it blank, and on the context row used the table title instead; subject_type corrected to 'fund' on a row both lanes typed 'investment': the label names a vehicle (L.P., LLC, or a named fund) in a fund schedule carrying Vintage, Strategy and capital-account columns, and a vehicle is 'fund' while 'investment' is a holding inside one. The 'By Investment' column header names the program's relationship to these funds, not what they are, and a whole table of 'investment' is the documented sign the label was not read. Agreement between the lanes does not settle a classification, and SRC063 in this shard types the same kind of object 'fund'; evidence_quote is the full printed line, which proves the value; B quoted the bare figure only.",RESOLVED,A+B+ADJUDICATOR,efccda783490f37c841b4335300e864503edab8861c88ea4aff51b0e1ff3a189
87e8b0e2a63066ef32c4,SRC035,1,PAIR_E7DC1B8C93AC0E74E709E882,CONTEXT_CONFLICT,39,39,source_section|evidence_quote,MERGE,"Verified against page-1 image. source_section is the exact printed section heading, 'Performance Analysis', which every page prints under the program name and above the table; the trailing '| As of December 31, 2021' is a date and is excluded. A left it blank, and on the context row used the table title instead; subject_type corrected to 'fund' on a row both lanes typed 'investment': the label names a vehicle (L.P., LLC, or a named fund) in a fund schedule carrying Vintage, Strategy and capital-account columns, and a vehicle is 'fund' while 'investment' is a holding inside one. The 'By Investment' column header names the program's relationship to these funds, not what they are, and a whole table of 'investment' is the documented sign the label was not read. Agreement between the lanes does not settle a classification, and SRC063 in this shard types the same kind of object 'fund'; evidence_quote is the full printed line, which proves the value; B quoted the bare figure only.",RESOLVED,A+B+ADJUDICATOR,efccda783490f37c841b4335300e864503edab8861c88ea4aff51b0e1ff3a189
7fabf4555e4bf642312a,SRC035,1,PAIR_7ABD664BFBF425BE2E198F41,CONTEXT_CONFLICT,40,40,source_section|metric_name|evidence_quote,MERGE,"Verified against page-1 image. source_section is the exact printed section heading, 'Performance Analysis', which every page prints under the program name and above the table; the trailing '| As of December 31, 2021' is a date and is excluded. A left it blank, and on the context row used the table title instead; subject_type corrected to 'fund' on a row both lanes typed 'investment': the label names a vehicle (L.P., LLC, or a named fund) in a fund schedule carrying Vintage, Strategy and capital-account columns, and a vehicle is 'fund' while 'investment' is a holding inside one. The 'By Investment' column header names the program's relationship to these funds, not what they are, and a whole table of 'investment' is the documented sign the label was not read. Agreement between the lanes does not settle a classification, and SRC063 in this shard types the same kind of object 'fund'; metric_name is the printed column header in full, 'IRR (%)'; B trimmed the printed qualifier; evidence_quote is the full printed line, which proves the value; B quoted the bare figure only.; Source review: p1: IRR (All report pages were reviewed; no fee-basis statement qualifies this IRR.)",RESOLVED,A+B+ADJUDICATOR,efccda783490f37c841b4335300e864503edab8861c88ea4aff51b0e1ff3a189
dbffd4425ee45a1e036d,SRC035,1,PAIR_88A03B0AD099AE5C8B59F951,CONTEXT_CONFLICT,41,41,source_section|evidence_quote,MERGE,"Verified against page-1 image. source_section is the exact printed section heading, 'Performance Analysis', which every page prints under the program name and above the table; the trailing '| As of December 31, 2021' is a date and is excluded. A left it blank, and on the context row used the table title instead; subject_type corrected to 'fund' on a row both lanes typed 'investment': the label names a vehicle (L.P., LLC, or a named fund) in a fund schedule carrying Vintage, Strategy and capital-account columns, and a vehicle is 'fund' while 'investment' is a holding inside one. The 'By Investment' column header names the program's relationship to these funds, not what they are, and a whole table of 'investment' is the documented sign the label was not read. Agreement between the lanes does not settle a classification, and SRC063 in this shard types the same kind of object 'fund'; evidence_quote is the full printed line, which proves the value; B quoted the bare figure only.; Source review: p1: Oregon Growth Account (The portfolio report distinguishes investor positions from its aggregate rows.) | p1: Oregon Growth Account (Printed heading or definition supporting the source-reviewed qualifier.) | p1: Oregon Growth Account (Supersedes SR2017: the printed entity or table label is context, not a measurement basis; source labels retain its scope.)",RESOLVED,A+B+ADJUDICATOR,efccda783490f37c841b4335300e864503edab8861c88ea4aff51b0e1ff3a189
7be8ba5bc3b8cd1baa6f,SRC035,1,PAIR_75B7914881E527738844592D,CONTEXT_CONFLICT,42,42,source_section|metric_name|evidence_quote,MERGE,"Verified against page-1 image. source_section is the exact printed section heading, 'Performance Analysis', which every page prints under the program name and above the table; the trailing '| As of December 31, 2021' is a date and is excluded. A left it blank, and on the context row used the table title instead; subject_type corrected to 'fund' on a row both lanes typed 'investment': the label names a vehicle (L.P., LLC, or a named fund) in a fund schedule carrying Vintage, Strategy and capital-account columns, and a vehicle is 'fund' while 'investment' is a holding inside one. The 'By Investment' column header names the program's relationship to these funds, not what they are, and a whole table of 'investment' is the documented sign the label was not read. Agreement between the lanes does not settle a classification, and SRC063 in this shard types the same kind of object 'fund'; metric_name is the printed column header in full, 'TVPI (X)'; B trimmed the printed qualifier; evidence_quote is the full printed line, which proves the value; B quoted the bare figure only.",RESOLVED,A+B+ADJUDICATOR,efccda783490f37c841b4335300e864503edab8861c88ea4aff51b0e1ff3a189
5f944cac3f40a7b5a4f2,SRC035,1,PAIR_05433F82B2F400D1013B3386,CONTEXT_CONFLICT,43,43,source_section|evidence_quote,MERGE,"Verified against page-1 image. source_section is the exact printed section heading, 'Performance Analysis', which every page prints under the program name and above the table; the trailing '| As of December 31, 2021' is a date and is excluded. A left it blank, and on the context row used the table title instead; subject_type corrected to 'fund' on a row both lanes typed 'investment': the label names a vehicle (L.P., LLC, or a named fund) in a fund schedule carrying Vintage, Strategy and capital-account columns, and a vehicle is 'fund' while 'investment' is a holding inside one. The 'By Investment' column header names the program's relationship to these funds, not what they are, and a whole table of 'investment' is the documented sign the label was not read. Agreement between the lanes does not settle a classification, and SRC063 in this shard types the same kind of object 'fund'; evidence_quote is the full printed line, which proves the value; B quoted the bare figure only.",RESOLVED,A+B+ADJUDICATOR,efccda783490f37c841b4335300e864503edab8861c88ea4aff51b0e1ff3a189
0574e8953a8c10ac2650,SRC035,1,PAIR_A7D7717D93F87C9643996D4B,CONTEXT_CONFLICT,44,44,source_section|evidence_quote,MERGE,"Verified against page-1 image. source_section is the exact printed section heading, 'Performance Analysis', which every page prints under the program name and above the table; the trailing '| As of December 31, 2021' is a date and is excluded. A left it blank, and on the context row used the table title instead; subject_type corrected to 'fund' on a row both lanes typed 'investment': the label names a vehicle (L.P., LLC, or a named fund) in a fund schedule carrying Vintage, Strategy and capital-account columns, and a vehicle is 'fund' while 'investment' is a holding inside one. The 'By Investment' column header names the program's relationship to these funds, not what they are, and a whole table of 'investment' is the documented sign the label was not read. Agreement between the lanes does not settle a classification, and SRC063 in this shard types the same kind of object 'fund'; evidence_quote is the full printed line, which proves the value; B quoted the bare figure only.",RESOLVED,A+B+ADJUDICATOR,efccda783490f37c841b4335300e864503edab8861c88ea4aff51b0e1ff3a189
8e8927e091717caed4f0,SRC035,1,PAIR_939681659106F119869F7430,CONTEXT_CONFLICT,45,45,source_section|evidence_quote,MERGE,"Verified against page-1 image. source_section is the exact printed section heading, 'Performance Analysis', which every page prints under the program name and above the table; the trailing '| As of December 31, 2021' is a date and is excluded. A left it blank, and on the context row used the table title instead; subject_type corrected to 'fund' on a row both lanes typed 'investment': the label names a vehicle (L.P., LLC, or a named fund) in a fund schedule carrying Vintage, Strategy and capital-account columns, and a vehicle is 'fund' while 'investment' is a holding inside one. The 'By Investment' column header names the program's relationship to these funds, not what they are, and a whole table of 'investment' is the documented sign the label was not read. Agreement between the lanes does not settle a classification, and SRC063 in this shard types the same kind of object 'fund'; evidence_quote is the full printed line, which proves the value; B quoted the bare figure only.",RESOLVED,A+B+ADJUDICATOR,efccda783490f37c841b4335300e864503edab8861c88ea4aff51b0e1ff3a189
bfb08a9929cf49cdb82e,SRC035,1,PAIR_696AEC8E3CDFC6DB79D91C22,CONTEXT_CONFLICT,46,46,source_section|evidence_quote,MERGE,"Verified against page-1 image. source_section is the exact printed section heading, 'Performance Analysis', which every page prints under the program name and above the table; the trailing '| As of December 31, 2021' is a date and is excluded. A left it blank, and on the context row used the table title instead; subject_type corrected to 'fund' on a row both lanes typed 'investment': the label names a vehicle (L.P., LLC, or a named fund) in a fund schedule carrying Vintage, Strategy and capital-account columns, and a vehicle is 'fund' while 'investment' is a holding inside one. The 'By Investment' column header names the program's relationship to these funds, not what they are, and a whole table of 'investment' is the documented sign the label was not read. Agreement between the lanes does not settle a classification, and SRC063 in this shard types the same kind of object 'fund'; evidence_quote is the full printed line, which proves the value; B quoted the bare figure only.",RESOLVED,A+B+ADJUDICATOR,efccda783490f37c841b4335300e864503edab8861c88ea4aff51b0e1ff3a189
3142fd465928ff057a48,SRC035,1,PAIR_3C098F651E266A45EE99C56A,CONTEXT_CONFLICT,47,47,source_section|metric_name|evidence_quote,MERGE,"Verified against page-1 image. source_section is the exact printed section heading, 'Performance Analysis', which every page prints under the program name and above the table; the trailing '| As of December 31, 2021' is a date and is excluded. A left it blank, and on the context row used the table title instead; subject_type corrected to 'fund' on a row both lanes typed 'investment': the label names a vehicle (L.P., LLC, or a named fund) in a fund schedule carrying Vintage, Strategy and capital-account columns, and a vehicle is 'fund' while 'investment' is a holding inside one. The 'By Investment' column header names the program's relationship to these funds, not what they are, and a whole table of 'investment' is the documented sign the label was not read. Agreement between the lanes does not settle a classification, and SRC063 in this shard types the same kind of object 'fund'; metric_name is the printed column header in full, 'IRR (%)'; B trimmed the printed qualifier; evidence_quote is the full printed line, which proves the value; B quoted the bare figure only.; Source review: p1: IRR (All report pages were reviewed; no fee-basis statement qualifies this IRR.)",RESOLVED,A+B+ADJUDICATOR,efccda783490f37c841b4335300e864503edab8861c88ea4aff51b0e1ff3a189
0fe58296faba51f06234,SRC035,1,PAIR_99D1910BDED27B8A904B0DBC,CONTEXT_CONFLICT,48,48,source_section|evidence_quote,MERGE,"Verified against page-1 image. source_section is the exact printed section heading, 'Performance Analysis', which every page prints under the program name and above the table; the trailing '| As of December 31, 2021' is a date and is excluded. A left it blank, and on the context row used the table title instead; subject_type corrected to 'fund' on a row both lanes typed 'investment': the label names a vehicle (L.P., LLC, or a named fund) in a fund schedule carrying Vintage, Strategy and capital-account columns, and a vehicle is 'fund' while 'investment' is a holding inside one. The 'By Investment' column header names the program's relationship to these funds, not what they are, and a whole table of 'investment' is the documented sign the label was not read. Agreement between the lanes does not settle a classification, and SRC063 in this shard types the same kind of object 'fund'; evidence_quote is the full printed line, which proves the value; B quoted the bare figure only.; Source review: p1: Oregon Growth Account (The portfolio report distinguishes investor positions from its aggregate rows.) | p1: Oregon Growth Account (Printed heading or definition supporting the source-reviewed qualifier.) | p1: Oregon Growth Account (Supersedes SR2018: the printed entity or table label is context, not a measurement basis; source labels retain its scope.)",RESOLVED,A+B+ADJUDICATOR,efccda783490f37c841b4335300e864503edab8861c88ea4aff51b0e1ff3a189
3c1dea096b48dc714a9e,SRC035,1,PAIR_CC46D7BD8F4A695439B9087A,CONTEXT_CONFLICT,49,49,source_section|metric_name|evidence_quote,MERGE,"Verified against page-1 image. source_section is the exact printed section heading, 'Performance Analysis', which every page prints under the program name and above the table; the trailing '| As of December 31, 2021' is a date and is excluded. A left it blank, and on the context row used the table title instead; subject_type corrected to 'fund' on a row both lanes typed 'investment': the label names a vehicle (L.P., LLC, or a named fund) in a fund schedule carrying Vintage, Strategy and capital-account columns, and a vehicle is 'fund' while 'investment' is a holding inside one. The 'By Investment' column header names the program's relationship to these funds, not what they are, and a whole table of 'investment' is the documented sign the label was not read. Agreement between the lanes does not settle a classification, and SRC063 in this shard types the same kind of object 'fund'; metric_name is the printed column header in full, 'TVPI (X)'; B trimmed the printed qualifier; evidence_quote is the full printed line, which proves the value; B quoted the bare figure only.",RESOLVED,A+B+ADJUDICATOR,efccda783490f37c841b4335300e864503edab8861c88ea4aff51b0e1ff3a189
63f7ae2512e1cfd4fa16,SRC035,1,PAIR_EE8A11F38F930CF97662999E,CONTEXT_CONFLICT,50,50,source_section|evidence_quote,MERGE,"Verified against page-1 image. source_section is the exact printed section heading, 'Performance Analysis', which every page prints under the program name and above the table; the trailing '| As of December 31, 2021' is a date and is excluded. A left it blank, and on the context row used the table title instead; subject_type corrected to 'fund' on a row both lanes typed 'investment': the label names a vehicle (L.P., LLC, or a named fund) in a fund schedule carrying Vintage, Strategy and capital-account columns, and a vehicle is 'fund' while 'investment' is a holding inside one. The 'By Investment' column header names the program's relationship to these funds, not what they are, and a whole table of 'investment' is the documented sign the label was not read. Agreement between the lanes does not settle a classification, and SRC063 in this shard types the same kind of object 'fund'; evidence_quote is the full printed line, which proves the value; B quoted the bare figure only.",RESOLVED,A+B+ADJUDICATOR,efccda783490f37c841b4335300e864503edab8861c88ea4aff51b0e1ff3a189
35be05a2cb43861cc64f,SRC035,1,PAIR_38F8BC25982DD8C5550B811F,CONTEXT_CONFLICT,51,51,source_section|evidence_quote,MERGE,"Verified against page-1 image. source_section is the exact printed section heading, 'Performance Analysis', which every page prints under the program name and above the table; the trailing '| As of December 31, 2021' is a date and is excluded. A left it blank, and on the context row used the table title instead; subject_type corrected to 'fund' on a row both lanes typed 'investment': the label names a vehicle (L.P., LLC, or a named fund) in a fund schedule carrying Vintage, Strategy and capital-account columns, and a vehicle is 'fund' while 'investment' is a holding inside one. The 'By Investment' column header names the program's relationship to these funds, not what they are, and a whole table of 'investment' is the documented sign the label was not read. Agreement between the lanes does not settle a classification, and SRC063 in this shard types the same kind of object 'fund'; evidence_quote is the full printed line, which proves the value; B quoted the bare figure only.",RESOLVED,A+B+ADJUDICATOR,efccda783490f37c841b4335300e864503edab8861c88ea4aff51b0e1ff3a189
6c5f989b8c8c3ce3c811,SRC035,1,PAIR_FBD9E6F180030CD4AEC2C68B,CONTEXT_CONFLICT,52,52,source_section|evidence_quote,MERGE,"Verified against page-1 image. source_section is the exact printed section heading, 'Performance Analysis', which every page prints under the program name and above the table; the trailing '| As of December 31, 2021' is a date and is excluded. A left it blank, and on the context row used the table title instead; subject_type corrected to 'fund' on a row both lanes typed 'investment': the label names a vehicle (L.P., LLC, or a named fund) in a fund schedule carrying Vintage, Strategy and capital-account columns, and a vehicle is 'fund' while 'investment' is a holding inside one. The 'By Investment' column header names the program's relationship to these funds, not what they are, and a whole table of 'investment' is the documented sign the label was not read. Agreement between the lanes does not settle a classification, and SRC063 in this shard types the same kind of object 'fund'; evidence_quote is the full printed line, which proves the value; B quoted the bare figure only.",RESOLVED,A+B+ADJUDICATOR,efccda783490f37c841b4335300e864503edab8861c88ea4aff51b0e1ff3a189
9b6036c82c0d5919d19e,SRC035,1,PAIR_F74EB2CE553137DED8C114AA,CONTEXT_CONFLICT,53,53,source_section|evidence_quote,MERGE,"Verified against page-1 image. source_section is the exact printed section heading, 'Performance Analysis', which every page prints under the program name and above the table; the trailing '| As of December 31, 2021' is a date and is excluded. A left it blank, and on the context row used the table title instead; subject_type corrected to 'fund' on a row both lanes typed 'investment': the label names a vehicle (L.P., LLC, or a named fund) in a fund schedule carrying Vintage, Strategy and capital-account columns, and a vehicle is 'fund' while 'investment' is a holding inside one. The 'By Investment' column header names the program's relationship to these funds, not what they are, and a whole table of 'investment' is the documented sign the label was not read. Agreement between the lanes does not settle a classification, and SRC063 in this shard types the same kind of object 'fund'; evidence_quote is the full printed line, which proves the value; B quoted the bare figure only.",RESOLVED,A+B+ADJUDICATOR,efccda783490f37c841b4335300e864503edab8861c88ea4aff51b0e1ff3a189
c63b2e4fa21d6fc603d9,SRC035,1,PAIR_EC87BABAFA3E98216B1FD444,CONTEXT_CONFLICT,54,54,source_section|metric_name|evidence_quote,MERGE,"Verified against page-1 image. source_section is the exact printed section heading, 'Performance Analysis', which every page prints under the program name and above the table; the trailing '| As of December 31, 2021' is a date and is excluded. A left it blank, and on the context row used the table title instead; subject_type corrected to 'fund' on a row both lanes typed 'investment': the label names a vehicle (L.P., LLC, or a named fund) in a fund schedule carrying Vintage, Strategy and capital-account columns, and a vehicle is 'fund' while 'investment' is a holding inside one. The 'By Investment' column header names the program's relationship to these funds, not what they are, and a whole table of 'investment' is the documented sign the label was not read. Agreement between the lanes does not settle a classification, and SRC063 in this shard types the same kind of object 'fund'; metric_name is the printed column header in full, 'IRR (%)'; B trimmed the printed qualifier; evidence_quote is the full printed line, which proves the value; B quoted the bare figure only.; Source review: p1: IRR (All report pages were reviewed; no fee-basis statement qualifies this IRR.)",RESOLVED,A+B+ADJUDICATOR,efccda783490f37c841b4335300e864503edab8861c88ea4aff51b0e1ff3a189
df5250af101520797d19,SRC035,1,PAIR_193EB8F654DB9363724A9A3E,CONTEXT_CONFLICT,55,55,source_section|evidence_quote,MERGE,"Verified against page-1 image. source_section is the exact printed section heading, 'Performance Analysis', which every page prints under the program name and above the table; the trailing '| As of December 31, 2021' is a date and is excluded. A left it blank, and on the context row used the table title instead; subject_type corrected to 'fund' on a row both lanes typed 'investment': the label names a vehicle (L.P., LLC, or a named fund) in a fund schedule carrying Vintage, Strategy and capital-account columns, and a vehicle is 'fund' while 'investment' is a holding inside one. The 'By Investment' column header names the program's relationship to these funds, not what they are, and a whole table of 'investment' is the documented sign the label was not read. Agreement between the lanes does not settle a classification, and SRC063 in this shard types the same kind of object 'fund'; evidence_quote is the full printed line, which proves the value; B quoted the bare figure only.; Source review: p1: Oregon Growth Account (The portfolio report distinguishes investor positions from its aggregate rows.) | p1: Oregon Growth Account (Printed heading or definition supporting the source-reviewed qualifier.) | p1: Oregon Growth Account (Supersedes SR2019: the printed entity or table label is context, not a measurement basis; source labels retain its scope.)",RESOLVED,A+B+ADJUDICATOR,efccda783490f37c841b4335300e864503edab8861c88ea4aff51b0e1ff3a189
f7bf546787b7ce3bea4e,SRC035,1,PAIR_A8FD52AA46EE3C1D98C25734,CONTEXT_CONFLICT,56,56,source_section|metric_name|evidence_quote,MERGE,"Verified against page-1 image. source_section is the exact printed section heading, 'Performance Analysis', which every page prints under the program name and above the table; the trailing '| As of December 31, 2021' is a date and is excluded. A left it blank, and on the context row used the table title instead; subject_type corrected to 'fund' on a row both lanes typed 'investment': the label names a vehicle (L.P., LLC, or a named fund) in a fund schedule carrying Vintage, Strategy and capital-account columns, and a vehicle is 'fund' while 'investment' is a holding inside one. The 'By Investment' column header names the program's relationship to these funds, not what they are, and a whole table of 'investment' is the documented sign the label was not read. Agreement between the lanes does not settle a classification, and SRC063 in this shard types the same kind of object 'fund'; metric_name is the printed column header in full, 'TVPI (X)'; B trimmed the printed qualifier; evidence_quote is the full printed line, which proves the value; B quoted the bare figure only.",RESOLVED,A+B+ADJUDICATOR,efccda783490f37c841b4335300e864503edab8861c88ea4aff51b0e1ff3a189
330d57cbce7aa1868ad7,SRC035,1,PAIR_6EC1126909921483EFA82C9C,CONTEXT_CONFLICT,57,57,source_section|evidence_quote,MERGE,"Verified against page-1 image. source_section is the exact printed section heading, 'Performance Analysis', which every page prints under the program name and above the table; the trailing '| As of December 31, 2021' is a date and is excluded. A left it blank, and on the context row used the table title instead; subject_type corrected to 'fund' on a row both lanes typed 'investment': the label names a vehicle (L.P., LLC, or a named fund) in a fund schedule carrying Vintage, Strategy and capital-account columns, and a vehicle is 'fund' while 'investment' is a holding inside one. The 'By Investment' column header names the program's relationship to these funds, not what they are, and a whole table of 'investment' is the documented sign the label was not read. Agreement between the lanes does not settle a classification, and SRC063 in this shard types the same kind of object 'fund'; evidence_quote is the full printed line, which proves the value; B quoted the bare figure only.",RESOLVED,A+B+ADJUDICATOR,efccda783490f37c841b4335300e864503edab8861c88ea4aff51b0e1ff3a189
767129f699b236212591,SRC035,1,PAIR_B91D637740CA6E81A1337FA5,CONTEXT_CONFLICT,58,58,source_section|evidence_quote,MERGE,"Verified against page-1 image. source_section is the exact printed section heading, 'Performance Analysis', which every page prints under the program name and above the table; the trailing '| As of December 31, 2021' is a date and is excluded. A left it blank, and on the context row used the table title instead; subject_type corrected to 'fund' on a row both lanes typed 'investment': the label names a vehicle (L.P., LLC, or a named fund) in a fund schedule carrying Vintage, Strategy and capital-account columns, and a vehicle is 'fund' while 'investment' is a holding inside one. The 'By Investment' column header names the program's relationship to these funds, not what they are, and a whole table of 'investment' is the documented sign the label was not read. Agreement between the lanes does not settle a classification, and SRC063 in this shard types the same kind of object 'fund'; evidence_quote is the full printed line, which proves the value; B quoted the bare figure only.",RESOLVED,A+B+ADJUDICATOR,efccda783490f37c841b4335300e864503edab8861c88ea4aff51b0e1ff3a189
e3e9ca4d451ef14af6b3,SRC035,1,PAIR_4EC362B97D41525117DA45BF,CONTEXT_CONFLICT,59,59,source_section|evidence_quote,MERGE,"Verified against page-1 image. source_section is the exact printed section heading, 'Performance Analysis', which every page prints under the program name and above the table; the trailing '| As of December 31, 2021' is a date and is excluded. A left it blank, and on the context row used the table title instead; subject_type corrected to 'fund' on a row both lanes typed 'investment': the label names a vehicle (L.P., LLC, or a named fund) in a fund schedule carrying Vintage, Strategy and capital-account columns, and a vehicle is 'fund' while 'investment' is a holding inside one. The 'By Investment' column header names the program's relationship to these funds, not what they are, and a whole table of 'investment' is the documented sign the label was not read. Agreement between the lanes does not settle a classification, and SRC063 in this shard types the same kind of object 'fund'; evidence_quote is the full printed line, which proves the value; B quoted the bare figure only.",RESOLVED,A+B+ADJUDICATOR,efccda783490f37c841b4335300e864503edab8861c88ea4aff51b0e1ff3a189
56772664f74010ae8283,SRC035,1,PAIR_E559E9AFC1D1CB298EA45D3E,CONTEXT_CONFLICT,60,60,source_section|evidence_quote,MERGE,"Verified against page-1 image. source_section is the exact printed section heading, 'Performance Analysis', which every page prints under the program name and above the table; the trailing '| As of December 31, 2021' is a date and is excluded. A left it blank, and on the context row used the table title instead; subject_type corrected to 'fund' on a row both lanes typed 'investment': the label names a vehicle (L.P., LLC, or a named fund) in a fund schedule carrying Vintage, Strategy and capital-account columns, and a vehicle is 'fund' while 'investment' is a holding inside one. The 'By Investment' column header names the program's relationship to these funds, not what they are, and a whole table of 'investment' is the documented sign the label was not read. Agreement between the lanes does not settle a classification, and SRC063 in this shard types the same kind of object 'fund'; evidence_quote is the full printed line, which proves the value; B quoted the bare figure only.",RESOLVED,A+B+ADJUDICATOR,efccda783490f37c841b4335300e864503edab8861c88ea4aff51b0e1ff3a189
bb4930b89aa2fe1f4550,SRC035,1,PAIR_3A5A12B40D87D25924BD572E,CONTEXT_CONFLICT,61,61,source_section|metric_name|evidence_quote,MERGE,"Verified against page-1 image. source_section is the exact printed section heading, 'Performance Analysis', which every page prints under the program name and above the table; the trailing '| As of December 31, 2021' is a date and is excluded. A left it blank, and on the context row used the table title instead; subject_type corrected to 'fund' on a row both lanes typed 'investment': the label names a vehicle (L.P., LLC, or a named fund) in a fund schedule carrying Vintage, Strategy and capital-account columns, and a vehicle is 'fund' while 'investment' is a holding inside one. The 'By Investment' column header names the program's relationship to these funds, not what they are, and a whole table of 'investment' is the documented sign the label was not read. Agreement between the lanes does not settle a classification, and SRC063 in this shard types the same kind of object 'fund'; metric_name is the printed column header in full, 'IRR (%)'; B trimmed the printed qualifier; evidence_quote is the full printed line, which proves the value; B quoted the bare figure only.; Source review: p1: IRR (All report pages were reviewed; no fee-basis statement qualifies this IRR.)",RESOLVED,A+B+ADJUDICATOR,efccda783490f37c841b4335300e864503edab8861c88ea4aff51b0e1ff3a189
158c0c163abfecbb1f5d,SRC035,1,PAIR_4F4A0E03FE047D860172CCB5,CONTEXT_CONFLICT,62,62,source_section|evidence_quote,MERGE,"Verified against page-1 image. source_section is the exact printed section heading, 'Performance Analysis', which every page prints under the program name and above the table; the trailing '| As of December 31, 2021' is a date and is excluded. A left it blank, and on the context row used the table title instead; subject_type corrected to 'fund' on a row both lanes typed 'investment': the label names a vehicle (L.P., LLC, or a named fund) in a fund schedule carrying Vintage, Strategy and capital-account columns, and a vehicle is 'fund' while 'investment' is a holding inside one. The 'By Investment' column header names the program's relationship to these funds, not what they are, and a whole table of 'investment' is the documented sign the label was not read. Agreement between the lanes does not settle a classification, and SRC063 in this shard types the same kind of object 'fund'; evidence_quote is the full printed line, which proves the value; B quoted the bare figure only.; Source review: p1: Oregon Growth Account (The portfolio report distinguishes investor positions from its aggregate rows.) | p1: Oregon Growth Account (Printed heading or definition supporting the source-reviewed qualifier.) | p1: Oregon Growth Account (Supersedes SR2020: the printed entity or table label is context, not a measurement basis; source labels retain its scope.)",RESOLVED,A+B+ADJUDICATOR,efccda783490f37c841b4335300e864503edab8861c88ea4aff51b0e1ff3a189
b502806bcdeadd93d30f,SRC035,1,PAIR_7400DCA1BE9C8FF7EB07BCEB,CONTEXT_CONFLICT,63,63,source_section|metric_name|evidence_quote,MERGE,"Verified against page-1 image. source_section is the exact printed section heading, 'Performance Analysis', which every page prints under the program name and above the table; the trailing '| As of December 31, 2021' is a date and is excluded. A left it blank, and on the context row used the table title instead; subject_type corrected to 'fund' on a row both lanes typed 'investment': the label names a vehicle (L.P., LLC, or a named fund) in a fund schedule carrying Vintage, Strategy and capital-account columns, and a vehicle is 'fund' while 'investment' is a holding inside one. The 'By Investment' column header names the program's relationship to these funds, not what they are, and a whole table of 'investment' is the documented sign the label was not read. Agreement between the lanes does not settle a classification, and SRC063 in this shard types the same kind of object 'fund'; metric_name is the printed column header in full, 'TVPI (X)'; B trimmed the printed qualifier; evidence_quote is the full printed line, which proves the value; B quoted the bare figure only.",RESOLVED,A+B+ADJUDICATOR,efccda783490f37c841b4335300e864503edab8861c88ea4aff51b0e1ff3a189
a04b3a05e56870e42c74,SRC035,1,PAIR_A3A4E5695BECE0D0D3746A2E,CONTEXT_CONFLICT,64,64,source_section|evidence_quote,MERGE,"Verified against page-1 image. source_section is the exact printed section heading, 'Performance Analysis', which every page prints under the program name and above the table; the trailing '| As of December 31, 2021' is a date and is excluded. A left it blank, and on the context row used the table title instead; subject_type corrected to 'fund' on a row both lanes typed 'investment': the label names a vehicle (L.P., LLC, or a named fund) in a fund schedule carrying Vintage, Strategy and capital-account columns, and a vehicle is 'fund' while 'investment' is a holding inside one. The 'By Investment' column header names the program's relationship to these funds, not what they are, and a whole table of 'investment' is the documented sign the label was not read. Agreement between the lanes does not settle a classification, and SRC063 in this shard types the same kind of object 'fund'; evidence_quote is the full printed line, which proves the value; B quoted the bare figure only.",RESOLVED,A+B+ADJUDICATOR,efccda783490f37c841b4335300e864503edab8861c88ea4aff51b0e1ff3a189
09fe4313fa01c533d1b6,SRC035,1,PAIR_8989B529F2A2BB6F6BF7056F,CONTEXT_CONFLICT,65,65,source_section|evidence_quote,MERGE,"Verified against page-1 image. source_section is the exact printed section heading, 'Performance Analysis', which every page prints under the program name and above the table; the trailing '| As of December 31, 2021' is a date and is excluded. A left it blank, and on the context row used the table title instead; subject_type corrected to 'fund' on a row both lanes typed 'investment': the label names a vehicle (L.P., LLC, or a named fund) in a fund schedule carrying Vintage, Strategy and capital-account columns, and a vehicle is 'fund' while 'investment' is a holding inside one. The 'By Investment' column header names the program's relationship to these funds, not what they are, and a whole table of 'investment' is the documented sign the label was not read. Agreement between the lanes does not settle a classification, and SRC063 in this shard types the same kind of object 'fund'; evidence_quote is the full printed line, which proves the value; B quoted the bare figure only.",RESOLVED,A+B+ADJUDICATOR,efccda783490f37c841b4335300e864503edab8861c88ea4aff51b0e1ff3a189
d07b322927842a051418,SRC035,1,PAIR_A40E05750D031F0AC00740D2,CONTEXT_CONFLICT,66,66,source_section|evidence_quote,MERGE,"Verified against page-1 image. source_section is the exact printed section heading, 'Performance Analysis', which every page prints under the program name and above the table; the trailing '| As of December 31, 2021' is a date and is excluded. A left it blank, and on the context row used the table title instead; subject_type corrected to 'fund' on a row both lanes typed 'investment': the label names a vehicle (L.P., LLC, or a named fund) in a fund schedule carrying Vintage, Strategy and capital-account columns, and a vehicle is 'fund' while 'investment' is a holding inside one. The 'By Investment' column header names the program's relationship to these funds, not what they are, and a whole table of 'investment' is the documented sign the label was not read. Agreement between the lanes does not settle a classification, and SRC063 in this shard types the same kind of object 'fund'; evidence_quote is the full printed line, which proves the value; B quoted the bare figure only.",RESOLVED,A+B+ADJUDICATOR,efccda783490f37c841b4335300e864503edab8861c88ea4aff51b0e1ff3a189
45b0ae820a69a7fc7867,SRC035,1,PAIR_E5E4730C87CAE6F97C8B2465,CONTEXT_CONFLICT,67,67,source_section|evidence_quote,MERGE,"Verified against page-1 image. source_section is the exact printed section heading, 'Performance Analysis', which every page prints under the program name and above the table; the trailing '| As of December 31, 2021' is a date and is excluded. A left it blank, and on the context row used the table title instead; subject_type corrected to 'fund' on a row both lanes typed 'investment': the label names a vehicle (L.P., LLC, or a named fund) in a fund schedule carrying Vintage, Strategy and capital-account columns, and a vehicle is 'fund' while 'investment' is a holding inside one. The 'By Investment' column header names the program's relationship to these funds, not what they are, and a whole table of 'investment' is the documented sign the label was not read. Agreement between the lanes does not settle a classification, and SRC063 in this shard types the same kind of object 'fund'; evidence_quote is the full printed line, which proves the value; B quoted the bare figure only.",RESOLVED,A+B+ADJUDICATOR,efccda783490f37c841b4335300e864503edab8861c88ea4aff51b0e1ff3a189
2c5bb8ab0799779eb870,SRC035,1,PAIR_59656B2ACF47DCF735B424D1,CONTEXT_CONFLICT,68,68,source_section|metric_name|evidence_quote,MERGE,"Verified against page-1 image. source_section is the exact printed section heading, 'Performance Analysis', which every page prints under the program name and above the table; the trailing '| As of December 31, 2021' is a date and is excluded. A left it blank, and on the context row used the table title instead; subject_type corrected to 'fund' on a row both lanes typed 'investment': the label names a vehicle (L.P., LLC, or a named fund) in a fund schedule carrying Vintage, Strategy and capital-account columns, and a vehicle is 'fund' while 'investment' is a holding inside one. The 'By Investment' column header names the program's relationship to these funds, not what they are, and a whole table of 'investment' is the documented sign the label was not read. Agreement between the lanes does not settle a classification, and SRC063 in this shard types the same kind of object 'fund'; metric_name is the printed column header in full, 'IRR (%)'; B trimmed the printed qualifier; evidence_quote is the full printed line, which proves the value; B quoted the bare figure only.; Source review: p1: IRR (All report pages were reviewed; no fee-basis statement qualifies this IRR.)",RESOLVED,A+B+ADJUDICATOR,efccda783490f37c841b4335300e864503edab8861c88ea4aff51b0e1ff3a189
6efa5275d5708c157441,SRC035,1,PAIR_07156D9D99F9EE28C34FFD85,CONTEXT_CONFLICT,69,69,source_section|evidence_quote,MERGE,"Verified against page-1 image. source_section is the exact printed section heading, 'Performance Analysis', which every page prints under the program name and above the table; the trailing '| As of December 31, 2021' is a date and is excluded. A left it blank, and on the context row used the table title instead; subject_type corrected to 'fund' on a row both lanes typed 'investment': the label names a vehicle (L.P., LLC, or a named fund) in a fund schedule carrying Vintage, Strategy and capital-account columns, and a vehicle is 'fund' while 'investment' is a holding inside one. The 'By Investment' column header names the program's relationship to these funds, not what they are, and a whole table of 'investment' is the documented sign the label was not read. Agreement between the lanes does not settle a classification, and SRC063 in this shard types the same kind of object 'fund'; evidence_quote is the full printed line, which proves the value; B quoted the bare figure only.; Source review: p1: Oregon Growth Account (The portfolio report distinguishes investor positions from its aggregate rows.) | p1: Oregon Growth Account (Printed heading or definition supporting the source-reviewed qualifier.) | p1: Oregon Growth Account (Supersedes SR2021: the printed entity or table label is context, not a measurement basis; source labels retain its scope.)",RESOLVED,A+B+ADJUDICATOR,efccda783490f37c841b4335300e864503edab8861c88ea4aff51b0e1ff3a189
1845a7159a7df029a358,SRC035,1,PAIR_C734C270CBF7679F1CA85612,CONTEXT_CONFLICT,70,70,source_section|metric_name|evidence_quote,MERGE,"Verified against page-1 image. source_section is the exact printed section heading, 'Performance Analysis', which every page prints under the program name and above the table; the trailing '| As of December 31, 2021' is a date and is excluded. A left it blank, and on the context row used the table title instead; subject_type corrected to 'fund' on a row both lanes typed 'investment': the label names a vehicle (L.P., LLC, or a named fund) in a fund schedule carrying Vintage, Strategy and capital-account columns, and a vehicle is 'fund' while 'investment' is a holding inside one. The 'By Investment' column header names the program's relationship to these funds, not what they are, and a whole table of 'investment' is the documented sign the label was not read. Agreement between the lanes does not settle a classification, and SRC063 in this shard types the same kind of object 'fund'; metric_name is the printed column header in full, 'TVPI (X)'; B trimmed the printed qualifier; evidence_quote is the full printed line, which proves the value; B quoted the bare figure only.",RESOLVED,A+B+ADJUDICATOR,efccda783490f37c841b4335300e864503edab8861c88ea4aff51b0e1ff3a189
faa33164eef9a7b7b97a,SRC035,1,PAIR_1513B75BAFCCB07038C99569,CONTEXT_CONFLICT,71,71,source_section|evidence_quote,MERGE,"Verified against page-1 image. source_section is the exact printed section heading, 'Performance Analysis', which every page prints under the program name and above the table; the trailing '| As of December 31, 2021' is a date and is excluded. A left it blank, and on the context row used the table title instead; subject_type corrected to 'fund' on a row both lanes typed 'investment': the label names a vehicle (L.P., LLC, or a named fund) in a fund schedule carrying Vintage, Strategy and capital-account columns, and a vehicle is 'fund' while 'investment' is a holding inside one. The 'By Investment' column header names the program's relationship to these funds, not what they are, and a whole table of 'investment' is the documented sign the label was not read. Agreement between the lanes does not settle a classification, and SRC063 in this shard types the same kind of object 'fund'; evidence_quote is the full printed line, which proves the value; B quoted the bare figure only.",RESOLVED,A+B+ADJUDICATOR,efccda783490f37c841b4335300e864503edab8861c88ea4aff51b0e1ff3a189
6e7869ede6771ee58566,SRC035,1,PAIR_D6614DFDB95BB75FC96832C0,CONTEXT_CONFLICT,72,72,source_section|evidence_quote,MERGE,"Verified against page-1 image. source_section is the exact printed section heading, 'Performance Analysis', which every page prints under the program name and above the table; the trailing '| As of December 31, 2021' is a date and is excluded. A left it blank, and on the context row used the table title instead; subject_type corrected to 'fund' on a row both lanes typed 'investment': the label names a vehicle (L.P., LLC, or a named fund) in a fund schedule carrying Vintage, Strategy and capital-account columns, and a vehicle is 'fund' while 'investment' is a holding inside one. The 'By Investment' column header names the program's relationship to these funds, not what they are, and a whole table of 'investment' is the documented sign the label was not read. Agreement between the lanes does not settle a classification, and SRC063 in this shard types the same kind of object 'fund'; evidence_quote is the full printed line, which proves the value; B quoted the bare figure only.",RESOLVED,A+B+ADJUDICATOR,efccda783490f37c841b4335300e864503edab8861c88ea4aff51b0e1ff3a189
80b1fbf97bf387a075c0,SRC035,1,PAIR_45F7AB96CAE464D52268BBD8,CONTEXT_CONFLICT,73,73,source_section|evidence_quote,MERGE,"Verified against page-1 image. source_section is the exact printed section heading, 'Performance Analysis', which every page prints under the program name and above the table; the trailing '| As of December 31, 2021' is a date and is excluded. A left it blank, and on the context row used the table title instead; subject_type corrected to 'fund' on a row both lanes typed 'investment': the label names a vehicle (L.P., LLC, or a named fund) in a fund schedule carrying Vintage, Strategy and capital-account columns, and a vehicle is 'fund' while 'investment' is a holding inside one. The 'By Investment' column header names the program's relationship to these funds, not what they are, and a whole table of 'investment' is the documented sign the label was not read. Agreement between the lanes does not settle a classification, and SRC063 in this shard types the same kind of object 'fund'; evidence_quote is the full printed line, which proves the value; B quoted the bare figure only.",RESOLVED,A+B+ADJUDICATOR,efccda783490f37c841b4335300e864503edab8861c88ea4aff51b0e1ff3a189
30f968839054588d5764,SRC035,1,PAIR_16AA0B8E8A999F2EBB649BF1,CONTEXT_CONFLICT,74,74,source_section|evidence_quote,MERGE,"Verified against page-1 image. source_section is the exact printed section heading, 'Performance Analysis', which every page prints under the program name and above the table; the trailing '| As of December 31, 2021' is a date and is excluded. A left it blank, and on the context row used the table title instead; subject_type corrected to 'fund' on a row both lanes typed 'investment': the label names a vehicle (L.P., LLC, or a named fund) in a fund schedule carrying Vintage, Strategy and capital-account columns, and a vehicle is 'fund' while 'investment' is a holding inside one. The 'By Investment' column header names the program's relationship to these funds, not what they are, and a whole table of 'investment' is the documented sign the label was not read. Agreement between the lanes does not settle a classification, and SRC063 in this shard types the same kind of object 'fund'; evidence_quote is the full printed line, which proves the value; B quoted the bare figure only.",RESOLVED,A+B+ADJUDICATOR,efccda783490f37c841b4335300e864503edab8861c88ea4aff51b0e1ff3a189
dee11ebd1d9a264e1239,SRC035,1,PAIR_32127B392F5B65117EFF0AA0,CONTEXT_CONFLICT,75,75,source_section|metric_name|evidence_quote,MERGE,"Verified against page-1 image. source_section is the exact printed section heading, 'Performance Analysis', which every page prints under the program name and above the table; the trailing '| As of December 31, 2021' is a date and is excluded. A left it blank, and on the context row used the table title instead; subject_type corrected to 'fund' on a row both lanes typed 'investment': the label names a vehicle (L.P., LLC, or a named fund) in a fund schedule carrying Vintage, Strategy and capital-account columns, and a vehicle is 'fund' while 'investment' is a holding inside one. The 'By Investment' column header names the program's relationship to these funds, not what they are, and a whole table of 'investment' is the documented sign the label was not read. Agreement between the lanes does not settle a classification, and SRC063 in this shard types the same kind of object 'fund'; metric_name is the printed column header in full, 'IRR (%)'; B trimmed the printed qualifier; evidence_quote is the full printed line, which proves the value; B quoted the bare figure only.; Source review: p1: IRR (All report pages were reviewed; no fee-basis statement qualifies this IRR.)",RESOLVED,A+B+ADJUDICATOR,efccda783490f37c841b4335300e864503edab8861c88ea4aff51b0e1ff3a189
8856f0076bbcd2db80e6,SRC035,1,PAIR_8CF05237860277D60D8C06B9,CONTEXT_CONFLICT,76,76,source_section|evidence_quote,MERGE,"Verified against page-1 image. source_section is the exact printed section heading, 'Performance Analysis', which every page prints under the program name and above the table; the trailing '| As of December 31, 2021' is a date and is excluded. A left it blank, and on the context row used the table title instead; subject_type corrected to 'fund' on a row both lanes typed 'investment': the label names a vehicle (L.P., LLC, or a named fund) in a fund schedule carrying Vintage, Strategy and capital-account columns, and a vehicle is 'fund' while 'investment' is a holding inside one. The 'By Investment' column header names the program's relationship to these funds, not what they are, and a whole table of 'investment' is the documented sign the label was not read. Agreement between the lanes does not settle a classification, and SRC063 in this shard types the same kind of object 'fund'; evidence_quote is the full printed line, which proves the value; B quoted the bare figure only.; Source review: p1: Oregon Growth Account (The portfolio report distinguishes investor positions from its aggregate rows.) | p1: Oregon Growth Account (Printed heading or definition supporting the source-reviewed qualifier.) | p1: Oregon Growth Account (Supersedes SR2022: the printed entity or table label is context, not a measurement basis; source labels retain its scope.)",RESOLVED,A+B+ADJUDICATOR,efccda783490f37c841b4335300e864503edab8861c88ea4aff51b0e1ff3a189
2d8bad4f42d56e469bde,SRC035,1,PAIR_39E41FE4C1E34BF12E534163,CONTEXT_CONFLICT,77,77,source_section|metric_name|evidence_quote,MERGE,"Verified against page-1 image. source_section is the exact printed section heading, 'Performance Analysis', which every page prints under the program name and above the table; the trailing '| As of December 31, 2021' is a date and is excluded. A left it blank, and on the context row used the table title instead; subject_type corrected to 'fund' on a row both lanes typed 'investment': the label names a vehicle (L.P., LLC, or a named fund) in a fund schedule carrying Vintage, Strategy and capital-account columns, and a vehicle is 'fund' while 'investment' is a holding inside one. The 'By Investment' column header names the program's relationship to these funds, not what they are, and a whole table of 'investment' is the documented sign the label was not read. Agreement between the lanes does not settle a classification, and SRC063 in this shard types the same kind of object 'fund'; metric_name is the printed column header in full, 'TVPI (X)'; B trimmed the printed qualifier; evidence_quote is the full printed line, which proves the value; B quoted the bare figure only.",RESOLVED,A+B+ADJUDICATOR,efccda783490f37c841b4335300e864503edab8861c88ea4aff51b0e1ff3a189
5e9fb188ceedf1404ac7,SRC035,1,PAIR_EF584165189049D6F4622FD1,CONTEXT_CONFLICT,78,78,source_section|evidence_quote,MERGE,"Verified against page-1 image. source_section is the exact printed section heading, 'Performance Analysis', which every page prints under the program name and above the table; the trailing '| As of December 31, 2021' is a date and is excluded. A left it blank, and on the context row used the table title instead; subject_type corrected to 'fund' on a row both lanes typed 'investment': the label names a vehicle (L.P., LLC, or a named fund) in a fund schedule carrying Vintage, Strategy and capital-account columns, and a vehicle is 'fund' while 'investment' is a holding inside one. The 'By Investment' column header names the program's relationship to these funds, not what they are, and a whole table of 'investment' is the documented sign the label was not read. Agreement between the lanes does not settle a classification, and SRC063 in this shard types the same kind of object 'fund'; evidence_quote is the full printed line, which proves the value; B quoted the bare figure only.",RESOLVED,A+B+ADJUDICATOR,efccda783490f37c841b4335300e864503edab8861c88ea4aff51b0e1ff3a189
80350d4bba18cd56e853,SRC035,1,PAIR_60E6E553031001DBDF20988B,CONTEXT_CONFLICT,79,79,source_section|evidence_quote,MERGE,"Verified against page-1 image. source_section is the exact printed section heading, 'Performance Analysis', which every page prints under the program name and above the table; the trailing '| As of December 31, 2021' is a date and is excluded. A left it blank, and on the context row used the table title instead; subject_type corrected to 'fund' on a row both lanes typed 'investment': the label names a vehicle (L.P., LLC, or a named fund) in a fund schedule carrying Vintage, Strategy and capital-account columns, and a vehicle is 'fund' while 'investment' is a holding inside one. The 'By Investment' column header names the program's relationship to these funds, not what they are, and a whole table of 'investment' is the documented sign the label was not read. Agreement between the lanes does not settle a classification, and SRC063 in this shard types the same kind of object 'fund'; evidence_quote is the full printed line, which proves the value; B quoted the bare figure only.",RESOLVED,A+B+ADJUDICATOR,efccda783490f37c841b4335300e864503edab8861c88ea4aff51b0e1ff3a189
f1cf7e111dc749e4d936,SRC035,1,PAIR_B1C8225FD9B2C87F9D3D5EBA,CONTEXT_CONFLICT,80,80,source_section|evidence_quote,MERGE,"Verified against page-1 image. source_section is the exact printed section heading, 'Performance Analysis', which every page prints under the program name and above the table; the trailing '| As of December 31, 2021' is a date and is excluded. A left it blank, and on the context row used the table title instead; subject_type corrected to 'fund' on a row both lanes typed 'investment': the label names a vehicle (L.P., LLC, or a named fund) in a fund schedule carrying Vintage, Strategy and capital-account columns, and a vehicle is 'fund' while 'investment' is a holding inside one. The 'By Investment' column header names the program's relationship to these funds, not what they are, and a whole table of 'investment' is the documented sign the label was not read. Agreement between the lanes does not settle a classification, and SRC063 in this shard types the same kind of object 'fund'; evidence_quote is the full printed line, which proves the value; B quoted the bare figure only.",RESOLVED,A+B+ADJUDICATOR,efccda783490f37c841b4335300e864503edab8861c88ea4aff51b0e1ff3a189
a4b063dc6cb482ae7caf,SRC035,1,PAIR_23B222A546ECE9FA02C72C78,CONTEXT_CONFLICT,81,81,source_section|evidence_quote,MERGE,"Verified against page-1 image. source_section is the exact printed section heading, 'Performance Analysis', which every page prints under the program name and above the table; the trailing '| As of December 31, 2021' is a date and is excluded. A left it blank, and on the context row used the table title instead; subject_type corrected to 'fund' on a row both lanes typed 'investment': the label names a vehicle (L.P., LLC, or a named fund) in a fund schedule carrying Vintage, Strategy and capital-account columns, and a vehicle is 'fund' while 'investment' is a holding inside one. The 'By Investment' column header names the program's relationship to these funds, not what they are, and a whole table of 'investment' is the documented sign the label was not read. Agreement between the lanes does not settle a classification, and SRC063 in this shard types the same kind of object 'fund'; evidence_quote is the full printed line, which proves the value; B quoted the bare figure only.",RESOLVED,A+B+ADJUDICATOR,efccda783490f37c841b4335300e864503edab8861c88ea4aff51b0e1ff3a189
62bdd935404a5a6510c4,SRC035,1,PAIR_8AFC41980818361559DE1CFD,CONTEXT_CONFLICT,82,82,source_section|metric_name|evidence_quote,MERGE,"Verified against page-1 image. source_section is the exact printed section heading, 'Performance Analysis', which every page prints under the program name and above the table; the trailing '| As of December 31, 2021' is a date and is excluded. A left it blank, and on the context row used the table title instead; subject_type corrected to 'fund' on a row both lanes typed 'investment': the label names a vehicle (L.P., LLC, or a named fund) in a fund schedule carrying Vintage, Strategy and capital-account columns, and a vehicle is 'fund' while 'investment' is a holding inside one. The 'By Investment' column header names the program's relationship to these funds, not what they are, and a whole table of 'investment' is the documented sign the label was not read. Agreement between the lanes does not settle a classification, and SRC063 in this shard types the same kind of object 'fund'; metric_name is the printed column header in full, 'IRR (%)'; B trimmed the printed qualifier; evidence_quote is the full printed line, which proves the value; B quoted the bare figure only.; Source review: p1: IRR (All report pages were reviewed; no fee-basis statement qualifies this IRR.)",RESOLVED,A+B+ADJUDICATOR,efccda783490f37c841b4335300e864503edab8861c88ea4aff51b0e1ff3a189
5ebb9d188fde9e91a3ec,SRC035,1,PAIR_8817E3CBA33F4469E6517196,CONTEXT_CONFLICT,83,83,source_section|evidence_quote,MERGE,"Verified against page-1 image. source_section is the exact printed section heading, 'Performance Analysis', which every page prints under the program name and above the table; the trailing '| As of December 31, 2021' is a date and is excluded. A left it blank, and on the context row used the table title instead; subject_type corrected to 'fund' on a row both lanes typed 'investment': the label names a vehicle (L.P., LLC, or a named fund) in a fund schedule carrying Vintage, Strategy and capital-account columns, and a vehicle is 'fund' while 'investment' is a holding inside one. The 'By Investment' column header names the program's relationship to these funds, not what they are, and a whole table of 'investment' is the documented sign the label was not read. Agreement between the lanes does not settle a classification, and SRC063 in this shard types the same kind of object 'fund'; evidence_quote is the full printed line, which proves the value; B quoted the bare figure only.; Source review: p1: Oregon Growth Account (The portfolio report distinguishes investor positions from its aggregate rows.) | p1: Oregon Growth Account (Printed heading or definition supporting the source-reviewed qualifier.) | p1: Oregon Growth Account (Supersedes SR2023: the printed entity or table label is context, not a measurement basis; source labels retain its scope.)",RESOLVED,A+B+ADJUDICATOR,efccda783490f37c841b4335300e864503edab8861c88ea4aff51b0e1ff3a189
b5239e23ac7eaab54899,SRC035,1,PAIR_70FC67A3C50D92F5CB2F938A,CONTEXT_CONFLICT,84,84,source_section|metric_name|evidence_quote,MERGE,"Verified against page-1 image. source_section is the exact printed section heading, 'Performance Analysis', which every page prints under the program name and above the table; the trailing '| As of December 31, 2021' is a date and is excluded. A left it blank, and on the context row used the table title instead; subject_type corrected to 'fund' on a row both lanes typed 'investment': the label names a vehicle (L.P., LLC, or a named fund) in a fund schedule carrying Vintage, Strategy and capital-account columns, and a vehicle is 'fund' while 'investment' is a holding inside one. The 'By Investment' column header names the program's relationship to these funds, not what they are, and a whole table of 'investment' is the documented sign the label was not read. Agreement between the lanes does not settle a classification, and SRC063 in this shard types the same kind of object 'fund'; metric_name is the printed column header in full, 'TVPI (X)'; B trimmed the printed qualifier; evidence_quote is the full printed line, which proves the value; B quoted the bare figure only.",RESOLVED,A+B+ADJUDICATOR,efccda783490f37c841b4335300e864503edab8861c88ea4aff51b0e1ff3a189
c8b9582bf752dd6e0def,SRC035,1,PAIR_19C32A16845E4EC91C05C503,CONTEXT_CONFLICT,85,85,source_section|evidence_quote,MERGE,"Verified against page-1 image. source_section is the exact printed section heading, 'Performance Analysis', which every page prints under the program name and above the table; the trailing '| As of December 31, 2021' is a date and is excluded. A left it blank, and on the context row used the table title instead; subject_type corrected to 'fund' on a row both lanes typed 'investment': the label names a vehicle (L.P., LLC, or a named fund) in a fund schedule carrying Vintage, Strategy and capital-account columns, and a vehicle is 'fund' while 'investment' is a holding inside one. The 'By Investment' column header names the program's relationship to these funds, not what they are, and a whole table of 'investment' is the documented sign the label was not read. Agreement between the lanes does not settle a classification, and SRC063 in this shard types the same kind of object 'fund'; evidence_quote is the full printed line, which proves the value; B quoted the bare figure only.",RESOLVED,A+B+ADJUDICATOR,efccda783490f37c841b4335300e864503edab8861c88ea4aff51b0e1ff3a189
9fc556b58ac66367768a,SRC035,1,PAIR_9E1A66870392F15E86EE289C,CONTEXT_CONFLICT,86,86,source_section|evidence_quote,MERGE,"Verified against page-1 image. source_section is the exact printed section heading, 'Performance Analysis', which every page prints under the program name and above the table; the trailing '| As of December 31, 2021' is a date and is excluded. A left it blank, and on the context row used the table title instead; subject_type corrected to 'fund' on a row both lanes typed 'investment': the label names a vehicle (L.P., LLC, or a named fund) in a fund schedule carrying Vintage, Strategy and capital-account columns, and a vehicle is 'fund' while 'investment' is a holding inside one. The 'By Investment' column header names the program's relationship to these funds, not what they are, and a whole table of 'investment' is the documented sign the label was not read. Agreement between the lanes does not settle a classification, and SRC063 in this shard types the same kind of object 'fund'; evidence_quote is the full printed line, which proves the value; B quoted the bare figure only.",RESOLVED,A+B+ADJUDICATOR,efccda783490f37c841b4335300e864503edab8861c88ea4aff51b0e1ff3a189
af6316ff9bcf46af1dbf,SRC035,1,PAIR_FF1C0A372A29C5BC1951188C,CONTEXT_CONFLICT,87,87,source_section|evidence_quote,MERGE,"Verified against page-1 image. source_section is the exact printed section heading, 'Performance Analysis', which every page prints under the program name and above the table; the trailing '| As of December 31, 2021' is a date and is excluded. A left it blank, and on the context row used the table title instead; subject_type corrected to 'fund' on a row both lanes typed 'investment': the label names a vehicle (L.P., LLC, or a named fund) in a fund schedule carrying Vintage, Strategy and capital-account columns, and a vehicle is 'fund' while 'investment' is a holding inside one. The 'By Investment' column header names the program's relationship to these funds, not what they are, and a whole table of 'investment' is the documented sign the label was not read. Agreement between the lanes does not settle a classification, and SRC063 in this shard types the same kind of object 'fund'; evidence_quote is the full printed line, which proves the value; B quoted the bare figure only.",RESOLVED,A+B+ADJUDICATOR,efccda783490f37c841b4335300e864503edab8861c88ea4aff51b0e1ff3a189
b71166557a38079f4076,SRC035,1,PAIR_D025F5FCEDBC66FF950BFD9D,CONTEXT_CONFLICT,88,88,source_section|evidence_quote,MERGE,"Verified against page-1 image. source_section is the exact printed section heading, 'Performance Analysis', which every page prints under the program name and above the table; the trailing '| As of December 31, 2021' is a date and is excluded. A left it blank, and on the context row used the table title instead; subject_type corrected to 'fund' on a row both lanes typed 'investment': the label names a vehicle (L.P., LLC, or a named fund) in a fund schedule carrying Vintage, Strategy and capital-account columns, and a vehicle is 'fund' while 'investment' is a holding inside one. The 'By Investment' column header names the program's relationship to these funds, not what they are, and a whole table of 'investment' is the documented sign the label was not read. Agreement between the lanes does not settle a classification, and SRC063 in this shard types the same kind of object 'fund'; evidence_quote is the full printed line, which proves the value; B quoted the bare figure only.",RESOLVED,A+B+ADJUDICATOR,efccda783490f37c841b4335300e864503edab8861c88ea4aff51b0e1ff3a189
c5dc22b979ca2977aea3,SRC035,1,PAIR_C98101C9AE789B824BF22FBF,CONTEXT_CONFLICT,89,89,source_section|metric_name|evidence_quote,MERGE,"Verified against page-1 image. source_section is the exact printed section heading, 'Performance Analysis', which every page prints under the program name and above the table; the trailing '| As of December 31, 2021' is a date and is excluded. A left it blank, and on the context row used the table title instead; subject_type corrected to 'fund' on a row both lanes typed 'investment': the label names a vehicle (L.P., LLC, or a named fund) in a fund schedule carrying Vintage, Strategy and capital-account columns, and a vehicle is 'fund' while 'investment' is a holding inside one. The 'By Investment' column header names the program's relationship to these funds, not what they are, and a whole table of 'investment' is the documented sign the label was not read. Agreement between the lanes does not settle a classification, and SRC063 in this shard types the same kind of object 'fund'; metric_name is the printed column header in full, 'IRR (%)'; B trimmed the printed qualifier; evidence_quote is the full printed line, which proves the value; B quoted the bare figure only.; Source review: p1: IRR (All report pages were reviewed; no fee-basis statement qualifies this IRR.)",RESOLVED,A+B+ADJUDICATOR,efccda783490f37c841b4335300e864503edab8861c88ea4aff51b0e1ff3a189
3f63931da686d6bbed05,SRC035,1,PAIR_2712D1F75863FFC4A0FCA36D,CONTEXT_CONFLICT,90,90,source_section|evidence_quote,MERGE,"Verified against page-1 image. source_section is the exact printed section heading, 'Performance Analysis', which every page prints under the program name and above the table; the trailing '| As of December 31, 2021' is a date and is excluded. A left it blank, and on the context row used the table title instead; subject_type corrected to 'fund' on a row both lanes typed 'investment': the label names a vehicle (L.P., LLC, or a named fund) in a fund schedule carrying Vintage, Strategy and capital-account columns, and a vehicle is 'fund' while 'investment' is a holding inside one. The 'By Investment' column header names the program's relationship to these funds, not what they are, and a whole table of 'investment' is the documented sign the label was not read. Agreement between the lanes does not settle a classification, and SRC063 in this shard types the same kind of object 'fund'; evidence_quote is the full printed line, which proves the value; B quoted the bare figure only.; Source review: p1: Oregon Growth Account (The portfolio report distinguishes investor positions from its aggregate rows.) | p1: Oregon Growth Account (Printed heading or definition supporting the source-reviewed qualifier.) | p1: Oregon Growth Account (Supersedes SR2024: the printed entity or table label is context, not a measurement basis; source labels retain its scope.)",RESOLVED,A+B+ADJUDICATOR,efccda783490f37c841b4335300e864503edab8861c88ea4aff51b0e1ff3a189
3ce283a0a71273861b0a,SRC035,1,PAIR_FE0FE4D085C5433082A246E9,CONTEXT_CONFLICT,91,91,source_section|metric_name|evidence_quote,MERGE,"Verified against page-1 image. source_section is the exact printed section heading, 'Performance Analysis', which every page prints under the program name and above the table; the trailing '| As of December 31, 2021' is a date and is excluded. A left it blank, and on the context row used the table title instead; subject_type corrected to 'fund' on a row both lanes typed 'investment': the label names a vehicle (L.P., LLC, or a named fund) in a fund schedule carrying Vintage, Strategy and capital-account columns, and a vehicle is 'fund' while 'investment' is a holding inside one. The 'By Investment' column header names the program's relationship to these funds, not what they are, and a whole table of 'investment' is the documented sign the label was not read. Agreement between the lanes does not settle a classification, and SRC063 in this shard types the same kind of object 'fund'; metric_name is the printed column header in full, 'TVPI (X)'; B trimmed the printed qualifier; evidence_quote is the full printed line, which proves the value; B quoted the bare figure only.",RESOLVED,A+B+ADJUDICATOR,efccda783490f37c841b4335300e864503edab8861c88ea4aff51b0e1ff3a189
068210993d3ca776fee4,SRC035,1,PAIR_201692A9AF02D9160F04BC7F,CONTEXT_CONFLICT,92,92,source_section|evidence_quote,MERGE,"Verified against page-1 image. source_section is the exact printed section heading, 'Performance Analysis', which every page prints under the program name and above the table; the trailing '| As of December 31, 2021' is a date and is excluded. A left it blank, and on the context row used the table title instead; subject_type corrected to 'fund' on a row both lanes typed 'investment': the label names a vehicle (L.P., LLC, or a named fund) in a fund schedule carrying Vintage, Strategy and capital-account columns, and a vehicle is 'fund' while 'investment' is a holding inside one. The 'By Investment' column header names the program's relationship to these funds, not what they are, and a whole table of 'investment' is the documented sign the label was not read. Agreement between the lanes does not settle a classification, and SRC063 in this shard types the same kind of object 'fund'; evidence_quote is the full printed line, which proves the value; B quoted the bare figure only.",RESOLVED,A+B+ADJUDICATOR,efccda783490f37c841b4335300e864503edab8861c88ea4aff51b0e1ff3a189
a57781924e3739dd872f,SRC035,1,PAIR_2FDB9D8D2C955261C491C066,CONTEXT_CONFLICT,93,93,source_section|evidence_quote,MERGE,"Verified against page-1 image. source_section is the exact printed section heading, 'Performance Analysis', which every page prints under the program name and above the table; the trailing '| As of December 31, 2021' is a date and is excluded. A left it blank, and on the context row used the table title instead; subject_type corrected to 'fund' on a row both lanes typed 'investment': the label names a vehicle (L.P., LLC, or a named fund) in a fund schedule carrying Vintage, Strategy and capital-account columns, and a vehicle is 'fund' while 'investment' is a holding inside one. The 'By Investment' column header names the program's relationship to these funds, not what they are, and a whole table of 'investment' is the documented sign the label was not read. Agreement between the lanes does not settle a classification, and SRC063 in this shard types the same kind of object 'fund'; evidence_quote is the full printed line, which proves the value; B quoted the bare figure only.",RESOLVED,A+B+ADJUDICATOR,efccda783490f37c841b4335300e864503edab8861c88ea4aff51b0e1ff3a189
c15012a226412e30a81c,SRC035,1,PAIR_E992B123C07ECC532F5A9D49,CONTEXT_CONFLICT,94,94,source_section|evidence_quote,MERGE,"Verified against page-1 image. source_section is the exact printed section heading, 'Performance Analysis', which every page prints under the program name and above the table; the trailing '| As of December 31, 2021' is a date and is excluded. A left it blank, and on the context row used the table title instead; subject_type corrected to 'fund' on a row both lanes typed 'investment': the label names a vehicle (L.P., LLC, or a named fund) in a fund schedule carrying Vintage, Strategy and capital-account columns, and a vehicle is 'fund' while 'investment' is a holding inside one. The 'By Investment' column header names the program's relationship to these funds, not what they are, and a whole table of 'investment' is the documented sign the label was not read. Agreement between the lanes does not settle a classification, and SRC063 in this shard types the same kind of object 'fund'; evidence_quote is the full printed line, which proves the value; B quoted the bare figure only.",RESOLVED,A+B+ADJUDICATOR,efccda783490f37c841b4335300e864503edab8861c88ea4aff51b0e1ff3a189
6faa3fbbe8e4fbd14cd3,SRC035,1,PAIR_0522E22774B3A5F1C8DB305D,CONTEXT_CONFLICT,95,95,source_section|evidence_quote,MERGE,"Verified against page-1 image. source_section is the exact printed section heading, 'Performance Analysis', which every page prints under the program name and above the table; the trailing '| As of December 31, 2021' is a date and is excluded. A left it blank, and on the context row used the table title instead; subject_type corrected to 'fund' on a row both lanes typed 'investment': the label names a vehicle (L.P., LLC, or a named fund) in a fund schedule carrying Vintage, Strategy and capital-account columns, and a vehicle is 'fund' while 'investment' is a holding inside one. The 'By Investment' column header names the program's relationship to these funds, not what they are, and a whole table of 'investment' is the documented sign the label was not read. Agreement between the lanes does not settle a classification, and SRC063 in this shard types the same kind of object 'fund'; evidence_quote is the full printed line, which proves the value; B quoted the bare figure only.",RESOLVED,A+B+ADJUDICATOR,efccda783490f37c841b4335300e864503edab8861c88ea4aff51b0e1ff3a189
ba212853416f41c9bc02,SRC035,1,PAIR_2E5EFEEB6351F2E54C952D4C,CONTEXT_CONFLICT,96,96,source_section|metric_name|evidence_quote,MERGE,"Verified against page-1 image. source_section is the exact printed section heading, 'Performance Analysis', which every page prints under the program name and above the table; the trailing '| As of December 31, 2021' is a date and is excluded. A left it blank, and on the context row used the table title instead; subject_type corrected to 'fund' on a row both lanes typed 'investment': the label names a vehicle (L.P., LLC, or a named fund) in a fund schedule carrying Vintage, Strategy and capital-account columns, and a vehicle is 'fund' while 'investment' is a holding inside one. The 'By Investment' column header names the program's relationship to these funds, not what they are, and a whole table of 'investment' is the documented sign the label was not read. Agreement between the lanes does not settle a classification, and SRC063 in this shard types the same kind of object 'fund'; metric_name is the printed column header in full, 'IRR (%)'; B trimmed the printed qualifier; evidence_quote is the full printed line, which proves the value; B quoted the bare figure only.; Source review: p1: IRR (All report pages were reviewed; no fee-basis statement qualifies this IRR.)",RESOLVED,A+B+ADJUDICATOR,efccda783490f37c841b4335300e864503edab8861c88ea4aff51b0e1ff3a189
6226af245e99574d29b7,SRC035,1,PAIR_4D200C290D3CCD6CD75AF692,CONTEXT_CONFLICT,97,97,source_section|evidence_quote,MERGE,"Verified against page-1 image. source_section is the exact printed section heading, 'Performance Analysis', which every page prints under the program name and above the table; the trailing '| As of December 31, 2021' is a date and is excluded. A left it blank, and on the context row used the table title instead; subject_type corrected to 'fund' on a row both lanes typed 'investment': the label names a vehicle (L.P., LLC, or a named fund) in a fund schedule carrying Vintage, Strategy and capital-account columns, and a vehicle is 'fund' while 'investment' is a holding inside one. The 'By Investment' column header names the program's relationship to these funds, not what they are, and a whole table of 'investment' is the documented sign the label was not read. Agreement between the lanes does not settle a classification, and SRC063 in this shard types the same kind of object 'fund'; evidence_quote is the full printed line, which proves the value; B quoted the bare figure only.; Source review: p1: Oregon Growth Account (The portfolio report distinguishes investor positions from its aggregate rows.) | p1: Oregon Growth Account (Printed heading or definition supporting the source-reviewed qualifier.) | p1: Oregon Growth Account (Supersedes SR2025: the printed entity or table label is context, not a measurement basis; source labels retain its scope.)",RESOLVED,A+B+ADJUDICATOR,efccda783490f37c841b4335300e864503edab8861c88ea4aff51b0e1ff3a189
877c45b4a5ad6c40c36a,SRC035,1,PAIR_DD942EDA0AC539CC0B80A32F,CONTEXT_CONFLICT,98,98,source_section|metric_name|evidence_quote,MERGE,"Verified against page-1 image. source_section is the exact printed section heading, 'Performance Analysis', which every page prints under the program name and above the table; the trailing '| As of December 31, 2021' is a date and is excluded. A left it blank, and on the context row used the table title instead; subject_type corrected to 'fund' on a row both lanes typed 'investment': the label names a vehicle (L.P., LLC, or a named fund) in a fund schedule carrying Vintage, Strategy and capital-account columns, and a vehicle is 'fund' while 'investment' is a holding inside one. The 'By Investment' column header names the program's relationship to these funds, not what they are, and a whole table of 'investment' is the documented sign the label was not read. Agreement between the lanes does not settle a classification, and SRC063 in this shard types the same kind of object 'fund'; metric_name is the printed column header in full, 'TVPI (X)'; B trimmed the printed qualifier; evidence_quote is the full printed line, which proves the value; B quoted the bare figure only.",RESOLVED,A+B+ADJUDICATOR,efccda783490f37c841b4335300e864503edab8861c88ea4aff51b0e1ff3a189
ace1ec8fd25a8318819d,SRC035,1,PAIR_8C87859DB4A3678F4B0934DA,CONTEXT_CONFLICT,99,99,source_section|evidence_quote,MERGE,"Verified against page-1 image. source_section is the exact printed section heading, 'Performance Analysis', which every page prints under the program name and above the table; the trailing '| As of December 31, 2021' is a date and is excluded. A left it blank, and on the context row used the table title instead; subject_type corrected to 'fund' on a row both lanes typed 'investment': the label names a vehicle (L.P., LLC, or a named fund) in a fund schedule carrying Vintage, Strategy and capital-account columns, and a vehicle is 'fund' while 'investment' is a holding inside one. The 'By Investment' column header names the program's relationship to these funds, not what they are, and a whole table of 'investment' is the documented sign the label was not read. Agreement between the lanes does not settle a classification, and SRC063 in this shard types the same kind of object 'fund'; evidence_quote is the full printed line, which proves the value; B quoted the bare figure only.",RESOLVED,A+B+ADJUDICATOR,efccda783490f37c841b4335300e864503edab8861c88ea4aff51b0e1ff3a189
c96f7424bf76f9915474,SRC035,1,PAIR_ADCD1ACD47559614BBE248F6,CONTEXT_CONFLICT,100,100,source_section|evidence_quote,MERGE,"Verified against page-1 image. source_section is the exact printed section heading, 'Performance Analysis', which every page prints under the program name and above the table; the trailing '| As of December 31, 2021' is a date and is excluded. A left it blank, and on the context row used the table title instead; subject_type corrected to 'fund' on a row both lanes typed 'investment': the label names a vehicle (L.P., LLC, or a named fund) in a fund schedule carrying Vintage, Strategy and capital-account columns, and a vehicle is 'fund' while 'investment' is a holding inside one. The 'By Investment' column header names the program's relationship to these funds, not what they are, and a whole table of 'investment' is the documented sign the label was not read. Agreement between the lanes does not settle a classification, and SRC063 in this shard types the same kind of object 'fund'; evidence_quote is the full printed line, which proves the value; B quoted the bare figure only.",RESOLVED,A+B+ADJUDICATOR,efccda783490f37c841b4335300e864503edab8861c88ea4aff51b0e1ff3a189
a60feb2bea12778a6a80,SRC035,1,PAIR_3D74CCF9484293E13BA8CC38,CONTEXT_CONFLICT,101,101,source_section|evidence_quote,MERGE,"Verified against page-1 image. source_section is the exact printed section heading, 'Performance Analysis', which every page prints under the program name and above the table; the trailing '| As of December 31, 2021' is a date and is excluded. A left it blank, and on the context row used the table title instead; subject_type corrected to 'fund' on a row both lanes typed 'investment': the label names a vehicle (L.P., LLC, or a named fund) in a fund schedule carrying Vintage, Strategy and capital-account columns, and a vehicle is 'fund' while 'investment' is a holding inside one. The 'By Investment' column header names the program's relationship to these funds, not what they are, and a whole table of 'investment' is the documented sign the label was not read. Agreement between the lanes does not settle a classification, and SRC063 in this shard types the same kind of object 'fund'; evidence_quote is the full printed line, which proves the value; B quoted the bare figure only.",RESOLVED,A+B+ADJUDICATOR,efccda783490f37c841b4335300e864503edab8861c88ea4aff51b0e1ff3a189
88fd635dfe8ffe2b962d,SRC035,1,PAIR_3C9B776D7800A5B5B58D1471,CONTEXT_CONFLICT,102,102,source_section|evidence_quote,MERGE,"Verified against page-1 image. source_section is the exact printed section heading, 'Performance Analysis', which every page prints under the program name and above the table; the trailing '| As of December 31, 2021' is a date and is excluded. A left it blank, and on the context row used the table title instead; subject_type corrected to 'fund' on a row both lanes typed 'investment': the label names a vehicle (L.P., LLC, or a named fund) in a fund schedule carrying Vintage, Strategy and capital-account columns, and a vehicle is 'fund' while 'investment' is a holding inside one. The 'By Investment' column header names the program's relationship to these funds, not what they are, and a whole table of 'investment' is the documented sign the label was not read. Agreement between the lanes does not settle a classification, and SRC063 in this shard types the same kind of object 'fund'; evidence_quote is the full printed line, which proves the value; B quoted the bare figure only.",RESOLVED,A+B+ADJUDICATOR,efccda783490f37c841b4335300e864503edab8861c88ea4aff51b0e1ff3a189
5b7211bd0d32e94306fd,SRC035,1,PAIR_A7B980401B5BEEF2E14982BF,CONTEXT_CONFLICT,103,103,source_section|metric_name|evidence_quote,MERGE,"Verified against page-1 image. source_section is the exact printed section heading, 'Performance Analysis', which every page prints under the program name and above the table; the trailing '| As of December 31, 2021' is a date and is excluded. A left it blank, and on the context row used the table title instead; subject_type corrected to 'fund' on a row both lanes typed 'investment': the label names a vehicle (L.P., LLC, or a named fund) in a fund schedule carrying Vintage, Strategy and capital-account columns, and a vehicle is 'fund' while 'investment' is a holding inside one. The 'By Investment' column header names the program's relationship to these funds, not what they are, and a whole table of 'investment' is the documented sign the label was not read. Agreement between the lanes does not settle a classification, and SRC063 in this shard types the same kind of object 'fund'; metric_name is the printed column header in full, 'IRR (%)'; B trimmed the printed qualifier; evidence_quote is the full printed line, which proves the value; B quoted the bare figure only.; Source review: p1: IRR (All report pages were reviewed; no fee-basis statement qualifies this IRR.)",RESOLVED,A+B+ADJUDICATOR,efccda783490f37c841b4335300e864503edab8861c88ea4aff51b0e1ff3a189
638788da68f2fcd7ea66,SRC035,1,PAIR_B79266991F20CA666A4B0C77,CONTEXT_CONFLICT,104,104,source_section|evidence_quote,MERGE,"Verified against page-1 image. source_section is the exact printed section heading, 'Performance Analysis', which every page prints under the program name and above the table; the trailing '| As of December 31, 2021' is a date and is excluded. A left it blank, and on the context row used the table title instead; subject_type corrected to 'fund' on a row both lanes typed 'investment': the label names a vehicle (L.P., LLC, or a named fund) in a fund schedule carrying Vintage, Strategy and capital-account columns, and a vehicle is 'fund' while 'investment' is a holding inside one. The 'By Investment' column header names the program's relationship to these funds, not what they are, and a whole table of 'investment' is the documented sign the label was not read. Agreement between the lanes does not settle a classification, and SRC063 in this shard types the same kind of object 'fund'; evidence_quote is the full printed line, which proves the value; B quoted the bare figure only.; Source review: p1: Oregon Growth Account (The portfolio report distinguishes investor positions from its aggregate rows.) | p1: Oregon Growth Account (Printed heading or definition supporting the source-reviewed qualifier.) | p1: Oregon Growth Account (Supersedes SR2026: the printed entity or table label is context, not a measurement basis; source labels retain its scope.)",RESOLVED,A+B+ADJUDICATOR,efccda783490f37c841b4335300e864503edab8861c88ea4aff51b0e1ff3a189
22c6d5dbeb8a314edc4f,SRC035,1,PAIR_2CFA23542B5B9D6B71DD4216,CONTEXT_CONFLICT,105,105,source_section|metric_name|evidence_quote,MERGE,"Verified against page-1 image. source_section is the exact printed section heading, 'Performance Analysis', which every page prints under the program name and above the table; the trailing '| As of December 31, 2021' is a date and is excluded. A left it blank, and on the context row used the table title instead; subject_type corrected to 'fund' on a row both lanes typed 'investment': the label names a vehicle (L.P., LLC, or a named fund) in a fund schedule carrying Vintage, Strategy and capital-account columns, and a vehicle is 'fund' while 'investment' is a holding inside one. The 'By Investment' column header names the program's relationship to these funds, not what they are, and a whole table of 'investment' is the documented sign the label was not read. Agreement between the lanes does not settle a classification, and SRC063 in this shard types the same kind of object 'fund'; metric_name is the printed column header in full, 'TVPI (X)'; B trimmed the printed qualifier; evidence_quote is the full printed line, which proves the value; B quoted the bare figure only.",RESOLVED,A+B+ADJUDICATOR,efccda783490f37c841b4335300e864503edab8861c88ea4aff51b0e1ff3a189
b44cb3e82e6df605736d,SRC035,1,PAIR_BD68BA5EFCC9A9DD4F6CC4B5,CONTEXT_CONFLICT,106,106,source_section|evidence_quote,MERGE,"Verified against page-1 image. source_section is the exact printed section heading, 'Performance Analysis', which every page prints under the program name and above the table; the trailing '| As of December 31, 2021' is a date and is excluded. A left it blank, and on the context row used the table title instead; subject_type corrected to 'fund' on a row both lanes typed 'investment': the label names a vehicle (L.P., LLC, or a named fund) in a fund schedule carrying Vintage, Strategy and capital-account columns, and a vehicle is 'fund' while 'investment' is a holding inside one. The 'By Investment' column header names the program's relationship to these funds, not what they are, and a whole table of 'investment' is the documented sign the label was not read. Agreement between the lanes does not settle a classification, and SRC063 in this shard types the same kind of object 'fund'; evidence_quote is the full printed line, which proves the value; B quoted the bare figure only.",RESOLVED,A+B+ADJUDICATOR,efccda783490f37c841b4335300e864503edab8861c88ea4aff51b0e1ff3a189
ba7065150bc31068939a,SRC035,1,PAIR_168A5DF02557B948C6249D83,CONTEXT_CONFLICT,107,107,source_section|evidence_quote,MERGE,"Verified against page-1 image. source_section is the exact printed section heading, 'Performance Analysis', which every page prints under the program name and above the table; the trailing '| As of December 31, 2021' is a date and is excluded. A left it blank, and on the context row used the table title instead; subject_type corrected to 'fund' on a row both lanes typed 'investment': the label names a vehicle (L.P., LLC, or a named fund) in a fund schedule carrying Vintage, Strategy and capital-account columns, and a vehicle is 'fund' while 'investment' is a holding inside one. The 'By Investment' column header names the program's relationship to these funds, not what they are, and a whole table of 'investment' is the documented sign the label was not read. Agreement between the lanes does not settle a classification, and SRC063 in this shard types the same kind of object 'fund'; evidence_quote is the full printed line, which proves the value; B quoted the bare figure only.",RESOLVED,A+B+ADJUDICATOR,efccda783490f37c841b4335300e864503edab8861c88ea4aff51b0e1ff3a189
e08eb63e5d4385d93cdd,SRC035,1,PAIR_9AA21C0AC97A619E922CFC85,CONTEXT_CONFLICT,108,108,source_section|evidence_quote,MERGE,"Verified against page-1 image. source_section is the exact printed section heading, 'Performance Analysis', which every page prints under the program name and above the table; the trailing '| As of December 31, 2021' is a date and is excluded. A left it blank, and on the context row used the table title instead; subject_type corrected to 'fund' on a row both lanes typed 'investment': the label names a vehicle (L.P., LLC, or a named fund) in a fund schedule carrying Vintage, Strategy and capital-account columns, and a vehicle is 'fund' while 'investment' is a holding inside one. The 'By Investment' column header names the program's relationship to these funds, not what they are, and a whole table of 'investment' is the documented sign the label was not read. Agreement between the lanes does not settle a classification, and SRC063 in this shard types the same kind of object 'fund'; evidence_quote is the full printed line, which proves the value; B quoted the bare figure only.",RESOLVED,A+B+ADJUDICATOR,efccda783490f37c841b4335300e864503edab8861c88ea4aff51b0e1ff3a189
cc116c38d242dde4786b,SRC035,1,PAIR_C4C7C7502F5D55CFADE21701,CONTEXT_CONFLICT,109,109,source_section|evidence_quote,MERGE,"Verified against page-1 image. source_section is the exact printed section heading, 'Performance Analysis', which every page prints under the program name and above the table; the trailing '| As of December 31, 2021' is a date and is excluded. A left it blank, and on the context row used the table title instead; subject_type corrected to 'fund' on a row both lanes typed 'investment': the label names a vehicle (L.P., LLC, or a named fund) in a fund schedule carrying Vintage, Strategy and capital-account columns, and a vehicle is 'fund' while 'investment' is a holding inside one. The 'By Investment' column header names the program's relationship to these funds, not what they are, and a whole table of 'investment' is the documented sign the label was not read. Agreement between the lanes does not settle a classification, and SRC063 in this shard types the same kind of object 'fund'; evidence_quote is the full printed line, which proves the value; B quoted the bare figure only.",RESOLVED,A+B+ADJUDICATOR,efccda783490f37c841b4335300e864503edab8861c88ea4aff51b0e1ff3a189
e587180c095b579f7c53,SRC035,1,PAIR_E193B062AFC3AFDBDFA7201C,CONTEXT_CONFLICT,110,110,source_section|metric_name|evidence_quote,MERGE,"Verified against page-1 image. source_section is the exact printed section heading, 'Performance Analysis', which every page prints under the program name and above the table; the trailing '| As of December 31, 2021' is a date and is excluded. A left it blank, and on the context row used the table title instead; subject_type corrected to 'fund' on a row both lanes typed 'investment': the label names a vehicle (L.P., LLC, or a named fund) in a fund schedule carrying Vintage, Strategy and capital-account columns, and a vehicle is 'fund' while 'investment' is a holding inside one. The 'By Investment' column header names the program's relationship to these funds, not what they are, and a whole table of 'investment' is the documented sign the label was not read. Agreement between the lanes does not settle a classification, and SRC063 in this shard types the same kind of object 'fund'; metric_name is the printed column header in full, 'IRR (%)'; B trimmed the printed qualifier; evidence_quote is the full printed line, which proves the value; B quoted the bare figure only.; Source review: p1: IRR (All report pages were reviewed; no fee-basis statement qualifies this IRR.)",RESOLVED,A+B+ADJUDICATOR,efccda783490f37c841b4335300e864503edab8861c88ea4aff51b0e1ff3a189
0b9c52a10c32a58f2ac0,SRC035,1,PAIR_23F9E4B6E12DFFCF88E94184,CONTEXT_CONFLICT,111,111,source_section|evidence_quote,MERGE,"Verified against page-1 image. source_section is the exact printed section heading, 'Performance Analysis', which every page prints under the program name and above the table; the trailing '| As of December 31, 2021' is a date and is excluded. A left it blank, and on the context row used the table title instead; subject_type corrected to 'fund' on a row both lanes typed 'investment': the label names a vehicle (L.P., LLC, or a named fund) in a fund schedule carrying Vintage, Strategy and capital-account columns, and a vehicle is 'fund' while 'investment' is a holding inside one. The 'By Investment' column header names the program's relationship to these funds, not what they are, and a whole table of 'investment' is the documented sign the label was not read. Agreement between the lanes does not settle a classification, and SRC063 in this shard types the same kind of object 'fund'; evidence_quote is the full printed line, which proves the value; B quoted the bare figure only.; Source review: p1: Oregon Growth Account (The portfolio report distinguishes investor positions from its aggregate rows.) | p1: Oregon Growth Account (Printed heading or definition supporting the source-reviewed qualifier.) | p1: Oregon Growth Account (Supersedes SR2027: the printed entity or table label is context, not a measurement basis; source labels retain its scope.)",RESOLVED,A+B+ADJUDICATOR,efccda783490f37c841b4335300e864503edab8861c88ea4aff51b0e1ff3a189
b07e18a4ff1553b2ff0e,SRC035,1,PAIR_12D5A067A8D6A6A0DC2AACAB,CONTEXT_CONFLICT,112,112,source_section|metric_name|evidence_quote,MERGE,"Verified against page-1 image. source_section is the exact printed section heading, 'Performance Analysis', which every page prints under the program name and above the table; the trailing '| As of December 31, 2021' is a date and is excluded. A left it blank, and on the context row used the table title instead; subject_type corrected to 'fund' on a row both lanes typed 'investment': the label names a vehicle (L.P., LLC, or a named fund) in a fund schedule carrying Vintage, Strategy and capital-account columns, and a vehicle is 'fund' while 'investment' is a holding inside one. The 'By Investment' column header names the program's relationship to these funds, not what they are, and a whole table of 'investment' is the documented sign the label was not read. Agreement between the lanes does not settle a classification, and SRC063 in this shard types the same kind of object 'fund'; metric_name is the printed column header in full, 'TVPI (X)'; B trimmed the printed qualifier; evidence_quote is the full printed line, which proves the value; B quoted the bare figure only.",RESOLVED,A+B+ADJUDICATOR,efccda783490f37c841b4335300e864503edab8861c88ea4aff51b0e1ff3a189
1a3ffedadfdd3819c58a,SRC035,1,PAIR_F4156629C9B1D8A5DA652F5E,CONTEXT_CONFLICT,113,113,source_section|evidence_quote,MERGE,"Verified against page-1 image. source_section is the exact printed section heading, 'Performance Analysis', which every page prints under the program name and above the table; the trailing '| As of December 31, 2021' is a date and is excluded. A left it blank, and on the context row used the table title instead; subject_type corrected to 'fund' on a row both lanes typed 'investment': the label names a vehicle (L.P., LLC, or a named fund) in a fund schedule carrying Vintage, Strategy and capital-account columns, and a vehicle is 'fund' while 'investment' is a holding inside one. The 'By Investment' column header names the program's relationship to these funds, not what they are, and a whole table of 'investment' is the documented sign the label was not read. Agreement between the lanes does not settle a classification, and SRC063 in this shard types the same kind of object 'fund'; evidence_quote is the full printed line, which proves the value; B quoted the bare figure only.",RESOLVED,A+B+ADJUDICATOR,efccda783490f37c841b4335300e864503edab8861c88ea4aff51b0e1ff3a189
b4bb4fcf3acf49566efb,SRC035,1,PAIR_62D79AFF7531B0859CA2F75B,CONTEXT_CONFLICT,114,114,source_section|evidence_quote,MERGE,"Verified against page-1 image. source_section is the exact printed section heading, 'Performance Analysis', which every page prints under the program name and above the table; the trailing '| As of December 31, 2021' is a date and is excluded. A left it blank, and on the context row used the table title instead; subject_type corrected to 'fund' on a row both lanes typed 'investment': the label names a vehicle (L.P., LLC, or a named fund) in a fund schedule carrying Vintage, Strategy and capital-account columns, and a vehicle is 'fund' while 'investment' is a holding inside one. The 'By Investment' column header names the program's relationship to these funds, not what they are, and a whole table of 'investment' is the documented sign the label was not read. Agreement between the lanes does not settle a classification, and SRC063 in this shard types the same kind of object 'fund'; evidence_quote is the full printed line, which proves the value; B quoted the bare figure only.",RESOLVED,A+B+ADJUDICATOR,efccda783490f37c841b4335300e864503edab8861c88ea4aff51b0e1ff3a189
5ebca78f566a3d843027,SRC035,1,PAIR_655BAD6FBF74A3F1D32C197C,CONTEXT_CONFLICT,115,115,source_section|evidence_quote,MERGE,"Verified against page-1 image. source_section is the exact printed section heading, 'Performance Analysis', which every page prints under the program name and above the table; the trailing '| As of December 31, 2021' is a date and is excluded. A left it blank, and on the context row used the table title instead; subject_type corrected to 'fund' on a row both lanes typed 'investment': the label names a vehicle (L.P., LLC, or a named fund) in a fund schedule carrying Vintage, Strategy and capital-account columns, and a vehicle is 'fund' while 'investment' is a holding inside one. The 'By Investment' column header names the program's relationship to these funds, not what they are, and a whole table of 'investment' is the documented sign the label was not read. Agreement between the lanes does not settle a classification, and SRC063 in this shard types the same kind of object 'fund'; evidence_quote is the full printed line, which proves the value; B quoted the bare figure only.",RESOLVED,A+B+ADJUDICATOR,efccda783490f37c841b4335300e864503edab8861c88ea4aff51b0e1ff3a189
32a833b89f49264f6107,SRC035,1,PAIR_2281263EDA479353CF33F8E4,CONTEXT_CONFLICT,116,116,source_section|evidence_quote,MERGE,"Verified against page-1 image. source_section is the exact printed section heading, 'Performance Analysis', which every page prints under the program name and above the table; the trailing '| As of December 31, 2021' is a date and is excluded. A left it blank, and on the context row used the table title instead; subject_type corrected to 'fund' on a row both lanes typed 'investment': the label names a vehicle (L.P., LLC, or a named fund) in a fund schedule carrying Vintage, Strategy and capital-account columns, and a vehicle is 'fund' while 'investment' is a holding inside one. The 'By Investment' column header names the program's relationship to these funds, not what they are, and a whole table of 'investment' is the documented sign the label was not read. Agreement between the lanes does not settle a classification, and SRC063 in this shard types the same kind of object 'fund'; evidence_quote is the full printed line, which proves the value; B quoted the bare figure only.",RESOLVED,A+B+ADJUDICATOR,efccda783490f37c841b4335300e864503edab8861c88ea4aff51b0e1ff3a189
6c17488fa19161bcc5c0,SRC035,1,PAIR_97667398902EF0C540B01E68,CONTEXT_CONFLICT,117,117,source_section|metric_name|evidence_quote,MERGE,"Verified against page-1 image. source_section is the exact printed section heading, 'Performance Analysis', which every page prints under the program name and above the table; the trailing '| As of December 31, 2021' is a date and is excluded. A left it blank, and on the context row used the table title instead; subject_type corrected to 'fund' on a row both lanes typed 'investment': the label names a vehicle (L.P., LLC, or a named fund) in a fund schedule carrying Vintage, Strategy and capital-account columns, and a vehicle is 'fund' while 'investment' is a holding inside one. The 'By Investment' column header names the program's relationship to these funds, not what they are, and a whole table of 'investment' is the documented sign the label was not read. Agreement between the lanes does not settle a classification, and SRC063 in this shard types the same kind of object 'fund'; metric_name is the printed column header in full, 'IRR (%)'; B trimmed the printed qualifier; evidence_quote is the full printed line, which proves the value; B quoted the bare figure only.; Source review: p1: IRR (All report pages were reviewed; no fee-basis statement qualifies this IRR.)",RESOLVED,A+B+ADJUDICATOR,efccda783490f37c841b4335300e864503edab8861c88ea4aff51b0e1ff3a189
d34ff1ae8216d1238664,SRC035,1,PAIR_3722A4BC9117DF68C5AC07F4,CONTEXT_CONFLICT,118,118,source_section|evidence_quote,MERGE,"Verified against page-1 image. source_section is the exact printed section heading, 'Performance Analysis', which every page prints under the program name and above the table; the trailing '| As of December 31, 2021' is a date and is excluded. A left it blank, and on the context row used the table title instead; subject_type corrected to 'fund' on a row both lanes typed 'investment': the label names a vehicle (L.P., LLC, or a named fund) in a fund schedule carrying Vintage, Strategy and capital-account columns, and a vehicle is 'fund' while 'investment' is a holding inside one. The 'By Investment' column header names the program's relationship to these funds, not what they are, and a whole table of 'investment' is the documented sign the label was not read. Agreement between the lanes does not settle a classification, and SRC063 in this shard types the same kind of object 'fund'; evidence_quote is the full printed line, which proves the value; B quoted the bare figure only.; Source review: p1: Oregon Growth Account (The portfolio report distinguishes investor positions from its aggregate rows.) | p1: Oregon Growth Account (Printed heading or definition supporting the source-reviewed qualifier.) | p1: Oregon Growth Account (Supersedes SR2028: the printed entity or table label is context, not a measurement basis; source labels retain its scope.)",RESOLVED,A+B+ADJUDICATOR,efccda783490f37c841b4335300e864503edab8861c88ea4aff51b0e1ff3a189
5c084ac9989a902bdbf9,SRC035,1,PAIR_9E94350F2DAAEE74B2068370,CONTEXT_CONFLICT,119,119,source_section|metric_name|evidence_quote,MERGE,"Verified against page-1 image. source_section is the exact printed section heading, 'Performance Analysis', which every page prints under the program name and above the table; the trailing '| As of December 31, 2021' is a date and is excluded. A left it blank, and on the context row used the table title instead; subject_type corrected to 'fund' on a row both lanes typed 'investment': the label names a vehicle (L.P., LLC, or a named fund) in a fund schedule carrying Vintage, Strategy and capital-account columns, and a vehicle is 'fund' while 'investment' is a holding inside one. The 'By Investment' column header names the program's relationship to these funds, not what they are, and a whole table of 'investment' is the documented sign the label was not read. Agreement between the lanes does not settle a classification, and SRC063 in this shard types the same kind of object 'fund'; metric_name is the printed column header in full, 'TVPI (X)'; B trimmed the printed qualifier; evidence_quote is the full printed line, which proves the value; B quoted the bare figure only.",RESOLVED,A+B+ADJUDICATOR,efccda783490f37c841b4335300e864503edab8861c88ea4aff51b0e1ff3a189
03d769daef1c92f70f1c,SRC035,1,PAIR_A031DB7220531285F9C3ACAD,CONTEXT_CONFLICT,120,120,source_section|evidence_quote,MERGE,"Verified against page-1 image. source_section is the exact printed section heading, 'Performance Analysis', which every page prints under the program name and above the table; the trailing '| As of December 31, 2021' is a date and is excluded. A left it blank, and on the context row used the table title instead; subject_type corrected to 'fund' on a row both lanes typed 'investment': the label names a vehicle (L.P., LLC, or a named fund) in a fund schedule carrying Vintage, Strategy and capital-account columns, and a vehicle is 'fund' while 'investment' is a holding inside one. The 'By Investment' column header names the program's relationship to these funds, not what they are, and a whole table of 'investment' is the documented sign the label was not read. Agreement between the lanes does not settle a classification, and SRC063 in this shard types the same kind of object 'fund'; evidence_quote is the full printed line, which proves the value; B quoted the bare figure only.",RESOLVED,A+B+ADJUDICATOR,efccda783490f37c841b4335300e864503edab8861c88ea4aff51b0e1ff3a189
9cf616353b9c92e52bc2,SRC035,1,PAIR_0EF02A2F9E8D3AA77897AA93,CONTEXT_CONFLICT,121,121,source_section|evidence_quote,MERGE,"Verified against page-1 image. source_section is the exact printed section heading, 'Performance Analysis', which every page prints under the program name and above the table; the trailing '| As of December 31, 2021' is a date and is excluded. A left it blank, and on the context row used the table title instead; subject_type corrected to 'fund' on a row both lanes typed 'investment': the label names a vehicle (L.P., LLC, or a named fund) in a fund schedule carrying Vintage, Strategy and capital-account columns, and a vehicle is 'fund' while 'investment' is a holding inside one. The 'By Investment' column header names the program's relationship to these funds, not what they are, and a whole table of 'investment' is the documented sign the label was not read. Agreement between the lanes does not settle a classification, and SRC063 in this shard types the same kind of object 'fund'; evidence_quote is the full printed line, which proves the value; B quoted the bare figure only.",RESOLVED,A+B+ADJUDICATOR,efccda783490f37c841b4335300e864503edab8861c88ea4aff51b0e1ff3a189
d6796cb4cd211ec65ba3,SRC035,1,PAIR_6FB66ED49CFD82E775F46382,CONTEXT_CONFLICT,122,122,source_section|evidence_quote,MERGE,"Verified against page-1 image. source_section is the exact printed section heading, 'Performance Analysis', which every page prints under the program name and above the table; the trailing '| As of December 31, 2021' is a date and is excluded. A left it blank, and on the context row used the table title instead; subject_type corrected to 'fund' on a row both lanes typed 'investment': the label names a vehicle (L.P., LLC, or a named fund) in a fund schedule carrying Vintage, Strategy and capital-account columns, and a vehicle is 'fund' while 'investment' is a holding inside one. The 'By Investment' column header names the program's relationship to these funds, not what they are, and a whole table of 'investment' is the documented sign the label was not read. Agreement between the lanes does not settle a classification, and SRC063 in this shard types the same kind of object 'fund'; evidence_quote is the full printed line, which proves the value; B quoted the bare figure only.",RESOLVED,A+B+ADJUDICATOR,efccda783490f37c841b4335300e864503edab8861c88ea4aff51b0e1ff3a189
fe3de79d5d6d0d32c7bb,SRC035,1,PAIR_1EB69EF7336CA06A8AAF4248,CONTEXT_CONFLICT,123,123,source_section|evidence_quote,MERGE,"Verified against page-1 image. source_section is the exact printed section heading, 'Performance Analysis', which every page prints under the program name and above the table; the trailing '| As of December 31, 2021' is a date and is excluded. A left it blank, and on the context row used the table title instead; subject_type corrected to 'fund' on a row both lanes typed 'investment': the label names a vehicle (L.P., LLC, or a named fund) in a fund schedule carrying Vintage, Strategy and capital-account columns, and a vehicle is 'fund' while 'investment' is a holding inside one. The 'By Investment' column header names the program's relationship to these funds, not what they are, and a whole table of 'investment' is the documented sign the label was not read. Agreement between the lanes does not settle a classification, and SRC063 in this shard types the same kind of object 'fund'; evidence_quote is the full printed line, which proves the value; B quoted the bare figure only.",RESOLVED,A+B+ADJUDICATOR,efccda783490f37c841b4335300e864503edab8861c88ea4aff51b0e1ff3a189
8eed87a38f6e3407a0a7,SRC035,1,PAIR_282B4A9813432B06343A9D04,CONTEXT_CONFLICT,124,124,source_section|metric_name|evidence_quote,MERGE,"Verified against page-1 image. source_section is the exact printed section heading, 'Performance Analysis', which every page prints under the program name and above the table; the trailing '| As of December 31, 2021' is a date and is excluded. A left it blank, and on the context row used the table title instead; subject_type corrected to 'fund' on a row both lanes typed 'investment': the label names a vehicle (L.P., LLC, or a named fund) in a fund schedule carrying Vintage, Strategy and capital-account columns, and a vehicle is 'fund' while 'investment' is a holding inside one. The 'By Investment' column header names the program's relationship to these funds, not what they are, and a whole table of 'investment' is the documented sign the label was not read. Agreement between the lanes does not settle a classification, and SRC063 in this shard types the same kind of object 'fund'; metric_name is the printed column header in full, 'IRR (%)'; B trimmed the printed qualifier; evidence_quote is the full printed line, which proves the value; B quoted the bare figure only.; Source review: p1: IRR (All report pages were reviewed; no fee-basis statement qualifies this IRR.)",RESOLVED,A+B+ADJUDICATOR,efccda783490f37c841b4335300e864503edab8861c88ea4aff51b0e1ff3a189
2ed140ddcbb3d92077b0,SRC035,1,PAIR_E77720AC38CE951CF16A4C4E,CONTEXT_CONFLICT,125,125,source_section|evidence_quote,MERGE,"Verified against page-1 image. source_section is the exact printed section heading, 'Performance Analysis', which every page prints under the program name and above the table; the trailing '| As of December 31, 2021' is a date and is excluded. A left it blank, and on the context row used the table title instead; subject_type corrected to 'fund' on a row both lanes typed 'investment': the label names a vehicle (L.P., LLC, or a named fund) in a fund schedule carrying Vintage, Strategy and capital-account columns, and a vehicle is 'fund' while 'investment' is a holding inside one. The 'By Investment' column header names the program's relationship to these funds, not what they are, and a whole table of 'investment' is the documented sign the label was not read. Agreement between the lanes does not settle a classification, and SRC063 in this shard types the same kind of object 'fund'; evidence_quote is the full printed line, which proves the value; B quoted the bare figure only.; Source review: p1: Oregon Growth Account (The portfolio report distinguishes investor positions from its aggregate rows.) | p1: Oregon Growth Account (Printed heading or definition supporting the source-reviewed qualifier.) | p1: Oregon Growth Account (Supersedes SR2029: the printed entity or table label is context, not a measurement basis; source labels retain its scope.)",RESOLVED,A+B+ADJUDICATOR,efccda783490f37c841b4335300e864503edab8861c88ea4aff51b0e1ff3a189
2620246cd19dd6abd40f,SRC035,1,PAIR_D24B9016A581F9186671758C,CONTEXT_CONFLICT,126,126,source_section|metric_name|evidence_quote,MERGE,"Verified against page-1 image. source_section is the exact printed section heading, 'Performance Analysis', which every page prints under the program name and above the table; the trailing '| As of December 31, 2021' is a date and is excluded. A left it blank, and on the context row used the table title instead; subject_type corrected to 'fund' on a row both lanes typed 'investment': the label names a vehicle (L.P., LLC, or a named fund) in a fund schedule carrying Vintage, Strategy and capital-account columns, and a vehicle is 'fund' while 'investment' is a holding inside one. The 'By Investment' column header names the program's relationship to these funds, not what they are, and a whole table of 'investment' is the documented sign the label was not read. Agreement between the lanes does not settle a classification, and SRC063 in this shard types the same kind of object 'fund'; metric_name is the printed column header in full, 'TVPI (X)'; B trimmed the printed qualifier; evidence_quote is the full printed line, which proves the value; B quoted the bare figure only.",RESOLVED,A+B+ADJUDICATOR,efccda783490f37c841b4335300e864503edab8861c88ea4aff51b0e1ff3a189
2f1bfced52413fcb4652,SRC035,1,PAIR_CA906CBD8571097AA021E474,CONTEXT_CONFLICT,127,127,source_section|evidence_quote,MERGE,"Verified against page-1 image. source_section is the exact printed section heading, 'Performance Analysis', which every page prints under the program name and above the table; the trailing '| As of December 31, 2021' is a date and is excluded. A left it blank, and on the context row used the table title instead; subject_type corrected to 'fund' on a row both lanes typed 'investment': the label names a vehicle (L.P., LLC, or a named fund) in a fund schedule carrying Vintage, Strategy and capital-account columns, and a vehicle is 'fund' while 'investment' is a holding inside one. The 'By Investment' column header names the program's relationship to these funds, not what they are, and a whole table of 'investment' is the documented sign the label was not read. Agreement between the lanes does not settle a classification, and SRC063 in this shard types the same kind of object 'fund'; evidence_quote is the full printed line, which proves the value; B quoted the bare figure only.",RESOLVED,A+B+ADJUDICATOR,efccda783490f37c841b4335300e864503edab8861c88ea4aff51b0e1ff3a189
05270cbda4d2ab458db3,SRC035,1,PAIR_EF867F7493BE8F103BDADD3B,CONTEXT_CONFLICT,128,128,source_section|evidence_quote,MERGE,"Verified against page-1 image. source_section is the exact printed section heading, 'Performance Analysis', which every page prints under the program name and above the table; the trailing '| As of December 31, 2021' is a date and is excluded. A left it blank, and on the context row used the table title instead; subject_type corrected to 'fund' on a row both lanes typed 'investment': the label names a vehicle (L.P., LLC, or a named fund) in a fund schedule carrying Vintage, Strategy and capital-account columns, and a vehicle is 'fund' while 'investment' is a holding inside one. The 'By Investment' column header names the program's relationship to these funds, not what they are, and a whole table of 'investment' is the documented sign the label was not read. Agreement between the lanes does not settle a classification, and SRC063 in this shard types the same kind of object 'fund'; evidence_quote is the full printed line, which proves the value; B quoted the bare figure only.",RESOLVED,A+B+ADJUDICATOR,efccda783490f37c841b4335300e864503edab8861c88ea4aff51b0e1ff3a189
13fd6909379c608ec62e,SRC035,1,PAIR_698E82CAB9C8CFD5FFD28991,CONTEXT_CONFLICT,129,129,source_section|evidence_quote,MERGE,"Verified against page-1 image. source_section is the exact printed section heading, 'Performance Analysis', which every page prints under the program name and above the table; the trailing '| As of December 31, 2021' is a date and is excluded. A left it blank, and on the context row used the table title instead; subject_type corrected to 'fund' on a row both lanes typed 'investment': the label names a vehicle (L.P., LLC, or a named fund) in a fund schedule carrying Vintage, Strategy and capital-account columns, and a vehicle is 'fund' while 'investment' is a holding inside one. The 'By Investment' column header names the program's relationship to these funds, not what they are, and a whole table of 'investment' is the documented sign the label was not read. Agreement between the lanes does not settle a classification, and SRC063 in this shard types the same kind of object 'fund'; evidence_quote is the full printed line, which proves the value; B quoted the bare figure only.",RESOLVED,A+B+ADJUDICATOR,efccda783490f37c841b4335300e864503edab8861c88ea4aff51b0e1ff3a189
85fd66e3d331389a6bdf,SRC035,1,PAIR_1A0616C02E5073CA3B6C7A0D,CONTEXT_CONFLICT,130,130,source_section|evidence_quote,MERGE,"Verified against page-1 image. source_section is the exact printed section heading, 'Performance Analysis', which every page prints under the program name and above the table; the trailing '| As of December 31, 2021' is a date and is excluded. A left it blank, and on the context row used the table title instead; subject_type corrected to 'fund' on a row both lanes typed 'investment': the label names a vehicle (L.P., LLC, or a named fund) in a fund schedule carrying Vintage, Strategy and capital-account columns, and a vehicle is 'fund' while 'investment' is a holding inside one. The 'By Investment' column header names the program's relationship to these funds, not what they are, and a whole table of 'investment' is the documented sign the label was not read. Agreement between the lanes does not settle a classification, and SRC063 in this shard types the same kind of object 'fund'; evidence_quote is the full printed line, which proves the value; B quoted the bare figure only.",RESOLVED,A+B+ADJUDICATOR,efccda783490f37c841b4335300e864503edab8861c88ea4aff51b0e1ff3a189
b741989b3a4a6b8e0d01,SRC035,1,PAIR_3BAFF84BE2FC3AFC78B01A1D,CONTEXT_CONFLICT,131,131,source_section|evidence_quote,MERGE,"Verified against page-1 image. source_section is the exact printed section heading, 'Performance Analysis', which every page prints under the program name and above the table; the trailing '| As of December 31, 2021' is a date and is excluded. A left it blank, and on the context row used the table title instead; subject_type corrected to 'fund' on a row both lanes typed 'investment': the label names a vehicle (L.P., LLC, or a named fund) in a fund schedule carrying Vintage, Strategy and capital-account columns, and a vehicle is 'fund' while 'investment' is a holding inside one. The 'By Investment' column header names the program's relationship to these funds, not what they are, and a whole table of 'investment' is the documented sign the label was not read. Agreement between the lanes does not settle a classification, and SRC063 in this shard types the same kind of object 'fund'; evidence_quote is the full printed line, which proves the value; B quoted the bare figure only.; Source review: p1: Oregon Growth Account (The portfolio report distinguishes investor positions from its aggregate rows.) | p1: Oregon Growth Account (Printed heading or definition supporting the source-reviewed qualifier.) | p1: Oregon Growth Account (Supersedes SR2030: the printed entity or table label is context, not a measurement basis; source labels retain its scope.)",RESOLVED,A+B+ADJUDICATOR,efccda783490f37c841b4335300e864503edab8861c88ea4aff51b0e1ff3a189
11f7c1404e9815d8c372,SRC035,1,PAIR_8EF32EA4F56A572B19C49BEB,CONTEXT_CONFLICT,132,132,source_section|metric_name|evidence_quote,MERGE,"Verified against page-1 image. source_section is the exact printed section heading, 'Performance Analysis', which every page prints under the program name and above the table; the trailing '| As of December 31, 2021' is a date and is excluded. A left it blank, and on the context row used the table title instead; subject_type corrected to 'fund' on a row both lanes typed 'investment': the label names a vehicle (L.P., LLC, or a named fund) in a fund schedule carrying Vintage, Strategy and capital-account columns, and a vehicle is 'fund' while 'investment' is a holding inside one. The 'By Investment' column header names the program's relationship to these funds, not what they are, and a whole table of 'investment' is the documented sign the label was not read. Agreement between the lanes does not settle a classification, and SRC063 in this shard types the same kind of object 'fund'; metric_name is the printed column header in full, 'TVPI (X)'; B trimmed the printed qualifier; evidence_quote is the full printed line, which proves the value; B quoted the bare figure only.",RESOLVED,A+B+ADJUDICATOR,efccda783490f37c841b4335300e864503edab8861c88ea4aff51b0e1ff3a189
e0c3a53e5fe86fac5b50,SRC035,1,PAIR_FC0491BCA5476F21C073F082,CONTEXT_CONFLICT,133,133,source_section|evidence_quote,MERGE,"Verified against page-1 image. source_section is the exact printed section heading, 'Performance Analysis', which every page prints under the program name and above the table; the trailing '| As of December 31, 2021' is a date and is excluded. A left it blank, and on the context row used the table title instead; subject_type corrected to 'fund' on a row both lanes typed 'investment': the label names a vehicle (L.P., LLC, or a named fund) in a fund schedule carrying Vintage, Strategy and capital-account columns, and a vehicle is 'fund' while 'investment' is a holding inside one. The 'By Investment' column header names the program's relationship to these funds, not what they are, and a whole table of 'investment' is the documented sign the label was not read. Agreement between the lanes does not settle a classification, and SRC063 in this shard types the same kind of object 'fund'; evidence_quote is the full printed line, which proves the value; B quoted the bare figure only.",RESOLVED,A+B+ADJUDICATOR,efccda783490f37c841b4335300e864503edab8861c88ea4aff51b0e1ff3a189
55fd3a8285920049599b,SRC035,1,PAIR_7F2192B2832397705D3A4EE5,CONTEXT_CONFLICT,134,134,source_section|evidence_quote,MERGE,"Verified against page-1 image. source_section is the exact printed section heading, 'Performance Analysis', which every page prints under the program name and above the table; the trailing '| As of December 31, 2021' is a date and is excluded. A left it blank, and on the context row used the table title instead; subject_type corrected to 'fund' on a row both lanes typed 'investment': the label names a vehicle (L.P., LLC, or a named fund) in a fund schedule carrying Vintage, Strategy and capital-account columns, and a vehicle is 'fund' while 'investment' is a holding inside one. The 'By Investment' column header names the program's relationship to these funds, not what they are, and a whole table of 'investment' is the documented sign the label was not read. Agreement between the lanes does not settle a classification, and SRC063 in this shard types the same kind of object 'fund'; evidence_quote is the full printed line, which proves the value; B quoted the bare figure only.",RESOLVED,A+B+ADJUDICATOR,efccda783490f37c841b4335300e864503edab8861c88ea4aff51b0e1ff3a189
a2fb7e0ff477d3d750c3,SRC035,1,PAIR_481B5319ACB5B6D0788EEA93,CONTEXT_CONFLICT,135,135,source_section|evidence_quote,MERGE,"Verified against page-1 image. source_section is the exact printed section heading, 'Performance Analysis', which every page prints under the program name and above the table; the trailing '| As of December 31, 2021' is a date and is excluded. A left it blank, and on the context row used the table title instead; subject_type corrected to 'fund' on a row both lanes typed 'investment': the label names a vehicle (L.P., LLC, or a named fund) in a fund schedule carrying Vintage, Strategy and capital-account columns, and a vehicle is 'fund' while 'investment' is a holding inside one. The 'By Investment' column header names the program's relationship to these funds, not what they are, and a whole table of 'investment' is the documented sign the label was not read. Agreement between the lanes does not settle a classification, and SRC063 in this shard types the same kind of object 'fund'; evidence_quote is the full printed line, which proves the value; B quoted the bare figure only.",RESOLVED,A+B+ADJUDICATOR,efccda783490f37c841b4335300e864503edab8861c88ea4aff51b0e1ff3a189
afc5305831c8de60976e,SRC035,1,PAIR_80E56241B3D123C3653F49EB,CONTEXT_CONFLICT,136,136,source_section|evidence_quote,MERGE,"Verified against page-1 image. source_section is the exact printed section heading, 'Performance Analysis', which every page prints under the program name and above the table; the trailing '| As of December 31, 2021' is a date and is excluded. A left it blank, and on the context row used the table title instead; subject_type corrected to 'fund' on a row both lanes typed 'investment': the label names a vehicle (L.P., LLC, or a named fund) in a fund schedule carrying Vintage, Strategy and capital-account columns, and a vehicle is 'fund' while 'investment' is a holding inside one. The 'By Investment' column header names the program's relationship to these funds, not what they are, and a whole table of 'investment' is the documented sign the label was not read. Agreement between the lanes does not settle a classification, and SRC063 in this shard types the same kind of object 'fund'; evidence_quote is the full printed line, which proves the value; B quoted the bare figure only.",RESOLVED,A+B+ADJUDICATOR,efccda783490f37c841b4335300e864503edab8861c88ea4aff51b0e1ff3a189
b6730193fb340985089c,SRC035,1,PAIR_0798E6743AFFD7CFC0A27149,CONTEXT_CONFLICT,137,137,source_section|evidence_quote,MERGE,"Verified against page-1 image. source_section is the exact printed section heading, 'Performance Analysis', which every page prints under the program name and above the table; the trailing '| As of December 31, 2021' is a date and is excluded. A left it blank, and on the context row used the table title instead; subject_type corrected to 'fund' on a row both lanes typed 'investment': the label names a vehicle (L.P., LLC, or a named fund) in a fund schedule carrying Vintage, Strategy and capital-account columns, and a vehicle is 'fund' while 'investment' is a holding inside one. The 'By Investment' column header names the program's relationship to these funds, not what they are, and a whole table of 'investment' is the documented sign the label was not read. Agreement between the lanes does not settle a classification, and SRC063 in this shard types the same kind of object 'fund'; evidence_quote is the full printed line, which proves the value; B quoted the bare figure only.; Source review: p1: Oregon Growth Account (The portfolio report distinguishes investor positions from its aggregate rows.) | p1: Oregon Growth Account (Printed heading or definition supporting the source-reviewed qualifier.) | p1: Oregon Growth Account (Supersedes SR2031: the printed entity or table label is context, not a measurement basis; source labels retain its scope.)",RESOLVED,A+B+ADJUDICATOR,efccda783490f37c841b4335300e864503edab8861c88ea4aff51b0e1ff3a189
4e5fb6e25da3a992d6da,SRC035,1,PAIR_AD381F3E208B62AA750B61E3,CONTEXT_CONFLICT,138,138,source_section|metric_name|evidence_quote,MERGE,"Verified against page-1 image. source_section is the exact printed section heading, 'Performance Analysis', which every page prints under the program name and above the table; the trailing '| As of December 31, 2021' is a date and is excluded. A left it blank, and on the context row used the table title instead; subject_type corrected to 'fund' on a row both lanes typed 'investment': the label names a vehicle (L.P., LLC, or a named fund) in a fund schedule carrying Vintage, Strategy and capital-account columns, and a vehicle is 'fund' while 'investment' is a holding inside one. The 'By Investment' column header names the program's relationship to these funds, not what they are, and a whole table of 'investment' is the documented sign the label was not read. Agreement between the lanes does not settle a classification, and SRC063 in this shard types the same kind of object 'fund'; metric_name is the printed column header in full, 'TVPI (X)'; B trimmed the printed qualifier; evidence_quote is the full printed line, which proves the value; B quoted the bare figure only.",RESOLVED,A+B+ADJUDICATOR,efccda783490f37c841b4335300e864503edab8861c88ea4aff51b0e1ff3a189
4a5969c60e2c450e9af0,SRC035,1,PAIR_409810F3106C536B08E83A77,CONTEXT_CONFLICT,139,139,source_section|evidence_quote,MERGE,"Verified against page-1 image. source_section is the exact printed section heading, 'Performance Analysis', which every page prints under the program name and above the table; the trailing '| As of December 31, 2021' is a date and is excluded. A left it blank, and on the context row used the table title instead; subject_type corrected to 'fund' on a row both lanes typed 'investment': the label names a vehicle (L.P., LLC, or a named fund) in a fund schedule carrying Vintage, Strategy and capital-account columns, and a vehicle is 'fund' while 'investment' is a holding inside one. The 'By Investment' column header names the program's relationship to these funds, not what they are, and a whole table of 'investment' is the documented sign the label was not read. Agreement between the lanes does not settle a classification, and SRC063 in this shard types the same kind of object 'fund'; evidence_quote is the full printed line, which proves the value; B quoted the bare figure only.",RESOLVED,A+B+ADJUDICATOR,efccda783490f37c841b4335300e864503edab8861c88ea4aff51b0e1ff3a189
62d62bc8006571b9a44e,SRC035,1,PAIR_229916172F1F85946315C30E,CONTEXT_CONFLICT,140,140,source_section|evidence_quote,MERGE,"Verified against page-1 image. source_section is the exact printed section heading, 'Performance Analysis', which every page prints under the program name and above the table; the trailing '| As of December 31, 2021' is a date and is excluded. A left it blank, and on the context row used the table title instead; subject_type corrected to 'fund' on a row both lanes typed 'investment': the label names a vehicle (L.P., LLC, or a named fund) in a fund schedule carrying Vintage, Strategy and capital-account columns, and a vehicle is 'fund' while 'investment' is a holding inside one. The 'By Investment' column header names the program's relationship to these funds, not what they are, and a whole table of 'investment' is the documented sign the label was not read. Agreement between the lanes does not settle a classification, and SRC063 in this shard types the same kind of object 'fund'; evidence_quote is the full printed line, which proves the value; B quoted the bare figure only.",RESOLVED,A+B+ADJUDICATOR,efccda783490f37c841b4335300e864503edab8861c88ea4aff51b0e1ff3a189
4b3fa7920ace52b74b37,SRC035,1,PAIR_2E9FBC695EFBA76FDCF23003,CONTEXT_CONFLICT,141,141,source_section|evidence_quote,MERGE,"Verified against page-1 image. source_section is the exact printed section heading, 'Performance Analysis', which every page prints under the program name and above the table; the trailing '| As of December 31, 2021' is a date and is excluded. A left it blank, and on the context row used the table title instead; subject_type corrected to 'fund' on a row both lanes typed 'investment': the label names a vehicle (L.P., LLC, or a named fund) in a fund schedule carrying Vintage, Strategy and capital-account columns, and a vehicle is 'fund' while 'investment' is a holding inside one. The 'By Investment' column header names the program's relationship to these funds, not what they are, and a whole table of 'investment' is the documented sign the label was not read. Agreement between the lanes does not settle a classification, and SRC063 in this shard types the same kind of object 'fund'; evidence_quote is the full printed line, which proves the value; B quoted the bare figure only.",RESOLVED,A+B+ADJUDICATOR,efccda783490f37c841b4335300e864503edab8861c88ea4aff51b0e1ff3a189
4631dee6f5e0b260a07e,SRC035,1,PAIR_DF2FDADD49F5383C67E7201D,CONTEXT_CONFLICT,142,142,source_section|evidence_quote,MERGE,"Verified against page-1 image. source_section is the exact printed section heading, 'Performance Analysis', which every page prints under the program name and above the table; the trailing '| As of December 31, 2021' is a date and is excluded. A left it blank, and on the context row used the table title instead; subject_type corrected to 'fund' on a row both lanes typed 'investment': the label names a vehicle (L.P., LLC, or a named fund) in a fund schedule carrying Vintage, Strategy and capital-account columns, and a vehicle is 'fund' while 'investment' is a holding inside one. The 'By Investment' column header names the program's relationship to these funds, not what they are, and a whole table of 'investment' is the documented sign the label was not read. Agreement between the lanes does not settle a classification, and SRC063 in this shard types the same kind of object 'fund'; evidence_quote is the full printed line, which proves the value; B quoted the bare figure only.",RESOLVED,A+B+ADJUDICATOR,efccda783490f37c841b4335300e864503edab8861c88ea4aff51b0e1ff3a189
fe5ecd987e61f7e03831,SRC035,1,PAIR_C15BC810304D5ED7FDA798B2,CONTEXT_CONFLICT,143,143,source_section|metric_name|evidence_quote,MERGE,"Verified against page-1 image. source_section is the exact printed section heading, 'Performance Analysis', which every page prints under the program name and above the table; the trailing '| As of December 31, 2021' is a date and is excluded. A left it blank, and on the context row used the table title instead; subject_type corrected to 'fund' on a row both lanes typed 'investment': the label names a vehicle (L.P., LLC, or a named fund) in a fund schedule carrying Vintage, Strategy and capital-account columns, and a vehicle is 'fund' while 'investment' is a holding inside one. The 'By Investment' column header names the program's relationship to these funds, not what they are, and a whole table of 'investment' is the documented sign the label was not read. Agreement between the lanes does not settle a classification, and SRC063 in this shard types the same kind of object 'fund'; metric_name is the printed column header in full, 'IRR (%)'; B trimmed the printed qualifier; evidence_quote is the full printed line, which proves the value; B quoted the bare figure only.; Source review: p1: IRR (All report pages were reviewed; no fee-basis statement qualifies this IRR.)",RESOLVED,A+B+ADJUDICATOR,efccda783490f37c841b4335300e864503edab8861c88ea4aff51b0e1ff3a189
8a595c7a8e164ee9bdb6,SRC035,1,PAIR_24FA75E4C8B52B7A262E4CF5,CONTEXT_CONFLICT,144,144,source_section|evidence_quote,MERGE,"Verified against page-1 image. source_section is the exact printed section heading, 'Performance Analysis', which every page prints under the program name and above the table; the trailing '| As of December 31, 2021' is a date and is excluded. A left it blank, and on the context row used the table title instead; subject_type corrected to 'fund' on a row both lanes typed 'investment': the label names a vehicle (L.P., LLC, or a named fund) in a fund schedule carrying Vintage, Strategy and capital-account columns, and a vehicle is 'fund' while 'investment' is a holding inside one. The 'By Investment' column header names the program's relationship to these funds, not what they are, and a whole table of 'investment' is the documented sign the label was not read. Agreement between the lanes does not settle a classification, and SRC063 in this shard types the same kind of object 'fund'; evidence_quote is the full printed line, which proves the value; B quoted the bare figure only.; Source review: p1: Oregon Growth Account (The portfolio report distinguishes investor positions from its aggregate rows.) | p1: Oregon Growth Account (Printed heading or definition supporting the source-reviewed qualifier.) | p1: Oregon Growth Account (Supersedes SR2032: the printed entity or table label is context, not a measurement basis; source labels retain its scope.)",RESOLVED,A+B+ADJUDICATOR,efccda783490f37c841b4335300e864503edab8861c88ea4aff51b0e1ff3a189
e1a8cf0b3e1a09a1a896,SRC035,1,PAIR_FD49BF0C15C2A04C34F35D20,CONTEXT_CONFLICT,145,145,source_section|metric_name|evidence_quote,MERGE,"Verified against page-1 image. source_section is the exact printed section heading, 'Performance Analysis', which every page prints under the program name and above the table; the trailing '| As of December 31, 2021' is a date and is excluded. A left it blank, and on the context row used the table title instead; subject_type corrected to 'fund' on a row both lanes typed 'investment': the label names a vehicle (L.P., LLC, or a named fund) in a fund schedule carrying Vintage, Strategy and capital-account columns, and a vehicle is 'fund' while 'investment' is a holding inside one. The 'By Investment' column header names the program's relationship to these funds, not what they are, and a whole table of 'investment' is the documented sign the label was not read. Agreement between the lanes does not settle a classification, and SRC063 in this shard types the same kind of object 'fund'; metric_name is the printed column header in full, 'TVPI (X)'; B trimmed the printed qualifier; evidence_quote is the full printed line, which proves the value; B quoted the bare figure only.",RESOLVED,A+B+ADJUDICATOR,efccda783490f37c841b4335300e864503edab8861c88ea4aff51b0e1ff3a189
943a02702c581a383f42,SRC035,1,PAIR_C04D1B8A2E74301D0687BD76,CONTEXT_CONFLICT,146,146,source_section|evidence_quote,MERGE,"Verified against page-1 image. source_section is the exact printed section heading, 'Performance Analysis', which every page prints under the program name and above the table; the trailing '| As of December 31, 2021' is a date and is excluded. A left it blank, and on the context row used the table title instead; subject_type corrected to 'fund' on a row both lanes typed 'investment': the label names a vehicle (L.P., LLC, or a named fund) in a fund schedule carrying Vintage, Strategy and capital-account columns, and a vehicle is 'fund' while 'investment' is a holding inside one. The 'By Investment' column header names the program's relationship to these funds, not what they are, and a whole table of 'investment' is the documented sign the label was not read. Agreement between the lanes does not settle a classification, and SRC063 in this shard types the same kind of object 'fund'; evidence_quote is the full printed line, which proves the value; B quoted the bare figure only.",RESOLVED,A+B+ADJUDICATOR,efccda783490f37c841b4335300e864503edab8861c88ea4aff51b0e1ff3a189
a23b4121054cfd16bf77,SRC035,1,PAIR_8A1ED63CDD39A36D0BCE6BD2,CONTEXT_CONFLICT,147,147,source_section|evidence_quote,MERGE,"Verified against page-1 image. source_section is the exact printed section heading, 'Performance Analysis', which every page prints under the program name and above the table; the trailing '| As of December 31, 2021' is a date and is excluded. A left it blank, and on the context row used the table title instead; subject_type corrected to 'fund' on a row both lanes typed 'investment': the label names a vehicle (L.P., LLC, or a named fund) in a fund schedule carrying Vintage, Strategy and capital-account columns, and a vehicle is 'fund' while 'investment' is a holding inside one. The 'By Investment' column header names the program's relationship to these funds, not what they are, and a whole table of 'investment' is the documented sign the label was not read. Agreement between the lanes does not settle a classification, and SRC063 in this shard types the same kind of object 'fund'; evidence_quote is the full printed line, which proves the value; B quoted the bare figure only.",RESOLVED,A+B+ADJUDICATOR,efccda783490f37c841b4335300e864503edab8861c88ea4aff51b0e1ff3a189
17a321b3ea44df6ef021,SRC035,1,PAIR_1E5068206999F0CAB585F1B4,CONTEXT_CONFLICT,148,148,source_section|evidence_quote,MERGE,"Verified against page-1 image. source_section is the exact printed section heading, 'Performance Analysis', which every page prints under the program name and above the table; the trailing '| As of December 31, 2021' is a date and is excluded. A left it blank, and on the context row used the table title instead; subject_type corrected to 'fund' on a row both lanes typed 'investment': the label names a vehicle (L.P., LLC, or a named fund) in a fund schedule carrying Vintage, Strategy and capital-account columns, and a vehicle is 'fund' while 'investment' is a holding inside one. The 'By Investment' column header names the program's relationship to these funds, not what they are, and a whole table of 'investment' is the documented sign the label was not read. Agreement between the lanes does not settle a classification, and SRC063 in this shard types the same kind of object 'fund'; evidence_quote is the full printed line, which proves the value; B quoted the bare figure only.",RESOLVED,A+B+ADJUDICATOR,efccda783490f37c841b4335300e864503edab8861c88ea4aff51b0e1ff3a189
5abddb9df4fdf26af404,SRC035,1,PAIR_499400181E6193628B522A0E,CONTEXT_CONFLICT,149,149,source_section|evidence_quote,MERGE,"Verified against page-1 image. source_section is the exact printed section heading, 'Performance Analysis', which every page prints under the program name and above the table; the trailing '| As of December 31, 2021' is a date and is excluded. A left it blank, and on the context row used the table title instead; subject_type corrected to 'fund' on a row both lanes typed 'investment': the label names a vehicle (L.P., LLC, or a named fund) in a fund schedule carrying Vintage, Strategy and capital-account columns, and a vehicle is 'fund' while 'investment' is a holding inside one. The 'By Investment' column header names the program's relationship to these funds, not what they are, and a whole table of 'investment' is the documented sign the label was not read. Agreement between the lanes does not settle a classification, and SRC063 in this shard types the same kind of object 'fund'; evidence_quote is the full printed line, which proves the value; B quoted the bare figure only.",RESOLVED,A+B+ADJUDICATOR,efccda783490f37c841b4335300e864503edab8861c88ea4aff51b0e1ff3a189
6fa29629c86f07be4e6b,SRC035,1,PAIR_F08324F975CFDB3F15FBF12C,CONTEXT_CONFLICT,150,150,source_section|metric_name|evidence_quote,MERGE,"Verified against page-1 image. source_section is the exact printed section heading, 'Performance Analysis', which every page prints under the program name and above the table; the trailing '| As of December 31, 2021' is a date and is excluded. A left it blank, and on the context row used the table title instead; subject_type corrected to 'fund' on a row both lanes typed 'investment': the label names a vehicle (L.P., LLC, or a named fund) in a fund schedule carrying Vintage, Strategy and capital-account columns, and a vehicle is 'fund' while 'investment' is a holding inside one. The 'By Investment' column header names the program's relationship to these funds, not what they are, and a whole table of 'investment' is the documented sign the label was not read. Agreement between the lanes does not settle a classification, and SRC063 in this shard types the same kind of object 'fund'; metric_name is the printed column header in full, 'IRR (%)'; B trimmed the printed qualifier; evidence_quote is the full printed line, which proves the value; B quoted the bare figure only.; Source review: p1: IRR (All report pages were reviewed; no fee-basis statement qualifies this IRR.)",RESOLVED,A+B+ADJUDICATOR,efccda783490f37c841b4335300e864503edab8861c88ea4aff51b0e1ff3a189
e54ea734674c95eacde4,SRC035,1,PAIR_EC3F1BBBCB3AEC3892BF022F,CONTEXT_CONFLICT,151,151,source_section|evidence_quote,MERGE,"Verified against page-1 image. source_section is the exact printed section heading, 'Performance Analysis', which every page prints under the program name and above the table; the trailing '| As of December 31, 2021' is a date and is excluded. A left it blank, and on the context row used the table title instead; subject_type corrected to 'fund' on a row both lanes typed 'investment': the label names a vehicle (L.P., LLC, or a named fund) in a fund schedule carrying Vintage, Strategy and capital-account columns, and a vehicle is 'fund' while 'investment' is a holding inside one. The 'By Investment' column header names the program's relationship to these funds, not what they are, and a whole table of 'investment' is the documented sign the label was not read. Agreement between the lanes does not settle a classification, and SRC063 in this shard types the same kind of object 'fund'; evidence_quote is the full printed line, which proves the value; B quoted the bare figure only.; Source review: p1: Oregon Growth Account (The portfolio report distinguishes investor positions from its aggregate rows.) | p1: Oregon Growth Account (Printed heading or definition supporting the source-reviewed qualifier.) | p1: Oregon Growth Account (Supersedes SR2033: the printed entity or table label is context, not a measurement basis; source labels retain its scope.)",RESOLVED,A+B+ADJUDICATOR,efccda783490f37c841b4335300e864503edab8861c88ea4aff51b0e1ff3a189
afb3f67bd1d86aa1e5e4,SRC035,1,PAIR_AFEFD17AFB0DBD51447E3388,CONTEXT_CONFLICT,152,152,source_section|metric_name|evidence_quote,MERGE,"Verified against page-1 image. source_section is the exact printed section heading, 'Performance Analysis', which every page prints under the program name and above the table; the trailing '| As of December 31, 2021' is a date and is excluded. A left it blank, and on the context row used the table title instead; subject_type corrected to 'fund' on a row both lanes typed 'investment': the label names a vehicle (L.P., LLC, or a named fund) in a fund schedule carrying Vintage, Strategy and capital-account columns, and a vehicle is 'fund' while 'investment' is a holding inside one. The 'By Investment' column header names the program's relationship to these funds, not what they are, and a whole table of 'investment' is the documented sign the label was not read. Agreement between the lanes does not settle a classification, and SRC063 in this shard types the same kind of object 'fund'; metric_name is the printed column header in full, 'TVPI (X)'; B trimmed the printed qualifier; evidence_quote is the full printed line, which proves the value; B quoted the bare figure only.",RESOLVED,A+B+ADJUDICATOR,efccda783490f37c841b4335300e864503edab8861c88ea4aff51b0e1ff3a189
0cedc495991b9abd2a90,SRC035,1,PAIR_D30795BC8F2A7B8B22B4051D,CONTEXT_CONFLICT,153,153,source_section|evidence_quote,MERGE,"Verified against page-1 image. source_section is the exact printed section heading, 'Performance Analysis', which every page prints under the program name and above the table; the trailing '| As of December 31, 2021' is a date and is excluded. A left it blank, and on the context row used the table title instead; subject_type corrected to 'fund' on a row both lanes typed 'investment': the label names a vehicle (L.P., LLC, or a named fund) in a fund schedule carrying Vintage, Strategy and capital-account columns, and a vehicle is 'fund' while 'investment' is a holding inside one. The 'By Investment' column header names the program's relationship to these funds, not what they are, and a whole table of 'investment' is the documented sign the label was not read. Agreement between the lanes does not settle a classification, and SRC063 in this shard types the same kind of object 'fund'; evidence_quote is the full printed line, which proves the value; B quoted the bare figure only.",RESOLVED,A+B+ADJUDICATOR,efccda783490f37c841b4335300e864503edab8861c88ea4aff51b0e1ff3a189
e94abb1635f4bd5894d5,SRC035,1,PAIR_EA022325DFA8C9148BAD46E1,CONTEXT_CONFLICT,154,154,source_section|evidence_quote,MERGE,"Verified against page-1 image. source_section is the exact printed section heading, 'Performance Analysis', which every page prints under the program name and above the table; the trailing '| As of December 31, 2021' is a date and is excluded. A left it blank, and on the context row used the table title instead; subject_type corrected to 'fund' on a row both lanes typed 'investment': the label names a vehicle (L.P., LLC, or a named fund) in a fund schedule carrying Vintage, Strategy and capital-account columns, and a vehicle is 'fund' while 'investment' is a holding inside one. The 'By Investment' column header names the program's relationship to these funds, not what they are, and a whole table of 'investment' is the documented sign the label was not read. Agreement between the lanes does not settle a classification, and SRC063 in this shard types the same kind of object 'fund'; evidence_quote is the full printed line, which proves the value; B quoted the bare figure only.",RESOLVED,A+B+ADJUDICATOR,efccda783490f37c841b4335300e864503edab8861c88ea4aff51b0e1ff3a189
7d1c0ec74bcb8beadcba,SRC035,1,PAIR_4C2928EF1FDCDEEB7A93575B,CONTEXT_CONFLICT,155,155,source_section|evidence_quote,MERGE,"Verified against page-1 image. source_section is the exact printed section heading, 'Performance Analysis', which every page prints under the program name and above the table; the trailing '| As of December 31, 2021' is a date and is excluded. A left it blank, and on the context row used the table title instead; subject_type corrected to 'fund' on a row both lanes typed 'investment': the label names a vehicle (L.P., LLC, or a named fund) in a fund schedule carrying Vintage, Strategy and capital-account columns, and a vehicle is 'fund' while 'investment' is a holding inside one. The 'By Investment' column header names the program's relationship to these funds, not what they are, and a whole table of 'investment' is the documented sign the label was not read. Agreement between the lanes does not settle a classification, and SRC063 in this shard types the same kind of object 'fund'; evidence_quote is the full printed line, which proves the value; B quoted the bare figure only.",RESOLVED,A+B+ADJUDICATOR,efccda783490f37c841b4335300e864503edab8861c88ea4aff51b0e1ff3a189
e04ac4b08768e5ee511b,SRC035,1,PAIR_CD35FAA4B914CABD99F00E33,CONTEXT_CONFLICT,156,156,source_section|evidence_quote,MERGE,"Verified against page-1 image. source_section is the exact printed section heading, 'Performance Analysis', which every page prints under the program name and above the table; the trailing '| As of December 31, 2021' is a date and is excluded. A left it blank, and on the context row used the table title instead; subject_type corrected to 'fund' on a row both lanes typed 'investment': the label names a vehicle (L.P., LLC, or a named fund) in a fund schedule carrying Vintage, Strategy and capital-account columns, and a vehicle is 'fund' while 'investment' is a holding inside one. The 'By Investment' column header names the program's relationship to these funds, not what they are, and a whole table of 'investment' is the documented sign the label was not read. Agreement between the lanes does not settle a classification, and SRC063 in this shard types the same kind of object 'fund'; evidence_quote is the full printed line, which proves the value; B quoted the bare figure only.",RESOLVED,A+B+ADJUDICATOR,efccda783490f37c841b4335300e864503edab8861c88ea4aff51b0e1ff3a189
cb8e43b7727ebdaea3fd,SRC035,1,PAIR_9D0CAFC6640411B2A25AA0D5,CONTEXT_CONFLICT,157,157,source_section|metric_name|evidence_quote,MERGE,"Verified against page-1 image. source_section is the exact printed section heading, 'Performance Analysis', which every page prints under the program name and above the table; the trailing '| As of December 31, 2021' is a date and is excluded. A left it blank, and on the context row used the table title instead; subject_type corrected to 'fund' on a row both lanes typed 'investment': the label names a vehicle (L.P., LLC, or a named fund) in a fund schedule carrying Vintage, Strategy and capital-account columns, and a vehicle is 'fund' while 'investment' is a holding inside one. The 'By Investment' column header names the program's relationship to these funds, not what they are, and a whole table of 'investment' is the documented sign the label was not read. Agreement between the lanes does not settle a classification, and SRC063 in this shard types the same kind of object 'fund'; metric_name is the printed column header in full, 'IRR (%)'; B trimmed the printed qualifier; evidence_quote is the full printed line, which proves the value; B quoted the bare figure only.; Source review: p1: IRR (All report pages were reviewed; no fee-basis statement qualifies this IRR.)",RESOLVED,A+B+ADJUDICATOR,efccda783490f37c841b4335300e864503edab8861c88ea4aff51b0e1ff3a189
e7fe6580525692f57e73,SRC035,1,PAIR_19B35E6BB10195014FABF993,CONTEXT_CONFLICT,158,158,source_section|evidence_quote,MERGE,"Verified against page-1 image. source_section is the exact printed section heading, 'Performance Analysis', which every page prints under the program name and above the table; the trailing '| As of December 31, 2021' is a date and is excluded. A left it blank, and on the context row used the table title instead; subject_type corrected to 'fund' on a row both lanes typed 'investment': the label names a vehicle (L.P., LLC, or a named fund) in a fund schedule carrying Vintage, Strategy and capital-account columns, and a vehicle is 'fund' while 'investment' is a holding inside one. The 'By Investment' column header names the program's relationship to these funds, not what they are, and a whole table of 'investment' is the documented sign the label was not read. Agreement between the lanes does not settle a classification, and SRC063 in this shard types the same kind of object 'fund'; evidence_quote is the full printed line, which proves the value; B quoted the bare figure only.; Source review: p1: Oregon Growth Account (The portfolio report distinguishes investor positions from its aggregate rows.) | p1: Oregon Growth Account (Printed heading or definition supporting the source-reviewed qualifier.) | p1: Oregon Growth Account (Supersedes SR2034: the printed entity or table label is context, not a measurement basis; source labels retain its scope.)",RESOLVED,A+B+ADJUDICATOR,efccda783490f37c841b4335300e864503edab8861c88ea4aff51b0e1ff3a189
77887572f2f685d393cb,SRC035,1,PAIR_4309FBED627F5F0BE0CCBCB9,CONTEXT_CONFLICT,159,159,source_section|metric_name|evidence_quote,MERGE,"Verified against page-1 image. source_section is the exact printed section heading, 'Performance Analysis', which every page prints under the program name and above the table; the trailing '| As of December 31, 2021' is a date and is excluded. A left it blank, and on the context row used the table title instead; subject_type corrected to 'fund' on a row both lanes typed 'investment': the label names a vehicle (L.P., LLC, or a named fund) in a fund schedule carrying Vintage, Strategy and capital-account columns, and a vehicle is 'fund' while 'investment' is a holding inside one. The 'By Investment' column header names the program's relationship to these funds, not what they are, and a whole table of 'investment' is the documented sign the label was not read. Agreement between the lanes does not settle a classification, and SRC063 in this shard types the same kind of object 'fund'; metric_name is the printed column header in full, 'TVPI (X)'; B trimmed the printed qualifier; evidence_quote is the full printed line, which proves the value; B quoted the bare figure only.",RESOLVED,A+B+ADJUDICATOR,efccda783490f37c841b4335300e864503edab8861c88ea4aff51b0e1ff3a189
6a9cec662a8b0b466f33,SRC035,1,PAIR_934946C4DC86283D067AEF33,CONTEXT_CONFLICT,160,160,source_section|evidence_quote,MERGE,"Verified against page-1 image. source_section is the exact printed section heading, 'Performance Analysis', which every page prints under the program name and above the table; the trailing '| As of December 31, 2021' is a date and is excluded. A left it blank, and on the context row used the table title instead; subject_type corrected to 'fund' on a row both lanes typed 'investment': the label names a vehicle (L.P., LLC, or a named fund) in a fund schedule carrying Vintage, Strategy and capital-account columns, and a vehicle is 'fund' while 'investment' is a holding inside one. The 'By Investment' column header names the program's relationship to these funds, not what they are, and a whole table of 'investment' is the documented sign the label was not read. Agreement between the lanes does not settle a classification, and SRC063 in this shard types the same kind of object 'fund'; evidence_quote is the full printed line, which proves the value; B quoted the bare figure only.",RESOLVED,A+B+ADJUDICATOR,efccda783490f37c841b4335300e864503edab8861c88ea4aff51b0e1ff3a189
2675bdfdd72a4e7ce783,SRC035,1,PAIR_420B76D20FC59B29A299F1D0,CONTEXT_CONFLICT,161,161,source_section|evidence_quote,MERGE,"Verified against page-1 image. source_section is the exact printed section heading, 'Performance Analysis', which every page prints under the program name and above the table; the trailing '| As of December 31, 2021' is a date and is excluded. A left it blank, and on the context row used the table title instead; subject_type corrected to 'fund' on a row both lanes typed 'investment': the label names a vehicle (L.P., LLC, or a named fund) in a fund schedule carrying Vintage, Strategy and capital-account columns, and a vehicle is 'fund' while 'investment' is a holding inside one. The 'By Investment' column header names the program's relationship to these funds, not what they are, and a whole table of 'investment' is the documented sign the label was not read. Agreement between the lanes does not settle a classification, and SRC063 in this shard types the same kind of object 'fund'; evidence_quote is the full printed line, which proves the value; B quoted the bare figure only.",RESOLVED,A+B+ADJUDICATOR,efccda783490f37c841b4335300e864503edab8861c88ea4aff51b0e1ff3a189
fba3abea2a84a2080947,SRC035,1,PAIR_AD530BF9C264978274E770AF,CONTEXT_CONFLICT,162,162,source_section|evidence_quote,MERGE,"Verified against page-1 image. source_section is the exact printed section heading, 'Performance Analysis', which every page prints under the program name and above the table; the trailing '| As of December 31, 2021' is a date and is excluded. A left it blank, and on the context row used the table title instead; subject_type corrected to 'fund' on a row both lanes typed 'investment': the label names a vehicle (L.P., LLC, or a named fund) in a fund schedule carrying Vintage, Strategy and capital-account columns, and a vehicle is 'fund' while 'investment' is a holding inside one. The 'By Investment' column header names the program's relationship to these funds, not what they are, and a whole table of 'investment' is the documented sign the label was not read. Agreement between the lanes does not settle a classification, and SRC063 in this shard types the same kind of object 'fund'; evidence_quote is the full printed line, which proves the value; B quoted the bare figure only.",RESOLVED,A+B+ADJUDICATOR,efccda783490f37c841b4335300e864503edab8861c88ea4aff51b0e1ff3a189
2589c754c712024829ef,SRC035,1,PAIR_29394305EE9AAFDA29B0A10A,CONTEXT_CONFLICT,163,163,source_section|evidence_quote,MERGE,"Verified against page-1 image. source_section is the exact printed section heading, 'Performance Analysis', which every page prints under the program name and above the table; the trailing '| As of December 31, 2021' is a date and is excluded. A left it blank, and on the context row used the table title instead; subject_type corrected to 'fund' on a row both lanes typed 'investment': the label names a vehicle (L.P., LLC, or a named fund) in a fund schedule carrying Vintage, Strategy and capital-account columns, and a vehicle is 'fund' while 'investment' is a holding inside one. The 'By Investment' column header names the program's relationship to these funds, not what they are, and a whole table of 'investment' is the documented sign the label was not read. Agreement between the lanes does not settle a classification, and SRC063 in this shard types the same kind of object 'fund'; evidence_quote is the full printed line, which proves the value; B quoted the bare figure only.",RESOLVED,A+B+ADJUDICATOR,efccda783490f37c841b4335300e864503edab8861c88ea4aff51b0e1ff3a189
e9dfb026f1e86c350416,SRC035,1,PAIR_05C81BF28DF490F51B434401,CONTEXT_CONFLICT,164,164,source_section|metric_name|evidence_quote,MERGE,"Verified against page-1 image. source_section is the exact printed section heading, 'Performance Analysis', which every page prints under the program name and above the table; the trailing '| As of December 31, 2021' is a date and is excluded. A left it blank, and on the context row used the table title instead; subject_type corrected to 'fund' on a row both lanes typed 'investment': the label names a vehicle (L.P., LLC, or a named fund) in a fund schedule carrying Vintage, Strategy and capital-account columns, and a vehicle is 'fund' while 'investment' is a holding inside one. The 'By Investment' column header names the program's relationship to these funds, not what they are, and a whole table of 'investment' is the documented sign the label was not read. Agreement between the lanes does not settle a classification, and SRC063 in this shard types the same kind of object 'fund'; metric_name is the printed column header in full, 'IRR (%)'; B trimmed the printed qualifier; evidence_quote is the full printed line, which proves the value; B quoted the bare figure only.; Source review: p1: IRR (All report pages were reviewed; no fee-basis statement qualifies this IRR.)",RESOLVED,A+B+ADJUDICATOR,efccda783490f37c841b4335300e864503edab8861c88ea4aff51b0e1ff3a189
1611735d3d7582f80c06,SRC035,1,PAIR_B919A995E0A01B57ECB492BF,CONTEXT_CONFLICT,165,165,source_section|evidence_quote,MERGE,"Verified against page-1 image. source_section is the exact printed section heading, 'Performance Analysis', which every page prints under the program name and above the table; the trailing '| As of December 31, 2021' is a date and is excluded. A left it blank, and on the context row used the table title instead; subject_type corrected to 'fund' on a row both lanes typed 'investment': the label names a vehicle (L.P., LLC, or a named fund) in a fund schedule carrying Vintage, Strategy and capital-account columns, and a vehicle is 'fund' while 'investment' is a holding inside one. The 'By Investment' column header names the program's relationship to these funds, not what they are, and a whole table of 'investment' is the documented sign the label was not read. Agreement between the lanes does not settle a classification, and SRC063 in this shard types the same kind of object 'fund'; evidence_quote is the full printed line, which proves the value; B quoted the bare figure only.; Source review: p1: Oregon Growth Account (The portfolio report distinguishes investor positions from its aggregate rows.) | p1: Oregon Growth Account (Printed heading or definition supporting the source-reviewed qualifier.) | p1: Oregon Growth Account (Supersedes SR2035: the printed entity or table label is context, not a measurement basis; source labels retain its scope.)",RESOLVED,A+B+ADJUDICATOR,efccda783490f37c841b4335300e864503edab8861c88ea4aff51b0e1ff3a189
31c2779b5398f58e5a6f,SRC035,1,PAIR_DC50BC57CD405B2197370A3D,CONTEXT_CONFLICT,166,166,source_section|metric_name|evidence_quote,MERGE,"Verified against page-1 image. source_section is the exact printed section heading, 'Performance Analysis', which every page prints under the program name and above the table; the trailing '| As of December 31, 2021' is a date and is excluded. A left it blank, and on the context row used the table title instead; subject_type corrected to 'fund' on a row both lanes typed 'investment': the label names a vehicle (L.P., LLC, or a named fund) in a fund schedule carrying Vintage, Strategy and capital-account columns, and a vehicle is 'fund' while 'investment' is a holding inside one. The 'By Investment' column header names the program's relationship to these funds, not what they are, and a whole table of 'investment' is the documented sign the label was not read. Agreement between the lanes does not settle a classification, and SRC063 in this shard types the same kind of object 'fund'; metric_name is the printed column header in full, 'TVPI (X)'; B trimmed the printed qualifier; evidence_quote is the full printed line, which proves the value; B quoted the bare figure only.",RESOLVED,A+B+ADJUDICATOR,efccda783490f37c841b4335300e864503edab8861c88ea4aff51b0e1ff3a189
5fce241750bd2f13e02e,SRC035,1,PAIR_344CB7ED677E8B40A94AED59,CONTEXT_CONFLICT,167,167,source_section|evidence_quote,MERGE,"Verified against page-1 image. source_section is the exact printed section heading, 'Performance Analysis', which every page prints under the program name and above the table; the trailing '| As of December 31, 2021' is a date and is excluded. A left it blank, and on the context row used the table title instead; subject_type corrected to 'fund' on a row both lanes typed 'investment': the label names a vehicle (L.P., LLC, or a named fund) in a fund schedule carrying Vintage, Strategy and capital-account columns, and a vehicle is 'fund' while 'investment' is a holding inside one. The 'By Investment' column header names the program's relationship to these funds, not what they are, and a whole table of 'investment' is the documented sign the label was not read. Agreement between the lanes does not settle a classification, and SRC063 in this shard types the same kind of object 'fund'; evidence_quote is the full printed line, which proves the value; B quoted the bare figure only.",RESOLVED,A+B+ADJUDICATOR,efccda783490f37c841b4335300e864503edab8861c88ea4aff51b0e1ff3a189
60d88537434be47bcd56,SRC035,2,PAIR_37EFF49A138EC139BD5A16CC,CONTEXT_CONFLICT,168,168,source_section|evidence_quote,MERGE,"Verified against page-2 image. source_section is the exact printed section heading, 'Performance Analysis', which every page prints under the program name and above the table; the trailing '| As of December 31, 2021' is a date and is excluded. A left it blank, and on the context row used the table title instead; subject_type corrected to 'fund' on a row both lanes typed 'investment': the label names a vehicle (L.P., LLC, or a named fund) in a fund schedule carrying Vintage, Strategy and capital-account columns, and a vehicle is 'fund' while 'investment' is a holding inside one. The 'By Investment' column header names the program's relationship to these funds, not what they are, and a whole table of 'investment' is the documented sign the label was not read. Agreement between the lanes does not settle a classification, and SRC063 in this shard types the same kind of object 'fund'; evidence_quote is the full printed line, which proves the value; B quoted the bare figure only.",RESOLVED,A+B+ADJUDICATOR,efccda783490f37c841b4335300e864503edab8861c88ea4aff51b0e1ff3a189
ca9f78dfacc24dc4a455,SRC035,2,PAIR_E5403893031F613A520793A4,CONTEXT_CONFLICT,169,169,source_section|evidence_quote,MERGE,"Verified against page-2 image. source_section is the exact printed section heading, 'Performance Analysis', which every page prints under the program name and above the table; the trailing '| As of December 31, 2021' is a date and is excluded. A left it blank, and on the context row used the table title instead; subject_type corrected to 'fund' on a row both lanes typed 'investment': the label names a vehicle (L.P., LLC, or a named fund) in a fund schedule carrying Vintage, Strategy and capital-account columns, and a vehicle is 'fund' while 'investment' is a holding inside one. The 'By Investment' column header names the program's relationship to these funds, not what they are, and a whole table of 'investment' is the documented sign the label was not read. Agreement between the lanes does not settle a classification, and SRC063 in this shard types the same kind of object 'fund'; evidence_quote is the full printed line, which proves the value; B quoted the bare figure only.",RESOLVED,A+B+ADJUDICATOR,efccda783490f37c841b4335300e864503edab8861c88ea4aff51b0e1ff3a189
8c67327339347efc95c3,SRC035,2,PAIR_62AF56DAE5BB893ABF91AA0D,CONTEXT_CONFLICT,170,170,source_section|evidence_quote,MERGE,"Verified against page-2 image. source_section is the exact printed section heading, 'Performance Analysis', which every page prints under the program name and above the table; the trailing '| As of December 31, 2021' is a date and is excluded. A left it blank, and on the context row used the table title instead; subject_type corrected to 'fund' on a row both lanes typed 'investment': the label names a vehicle (L.P., LLC, or a named fund) in a fund schedule carrying Vintage, Strategy and capital-account columns, and a vehicle is 'fund' while 'investment' is a holding inside one. The 'By Investment' column header names the program's relationship to these funds, not what they are, and a whole table of 'investment' is the documented sign the label was not read. Agreement between the lanes does not settle a classification, and SRC063 in this shard types the same kind of object 'fund'; evidence_quote is the full printed line, which proves the value; B quoted the bare figure only.",RESOLVED,A+B+ADJUDICATOR,efccda783490f37c841b4335300e864503edab8861c88ea4aff51b0e1ff3a189
39943345805502fe1804,SRC035,2,PAIR_7C01E26E4C34B61FBAC8A497,CONTEXT_CONFLICT,171,171,source_section|metric_name|evidence_quote,MERGE,"Verified against page-2 image. source_section is the exact printed section heading, 'Performance Analysis', which every page prints under the program name and above the table; the trailing '| As of December 31, 2021' is a date and is excluded. A left it blank, and on the context row used the table title instead; subject_type corrected to 'fund' on a row both lanes typed 'investment': the label names a vehicle (L.P., LLC, or a named fund) in a fund schedule carrying Vintage, Strategy and capital-account columns, and a vehicle is 'fund' while 'investment' is a holding inside one. The 'By Investment' column header names the program's relationship to these funds, not what they are, and a whole table of 'investment' is the documented sign the label was not read. Agreement between the lanes does not settle a classification, and SRC063 in this shard types the same kind of object 'fund'; metric_name is the printed column header in full, 'IRR (%)'; B trimmed the printed qualifier; evidence_quote is the full printed line, which proves the value; B quoted the bare figure only.; Source review: p2: IRR (All report pages were reviewed; no fee-basis statement qualifies this IRR.)",RESOLVED,A+B+ADJUDICATOR,efccda783490f37c841b4335300e864503edab8861c88ea4aff51b0e1ff3a189
eb8be0da5bd2dff7259c,SRC035,2,PAIR_7871432E222E3A7B6130C4D9,CONTEXT_CONFLICT,172,172,source_section|evidence_quote,MERGE,"Verified against page-2 image. source_section is the exact printed section heading, 'Performance Analysis', which every page prints under the program name and above the table; the trailing '| As of December 31, 2021' is a date and is excluded. A left it blank, and on the context row used the table title instead; subject_type corrected to 'fund' on a row both lanes typed 'investment': the label names a vehicle (L.P., LLC, or a named fund) in a fund schedule carrying Vintage, Strategy and capital-account columns, and a vehicle is 'fund' while 'investment' is a holding inside one. The 'By Investment' column header names the program's relationship to these funds, not what they are, and a whole table of 'investment' is the documented sign the label was not read. Agreement between the lanes does not settle a classification, and SRC063 in this shard types the same kind of object 'fund'; evidence_quote is the full printed line, which proves the value; B quoted the bare figure only.; Source review: p2: Oregon Growth Account (The portfolio report distinguishes investor positions from its aggregate rows.) | p2: Oregon Growth Account (Printed heading or definition supporting the source-reviewed qualifier.) | p2: Oregon Growth Account (Supersedes SR2036: the printed entity or table label is context, not a measurement basis; source labels retain its scope.)",RESOLVED,A+B+ADJUDICATOR,efccda783490f37c841b4335300e864503edab8861c88ea4aff51b0e1ff3a189
f5a74870a6623006a06e,SRC035,2,PAIR_768CDEDC0D0B8FE44D69E074,CONTEXT_CONFLICT,173,173,source_section|metric_name|evidence_quote,MERGE,"Verified against page-2 image. source_section is the exact printed section heading, 'Performance Analysis', which every page prints under the program name and above the table; the trailing '| As of December 31, 2021' is a date and is excluded. A left it blank, and on the context row used the table title instead; subject_type corrected to 'fund' on a row both lanes typed 'investment': the label names a vehicle (L.P., LLC, or a named fund) in a fund schedule carrying Vintage, Strategy and capital-account columns, and a vehicle is 'fund' while 'investment' is a holding inside one. The 'By Investment' column header names the program's relationship to these funds, not what they are, and a whole table of 'investment' is the documented sign the label was not read. Agreement between the lanes does not settle a classification, and SRC063 in this shard types the same kind of object 'fund'; metric_name is the printed column header in full, 'TVPI (X)'; B trimmed the printed qualifier; evidence_quote is the full printed line, which proves the value; B quoted the bare figure only.",RESOLVED,A+B+ADJUDICATOR,efccda783490f37c841b4335300e864503edab8861c88ea4aff51b0e1ff3a189
2d5e270a9bbc477e2941,SRC035,2,PAIR_AAE1593D7FEDF3151D4DAA64,CONTEXT_CONFLICT,174,174,source_section|evidence_quote,MERGE,"Verified against page-2 image. source_section is the exact printed section heading, 'Performance Analysis', which every page prints under the program name and above the table; the trailing '| As of December 31, 2021' is a date and is excluded. A left it blank, and on the context row used the table title instead; subject_type corrected to 'fund' on a row both lanes typed 'investment': the label names a vehicle (L.P., LLC, or a named fund) in a fund schedule carrying Vintage, Strategy and capital-account columns, and a vehicle is 'fund' while 'investment' is a holding inside one. The 'By Investment' column header names the program's relationship to these funds, not what they are, and a whole table of 'investment' is the documented sign the label was not read. Agreement between the lanes does not settle a classification, and SRC063 in this shard types the same kind of object 'fund'; evidence_quote is the full printed line, which proves the value; B quoted the bare figure only.",RESOLVED,A+B+ADJUDICATOR,efccda783490f37c841b4335300e864503edab8861c88ea4aff51b0e1ff3a189
512210c8e5fcad524cd0,SRC035,2,PAIR_1A1835C8B1B0DFCEA7EB369F,CONTEXT_CONFLICT,175,175,source_section|evidence_quote,MERGE,"Verified against page-2 image. source_section is the exact printed section heading, 'Performance Analysis', which every page prints under the program name and above the table; the trailing '| As of December 31, 2021' is a date and is excluded. A left it blank, and on the context row used the table title instead; subject_type corrected to 'fund' on a row both lanes typed 'investment': the label names a vehicle (L.P., LLC, or a named fund) in a fund schedule carrying Vintage, Strategy and capital-account columns, and a vehicle is 'fund' while 'investment' is a holding inside one. The 'By Investment' column header names the program's relationship to these funds, not what they are, and a whole table of 'investment' is the documented sign the label was not read. Agreement between the lanes does not settle a classification, and SRC063 in this shard types the same kind of object 'fund'; evidence_quote is the full printed line, which proves the value; B quoted the bare figure only.",RESOLVED,A+B+ADJUDICATOR,efccda783490f37c841b4335300e864503edab8861c88ea4aff51b0e1ff3a189
b11b53be6196635b94cb,SRC035,2,PAIR_F4B7E6864EB57B27A740571E,CONTEXT_CONFLICT,176,176,source_section|evidence_quote,MERGE,"Verified against page-2 image. source_section is the exact printed section heading, 'Performance Analysis', which every page prints under the program name and above the table; the trailing '| As of December 31, 2021' is a date and is excluded. A left it blank, and on the context row used the table title instead; subject_type corrected to 'fund' on a row both lanes typed 'investment': the label names a vehicle (L.P., LLC, or a named fund) in a fund schedule carrying Vintage, Strategy and capital-account columns, and a vehicle is 'fund' while 'investment' is a holding inside one. The 'By Investment' column header names the program's relationship to these funds, not what they are, and a whole table of 'investment' is the documented sign the label was not read. Agreement between the lanes does not settle a classification, and SRC063 in this shard types the same kind of object 'fund'; evidence_quote is the full printed line, which proves the value; B quoted the bare figure only.",RESOLVED,A+B+ADJUDICATOR,efccda783490f37c841b4335300e864503edab8861c88ea4aff51b0e1ff3a189
4dbcbe4d4d83fccdaaa6,SRC035,2,PAIR_96576BF8DFB6AB5572AD40D4,CONTEXT_CONFLICT,177,177,source_section|evidence_quote,MERGE,"Verified against page-2 image. source_section is the exact printed section heading, 'Performance Analysis', which every page prints under the program name and above the table; the trailing '| As of December 31, 2021' is a date and is excluded. A left it blank, and on the context row used the table title instead; subject_type corrected to 'fund' on a row both lanes typed 'investment': the label names a vehicle (L.P., LLC, or a named fund) in a fund schedule carrying Vintage, Strategy and capital-account columns, and a vehicle is 'fund' while 'investment' is a holding inside one. The 'By Investment' column header names the program's relationship to these funds, not what they are, and a whole table of 'investment' is the documented sign the label was not read. Agreement between the lanes does not settle a classification, and SRC063 in this shard types the same kind of object 'fund'; evidence_quote is the full printed line, which proves the value; B quoted the bare figure only.",RESOLVED,A+B+ADJUDICATOR,efccda783490f37c841b4335300e864503edab8861c88ea4aff51b0e1ff3a189
29cd42f5a3c43b7329a0,SRC035,2,PAIR_332B15537A7A70EEA2768F32,CONTEXT_CONFLICT,178,178,source_section|metric_name|evidence_quote,MERGE,"Verified against page-2 image. source_section is the exact printed section heading, 'Performance Analysis', which every page prints under the program name and above the table; the trailing '| As of December 31, 2021' is a date and is excluded. A left it blank, and on the context row used the table title instead; subject_type corrected to 'fund' on a row both lanes typed 'investment': the label names a vehicle (L.P., LLC, or a named fund) in a fund schedule carrying Vintage, Strategy and capital-account columns, and a vehicle is 'fund' while 'investment' is a holding inside one. The 'By Investment' column header names the program's relationship to these funds, not what they are, and a whole table of 'investment' is the documented sign the label was not read. Agreement between the lanes does not settle a classification, and SRC063 in this shard types the same kind of object 'fund'; metric_name is the printed column header in full, 'IRR (%)'; B trimmed the printed qualifier; evidence_quote is the full printed line, which proves the value; B quoted the bare figure only.; Source review: p2: IRR (All report pages were reviewed; no fee-basis statement qualifies this IRR.)",RESOLVED,A+B+ADJUDICATOR,efccda783490f37c841b4335300e864503edab8861c88ea4aff51b0e1ff3a189
1d4b92f456db9ef075b3,SRC035,2,PAIR_A9326A09744BEF73A89A6860,CONTEXT_CONFLICT,179,179,source_section|evidence_quote,MERGE,"Verified against page-2 image. source_section is the exact printed section heading, 'Performance Analysis', which every page prints under the program name and above the table; the trailing '| As of December 31, 2021' is a date and is excluded. A left it blank, and on the context row used the table title instead; subject_type corrected to 'fund' on a row both lanes typed 'investment': the label names a vehicle (L.P., LLC, or a named fund) in a fund schedule carrying Vintage, Strategy and capital-account columns, and a vehicle is 'fund' while 'investment' is a holding inside one. The 'By Investment' column header names the program's relationship to these funds, not what they are, and a whole table of 'investment' is the documented sign the label was not read. Agreement between the lanes does not settle a classification, and SRC063 in this shard types the same kind of object 'fund'; evidence_quote is the full printed line, which proves the value; B quoted the bare figure only.; Source review: p2: Oregon Growth Account (The portfolio report distinguishes investor positions from its aggregate rows.) | p2: Oregon Growth Account (Printed heading or definition supporting the source-reviewed qualifier.) | p2: Oregon Growth Account (Supersedes SR2037: the printed entity or table label is context, not a measurement basis; source labels retain its scope.)",RESOLVED,A+B+ADJUDICATOR,efccda783490f37c841b4335300e864503edab8861c88ea4aff51b0e1ff3a189
33da7299740642b2d26c,SRC035,2,PAIR_1B1328FDD81E58A4F7D9375D,CONTEXT_CONFLICT,180,180,source_section|metric_name|evidence_quote,MERGE,"Verified against page-2 image. source_section is the exact printed section heading, 'Performance Analysis', which every page prints under the program name and above the table; the trailing '| As of December 31, 2021' is a date and is excluded. A left it blank, and on the context row used the table title instead; subject_type corrected to 'fund' on a row both lanes typed 'investment': the label names a vehicle (L.P., LLC, or a named fund) in a fund schedule carrying Vintage, Strategy and capital-account columns, and a vehicle is 'fund' while 'investment' is a holding inside one. The 'By Investment' column header names the program's relationship to these funds, not what they are, and a whole table of 'investment' is the documented sign the label was not read. Agreement between the lanes does not settle a classification, and SRC063 in this shard types the same kind of object 'fund'; metric_name is the printed column header in full, 'TVPI (X)'; B trimmed the printed qualifier; evidence_quote is the full printed line, which proves the value; B quoted the bare figure only.",RESOLVED,A+B+ADJUDICATOR,efccda783490f37c841b4335300e864503edab8861c88ea4aff51b0e1ff3a189
b9317b4bcaa5c7d47099,SRC035,2,PAIR_16F20EAD06C814D9D5A442FC,CONTEXT_CONFLICT,181,181,source_section|evidence_quote,MERGE,"Verified against page-2 image. source_section is the exact printed section heading, 'Performance Analysis', which every page prints under the program name and above the table; the trailing '| As of December 31, 2021' is a date and is excluded. A left it blank, and on the context row used the table title instead; subject_type corrected to 'fund' on a row both lanes typed 'investment': the label names a vehicle (L.P., LLC, or a named fund) in a fund schedule carrying Vintage, Strategy and capital-account columns, and a vehicle is 'fund' while 'investment' is a holding inside one. The 'By Investment' column header names the program's relationship to these funds, not what they are, and a whole table of 'investment' is the documented sign the label was not read. Agreement between the lanes does not settle a classification, and SRC063 in this shard types the same kind of object 'fund'; evidence_quote is the full printed line, which proves the value; B quoted the bare figure only.",RESOLVED,A+B+ADJUDICATOR,efccda783490f37c841b4335300e864503edab8861c88ea4aff51b0e1ff3a189
6b56bbef119f51704bc4,SRC035,2,PAIR_EAE0A916C315C29467FDF4D7,CONTEXT_CONFLICT,182,182,source_section|evidence_quote,MERGE,"Verified against page-2 image. source_section is the exact printed section heading, 'Performance Analysis', which every page prints under the program name and above the table; the trailing '| As of December 31, 2021' is a date and is excluded. A left it blank, and on the context row used the table title instead; subject_type corrected to 'fund' on a row both lanes typed 'investment': the label names a vehicle (L.P., LLC, or a named fund) in a fund schedule carrying Vintage, Strategy and capital-account columns, and a vehicle is 'fund' while 'investment' is a holding inside one. The 'By Investment' column header names the program's relationship to these funds, not what they are, and a whole table of 'investment' is the documented sign the label was not read. Agreement between the lanes does not settle a classification, and SRC063 in this shard types the same kind of object 'fund'; evidence_quote is the full printed line, which proves the value; B quoted the bare figure only.",RESOLVED,A+B+ADJUDICATOR,efccda783490f37c841b4335300e864503edab8861c88ea4aff51b0e1ff3a189
8a4fb6699fdc2bc8fa7e,SRC035,2,PAIR_4AB64C93914A772977126960,CONTEXT_CONFLICT,183,183,source_section|evidence_quote,MERGE,"Verified against page-2 image. source_section is the exact printed section heading, 'Performance Analysis', which every page prints under the program name and above the table; the trailing '| As of December 31, 2021' is a date and is excluded. A left it blank, and on the context row used the table title instead; subject_type corrected to 'fund' on a row both lanes typed 'investment': the label names a vehicle (L.P., LLC, or a named fund) in a fund schedule carrying Vintage, Strategy and capital-account columns, and a vehicle is 'fund' while 'investment' is a holding inside one. The 'By Investment' column header names the program's relationship to these funds, not what they are, and a whole table of 'investment' is the documented sign the label was not read. Agreement between the lanes does not settle a classification, and SRC063 in this shard types the same kind of object 'fund'; evidence_quote is the full printed line, which proves the value; B quoted the bare figure only.",RESOLVED,A+B+ADJUDICATOR,efccda783490f37c841b4335300e864503edab8861c88ea4aff51b0e1ff3a189
45be14bfae33565f0070,SRC035,2,PAIR_CEF3BC8F55AD8A0D65F6278A,CONTEXT_CONFLICT,184,184,source_section|evidence_quote,MERGE,"Verified against page-2 image. source_section is the exact printed section heading, 'Performance Analysis', which every page prints under the program name and above the table; the trailing '| As of December 31, 2021' is a date and is excluded. A left it blank, and on the context row used the table title instead; subject_type corrected to 'fund' on a row both lanes typed 'investment': the label names a vehicle (L.P., LLC, or a named fund) in a fund schedule carrying Vintage, Strategy and capital-account columns, and a vehicle is 'fund' while 'investment' is a holding inside one. The 'By Investment' column header names the program's relationship to these funds, not what they are, and a whole table of 'investment' is the documented sign the label was not read. Agreement between the lanes does not settle a classification, and SRC063 in this shard types the same kind of object 'fund'; evidence_quote is the full printed line, which proves the value; B quoted the bare figure only.",RESOLVED,A+B+ADJUDICATOR,efccda783490f37c841b4335300e864503edab8861c88ea4aff51b0e1ff3a189
a644485016e3bea0ed44,SRC035,2,PAIR_8813A96589BAE1065BCDEEE4,CONTEXT_CONFLICT,185,185,source_section|metric_name|evidence_quote,MERGE,"Verified against page-2 image. source_section is the exact printed section heading, 'Performance Analysis', which every page prints under the program name and above the table; the trailing '| As of December 31, 2021' is a date and is excluded. A left it blank, and on the context row used the table title instead; subject_type corrected to 'fund' on a row both lanes typed 'investment': the label names a vehicle (L.P., LLC, or a named fund) in a fund schedule carrying Vintage, Strategy and capital-account columns, and a vehicle is 'fund' while 'investment' is a holding inside one. The 'By Investment' column header names the program's relationship to these funds, not what they are, and a whole table of 'investment' is the documented sign the label was not read. Agreement between the lanes does not settle a classification, and SRC063 in this shard types the same kind of object 'fund'; metric_name is the printed column header in full, 'IRR (%)'; B trimmed the printed qualifier; evidence_quote is the full printed line, which proves the value; B quoted the bare figure only.; Source review: p2: IRR (All report pages were reviewed; no fee-basis statement qualifies this IRR.)",RESOLVED,A+B+ADJUDICATOR,efccda783490f37c841b4335300e864503edab8861c88ea4aff51b0e1ff3a189
73dd9796464ce5d01601,SRC035,2,PAIR_5707E8310462A9FA5F5DE356,CONTEXT_CONFLICT,186,186,source_section|evidence_quote,MERGE,"Verified against page-2 image. source_section is the exact printed section heading, 'Performance Analysis', which every page prints under the program name and above the table; the trailing '| As of December 31, 2021' is a date and is excluded. A left it blank, and on the context row used the table title instead; subject_type corrected to 'fund' on a row both lanes typed 'investment': the label names a vehicle (L.P., LLC, or a named fund) in a fund schedule carrying Vintage, Strategy and capital-account columns, and a vehicle is 'fund' while 'investment' is a holding inside one. The 'By Investment' column header names the program's relationship to these funds, not what they are, and a whole table of 'investment' is the documented sign the label was not read. Agreement between the lanes does not settle a classification, and SRC063 in this shard types the same kind of object 'fund'; evidence_quote is the full printed line, which proves the value; B quoted the bare figure only.; Source review: p2: Oregon Growth Account (The portfolio report distinguishes investor positions from its aggregate rows.) | p2: Oregon Growth Account (Printed heading or definition supporting the source-reviewed qualifier.) | p2: Oregon Growth Account (Supersedes SR2038: the printed entity or table label is context, not a measurement basis; source labels retain its scope.)",RESOLVED,A+B+ADJUDICATOR,efccda783490f37c841b4335300e864503edab8861c88ea4aff51b0e1ff3a189
e1ec910240b310cd170e,SRC035,2,PAIR_8BB29A01871A6612246CF565,CONTEXT_CONFLICT,187,187,source_section|metric_name|evidence_quote,MERGE,"Verified against page-2 image. source_section is the exact printed section heading, 'Performance Analysis', which every page prints under the program name and above the table; the trailing '| As of December 31, 2021' is a date and is excluded. A left it blank, and on the context row used the table title instead; subject_type corrected to 'fund' on a row both lanes typed 'investment': the label names a vehicle (L.P., LLC, or a named fund) in a fund schedule carrying Vintage, Strategy and capital-account columns, and a vehicle is 'fund' while 'investment' is a holding inside one. The 'By Investment' column header names the program's relationship to these funds, not what they are, and a whole table of 'investment' is the documented sign the label was not read. Agreement between the lanes does not settle a classification, and SRC063 in this shard types the same kind of object 'fund'; metric_name is the printed column header in full, 'TVPI (X)'; B trimmed the printed qualifier; evidence_quote is the full printed line, which proves the value; B quoted the bare figure only.",RESOLVED,A+B+ADJUDICATOR,efccda783490f37c841b4335300e864503edab8861c88ea4aff51b0e1ff3a189
e5d70771e97daddfd185,SRC035,2,PAIR_0D52219286001CAFFABCF01E,CONTEXT_CONFLICT,188,188,source_section|evidence_quote,MERGE,"Verified against page-2 image. source_section is the exact printed section heading, 'Performance Analysis', which every page prints under the program name and above the table; the trailing '| As of December 31, 2021' is a date and is excluded. A left it blank, and on the context row used the table title instead; subject_type corrected to 'fund' on a row both lanes typed 'investment': the label names a vehicle (L.P., LLC, or a named fund) in a fund schedule carrying Vintage, Strategy and capital-account columns, and a vehicle is 'fund' while 'investment' is a holding inside one. The 'By Investment' column header names the program's relationship to these funds, not what they are, and a whole table of 'investment' is the documented sign the label was not read. Agreement between the lanes does not settle a classification, and SRC063 in this shard types the same kind of object 'fund'; evidence_quote is the full printed line, which proves the value; B quoted the bare figure only.",RESOLVED,A+B+ADJUDICATOR,efccda783490f37c841b4335300e864503edab8861c88ea4aff51b0e1ff3a189
f59955f8f46acc183093,SRC035,2,PAIR_F7F884F99E372FE76AA94D14,CONTEXT_CONFLICT,189,189,source_section|evidence_quote,MERGE,"Verified against page-2 image. source_section is the exact printed section heading, 'Performance Analysis', which every page prints under the program name and above the table; the trailing '| As of December 31, 2021' is a date and is excluded. A left it blank, and on the context row used the table title instead; subject_type corrected to 'fund' on a row both lanes typed 'investment': the label names a vehicle (L.P., LLC, or a named fund) in a fund schedule carrying Vintage, Strategy and capital-account columns, and a vehicle is 'fund' while 'investment' is a holding inside one. The 'By Investment' column header names the program's relationship to these funds, not what they are, and a whole table of 'investment' is the documented sign the label was not read. Agreement between the lanes does not settle a classification, and SRC063 in this shard types the same kind of object 'fund'; evidence_quote is the full printed line, which proves the value; B quoted the bare figure only.",RESOLVED,A+B+ADJUDICATOR,efccda783490f37c841b4335300e864503edab8861c88ea4aff51b0e1ff3a189
984fa45b53c53dfc026d,SRC035,2,PAIR_54ECA49117820F0B0C145B12,CONTEXT_CONFLICT,190,190,source_section|evidence_quote,MERGE,"Verified against page-2 image. source_section is the exact printed section heading, 'Performance Analysis', which every page prints under the program name and above the table; the trailing '| As of December 31, 2021' is a date and is excluded. A left it blank, and on the context row used the table title instead; subject_type corrected to 'fund' on a row both lanes typed 'investment': the label names a vehicle (L.P., LLC, or a named fund) in a fund schedule carrying Vintage, Strategy and capital-account columns, and a vehicle is 'fund' while 'investment' is a holding inside one. The 'By Investment' column header names the program's relationship to these funds, not what they are, and a whole table of 'investment' is the documented sign the label was not read. Agreement between the lanes does not settle a classification, and SRC063 in this shard types the same kind of object 'fund'; evidence_quote is the full printed line, which proves the value; B quoted the bare figure only.",RESOLVED,A+B+ADJUDICATOR,efccda783490f37c841b4335300e864503edab8861c88ea4aff51b0e1ff3a189
45a431843bec10a542fc,SRC035,2,PAIR_C1DBB215B66409D60FDE4829,CONTEXT_CONFLICT,191,191,source_section|evidence_quote,MERGE,"Verified against page-2 image. source_section is the exact printed section heading, 'Performance Analysis', which every page prints under the program name and above the table; the trailing '| As of December 31, 2021' is a date and is excluded. A left it blank, and on the context row used the table title instead; subject_type corrected to 'fund' on a row both lanes typed 'investment': the label names a vehicle (L.P., LLC, or a named fund) in a fund schedule carrying Vintage, Strategy and capital-account columns, and a vehicle is 'fund' while 'investment' is a holding inside one. The 'By Investment' column header names the program's relationship to these funds, not what they are, and a whole table of 'investment' is the documented sign the label was not read. Agreement between the lanes does not settle a classification, and SRC063 in this shard types the same kind of object 'fund'; evidence_quote is the full printed line, which proves the value; B quoted the bare figure only.",RESOLVED,A+B+ADJUDICATOR,efccda783490f37c841b4335300e864503edab8861c88ea4aff51b0e1ff3a189
03d170a824aab26704a7,SRC035,2,PAIR_2BFA971D232A8BF918493B2D,CONTEXT_CONFLICT,192,192,source_section|metric_name|evidence_quote,MERGE,"Verified against page-2 image. source_section is the exact printed section heading, 'Performance Analysis', which every page prints under the program name and above the table; the trailing '| As of December 31, 2021' is a date and is excluded. A left it blank, and on the context row used the table title instead; subject_type corrected to 'fund' on a row both lanes typed 'investment': the label names a vehicle (L.P., LLC, or a named fund) in a fund schedule carrying Vintage, Strategy and capital-account columns, and a vehicle is 'fund' while 'investment' is a holding inside one. The 'By Investment' column header names the program's relationship to these funds, not what they are, and a whole table of 'investment' is the documented sign the label was not read. Agreement between the lanes does not settle a classification, and SRC063 in this shard types the same kind of object 'fund'; metric_name is the printed column header in full, 'IRR (%)'; B trimmed the printed qualifier; evidence_quote is the full printed line, which proves the value; B quoted the bare figure only.; Source review: p2: IRR (All report pages were reviewed; no fee-basis statement qualifies this IRR.)",RESOLVED,A+B+ADJUDICATOR,efccda783490f37c841b4335300e864503edab8861c88ea4aff51b0e1ff3a189
681a216589283096e050,SRC035,2,PAIR_A8F65A67EC7FF574BE5AAE18,CONTEXT_CONFLICT,193,193,source_section|evidence_quote,MERGE,"Verified against page-2 image. source_section is the exact printed section heading, 'Performance Analysis', which every page prints under the program name and above the table; the trailing '| As of December 31, 2021' is a date and is excluded. A left it blank, and on the context row used the table title instead; subject_type corrected to 'fund' on a row both lanes typed 'investment': the label names a vehicle (L.P., LLC, or a named fund) in a fund schedule carrying Vintage, Strategy and capital-account columns, and a vehicle is 'fund' while 'investment' is a holding inside one. The 'By Investment' column header names the program's relationship to these funds, not what they are, and a whole table of 'investment' is the documented sign the label was not read. Agreement between the lanes does not settle a classification, and SRC063 in this shard types the same kind of object 'fund'; evidence_quote is the full printed line, which proves the value; B quoted the bare figure only.; Source review: p2: Oregon Growth Account (The portfolio report distinguishes investor positions from its aggregate rows.) | p2: Oregon Growth Account (Printed heading or definition supporting the source-reviewed qualifier.) | p2: Oregon Growth Account (Supersedes SR2039: the printed entity or table label is context, not a measurement basis; source labels retain its scope.)",RESOLVED,A+B+ADJUDICATOR,efccda783490f37c841b4335300e864503edab8861c88ea4aff51b0e1ff3a189
ba6cd3f2a5d96d3d6f1a,SRC035,2,PAIR_CCD82392DB52FD37E4E85DC4,CONTEXT_CONFLICT,194,194,source_section|metric_name|evidence_quote,MERGE,"Verified against page-2 image. source_section is the exact printed section heading, 'Performance Analysis', which every page prints under the program name and above the table; the trailing '| As of December 31, 2021' is a date and is excluded. A left it blank, and on the context row used the table title instead; subject_type corrected to 'fund' on a row both lanes typed 'investment': the label names a vehicle (L.P., LLC, or a named fund) in a fund schedule carrying Vintage, Strategy and capital-account columns, and a vehicle is 'fund' while 'investment' is a holding inside one. The 'By Investment' column header names the program's relationship to these funds, not what they are, and a whole table of 'investment' is the documented sign the label was not read. Agreement between the lanes does not settle a classification, and SRC063 in this shard types the same kind of object 'fund'; metric_name is the printed column header in full, 'TVPI (X)'; B trimmed the printed qualifier; evidence_quote is the full printed line, which proves the value; B quoted the bare figure only.",RESOLVED,A+B+ADJUDICATOR,efccda783490f37c841b4335300e864503edab8861c88ea4aff51b0e1ff3a189
611b2405ee93ffb979a7,SRC035,2,PAIR_DD13294361136A6AEEED7DDA,CONTEXT_CONFLICT,195,195,source_section|evidence_quote,MERGE,"Verified against page-2 image. source_section is the exact printed section heading, 'Performance Analysis', which every page prints under the program name and above the table; the trailing '| As of December 31, 2021' is a date and is excluded. A left it blank, and on the context row used the table title instead; subject_type corrected to 'fund' on a row both lanes typed 'investment': the label names a vehicle (L.P., LLC, or a named fund) in a fund schedule carrying Vintage, Strategy and capital-account columns, and a vehicle is 'fund' while 'investment' is a holding inside one. The 'By Investment' column header names the program's relationship to these funds, not what they are, and a whole table of 'investment' is the documented sign the label was not read. Agreement between the lanes does not settle a classification, and SRC063 in this shard types the same kind of object 'fund'; evidence_quote is the full printed line, which proves the value; B quoted the bare figure only.",RESOLVED,A+B+ADJUDICATOR,efccda783490f37c841b4335300e864503edab8861c88ea4aff51b0e1ff3a189
9c573e440dcaf96f4683,SRC035,2,PAIR_A49679B0BA8C041E9F026221,CONTEXT_CONFLICT,196,196,source_section|evidence_quote,MERGE,"Verified against page-2 image. source_section is the exact printed section heading, 'Performance Analysis', which every page prints under the program name and above the table; the trailing '| As of December 31, 2021' is a date and is excluded. A left it blank, and on the context row used the table title instead; subject_type corrected to 'fund' on a row both lanes typed 'investment': the label names a vehicle (L.P., LLC, or a named fund) in a fund schedule carrying Vintage, Strategy and capital-account columns, and a vehicle is 'fund' while 'investment' is a holding inside one. The 'By Investment' column header names the program's relationship to these funds, not what they are, and a whole table of 'investment' is the documented sign the label was not read. Agreement between the lanes does not settle a classification, and SRC063 in this shard types the same kind of object 'fund'; evidence_quote is the full printed line, which proves the value; B quoted the bare figure only.",RESOLVED,A+B+ADJUDICATOR,efccda783490f37c841b4335300e864503edab8861c88ea4aff51b0e1ff3a189
e92930d3adbbb9679ede,SRC035,2,PAIR_EA992F781EA349F6A960E95C,CONTEXT_CONFLICT,197,197,source_section|evidence_quote,MERGE,"Verified against page-2 image. source_section is the exact printed section heading, 'Performance Analysis', which every page prints under the program name and above the table; the trailing '| As of December 31, 2021' is a date and is excluded. A left it blank, and on the context row used the table title instead; subject_type corrected to 'fund' on a row both lanes typed 'investment': the label names a vehicle (L.P., LLC, or a named fund) in a fund schedule carrying Vintage, Strategy and capital-account columns, and a vehicle is 'fund' while 'investment' is a holding inside one. The 'By Investment' column header names the program's relationship to these funds, not what they are, and a whole table of 'investment' is the documented sign the label was not read. Agreement between the lanes does not settle a classification, and SRC063 in this shard types the same kind of object 'fund'; evidence_quote is the full printed line, which proves the value; B quoted the bare figure only.",RESOLVED,A+B+ADJUDICATOR,efccda783490f37c841b4335300e864503edab8861c88ea4aff51b0e1ff3a189
6690d9cd448a5f500238,SRC035,2,PAIR_E991F6F4F58D88A5EF411621,CONTEXT_CONFLICT,198,198,source_section|evidence_quote,MERGE,"Verified against page-2 image. source_section is the exact printed section heading, 'Performance Analysis', which every page prints under the program name and above the table; the trailing '| As of December 31, 2021' is a date and is excluded. A left it blank, and on the context row used the table title instead; subject_type corrected to 'fund' on a row both lanes typed 'investment': the label names a vehicle (L.P., LLC, or a named fund) in a fund schedule carrying Vintage, Strategy and capital-account columns, and a vehicle is 'fund' while 'investment' is a holding inside one. The 'By Investment' column header names the program's relationship to these funds, not what they are, and a whole table of 'investment' is the documented sign the label was not read. Agreement between the lanes does not settle a classification, and SRC063 in this shard types the same kind of object 'fund'; evidence_quote is the full printed line, which proves the value; B quoted the bare figure only.",RESOLVED,A+B+ADJUDICATOR,efccda783490f37c841b4335300e864503edab8861c88ea4aff51b0e1ff3a189
129276a7c71afb0f232d,SRC035,2,PAIR_B7731FAAE63045044D643778,CONTEXT_CONFLICT,199,199,source_section|metric_name|evidence_quote,MERGE,"Verified against page-2 image. source_section is the exact printed section heading, 'Performance Analysis', which every page prints under the program name and above the table; the trailing '| As of December 31, 2021' is a date and is excluded. A left it blank, and on the context row used the table title instead; subject_type corrected to 'fund' on a row both lanes typed 'investment': the label names a vehicle (L.P., LLC, or a named fund) in a fund schedule carrying Vintage, Strategy and capital-account columns, and a vehicle is 'fund' while 'investment' is a holding inside one. The 'By Investment' column header names the program's relationship to these funds, not what they are, and a whole table of 'investment' is the documented sign the label was not read. Agreement between the lanes does not settle a classification, and SRC063 in this shard types the same kind of object 'fund'; metric_name is the printed column header in full, 'IRR (%)'; B trimmed the printed qualifier; evidence_quote is the full printed line, which proves the value; B quoted the bare figure only.; Source review: p2: IRR (All report pages were reviewed; no fee-basis statement qualifies this IRR.)",RESOLVED,A+B+ADJUDICATOR,efccda783490f37c841b4335300e864503edab8861c88ea4aff51b0e1ff3a189
866b3fb6a2994674465d,SRC035,2,PAIR_45D8B8FEFE0C25D177758E7B,CONTEXT_CONFLICT,200,200,source_section|evidence_quote,MERGE,"Verified against page-2 image. source_section is the exact printed section heading, 'Performance Analysis', which every page prints under the program name and above the table; the trailing '| As of December 31, 2021' is a date and is excluded. A left it blank, and on the context row used the table title instead; subject_type corrected to 'fund' on a row both lanes typed 'investment': the label names a vehicle (L.P., LLC, or a named fund) in a fund schedule carrying Vintage, Strategy and capital-account columns, and a vehicle is 'fund' while 'investment' is a holding inside one. The 'By Investment' column header names the program's relationship to these funds, not what they are, and a whole table of 'investment' is the documented sign the label was not read. Agreement between the lanes does not settle a classification, and SRC063 in this shard types the same kind of object 'fund'; evidence_quote is the full printed line, which proves the value; B quoted the bare figure only.; Source review: p2: Oregon Growth Account (The portfolio report distinguishes investor positions from its aggregate rows.) | p2: Oregon Growth Account (Printed heading or definition supporting the source-reviewed qualifier.) | p2: Oregon Growth Account (Supersedes SR2040: the printed entity or table label is context, not a measurement basis; source labels retain its scope.)",RESOLVED,A+B+ADJUDICATOR,efccda783490f37c841b4335300e864503edab8861c88ea4aff51b0e1ff3a189
797a29fa624614368565,SRC035,2,PAIR_8C29EDFC8FADB4D7128BA422,CONTEXT_CONFLICT,201,201,source_section|metric_name|evidence_quote,MERGE,"Verified against page-2 image. source_section is the exact printed section heading, 'Performance Analysis', which every page prints under the program name and above the table; the trailing '| As of December 31, 2021' is a date and is excluded. A left it blank, and on the context row used the table title instead; subject_type corrected to 'fund' on a row both lanes typed 'investment': the label names a vehicle (L.P., LLC, or a named fund) in a fund schedule carrying Vintage, Strategy and capital-account columns, and a vehicle is 'fund' while 'investment' is a holding inside one. The 'By Investment' column header names the program's relationship to these funds, not what they are, and a whole table of 'investment' is the documented sign the label was not read. Agreement between the lanes does not settle a classification, and SRC063 in this shard types the same kind of object 'fund'; metric_name is the printed column header in full, 'TVPI (X)'; B trimmed the printed qualifier; evidence_quote is the full printed line, which proves the value; B quoted the bare figure only.",RESOLVED,A+B+ADJUDICATOR,efccda783490f37c841b4335300e864503edab8861c88ea4aff51b0e1ff3a189
bf94f8db7bb4d20a68ec,SRC035,2,PAIR_9BF8EB30FFA8ED04B9141CD9,CONTEXT_CONFLICT,202,202,source_section|evidence_quote,MERGE,"Verified against page-2 image. source_section is the exact printed section heading, 'Performance Analysis', which every page prints under the program name and above the table; the trailing '| As of December 31, 2021' is a date and is excluded. A left it blank, and on the context row used the table title instead; subject_type corrected to 'fund' on a row both lanes typed 'investment': the label names a vehicle (L.P., LLC, or a named fund) in a fund schedule carrying Vintage, Strategy and capital-account columns, and a vehicle is 'fund' while 'investment' is a holding inside one. The 'By Investment' column header names the program's relationship to these funds, not what they are, and a whole table of 'investment' is the documented sign the label was not read. Agreement between the lanes does not settle a classification, and SRC063 in this shard types the same kind of object 'fund'; evidence_quote is the full printed line, which proves the value; B quoted the bare figure only.",RESOLVED,A+B+ADJUDICATOR,efccda783490f37c841b4335300e864503edab8861c88ea4aff51b0e1ff3a189
6ba4bf5c3b02bbc54657,SRC035,2,PAIR_697AFB2C9A16A1611C866AD1,CONTEXT_CONFLICT,203,203,source_section|evidence_quote,MERGE,"Verified against page-2 image. source_section is the exact printed section heading, 'Performance Analysis', which every page prints under the program name and above the table; the trailing '| As of December 31, 2021' is a date and is excluded. A left it blank, and on the context row used the table title instead; subject_type corrected to 'fund' on a row both lanes typed 'investment': the label names a vehicle (L.P., LLC, or a named fund) in a fund schedule carrying Vintage, Strategy and capital-account columns, and a vehicle is 'fund' while 'investment' is a holding inside one. The 'By Investment' column header names the program's relationship to these funds, not what they are, and a whole table of 'investment' is the documented sign the label was not read. Agreement between the lanes does not settle a classification, and SRC063 in this shard types the same kind of object 'fund'; evidence_quote is the full printed line, which proves the value; B quoted the bare figure only.",RESOLVED,A+B+ADJUDICATOR,efccda783490f37c841b4335300e864503edab8861c88ea4aff51b0e1ff3a189
ac213c198bcdef1a906c,SRC035,2,PAIR_8FC51AED3E66FE2C1FDADB18,CONTEXT_CONFLICT,204,204,source_section|evidence_quote,MERGE,"Verified against page-2 image. source_section is the exact printed section heading, 'Performance Analysis', which every page prints under the program name and above the table; the trailing '| As of December 31, 2021' is a date and is excluded. A left it blank, and on the context row used the table title instead; subject_type corrected to 'fund' on a row both lanes typed 'investment': the label names a vehicle (L.P., LLC, or a named fund) in a fund schedule carrying Vintage, Strategy and capital-account columns, and a vehicle is 'fund' while 'investment' is a holding inside one. The 'By Investment' column header names the program's relationship to these funds, not what they are, and a whole table of 'investment' is the documented sign the label was not read. Agreement between the lanes does not settle a classification, and SRC063 in this shard types the same kind of object 'fund'; evidence_quote is the full printed line, which proves the value; B quoted the bare figure only.",RESOLVED,A+B+ADJUDICATOR,efccda783490f37c841b4335300e864503edab8861c88ea4aff51b0e1ff3a189
7480930a8003213f4837,SRC035,2,PAIR_5CBD32153D79AF0B584654CE,CONTEXT_CONFLICT,205,205,source_section|evidence_quote,MERGE,"Verified against page-2 image. source_section is the exact printed section heading, 'Performance Analysis', which every page prints under the program name and above the table; the trailing '| As of December 31, 2021' is a date and is excluded. A left it blank, and on the context row used the table title instead; subject_type corrected to 'fund' on a row both lanes typed 'investment': the label names a vehicle (L.P., LLC, or a named fund) in a fund schedule carrying Vintage, Strategy and capital-account columns, and a vehicle is 'fund' while 'investment' is a holding inside one. The 'By Investment' column header names the program's relationship to these funds, not what they are, and a whole table of 'investment' is the documented sign the label was not read. Agreement between the lanes does not settle a classification, and SRC063 in this shard types the same kind of object 'fund'; evidence_quote is the full printed line, which proves the value; B quoted the bare figure only.",RESOLVED,A+B+ADJUDICATOR,efccda783490f37c841b4335300e864503edab8861c88ea4aff51b0e1ff3a189
84f0ffb52422df2395a8,SRC035,2,PAIR_6E14FBA25F81F2376F3FE758,CONTEXT_CONFLICT,206,206,source_section|metric_name|evidence_quote,MERGE,"Verified against page-2 image. source_section is the exact printed section heading, 'Performance Analysis', which every page prints under the program name and above the table; the trailing '| As of December 31, 2021' is a date and is excluded. A left it blank, and on the context row used the table title instead; subject_type corrected to 'fund' on a row both lanes typed 'investment': the label names a vehicle (L.P., LLC, or a named fund) in a fund schedule carrying Vintage, Strategy and capital-account columns, and a vehicle is 'fund' while 'investment' is a holding inside one. The 'By Investment' column header names the program's relationship to these funds, not what they are, and a whole table of 'investment' is the documented sign the label was not read. Agreement between the lanes does not settle a classification, and SRC063 in this shard types the same kind of object 'fund'; metric_name is the printed column header in full, 'IRR (%)'; B trimmed the printed qualifier; evidence_quote is the full printed line, which proves the value; B quoted the bare figure only.; Source review: p2: IRR (All report pages were reviewed; no fee-basis statement qualifies this IRR.)",RESOLVED,A+B+ADJUDICATOR,efccda783490f37c841b4335300e864503edab8861c88ea4aff51b0e1ff3a189
fb0f1eabf8d52365112a,SRC035,2,PAIR_FBFC0261A0C4989D57EDAF5E,CONTEXT_CONFLICT,207,207,source_section|evidence_quote,MERGE,"Verified against page-2 image. source_section is the exact printed section heading, 'Performance Analysis', which every page prints under the program name and above the table; the trailing '| As of December 31, 2021' is a date and is excluded. A left it blank, and on the context row used the table title instead; subject_type corrected to 'fund' on a row both lanes typed 'investment': the label names a vehicle (L.P., LLC, or a named fund) in a fund schedule carrying Vintage, Strategy and capital-account columns, and a vehicle is 'fund' while 'investment' is a holding inside one. The 'By Investment' column header names the program's relationship to these funds, not what they are, and a whole table of 'investment' is the documented sign the label was not read. Agreement between the lanes does not settle a classification, and SRC063 in this shard types the same kind of object 'fund'; evidence_quote is the full printed line, which proves the value; B quoted the bare figure only.; Source review: p2: Oregon Growth Account (The portfolio report distinguishes investor positions from its aggregate rows.) | p2: Oregon Growth Account (Printed heading or definition supporting the source-reviewed qualifier.) | p2: Oregon Growth Account (Supersedes SR2041: the printed entity or table label is context, not a measurement basis; source labels retain its scope.)",RESOLVED,A+B+ADJUDICATOR,efccda783490f37c841b4335300e864503edab8861c88ea4aff51b0e1ff3a189
ff25917994077195039d,SRC035,2,PAIR_1AAE08BD6AC87B536811459F,CONTEXT_CONFLICT,208,208,source_section|metric_name|evidence_quote,MERGE,"Verified against page-2 image. source_section is the exact printed section heading, 'Performance Analysis', which every page prints under the program name and above the table; the trailing '| As of December 31, 2021' is a date and is excluded. A left it blank, and on the context row used the table title instead; subject_type corrected to 'fund' on a row both lanes typed 'investment': the label names a vehicle (L.P., LLC, or a named fund) in a fund schedule carrying Vintage, Strategy and capital-account columns, and a vehicle is 'fund' while 'investment' is a holding inside one. The 'By Investment' column header names the program's relationship to these funds, not what they are, and a whole table of 'investment' is the documented sign the label was not read. Agreement between the lanes does not settle a classification, and SRC063 in this shard types the same kind of object 'fund'; metric_name is the printed column header in full, 'TVPI (X)'; B trimmed the printed qualifier; evidence_quote is the full printed line, which proves the value; B quoted the bare figure only.",RESOLVED,A+B+ADJUDICATOR,efccda783490f37c841b4335300e864503edab8861c88ea4aff51b0e1ff3a189
270581bec99821dd5405,SRC035,2,PAIR_6982DF011D3BD3BD2B985A7A,CONTEXT_CONFLICT,209,209,source_section|evidence_quote,MERGE,"Verified against page-2 image. source_section is the exact printed section heading, 'Performance Analysis', which every page prints under the program name and above the table; the trailing '| As of December 31, 2021' is a date and is excluded. A left it blank, and on the context row used the table title instead; subject_type corrected to 'fund' on a row both lanes typed 'investment': the label names a vehicle (L.P., LLC, or a named fund) in a fund schedule carrying Vintage, Strategy and capital-account columns, and a vehicle is 'fund' while 'investment' is a holding inside one. The 'By Investment' column header names the program's relationship to these funds, not what they are, and a whole table of 'investment' is the documented sign the label was not read. Agreement between the lanes does not settle a classification, and SRC063 in this shard types the same kind of object 'fund'; evidence_quote is the full printed line, which proves the value; B quoted the bare figure only.",RESOLVED,A+B+ADJUDICATOR,efccda783490f37c841b4335300e864503edab8861c88ea4aff51b0e1ff3a189
fc938b0d010a170cefbc,SRC035,2,PAIR_780F4E028A4674E78837050E,CONTEXT_CONFLICT,210,210,source_section|evidence_quote,MERGE,"Verified against page-2 image. source_section is the exact printed section heading, 'Performance Analysis', which every page prints under the program name and above the table; the trailing '| As of December 31, 2021' is a date and is excluded. A left it blank, and on the context row used the table title instead; subject_type corrected to 'fund' on a row both lanes typed 'investment': the label names a vehicle (L.P., LLC, or a named fund) in a fund schedule carrying Vintage, Strategy and capital-account columns, and a vehicle is 'fund' while 'investment' is a holding inside one. The 'By Investment' column header names the program's relationship to these funds, not what they are, and a whole table of 'investment' is the documented sign the label was not read. Agreement between the lanes does not settle a classification, and SRC063 in this shard types the same kind of object 'fund'; evidence_quote is the full printed line, which proves the value; B quoted the bare figure only.",RESOLVED,A+B+ADJUDICATOR,efccda783490f37c841b4335300e864503edab8861c88ea4aff51b0e1ff3a189
07a0598c8efbb6b10751,SRC035,2,PAIR_77531B5B0F9C44C0E8C105DF,CONTEXT_CONFLICT,211,211,source_section|evidence_quote,MERGE,"Verified against page-2 image. source_section is the exact printed section heading, 'Performance Analysis', which every page prints under the program name and above the table; the trailing '| As of December 31, 2021' is a date and is excluded. A left it blank, and on the context row used the table title instead; subject_type corrected to 'fund' on a row both lanes typed 'investment': the label names a vehicle (L.P., LLC, or a named fund) in a fund schedule carrying Vintage, Strategy and capital-account columns, and a vehicle is 'fund' while 'investment' is a holding inside one. The 'By Investment' column header names the program's relationship to these funds, not what they are, and a whole table of 'investment' is the documented sign the label was not read. Agreement between the lanes does not settle a classification, and SRC063 in this shard types the same kind of object 'fund'; evidence_quote is the full printed line, which proves the value; B quoted the bare figure only.",RESOLVED,A+B+ADJUDICATOR,efccda783490f37c841b4335300e864503edab8861c88ea4aff51b0e1ff3a189
0c7b6b62db6593bd6832,SRC035,2,PAIR_F78EB175C2F6FCC92A3CC4B2,CONTEXT_CONFLICT,212,212,source_section|evidence_quote,MERGE,"Verified against page-2 image. source_section is the exact printed section heading, 'Performance Analysis', which every page prints under the program name and above the table; the trailing '| As of December 31, 2021' is a date and is excluded. A left it blank, and on the context row used the table title instead; subject_type corrected to 'fund' on a row both lanes typed 'investment': the label names a vehicle (L.P., LLC, or a named fund) in a fund schedule carrying Vintage, Strategy and capital-account columns, and a vehicle is 'fund' while 'investment' is a holding inside one. The 'By Investment' column header names the program's relationship to these funds, not what they are, and a whole table of 'investment' is the documented sign the label was not read. Agreement between the lanes does not settle a classification, and SRC063 in this shard types the same kind of object 'fund'; evidence_quote is the full printed line, which proves the value; B quoted the bare figure only.",RESOLVED,A+B+ADJUDICATOR,efccda783490f37c841b4335300e864503edab8861c88ea4aff51b0e1ff3a189
f4fc9d4f8b0c9d667ab2,SRC035,2,PAIR_A1C3CFE437F24D3FC93C41DA,CONTEXT_CONFLICT,213,213,source_section|metric_name|evidence_quote,MERGE,"Verified against page-2 image. source_section is the exact printed section heading, 'Performance Analysis', which every page prints under the program name and above the table; the trailing '| As of December 31, 2021' is a date and is excluded. A left it blank, and on the context row used the table title instead; subject_type corrected to 'fund' on a row both lanes typed 'investment': the label names a vehicle (L.P., LLC, or a named fund) in a fund schedule carrying Vintage, Strategy and capital-account columns, and a vehicle is 'fund' while 'investment' is a holding inside one. The 'By Investment' column header names the program's relationship to these funds, not what they are, and a whole table of 'investment' is the documented sign the label was not read. Agreement between the lanes does not settle a classification, and SRC063 in this shard types the same kind of object 'fund'; metric_name is the printed column header in full, 'IRR (%)'; B trimmed the printed qualifier; evidence_quote is the full printed line, which proves the value; B quoted the bare figure only.; Source review: p2: IRR (All report pages were reviewed; no fee-basis statement qualifies this IRR.)",RESOLVED,A+B+ADJUDICATOR,efccda783490f37c841b4335300e864503edab8861c88ea4aff51b0e1ff3a189
6168615c932433fd823f,SRC035,2,PAIR_5A71D1ABD417973172E345D2,CONTEXT_CONFLICT,214,214,source_section|evidence_quote,MERGE,"Verified against page-2 image. source_section is the exact printed section heading, 'Performance Analysis', which every page prints under the program name and above the table; the trailing '| As of December 31, 2021' is a date and is excluded. A left it blank, and on the context row used the table title instead; subject_type corrected to 'fund' on a row both lanes typed 'investment': the label names a vehicle (L.P., LLC, or a named fund) in a fund schedule carrying Vintage, Strategy and capital-account columns, and a vehicle is 'fund' while 'investment' is a holding inside one. The 'By Investment' column header names the program's relationship to these funds, not what they are, and a whole table of 'investment' is the documented sign the label was not read. Agreement between the lanes does not settle a classification, and SRC063 in this shard types the same kind of object 'fund'; evidence_quote is the full printed line, which proves the value; B quoted the bare figure only.; Source review: p2: Oregon Growth Account (The portfolio report distinguishes investor positions from its aggregate rows.) | p2: Oregon Growth Account (Printed heading or definition supporting the source-reviewed qualifier.) | p2: Oregon Growth Account (Supersedes SR2042: the printed entity or table label is context, not a measurement basis; source labels retain its scope.)",RESOLVED,A+B+ADJUDICATOR,efccda783490f37c841b4335300e864503edab8861c88ea4aff51b0e1ff3a189
b0986ab56af7f5fe842e,SRC035,2,PAIR_9FCAC7F486DFD0E824B01D32,CONTEXT_CONFLICT,215,215,source_section|metric_name|evidence_quote,MERGE,"Verified against page-2 image. source_section is the exact printed section heading, 'Performance Analysis', which every page prints under the program name and above the table; the trailing '| As of December 31, 2021' is a date and is excluded. A left it blank, and on the context row used the table title instead; subject_type corrected to 'fund' on a row both lanes typed 'investment': the label names a vehicle (L.P., LLC, or a named fund) in a fund schedule carrying Vintage, Strategy and capital-account columns, and a vehicle is 'fund' while 'investment' is a holding inside one. The 'By Investment' column header names the program's relationship to these funds, not what they are, and a whole table of 'investment' is the documented sign the label was not read. Agreement between the lanes does not settle a classification, and SRC063 in this shard types the same kind of object 'fund'; metric_name is the printed column header in full, 'TVPI (X)'; B trimmed the printed qualifier; evidence_quote is the full printed line, which proves the value; B quoted the bare figure only.",RESOLVED,A+B+ADJUDICATOR,efccda783490f37c841b4335300e864503edab8861c88ea4aff51b0e1ff3a189
5589a50c9898c85d6836,SRC035,2,PAIR_D178E98E599C6DD06E4E78F6,CONTEXT_CONFLICT,216,216,source_section|evidence_quote,MERGE,"Verified against page-2 image. source_section is the exact printed section heading, 'Performance Analysis', which every page prints under the program name and above the table; the trailing '| As of December 31, 2021' is a date and is excluded. A left it blank, and on the context row used the table title instead; subject_type corrected to 'fund' on a row both lanes typed 'investment': the label names a vehicle (L.P., LLC, or a named fund) in a fund schedule carrying Vintage, Strategy and capital-account columns, and a vehicle is 'fund' while 'investment' is a holding inside one. The 'By Investment' column header names the program's relationship to these funds, not what they are, and a whole table of 'investment' is the documented sign the label was not read. Agreement between the lanes does not settle a classification, and SRC063 in this shard types the same kind of object 'fund'; evidence_quote is the full printed line, which proves the value; B quoted the bare figure only.",RESOLVED,A+B+ADJUDICATOR,efccda783490f37c841b4335300e864503edab8861c88ea4aff51b0e1ff3a189
bd1bd38b3f915a3878d1,SRC035,2,PAIR_5C0BD87B70E1838184BBF3E4,CONTEXT_CONFLICT,217,217,source_section|evidence_quote,MERGE,"Verified against page-2 image. source_section is the exact printed section heading, 'Performance Analysis', which every page prints under the program name and above the table; the trailing '| As of December 31, 2021' is a date and is excluded. A left it blank, and on the context row used the table title instead; subject_type corrected to 'fund' on a row both lanes typed 'investment': the label names a vehicle (L.P., LLC, or a named fund) in a fund schedule carrying Vintage, Strategy and capital-account columns, and a vehicle is 'fund' while 'investment' is a holding inside one. The 'By Investment' column header names the program's relationship to these funds, not what they are, and a whole table of 'investment' is the documented sign the label was not read. Agreement between the lanes does not settle a classification, and SRC063 in this shard types the same kind of object 'fund'; evidence_quote is the full printed line, which proves the value; B quoted the bare figure only.",RESOLVED,A+B+ADJUDICATOR,efccda783490f37c841b4335300e864503edab8861c88ea4aff51b0e1ff3a189
5c015de3077891fc94d5,SRC035,2,PAIR_1F56B60C9359475886D64136,CONTEXT_CONFLICT,218,218,source_section|evidence_quote,MERGE,"Verified against page-2 image. source_section is the exact printed section heading, 'Performance Analysis', which every page prints under the program name and above the table; the trailing '| As of December 31, 2021' is a date and is excluded. A left it blank, and on the context row used the table title instead; subject_type corrected to 'fund' on a row both lanes typed 'investment': the label names a vehicle (L.P., LLC, or a named fund) in a fund schedule carrying Vintage, Strategy and capital-account columns, and a vehicle is 'fund' while 'investment' is a holding inside one. The 'By Investment' column header names the program's relationship to these funds, not what they are, and a whole table of 'investment' is the documented sign the label was not read. Agreement between the lanes does not settle a classification, and SRC063 in this shard types the same kind of object 'fund'; evidence_quote is the full printed line, which proves the value; B quoted the bare figure only.",RESOLVED,A+B+ADJUDICATOR,efccda783490f37c841b4335300e864503edab8861c88ea4aff51b0e1ff3a189
39c0a0df405bf3c6df35,SRC035,2,PAIR_B4F6CE33723D8102F77225C9,CONTEXT_CONFLICT,219,219,source_section|evidence_quote,MERGE,"Verified against page-2 image. source_section is the exact printed section heading, 'Performance Analysis', which every page prints under the program name and above the table; the trailing '| As of December 31, 2021' is a date and is excluded. A left it blank, and on the context row used the table title instead; subject_type corrected to 'fund' on a row both lanes typed 'investment': the label names a vehicle (L.P., LLC, or a named fund) in a fund schedule carrying Vintage, Strategy and capital-account columns, and a vehicle is 'fund' while 'investment' is a holding inside one. The 'By Investment' column header names the program's relationship to these funds, not what they are, and a whole table of 'investment' is the documented sign the label was not read. Agreement between the lanes does not settle a classification, and SRC063 in this shard types the same kind of object 'fund'; evidence_quote is the full printed line, which proves the value; B quoted the bare figure only.",RESOLVED,A+B+ADJUDICATOR,efccda783490f37c841b4335300e864503edab8861c88ea4aff51b0e1ff3a189
9dcf5f1c39392db322a9,SRC035,2,PAIR_9C516303A43C7E2E6ED0758D,CONTEXT_CONFLICT,220,220,source_section|metric_name|evidence_quote,MERGE,"Verified against page-2 image. source_section is the exact printed section heading, 'Performance Analysis', which every page prints under the program name and above the table; the trailing '| As of December 31, 2021' is a date and is excluded. A left it blank, and on the context row used the table title instead; subject_type corrected to 'fund' on a row both lanes typed 'investment': the label names a vehicle (L.P., LLC, or a named fund) in a fund schedule carrying Vintage, Strategy and capital-account columns, and a vehicle is 'fund' while 'investment' is a holding inside one. The 'By Investment' column header names the program's relationship to these funds, not what they are, and a whole table of 'investment' is the documented sign the label was not read. Agreement between the lanes does not settle a classification, and SRC063 in this shard types the same kind of object 'fund'; metric_name is the printed column header in full, 'IRR (%)'; B trimmed the printed qualifier; evidence_quote is the full printed line, which proves the value; B quoted the bare figure only.; Source review: p2: IRR (All report pages were reviewed; no fee-basis statement qualifies this IRR.)",RESOLVED,A+B+ADJUDICATOR,efccda783490f37c841b4335300e864503edab8861c88ea4aff51b0e1ff3a189
14afa673ff176833ad29,SRC035,2,PAIR_00703912659664A69B62060C,CONTEXT_CONFLICT,221,221,source_section|evidence_quote,MERGE,"Verified against page-2 image. source_section is the exact printed section heading, 'Performance Analysis', which every page prints under the program name and above the table; the trailing '| As of December 31, 2021' is a date and is excluded. A left it blank, and on the context row used the table title instead; subject_type corrected to 'fund' on a row both lanes typed 'investment': the label names a vehicle (L.P., LLC, or a named fund) in a fund schedule carrying Vintage, Strategy and capital-account columns, and a vehicle is 'fund' while 'investment' is a holding inside one. The 'By Investment' column header names the program's relationship to these funds, not what they are, and a whole table of 'investment' is the documented sign the label was not read. Agreement between the lanes does not settle a classification, and SRC063 in this shard types the same kind of object 'fund'; evidence_quote is the full printed line, which proves the value; B quoted the bare figure only.; Source review: p2: Oregon Growth Account (The portfolio report distinguishes investor positions from its aggregate rows.) | p2: Oregon Growth Account (Printed heading or definition supporting the source-reviewed qualifier.) | p2: Oregon Growth Account (Supersedes SR2043: the printed entity or table label is context, not a measurement basis; source labels retain its scope.)",RESOLVED,A+B+ADJUDICATOR,efccda783490f37c841b4335300e864503edab8861c88ea4aff51b0e1ff3a189
a8ada089c2c705a69770,SRC035,2,PAIR_E6305054AB2BB55E3CB89146,CONTEXT_CONFLICT,222,222,source_section|metric_name|evidence_quote,MERGE,"Verified against page-2 image. source_section is the exact printed section heading, 'Performance Analysis', which every page prints under the program name and above the table; the trailing '| As of December 31, 2021' is a date and is excluded. A left it blank, and on the context row used the table title instead; subject_type corrected to 'fund' on a row both lanes typed 'investment': the label names a vehicle (L.P., LLC, or a named fund) in a fund schedule carrying Vintage, Strategy and capital-account columns, and a vehicle is 'fund' while 'investment' is a holding inside one. The 'By Investment' column header names the program's relationship to these funds, not what they are, and a whole table of 'investment' is the documented sign the label was not read. Agreement between the lanes does not settle a classification, and SRC063 in this shard types the same kind of object 'fund'; metric_name is the printed column header in full, 'TVPI (X)'; B trimmed the printed qualifier; evidence_quote is the full printed line, which proves the value; B quoted the bare figure only.",RESOLVED,A+B+ADJUDICATOR,efccda783490f37c841b4335300e864503edab8861c88ea4aff51b0e1ff3a189
ea8b09ce30ae7019a3e5,SRC035,2,PAIR_77F024E2C6D13002EB0A1974,CONTEXT_CONFLICT,223,223,source_section|evidence_quote,MERGE,"Verified against page-2 image. source_section is the exact printed section heading, 'Performance Analysis', which every page prints under the program name and above the table; the trailing '| As of December 31, 2021' is a date and is excluded. A left it blank, and on the context row used the table title instead; subject_type corrected to 'fund' on a row both lanes typed 'investment': the label names a vehicle (L.P., LLC, or a named fund) in a fund schedule carrying Vintage, Strategy and capital-account columns, and a vehicle is 'fund' while 'investment' is a holding inside one. The 'By Investment' column header names the program's relationship to these funds, not what they are, and a whole table of 'investment' is the documented sign the label was not read. Agreement between the lanes does not settle a classification, and SRC063 in this shard types the same kind of object 'fund'; evidence_quote is the full printed line, which proves the value; B quoted the bare figure only.",RESOLVED,A+B+ADJUDICATOR,efccda783490f37c841b4335300e864503edab8861c88ea4aff51b0e1ff3a189
3987fdf20d90ed4f57bb,SRC035,2,PAIR_45477052AB7B5B14AB08DAAF,CONTEXT_CONFLICT,224,224,source_section|evidence_quote,MERGE,"Verified against page-2 image. source_section is the exact printed section heading, 'Performance Analysis', which every page prints under the program name and above the table; the trailing '| As of December 31, 2021' is a date and is excluded. A left it blank, and on the context row used the table title instead; subject_type corrected to 'fund' on a row both lanes typed 'investment': the label names a vehicle (L.P., LLC, or a named fund) in a fund schedule carrying Vintage, Strategy and capital-account columns, and a vehicle is 'fund' while 'investment' is a holding inside one. The 'By Investment' column header names the program's relationship to these funds, not what they are, and a whole table of 'investment' is the documented sign the label was not read. Agreement between the lanes does not settle a classification, and SRC063 in this shard types the same kind of object 'fund'; evidence_quote is the full printed line, which proves the value; B quoted the bare figure only.",RESOLVED,A+B+ADJUDICATOR,efccda783490f37c841b4335300e864503edab8861c88ea4aff51b0e1ff3a189
1b3030d78c3370fcf3ed,SRC035,2,PAIR_8FA42761DB81AAC7BC6E59C2,CONTEXT_CONFLICT,225,225,source_section|evidence_quote,MERGE,"Verified against page-2 image. source_section is the exact printed section heading, 'Performance Analysis', which every page prints under the program name and above the table; the trailing '| As of December 31, 2021' is a date and is excluded. A left it blank, and on the context row used the table title instead; subject_type corrected to 'fund' on a row both lanes typed 'investment': the label names a vehicle (L.P., LLC, or a named fund) in a fund schedule carrying Vintage, Strategy and capital-account columns, and a vehicle is 'fund' while 'investment' is a holding inside one. The 'By Investment' column header names the program's relationship to these funds, not what they are, and a whole table of 'investment' is the documented sign the label was not read. Agreement between the lanes does not settle a classification, and SRC063 in this shard types the same kind of object 'fund'; evidence_quote is the full printed line, which proves the value; B quoted the bare figure only.",RESOLVED,A+B+ADJUDICATOR,efccda783490f37c841b4335300e864503edab8861c88ea4aff51b0e1ff3a189
30eb9dda805b57441e09,SRC035,2,PAIR_E111761E6FE0E03A6B5B7EFD,CONTEXT_CONFLICT,226,226,source_section|evidence_quote,MERGE,"Verified against page-2 image. source_section is the exact printed section heading, 'Performance Analysis', which every page prints under the program name and above the table; the trailing '| As of December 31, 2021' is a date and is excluded. A left it blank, and on the context row used the table title instead; subject_type corrected to 'fund' on a row both lanes typed 'investment': the label names a vehicle (L.P., LLC, or a named fund) in a fund schedule carrying Vintage, Strategy and capital-account columns, and a vehicle is 'fund' while 'investment' is a holding inside one. The 'By Investment' column header names the program's relationship to these funds, not what they are, and a whole table of 'investment' is the documented sign the label was not read. Agreement between the lanes does not settle a classification, and SRC063 in this shard types the same kind of object 'fund'; evidence_quote is the full printed line, which proves the value; B quoted the bare figure only.",RESOLVED,A+B+ADJUDICATOR,efccda783490f37c841b4335300e864503edab8861c88ea4aff51b0e1ff3a189
5c8c93d1ee03d68d4fc6,SRC035,2,PAIR_A7737B1D311ADC77231DFC84,CONTEXT_CONFLICT,227,227,source_section|metric_name|evidence_quote,MERGE,"Verified against page-2 image. source_section is the exact printed section heading, 'Performance Analysis', which every page prints under the program name and above the table; the trailing '| As of December 31, 2021' is a date and is excluded. A left it blank, and on the context row used the table title instead; subject_type corrected to 'fund' on a row both lanes typed 'investment': the label names a vehicle (L.P., LLC, or a named fund) in a fund schedule carrying Vintage, Strategy and capital-account columns, and a vehicle is 'fund' while 'investment' is a holding inside one. The 'By Investment' column header names the program's relationship to these funds, not what they are, and a whole table of 'investment' is the documented sign the label was not read. Agreement between the lanes does not settle a classification, and SRC063 in this shard types the same kind of object 'fund'; metric_name is the printed column header in full, 'IRR (%)'; B trimmed the printed qualifier; evidence_quote is the full printed line, which proves the value; B quoted the bare figure only.; Source review: p2: IRR (All report pages were reviewed; no fee-basis statement qualifies this IRR.)",RESOLVED,A+B+ADJUDICATOR,efccda783490f37c841b4335300e864503edab8861c88ea4aff51b0e1ff3a189
cbd7e985e8540315720c,SRC035,2,PAIR_9979133EC15D73D10BF12A8B,CONTEXT_CONFLICT,228,228,source_section|evidence_quote,MERGE,"Verified against page-2 image. source_section is the exact printed section heading, 'Performance Analysis', which every page prints under the program name and above the table; the trailing '| As of December 31, 2021' is a date and is excluded. A left it blank, and on the context row used the table title instead; subject_type corrected to 'fund' on a row both lanes typed 'investment': the label names a vehicle (L.P., LLC, or a named fund) in a fund schedule carrying Vintage, Strategy and capital-account columns, and a vehicle is 'fund' while 'investment' is a holding inside one. The 'By Investment' column header names the program's relationship to these funds, not what they are, and a whole table of 'investment' is the documented sign the label was not read. Agreement between the lanes does not settle a classification, and SRC063 in this shard types the same kind of object 'fund'; evidence_quote is the full printed line, which proves the value; B quoted the bare figure only.; Source review: p2: Oregon Growth Account (The portfolio report distinguishes investor positions from its aggregate rows.) | p2: Oregon Growth Account (Printed heading or definition supporting the source-reviewed qualifier.) | p2: Oregon Growth Account (Supersedes SR2044: the printed entity or table label is context, not a measurement basis; source labels retain its scope.)",RESOLVED,A+B+ADJUDICATOR,efccda783490f37c841b4335300e864503edab8861c88ea4aff51b0e1ff3a189
e852ad0d05d9e3dcc3cc,SRC035,2,PAIR_9C0CB2BC872D4721F9D518EB,CONTEXT_CONFLICT,229,229,source_section|metric_name|evidence_quote,MERGE,"Verified against page-2 image. source_section is the exact printed section heading, 'Performance Analysis', which every page prints under the program name and above the table; the trailing '| As of December 31, 2021' is a date and is excluded. A left it blank, and on the context row used the table title instead; subject_type corrected to 'fund' on a row both lanes typed 'investment': the label names a vehicle (L.P., LLC, or a named fund) in a fund schedule carrying Vintage, Strategy and capital-account columns, and a vehicle is 'fund' while 'investment' is a holding inside one. The 'By Investment' column header names the program's relationship to these funds, not what they are, and a whole table of 'investment' is the documented sign the label was not read. Agreement between the lanes does not settle a classification, and SRC063 in this shard types the same kind of object 'fund'; metric_name is the printed column header in full, 'TVPI (X)'; B trimmed the printed qualifier; evidence_quote is the full printed line, which proves the value; B quoted the bare figure only.",RESOLVED,A+B+ADJUDICATOR,efccda783490f37c841b4335300e864503edab8861c88ea4aff51b0e1ff3a189
760d1cb0c9c9dd3d7f44,SRC035,2,PAIR_700734E3C908CBBFC1F560FA,CONTEXT_CONFLICT,230,230,source_section|evidence_quote,MERGE,"Verified against page-2 image. source_section is the exact printed section heading, 'Performance Analysis', which every page prints under the program name and above the table; the trailing '| As of December 31, 2021' is a date and is excluded. A left it blank, and on the context row used the table title instead; subject_type corrected to 'fund' on a row both lanes typed 'investment': the label names a vehicle (L.P., LLC, or a named fund) in a fund schedule carrying Vintage, Strategy and capital-account columns, and a vehicle is 'fund' while 'investment' is a holding inside one. The 'By Investment' column header names the program's relationship to these funds, not what they are, and a whole table of 'investment' is the documented sign the label was not read. Agreement between the lanes does not settle a classification, and SRC063 in this shard types the same kind of object 'fund'; evidence_quote is the full printed line, which proves the value; B quoted the bare figure only.",RESOLVED,A+B+ADJUDICATOR,efccda783490f37c841b4335300e864503edab8861c88ea4aff51b0e1ff3a189
dabc0a4c6187b27ea374,SRC035,2,PAIR_5046814A7448B30BDAC30304,CONTEXT_CONFLICT,231,231,source_section|evidence_quote,MERGE,"Verified against page-2 image. source_section is the exact printed section heading, 'Performance Analysis', which every page prints under the program name and above the table; the trailing '| As of December 31, 2021' is a date and is excluded. A left it blank, and on the context row used the table title instead; subject_type corrected to 'fund' on a row both lanes typed 'investment': the label names a vehicle (L.P., LLC, or a named fund) in a fund schedule carrying Vintage, Strategy and capital-account columns, and a vehicle is 'fund' while 'investment' is a holding inside one. The 'By Investment' column header names the program's relationship to these funds, not what they are, and a whole table of 'investment' is the documented sign the label was not read. Agreement between the lanes does not settle a classification, and SRC063 in this shard types the same kind of object 'fund'; evidence_quote is the full printed line, which proves the value; B quoted the bare figure only.",RESOLVED,A+B+ADJUDICATOR,efccda783490f37c841b4335300e864503edab8861c88ea4aff51b0e1ff3a189
47daa215ba853809b71b,SRC035,2,PAIR_57A3F1EA46DAC5815A83A3B7,CONTEXT_CONFLICT,232,232,source_section|evidence_quote,MERGE,"Verified against page-2 image. source_section is the exact printed section heading, 'Performance Analysis', which every page prints under the program name and above the table; the trailing '| As of December 31, 2021' is a date and is excluded. A left it blank, and on the context row used the table title instead; subject_type corrected to 'fund' on a row both lanes typed 'investment': the label names a vehicle (L.P., LLC, or a named fund) in a fund schedule carrying Vintage, Strategy and capital-account columns, and a vehicle is 'fund' while 'investment' is a holding inside one. The 'By Investment' column header names the program's relationship to these funds, not what they are, and a whole table of 'investment' is the documented sign the label was not read. Agreement between the lanes does not settle a classification, and SRC063 in this shard types the same kind of object 'fund'; evidence_quote is the full printed line, which proves the value; B quoted the bare figure only.",RESOLVED,A+B+ADJUDICATOR,efccda783490f37c841b4335300e864503edab8861c88ea4aff51b0e1ff3a189
38875a71f318b9febdb0,SRC035,2,PAIR_38AC6525646D8AC334FE1851,CONTEXT_CONFLICT,233,233,source_section|evidence_quote,MERGE,"Verified against page-2 image. source_section is the exact printed section heading, 'Performance Analysis', which every page prints under the program name and above the table; the trailing '| As of December 31, 2021' is a date and is excluded. A left it blank, and on the context row used the table title instead; subject_type corrected to 'fund' on a row both lanes typed 'investment': the label names a vehicle (L.P., LLC, or a named fund) in a fund schedule carrying Vintage, Strategy and capital-account columns, and a vehicle is 'fund' while 'investment' is a holding inside one. The 'By Investment' column header names the program's relationship to these funds, not what they are, and a whole table of 'investment' is the documented sign the label was not read. Agreement between the lanes does not settle a classification, and SRC063 in this shard types the same kind of object 'fund'; evidence_quote is the full printed line, which proves the value; B quoted the bare figure only.",RESOLVED,A+B+ADJUDICATOR,efccda783490f37c841b4335300e864503edab8861c88ea4aff51b0e1ff3a189
cd4763a9013c8201a0ed,SRC035,2,PAIR_86314213AC11A67638D86A3C,CONTEXT_CONFLICT,234,234,source_section|metric_name|evidence_quote,MERGE,"Verified against page-2 image. source_section is the exact printed section heading, 'Performance Analysis', which every page prints under the program name and above the table; the trailing '| As of December 31, 2021' is a date and is excluded. A left it blank, and on the context row used the table title instead; subject_type corrected to 'fund' on a row both lanes typed 'investment': the label names a vehicle (L.P., LLC, or a named fund) in a fund schedule carrying Vintage, Strategy and capital-account columns, and a vehicle is 'fund' while 'investment' is a holding inside one. The 'By Investment' column header names the program's relationship to these funds, not what they are, and a whole table of 'investment' is the documented sign the label was not read. Agreement between the lanes does not settle a classification, and SRC063 in this shard types the same kind of object 'fund'; metric_name is the printed column header in full, 'IRR (%)'; B trimmed the printed qualifier; evidence_quote is the full printed line, which proves the value; B quoted the bare figure only.; Source review: p2: IRR (All report pages were reviewed; no fee-basis statement qualifies this IRR.)",RESOLVED,A+B+ADJUDICATOR,efccda783490f37c841b4335300e864503edab8861c88ea4aff51b0e1ff3a189
6aaa501c80ea09b46f52,SRC035,2,PAIR_C19E088F3B1656C18E26B76C,CONTEXT_CONFLICT,235,235,source_section|evidence_quote,MERGE,"Verified against page-2 image. source_section is the exact printed section heading, 'Performance Analysis', which every page prints under the program name and above the table; the trailing '| As of December 31, 2021' is a date and is excluded. A left it blank, and on the context row used the table title instead; subject_type corrected to 'fund' on a row both lanes typed 'investment': the label names a vehicle (L.P., LLC, or a named fund) in a fund schedule carrying Vintage, Strategy and capital-account columns, and a vehicle is 'fund' while 'investment' is a holding inside one. The 'By Investment' column header names the program's relationship to these funds, not what they are, and a whole table of 'investment' is the documented sign the label was not read. Agreement between the lanes does not settle a classification, and SRC063 in this shard types the same kind of object 'fund'; evidence_quote is the full printed line, which proves the value; B quoted the bare figure only.; Source review: p2: Oregon Growth Account (The portfolio report distinguishes investor positions from its aggregate rows.) | p2: Oregon Growth Account (Printed heading or definition supporting the source-reviewed qualifier.) | p2: Oregon Growth Account (Supersedes SR2045: the printed entity or table label is context, not a measurement basis; source labels retain its scope.)",RESOLVED,A+B+ADJUDICATOR,efccda783490f37c841b4335300e864503edab8861c88ea4aff51b0e1ff3a189
28147c09095f25a2d796,SRC035,2,PAIR_E1CA85DD41BCCA846CCB52A0,CONTEXT_CONFLICT,236,236,source_section|metric_name|evidence_quote,MERGE,"Verified against page-2 image. source_section is the exact printed section heading, 'Performance Analysis', which every page prints under the program name and above the table; the trailing '| As of December 31, 2021' is a date and is excluded. A left it blank, and on the context row used the table title instead; subject_type corrected to 'fund' on a row both lanes typed 'investment': the label names a vehicle (L.P., LLC, or a named fund) in a fund schedule carrying Vintage, Strategy and capital-account columns, and a vehicle is 'fund' while 'investment' is a holding inside one. The 'By Investment' column header names the program's relationship to these funds, not what they are, and a whole table of 'investment' is the documented sign the label was not read. Agreement between the lanes does not settle a classification, and SRC063 in this shard types the same kind of object 'fund'; metric_name is the printed column header in full, 'TVPI (X)'; B trimmed the printed qualifier; evidence_quote is the full printed line, which proves the value; B quoted the bare figure only.",RESOLVED,A+B+ADJUDICATOR,efccda783490f37c841b4335300e864503edab8861c88ea4aff51b0e1ff3a189
17250fbc75907753cb5c,SRC035,2,PAIR_D7043968BF7B98A0F1D40A27,CONTEXT_CONFLICT,237,237,source_section|evidence_quote,MERGE,"Verified against page-2 image. source_section is the exact printed section heading, 'Performance Analysis', which every page prints under the program name and above the table; the trailing '| As of December 31, 2021' is a date and is excluded. A left it blank, and on the context row used the table title instead; subject_type corrected to 'fund' on a row both lanes typed 'investment': the label names a vehicle (L.P., LLC, or a named fund) in a fund schedule carrying Vintage, Strategy and capital-account columns, and a vehicle is 'fund' while 'investment' is a holding inside one. The 'By Investment' column header names the program's relationship to these funds, not what they are, and a whole table of 'investment' is the documented sign the label was not read. Agreement between the lanes does not settle a classification, and SRC063 in this shard types the same kind of object 'fund'; evidence_quote is the full printed line, which proves the value; B quoted the bare figure only.",RESOLVED,A+B+ADJUDICATOR,efccda783490f37c841b4335300e864503edab8861c88ea4aff51b0e1ff3a189
cb6604036f7537c39c70,SRC035,2,PAIR_A86AC25E8D8BD00E37BB5B55,CONTEXT_CONFLICT,238,238,source_section|evidence_quote,MERGE,"Verified against page-2 image. source_section is the exact printed section heading, 'Performance Analysis', which every page prints under the program name and above the table; the trailing '| As of December 31, 2021' is a date and is excluded. A left it blank, and on the context row used the table title instead; subject_type corrected to 'fund' on a row both lanes typed 'investment': the label names a vehicle (L.P., LLC, or a named fund) in a fund schedule carrying Vintage, Strategy and capital-account columns, and a vehicle is 'fund' while 'investment' is a holding inside one. The 'By Investment' column header names the program's relationship to these funds, not what they are, and a whole table of 'investment' is the documented sign the label was not read. Agreement between the lanes does not settle a classification, and SRC063 in this shard types the same kind of object 'fund'; evidence_quote is the full printed line, which proves the value; B quoted the bare figure only.",RESOLVED,A+B+ADJUDICATOR,efccda783490f37c841b4335300e864503edab8861c88ea4aff51b0e1ff3a189
f4a210140776f3f5048c,SRC035,2,PAIR_1D46C8D8212AEF6721964A96,CONTEXT_CONFLICT,239,239,source_section|evidence_quote,MERGE,"Verified against page-2 image. source_section is the exact printed section heading, 'Performance Analysis', which every page prints under the program name and above the table; the trailing '| As of December 31, 2021' is a date and is excluded. A left it blank, and on the context row used the table title instead; subject_type corrected to 'fund' on a row both lanes typed 'investment': the label names a vehicle (L.P., LLC, or a named fund) in a fund schedule carrying Vintage, Strategy and capital-account columns, and a vehicle is 'fund' while 'investment' is a holding inside one. The 'By Investment' column header names the program's relationship to these funds, not what they are, and a whole table of 'investment' is the documented sign the label was not read. Agreement between the lanes does not settle a classification, and SRC063 in this shard types the same kind of object 'fund'; evidence_quote is the full printed line, which proves the value; B quoted the bare figure only.",RESOLVED,A+B+ADJUDICATOR,efccda783490f37c841b4335300e864503edab8861c88ea4aff51b0e1ff3a189
b39ea038c690830cb31d,SRC035,2,PAIR_93F3264157E52CF07C553A3F,CONTEXT_CONFLICT,240,240,source_section|evidence_quote,MERGE,"Verified against page-2 image. source_section is the exact printed section heading, 'Performance Analysis', which every page prints under the program name and above the table; the trailing '| As of December 31, 2021' is a date and is excluded. A left it blank, and on the context row used the table title instead; subject_type corrected to 'fund' on a row both lanes typed 'investment': the label names a vehicle (L.P., LLC, or a named fund) in a fund schedule carrying Vintage, Strategy and capital-account columns, and a vehicle is 'fund' while 'investment' is a holding inside one. The 'By Investment' column header names the program's relationship to these funds, not what they are, and a whole table of 'investment' is the documented sign the label was not read. Agreement between the lanes does not settle a classification, and SRC063 in this shard types the same kind of object 'fund'; evidence_quote is the full printed line, which proves the value; B quoted the bare figure only.",RESOLVED,A+B+ADJUDICATOR,efccda783490f37c841b4335300e864503edab8861c88ea4aff51b0e1ff3a189
df6ce83fea1a6f2f69b0,SRC035,2,PAIR_84AEAC09C3C783A51B85779A,CONTEXT_CONFLICT,241,241,source_section|metric_name|evidence_quote,MERGE,"Verified against page-2 image. source_section is the exact printed section heading, 'Performance Analysis', which every page prints under the program name and above the table; the trailing '| As of December 31, 2021' is a date and is excluded. A left it blank, and on the context row used the table title instead; subject_type corrected to 'fund' on a row both lanes typed 'investment': the label names a vehicle (L.P., LLC, or a named fund) in a fund schedule carrying Vintage, Strategy and capital-account columns, and a vehicle is 'fund' while 'investment' is a holding inside one. The 'By Investment' column header names the program's relationship to these funds, not what they are, and a whole table of 'investment' is the documented sign the label was not read. Agreement between the lanes does not settle a classification, and SRC063 in this shard types the same kind of object 'fund'; metric_name is the printed column header in full, 'IRR (%)'; B trimmed the printed qualifier; evidence_quote is the full printed line, which proves the value; B quoted the bare figure only.; Source review: p2: IRR (All report pages were reviewed; no fee-basis statement qualifies this IRR.)",RESOLVED,A+B+ADJUDICATOR,efccda783490f37c841b4335300e864503edab8861c88ea4aff51b0e1ff3a189
7d1f8f2050518ec3da8d,SRC035,2,PAIR_8BF0E711C7FE289C436D6F3F,CONTEXT_CONFLICT,242,242,source_section|evidence_quote,MERGE,"Verified against page-2 image. source_section is the exact printed section heading, 'Performance Analysis', which every page prints under the program name and above the table; the trailing '| As of December 31, 2021' is a date and is excluded. A left it blank, and on the context row used the table title instead; subject_type corrected to 'fund' on a row both lanes typed 'investment': the label names a vehicle (L.P., LLC, or a named fund) in a fund schedule carrying Vintage, Strategy and capital-account columns, and a vehicle is 'fund' while 'investment' is a holding inside one. The 'By Investment' column header names the program's relationship to these funds, not what they are, and a whole table of 'investment' is the documented sign the label was not read. Agreement between the lanes does not settle a classification, and SRC063 in this shard types the same kind of object 'fund'; evidence_quote is the full printed line, which proves the value; B quoted the bare figure only.; Source review: p2: Oregon Growth Account (The portfolio report distinguishes investor positions from its aggregate rows.) | p2: Oregon Growth Account (Printed heading or definition supporting the source-reviewed qualifier.) | p2: Oregon Growth Account (Supersedes SR2046: the printed entity or table label is context, not a measurement basis; source labels retain its scope.)",RESOLVED,A+B+ADJUDICATOR,efccda783490f37c841b4335300e864503edab8861c88ea4aff51b0e1ff3a189
83e9382bc9b226aa9e2b,SRC035,2,PAIR_DF50B9435F9074F1AEB5EFBF,CONTEXT_CONFLICT,243,243,source_section|metric_name|evidence_quote,MERGE,"Verified against page-2 image. source_section is the exact printed section heading, 'Performance Analysis', which every page prints under the program name and above the table; the trailing '| As of December 31, 2021' is a date and is excluded. A left it blank, and on the context row used the table title instead; subject_type corrected to 'fund' on a row both lanes typed 'investment': the label names a vehicle (L.P., LLC, or a named fund) in a fund schedule carrying Vintage, Strategy and capital-account columns, and a vehicle is 'fund' while 'investment' is a holding inside one. The 'By Investment' column header names the program's relationship to these funds, not what they are, and a whole table of 'investment' is the documented sign the label was not read. Agreement between the lanes does not settle a classification, and SRC063 in this shard types the same kind of object 'fund'; metric_name is the printed column header in full, 'TVPI (X)'; B trimmed the printed qualifier; evidence_quote is the full printed line, which proves the value; B quoted the bare figure only.",RESOLVED,A+B+ADJUDICATOR,efccda783490f37c841b4335300e864503edab8861c88ea4aff51b0e1ff3a189
352be0b9b6e14b9ae06e,SRC035,2,PAIR_D0EA02D11194451758C51E01,CONTEXT_CONFLICT,244,244,source_section|evidence_quote,MERGE,"Verified against page-2 image. source_section is the exact printed section heading, 'Performance Analysis', which every page prints under the program name and above the table; the trailing '| As of December 31, 2021' is a date and is excluded. A left it blank, and on the context row used the table title instead; subject_type corrected to 'fund' on a row both lanes typed 'investment': the label names a vehicle (L.P., LLC, or a named fund) in a fund schedule carrying Vintage, Strategy and capital-account columns, and a vehicle is 'fund' while 'investment' is a holding inside one. The 'By Investment' column header names the program's relationship to these funds, not what they are, and a whole table of 'investment' is the documented sign the label was not read. Agreement between the lanes does not settle a classification, and SRC063 in this shard types the same kind of object 'fund'; evidence_quote is the full printed line, which proves the value; B quoted the bare figure only.",RESOLVED,A+B+ADJUDICATOR,efccda783490f37c841b4335300e864503edab8861c88ea4aff51b0e1ff3a189
26c51c275a6a0bf17fa2,SRC035,2,PAIR_DE1AAC5D41CD4316AF8AD10B,CONTEXT_CONFLICT,245,245,source_section|evidence_quote,MERGE,"Verified against page-2 image. source_section is the exact printed section heading, 'Performance Analysis', which every page prints under the program name and above the table; the trailing '| As of December 31, 2021' is a date and is excluded. A left it blank, and on the context row used the table title instead; subject_type corrected to 'fund' on a row both lanes typed 'investment': the label names a vehicle (L.P., LLC, or a named fund) in a fund schedule carrying Vintage, Strategy and capital-account columns, and a vehicle is 'fund' while 'investment' is a holding inside one. The 'By Investment' column header names the program's relationship to these funds, not what they are, and a whole table of 'investment' is the documented sign the label was not read. Agreement between the lanes does not settle a classification, and SRC063 in this shard types the same kind of object 'fund'; evidence_quote is the full printed line, which proves the value; B quoted the bare figure only.",RESOLVED,A+B+ADJUDICATOR,efccda783490f37c841b4335300e864503edab8861c88ea4aff51b0e1ff3a189
b830ade847acd771e698,SRC035,2,PAIR_E43742802A0973F3DA3EC511,CONTEXT_CONFLICT,246,246,source_section|evidence_quote,MERGE,"Verified against page-2 image. source_section is the exact printed section heading, 'Performance Analysis', which every page prints under the program name and above the table; the trailing '| As of December 31, 2021' is a date and is excluded. A left it blank, and on the context row used the table title instead; subject_type corrected to 'fund' on a row both lanes typed 'investment': the label names a vehicle (L.P., LLC, or a named fund) in a fund schedule carrying Vintage, Strategy and capital-account columns, and a vehicle is 'fund' while 'investment' is a holding inside one. The 'By Investment' column header names the program's relationship to these funds, not what they are, and a whole table of 'investment' is the documented sign the label was not read. Agreement between the lanes does not settle a classification, and SRC063 in this shard types the same kind of object 'fund'; evidence_quote is the full printed line, which proves the value; B quoted the bare figure only.",RESOLVED,A+B+ADJUDICATOR,efccda783490f37c841b4335300e864503edab8861c88ea4aff51b0e1ff3a189
a9732370b63172f026d5,SRC035,2,PAIR_A996DF497E3BD72C73390403,CONTEXT_CONFLICT,247,247,source_section|evidence_quote,MERGE,"Verified against page-2 image. source_section is the exact printed section heading, 'Performance Analysis', which every page prints under the program name and above the table; the trailing '| As of December 31, 2021' is a date and is excluded. A left it blank, and on the context row used the table title instead; subject_type corrected to 'fund' on a row both lanes typed 'investment': the label names a vehicle (L.P., LLC, or a named fund) in a fund schedule carrying Vintage, Strategy and capital-account columns, and a vehicle is 'fund' while 'investment' is a holding inside one. The 'By Investment' column header names the program's relationship to these funds, not what they are, and a whole table of 'investment' is the documented sign the label was not read. Agreement between the lanes does not settle a classification, and SRC063 in this shard types the same kind of object 'fund'; evidence_quote is the full printed line, which proves the value; B quoted the bare figure only.",RESOLVED,A+B+ADJUDICATOR,efccda783490f37c841b4335300e864503edab8861c88ea4aff51b0e1ff3a189
6849dad6d6797784bb4c,SRC035,2,PAIR_2C767E72A48737018AA788A0,CONTEXT_CONFLICT,248,248,source_section|metric_name|evidence_quote,MERGE,"Verified against page-2 image. source_section is the exact printed section heading, 'Performance Analysis', which every page prints under the program name and above the table; the trailing '| As of December 31, 2021' is a date and is excluded. A left it blank, and on the context row used the table title instead; subject_type corrected to 'fund' on a row both lanes typed 'investment': the label names a vehicle (L.P., LLC, or a named fund) in a fund schedule carrying Vintage, Strategy and capital-account columns, and a vehicle is 'fund' while 'investment' is a holding inside one. The 'By Investment' column header names the program's relationship to these funds, not what they are, and a whole table of 'investment' is the documented sign the label was not read. Agreement between the lanes does not settle a classification, and SRC063 in this shard types the same kind of object 'fund'; metric_name is the printed column header in full, 'IRR (%)'; B trimmed the printed qualifier; evidence_quote is the full printed line, which proves the value; B quoted the bare figure only.; Source review: p2: IRR (All report pages were reviewed; no fee-basis statement qualifies this IRR.)",RESOLVED,A+B+ADJUDICATOR,efccda783490f37c841b4335300e864503edab8861c88ea4aff51b0e1ff3a189
4b8523a1f9768316b5ec,SRC035,2,PAIR_115118DD38FA92949593DF63,CONTEXT_CONFLICT,249,249,source_section|evidence_quote,MERGE,"Verified against page-2 image. source_section is the exact printed section heading, 'Performance Analysis', which every page prints under the program name and above the table; the trailing '| As of December 31, 2021' is a date and is excluded. A left it blank, and on the context row used the table title instead; subject_type corrected to 'fund' on a row both lanes typed 'investment': the label names a vehicle (L.P., LLC, or a named fund) in a fund schedule carrying Vintage, Strategy and capital-account columns, and a vehicle is 'fund' while 'investment' is a holding inside one. The 'By Investment' column header names the program's relationship to these funds, not what they are, and a whole table of 'investment' is the documented sign the label was not read. Agreement between the lanes does not settle a classification, and SRC063 in this shard types the same kind of object 'fund'; evidence_quote is the full printed line, which proves the value; B quoted the bare figure only.; Source review: p2: Oregon Growth Account (The portfolio report distinguishes investor positions from its aggregate rows.) | p2: Oregon Growth Account (Printed heading or definition supporting the source-reviewed qualifier.) | p2: Oregon Growth Account (Supersedes SR2047: the printed entity or table label is context, not a measurement basis; source labels retain its scope.)",RESOLVED,A+B+ADJUDICATOR,efccda783490f37c841b4335300e864503edab8861c88ea4aff51b0e1ff3a189
0e0c0f7f75b9e92316b0,SRC035,2,PAIR_3FECFEBAFBE905CF5DF53043,CONTEXT_CONFLICT,250,250,source_section|metric_name|evidence_quote,MERGE,"Verified against page-2 image. source_section is the exact printed section heading, 'Performance Analysis', which every page prints under the program name and above the table; the trailing '| As of December 31, 2021' is a date and is excluded. A left it blank, and on the context row used the table title instead; subject_type corrected to 'fund' on a row both lanes typed 'investment': the label names a vehicle (L.P., LLC, or a named fund) in a fund schedule carrying Vintage, Strategy and capital-account columns, and a vehicle is 'fund' while 'investment' is a holding inside one. The 'By Investment' column header names the program's relationship to these funds, not what they are, and a whole table of 'investment' is the documented sign the label was not read. Agreement between the lanes does not settle a classification, and SRC063 in this shard types the same kind of object 'fund'; metric_name is the printed column header in full, 'TVPI (X)'; B trimmed the printed qualifier; evidence_quote is the full printed line, which proves the value; B quoted the bare figure only.",RESOLVED,A+B+ADJUDICATOR,efccda783490f37c841b4335300e864503edab8861c88ea4aff51b0e1ff3a189
643aca903c8d587e33ca,SRC035,2,PAIR_992F92A7C884163F3718736E,CONTEXT_CONFLICT,251,251,source_section|evidence_quote,MERGE,"Verified against page-2 image. source_section is the exact printed section heading, 'Performance Analysis', which every page prints under the program name and above the table; the trailing '| As of December 31, 2021' is a date and is excluded. A left it blank, and on the context row used the table title instead; subject_type corrected to 'fund' on a row both lanes typed 'investment': the label names a vehicle (L.P., LLC, or a named fund) in a fund schedule carrying Vintage, Strategy and capital-account columns, and a vehicle is 'fund' while 'investment' is a holding inside one. The 'By Investment' column header names the program's relationship to these funds, not what they are, and a whole table of 'investment' is the documented sign the label was not read. Agreement between the lanes does not settle a classification, and SRC063 in this shard types the same kind of object 'fund'; evidence_quote is the full printed line, which proves the value; B quoted the bare figure only.",RESOLVED,A+B+ADJUDICATOR,efccda783490f37c841b4335300e864503edab8861c88ea4aff51b0e1ff3a189
ecad2443f96f16b97243,SRC035,2,PAIR_9F7430524B8CFCC93C33F6E6,CONTEXT_CONFLICT,252,252,source_section|evidence_quote,MERGE,"Verified against page-2 image. source_section is the exact printed section heading, 'Performance Analysis', which every page prints under the program name and above the table; the trailing '| As of December 31, 2021' is a date and is excluded. A left it blank, and on the context row used the table title instead; subject_type corrected to 'fund' on a row both lanes typed 'investment': the label names a vehicle (L.P., LLC, or a named fund) in a fund schedule carrying Vintage, Strategy and capital-account columns, and a vehicle is 'fund' while 'investment' is a holding inside one. The 'By Investment' column header names the program's relationship to these funds, not what they are, and a whole table of 'investment' is the documented sign the label was not read. Agreement between the lanes does not settle a classification, and SRC063 in this shard types the same kind of object 'fund'; evidence_quote is the full printed line, which proves the value; B quoted the bare figure only.",RESOLVED,A+B+ADJUDICATOR,efccda783490f37c841b4335300e864503edab8861c88ea4aff51b0e1ff3a189
fc6c9e9d7e56eab0fdc3,SRC035,2,PAIR_114AD9338FF25493DD51617B,CONTEXT_CONFLICT,253,253,source_section|evidence_quote,MERGE,"Verified against page-2 image. source_section is the exact printed section heading, 'Performance Analysis', which every page prints under the program name and above the table; the trailing '| As of December 31, 2021' is a date and is excluded. A left it blank, and on the context row used the table title instead; subject_type corrected to 'fund' on a row both lanes typed 'investment': the label names a vehicle (L.P., LLC, or a named fund) in a fund schedule carrying Vintage, Strategy and capital-account columns, and a vehicle is 'fund' while 'investment' is a holding inside one. The 'By Investment' column header names the program's relationship to these funds, not what they are, and a whole table of 'investment' is the documented sign the label was not read. Agreement between the lanes does not settle a classification, and SRC063 in this shard types the same kind of object 'fund'; evidence_quote is the full printed line, which proves the value; B quoted the bare figure only.",RESOLVED,A+B+ADJUDICATOR,efccda783490f37c841b4335300e864503edab8861c88ea4aff51b0e1ff3a189
44f26ab3365faa4d7a23,SRC035,2,PAIR_C8F595A49BB81F16BD7EBDA0,CONTEXT_CONFLICT,254,254,source_section|evidence_quote,MERGE,"Verified against page-2 image. source_section is the exact printed section heading, 'Performance Analysis', which every page prints under the program name and above the table; the trailing '| As of December 31, 2021' is a date and is excluded. A left it blank, and on the context row used the table title instead; subject_type corrected to 'fund' on a row both lanes typed 'investment': the label names a vehicle (L.P., LLC, or a named fund) in a fund schedule carrying Vintage, Strategy and capital-account columns, and a vehicle is 'fund' while 'investment' is a holding inside one. The 'By Investment' column header names the program's relationship to these funds, not what they are, and a whole table of 'investment' is the documented sign the label was not read. Agreement between the lanes does not settle a classification, and SRC063 in this shard types the same kind of object 'fund'; evidence_quote is the full printed line, which proves the value; B quoted the bare figure only.",RESOLVED,A+B+ADJUDICATOR,efccda783490f37c841b4335300e864503edab8861c88ea4aff51b0e1ff3a189
c84723eefe991cdb76e4,SRC035,2,PAIR_0E74FFACD5A4FACF5A16490A,CONTEXT_CONFLICT,255,255,source_section|metric_name|evidence_quote,MERGE,"Verified against page-2 image. source_section is the exact printed section heading, 'Performance Analysis', which every page prints under the program name and above the table; the trailing '| As of December 31, 2021' is a date and is excluded. A left it blank, and on the context row used the table title instead; subject_type corrected to 'fund' on a row both lanes typed 'investment': the label names a vehicle (L.P., LLC, or a named fund) in a fund schedule carrying Vintage, Strategy and capital-account columns, and a vehicle is 'fund' while 'investment' is a holding inside one. The 'By Investment' column header names the program's relationship to these funds, not what they are, and a whole table of 'investment' is the documented sign the label was not read. Agreement between the lanes does not settle a classification, and SRC063 in this shard types the same kind of object 'fund'; metric_name is the printed column header in full, 'IRR (%)'; B trimmed the printed qualifier; evidence_quote is the full printed line, which proves the value; B quoted the bare figure only.; Source review: p2: IRR (All report pages were reviewed; no fee-basis statement qualifies this IRR.)",RESOLVED,A+B+ADJUDICATOR,efccda783490f37c841b4335300e864503edab8861c88ea4aff51b0e1ff3a189
0d795a2c4fa318203400,SRC035,2,PAIR_A752EC7600C4DD2AF85F6E43,CONTEXT_CONFLICT,256,256,source_section|evidence_quote,MERGE,"Verified against page-2 image. source_section is the exact printed section heading, 'Performance Analysis', which every page prints under the program name and above the table; the trailing '| As of December 31, 2021' is a date and is excluded. A left it blank, and on the context row used the table title instead; subject_type corrected to 'fund' on a row both lanes typed 'investment': the label names a vehicle (L.P., LLC, or a named fund) in a fund schedule carrying Vintage, Strategy and capital-account columns, and a vehicle is 'fund' while 'investment' is a holding inside one. The 'By Investment' column header names the program's relationship to these funds, not what they are, and a whole table of 'investment' is the documented sign the label was not read. Agreement between the lanes does not settle a classification, and SRC063 in this shard types the same kind of object 'fund'; evidence_quote is the full printed line, which proves the value; B quoted the bare figure only.; Source review: p2: Oregon Growth Account (The portfolio report distinguishes investor positions from its aggregate rows.) | p2: Oregon Growth Account (Printed heading or definition supporting the source-reviewed qualifier.) | p2: Oregon Growth Account (Supersedes SR2048: the printed entity or table label is context, not a measurement basis; source labels retain its scope.)",RESOLVED,A+B+ADJUDICATOR,efccda783490f37c841b4335300e864503edab8861c88ea4aff51b0e1ff3a189
cd82fe9560218a3bc6c5,SRC035,2,PAIR_ACD9152EDD7A4A5CB6501018,CONTEXT_CONFLICT,257,257,source_section|metric_name|evidence_quote,MERGE,"Verified against page-2 image. source_section is the exact printed section heading, 'Performance Analysis', which every page prints under the program name and above the table; the trailing '| As of December 31, 2021' is a date and is excluded. A left it blank, and on the context row used the table title instead; subject_type corrected to 'fund' on a row both lanes typed 'investment': the label names a vehicle (L.P., LLC, or a named fund) in a fund schedule carrying Vintage, Strategy and capital-account columns, and a vehicle is 'fund' while 'investment' is a holding inside one. The 'By Investment' column header names the program's relationship to these funds, not what they are, and a whole table of 'investment' is the documented sign the label was not read. Agreement between the lanes does not settle a classification, and SRC063 in this shard types the same kind of object 'fund'; metric_name is the printed column header in full, 'TVPI (X)'; B trimmed the printed qualifier; evidence_quote is the full printed line, which proves the value; B quoted the bare figure only.",RESOLVED,A+B+ADJUDICATOR,efccda783490f37c841b4335300e864503edab8861c88ea4aff51b0e1ff3a189
08d58e639c7f3f5eca7d,SRC035,2,PAIR_89F6932A99E6686FD2481E62,CONTEXT_CONFLICT,258,258,source_section|evidence_quote,MERGE,"Verified against page-2 image. source_section is the exact printed section heading, 'Performance Analysis', which every page prints under the program name and above the table; the trailing '| As of December 31, 2021' is a date and is excluded. A left it blank, and on the context row used the table title instead; subject_type corrected to 'fund' on a row both lanes typed 'investment': the label names a vehicle (L.P., LLC, or a named fund) in a fund schedule carrying Vintage, Strategy and capital-account columns, and a vehicle is 'fund' while 'investment' is a holding inside one. The 'By Investment' column header names the program's relationship to these funds, not what they are, and a whole table of 'investment' is the documented sign the label was not read. Agreement between the lanes does not settle a classification, and SRC063 in this shard types the same kind of object 'fund'; evidence_quote is the full printed line, which proves the value; B quoted the bare figure only.",RESOLVED,A+B+ADJUDICATOR,efccda783490f37c841b4335300e864503edab8861c88ea4aff51b0e1ff3a189
4764a8038eab375eed34,SRC035,2,PAIR_3ADE662A1B395A63B08EE43F,CONTEXT_CONFLICT,259,259,source_section|evidence_quote,MERGE,"Verified against page-2 image. source_section is the exact printed section heading, 'Performance Analysis', which every page prints under the program name and above the table; the trailing '| As of December 31, 2021' is a date and is excluded. A left it blank, and on the context row used the table title instead; subject_type corrected to 'fund' on a row both lanes typed 'investment': the label names a vehicle (L.P., LLC, or a named fund) in a fund schedule carrying Vintage, Strategy and capital-account columns, and a vehicle is 'fund' while 'investment' is a holding inside one. The 'By Investment' column header names the program's relationship to these funds, not what they are, and a whole table of 'investment' is the documented sign the label was not read. Agreement between the lanes does not settle a classification, and SRC063 in this shard types the same kind of object 'fund'; evidence_quote is the full printed line, which proves the value; B quoted the bare figure only.",RESOLVED,A+B+ADJUDICATOR,efccda783490f37c841b4335300e864503edab8861c88ea4aff51b0e1ff3a189
9e890a86067b59c9a36c,SRC035,2,PAIR_C0E1A9FFF7EB7D1876ED424D,CONTEXT_CONFLICT,260,260,source_section|evidence_quote,MERGE,"Verified against page-2 image. source_section is the exact printed section heading, 'Performance Analysis', which every page prints under the program name and above the table; the trailing '| As of December 31, 2021' is a date and is excluded. A left it blank, and on the context row used the table title instead; subject_type corrected to 'fund' on a row both lanes typed 'investment': the label names a vehicle (L.P., LLC, or a named fund) in a fund schedule carrying Vintage, Strategy and capital-account columns, and a vehicle is 'fund' while 'investment' is a holding inside one. The 'By Investment' column header names the program's relationship to these funds, not what they are, and a whole table of 'investment' is the documented sign the label was not read. Agreement between the lanes does not settle a classification, and SRC063 in this shard types the same kind of object 'fund'; evidence_quote is the full printed line, which proves the value; B quoted the bare figure only.",RESOLVED,A+B+ADJUDICATOR,efccda783490f37c841b4335300e864503edab8861c88ea4aff51b0e1ff3a189
ecfa7e66c456aa1f6331,SRC035,2,PAIR_15EC0E306628D78C3A0D0F3D,CONTEXT_CONFLICT,261,261,source_section|evidence_quote,MERGE,"Verified against page-2 image. source_section is the exact printed section heading, 'Performance Analysis', which every page prints under the program name and above the table; the trailing '| As of December 31, 2021' is a date and is excluded. A left it blank, and on the context row used the table title instead; subject_type corrected to 'fund' on a row both lanes typed 'investment': the label names a vehicle (L.P., LLC, or a named fund) in a fund schedule carrying Vintage, Strategy and capital-account columns, and a vehicle is 'fund' while 'investment' is a holding inside one. The 'By Investment' column header names the program's relationship to these funds, not what they are, and a whole table of 'investment' is the documented sign the label was not read. Agreement between the lanes does not settle a classification, and SRC063 in this shard types the same kind of object 'fund'; evidence_quote is the full printed line, which proves the value; B quoted the bare figure only.",RESOLVED,A+B+ADJUDICATOR,efccda783490f37c841b4335300e864503edab8861c88ea4aff51b0e1ff3a189
366caccf83f2e642c5c3,SRC035,2,PAIR_13A24FE34F343282732BF211,CONTEXT_CONFLICT,262,262,source_section|metric_name|evidence_quote,MERGE,"Verified against page-2 image. source_section is the exact printed section heading, 'Performance Analysis', which every page prints under the program name and above the table; the trailing '| As of December 31, 2021' is a date and is excluded. A left it blank, and on the context row used the table title instead; subject_type corrected to 'fund' on a row both lanes typed 'investment': the label names a vehicle (L.P., LLC, or a named fund) in a fund schedule carrying Vintage, Strategy and capital-account columns, and a vehicle is 'fund' while 'investment' is a holding inside one. The 'By Investment' column header names the program's relationship to these funds, not what they are, and a whole table of 'investment' is the documented sign the label was not read. Agreement between the lanes does not settle a classification, and SRC063 in this shard types the same kind of object 'fund'; metric_name is the printed column header in full, 'IRR (%)'; B trimmed the printed qualifier; evidence_quote is the full printed line, which proves the value; B quoted the bare figure only.; Source review: p2: IRR (All report pages were reviewed; no fee-basis statement qualifies this IRR.)",RESOLVED,A+B+ADJUDICATOR,efccda783490f37c841b4335300e864503edab8861c88ea4aff51b0e1ff3a189
c395376cb6d57d4e0280,SRC035,2,PAIR_804604CE6702E36E9986AD3E,CONTEXT_CONFLICT,263,263,source_section|evidence_quote,MERGE,"Verified against page-2 image. source_section is the exact printed section heading, 'Performance Analysis', which every page prints under the program name and above the table; the trailing '| As of December 31, 2021' is a date and is excluded. A left it blank, and on the context row used the table title instead; subject_type corrected to 'fund' on a row both lanes typed 'investment': the label names a vehicle (L.P., LLC, or a named fund) in a fund schedule carrying Vintage, Strategy and capital-account columns, and a vehicle is 'fund' while 'investment' is a holding inside one. The 'By Investment' column header names the program's relationship to these funds, not what they are, and a whole table of 'investment' is the documented sign the label was not read. Agreement between the lanes does not settle a classification, and SRC063 in this shard types the same kind of object 'fund'; evidence_quote is the full printed line, which proves the value; B quoted the bare figure only.; Source review: p2: Oregon Growth Account (The portfolio report distinguishes investor positions from its aggregate rows.) | p2: Oregon Growth Account (Printed heading or definition supporting the source-reviewed qualifier.) | p2: Oregon Growth Account (Supersedes SR2049: the printed entity or table label is context, not a measurement basis; source labels retain its scope.)",RESOLVED,A+B+ADJUDICATOR,efccda783490f37c841b4335300e864503edab8861c88ea4aff51b0e1ff3a189
02ae3d8f24892d711714,SRC035,2,PAIR_A8B20A4370EE71CC83098B2F,CONTEXT_CONFLICT,264,264,source_section|metric_name|evidence_quote,MERGE,"Verified against page-2 image. source_section is the exact printed section heading, 'Performance Analysis', which every page prints under the program name and above the table; the trailing '| As of December 31, 2021' is a date and is excluded. A left it blank, and on the context row used the table title instead; subject_type corrected to 'fund' on a row both lanes typed 'investment': the label names a vehicle (L.P., LLC, or a named fund) in a fund schedule carrying Vintage, Strategy and capital-account columns, and a vehicle is 'fund' while 'investment' is a holding inside one. The 'By Investment' column header names the program's relationship to these funds, not what they are, and a whole table of 'investment' is the documented sign the label was not read. Agreement between the lanes does not settle a classification, and SRC063 in this shard types the same kind of object 'fund'; metric_name is the printed column header in full, 'TVPI (X)'; B trimmed the printed qualifier; evidence_quote is the full printed line, which proves the value; B quoted the bare figure only.",RESOLVED,A+B+ADJUDICATOR,efccda783490f37c841b4335300e864503edab8861c88ea4aff51b0e1ff3a189
7f98821c63a8f1580209,SRC035,2,PAIR_C284A200947922E27E77184B,CONTEXT_CONFLICT,265,265,source_section|evidence_quote,MERGE,"Verified against page-2 image. source_section is the exact printed section heading, 'Performance Analysis', which every page prints under the program name and above the table; the trailing '| As of December 31, 2021' is a date and is excluded. A left it blank, and on the context row used the table title instead; subject_type corrected to 'fund' on a row both lanes typed 'investment': the label names a vehicle (L.P., LLC, or a named fund) in a fund schedule carrying Vintage, Strategy and capital-account columns, and a vehicle is 'fund' while 'investment' is a holding inside one. The 'By Investment' column header names the program's relationship to these funds, not what they are, and a whole table of 'investment' is the documented sign the label was not read. Agreement between the lanes does not settle a classification, and SRC063 in this shard types the same kind of object 'fund'; evidence_quote is the full printed line, which proves the value; B quoted the bare figure only.",RESOLVED,A+B+ADJUDICATOR,efccda783490f37c841b4335300e864503edab8861c88ea4aff51b0e1ff3a189
7ed2928d1eb7f222f35d,SRC035,2,PAIR_0B098241222ABEFAA662E20F,CONTEXT_CONFLICT,266,266,source_section|evidence_quote,MERGE,"Verified against page-2 image. source_section is the exact printed section heading, 'Performance Analysis', which every page prints under the program name and above the table; the trailing '| As of December 31, 2021' is a date and is excluded. A left it blank, and on the context row used the table title instead; subject_type corrected to 'fund' on a row both lanes typed 'investment': the label names a vehicle (L.P., LLC, or a named fund) in a fund schedule carrying Vintage, Strategy and capital-account columns, and a vehicle is 'fund' while 'investment' is a holding inside one. The 'By Investment' column header names the program's relationship to these funds, not what they are, and a whole table of 'investment' is the documented sign the label was not read. Agreement between the lanes does not settle a classification, and SRC063 in this shard types the same kind of object 'fund'; evidence_quote is the full printed line, which proves the value; B quoted the bare figure only.",RESOLVED,A+B+ADJUDICATOR,efccda783490f37c841b4335300e864503edab8861c88ea4aff51b0e1ff3a189
8b5edb6f963e50258634,SRC035,2,PAIR_9E757095A5938A59841F36B0,CONTEXT_CONFLICT,267,267,source_section|evidence_quote,MERGE,"Verified against page-2 image. source_section is the exact printed section heading, 'Performance Analysis', which every page prints under the program name and above the table; the trailing '| As of December 31, 2021' is a date and is excluded. A left it blank, and on the context row used the table title instead; subject_type corrected to 'fund' on a row both lanes typed 'investment': the label names a vehicle (L.P., LLC, or a named fund) in a fund schedule carrying Vintage, Strategy and capital-account columns, and a vehicle is 'fund' while 'investment' is a holding inside one. The 'By Investment' column header names the program's relationship to these funds, not what they are, and a whole table of 'investment' is the documented sign the label was not read. Agreement between the lanes does not settle a classification, and SRC063 in this shard types the same kind of object 'fund'; evidence_quote is the full printed line, which proves the value; B quoted the bare figure only.",RESOLVED,A+B+ADJUDICATOR,efccda783490f37c841b4335300e864503edab8861c88ea4aff51b0e1ff3a189
1795a413c3a24b2501c2,SRC035,2,PAIR_B4262EFD71AB024130DEE103,CONTEXT_CONFLICT,268,268,source_section|evidence_quote,MERGE,"Verified against page-2 image. source_section is the exact printed section heading, 'Performance Analysis', which every page prints under the program name and above the table; the trailing '| As of December 31, 2021' is a date and is excluded. A left it blank, and on the context row used the table title instead; subject_type corrected to 'fund' on a row both lanes typed 'investment': the label names a vehicle (L.P., LLC, or a named fund) in a fund schedule carrying Vintage, Strategy and capital-account columns, and a vehicle is 'fund' while 'investment' is a holding inside one. The 'By Investment' column header names the program's relationship to these funds, not what they are, and a whole table of 'investment' is the documented sign the label was not read. Agreement between the lanes does not settle a classification, and SRC063 in this shard types the same kind of object 'fund'; evidence_quote is the full printed line, which proves the value; B quoted the bare figure only.",RESOLVED,A+B+ADJUDICATOR,efccda783490f37c841b4335300e864503edab8861c88ea4aff51b0e1ff3a189
e3a24fb9c83f07f3fba5,SRC035,2,PAIR_BE12C4BDA027AF6E9162EC10,CONTEXT_CONFLICT,269,269,source_section|metric_name|evidence_quote,MERGE,"Verified against page-2 image. source_section is the exact printed section heading, 'Performance Analysis', which every page prints under the program name and above the table; the trailing '| As of December 31, 2021' is a date and is excluded. A left it blank, and on the context row used the table title instead; subject_type corrected to 'fund' on a row both lanes typed 'investment': the label names a vehicle (L.P., LLC, or a named fund) in a fund schedule carrying Vintage, Strategy and capital-account columns, and a vehicle is 'fund' while 'investment' is a holding inside one. The 'By Investment' column header names the program's relationship to these funds, not what they are, and a whole table of 'investment' is the documented sign the label was not read. Agreement between the lanes does not settle a classification, and SRC063 in this shard types the same kind of object 'fund'; metric_name is the printed column header in full, 'IRR (%)'; B trimmed the printed qualifier; evidence_quote is the full printed line, which proves the value; B quoted the bare figure only.; Source review: p2: IRR (All report pages were reviewed; no fee-basis statement qualifies this IRR.)",RESOLVED,A+B+ADJUDICATOR,efccda783490f37c841b4335300e864503edab8861c88ea4aff51b0e1ff3a189
011164427b4455a4dd04,SRC035,2,PAIR_8D4CBBA2C4494F1033CC4F12,CONTEXT_CONFLICT,270,270,source_section|evidence_quote,MERGE,"Verified against page-2 image. source_section is the exact printed section heading, 'Performance Analysis', which every page prints under the program name and above the table; the trailing '| As of December 31, 2021' is a date and is excluded. A left it blank, and on the context row used the table title instead; subject_type corrected to 'fund' on a row both lanes typed 'investment': the label names a vehicle (L.P., LLC, or a named fund) in a fund schedule carrying Vintage, Strategy and capital-account columns, and a vehicle is 'fund' while 'investment' is a holding inside one. The 'By Investment' column header names the program's relationship to these funds, not what they are, and a whole table of 'investment' is the documented sign the label was not read. Agreement between the lanes does not settle a classification, and SRC063 in this shard types the same kind of object 'fund'; evidence_quote is the full printed line, which proves the value; B quoted the bare figure only.; Source review: p2: Oregon Growth Account (The portfolio report distinguishes investor positions from its aggregate rows.) | p2: Oregon Growth Account (Printed heading or definition supporting the source-reviewed qualifier.) | p2: Oregon Growth Account (Supersedes SR2050: the printed entity or table label is context, not a measurement basis; source labels retain its scope.)",RESOLVED,A+B+ADJUDICATOR,efccda783490f37c841b4335300e864503edab8861c88ea4aff51b0e1ff3a189
a6c37d475fac63fc15da,SRC035,2,PAIR_9A12AC0719E6A1217F0F9366,CONTEXT_CONFLICT,271,271,source_section|metric_name|evidence_quote,MERGE,"Verified against page-2 image. source_section is the exact printed section heading, 'Performance Analysis', which every page prints under the program name and above the table; the trailing '| As of December 31, 2021' is a date and is excluded. A left it blank, and on the context row used the table title instead; subject_type corrected to 'fund' on a row both lanes typed 'investment': the label names a vehicle (L.P., LLC, or a named fund) in a fund schedule carrying Vintage, Strategy and capital-account columns, and a vehicle is 'fund' while 'investment' is a holding inside one. The 'By Investment' column header names the program's relationship to these funds, not what they are, and a whole table of 'investment' is the documented sign the label was not read. Agreement between the lanes does not settle a classification, and SRC063 in this shard types the same kind of object 'fund'; metric_name is the printed column header in full, 'TVPI (X)'; B trimmed the printed qualifier; evidence_quote is the full printed line, which proves the value; B quoted the bare figure only.",RESOLVED,A+B+ADJUDICATOR,efccda783490f37c841b4335300e864503edab8861c88ea4aff51b0e1ff3a189
af75028275551ae0c39f,SRC035,2,PAIR_F861D17FAB2544B0E6492399,CONTEXT_CONFLICT,272,272,source_section|evidence_quote,MERGE,"Verified against page-2 image. source_section is the exact printed section heading, 'Performance Analysis', which every page prints under the program name and above the table; the trailing '| As of December 31, 2021' is a date and is excluded. A left it blank, and on the context row used the table title instead; subject_type corrected to 'fund' on a row both lanes typed 'investment': the label names a vehicle (L.P., LLC, or a named fund) in a fund schedule carrying Vintage, Strategy and capital-account columns, and a vehicle is 'fund' while 'investment' is a holding inside one. The 'By Investment' column header names the program's relationship to these funds, not what they are, and a whole table of 'investment' is the documented sign the label was not read. Agreement between the lanes does not settle a classification, and SRC063 in this shard types the same kind of object 'fund'; evidence_quote is the full printed line, which proves the value; B quoted the bare figure only.",RESOLVED,A+B+ADJUDICATOR,efccda783490f37c841b4335300e864503edab8861c88ea4aff51b0e1ff3a189
4197f98d94a342f12e1e,SRC035,2,PAIR_50FAB6B5B59AFE0510BC680B,CONTEXT_CONFLICT,273,273,source_section|evidence_quote,MERGE,"Verified against page-2 image. source_section is the exact printed section heading, 'Performance Analysis', which every page prints under the program name and above the table; the trailing '| As of December 31, 2021' is a date and is excluded. A left it blank, and on the context row used the table title instead; subject_type corrected to 'fund' on a row both lanes typed 'investment': the label names a vehicle (L.P., LLC, or a named fund) in a fund schedule carrying Vintage, Strategy and capital-account columns, and a vehicle is 'fund' while 'investment' is a holding inside one. The 'By Investment' column header names the program's relationship to these funds, not what they are, and a whole table of 'investment' is the documented sign the label was not read. Agreement between the lanes does not settle a classification, and SRC063 in this shard types the same kind of object 'fund'; evidence_quote is the full printed line, which proves the value; B quoted the bare figure only.",RESOLVED,A+B+ADJUDICATOR,efccda783490f37c841b4335300e864503edab8861c88ea4aff51b0e1ff3a189
27fa04c1560d86c92677,SRC035,2,PAIR_AB76BF2EF547C25652DA1B06,CONTEXT_CONFLICT,274,274,source_section|evidence_quote,MERGE,"Verified against page-2 image. source_section is the exact printed section heading, 'Performance Analysis', which every page prints under the program name and above the table; the trailing '| As of December 31, 2021' is a date and is excluded. A left it blank, and on the context row used the table title instead; subject_type corrected to 'fund' on a row both lanes typed 'investment': the label names a vehicle (L.P., LLC, or a named fund) in a fund schedule carrying Vintage, Strategy and capital-account columns, and a vehicle is 'fund' while 'investment' is a holding inside one. The 'By Investment' column header names the program's relationship to these funds, not what they are, and a whole table of 'investment' is the documented sign the label was not read. Agreement between the lanes does not settle a classification, and SRC063 in this shard types the same kind of object 'fund'; evidence_quote is the full printed line, which proves the value; B quoted the bare figure only.",RESOLVED,A+B+ADJUDICATOR,efccda783490f37c841b4335300e864503edab8861c88ea4aff51b0e1ff3a189
1cdcd9f2c5c924539379,SRC035,2,PAIR_3740B552C10C755C6C0E1714,CONTEXT_CONFLICT,275,275,source_section|evidence_quote,MERGE,"Verified against page-2 image. source_section is the exact printed section heading, 'Performance Analysis', which every page prints under the program name and above the table; the trailing '| As of December 31, 2021' is a date and is excluded. A left it blank, and on the context row used the table title instead; subject_type corrected to 'fund' on a row both lanes typed 'investment': the label names a vehicle (L.P., LLC, or a named fund) in a fund schedule carrying Vintage, Strategy and capital-account columns, and a vehicle is 'fund' while 'investment' is a holding inside one. The 'By Investment' column header names the program's relationship to these funds, not what they are, and a whole table of 'investment' is the documented sign the label was not read. Agreement between the lanes does not settle a classification, and SRC063 in this shard types the same kind of object 'fund'; evidence_quote is the full printed line, which proves the value; B quoted the bare figure only.",RESOLVED,A+B+ADJUDICATOR,efccda783490f37c841b4335300e864503edab8861c88ea4aff51b0e1ff3a189
c30def6e809814a10b7f,SRC035,2,PAIR_F1910EF3A2AC7ACFF43079E5,CONTEXT_CONFLICT,276,276,source_section|metric_name|evidence_quote,MERGE,"Verified against page-2 image. source_section is the exact printed section heading, 'Performance Analysis', which every page prints under the program name and above the table; the trailing '| As of December 31, 2021' is a date and is excluded. A left it blank, and on the context row used the table title instead; subject_type corrected to 'fund' on a row both lanes typed 'investment': the label names a vehicle (L.P., LLC, or a named fund) in a fund schedule carrying Vintage, Strategy and capital-account columns, and a vehicle is 'fund' while 'investment' is a holding inside one. The 'By Investment' column header names the program's relationship to these funds, not what they are, and a whole table of 'investment' is the documented sign the label was not read. Agreement between the lanes does not settle a classification, and SRC063 in this shard types the same kind of object 'fund'; metric_name is the printed column header in full, 'IRR (%)'; B trimmed the printed qualifier; evidence_quote is the full printed line, which proves the value; B quoted the bare figure only.; Source review: p2: IRR (All report pages were reviewed; no fee-basis statement qualifies this IRR.)",RESOLVED,A+B+ADJUDICATOR,efccda783490f37c841b4335300e864503edab8861c88ea4aff51b0e1ff3a189
f58ac95a075bfeff846d,SRC035,2,PAIR_303B27726F5A9BFF86C66D80,CONTEXT_CONFLICT,277,277,source_section|evidence_quote,MERGE,"Verified against page-2 image. source_section is the exact printed section heading, 'Performance Analysis', which every page prints under the program name and above the table; the trailing '| As of December 31, 2021' is a date and is excluded. A left it blank, and on the context row used the table title instead; subject_type corrected to 'fund' on a row both lanes typed 'investment': the label names a vehicle (L.P., LLC, or a named fund) in a fund schedule carrying Vintage, Strategy and capital-account columns, and a vehicle is 'fund' while 'investment' is a holding inside one. The 'By Investment' column header names the program's relationship to these funds, not what they are, and a whole table of 'investment' is the documented sign the label was not read. Agreement between the lanes does not settle a classification, and SRC063 in this shard types the same kind of object 'fund'; evidence_quote is the full printed line, which proves the value; B quoted the bare figure only.; Source review: p2: Oregon Growth Account (The portfolio report distinguishes investor positions from its aggregate rows.) | p2: Oregon Growth Account (Printed heading or definition supporting the source-reviewed qualifier.) | p2: Oregon Growth Account (Supersedes SR2051: the printed entity or table label is context, not a measurement basis; source labels retain its scope.)",RESOLVED,A+B+ADJUDICATOR,efccda783490f37c841b4335300e864503edab8861c88ea4aff51b0e1ff3a189
8ff572b74fd51eb9192a,SRC035,2,PAIR_01F7585740DAFD99F31AFE93,CONTEXT_CONFLICT,278,278,source_section|metric_name|evidence_quote,MERGE,"Verified against page-2 image. source_section is the exact printed section heading, 'Performance Analysis', which every page prints under the program name and above the table; the trailing '| As of December 31, 2021' is a date and is excluded. A left it blank, and on the context row used the table title instead; subject_type corrected to 'fund' on a row both lanes typed 'investment': the label names a vehicle (L.P., LLC, or a named fund) in a fund schedule carrying Vintage, Strategy and capital-account columns, and a vehicle is 'fund' while 'investment' is a holding inside one. The 'By Investment' column header names the program's relationship to these funds, not what they are, and a whole table of 'investment' is the documented sign the label was not read. Agreement between the lanes does not settle a classification, and SRC063 in this shard types the same kind of object 'fund'; metric_name is the printed column header in full, 'TVPI (X)'; B trimmed the printed qualifier; evidence_quote is the full printed line, which proves the value; B quoted the bare figure only.",RESOLVED,A+B+ADJUDICATOR,efccda783490f37c841b4335300e864503edab8861c88ea4aff51b0e1ff3a189
f330b85e223194fb27ea,SRC035,2,PAIR_05F421D3626301A1D7E11121,CONTEXT_CONFLICT,279,279,source_section|evidence_quote,MERGE,"Verified against page-2 image. source_section is the exact printed section heading, 'Performance Analysis', which every page prints under the program name and above the table; the trailing '| As of December 31, 2021' is a date and is excluded. A left it blank, and on the context row used the table title instead; subject_type corrected to 'fund' on a row both lanes typed 'investment': the label names a vehicle (L.P., LLC, or a named fund) in a fund schedule carrying Vintage, Strategy and capital-account columns, and a vehicle is 'fund' while 'investment' is a holding inside one. The 'By Investment' column header names the program's relationship to these funds, not what they are, and a whole table of 'investment' is the documented sign the label was not read. Agreement between the lanes does not settle a classification, and SRC063 in this shard types the same kind of object 'fund'; evidence_quote is the full printed line, which proves the value; B quoted the bare figure only.",RESOLVED,A+B+ADJUDICATOR,efccda783490f37c841b4335300e864503edab8861c88ea4aff51b0e1ff3a189
ad641e6c073c5cb886aa,SRC035,2,PAIR_DC6664403773173D36C49422,CONTEXT_CONFLICT,280,280,source_section|evidence_quote,MERGE,"Verified against page-2 image. source_section is the exact printed section heading, 'Performance Analysis', which every page prints under the program name and above the table; the trailing '| As of December 31, 2021' is a date and is excluded. A left it blank, and on the context row used the table title instead; subject_type corrected to 'fund' on a row both lanes typed 'investment': the label names a vehicle (L.P., LLC, or a named fund) in a fund schedule carrying Vintage, Strategy and capital-account columns, and a vehicle is 'fund' while 'investment' is a holding inside one. The 'By Investment' column header names the program's relationship to these funds, not what they are, and a whole table of 'investment' is the documented sign the label was not read. Agreement between the lanes does not settle a classification, and SRC063 in this shard types the same kind of object 'fund'; evidence_quote is the full printed line, which proves the value; B quoted the bare figure only.",RESOLVED,A+B+ADJUDICATOR,efccda783490f37c841b4335300e864503edab8861c88ea4aff51b0e1ff3a189
9e82970edee9cc4e5258,SRC035,2,PAIR_42817C42CDC5047986E73FF9,CONTEXT_CONFLICT,281,281,source_section|evidence_quote,MERGE,"Verified against page-2 image. source_section is the exact printed section heading, 'Performance Analysis', which every page prints under the program name and above the table; the trailing '| As of December 31, 2021' is a date and is excluded. A left it blank, and on the context row used the table title instead; subject_type corrected to 'fund' on a row both lanes typed 'investment': the label names a vehicle (L.P., LLC, or a named fund) in a fund schedule carrying Vintage, Strategy and capital-account columns, and a vehicle is 'fund' while 'investment' is a holding inside one. The 'By Investment' column header names the program's relationship to these funds, not what they are, and a whole table of 'investment' is the documented sign the label was not read. Agreement between the lanes does not settle a classification, and SRC063 in this shard types the same kind of object 'fund'; evidence_quote is the full printed line, which proves the value; B quoted the bare figure only.",RESOLVED,A+B+ADJUDICATOR,efccda783490f37c841b4335300e864503edab8861c88ea4aff51b0e1ff3a189
955735b692be40e5f923,SRC035,2,PAIR_21E6736249D6C98CCEC065CB,CONTEXT_CONFLICT,282,282,source_section|evidence_quote,MERGE,"Verified against page-2 image. source_section is the exact printed section heading, 'Performance Analysis', which every page prints under the program name and above the table; the trailing '| As of December 31, 2021' is a date and is excluded. A left it blank, and on the context row used the table title instead; subject_type corrected to 'fund' on a row both lanes typed 'investment': the label names a vehicle (L.P., LLC, or a named fund) in a fund schedule carrying Vintage, Strategy and capital-account columns, and a vehicle is 'fund' while 'investment' is a holding inside one. The 'By Investment' column header names the program's relationship to these funds, not what they are, and a whole table of 'investment' is the documented sign the label was not read. Agreement between the lanes does not settle a classification, and SRC063 in this shard types the same kind of object 'fund'; evidence_quote is the full printed line, which proves the value; B quoted the bare figure only.",RESOLVED,A+B+ADJUDICATOR,efccda783490f37c841b4335300e864503edab8861c88ea4aff51b0e1ff3a189
d9996928903871abd54c,SRC035,2,PAIR_8FB5A8EA900F3B01EC20C035,CONTEXT_CONFLICT,283,283,source_section|metric_name|evidence_quote,MERGE,"Verified against page-2 image. source_section is the exact printed section heading, 'Performance Analysis', which every page prints under the program name and above the table; the trailing '| As of December 31, 2021' is a date and is excluded. A left it blank, and on the context row used the table title instead; subject_type corrected to 'fund' on a row both lanes typed 'investment': the label names a vehicle (L.P., LLC, or a named fund) in a fund schedule carrying Vintage, Strategy and capital-account columns, and a vehicle is 'fund' while 'investment' is a holding inside one. The 'By Investment' column header names the program's relationship to these funds, not what they are, and a whole table of 'investment' is the documented sign the label was not read. Agreement between the lanes does not settle a classification, and SRC063 in this shard types the same kind of object 'fund'; metric_name is the printed column header in full, 'IRR (%)'; B trimmed the printed qualifier; evidence_quote is the full printed line, which proves the value; B quoted the bare figure only.; Source review: p2: IRR (All report pages were reviewed; no fee-basis statement qualifies this IRR.)",RESOLVED,A+B+ADJUDICATOR,efccda783490f37c841b4335300e864503edab8861c88ea4aff51b0e1ff3a189
520c8eee731dc1dc0f03,SRC035,2,PAIR_7BCF7B6706AA20DE79460171,CONTEXT_CONFLICT,284,284,source_section|evidence_quote,MERGE,"Verified against page-2 image. source_section is the exact printed section heading, 'Performance Analysis', which every page prints under the program name and above the table; the trailing '| As of December 31, 2021' is a date and is excluded. A left it blank, and on the context row used the table title instead; subject_type corrected to 'fund' on a row both lanes typed 'investment': the label names a vehicle (L.P., LLC, or a named fund) in a fund schedule carrying Vintage, Strategy and capital-account columns, and a vehicle is 'fund' while 'investment' is a holding inside one. The 'By Investment' column header names the program's relationship to these funds, not what they are, and a whole table of 'investment' is the documented sign the label was not read. Agreement between the lanes does not settle a classification, and SRC063 in this shard types the same kind of object 'fund'; evidence_quote is the full printed line, which proves the value; B quoted the bare figure only.; Source review: p2: Oregon Growth Account (The portfolio report distinguishes investor positions from its aggregate rows.) | p2: Oregon Growth Account (Printed heading or definition supporting the source-reviewed qualifier.) | p2: Oregon Growth Account (Supersedes SR2052: the printed entity or table label is context, not a measurement basis; source labels retain its scope.)",RESOLVED,A+B+ADJUDICATOR,efccda783490f37c841b4335300e864503edab8861c88ea4aff51b0e1ff3a189
b2ee198cfa0ef4ddd251,SRC035,2,PAIR_11A5A9ED701C767BAA815114,CONTEXT_CONFLICT,285,285,source_section|metric_name|evidence_quote,MERGE,"Verified against page-2 image. source_section is the exact printed section heading, 'Performance Analysis', which every page prints under the program name and above the table; the trailing '| As of December 31, 2021' is a date and is excluded. A left it blank, and on the context row used the table title instead; subject_type corrected to 'fund' on a row both lanes typed 'investment': the label names a vehicle (L.P., LLC, or a named fund) in a fund schedule carrying Vintage, Strategy and capital-account columns, and a vehicle is 'fund' while 'investment' is a holding inside one. The 'By Investment' column header names the program's relationship to these funds, not what they are, and a whole table of 'investment' is the documented sign the label was not read. Agreement between the lanes does not settle a classification, and SRC063 in this shard types the same kind of object 'fund'; metric_name is the printed column header in full, 'TVPI (X)'; B trimmed the printed qualifier; evidence_quote is the full printed line, which proves the value; B quoted the bare figure only.",RESOLVED,A+B+ADJUDICATOR,efccda783490f37c841b4335300e864503edab8861c88ea4aff51b0e1ff3a189
65502c2c43479a3141e0,SRC035,2,PAIR_7E08A44F431A0CBE76A0FE2F,CONTEXT_CONFLICT,286,286,source_section|evidence_quote,MERGE,"Verified against page-2 image. source_section is the exact printed section heading, 'Performance Analysis', which every page prints under the program name and above the table; the trailing '| As of December 31, 2021' is a date and is excluded. A left it blank, and on the context row used the table title instead; subject_type corrected to 'fund' on a row both lanes typed 'investment': the label names a vehicle (L.P., LLC, or a named fund) in a fund schedule carrying Vintage, Strategy and capital-account columns, and a vehicle is 'fund' while 'investment' is a holding inside one. The 'By Investment' column header names the program's relationship to these funds, not what they are, and a whole table of 'investment' is the documented sign the label was not read. Agreement between the lanes does not settle a classification, and SRC063 in this shard types the same kind of object 'fund'; evidence_quote is the full printed line, which proves the value; B quoted the bare figure only.",RESOLVED,A+B+ADJUDICATOR,efccda783490f37c841b4335300e864503edab8861c88ea4aff51b0e1ff3a189
a86e992331e60e0118c7,SRC035,2,PAIR_459D14E0621CF6EADC033F86,CONTEXT_CONFLICT,287,287,source_section|evidence_quote,MERGE,"Verified against page-2 image. source_section is the exact printed section heading, 'Performance Analysis', which every page prints under the program name and above the table; the trailing '| As of December 31, 2021' is a date and is excluded. A left it blank, and on the context row used the table title instead; subject_type corrected to 'fund' on a row both lanes typed 'investment': the label names a vehicle (L.P., LLC, or a named fund) in a fund schedule carrying Vintage, Strategy and capital-account columns, and a vehicle is 'fund' while 'investment' is a holding inside one. The 'By Investment' column header names the program's relationship to these funds, not what they are, and a whole table of 'investment' is the documented sign the label was not read. Agreement between the lanes does not settle a classification, and SRC063 in this shard types the same kind of object 'fund'; evidence_quote is the full printed line, which proves the value; B quoted the bare figure only.",RESOLVED,A+B+ADJUDICATOR,efccda783490f37c841b4335300e864503edab8861c88ea4aff51b0e1ff3a189
cda90f1c05c0939a1b76,SRC035,2,PAIR_843B62EBE74EC7DA3A2562B7,CONTEXT_CONFLICT,288,288,source_section|evidence_quote,MERGE,"Verified against page-2 image. source_section is the exact printed section heading, 'Performance Analysis', which every page prints under the program name and above the table; the trailing '| As of December 31, 2021' is a date and is excluded. A left it blank, and on the context row used the table title instead; subject_type corrected to 'fund' on a row both lanes typed 'investment': the label names a vehicle (L.P., LLC, or a named fund) in a fund schedule carrying Vintage, Strategy and capital-account columns, and a vehicle is 'fund' while 'investment' is a holding inside one. The 'By Investment' column header names the program's relationship to these funds, not what they are, and a whole table of 'investment' is the documented sign the label was not read. Agreement between the lanes does not settle a classification, and SRC063 in this shard types the same kind of object 'fund'; evidence_quote is the full printed line, which proves the value; B quoted the bare figure only.",RESOLVED,A+B+ADJUDICATOR,efccda783490f37c841b4335300e864503edab8861c88ea4aff51b0e1ff3a189
6fce94ae2387b909c96c,SRC035,2,PAIR_5F6ABD969F73672420EB16EA,CONTEXT_CONFLICT,289,289,source_section|evidence_quote,MERGE,"Verified against page-2 image. source_section is the exact printed section heading, 'Performance Analysis', which every page prints under the program name and above the table; the trailing '| As of December 31, 2021' is a date and is excluded. A left it blank, and on the context row used the table title instead; subject_type corrected to 'fund' on a row both lanes typed 'investment': the label names a vehicle (L.P., LLC, or a named fund) in a fund schedule carrying Vintage, Strategy and capital-account columns, and a vehicle is 'fund' while 'investment' is a holding inside one. The 'By Investment' column header names the program's relationship to these funds, not what they are, and a whole table of 'investment' is the documented sign the label was not read. Agreement between the lanes does not settle a classification, and SRC063 in this shard types the same kind of object 'fund'; evidence_quote is the full printed line, which proves the value; B quoted the bare figure only.",RESOLVED,A+B+ADJUDICATOR,efccda783490f37c841b4335300e864503edab8861c88ea4aff51b0e1ff3a189
05236e229c34ef9f439d,SRC035,2,PAIR_8E2E5D9F68B53FBE08F0B141,CONTEXT_CONFLICT,290,290,source_section|metric_name|evidence_quote,MERGE,"Verified against page-2 image. source_section is the exact printed section heading, 'Performance Analysis', which every page prints under the program name and above the table; the trailing '| As of December 31, 2021' is a date and is excluded. A left it blank, and on the context row used the table title instead; subject_type corrected to 'fund' on a row both lanes typed 'investment': the label names a vehicle (L.P., LLC, or a named fund) in a fund schedule carrying Vintage, Strategy and capital-account columns, and a vehicle is 'fund' while 'investment' is a holding inside one. The 'By Investment' column header names the program's relationship to these funds, not what they are, and a whole table of 'investment' is the documented sign the label was not read. Agreement between the lanes does not settle a classification, and SRC063 in this shard types the same kind of object 'fund'; metric_name is the printed column header in full, 'IRR (%)'; B trimmed the printed qualifier; evidence_quote is the full printed line, which proves the value; B quoted the bare figure only.; Source review: p2: IRR (All report pages were reviewed; no fee-basis statement qualifies this IRR.)",RESOLVED,A+B+ADJUDICATOR,efccda783490f37c841b4335300e864503edab8861c88ea4aff51b0e1ff3a189
65c8b92d2eb40971d0f7,SRC035,2,PAIR_65EF88E52855A7AD2CBC9D1E,CONTEXT_CONFLICT,291,291,source_section|evidence_quote,MERGE,"Verified against page-2 image. source_section is the exact printed section heading, 'Performance Analysis', which every page prints under the program name and above the table; the trailing '| As of December 31, 2021' is a date and is excluded. A left it blank, and on the context row used the table title instead; subject_type corrected to 'fund' on a row both lanes typed 'investment': the label names a vehicle (L.P., LLC, or a named fund) in a fund schedule carrying Vintage, Strategy and capital-account columns, and a vehicle is 'fund' while 'investment' is a holding inside one. The 'By Investment' column header names the program's relationship to these funds, not what they are, and a whole table of 'investment' is the documented sign the label was not read. Agreement between the lanes does not settle a classification, and SRC063 in this shard types the same kind of object 'fund'; evidence_quote is the full printed line, which proves the value; B quoted the bare figure only.; Source review: p2: Oregon Growth Account (The portfolio report distinguishes investor positions from its aggregate rows.) | p2: Oregon Growth Account (Printed heading or definition supporting the source-reviewed qualifier.) | p2: Oregon Growth Account (Supersedes SR2053: the printed entity or table label is context, not a measurement basis; source labels retain its scope.)",RESOLVED,A+B+ADJUDICATOR,efccda783490f37c841b4335300e864503edab8861c88ea4aff51b0e1ff3a189
909e7e22d1b9932ee41b,SRC035,2,PAIR_A915436BD36A280AF9D6897B,CONTEXT_CONFLICT,292,292,source_section|metric_name|evidence_quote,MERGE,"Verified against page-2 image. source_section is the exact printed section heading, 'Performance Analysis', which every page prints under the program name and above the table; the trailing '| As of December 31, 2021' is a date and is excluded. A left it blank, and on the context row used the table title instead; subject_type corrected to 'fund' on a row both lanes typed 'investment': the label names a vehicle (L.P., LLC, or a named fund) in a fund schedule carrying Vintage, Strategy and capital-account columns, and a vehicle is 'fund' while 'investment' is a holding inside one. The 'By Investment' column header names the program's relationship to these funds, not what they are, and a whole table of 'investment' is the documented sign the label was not read. Agreement between the lanes does not settle a classification, and SRC063 in this shard types the same kind of object 'fund'; metric_name is the printed column header in full, 'TVPI (X)'; B trimmed the printed qualifier; evidence_quote is the full printed line, which proves the value; B quoted the bare figure only.",RESOLVED,A+B+ADJUDICATOR,efccda783490f37c841b4335300e864503edab8861c88ea4aff51b0e1ff3a189
e479297e021a67e759c0,SRC035,2,PAIR_909EC594F67EA2E4C93461F3,CONTEXT_CONFLICT,293,293,source_section|evidence_quote,MERGE,"Verified against page-2 image. source_section is the exact printed section heading, 'Performance Analysis', which every page prints under the program name and above the table; the trailing '| As of December 31, 2021' is a date and is excluded. A left it blank, and on the context row used the table title instead; subject_type corrected to 'fund' on a row both lanes typed 'investment': the label names a vehicle (L.P., LLC, or a named fund) in a fund schedule carrying Vintage, Strategy and capital-account columns, and a vehicle is 'fund' while 'investment' is a holding inside one. The 'By Investment' column header names the program's relationship to these funds, not what they are, and a whole table of 'investment' is the documented sign the label was not read. Agreement between the lanes does not settle a classification, and SRC063 in this shard types the same kind of object 'fund'; evidence_quote is the full printed line, which proves the value; B quoted the bare figure only.",RESOLVED,A+B+ADJUDICATOR,efccda783490f37c841b4335300e864503edab8861c88ea4aff51b0e1ff3a189
62cc140eb17cd76a2448,SRC035,2,PAIR_17A4F94110535629BE845A46,CONTEXT_CONFLICT,294,294,source_section|evidence_quote,MERGE,"Verified against page-2 image. source_section is the exact printed section heading, 'Performance Analysis', which every page prints under the program name and above the table; the trailing '| As of December 31, 2021' is a date and is excluded. A left it blank, and on the context row used the table title instead; subject_type corrected to 'fund' on a row both lanes typed 'investment': the label names a vehicle (L.P., LLC, or a named fund) in a fund schedule carrying Vintage, Strategy and capital-account columns, and a vehicle is 'fund' while 'investment' is a holding inside one. The 'By Investment' column header names the program's relationship to these funds, not what they are, and a whole table of 'investment' is the documented sign the label was not read. Agreement between the lanes does not settle a classification, and SRC063 in this shard types the same kind of object 'fund'; evidence_quote is the full printed line, which proves the value; B quoted the bare figure only.",RESOLVED,A+B+ADJUDICATOR,efccda783490f37c841b4335300e864503edab8861c88ea4aff51b0e1ff3a189
749570e839bbe3981f41,SRC035,2,PAIR_5F845EA17BDC64EA2B7A3A1A,CONTEXT_CONFLICT,295,295,source_section|evidence_quote,MERGE,"Verified against page-2 image. source_section is the exact printed section heading, 'Performance Analysis', which every page prints under the program name and above the table; the trailing '| As of December 31, 2021' is a date and is excluded. A left it blank, and on the context row used the table title instead; subject_type corrected to 'fund' on a row both lanes typed 'investment': the label names a vehicle (L.P., LLC, or a named fund) in a fund schedule carrying Vintage, Strategy and capital-account columns, and a vehicle is 'fund' while 'investment' is a holding inside one. The 'By Investment' column header names the program's relationship to these funds, not what they are, and a whole table of 'investment' is the documented sign the label was not read. Agreement between the lanes does not settle a classification, and SRC063 in this shard types the same kind of object 'fund'; evidence_quote is the full printed line, which proves the value; B quoted the bare figure only.",RESOLVED,A+B+ADJUDICATOR,efccda783490f37c841b4335300e864503edab8861c88ea4aff51b0e1ff3a189
bc63ab58a4c24b7738ef,SRC035,2,PAIR_31F53845DE51753E5C3257FC,CONTEXT_CONFLICT,296,296,source_section|evidence_quote,MERGE,"Verified against page-2 image. source_section is the exact printed section heading, 'Performance Analysis', which every page prints under the program name and above the table; the trailing '| As of December 31, 2021' is a date and is excluded. A left it blank, and on the context row used the table title instead; subject_type corrected to 'fund' on a row both lanes typed 'investment': the label names a vehicle (L.P., LLC, or a named fund) in a fund schedule carrying Vintage, Strategy and capital-account columns, and a vehicle is 'fund' while 'investment' is a holding inside one. The 'By Investment' column header names the program's relationship to these funds, not what they are, and a whole table of 'investment' is the documented sign the label was not read. Agreement between the lanes does not settle a classification, and SRC063 in this shard types the same kind of object 'fund'; evidence_quote is the full printed line, which proves the value; B quoted the bare figure only.",RESOLVED,A+B+ADJUDICATOR,efccda783490f37c841b4335300e864503edab8861c88ea4aff51b0e1ff3a189
1eb81c6f9fb52b5802a6,SRC035,2,PAIR_CAD0B0C16E97A1E5A4CEC2F2,CONTEXT_CONFLICT,297,297,source_section|metric_name|evidence_quote,MERGE,"Verified against page-2 image. source_section is the exact printed section heading, 'Performance Analysis', which every page prints under the program name and above the table; the trailing '| As of December 31, 2021' is a date and is excluded. A left it blank, and on the context row used the table title instead; subject_type corrected to 'fund' on a row both lanes typed 'investment': the label names a vehicle (L.P., LLC, or a named fund) in a fund schedule carrying Vintage, Strategy and capital-account columns, and a vehicle is 'fund' while 'investment' is a holding inside one. The 'By Investment' column header names the program's relationship to these funds, not what they are, and a whole table of 'investment' is the documented sign the label was not read. Agreement between the lanes does not settle a classification, and SRC063 in this shard types the same kind of object 'fund'; metric_name is the printed column header in full, 'IRR (%)'; B trimmed the printed qualifier; evidence_quote is the full printed line, which proves the value; B quoted the bare figure only.; Source review: p2: IRR (All report pages were reviewed; no fee-basis statement qualifies this IRR.)",RESOLVED,A+B+ADJUDICATOR,efccda783490f37c841b4335300e864503edab8861c88ea4aff51b0e1ff3a189
e0e8a2f52ac93b105dfd,SRC035,2,PAIR_764F9FC9B40B2DD356FBD250,CONTEXT_CONFLICT,298,298,source_section|evidence_quote,MERGE,"Verified against page-2 image. source_section is the exact printed section heading, 'Performance Analysis', which every page prints under the program name and above the table; the trailing '| As of December 31, 2021' is a date and is excluded. A left it blank, and on the context row used the table title instead; subject_type corrected to 'fund' on a row both lanes typed 'investment': the label names a vehicle (L.P., LLC, or a named fund) in a fund schedule carrying Vintage, Strategy and capital-account columns, and a vehicle is 'fund' while 'investment' is a holding inside one. The 'By Investment' column header names the program's relationship to these funds, not what they are, and a whole table of 'investment' is the documented sign the label was not read. Agreement between the lanes does not settle a classification, and SRC063 in this shard types the same kind of object 'fund'; evidence_quote is the full printed line, which proves the value; B quoted the bare figure only.; Source review: p2: Oregon Growth Account (The portfolio report distinguishes investor positions from its aggregate rows.) | p2: Oregon Growth Account (Printed heading or definition supporting the source-reviewed qualifier.) | p2: Oregon Growth Account (Supersedes SR2054: the printed entity or table label is context, not a measurement basis; source labels retain its scope.)",RESOLVED,A+B+ADJUDICATOR,efccda783490f37c841b4335300e864503edab8861c88ea4aff51b0e1ff3a189
39b75f9216c601ca2938,SRC035,2,PAIR_6472F99FAD1E10C16F874DED,CONTEXT_CONFLICT,299,299,source_section|metric_name|evidence_quote,MERGE,"Verified against page-2 image. source_section is the exact printed section heading, 'Performance Analysis', which every page prints under the program name and above the table; the trailing '| As of December 31, 2021' is a date and is excluded. A left it blank, and on the context row used the table title instead; subject_type corrected to 'fund' on a row both lanes typed 'investment': the label names a vehicle (L.P., LLC, or a named fund) in a fund schedule carrying Vintage, Strategy and capital-account columns, and a vehicle is 'fund' while 'investment' is a holding inside one. The 'By Investment' column header names the program's relationship to these funds, not what they are, and a whole table of 'investment' is the documented sign the label was not read. Agreement between the lanes does not settle a classification, and SRC063 in this shard types the same kind of object 'fund'; metric_name is the printed column header in full, 'TVPI (X)'; B trimmed the printed qualifier; evidence_quote is the full printed line, which proves the value; B quoted the bare figure only.",RESOLVED,A+B+ADJUDICATOR,efccda783490f37c841b4335300e864503edab8861c88ea4aff51b0e1ff3a189
53dde7403e174131948f,SRC035,2,PAIR_62DA7C22EAF8B908446AD7D8,CONTEXT_CONFLICT,300,300,source_section|evidence_quote,MERGE,"Verified against page-2 image. source_section is the exact printed section heading, 'Performance Analysis', which every page prints under the program name and above the table; the trailing '| As of December 31, 2021' is a date and is excluded. A left it blank, and on the context row used the table title instead; subject_type corrected to 'fund' on a row both lanes typed 'investment': the label names a vehicle (L.P., LLC, or a named fund) in a fund schedule carrying Vintage, Strategy and capital-account columns, and a vehicle is 'fund' while 'investment' is a holding inside one. The 'By Investment' column header names the program's relationship to these funds, not what they are, and a whole table of 'investment' is the documented sign the label was not read. Agreement between the lanes does not settle a classification, and SRC063 in this shard types the same kind of object 'fund'; evidence_quote is the full printed line, which proves the value; B quoted the bare figure only.",RESOLVED,A+B+ADJUDICATOR,efccda783490f37c841b4335300e864503edab8861c88ea4aff51b0e1ff3a189
a1205e634a1a7985a2ff,SRC035,2,PAIR_E2656F34A779111F661A9A3A,CONTEXT_CONFLICT,301,301,source_section|evidence_quote,MERGE,"Verified against page-2 image. source_section is the exact printed section heading, 'Performance Analysis', which every page prints under the program name and above the table; the trailing '| As of December 31, 2021' is a date and is excluded. A left it blank, and on the context row used the table title instead; subject_type corrected to 'fund' on a row both lanes typed 'investment': the label names a vehicle (L.P., LLC, or a named fund) in a fund schedule carrying Vintage, Strategy and capital-account columns, and a vehicle is 'fund' while 'investment' is a holding inside one. The 'By Investment' column header names the program's relationship to these funds, not what they are, and a whole table of 'investment' is the documented sign the label was not read. Agreement between the lanes does not settle a classification, and SRC063 in this shard types the same kind of object 'fund'; evidence_quote is the full printed line, which proves the value; B quoted the bare figure only.",RESOLVED,A+B+ADJUDICATOR,efccda783490f37c841b4335300e864503edab8861c88ea4aff51b0e1ff3a189
dca9491d648e9979685b,SRC035,2,PAIR_DB2AA890AF38C827AE015A79,CONTEXT_CONFLICT,302,302,source_section|evidence_quote,MERGE,"Verified against page-2 image. source_section is the exact printed section heading, 'Performance Analysis', which every page prints under the program name and above the table; the trailing '| As of December 31, 2021' is a date and is excluded. A left it blank, and on the context row used the table title instead; subject_type corrected to 'fund' on a row both lanes typed 'investment': the label names a vehicle (L.P., LLC, or a named fund) in a fund schedule carrying Vintage, Strategy and capital-account columns, and a vehicle is 'fund' while 'investment' is a holding inside one. The 'By Investment' column header names the program's relationship to these funds, not what they are, and a whole table of 'investment' is the documented sign the label was not read. Agreement between the lanes does not settle a classification, and SRC063 in this shard types the same kind of object 'fund'; evidence_quote is the full printed line, which proves the value; B quoted the bare figure only.",RESOLVED,A+B+ADJUDICATOR,efccda783490f37c841b4335300e864503edab8861c88ea4aff51b0e1ff3a189
0ac269406b9f4f401c54,SRC035,2,PAIR_A854DD578AA10C1E3F8600BB,CONTEXT_CONFLICT,303,303,source_section|evidence_quote,MERGE,"Verified against page-2 image. source_section is the exact printed section heading, 'Performance Analysis', which every page prints under the program name and above the table; the trailing '| As of December 31, 2021' is a date and is excluded. A left it blank, and on the context row used the table title instead; subject_type corrected to 'fund' on a row both lanes typed 'investment': the label names a vehicle (L.P., LLC, or a named fund) in a fund schedule carrying Vintage, Strategy and capital-account columns, and a vehicle is 'fund' while 'investment' is a holding inside one. The 'By Investment' column header names the program's relationship to these funds, not what they are, and a whole table of 'investment' is the documented sign the label was not read. Agreement between the lanes does not settle a classification, and SRC063 in this shard types the same kind of object 'fund'; evidence_quote is the full printed line, which proves the value; B quoted the bare figure only.",RESOLVED,A+B+ADJUDICATOR,efccda783490f37c841b4335300e864503edab8861c88ea4aff51b0e1ff3a189
896b4b17a75f7699b9fb,SRC035,2,PAIR_745426696935FB72C096C329,CONTEXT_CONFLICT,304,304,source_section|metric_name|evidence_quote,MERGE,"Verified against page-2 image. source_section is the exact printed section heading, 'Performance Analysis', which every page prints under the program name and above the table; the trailing '| As of December 31, 2021' is a date and is excluded. A left it blank, and on the context row used the table title instead; subject_type corrected to 'fund' on a row both lanes typed 'investment': the label names a vehicle (L.P., LLC, or a named fund) in a fund schedule carrying Vintage, Strategy and capital-account columns, and a vehicle is 'fund' while 'investment' is a holding inside one. The 'By Investment' column header names the program's relationship to these funds, not what they are, and a whole table of 'investment' is the documented sign the label was not read. Agreement between the lanes does not settle a classification, and SRC063 in this shard types the same kind of object 'fund'; metric_name is the printed column header in full, 'IRR (%)'; B trimmed the printed qualifier; evidence_quote is the full printed line, which proves the value; B quoted the bare figure only.; Source review: p2: IRR (All report pages were reviewed; no fee-basis statement qualifies this IRR.)",RESOLVED,A+B+ADJUDICATOR,efccda783490f37c841b4335300e864503edab8861c88ea4aff51b0e1ff3a189
4e8127f4745de730378f,SRC035,2,PAIR_54190D09CE4256D438198953,CONTEXT_CONFLICT,305,305,source_section|evidence_quote,MERGE,"Verified against page-2 image. source_section is the exact printed section heading, 'Performance Analysis', which every page prints under the program name and above the table; the trailing '| As of December 31, 2021' is a date and is excluded. A left it blank, and on the context row used the table title instead; subject_type corrected to 'fund' on a row both lanes typed 'investment': the label names a vehicle (L.P., LLC, or a named fund) in a fund schedule carrying Vintage, Strategy and capital-account columns, and a vehicle is 'fund' while 'investment' is a holding inside one. The 'By Investment' column header names the program's relationship to these funds, not what they are, and a whole table of 'investment' is the documented sign the label was not read. Agreement between the lanes does not settle a classification, and SRC063 in this shard types the same kind of object 'fund'; evidence_quote is the full printed line, which proves the value; B quoted the bare figure only.; Source review: p2: Oregon Growth Account (The portfolio report distinguishes investor positions from its aggregate rows.) | p2: Oregon Growth Account (Printed heading or definition supporting the source-reviewed qualifier.) | p2: Oregon Growth Account (Supersedes SR2055: the printed entity or table label is context, not a measurement basis; source labels retain its scope.)",RESOLVED,A+B+ADJUDICATOR,efccda783490f37c841b4335300e864503edab8861c88ea4aff51b0e1ff3a189
f45cd9643e193e03d85c,SRC035,2,PAIR_025E4397DBBBFAD246A671CA,CONTEXT_CONFLICT,306,306,source_section|metric_name|evidence_quote,MERGE,"Verified against page-2 image. source_section is the exact printed section heading, 'Performance Analysis', which every page prints under the program name and above the table; the trailing '| As of December 31, 2021' is a date and is excluded. A left it blank, and on the context row used the table title instead; subject_type corrected to 'fund' on a row both lanes typed 'investment': the label names a vehicle (L.P., LLC, or a named fund) in a fund schedule carrying Vintage, Strategy and capital-account columns, and a vehicle is 'fund' while 'investment' is a holding inside one. The 'By Investment' column header names the program's relationship to these funds, not what they are, and a whole table of 'investment' is the documented sign the label was not read. Agreement between the lanes does not settle a classification, and SRC063 in this shard types the same kind of object 'fund'; metric_name is the printed column header in full, 'TVPI (X)'; B trimmed the printed qualifier; evidence_quote is the full printed line, which proves the value; B quoted the bare figure only.",RESOLVED,A+B+ADJUDICATOR,efccda783490f37c841b4335300e864503edab8861c88ea4aff51b0e1ff3a189
145676b88ef5305e6384,SRC035,2,PAIR_A7C0F3E1116CC23193CE907A,CONTEXT_CONFLICT,307,307,source_section|evidence_quote,MERGE,"Verified against page-2 image. source_section is the exact printed section heading, 'Performance Analysis', which every page prints under the program name and above the table; the trailing '| As of December 31, 2021' is a date and is excluded. A left it blank, and on the context row used the table title instead; subject_type corrected to 'fund' on a row both lanes typed 'investment': the label names a vehicle (L.P., LLC, or a named fund) in a fund schedule carrying Vintage, Strategy and capital-account columns, and a vehicle is 'fund' while 'investment' is a holding inside one. The 'By Investment' column header names the program's relationship to these funds, not what they are, and a whole table of 'investment' is the documented sign the label was not read. Agreement between the lanes does not settle a classification, and SRC063 in this shard types the same kind of object 'fund'; evidence_quote is the full printed line, which proves the value; B quoted the bare figure only.",RESOLVED,A+B+ADJUDICATOR,efccda783490f37c841b4335300e864503edab8861c88ea4aff51b0e1ff3a189
0f511ebd61b0d201b552,SRC035,2,PAIR_F454C3BF3A6D2833986E7682,CONTEXT_CONFLICT,308,308,source_section|evidence_quote,MERGE,"Verified against page-2 image. source_section is the exact printed section heading, 'Performance Analysis', which every page prints under the program name and above the table; the trailing '| As of December 31, 2021' is a date and is excluded. A left it blank, and on the context row used the table title instead; subject_type corrected to 'fund' on a row both lanes typed 'investment': the label names a vehicle (L.P., LLC, or a named fund) in a fund schedule carrying Vintage, Strategy and capital-account columns, and a vehicle is 'fund' while 'investment' is a holding inside one. The 'By Investment' column header names the program's relationship to these funds, not what they are, and a whole table of 'investment' is the documented sign the label was not read. Agreement between the lanes does not settle a classification, and SRC063 in this shard types the same kind of object 'fund'; evidence_quote is the full printed line, which proves the value; B quoted the bare figure only.",RESOLVED,A+B+ADJUDICATOR,efccda783490f37c841b4335300e864503edab8861c88ea4aff51b0e1ff3a189
410db856cee351058bcc,SRC035,2,PAIR_A306C5C2C9BD99D2476EA879,CONTEXT_CONFLICT,309,309,source_section|evidence_quote,MERGE,"Verified against page-2 image. source_section is the exact printed section heading, 'Performance Analysis', which every page prints under the program name and above the table; the trailing '| As of December 31, 2021' is a date and is excluded. A left it blank, and on the context row used the table title instead; subject_type corrected to 'fund' on a row both lanes typed 'investment': the label names a vehicle (L.P., LLC, or a named fund) in a fund schedule carrying Vintage, Strategy and capital-account columns, and a vehicle is 'fund' while 'investment' is a holding inside one. The 'By Investment' column header names the program's relationship to these funds, not what they are, and a whole table of 'investment' is the documented sign the label was not read. Agreement between the lanes does not settle a classification, and SRC063 in this shard types the same kind of object 'fund'; evidence_quote is the full printed line, which proves the value; B quoted the bare figure only.",RESOLVED,A+B+ADJUDICATOR,efccda783490f37c841b4335300e864503edab8861c88ea4aff51b0e1ff3a189
1111cc5c61858b250273,SRC035,2,PAIR_873F3DACF830C6F530F01A11,CONTEXT_CONFLICT,310,310,source_section|evidence_quote,MERGE,"Verified against page-2 image. source_section is the exact printed section heading, 'Performance Analysis', which every page prints under the program name and above the table; the trailing '| As of December 31, 2021' is a date and is excluded. A left it blank, and on the context row used the table title instead; subject_type corrected to 'fund' on a row both lanes typed 'investment': the label names a vehicle (L.P., LLC, or a named fund) in a fund schedule carrying Vintage, Strategy and capital-account columns, and a vehicle is 'fund' while 'investment' is a holding inside one. The 'By Investment' column header names the program's relationship to these funds, not what they are, and a whole table of 'investment' is the documented sign the label was not read. Agreement between the lanes does not settle a classification, and SRC063 in this shard types the same kind of object 'fund'; evidence_quote is the full printed line, which proves the value; B quoted the bare figure only.",RESOLVED,A+B+ADJUDICATOR,efccda783490f37c841b4335300e864503edab8861c88ea4aff51b0e1ff3a189
e8dff67d7f5ce6b76f7f,SRC035,2,PAIR_03D4DB11576A647A3D507117,CONTEXT_CONFLICT,311,311,source_section|metric_name|evidence_quote,MERGE,"Verified against page-2 image. source_section is the exact printed section heading, 'Performance Analysis', which every page prints under the program name and above the table; the trailing '| As of December 31, 2021' is a date and is excluded. A left it blank, and on the context row used the table title instead; subject_type corrected to 'fund' on a row both lanes typed 'investment': the label names a vehicle (L.P., LLC, or a named fund) in a fund schedule carrying Vintage, Strategy and capital-account columns, and a vehicle is 'fund' while 'investment' is a holding inside one. The 'By Investment' column header names the program's relationship to these funds, not what they are, and a whole table of 'investment' is the documented sign the label was not read. Agreement between the lanes does not settle a classification, and SRC063 in this shard types the same kind of object 'fund'; metric_name is the printed column header in full, 'IRR (%)'; B trimmed the printed qualifier; evidence_quote is the full printed line, which proves the value; B quoted the bare figure only.; Source review: p2: IRR (All report pages were reviewed; no fee-basis statement qualifies this IRR.)",RESOLVED,A+B+ADJUDICATOR,efccda783490f37c841b4335300e864503edab8861c88ea4aff51b0e1ff3a189
9a3ce1f3ecfd0ad63f4e,SRC035,2,PAIR_0849BA608080F576EDF8B88C,CONTEXT_CONFLICT,312,312,source_section|evidence_quote,MERGE,"Verified against page-2 image. source_section is the exact printed section heading, 'Performance Analysis', which every page prints under the program name and above the table; the trailing '| As of December 31, 2021' is a date and is excluded. A left it blank, and on the context row used the table title instead; subject_type corrected to 'fund' on a row both lanes typed 'investment': the label names a vehicle (L.P., LLC, or a named fund) in a fund schedule carrying Vintage, Strategy and capital-account columns, and a vehicle is 'fund' while 'investment' is a holding inside one. The 'By Investment' column header names the program's relationship to these funds, not what they are, and a whole table of 'investment' is the documented sign the label was not read. Agreement between the lanes does not settle a classification, and SRC063 in this shard types the same kind of object 'fund'; evidence_quote is the full printed line, which proves the value; B quoted the bare figure only.; Source review: p2: Oregon Growth Account (The portfolio report distinguishes investor positions from its aggregate rows.) | p2: Oregon Growth Account (Printed heading or definition supporting the source-reviewed qualifier.) | p2: Oregon Growth Account (Supersedes SR2056: the printed entity or table label is context, not a measurement basis; source labels retain its scope.)",RESOLVED,A+B+ADJUDICATOR,efccda783490f37c841b4335300e864503edab8861c88ea4aff51b0e1ff3a189
c21e04c7c2bd500dcbfc,SRC035,2,PAIR_B18F35A23635BE068F1FF3A0,CONTEXT_CONFLICT,313,313,source_section|metric_name|evidence_quote,MERGE,"Verified against page-2 image. source_section is the exact printed section heading, 'Performance Analysis', which every page prints under the program name and above the table; the trailing '| As of December 31, 2021' is a date and is excluded. A left it blank, and on the context row used the table title instead; subject_type corrected to 'fund' on a row both lanes typed 'investment': the label names a vehicle (L.P., LLC, or a named fund) in a fund schedule carrying Vintage, Strategy and capital-account columns, and a vehicle is 'fund' while 'investment' is a holding inside one. The 'By Investment' column header names the program's relationship to these funds, not what they are, and a whole table of 'investment' is the documented sign the label was not read. Agreement between the lanes does not settle a classification, and SRC063 in this shard types the same kind of object 'fund'; metric_name is the printed column header in full, 'TVPI (X)'; B trimmed the printed qualifier; evidence_quote is the full printed line, which proves the value; B quoted the bare figure only.",RESOLVED,A+B+ADJUDICATOR,efccda783490f37c841b4335300e864503edab8861c88ea4aff51b0e1ff3a189
eddfebb4e29abc5e49ca,SRC035,2,PAIR_D35C2F8969C3702027085719,CONTEXT_CONFLICT,314,314,source_section|evidence_quote,MERGE,"Verified against page-2 image. source_section is the exact printed section heading, 'Performance Analysis', which every page prints under the program name and above the table; the trailing '| As of December 31, 2021' is a date and is excluded. A left it blank, and on the context row used the table title instead; subject_type corrected to 'fund' on a row both lanes typed 'investment': the label names a vehicle (L.P., LLC, or a named fund) in a fund schedule carrying Vintage, Strategy and capital-account columns, and a vehicle is 'fund' while 'investment' is a holding inside one. The 'By Investment' column header names the program's relationship to these funds, not what they are, and a whole table of 'investment' is the documented sign the label was not read. Agreement between the lanes does not settle a classification, and SRC063 in this shard types the same kind of object 'fund'; evidence_quote is the full printed line, which proves the value; B quoted the bare figure only.",RESOLVED,A+B+ADJUDICATOR,efccda783490f37c841b4335300e864503edab8861c88ea4aff51b0e1ff3a189
c173d888d13cf51604d2,SRC035,2,PAIR_8C06527EC8E9D065BF1B0FE6,CONTEXT_CONFLICT,315,315,source_section|evidence_quote,MERGE,"Verified against page-2 image. source_section is the exact printed section heading, 'Performance Analysis', which every page prints under the program name and above the table; the trailing '| As of December 31, 2021' is a date and is excluded. A left it blank, and on the context row used the table title instead; subject_type corrected to 'fund' on a row both lanes typed 'investment': the label names a vehicle (L.P., LLC, or a named fund) in a fund schedule carrying Vintage, Strategy and capital-account columns, and a vehicle is 'fund' while 'investment' is a holding inside one. The 'By Investment' column header names the program's relationship to these funds, not what they are, and a whole table of 'investment' is the documented sign the label was not read. Agreement between the lanes does not settle a classification, and SRC063 in this shard types the same kind of object 'fund'; evidence_quote is the full printed line, which proves the value; B quoted the bare figure only.",RESOLVED,A+B+ADJUDICATOR,efccda783490f37c841b4335300e864503edab8861c88ea4aff51b0e1ff3a189
ffed088bccd22e8b078a,SRC035,2,PAIR_BEC3285409FCC1B1424EBAEE,CONTEXT_CONFLICT,316,316,source_section|evidence_quote,MERGE,"Verified against page-2 image. source_section is the exact printed section heading, 'Performance Analysis', which every page prints under the program name and above the table; the trailing '| As of December 31, 2021' is a date and is excluded. A left it blank, and on the context row used the table title instead; subject_type corrected to 'fund' on a row both lanes typed 'investment': the label names a vehicle (L.P., LLC, or a named fund) in a fund schedule carrying Vintage, Strategy and capital-account columns, and a vehicle is 'fund' while 'investment' is a holding inside one. The 'By Investment' column header names the program's relationship to these funds, not what they are, and a whole table of 'investment' is the documented sign the label was not read. Agreement between the lanes does not settle a classification, and SRC063 in this shard types the same kind of object 'fund'; evidence_quote is the full printed line, which proves the value; B quoted the bare figure only.",RESOLVED,A+B+ADJUDICATOR,efccda783490f37c841b4335300e864503edab8861c88ea4aff51b0e1ff3a189
4c0661d66116afc9d17c,SRC035,2,PAIR_3AA05B65768514D53B762996,CONTEXT_CONFLICT,317,317,source_section|evidence_quote,MERGE,"Verified against page-2 image. source_section is the exact printed section heading, 'Performance Analysis', which every page prints under the program name and above the table; the trailing '| As of December 31, 2021' is a date and is excluded. A left it blank, and on the context row used the table title instead; subject_type corrected to 'fund' on a row both lanes typed 'investment': the label names a vehicle (L.P., LLC, or a named fund) in a fund schedule carrying Vintage, Strategy and capital-account columns, and a vehicle is 'fund' while 'investment' is a holding inside one. The 'By Investment' column header names the program's relationship to these funds, not what they are, and a whole table of 'investment' is the documented sign the label was not read. Agreement between the lanes does not settle a classification, and SRC063 in this shard types the same kind of object 'fund'; evidence_quote is the full printed line, which proves the value; B quoted the bare figure only.",RESOLVED,A+B+ADJUDICATOR,efccda783490f37c841b4335300e864503edab8861c88ea4aff51b0e1ff3a189
e907a1b32fcb582eae78,SRC035,2,PAIR_34FD9F1AA0441717DC4EBAB8,CONTEXT_CONFLICT,318,318,source_section|metric_name|evidence_quote,MERGE,"Verified against page-2 image. source_section is the exact printed section heading, 'Performance Analysis', which every page prints under the program name and above the table; the trailing '| As of December 31, 2021' is a date and is excluded. A left it blank, and on the context row used the table title instead; subject_type corrected to 'fund' on a row both lanes typed 'investment': the label names a vehicle (L.P., LLC, or a named fund) in a fund schedule carrying Vintage, Strategy and capital-account columns, and a vehicle is 'fund' while 'investment' is a holding inside one. The 'By Investment' column header names the program's relationship to these funds, not what they are, and a whole table of 'investment' is the documented sign the label was not read. Agreement between the lanes does not settle a classification, and SRC063 in this shard types the same kind of object 'fund'; metric_name is the printed column header in full, 'IRR (%)'; B trimmed the printed qualifier; evidence_quote is the full printed line, which proves the value; B quoted the bare figure only.; Source review: p2: IRR (All report pages were reviewed; no fee-basis statement qualifies this IRR.)",RESOLVED,A+B+ADJUDICATOR,efccda783490f37c841b4335300e864503edab8861c88ea4aff51b0e1ff3a189
c0fc76e277d1f7f3042f,SRC035,2,PAIR_DF8FB10099E7C0B367188D90,CONTEXT_CONFLICT,319,319,source_section|evidence_quote,MERGE,"Verified against page-2 image. source_section is the exact printed section heading, 'Performance Analysis', which every page prints under the program name and above the table; the trailing '| As of December 31, 2021' is a date and is excluded. A left it blank, and on the context row used the table title instead; subject_type corrected to 'fund' on a row both lanes typed 'investment': the label names a vehicle (L.P., LLC, or a named fund) in a fund schedule carrying Vintage, Strategy and capital-account columns, and a vehicle is 'fund' while 'investment' is a holding inside one. The 'By Investment' column header names the program's relationship to these funds, not what they are, and a whole table of 'investment' is the documented sign the label was not read. Agreement between the lanes does not settle a classification, and SRC063 in this shard types the same kind of object 'fund'; evidence_quote is the full printed line, which proves the value; B quoted the bare figure only.; Source review: p2: Oregon Growth Account (The portfolio report distinguishes investor positions from its aggregate rows.) | p2: Oregon Growth Account (Printed heading or definition supporting the source-reviewed qualifier.) | p2: Oregon Growth Account (Supersedes SR2057: the printed entity or table label is context, not a measurement basis; source labels retain its scope.)",RESOLVED,A+B+ADJUDICATOR,efccda783490f37c841b4335300e864503edab8861c88ea4aff51b0e1ff3a189
164b5d09470444280568,SRC035,2,PAIR_6A7F079EDDE00CC5B369AD7D,CONTEXT_CONFLICT,320,320,source_section|metric_name|evidence_quote,MERGE,"Verified against page-2 image. source_section is the exact printed section heading, 'Performance Analysis', which every page prints under the program name and above the table; the trailing '| As of December 31, 2021' is a date and is excluded. A left it blank, and on the context row used the table title instead; subject_type corrected to 'fund' on a row both lanes typed 'investment': the label names a vehicle (L.P., LLC, or a named fund) in a fund schedule carrying Vintage, Strategy and capital-account columns, and a vehicle is 'fund' while 'investment' is a holding inside one. The 'By Investment' column header names the program's relationship to these funds, not what they are, and a whole table of 'investment' is the documented sign the label was not read. Agreement between the lanes does not settle a classification, and SRC063 in this shard types the same kind of object 'fund'; metric_name is the printed column header in full, 'TVPI (X)'; B trimmed the printed qualifier; evidence_quote is the full printed line, which proves the value; B quoted the bare figure only.",RESOLVED,A+B+ADJUDICATOR,efccda783490f37c841b4335300e864503edab8861c88ea4aff51b0e1ff3a189
29a6fe59be7681e78a5b,SRC035,2,PAIR_FCF07EEC3A3533EE60F20D49,CONTEXT_CONFLICT,321,321,source_section|evidence_quote,MERGE,"Verified against page-2 image. source_section is the exact printed section heading, 'Performance Analysis', which every page prints under the program name and above the table; the trailing '| As of December 31, 2021' is a date and is excluded. A left it blank, and on the context row used the table title instead; subject_type corrected to 'fund' on a row both lanes typed 'investment': the label names a vehicle (L.P., LLC, or a named fund) in a fund schedule carrying Vintage, Strategy and capital-account columns, and a vehicle is 'fund' while 'investment' is a holding inside one. The 'By Investment' column header names the program's relationship to these funds, not what they are, and a whole table of 'investment' is the documented sign the label was not read. Agreement between the lanes does not settle a classification, and SRC063 in this shard types the same kind of object 'fund'; evidence_quote is the full printed line, which proves the value; B quoted the bare figure only.",RESOLVED,A+B+ADJUDICATOR,efccda783490f37c841b4335300e864503edab8861c88ea4aff51b0e1ff3a189
1cf736cbedaa2f6a9f65,SRC035,2,PAIR_7F6DE7E8DCE405F0EC841251,CONTEXT_CONFLICT,322,322,source_section|evidence_quote,MERGE,"Verified against page-2 image. source_section is the exact printed section heading, 'Performance Analysis', which every page prints under the program name and above the table; the trailing '| As of December 31, 2021' is a date and is excluded. A left it blank, and on the context row used the table title instead; subject_type corrected to 'fund' on a row both lanes typed 'investment': the label names a vehicle (L.P., LLC, or a named fund) in a fund schedule carrying Vintage, Strategy and capital-account columns, and a vehicle is 'fund' while 'investment' is a holding inside one. The 'By Investment' column header names the program's relationship to these funds, not what they are, and a whole table of 'investment' is the documented sign the label was not read. Agreement between the lanes does not settle a classification, and SRC063 in this shard types the same kind of object 'fund'; evidence_quote is the full printed line, which proves the value; B quoted the bare figure only.",RESOLVED,A+B+ADJUDICATOR,efccda783490f37c841b4335300e864503edab8861c88ea4aff51b0e1ff3a189
d6c95646055342f1c0d1,SRC035,2,PAIR_765088E2D2B4AE0BD99E2710,CONTEXT_CONFLICT,323,323,source_section|evidence_quote,MERGE,"Verified against page-2 image. source_section is the exact printed section heading, 'Performance Analysis', which every page prints under the program name and above the table; the trailing '| As of December 31, 2021' is a date and is excluded. A left it blank, and on the context row used the table title instead; subject_type corrected to 'fund' on a row both lanes typed 'investment': the label names a vehicle (L.P., LLC, or a named fund) in a fund schedule carrying Vintage, Strategy and capital-account columns, and a vehicle is 'fund' while 'investment' is a holding inside one. The 'By Investment' column header names the program's relationship to these funds, not what they are, and a whole table of 'investment' is the documented sign the label was not read. Agreement between the lanes does not settle a classification, and SRC063 in this shard types the same kind of object 'fund'; evidence_quote is the full printed line, which proves the value; B quoted the bare figure only.",RESOLVED,A+B+ADJUDICATOR,efccda783490f37c841b4335300e864503edab8861c88ea4aff51b0e1ff3a189
2a6e7566bf0972c53ba4,SRC035,2,PAIR_058176EE4A1833E50C1BE93B,CONTEXT_CONFLICT,324,324,source_section|evidence_quote,MERGE,"Verified against page-2 image. source_section is the exact printed section heading, 'Performance Analysis', which every page prints under the program name and above the table; the trailing '| As of December 31, 2021' is a date and is excluded. A left it blank, and on the context row used the table title instead; subject_type corrected to 'fund' on a row both lanes typed 'investment': the label names a vehicle (L.P., LLC, or a named fund) in a fund schedule carrying Vintage, Strategy and capital-account columns, and a vehicle is 'fund' while 'investment' is a holding inside one. The 'By Investment' column header names the program's relationship to these funds, not what they are, and a whole table of 'investment' is the documented sign the label was not read. Agreement between the lanes does not settle a classification, and SRC063 in this shard types the same kind of object 'fund'; evidence_quote is the full printed line, which proves the value; B quoted the bare figure only.",RESOLVED,A+B+ADJUDICATOR,efccda783490f37c841b4335300e864503edab8861c88ea4aff51b0e1ff3a189
18e64c5b30f3d6c4ea10,SRC035,2,PAIR_031092B651EC6518D40961F2,CONTEXT_CONFLICT,325,325,source_section|metric_name|evidence_quote,MERGE,"Verified against page-2 image. source_section is the exact printed section heading, 'Performance Analysis', which every page prints under the program name and above the table; the trailing '| As of December 31, 2021' is a date and is excluded. A left it blank, and on the context row used the table title instead; subject_type corrected to 'fund' on a row both lanes typed 'investment': the label names a vehicle (L.P., LLC, or a named fund) in a fund schedule carrying Vintage, Strategy and capital-account columns, and a vehicle is 'fund' while 'investment' is a holding inside one. The 'By Investment' column header names the program's relationship to these funds, not what they are, and a whole table of 'investment' is the documented sign the label was not read. Agreement between the lanes does not settle a classification, and SRC063 in this shard types the same kind of object 'fund'; metric_name is the printed column header in full, 'IRR (%)'; B trimmed the printed qualifier; evidence_quote is the full printed line, which proves the value; B quoted the bare figure only.; Source review: p2: IRR (All report pages were reviewed; no fee-basis statement qualifies this IRR.)",RESOLVED,A+B+ADJUDICATOR,efccda783490f37c841b4335300e864503edab8861c88ea4aff51b0e1ff3a189
7b28b9c5be29dda50be0,SRC035,2,PAIR_A42F68630DB5C4C679B57151,CONTEXT_CONFLICT,326,326,source_section|evidence_quote,MERGE,"Verified against page-2 image. source_section is the exact printed section heading, 'Performance Analysis', which every page prints under the program name and above the table; the trailing '| As of December 31, 2021' is a date and is excluded. A left it blank, and on the context row used the table title instead; subject_type corrected to 'fund' on a row both lanes typed 'investment': the label names a vehicle (L.P., LLC, or a named fund) in a fund schedule carrying Vintage, Strategy and capital-account columns, and a vehicle is 'fund' while 'investment' is a holding inside one. The 'By Investment' column header names the program's relationship to these funds, not what they are, and a whole table of 'investment' is the documented sign the label was not read. Agreement between the lanes does not settle a classification, and SRC063 in this shard types the same kind of object 'fund'; evidence_quote is the full printed line, which proves the value; B quoted the bare figure only.; Source review: p2: Oregon Growth Account (The portfolio report distinguishes investor positions from its aggregate rows.) | p2: Oregon Growth Account (Printed heading or definition supporting the source-reviewed qualifier.) | p2: Oregon Growth Account (Supersedes SR2058: the printed entity or table label is context, not a measurement basis; source labels retain its scope.)",RESOLVED,A+B+ADJUDICATOR,efccda783490f37c841b4335300e864503edab8861c88ea4aff51b0e1ff3a189
7d8dc83497bccaeaaf75,SRC035,2,PAIR_F0CC1A3911F8ED0092D62E7F,CONTEXT_CONFLICT,327,327,source_section|metric_name|evidence_quote,MERGE,"Verified against page-2 image. source_section is the exact printed section heading, 'Performance Analysis', which every page prints under the program name and above the table; the trailing '| As of December 31, 2021' is a date and is excluded. A left it blank, and on the context row used the table title instead; subject_type corrected to 'fund' on a row both lanes typed 'investment': the label names a vehicle (L.P., LLC, or a named fund) in a fund schedule carrying Vintage, Strategy and capital-account columns, and a vehicle is 'fund' while 'investment' is a holding inside one. The 'By Investment' column header names the program's relationship to these funds, not what they are, and a whole table of 'investment' is the documented sign the label was not read. Agreement between the lanes does not settle a classification, and SRC063 in this shard types the same kind of object 'fund'; metric_name is the printed column header in full, 'TVPI (X)'; B trimmed the printed qualifier; evidence_quote is the full printed line, which proves the value; B quoted the bare figure only.",RESOLVED,A+B+ADJUDICATOR,efccda783490f37c841b4335300e864503edab8861c88ea4aff51b0e1ff3a189
e17e12da94cebd15381a,SRC035,2,PAIR_8D65301F41E4A5CABCB07507,CONTEXT_CONFLICT,328,328,source_section|evidence_quote,MERGE,"Verified against page-2 image. source_section is the exact printed section heading, 'Performance Analysis', which every page prints under the program name and above the table; the trailing '| As of December 31, 2021' is a date and is excluded. A left it blank, and on the context row used the table title instead; subject_type corrected to 'fund' on a row both lanes typed 'investment': the label names a vehicle (L.P., LLC, or a named fund) in a fund schedule carrying Vintage, Strategy and capital-account columns, and a vehicle is 'fund' while 'investment' is a holding inside one. The 'By Investment' column header names the program's relationship to these funds, not what they are, and a whole table of 'investment' is the documented sign the label was not read. Agreement between the lanes does not settle a classification, and SRC063 in this shard types the same kind of object 'fund'; evidence_quote is the full printed line, which proves the value; B quoted the bare figure only.",RESOLVED,A+B+ADJUDICATOR,efccda783490f37c841b4335300e864503edab8861c88ea4aff51b0e1ff3a189
afce3ca561d81cf2ab26,SRC035,2,PAIR_0F407931E95A877170584CEE,CONTEXT_CONFLICT,329,329,source_section|evidence_quote,MERGE,"Verified against page-2 image. source_section is the exact printed section heading, 'Performance Analysis', which every page prints under the program name and above the table; the trailing '| As of December 31, 2021' is a date and is excluded. A left it blank, and on the context row used the table title instead; subject_type corrected to 'fund' on a row both lanes typed 'investment': the label names a vehicle (L.P., LLC, or a named fund) in a fund schedule carrying Vintage, Strategy and capital-account columns, and a vehicle is 'fund' while 'investment' is a holding inside one. The 'By Investment' column header names the program's relationship to these funds, not what they are, and a whole table of 'investment' is the documented sign the label was not read. Agreement between the lanes does not settle a classification, and SRC063 in this shard types the same kind of object 'fund'; evidence_quote is the full printed line, which proves the value; B quoted the bare figure only.",RESOLVED,A+B+ADJUDICATOR,efccda783490f37c841b4335300e864503edab8861c88ea4aff51b0e1ff3a189
3cb3cd4b9232df87815d,SRC035,2,PAIR_888B5D324A844B6469DE02D9,CONTEXT_CONFLICT,330,330,source_section|evidence_quote,MERGE,"Verified against page-2 image. source_section is the exact printed section heading, 'Performance Analysis', which every page prints under the program name and above the table; the trailing '| As of December 31, 2021' is a date and is excluded. A left it blank, and on the context row used the table title instead; subject_type corrected to 'fund' on a row both lanes typed 'investment': the label names a vehicle (L.P., LLC, or a named fund) in a fund schedule carrying Vintage, Strategy and capital-account columns, and a vehicle is 'fund' while 'investment' is a holding inside one. The 'By Investment' column header names the program's relationship to these funds, not what they are, and a whole table of 'investment' is the documented sign the label was not read. Agreement between the lanes does not settle a classification, and SRC063 in this shard types the same kind of object 'fund'; evidence_quote is the full printed line, which proves the value; B quoted the bare figure only.",RESOLVED,A+B+ADJUDICATOR,efccda783490f37c841b4335300e864503edab8861c88ea4aff51b0e1ff3a189
37c7a091b6b5e6101a35,SRC035,2,PAIR_12BCB18CD604842F4AC742E9,CONTEXT_CONFLICT,331,331,source_section|evidence_quote,MERGE,"Verified against page-2 image. source_section is the exact printed section heading, 'Performance Analysis', which every page prints under the program name and above the table; the trailing '| As of December 31, 2021' is a date and is excluded. A left it blank, and on the context row used the table title instead; subject_type corrected to 'fund' on a row both lanes typed 'investment': the label names a vehicle (L.P., LLC, or a named fund) in a fund schedule carrying Vintage, Strategy and capital-account columns, and a vehicle is 'fund' while 'investment' is a holding inside one. The 'By Investment' column header names the program's relationship to these funds, not what they are, and a whole table of 'investment' is the documented sign the label was not read. Agreement between the lanes does not settle a classification, and SRC063 in this shard types the same kind of object 'fund'; evidence_quote is the full printed line, which proves the value; B quoted the bare figure only.",RESOLVED,A+B+ADJUDICATOR,efccda783490f37c841b4335300e864503edab8861c88ea4aff51b0e1ff3a189
fd7ea73f626dbf3011a9,SRC035,2,PAIR_0CE4311FD2CD5512CDDD585E,CONTEXT_CONFLICT,332,332,source_section|metric_name|evidence_quote,MERGE,"Verified against page-2 image. source_section is the exact printed section heading, 'Performance Analysis', which every page prints under the program name and above the table; the trailing '| As of December 31, 2021' is a date and is excluded. A left it blank, and on the context row used the table title instead; subject_type corrected to 'fund' on a row both lanes typed 'investment': the label names a vehicle (L.P., LLC, or a named fund) in a fund schedule carrying Vintage, Strategy and capital-account columns, and a vehicle is 'fund' while 'investment' is a holding inside one. The 'By Investment' column header names the program's relationship to these funds, not what they are, and a whole table of 'investment' is the documented sign the label was not read. Agreement between the lanes does not settle a classification, and SRC063 in this shard types the same kind of object 'fund'; metric_name is the printed column header in full, 'IRR (%)'; B trimmed the printed qualifier; evidence_quote is the full printed line, which proves the value; B quoted the bare figure only.; Source review: p2: IRR (All report pages were reviewed; no fee-basis statement qualifies this IRR.)",RESOLVED,A+B+ADJUDICATOR,efccda783490f37c841b4335300e864503edab8861c88ea4aff51b0e1ff3a189
30952d6e920fd89d2f72,SRC035,2,PAIR_9E69970109620AADAB88C299,CONTEXT_CONFLICT,333,333,source_section|evidence_quote,MERGE,"Verified against page-2 image. source_section is the exact printed section heading, 'Performance Analysis', which every page prints under the program name and above the table; the trailing '| As of December 31, 2021' is a date and is excluded. A left it blank, and on the context row used the table title instead; subject_type corrected to 'fund' on a row both lanes typed 'investment': the label names a vehicle (L.P., LLC, or a named fund) in a fund schedule carrying Vintage, Strategy and capital-account columns, and a vehicle is 'fund' while 'investment' is a holding inside one. The 'By Investment' column header names the program's relationship to these funds, not what they are, and a whole table of 'investment' is the documented sign the label was not read. Agreement between the lanes does not settle a classification, and SRC063 in this shard types the same kind of object 'fund'; evidence_quote is the full printed line, which proves the value; B quoted the bare figure only.; Source review: p2: Oregon Growth Account (The portfolio report distinguishes investor positions from its aggregate rows.) | p2: Oregon Growth Account (Printed heading or definition supporting the source-reviewed qualifier.) | p2: Oregon Growth Account (Supersedes SR2059: the printed entity or table label is context, not a measurement basis; source labels retain its scope.)",RESOLVED,A+B+ADJUDICATOR,efccda783490f37c841b4335300e864503edab8861c88ea4aff51b0e1ff3a189
bd7308cf8b75a2878652,SRC035,2,PAIR_BBB2BAAB389B85B418C16A7C,CONTEXT_CONFLICT,334,334,source_section|metric_name|evidence_quote,MERGE,"Verified against page-2 image. source_section is the exact printed section heading, 'Performance Analysis', which every page prints under the program name and above the table; the trailing '| As of December 31, 2021' is a date and is excluded. A left it blank, and on the context row used the table title instead; subject_type corrected to 'fund' on a row both lanes typed 'investment': the label names a vehicle (L.P., LLC, or a named fund) in a fund schedule carrying Vintage, Strategy and capital-account columns, and a vehicle is 'fund' while 'investment' is a holding inside one. The 'By Investment' column header names the program's relationship to these funds, not what they are, and a whole table of 'investment' is the documented sign the label was not read. Agreement between the lanes does not settle a classification, and SRC063 in this shard types the same kind of object 'fund'; metric_name is the printed column header in full, 'TVPI (X)'; B trimmed the printed qualifier; evidence_quote is the full printed line, which proves the value; B quoted the bare figure only.",RESOLVED,A+B+ADJUDICATOR,efccda783490f37c841b4335300e864503edab8861c88ea4aff51b0e1ff3a189
65b74e406ef186f349dc,SRC035,2,PAIR_350BE46917C2B4334980A11E,CONTEXT_CONFLICT,335,335,source_section|evidence_quote,MERGE,"Verified against page-2 image. source_section is the exact printed section heading, 'Performance Analysis', which every page prints under the program name and above the table; the trailing '| As of December 31, 2021' is a date and is excluded. A left it blank, and on the context row used the table title instead; subject_type corrected to 'fund' on a row both lanes typed 'investment': the label names a vehicle (L.P., LLC, or a named fund) in a fund schedule carrying Vintage, Strategy and capital-account columns, and a vehicle is 'fund' while 'investment' is a holding inside one. The 'By Investment' column header names the program's relationship to these funds, not what they are, and a whole table of 'investment' is the documented sign the label was not read. Agreement between the lanes does not settle a classification, and SRC063 in this shard types the same kind of object 'fund'; evidence_quote is the full printed line, which proves the value; B quoted the bare figure only.",RESOLVED,A+B+ADJUDICATOR,efccda783490f37c841b4335300e864503edab8861c88ea4aff51b0e1ff3a189
64cdeed333f9346cdfe8,SRC035,2,PAIR_EA859704399DA5D4622A2077,CONTEXT_CONFLICT,336,336,source_section|evidence_quote,MERGE,"Verified against page-2 image. source_section is the exact printed section heading, 'Performance Analysis', which every page prints under the program name and above the table; the trailing '| As of December 31, 2021' is a date and is excluded. A left it blank, and on the context row used the table title instead; subject_type corrected to 'fund' on a row both lanes typed 'investment': the label names a vehicle (L.P., LLC, or a named fund) in a fund schedule carrying Vintage, Strategy and capital-account columns, and a vehicle is 'fund' while 'investment' is a holding inside one. The 'By Investment' column header names the program's relationship to these funds, not what they are, and a whole table of 'investment' is the documented sign the label was not read. Agreement between the lanes does not settle a classification, and SRC063 in this shard types the same kind of object 'fund'; evidence_quote is the full printed line, which proves the value; B quoted the bare figure only.",RESOLVED,A+B+ADJUDICATOR,efccda783490f37c841b4335300e864503edab8861c88ea4aff51b0e1ff3a189
1f835e4e92af3498f018,SRC035,2,PAIR_95F0CF0C3427950ADCD6CD4D,CONTEXT_CONFLICT,337,337,source_section|evidence_quote,MERGE,"Verified against page-2 image. source_section is the exact printed section heading, 'Performance Analysis', which every page prints under the program name and above the table; the trailing '| As of December 31, 2021' is a date and is excluded. A left it blank, and on the context row used the table title instead; subject_type corrected to 'fund' on a row both lanes typed 'investment': the label names a vehicle (L.P., LLC, or a named fund) in a fund schedule carrying Vintage, Strategy and capital-account columns, and a vehicle is 'fund' while 'investment' is a holding inside one. The 'By Investment' column header names the program's relationship to these funds, not what they are, and a whole table of 'investment' is the documented sign the label was not read. Agreement between the lanes does not settle a classification, and SRC063 in this shard types the same kind of object 'fund'; evidence_quote is the full printed line, which proves the value; B quoted the bare figure only.",RESOLVED,A+B+ADJUDICATOR,efccda783490f37c841b4335300e864503edab8861c88ea4aff51b0e1ff3a189
a439a0f4d9415ac22039,SRC035,2,PAIR_B04697198753F6C90A3C12AC,CONTEXT_CONFLICT,338,338,source_section|evidence_quote,MERGE,"Verified against page-2 image. source_section is the exact printed section heading, 'Performance Analysis', which every page prints under the program name and above the table; the trailing '| As of December 31, 2021' is a date and is excluded. A left it blank, and on the context row used the table title instead; subject_type corrected to 'fund' on a row both lanes typed 'investment': the label names a vehicle (L.P., LLC, or a named fund) in a fund schedule carrying Vintage, Strategy and capital-account columns, and a vehicle is 'fund' while 'investment' is a holding inside one. The 'By Investment' column header names the program's relationship to these funds, not what they are, and a whole table of 'investment' is the documented sign the label was not read. Agreement between the lanes does not settle a classification, and SRC063 in this shard types the same kind of object 'fund'; evidence_quote is the full printed line, which proves the value; B quoted the bare figure only.",RESOLVED,A+B+ADJUDICATOR,efccda783490f37c841b4335300e864503edab8861c88ea4aff51b0e1ff3a189
8d1a1bc9ecb10e23dfad,SRC035,2,PAIR_FFAB3E4C45DBF434886B38EC,CONTEXT_CONFLICT,339,339,source_section|metric_name|evidence_quote,MERGE,"Verified against page-2 image. source_section is the exact printed section heading, 'Performance Analysis', which every page prints under the program name and above the table; the trailing '| As of December 31, 2021' is a date and is excluded. A left it blank, and on the context row used the table title instead; subject_type corrected to 'fund' on a row both lanes typed 'investment': the label names a vehicle (L.P., LLC, or a named fund) in a fund schedule carrying Vintage, Strategy and capital-account columns, and a vehicle is 'fund' while 'investment' is a holding inside one. The 'By Investment' column header names the program's relationship to these funds, not what they are, and a whole table of 'investment' is the documented sign the label was not read. Agreement between the lanes does not settle a classification, and SRC063 in this shard types the same kind of object 'fund'; metric_name is the printed column header in full, 'IRR (%)'; B trimmed the printed qualifier; evidence_quote is the full printed line, which proves the value; B quoted the bare figure only.; Source review: p2: IRR (All report pages were reviewed; no fee-basis statement qualifies this IRR.)",RESOLVED,A+B+ADJUDICATOR,efccda783490f37c841b4335300e864503edab8861c88ea4aff51b0e1ff3a189
242a9a98a77f5fd79d66,SRC035,2,PAIR_8D12A6A0D95FE9BE089119B9,CONTEXT_CONFLICT,340,340,source_section|evidence_quote,MERGE,"Verified against page-2 image. source_section is the exact printed section heading, 'Performance Analysis', which every page prints under the program name and above the table; the trailing '| As of December 31, 2021' is a date and is excluded. A left it blank, and on the context row used the table title instead; subject_type corrected to 'fund' on a row both lanes typed 'investment': the label names a vehicle (L.P., LLC, or a named fund) in a fund schedule carrying Vintage, Strategy and capital-account columns, and a vehicle is 'fund' while 'investment' is a holding inside one. The 'By Investment' column header names the program's relationship to these funds, not what they are, and a whole table of 'investment' is the documented sign the label was not read. Agreement between the lanes does not settle a classification, and SRC063 in this shard types the same kind of object 'fund'; evidence_quote is the full printed line, which proves the value; B quoted the bare figure only.; Source review: p2: Oregon Growth Account (The portfolio report distinguishes investor positions from its aggregate rows.) | p2: Oregon Growth Account (Printed heading or definition supporting the source-reviewed qualifier.) | p2: Oregon Growth Account (Supersedes SR2060: the printed entity or table label is context, not a measurement basis; source labels retain its scope.)",RESOLVED,A+B+ADJUDICATOR,efccda783490f37c841b4335300e864503edab8861c88ea4aff51b0e1ff3a189
607993ced9e349cd7e95,SRC035,2,PAIR_5C8CB698E348C2F3991FD56E,CONTEXT_CONFLICT,341,341,source_section|metric_name|evidence_quote,MERGE,"Verified against page-2 image. source_section is the exact printed section heading, 'Performance Analysis', which every page prints under the program name and above the table; the trailing '| As of December 31, 2021' is a date and is excluded. A left it blank, and on the context row used the table title instead; subject_type corrected to 'fund' on a row both lanes typed 'investment': the label names a vehicle (L.P., LLC, or a named fund) in a fund schedule carrying Vintage, Strategy and capital-account columns, and a vehicle is 'fund' while 'investment' is a holding inside one. The 'By Investment' column header names the program's relationship to these funds, not what they are, and a whole table of 'investment' is the documented sign the label was not read. Agreement between the lanes does not settle a classification, and SRC063 in this shard types the same kind of object 'fund'; metric_name is the printed column header in full, 'TVPI (X)'; B trimmed the printed qualifier; evidence_quote is the full printed line, which proves the value; B quoted the bare figure only.",RESOLVED,A+B+ADJUDICATOR,efccda783490f37c841b4335300e864503edab8861c88ea4aff51b0e1ff3a189
5e61ebc579f237a5f9e4,SRC035,2,PAIR_CA7AC471D3C218EEF2534E7C,CONTEXT_CONFLICT,342,342,source_section|evidence_quote,MERGE,"Verified against page-2 image. source_section is the exact printed section heading, 'Performance Analysis', which every page prints under the program name and above the table; the trailing '| As of December 31, 2021' is a date and is excluded. A left it blank, and on the context row used the table title instead; subject_type corrected to 'fund' on a row both lanes typed 'investment': the label names a vehicle (L.P., LLC, or a named fund) in a fund schedule carrying Vintage, Strategy and capital-account columns, and a vehicle is 'fund' while 'investment' is a holding inside one. The 'By Investment' column header names the program's relationship to these funds, not what they are, and a whole table of 'investment' is the documented sign the label was not read. Agreement between the lanes does not settle a classification, and SRC063 in this shard types the same kind of object 'fund'; evidence_quote is the full printed line, which proves the value; B quoted the bare figure only.",RESOLVED,A+B+ADJUDICATOR,efccda783490f37c841b4335300e864503edab8861c88ea4aff51b0e1ff3a189
ef9082ed3b37cb8ca075,SRC035,2,PAIR_4E74814E24D4A1D3B5F252FD,CONTEXT_CONFLICT,343,343,source_section|evidence_quote,MERGE,"Verified against page-2 image. source_section is the exact printed section heading, 'Performance Analysis', which every page prints under the program name and above the table; the trailing '| As of December 31, 2021' is a date and is excluded. A left it blank, and on the context row used the table title instead; subject_type corrected to 'fund' on a row both lanes typed 'investment': the label names a vehicle (L.P., LLC, or a named fund) in a fund schedule carrying Vintage, Strategy and capital-account columns, and a vehicle is 'fund' while 'investment' is a holding inside one. The 'By Investment' column header names the program's relationship to these funds, not what they are, and a whole table of 'investment' is the documented sign the label was not read. Agreement between the lanes does not settle a classification, and SRC063 in this shard types the same kind of object 'fund'; evidence_quote is the full printed line, which proves the value; B quoted the bare figure only.",RESOLVED,A+B+ADJUDICATOR,efccda783490f37c841b4335300e864503edab8861c88ea4aff51b0e1ff3a189
acc9fbcbdffe47968f8b,SRC035,2,PAIR_F4A864F6F9973E453C39E7F3,CONTEXT_CONFLICT,344,344,source_section|evidence_quote,MERGE,"Verified against page-2 image. source_section is the exact printed section heading, 'Performance Analysis', which every page prints under the program name and above the table; the trailing '| As of December 31, 2021' is a date and is excluded. A left it blank, and on the context row used the table title instead; subject_type corrected to 'fund' on a row both lanes typed 'investment': the label names a vehicle (L.P., LLC, or a named fund) in a fund schedule carrying Vintage, Strategy and capital-account columns, and a vehicle is 'fund' while 'investment' is a holding inside one. The 'By Investment' column header names the program's relationship to these funds, not what they are, and a whole table of 'investment' is the documented sign the label was not read. Agreement between the lanes does not settle a classification, and SRC063 in this shard types the same kind of object 'fund'; evidence_quote is the full printed line, which proves the value; B quoted the bare figure only.",RESOLVED,A+B+ADJUDICATOR,efccda783490f37c841b4335300e864503edab8861c88ea4aff51b0e1ff3a189
365644eb987da49cf7db,SRC035,2,PAIR_4EE59C2B57632E7F823BC2DA,CONTEXT_CONFLICT,345,345,source_section|evidence_quote,MERGE,"Verified against page-2 image. source_section is the exact printed section heading, 'Performance Analysis', which every page prints under the program name and above the table; the trailing '| As of December 31, 2021' is a date and is excluded. A left it blank, and on the context row used the table title instead; subject_type corrected to 'fund' on a row both lanes typed 'investment': the label names a vehicle (L.P., LLC, or a named fund) in a fund schedule carrying Vintage, Strategy and capital-account columns, and a vehicle is 'fund' while 'investment' is a holding inside one. The 'By Investment' column header names the program's relationship to these funds, not what they are, and a whole table of 'investment' is the documented sign the label was not read. Agreement between the lanes does not settle a classification, and SRC063 in this shard types the same kind of object 'fund'; evidence_quote is the full printed line, which proves the value; B quoted the bare figure only.",RESOLVED,A+B+ADJUDICATOR,efccda783490f37c841b4335300e864503edab8861c88ea4aff51b0e1ff3a189
f18aea00c661576aa706,SRC035,2,PAIR_C8083C0A7FD71773F762BDE0,CONTEXT_CONFLICT,346,346,source_section|metric_name|evidence_quote,MERGE,"Verified against page-2 image. source_section is the exact printed section heading, 'Performance Analysis', which every page prints under the program name and above the table; the trailing '| As of December 31, 2021' is a date and is excluded. A left it blank, and on the context row used the table title instead; subject_type corrected to 'fund' on a row both lanes typed 'investment': the label names a vehicle (L.P., LLC, or a named fund) in a fund schedule carrying Vintage, Strategy and capital-account columns, and a vehicle is 'fund' while 'investment' is a holding inside one. The 'By Investment' column header names the program's relationship to these funds, not what they are, and a whole table of 'investment' is the documented sign the label was not read. Agreement between the lanes does not settle a classification, and SRC063 in this shard types the same kind of object 'fund'; metric_name is the printed column header in full, 'IRR (%)'; B trimmed the printed qualifier; evidence_quote is the full printed line, which proves the value; B quoted the bare figure only.; Source review: p2: IRR (All report pages were reviewed; no fee-basis statement qualifies this IRR.)",RESOLVED,A+B+ADJUDICATOR,efccda783490f37c841b4335300e864503edab8861c88ea4aff51b0e1ff3a189
b8832bdfd7afdaecf914,SRC035,2,PAIR_1BBD1680F3C20E644875ADE7,CONTEXT_CONFLICT,347,347,source_section|evidence_quote,MERGE,"Verified against page-2 image. source_section is the exact printed section heading, 'Performance Analysis', which every page prints under the program name and above the table; the trailing '| As of December 31, 2021' is a date and is excluded. A left it blank, and on the context row used the table title instead; subject_type corrected to 'fund' on a row both lanes typed 'investment': the label names a vehicle (L.P., LLC, or a named fund) in a fund schedule carrying Vintage, Strategy and capital-account columns, and a vehicle is 'fund' while 'investment' is a holding inside one. The 'By Investment' column header names the program's relationship to these funds, not what they are, and a whole table of 'investment' is the documented sign the label was not read. Agreement between the lanes does not settle a classification, and SRC063 in this shard types the same kind of object 'fund'; evidence_quote is the full printed line, which proves the value; B quoted the bare figure only.; Source review: p2: Oregon Growth Account (The portfolio report distinguishes investor positions from its aggregate rows.) | p2: Oregon Growth Account (Printed heading or definition supporting the source-reviewed qualifier.) | p2: Oregon Growth Account (Supersedes SR2061: the printed entity or table label is context, not a measurement basis; source labels retain its scope.)",RESOLVED,A+B+ADJUDICATOR,efccda783490f37c841b4335300e864503edab8861c88ea4aff51b0e1ff3a189
7be47e6a5d5d3fb6c0cd,SRC035,2,PAIR_398FB56ED6EF11094F14DD77,CONTEXT_CONFLICT,348,348,source_section|metric_name|evidence_quote,MERGE,"Verified against page-2 image. source_section is the exact printed section heading, 'Performance Analysis', which every page prints under the program name and above the table; the trailing '| As of December 31, 2021' is a date and is excluded. A left it blank, and on the context row used the table title instead; subject_type corrected to 'fund' on a row both lanes typed 'investment': the label names a vehicle (L.P., LLC, or a named fund) in a fund schedule carrying Vintage, Strategy and capital-account columns, and a vehicle is 'fund' while 'investment' is a holding inside one. The 'By Investment' column header names the program's relationship to these funds, not what they are, and a whole table of 'investment' is the documented sign the label was not read. Agreement between the lanes does not settle a classification, and SRC063 in this shard types the same kind of object 'fund'; metric_name is the printed column header in full, 'TVPI (X)'; B trimmed the printed qualifier; evidence_quote is the full printed line, which proves the value; B quoted the bare figure only.",RESOLVED,A+B+ADJUDICATOR,efccda783490f37c841b4335300e864503edab8861c88ea4aff51b0e1ff3a189
9ba7586a06ce4a99264b,SRC035,2,PAIR_15F0A2086796EBE928162687,CONTEXT_CONFLICT,349,349,source_section|evidence_quote,MERGE,"Verified against page-2 image. source_section is the exact printed section heading, 'Performance Analysis', which every page prints under the program name and above the table; the trailing '| As of December 31, 2021' is a date and is excluded. A left it blank, and on the context row used the table title instead; subject_type corrected to 'fund' on a row both lanes typed 'investment': the label names a vehicle (L.P., LLC, or a named fund) in a fund schedule carrying Vintage, Strategy and capital-account columns, and a vehicle is 'fund' while 'investment' is a holding inside one. The 'By Investment' column header names the program's relationship to these funds, not what they are, and a whole table of 'investment' is the documented sign the label was not read. Agreement between the lanes does not settle a classification, and SRC063 in this shard types the same kind of object 'fund'; evidence_quote is the full printed line, which proves the value; B quoted the bare figure only.",RESOLVED,A+B+ADJUDICATOR,efccda783490f37c841b4335300e864503edab8861c88ea4aff51b0e1ff3a189
0571a342bc87df4cb40c,SRC035,3,PAIR_7473ADA7ABC9126AE20B917C,CONTEXT_CONFLICT,350,350,source_section|evidence_quote,MERGE,"Verified against page-3 image. source_section is the exact printed section heading, 'Performance Analysis', which every page prints under the program name and above the table; the trailing '| As of December 31, 2021' is a date and is excluded. A left it blank, and on the context row used the table title instead; subject_type corrected to 'fund' on a row both lanes typed 'investment': the label names a vehicle (L.P., LLC, or a named fund) in a fund schedule carrying Vintage, Strategy and capital-account columns, and a vehicle is 'fund' while 'investment' is a holding inside one. The 'By Investment' column header names the program's relationship to these funds, not what they are, and a whole table of 'investment' is the documented sign the label was not read. Agreement between the lanes does not settle a classification, and SRC063 in this shard types the same kind of object 'fund'; evidence_quote is the full printed line, which proves the value; B quoted the bare figure only.",RESOLVED,A+B+ADJUDICATOR,efccda783490f37c841b4335300e864503edab8861c88ea4aff51b0e1ff3a189
bcff265bbb8c348fd411,SRC035,3,PAIR_5EACFF857E9DB1D3F2262765,CONTEXT_CONFLICT,351,351,source_section|evidence_quote,MERGE,"Verified against page-3 image. source_section is the exact printed section heading, 'Performance Analysis', which every page prints under the program name and above the table; the trailing '| As of December 31, 2021' is a date and is excluded. A left it blank, and on the context row used the table title instead; subject_type corrected to 'fund' on a row both lanes typed 'investment': the label names a vehicle (L.P., LLC, or a named fund) in a fund schedule carrying Vintage, Strategy and capital-account columns, and a vehicle is 'fund' while 'investment' is a holding inside one. The 'By Investment' column header names the program's relationship to these funds, not what they are, and a whole table of 'investment' is the documented sign the label was not read. Agreement between the lanes does not settle a classification, and SRC063 in this shard types the same kind of object 'fund'; evidence_quote is the full printed line, which proves the value; B quoted the bare figure only.",RESOLVED,A+B+ADJUDICATOR,efccda783490f37c841b4335300e864503edab8861c88ea4aff51b0e1ff3a189
0b63c417816edacc739c,SRC035,3,PAIR_3121D23AC7914BDA50D0ECA1,CONTEXT_CONFLICT,352,352,source_section|evidence_quote,MERGE,"Verified against page-3 image. source_section is the exact printed section heading, 'Performance Analysis', which every page prints under the program name and above the table; the trailing '| As of December 31, 2021' is a date and is excluded. A left it blank, and on the context row used the table title instead; subject_type corrected to 'fund' on a row both lanes typed 'investment': the label names a vehicle (L.P., LLC, or a named fund) in a fund schedule carrying Vintage, Strategy and capital-account columns, and a vehicle is 'fund' while 'investment' is a holding inside one. The 'By Investment' column header names the program's relationship to these funds, not what they are, and a whole table of 'investment' is the documented sign the label was not read. Agreement between the lanes does not settle a classification, and SRC063 in this shard types the same kind of object 'fund'; evidence_quote is the full printed line, which proves the value; B quoted the bare figure only.",RESOLVED,A+B+ADJUDICATOR,efccda783490f37c841b4335300e864503edab8861c88ea4aff51b0e1ff3a189
7a946ba1677ef3d61d38,SRC035,3,PAIR_76B836BAFF80FFB061F1C799,CONTEXT_CONFLICT,353,353,source_section|evidence_quote,MERGE,"Verified against page-3 image. source_section is the exact printed section heading, 'Performance Analysis', which every page prints under the program name and above the table; the trailing '| As of December 31, 2021' is a date and is excluded. A left it blank, and on the context row used the table title instead; subject_type corrected to 'fund' on a row both lanes typed 'investment': the label names a vehicle (L.P., LLC, or a named fund) in a fund schedule carrying Vintage, Strategy and capital-account columns, and a vehicle is 'fund' while 'investment' is a holding inside one. The 'By Investment' column header names the program's relationship to these funds, not what they are, and a whole table of 'investment' is the documented sign the label was not read. Agreement between the lanes does not settle a classification, and SRC063 in this shard types the same kind of object 'fund'; evidence_quote is the full printed line, which proves the value; B quoted the bare figure only.; Source review: p3: Oregon Growth Account (The portfolio report distinguishes investor positions from its aggregate rows.) | p3: Oregon Growth Account (Printed heading or definition supporting the source-reviewed qualifier.) | p3: Oregon Growth Account (Supersedes SR2062: the printed entity or table label is context, not a measurement basis; source labels retain its scope.)",RESOLVED,A+B+ADJUDICATOR,efccda783490f37c841b4335300e864503edab8861c88ea4aff51b0e1ff3a189
46236872ce3f9c3e9774,SRC035,3,PAIR_7EB47E3D4534BBEEC9406F5C,CONTEXT_CONFLICT,354,354,source_section|evidence_quote,MERGE,"Verified against page-3 image. source_section is the exact printed section heading, 'Performance Analysis', which every page prints under the program name and above the table; the trailing '| As of December 31, 2021' is a date and is excluded. A left it blank, and on the context row used the table title instead; subject_type corrected to 'fund' on a row both lanes typed 'investment': the label names a vehicle (L.P., LLC, or a named fund) in a fund schedule carrying Vintage, Strategy and capital-account columns, and a vehicle is 'fund' while 'investment' is a holding inside one. The 'By Investment' column header names the program's relationship to these funds, not what they are, and a whole table of 'investment' is the documented sign the label was not read. Agreement between the lanes does not settle a classification, and SRC063 in this shard types the same kind of object 'fund'; evidence_quote is the full printed line, which proves the value; B quoted the bare figure only.",RESOLVED,A+B+ADJUDICATOR,efccda783490f37c841b4335300e864503edab8861c88ea4aff51b0e1ff3a189
d98598d7a24f520a020d,SRC035,3,PAIR_FFDB72812B64EEE8875702E0,CONTEXT_CONFLICT,355,355,source_section|evidence_quote,MERGE,"Verified against page-3 image. source_section is the exact printed section heading, 'Performance Analysis', which every page prints under the program name and above the table; the trailing '| As of December 31, 2021' is a date and is excluded. A left it blank, and on the context row used the table title instead; subject_type corrected to 'fund' on a row both lanes typed 'investment': the label names a vehicle (L.P., LLC, or a named fund) in a fund schedule carrying Vintage, Strategy and capital-account columns, and a vehicle is 'fund' while 'investment' is a holding inside one. The 'By Investment' column header names the program's relationship to these funds, not what they are, and a whole table of 'investment' is the documented sign the label was not read. Agreement between the lanes does not settle a classification, and SRC063 in this shard types the same kind of object 'fund'; evidence_quote is the full printed line, which proves the value; B quoted the bare figure only.",RESOLVED,A+B+ADJUDICATOR,efccda783490f37c841b4335300e864503edab8861c88ea4aff51b0e1ff3a189
a447d1dfa4f5ac951ac9,SRC035,3,PAIR_CD741038CED0B196A071185F,CONTEXT_CONFLICT,356,356,source_section|evidence_quote,MERGE,"Verified against page-3 image. source_section is the exact printed section heading, 'Performance Analysis', which every page prints under the program name and above the table; the trailing '| As of December 31, 2021' is a date and is excluded. A left it blank, and on the context row used the table title instead; subject_type corrected to 'fund' on a row both lanes typed 'investment': the label names a vehicle (L.P., LLC, or a named fund) in a fund schedule carrying Vintage, Strategy and capital-account columns, and a vehicle is 'fund' while 'investment' is a holding inside one. The 'By Investment' column header names the program's relationship to these funds, not what they are, and a whole table of 'investment' is the documented sign the label was not read. Agreement between the lanes does not settle a classification, and SRC063 in this shard types the same kind of object 'fund'; evidence_quote is the full printed line, which proves the value; B quoted the bare figure only.",RESOLVED,A+B+ADJUDICATOR,efccda783490f37c841b4335300e864503edab8861c88ea4aff51b0e1ff3a189
50ed075570191356889e,SRC035,3,PAIR_0FD8216ECE4DC21CC40FEB95,CONTEXT_CONFLICT,357,357,source_section|evidence_quote,MERGE,"Verified against page-3 image. source_section is the exact printed section heading, 'Performance Analysis', which every page prints under the program name and above the table; the trailing '| As of December 31, 2021' is a date and is excluded. A left it blank, and on the context row used the table title instead; subject_type corrected to 'fund' on a row both lanes typed 'investment': the label names a vehicle (L.P., LLC, or a named fund) in a fund schedule carrying Vintage, Strategy and capital-account columns, and a vehicle is 'fund' while 'investment' is a holding inside one. The 'By Investment' column header names the program's relationship to these funds, not what they are, and a whole table of 'investment' is the documented sign the label was not read. Agreement between the lanes does not settle a classification, and SRC063 in this shard types the same kind of object 'fund'; evidence_quote is the full printed line, which proves the value; B quoted the bare figure only.",RESOLVED,A+B+ADJUDICATOR,efccda783490f37c841b4335300e864503edab8861c88ea4aff51b0e1ff3a189
6a3e18cfdcb5b87c2bac,SRC035,3,PAIR_A5B14C50458F713FF4048B40,CONTEXT_CONFLICT,358,358,source_section|metric_name|evidence_quote,MERGE,"Verified against page-3 image. source_section is the exact printed section heading, 'Performance Analysis', which every page prints under the program name and above the table; the trailing '| As of December 31, 2021' is a date and is excluded. A left it blank, and on the context row used the table title instead; subject_type corrected to 'fund' on a row both lanes typed 'investment': the label names a vehicle (L.P., LLC, or a named fund) in a fund schedule carrying Vintage, Strategy and capital-account columns, and a vehicle is 'fund' while 'investment' is a holding inside one. The 'By Investment' column header names the program's relationship to these funds, not what they are, and a whole table of 'investment' is the documented sign the label was not read. Agreement between the lanes does not settle a classification, and SRC063 in this shard types the same kind of object 'fund'; metric_name is the printed column header in full, 'IRR (%)'; B trimmed the printed qualifier; evidence_quote is the full printed line, which proves the value; B quoted the bare figure only.; Source review: p3: IRR (All report pages were reviewed; no fee-basis statement qualifies this IRR.)",RESOLVED,A+B+ADJUDICATOR,efccda783490f37c841b4335300e864503edab8861c88ea4aff51b0e1ff3a189
74e037f06de12161e7e3,SRC035,3,PAIR_745D9ABC4F72BBD4949D1AB4,CONTEXT_CONFLICT,359,359,source_section|evidence_quote,MERGE,"Verified against page-3 image. source_section is the exact printed section heading, 'Performance Analysis', which every page prints under the program name and above the table; the trailing '| As of December 31, 2021' is a date and is excluded. A left it blank, and on the context row used the table title instead; subject_type corrected to 'fund' on a row both lanes typed 'investment': the label names a vehicle (L.P., LLC, or a named fund) in a fund schedule carrying Vintage, Strategy and capital-account columns, and a vehicle is 'fund' while 'investment' is a holding inside one. The 'By Investment' column header names the program's relationship to these funds, not what they are, and a whole table of 'investment' is the documented sign the label was not read. Agreement between the lanes does not settle a classification, and SRC063 in this shard types the same kind of object 'fund'; evidence_quote is the full printed line, which proves the value; B quoted the bare figure only.; Source review: p3: Oregon Growth Account (The portfolio report distinguishes investor positions from its aggregate rows.) | p3: Oregon Growth Account (Printed heading or definition supporting the source-reviewed qualifier.) | p3: Oregon Growth Account (Supersedes SR2063: the printed entity or table label is context, not a measurement basis; source labels retain its scope.)",RESOLVED,A+B+ADJUDICATOR,efccda783490f37c841b4335300e864503edab8861c88ea4aff51b0e1ff3a189
a23ceaed5db8022e11b0,SRC035,3,PAIR_7FF13A1F9C3E57BDE687D785,CONTEXT_CONFLICT,360,360,source_section|metric_name|evidence_quote,MERGE,"Verified against page-3 image. source_section is the exact printed section heading, 'Performance Analysis', which every page prints under the program name and above the table; the trailing '| As of December 31, 2021' is a date and is excluded. A left it blank, and on the context row used the table title instead; subject_type corrected to 'fund' on a row both lanes typed 'investment': the label names a vehicle (L.P., LLC, or a named fund) in a fund schedule carrying Vintage, Strategy and capital-account columns, and a vehicle is 'fund' while 'investment' is a holding inside one. The 'By Investment' column header names the program's relationship to these funds, not what they are, and a whole table of 'investment' is the documented sign the label was not read. Agreement between the lanes does not settle a classification, and SRC063 in this shard types the same kind of object 'fund'; metric_name is the printed column header in full, 'TVPI (X)'; B trimmed the printed qualifier; evidence_quote is the full printed line, which proves the value; B quoted the bare figure only.",RESOLVED,A+B+ADJUDICATOR,efccda783490f37c841b4335300e864503edab8861c88ea4aff51b0e1ff3a189
2d07fde5638a0b639b92,SRC035,3,PAIR_DBE83925C5C44777470D2834,CONTEXT_CONFLICT,361,361,source_section|evidence_quote,MERGE,"Verified against page-3 image. source_section is the exact printed section heading, 'Performance Analysis', which every page prints under the program name and above the table; the trailing '| As of December 31, 2021' is a date and is excluded. A left it blank, and on the context row used the table title instead; subject_type corrected to 'fund' on a row both lanes typed 'investment': the label names a vehicle (L.P., LLC, or a named fund) in a fund schedule carrying Vintage, Strategy and capital-account columns, and a vehicle is 'fund' while 'investment' is a holding inside one. The 'By Investment' column header names the program's relationship to these funds, not what they are, and a whole table of 'investment' is the documented sign the label was not read. Agreement between the lanes does not settle a classification, and SRC063 in this shard types the same kind of object 'fund'; evidence_quote is the full printed line, which proves the value; B quoted the bare figure only.",RESOLVED,A+B+ADJUDICATOR,efccda783490f37c841b4335300e864503edab8861c88ea4aff51b0e1ff3a189
635f3df81171b5b9c56f,SRC035,3,PAIR_B3FA07D37E4369BDFDB17D6B,CONTEXT_CONFLICT,362,362,source_section|evidence_quote,MERGE,"Verified against page-3 image. source_section is the exact printed section heading, 'Performance Analysis', which every page prints under the program name and above the table; the trailing '| As of December 31, 2021' is a date and is excluded. A left it blank, and on the context row used the table title instead; subject_type corrected to 'fund' on a row both lanes typed 'investment': the label names a vehicle (L.P., LLC, or a named fund) in a fund schedule carrying Vintage, Strategy and capital-account columns, and a vehicle is 'fund' while 'investment' is a holding inside one. The 'By Investment' column header names the program's relationship to these funds, not what they are, and a whole table of 'investment' is the documented sign the label was not read. Agreement between the lanes does not settle a classification, and SRC063 in this shard types the same kind of object 'fund'; evidence_quote is the full printed line, which proves the value; B quoted the bare figure only.",RESOLVED,A+B+ADJUDICATOR,efccda783490f37c841b4335300e864503edab8861c88ea4aff51b0e1ff3a189
d5a108b64de2c8e227c4,SRC035,3,PAIR_762BCD3DE53662B0DA3A70BC,CONTEXT_CONFLICT,363,363,source_section|evidence_quote,MERGE,"Verified against page-3 image. source_section is the exact printed section heading, 'Performance Analysis', which every page prints under the program name and above the table; the trailing '| As of December 31, 2021' is a date and is excluded. A left it blank, and on the context row used the table title instead; subject_type corrected to 'fund' on a row both lanes typed 'investment': the label names a vehicle (L.P., LLC, or a named fund) in a fund schedule carrying Vintage, Strategy and capital-account columns, and a vehicle is 'fund' while 'investment' is a holding inside one. The 'By Investment' column header names the program's relationship to these funds, not what they are, and a whole table of 'investment' is the documented sign the label was not read. Agreement between the lanes does not settle a classification, and SRC063 in this shard types the same kind of object 'fund'; evidence_quote is the full printed line, which proves the value; B quoted the bare figure only.",RESOLVED,A+B+ADJUDICATOR,efccda783490f37c841b4335300e864503edab8861c88ea4aff51b0e1ff3a189
a3d6b4ddf4508a2490d3,SRC035,3,PAIR_F842EB0A5E85BED95FB053F6,CONTEXT_CONFLICT,364,364,source_section|evidence_quote,MERGE,"Verified against page-3 image. source_section is the exact printed section heading, 'Performance Analysis', which every page prints under the program name and above the table; the trailing '| As of December 31, 2021' is a date and is excluded. A left it blank, and on the context row used the table title instead; subject_type corrected to 'fund' on a row both lanes typed 'investment': the label names a vehicle (L.P., LLC, or a named fund) in a fund schedule carrying Vintage, Strategy and capital-account columns, and a vehicle is 'fund' while 'investment' is a holding inside one. The 'By Investment' column header names the program's relationship to these funds, not what they are, and a whole table of 'investment' is the documented sign the label was not read. Agreement between the lanes does not settle a classification, and SRC063 in this shard types the same kind of object 'fund'; evidence_quote is the full printed line, which proves the value; B quoted the bare figure only.",RESOLVED,A+B+ADJUDICATOR,efccda783490f37c841b4335300e864503edab8861c88ea4aff51b0e1ff3a189
2ae1d8d4437f484e9fcb,SRC035,3,PAIR_C045DD828711BDAD21927C8B,CONTEXT_CONFLICT,365,365,source_section|evidence_quote,MERGE,"Verified against page-3 image. source_section is the exact printed section heading, 'Performance Analysis', which every page prints under the program name and above the table; the trailing '| As of December 31, 2021' is a date and is excluded. A left it blank, and on the context row used the table title instead; subject_type corrected to 'fund' on a row both lanes typed 'investment': the label names a vehicle (L.P., LLC, or a named fund) in a fund schedule carrying Vintage, Strategy and capital-account columns, and a vehicle is 'fund' while 'investment' is a holding inside one. The 'By Investment' column header names the program's relationship to these funds, not what they are, and a whole table of 'investment' is the documented sign the label was not read. Agreement between the lanes does not settle a classification, and SRC063 in this shard types the same kind of object 'fund'; evidence_quote is the full printed line, which proves the value; B quoted the bare figure only.; Source review: p3: Oregon Growth Account (The portfolio report distinguishes investor positions from its aggregate rows.) | p3: Oregon Growth Account (Printed heading or definition supporting the source-reviewed qualifier.) | p3: Oregon Growth Account (Supersedes SR2064: the printed entity or table label is context, not a measurement basis; source labels retain its scope.)",RESOLVED,A+B+ADJUDICATOR,efccda783490f37c841b4335300e864503edab8861c88ea4aff51b0e1ff3a189
6d07b76aba6f2dd6d9fb,SRC035,3,PAIR_1F2DC97C7EF5AC1A36CA57E5,CONTEXT_CONFLICT,366,366,source_section|evidence_quote,MERGE,"Verified against page-3 image. source_section is the exact printed section heading, 'Performance Analysis', which every page prints under the program name and above the table; the trailing '| As of December 31, 2021' is a date and is excluded. A left it blank, and on the context row used the table title instead; subject_type corrected to 'fund' on a row both lanes typed 'investment': the label names a vehicle (L.P., LLC, or a named fund) in a fund schedule carrying Vintage, Strategy and capital-account columns, and a vehicle is 'fund' while 'investment' is a holding inside one. The 'By Investment' column header names the program's relationship to these funds, not what they are, and a whole table of 'investment' is the documented sign the label was not read. Agreement between the lanes does not settle a classification, and SRC063 in this shard types the same kind of object 'fund'; evidence_quote is the full printed line, which proves the value; B quoted the bare figure only.",RESOLVED,A+B+ADJUDICATOR,efccda783490f37c841b4335300e864503edab8861c88ea4aff51b0e1ff3a189
4ee40627b85a4ec39a52,SRC035,3,PAIR_B3220CF27A677EE4B62B5CAD,CONTEXT_CONFLICT,367,367,source_section|evidence_quote,MERGE,"Verified against page-3 image. source_section is the exact printed section heading, 'Performance Analysis', which every page prints under the program name and above the table; the trailing '| As of December 31, 2021' is a date and is excluded. A left it blank, and on the context row used the table title instead; subject_type corrected to 'fund' on a row both lanes typed 'investment': the label names a vehicle (L.P., LLC, or a named fund) in a fund schedule carrying Vintage, Strategy and capital-account columns, and a vehicle is 'fund' while 'investment' is a holding inside one. The 'By Investment' column header names the program's relationship to these funds, not what they are, and a whole table of 'investment' is the documented sign the label was not read. Agreement between the lanes does not settle a classification, and SRC063 in this shard types the same kind of object 'fund'; evidence_quote is the full printed line, which proves the value; B quoted the bare figure only.",RESOLVED,A+B+ADJUDICATOR,efccda783490f37c841b4335300e864503edab8861c88ea4aff51b0e1ff3a189
6b59c127acdbbdfdba40,SRC035,3,PAIR_A73730E9F718B244DDF5C446,CONTEXT_CONFLICT,368,368,source_section|evidence_quote,MERGE,"Verified against page-3 image. source_section is the exact printed section heading, 'Performance Analysis', which every page prints under the program name and above the table; the trailing '| As of December 31, 2021' is a date and is excluded. A left it blank, and on the context row used the table title instead; subject_type corrected to 'fund' on a row both lanes typed 'investment': the label names a vehicle (L.P., LLC, or a named fund) in a fund schedule carrying Vintage, Strategy and capital-account columns, and a vehicle is 'fund' while 'investment' is a holding inside one. The 'By Investment' column header names the program's relationship to these funds, not what they are, and a whole table of 'investment' is the documented sign the label was not read. Agreement between the lanes does not settle a classification, and SRC063 in this shard types the same kind of object 'fund'; evidence_quote is the full printed line, which proves the value; B quoted the bare figure only.",RESOLVED,A+B+ADJUDICATOR,efccda783490f37c841b4335300e864503edab8861c88ea4aff51b0e1ff3a189
afefaedad64d9f4de505,SRC035,3,PAIR_834AAB060C4333F7C9467B58,CONTEXT_CONFLICT,369,369,source_section|evidence_quote,MERGE,"Verified against page-3 image. source_section is the exact printed section heading, 'Performance Analysis', which every page prints under the program name and above the table; the trailing '| As of December 31, 2021' is a date and is excluded. A left it blank, and on the context row used the table title instead; subject_type corrected to 'fund' on a row both lanes typed 'investment': the label names a vehicle (L.P., LLC, or a named fund) in a fund schedule carrying Vintage, Strategy and capital-account columns, and a vehicle is 'fund' while 'investment' is a holding inside one. The 'By Investment' column header names the program's relationship to these funds, not what they are, and a whole table of 'investment' is the documented sign the label was not read. Agreement between the lanes does not settle a classification, and SRC063 in this shard types the same kind of object 'fund'; evidence_quote is the full printed line, which proves the value; B quoted the bare figure only.",RESOLVED,A+B+ADJUDICATOR,efccda783490f37c841b4335300e864503edab8861c88ea4aff51b0e1ff3a189
c6822df9edb2ddc6a564,SRC035,3,PAIR_5E54CF921F1A415AC9D07657,CONTEXT_CONFLICT,370,370,source_section|evidence_quote,MERGE,"Verified against page-3 image. source_section is the exact printed section heading, 'Performance Analysis', which every page prints under the program name and above the table; the trailing '| As of December 31, 2021' is a date and is excluded. A left it blank, and on the context row used the table title instead; subject_type corrected to 'fund' on a row both lanes typed 'investment': the label names a vehicle (L.P., LLC, or a named fund) in a fund schedule carrying Vintage, Strategy and capital-account columns, and a vehicle is 'fund' while 'investment' is a holding inside one. The 'By Investment' column header names the program's relationship to these funds, not what they are, and a whole table of 'investment' is the documented sign the label was not read. Agreement between the lanes does not settle a classification, and SRC063 in this shard types the same kind of object 'fund'; evidence_quote is the full printed line, which proves the value; B quoted the bare figure only.; Source review: p3: Oregon Growth Account (The portfolio report distinguishes investor positions from its aggregate rows.) | p3: Oregon Growth Account (Printed heading or definition supporting the source-reviewed qualifier.) | p3: Oregon Growth Account (Supersedes SR2065: the printed entity or table label is context, not a measurement basis; source labels retain its scope.)",RESOLVED,A+B+ADJUDICATOR,efccda783490f37c841b4335300e864503edab8861c88ea4aff51b0e1ff3a189
aacec82130fd9d477936,SRC035,3,PAIR_D77E2324F7B0AF1E7A2A20CC,CONTEXT_CONFLICT,371,371,source_section|evidence_quote,MERGE,"Verified against page-3 image. source_section is the exact printed section heading, 'Performance Analysis', which every page prints under the program name and above the table; the trailing '| As of December 31, 2021' is a date and is excluded. A left it blank, and on the context row used the table title instead; subject_type corrected to 'fund' on a row both lanes typed 'investment': the label names a vehicle (L.P., LLC, or a named fund) in a fund schedule carrying Vintage, Strategy and capital-account columns, and a vehicle is 'fund' while 'investment' is a holding inside one. The 'By Investment' column header names the program's relationship to these funds, not what they are, and a whole table of 'investment' is the documented sign the label was not read. Agreement between the lanes does not settle a classification, and SRC063 in this shard types the same kind of object 'fund'; evidence_quote is the full printed line, which proves the value; B quoted the bare figure only.",RESOLVED,A+B+ADJUDICATOR,efccda783490f37c841b4335300e864503edab8861c88ea4aff51b0e1ff3a189
9a7ee9cd0c6cb2c6aa8d,SRC035,3,PAIR_92C5E437C09929A871AEAC62,CONTEXT_CONFLICT,372,372,source_section|evidence_quote,MERGE,"Verified against page-3 image. source_section is the exact printed section heading, 'Performance Analysis', which every page prints under the program name and above the table; the trailing '| As of December 31, 2021' is a date and is excluded. A left it blank, and on the context row used the table title instead; subject_type corrected to 'fund' on a row both lanes typed 'investment': the label names a vehicle (L.P., LLC, or a named fund) in a fund schedule carrying Vintage, Strategy and capital-account columns, and a vehicle is 'fund' while 'investment' is a holding inside one. The 'By Investment' column header names the program's relationship to these funds, not what they are, and a whole table of 'investment' is the documented sign the label was not read. Agreement between the lanes does not settle a classification, and SRC063 in this shard types the same kind of object 'fund'; evidence_quote is the full printed line, which proves the value; B quoted the bare figure only.",RESOLVED,A+B+ADJUDICATOR,efccda783490f37c841b4335300e864503edab8861c88ea4aff51b0e1ff3a189
1bbf0db1a6abd302d501,SRC035,3,PAIR_5CB0A391F6AB05F37F8648D4,CONTEXT_CONFLICT,373,373,source_section|evidence_quote,MERGE,"Verified against page-3 image. source_section is the exact printed section heading, 'Performance Analysis', which every page prints under the program name and above the table; the trailing '| As of December 31, 2021' is a date and is excluded. A left it blank, and on the context row used the table title instead; subject_type corrected to 'fund' on a row both lanes typed 'investment': the label names a vehicle (L.P., LLC, or a named fund) in a fund schedule carrying Vintage, Strategy and capital-account columns, and a vehicle is 'fund' while 'investment' is a holding inside one. The 'By Investment' column header names the program's relationship to these funds, not what they are, and a whole table of 'investment' is the documented sign the label was not read. Agreement between the lanes does not settle a classification, and SRC063 in this shard types the same kind of object 'fund'; evidence_quote is the full printed line, which proves the value; B quoted the bare figure only.",RESOLVED,A+B+ADJUDICATOR,efccda783490f37c841b4335300e864503edab8861c88ea4aff51b0e1ff3a189
9f3193ed3a76f2fc4052,SRC035,3,PAIR_7F100BE80E25E2929E545BA6,CONTEXT_CONFLICT,374,374,source_section|evidence_quote,MERGE,"Verified against page-3 image. source_section is the exact printed section heading, 'Performance Analysis', which every page prints under the program name and above the table; the trailing '| As of December 31, 2021' is a date and is excluded. A left it blank, and on the context row used the table title instead; subject_type corrected to 'fund' on a row both lanes typed 'investment': the label names a vehicle (L.P., LLC, or a named fund) in a fund schedule carrying Vintage, Strategy and capital-account columns, and a vehicle is 'fund' while 'investment' is a holding inside one. The 'By Investment' column header names the program's relationship to these funds, not what they are, and a whole table of 'investment' is the documented sign the label was not read. Agreement between the lanes does not settle a classification, and SRC063 in this shard types the same kind of object 'fund'; evidence_quote is the full printed line, which proves the value; B quoted the bare figure only.",RESOLVED,A+B+ADJUDICATOR,efccda783490f37c841b4335300e864503edab8861c88ea4aff51b0e1ff3a189
b6b2cfd9b4da0147e187,SRC035,3,PAIR_5E9EF92B171CCB2B8F303526,CONTEXT_CONFLICT,375,375,source_section|evidence_quote,MERGE,"Verified against page-3 image. source_section is the exact printed section heading, 'Performance Analysis', which every page prints under the program name and above the table; the trailing '| As of December 31, 2021' is a date and is excluded. A left it blank, and on the context row used the table title instead; subject_type corrected to 'fund' on a row both lanes typed 'investment': the label names a vehicle (L.P., LLC, or a named fund) in a fund schedule carrying Vintage, Strategy and capital-account columns, and a vehicle is 'fund' while 'investment' is a holding inside one. The 'By Investment' column header names the program's relationship to these funds, not what they are, and a whole table of 'investment' is the documented sign the label was not read. Agreement between the lanes does not settle a classification, and SRC063 in this shard types the same kind of object 'fund'; evidence_quote is the full printed line, which proves the value; B quoted the bare figure only.; Source review: p3: Oregon Growth Account (The portfolio report distinguishes investor positions from its aggregate rows.) | p3: Oregon Growth Account (Printed heading or definition supporting the source-reviewed qualifier.) | p3: Oregon Growth Account (Supersedes SR2066: the printed entity or table label is context, not a measurement basis; source labels retain its scope.)",RESOLVED,A+B+ADJUDICATOR,efccda783490f37c841b4335300e864503edab8861c88ea4aff51b0e1ff3a189
71f52af6fc187b91fbd5,SRC035,3,PAIR_7AF39B46C9620902B6F9BE1D,CONTEXT_CONFLICT,376,376,source_section|evidence_quote,MERGE,"Verified against page-3 image. source_section is the exact printed section heading, 'Performance Analysis', which every page prints under the program name and above the table; the trailing '| As of December 31, 2021' is a date and is excluded. A left it blank, and on the context row used the table title instead; subject_type corrected to 'fund' on a row both lanes typed 'investment': the label names a vehicle (L.P., LLC, or a named fund) in a fund schedule carrying Vintage, Strategy and capital-account columns, and a vehicle is 'fund' while 'investment' is a holding inside one. The 'By Investment' column header names the program's relationship to these funds, not what they are, and a whole table of 'investment' is the documented sign the label was not read. Agreement between the lanes does not settle a classification, and SRC063 in this shard types the same kind of object 'fund'; evidence_quote is the full printed line, which proves the value; B quoted the bare figure only.",RESOLVED,A+B+ADJUDICATOR,efccda783490f37c841b4335300e864503edab8861c88ea4aff51b0e1ff3a189
bec1f728628b4f4cdacf,SRC035,3,PAIR_2E7A1734E13D040398F7341B,CONTEXT_CONFLICT,377,377,source_section|evidence_quote,MERGE,"Verified against page-3 image. source_section is the exact printed section heading, 'Performance Analysis', which every page prints under the program name and above the table; the trailing '| As of December 31, 2021' is a date and is excluded. A left it blank, and on the context row used the table title instead; subject_type corrected to 'fund' on a row both lanes typed 'investment': the label names a vehicle (L.P., LLC, or a named fund) in a fund schedule carrying Vintage, Strategy and capital-account columns, and a vehicle is 'fund' while 'investment' is a holding inside one. The 'By Investment' column header names the program's relationship to these funds, not what they are, and a whole table of 'investment' is the documented sign the label was not read. Agreement between the lanes does not settle a classification, and SRC063 in this shard types the same kind of object 'fund'; evidence_quote is the full printed line, which proves the value; B quoted the bare figure only.",RESOLVED,A+B+ADJUDICATOR,efccda783490f37c841b4335300e864503edab8861c88ea4aff51b0e1ff3a189
678fa2dbde2f5b159203,SRC035,3,PAIR_E6293684E393C7A7DA172E3E,CONTEXT_CONFLICT,378,378,source_section|evidence_quote,MERGE,"Verified against page-3 image. source_section is the exact printed section heading, 'Performance Analysis', which every page prints under the program name and above the table; the trailing '| As of December 31, 2021' is a date and is excluded. A left it blank, and on the context row used the table title instead; subject_type corrected to 'fund' on a row both lanes typed 'investment': the label names a vehicle (L.P., LLC, or a named fund) in a fund schedule carrying Vintage, Strategy and capital-account columns, and a vehicle is 'fund' while 'investment' is a holding inside one. The 'By Investment' column header names the program's relationship to these funds, not what they are, and a whole table of 'investment' is the documented sign the label was not read. Agreement between the lanes does not settle a classification, and SRC063 in this shard types the same kind of object 'fund'; evidence_quote is the full printed line, which proves the value; B quoted the bare figure only.",RESOLVED,A+B+ADJUDICATOR,efccda783490f37c841b4335300e864503edab8861c88ea4aff51b0e1ff3a189
9196566f4379b1e38e54,SRC035,3,PAIR_FC7712DED5EFE34AA05BE7C5,CONTEXT_CONFLICT,379,379,source_section|evidence_quote,MERGE,"Verified against page-3 image. source_section is the exact printed section heading, 'Performance Analysis', which every page prints under the program name and above the table; the trailing '| As of December 31, 2021' is a date and is excluded. A left it blank, and on the context row used the table title instead; subject_type corrected to 'fund' on a row both lanes typed 'investment': the label names a vehicle (L.P., LLC, or a named fund) in a fund schedule carrying Vintage, Strategy and capital-account columns, and a vehicle is 'fund' while 'investment' is a holding inside one. The 'By Investment' column header names the program's relationship to these funds, not what they are, and a whole table of 'investment' is the documented sign the label was not read. Agreement between the lanes does not settle a classification, and SRC063 in this shard types the same kind of object 'fund'; evidence_quote is the full printed line, which proves the value; B quoted the bare figure only.",RESOLVED,A+B+ADJUDICATOR,efccda783490f37c841b4335300e864503edab8861c88ea4aff51b0e1ff3a189
abbd6e09660e4e03a7cc,SRC035,3,PAIR_417AE7ED216064205B3A7DE2,CONTEXT_CONFLICT,380,380,source_section|evidence_quote,MERGE,"Verified against page-3 image. source_section is the exact printed section heading, 'Performance Analysis', which every page prints under the program name and above the table; the trailing '| As of December 31, 2021' is a date and is excluded. A left it blank, and on the context row used the table title instead; subject_type corrected to 'fund' on a row both lanes typed 'investment': the label names a vehicle (L.P., LLC, or a named fund) in a fund schedule carrying Vintage, Strategy and capital-account columns, and a vehicle is 'fund' while 'investment' is a holding inside one. The 'By Investment' column header names the program's relationship to these funds, not what they are, and a whole table of 'investment' is the documented sign the label was not read. Agreement between the lanes does not settle a classification, and SRC063 in this shard types the same kind of object 'fund'; evidence_quote is the full printed line, which proves the value; B quoted the bare figure only.; Source review: p3: Oregon Growth Account (The portfolio report distinguishes investor positions from its aggregate rows.) | p3: Oregon Growth Account (Printed heading or definition supporting the source-reviewed qualifier.) | p3: Oregon Growth Account (Supersedes SR2067: the printed entity or table label is context, not a measurement basis; source labels retain its scope.)",RESOLVED,A+B+ADJUDICATOR,efccda783490f37c841b4335300e864503edab8861c88ea4aff51b0e1ff3a189
9dd9c26b45222f2b3222,SRC035,3,PAIR_2EB34F53638BAB8F469DEACD,CONTEXT_CONFLICT,381,381,source_section|evidence_quote,MERGE,"Verified against page-3 image. source_section is the exact printed section heading, 'Performance Analysis', which every page prints under the program name and above the table; the trailing '| As of December 31, 2021' is a date and is excluded. A left it blank, and on the context row used the table title instead; subject_type corrected to 'fund' on a row both lanes typed 'investment': the label names a vehicle (L.P., LLC, or a named fund) in a fund schedule carrying Vintage, Strategy and capital-account columns, and a vehicle is 'fund' while 'investment' is a holding inside one. The 'By Investment' column header names the program's relationship to these funds, not what they are, and a whole table of 'investment' is the documented sign the label was not read. Agreement between the lanes does not settle a classification, and SRC063 in this shard types the same kind of object 'fund'; evidence_quote is the full printed line, which proves the value; B quoted the bare figure only.",RESOLVED,A+B+ADJUDICATOR,efccda783490f37c841b4335300e864503edab8861c88ea4aff51b0e1ff3a189
e3202e2e82bfe7bb0891,SRC035,3,PAIR_63EA2FF157258BD1A1E68C2B,CONTEXT_CONFLICT,382,382,source_section|evidence_quote,MERGE,"Verified against page-3 image. source_section is the exact printed section heading, 'Performance Analysis', which every page prints under the program name and above the table; the trailing '| As of December 31, 2021' is a date and is excluded. A left it blank, and on the context row used the table title instead; subject_type corrected to 'fund' on a row both lanes typed 'investment': the label names a vehicle (L.P., LLC, or a named fund) in a fund schedule carrying Vintage, Strategy and capital-account columns, and a vehicle is 'fund' while 'investment' is a holding inside one. The 'By Investment' column header names the program's relationship to these funds, not what they are, and a whole table of 'investment' is the documented sign the label was not read. Agreement between the lanes does not settle a classification, and SRC063 in this shard types the same kind of object 'fund'; evidence_quote is the full printed line, which proves the value; B quoted the bare figure only.",RESOLVED,A+B+ADJUDICATOR,efccda783490f37c841b4335300e864503edab8861c88ea4aff51b0e1ff3a189
ec48fcba8304a2984e8c,SRC035,3,PAIR_76496865B40ED76D44C8C088,CONTEXT_CONFLICT,383,383,source_section|evidence_quote,MERGE,"Verified against page-3 image. source_section is the exact printed section heading, 'Performance Analysis', which every page prints under the program name and above the table; the trailing '| As of December 31, 2021' is a date and is excluded. A left it blank, and on the context row used the table title instead; subject_type corrected to 'fund' on a row both lanes typed 'investment': the label names a vehicle (L.P., LLC, or a named fund) in a fund schedule carrying Vintage, Strategy and capital-account columns, and a vehicle is 'fund' while 'investment' is a holding inside one. The 'By Investment' column header names the program's relationship to these funds, not what they are, and a whole table of 'investment' is the documented sign the label was not read. Agreement between the lanes does not settle a classification, and SRC063 in this shard types the same kind of object 'fund'; evidence_quote is the full printed line, which proves the value; B quoted the bare figure only.",RESOLVED,A+B+ADJUDICATOR,efccda783490f37c841b4335300e864503edab8861c88ea4aff51b0e1ff3a189
846e3a637ad53823f29d,SRC035,3,PAIR_1546DF80571B9E7C607630E4,CONTEXT_CONFLICT,384,384,source_section|evidence_quote,MERGE,"Verified against page-3 image. source_section is the exact printed section heading, 'Performance Analysis', which every page prints under the program name and above the table; the trailing '| As of December 31, 2021' is a date and is excluded. A left it blank, and on the context row used the table title instead; subject_type corrected to 'fund' on a row both lanes typed 'investment': the label names a vehicle (L.P., LLC, or a named fund) in a fund schedule carrying Vintage, Strategy and capital-account columns, and a vehicle is 'fund' while 'investment' is a holding inside one. The 'By Investment' column header names the program's relationship to these funds, not what they are, and a whole table of 'investment' is the documented sign the label was not read. Agreement between the lanes does not settle a classification, and SRC063 in this shard types the same kind of object 'fund'; evidence_quote is the full printed line, which proves the value; B quoted the bare figure only.",RESOLVED,A+B+ADJUDICATOR,efccda783490f37c841b4335300e864503edab8861c88ea4aff51b0e1ff3a189
4b2cb215e361c9a36fed,SRC035,3,PAIR_EA5DD487A0A2EE3FF3D4B3A4,CONTEXT_CONFLICT,385,385,source_section|metric_name|evidence_quote,MERGE,"Verified against page-3 image. source_section is the exact printed section heading, 'Performance Analysis', which every page prints under the program name and above the table; the trailing '| As of December 31, 2021' is a date and is excluded. A left it blank, and on the context row used the table title instead; subject_type corrected to 'fund' on a row both lanes typed 'investment': the label names a vehicle (L.P., LLC, or a named fund) in a fund schedule carrying Vintage, Strategy and capital-account columns, and a vehicle is 'fund' while 'investment' is a holding inside one. The 'By Investment' column header names the program's relationship to these funds, not what they are, and a whole table of 'investment' is the documented sign the label was not read. Agreement between the lanes does not settle a classification, and SRC063 in this shard types the same kind of object 'fund'; metric_name is the printed column header in full, 'IRR (%)'; B trimmed the printed qualifier; evidence_quote is the full printed line, which proves the value; B quoted the bare figure only.; Source review: p3: IRR (All report pages were reviewed; no fee-basis statement qualifies this IRR.)",RESOLVED,A+B+ADJUDICATOR,efccda783490f37c841b4335300e864503edab8861c88ea4aff51b0e1ff3a189
63b776651baa9041893f,SRC035,3,PAIR_DBB8A4FEEA20EA3E64355544,CONTEXT_CONFLICT,386,386,source_section|evidence_quote,MERGE,"Verified against page-3 image. source_section is the exact printed section heading, 'Performance Analysis', which every page prints under the program name and above the table; the trailing '| As of December 31, 2021' is a date and is excluded. A left it blank, and on the context row used the table title instead; subject_type corrected to 'fund' on a row both lanes typed 'investment': the label names a vehicle (L.P., LLC, or a named fund) in a fund schedule carrying Vintage, Strategy and capital-account columns, and a vehicle is 'fund' while 'investment' is a holding inside one. The 'By Investment' column header names the program's relationship to these funds, not what they are, and a whole table of 'investment' is the documented sign the label was not read. Agreement between the lanes does not settle a classification, and SRC063 in this shard types the same kind of object 'fund'; evidence_quote is the full printed line, which proves the value; B quoted the bare figure only.; Source review: p3: Oregon Growth Account (The portfolio report distinguishes investor positions from its aggregate rows.) | p3: Oregon Growth Account (Printed heading or definition supporting the source-reviewed qualifier.) | p3: Oregon Growth Account (Supersedes SR2068: the printed entity or table label is context, not a measurement basis; source labels retain its scope.)",RESOLVED,A+B+ADJUDICATOR,efccda783490f37c841b4335300e864503edab8861c88ea4aff51b0e1ff3a189
4e52ceaac447301ad5bd,SRC035,3,PAIR_963E2C8E825E0BED65682B27,CONTEXT_CONFLICT,387,387,source_section|metric_name|evidence_quote,MERGE,"Verified against page-3 image. source_section is the exact printed section heading, 'Performance Analysis', which every page prints under the program name and above the table; the trailing '| As of December 31, 2021' is a date and is excluded. A left it blank, and on the context row used the table title instead; subject_type corrected to 'fund' on a row both lanes typed 'investment': the label names a vehicle (L.P., LLC, or a named fund) in a fund schedule carrying Vintage, Strategy and capital-account columns, and a vehicle is 'fund' while 'investment' is a holding inside one. The 'By Investment' column header names the program's relationship to these funds, not what they are, and a whole table of 'investment' is the documented sign the label was not read. Agreement between the lanes does not settle a classification, and SRC063 in this shard types the same kind of object 'fund'; metric_name is the printed column header in full, 'TVPI (X)'; B trimmed the printed qualifier; evidence_quote is the full printed line, which proves the value; B quoted the bare figure only.",RESOLVED,A+B+ADJUDICATOR,efccda783490f37c841b4335300e864503edab8861c88ea4aff51b0e1ff3a189
37f0bab418cc04e2677b,SRC035,3,PAIR_A15AEC5D228737988F4A4483,CONTEXT_CONFLICT,388,388,source_section|evidence_quote,MERGE,"Verified against page-3 image. source_section is the exact printed section heading, 'Performance Analysis', which every page prints under the program name and above the table; the trailing '| As of December 31, 2021' is a date and is excluded. A left it blank, and on the context row used the table title instead; subject_type corrected to 'fund' on a row both lanes typed 'investment': the label names a vehicle (L.P., LLC, or a named fund) in a fund schedule carrying Vintage, Strategy and capital-account columns, and a vehicle is 'fund' while 'investment' is a holding inside one. The 'By Investment' column header names the program's relationship to these funds, not what they are, and a whole table of 'investment' is the documented sign the label was not read. Agreement between the lanes does not settle a classification, and SRC063 in this shard types the same kind of object 'fund'; evidence_quote is the full printed line, which proves the value; B quoted the bare figure only.",RESOLVED,A+B+ADJUDICATOR,efccda783490f37c841b4335300e864503edab8861c88ea4aff51b0e1ff3a189
0556b08ff5a66ae8c417,SRC035,3,PAIR_CCBBCD59161EF84C4470468D,CONTEXT_CONFLICT,389,389,source_section|evidence_quote,MERGE,"Verified against page-3 image. source_section is the exact printed section heading, 'Performance Analysis', which every page prints under the program name and above the table; the trailing '| As of December 31, 2021' is a date and is excluded. A left it blank, and on the context row used the table title instead; subject_type corrected to 'fund' on a row both lanes typed 'investment': the label names a vehicle (L.P., LLC, or a named fund) in a fund schedule carrying Vintage, Strategy and capital-account columns, and a vehicle is 'fund' while 'investment' is a holding inside one. The 'By Investment' column header names the program's relationship to these funds, not what they are, and a whole table of 'investment' is the documented sign the label was not read. Agreement between the lanes does not settle a classification, and SRC063 in this shard types the same kind of object 'fund'; evidence_quote is the full printed line, which proves the value; B quoted the bare figure only.",RESOLVED,A+B+ADJUDICATOR,efccda783490f37c841b4335300e864503edab8861c88ea4aff51b0e1ff3a189
8c329e0989ed279fcae2,SRC035,3,PAIR_C3109BB5404FC667EFE90F8E,CONTEXT_CONFLICT,390,390,source_section|evidence_quote,MERGE,"Verified against page-3 image. source_section is the exact printed section heading, 'Performance Analysis', which every page prints under the program name and above the table; the trailing '| As of December 31, 2021' is a date and is excluded. A left it blank, and on the context row used the table title instead; subject_type corrected to 'fund' on a row both lanes typed 'investment': the label names a vehicle (L.P., LLC, or a named fund) in a fund schedule carrying Vintage, Strategy and capital-account columns, and a vehicle is 'fund' while 'investment' is a holding inside one. The 'By Investment' column header names the program's relationship to these funds, not what they are, and a whole table of 'investment' is the documented sign the label was not read. Agreement between the lanes does not settle a classification, and SRC063 in this shard types the same kind of object 'fund'; evidence_quote is the full printed line, which proves the value; B quoted the bare figure only.",RESOLVED,A+B+ADJUDICATOR,efccda783490f37c841b4335300e864503edab8861c88ea4aff51b0e1ff3a189
b03ba173865a0e7b918a,SRC035,3,PAIR_278D2CA716BDE69D8045F615,CONTEXT_CONFLICT,391,391,source_section|evidence_quote,MERGE,"Verified against page-3 image. source_section is the exact printed section heading, 'Performance Analysis', which every page prints under the program name and above the table; the trailing '| As of December 31, 2021' is a date and is excluded. A left it blank, and on the context row used the table title instead; subject_type corrected to 'fund' on a row both lanes typed 'investment': the label names a vehicle (L.P., LLC, or a named fund) in a fund schedule carrying Vintage, Strategy and capital-account columns, and a vehicle is 'fund' while 'investment' is a holding inside one. The 'By Investment' column header names the program's relationship to these funds, not what they are, and a whole table of 'investment' is the documented sign the label was not read. Agreement between the lanes does not settle a classification, and SRC063 in this shard types the same kind of object 'fund'; evidence_quote is the full printed line, which proves the value; B quoted the bare figure only.",RESOLVED,A+B+ADJUDICATOR,efccda783490f37c841b4335300e864503edab8861c88ea4aff51b0e1ff3a189
6530a69409862cbad824,SRC035,3,PAIR_3F0E9862653AF6B33FB26352,CONTEXT_CONFLICT,392,392,source_section|evidence_quote,MERGE,"Verified against page-3 image. source_section is the exact printed section heading, 'Performance Analysis', which every page prints under the program name and above the table; the trailing '| As of December 31, 2021' is a date and is excluded. A left it blank, and on the context row used the table title instead; subject_type corrected to 'fund' on a row both lanes typed 'investment': the label names a vehicle (L.P., LLC, or a named fund) in a fund schedule carrying Vintage, Strategy and capital-account columns, and a vehicle is 'fund' while 'investment' is a holding inside one. The 'By Investment' column header names the program's relationship to these funds, not what they are, and a whole table of 'investment' is the documented sign the label was not read. Agreement between the lanes does not settle a classification, and SRC063 in this shard types the same kind of object 'fund'; evidence_quote is the full printed line, which proves the value; B quoted the bare figure only.; Source review: p3: Oregon Growth Account (The portfolio report distinguishes investor positions from its aggregate rows.) | p3: Oregon Growth Account (Printed heading or definition supporting the source-reviewed qualifier.) | p3: Oregon Growth Account (Supersedes SR2069: the printed entity or table label is context, not a measurement basis; source labels retain its scope.)",RESOLVED,A+B+ADJUDICATOR,efccda783490f37c841b4335300e864503edab8861c88ea4aff51b0e1ff3a189
4345588f735314fb8b4a,SRC035,3,PAIR_295CA2E91FCC8BDC4F18F707,CONTEXT_CONFLICT,393,393,source_section|evidence_quote,MERGE,"Verified against page-3 image. source_section is the exact printed section heading, 'Performance Analysis', which every page prints under the program name and above the table; the trailing '| As of December 31, 2021' is a date and is excluded. A left it blank, and on the context row used the table title instead; subject_type corrected to 'fund' on a row both lanes typed 'investment': the label names a vehicle (L.P., LLC, or a named fund) in a fund schedule carrying Vintage, Strategy and capital-account columns, and a vehicle is 'fund' while 'investment' is a holding inside one. The 'By Investment' column header names the program's relationship to these funds, not what they are, and a whole table of 'investment' is the documented sign the label was not read. Agreement between the lanes does not settle a classification, and SRC063 in this shard types the same kind of object 'fund'; evidence_quote is the full printed line, which proves the value; B quoted the bare figure only.",RESOLVED,A+B+ADJUDICATOR,efccda783490f37c841b4335300e864503edab8861c88ea4aff51b0e1ff3a189
1689ea9fe06fd7555280,SRC035,3,PAIR_9F49313A0D86E25545D271E6,CONTEXT_CONFLICT,394,394,source_section|evidence_quote,MERGE,"Verified against page-3 image. source_section is the exact printed section heading, 'Performance Analysis', which every page prints under the program name and above the table; the trailing '| As of December 31, 2021' is a date and is excluded. A left it blank, and on the context row used the table title instead; subject_type corrected to 'fund' on a row both lanes typed 'investment': the label names a vehicle (L.P., LLC, or a named fund) in a fund schedule carrying Vintage, Strategy and capital-account columns, and a vehicle is 'fund' while 'investment' is a holding inside one. The 'By Investment' column header names the program's relationship to these funds, not what they are, and a whole table of 'investment' is the documented sign the label was not read. Agreement between the lanes does not settle a classification, and SRC063 in this shard types the same kind of object 'fund'; evidence_quote is the full printed line, which proves the value; B quoted the bare figure only.",RESOLVED,A+B+ADJUDICATOR,efccda783490f37c841b4335300e864503edab8861c88ea4aff51b0e1ff3a189
880e19537608974fd9d6,SRC035,3,PAIR_6026FE47FFAB9950754D7680,CONTEXT_CONFLICT,395,395,source_section|evidence_quote,MERGE,"Verified against page-3 image. source_section is the exact printed section heading, 'Performance Analysis', which every page prints under the program name and above the table; the trailing '| As of December 31, 2021' is a date and is excluded. A left it blank, and on the context row used the table title instead; subject_type corrected to 'fund' on a row both lanes typed 'investment': the label names a vehicle (L.P., LLC, or a named fund) in a fund schedule carrying Vintage, Strategy and capital-account columns, and a vehicle is 'fund' while 'investment' is a holding inside one. The 'By Investment' column header names the program's relationship to these funds, not what they are, and a whole table of 'investment' is the documented sign the label was not read. Agreement between the lanes does not settle a classification, and SRC063 in this shard types the same kind of object 'fund'; evidence_quote is the full printed line, which proves the value; B quoted the bare figure only.",RESOLVED,A+B+ADJUDICATOR,efccda783490f37c841b4335300e864503edab8861c88ea4aff51b0e1ff3a189
f5053fc1cee224267ed5,SRC035,3,PAIR_513553025838FD7EF514CE1D,CONTEXT_CONFLICT,396,396,source_section|evidence_quote,MERGE,"Verified against page-3 image. source_section is the exact printed section heading, 'Performance Analysis', which every page prints under the program name and above the table; the trailing '| As of December 31, 2021' is a date and is excluded. A left it blank, and on the context row used the table title instead; subject_type corrected to 'fund' on a row both lanes typed 'investment': the label names a vehicle (L.P., LLC, or a named fund) in a fund schedule carrying Vintage, Strategy and capital-account columns, and a vehicle is 'fund' while 'investment' is a holding inside one. The 'By Investment' column header names the program's relationship to these funds, not what they are, and a whole table of 'investment' is the documented sign the label was not read. Agreement between the lanes does not settle a classification, and SRC063 in this shard types the same kind of object 'fund'; evidence_quote is the full printed line, which proves the value; B quoted the bare figure only.",RESOLVED,A+B+ADJUDICATOR,efccda783490f37c841b4335300e864503edab8861c88ea4aff51b0e1ff3a189
a7d98778072c1a62b71b,SRC035,3,PAIR_65A73032A8CA769DEA41CD20,CONTEXT_CONFLICT,397,397,source_section|metric_name|evidence_quote,MERGE,"Verified against page-3 image. source_section is the exact printed section heading, 'Performance Analysis', which every page prints under the program name and above the table; the trailing '| As of December 31, 2021' is a date and is excluded. A left it blank, and on the context row used the table title instead; subject_type corrected to 'fund' on a row both lanes typed 'investment': the label names a vehicle (L.P., LLC, or a named fund) in a fund schedule carrying Vintage, Strategy and capital-account columns, and a vehicle is 'fund' while 'investment' is a holding inside one. The 'By Investment' column header names the program's relationship to these funds, not what they are, and a whole table of 'investment' is the documented sign the label was not read. Agreement between the lanes does not settle a classification, and SRC063 in this shard types the same kind of object 'fund'; metric_name is the printed column header in full, 'IRR (%)'; B trimmed the printed qualifier; evidence_quote is the full printed line, which proves the value; B quoted the bare figure only.; Source review: p3: IRR (All report pages were reviewed; no fee-basis statement qualifies this IRR.)",RESOLVED,A+B+ADJUDICATOR,efccda783490f37c841b4335300e864503edab8861c88ea4aff51b0e1ff3a189
0341b750c640d5d9b689,SRC035,3,PAIR_70AB4F05E622D131B6A8DB5B,CONTEXT_CONFLICT,398,398,source_section|evidence_quote,MERGE,"Verified against page-3 image. source_section is the exact printed section heading, 'Performance Analysis', which every page prints under the program name and above the table; the trailing '| As of December 31, 2021' is a date and is excluded. A left it blank, and on the context row used the table title instead; subject_type corrected to 'fund' on a row both lanes typed 'investment': the label names a vehicle (L.P., LLC, or a named fund) in a fund schedule carrying Vintage, Strategy and capital-account columns, and a vehicle is 'fund' while 'investment' is a holding inside one. The 'By Investment' column header names the program's relationship to these funds, not what they are, and a whole table of 'investment' is the documented sign the label was not read. Agreement between the lanes does not settle a classification, and SRC063 in this shard types the same kind of object 'fund'; evidence_quote is the full printed line, which proves the value; B quoted the bare figure only.; Source review: p3: Oregon Growth Account (The portfolio report distinguishes investor positions from its aggregate rows.) | p3: Oregon Growth Account (Printed heading or definition supporting the source-reviewed qualifier.) | p3: Oregon Growth Account (Supersedes SR2070: the printed entity or table label is context, not a measurement basis; source labels retain its scope.)",RESOLVED,A+B+ADJUDICATOR,efccda783490f37c841b4335300e864503edab8861c88ea4aff51b0e1ff3a189
b4fec9b1019784e2b824,SRC035,3,PAIR_A7376C31DE0E8B18F379FFDB,CONTEXT_CONFLICT,399,399,source_section|metric_name|evidence_quote,MERGE,"Verified against page-3 image. source_section is the exact printed section heading, 'Performance Analysis', which every page prints under the program name and above the table; the trailing '| As of December 31, 2021' is a date and is excluded. A left it blank, and on the context row used the table title instead; subject_type corrected to 'fund' on a row both lanes typed 'investment': the label names a vehicle (L.P., LLC, or a named fund) in a fund schedule carrying Vintage, Strategy and capital-account columns, and a vehicle is 'fund' while 'investment' is a holding inside one. The 'By Investment' column header names the program's relationship to these funds, not what they are, and a whole table of 'investment' is the documented sign the label was not read. Agreement between the lanes does not settle a classification, and SRC063 in this shard types the same kind of object 'fund'; metric_name is the printed column header in full, 'TVPI (X)'; B trimmed the printed qualifier; evidence_quote is the full printed line, which proves the value; B quoted the bare figure only.",RESOLVED,A+B+ADJUDICATOR,efccda783490f37c841b4335300e864503edab8861c88ea4aff51b0e1ff3a189
c78c42641b1da1cb5a0e,SRC035,3,PAIR_807CAB4C6A8AD324CF06C9D1,CONTEXT_CONFLICT,400,400,source_section|evidence_quote,MERGE,"Verified against page-3 image. source_section is the exact printed section heading, 'Performance Analysis', which every page prints under the program name and above the table; the trailing '| As of December 31, 2021' is a date and is excluded. A left it blank, and on the context row used the table title instead; subject_type corrected to 'fund' on a row both lanes typed 'investment': the label names a vehicle (L.P., LLC, or a named fund) in a fund schedule carrying Vintage, Strategy and capital-account columns, and a vehicle is 'fund' while 'investment' is a holding inside one. The 'By Investment' column header names the program's relationship to these funds, not what they are, and a whole table of 'investment' is the documented sign the label was not read. Agreement between the lanes does not settle a classification, and SRC063 in this shard types the same kind of object 'fund'; evidence_quote is the full printed line, which proves the value; B quoted the bare figure only.",RESOLVED,A+B+ADJUDICATOR,efccda783490f37c841b4335300e864503edab8861c88ea4aff51b0e1ff3a189
391b48c81576ce4b05f4,SRC035,3,PAIR_8AADAD4199A1E2D25EA07F22,CONTEXT_CONFLICT,401,401,source_section|evidence_quote,MERGE,"Verified against page-3 image. source_section is the exact printed section heading, 'Performance Analysis', which every page prints under the program name and above the table; the trailing '| As of December 31, 2021' is a date and is excluded. A left it blank, and on the context row used the table title instead; subject_type corrected to 'fund' on a row both lanes typed 'investment': the label names a vehicle (L.P., LLC, or a named fund) in a fund schedule carrying Vintage, Strategy and capital-account columns, and a vehicle is 'fund' while 'investment' is a holding inside one. The 'By Investment' column header names the program's relationship to these funds, not what they are, and a whole table of 'investment' is the documented sign the label was not read. Agreement between the lanes does not settle a classification, and SRC063 in this shard types the same kind of object 'fund'; evidence_quote is the full printed line, which proves the value; B quoted the bare figure only.",RESOLVED,A+B+ADJUDICATOR,efccda783490f37c841b4335300e864503edab8861c88ea4aff51b0e1ff3a189
4aeac2c4a967c4215720,SRC035,3,PAIR_05B19C152030E26014BC087C,CONTEXT_CONFLICT,402,402,source_section|evidence_quote,MERGE,"Verified against page-3 image. source_section is the exact printed section heading, 'Performance Analysis', which every page prints under the program name and above the table; the trailing '| As of December 31, 2021' is a date and is excluded. A left it blank, and on the context row used the table title instead; subject_type corrected to 'fund' on a row both lanes typed 'investment': the label names a vehicle (L.P., LLC, or a named fund) in a fund schedule carrying Vintage, Strategy and capital-account columns, and a vehicle is 'fund' while 'investment' is a holding inside one. The 'By Investment' column header names the program's relationship to these funds, not what they are, and a whole table of 'investment' is the documented sign the label was not read. Agreement between the lanes does not settle a classification, and SRC063 in this shard types the same kind of object 'fund'; evidence_quote is the full printed line, which proves the value; B quoted the bare figure only.",RESOLVED,A+B+ADJUDICATOR,efccda783490f37c841b4335300e864503edab8861c88ea4aff51b0e1ff3a189
3b8d4df399511347a81a,SRC035,3,PAIR_9705DB92B59C3723D2E1E27B,CONTEXT_CONFLICT,403,403,source_section|evidence_quote,MERGE,"Verified against page-3 image. source_section is the exact printed section heading, 'Performance Analysis', which every page prints under the program name and above the table; the trailing '| As of December 31, 2021' is a date and is excluded. A left it blank, and on the context row used the table title instead; subject_type corrected to 'fund' on a row both lanes typed 'investment': the label names a vehicle (L.P., LLC, or a named fund) in a fund schedule carrying Vintage, Strategy and capital-account columns, and a vehicle is 'fund' while 'investment' is a holding inside one. The 'By Investment' column header names the program's relationship to these funds, not what they are, and a whole table of 'investment' is the documented sign the label was not read. Agreement between the lanes does not settle a classification, and SRC063 in this shard types the same kind of object 'fund'; evidence_quote is the full printed line, which proves the value; B quoted the bare figure only.",RESOLVED,A+B+ADJUDICATOR,efccda783490f37c841b4335300e864503edab8861c88ea4aff51b0e1ff3a189
ff8dcf2ad57e521f4f80,SRC035,3,PAIR_C98600D77734C8A810134ADD,CONTEXT_CONFLICT,404,404,source_section|evidence_quote,MERGE,"Verified against page-3 image. source_section is the exact printed section heading, 'Performance Analysis', which every page prints under the program name and above the table; the trailing '| As of December 31, 2021' is a date and is excluded. A left it blank, and on the context row used the table title instead; subject_type corrected to 'fund' on a row both lanes typed 'investment': the label names a vehicle (L.P., LLC, or a named fund) in a fund schedule carrying Vintage, Strategy and capital-account columns, and a vehicle is 'fund' while 'investment' is a holding inside one. The 'By Investment' column header names the program's relationship to these funds, not what they are, and a whole table of 'investment' is the documented sign the label was not read. Agreement between the lanes does not settle a classification, and SRC063 in this shard types the same kind of object 'fund'; evidence_quote is the full printed line, which proves the value; B quoted the bare figure only.; Source review: p3: Oregon Growth Account (The portfolio report distinguishes investor positions from its aggregate rows.) | p3: Oregon Growth Account (Printed heading or definition supporting the source-reviewed qualifier.) | p3: Oregon Growth Account (Supersedes SR2071: the printed entity or table label is context, not a measurement basis; source labels retain its scope.)",RESOLVED,A+B+ADJUDICATOR,efccda783490f37c841b4335300e864503edab8861c88ea4aff51b0e1ff3a189
61cecbb69951251fa21c,SRC035,3,PAIR_A3C72F96C4B54874751164F7,CONTEXT_CONFLICT,405,405,source_section|evidence_quote,MERGE,"Verified against page-3 image. source_section is the exact printed section heading, 'Performance Analysis', which every page prints under the program name and above the table; the trailing '| As of December 31, 2021' is a date and is excluded. A left it blank, and on the context row used the table title instead; subject_type corrected to 'fund' on a row both lanes typed 'investment': the label names a vehicle (L.P., LLC, or a named fund) in a fund schedule carrying Vintage, Strategy and capital-account columns, and a vehicle is 'fund' while 'investment' is a holding inside one. The 'By Investment' column header names the program's relationship to these funds, not what they are, and a whole table of 'investment' is the documented sign the label was not read. Agreement between the lanes does not settle a classification, and SRC063 in this shard types the same kind of object 'fund'; evidence_quote is the full printed line, which proves the value; B quoted the bare figure only.",RESOLVED,A+B+ADJUDICATOR,efccda783490f37c841b4335300e864503edab8861c88ea4aff51b0e1ff3a189
8d024103f0d9f7b3229c,SRC035,3,PAIR_3AF02E113BB20F9797603925,CONTEXT_CONFLICT,406,406,source_section|evidence_quote,MERGE,"Verified against page-3 image. source_section is the exact printed section heading, 'Performance Analysis', which every page prints under the program name and above the table; the trailing '| As of December 31, 2021' is a date and is excluded. A left it blank, and on the context row used the table title instead; subject_type corrected to 'fund' on a row both lanes typed 'investment': the label names a vehicle (L.P., LLC, or a named fund) in a fund schedule carrying Vintage, Strategy and capital-account columns, and a vehicle is 'fund' while 'investment' is a holding inside one. The 'By Investment' column header names the program's relationship to these funds, not what they are, and a whole table of 'investment' is the documented sign the label was not read. Agreement between the lanes does not settle a classification, and SRC063 in this shard types the same kind of object 'fund'; evidence_quote is the full printed line, which proves the value; B quoted the bare figure only.",RESOLVED,A+B+ADJUDICATOR,efccda783490f37c841b4335300e864503edab8861c88ea4aff51b0e1ff3a189
86118ece61a8867c6a6b,SRC035,3,PAIR_4A23EAAC14D6D33729BA303D,CONTEXT_CONFLICT,407,407,source_section|evidence_quote,MERGE,"Verified against page-3 image. source_section is the exact printed section heading, 'Performance Analysis', which every page prints under the program name and above the table; the trailing '| As of December 31, 2021' is a date and is excluded. A left it blank, and on the context row used the table title instead; subject_type corrected to 'fund' on a row both lanes typed 'investment': the label names a vehicle (L.P., LLC, or a named fund) in a fund schedule carrying Vintage, Strategy and capital-account columns, and a vehicle is 'fund' while 'investment' is a holding inside one. The 'By Investment' column header names the program's relationship to these funds, not what they are, and a whole table of 'investment' is the documented sign the label was not read. Agreement between the lanes does not settle a classification, and SRC063 in this shard types the same kind of object 'fund'; evidence_quote is the full printed line, which proves the value; B quoted the bare figure only.",RESOLVED,A+B+ADJUDICATOR,efccda783490f37c841b4335300e864503edab8861c88ea4aff51b0e1ff3a189
869ea3b07f676aa3dcd1,SRC035,3,PAIR_326B391E4C74362D373AADDE,CONTEXT_CONFLICT,408,408,source_section|evidence_quote,MERGE,"Verified against page-3 image. source_section is the exact printed section heading, 'Performance Analysis', which every page prints under the program name and above the table; the trailing '| As of December 31, 2021' is a date and is excluded. A left it blank, and on the context row used the table title instead; subject_type corrected to 'fund' on a row both lanes typed 'investment': the label names a vehicle (L.P., LLC, or a named fund) in a fund schedule carrying Vintage, Strategy and capital-account columns, and a vehicle is 'fund' while 'investment' is a holding inside one. The 'By Investment' column header names the program's relationship to these funds, not what they are, and a whole table of 'investment' is the documented sign the label was not read. Agreement between the lanes does not settle a classification, and SRC063 in this shard types the same kind of object 'fund'; evidence_quote is the full printed line, which proves the value; B quoted the bare figure only.",RESOLVED,A+B+ADJUDICATOR,efccda783490f37c841b4335300e864503edab8861c88ea4aff51b0e1ff3a189
f49ae35b09cdfe0f4de5,SRC035,3,PAIR_669E5182338BF9F12B4E8C5D,CONTEXT_CONFLICT,409,409,source_section|metric_name|evidence_quote,MERGE,"Verified against page-3 image. source_section is the exact printed section heading, 'Performance Analysis', which every page prints under the program name and above the table; the trailing '| As of December 31, 2021' is a date and is excluded. A left it blank, and on the context row used the table title instead; subject_type corrected to 'fund' on a row both lanes typed 'investment': the label names a vehicle (L.P., LLC, or a named fund) in a fund schedule carrying Vintage, Strategy and capital-account columns, and a vehicle is 'fund' while 'investment' is a holding inside one. The 'By Investment' column header names the program's relationship to these funds, not what they are, and a whole table of 'investment' is the documented sign the label was not read. Agreement between the lanes does not settle a classification, and SRC063 in this shard types the same kind of object 'fund'; metric_name is the printed column header in full, 'IRR (%)'; B trimmed the printed qualifier; evidence_quote is the full printed line, which proves the value; B quoted the bare figure only.; Source review: p3: IRR (All report pages were reviewed; no fee-basis statement qualifies this IRR.)",RESOLVED,A+B+ADJUDICATOR,efccda783490f37c841b4335300e864503edab8861c88ea4aff51b0e1ff3a189
fbbeb017f241d9de6b0c,SRC035,3,PAIR_0A872B08A095505EBF18966E,CONTEXT_CONFLICT,410,410,source_section|evidence_quote,MERGE,"Verified against page-3 image. source_section is the exact printed section heading, 'Performance Analysis', which every page prints under the program name and above the table; the trailing '| As of December 31, 2021' is a date and is excluded. A left it blank, and on the context row used the table title instead; subject_type corrected to 'fund' on a row both lanes typed 'investment': the label names a vehicle (L.P., LLC, or a named fund) in a fund schedule carrying Vintage, Strategy and capital-account columns, and a vehicle is 'fund' while 'investment' is a holding inside one. The 'By Investment' column header names the program's relationship to these funds, not what they are, and a whole table of 'investment' is the documented sign the label was not read. Agreement between the lanes does not settle a classification, and SRC063 in this shard types the same kind of object 'fund'; evidence_quote is the full printed line, which proves the value; B quoted the bare figure only.; Source review: p3: Oregon Growth Account (The portfolio report distinguishes investor positions from its aggregate rows.) | p3: Oregon Growth Account (Printed heading or definition supporting the source-reviewed qualifier.) | p3: Oregon Growth Account (Supersedes SR2072: the printed entity or table label is context, not a measurement basis; source labels retain its scope.)",RESOLVED,A+B+ADJUDICATOR,efccda783490f37c841b4335300e864503edab8861c88ea4aff51b0e1ff3a189
3cb02da59926723619e6,SRC035,3,PAIR_EAECAC579876388495C37980,CONTEXT_CONFLICT,411,411,source_section|metric_name|evidence_quote,MERGE,"Verified against page-3 image. source_section is the exact printed section heading, 'Performance Analysis', which every page prints under the program name and above the table; the trailing '| As of December 31, 2021' is a date and is excluded. A left it blank, and on the context row used the table title instead; subject_type corrected to 'fund' on a row both lanes typed 'investment': the label names a vehicle (L.P., LLC, or a named fund) in a fund schedule carrying Vintage, Strategy and capital-account columns, and a vehicle is 'fund' while 'investment' is a holding inside one. The 'By Investment' column header names the program's relationship to these funds, not what they are, and a whole table of 'investment' is the documented sign the label was not read. Agreement between the lanes does not settle a classification, and SRC063 in this shard types the same kind of object 'fund'; metric_name is the printed column header in full, 'TVPI (X)'; B trimmed the printed qualifier; evidence_quote is the full printed line, which proves the value; B quoted the bare figure only.",RESOLVED,A+B+ADJUDICATOR,efccda783490f37c841b4335300e864503edab8861c88ea4aff51b0e1ff3a189
6d351a211751ca3208b1,SRC035,3,PAIR_92C1BF15E130799C4366DBFC,CONTEXT_CONFLICT,412,412,source_section|evidence_quote,MERGE,"Verified against page-3 image. source_section is the exact printed section heading, 'Performance Analysis', which every page prints under the program name and above the table; the trailing '| As of December 31, 2021' is a date and is excluded. A left it blank, and on the context row used the table title instead; subject_type corrected to 'fund' on a row both lanes typed 'investment': the label names a vehicle (L.P., LLC, or a named fund) in a fund schedule carrying Vintage, Strategy and capital-account columns, and a vehicle is 'fund' while 'investment' is a holding inside one. The 'By Investment' column header names the program's relationship to these funds, not what they are, and a whole table of 'investment' is the documented sign the label was not read. Agreement between the lanes does not settle a classification, and SRC063 in this shard types the same kind of object 'fund'; evidence_quote is the full printed line, which proves the value; B quoted the bare figure only.",RESOLVED,A+B+ADJUDICATOR,efccda783490f37c841b4335300e864503edab8861c88ea4aff51b0e1ff3a189
838590c892069f57bab4,SRC035,3,PAIR_E05ECBA2CFB6FAD90CDB9A39,CONTEXT_CONFLICT,413,413,source_section|evidence_quote,MERGE,"Verified against page-3 image. source_section is the exact printed section heading, 'Performance Analysis', which every page prints under the program name and above the table; the trailing '| As of December 31, 2021' is a date and is excluded. A left it blank, and on the context row used the table title instead; subject_type corrected to 'fund' on a row both lanes typed 'investment': the label names a vehicle (L.P., LLC, or a named fund) in a fund schedule carrying Vintage, Strategy and capital-account columns, and a vehicle is 'fund' while 'investment' is a holding inside one. The 'By Investment' column header names the program's relationship to these funds, not what they are, and a whole table of 'investment' is the documented sign the label was not read. Agreement between the lanes does not settle a classification, and SRC063 in this shard types the same kind of object 'fund'; evidence_quote is the full printed line, which proves the value; B quoted the bare figure only.",RESOLVED,A+B+ADJUDICATOR,efccda783490f37c841b4335300e864503edab8861c88ea4aff51b0e1ff3a189
d21fc980c275fcffa078,SRC035,3,PAIR_A0D997F6BD3F9F76B1A1C126,CONTEXT_CONFLICT,414,414,source_section|evidence_quote,MERGE,"Verified against page-3 image. source_section is the exact printed section heading, 'Performance Analysis', which every page prints under the program name and above the table; the trailing '| As of December 31, 2021' is a date and is excluded. A left it blank, and on the context row used the table title instead; subject_type corrected to 'fund' on a row both lanes typed 'investment': the label names a vehicle (L.P., LLC, or a named fund) in a fund schedule carrying Vintage, Strategy and capital-account columns, and a vehicle is 'fund' while 'investment' is a holding inside one. The 'By Investment' column header names the program's relationship to these funds, not what they are, and a whole table of 'investment' is the documented sign the label was not read. Agreement between the lanes does not settle a classification, and SRC063 in this shard types the same kind of object 'fund'; evidence_quote is the full printed line, which proves the value; B quoted the bare figure only.",RESOLVED,A+B+ADJUDICATOR,efccda783490f37c841b4335300e864503edab8861c88ea4aff51b0e1ff3a189
185fc70ff99869de6fd5,SRC035,3,PAIR_8641E8BAF4DEA7DC249F7346,CONTEXT_CONFLICT,415,415,source_section|evidence_quote,MERGE,"Verified against page-3 image. source_section is the exact printed section heading, 'Performance Analysis', which every page prints under the program name and above the table; the trailing '| As of December 31, 2021' is a date and is excluded. A left it blank, and on the context row used the table title instead; subject_type corrected to 'fund' on a row both lanes typed 'investment': the label names a vehicle (L.P., LLC, or a named fund) in a fund schedule carrying Vintage, Strategy and capital-account columns, and a vehicle is 'fund' while 'investment' is a holding inside one. The 'By Investment' column header names the program's relationship to these funds, not what they are, and a whole table of 'investment' is the documented sign the label was not read. Agreement between the lanes does not settle a classification, and SRC063 in this shard types the same kind of object 'fund'; evidence_quote is the full printed line, which proves the value; B quoted the bare figure only.",RESOLVED,A+B+ADJUDICATOR,efccda783490f37c841b4335300e864503edab8861c88ea4aff51b0e1ff3a189
0ed6042a9acd57997ae8,SRC035,3,PAIR_460AA2CDBD2078F0D462F8C1,CONTEXT_CONFLICT,416,416,source_section|evidence_quote,MERGE,"Verified against page-3 image. source_section is the exact printed section heading, 'Performance Analysis', which every page prints under the program name and above the table; the trailing '| As of December 31, 2021' is a date and is excluded. A left it blank, and on the context row used the table title instead; subject_type corrected to 'fund' on a row both lanes typed 'investment': the label names a vehicle (L.P., LLC, or a named fund) in a fund schedule carrying Vintage, Strategy and capital-account columns, and a vehicle is 'fund' while 'investment' is a holding inside one. The 'By Investment' column header names the program's relationship to these funds, not what they are, and a whole table of 'investment' is the documented sign the label was not read. Agreement between the lanes does not settle a classification, and SRC063 in this shard types the same kind of object 'fund'; evidence_quote is the full printed line, which proves the value; B quoted the bare figure only.; Source review: p3: Oregon Growth Account (The portfolio report distinguishes investor positions from its aggregate rows.) | p3: Oregon Growth Account (Printed heading or definition supporting the source-reviewed qualifier.) | p3: Oregon Growth Account (Supersedes SR2073: the printed entity or table label is context, not a measurement basis; source labels retain its scope.)",RESOLVED,A+B+ADJUDICATOR,efccda783490f37c841b4335300e864503edab8861c88ea4aff51b0e1ff3a189
07887284cb3c28ab31f1,SRC035,3,PAIR_D02A9D24FCB2F6302AF42F00,CONTEXT_CONFLICT,417,417,source_section|evidence_quote,MERGE,"Verified against page-3 image. source_section is the exact printed section heading, 'Performance Analysis', which every page prints under the program name and above the table; the trailing '| As of December 31, 2021' is a date and is excluded. A left it blank, and on the context row used the table title instead; subject_type corrected to 'fund' on a row both lanes typed 'investment': the label names a vehicle (L.P., LLC, or a named fund) in a fund schedule carrying Vintage, Strategy and capital-account columns, and a vehicle is 'fund' while 'investment' is a holding inside one. The 'By Investment' column header names the program's relationship to these funds, not what they are, and a whole table of 'investment' is the documented sign the label was not read. Agreement between the lanes does not settle a classification, and SRC063 in this shard types the same kind of object 'fund'; evidence_quote is the full printed line, which proves the value; B quoted the bare figure only.",RESOLVED,A+B+ADJUDICATOR,efccda783490f37c841b4335300e864503edab8861c88ea4aff51b0e1ff3a189
c08e8ccc0e6a2dd6600a,SRC035,3,PAIR_213290249DE9E6BA0CC3A1D0,CONTEXT_CONFLICT,418,418,source_section|evidence_quote,MERGE,"Verified against page-3 image. source_section is the exact printed section heading, 'Performance Analysis', which every page prints under the program name and above the table; the trailing '| As of December 31, 2021' is a date and is excluded. A left it blank, and on the context row used the table title instead; subject_type corrected to 'fund' on a row both lanes typed 'investment': the label names a vehicle (L.P., LLC, or a named fund) in a fund schedule carrying Vintage, Strategy and capital-account columns, and a vehicle is 'fund' while 'investment' is a holding inside one. The 'By Investment' column header names the program's relationship to these funds, not what they are, and a whole table of 'investment' is the documented sign the label was not read. Agreement between the lanes does not settle a classification, and SRC063 in this shard types the same kind of object 'fund'; evidence_quote is the full printed line, which proves the value; B quoted the bare figure only.",RESOLVED,A+B+ADJUDICATOR,efccda783490f37c841b4335300e864503edab8861c88ea4aff51b0e1ff3a189
c13da05f3e444ed0fc1b,SRC035,3,PAIR_02D4B9E43D38C734C6490CF1,CONTEXT_CONFLICT,419,419,source_section|evidence_quote,MERGE,"Verified against page-3 image. source_section is the exact printed section heading, 'Performance Analysis', which every page prints under the program name and above the table; the trailing '| As of December 31, 2021' is a date and is excluded. A left it blank, and on the context row used the table title instead; subject_type corrected to 'fund' on a row both lanes typed 'investment': the label names a vehicle (L.P., LLC, or a named fund) in a fund schedule carrying Vintage, Strategy and capital-account columns, and a vehicle is 'fund' while 'investment' is a holding inside one. The 'By Investment' column header names the program's relationship to these funds, not what they are, and a whole table of 'investment' is the documented sign the label was not read. Agreement between the lanes does not settle a classification, and SRC063 in this shard types the same kind of object 'fund'; evidence_quote is the full printed line, which proves the value; B quoted the bare figure only.",RESOLVED,A+B+ADJUDICATOR,efccda783490f37c841b4335300e864503edab8861c88ea4aff51b0e1ff3a189
d63f524d736541fe6848,SRC035,3,PAIR_E013275048B4D0D3D36E144A,CONTEXT_CONFLICT,420,420,source_section|evidence_quote,MERGE,"Verified against page-3 image. source_section is the exact printed section heading, 'Performance Analysis', which every page prints under the program name and above the table; the trailing '| As of December 31, 2021' is a date and is excluded. A left it blank, and on the context row used the table title instead; subject_type corrected to 'fund' on a row both lanes typed 'investment': the label names a vehicle (L.P., LLC, or a named fund) in a fund schedule carrying Vintage, Strategy and capital-account columns, and a vehicle is 'fund' while 'investment' is a holding inside one. The 'By Investment' column header names the program's relationship to these funds, not what they are, and a whole table of 'investment' is the documented sign the label was not read. Agreement between the lanes does not settle a classification, and SRC063 in this shard types the same kind of object 'fund'; evidence_quote is the full printed line, which proves the value; B quoted the bare figure only.",RESOLVED,A+B+ADJUDICATOR,efccda783490f37c841b4335300e864503edab8861c88ea4aff51b0e1ff3a189
a7bc2849c65ae7ae7595,SRC035,3,PAIR_104978A68044EACC7DDF870E,CONTEXT_CONFLICT,421,421,source_section|evidence_quote,MERGE,"Verified against page-3 image. source_section is the exact printed section heading, 'Performance Analysis', which every page prints under the program name and above the table; the trailing '| As of December 31, 2021' is a date and is excluded. A left it blank, and on the context row used the table title instead; subject_type corrected to 'fund' on a row both lanes typed 'investment': the label names a vehicle (L.P., LLC, or a named fund) in a fund schedule carrying Vintage, Strategy and capital-account columns, and a vehicle is 'fund' while 'investment' is a holding inside one. The 'By Investment' column header names the program's relationship to these funds, not what they are, and a whole table of 'investment' is the documented sign the label was not read. Agreement between the lanes does not settle a classification, and SRC063 in this shard types the same kind of object 'fund'; evidence_quote is the full printed line, which proves the value; B quoted the bare figure only.; Source review: p3: Oregon Growth Account (The portfolio report distinguishes investor positions from its aggregate rows.) | p3: Oregon Growth Account (Printed heading or definition supporting the source-reviewed qualifier.) | p3: Oregon Growth Account (Supersedes SR2074: the printed entity or table label is context, not a measurement basis; source labels retain its scope.)",RESOLVED,A+B+ADJUDICATOR,efccda783490f37c841b4335300e864503edab8861c88ea4aff51b0e1ff3a189
1b466e41d8dc4561cd8c,SRC035,3,PAIR_4F541345612B255A082BFE93,CONTEXT_CONFLICT,422,422,source_section|evidence_quote,MERGE,"Verified against page-3 image. source_section is the exact printed section heading, 'Performance Analysis', which every page prints under the program name and above the table; the trailing '| As of December 31, 2021' is a date and is excluded. A left it blank, and on the context row used the table title instead; subject_type corrected to 'fund' on a row both lanes typed 'investment': the label names a vehicle (L.P., LLC, or a named fund) in a fund schedule carrying Vintage, Strategy and capital-account columns, and a vehicle is 'fund' while 'investment' is a holding inside one. The 'By Investment' column header names the program's relationship to these funds, not what they are, and a whole table of 'investment' is the documented sign the label was not read. Agreement between the lanes does not settle a classification, and SRC063 in this shard types the same kind of object 'fund'; evidence_quote is the full printed line, which proves the value; B quoted the bare figure only.",RESOLVED,A+B+ADJUDICATOR,efccda783490f37c841b4335300e864503edab8861c88ea4aff51b0e1ff3a189
c1819fe9c005f322b174,SRC035,3,PAIR_5287B26DCACC4F217F278BF7,CONTEXT_CONFLICT,423,423,source_section|evidence_quote,MERGE,"Verified against page-3 image. source_section is the exact printed section heading, 'Performance Analysis', which every page prints under the program name and above the table; the trailing '| As of December 31, 2021' is a date and is excluded. A left it blank, and on the context row used the table title instead; subject_type corrected to 'fund' on a row both lanes typed 'investment': the label names a vehicle (L.P., LLC, or a named fund) in a fund schedule carrying Vintage, Strategy and capital-account columns, and a vehicle is 'fund' while 'investment' is a holding inside one. The 'By Investment' column header names the program's relationship to these funds, not what they are, and a whole table of 'investment' is the documented sign the label was not read. Agreement between the lanes does not settle a classification, and SRC063 in this shard types the same kind of object 'fund'; evidence_quote is the full printed line, which proves the value; B quoted the bare figure only.",RESOLVED,A+B+ADJUDICATOR,efccda783490f37c841b4335300e864503edab8861c88ea4aff51b0e1ff3a189
8b85c5ab15bbe41a85aa,SRC035,3,PAIR_AEE235C78F1CF432A6D23A2C,CONTEXT_CONFLICT,424,424,source_section|evidence_quote,MERGE,"Verified against page-3 image. source_section is the exact printed section heading, 'Performance Analysis', which every page prints under the program name and above the table; the trailing '| As of December 31, 2021' is a date and is excluded. A left it blank, and on the context row used the table title instead; subject_type corrected to 'fund' on a row both lanes typed 'investment': the label names a vehicle (L.P., LLC, or a named fund) in a fund schedule carrying Vintage, Strategy and capital-account columns, and a vehicle is 'fund' while 'investment' is a holding inside one. The 'By Investment' column header names the program's relationship to these funds, not what they are, and a whole table of 'investment' is the documented sign the label was not read. Agreement between the lanes does not settle a classification, and SRC063 in this shard types the same kind of object 'fund'; evidence_quote is the full printed line, which proves the value; B quoted the bare figure only.",RESOLVED,A+B+ADJUDICATOR,efccda783490f37c841b4335300e864503edab8861c88ea4aff51b0e1ff3a189
5403ead7e45a921652b8,SRC035,3,PAIR_845089F7ED8F4D797228A7BB,CONTEXT_CONFLICT,425,425,source_section|evidence_quote,MERGE,"Verified against page-3 image. source_section is the exact printed section heading, 'Performance Analysis', which every page prints under the program name and above the table; the trailing '| As of December 31, 2021' is a date and is excluded. A left it blank, and on the context row used the table title instead; subject_type corrected to 'fund' on a row both lanes typed 'investment': the label names a vehicle (L.P., LLC, or a named fund) in a fund schedule carrying Vintage, Strategy and capital-account columns, and a vehicle is 'fund' while 'investment' is a holding inside one. The 'By Investment' column header names the program's relationship to these funds, not what they are, and a whole table of 'investment' is the documented sign the label was not read. Agreement between the lanes does not settle a classification, and SRC063 in this shard types the same kind of object 'fund'; evidence_quote is the full printed line, which proves the value; B quoted the bare figure only.",RESOLVED,A+B+ADJUDICATOR,efccda783490f37c841b4335300e864503edab8861c88ea4aff51b0e1ff3a189
86f81f167cec035b3aa0,SRC035,3,PAIR_326450133B9D99BE3959226A,CONTEXT_CONFLICT,426,426,source_section|metric_name|evidence_quote,MERGE,"Verified against page-3 image. source_section is the exact printed section heading, 'Performance Analysis', which every page prints under the program name and above the table; the trailing '| As of December 31, 2021' is a date and is excluded. A left it blank, and on the context row used the table title instead; subject_type corrected to 'fund' on a row both lanes typed 'investment': the label names a vehicle (L.P., LLC, or a named fund) in a fund schedule carrying Vintage, Strategy and capital-account columns, and a vehicle is 'fund' while 'investment' is a holding inside one. The 'By Investment' column header names the program's relationship to these funds, not what they are, and a whole table of 'investment' is the documented sign the label was not read. Agreement between the lanes does not settle a classification, and SRC063 in this shard types the same kind of object 'fund'; metric_name is the printed column header in full, 'IRR (%)'; B trimmed the printed qualifier; evidence_quote is the full printed line, which proves the value; B quoted the bare figure only.; Source review: p3: IRR (All report pages were reviewed; no fee-basis statement qualifies this IRR.)",RESOLVED,A+B+ADJUDICATOR,efccda783490f37c841b4335300e864503edab8861c88ea4aff51b0e1ff3a189
09197f7df61b2786fd16,SRC035,3,PAIR_1CEE3D73FCFAE8A97FF9ED82,CONTEXT_CONFLICT,427,427,source_section|evidence_quote,MERGE,"Verified against page-3 image. source_section is the exact printed section heading, 'Performance Analysis', which every page prints under the program name and above the table; the trailing '| As of December 31, 2021' is a date and is excluded. A left it blank, and on the context row used the table title instead; subject_type corrected to 'fund' on a row both lanes typed 'investment': the label names a vehicle (L.P., LLC, or a named fund) in a fund schedule carrying Vintage, Strategy and capital-account columns, and a vehicle is 'fund' while 'investment' is a holding inside one. The 'By Investment' column header names the program's relationship to these funds, not what they are, and a whole table of 'investment' is the documented sign the label was not read. Agreement between the lanes does not settle a classification, and SRC063 in this shard types the same kind of object 'fund'; evidence_quote is the full printed line, which proves the value; B quoted the bare figure only.; Source review: p3: Oregon Growth Account (The portfolio report distinguishes investor positions from its aggregate rows.) | p3: Oregon Growth Account (Printed heading or definition supporting the source-reviewed qualifier.) | p3: Oregon Growth Account (Supersedes SR2075: the printed entity or table label is context, not a measurement basis; source labels retain its scope.)",RESOLVED,A+B+ADJUDICATOR,efccda783490f37c841b4335300e864503edab8861c88ea4aff51b0e1ff3a189
4156a7fedfc3fc78b224,SRC035,3,PAIR_A4806C06BB99AFD5728003A7,CONTEXT_CONFLICT,428,428,source_section|metric_name|evidence_quote,MERGE,"Verified against page-3 image. source_section is the exact printed section heading, 'Performance Analysis', which every page prints under the program name and above the table; the trailing '| As of December 31, 2021' is a date and is excluded. A left it blank, and on the context row used the table title instead; subject_type corrected to 'fund' on a row both lanes typed 'investment': the label names a vehicle (L.P., LLC, or a named fund) in a fund schedule carrying Vintage, Strategy and capital-account columns, and a vehicle is 'fund' while 'investment' is a holding inside one. The 'By Investment' column header names the program's relationship to these funds, not what they are, and a whole table of 'investment' is the documented sign the label was not read. Agreement between the lanes does not settle a classification, and SRC063 in this shard types the same kind of object 'fund'; metric_name is the printed column header in full, 'TVPI (X)'; B trimmed the printed qualifier; evidence_quote is the full printed line, which proves the value; B quoted the bare figure only.",RESOLVED,A+B+ADJUDICATOR,efccda783490f37c841b4335300e864503edab8861c88ea4aff51b0e1ff3a189
cb7daae23eacf588775b,SRC035,3,PAIR_5DA31A04DD7F357DCA911AE8,CONTEXT_CONFLICT,429,429,source_section|evidence_quote,MERGE,"Verified against page-3 image. source_section is the exact printed section heading, 'Performance Analysis', which every page prints under the program name and above the table; the trailing '| As of December 31, 2021' is a date and is excluded. A left it blank, and on the context row used the table title instead; subject_type corrected to 'fund' on a row both lanes typed 'investment': the label names a vehicle (L.P., LLC, or a named fund) in a fund schedule carrying Vintage, Strategy and capital-account columns, and a vehicle is 'fund' while 'investment' is a holding inside one. The 'By Investment' column header names the program's relationship to these funds, not what they are, and a whole table of 'investment' is the documented sign the label was not read. Agreement between the lanes does not settle a classification, and SRC063 in this shard types the same kind of object 'fund'; evidence_quote is the full printed line, which proves the value; B quoted the bare figure only.",RESOLVED,A+B+ADJUDICATOR,efccda783490f37c841b4335300e864503edab8861c88ea4aff51b0e1ff3a189
b92d37170dc72f6e6e63,SRC035,3,PAIR_45744C479FE59EBF568E03B2,CONTEXT_CONFLICT,430,430,source_section|evidence_quote,MERGE,"Verified against page-3 image. source_section is the exact printed section heading, 'Performance Analysis', which every page prints under the program name and above the table; the trailing '| As of December 31, 2021' is a date and is excluded. A left it blank, and on the context row used the table title instead; subject_type corrected to 'fund' on a row both lanes typed 'investment': the label names a vehicle (L.P., LLC, or a named fund) in a fund schedule carrying Vintage, Strategy and capital-account columns, and a vehicle is 'fund' while 'investment' is a holding inside one. The 'By Investment' column header names the program's relationship to these funds, not what they are, and a whole table of 'investment' is the documented sign the label was not read. Agreement between the lanes does not settle a classification, and SRC063 in this shard types the same kind of object 'fund'; evidence_quote is the full printed line, which proves the value; B quoted the bare figure only.",RESOLVED,A+B+ADJUDICATOR,efccda783490f37c841b4335300e864503edab8861c88ea4aff51b0e1ff3a189
fc869e9c51dc08e5d446,SRC035,3,PAIR_8E6BD16CF60A119A26CD8C1F,CONTEXT_CONFLICT,431,431,source_section|evidence_quote,MERGE,"Verified against page-3 image. source_section is the exact printed section heading, 'Performance Analysis', which every page prints under the program name and above the table; the trailing '| As of December 31, 2021' is a date and is excluded. A left it blank, and on the context row used the table title instead; subject_type corrected to 'fund' on a row both lanes typed 'investment': the label names a vehicle (L.P., LLC, or a named fund) in a fund schedule carrying Vintage, Strategy and capital-account columns, and a vehicle is 'fund' while 'investment' is a holding inside one. The 'By Investment' column header names the program's relationship to these funds, not what they are, and a whole table of 'investment' is the documented sign the label was not read. Agreement between the lanes does not settle a classification, and SRC063 in this shard types the same kind of object 'fund'; evidence_quote is the full printed line, which proves the value; B quoted the bare figure only.",RESOLVED,A+B+ADJUDICATOR,efccda783490f37c841b4335300e864503edab8861c88ea4aff51b0e1ff3a189
cd6d37b880c334ccc69d,SRC035,3,PAIR_FCA6A84F9B379DD9F585A8E4,CONTEXT_CONFLICT,432,432,source_section|evidence_quote,MERGE,"Verified against page-3 image. source_section is the exact printed section heading, 'Performance Analysis', which every page prints under the program name and above the table; the trailing '| As of December 31, 2021' is a date and is excluded. A left it blank, and on the context row used the table title instead; subject_type corrected to 'fund' on a row both lanes typed 'investment': the label names a vehicle (L.P., LLC, or a named fund) in a fund schedule carrying Vintage, Strategy and capital-account columns, and a vehicle is 'fund' while 'investment' is a holding inside one. The 'By Investment' column header names the program's relationship to these funds, not what they are, and a whole table of 'investment' is the documented sign the label was not read. Agreement between the lanes does not settle a classification, and SRC063 in this shard types the same kind of object 'fund'; evidence_quote is the full printed line, which proves the value; B quoted the bare figure only.",RESOLVED,A+B+ADJUDICATOR,efccda783490f37c841b4335300e864503edab8861c88ea4aff51b0e1ff3a189
4bca2a2fabbbda176c6a,SRC035,3,PAIR_AF0843DA3EA1B75344BE0608,CONTEXT_CONFLICT,433,433,source_section|metric_name|evidence_quote,MERGE,"Verified against page-3 image. source_section is the exact printed section heading, 'Performance Analysis', which every page prints under the program name and above the table; the trailing '| As of December 31, 2021' is a date and is excluded. A left it blank, and on the context row used the table title instead; subject_type corrected to 'fund' on a row both lanes typed 'investment': the label names a vehicle (L.P., LLC, or a named fund) in a fund schedule carrying Vintage, Strategy and capital-account columns, and a vehicle is 'fund' while 'investment' is a holding inside one. The 'By Investment' column header names the program's relationship to these funds, not what they are, and a whole table of 'investment' is the documented sign the label was not read. Agreement between the lanes does not settle a classification, and SRC063 in this shard types the same kind of object 'fund'; metric_name is the printed column header in full, 'IRR (%)'; B trimmed the printed qualifier; evidence_quote is the full printed line, which proves the value; B quoted the bare figure only.; Source review: p3: IRR (All report pages were reviewed; no fee-basis statement qualifies this IRR.)",RESOLVED,A+B+ADJUDICATOR,efccda783490f37c841b4335300e864503edab8861c88ea4aff51b0e1ff3a189
e28c920d010112ff5a74,SRC035,3,PAIR_646364C5DE487D3E04D138BE,CONTEXT_CONFLICT,434,434,source_section|evidence_quote,MERGE,"Verified against page-3 image. source_section is the exact printed section heading, 'Performance Analysis', which every page prints under the program name and above the table; the trailing '| As of December 31, 2021' is a date and is excluded. A left it blank, and on the context row used the table title instead; subject_type corrected to 'fund' on a row both lanes typed 'investment': the label names a vehicle (L.P., LLC, or a named fund) in a fund schedule carrying Vintage, Strategy and capital-account columns, and a vehicle is 'fund' while 'investment' is a holding inside one. The 'By Investment' column header names the program's relationship to these funds, not what they are, and a whole table of 'investment' is the documented sign the label was not read. Agreement between the lanes does not settle a classification, and SRC063 in this shard types the same kind of object 'fund'; evidence_quote is the full printed line, which proves the value; B quoted the bare figure only.; Source review: p3: Oregon Growth Account (The portfolio report distinguishes investor positions from its aggregate rows.) | p3: Oregon Growth Account (Printed heading or definition supporting the source-reviewed qualifier.) | p3: Oregon Growth Account (Supersedes SR2076: the printed entity or table label is context, not a measurement basis; source labels retain its scope.)",RESOLVED,A+B+ADJUDICATOR,efccda783490f37c841b4335300e864503edab8861c88ea4aff51b0e1ff3a189
7d465609ce5d415def47,SRC035,3,PAIR_12B6C41B24BA2DE9223A2DFB,CONTEXT_CONFLICT,435,435,source_section|metric_name|evidence_quote,MERGE,"Verified against page-3 image. source_section is the exact printed section heading, 'Performance Analysis', which every page prints under the program name and above the table; the trailing '| As of December 31, 2021' is a date and is excluded. A left it blank, and on the context row used the table title instead; subject_type corrected to 'fund' on a row both lanes typed 'investment': the label names a vehicle (L.P., LLC, or a named fund) in a fund schedule carrying Vintage, Strategy and capital-account columns, and a vehicle is 'fund' while 'investment' is a holding inside one. The 'By Investment' column header names the program's relationship to these funds, not what they are, and a whole table of 'investment' is the documented sign the label was not read. Agreement between the lanes does not settle a classification, and SRC063 in this shard types the same kind of object 'fund'; metric_name is the printed column header in full, 'TVPI (X)'; B trimmed the printed qualifier; evidence_quote is the full printed line, which proves the value; B quoted the bare figure only.",RESOLVED,A+B+ADJUDICATOR,efccda783490f37c841b4335300e864503edab8861c88ea4aff51b0e1ff3a189
6f583fd11f4dcd69c6a2,SRC035,3,PAIR_1E8166B62C56A0852EE51AD1,CONTEXT_CONFLICT,436,436,source_section|evidence_quote,MERGE,"Verified against page-3 image. source_section is the exact printed section heading, 'Performance Analysis', which every page prints under the program name and above the table; the trailing '| As of December 31, 2021' is a date and is excluded. A left it blank, and on the context row used the table title instead; subject_type corrected to 'fund' on a row both lanes typed 'investment': the label names a vehicle (L.P., LLC, or a named fund) in a fund schedule carrying Vintage, Strategy and capital-account columns, and a vehicle is 'fund' while 'investment' is a holding inside one. The 'By Investment' column header names the program's relationship to these funds, not what they are, and a whole table of 'investment' is the documented sign the label was not read. Agreement between the lanes does not settle a classification, and SRC063 in this shard types the same kind of object 'fund'; evidence_quote is the full printed line, which proves the value; B quoted the bare figure only.",RESOLVED,A+B+ADJUDICATOR,efccda783490f37c841b4335300e864503edab8861c88ea4aff51b0e1ff3a189
8b7f65201b250b6bb9b1,SRC035,3,PAIR_D2D2BC495FB3941470BFFF7A,CONTEXT_CONFLICT,437,437,source_section|evidence_quote,MERGE,"Verified against page-3 image. source_section is the exact printed section heading, 'Performance Analysis', which every page prints under the program name and above the table; the trailing '| As of December 31, 2021' is a date and is excluded. A left it blank, and on the context row used the table title instead; subject_type corrected to 'fund' on a row both lanes typed 'investment': the label names a vehicle (L.P., LLC, or a named fund) in a fund schedule carrying Vintage, Strategy and capital-account columns, and a vehicle is 'fund' while 'investment' is a holding inside one. The 'By Investment' column header names the program's relationship to these funds, not what they are, and a whole table of 'investment' is the documented sign the label was not read. Agreement between the lanes does not settle a classification, and SRC063 in this shard types the same kind of object 'fund'; evidence_quote is the full printed line, which proves the value; B quoted the bare figure only.",RESOLVED,A+B+ADJUDICATOR,efccda783490f37c841b4335300e864503edab8861c88ea4aff51b0e1ff3a189
863ee4eba20de3b0e2de,SRC035,3,PAIR_A016FFC5C37E14FF84471B9D,CONTEXT_CONFLICT,438,438,source_section|evidence_quote,MERGE,"Verified against page-3 image. source_section is the exact printed section heading, 'Performance Analysis', which every page prints under the program name and above the table; the trailing '| As of December 31, 2021' is a date and is excluded. A left it blank, and on the context row used the table title instead; subject_type corrected to 'fund' on a row both lanes typed 'investment': the label names a vehicle (L.P., LLC, or a named fund) in a fund schedule carrying Vintage, Strategy and capital-account columns, and a vehicle is 'fund' while 'investment' is a holding inside one. The 'By Investment' column header names the program's relationship to these funds, not what they are, and a whole table of 'investment' is the documented sign the label was not read. Agreement between the lanes does not settle a classification, and SRC063 in this shard types the same kind of object 'fund'; evidence_quote is the full printed line, which proves the value; B quoted the bare figure only.",RESOLVED,A+B+ADJUDICATOR,efccda783490f37c841b4335300e864503edab8861c88ea4aff51b0e1ff3a189
db66e61d67824845f06d,SRC035,3,PAIR_680D029CEF2E3E1CA9CCF822,CONTEXT_CONFLICT,439,439,source_section|evidence_quote,MERGE,"Verified against page-3 image. source_section is the exact printed section heading, 'Performance Analysis', which every page prints under the program name and above the table; the trailing '| As of December 31, 2021' is a date and is excluded. A left it blank, and on the context row used the table title instead; subject_type corrected to 'fund' on a row both lanes typed 'investment': the label names a vehicle (L.P., LLC, or a named fund) in a fund schedule carrying Vintage, Strategy and capital-account columns, and a vehicle is 'fund' while 'investment' is a holding inside one. The 'By Investment' column header names the program's relationship to these funds, not what they are, and a whole table of 'investment' is the documented sign the label was not read. Agreement between the lanes does not settle a classification, and SRC063 in this shard types the same kind of object 'fund'; evidence_quote is the full printed line, which proves the value; B quoted the bare figure only.",RESOLVED,A+B+ADJUDICATOR,efccda783490f37c841b4335300e864503edab8861c88ea4aff51b0e1ff3a189
0ef27e8a0cd7a2c178e9,SRC035,3,PAIR_D058691FE97639E35737ED41,CONTEXT_CONFLICT,440,440,source_section|evidence_quote,MERGE,"Verified against page-3 image. source_section is the exact printed section heading, 'Performance Analysis', which every page prints under the program name and above the table; the trailing '| As of December 31, 2021' is a date and is excluded. A left it blank, and on the context row used the table title instead; subject_type corrected to 'fund' on a row both lanes typed 'investment': the label names a vehicle (L.P., LLC, or a named fund) in a fund schedule carrying Vintage, Strategy and capital-account columns, and a vehicle is 'fund' while 'investment' is a holding inside one. The 'By Investment' column header names the program's relationship to these funds, not what they are, and a whole table of 'investment' is the documented sign the label was not read. Agreement between the lanes does not settle a classification, and SRC063 in this shard types the same kind of object 'fund'; evidence_quote is the full printed line, which proves the value; B quoted the bare figure only.; Source review: p3: Oregon Growth Account (The portfolio report distinguishes investor positions from its aggregate rows.) | p3: Oregon Growth Account (Printed heading or definition supporting the source-reviewed qualifier.) | p3: Oregon Growth Account (Supersedes SR2077: the printed entity or table label is context, not a measurement basis; source labels retain its scope.)",RESOLVED,A+B+ADJUDICATOR,efccda783490f37c841b4335300e864503edab8861c88ea4aff51b0e1ff3a189
9034fa226d85bed53d06,SRC035,3,PAIR_619B5040E807A3DB24E1527E,CONTEXT_CONFLICT,441,441,source_section|evidence_quote,MERGE,"Verified against page-3 image. source_section is the exact printed section heading, 'Performance Analysis', which every page prints under the program name and above the table; the trailing '| As of December 31, 2021' is a date and is excluded. A left it blank, and on the context row used the table title instead; subject_type corrected to 'fund' on a row both lanes typed 'investment': the label names a vehicle (L.P., LLC, or a named fund) in a fund schedule carrying Vintage, Strategy and capital-account columns, and a vehicle is 'fund' while 'investment' is a holding inside one. The 'By Investment' column header names the program's relationship to these funds, not what they are, and a whole table of 'investment' is the documented sign the label was not read. Agreement between the lanes does not settle a classification, and SRC063 in this shard types the same kind of object 'fund'; evidence_quote is the full printed line, which proves the value; B quoted the bare figure only.",RESOLVED,A+B+ADJUDICATOR,efccda783490f37c841b4335300e864503edab8861c88ea4aff51b0e1ff3a189
6e20bd9040a9698fe983,SRC035,3,PAIR_23D3175F60361959D6EC4F31,CONTEXT_CONFLICT,442,442,source_section|evidence_quote,MERGE,"Verified against page-3 image. source_section is the exact printed section heading, 'Performance Analysis', which every page prints under the program name and above the table; the trailing '| As of December 31, 2021' is a date and is excluded. A left it blank, and on the context row used the table title instead; subject_type corrected to 'fund' on a row both lanes typed 'investment': the label names a vehicle (L.P., LLC, or a named fund) in a fund schedule carrying Vintage, Strategy and capital-account columns, and a vehicle is 'fund' while 'investment' is a holding inside one. The 'By Investment' column header names the program's relationship to these funds, not what they are, and a whole table of 'investment' is the documented sign the label was not read. Agreement between the lanes does not settle a classification, and SRC063 in this shard types the same kind of object 'fund'; evidence_quote is the full printed line, which proves the value; B quoted the bare figure only.",RESOLVED,A+B+ADJUDICATOR,efccda783490f37c841b4335300e864503edab8861c88ea4aff51b0e1ff3a189
32c9bd6aba9dfff15c9e,SRC035,3,PAIR_84EB91E19001B0D49253F2A9,CONTEXT_CONFLICT,443,443,source_section|evidence_quote,MERGE,"Verified against page-3 image. source_section is the exact printed section heading, 'Performance Analysis', which every page prints under the program name and above the table; the trailing '| As of December 31, 2021' is a date and is excluded. A left it blank, and on the context row used the table title instead; subject_type corrected to 'fund' on a row both lanes typed 'investment': the label names a vehicle (L.P., LLC, or a named fund) in a fund schedule carrying Vintage, Strategy and capital-account columns, and a vehicle is 'fund' while 'investment' is a holding inside one. The 'By Investment' column header names the program's relationship to these funds, not what they are, and a whole table of 'investment' is the documented sign the label was not read. Agreement between the lanes does not settle a classification, and SRC063 in this shard types the same kind of object 'fund'; evidence_quote is the full printed line, which proves the value; B quoted the bare figure only.",RESOLVED,A+B+ADJUDICATOR,efccda783490f37c841b4335300e864503edab8861c88ea4aff51b0e1ff3a189
88643efefb48e9c1b528,SRC035,3,PAIR_3FD5A9F5512232512A66EB67,CONTEXT_CONFLICT,444,444,source_section|evidence_quote,MERGE,"Verified against page-3 image. source_section is the exact printed section heading, 'Performance Analysis', which every page prints under the program name and above the table; the trailing '| As of December 31, 2021' is a date and is excluded. A left it blank, and on the context row used the table title instead; subject_type corrected to 'fund' on a row both lanes typed 'investment': the label names a vehicle (L.P., LLC, or a named fund) in a fund schedule carrying Vintage, Strategy and capital-account columns, and a vehicle is 'fund' while 'investment' is a holding inside one. The 'By Investment' column header names the program's relationship to these funds, not what they are, and a whole table of 'investment' is the documented sign the label was not read. Agreement between the lanes does not settle a classification, and SRC063 in this shard types the same kind of object 'fund'; evidence_quote is the full printed line, which proves the value; B quoted the bare figure only.",RESOLVED,A+B+ADJUDICATOR,efccda783490f37c841b4335300e864503edab8861c88ea4aff51b0e1ff3a189
fc35f32152412a68c889,SRC035,3,PAIR_B062B549C09030EC759656B5,CONTEXT_CONFLICT,445,445,source_section|evidence_quote,MERGE,"Verified against page-3 image. source_section is the exact printed section heading, 'Performance Analysis', which every page prints under the program name and above the table; the trailing '| As of December 31, 2021' is a date and is excluded. A left it blank, and on the context row used the table title instead; subject_type corrected to 'fund' on a row both lanes typed 'investment': the label names a vehicle (L.P., LLC, or a named fund) in a fund schedule carrying Vintage, Strategy and capital-account columns, and a vehicle is 'fund' while 'investment' is a holding inside one. The 'By Investment' column header names the program's relationship to these funds, not what they are, and a whole table of 'investment' is the documented sign the label was not read. Agreement between the lanes does not settle a classification, and SRC063 in this shard types the same kind of object 'fund'; evidence_quote is the full printed line, which proves the value; B quoted the bare figure only.; Source review: p3: Oregon Growth Account (The portfolio report distinguishes investor positions from its aggregate rows.) | p3: Oregon Growth Account (Printed heading or definition supporting the source-reviewed qualifier.) | p3: Oregon Growth Account (Supersedes SR2078: the printed entity or table label is context, not a measurement basis; source labels retain its scope.)",RESOLVED,A+B+ADJUDICATOR,efccda783490f37c841b4335300e864503edab8861c88ea4aff51b0e1ff3a189
9125a7cb743eefb6ba3b,SRC035,3,PAIR_08085A65D66D5FAB515FD754,CONTEXT_CONFLICT,446,446,source_section|evidence_quote,MERGE,"Verified against page-3 image. source_section is the exact printed section heading, 'Performance Analysis', which every page prints under the program name and above the table; the trailing '| As of December 31, 2021' is a date and is excluded. A left it blank, and on the context row used the table title instead; subject_type corrected to 'fund' on a row both lanes typed 'investment': the label names a vehicle (L.P., LLC, or a named fund) in a fund schedule carrying Vintage, Strategy and capital-account columns, and a vehicle is 'fund' while 'investment' is a holding inside one. The 'By Investment' column header names the program's relationship to these funds, not what they are, and a whole table of 'investment' is the documented sign the label was not read. Agreement between the lanes does not settle a classification, and SRC063 in this shard types the same kind of object 'fund'; evidence_quote is the full printed line, which proves the value; B quoted the bare figure only.",RESOLVED,A+B+ADJUDICATOR,efccda783490f37c841b4335300e864503edab8861c88ea4aff51b0e1ff3a189
580a4a165228faba4aef,SRC035,3,PAIR_BF04D05DE3059C691D2A1083,CONTEXT_CONFLICT,447,447,source_section|evidence_quote,MERGE,"Verified against page-3 image. source_section is the exact printed section heading, 'Performance Analysis', which every page prints under the program name and above the table; the trailing '| As of December 31, 2021' is a date and is excluded. A left it blank, and on the context row used the table title instead; subject_type corrected to 'fund' on a row both lanes typed 'investment': the label names a vehicle (L.P., LLC, or a named fund) in a fund schedule carrying Vintage, Strategy and capital-account columns, and a vehicle is 'fund' while 'investment' is a holding inside one. The 'By Investment' column header names the program's relationship to these funds, not what they are, and a whole table of 'investment' is the documented sign the label was not read. Agreement between the lanes does not settle a classification, and SRC063 in this shard types the same kind of object 'fund'; evidence_quote is the full printed line, which proves the value; B quoted the bare figure only.",RESOLVED,A+B+ADJUDICATOR,efccda783490f37c841b4335300e864503edab8861c88ea4aff51b0e1ff3a189
b7e86024b42334492207,SRC035,3,PAIR_36102FBE69743B044618508A,CONTEXT_CONFLICT,448,448,source_section|evidence_quote,MERGE,"Verified against page-3 image. source_section is the exact printed section heading, 'Performance Analysis', which every page prints under the program name and above the table; the trailing '| As of December 31, 2021' is a date and is excluded. A left it blank, and on the context row used the table title instead; subject_type corrected to 'fund' on a row both lanes typed 'investment': the label names a vehicle (L.P., LLC, or a named fund) in a fund schedule carrying Vintage, Strategy and capital-account columns, and a vehicle is 'fund' while 'investment' is a holding inside one. The 'By Investment' column header names the program's relationship to these funds, not what they are, and a whole table of 'investment' is the documented sign the label was not read. Agreement between the lanes does not settle a classification, and SRC063 in this shard types the same kind of object 'fund'; evidence_quote is the full printed line, which proves the value; B quoted the bare figure only.",RESOLVED,A+B+ADJUDICATOR,efccda783490f37c841b4335300e864503edab8861c88ea4aff51b0e1ff3a189
804fe3cb8274039a1ba3,SRC035,3,PAIR_E44BABA6F59D68DCC4D8FB8B,CONTEXT_CONFLICT,449,449,source_section|evidence_quote,MERGE,"Verified against page-3 image. source_section is the exact printed section heading, 'Performance Analysis', which every page prints under the program name and above the table; the trailing '| As of December 31, 2021' is a date and is excluded. A left it blank, and on the context row used the table title instead; subject_type corrected to 'fund' on a row both lanes typed 'investment': the label names a vehicle (L.P., LLC, or a named fund) in a fund schedule carrying Vintage, Strategy and capital-account columns, and a vehicle is 'fund' while 'investment' is a holding inside one. The 'By Investment' column header names the program's relationship to these funds, not what they are, and a whole table of 'investment' is the documented sign the label was not read. Agreement between the lanes does not settle a classification, and SRC063 in this shard types the same kind of object 'fund'; evidence_quote is the full printed line, which proves the value; B quoted the bare figure only.",RESOLVED,A+B+ADJUDICATOR,efccda783490f37c841b4335300e864503edab8861c88ea4aff51b0e1ff3a189
7eab2e7630dae7ac8b04,SRC035,3,PAIR_72C74E72B5080B86DEE517DA,CONTEXT_CONFLICT,450,450,source_section|evidence_quote,MERGE,"Verified against page-3 image. source_section is the exact printed section heading, 'Performance Analysis', which every page prints under the program name and above the table; the trailing '| As of December 31, 2021' is a date and is excluded. A left it blank, and on the context row used the table title instead; subject_type corrected to 'fund' on a row both lanes typed 'investment': the label names a vehicle (L.P., LLC, or a named fund) in a fund schedule carrying Vintage, Strategy and capital-account columns, and a vehicle is 'fund' while 'investment' is a holding inside one. The 'By Investment' column header names the program's relationship to these funds, not what they are, and a whole table of 'investment' is the documented sign the label was not read. Agreement between the lanes does not settle a classification, and SRC063 in this shard types the same kind of object 'fund'; evidence_quote is the full printed line, which proves the value; B quoted the bare figure only.; Source review: p3: Oregon Growth Account (The portfolio report distinguishes investor positions from its aggregate rows.) | p3: Oregon Growth Account (Printed heading or definition supporting the source-reviewed qualifier.) | p3: Oregon Growth Account (Supersedes SR2079: the printed entity or table label is context, not a measurement basis; source labels retain its scope.)",RESOLVED,A+B+ADJUDICATOR,efccda783490f37c841b4335300e864503edab8861c88ea4aff51b0e1ff3a189
cd2d665282f6634b2feb,SRC035,3,PAIR_2EA1405CAE77E0C383710F0F,CONTEXT_CONFLICT,451,451,source_section|evidence_quote,MERGE,"Verified against page-3 image. source_section is the exact printed section heading, 'Performance Analysis', which every page prints under the program name and above the table; the trailing '| As of December 31, 2021' is a date and is excluded. A left it blank, and on the context row used the table title instead; subject_type corrected to 'fund' on a row both lanes typed 'investment': the label names a vehicle (L.P., LLC, or a named fund) in a fund schedule carrying Vintage, Strategy and capital-account columns, and a vehicle is 'fund' while 'investment' is a holding inside one. The 'By Investment' column header names the program's relationship to these funds, not what they are, and a whole table of 'investment' is the documented sign the label was not read. Agreement between the lanes does not settle a classification, and SRC063 in this shard types the same kind of object 'fund'; evidence_quote is the full printed line, which proves the value; B quoted the bare figure only.",RESOLVED,A+B+ADJUDICATOR,efccda783490f37c841b4335300e864503edab8861c88ea4aff51b0e1ff3a189
0a536e0ee601cb579093,SRC035,3,PAIR_9DC1B08D7CFDC53D18A05DCB,CLASSIFICATION_CONFLICT,452,452,source_section|subject_name|evidence_quote,MERGE,"Verified against page-3 image. source_section is the exact printed section heading, 'Performance Analysis', which every page prints under the program name and above the table; the trailing '| As of December 31, 2021' is a date and is excluded. A left it blank, and on the context row used the table title instead; subject_name is the printed row label, 'Total'; B substituted the page header, which names the program and not this row; evidence_quote is the full printed line, which proves the value; B quoted the bare figure only.",RESOLVED,A+B+ADJUDICATOR,efccda783490f37c841b4335300e864503edab8861c88ea4aff51b0e1ff3a189
e3486150e27a5a8ba226,SRC035,3,PAIR_FD1C35DBB0AC31E55C705488,CLASSIFICATION_CONFLICT,453,453,source_section|subject_name|evidence_quote,MERGE,"Verified against page-3 image. source_section is the exact printed section heading, 'Performance Analysis', which every page prints under the program name and above the table; the trailing '| As of December 31, 2021' is a date and is excluded. A left it blank, and on the context row used the table title instead; subject_name is the printed row label, 'Total'; B substituted the page header, which names the program and not this row; evidence_quote is the full printed line, which proves the value; B quoted the bare figure only.",RESOLVED,A+B+ADJUDICATOR,efccda783490f37c841b4335300e864503edab8861c88ea4aff51b0e1ff3a189
b1f81dcb955f1ba556c2,SRC035,3,PAIR_177B1D018CAF51D38FFC9606,CLASSIFICATION_CONFLICT,454,454,source_section|subject_name|evidence_quote,MERGE,"Verified against page-3 image. source_section is the exact printed section heading, 'Performance Analysis', which every page prints under the program name and above the table; the trailing '| As of December 31, 2021' is a date and is excluded. A left it blank, and on the context row used the table title instead; subject_name is the printed row label, 'Total'; B substituted the page header, which names the program and not this row; evidence_quote is the full printed line, which proves the value; B quoted the bare figure only.",RESOLVED,A+B+ADJUDICATOR,efccda783490f37c841b4335300e864503edab8861c88ea4aff51b0e1ff3a189
69b9d3f69e76d2bb7cf0,SRC035,3,PAIR_DC01E81EA11E00BA8DFA17E9,CLASSIFICATION_CONFLICT,455,455,source_section|subject_name|metric_name|evidence_quote,MERGE,"Verified against page-3 image. source_section is the exact printed section heading, 'Performance Analysis', which every page prints under the program name and above the table; the trailing '| As of December 31, 2021' is a date and is excluded. A left it blank, and on the context row used the table title instead; metric_name is the printed column header in full, 'IRR (%)'; B trimmed the printed qualifier; subject_name is the printed row label, 'Total'; B substituted the page header, which names the program and not this row; evidence_quote is the full printed line, which proves the value; B quoted the bare figure only.; Source review: p3: IRR (All report pages were reviewed; no fee-basis statement qualifies this IRR.)",RESOLVED,A+B+ADJUDICATOR,efccda783490f37c841b4335300e864503edab8861c88ea4aff51b0e1ff3a189
c5877aaa2b7f3c3144fa,SRC035,3,PAIR_FE9A49AA1B44C797222CF24D,CLASSIFICATION_CONFLICT,456,456,source_section|subject_name|evidence_quote,MERGE,"Verified against page-3 image. source_section is the exact printed section heading, 'Performance Analysis', which every page prints under the program name and above the table; the trailing '| As of December 31, 2021' is a date and is excluded. A left it blank, and on the context row used the table title instead; subject_name is the printed row label, 'Total'; B substituted the page header, which names the program and not this row; evidence_quote is the full printed line, which proves the value; B quoted the bare figure only.; Source review: p3: Oregon Growth Account (The portfolio report distinguishes investor positions from its aggregate rows.) | p3: Oregon Growth Account (Printed heading or definition supporting the source-reviewed qualifier.) | p3: Oregon Growth Account (Supersedes SR2080: the printed entity or table label is context, not a measurement basis; source labels retain its scope.)",RESOLVED,A+B+ADJUDICATOR,efccda783490f37c841b4335300e864503edab8861c88ea4aff51b0e1ff3a189
65f0b0f6440fcbb1a59c,SRC035,3,PAIR_D58164298C745A85F79BC758,CLASSIFICATION_CONFLICT,457,457,source_section|subject_name|metric_name|evidence_quote,MERGE,"Verified against page-3 image. source_section is the exact printed section heading, 'Performance Analysis', which every page prints under the program name and above the table; the trailing '| As of December 31, 2021' is a date and is excluded. A left it blank, and on the context row used the table title instead; metric_name is the printed column header in full, 'TVPI (X)'; B trimmed the printed qualifier; subject_name is the printed row label, 'Total'; B substituted the page header, which names the program and not this row; evidence_quote is the full printed line, which proves the value; B quoted the bare figure only.",RESOLVED,A+B+ADJUDICATOR,efccda783490f37c841b4335300e864503edab8861c88ea4aff51b0e1ff3a189
c169dd1c1dc28d08fdbc,SRC035,3,PAIR_474362A65D94EB7CDD507E10,CLASSIFICATION_CONFLICT,458,458,source_section|subject_name|evidence_quote,MERGE,"Verified against page-3 image. source_section is the exact printed section heading, 'Performance Analysis', which every page prints under the program name and above the table; the trailing '| As of December 31, 2021' is a date and is excluded. A left it blank, and on the context row used the table title instead; subject_name is the printed row label, 'Total'; B substituted the page header, which names the program and not this row; evidence_quote is the full printed line, which proves the value; B quoted the bare figure only.",RESOLVED,A+B+ADJUDICATOR,efccda783490f37c841b4335300e864503edab8861c88ea4aff51b0e1ff3a189
f85a6d408f2dd7271729,SRC035,3,PAIR_5FEC53BBA81CDE7F0867B00A,CONTEXT_CONFLICT,459,459,source_section|evidence_quote,MERGE,"Verified against page-3 image. source_section is the exact printed section heading, 'Performance Analysis', which every page prints under the program name and above the table; the trailing '| As of December 31, 2021' is a date and is excluded. A left it blank, and on the context row used the table title instead; subject_type corrected to 'fund' on a row both lanes typed 'investment': the label names a vehicle (L.P., LLC, or a named fund) in a fund schedule carrying Vintage, Strategy and capital-account columns, and a vehicle is 'fund' while 'investment' is a holding inside one. The 'By Investment' column header names the program's relationship to these funds, not what they are, and a whole table of 'investment' is the documented sign the label was not read. Agreement between the lanes does not settle a classification, and SRC063 in this shard types the same kind of object 'fund'; evidence_quote is the full printed line, which proves the value; B quoted the bare figure only.",RESOLVED,A+B+ADJUDICATOR,efccda783490f37c841b4335300e864503edab8861c88ea4aff51b0e1ff3a189
64b8bd96c87cb4470db9,SRC035,3,PAIR_553CAF433DB002EDDAAEAAF8,CONTEXT_CONFLICT,460,460,source_section|evidence_quote,MERGE,"Verified against page-3 image. source_section is the exact printed section heading, 'Performance Analysis', which every page prints under the program name and above the table; the trailing '| As of December 31, 2021' is a date and is excluded. A left it blank, and on the context row used the table title instead; subject_type corrected to 'fund' on a row both lanes typed 'investment': the label names a vehicle (L.P., LLC, or a named fund) in a fund schedule carrying Vintage, Strategy and capital-account columns, and a vehicle is 'fund' while 'investment' is a holding inside one. The 'By Investment' column header names the program's relationship to these funds, not what they are, and a whole table of 'investment' is the documented sign the label was not read. Agreement between the lanes does not settle a classification, and SRC063 in this shard types the same kind of object 'fund'; evidence_quote is the full printed line, which proves the value; B quoted the bare figure only.",RESOLVED,A+B+ADJUDICATOR,efccda783490f37c841b4335300e864503edab8861c88ea4aff51b0e1ff3a189
5ea5035b25be7649352d,SRC035,3,PAIR_0328FBFE6EF24E3378C2B222,CONTEXT_CONFLICT,461,461,source_section|evidence_quote,MERGE,"Verified against page-3 image. source_section is the exact printed section heading, 'Performance Analysis', which every page prints under the program name and above the table; the trailing '| As of December 31, 2021' is a date and is excluded. A left it blank, and on the context row used the table title instead; subject_type corrected to 'fund' on a row both lanes typed 'investment': the label names a vehicle (L.P., LLC, or a named fund) in a fund schedule carrying Vintage, Strategy and capital-account columns, and a vehicle is 'fund' while 'investment' is a holding inside one. The 'By Investment' column header names the program's relationship to these funds, not what they are, and a whole table of 'investment' is the documented sign the label was not read. Agreement between the lanes does not settle a classification, and SRC063 in this shard types the same kind of object 'fund'; evidence_quote is the full printed line, which proves the value; B quoted the bare figure only.",RESOLVED,A+B+ADJUDICATOR,efccda783490f37c841b4335300e864503edab8861c88ea4aff51b0e1ff3a189
1a6034d11eb46597c59c,SRC035,3,PAIR_086426D2CDE4F7B232C97B8C,CONTEXT_CONFLICT,462,462,source_section|evidence_quote,MERGE,"Verified against page-3 image. source_section is the exact printed section heading, 'Performance Analysis', which every page prints under the program name and above the table; the trailing '| As of December 31, 2021' is a date and is excluded. A left it blank, and on the context row used the table title instead; subject_type corrected to 'fund' on a row both lanes typed 'investment': the label names a vehicle (L.P., LLC, or a named fund) in a fund schedule carrying Vintage, Strategy and capital-account columns, and a vehicle is 'fund' while 'investment' is a holding inside one. The 'By Investment' column header names the program's relationship to these funds, not what they are, and a whole table of 'investment' is the documented sign the label was not read. Agreement between the lanes does not settle a classification, and SRC063 in this shard types the same kind of object 'fund'; evidence_quote is the full printed line, which proves the value; B quoted the bare figure only.; Source review: p3: Oregon Growth Account (The portfolio report distinguishes investor positions from its aggregate rows.) | p3: Oregon Growth Account (Printed heading or definition supporting the source-reviewed qualifier.) | p3: Oregon Growth Account (Supersedes SR2081: the printed entity or table label is context, not a measurement basis; source labels retain its scope.)",RESOLVED,A+B+ADJUDICATOR,efccda783490f37c841b4335300e864503edab8861c88ea4aff51b0e1ff3a189
ad737bd534185913b882,SRC035,3,PAIR_9E3E0145ABAD3168AB0ED305,CONTEXT_CONFLICT,463,463,source_section|evidence_quote,MERGE,"Verified against page-3 image. source_section is the exact printed section heading, 'Performance Analysis', which every page prints under the program name and above the table; the trailing '| As of December 31, 2021' is a date and is excluded. A left it blank, and on the context row used the table title instead; subject_type corrected to 'fund' on a row both lanes typed 'investment': the label names a vehicle (L.P., LLC, or a named fund) in a fund schedule carrying Vintage, Strategy and capital-account columns, and a vehicle is 'fund' while 'investment' is a holding inside one. The 'By Investment' column header names the program's relationship to these funds, not what they are, and a whole table of 'investment' is the documented sign the label was not read. Agreement between the lanes does not settle a classification, and SRC063 in this shard types the same kind of object 'fund'; evidence_quote is the full printed line, which proves the value; B quoted the bare figure only.",RESOLVED,A+B+ADJUDICATOR,efccda783490f37c841b4335300e864503edab8861c88ea4aff51b0e1ff3a189
dfd0ce8b47773c4f0c7d,SRC035,3,PAIR_D879D508AD87C1E8524F382F,CONTEXT_CONFLICT,464,464,source_section|evidence_quote,MERGE,"Verified against page-3 image. source_section is the exact printed section heading, 'Performance Analysis', which every page prints under the program name and above the table; the trailing '| As of December 31, 2021' is a date and is excluded. A left it blank, and on the context row used the table title instead; subject_type corrected to 'fund' on a row both lanes typed 'investment': the label names a vehicle (L.P., LLC, or a named fund) in a fund schedule carrying Vintage, Strategy and capital-account columns, and a vehicle is 'fund' while 'investment' is a holding inside one. The 'By Investment' column header names the program's relationship to these funds, not what they are, and a whole table of 'investment' is the documented sign the label was not read. Agreement between the lanes does not settle a classification, and SRC063 in this shard types the same kind of object 'fund'; evidence_quote is the full printed line, which proves the value; B quoted the bare figure only.",RESOLVED,A+B+ADJUDICATOR,efccda783490f37c841b4335300e864503edab8861c88ea4aff51b0e1ff3a189
d86f664eeede2114d3c1,SRC035,3,PAIR_73CC490B3E7A4B6D2A6555BF,CONTEXT_CONFLICT,465,465,source_section|evidence_quote,MERGE,"Verified against page-3 image. source_section is the exact printed section heading, 'Performance Analysis', which every page prints under the program name and above the table; the trailing '| As of December 31, 2021' is a date and is excluded. A left it blank, and on the context row used the table title instead; subject_type corrected to 'fund' on a row both lanes typed 'investment': the label names a vehicle (L.P., LLC, or a named fund) in a fund schedule carrying Vintage, Strategy and capital-account columns, and a vehicle is 'fund' while 'investment' is a holding inside one. The 'By Investment' column header names the program's relationship to these funds, not what they are, and a whole table of 'investment' is the documented sign the label was not read. Agreement between the lanes does not settle a classification, and SRC063 in this shard types the same kind of object 'fund'; evidence_quote is the full printed line, which proves the value; B quoted the bare figure only.",RESOLVED,A+B+ADJUDICATOR,efccda783490f37c841b4335300e864503edab8861c88ea4aff51b0e1ff3a189
afd8fb67e20e06f5e761,SRC035,3,PAIR_27B53D5973BAA6B3A9E14A6F,CONTEXT_CONFLICT,466,466,source_section|evidence_quote,MERGE,"Verified against page-3 image. source_section is the exact printed section heading, 'Performance Analysis', which every page prints under the program name and above the table; the trailing '| As of December 31, 2021' is a date and is excluded. A left it blank, and on the context row used the table title instead; subject_type corrected to 'fund' on a row both lanes typed 'investment': the label names a vehicle (L.P., LLC, or a named fund) in a fund schedule carrying Vintage, Strategy and capital-account columns, and a vehicle is 'fund' while 'investment' is a holding inside one. The 'By Investment' column header names the program's relationship to these funds, not what they are, and a whole table of 'investment' is the documented sign the label was not read. Agreement between the lanes does not settle a classification, and SRC063 in this shard types the same kind of object 'fund'; evidence_quote is the full printed line, which proves the value; B quoted the bare figure only.",RESOLVED,A+B+ADJUDICATOR,efccda783490f37c841b4335300e864503edab8861c88ea4aff51b0e1ff3a189
a940769b659dd3ec5a64,SRC035,3,PAIR_35A13BEF223745345BFF6DA8,CONTEXT_CONFLICT,467,467,source_section|evidence_quote,MERGE,"Verified against page-3 image. source_section is the exact printed section heading, 'Performance Analysis', which every page prints under the program name and above the table; the trailing '| As of December 31, 2021' is a date and is excluded. A left it blank, and on the context row used the table title instead; subject_type corrected to 'fund' on a row both lanes typed 'investment': the label names a vehicle (L.P., LLC, or a named fund) in a fund schedule carrying Vintage, Strategy and capital-account columns, and a vehicle is 'fund' while 'investment' is a holding inside one. The 'By Investment' column header names the program's relationship to these funds, not what they are, and a whole table of 'investment' is the documented sign the label was not read. Agreement between the lanes does not settle a classification, and SRC063 in this shard types the same kind of object 'fund'; evidence_quote is the full printed line, which proves the value; B quoted the bare figure only.; Source review: p3: Oregon Growth Account (The portfolio report distinguishes investor positions from its aggregate rows.) | p3: Oregon Growth Account (Printed heading or definition supporting the source-reviewed qualifier.) | p3: Oregon Growth Account (Supersedes SR2082: the printed entity or table label is context, not a measurement basis; source labels retain its scope.)",RESOLVED,A+B+ADJUDICATOR,efccda783490f37c841b4335300e864503edab8861c88ea4aff51b0e1ff3a189
33c60f1ceb85f54b5e71,SRC035,3,PAIR_CA5748A3115452D10D5E1583,CONTEXT_CONFLICT,468,468,source_section|evidence_quote,MERGE,"Verified against page-3 image. source_section is the exact printed section heading, 'Performance Analysis', which every page prints under the program name and above the table; the trailing '| As of December 31, 2021' is a date and is excluded. A left it blank, and on the context row used the table title instead; subject_type corrected to 'fund' on a row both lanes typed 'investment': the label names a vehicle (L.P., LLC, or a named fund) in a fund schedule carrying Vintage, Strategy and capital-account columns, and a vehicle is 'fund' while 'investment' is a holding inside one. The 'By Investment' column header names the program's relationship to these funds, not what they are, and a whole table of 'investment' is the documented sign the label was not read. Agreement between the lanes does not settle a classification, and SRC063 in this shard types the same kind of object 'fund'; evidence_quote is the full printed line, which proves the value; B quoted the bare figure only.",RESOLVED,A+B+ADJUDICATOR,efccda783490f37c841b4335300e864503edab8861c88ea4aff51b0e1ff3a189
ddfa8708ae9f1a4f69b9,SRC035,3,PAIR_07EAFE34ACC6C363B664BEB2,CONTEXT_CONFLICT,469,469,source_section|evidence_quote,MERGE,"Verified against page-3 image. source_section is the exact printed section heading, 'Performance Analysis', which every page prints under the program name and above the table; the trailing '| As of December 31, 2021' is a date and is excluded. A left it blank, and on the context row used the table title instead; subject_type corrected to 'fund' on a row both lanes typed 'investment': the label names a vehicle (L.P., LLC, or a named fund) in a fund schedule carrying Vintage, Strategy and capital-account columns, and a vehicle is 'fund' while 'investment' is a holding inside one. The 'By Investment' column header names the program's relationship to these funds, not what they are, and a whole table of 'investment' is the documented sign the label was not read. Agreement between the lanes does not settle a classification, and SRC063 in this shard types the same kind of object 'fund'; evidence_quote is the full printed line, which proves the value; B quoted the bare figure only.",RESOLVED,A+B+ADJUDICATOR,efccda783490f37c841b4335300e864503edab8861c88ea4aff51b0e1ff3a189
92154fd65b0856fa8108,SRC035,3,PAIR_D02BC5C76ED1BEFE330FDEC9,CONTEXT_CONFLICT,470,470,source_section|evidence_quote,MERGE,"Verified against page-3 image. source_section is the exact printed section heading, 'Performance Analysis', which every page prints under the program name and above the table; the trailing '| As of December 31, 2021' is a date and is excluded. A left it blank, and on the context row used the table title instead; subject_type corrected to 'fund' on a row both lanes typed 'investment': the label names a vehicle (L.P., LLC, or a named fund) in a fund schedule carrying Vintage, Strategy and capital-account columns, and a vehicle is 'fund' while 'investment' is a holding inside one. The 'By Investment' column header names the program's relationship to these funds, not what they are, and a whole table of 'investment' is the documented sign the label was not read. Agreement between the lanes does not settle a classification, and SRC063 in this shard types the same kind of object 'fund'; evidence_quote is the full printed line, which proves the value; B quoted the bare figure only.",RESOLVED,A+B+ADJUDICATOR,efccda783490f37c841b4335300e864503edab8861c88ea4aff51b0e1ff3a189
2129b387029ebab01d9c,SRC035,3,PAIR_CF051CBEDD7FA9A2FD7E6AD7,CONTEXT_CONFLICT,471,471,source_section|evidence_quote,MERGE,"Verified against page-3 image. source_section is the exact printed section heading, 'Performance Analysis', which every page prints under the program name and above the table; the trailing '| As of December 31, 2021' is a date and is excluded. A left it blank, and on the context row used the table title instead; subject_type corrected to 'fund' on a row both lanes typed 'investment': the label names a vehicle (L.P., LLC, or a named fund) in a fund schedule carrying Vintage, Strategy and capital-account columns, and a vehicle is 'fund' while 'investment' is a holding inside one. The 'By Investment' column header names the program's relationship to these funds, not what they are, and a whole table of 'investment' is the documented sign the label was not read. Agreement between the lanes does not settle a classification, and SRC063 in this shard types the same kind of object 'fund'; evidence_quote is the full printed line, which proves the value; B quoted the bare figure only.",RESOLVED,A+B+ADJUDICATOR,efccda783490f37c841b4335300e864503edab8861c88ea4aff51b0e1ff3a189
c1455636fca3ffb90b6c,SRC035,3,PAIR_92810AD00E1E4EDF360B9670,CONTEXT_CONFLICT,472,472,source_section|evidence_quote,MERGE,"Verified against page-3 image. source_section is the exact printed section heading, 'Performance Analysis', which every page prints under the program name and above the table; the trailing '| As of December 31, 2021' is a date and is excluded. A left it blank, and on the context row used the table title instead; subject_type corrected to 'fund' on a row both lanes typed 'investment': the label names a vehicle (L.P., LLC, or a named fund) in a fund schedule carrying Vintage, Strategy and capital-account columns, and a vehicle is 'fund' while 'investment' is a holding inside one. The 'By Investment' column header names the program's relationship to these funds, not what they are, and a whole table of 'investment' is the documented sign the label was not read. Agreement between the lanes does not settle a classification, and SRC063 in this shard types the same kind of object 'fund'; evidence_quote is the full printed line, which proves the value; B quoted the bare figure only.; Source review: p3: Oregon Growth Account (The portfolio report distinguishes investor positions from its aggregate rows.) | p3: Oregon Growth Account (Printed heading or definition supporting the source-reviewed qualifier.) | p3: Oregon Growth Account (Supersedes SR2083: the printed entity or table label is context, not a measurement basis; source labels retain its scope.)",RESOLVED,A+B+ADJUDICATOR,efccda783490f37c841b4335300e864503edab8861c88ea4aff51b0e1ff3a189
98af0715ddd7be5541ad,SRC035,3,PAIR_F0B6E2A0AC13FE71973CCB44,CONTEXT_CONFLICT,473,473,source_section|evidence_quote,MERGE,"Verified against page-3 image. source_section is the exact printed section heading, 'Performance Analysis', which every page prints under the program name and above the table; the trailing '| As of December 31, 2021' is a date and is excluded. A left it blank, and on the context row used the table title instead; subject_type corrected to 'fund' on a row both lanes typed 'investment': the label names a vehicle (L.P., LLC, or a named fund) in a fund schedule carrying Vintage, Strategy and capital-account columns, and a vehicle is 'fund' while 'investment' is a holding inside one. The 'By Investment' column header names the program's relationship to these funds, not what they are, and a whole table of 'investment' is the documented sign the label was not read. Agreement between the lanes does not settle a classification, and SRC063 in this shard types the same kind of object 'fund'; evidence_quote is the full printed line, which proves the value; B quoted the bare figure only.",RESOLVED,A+B+ADJUDICATOR,efccda783490f37c841b4335300e864503edab8861c88ea4aff51b0e1ff3a189
40a9e3cfdbec7461f2f8,SRC035,3,PAIR_BEA6B594906034A7CEC7818A,CONTEXT_CONFLICT,474,474,source_section|evidence_quote,MERGE,"Verified against page-3 image. source_section is the exact printed section heading, 'Performance Analysis', which every page prints under the program name and above the table; the trailing '| As of December 31, 2021' is a date and is excluded. A left it blank, and on the context row used the table title instead; subject_type corrected to 'fund' on a row both lanes typed 'investment': the label names a vehicle (L.P., LLC, or a named fund) in a fund schedule carrying Vintage, Strategy and capital-account columns, and a vehicle is 'fund' while 'investment' is a holding inside one. The 'By Investment' column header names the program's relationship to these funds, not what they are, and a whole table of 'investment' is the documented sign the label was not read. Agreement between the lanes does not settle a classification, and SRC063 in this shard types the same kind of object 'fund'; evidence_quote is the full printed line, which proves the value; B quoted the bare figure only.",RESOLVED,A+B+ADJUDICATOR,efccda783490f37c841b4335300e864503edab8861c88ea4aff51b0e1ff3a189
8f46377e16f2fa551cd7,SRC035,3,PAIR_D35D978CC45F5CB4F4977EFB,CONTEXT_CONFLICT,475,475,source_section|evidence_quote,MERGE,"Verified against page-3 image. source_section is the exact printed section heading, 'Performance Analysis', which every page prints under the program name and above the table; the trailing '| As of December 31, 2021' is a date and is excluded. A left it blank, and on the context row used the table title instead; subject_type corrected to 'fund' on a row both lanes typed 'investment': the label names a vehicle (L.P., LLC, or a named fund) in a fund schedule carrying Vintage, Strategy and capital-account columns, and a vehicle is 'fund' while 'investment' is a holding inside one. The 'By Investment' column header names the program's relationship to these funds, not what they are, and a whole table of 'investment' is the documented sign the label was not read. Agreement between the lanes does not settle a classification, and SRC063 in this shard types the same kind of object 'fund'; evidence_quote is the full printed line, which proves the value; B quoted the bare figure only.",RESOLVED,A+B+ADJUDICATOR,efccda783490f37c841b4335300e864503edab8861c88ea4aff51b0e1ff3a189
3a3f096305c8e0f164ed,SRC035,3,PAIR_8BCA04E1873601C0170D1B79,CONTEXT_CONFLICT,476,476,source_section|evidence_quote,MERGE,"Verified against page-3 image. source_section is the exact printed section heading, 'Performance Analysis', which every page prints under the program name and above the table; the trailing '| As of December 31, 2021' is a date and is excluded. A left it blank, and on the context row used the table title instead; subject_type corrected to 'fund' on a row both lanes typed 'investment': the label names a vehicle (L.P., LLC, or a named fund) in a fund schedule carrying Vintage, Strategy and capital-account columns, and a vehicle is 'fund' while 'investment' is a holding inside one. The 'By Investment' column header names the program's relationship to these funds, not what they are, and a whole table of 'investment' is the documented sign the label was not read. Agreement between the lanes does not settle a classification, and SRC063 in this shard types the same kind of object 'fund'; evidence_quote is the full printed line, which proves the value; B quoted the bare figure only.",RESOLVED,A+B+ADJUDICATOR,efccda783490f37c841b4335300e864503edab8861c88ea4aff51b0e1ff3a189
e534ea74e2a7ea93bece,SRC035,3,PAIR_22FD69826C2A0C47E09DCF59,CONTEXT_CONFLICT,477,477,source_section|metric_name|evidence_quote,MERGE,"Verified against page-3 image. source_section is the exact printed section heading, 'Performance Analysis', which every page prints under the program name and above the table; the trailing '| As of December 31, 2021' is a date and is excluded. A left it blank, and on the context row used the table title instead; subject_type corrected to 'fund' on a row both lanes typed 'investment': the label names a vehicle (L.P., LLC, or a named fund) in a fund schedule carrying Vintage, Strategy and capital-account columns, and a vehicle is 'fund' while 'investment' is a holding inside one. The 'By Investment' column header names the program's relationship to these funds, not what they are, and a whole table of 'investment' is the documented sign the label was not read. Agreement between the lanes does not settle a classification, and SRC063 in this shard types the same kind of object 'fund'; metric_name is the printed column header in full, 'IRR (%)'; B trimmed the printed qualifier; evidence_quote is the full printed line, which proves the value; B quoted the bare figure only.; Source review: p3: IRR (All report pages were reviewed; no fee-basis statement qualifies this IRR.)",RESOLVED,A+B+ADJUDICATOR,efccda783490f37c841b4335300e864503edab8861c88ea4aff51b0e1ff3a189
9bd9b702c5958ab8b34c,SRC035,3,PAIR_85871ED42AF5E8B9EF289135,CONTEXT_CONFLICT,478,478,source_section|evidence_quote,MERGE,"Verified against page-3 image. source_section is the exact printed section heading, 'Performance Analysis', which every page prints under the program name and above the table; the trailing '| As of December 31, 2021' is a date and is excluded. A left it blank, and on the context row used the table title instead; subject_type corrected to 'fund' on a row both lanes typed 'investment': the label names a vehicle (L.P., LLC, or a named fund) in a fund schedule carrying Vintage, Strategy and capital-account columns, and a vehicle is 'fund' while 'investment' is a holding inside one. The 'By Investment' column header names the program's relationship to these funds, not what they are, and a whole table of 'investment' is the documented sign the label was not read. Agreement between the lanes does not settle a classification, and SRC063 in this shard types the same kind of object 'fund'; evidence_quote is the full printed line, which proves the value; B quoted the bare figure only.; Source review: p3: Oregon Growth Account (The portfolio report distinguishes investor positions from its aggregate rows.) | p3: Oregon Growth Account (Printed heading or definition supporting the source-reviewed qualifier.) | p3: Oregon Growth Account (Supersedes SR2084: the printed entity or table label is context, not a measurement basis; source labels retain its scope.)",RESOLVED,A+B+ADJUDICATOR,efccda783490f37c841b4335300e864503edab8861c88ea4aff51b0e1ff3a189
38af40942d496462f278,SRC035,3,PAIR_54986B68CC2564EF9313FDE3,CONTEXT_CONFLICT,479,479,source_section|metric_name|evidence_quote,MERGE,"Verified against page-3 image. source_section is the exact printed section heading, 'Performance Analysis', which every page prints under the program name and above the table; the trailing '| As of December 31, 2021' is a date and is excluded. A left it blank, and on the context row used the table title instead; subject_type corrected to 'fund' on a row both lanes typed 'investment': the label names a vehicle (L.P., LLC, or a named fund) in a fund schedule carrying Vintage, Strategy and capital-account columns, and a vehicle is 'fund' while 'investment' is a holding inside one. The 'By Investment' column header names the program's relationship to these funds, not what they are, and a whole table of 'investment' is the documented sign the label was not read. Agreement between the lanes does not settle a classification, and SRC063 in this shard types the same kind of object 'fund'; metric_name is the printed column header in full, 'TVPI (X)'; B trimmed the printed qualifier; evidence_quote is the full printed line, which proves the value; B quoted the bare figure only.",RESOLVED,A+B+ADJUDICATOR,efccda783490f37c841b4335300e864503edab8861c88ea4aff51b0e1ff3a189
cd489723568fb372d71f,SRC035,3,PAIR_1A0118CCB423C85FCEC7B25D,CONTEXT_CONFLICT,480,480,source_section|evidence_quote,MERGE,"Verified against page-3 image. source_section is the exact printed section heading, 'Performance Analysis', which every page prints under the program name and above the table; the trailing '| As of December 31, 2021' is a date and is excluded. A left it blank, and on the context row used the table title instead; subject_type corrected to 'fund' on a row both lanes typed 'investment': the label names a vehicle (L.P., LLC, or a named fund) in a fund schedule carrying Vintage, Strategy and capital-account columns, and a vehicle is 'fund' while 'investment' is a holding inside one. The 'By Investment' column header names the program's relationship to these funds, not what they are, and a whole table of 'investment' is the documented sign the label was not read. Agreement between the lanes does not settle a classification, and SRC063 in this shard types the same kind of object 'fund'; evidence_quote is the full printed line, which proves the value; B quoted the bare figure only.",RESOLVED,A+B+ADJUDICATOR,efccda783490f37c841b4335300e864503edab8861c88ea4aff51b0e1ff3a189
922e8d8ad57926079d63,SRC058,1,PAIR_6AC14B99A5DAA0BFA6DF4ADC,CLASSIFICATION_CONFLICT,1,1,source_table|subject_name|asset_class|evidence_quote,MERGE,"MERGE, one ruling applied to every paired row because the two lanes differ the same way on all of them and neither is complete. From B: source_section, which A left blank on all three pages although 'Real Estate Portfolio' is printed above the table on pages 1 and 2 and 'REITS' and 'Separate Accounts' above their own tables on page 3; source_table on pages 1 and 2, because A's 'UNTITLED_TABLE_1' is a placeholder the page never prints; and asset_class 'Real Estate', the printed grouping that governs every row. From A: source_column_label and metric_name 'Total Capital Contributed' and 'Total Capital Distributed', because the header wraps 'Total Capital' onto its own line above each of those two columns separately instead of spanning them, and page 3 prints 'Total Capital Distributed' on one line where both lanes agree; currency_scale, which A correctly leaves blank on irr and tvpi rows while B stamps '($ in millions)' onto a percentage and a multiple; and evidence_quote, because A cites the full printed partnership line while B cites the bare value, which proves only that those digits occur somewhere on the page. subject_type corrected to 'fund' on every partnership row: both lanes wrote 'investment', but the entity column is headed 'Partnership' and each row is a named vehicle the fund committed capital to, not a holding inside one. On the document_context row the merged record also takes subject_name ""Oregon Public Employees' Retirement Fund"" from B, printed verbatim on the page, in place of A's concatenation with the portfolio line, and leaves source_table blank because the row's structure is DOCUMENT.",RESOLVED,A+B+ADJUDICATOR,504abfe06fcde5e187ef74247e28f97eecec00313f5079c91e05fbdaea023159
76cb5aa749c921b2a863,SRC058,1,PAIR_04B39C955FBDFA91313DDDA2,CONTEXT_CONFLICT,2,2,source_section|source_table|asset_class|evidence_quote,MERGE,"MERGE, one ruling applied to every paired row because the two lanes differ the same way on all of them and neither is complete. From B: source_section, which A left blank on all three pages although 'Real Estate Portfolio' is printed above the table on pages 1 and 2 and 'REITS' and 'Separate Accounts' above their own tables on page 3; source_table on pages 1 and 2, because A's 'UNTITLED_TABLE_1' is a placeholder the page never prints; and asset_class 'Real Estate', the printed grouping that governs every row. From A: source_column_label and metric_name 'Total Capital Contributed' and 'Total Capital Distributed', because the header wraps 'Total Capital' onto its own line above each of those two columns separately instead of spanning them, and page 3 prints 'Total Capital Distributed' on one line where both lanes agree; currency_scale, which A correctly leaves blank on irr and tvpi rows while B stamps '($ in millions)' onto a percentage and a multiple; and evidence_quote, because A cites the full printed partnership line while B cites the bare value, which proves only that those digits occur somewhere on the page. subject_type corrected to 'fund' on every partnership row: both lanes wrote 'investment', but the entity column is headed 'Partnership' and each row is a named vehicle the fund committed capital to, not a holding inside one.",RESOLVED,A+B+ADJUDICATOR,504abfe06fcde5e187ef74247e28f97eecec00313f5079c91e05fbdaea023159
d1a97a920ef335de070f,SRC058,1,PAIR_D19FF6ADBA21E4131936AA31,CONTEXT_CONFLICT,3,5,source_section|source_table|asset_class|evidence_quote,MERGE,"MERGE, one ruling applied to every paired row because the two lanes differ the same way on all of them and neither is complete. From B: source_section, which A left blank on all three pages although 'Real Estate Portfolio' is printed above the table on pages 1 and 2 and 'REITS' and 'Separate Accounts' above their own tables on page 3; source_table on pages 1 and 2, because A's 'UNTITLED_TABLE_1' is a placeholder the page never prints; and asset_class 'Real Estate', the printed grouping that governs every row. From A: source_column_label and metric_name 'Total Capital Contributed' and 'Total Capital Distributed', because the header wraps 'Total Capital' onto its own line above each of those two columns separately instead of spanning them, and page 3 prints 'Total Capital Distributed' on one line where both lanes agree; currency_scale, which A correctly leaves blank on irr and tvpi rows while B stamps '($ in millions)' onto a percentage and a multiple; and evidence_quote, because A cites the full printed partnership line while B cites the bare value, which proves only that those digits occur somewhere on the page. subject_type corrected to 'fund' on every partnership row: both lanes wrote 'investment', but the entity column is headed 'Partnership' and each row is a named vehicle the fund committed capital to, not a holding inside one.; Source review: p1: Retirement Fund (The portfolio report distinguishes investor positions from its aggregate rows.) | p1: Retirement Fund (Printed heading or definition supporting the source-reviewed qualifier.) | p1: Retirement Fund (Supersedes SR2085: the printed entity or table label is context, not a measurement basis; source labels retain its scope.)",RESOLVED,A+B+ADJUDICATOR,504abfe06fcde5e187ef74247e28f97eecec00313f5079c91e05fbdaea023159
e8afa0f1c383fe39af0a,SRC058,1,PAIR_8C396F5CC75AB6CE3431A6FC,CONTEXT_CONFLICT,4,6,source_section|source_table|asset_class|currency_scale|evidence_quote,MERGE,"MERGE, one ruling applied to every paired row because the two lanes differ the same way on all of them and neither is complete. From B: source_section, which A left blank on all three pages although 'Real Estate Portfolio' is printed above the table on pages 1 and 2 and 'REITS' and 'Separate Accounts' above their own tables on page 3; source_table on pages 1 and 2, because A's 'UNTITLED_TABLE_1' is a placeholder the page never prints; and asset_class 'Real Estate', the printed grouping that governs every row. From A: source_column_label and metric_name 'Total Capital Contributed' and 'Total Capital Distributed', because the header wraps 'Total Capital' onto its own line above each of those two columns separately instead of spanning them, and page 3 prints 'Total Capital Distributed' on one line where both lanes agree; currency_scale, which A correctly leaves blank on irr and tvpi rows while B stamps '($ in millions)' onto a percentage and a multiple; and evidence_quote, because A cites the full printed partnership line while B cites the bare value, which proves only that those digits occur somewhere on the page. subject_type corrected to 'fund' on every partnership row: both lanes wrote 'investment', but the entity column is headed 'Partnership' and each row is a named vehicle the fund committed capital to, not a holding inside one.; Source review: p1: IRR (All report pages were reviewed; no fee-basis statement qualifies this IRR.)",RESOLVED,A+B+ADJUDICATOR,504abfe06fcde5e187ef74247e28f97eecec00313f5079c91e05fbdaea023159
ae715db7dbd4724dc8b5,SRC058,1,PAIR_21BEDBE0093A2C6444507A8C,CONTEXT_CONFLICT,5,3,source_section|source_table|source_column_label|asset_class|metric_name|evidence_quote,MERGE,"MERGE, one ruling applied to every paired row because the two lanes differ the same way on all of them and neither is complete. From B: source_section, which A left blank on all three pages although 'Real Estate Portfolio' is printed above the table on pages 1 and 2 and 'REITS' and 'Separate Accounts' above their own tables on page 3; source_table on pages 1 and 2, because A's 'UNTITLED_TABLE_1' is a placeholder the page never prints; and asset_class 'Real Estate', the printed grouping that governs every row. From A: source_column_label and metric_name 'Total Capital Contributed' and 'Total Capital Distributed', because the header wraps 'Total Capital' onto its own line above each of those two columns separately instead of spanning them, and page 3 prints 'Total Capital Distributed' on one line where both lanes agree; currency_scale, which A correctly leaves blank on irr and tvpi rows while B stamps '($ in millions)' onto a percentage and a multiple; and evidence_quote, because A cites the full printed partnership line while B cites the bare value, which proves only that those digits occur somewhere on the page. subject_type corrected to 'fund' on every partnership row: both lanes wrote 'investment', but the entity column is headed 'Partnership' and each row is a named vehicle the fund committed capital to, not a holding inside one.",RESOLVED,A+B+ADJUDICATOR,504abfe06fcde5e187ef74247e28f97eecec00313f5079c91e05fbdaea023159
2be9d5d66979e7dc2ef1,SRC058,1,PAIR_6D55996117B88F6129B61985,CONTEXT_CONFLICT,6,4,source_section|source_table|source_column_label|asset_class|metric_name|evidence_quote,MERGE,"MERGE, one ruling applied to every paired row because the two lanes differ the same way on all of them and neither is complete. From B: source_section, which A left blank on all three pages although 'Real Estate Portfolio' is printed above the table on pages 1 and 2 and 'REITS' and 'Separate Accounts' above their own tables on page 3; source_table on pages 1 and 2, because A's 'UNTITLED_TABLE_1' is a placeholder the page never prints; and asset_class 'Real Estate', the printed grouping that governs every row. From A: source_column_label and metric_name 'Total Capital Contributed' and 'Total Capital Distributed', because the header wraps 'Total Capital' onto its own line above each of those two columns separately instead of spanning them, and page 3 prints 'Total Capital Distributed' on one line where both lanes agree; currency_scale, which A correctly leaves blank on irr and tvpi rows while B stamps '($ in millions)' onto a percentage and a multiple; and evidence_quote, because A cites the full printed partnership line while B cites the bare value, which proves only that those digits occur somewhere on the page. subject_type corrected to 'fund' on every partnership row: both lanes wrote 'investment', but the entity column is headed 'Partnership' and each row is a named vehicle the fund committed capital to, not a holding inside one.",RESOLVED,A+B+ADJUDICATOR,504abfe06fcde5e187ef74247e28f97eecec00313f5079c91e05fbdaea023159
c234416c6e53e7786740,SRC058,1,PAIR_2A6E1B9A1ECDCF408B82E7CD,CONTEXT_CONFLICT,7,7,source_section|source_table|asset_class|currency_scale|evidence_quote,MERGE,"MERGE, one ruling applied to every paired row because the two lanes differ the same way on all of them and neither is complete. From B: source_section, which A left blank on all three pages although 'Real Estate Portfolio' is printed above the table on pages 1 and 2 and 'REITS' and 'Separate Accounts' above their own tables on page 3; source_table on pages 1 and 2, because A's 'UNTITLED_TABLE_1' is a placeholder the page never prints; and asset_class 'Real Estate', the printed grouping that governs every row. From A: source_column_label and metric_name 'Total Capital Contributed' and 'Total Capital Distributed', because the header wraps 'Total Capital' onto its own line above each of those two columns separately instead of spanning them, and page 3 prints 'Total Capital Distributed' on one line where both lanes agree; currency_scale, which A correctly leaves blank on irr and tvpi rows while B stamps '($ in millions)' onto a percentage and a multiple; and evidence_quote, because A cites the full printed partnership line while B cites the bare value, which proves only that those digits occur somewhere on the page. subject_type corrected to 'fund' on every partnership row: both lanes wrote 'investment', but the entity column is headed 'Partnership' and each row is a named vehicle the fund committed capital to, not a holding inside one.",RESOLVED,A+B+ADJUDICATOR,504abfe06fcde5e187ef74247e28f97eecec00313f5079c91e05fbdaea023159
b657dc3360331bdbe01e,SRC058,1,PAIR_D45D5C049F3569549AEB9D35,CONTEXT_CONFLICT,8,8,source_section|source_table|asset_class|evidence_quote,MERGE,"MERGE, one ruling applied to every paired row because the two lanes differ the same way on all of them and neither is complete. From B: source_section, which A left blank on all three pages although 'Real Estate Portfolio' is printed above the table on pages 1 and 2 and 'REITS' and 'Separate Accounts' above their own tables on page 3; source_table on pages 1 and 2, because A's 'UNTITLED_TABLE_1' is a placeholder the page never prints; and asset_class 'Real Estate', the printed grouping that governs every row. From A: source_column_label and metric_name 'Total Capital Contributed' and 'Total Capital Distributed', because the header wraps 'Total Capital' onto its own line above each of those two columns separately instead of spanning them, and page 3 prints 'Total Capital Distributed' on one line where both lanes agree; currency_scale, which A correctly leaves blank on irr and tvpi rows while B stamps '($ in millions)' onto a percentage and a multiple; and evidence_quote, because A cites the full printed partnership line while B cites the bare value, which proves only that those digits occur somewhere on the page. subject_type corrected to 'fund' on every partnership row: both lanes wrote 'investment', but the entity column is headed 'Partnership' and each row is a named vehicle the fund committed capital to, not a holding inside one.",RESOLVED,A+B+ADJUDICATOR,504abfe06fcde5e187ef74247e28f97eecec00313f5079c91e05fbdaea023159
e548817e22bcb48a92ea,SRC058,1,PAIR_3D1284FDBE0DD2164105793E,CONTEXT_CONFLICT,9,11,source_section|source_table|asset_class|evidence_quote,MERGE,"MERGE, one ruling applied to every paired row because the two lanes differ the same way on all of them and neither is complete. From B: source_section, which A left blank on all three pages although 'Real Estate Portfolio' is printed above the table on pages 1 and 2 and 'REITS' and 'Separate Accounts' above their own tables on page 3; source_table on pages 1 and 2, because A's 'UNTITLED_TABLE_1' is a placeholder the page never prints; and asset_class 'Real Estate', the printed grouping that governs every row. From A: source_column_label and metric_name 'Total Capital Contributed' and 'Total Capital Distributed', because the header wraps 'Total Capital' onto its own line above each of those two columns separately instead of spanning them, and page 3 prints 'Total Capital Distributed' on one line where both lanes agree; currency_scale, which A correctly leaves blank on irr and tvpi rows while B stamps '($ in millions)' onto a percentage and a multiple; and evidence_quote, because A cites the full printed partnership line while B cites the bare value, which proves only that those digits occur somewhere on the page. subject_type corrected to 'fund' on every partnership row: both lanes wrote 'investment', but the entity column is headed 'Partnership' and each row is a named vehicle the fund committed capital to, not a holding inside one.; Source review: p1: Retirement Fund (The portfolio report distinguishes investor positions from its aggregate rows.) | p1: Retirement Fund (Printed heading or definition supporting the source-reviewed qualifier.) | p1: Retirement Fund (Supersedes SR2086: the printed entity or table label is context, not a measurement basis; source labels retain its scope.)",RESOLVED,A+B+ADJUDICATOR,504abfe06fcde5e187ef74247e28f97eecec00313f5079c91e05fbdaea023159
168be284761c6a1f319b,SRC058,1,PAIR_23CE1B7BFFF1F4A5D3CB3EE9,CONTEXT_CONFLICT,10,12,source_section|source_table|asset_class|currency_scale|evidence_quote,MERGE,"MERGE, one ruling applied to every paired row because the two lanes differ the same way on all of them and neither is complete. From B: source_section, which A left blank on all three pages although 'Real Estate Portfolio' is printed above the table on pages 1 and 2 and 'REITS' and 'Separate Accounts' above their own tables on page 3; source_table on pages 1 and 2, because A's 'UNTITLED_TABLE_1' is a placeholder the page never prints; and asset_class 'Real Estate', the printed grouping that governs every row. From A: source_column_label and metric_name 'Total Capital Contributed' and 'Total Capital Distributed', because the header wraps 'Total Capital' onto its own line above each of those two columns separately instead of spanning them, and page 3 prints 'Total Capital Distributed' on one line where both lanes agree; currency_scale, which A correctly leaves blank on irr and tvpi rows while B stamps '($ in millions)' onto a percentage and a multiple; and evidence_quote, because A cites the full printed partnership line while B cites the bare value, which proves only that those digits occur somewhere on the page. subject_type corrected to 'fund' on every partnership row: both lanes wrote 'investment', but the entity column is headed 'Partnership' and each row is a named vehicle the fund committed capital to, not a holding inside one.; Source review: p1: IRR (All report pages were reviewed; no fee-basis statement qualifies this IRR.)",RESOLVED,A+B+ADJUDICATOR,504abfe06fcde5e187ef74247e28f97eecec00313f5079c91e05fbdaea023159
00ab3dc5c192e36ef148,SRC058,1,PAIR_7AA49E95C8C98D1AC27C2920,CONTEXT_CONFLICT,11,9,source_section|source_table|source_column_label|asset_class|metric_name|evidence_quote,MERGE,"MERGE, one ruling applied to every paired row because the two lanes differ the same way on all of them and neither is complete. From B: source_section, which A left blank on all three pages although 'Real Estate Portfolio' is printed above the table on pages 1 and 2 and 'REITS' and 'Separate Accounts' above their own tables on page 3; source_table on pages 1 and 2, because A's 'UNTITLED_TABLE_1' is a placeholder the page never prints; and asset_class 'Real Estate', the printed grouping that governs every row. From A: source_column_label and metric_name 'Total Capital Contributed' and 'Total Capital Distributed', because the header wraps 'Total Capital' onto its own line above each of those two columns separately instead of spanning them, and page 3 prints 'Total Capital Distributed' on one line where both lanes agree; currency_scale, which A correctly leaves blank on irr and tvpi rows while B stamps '($ in millions)' onto a percentage and a multiple; and evidence_quote, because A cites the full printed partnership line while B cites the bare value, which proves only that those digits occur somewhere on the page. subject_type corrected to 'fund' on every partnership row: both lanes wrote 'investment', but the entity column is headed 'Partnership' and each row is a named vehicle the fund committed capital to, not a holding inside one.",RESOLVED,A+B+ADJUDICATOR,504abfe06fcde5e187ef74247e28f97eecec00313f5079c91e05fbdaea023159
997092ae12aa50af2c05,SRC058,1,PAIR_E62F6DD11D3CE79B7E376C76,CONTEXT_CONFLICT,12,10,source_section|source_table|source_column_label|asset_class|metric_name|evidence_quote,MERGE,"MERGE, one ruling applied to every paired row because the two lanes differ the same way on all of them and neither is complete. From B: source_section, which A left blank on all three pages although 'Real Estate Portfolio' is printed above the table on pages 1 and 2 and 'REITS' and 'Separate Accounts' above their own tables on page 3; source_table on pages 1 and 2, because A's 'UNTITLED_TABLE_1' is a placeholder the page never prints; and asset_class 'Real Estate', the printed grouping that governs every row. From A: source_column_label and metric_name 'Total Capital Contributed' and 'Total Capital Distributed', because the header wraps 'Total Capital' onto its own line above each of those two columns separately instead of spanning them, and page 3 prints 'Total Capital Distributed' on one line where both lanes agree; currency_scale, which A correctly leaves blank on irr and tvpi rows while B stamps '($ in millions)' onto a percentage and a multiple; and evidence_quote, because A cites the full printed partnership line while B cites the bare value, which proves only that those digits occur somewhere on the page. subject_type corrected to 'fund' on every partnership row: both lanes wrote 'investment', but the entity column is headed 'Partnership' and each row is a named vehicle the fund committed capital to, not a holding inside one.",RESOLVED,A+B+ADJUDICATOR,504abfe06fcde5e187ef74247e28f97eecec00313f5079c91e05fbdaea023159
fa14f03e112ffa9e350e,SRC058,1,PAIR_CBC8372287CEBEBD97C032D4,CONTEXT_CONFLICT,13,13,source_section|source_table|asset_class|currency_scale|evidence_quote,MERGE,"MERGE, one ruling applied to every paired row because the two lanes differ the same way on all of them and neither is complete. From B: source_section, which A left blank on all three pages although 'Real Estate Portfolio' is printed above the table on pages 1 and 2 and 'REITS' and 'Separate Accounts' above their own tables on page 3; source_table on pages 1 and 2, because A's 'UNTITLED_TABLE_1' is a placeholder the page never prints; and asset_class 'Real Estate', the printed grouping that governs every row. From A: source_column_label and metric_name 'Total Capital Contributed' and 'Total Capital Distributed', because the header wraps 'Total Capital' onto its own line above each of those two columns separately instead of spanning them, and page 3 prints 'Total Capital Distributed' on one line where both lanes agree; currency_scale, which A correctly leaves blank on irr and tvpi rows while B stamps '($ in millions)' onto a percentage and a multiple; and evidence_quote, because A cites the full printed partnership line while B cites the bare value, which proves only that those digits occur somewhere on the page. subject_type corrected to 'fund' on every partnership row: both lanes wrote 'investment', but the entity column is headed 'Partnership' and each row is a named vehicle the fund committed capital to, not a holding inside one.",RESOLVED,A+B+ADJUDICATOR,504abfe06fcde5e187ef74247e28f97eecec00313f5079c91e05fbdaea023159
4aed9aaaf49170b61ea0,SRC058,1,PAIR_5D24649A1461807E9ECEABC6,CONTEXT_CONFLICT,14,14,source_section|source_table|asset_class|evidence_quote,MERGE,"MERGE, one ruling applied to every paired row because the two lanes differ the same way on all of them and neither is complete. From B: source_section, which A left blank on all three pages although 'Real Estate Portfolio' is printed above the table on pages 1 and 2 and 'REITS' and 'Separate Accounts' above their own tables on page 3; source_table on pages 1 and 2, because A's 'UNTITLED_TABLE_1' is a placeholder the page never prints; and asset_class 'Real Estate', the printed grouping that governs every row. From A: source_column_label and metric_name 'Total Capital Contributed' and 'Total Capital Distributed', because the header wraps 'Total Capital' onto its own line above each of those two columns separately instead of spanning them, and page 3 prints 'Total Capital Distributed' on one line where both lanes agree; currency_scale, which A correctly leaves blank on irr and tvpi rows while B stamps '($ in millions)' onto a percentage and a multiple; and evidence_quote, because A cites the full printed partnership line while B cites the bare value, which proves only that those digits occur somewhere on the page. subject_type corrected to 'fund' on every partnership row: both lanes wrote 'investment', but the entity column is headed 'Partnership' and each row is a named vehicle the fund committed capital to, not a holding inside one.",RESOLVED,A+B+ADJUDICATOR,504abfe06fcde5e187ef74247e28f97eecec00313f5079c91e05fbdaea023159
6a3731d9c7c9cca8469a,SRC058,1,PAIR_86070CEEE5FD3A2E8C655E73,CONTEXT_CONFLICT,15,17,source_section|source_table|asset_class|evidence_quote,MERGE,"MERGE, one ruling applied to every paired row because the two lanes differ the same way on all of them and neither is complete. From B: source_section, which A left blank on all three pages although 'Real Estate Portfolio' is printed above the table on pages 1 and 2 and 'REITS' and 'Separate Accounts' above their own tables on page 3; source_table on pages 1 and 2, because A's 'UNTITLED_TABLE_1' is a placeholder the page never prints; and asset_class 'Real Estate', the printed grouping that governs every row. From A: source_column_label and metric_name 'Total Capital Contributed' and 'Total Capital Distributed', because the header wraps 'Total Capital' onto its own line above each of those two columns separately instead of spanning them, and page 3 prints 'Total Capital Distributed' on one line where both lanes agree; currency_scale, which A correctly leaves blank on irr and tvpi rows while B stamps '($ in millions)' onto a percentage and a multiple; and evidence_quote, because A cites the full printed partnership line while B cites the bare value, which proves only that those digits occur somewhere on the page. subject_type corrected to 'fund' on every partnership row: both lanes wrote 'investment', but the entity column is headed 'Partnership' and each row is a named vehicle the fund committed capital to, not a holding inside one.; Source review: p1: Retirement Fund (The portfolio report distinguishes investor positions from its aggregate rows.) | p1: Retirement Fund (Printed heading or definition supporting the source-reviewed qualifier.) | p1: Retirement Fund (Supersedes SR2087: the printed entity or table label is context, not a measurement basis; source labels retain its scope.)",RESOLVED,A+B+ADJUDICATOR,504abfe06fcde5e187ef74247e28f97eecec00313f5079c91e05fbdaea023159
92b0c51b1a68f8794fd7,SRC058,1,PAIR_B606BC48B44C5465F9E8D536,CONTEXT_CONFLICT,16,18,source_section|source_table|asset_class|currency_scale|evidence_quote,MERGE,"MERGE, one ruling applied to every paired row because the two lanes differ the same way on all of them and neither is complete. From B: source_section, which A left blank on all three pages although 'Real Estate Portfolio' is printed above the table on pages 1 and 2 and 'REITS' and 'Separate Accounts' above their own tables on page 3; source_table on pages 1 and 2, because A's 'UNTITLED_TABLE_1' is a placeholder the page never prints; and asset_class 'Real Estate', the printed grouping that governs every row. From A: source_column_label and metric_name 'Total Capital Contributed' and 'Total Capital Distributed', because the header wraps 'Total Capital' onto its own line above each of those two columns separately instead of spanning them, and page 3 prints 'Total Capital Distributed' on one line where both lanes agree; currency_scale, which A correctly leaves blank on irr and tvpi rows while B stamps '($ in millions)' onto a percentage and a multiple; and evidence_quote, because A cites the full printed partnership line while B cites the bare value, which proves only that those digits occur somewhere on the page. subject_type corrected to 'fund' on every partnership row: both lanes wrote 'investment', but the entity column is headed 'Partnership' and each row is a named vehicle the fund committed capital to, not a holding inside one.; Source review: p1: IRR (All report pages were reviewed; no fee-basis statement qualifies this IRR.)",RESOLVED,A+B+ADJUDICATOR,504abfe06fcde5e187ef74247e28f97eecec00313f5079c91e05fbdaea023159
faedebed92d4abb0c337,SRC058,1,PAIR_21E078A70971AC302CC89134,CONTEXT_CONFLICT,17,15,source_section|source_table|source_column_label|asset_class|metric_name|evidence_quote,MERGE,"MERGE, one ruling applied to every paired row because the two lanes differ the same way on all of them and neither is complete. From B: source_section, which A left blank on all three pages although 'Real Estate Portfolio' is printed above the table on pages 1 and 2 and 'REITS' and 'Separate Accounts' above their own tables on page 3; source_table on pages 1 and 2, because A's 'UNTITLED_TABLE_1' is a placeholder the page never prints; and asset_class 'Real Estate', the printed grouping that governs every row. From A: source_column_label and metric_name 'Total Capital Contributed' and 'Total Capital Distributed', because the header wraps 'Total Capital' onto its own line above each of those two columns separately instead of spanning them, and page 3 prints 'Total Capital Distributed' on one line where both lanes agree; currency_scale, which A correctly leaves blank on irr and tvpi rows while B stamps '($ in millions)' onto a percentage and a multiple; and evidence_quote, because A cites the full printed partnership line while B cites the bare value, which proves only that those digits occur somewhere on the page. subject_type corrected to 'fund' on every partnership row: both lanes wrote 'investment', but the entity column is headed 'Partnership' and each row is a named vehicle the fund committed capital to, not a holding inside one.",RESOLVED,A+B+ADJUDICATOR,504abfe06fcde5e187ef74247e28f97eecec00313f5079c91e05fbdaea023159
436e83179540fcd25ad3,SRC058,1,PAIR_B802397DF6286B1332F3AE41,CONTEXT_CONFLICT,18,16,source_section|source_table|source_column_label|asset_class|metric_name|evidence_quote,MERGE,"MERGE, one ruling applied to every paired row because the two lanes differ the same way on all of them and neither is complete. From B: source_section, which A left blank on all three pages although 'Real Estate Portfolio' is printed above the table on pages 1 and 2 and 'REITS' and 'Separate Accounts' above their own tables on page 3; source_table on pages 1 and 2, because A's 'UNTITLED_TABLE_1' is a placeholder the page never prints; and asset_class 'Real Estate', the printed grouping that governs every row. From A: source_column_label and metric_name 'Total Capital Contributed' and 'Total Capital Distributed', because the header wraps 'Total Capital' onto its own line above each of those two columns separately instead of spanning them, and page 3 prints 'Total Capital Distributed' on one line where both lanes agree; currency_scale, which A correctly leaves blank on irr and tvpi rows while B stamps '($ in millions)' onto a percentage and a multiple; and evidence_quote, because A cites the full printed partnership line while B cites the bare value, which proves only that those digits occur somewhere on the page. subject_type corrected to 'fund' on every partnership row: both lanes wrote 'investment', but the entity column is headed 'Partnership' and each row is a named vehicle the fund committed capital to, not a holding inside one.",RESOLVED,A+B+ADJUDICATOR,504abfe06fcde5e187ef74247e28f97eecec00313f5079c91e05fbdaea023159
23da20b79d9f95f2befa,SRC058,1,PAIR_098BFC424985163E00071E0B,CONTEXT_CONFLICT,19,19,source_section|source_table|asset_class|currency_scale|evidence_quote,MERGE,"MERGE, one ruling applied to every paired row because the two lanes differ the same way on all of them and neither is complete. From B: source_section, which A left blank on all three pages although 'Real Estate Portfolio' is printed above the table on pages 1 and 2 and 'REITS' and 'Separate Accounts' above their own tables on page 3; source_table on pages 1 and 2, because A's 'UNTITLED_TABLE_1' is a placeholder the page never prints; and asset_class 'Real Estate', the printed grouping that governs every row. From A: source_column_label and metric_name 'Total Capital Contributed' and 'Total Capital Distributed', because the header wraps 'Total Capital' onto its own line above each of those two columns separately instead of spanning them, and page 3 prints 'Total Capital Distributed' on one line where both lanes agree; currency_scale, which A correctly leaves blank on irr and tvpi rows while B stamps '($ in millions)' onto a percentage and a multiple; and evidence_quote, because A cites the full printed partnership line while B cites the bare value, which proves only that those digits occur somewhere on the page. subject_type corrected to 'fund' on every partnership row: both lanes wrote 'investment', but the entity column is headed 'Partnership' and each row is a named vehicle the fund committed capital to, not a holding inside one.",RESOLVED,A+B+ADJUDICATOR,504abfe06fcde5e187ef74247e28f97eecec00313f5079c91e05fbdaea023159
adeb5033f4fe204b884d,SRC058,1,PAIR_CF6E00B756FD29F1CE48B73B,CONTEXT_CONFLICT,20,20,source_section|source_table|asset_class|evidence_quote,MERGE,"MERGE, one ruling applied to every paired row because the two lanes differ the same way on all of them and neither is complete. From B: source_section, which A left blank on all three pages although 'Real Estate Portfolio' is printed above the table on pages 1 and 2 and 'REITS' and 'Separate Accounts' above their own tables on page 3; source_table on pages 1 and 2, because A's 'UNTITLED_TABLE_1' is a placeholder the page never prints; and asset_class 'Real Estate', the printed grouping that governs every row. From A: source_column_label and metric_name 'Total Capital Contributed' and 'Total Capital Distributed', because the header wraps 'Total Capital' onto its own line above each of those two columns separately instead of spanning them, and page 3 prints 'Total Capital Distributed' on one line where both lanes agree; currency_scale, which A correctly leaves blank on irr and tvpi rows while B stamps '($ in millions)' onto a percentage and a multiple; and evidence_quote, because A cites the full printed partnership line while B cites the bare value, which proves only that those digits occur somewhere on the page. subject_type corrected to 'fund' on every partnership row: both lanes wrote 'investment', but the entity column is headed 'Partnership' and each row is a named vehicle the fund committed capital to, not a holding inside one.",RESOLVED,A+B+ADJUDICATOR,504abfe06fcde5e187ef74247e28f97eecec00313f5079c91e05fbdaea023159
58bb6ff12c4da1c3d783,SRC058,1,PAIR_3AB61C5C090772A3BA32A097,CONTEXT_CONFLICT,21,23,source_section|source_table|asset_class|evidence_quote,MERGE,"MERGE, one ruling applied to every paired row because the two lanes differ the same way on all of them and neither is complete. From B: source_section, which A left blank on all three pages although 'Real Estate Portfolio' is printed above the table on pages 1 and 2 and 'REITS' and 'Separate Accounts' above their own tables on page 3; source_table on pages 1 and 2, because A's 'UNTITLED_TABLE_1' is a placeholder the page never prints; and asset_class 'Real Estate', the printed grouping that governs every row. From A: source_column_label and metric_name 'Total Capital Contributed' and 'Total Capital Distributed', because the header wraps 'Total Capital' onto its own line above each of those two columns separately instead of spanning them, and page 3 prints 'Total Capital Distributed' on one line where both lanes agree; currency_scale, which A correctly leaves blank on irr and tvpi rows while B stamps '($ in millions)' onto a percentage and a multiple; and evidence_quote, because A cites the full printed partnership line while B cites the bare value, which proves only that those digits occur somewhere on the page. subject_type corrected to 'fund' on every partnership row: both lanes wrote 'investment', but the entity column is headed 'Partnership' and each row is a named vehicle the fund committed capital to, not a holding inside one.; Source review: p1: Retirement Fund (The portfolio report distinguishes investor positions from its aggregate rows.) | p1: Retirement Fund (Printed heading or definition supporting the source-reviewed qualifier.) | p1: Retirement Fund (Supersedes SR2088: the printed entity or table label is context, not a measurement basis; source labels retain its scope.)",RESOLVED,A+B+ADJUDICATOR,504abfe06fcde5e187ef74247e28f97eecec00313f5079c91e05fbdaea023159
86493ceaff2a30ce3281,SRC058,1,PAIR_51B0E4CF394B2C1F35920B26,CONTEXT_CONFLICT,22,24,source_section|source_table|asset_class|currency_scale|evidence_quote,MERGE,"MERGE, one ruling applied to every paired row because the two lanes differ the same way on all of them and neither is complete. From B: source_section, which A left blank on all three pages although 'Real Estate Portfolio' is printed above the table on pages 1 and 2 and 'REITS' and 'Separate Accounts' above their own tables on page 3; source_table on pages 1 and 2, because A's 'UNTITLED_TABLE_1' is a placeholder the page never prints; and asset_class 'Real Estate', the printed grouping that governs every row. From A: source_column_label and metric_name 'Total Capital Contributed' and 'Total Capital Distributed', because the header wraps 'Total Capital' onto its own line above each of those two columns separately instead of spanning them, and page 3 prints 'Total Capital Distributed' on one line where both lanes agree; currency_scale, which A correctly leaves blank on irr and tvpi rows while B stamps '($ in millions)' onto a percentage and a multiple; and evidence_quote, because A cites the full printed partnership line while B cites the bare value, which proves only that those digits occur somewhere on the page. subject_type corrected to 'fund' on every partnership row: both lanes wrote 'investment', but the entity column is headed 'Partnership' and each row is a named vehicle the fund committed capital to, not a holding inside one.; Source review: p1: IRR (All report pages were reviewed; no fee-basis statement qualifies this IRR.)",RESOLVED,A+B+ADJUDICATOR,504abfe06fcde5e187ef74247e28f97eecec00313f5079c91e05fbdaea023159
76e20757a3117c21ab4b,SRC058,1,PAIR_8DDF57122A7EB709F9F3927F,CONTEXT_CONFLICT,23,21,source_section|source_table|source_column_label|asset_class|metric_name|evidence_quote,MERGE,"MERGE, one ruling applied to every paired row because the two lanes differ the same way on all of them and neither is complete. From B: source_section, which A left blank on all three pages although 'Real Estate Portfolio' is printed above the table on pages 1 and 2 and 'REITS' and 'Separate Accounts' above their own tables on page 3; source_table on pages 1 and 2, because A's 'UNTITLED_TABLE_1' is a placeholder the page never prints; and asset_class 'Real Estate', the printed grouping that governs every row. From A: source_column_label and metric_name 'Total Capital Contributed' and 'Total Capital Distributed', because the header wraps 'Total Capital' onto its own line above each of those two columns separately instead of spanning them, and page 3 prints 'Total Capital Distributed' on one line where both lanes agree; currency_scale, which A correctly leaves blank on irr and tvpi rows while B stamps '($ in millions)' onto a percentage and a multiple; and evidence_quote, because A cites the full printed partnership line while B cites the bare value, which proves only that those digits occur somewhere on the page. subject_type corrected to 'fund' on every partnership row: both lanes wrote 'investment', but the entity column is headed 'Partnership' and each row is a named vehicle the fund committed capital to, not a holding inside one.",RESOLVED,A+B+ADJUDICATOR,504abfe06fcde5e187ef74247e28f97eecec00313f5079c91e05fbdaea023159
628da227b1b42d7c3547,SRC058,1,PAIR_F874048A7DB856CFD7DC914B,CONTEXT_CONFLICT,24,22,source_section|source_table|source_column_label|asset_class|metric_name|evidence_quote,MERGE,"MERGE, one ruling applied to every paired row because the two lanes differ the same way on all of them and neither is complete. From B: source_section, which A left blank on all three pages although 'Real Estate Portfolio' is printed above the table on pages 1 and 2 and 'REITS' and 'Separate Accounts' above their own tables on page 3; source_table on pages 1 and 2, because A's 'UNTITLED_TABLE_1' is a placeholder the page never prints; and asset_class 'Real Estate', the printed grouping that governs every row. From A: source_column_label and metric_name 'Total Capital Contributed' and 'Total Capital Distributed', because the header wraps 'Total Capital' onto its own line above each of those two columns separately instead of spanning them, and page 3 prints 'Total Capital Distributed' on one line where both lanes agree; currency_scale, which A correctly leaves blank on irr and tvpi rows while B stamps '($ in millions)' onto a percentage and a multiple; and evidence_quote, because A cites the full printed partnership line while B cites the bare value, which proves only that those digits occur somewhere on the page. subject_type corrected to 'fund' on every partnership row: both lanes wrote 'investment', but the entity column is headed 'Partnership' and each row is a named vehicle the fund committed capital to, not a holding inside one.",RESOLVED,A+B+ADJUDICATOR,504abfe06fcde5e187ef74247e28f97eecec00313f5079c91e05fbdaea023159
eca987c43892f5bb4411,SRC058,1,PAIR_4F8999E74826D67682FC36C0,CONTEXT_CONFLICT,25,25,source_section|source_table|asset_class|currency_scale|evidence_quote,MERGE,"MERGE, one ruling applied to every paired row because the two lanes differ the same way on all of them and neither is complete. From B: source_section, which A left blank on all three pages although 'Real Estate Portfolio' is printed above the table on pages 1 and 2 and 'REITS' and 'Separate Accounts' above their own tables on page 3; source_table on pages 1 and 2, because A's 'UNTITLED_TABLE_1' is a placeholder the page never prints; and asset_class 'Real Estate', the printed grouping that governs every row. From A: source_column_label and metric_name 'Total Capital Contributed' and 'Total Capital Distributed', because the header wraps 'Total Capital' onto its own line above each of those two columns separately instead of spanning them, and page 3 prints 'Total Capital Distributed' on one line where both lanes agree; currency_scale, which A correctly leaves blank on irr and tvpi rows while B stamps '($ in millions)' onto a percentage and a multiple; and evidence_quote, because A cites the full printed partnership line while B cites the bare value, which proves only that those digits occur somewhere on the page. subject_type corrected to 'fund' on every partnership row: both lanes wrote 'investment', but the entity column is headed 'Partnership' and each row is a named vehicle the fund committed capital to, not a holding inside one.",RESOLVED,A+B+ADJUDICATOR,504abfe06fcde5e187ef74247e28f97eecec00313f5079c91e05fbdaea023159
f6e858ef6388da84b5af,SRC058,1,PAIR_7AED3885905840DBF7F962E4,CONTEXT_CONFLICT,26,26,source_section|source_table|asset_class|evidence_quote,MERGE,"MERGE, one ruling applied to every paired row because the two lanes differ the same way on all of them and neither is complete. From B: source_section, which A left blank on all three pages although 'Real Estate Portfolio' is printed above the table on pages 1 and 2 and 'REITS' and 'Separate Accounts' above their own tables on page 3; source_table on pages 1 and 2, because A's 'UNTITLED_TABLE_1' is a placeholder the page never prints; and asset_class 'Real Estate', the printed grouping that governs every row. From A: source_column_label and metric_name 'Total Capital Contributed' and 'Total Capital Distributed', because the header wraps 'Total Capital' onto its own line above each of those two columns separately instead of spanning them, and page 3 prints 'Total Capital Distributed' on one line where both lanes agree; currency_scale, which A correctly leaves blank on irr and tvpi rows while B stamps '($ in millions)' onto a percentage and a multiple; and evidence_quote, because A cites the full printed partnership line while B cites the bare value, which proves only that those digits occur somewhere on the page. subject_type corrected to 'fund' on every partnership row: both lanes wrote 'investment', but the entity column is headed 'Partnership' and each row is a named vehicle the fund committed capital to, not a holding inside one.",RESOLVED,A+B+ADJUDICATOR,504abfe06fcde5e187ef74247e28f97eecec00313f5079c91e05fbdaea023159
2143f445513b7d2a8c59,SRC058,1,PAIR_D101337024A6A175A2CD6210,CONTEXT_CONFLICT,27,29,source_section|source_table|asset_class|evidence_quote,MERGE,"MERGE, one ruling applied to every paired row because the two lanes differ the same way on all of them and neither is complete. From B: source_section, which A left blank on all three pages although 'Real Estate Portfolio' is printed above the table on pages 1 and 2 and 'REITS' and 'Separate Accounts' above their own tables on page 3; source_table on pages 1 and 2, because A's 'UNTITLED_TABLE_1' is a placeholder the page never prints; and asset_class 'Real Estate', the printed grouping that governs every row. From A: source_column_label and metric_name 'Total Capital Contributed' and 'Total Capital Distributed', because the header wraps 'Total Capital' onto its own line above each of those two columns separately instead of spanning them, and page 3 prints 'Total Capital Distributed' on one line where both lanes agree; currency_scale, which A correctly leaves blank on irr and tvpi rows while B stamps '($ in millions)' onto a percentage and a multiple; and evidence_quote, because A cites the full printed partnership line while B cites the bare value, which proves only that those digits occur somewhere on the page. subject_type corrected to 'fund' on every partnership row: both lanes wrote 'investment', but the entity column is headed 'Partnership' and each row is a named vehicle the fund committed capital to, not a holding inside one.; Source review: p1: Retirement Fund (The portfolio report distinguishes investor positions from its aggregate rows.) | p1: Retirement Fund (Printed heading or definition supporting the source-reviewed qualifier.) | p1: Retirement Fund (Supersedes SR2089: the printed entity or table label is context, not a measurement basis; source labels retain its scope.)",RESOLVED,A+B+ADJUDICATOR,504abfe06fcde5e187ef74247e28f97eecec00313f5079c91e05fbdaea023159
90228e2498b042bb0600,SRC058,1,PAIR_B07D894846F2A390EA47234F,CONTEXT_CONFLICT,28,30,source_section|source_table|asset_class|currency_scale|evidence_quote,MERGE,"MERGE, one ruling applied to every paired row because the two lanes differ the same way on all of them and neither is complete. From B: source_section, which A left blank on all three pages although 'Real Estate Portfolio' is printed above the table on pages 1 and 2 and 'REITS' and 'Separate Accounts' above their own tables on page 3; source_table on pages 1 and 2, because A's 'UNTITLED_TABLE_1' is a placeholder the page never prints; and asset_class 'Real Estate', the printed grouping that governs every row. From A: source_column_label and metric_name 'Total Capital Contributed' and 'Total Capital Distributed', because the header wraps 'Total Capital' onto its own line above each of those two columns separately instead of spanning them, and page 3 prints 'Total Capital Distributed' on one line where both lanes agree; currency_scale, which A correctly leaves blank on irr and tvpi rows while B stamps '($ in millions)' onto a percentage and a multiple; and evidence_quote, because A cites the full printed partnership line while B cites the bare value, which proves only that those digits occur somewhere on the page. subject_type corrected to 'fund' on every partnership row: both lanes wrote 'investment', but the entity column is headed 'Partnership' and each row is a named vehicle the fund committed capital to, not a holding inside one.; Source review: p1: IRR (All report pages were reviewed; no fee-basis statement qualifies this IRR.)",RESOLVED,A+B+ADJUDICATOR,504abfe06fcde5e187ef74247e28f97eecec00313f5079c91e05fbdaea023159
a66e098443687f3bd203,SRC058,1,PAIR_9384237ADDBD25AEE66DF9A8,CONTEXT_CONFLICT,29,27,source_section|source_table|source_column_label|asset_class|metric_name|evidence_quote,MERGE,"MERGE, one ruling applied to every paired row because the two lanes differ the same way on all of them and neither is complete. From B: source_section, which A left blank on all three pages although 'Real Estate Portfolio' is printed above the table on pages 1 and 2 and 'REITS' and 'Separate Accounts' above their own tables on page 3; source_table on pages 1 and 2, because A's 'UNTITLED_TABLE_1' is a placeholder the page never prints; and asset_class 'Real Estate', the printed grouping that governs every row. From A: source_column_label and metric_name 'Total Capital Contributed' and 'Total Capital Distributed', because the header wraps 'Total Capital' onto its own line above each of those two columns separately instead of spanning them, and page 3 prints 'Total Capital Distributed' on one line where both lanes agree; currency_scale, which A correctly leaves blank on irr and tvpi rows while B stamps '($ in millions)' onto a percentage and a multiple; and evidence_quote, because A cites the full printed partnership line while B cites the bare value, which proves only that those digits occur somewhere on the page. subject_type corrected to 'fund' on every partnership row: both lanes wrote 'investment', but the entity column is headed 'Partnership' and each row is a named vehicle the fund committed capital to, not a holding inside one.",RESOLVED,A+B+ADJUDICATOR,504abfe06fcde5e187ef74247e28f97eecec00313f5079c91e05fbdaea023159
d8f5d5b7e839d4f4ff7c,SRC058,1,PAIR_9C909E1A986B86F60391AD7E,CONTEXT_CONFLICT,30,28,source_section|source_table|source_column_label|asset_class|metric_name|evidence_quote,MERGE,"MERGE, one ruling applied to every paired row because the two lanes differ the same way on all of them and neither is complete. From B: source_section, which A left blank on all three pages although 'Real Estate Portfolio' is printed above the table on pages 1 and 2 and 'REITS' and 'Separate Accounts' above their own tables on page 3; source_table on pages 1 and 2, because A's 'UNTITLED_TABLE_1' is a placeholder the page never prints; and asset_class 'Real Estate', the printed grouping that governs every row. From A: source_column_label and metric_name 'Total Capital Contributed' and 'Total Capital Distributed', because the header wraps 'Total Capital' onto its own line above each of those two columns separately instead of spanning them, and page 3 prints 'Total Capital Distributed' on one line where both lanes agree; currency_scale, which A correctly leaves blank on irr and tvpi rows while B stamps '($ in millions)' onto a percentage and a multiple; and evidence_quote, because A cites the full printed partnership line while B cites the bare value, which proves only that those digits occur somewhere on the page. subject_type corrected to 'fund' on every partnership row: both lanes wrote 'investment', but the entity column is headed 'Partnership' and each row is a named vehicle the fund committed capital to, not a holding inside one.",RESOLVED,A+B+ADJUDICATOR,504abfe06fcde5e187ef74247e28f97eecec00313f5079c91e05fbdaea023159
84fa692c41dfa10bf37c,SRC058,1,PAIR_1BADE01823E74B2090A5FAD8,CONTEXT_CONFLICT,31,31,source_section|source_table|asset_class|currency_scale|evidence_quote,MERGE,"MERGE, one ruling applied to every paired row because the two lanes differ the same way on all of them and neither is complete. From B: source_section, which A left blank on all three pages although 'Real Estate Portfolio' is printed above the table on pages 1 and 2 and 'REITS' and 'Separate Accounts' above their own tables on page 3; source_table on pages 1 and 2, because A's 'UNTITLED_TABLE_1' is a placeholder the page never prints; and asset_class 'Real Estate', the printed grouping that governs every row. From A: source_column_label and metric_name 'Total Capital Contributed' and 'Total Capital Distributed', because the header wraps 'Total Capital' onto its own line above each of those two columns separately instead of spanning them, and page 3 prints 'Total Capital Distributed' on one line where both lanes agree; currency_scale, which A correctly leaves blank on irr and tvpi rows while B stamps '($ in millions)' onto a percentage and a multiple; and evidence_quote, because A cites the full printed partnership line while B cites the bare value, which proves only that those digits occur somewhere on the page. subject_type corrected to 'fund' on every partnership row: both lanes wrote 'investment', but the entity column is headed 'Partnership' and each row is a named vehicle the fund committed capital to, not a holding inside one.",RESOLVED,A+B+ADJUDICATOR,504abfe06fcde5e187ef74247e28f97eecec00313f5079c91e05fbdaea023159
0a2ae0f3fb7eddb30fac,SRC058,1,PAIR_4F3AE107B8F2584336FDC2D2,CONTEXT_CONFLICT,32,32,source_section|source_table|asset_class|evidence_quote,MERGE,"MERGE, one ruling applied to every paired row because the two lanes differ the same way on all of them and neither is complete. From B: source_section, which A left blank on all three pages although 'Real Estate Portfolio' is printed above the table on pages 1 and 2 and 'REITS' and 'Separate Accounts' above their own tables on page 3; source_table on pages 1 and 2, because A's 'UNTITLED_TABLE_1' is a placeholder the page never prints; and asset_class 'Real Estate', the printed grouping that governs every row. From A: source_column_label and metric_name 'Total Capital Contributed' and 'Total Capital Distributed', because the header wraps 'Total Capital' onto its own line above each of those two columns separately instead of spanning them, and page 3 prints 'Total Capital Distributed' on one line where both lanes agree; currency_scale, which A correctly leaves blank on irr and tvpi rows while B stamps '($ in millions)' onto a percentage and a multiple; and evidence_quote, because A cites the full printed partnership line while B cites the bare value, which proves only that those digits occur somewhere on the page. subject_type corrected to 'fund' on every partnership row: both lanes wrote 'investment', but the entity column is headed 'Partnership' and each row is a named vehicle the fund committed capital to, not a holding inside one.",RESOLVED,A+B+ADJUDICATOR,504abfe06fcde5e187ef74247e28f97eecec00313f5079c91e05fbdaea023159
a22a1a5e39cae8ca9dc0,SRC058,1,PAIR_AA2EAE710094926A77C98549,CONTEXT_CONFLICT,33,35,source_section|source_table|asset_class|evidence_quote,MERGE,"MERGE, one ruling applied to every paired row because the two lanes differ the same way on all of them and neither is complete. From B: source_section, which A left blank on all three pages although 'Real Estate Portfolio' is printed above the table on pages 1 and 2 and 'REITS' and 'Separate Accounts' above their own tables on page 3; source_table on pages 1 and 2, because A's 'UNTITLED_TABLE_1' is a placeholder the page never prints; and asset_class 'Real Estate', the printed grouping that governs every row. From A: source_column_label and metric_name 'Total Capital Contributed' and 'Total Capital Distributed', because the header wraps 'Total Capital' onto its own line above each of those two columns separately instead of spanning them, and page 3 prints 'Total Capital Distributed' on one line where both lanes agree; currency_scale, which A correctly leaves blank on irr and tvpi rows while B stamps '($ in millions)' onto a percentage and a multiple; and evidence_quote, because A cites the full printed partnership line while B cites the bare value, which proves only that those digits occur somewhere on the page. subject_type corrected to 'fund' on every partnership row: both lanes wrote 'investment', but the entity column is headed 'Partnership' and each row is a named vehicle the fund committed capital to, not a holding inside one.; Source review: p1: Retirement Fund (The portfolio report distinguishes investor positions from its aggregate rows.) | p1: Retirement Fund (Printed heading or definition supporting the source-reviewed qualifier.) | p1: Retirement Fund (Supersedes SR2090: the printed entity or table label is context, not a measurement basis; source labels retain its scope.)",RESOLVED,A+B+ADJUDICATOR,504abfe06fcde5e187ef74247e28f97eecec00313f5079c91e05fbdaea023159
486a3ad884b2620cd383,SRC058,1,PAIR_44B9ED93321211D7CB0793B6,CONTEXT_CONFLICT,34,36,source_section|source_table|asset_class|currency_scale|evidence_quote,MERGE,"MERGE, one ruling applied to every paired row because the two lanes differ the same way on all of them and neither is complete. From B: source_section, which A left blank on all three pages although 'Real Estate Portfolio' is printed above the table on pages 1 and 2 and 'REITS' and 'Separate Accounts' above their own tables on page 3; source_table on pages 1 and 2, because A's 'UNTITLED_TABLE_1' is a placeholder the page never prints; and asset_class 'Real Estate', the printed grouping that governs every row. From A: source_column_label and metric_name 'Total Capital Contributed' and 'Total Capital Distributed', because the header wraps 'Total Capital' onto its own line above each of those two columns separately instead of spanning them, and page 3 prints 'Total Capital Distributed' on one line where both lanes agree; currency_scale, which A correctly leaves blank on irr and tvpi rows while B stamps '($ in millions)' onto a percentage and a multiple; and evidence_quote, because A cites the full printed partnership line while B cites the bare value, which proves only that those digits occur somewhere on the page. subject_type corrected to 'fund' on every partnership row: both lanes wrote 'investment', but the entity column is headed 'Partnership' and each row is a named vehicle the fund committed capital to, not a holding inside one.; Source review: p1: IRR (All report pages were reviewed; no fee-basis statement qualifies this IRR.)",RESOLVED,A+B+ADJUDICATOR,504abfe06fcde5e187ef74247e28f97eecec00313f5079c91e05fbdaea023159
59fd08a7a3c819ae5f37,SRC058,1,PAIR_DFDDD7A42B9A133AB8A0D1FF,CONTEXT_CONFLICT,35,33,source_section|source_table|source_column_label|asset_class|metric_name|evidence_quote,MERGE,"MERGE, one ruling applied to every paired row because the two lanes differ the same way on all of them and neither is complete. From B: source_section, which A left blank on all three pages although 'Real Estate Portfolio' is printed above the table on pages 1 and 2 and 'REITS' and 'Separate Accounts' above their own tables on page 3; source_table on pages 1 and 2, because A's 'UNTITLED_TABLE_1' is a placeholder the page never prints; and asset_class 'Real Estate', the printed grouping that governs every row. From A: source_column_label and metric_name 'Total Capital Contributed' and 'Total Capital Distributed', because the header wraps 'Total Capital' onto its own line above each of those two columns separately instead of spanning them, and page 3 prints 'Total Capital Distributed' on one line where both lanes agree; currency_scale, which A correctly leaves blank on irr and tvpi rows while B stamps '($ in millions)' onto a percentage and a multiple; and evidence_quote, because A cites the full printed partnership line while B cites the bare value, which proves only that those digits occur somewhere on the page. subject_type corrected to 'fund' on every partnership row: both lanes wrote 'investment', but the entity column is headed 'Partnership' and each row is a named vehicle the fund committed capital to, not a holding inside one.",RESOLVED,A+B+ADJUDICATOR,504abfe06fcde5e187ef74247e28f97eecec00313f5079c91e05fbdaea023159
2684b30dc6e7273bc90c,SRC058,1,PAIR_3E759BBCA4324CC990460FDD,CONTEXT_CONFLICT,36,34,source_section|source_table|source_column_label|asset_class|metric_name|evidence_quote,MERGE,"MERGE, one ruling applied to every paired row because the two lanes differ the same way on all of them and neither is complete. From B: source_section, which A left blank on all three pages although 'Real Estate Portfolio' is printed above the table on pages 1 and 2 and 'REITS' and 'Separate Accounts' above their own tables on page 3; source_table on pages 1 and 2, because A's 'UNTITLED_TABLE_1' is a placeholder the page never prints; and asset_class 'Real Estate', the printed grouping that governs every row. From A: source_column_label and metric_name 'Total Capital Contributed' and 'Total Capital Distributed', because the header wraps 'Total Capital' onto its own line above each of those two columns separately instead of spanning them, and page 3 prints 'Total Capital Distributed' on one line where both lanes agree; currency_scale, which A correctly leaves blank on irr and tvpi rows while B stamps '($ in millions)' onto a percentage and a multiple; and evidence_quote, because A cites the full printed partnership line while B cites the bare value, which proves only that those digits occur somewhere on the page. subject_type corrected to 'fund' on every partnership row: both lanes wrote 'investment', but the entity column is headed 'Partnership' and each row is a named vehicle the fund committed capital to, not a holding inside one.",RESOLVED,A+B+ADJUDICATOR,504abfe06fcde5e187ef74247e28f97eecec00313f5079c91e05fbdaea023159
a3f2ad1ef3d036b513b3,SRC058,1,PAIR_FC899F1B77308F94AE74B833,CONTEXT_CONFLICT,37,37,source_section|source_table|asset_class|currency_scale|evidence_quote,MERGE,"MERGE, one ruling applied to every paired row because the two lanes differ the same way on all of them and neither is complete. From B: source_section, which A left blank on all three pages although 'Real Estate Portfolio' is printed above the table on pages 1 and 2 and 'REITS' and 'Separate Accounts' above their own tables on page 3; source_table on pages 1 and 2, because A's 'UNTITLED_TABLE_1' is a placeholder the page never prints; and asset_class 'Real Estate', the printed grouping that governs every row. From A: source_column_label and metric_name 'Total Capital Contributed' and 'Total Capital Distributed', because the header wraps 'Total Capital' onto its own line above each of those two columns separately instead of spanning them, and page 3 prints 'Total Capital Distributed' on one line where both lanes agree; currency_scale, which A correctly leaves blank on irr and tvpi rows while B stamps '($ in millions)' onto a percentage and a multiple; and evidence_quote, because A cites the full printed partnership line while B cites the bare value, which proves only that those digits occur somewhere on the page. subject_type corrected to 'fund' on every partnership row: both lanes wrote 'investment', but the entity column is headed 'Partnership' and each row is a named vehicle the fund committed capital to, not a holding inside one.",RESOLVED,A+B+ADJUDICATOR,504abfe06fcde5e187ef74247e28f97eecec00313f5079c91e05fbdaea023159
e8ac4ad665d3c18f2b1b,SRC058,1,PAIR_49717854F855A9BBB9F88E62,CONTEXT_CONFLICT,38,38,source_section|source_table|asset_class|evidence_quote,MERGE,"MERGE, one ruling applied to every paired row because the two lanes differ the same way on all of them and neither is complete. From B: source_section, which A left blank on all three pages although 'Real Estate Portfolio' is printed above the table on pages 1 and 2 and 'REITS' and 'Separate Accounts' above their own tables on page 3; source_table on pages 1 and 2, because A's 'UNTITLED_TABLE_1' is a placeholder the page never prints; and asset_class 'Real Estate', the printed grouping that governs every row. From A: source_column_label and metric_name 'Total Capital Contributed' and 'Total Capital Distributed', because the header wraps 'Total Capital' onto its own line above each of those two columns separately instead of spanning them, and page 3 prints 'Total Capital Distributed' on one line where both lanes agree; currency_scale, which A correctly leaves blank on irr and tvpi rows while B stamps '($ in millions)' onto a percentage and a multiple; and evidence_quote, because A cites the full printed partnership line while B cites the bare value, which proves only that those digits occur somewhere on the page. subject_type corrected to 'fund' on every partnership row: both lanes wrote 'investment', but the entity column is headed 'Partnership' and each row is a named vehicle the fund committed capital to, not a holding inside one.",RESOLVED,A+B+ADJUDICATOR,504abfe06fcde5e187ef74247e28f97eecec00313f5079c91e05fbdaea023159
8871bc08984e4cfcdd19,SRC058,1,PAIR_B279FB2B5C77AF15FE0CF972,CONTEXT_CONFLICT,39,41,source_section|source_table|asset_class|evidence_quote,MERGE,"MERGE, one ruling applied to every paired row because the two lanes differ the same way on all of them and neither is complete. From B: source_section, which A left blank on all three pages although 'Real Estate Portfolio' is printed above the table on pages 1 and 2 and 'REITS' and 'Separate Accounts' above their own tables on page 3; source_table on pages 1 and 2, because A's 'UNTITLED_TABLE_1' is a placeholder the page never prints; and asset_class 'Real Estate', the printed grouping that governs every row. From A: source_column_label and metric_name 'Total Capital Contributed' and 'Total Capital Distributed', because the header wraps 'Total Capital' onto its own line above each of those two columns separately instead of spanning them, and page 3 prints 'Total Capital Distributed' on one line where both lanes agree; currency_scale, which A correctly leaves blank on irr and tvpi rows while B stamps '($ in millions)' onto a percentage and a multiple; and evidence_quote, because A cites the full printed partnership line while B cites the bare value, which proves only that those digits occur somewhere on the page. subject_type corrected to 'fund' on every partnership row: both lanes wrote 'investment', but the entity column is headed 'Partnership' and each row is a named vehicle the fund committed capital to, not a holding inside one.; Source review: p1: Retirement Fund (The portfolio report distinguishes investor positions from its aggregate rows.) | p1: Retirement Fund (Printed heading or definition supporting the source-reviewed qualifier.) | p1: Retirement Fund (Supersedes SR2091: the printed entity or table label is context, not a measurement basis; source labels retain its scope.)",RESOLVED,A+B+ADJUDICATOR,504abfe06fcde5e187ef74247e28f97eecec00313f5079c91e05fbdaea023159
1a30b124253e7070e8fc,SRC058,1,PAIR_0E006F6EF8E8B5B1DFCDF6A8,CONTEXT_CONFLICT,40,42,source_section|source_table|asset_class|currency_scale|evidence_quote,MERGE,"MERGE, one ruling applied to every paired row because the two lanes differ the same way on all of them and neither is complete. From B: source_section, which A left blank on all three pages although 'Real Estate Portfolio' is printed above the table on pages 1 and 2 and 'REITS' and 'Separate Accounts' above their own tables on page 3; source_table on pages 1 and 2, because A's 'UNTITLED_TABLE_1' is a placeholder the page never prints; and asset_class 'Real Estate', the printed grouping that governs every row. From A: source_column_label and metric_name 'Total Capital Contributed' and 'Total Capital Distributed', because the header wraps 'Total Capital' onto its own line above each of those two columns separately instead of spanning them, and page 3 prints 'Total Capital Distributed' on one line where both lanes agree; currency_scale, which A correctly leaves blank on irr and tvpi rows while B stamps '($ in millions)' onto a percentage and a multiple; and evidence_quote, because A cites the full printed partnership line while B cites the bare value, which proves only that those digits occur somewhere on the page. subject_type corrected to 'fund' on every partnership row: both lanes wrote 'investment', but the entity column is headed 'Partnership' and each row is a named vehicle the fund committed capital to, not a holding inside one.; Source review: p1: IRR (All report pages were reviewed; no fee-basis statement qualifies this IRR.)",RESOLVED,A+B+ADJUDICATOR,504abfe06fcde5e187ef74247e28f97eecec00313f5079c91e05fbdaea023159
a62d68b05956eca7c132,SRC058,1,PAIR_9CF6DE371557E8FBE52E29C1,CONTEXT_CONFLICT,41,39,source_section|source_table|source_column_label|asset_class|metric_name|evidence_quote,MERGE,"MERGE, one ruling applied to every paired row because the two lanes differ the same way on all of them and neither is complete. From B: source_section, which A left blank on all three pages although 'Real Estate Portfolio' is printed above the table on pages 1 and 2 and 'REITS' and 'Separate Accounts' above their own tables on page 3; source_table on pages 1 and 2, because A's 'UNTITLED_TABLE_1' is a placeholder the page never prints; and asset_class 'Real Estate', the printed grouping that governs every row. From A: source_column_label and metric_name 'Total Capital Contributed' and 'Total Capital Distributed', because the header wraps 'Total Capital' onto its own line above each of those two columns separately instead of spanning them, and page 3 prints 'Total Capital Distributed' on one line where both lanes agree; currency_scale, which A correctly leaves blank on irr and tvpi rows while B stamps '($ in millions)' onto a percentage and a multiple; and evidence_quote, because A cites the full printed partnership line while B cites the bare value, which proves only that those digits occur somewhere on the page. subject_type corrected to 'fund' on every partnership row: both lanes wrote 'investment', but the entity column is headed 'Partnership' and each row is a named vehicle the fund committed capital to, not a holding inside one.",RESOLVED,A+B+ADJUDICATOR,504abfe06fcde5e187ef74247e28f97eecec00313f5079c91e05fbdaea023159
c2481214f04c8abe4f78,SRC058,1,PAIR_236752EF8588934CD5C66FF4,CONTEXT_CONFLICT,42,40,source_section|source_table|source_column_label|asset_class|metric_name|evidence_quote,MERGE,"MERGE, one ruling applied to every paired row because the two lanes differ the same way on all of them and neither is complete. From B: source_section, which A left blank on all three pages although 'Real Estate Portfolio' is printed above the table on pages 1 and 2 and 'REITS' and 'Separate Accounts' above their own tables on page 3; source_table on pages 1 and 2, because A's 'UNTITLED_TABLE_1' is a placeholder the page never prints; and asset_class 'Real Estate', the printed grouping that governs every row. From A: source_column_label and metric_name 'Total Capital Contributed' and 'Total Capital Distributed', because the header wraps 'Total Capital' onto its own line above each of those two columns separately instead of spanning them, and page 3 prints 'Total Capital Distributed' on one line where both lanes agree; currency_scale, which A correctly leaves blank on irr and tvpi rows while B stamps '($ in millions)' onto a percentage and a multiple; and evidence_quote, because A cites the full printed partnership line while B cites the bare value, which proves only that those digits occur somewhere on the page. subject_type corrected to 'fund' on every partnership row: both lanes wrote 'investment', but the entity column is headed 'Partnership' and each row is a named vehicle the fund committed capital to, not a holding inside one.",RESOLVED,A+B+ADJUDICATOR,504abfe06fcde5e187ef74247e28f97eecec00313f5079c91e05fbdaea023159
f8db11decd5c37f982ac,SRC058,1,PAIR_03475A389D78EBBE2BE59586,CONTEXT_CONFLICT,43,43,source_section|source_table|asset_class|currency_scale|evidence_quote,MERGE,"MERGE, one ruling applied to every paired row because the two lanes differ the same way on all of them and neither is complete. From B: source_section, which A left blank on all three pages although 'Real Estate Portfolio' is printed above the table on pages 1 and 2 and 'REITS' and 'Separate Accounts' above their own tables on page 3; source_table on pages 1 and 2, because A's 'UNTITLED_TABLE_1' is a placeholder the page never prints; and asset_class 'Real Estate', the printed grouping that governs every row. From A: source_column_label and metric_name 'Total Capital Contributed' and 'Total Capital Distributed', because the header wraps 'Total Capital' onto its own line above each of those two columns separately instead of spanning them, and page 3 prints 'Total Capital Distributed' on one line where both lanes agree; currency_scale, which A correctly leaves blank on irr and tvpi rows while B stamps '($ in millions)' onto a percentage and a multiple; and evidence_quote, because A cites the full printed partnership line while B cites the bare value, which proves only that those digits occur somewhere on the page. subject_type corrected to 'fund' on every partnership row: both lanes wrote 'investment', but the entity column is headed 'Partnership' and each row is a named vehicle the fund committed capital to, not a holding inside one.",RESOLVED,A+B+ADJUDICATOR,504abfe06fcde5e187ef74247e28f97eecec00313f5079c91e05fbdaea023159
ea7e3d646feef4539078,SRC058,1,PAIR_1962DE95B198A843C295FD03,CONTEXT_CONFLICT,44,44,source_section|source_table|asset_class|evidence_quote,MERGE,"MERGE, one ruling applied to every paired row because the two lanes differ the same way on all of them and neither is complete. From B: source_section, which A left blank on all three pages although 'Real Estate Portfolio' is printed above the table on pages 1 and 2 and 'REITS' and 'Separate Accounts' above their own tables on page 3; source_table on pages 1 and 2, because A's 'UNTITLED_TABLE_1' is a placeholder the page never prints; and asset_class 'Real Estate', the printed grouping that governs every row. From A: source_column_label and metric_name 'Total Capital Contributed' and 'Total Capital Distributed', because the header wraps 'Total Capital' onto its own line above each of those two columns separately instead of spanning them, and page 3 prints 'Total Capital Distributed' on one line where both lanes agree; currency_scale, which A correctly leaves blank on irr and tvpi rows while B stamps '($ in millions)' onto a percentage and a multiple; and evidence_quote, because A cites the full printed partnership line while B cites the bare value, which proves only that those digits occur somewhere on the page. subject_type corrected to 'fund' on every partnership row: both lanes wrote 'investment', but the entity column is headed 'Partnership' and each row is a named vehicle the fund committed capital to, not a holding inside one.",RESOLVED,A+B+ADJUDICATOR,504abfe06fcde5e187ef74247e28f97eecec00313f5079c91e05fbdaea023159
af1f81c198392b58fc22,SRC058,1,PAIR_BD50ADEAFC155BE467BF2ED4,CONTEXT_CONFLICT,45,47,source_section|source_table|asset_class|evidence_quote,MERGE,"MERGE, one ruling applied to every paired row because the two lanes differ the same way on all of them and neither is complete. From B: source_section, which A left blank on all three pages although 'Real Estate Portfolio' is printed above the table on pages 1 and 2 and 'REITS' and 'Separate Accounts' above their own tables on page 3; source_table on pages 1 and 2, because A's 'UNTITLED_TABLE_1' is a placeholder the page never prints; and asset_class 'Real Estate', the printed grouping that governs every row. From A: source_column_label and metric_name 'Total Capital Contributed' and 'Total Capital Distributed', because the header wraps 'Total Capital' onto its own line above each of those two columns separately instead of spanning them, and page 3 prints 'Total Capital Distributed' on one line where both lanes agree; currency_scale, which A correctly leaves blank on irr and tvpi rows while B stamps '($ in millions)' onto a percentage and a multiple; and evidence_quote, because A cites the full printed partnership line while B cites the bare value, which proves only that those digits occur somewhere on the page. subject_type corrected to 'fund' on every partnership row: both lanes wrote 'investment', but the entity column is headed 'Partnership' and each row is a named vehicle the fund committed capital to, not a holding inside one.; Source review: p1: Retirement Fund (The portfolio report distinguishes investor positions from its aggregate rows.) | p1: Retirement Fund (Printed heading or definition supporting the source-reviewed qualifier.) | p1: Retirement Fund (Supersedes SR2092: the printed entity or table label is context, not a measurement basis; source labels retain its scope.)",RESOLVED,A+B+ADJUDICATOR,504abfe06fcde5e187ef74247e28f97eecec00313f5079c91e05fbdaea023159
cbf7616684fb81aa3c6a,SRC058,1,PAIR_A103E18E96AFA9324EA2EB1A,CONTEXT_CONFLICT,46,48,source_section|source_table|asset_class|currency_scale|evidence_quote,MERGE,"MERGE, one ruling applied to every paired row because the two lanes differ the same way on all of them and neither is complete. From B: source_section, which A left blank on all three pages although 'Real Estate Portfolio' is printed above the table on pages 1 and 2 and 'REITS' and 'Separate Accounts' above their own tables on page 3; source_table on pages 1 and 2, because A's 'UNTITLED_TABLE_1' is a placeholder the page never prints; and asset_class 'Real Estate', the printed grouping that governs every row. From A: source_column_label and metric_name 'Total Capital Contributed' and 'Total Capital Distributed', because the header wraps 'Total Capital' onto its own line above each of those two columns separately instead of spanning them, and page 3 prints 'Total Capital Distributed' on one line where both lanes agree; currency_scale, which A correctly leaves blank on irr and tvpi rows while B stamps '($ in millions)' onto a percentage and a multiple; and evidence_quote, because A cites the full printed partnership line while B cites the bare value, which proves only that those digits occur somewhere on the page. subject_type corrected to 'fund' on every partnership row: both lanes wrote 'investment', but the entity column is headed 'Partnership' and each row is a named vehicle the fund committed capital to, not a holding inside one.; Source review: p1: IRR (All report pages were reviewed; no fee-basis statement qualifies this IRR.)",RESOLVED,A+B+ADJUDICATOR,504abfe06fcde5e187ef74247e28f97eecec00313f5079c91e05fbdaea023159
2b5ab35a7c61ea8bacc0,SRC058,1,PAIR_983DCE11FA08FFDDD70425F3,CONTEXT_CONFLICT,47,45,source_section|source_table|source_column_label|asset_class|metric_name|evidence_quote,MERGE,"MERGE, one ruling applied to every paired row because the two lanes differ the same way on all of them and neither is complete. From B: source_section, which A left blank on all three pages although 'Real Estate Portfolio' is printed above the table on pages 1 and 2 and 'REITS' and 'Separate Accounts' above their own tables on page 3; source_table on pages 1 and 2, because A's 'UNTITLED_TABLE_1' is a placeholder the page never prints; and asset_class 'Real Estate', the printed grouping that governs every row. From A: source_column_label and metric_name 'Total Capital Contributed' and 'Total Capital Distributed', because the header wraps 'Total Capital' onto its own line above each of those two columns separately instead of spanning them, and page 3 prints 'Total Capital Distributed' on one line where both lanes agree; currency_scale, which A correctly leaves blank on irr and tvpi rows while B stamps '($ in millions)' onto a percentage and a multiple; and evidence_quote, because A cites the full printed partnership line while B cites the bare value, which proves only that those digits occur somewhere on the page. subject_type corrected to 'fund' on every partnership row: both lanes wrote 'investment', but the entity column is headed 'Partnership' and each row is a named vehicle the fund committed capital to, not a holding inside one.",RESOLVED,A+B+ADJUDICATOR,504abfe06fcde5e187ef74247e28f97eecec00313f5079c91e05fbdaea023159
fba18d938796291fbe53,SRC058,1,PAIR_B7F04C6B9D4EE7A897B9C8E5,CONTEXT_CONFLICT,48,46,source_section|source_table|source_column_label|asset_class|metric_name|evidence_quote,MERGE,"MERGE, one ruling applied to every paired row because the two lanes differ the same way on all of them and neither is complete. From B: source_section, which A left blank on all three pages although 'Real Estate Portfolio' is printed above the table on pages 1 and 2 and 'REITS' and 'Separate Accounts' above their own tables on page 3; source_table on pages 1 and 2, because A's 'UNTITLED_TABLE_1' is a placeholder the page never prints; and asset_class 'Real Estate', the printed grouping that governs every row. From A: source_column_label and metric_name 'Total Capital Contributed' and 'Total Capital Distributed', because the header wraps 'Total Capital' onto its own line above each of those two columns separately instead of spanning them, and page 3 prints 'Total Capital Distributed' on one line where both lanes agree; currency_scale, which A correctly leaves blank on irr and tvpi rows while B stamps '($ in millions)' onto a percentage and a multiple; and evidence_quote, because A cites the full printed partnership line while B cites the bare value, which proves only that those digits occur somewhere on the page. subject_type corrected to 'fund' on every partnership row: both lanes wrote 'investment', but the entity column is headed 'Partnership' and each row is a named vehicle the fund committed capital to, not a holding inside one.",RESOLVED,A+B+ADJUDICATOR,504abfe06fcde5e187ef74247e28f97eecec00313f5079c91e05fbdaea023159
f4a53e9b48213820d5aa,SRC058,1,PAIR_B0CE9F9BA9BDA40E3EEFAEC9,CONTEXT_CONFLICT,49,49,source_section|source_table|asset_class|currency_scale|evidence_quote,MERGE,"MERGE, one ruling applied to every paired row because the two lanes differ the same way on all of them and neither is complete. From B: source_section, which A left blank on all three pages although 'Real Estate Portfolio' is printed above the table on pages 1 and 2 and 'REITS' and 'Separate Accounts' above their own tables on page 3; source_table on pages 1 and 2, because A's 'UNTITLED_TABLE_1' is a placeholder the page never prints; and asset_class 'Real Estate', the printed grouping that governs every row. From A: source_column_label and metric_name 'Total Capital Contributed' and 'Total Capital Distributed', because the header wraps 'Total Capital' onto its own line above each of those two columns separately instead of spanning them, and page 3 prints 'Total Capital Distributed' on one line where both lanes agree; currency_scale, which A correctly leaves blank on irr and tvpi rows while B stamps '($ in millions)' onto a percentage and a multiple; and evidence_quote, because A cites the full printed partnership line while B cites the bare value, which proves only that those digits occur somewhere on the page. subject_type corrected to 'fund' on every partnership row: both lanes wrote 'investment', but the entity column is headed 'Partnership' and each row is a named vehicle the fund committed capital to, not a holding inside one.",RESOLVED,A+B+ADJUDICATOR,504abfe06fcde5e187ef74247e28f97eecec00313f5079c91e05fbdaea023159
3c63dd34106f70c0f66d,SRC058,1,PAIR_CF042B9F9F3D94483F5ED77B,CONTEXT_CONFLICT,50,50,source_section|source_table|asset_class|evidence_quote,MERGE,"MERGE, one ruling applied to every paired row because the two lanes differ the same way on all of them and neither is complete. From B: source_section, which A left blank on all three pages although 'Real Estate Portfolio' is printed above the table on pages 1 and 2 and 'REITS' and 'Separate Accounts' above their own tables on page 3; source_table on pages 1 and 2, because A's 'UNTITLED_TABLE_1' is a placeholder the page never prints; and asset_class 'Real Estate', the printed grouping that governs every row. From A: source_column_label and metric_name 'Total Capital Contributed' and 'Total Capital Distributed', because the header wraps 'Total Capital' onto its own line above each of those two columns separately instead of spanning them, and page 3 prints 'Total Capital Distributed' on one line where both lanes agree; currency_scale, which A correctly leaves blank on irr and tvpi rows while B stamps '($ in millions)' onto a percentage and a multiple; and evidence_quote, because A cites the full printed partnership line while B cites the bare value, which proves only that those digits occur somewhere on the page. subject_type corrected to 'fund' on every partnership row: both lanes wrote 'investment', but the entity column is headed 'Partnership' and each row is a named vehicle the fund committed capital to, not a holding inside one.",RESOLVED,A+B+ADJUDICATOR,504abfe06fcde5e187ef74247e28f97eecec00313f5079c91e05fbdaea023159
e5438b7d789f2cd9f171,SRC058,1,PAIR_54A9787C11A1E0291B8E2576,CONTEXT_CONFLICT,51,53,source_section|source_table|asset_class|evidence_quote,MERGE,"MERGE, one ruling applied to every paired row because the two lanes differ the same way on all of them and neither is complete. From B: source_section, which A left blank on all three pages although 'Real Estate Portfolio' is printed above the table on pages 1 and 2 and 'REITS' and 'Separate Accounts' above their own tables on page 3; source_table on pages 1 and 2, because A's 'UNTITLED_TABLE_1' is a placeholder the page never prints; and asset_class 'Real Estate', the printed grouping that governs every row. From A: source_column_label and metric_name 'Total Capital Contributed' and 'Total Capital Distributed', because the header wraps 'Total Capital' onto its own line above each of those two columns separately instead of spanning them, and page 3 prints 'Total Capital Distributed' on one line where both lanes agree; currency_scale, which A correctly leaves blank on irr and tvpi rows while B stamps '($ in millions)' onto a percentage and a multiple; and evidence_quote, because A cites the full printed partnership line while B cites the bare value, which proves only that those digits occur somewhere on the page. subject_type corrected to 'fund' on every partnership row: both lanes wrote 'investment', but the entity column is headed 'Partnership' and each row is a named vehicle the fund committed capital to, not a holding inside one.; Source review: p1: Retirement Fund (The portfolio report distinguishes investor positions from its aggregate rows.) | p1: Retirement Fund (Printed heading or definition supporting the source-reviewed qualifier.) | p1: Retirement Fund (Supersedes SR2093: the printed entity or table label is context, not a measurement basis; source labels retain its scope.)",RESOLVED,A+B+ADJUDICATOR,504abfe06fcde5e187ef74247e28f97eecec00313f5079c91e05fbdaea023159
c1516b96516df30341f1,SRC058,1,PAIR_D26626D3D733E0A418696ABD,CONTEXT_CONFLICT,52,54,source_section|source_table|asset_class|currency_scale|evidence_quote,MERGE,"MERGE, one ruling applied to every paired row because the two lanes differ the same way on all of them and neither is complete. From B: source_section, which A left blank on all three pages although 'Real Estate Portfolio' is printed above the table on pages 1 and 2 and 'REITS' and 'Separate Accounts' above their own tables on page 3; source_table on pages 1 and 2, because A's 'UNTITLED_TABLE_1' is a placeholder the page never prints; and asset_class 'Real Estate', the printed grouping that governs every row. From A: source_column_label and metric_name 'Total Capital Contributed' and 'Total Capital Distributed', because the header wraps 'Total Capital' onto its own line above each of those two columns separately instead of spanning them, and page 3 prints 'Total Capital Distributed' on one line where both lanes agree; currency_scale, which A correctly leaves blank on irr and tvpi rows while B stamps '($ in millions)' onto a percentage and a multiple; and evidence_quote, because A cites the full printed partnership line while B cites the bare value, which proves only that those digits occur somewhere on the page. subject_type corrected to 'fund' on every partnership row: both lanes wrote 'investment', but the entity column is headed 'Partnership' and each row is a named vehicle the fund committed capital to, not a holding inside one.; Source review: p1: IRR (All report pages were reviewed; no fee-basis statement qualifies this IRR.)",RESOLVED,A+B+ADJUDICATOR,504abfe06fcde5e187ef74247e28f97eecec00313f5079c91e05fbdaea023159
d2560641e76c439aeec1,SRC058,1,PAIR_4DA1A9A829467ACDAE40DADF,CONTEXT_CONFLICT,53,51,source_section|source_table|source_column_label|asset_class|metric_name|evidence_quote,MERGE,"MERGE, one ruling applied to every paired row because the two lanes differ the same way on all of them and neither is complete. From B: source_section, which A left blank on all three pages although 'Real Estate Portfolio' is printed above the table on pages 1 and 2 and 'REITS' and 'Separate Accounts' above their own tables on page 3; source_table on pages 1 and 2, because A's 'UNTITLED_TABLE_1' is a placeholder the page never prints; and asset_class 'Real Estate', the printed grouping that governs every row. From A: source_column_label and metric_name 'Total Capital Contributed' and 'Total Capital Distributed', because the header wraps 'Total Capital' onto its own line above each of those two columns separately instead of spanning them, and page 3 prints 'Total Capital Distributed' on one line where both lanes agree; currency_scale, which A correctly leaves blank on irr and tvpi rows while B stamps '($ in millions)' onto a percentage and a multiple; and evidence_quote, because A cites the full printed partnership line while B cites the bare value, which proves only that those digits occur somewhere on the page. subject_type corrected to 'fund' on every partnership row: both lanes wrote 'investment', but the entity column is headed 'Partnership' and each row is a named vehicle the fund committed capital to, not a holding inside one.",RESOLVED,A+B+ADJUDICATOR,504abfe06fcde5e187ef74247e28f97eecec00313f5079c91e05fbdaea023159
0adeaffca87c1e39f843,SRC058,1,PAIR_BF0C1CECEAADC932E4E92BD5,CONTEXT_CONFLICT,54,52,source_section|source_table|source_column_label|asset_class|metric_name|evidence_quote,MERGE,"MERGE, one ruling applied to every paired row because the two lanes differ the same way on all of them and neither is complete. From B: source_section, which A left blank on all three pages although 'Real Estate Portfolio' is printed above the table on pages 1 and 2 and 'REITS' and 'Separate Accounts' above their own tables on page 3; source_table on pages 1 and 2, because A's 'UNTITLED_TABLE_1' is a placeholder the page never prints; and asset_class 'Real Estate', the printed grouping that governs every row. From A: source_column_label and metric_name 'Total Capital Contributed' and 'Total Capital Distributed', because the header wraps 'Total Capital' onto its own line above each of those two columns separately instead of spanning them, and page 3 prints 'Total Capital Distributed' on one line where both lanes agree; currency_scale, which A correctly leaves blank on irr and tvpi rows while B stamps '($ in millions)' onto a percentage and a multiple; and evidence_quote, because A cites the full printed partnership line while B cites the bare value, which proves only that those digits occur somewhere on the page. subject_type corrected to 'fund' on every partnership row: both lanes wrote 'investment', but the entity column is headed 'Partnership' and each row is a named vehicle the fund committed capital to, not a holding inside one.",RESOLVED,A+B+ADJUDICATOR,504abfe06fcde5e187ef74247e28f97eecec00313f5079c91e05fbdaea023159
128fe7a3180c5e87e220,SRC058,1,PAIR_D56ABF88CACE27041FA1ACAD,CONTEXT_CONFLICT,55,55,source_section|source_table|asset_class|currency_scale|evidence_quote,MERGE,"MERGE, one ruling applied to every paired row because the two lanes differ the same way on all of them and neither is complete. From B: source_section, which A left blank on all three pages although 'Real Estate Portfolio' is printed above the table on pages 1 and 2 and 'REITS' and 'Separate Accounts' above their own tables on page 3; source_table on pages 1 and 2, because A's 'UNTITLED_TABLE_1' is a placeholder the page never prints; and asset_class 'Real Estate', the printed grouping that governs every row. From A: source_column_label and metric_name 'Total Capital Contributed' and 'Total Capital Distributed', because the header wraps 'Total Capital' onto its own line above each of those two columns separately instead of spanning them, and page 3 prints 'Total Capital Distributed' on one line where both lanes agree; currency_scale, which A correctly leaves blank on irr and tvpi rows while B stamps '($ in millions)' onto a percentage and a multiple; and evidence_quote, because A cites the full printed partnership line while B cites the bare value, which proves only that those digits occur somewhere on the page. subject_type corrected to 'fund' on every partnership row: both lanes wrote 'investment', but the entity column is headed 'Partnership' and each row is a named vehicle the fund committed capital to, not a holding inside one.",RESOLVED,A+B+ADJUDICATOR,504abfe06fcde5e187ef74247e28f97eecec00313f5079c91e05fbdaea023159
43c21a5a075967dacebd,SRC058,1,PAIR_57C6403B7AF738058C543515,CONTEXT_CONFLICT,56,56,source_section|source_table|asset_class|evidence_quote,MERGE,"MERGE, one ruling applied to every paired row because the two lanes differ the same way on all of them and neither is complete. From B: source_section, which A left blank on all three pages although 'Real Estate Portfolio' is printed above the table on pages 1 and 2 and 'REITS' and 'Separate Accounts' above their own tables on page 3; source_table on pages 1 and 2, because A's 'UNTITLED_TABLE_1' is a placeholder the page never prints; and asset_class 'Real Estate', the printed grouping that governs every row. From A: source_column_label and metric_name 'Total Capital Contributed' and 'Total Capital Distributed', because the header wraps 'Total Capital' onto its own line above each of those two columns separately instead of spanning them, and page 3 prints 'Total Capital Distributed' on one line where both lanes agree; currency_scale, which A correctly leaves blank on irr and tvpi rows while B stamps '($ in millions)' onto a percentage and a multiple; and evidence_quote, because A cites the full printed partnership line while B cites the bare value, which proves only that those digits occur somewhere on the page. subject_type corrected to 'fund' on every partnership row: both lanes wrote 'investment', but the entity column is headed 'Partnership' and each row is a named vehicle the fund committed capital to, not a holding inside one.",RESOLVED,A+B+ADJUDICATOR,504abfe06fcde5e187ef74247e28f97eecec00313f5079c91e05fbdaea023159
d04eabe62a1202ef6ea9,SRC058,1,PAIR_713B8D872D10078D3DD7E19C,CONTEXT_CONFLICT,57,59,source_section|source_table|asset_class|evidence_quote,MERGE,"MERGE, one ruling applied to every paired row because the two lanes differ the same way on all of them and neither is complete. From B: source_section, which A left blank on all three pages although 'Real Estate Portfolio' is printed above the table on pages 1 and 2 and 'REITS' and 'Separate Accounts' above their own tables on page 3; source_table on pages 1 and 2, because A's 'UNTITLED_TABLE_1' is a placeholder the page never prints; and asset_class 'Real Estate', the printed grouping that governs every row. From A: source_column_label and metric_name 'Total Capital Contributed' and 'Total Capital Distributed', because the header wraps 'Total Capital' onto its own line above each of those two columns separately instead of spanning them, and page 3 prints 'Total Capital Distributed' on one line where both lanes agree; currency_scale, which A correctly leaves blank on irr and tvpi rows while B stamps '($ in millions)' onto a percentage and a multiple; and evidence_quote, because A cites the full printed partnership line while B cites the bare value, which proves only that those digits occur somewhere on the page. subject_type corrected to 'fund' on every partnership row: both lanes wrote 'investment', but the entity column is headed 'Partnership' and each row is a named vehicle the fund committed capital to, not a holding inside one.; Source review: p1: Retirement Fund (The portfolio report distinguishes investor positions from its aggregate rows.) | p1: Retirement Fund (Printed heading or definition supporting the source-reviewed qualifier.) | p1: Retirement Fund (Supersedes SR2094: the printed entity or table label is context, not a measurement basis; source labels retain its scope.)",RESOLVED,A+B+ADJUDICATOR,504abfe06fcde5e187ef74247e28f97eecec00313f5079c91e05fbdaea023159
a1e1ad640573ef18c83b,SRC058,1,PAIR_F9AD0E196AE70D2DE7F73CEE,CONTEXT_CONFLICT,58,60,source_section|source_table|asset_class|currency_scale|evidence_quote,MERGE,"MERGE, one ruling applied to every paired row because the two lanes differ the same way on all of them and neither is complete. From B: source_section, which A left blank on all three pages although 'Real Estate Portfolio' is printed above the table on pages 1 and 2 and 'REITS' and 'Separate Accounts' above their own tables on page 3; source_table on pages 1 and 2, because A's 'UNTITLED_TABLE_1' is a placeholder the page never prints; and asset_class 'Real Estate', the printed grouping that governs every row. From A: source_column_label and metric_name 'Total Capital Contributed' and 'Total Capital Distributed', because the header wraps 'Total Capital' onto its own line above each of those two columns separately instead of spanning them, and page 3 prints 'Total Capital Distributed' on one line where both lanes agree; currency_scale, which A correctly leaves blank on irr and tvpi rows while B stamps '($ in millions)' onto a percentage and a multiple; and evidence_quote, because A cites the full printed partnership line while B cites the bare value, which proves only that those digits occur somewhere on the page. subject_type corrected to 'fund' on every partnership row: both lanes wrote 'investment', but the entity column is headed 'Partnership' and each row is a named vehicle the fund committed capital to, not a holding inside one.; Source review: p1: IRR (All report pages were reviewed; no fee-basis statement qualifies this IRR.)",RESOLVED,A+B+ADJUDICATOR,504abfe06fcde5e187ef74247e28f97eecec00313f5079c91e05fbdaea023159
434b6bc84db3179dfc11,SRC058,1,PAIR_73DDF40E0CEF019C6C1CDB58,CONTEXT_CONFLICT,59,57,source_section|source_table|source_column_label|asset_class|metric_name|evidence_quote,MERGE,"MERGE, one ruling applied to every paired row because the two lanes differ the same way on all of them and neither is complete. From B: source_section, which A left blank on all three pages although 'Real Estate Portfolio' is printed above the table on pages 1 and 2 and 'REITS' and 'Separate Accounts' above their own tables on page 3; source_table on pages 1 and 2, because A's 'UNTITLED_TABLE_1' is a placeholder the page never prints; and asset_class 'Real Estate', the printed grouping that governs every row. From A: source_column_label and metric_name 'Total Capital Contributed' and 'Total Capital Distributed', because the header wraps 'Total Capital' onto its own line above each of those two columns separately instead of spanning them, and page 3 prints 'Total Capital Distributed' on one line where both lanes agree; currency_scale, which A correctly leaves blank on irr and tvpi rows while B stamps '($ in millions)' onto a percentage and a multiple; and evidence_quote, because A cites the full printed partnership line while B cites the bare value, which proves only that those digits occur somewhere on the page. subject_type corrected to 'fund' on every partnership row: both lanes wrote 'investment', but the entity column is headed 'Partnership' and each row is a named vehicle the fund committed capital to, not a holding inside one.",RESOLVED,A+B+ADJUDICATOR,504abfe06fcde5e187ef74247e28f97eecec00313f5079c91e05fbdaea023159
95829d033ac058f4ef94,SRC058,1,PAIR_BEDC265F0BE4BE5B21E46345,CONTEXT_CONFLICT,60,58,source_section|source_table|source_column_label|asset_class|metric_name|evidence_quote,MERGE,"MERGE, one ruling applied to every paired row because the two lanes differ the same way on all of them and neither is complete. From B: source_section, which A left blank on all three pages although 'Real Estate Portfolio' is printed above the table on pages 1 and 2 and 'REITS' and 'Separate Accounts' above their own tables on page 3; source_table on pages 1 and 2, because A's 'UNTITLED_TABLE_1' is a placeholder the page never prints; and asset_class 'Real Estate', the printed grouping that governs every row. From A: source_column_label and metric_name 'Total Capital Contributed' and 'Total Capital Distributed', because the header wraps 'Total Capital' onto its own line above each of those two columns separately instead of spanning them, and page 3 prints 'Total Capital Distributed' on one line where both lanes agree; currency_scale, which A correctly leaves blank on irr and tvpi rows while B stamps '($ in millions)' onto a percentage and a multiple; and evidence_quote, because A cites the full printed partnership line while B cites the bare value, which proves only that those digits occur somewhere on the page. subject_type corrected to 'fund' on every partnership row: both lanes wrote 'investment', but the entity column is headed 'Partnership' and each row is a named vehicle the fund committed capital to, not a holding inside one.",RESOLVED,A+B+ADJUDICATOR,504abfe06fcde5e187ef74247e28f97eecec00313f5079c91e05fbdaea023159
a506e682d7a6f98b63eb,SRC058,1,PAIR_3129EA87C52954225D86ED24,CONTEXT_CONFLICT,61,61,source_section|source_table|asset_class|currency_scale|evidence_quote,MERGE,"MERGE, one ruling applied to every paired row because the two lanes differ the same way on all of them and neither is complete. From B: source_section, which A left blank on all three pages although 'Real Estate Portfolio' is printed above the table on pages 1 and 2 and 'REITS' and 'Separate Accounts' above their own tables on page 3; source_table on pages 1 and 2, because A's 'UNTITLED_TABLE_1' is a placeholder the page never prints; and asset_class 'Real Estate', the printed grouping that governs every row. From A: source_column_label and metric_name 'Total Capital Contributed' and 'Total Capital Distributed', because the header wraps 'Total Capital' onto its own line above each of those two columns separately instead of spanning them, and page 3 prints 'Total Capital Distributed' on one line where both lanes agree; currency_scale, which A correctly leaves blank on irr and tvpi rows while B stamps '($ in millions)' onto a percentage and a multiple; and evidence_quote, because A cites the full printed partnership line while B cites the bare value, which proves only that those digits occur somewhere on the page. subject_type corrected to 'fund' on every partnership row: both lanes wrote 'investment', but the entity column is headed 'Partnership' and each row is a named vehicle the fund committed capital to, not a holding inside one.",RESOLVED,A+B+ADJUDICATOR,504abfe06fcde5e187ef74247e28f97eecec00313f5079c91e05fbdaea023159
0b779482cceffdc5faf5,SRC058,1,PAIR_7A1C59AC4781DD80630E3759,CONTEXT_CONFLICT,62,62,source_section|source_table|asset_class|evidence_quote,MERGE,"MERGE, one ruling applied to every paired row because the two lanes differ the same way on all of them and neither is complete. From B: source_section, which A left blank on all three pages although 'Real Estate Portfolio' is printed above the table on pages 1 and 2 and 'REITS' and 'Separate Accounts' above their own tables on page 3; source_table on pages 1 and 2, because A's 'UNTITLED_TABLE_1' is a placeholder the page never prints; and asset_class 'Real Estate', the printed grouping that governs every row. From A: source_column_label and metric_name 'Total Capital Contributed' and 'Total Capital Distributed', because the header wraps 'Total Capital' onto its own line above each of those two columns separately instead of spanning them, and page 3 prints 'Total Capital Distributed' on one line where both lanes agree; currency_scale, which A correctly leaves blank on irr and tvpi rows while B stamps '($ in millions)' onto a percentage and a multiple; and evidence_quote, because A cites the full printed partnership line while B cites the bare value, which proves only that those digits occur somewhere on the page. subject_type corrected to 'fund' on every partnership row: both lanes wrote 'investment', but the entity column is headed 'Partnership' and each row is a named vehicle the fund committed capital to, not a holding inside one.",RESOLVED,A+B+ADJUDICATOR,504abfe06fcde5e187ef74247e28f97eecec00313f5079c91e05fbdaea023159
c659d006c4c41f0bde27,SRC058,1,PAIR_94B0822A16EE00FA85B852AC,CONTEXT_CONFLICT,63,65,source_section|source_table|asset_class|evidence_quote,MERGE,"MERGE, one ruling applied to every paired row because the two lanes differ the same way on all of them and neither is complete. From B: source_section, which A left blank on all three pages although 'Real Estate Portfolio' is printed above the table on pages 1 and 2 and 'REITS' and 'Separate Accounts' above their own tables on page 3; source_table on pages 1 and 2, because A's 'UNTITLED_TABLE_1' is a placeholder the page never prints; and asset_class 'Real Estate', the printed grouping that governs every row. From A: source_column_label and metric_name 'Total Capital Contributed' and 'Total Capital Distributed', because the header wraps 'Total Capital' onto its own line above each of those two columns separately instead of spanning them, and page 3 prints 'Total Capital Distributed' on one line where both lanes agree; currency_scale, which A correctly leaves blank on irr and tvpi rows while B stamps '($ in millions)' onto a percentage and a multiple; and evidence_quote, because A cites the full printed partnership line while B cites the bare value, which proves only that those digits occur somewhere on the page. subject_type corrected to 'fund' on every partnership row: both lanes wrote 'investment', but the entity column is headed 'Partnership' and each row is a named vehicle the fund committed capital to, not a holding inside one.; Source review: p1: Retirement Fund (The portfolio report distinguishes investor positions from its aggregate rows.) | p1: Retirement Fund (Printed heading or definition supporting the source-reviewed qualifier.) | p1: Retirement Fund (Supersedes SR2095: the printed entity or table label is context, not a measurement basis; source labels retain its scope.)",RESOLVED,A+B+ADJUDICATOR,504abfe06fcde5e187ef74247e28f97eecec00313f5079c91e05fbdaea023159
83c7e9eaa9b7eaa695c7,SRC058,1,PAIR_6814F6B07EA6FC0F9ED94D21,CONTEXT_CONFLICT,64,66,source_section|source_table|asset_class|currency_scale|evidence_quote,MERGE,"MERGE, one ruling applied to every paired row because the two lanes differ the same way on all of them and neither is complete. From B: source_section, which A left blank on all three pages although 'Real Estate Portfolio' is printed above the table on pages 1 and 2 and 'REITS' and 'Separate Accounts' above their own tables on page 3; source_table on pages 1 and 2, because A's 'UNTITLED_TABLE_1' is a placeholder the page never prints; and asset_class 'Real Estate', the printed grouping that governs every row. From A: source_column_label and metric_name 'Total Capital Contributed' and 'Total Capital Distributed', because the header wraps 'Total Capital' onto its own line above each of those two columns separately instead of spanning them, and page 3 prints 'Total Capital Distributed' on one line where both lanes agree; currency_scale, which A correctly leaves blank on irr and tvpi rows while B stamps '($ in millions)' onto a percentage and a multiple; and evidence_quote, because A cites the full printed partnership line while B cites the bare value, which proves only that those digits occur somewhere on the page. subject_type corrected to 'fund' on every partnership row: both lanes wrote 'investment', but the entity column is headed 'Partnership' and each row is a named vehicle the fund committed capital to, not a holding inside one.; Source review: p1: IRR (All report pages were reviewed; no fee-basis statement qualifies this IRR.)",RESOLVED,A+B+ADJUDICATOR,504abfe06fcde5e187ef74247e28f97eecec00313f5079c91e05fbdaea023159
fba16c331a24d34f430a,SRC058,1,PAIR_10D8FCDD8BB54594BBF59AB2,CONTEXT_CONFLICT,65,63,source_section|source_table|source_column_label|asset_class|metric_name|evidence_quote,MERGE,"MERGE, one ruling applied to every paired row because the two lanes differ the same way on all of them and neither is complete. From B: source_section, which A left blank on all three pages although 'Real Estate Portfolio' is printed above the table on pages 1 and 2 and 'REITS' and 'Separate Accounts' above their own tables on page 3; source_table on pages 1 and 2, because A's 'UNTITLED_TABLE_1' is a placeholder the page never prints; and asset_class 'Real Estate', the printed grouping that governs every row. From A: source_column_label and metric_name 'Total Capital Contributed' and 'Total Capital Distributed', because the header wraps 'Total Capital' onto its own line above each of those two columns separately instead of spanning them, and page 3 prints 'Total Capital Distributed' on one line where both lanes agree; currency_scale, which A correctly leaves blank on irr and tvpi rows while B stamps '($ in millions)' onto a percentage and a multiple; and evidence_quote, because A cites the full printed partnership line while B cites the bare value, which proves only that those digits occur somewhere on the page. subject_type corrected to 'fund' on every partnership row: both lanes wrote 'investment', but the entity column is headed 'Partnership' and each row is a named vehicle the fund committed capital to, not a holding inside one.",RESOLVED,A+B+ADJUDICATOR,504abfe06fcde5e187ef74247e28f97eecec00313f5079c91e05fbdaea023159
db8dd1e2aefea5b69ce9,SRC058,1,PAIR_20E3BBD91B4BC2BE29D1942A,CONTEXT_CONFLICT,66,64,source_section|source_table|source_column_label|asset_class|metric_name|evidence_quote,MERGE,"MERGE, one ruling applied to every paired row because the two lanes differ the same way on all of them and neither is complete. From B: source_section, which A left blank on all three pages although 'Real Estate Portfolio' is printed above the table on pages 1 and 2 and 'REITS' and 'Separate Accounts' above their own tables on page 3; source_table on pages 1 and 2, because A's 'UNTITLED_TABLE_1' is a placeholder the page never prints; and asset_class 'Real Estate', the printed grouping that governs every row. From A: source_column_label and metric_name 'Total Capital Contributed' and 'Total Capital Distributed', because the header wraps 'Total Capital' onto its own line above each of those two columns separately instead of spanning them, and page 3 prints 'Total Capital Distributed' on one line where both lanes agree; currency_scale, which A correctly leaves blank on irr and tvpi rows while B stamps '($ in millions)' onto a percentage and a multiple; and evidence_quote, because A cites the full printed partnership line while B cites the bare value, which proves only that those digits occur somewhere on the page. subject_type corrected to 'fund' on every partnership row: both lanes wrote 'investment', but the entity column is headed 'Partnership' and each row is a named vehicle the fund committed capital to, not a holding inside one.",RESOLVED,A+B+ADJUDICATOR,504abfe06fcde5e187ef74247e28f97eecec00313f5079c91e05fbdaea023159
127d325bf91f86fa6f5c,SRC058,1,PAIR_0CEDAC8E366935A374394E1F,CONTEXT_CONFLICT,67,67,source_section|source_table|asset_class|currency_scale|evidence_quote,MERGE,"MERGE, one ruling applied to every paired row because the two lanes differ the same way on all of them and neither is complete. From B: source_section, which A left blank on all three pages although 'Real Estate Portfolio' is printed above the table on pages 1 and 2 and 'REITS' and 'Separate Accounts' above their own tables on page 3; source_table on pages 1 and 2, because A's 'UNTITLED_TABLE_1' is a placeholder the page never prints; and asset_class 'Real Estate', the printed grouping that governs every row. From A: source_column_label and metric_name 'Total Capital Contributed' and 'Total Capital Distributed', because the header wraps 'Total Capital' onto its own line above each of those two columns separately instead of spanning them, and page 3 prints 'Total Capital Distributed' on one line where both lanes agree; currency_scale, which A correctly leaves blank on irr and tvpi rows while B stamps '($ in millions)' onto a percentage and a multiple; and evidence_quote, because A cites the full printed partnership line while B cites the bare value, which proves only that those digits occur somewhere on the page. subject_type corrected to 'fund' on every partnership row: both lanes wrote 'investment', but the entity column is headed 'Partnership' and each row is a named vehicle the fund committed capital to, not a holding inside one.",RESOLVED,A+B+ADJUDICATOR,504abfe06fcde5e187ef74247e28f97eecec00313f5079c91e05fbdaea023159
e455b63f82da653042c5,SRC058,1,PAIR_BCC4A12D73FA7F332A49F870,CONTEXT_CONFLICT,68,68,source_section|source_table|asset_class|evidence_quote,MERGE,"MERGE, one ruling applied to every paired row because the two lanes differ the same way on all of them and neither is complete. From B: source_section, which A left blank on all three pages although 'Real Estate Portfolio' is printed above the table on pages 1 and 2 and 'REITS' and 'Separate Accounts' above their own tables on page 3; source_table on pages 1 and 2, because A's 'UNTITLED_TABLE_1' is a placeholder the page never prints; and asset_class 'Real Estate', the printed grouping that governs every row. From A: source_column_label and metric_name 'Total Capital Contributed' and 'Total Capital Distributed', because the header wraps 'Total Capital' onto its own line above each of those two columns separately instead of spanning them, and page 3 prints 'Total Capital Distributed' on one line where both lanes agree; currency_scale, which A correctly leaves blank on irr and tvpi rows while B stamps '($ in millions)' onto a percentage and a multiple; and evidence_quote, because A cites the full printed partnership line while B cites the bare value, which proves only that those digits occur somewhere on the page. subject_type corrected to 'fund' on every partnership row: both lanes wrote 'investment', but the entity column is headed 'Partnership' and each row is a named vehicle the fund committed capital to, not a holding inside one.",RESOLVED,A+B+ADJUDICATOR,504abfe06fcde5e187ef74247e28f97eecec00313f5079c91e05fbdaea023159
119b63f8e5a4cdea8a9c,SRC058,1,PAIR_D6BD18820EED2EEF3CCF7BBA,CONTEXT_CONFLICT,69,71,source_section|source_table|asset_class|evidence_quote,MERGE,"MERGE, one ruling applied to every paired row because the two lanes differ the same way on all of them and neither is complete. From B: source_section, which A left blank on all three pages although 'Real Estate Portfolio' is printed above the table on pages 1 and 2 and 'REITS' and 'Separate Accounts' above their own tables on page 3; source_table on pages 1 and 2, because A's 'UNTITLED_TABLE_1' is a placeholder the page never prints; and asset_class 'Real Estate', the printed grouping that governs every row. From A: source_column_label and metric_name 'Total Capital Contributed' and 'Total Capital Distributed', because the header wraps 'Total Capital' onto its own line above each of those two columns separately instead of spanning them, and page 3 prints 'Total Capital Distributed' on one line where both lanes agree; currency_scale, which A correctly leaves blank on irr and tvpi rows while B stamps '($ in millions)' onto a percentage and a multiple; and evidence_quote, because A cites the full printed partnership line while B cites the bare value, which proves only that those digits occur somewhere on the page. subject_type corrected to 'fund' on every partnership row: both lanes wrote 'investment', but the entity column is headed 'Partnership' and each row is a named vehicle the fund committed capital to, not a holding inside one.; Source review: p1: Retirement Fund (The portfolio report distinguishes investor positions from its aggregate rows.) | p1: Retirement Fund (Printed heading or definition supporting the source-reviewed qualifier.) | p1: Retirement Fund (Supersedes SR2096: the printed entity or table label is context, not a measurement basis; source labels retain its scope.)",RESOLVED,A+B+ADJUDICATOR,504abfe06fcde5e187ef74247e28f97eecec00313f5079c91e05fbdaea023159
3542a90bd1891dec0f90,SRC058,1,PAIR_D8C8BC9DD9A5C5CA6CAC2CFE,CONTEXT_CONFLICT,70,72,source_section|source_table|asset_class|currency_scale|evidence_quote,MERGE,"MERGE, one ruling applied to every paired row because the two lanes differ the same way on all of them and neither is complete. From B: source_section, which A left blank on all three pages although 'Real Estate Portfolio' is printed above the table on pages 1 and 2 and 'REITS' and 'Separate Accounts' above their own tables on page 3; source_table on pages 1 and 2, because A's 'UNTITLED_TABLE_1' is a placeholder the page never prints; and asset_class 'Real Estate', the printed grouping that governs every row. From A: source_column_label and metric_name 'Total Capital Contributed' and 'Total Capital Distributed', because the header wraps 'Total Capital' onto its own line above each of those two columns separately instead of spanning them, and page 3 prints 'Total Capital Distributed' on one line where both lanes agree; currency_scale, which A correctly leaves blank on irr and tvpi rows while B stamps '($ in millions)' onto a percentage and a multiple; and evidence_quote, because A cites the full printed partnership line while B cites the bare value, which proves only that those digits occur somewhere on the page. subject_type corrected to 'fund' on every partnership row: both lanes wrote 'investment', but the entity column is headed 'Partnership' and each row is a named vehicle the fund committed capital to, not a holding inside one.; Source review: p1: IRR (All report pages were reviewed; no fee-basis statement qualifies this IRR.)",RESOLVED,A+B+ADJUDICATOR,504abfe06fcde5e187ef74247e28f97eecec00313f5079c91e05fbdaea023159
84127d10b20aa57583c8,SRC058,1,PAIR_B82C418E726C8925DF085D30,CONTEXT_CONFLICT,71,69,source_section|source_table|source_column_label|asset_class|metric_name|evidence_quote,MERGE,"MERGE, one ruling applied to every paired row because the two lanes differ the same way on all of them and neither is complete. From B: source_section, which A left blank on all three pages although 'Real Estate Portfolio' is printed above the table on pages 1 and 2 and 'REITS' and 'Separate Accounts' above their own tables on page 3; source_table on pages 1 and 2, because A's 'UNTITLED_TABLE_1' is a placeholder the page never prints; and asset_class 'Real Estate', the printed grouping that governs every row. From A: source_column_label and metric_name 'Total Capital Contributed' and 'Total Capital Distributed', because the header wraps 'Total Capital' onto its own line above each of those two columns separately instead of spanning them, and page 3 prints 'Total Capital Distributed' on one line where both lanes agree; currency_scale, which A correctly leaves blank on irr and tvpi rows while B stamps '($ in millions)' onto a percentage and a multiple; and evidence_quote, because A cites the full printed partnership line while B cites the bare value, which proves only that those digits occur somewhere on the page. subject_type corrected to 'fund' on every partnership row: both lanes wrote 'investment', but the entity column is headed 'Partnership' and each row is a named vehicle the fund committed capital to, not a holding inside one.",RESOLVED,A+B+ADJUDICATOR,504abfe06fcde5e187ef74247e28f97eecec00313f5079c91e05fbdaea023159
90b95ec017f54c0548b1,SRC058,1,PAIR_1AEE71842A1D8F1891CC3231,CONTEXT_CONFLICT,72,70,source_section|source_table|source_column_label|asset_class|metric_name|evidence_quote,MERGE,"MERGE, one ruling applied to every paired row because the two lanes differ the same way on all of them and neither is complete. From B: source_section, which A left blank on all three pages although 'Real Estate Portfolio' is printed above the table on pages 1 and 2 and 'REITS' and 'Separate Accounts' above their own tables on page 3; source_table on pages 1 and 2, because A's 'UNTITLED_TABLE_1' is a placeholder the page never prints; and asset_class 'Real Estate', the printed grouping that governs every row. From A: source_column_label and metric_name 'Total Capital Contributed' and 'Total Capital Distributed', because the header wraps 'Total Capital' onto its own line above each of those two columns separately instead of spanning them, and page 3 prints 'Total Capital Distributed' on one line where both lanes agree; currency_scale, which A correctly leaves blank on irr and tvpi rows while B stamps '($ in millions)' onto a percentage and a multiple; and evidence_quote, because A cites the full printed partnership line while B cites the bare value, which proves only that those digits occur somewhere on the page. subject_type corrected to 'fund' on every partnership row: both lanes wrote 'investment', but the entity column is headed 'Partnership' and each row is a named vehicle the fund committed capital to, not a holding inside one.",RESOLVED,A+B+ADJUDICATOR,504abfe06fcde5e187ef74247e28f97eecec00313f5079c91e05fbdaea023159
eb5f892794dfe433e329,SRC058,1,PAIR_A699E44F43A9E7C9B56026A5,CONTEXT_CONFLICT,73,73,source_section|source_table|asset_class|currency_scale|evidence_quote,MERGE,"MERGE, one ruling applied to every paired row because the two lanes differ the same way on all of them and neither is complete. From B: source_section, which A left blank on all three pages although 'Real Estate Portfolio' is printed above the table on pages 1 and 2 and 'REITS' and 'Separate Accounts' above their own tables on page 3; source_table on pages 1 and 2, because A's 'UNTITLED_TABLE_1' is a placeholder the page never prints; and asset_class 'Real Estate', the printed grouping that governs every row. From A: source_column_label and metric_name 'Total Capital Contributed' and 'Total Capital Distributed', because the header wraps 'Total Capital' onto its own line above each of those two columns separately instead of spanning them, and page 3 prints 'Total Capital Distributed' on one line where both lanes agree; currency_scale, which A correctly leaves blank on irr and tvpi rows while B stamps '($ in millions)' onto a percentage and a multiple; and evidence_quote, because A cites the full printed partnership line while B cites the bare value, which proves only that those digits occur somewhere on the page. subject_type corrected to 'fund' on every partnership row: both lanes wrote 'investment', but the entity column is headed 'Partnership' and each row is a named vehicle the fund committed capital to, not a holding inside one.",RESOLVED,A+B+ADJUDICATOR,504abfe06fcde5e187ef74247e28f97eecec00313f5079c91e05fbdaea023159
2e09edec81a6059518f1,SRC058,1,PAIR_D37A3C06209DE4C95436DC49,CONTEXT_CONFLICT,74,74,source_section|source_table|asset_class|evidence_quote,MERGE,"MERGE, one ruling applied to every paired row because the two lanes differ the same way on all of them and neither is complete. From B: source_section, which A left blank on all three pages although 'Real Estate Portfolio' is printed above the table on pages 1 and 2 and 'REITS' and 'Separate Accounts' above their own tables on page 3; source_table on pages 1 and 2, because A's 'UNTITLED_TABLE_1' is a placeholder the page never prints; and asset_class 'Real Estate', the printed grouping that governs every row. From A: source_column_label and metric_name 'Total Capital Contributed' and 'Total Capital Distributed', because the header wraps 'Total Capital' onto its own line above each of those two columns separately instead of spanning them, and page 3 prints 'Total Capital Distributed' on one line where both lanes agree; currency_scale, which A correctly leaves blank on irr and tvpi rows while B stamps '($ in millions)' onto a percentage and a multiple; and evidence_quote, because A cites the full printed partnership line while B cites the bare value, which proves only that those digits occur somewhere on the page. subject_type corrected to 'fund' on every partnership row: both lanes wrote 'investment', but the entity column is headed 'Partnership' and each row is a named vehicle the fund committed capital to, not a holding inside one.",RESOLVED,A+B+ADJUDICATOR,504abfe06fcde5e187ef74247e28f97eecec00313f5079c91e05fbdaea023159
c75b1c911a3bb56f4655,SRC058,1,PAIR_FC8E26B7A94CE808D008DBF4,CONTEXT_CONFLICT,75,77,source_section|source_table|asset_class|evidence_quote,MERGE,"MERGE, one ruling applied to every paired row because the two lanes differ the same way on all of them and neither is complete. From B: source_section, which A left blank on all three pages although 'Real Estate Portfolio' is printed above the table on pages 1 and 2 and 'REITS' and 'Separate Accounts' above their own tables on page 3; source_table on pages 1 and 2, because A's 'UNTITLED_TABLE_1' is a placeholder the page never prints; and asset_class 'Real Estate', the printed grouping that governs every row. From A: source_column_label and metric_name 'Total Capital Contributed' and 'Total Capital Distributed', because the header wraps 'Total Capital' onto its own line above each of those two columns separately instead of spanning them, and page 3 prints 'Total Capital Distributed' on one line where both lanes agree; currency_scale, which A correctly leaves blank on irr and tvpi rows while B stamps '($ in millions)' onto a percentage and a multiple; and evidence_quote, because A cites the full printed partnership line while B cites the bare value, which proves only that those digits occur somewhere on the page. subject_type corrected to 'fund' on every partnership row: both lanes wrote 'investment', but the entity column is headed 'Partnership' and each row is a named vehicle the fund committed capital to, not a holding inside one.; Source review: p1: Retirement Fund (The portfolio report distinguishes investor positions from its aggregate rows.) | p1: Retirement Fund (Printed heading or definition supporting the source-reviewed qualifier.) | p1: Retirement Fund (Supersedes SR2097: the printed entity or table label is context, not a measurement basis; source labels retain its scope.)",RESOLVED,A+B+ADJUDICATOR,504abfe06fcde5e187ef74247e28f97eecec00313f5079c91e05fbdaea023159
1880051736643d2b3f7b,SRC058,1,PAIR_3F3056DC5765D5D42D383EEA,CONTEXT_CONFLICT,76,78,source_section|source_table|asset_class|currency_scale|evidence_quote,MERGE,"MERGE, one ruling applied to every paired row because the two lanes differ the same way on all of them and neither is complete. From B: source_section, which A left blank on all three pages although 'Real Estate Portfolio' is printed above the table on pages 1 and 2 and 'REITS' and 'Separate Accounts' above their own tables on page 3; source_table on pages 1 and 2, because A's 'UNTITLED_TABLE_1' is a placeholder the page never prints; and asset_class 'Real Estate', the printed grouping that governs every row. From A: source_column_label and metric_name 'Total Capital Contributed' and 'Total Capital Distributed', because the header wraps 'Total Capital' onto its own line above each of those two columns separately instead of spanning them, and page 3 prints 'Total Capital Distributed' on one line where both lanes agree; currency_scale, which A correctly leaves blank on irr and tvpi rows while B stamps '($ in millions)' onto a percentage and a multiple; and evidence_quote, because A cites the full printed partnership line while B cites the bare value, which proves only that those digits occur somewhere on the page. subject_type corrected to 'fund' on every partnership row: both lanes wrote 'investment', but the entity column is headed 'Partnership' and each row is a named vehicle the fund committed capital to, not a holding inside one.; Source review: p1: IRR (All report pages were reviewed; no fee-basis statement qualifies this IRR.)",RESOLVED,A+B+ADJUDICATOR,504abfe06fcde5e187ef74247e28f97eecec00313f5079c91e05fbdaea023159
37da50037267ef948d36,SRC058,1,PAIR_C6F1FC2C7904BF947DA28D5E,CONTEXT_CONFLICT,77,75,source_section|source_table|source_column_label|asset_class|metric_name|evidence_quote,MERGE,"MERGE, one ruling applied to every paired row because the two lanes differ the same way on all of them and neither is complete. From B: source_section, which A left blank on all three pages although 'Real Estate Portfolio' is printed above the table on pages 1 and 2 and 'REITS' and 'Separate Accounts' above their own tables on page 3; source_table on pages 1 and 2, because A's 'UNTITLED_TABLE_1' is a placeholder the page never prints; and asset_class 'Real Estate', the printed grouping that governs every row. From A: source_column_label and metric_name 'Total Capital Contributed' and 'Total Capital Distributed', because the header wraps 'Total Capital' onto its own line above each of those two columns separately instead of spanning them, and page 3 prints 'Total Capital Distributed' on one line where both lanes agree; currency_scale, which A correctly leaves blank on irr and tvpi rows while B stamps '($ in millions)' onto a percentage and a multiple; and evidence_quote, because A cites the full printed partnership line while B cites the bare value, which proves only that those digits occur somewhere on the page. subject_type corrected to 'fund' on every partnership row: both lanes wrote 'investment', but the entity column is headed 'Partnership' and each row is a named vehicle the fund committed capital to, not a holding inside one.",RESOLVED,A+B+ADJUDICATOR,504abfe06fcde5e187ef74247e28f97eecec00313f5079c91e05fbdaea023159
c066f5b0be9772099aa9,SRC058,1,PAIR_41BB0EBB349735538C9B0389,CONTEXT_CONFLICT,78,76,source_section|source_table|source_column_label|asset_class|metric_name|evidence_quote,MERGE,"MERGE, one ruling applied to every paired row because the two lanes differ the same way on all of them and neither is complete. From B: source_section, which A left blank on all three pages although 'Real Estate Portfolio' is printed above the table on pages 1 and 2 and 'REITS' and 'Separate Accounts' above their own tables on page 3; source_table on pages 1 and 2, because A's 'UNTITLED_TABLE_1' is a placeholder the page never prints; and asset_class 'Real Estate', the printed grouping that governs every row. From A: source_column_label and metric_name 'Total Capital Contributed' and 'Total Capital Distributed', because the header wraps 'Total Capital' onto its own line above each of those two columns separately instead of spanning them, and page 3 prints 'Total Capital Distributed' on one line where both lanes agree; currency_scale, which A correctly leaves blank on irr and tvpi rows while B stamps '($ in millions)' onto a percentage and a multiple; and evidence_quote, because A cites the full printed partnership line while B cites the bare value, which proves only that those digits occur somewhere on the page. subject_type corrected to 'fund' on every partnership row: both lanes wrote 'investment', but the entity column is headed 'Partnership' and each row is a named vehicle the fund committed capital to, not a holding inside one.",RESOLVED,A+B+ADJUDICATOR,504abfe06fcde5e187ef74247e28f97eecec00313f5079c91e05fbdaea023159
17f1fbef50ff95c3fe28,SRC058,1,PAIR_10615EACE309DFF34ECBB4DE,CONTEXT_CONFLICT,79,79,source_section|source_table|asset_class|currency_scale|evidence_quote,MERGE,"MERGE, one ruling applied to every paired row because the two lanes differ the same way on all of them and neither is complete. From B: source_section, which A left blank on all three pages although 'Real Estate Portfolio' is printed above the table on pages 1 and 2 and 'REITS' and 'Separate Accounts' above their own tables on page 3; source_table on pages 1 and 2, because A's 'UNTITLED_TABLE_1' is a placeholder the page never prints; and asset_class 'Real Estate', the printed grouping that governs every row. From A: source_column_label and metric_name 'Total Capital Contributed' and 'Total Capital Distributed', because the header wraps 'Total Capital' onto its own line above each of those two columns separately instead of spanning them, and page 3 prints 'Total Capital Distributed' on one line where both lanes agree; currency_scale, which A correctly leaves blank on irr and tvpi rows while B stamps '($ in millions)' onto a percentage and a multiple; and evidence_quote, because A cites the full printed partnership line while B cites the bare value, which proves only that those digits occur somewhere on the page. subject_type corrected to 'fund' on every partnership row: both lanes wrote 'investment', but the entity column is headed 'Partnership' and each row is a named vehicle the fund committed capital to, not a holding inside one.",RESOLVED,A+B+ADJUDICATOR,504abfe06fcde5e187ef74247e28f97eecec00313f5079c91e05fbdaea023159
5234e2c8873878f50e0a,SRC058,1,PAIR_5D297A4A44C32FAC34C50B8E,CONTEXT_CONFLICT,80,80,source_section|source_table|asset_class|evidence_quote,MERGE,"MERGE, one ruling applied to every paired row because the two lanes differ the same way on all of them and neither is complete. From B: source_section, which A left blank on all three pages although 'Real Estate Portfolio' is printed above the table on pages 1 and 2 and 'REITS' and 'Separate Accounts' above their own tables on page 3; source_table on pages 1 and 2, because A's 'UNTITLED_TABLE_1' is a placeholder the page never prints; and asset_class 'Real Estate', the printed grouping that governs every row. From A: source_column_label and metric_name 'Total Capital Contributed' and 'Total Capital Distributed', because the header wraps 'Total Capital' onto its own line above each of those two columns separately instead of spanning them, and page 3 prints 'Total Capital Distributed' on one line where both lanes agree; currency_scale, which A correctly leaves blank on irr and tvpi rows while B stamps '($ in millions)' onto a percentage and a multiple; and evidence_quote, because A cites the full printed partnership line while B cites the bare value, which proves only that those digits occur somewhere on the page. subject_type corrected to 'fund' on every partnership row: both lanes wrote 'investment', but the entity column is headed 'Partnership' and each row is a named vehicle the fund committed capital to, not a holding inside one.",RESOLVED,A+B+ADJUDICATOR,504abfe06fcde5e187ef74247e28f97eecec00313f5079c91e05fbdaea023159
9996cf36e626ca78affe,SRC058,1,PAIR_CEE66239EFEA45F16D7719D7,CONTEXT_CONFLICT,81,83,source_section|source_table|asset_class|evidence_quote,MERGE,"MERGE, one ruling applied to every paired row because the two lanes differ the same way on all of them and neither is complete. From B: source_section, which A left blank on all three pages although 'Real Estate Portfolio' is printed above the table on pages 1 and 2 and 'REITS' and 'Separate Accounts' above their own tables on page 3; source_table on pages 1 and 2, because A's 'UNTITLED_TABLE_1' is a placeholder the page never prints; and asset_class 'Real Estate', the printed grouping that governs every row. From A: source_column_label and metric_name 'Total Capital Contributed' and 'Total Capital Distributed', because the header wraps 'Total Capital' onto its own line above each of those two columns separately instead of spanning them, and page 3 prints 'Total Capital Distributed' on one line where both lanes agree; currency_scale, which A correctly leaves blank on irr and tvpi rows while B stamps '($ in millions)' onto a percentage and a multiple; and evidence_quote, because A cites the full printed partnership line while B cites the bare value, which proves only that those digits occur somewhere on the page. subject_type corrected to 'fund' on every partnership row: both lanes wrote 'investment', but the entity column is headed 'Partnership' and each row is a named vehicle the fund committed capital to, not a holding inside one.; Source review: p1: Retirement Fund (The portfolio report distinguishes investor positions from its aggregate rows.) | p1: Retirement Fund (Printed heading or definition supporting the source-reviewed qualifier.) | p1: Retirement Fund (Supersedes SR2098: the printed entity or table label is context, not a measurement basis; source labels retain its scope.)",RESOLVED,A+B+ADJUDICATOR,504abfe06fcde5e187ef74247e28f97eecec00313f5079c91e05fbdaea023159
9692263e5bdab9436735,SRC058,1,PAIR_39885FD2863603C8D4FC1429,CONTEXT_CONFLICT,82,84,source_section|source_table|asset_class|currency_scale|evidence_quote,MERGE,"MERGE, one ruling applied to every paired row because the two lanes differ the same way on all of them and neither is complete. From B: source_section, which A left blank on all three pages although 'Real Estate Portfolio' is printed above the table on pages 1 and 2 and 'REITS' and 'Separate Accounts' above their own tables on page 3; source_table on pages 1 and 2, because A's 'UNTITLED_TABLE_1' is a placeholder the page never prints; and asset_class 'Real Estate', the printed grouping that governs every row. From A: source_column_label and metric_name 'Total Capital Contributed' and 'Total Capital Distributed', because the header wraps 'Total Capital' onto its own line above each of those two columns separately instead of spanning them, and page 3 prints 'Total Capital Distributed' on one line where both lanes agree; currency_scale, which A correctly leaves blank on irr and tvpi rows while B stamps '($ in millions)' onto a percentage and a multiple; and evidence_quote, because A cites the full printed partnership line while B cites the bare value, which proves only that those digits occur somewhere on the page. subject_type corrected to 'fund' on every partnership row: both lanes wrote 'investment', but the entity column is headed 'Partnership' and each row is a named vehicle the fund committed capital to, not a holding inside one.; Source review: p1: IRR (All report pages were reviewed; no fee-basis statement qualifies this IRR.)",RESOLVED,A+B+ADJUDICATOR,504abfe06fcde5e187ef74247e28f97eecec00313f5079c91e05fbdaea023159
3485e7a92ad5837adb2c,SRC058,1,PAIR_6E635316C991F82F7F321116,CONTEXT_CONFLICT,83,81,source_section|source_table|source_column_label|asset_class|metric_name|evidence_quote,MERGE,"MERGE, one ruling applied to every paired row because the two lanes differ the same way on all of them and neither is complete. From B: source_section, which A left blank on all three pages although 'Real Estate Portfolio' is printed above the table on pages 1 and 2 and 'REITS' and 'Separate Accounts' above their own tables on page 3; source_table on pages 1 and 2, because A's 'UNTITLED_TABLE_1' is a placeholder the page never prints; and asset_class 'Real Estate', the printed grouping that governs every row. From A: source_column_label and metric_name 'Total Capital Contributed' and 'Total Capital Distributed', because the header wraps 'Total Capital' onto its own line above each of those two columns separately instead of spanning them, and page 3 prints 'Total Capital Distributed' on one line where both lanes agree; currency_scale, which A correctly leaves blank on irr and tvpi rows while B stamps '($ in millions)' onto a percentage and a multiple; and evidence_quote, because A cites the full printed partnership line while B cites the bare value, which proves only that those digits occur somewhere on the page. subject_type corrected to 'fund' on every partnership row: both lanes wrote 'investment', but the entity column is headed 'Partnership' and each row is a named vehicle the fund committed capital to, not a holding inside one.",RESOLVED,A+B+ADJUDICATOR,504abfe06fcde5e187ef74247e28f97eecec00313f5079c91e05fbdaea023159
1f0bae8be4a2c2abd1fc,SRC058,1,PAIR_68F7C44FFC316F3AF286BB75,CONTEXT_CONFLICT,84,82,source_section|source_table|source_column_label|asset_class|metric_name|evidence_quote,MERGE,"MERGE, one ruling applied to every paired row because the two lanes differ the same way on all of them and neither is complete. From B: source_section, which A left blank on all three pages although 'Real Estate Portfolio' is printed above the table on pages 1 and 2 and 'REITS' and 'Separate Accounts' above their own tables on page 3; source_table on pages 1 and 2, because A's 'UNTITLED_TABLE_1' is a placeholder the page never prints; and asset_class 'Real Estate', the printed grouping that governs every row. From A: source_column_label and metric_name 'Total Capital Contributed' and 'Total Capital Distributed', because the header wraps 'Total Capital' onto its own line above each of those two columns separately instead of spanning them, and page 3 prints 'Total Capital Distributed' on one line where both lanes agree; currency_scale, which A correctly leaves blank on irr and tvpi rows while B stamps '($ in millions)' onto a percentage and a multiple; and evidence_quote, because A cites the full printed partnership line while B cites the bare value, which proves only that those digits occur somewhere on the page. subject_type corrected to 'fund' on every partnership row: both lanes wrote 'investment', but the entity column is headed 'Partnership' and each row is a named vehicle the fund committed capital to, not a holding inside one.",RESOLVED,A+B+ADJUDICATOR,504abfe06fcde5e187ef74247e28f97eecec00313f5079c91e05fbdaea023159
4493a438044a8b5d6fa8,SRC058,1,PAIR_965CDF5FA7D3A13EAEF40B45,CONTEXT_CONFLICT,85,85,source_section|source_table|asset_class|currency_scale|evidence_quote,MERGE,"MERGE, one ruling applied to every paired row because the two lanes differ the same way on all of them and neither is complete. From B: source_section, which A left blank on all three pages although 'Real Estate Portfolio' is printed above the table on pages 1 and 2 and 'REITS' and 'Separate Accounts' above their own tables on page 3; source_table on pages 1 and 2, because A's 'UNTITLED_TABLE_1' is a placeholder the page never prints; and asset_class 'Real Estate', the printed grouping that governs every row. From A: source_column_label and metric_name 'Total Capital Contributed' and 'Total Capital Distributed', because the header wraps 'Total Capital' onto its own line above each of those two columns separately instead of spanning them, and page 3 prints 'Total Capital Distributed' on one line where both lanes agree; currency_scale, which A correctly leaves blank on irr and tvpi rows while B stamps '($ in millions)' onto a percentage and a multiple; and evidence_quote, because A cites the full printed partnership line while B cites the bare value, which proves only that those digits occur somewhere on the page. subject_type corrected to 'fund' on every partnership row: both lanes wrote 'investment', but the entity column is headed 'Partnership' and each row is a named vehicle the fund committed capital to, not a holding inside one.",RESOLVED,A+B+ADJUDICATOR,504abfe06fcde5e187ef74247e28f97eecec00313f5079c91e05fbdaea023159
3ca5cebe808b35b58fda,SRC058,1,PAIR_B82AE274AD2D5E296CCFCE85,CONTEXT_CONFLICT,86,86,source_section|source_table|asset_class|evidence_quote,MERGE,"MERGE, one ruling applied to every paired row because the two lanes differ the same way on all of them and neither is complete. From B: source_section, which A left blank on all three pages although 'Real Estate Portfolio' is printed above the table on pages 1 and 2 and 'REITS' and 'Separate Accounts' above their own tables on page 3; source_table on pages 1 and 2, because A's 'UNTITLED_TABLE_1' is a placeholder the page never prints; and asset_class 'Real Estate', the printed grouping that governs every row. From A: source_column_label and metric_name 'Total Capital Contributed' and 'Total Capital Distributed', because the header wraps 'Total Capital' onto its own line above each of those two columns separately instead of spanning them, and page 3 prints 'Total Capital Distributed' on one line where both lanes agree; currency_scale, which A correctly leaves blank on irr and tvpi rows while B stamps '($ in millions)' onto a percentage and a multiple; and evidence_quote, because A cites the full printed partnership line while B cites the bare value, which proves only that those digits occur somewhere on the page. subject_type corrected to 'fund' on every partnership row: both lanes wrote 'investment', but the entity column is headed 'Partnership' and each row is a named vehicle the fund committed capital to, not a holding inside one.",RESOLVED,A+B+ADJUDICATOR,504abfe06fcde5e187ef74247e28f97eecec00313f5079c91e05fbdaea023159
c0b88052ad33abffb963,SRC058,1,PAIR_4C5CBF90BF5C08D23AE6C612,CONTEXT_CONFLICT,87,89,source_section|source_table|asset_class|evidence_quote,MERGE,"MERGE, one ruling applied to every paired row because the two lanes differ the same way on all of them and neither is complete. From B: source_section, which A left blank on all three pages although 'Real Estate Portfolio' is printed above the table on pages 1 and 2 and 'REITS' and 'Separate Accounts' above their own tables on page 3; source_table on pages 1 and 2, because A's 'UNTITLED_TABLE_1' is a placeholder the page never prints; and asset_class 'Real Estate', the printed grouping that governs every row. From A: source_column_label and metric_name 'Total Capital Contributed' and 'Total Capital Distributed', because the header wraps 'Total Capital' onto its own line above each of those two columns separately instead of spanning them, and page 3 prints 'Total Capital Distributed' on one line where both lanes agree; currency_scale, which A correctly leaves blank on irr and tvpi rows while B stamps '($ in millions)' onto a percentage and a multiple; and evidence_quote, because A cites the full printed partnership line while B cites the bare value, which proves only that those digits occur somewhere on the page. subject_type corrected to 'fund' on every partnership row: both lanes wrote 'investment', but the entity column is headed 'Partnership' and each row is a named vehicle the fund committed capital to, not a holding inside one.; Source review: p1: Retirement Fund (The portfolio report distinguishes investor positions from its aggregate rows.) | p1: Retirement Fund (Printed heading or definition supporting the source-reviewed qualifier.) | p1: Retirement Fund (Supersedes SR2099: the printed entity or table label is context, not a measurement basis; source labels retain its scope.)",RESOLVED,A+B+ADJUDICATOR,504abfe06fcde5e187ef74247e28f97eecec00313f5079c91e05fbdaea023159
20b26aef9a0a3b73db56,SRC058,1,PAIR_0EAFF21EF38C57449E36D216,CONTEXT_CONFLICT,88,90,source_section|source_table|asset_class|currency_scale|evidence_quote,MERGE,"MERGE, one ruling applied to every paired row because the two lanes differ the same way on all of them and neither is complete. From B: source_section, which A left blank on all three pages although 'Real Estate Portfolio' is printed above the table on pages 1 and 2 and 'REITS' and 'Separate Accounts' above their own tables on page 3; source_table on pages 1 and 2, because A's 'UNTITLED_TABLE_1' is a placeholder the page never prints; and asset_class 'Real Estate', the printed grouping that governs every row. From A: source_column_label and metric_name 'Total Capital Contributed' and 'Total Capital Distributed', because the header wraps 'Total Capital' onto its own line above each of those two columns separately instead of spanning them, and page 3 prints 'Total Capital Distributed' on one line where both lanes agree; currency_scale, which A correctly leaves blank on irr and tvpi rows while B stamps '($ in millions)' onto a percentage and a multiple; and evidence_quote, because A cites the full printed partnership line while B cites the bare value, which proves only that those digits occur somewhere on the page. subject_type corrected to 'fund' on every partnership row: both lanes wrote 'investment', but the entity column is headed 'Partnership' and each row is a named vehicle the fund committed capital to, not a holding inside one.; Source review: p1: IRR (All report pages were reviewed; no fee-basis statement qualifies this IRR.)",RESOLVED,A+B+ADJUDICATOR,504abfe06fcde5e187ef74247e28f97eecec00313f5079c91e05fbdaea023159
a0f6af5f2ca76175efa2,SRC058,1,PAIR_92E830F846B0708774BF19F9,CONTEXT_CONFLICT,89,87,source_section|source_table|source_column_label|asset_class|metric_name|evidence_quote,MERGE,"MERGE, one ruling applied to every paired row because the two lanes differ the same way on all of them and neither is complete. From B: source_section, which A left blank on all three pages although 'Real Estate Portfolio' is printed above the table on pages 1 and 2 and 'REITS' and 'Separate Accounts' above their own tables on page 3; source_table on pages 1 and 2, because A's 'UNTITLED_TABLE_1' is a placeholder the page never prints; and asset_class 'Real Estate', the printed grouping that governs every row. From A: source_column_label and metric_name 'Total Capital Contributed' and 'Total Capital Distributed', because the header wraps 'Total Capital' onto its own line above each of those two columns separately instead of spanning them, and page 3 prints 'Total Capital Distributed' on one line where both lanes agree; currency_scale, which A correctly leaves blank on irr and tvpi rows while B stamps '($ in millions)' onto a percentage and a multiple; and evidence_quote, because A cites the full printed partnership line while B cites the bare value, which proves only that those digits occur somewhere on the page. subject_type corrected to 'fund' on every partnership row: both lanes wrote 'investment', but the entity column is headed 'Partnership' and each row is a named vehicle the fund committed capital to, not a holding inside one.",RESOLVED,A+B+ADJUDICATOR,504abfe06fcde5e187ef74247e28f97eecec00313f5079c91e05fbdaea023159
58abc22c634db56f385c,SRC058,1,PAIR_22003A40163101A73E5F8996,CONTEXT_CONFLICT,90,88,source_section|source_table|source_column_label|asset_class|metric_name|evidence_quote,MERGE,"MERGE, one ruling applied to every paired row because the two lanes differ the same way on all of them and neither is complete. From B: source_section, which A left blank on all three pages although 'Real Estate Portfolio' is printed above the table on pages 1 and 2 and 'REITS' and 'Separate Accounts' above their own tables on page 3; source_table on pages 1 and 2, because A's 'UNTITLED_TABLE_1' is a placeholder the page never prints; and asset_class 'Real Estate', the printed grouping that governs every row. From A: source_column_label and metric_name 'Total Capital Contributed' and 'Total Capital Distributed', because the header wraps 'Total Capital' onto its own line above each of those two columns separately instead of spanning them, and page 3 prints 'Total Capital Distributed' on one line where both lanes agree; currency_scale, which A correctly leaves blank on irr and tvpi rows while B stamps '($ in millions)' onto a percentage and a multiple; and evidence_quote, because A cites the full printed partnership line while B cites the bare value, which proves only that those digits occur somewhere on the page. subject_type corrected to 'fund' on every partnership row: both lanes wrote 'investment', but the entity column is headed 'Partnership' and each row is a named vehicle the fund committed capital to, not a holding inside one.",RESOLVED,A+B+ADJUDICATOR,504abfe06fcde5e187ef74247e28f97eecec00313f5079c91e05fbdaea023159
6eeaabb62b53a90f50ef,SRC058,1,PAIR_94F4CF06DE789A998F3EAE6C,CONTEXT_CONFLICT,91,91,source_section|source_table|asset_class|currency_scale|evidence_quote,MERGE,"MERGE, one ruling applied to every paired row because the two lanes differ the same way on all of them and neither is complete. From B: source_section, which A left blank on all three pages although 'Real Estate Portfolio' is printed above the table on pages 1 and 2 and 'REITS' and 'Separate Accounts' above their own tables on page 3; source_table on pages 1 and 2, because A's 'UNTITLED_TABLE_1' is a placeholder the page never prints; and asset_class 'Real Estate', the printed grouping that governs every row. From A: source_column_label and metric_name 'Total Capital Contributed' and 'Total Capital Distributed', because the header wraps 'Total Capital' onto its own line above each of those two columns separately instead of spanning them, and page 3 prints 'Total Capital Distributed' on one line where both lanes agree; currency_scale, which A correctly leaves blank on irr and tvpi rows while B stamps '($ in millions)' onto a percentage and a multiple; and evidence_quote, because A cites the full printed partnership line while B cites the bare value, which proves only that those digits occur somewhere on the page. subject_type corrected to 'fund' on every partnership row: both lanes wrote 'investment', but the entity column is headed 'Partnership' and each row is a named vehicle the fund committed capital to, not a holding inside one.",RESOLVED,A+B+ADJUDICATOR,504abfe06fcde5e187ef74247e28f97eecec00313f5079c91e05fbdaea023159
327c9183fbda11497359,SRC058,1,PAIR_E8A8713B27C74896FEE0E370,CONTEXT_CONFLICT,92,92,source_section|source_table|asset_class|evidence_quote,MERGE,"MERGE, one ruling applied to every paired row because the two lanes differ the same way on all of them and neither is complete. From B: source_section, which A left blank on all three pages although 'Real Estate Portfolio' is printed above the table on pages 1 and 2 and 'REITS' and 'Separate Accounts' above their own tables on page 3; source_table on pages 1 and 2, because A's 'UNTITLED_TABLE_1' is a placeholder the page never prints; and asset_class 'Real Estate', the printed grouping that governs every row. From A: source_column_label and metric_name 'Total Capital Contributed' and 'Total Capital Distributed', because the header wraps 'Total Capital' onto its own line above each of those two columns separately instead of spanning them, and page 3 prints 'Total Capital Distributed' on one line where both lanes agree; currency_scale, which A correctly leaves blank on irr and tvpi rows while B stamps '($ in millions)' onto a percentage and a multiple; and evidence_quote, because A cites the full printed partnership line while B cites the bare value, which proves only that those digits occur somewhere on the page. subject_type corrected to 'fund' on every partnership row: both lanes wrote 'investment', but the entity column is headed 'Partnership' and each row is a named vehicle the fund committed capital to, not a holding inside one.",RESOLVED,A+B+ADJUDICATOR,504abfe06fcde5e187ef74247e28f97eecec00313f5079c91e05fbdaea023159
49712e91c1e6aa339792,SRC058,1,PAIR_168EEAFF92346E21DE1B5D26,CONTEXT_CONFLICT,93,95,source_section|source_table|asset_class|evidence_quote,MERGE,"MERGE, one ruling applied to every paired row because the two lanes differ the same way on all of them and neither is complete. From B: source_section, which A left blank on all three pages although 'Real Estate Portfolio' is printed above the table on pages 1 and 2 and 'REITS' and 'Separate Accounts' above their own tables on page 3; source_table on pages 1 and 2, because A's 'UNTITLED_TABLE_1' is a placeholder the page never prints; and asset_class 'Real Estate', the printed grouping that governs every row. From A: source_column_label and metric_name 'Total Capital Contributed' and 'Total Capital Distributed', because the header wraps 'Total Capital' onto its own line above each of those two columns separately instead of spanning them, and page 3 prints 'Total Capital Distributed' on one line where both lanes agree; currency_scale, which A correctly leaves blank on irr and tvpi rows while B stamps '($ in millions)' onto a percentage and a multiple; and evidence_quote, because A cites the full printed partnership line while B cites the bare value, which proves only that those digits occur somewhere on the page. subject_type corrected to 'fund' on every partnership row: both lanes wrote 'investment', but the entity column is headed 'Partnership' and each row is a named vehicle the fund committed capital to, not a holding inside one.; Source review: p1: Retirement Fund (The portfolio report distinguishes investor positions from its aggregate rows.) | p1: Retirement Fund (Printed heading or definition supporting the source-reviewed qualifier.) | p1: Retirement Fund (Supersedes SR2100: the printed entity or table label is context, not a measurement basis; source labels retain its scope.)",RESOLVED,A+B+ADJUDICATOR,504abfe06fcde5e187ef74247e28f97eecec00313f5079c91e05fbdaea023159
c04563e6e7b309079408,SRC058,1,PAIR_768C5D732DF03549BF27B1F6,CONTEXT_CONFLICT,94,96,source_section|source_table|asset_class|currency_scale|evidence_quote,MERGE,"MERGE, one ruling applied to every paired row because the two lanes differ the same way on all of them and neither is complete. From B: source_section, which A left blank on all three pages although 'Real Estate Portfolio' is printed above the table on pages 1 and 2 and 'REITS' and 'Separate Accounts' above their own tables on page 3; source_table on pages 1 and 2, because A's 'UNTITLED_TABLE_1' is a placeholder the page never prints; and asset_class 'Real Estate', the printed grouping that governs every row. From A: source_column_label and metric_name 'Total Capital Contributed' and 'Total Capital Distributed', because the header wraps 'Total Capital' onto its own line above each of those two columns separately instead of spanning them, and page 3 prints 'Total Capital Distributed' on one line where both lanes agree; currency_scale, which A correctly leaves blank on irr and tvpi rows while B stamps '($ in millions)' onto a percentage and a multiple; and evidence_quote, because A cites the full printed partnership line while B cites the bare value, which proves only that those digits occur somewhere on the page. subject_type corrected to 'fund' on every partnership row: both lanes wrote 'investment', but the entity column is headed 'Partnership' and each row is a named vehicle the fund committed capital to, not a holding inside one.; Source review: p1: IRR (All report pages were reviewed; no fee-basis statement qualifies this IRR.)",RESOLVED,A+B+ADJUDICATOR,504abfe06fcde5e187ef74247e28f97eecec00313f5079c91e05fbdaea023159
972e82d2d73c083b9aa3,SRC058,1,PAIR_FF6129A0157B151D9E2088B7,CONTEXT_CONFLICT,95,93,source_section|source_table|source_column_label|asset_class|metric_name|evidence_quote,MERGE,"MERGE, one ruling applied to every paired row because the two lanes differ the same way on all of them and neither is complete. From B: source_section, which A left blank on all three pages although 'Real Estate Portfolio' is printed above the table on pages 1 and 2 and 'REITS' and 'Separate Accounts' above their own tables on page 3; source_table on pages 1 and 2, because A's 'UNTITLED_TABLE_1' is a placeholder the page never prints; and asset_class 'Real Estate', the printed grouping that governs every row. From A: source_column_label and metric_name 'Total Capital Contributed' and 'Total Capital Distributed', because the header wraps 'Total Capital' onto its own line above each of those two columns separately instead of spanning them, and page 3 prints 'Total Capital Distributed' on one line where both lanes agree; currency_scale, which A correctly leaves blank on irr and tvpi rows while B stamps '($ in millions)' onto a percentage and a multiple; and evidence_quote, because A cites the full printed partnership line while B cites the bare value, which proves only that those digits occur somewhere on the page. subject_type corrected to 'fund' on every partnership row: both lanes wrote 'investment', but the entity column is headed 'Partnership' and each row is a named vehicle the fund committed capital to, not a holding inside one.",RESOLVED,A+B+ADJUDICATOR,504abfe06fcde5e187ef74247e28f97eecec00313f5079c91e05fbdaea023159
1df1cfa51d96ac377847,SRC058,1,PAIR_5095EB57E8DC2EF3B1AD0260,CONTEXT_CONFLICT,96,94,source_section|source_table|source_column_label|asset_class|metric_name|evidence_quote,MERGE,"MERGE, one ruling applied to every paired row because the two lanes differ the same way on all of them and neither is complete. From B: source_section, which A left blank on all three pages although 'Real Estate Portfolio' is printed above the table on pages 1 and 2 and 'REITS' and 'Separate Accounts' above their own tables on page 3; source_table on pages 1 and 2, because A's 'UNTITLED_TABLE_1' is a placeholder the page never prints; and asset_class 'Real Estate', the printed grouping that governs every row. From A: source_column_label and metric_name 'Total Capital Contributed' and 'Total Capital Distributed', because the header wraps 'Total Capital' onto its own line above each of those two columns separately instead of spanning them, and page 3 prints 'Total Capital Distributed' on one line where both lanes agree; currency_scale, which A correctly leaves blank on irr and tvpi rows while B stamps '($ in millions)' onto a percentage and a multiple; and evidence_quote, because A cites the full printed partnership line while B cites the bare value, which proves only that those digits occur somewhere on the page. subject_type corrected to 'fund' on every partnership row: both lanes wrote 'investment', but the entity column is headed 'Partnership' and each row is a named vehicle the fund committed capital to, not a holding inside one.",RESOLVED,A+B+ADJUDICATOR,504abfe06fcde5e187ef74247e28f97eecec00313f5079c91e05fbdaea023159
85ec9f7797ec0f8f8dc8,SRC058,1,PAIR_9F52EE96E413C7169E239C53,CONTEXT_CONFLICT,97,97,source_section|source_table|asset_class|currency_scale|evidence_quote,MERGE,"MERGE, one ruling applied to every paired row because the two lanes differ the same way on all of them and neither is complete. From B: source_section, which A left blank on all three pages although 'Real Estate Portfolio' is printed above the table on pages 1 and 2 and 'REITS' and 'Separate Accounts' above their own tables on page 3; source_table on pages 1 and 2, because A's 'UNTITLED_TABLE_1' is a placeholder the page never prints; and asset_class 'Real Estate', the printed grouping that governs every row. From A: source_column_label and metric_name 'Total Capital Contributed' and 'Total Capital Distributed', because the header wraps 'Total Capital' onto its own line above each of those two columns separately instead of spanning them, and page 3 prints 'Total Capital Distributed' on one line where both lanes agree; currency_scale, which A correctly leaves blank on irr and tvpi rows while B stamps '($ in millions)' onto a percentage and a multiple; and evidence_quote, because A cites the full printed partnership line while B cites the bare value, which proves only that those digits occur somewhere on the page. subject_type corrected to 'fund' on every partnership row: both lanes wrote 'investment', but the entity column is headed 'Partnership' and each row is a named vehicle the fund committed capital to, not a holding inside one.",RESOLVED,A+B+ADJUDICATOR,504abfe06fcde5e187ef74247e28f97eecec00313f5079c91e05fbdaea023159
74b7b461fba4d388c4b1,SRC058,1,PAIR_A9DB044E3EF35AE5BBB922B4,CONTEXT_CONFLICT,98,98,source_section|source_table|asset_class|evidence_quote,MERGE,"MERGE, one ruling applied to every paired row because the two lanes differ the same way on all of them and neither is complete. From B: source_section, which A left blank on all three pages although 'Real Estate Portfolio' is printed above the table on pages 1 and 2 and 'REITS' and 'Separate Accounts' above their own tables on page 3; source_table on pages 1 and 2, because A's 'UNTITLED_TABLE_1' is a placeholder the page never prints; and asset_class 'Real Estate', the printed grouping that governs every row. From A: source_column_label and metric_name 'Total Capital Contributed' and 'Total Capital Distributed', because the header wraps 'Total Capital' onto its own line above each of those two columns separately instead of spanning them, and page 3 prints 'Total Capital Distributed' on one line where both lanes agree; currency_scale, which A correctly leaves blank on irr and tvpi rows while B stamps '($ in millions)' onto a percentage and a multiple; and evidence_quote, because A cites the full printed partnership line while B cites the bare value, which proves only that those digits occur somewhere on the page. subject_type corrected to 'fund' on every partnership row: both lanes wrote 'investment', but the entity column is headed 'Partnership' and each row is a named vehicle the fund committed capital to, not a holding inside one.",RESOLVED,A+B+ADJUDICATOR,504abfe06fcde5e187ef74247e28f97eecec00313f5079c91e05fbdaea023159
84a427b38e1b899f7785,SRC058,1,PAIR_9DC7EC9371E7F0F566A3E7D0,CONTEXT_CONFLICT,99,101,source_section|source_table|asset_class|evidence_quote,MERGE,"MERGE, one ruling applied to every paired row because the two lanes differ the same way on all of them and neither is complete. From B: source_section, which A left blank on all three pages although 'Real Estate Portfolio' is printed above the table on pages 1 and 2 and 'REITS' and 'Separate Accounts' above their own tables on page 3; source_table on pages 1 and 2, because A's 'UNTITLED_TABLE_1' is a placeholder the page never prints; and asset_class 'Real Estate', the printed grouping that governs every row. From A: source_column_label and metric_name 'Total Capital Contributed' and 'Total Capital Distributed', because the header wraps 'Total Capital' onto its own line above each of those two columns separately instead of spanning them, and page 3 prints 'Total Capital Distributed' on one line where both lanes agree; currency_scale, which A correctly leaves blank on irr and tvpi rows while B stamps '($ in millions)' onto a percentage and a multiple; and evidence_quote, because A cites the full printed partnership line while B cites the bare value, which proves only that those digits occur somewhere on the page. subject_type corrected to 'fund' on every partnership row: both lanes wrote 'investment', but the entity column is headed 'Partnership' and each row is a named vehicle the fund committed capital to, not a holding inside one.; Source review: p1: Retirement Fund (The portfolio report distinguishes investor positions from its aggregate rows.) | p1: Retirement Fund (Printed heading or definition supporting the source-reviewed qualifier.) | p1: Retirement Fund (Supersedes SR2101: the printed entity or table label is context, not a measurement basis; source labels retain its scope.)",RESOLVED,A+B+ADJUDICATOR,504abfe06fcde5e187ef74247e28f97eecec00313f5079c91e05fbdaea023159
42daf67c663789a14f16,SRC058,1,PAIR_C381296A39BF4D19E2A78B3B,CONTEXT_CONFLICT,100,102,source_section|source_table|asset_class|currency_scale|evidence_quote,MERGE,"MERGE, one ruling applied to every paired row because the two lanes differ the same way on all of them and neither is complete. From B: source_section, which A left blank on all three pages although 'Real Estate Portfolio' is printed above the table on pages 1 and 2 and 'REITS' and 'Separate Accounts' above their own tables on page 3; source_table on pages 1 and 2, because A's 'UNTITLED_TABLE_1' is a placeholder the page never prints; and asset_class 'Real Estate', the printed grouping that governs every row. From A: source_column_label and metric_name 'Total Capital Contributed' and 'Total Capital Distributed', because the header wraps 'Total Capital' onto its own line above each of those two columns separately instead of spanning them, and page 3 prints 'Total Capital Distributed' on one line where both lanes agree; currency_scale, which A correctly leaves blank on irr and tvpi rows while B stamps '($ in millions)' onto a percentage and a multiple; and evidence_quote, because A cites the full printed partnership line while B cites the bare value, which proves only that those digits occur somewhere on the page. subject_type corrected to 'fund' on every partnership row: both lanes wrote 'investment', but the entity column is headed 'Partnership' and each row is a named vehicle the fund committed capital to, not a holding inside one.; Source review: p1: IRR (All report pages were reviewed; no fee-basis statement qualifies this IRR.)",RESOLVED,A+B+ADJUDICATOR,504abfe06fcde5e187ef74247e28f97eecec00313f5079c91e05fbdaea023159
72e7164ae321637e9a22,SRC058,1,PAIR_00550481910FB227589AB5AD,CONTEXT_CONFLICT,101,99,source_section|source_table|source_column_label|asset_class|metric_name|evidence_quote,MERGE,"MERGE, one ruling applied to every paired row because the two lanes differ the same way on all of them and neither is complete. From B: source_section, which A left blank on all three pages although 'Real Estate Portfolio' is printed above the table on pages 1 and 2 and 'REITS' and 'Separate Accounts' above their own tables on page 3; source_table on pages 1 and 2, because A's 'UNTITLED_TABLE_1' is a placeholder the page never prints; and asset_class 'Real Estate', the printed grouping that governs every row. From A: source_column_label and metric_name 'Total Capital Contributed' and 'Total Capital Distributed', because the header wraps 'Total Capital' onto its own line above each of those two columns separately instead of spanning them, and page 3 prints 'Total Capital Distributed' on one line where both lanes agree; currency_scale, which A correctly leaves blank on irr and tvpi rows while B stamps '($ in millions)' onto a percentage and a multiple; and evidence_quote, because A cites the full printed partnership line while B cites the bare value, which proves only that those digits occur somewhere on the page. subject_type corrected to 'fund' on every partnership row: both lanes wrote 'investment', but the entity column is headed 'Partnership' and each row is a named vehicle the fund committed capital to, not a holding inside one.",RESOLVED,A+B+ADJUDICATOR,504abfe06fcde5e187ef74247e28f97eecec00313f5079c91e05fbdaea023159
73a69288a148437d72b1,SRC058,1,PAIR_D589386F0452FD78CB35BD34,CONTEXT_CONFLICT,102,100,source_section|source_table|source_column_label|asset_class|metric_name|evidence_quote,MERGE,"MERGE, one ruling applied to every paired row because the two lanes differ the same way on all of them and neither is complete. From B: source_section, which A left blank on all three pages although 'Real Estate Portfolio' is printed above the table on pages 1 and 2 and 'REITS' and 'Separate Accounts' above their own tables on page 3; source_table on pages 1 and 2, because A's 'UNTITLED_TABLE_1' is a placeholder the page never prints; and asset_class 'Real Estate', the printed grouping that governs every row. From A: source_column_label and metric_name 'Total Capital Contributed' and 'Total Capital Distributed', because the header wraps 'Total Capital' onto its own line above each of those two columns separately instead of spanning them, and page 3 prints 'Total Capital Distributed' on one line where both lanes agree; currency_scale, which A correctly leaves blank on irr and tvpi rows while B stamps '($ in millions)' onto a percentage and a multiple; and evidence_quote, because A cites the full printed partnership line while B cites the bare value, which proves only that those digits occur somewhere on the page. subject_type corrected to 'fund' on every partnership row: both lanes wrote 'investment', but the entity column is headed 'Partnership' and each row is a named vehicle the fund committed capital to, not a holding inside one.",RESOLVED,A+B+ADJUDICATOR,504abfe06fcde5e187ef74247e28f97eecec00313f5079c91e05fbdaea023159
4751ccdb1f8013e9f3e8,SRC058,1,PAIR_68D9D5C0A7AE09ADBCF7F625,CONTEXT_CONFLICT,103,103,source_section|source_table|asset_class|currency_scale|evidence_quote,MERGE,"MERGE, one ruling applied to every paired row because the two lanes differ the same way on all of them and neither is complete. From B: source_section, which A left blank on all three pages although 'Real Estate Portfolio' is printed above the table on pages 1 and 2 and 'REITS' and 'Separate Accounts' above their own tables on page 3; source_table on pages 1 and 2, because A's 'UNTITLED_TABLE_1' is a placeholder the page never prints; and asset_class 'Real Estate', the printed grouping that governs every row. From A: source_column_label and metric_name 'Total Capital Contributed' and 'Total Capital Distributed', because the header wraps 'Total Capital' onto its own line above each of those two columns separately instead of spanning them, and page 3 prints 'Total Capital Distributed' on one line where both lanes agree; currency_scale, which A correctly leaves blank on irr and tvpi rows while B stamps '($ in millions)' onto a percentage and a multiple; and evidence_quote, because A cites the full printed partnership line while B cites the bare value, which proves only that those digits occur somewhere on the page. subject_type corrected to 'fund' on every partnership row: both lanes wrote 'investment', but the entity column is headed 'Partnership' and each row is a named vehicle the fund committed capital to, not a holding inside one.",RESOLVED,A+B+ADJUDICATOR,504abfe06fcde5e187ef74247e28f97eecec00313f5079c91e05fbdaea023159
b47b7cbb3319479ef0de,SRC058,1,PAIR_65775A8E19354906C693645E,CONTEXT_CONFLICT,104,104,source_section|source_table|asset_class|evidence_quote,MERGE,"MERGE, one ruling applied to every paired row because the two lanes differ the same way on all of them and neither is complete. From B: source_section, which A left blank on all three pages although 'Real Estate Portfolio' is printed above the table on pages 1 and 2 and 'REITS' and 'Separate Accounts' above their own tables on page 3; source_table on pages 1 and 2, because A's 'UNTITLED_TABLE_1' is a placeholder the page never prints; and asset_class 'Real Estate', the printed grouping that governs every row. From A: source_column_label and metric_name 'Total Capital Contributed' and 'Total Capital Distributed', because the header wraps 'Total Capital' onto its own line above each of those two columns separately instead of spanning them, and page 3 prints 'Total Capital Distributed' on one line where both lanes agree; currency_scale, which A correctly leaves blank on irr and tvpi rows while B stamps '($ in millions)' onto a percentage and a multiple; and evidence_quote, because A cites the full printed partnership line while B cites the bare value, which proves only that those digits occur somewhere on the page. subject_type corrected to 'fund' on every partnership row: both lanes wrote 'investment', but the entity column is headed 'Partnership' and each row is a named vehicle the fund committed capital to, not a holding inside one.",RESOLVED,A+B+ADJUDICATOR,504abfe06fcde5e187ef74247e28f97eecec00313f5079c91e05fbdaea023159
bddc573bb2844db7c6cf,SRC058,1,PAIR_53BC8F7B1E720BCDDA8E0570,CONTEXT_CONFLICT,105,107,source_section|source_table|asset_class|evidence_quote,MERGE,"MERGE, one ruling applied to every paired row because the two lanes differ the same way on all of them and neither is complete. From B: source_section, which A left blank on all three pages although 'Real Estate Portfolio' is printed above the table on pages 1 and 2 and 'REITS' and 'Separate Accounts' above their own tables on page 3; source_table on pages 1 and 2, because A's 'UNTITLED_TABLE_1' is a placeholder the page never prints; and asset_class 'Real Estate', the printed grouping that governs every row. From A: source_column_label and metric_name 'Total Capital Contributed' and 'Total Capital Distributed', because the header wraps 'Total Capital' onto its own line above each of those two columns separately instead of spanning them, and page 3 prints 'Total Capital Distributed' on one line where both lanes agree; currency_scale, which A correctly leaves blank on irr and tvpi rows while B stamps '($ in millions)' onto a percentage and a multiple; and evidence_quote, because A cites the full printed partnership line while B cites the bare value, which proves only that those digits occur somewhere on the page. subject_type corrected to 'fund' on every partnership row: both lanes wrote 'investment', but the entity column is headed 'Partnership' and each row is a named vehicle the fund committed capital to, not a holding inside one.; Source review: p1: Retirement Fund (The portfolio report distinguishes investor positions from its aggregate rows.) | p1: Retirement Fund (Printed heading or definition supporting the source-reviewed qualifier.) | p1: Retirement Fund (Supersedes SR2102: the printed entity or table label is context, not a measurement basis; source labels retain its scope.)",RESOLVED,A+B+ADJUDICATOR,504abfe06fcde5e187ef74247e28f97eecec00313f5079c91e05fbdaea023159
43d9ed8811615e826f67,SRC058,1,PAIR_2C0A92326B8B94B2F32CCA15,CONTEXT_CONFLICT,106,108,source_section|source_table|asset_class|currency_scale|evidence_quote,MERGE,"MERGE, one ruling applied to every paired row because the two lanes differ the same way on all of them and neither is complete. From B: source_section, which A left blank on all three pages although 'Real Estate Portfolio' is printed above the table on pages 1 and 2 and 'REITS' and 'Separate Accounts' above their own tables on page 3; source_table on pages 1 and 2, because A's 'UNTITLED_TABLE_1' is a placeholder the page never prints; and asset_class 'Real Estate', the printed grouping that governs every row. From A: source_column_label and metric_name 'Total Capital Contributed' and 'Total Capital Distributed', because the header wraps 'Total Capital' onto its own line above each of those two columns separately instead of spanning them, and page 3 prints 'Total Capital Distributed' on one line where both lanes agree; currency_scale, which A correctly leaves blank on irr and tvpi rows while B stamps '($ in millions)' onto a percentage and a multiple; and evidence_quote, because A cites the full printed partnership line while B cites the bare value, which proves only that those digits occur somewhere on the page. subject_type corrected to 'fund' on every partnership row: both lanes wrote 'investment', but the entity column is headed 'Partnership' and each row is a named vehicle the fund committed capital to, not a holding inside one.; Source review: p1: IRR (All report pages were reviewed; no fee-basis statement qualifies this IRR.)",RESOLVED,A+B+ADJUDICATOR,504abfe06fcde5e187ef74247e28f97eecec00313f5079c91e05fbdaea023159
15ea608dccb9984846bc,SRC058,1,PAIR_90458204EB1183C393C5A4A9,CONTEXT_CONFLICT,107,105,source_section|source_table|source_column_label|asset_class|metric_name|evidence_quote,MERGE,"MERGE, one ruling applied to every paired row because the two lanes differ the same way on all of them and neither is complete. From B: source_section, which A left blank on all three pages although 'Real Estate Portfolio' is printed above the table on pages 1 and 2 and 'REITS' and 'Separate Accounts' above their own tables on page 3; source_table on pages 1 and 2, because A's 'UNTITLED_TABLE_1' is a placeholder the page never prints; and asset_class 'Real Estate', the printed grouping that governs every row. From A: source_column_label and metric_name 'Total Capital Contributed' and 'Total Capital Distributed', because the header wraps 'Total Capital' onto its own line above each of those two columns separately instead of spanning them, and page 3 prints 'Total Capital Distributed' on one line where both lanes agree; currency_scale, which A correctly leaves blank on irr and tvpi rows while B stamps '($ in millions)' onto a percentage and a multiple; and evidence_quote, because A cites the full printed partnership line while B cites the bare value, which proves only that those digits occur somewhere on the page. subject_type corrected to 'fund' on every partnership row: both lanes wrote 'investment', but the entity column is headed 'Partnership' and each row is a named vehicle the fund committed capital to, not a holding inside one.",RESOLVED,A+B+ADJUDICATOR,504abfe06fcde5e187ef74247e28f97eecec00313f5079c91e05fbdaea023159
7266fae76ad5a9ff3674,SRC058,1,PAIR_A1FF4EBF68EE462D18AEBD60,CONTEXT_CONFLICT,108,106,source_section|source_table|source_column_label|asset_class|metric_name|evidence_quote,MERGE,"MERGE, one ruling applied to every paired row because the two lanes differ the same way on all of them and neither is complete. From B: source_section, which A left blank on all three pages although 'Real Estate Portfolio' is printed above the table on pages 1 and 2 and 'REITS' and 'Separate Accounts' above their own tables on page 3; source_table on pages 1 and 2, because A's 'UNTITLED_TABLE_1' is a placeholder the page never prints; and asset_class 'Real Estate', the printed grouping that governs every row. From A: source_column_label and metric_name 'Total Capital Contributed' and 'Total Capital Distributed', because the header wraps 'Total Capital' onto its own line above each of those two columns separately instead of spanning them, and page 3 prints 'Total Capital Distributed' on one line where both lanes agree; currency_scale, which A correctly leaves blank on irr and tvpi rows while B stamps '($ in millions)' onto a percentage and a multiple; and evidence_quote, because A cites the full printed partnership line while B cites the bare value, which proves only that those digits occur somewhere on the page. subject_type corrected to 'fund' on every partnership row: both lanes wrote 'investment', but the entity column is headed 'Partnership' and each row is a named vehicle the fund committed capital to, not a holding inside one.",RESOLVED,A+B+ADJUDICATOR,504abfe06fcde5e187ef74247e28f97eecec00313f5079c91e05fbdaea023159
8d775581ff394cd2cc9e,SRC058,1,PAIR_20CDAFDD5BD1DDEB1C5EFE7E,CONTEXT_CONFLICT,109,109,source_section|source_table|asset_class|currency_scale|evidence_quote,MERGE,"MERGE, one ruling applied to every paired row because the two lanes differ the same way on all of them and neither is complete. From B: source_section, which A left blank on all three pages although 'Real Estate Portfolio' is printed above the table on pages 1 and 2 and 'REITS' and 'Separate Accounts' above their own tables on page 3; source_table on pages 1 and 2, because A's 'UNTITLED_TABLE_1' is a placeholder the page never prints; and asset_class 'Real Estate', the printed grouping that governs every row. From A: source_column_label and metric_name 'Total Capital Contributed' and 'Total Capital Distributed', because the header wraps 'Total Capital' onto its own line above each of those two columns separately instead of spanning them, and page 3 prints 'Total Capital Distributed' on one line where both lanes agree; currency_scale, which A correctly leaves blank on irr and tvpi rows while B stamps '($ in millions)' onto a percentage and a multiple; and evidence_quote, because A cites the full printed partnership line while B cites the bare value, which proves only that those digits occur somewhere on the page. subject_type corrected to 'fund' on every partnership row: both lanes wrote 'investment', but the entity column is headed 'Partnership' and each row is a named vehicle the fund committed capital to, not a holding inside one.",RESOLVED,A+B+ADJUDICATOR,504abfe06fcde5e187ef74247e28f97eecec00313f5079c91e05fbdaea023159
1acda9c704404e4e86c9,SRC058,1,PAIR_32519EB41EC3A16BB72F54E3,CONTEXT_CONFLICT,110,110,source_section|source_table|asset_class|evidence_quote,MERGE,"MERGE, one ruling applied to every paired row because the two lanes differ the same way on all of them and neither is complete. From B: source_section, which A left blank on all three pages although 'Real Estate Portfolio' is printed above the table on pages 1 and 2 and 'REITS' and 'Separate Accounts' above their own tables on page 3; source_table on pages 1 and 2, because A's 'UNTITLED_TABLE_1' is a placeholder the page never prints; and asset_class 'Real Estate', the printed grouping that governs every row. From A: source_column_label and metric_name 'Total Capital Contributed' and 'Total Capital Distributed', because the header wraps 'Total Capital' onto its own line above each of those two columns separately instead of spanning them, and page 3 prints 'Total Capital Distributed' on one line where both lanes agree; currency_scale, which A correctly leaves blank on irr and tvpi rows while B stamps '($ in millions)' onto a percentage and a multiple; and evidence_quote, because A cites the full printed partnership line while B cites the bare value, which proves only that those digits occur somewhere on the page. subject_type corrected to 'fund' on every partnership row: both lanes wrote 'investment', but the entity column is headed 'Partnership' and each row is a named vehicle the fund committed capital to, not a holding inside one.",RESOLVED,A+B+ADJUDICATOR,504abfe06fcde5e187ef74247e28f97eecec00313f5079c91e05fbdaea023159
0b82b9d943d76ee90b7a,SRC058,1,PAIR_7AF5F53514DFD6CFF203D24E,CONTEXT_CONFLICT,111,113,source_section|source_table|asset_class|evidence_quote,MERGE,"MERGE, one ruling applied to every paired row because the two lanes differ the same way on all of them and neither is complete. From B: source_section, which A left blank on all three pages although 'Real Estate Portfolio' is printed above the table on pages 1 and 2 and 'REITS' and 'Separate Accounts' above their own tables on page 3; source_table on pages 1 and 2, because A's 'UNTITLED_TABLE_1' is a placeholder the page never prints; and asset_class 'Real Estate', the printed grouping that governs every row. From A: source_column_label and metric_name 'Total Capital Contributed' and 'Total Capital Distributed', because the header wraps 'Total Capital' onto its own line above each of those two columns separately instead of spanning them, and page 3 prints 'Total Capital Distributed' on one line where both lanes agree; currency_scale, which A correctly leaves blank on irr and tvpi rows while B stamps '($ in millions)' onto a percentage and a multiple; and evidence_quote, because A cites the full printed partnership line while B cites the bare value, which proves only that those digits occur somewhere on the page. subject_type corrected to 'fund' on every partnership row: both lanes wrote 'investment', but the entity column is headed 'Partnership' and each row is a named vehicle the fund committed capital to, not a holding inside one.; Source review: p1: Retirement Fund (The portfolio report distinguishes investor positions from its aggregate rows.) | p1: Retirement Fund (Printed heading or definition supporting the source-reviewed qualifier.) | p1: Retirement Fund (Supersedes SR2103: the printed entity or table label is context, not a measurement basis; source labels retain its scope.)",RESOLVED,A+B+ADJUDICATOR,504abfe06fcde5e187ef74247e28f97eecec00313f5079c91e05fbdaea023159
e56bcbc5e99cd637f413,SRC058,1,PAIR_F5A23A7CAF7C8E107737D768,CONTEXT_CONFLICT,112,114,source_section|source_table|asset_class|currency_scale|evidence_quote,MERGE,"MERGE, one ruling applied to every paired row because the two lanes differ the same way on all of them and neither is complete. From B: source_section, which A left blank on all three pages although 'Real Estate Portfolio' is printed above the table on pages 1 and 2 and 'REITS' and 'Separate Accounts' above their own tables on page 3; source_table on pages 1 and 2, because A's 'UNTITLED_TABLE_1' is a placeholder the page never prints; and asset_class 'Real Estate', the printed grouping that governs every row. From A: source_column_label and metric_name 'Total Capital Contributed' and 'Total Capital Distributed', because the header wraps 'Total Capital' onto its own line above each of those two columns separately instead of spanning them, and page 3 prints 'Total Capital Distributed' on one line where both lanes agree; currency_scale, which A correctly leaves blank on irr and tvpi rows while B stamps '($ in millions)' onto a percentage and a multiple; and evidence_quote, because A cites the full printed partnership line while B cites the bare value, which proves only that those digits occur somewhere on the page. subject_type corrected to 'fund' on every partnership row: both lanes wrote 'investment', but the entity column is headed 'Partnership' and each row is a named vehicle the fund committed capital to, not a holding inside one.; Source review: p1: IRR (All report pages were reviewed; no fee-basis statement qualifies this IRR.)",RESOLVED,A+B+ADJUDICATOR,504abfe06fcde5e187ef74247e28f97eecec00313f5079c91e05fbdaea023159
cd411f9f3085f5c707e9,SRC058,1,PAIR_BD2F59652CDEF4A1213E92BA,CONTEXT_CONFLICT,113,111,source_section|source_table|source_column_label|asset_class|metric_name|evidence_quote,MERGE,"MERGE, one ruling applied to every paired row because the two lanes differ the same way on all of them and neither is complete. From B: source_section, which A left blank on all three pages although 'Real Estate Portfolio' is printed above the table on pages 1 and 2 and 'REITS' and 'Separate Accounts' above their own tables on page 3; source_table on pages 1 and 2, because A's 'UNTITLED_TABLE_1' is a placeholder the page never prints; and asset_class 'Real Estate', the printed grouping that governs every row. From A: source_column_label and metric_name 'Total Capital Contributed' and 'Total Capital Distributed', because the header wraps 'Total Capital' onto its own line above each of those two columns separately instead of spanning them, and page 3 prints 'Total Capital Distributed' on one line where both lanes agree; currency_scale, which A correctly leaves blank on irr and tvpi rows while B stamps '($ in millions)' onto a percentage and a multiple; and evidence_quote, because A cites the full printed partnership line while B cites the bare value, which proves only that those digits occur somewhere on the page. subject_type corrected to 'fund' on every partnership row: both lanes wrote 'investment', but the entity column is headed 'Partnership' and each row is a named vehicle the fund committed capital to, not a holding inside one.",RESOLVED,A+B+ADJUDICATOR,504abfe06fcde5e187ef74247e28f97eecec00313f5079c91e05fbdaea023159
5208c41660401e890a22,SRC058,1,PAIR_6DB762891212CE254B7962A8,CONTEXT_CONFLICT,114,112,source_section|source_table|source_column_label|asset_class|metric_name|evidence_quote,MERGE,"MERGE, one ruling applied to every paired row because the two lanes differ the same way on all of them and neither is complete. From B: source_section, which A left blank on all three pages although 'Real Estate Portfolio' is printed above the table on pages 1 and 2 and 'REITS' and 'Separate Accounts' above their own tables on page 3; source_table on pages 1 and 2, because A's 'UNTITLED_TABLE_1' is a placeholder the page never prints; and asset_class 'Real Estate', the printed grouping that governs every row. From A: source_column_label and metric_name 'Total Capital Contributed' and 'Total Capital Distributed', because the header wraps 'Total Capital' onto its own line above each of those two columns separately instead of spanning them, and page 3 prints 'Total Capital Distributed' on one line where both lanes agree; currency_scale, which A correctly leaves blank on irr and tvpi rows while B stamps '($ in millions)' onto a percentage and a multiple; and evidence_quote, because A cites the full printed partnership line while B cites the bare value, which proves only that those digits occur somewhere on the page. subject_type corrected to 'fund' on every partnership row: both lanes wrote 'investment', but the entity column is headed 'Partnership' and each row is a named vehicle the fund committed capital to, not a holding inside one.",RESOLVED,A+B+ADJUDICATOR,504abfe06fcde5e187ef74247e28f97eecec00313f5079c91e05fbdaea023159
761419b28c6240e88e8c,SRC058,1,PAIR_1D7C292BDC37C2CDDBCC33C6,CONTEXT_CONFLICT,115,115,source_section|source_table|asset_class|currency_scale|evidence_quote,MERGE,"MERGE, one ruling applied to every paired row because the two lanes differ the same way on all of them and neither is complete. From B: source_section, which A left blank on all three pages although 'Real Estate Portfolio' is printed above the table on pages 1 and 2 and 'REITS' and 'Separate Accounts' above their own tables on page 3; source_table on pages 1 and 2, because A's 'UNTITLED_TABLE_1' is a placeholder the page never prints; and asset_class 'Real Estate', the printed grouping that governs every row. From A: source_column_label and metric_name 'Total Capital Contributed' and 'Total Capital Distributed', because the header wraps 'Total Capital' onto its own line above each of those two columns separately instead of spanning them, and page 3 prints 'Total Capital Distributed' on one line where both lanes agree; currency_scale, which A correctly leaves blank on irr and tvpi rows while B stamps '($ in millions)' onto a percentage and a multiple; and evidence_quote, because A cites the full printed partnership line while B cites the bare value, which proves only that those digits occur somewhere on the page. subject_type corrected to 'fund' on every partnership row: both lanes wrote 'investment', but the entity column is headed 'Partnership' and each row is a named vehicle the fund committed capital to, not a holding inside one.",RESOLVED,A+B+ADJUDICATOR,504abfe06fcde5e187ef74247e28f97eecec00313f5079c91e05fbdaea023159
81f5a7e91be25c5b9322,SRC058,1,PAIR_FAD4B6AAFE53371BFDA3AEA8,CONTEXT_CONFLICT,116,116,source_section|source_table|asset_class|evidence_quote,MERGE,"MERGE, one ruling applied to every paired row because the two lanes differ the same way on all of them and neither is complete. From B: source_section, which A left blank on all three pages although 'Real Estate Portfolio' is printed above the table on pages 1 and 2 and 'REITS' and 'Separate Accounts' above their own tables on page 3; source_table on pages 1 and 2, because A's 'UNTITLED_TABLE_1' is a placeholder the page never prints; and asset_class 'Real Estate', the printed grouping that governs every row. From A: source_column_label and metric_name 'Total Capital Contributed' and 'Total Capital Distributed', because the header wraps 'Total Capital' onto its own line above each of those two columns separately instead of spanning them, and page 3 prints 'Total Capital Distributed' on one line where both lanes agree; currency_scale, which A correctly leaves blank on irr and tvpi rows while B stamps '($ in millions)' onto a percentage and a multiple; and evidence_quote, because A cites the full printed partnership line while B cites the bare value, which proves only that those digits occur somewhere on the page. subject_type corrected to 'fund' on every partnership row: both lanes wrote 'investment', but the entity column is headed 'Partnership' and each row is a named vehicle the fund committed capital to, not a holding inside one.",RESOLVED,A+B+ADJUDICATOR,504abfe06fcde5e187ef74247e28f97eecec00313f5079c91e05fbdaea023159
f939d81a14d9fc2c6f58,SRC058,1,PAIR_0B3ECD219B5AFEA9155E5045,CONTEXT_CONFLICT,117,119,source_section|source_table|asset_class|evidence_quote,MERGE,"MERGE, one ruling applied to every paired row because the two lanes differ the same way on all of them and neither is complete. From B: source_section, which A left blank on all three pages although 'Real Estate Portfolio' is printed above the table on pages 1 and 2 and 'REITS' and 'Separate Accounts' above their own tables on page 3; source_table on pages 1 and 2, because A's 'UNTITLED_TABLE_1' is a placeholder the page never prints; and asset_class 'Real Estate', the printed grouping that governs every row. From A: source_column_label and metric_name 'Total Capital Contributed' and 'Total Capital Distributed', because the header wraps 'Total Capital' onto its own line above each of those two columns separately instead of spanning them, and page 3 prints 'Total Capital Distributed' on one line where both lanes agree; currency_scale, which A correctly leaves blank on irr and tvpi rows while B stamps '($ in millions)' onto a percentage and a multiple; and evidence_quote, because A cites the full printed partnership line while B cites the bare value, which proves only that those digits occur somewhere on the page. subject_type corrected to 'fund' on every partnership row: both lanes wrote 'investment', but the entity column is headed 'Partnership' and each row is a named vehicle the fund committed capital to, not a holding inside one.; Source review: p1: Retirement Fund (The portfolio report distinguishes investor positions from its aggregate rows.) | p1: Retirement Fund (Printed heading or definition supporting the source-reviewed qualifier.) | p1: Retirement Fund (Supersedes SR2104: the printed entity or table label is context, not a measurement basis; source labels retain its scope.)",RESOLVED,A+B+ADJUDICATOR,504abfe06fcde5e187ef74247e28f97eecec00313f5079c91e05fbdaea023159
96b11a18e17278bfdd53,SRC058,1,PAIR_A94DC214DE4F4C6BDFE69767,CONTEXT_CONFLICT,118,120,source_section|source_table|asset_class|currency_scale|evidence_quote,MERGE,"MERGE, one ruling applied to every paired row because the two lanes differ the same way on all of them and neither is complete. From B: source_section, which A left blank on all three pages although 'Real Estate Portfolio' is printed above the table on pages 1 and 2 and 'REITS' and 'Separate Accounts' above their own tables on page 3; source_table on pages 1 and 2, because A's 'UNTITLED_TABLE_1' is a placeholder the page never prints; and asset_class 'Real Estate', the printed grouping that governs every row. From A: source_column_label and metric_name 'Total Capital Contributed' and 'Total Capital Distributed', because the header wraps 'Total Capital' onto its own line above each of those two columns separately instead of spanning them, and page 3 prints 'Total Capital Distributed' on one line where both lanes agree; currency_scale, which A correctly leaves blank on irr and tvpi rows while B stamps '($ in millions)' onto a percentage and a multiple; and evidence_quote, because A cites the full printed partnership line while B cites the bare value, which proves only that those digits occur somewhere on the page. subject_type corrected to 'fund' on every partnership row: both lanes wrote 'investment', but the entity column is headed 'Partnership' and each row is a named vehicle the fund committed capital to, not a holding inside one.; Source review: p1: IRR (All report pages were reviewed; no fee-basis statement qualifies this IRR.)",RESOLVED,A+B+ADJUDICATOR,504abfe06fcde5e187ef74247e28f97eecec00313f5079c91e05fbdaea023159
957f1d608a29d2cc6682,SRC058,1,PAIR_49A02DCBFBE1B3E691720580,CONTEXT_CONFLICT,119,117,source_section|source_table|source_column_label|asset_class|metric_name|evidence_quote,MERGE,"MERGE, one ruling applied to every paired row because the two lanes differ the same way on all of them and neither is complete. From B: source_section, which A left blank on all three pages although 'Real Estate Portfolio' is printed above the table on pages 1 and 2 and 'REITS' and 'Separate Accounts' above their own tables on page 3; source_table on pages 1 and 2, because A's 'UNTITLED_TABLE_1' is a placeholder the page never prints; and asset_class 'Real Estate', the printed grouping that governs every row. From A: source_column_label and metric_name 'Total Capital Contributed' and 'Total Capital Distributed', because the header wraps 'Total Capital' onto its own line above each of those two columns separately instead of spanning them, and page 3 prints 'Total Capital Distributed' on one line where both lanes agree; currency_scale, which A correctly leaves blank on irr and tvpi rows while B stamps '($ in millions)' onto a percentage and a multiple; and evidence_quote, because A cites the full printed partnership line while B cites the bare value, which proves only that those digits occur somewhere on the page. subject_type corrected to 'fund' on every partnership row: both lanes wrote 'investment', but the entity column is headed 'Partnership' and each row is a named vehicle the fund committed capital to, not a holding inside one.",RESOLVED,A+B+ADJUDICATOR,504abfe06fcde5e187ef74247e28f97eecec00313f5079c91e05fbdaea023159
dc362bd48f230fdbfeca,SRC058,1,PAIR_24041F7552700A64E1AEF791,CONTEXT_CONFLICT,120,118,source_section|source_table|source_column_label|asset_class|metric_name|evidence_quote,MERGE,"MERGE, one ruling applied to every paired row because the two lanes differ the same way on all of them and neither is complete. From B: source_section, which A left blank on all three pages although 'Real Estate Portfolio' is printed above the table on pages 1 and 2 and 'REITS' and 'Separate Accounts' above their own tables on page 3; source_table on pages 1 and 2, because A's 'UNTITLED_TABLE_1' is a placeholder the page never prints; and asset_class 'Real Estate', the printed grouping that governs every row. From A: source_column_label and metric_name 'Total Capital Contributed' and 'Total Capital Distributed', because the header wraps 'Total Capital' onto its own line above each of those two columns separately instead of spanning them, and page 3 prints 'Total Capital Distributed' on one line where both lanes agree; currency_scale, which A correctly leaves blank on irr and tvpi rows while B stamps '($ in millions)' onto a percentage and a multiple; and evidence_quote, because A cites the full printed partnership line while B cites the bare value, which proves only that those digits occur somewhere on the page. subject_type corrected to 'fund' on every partnership row: both lanes wrote 'investment', but the entity column is headed 'Partnership' and each row is a named vehicle the fund committed capital to, not a holding inside one.",RESOLVED,A+B+ADJUDICATOR,504abfe06fcde5e187ef74247e28f97eecec00313f5079c91e05fbdaea023159
729b108022a2a1b635d1,SRC058,1,PAIR_8147DFEEC2B5DB9BA27728F3,CONTEXT_CONFLICT,121,121,source_section|source_table|asset_class|currency_scale|evidence_quote,MERGE,"MERGE, one ruling applied to every paired row because the two lanes differ the same way on all of them and neither is complete. From B: source_section, which A left blank on all three pages although 'Real Estate Portfolio' is printed above the table on pages 1 and 2 and 'REITS' and 'Separate Accounts' above their own tables on page 3; source_table on pages 1 and 2, because A's 'UNTITLED_TABLE_1' is a placeholder the page never prints; and asset_class 'Real Estate', the printed grouping that governs every row. From A: source_column_label and metric_name 'Total Capital Contributed' and 'Total Capital Distributed', because the header wraps 'Total Capital' onto its own line above each of those two columns separately instead of spanning them, and page 3 prints 'Total Capital Distributed' on one line where both lanes agree; currency_scale, which A correctly leaves blank on irr and tvpi rows while B stamps '($ in millions)' onto a percentage and a multiple; and evidence_quote, because A cites the full printed partnership line while B cites the bare value, which proves only that those digits occur somewhere on the page. subject_type corrected to 'fund' on every partnership row: both lanes wrote 'investment', but the entity column is headed 'Partnership' and each row is a named vehicle the fund committed capital to, not a holding inside one.",RESOLVED,A+B+ADJUDICATOR,504abfe06fcde5e187ef74247e28f97eecec00313f5079c91e05fbdaea023159
3d40dbcfa1a9c4f3308f,SRC058,1,PAIR_DD79F9EA650A10584E7AAEAA,CONTEXT_CONFLICT,122,122,source_section|source_table|asset_class|evidence_quote,MERGE,"MERGE, one ruling applied to every paired row because the two lanes differ the same way on all of them and neither is complete. From B: source_section, which A left blank on all three pages although 'Real Estate Portfolio' is printed above the table on pages 1 and 2 and 'REITS' and 'Separate Accounts' above their own tables on page 3; source_table on pages 1 and 2, because A's 'UNTITLED_TABLE_1' is a placeholder the page never prints; and asset_class 'Real Estate', the printed grouping that governs every row. From A: source_column_label and metric_name 'Total Capital Contributed' and 'Total Capital Distributed', because the header wraps 'Total Capital' onto its own line above each of those two columns separately instead of spanning them, and page 3 prints 'Total Capital Distributed' on one line where both lanes agree; currency_scale, which A correctly leaves blank on irr and tvpi rows while B stamps '($ in millions)' onto a percentage and a multiple; and evidence_quote, because A cites the full printed partnership line while B cites the bare value, which proves only that those digits occur somewhere on the page. subject_type corrected to 'fund' on every partnership row: both lanes wrote 'investment', but the entity column is headed 'Partnership' and each row is a named vehicle the fund committed capital to, not a holding inside one.",RESOLVED,A+B+ADJUDICATOR,504abfe06fcde5e187ef74247e28f97eecec00313f5079c91e05fbdaea023159
e506175bfb4a46166552,SRC058,1,PAIR_667C68E1EA9DA8E235E2F8F0,CONTEXT_CONFLICT,123,125,source_section|source_table|asset_class|evidence_quote,MERGE,"MERGE, one ruling applied to every paired row because the two lanes differ the same way on all of them and neither is complete. From B: source_section, which A left blank on all three pages although 'Real Estate Portfolio' is printed above the table on pages 1 and 2 and 'REITS' and 'Separate Accounts' above their own tables on page 3; source_table on pages 1 and 2, because A's 'UNTITLED_TABLE_1' is a placeholder the page never prints; and asset_class 'Real Estate', the printed grouping that governs every row. From A: source_column_label and metric_name 'Total Capital Contributed' and 'Total Capital Distributed', because the header wraps 'Total Capital' onto its own line above each of those two columns separately instead of spanning them, and page 3 prints 'Total Capital Distributed' on one line where both lanes agree; currency_scale, which A correctly leaves blank on irr and tvpi rows while B stamps '($ in millions)' onto a percentage and a multiple; and evidence_quote, because A cites the full printed partnership line while B cites the bare value, which proves only that those digits occur somewhere on the page. subject_type corrected to 'fund' on every partnership row: both lanes wrote 'investment', but the entity column is headed 'Partnership' and each row is a named vehicle the fund committed capital to, not a holding inside one.; Source review: p1: Retirement Fund (The portfolio report distinguishes investor positions from its aggregate rows.) | p1: Retirement Fund (Printed heading or definition supporting the source-reviewed qualifier.) | p1: Retirement Fund (Supersedes SR2105: the printed entity or table label is context, not a measurement basis; source labels retain its scope.)",RESOLVED,A+B+ADJUDICATOR,504abfe06fcde5e187ef74247e28f97eecec00313f5079c91e05fbdaea023159
8ccf4441a6ed43a22894,SRC058,1,PAIR_5F4C15B55B45DFDE66922E6C,CONTEXT_CONFLICT,124,126,source_section|source_table|asset_class|currency_scale|evidence_quote,MERGE,"MERGE, one ruling applied to every paired row because the two lanes differ the same way on all of them and neither is complete. From B: source_section, which A left blank on all three pages although 'Real Estate Portfolio' is printed above the table on pages 1 and 2 and 'REITS' and 'Separate Accounts' above their own tables on page 3; source_table on pages 1 and 2, because A's 'UNTITLED_TABLE_1' is a placeholder the page never prints; and asset_class 'Real Estate', the printed grouping that governs every row. From A: source_column_label and metric_name 'Total Capital Contributed' and 'Total Capital Distributed', because the header wraps 'Total Capital' onto its own line above each of those two columns separately instead of spanning them, and page 3 prints 'Total Capital Distributed' on one line where both lanes agree; currency_scale, which A correctly leaves blank on irr and tvpi rows while B stamps '($ in millions)' onto a percentage and a multiple; and evidence_quote, because A cites the full printed partnership line while B cites the bare value, which proves only that those digits occur somewhere on the page. subject_type corrected to 'fund' on every partnership row: both lanes wrote 'investment', but the entity column is headed 'Partnership' and each row is a named vehicle the fund committed capital to, not a holding inside one.; Source review: p1: IRR (All report pages were reviewed; no fee-basis statement qualifies this IRR.)",RESOLVED,A+B+ADJUDICATOR,504abfe06fcde5e187ef74247e28f97eecec00313f5079c91e05fbdaea023159
b7729117ee17d1d96aa1,SRC058,1,PAIR_D8D5EEF457ECB71A3E800AC1,CONTEXT_CONFLICT,125,123,source_section|source_table|source_column_label|asset_class|metric_name|evidence_quote,MERGE,"MERGE, one ruling applied to every paired row because the two lanes differ the same way on all of them and neither is complete. From B: source_section, which A left blank on all three pages although 'Real Estate Portfolio' is printed above the table on pages 1 and 2 and 'REITS' and 'Separate Accounts' above their own tables on page 3; source_table on pages 1 and 2, because A's 'UNTITLED_TABLE_1' is a placeholder the page never prints; and asset_class 'Real Estate', the printed grouping that governs every row. From A: source_column_label and metric_name 'Total Capital Contributed' and 'Total Capital Distributed', because the header wraps 'Total Capital' onto its own line above each of those two columns separately instead of spanning them, and page 3 prints 'Total Capital Distributed' on one line where both lanes agree; currency_scale, which A correctly leaves blank on irr and tvpi rows while B stamps '($ in millions)' onto a percentage and a multiple; and evidence_quote, because A cites the full printed partnership line while B cites the bare value, which proves only that those digits occur somewhere on the page. subject_type corrected to 'fund' on every partnership row: both lanes wrote 'investment', but the entity column is headed 'Partnership' and each row is a named vehicle the fund committed capital to, not a holding inside one.",RESOLVED,A+B+ADJUDICATOR,504abfe06fcde5e187ef74247e28f97eecec00313f5079c91e05fbdaea023159
0466dd08ecb9a50abaa5,SRC058,1,PAIR_DD4BA10115ABA6788FB89DEF,CONTEXT_CONFLICT,126,124,source_section|source_table|source_column_label|asset_class|metric_name|evidence_quote,MERGE,"MERGE, one ruling applied to every paired row because the two lanes differ the same way on all of them and neither is complete. From B: source_section, which A left blank on all three pages although 'Real Estate Portfolio' is printed above the table on pages 1 and 2 and 'REITS' and 'Separate Accounts' above their own tables on page 3; source_table on pages 1 and 2, because A's 'UNTITLED_TABLE_1' is a placeholder the page never prints; and asset_class 'Real Estate', the printed grouping that governs every row. From A: source_column_label and metric_name 'Total Capital Contributed' and 'Total Capital Distributed', because the header wraps 'Total Capital' onto its own line above each of those two columns separately instead of spanning them, and page 3 prints 'Total Capital Distributed' on one line where both lanes agree; currency_scale, which A correctly leaves blank on irr and tvpi rows while B stamps '($ in millions)' onto a percentage and a multiple; and evidence_quote, because A cites the full printed partnership line while B cites the bare value, which proves only that those digits occur somewhere on the page. subject_type corrected to 'fund' on every partnership row: both lanes wrote 'investment', but the entity column is headed 'Partnership' and each row is a named vehicle the fund committed capital to, not a holding inside one.",RESOLVED,A+B+ADJUDICATOR,504abfe06fcde5e187ef74247e28f97eecec00313f5079c91e05fbdaea023159
caf4a79fa88d6108e069,SRC058,1,PAIR_766935510E5691E3A9605D68,CONTEXT_CONFLICT,127,127,source_section|source_table|asset_class|currency_scale|evidence_quote,MERGE,"MERGE, one ruling applied to every paired row because the two lanes differ the same way on all of them and neither is complete. From B: source_section, which A left blank on all three pages although 'Real Estate Portfolio' is printed above the table on pages 1 and 2 and 'REITS' and 'Separate Accounts' above their own tables on page 3; source_table on pages 1 and 2, because A's 'UNTITLED_TABLE_1' is a placeholder the page never prints; and asset_class 'Real Estate', the printed grouping that governs every row. From A: source_column_label and metric_name 'Total Capital Contributed' and 'Total Capital Distributed', because the header wraps 'Total Capital' onto its own line above each of those two columns separately instead of spanning them, and page 3 prints 'Total Capital Distributed' on one line where both lanes agree; currency_scale, which A correctly leaves blank on irr and tvpi rows while B stamps '($ in millions)' onto a percentage and a multiple; and evidence_quote, because A cites the full printed partnership line while B cites the bare value, which proves only that those digits occur somewhere on the page. subject_type corrected to 'fund' on every partnership row: both lanes wrote 'investment', but the entity column is headed 'Partnership' and each row is a named vehicle the fund committed capital to, not a holding inside one.",RESOLVED,A+B+ADJUDICATOR,504abfe06fcde5e187ef74247e28f97eecec00313f5079c91e05fbdaea023159
2bf53781c028d6093a17,SRC058,1,PAIR_0813FE8AAE596D4C748742CB,CONTEXT_CONFLICT,128,128,source_section|source_table|asset_class|evidence_quote,MERGE,"MERGE, one ruling applied to every paired row because the two lanes differ the same way on all of them and neither is complete. From B: source_section, which A left blank on all three pages although 'Real Estate Portfolio' is printed above the table on pages 1 and 2 and 'REITS' and 'Separate Accounts' above their own tables on page 3; source_table on pages 1 and 2, because A's 'UNTITLED_TABLE_1' is a placeholder the page never prints; and asset_class 'Real Estate', the printed grouping that governs every row. From A: source_column_label and metric_name 'Total Capital Contributed' and 'Total Capital Distributed', because the header wraps 'Total Capital' onto its own line above each of those two columns separately instead of spanning them, and page 3 prints 'Total Capital Distributed' on one line where both lanes agree; currency_scale, which A correctly leaves blank on irr and tvpi rows while B stamps '($ in millions)' onto a percentage and a multiple; and evidence_quote, because A cites the full printed partnership line while B cites the bare value, which proves only that those digits occur somewhere on the page. subject_type corrected to 'fund' on every partnership row: both lanes wrote 'investment', but the entity column is headed 'Partnership' and each row is a named vehicle the fund committed capital to, not a holding inside one.",RESOLVED,A+B+ADJUDICATOR,504abfe06fcde5e187ef74247e28f97eecec00313f5079c91e05fbdaea023159
91ea4b1b41622bbbe33c,SRC058,1,PAIR_45A10E84ABBD5334B146869F,CONTEXT_CONFLICT,129,131,source_section|source_table|asset_class|evidence_quote,MERGE,"MERGE, one ruling applied to every paired row because the two lanes differ the same way on all of them and neither is complete. From B: source_section, which A left blank on all three pages although 'Real Estate Portfolio' is printed above the table on pages 1 and 2 and 'REITS' and 'Separate Accounts' above their own tables on page 3; source_table on pages 1 and 2, because A's 'UNTITLED_TABLE_1' is a placeholder the page never prints; and asset_class 'Real Estate', the printed grouping that governs every row. From A: source_column_label and metric_name 'Total Capital Contributed' and 'Total Capital Distributed', because the header wraps 'Total Capital' onto its own line above each of those two columns separately instead of spanning them, and page 3 prints 'Total Capital Distributed' on one line where both lanes agree; currency_scale, which A correctly leaves blank on irr and tvpi rows while B stamps '($ in millions)' onto a percentage and a multiple; and evidence_quote, because A cites the full printed partnership line while B cites the bare value, which proves only that those digits occur somewhere on the page. subject_type corrected to 'fund' on every partnership row: both lanes wrote 'investment', but the entity column is headed 'Partnership' and each row is a named vehicle the fund committed capital to, not a holding inside one.; Source review: p1: Retirement Fund (The portfolio report distinguishes investor positions from its aggregate rows.) | p1: Retirement Fund (Printed heading or definition supporting the source-reviewed qualifier.) | p1: Retirement Fund (Supersedes SR2106: the printed entity or table label is context, not a measurement basis; source labels retain its scope.)",RESOLVED,A+B+ADJUDICATOR,504abfe06fcde5e187ef74247e28f97eecec00313f5079c91e05fbdaea023159
fe6b3ff1d3dd24649fd9,SRC058,1,PAIR_D6CE806CE696B314B391BE7C,CONTEXT_CONFLICT,130,132,source_section|source_table|asset_class|currency_scale|evidence_quote,MERGE,"MERGE, one ruling applied to every paired row because the two lanes differ the same way on all of them and neither is complete. From B: source_section, which A left blank on all three pages although 'Real Estate Portfolio' is printed above the table on pages 1 and 2 and 'REITS' and 'Separate Accounts' above their own tables on page 3; source_table on pages 1 and 2, because A's 'UNTITLED_TABLE_1' is a placeholder the page never prints; and asset_class 'Real Estate', the printed grouping that governs every row. From A: source_column_label and metric_name 'Total Capital Contributed' and 'Total Capital Distributed', because the header wraps 'Total Capital' onto its own line above each of those two columns separately instead of spanning them, and page 3 prints 'Total Capital Distributed' on one line where both lanes agree; currency_scale, which A correctly leaves blank on irr and tvpi rows while B stamps '($ in millions)' onto a percentage and a multiple; and evidence_quote, because A cites the full printed partnership line while B cites the bare value, which proves only that those digits occur somewhere on the page. subject_type corrected to 'fund' on every partnership row: both lanes wrote 'investment', but the entity column is headed 'Partnership' and each row is a named vehicle the fund committed capital to, not a holding inside one.; Source review: p1: IRR (All report pages were reviewed; no fee-basis statement qualifies this IRR.)",RESOLVED,A+B+ADJUDICATOR,504abfe06fcde5e187ef74247e28f97eecec00313f5079c91e05fbdaea023159
d91c61819d820029c2fe,SRC058,1,PAIR_86C5733E53586187CCEDEAF2,CONTEXT_CONFLICT,131,129,source_section|source_table|source_column_label|asset_class|metric_name|evidence_quote,MERGE,"MERGE, one ruling applied to every paired row because the two lanes differ the same way on all of them and neither is complete. From B: source_section, which A left blank on all three pages although 'Real Estate Portfolio' is printed above the table on pages 1 and 2 and 'REITS' and 'Separate Accounts' above their own tables on page 3; source_table on pages 1 and 2, because A's 'UNTITLED_TABLE_1' is a placeholder the page never prints; and asset_class 'Real Estate', the printed grouping that governs every row. From A: source_column_label and metric_name 'Total Capital Contributed' and 'Total Capital Distributed', because the header wraps 'Total Capital' onto its own line above each of those two columns separately instead of spanning them, and page 3 prints 'Total Capital Distributed' on one line where both lanes agree; currency_scale, which A correctly leaves blank on irr and tvpi rows while B stamps '($ in millions)' onto a percentage and a multiple; and evidence_quote, because A cites the full printed partnership line while B cites the bare value, which proves only that those digits occur somewhere on the page. subject_type corrected to 'fund' on every partnership row: both lanes wrote 'investment', but the entity column is headed 'Partnership' and each row is a named vehicle the fund committed capital to, not a holding inside one.",RESOLVED,A+B+ADJUDICATOR,504abfe06fcde5e187ef74247e28f97eecec00313f5079c91e05fbdaea023159
9a01fd8d53c52034f6a8,SRC058,1,PAIR_32D95340835DB684B4207BAA,CONTEXT_CONFLICT,132,130,source_section|source_table|source_column_label|asset_class|metric_name|evidence_quote,MERGE,"MERGE, one ruling applied to every paired row because the two lanes differ the same way on all of them and neither is complete. From B: source_section, which A left blank on all three pages although 'Real Estate Portfolio' is printed above the table on pages 1 and 2 and 'REITS' and 'Separate Accounts' above their own tables on page 3; source_table on pages 1 and 2, because A's 'UNTITLED_TABLE_1' is a placeholder the page never prints; and asset_class 'Real Estate', the printed grouping that governs every row. From A: source_column_label and metric_name 'Total Capital Contributed' and 'Total Capital Distributed', because the header wraps 'Total Capital' onto its own line above each of those two columns separately instead of spanning them, and page 3 prints 'Total Capital Distributed' on one line where both lanes agree; currency_scale, which A correctly leaves blank on irr and tvpi rows while B stamps '($ in millions)' onto a percentage and a multiple; and evidence_quote, because A cites the full printed partnership line while B cites the bare value, which proves only that those digits occur somewhere on the page. subject_type corrected to 'fund' on every partnership row: both lanes wrote 'investment', but the entity column is headed 'Partnership' and each row is a named vehicle the fund committed capital to, not a holding inside one.",RESOLVED,A+B+ADJUDICATOR,504abfe06fcde5e187ef74247e28f97eecec00313f5079c91e05fbdaea023159
b05101a65ac5e61142c7,SRC058,1,PAIR_2267BEE281E1FEC642A3778B,CONTEXT_CONFLICT,133,133,source_section|source_table|asset_class|currency_scale|evidence_quote,MERGE,"MERGE, one ruling applied to every paired row because the two lanes differ the same way on all of them and neither is complete. From B: source_section, which A left blank on all three pages although 'Real Estate Portfolio' is printed above the table on pages 1 and 2 and 'REITS' and 'Separate Accounts' above their own tables on page 3; source_table on pages 1 and 2, because A's 'UNTITLED_TABLE_1' is a placeholder the page never prints; and asset_class 'Real Estate', the printed grouping that governs every row. From A: source_column_label and metric_name 'Total Capital Contributed' and 'Total Capital Distributed', because the header wraps 'Total Capital' onto its own line above each of those two columns separately instead of spanning them, and page 3 prints 'Total Capital Distributed' on one line where both lanes agree; currency_scale, which A correctly leaves blank on irr and tvpi rows while B stamps '($ in millions)' onto a percentage and a multiple; and evidence_quote, because A cites the full printed partnership line while B cites the bare value, which proves only that those digits occur somewhere on the page. subject_type corrected to 'fund' on every partnership row: both lanes wrote 'investment', but the entity column is headed 'Partnership' and each row is a named vehicle the fund committed capital to, not a holding inside one.",RESOLVED,A+B+ADJUDICATOR,504abfe06fcde5e187ef74247e28f97eecec00313f5079c91e05fbdaea023159
930f212d4b48183e8737,SRC058,1,PAIR_592CC9E28A3E8306A27E9EFE,CONTEXT_CONFLICT,134,134,source_section|source_table|asset_class|evidence_quote,MERGE,"MERGE, one ruling applied to every paired row because the two lanes differ the same way on all of them and neither is complete. From B: source_section, which A left blank on all three pages although 'Real Estate Portfolio' is printed above the table on pages 1 and 2 and 'REITS' and 'Separate Accounts' above their own tables on page 3; source_table on pages 1 and 2, because A's 'UNTITLED_TABLE_1' is a placeholder the page never prints; and asset_class 'Real Estate', the printed grouping that governs every row. From A: source_column_label and metric_name 'Total Capital Contributed' and 'Total Capital Distributed', because the header wraps 'Total Capital' onto its own line above each of those two columns separately instead of spanning them, and page 3 prints 'Total Capital Distributed' on one line where both lanes agree; currency_scale, which A correctly leaves blank on irr and tvpi rows while B stamps '($ in millions)' onto a percentage and a multiple; and evidence_quote, because A cites the full printed partnership line while B cites the bare value, which proves only that those digits occur somewhere on the page. subject_type corrected to 'fund' on every partnership row: both lanes wrote 'investment', but the entity column is headed 'Partnership' and each row is a named vehicle the fund committed capital to, not a holding inside one.",RESOLVED,A+B+ADJUDICATOR,504abfe06fcde5e187ef74247e28f97eecec00313f5079c91e05fbdaea023159
338eed2991de7c23f07f,SRC058,1,PAIR_F2779C66CB7F21042B160B25,CONTEXT_CONFLICT,135,137,source_section|source_table|asset_class|evidence_quote,MERGE,"MERGE, one ruling applied to every paired row because the two lanes differ the same way on all of them and neither is complete. From B: source_section, which A left blank on all three pages although 'Real Estate Portfolio' is printed above the table on pages 1 and 2 and 'REITS' and 'Separate Accounts' above their own tables on page 3; source_table on pages 1 and 2, because A's 'UNTITLED_TABLE_1' is a placeholder the page never prints; and asset_class 'Real Estate', the printed grouping that governs every row. From A: source_column_label and metric_name 'Total Capital Contributed' and 'Total Capital Distributed', because the header wraps 'Total Capital' onto its own line above each of those two columns separately instead of spanning them, and page 3 prints 'Total Capital Distributed' on one line where both lanes agree; currency_scale, which A correctly leaves blank on irr and tvpi rows while B stamps '($ in millions)' onto a percentage and a multiple; and evidence_quote, because A cites the full printed partnership line while B cites the bare value, which proves only that those digits occur somewhere on the page. subject_type corrected to 'fund' on every partnership row: both lanes wrote 'investment', but the entity column is headed 'Partnership' and each row is a named vehicle the fund committed capital to, not a holding inside one.; Source review: p1: Retirement Fund (The portfolio report distinguishes investor positions from its aggregate rows.) | p1: Retirement Fund (Printed heading or definition supporting the source-reviewed qualifier.) | p1: Retirement Fund (Supersedes SR2107: the printed entity or table label is context, not a measurement basis; source labels retain its scope.)",RESOLVED,A+B+ADJUDICATOR,504abfe06fcde5e187ef74247e28f97eecec00313f5079c91e05fbdaea023159
64fa17cdf103e0e138d5,SRC058,1,PAIR_49541259061EEAE4095D55A2,CONTEXT_CONFLICT,136,135,source_section|source_table|source_column_label|asset_class|metric_name|evidence_quote,MERGE,"MERGE, one ruling applied to every paired row because the two lanes differ the same way on all of them and neither is complete. From B: source_section, which A left blank on all three pages although 'Real Estate Portfolio' is printed above the table on pages 1 and 2 and 'REITS' and 'Separate Accounts' above their own tables on page 3; source_table on pages 1 and 2, because A's 'UNTITLED_TABLE_1' is a placeholder the page never prints; and asset_class 'Real Estate', the printed grouping that governs every row. From A: source_column_label and metric_name 'Total Capital Contributed' and 'Total Capital Distributed', because the header wraps 'Total Capital' onto its own line above each of those two columns separately instead of spanning them, and page 3 prints 'Total Capital Distributed' on one line where both lanes agree; currency_scale, which A correctly leaves blank on irr and tvpi rows while B stamps '($ in millions)' onto a percentage and a multiple; and evidence_quote, because A cites the full printed partnership line while B cites the bare value, which proves only that those digits occur somewhere on the page. subject_type corrected to 'fund' on every partnership row: both lanes wrote 'investment', but the entity column is headed 'Partnership' and each row is a named vehicle the fund committed capital to, not a holding inside one.",RESOLVED,A+B+ADJUDICATOR,504abfe06fcde5e187ef74247e28f97eecec00313f5079c91e05fbdaea023159
77197cb378bd94dc632f,SRC058,1,PAIR_81A4753AC0B67D26DB8D9DEB,CONTEXT_CONFLICT,137,136,source_section|source_table|source_column_label|asset_class|metric_name|evidence_quote,MERGE,"MERGE, one ruling applied to every paired row because the two lanes differ the same way on all of them and neither is complete. From B: source_section, which A left blank on all three pages although 'Real Estate Portfolio' is printed above the table on pages 1 and 2 and 'REITS' and 'Separate Accounts' above their own tables on page 3; source_table on pages 1 and 2, because A's 'UNTITLED_TABLE_1' is a placeholder the page never prints; and asset_class 'Real Estate', the printed grouping that governs every row. From A: source_column_label and metric_name 'Total Capital Contributed' and 'Total Capital Distributed', because the header wraps 'Total Capital' onto its own line above each of those two columns separately instead of spanning them, and page 3 prints 'Total Capital Distributed' on one line where both lanes agree; currency_scale, which A correctly leaves blank on irr and tvpi rows while B stamps '($ in millions)' onto a percentage and a multiple; and evidence_quote, because A cites the full printed partnership line while B cites the bare value, which proves only that those digits occur somewhere on the page. subject_type corrected to 'fund' on every partnership row: both lanes wrote 'investment', but the entity column is headed 'Partnership' and each row is a named vehicle the fund committed capital to, not a holding inside one.",RESOLVED,A+B+ADJUDICATOR,504abfe06fcde5e187ef74247e28f97eecec00313f5079c91e05fbdaea023159
4d4521b50baa6170b0e3,SRC058,1,PAIR_DEB63DC91650515F02AAFC2A,CONTEXT_CONFLICT,138,138,source_section|source_table|asset_class|currency_scale|evidence_quote,MERGE,"MERGE, one ruling applied to every paired row because the two lanes differ the same way on all of them and neither is complete. From B: source_section, which A left blank on all three pages although 'Real Estate Portfolio' is printed above the table on pages 1 and 2 and 'REITS' and 'Separate Accounts' above their own tables on page 3; source_table on pages 1 and 2, because A's 'UNTITLED_TABLE_1' is a placeholder the page never prints; and asset_class 'Real Estate', the printed grouping that governs every row. From A: source_column_label and metric_name 'Total Capital Contributed' and 'Total Capital Distributed', because the header wraps 'Total Capital' onto its own line above each of those two columns separately instead of spanning them, and page 3 prints 'Total Capital Distributed' on one line where both lanes agree; currency_scale, which A correctly leaves blank on irr and tvpi rows while B stamps '($ in millions)' onto a percentage and a multiple; and evidence_quote, because A cites the full printed partnership line while B cites the bare value, which proves only that those digits occur somewhere on the page. subject_type corrected to 'fund' on every partnership row: both lanes wrote 'investment', but the entity column is headed 'Partnership' and each row is a named vehicle the fund committed capital to, not a holding inside one.",RESOLVED,A+B+ADJUDICATOR,504abfe06fcde5e187ef74247e28f97eecec00313f5079c91e05fbdaea023159
9333df21a24f20f9c6f0,SRC058,1,PAIR_CA053F671AE64847DE1C8136,CONTEXT_CONFLICT,139,139,source_section|source_table|asset_class|evidence_quote,MERGE,"MERGE, one ruling applied to every paired row because the two lanes differ the same way on all of them and neither is complete. From B: source_section, which A left blank on all three pages although 'Real Estate Portfolio' is printed above the table on pages 1 and 2 and 'REITS' and 'Separate Accounts' above their own tables on page 3; source_table on pages 1 and 2, because A's 'UNTITLED_TABLE_1' is a placeholder the page never prints; and asset_class 'Real Estate', the printed grouping that governs every row. From A: source_column_label and metric_name 'Total Capital Contributed' and 'Total Capital Distributed', because the header wraps 'Total Capital' onto its own line above each of those two columns separately instead of spanning them, and page 3 prints 'Total Capital Distributed' on one line where both lanes agree; currency_scale, which A correctly leaves blank on irr and tvpi rows while B stamps '($ in millions)' onto a percentage and a multiple; and evidence_quote, because A cites the full printed partnership line while B cites the bare value, which proves only that those digits occur somewhere on the page. subject_type corrected to 'fund' on every partnership row: both lanes wrote 'investment', but the entity column is headed 'Partnership' and each row is a named vehicle the fund committed capital to, not a holding inside one.",RESOLVED,A+B+ADJUDICATOR,504abfe06fcde5e187ef74247e28f97eecec00313f5079c91e05fbdaea023159
85432fb9cd5975830ec9,SRC058,1,PAIR_92507EBBC5E1B5D24AABCE63,CONTEXT_CONFLICT,140,142,source_section|source_table|asset_class|evidence_quote,MERGE,"MERGE, one ruling applied to every paired row because the two lanes differ the same way on all of them and neither is complete. From B: source_section, which A left blank on all three pages although 'Real Estate Portfolio' is printed above the table on pages 1 and 2 and 'REITS' and 'Separate Accounts' above their own tables on page 3; source_table on pages 1 and 2, because A's 'UNTITLED_TABLE_1' is a placeholder the page never prints; and asset_class 'Real Estate', the printed grouping that governs every row. From A: source_column_label and metric_name 'Total Capital Contributed' and 'Total Capital Distributed', because the header wraps 'Total Capital' onto its own line above each of those two columns separately instead of spanning them, and page 3 prints 'Total Capital Distributed' on one line where both lanes agree; currency_scale, which A correctly leaves blank on irr and tvpi rows while B stamps '($ in millions)' onto a percentage and a multiple; and evidence_quote, because A cites the full printed partnership line while B cites the bare value, which proves only that those digits occur somewhere on the page. subject_type corrected to 'fund' on every partnership row: both lanes wrote 'investment', but the entity column is headed 'Partnership' and each row is a named vehicle the fund committed capital to, not a holding inside one.; Source review: p1: Retirement Fund (The portfolio report distinguishes investor positions from its aggregate rows.) | p1: Retirement Fund (Printed heading or definition supporting the source-reviewed qualifier.) | p1: Retirement Fund (Supersedes SR2108: the printed entity or table label is context, not a measurement basis; source labels retain its scope.)",RESOLVED,A+B+ADJUDICATOR,504abfe06fcde5e187ef74247e28f97eecec00313f5079c91e05fbdaea023159
54b14f8487d09d24c326,SRC058,1,PAIR_91C024234E82FA3AB08CBFC9,CONTEXT_CONFLICT,141,143,source_section|source_table|asset_class|currency_scale|evidence_quote,MERGE,"MERGE, one ruling applied to every paired row because the two lanes differ the same way on all of them and neither is complete. From B: source_section, which A left blank on all three pages although 'Real Estate Portfolio' is printed above the table on pages 1 and 2 and 'REITS' and 'Separate Accounts' above their own tables on page 3; source_table on pages 1 and 2, because A's 'UNTITLED_TABLE_1' is a placeholder the page never prints; and asset_class 'Real Estate', the printed grouping that governs every row. From A: source_column_label and metric_name 'Total Capital Contributed' and 'Total Capital Distributed', because the header wraps 'Total Capital' onto its own line above each of those two columns separately instead of spanning them, and page 3 prints 'Total Capital Distributed' on one line where both lanes agree; currency_scale, which A correctly leaves blank on irr and tvpi rows while B stamps '($ in millions)' onto a percentage and a multiple; and evidence_quote, because A cites the full printed partnership line while B cites the bare value, which proves only that those digits occur somewhere on the page. subject_type corrected to 'fund' on every partnership row: both lanes wrote 'investment', but the entity column is headed 'Partnership' and each row is a named vehicle the fund committed capital to, not a holding inside one.; Source review: p1: IRR (All report pages were reviewed; no fee-basis statement qualifies this IRR.)",RESOLVED,A+B+ADJUDICATOR,504abfe06fcde5e187ef74247e28f97eecec00313f5079c91e05fbdaea023159
fcb033d44b3712b01bdf,SRC058,1,PAIR_D3FCE12A04E905E493D3274E,CONTEXT_CONFLICT,142,140,source_section|source_table|source_column_label|asset_class|metric_name|evidence_quote,MERGE,"MERGE, one ruling applied to every paired row because the two lanes differ the same way on all of them and neither is complete. From B: source_section, which A left blank on all three pages although 'Real Estate Portfolio' is printed above the table on pages 1 and 2 and 'REITS' and 'Separate Accounts' above their own tables on page 3; source_table on pages 1 and 2, because A's 'UNTITLED_TABLE_1' is a placeholder the page never prints; and asset_class 'Real Estate', the printed grouping that governs every row. From A: source_column_label and metric_name 'Total Capital Contributed' and 'Total Capital Distributed', because the header wraps 'Total Capital' onto its own line above each of those two columns separately instead of spanning them, and page 3 prints 'Total Capital Distributed' on one line where both lanes agree; currency_scale, which A correctly leaves blank on irr and tvpi rows while B stamps '($ in millions)' onto a percentage and a multiple; and evidence_quote, because A cites the full printed partnership line while B cites the bare value, which proves only that those digits occur somewhere on the page. subject_type corrected to 'fund' on every partnership row: both lanes wrote 'investment', but the entity column is headed 'Partnership' and each row is a named vehicle the fund committed capital to, not a holding inside one.",RESOLVED,A+B+ADJUDICATOR,504abfe06fcde5e187ef74247e28f97eecec00313f5079c91e05fbdaea023159
16cd15eac7f2d1b2fb41,SRC058,1,PAIR_9A077708794C1E1E1DEA8E2F,CONTEXT_CONFLICT,143,141,source_section|source_table|source_column_label|asset_class|metric_name|evidence_quote,MERGE,"MERGE, one ruling applied to every paired row because the two lanes differ the same way on all of them and neither is complete. From B: source_section, which A left blank on all three pages although 'Real Estate Portfolio' is printed above the table on pages 1 and 2 and 'REITS' and 'Separate Accounts' above their own tables on page 3; source_table on pages 1 and 2, because A's 'UNTITLED_TABLE_1' is a placeholder the page never prints; and asset_class 'Real Estate', the printed grouping that governs every row. From A: source_column_label and metric_name 'Total Capital Contributed' and 'Total Capital Distributed', because the header wraps 'Total Capital' onto its own line above each of those two columns separately instead of spanning them, and page 3 prints 'Total Capital Distributed' on one line where both lanes agree; currency_scale, which A correctly leaves blank on irr and tvpi rows while B stamps '($ in millions)' onto a percentage and a multiple; and evidence_quote, because A cites the full printed partnership line while B cites the bare value, which proves only that those digits occur somewhere on the page. subject_type corrected to 'fund' on every partnership row: both lanes wrote 'investment', but the entity column is headed 'Partnership' and each row is a named vehicle the fund committed capital to, not a holding inside one.",RESOLVED,A+B+ADJUDICATOR,504abfe06fcde5e187ef74247e28f97eecec00313f5079c91e05fbdaea023159
07b0e432b5917be1e9b6,SRC058,1,PAIR_BD317C4E57E2FF62398367B5,CONTEXT_CONFLICT,144,144,source_section|source_table|asset_class|currency_scale|evidence_quote,MERGE,"MERGE, one ruling applied to every paired row because the two lanes differ the same way on all of them and neither is complete. From B: source_section, which A left blank on all three pages although 'Real Estate Portfolio' is printed above the table on pages 1 and 2 and 'REITS' and 'Separate Accounts' above their own tables on page 3; source_table on pages 1 and 2, because A's 'UNTITLED_TABLE_1' is a placeholder the page never prints; and asset_class 'Real Estate', the printed grouping that governs every row. From A: source_column_label and metric_name 'Total Capital Contributed' and 'Total Capital Distributed', because the header wraps 'Total Capital' onto its own line above each of those two columns separately instead of spanning them, and page 3 prints 'Total Capital Distributed' on one line where both lanes agree; currency_scale, which A correctly leaves blank on irr and tvpi rows while B stamps '($ in millions)' onto a percentage and a multiple; and evidence_quote, because A cites the full printed partnership line while B cites the bare value, which proves only that those digits occur somewhere on the page. subject_type corrected to 'fund' on every partnership row: both lanes wrote 'investment', but the entity column is headed 'Partnership' and each row is a named vehicle the fund committed capital to, not a holding inside one.",RESOLVED,A+B+ADJUDICATOR,504abfe06fcde5e187ef74247e28f97eecec00313f5079c91e05fbdaea023159
11db5427c1688d435a38,SRC058,1,PAIR_F1D5CCDC0FFE17013BB43521,CONTEXT_CONFLICT,145,145,source_section|source_table|asset_class|evidence_quote,MERGE,"MERGE, one ruling applied to every paired row because the two lanes differ the same way on all of them and neither is complete. From B: source_section, which A left blank on all three pages although 'Real Estate Portfolio' is printed above the table on pages 1 and 2 and 'REITS' and 'Separate Accounts' above their own tables on page 3; source_table on pages 1 and 2, because A's 'UNTITLED_TABLE_1' is a placeholder the page never prints; and asset_class 'Real Estate', the printed grouping that governs every row. From A: source_column_label and metric_name 'Total Capital Contributed' and 'Total Capital Distributed', because the header wraps 'Total Capital' onto its own line above each of those two columns separately instead of spanning them, and page 3 prints 'Total Capital Distributed' on one line where both lanes agree; currency_scale, which A correctly leaves blank on irr and tvpi rows while B stamps '($ in millions)' onto a percentage and a multiple; and evidence_quote, because A cites the full printed partnership line while B cites the bare value, which proves only that those digits occur somewhere on the page. subject_type corrected to 'fund' on every partnership row: both lanes wrote 'investment', but the entity column is headed 'Partnership' and each row is a named vehicle the fund committed capital to, not a holding inside one.",RESOLVED,A+B+ADJUDICATOR,504abfe06fcde5e187ef74247e28f97eecec00313f5079c91e05fbdaea023159
51e46cea34d6b12e870f,SRC058,1,PAIR_E146B989579E04DBDE5CCB39,CONTEXT_CONFLICT,146,148,source_section|source_table|asset_class|evidence_quote,MERGE,"MERGE, one ruling applied to every paired row because the two lanes differ the same way on all of them and neither is complete. From B: source_section, which A left blank on all three pages although 'Real Estate Portfolio' is printed above the table on pages 1 and 2 and 'REITS' and 'Separate Accounts' above their own tables on page 3; source_table on pages 1 and 2, because A's 'UNTITLED_TABLE_1' is a placeholder the page never prints; and asset_class 'Real Estate', the printed grouping that governs every row. From A: source_column_label and metric_name 'Total Capital Contributed' and 'Total Capital Distributed', because the header wraps 'Total Capital' onto its own line above each of those two columns separately instead of spanning them, and page 3 prints 'Total Capital Distributed' on one line where both lanes agree; currency_scale, which A correctly leaves blank on irr and tvpi rows while B stamps '($ in millions)' onto a percentage and a multiple; and evidence_quote, because A cites the full printed partnership line while B cites the bare value, which proves only that those digits occur somewhere on the page. subject_type corrected to 'fund' on every partnership row: both lanes wrote 'investment', but the entity column is headed 'Partnership' and each row is a named vehicle the fund committed capital to, not a holding inside one.; Source review: p1: Retirement Fund (The portfolio report distinguishes investor positions from its aggregate rows.) | p1: Retirement Fund (Printed heading or definition supporting the source-reviewed qualifier.) | p1: Retirement Fund (Supersedes SR2109: the printed entity or table label is context, not a measurement basis; source labels retain its scope.)",RESOLVED,A+B+ADJUDICATOR,504abfe06fcde5e187ef74247e28f97eecec00313f5079c91e05fbdaea023159
44040e889846a6690078,SRC058,1,PAIR_9E845B5BFE0684E63F71FF78,CONTEXT_CONFLICT,147,149,source_section|source_table|asset_class|currency_scale|evidence_quote,MERGE,"MERGE, one ruling applied to every paired row because the two lanes differ the same way on all of them and neither is complete. From B: source_section, which A left blank on all three pages although 'Real Estate Portfolio' is printed above the table on pages 1 and 2 and 'REITS' and 'Separate Accounts' above their own tables on page 3; source_table on pages 1 and 2, because A's 'UNTITLED_TABLE_1' is a placeholder the page never prints; and asset_class 'Real Estate', the printed grouping that governs every row. From A: source_column_label and metric_name 'Total Capital Contributed' and 'Total Capital Distributed', because the header wraps 'Total Capital' onto its own line above each of those two columns separately instead of spanning them, and page 3 prints 'Total Capital Distributed' on one line where both lanes agree; currency_scale, which A correctly leaves blank on irr and tvpi rows while B stamps '($ in millions)' onto a percentage and a multiple; and evidence_quote, because A cites the full printed partnership line while B cites the bare value, which proves only that those digits occur somewhere on the page. subject_type corrected to 'fund' on every partnership row: both lanes wrote 'investment', but the entity column is headed 'Partnership' and each row is a named vehicle the fund committed capital to, not a holding inside one.; Source review: p1: IRR (All report pages were reviewed; no fee-basis statement qualifies this IRR.)",RESOLVED,A+B+ADJUDICATOR,504abfe06fcde5e187ef74247e28f97eecec00313f5079c91e05fbdaea023159
1fdb2ec61b9e2d1b11b4,SRC058,1,PAIR_905009ED196B877CE4259AE1,CONTEXT_CONFLICT,148,146,source_section|source_table|source_column_label|asset_class|metric_name|evidence_quote,MERGE,"MERGE, one ruling applied to every paired row because the two lanes differ the same way on all of them and neither is complete. From B: source_section, which A left blank on all three pages although 'Real Estate Portfolio' is printed above the table on pages 1 and 2 and 'REITS' and 'Separate Accounts' above their own tables on page 3; source_table on pages 1 and 2, because A's 'UNTITLED_TABLE_1' is a placeholder the page never prints; and asset_class 'Real Estate', the printed grouping that governs every row. From A: source_column_label and metric_name 'Total Capital Contributed' and 'Total Capital Distributed', because the header wraps 'Total Capital' onto its own line above each of those two columns separately instead of spanning them, and page 3 prints 'Total Capital Distributed' on one line where both lanes agree; currency_scale, which A correctly leaves blank on irr and tvpi rows while B stamps '($ in millions)' onto a percentage and a multiple; and evidence_quote, because A cites the full printed partnership line while B cites the bare value, which proves only that those digits occur somewhere on the page. subject_type corrected to 'fund' on every partnership row: both lanes wrote 'investment', but the entity column is headed 'Partnership' and each row is a named vehicle the fund committed capital to, not a holding inside one.",RESOLVED,A+B+ADJUDICATOR,504abfe06fcde5e187ef74247e28f97eecec00313f5079c91e05fbdaea023159
7fab66fa769b7dfea8d4,SRC058,1,PAIR_85B197DDCE669DF15CE7BD20,CONTEXT_CONFLICT,149,147,source_section|source_table|source_column_label|asset_class|metric_name|evidence_quote,MERGE,"MERGE, one ruling applied to every paired row because the two lanes differ the same way on all of them and neither is complete. From B: source_section, which A left blank on all three pages although 'Real Estate Portfolio' is printed above the table on pages 1 and 2 and 'REITS' and 'Separate Accounts' above their own tables on page 3; source_table on pages 1 and 2, because A's 'UNTITLED_TABLE_1' is a placeholder the page never prints; and asset_class 'Real Estate', the printed grouping that governs every row. From A: source_column_label and metric_name 'Total Capital Contributed' and 'Total Capital Distributed', because the header wraps 'Total Capital' onto its own line above each of those two columns separately instead of spanning them, and page 3 prints 'Total Capital Distributed' on one line where both lanes agree; currency_scale, which A correctly leaves blank on irr and tvpi rows while B stamps '($ in millions)' onto a percentage and a multiple; and evidence_quote, because A cites the full printed partnership line while B cites the bare value, which proves only that those digits occur somewhere on the page. subject_type corrected to 'fund' on every partnership row: both lanes wrote 'investment', but the entity column is headed 'Partnership' and each row is a named vehicle the fund committed capital to, not a holding inside one.",RESOLVED,A+B+ADJUDICATOR,504abfe06fcde5e187ef74247e28f97eecec00313f5079c91e05fbdaea023159
9191dec2563d63260454,SRC058,1,PAIR_00BDAB77A56AE0FB9F2CB0B7,CONTEXT_CONFLICT,150,150,source_section|source_table|asset_class|currency_scale|evidence_quote,MERGE,"MERGE, one ruling applied to every paired row because the two lanes differ the same way on all of them and neither is complete. From B: source_section, which A left blank on all three pages although 'Real Estate Portfolio' is printed above the table on pages 1 and 2 and 'REITS' and 'Separate Accounts' above their own tables on page 3; source_table on pages 1 and 2, because A's 'UNTITLED_TABLE_1' is a placeholder the page never prints; and asset_class 'Real Estate', the printed grouping that governs every row. From A: source_column_label and metric_name 'Total Capital Contributed' and 'Total Capital Distributed', because the header wraps 'Total Capital' onto its own line above each of those two columns separately instead of spanning them, and page 3 prints 'Total Capital Distributed' on one line where both lanes agree; currency_scale, which A correctly leaves blank on irr and tvpi rows while B stamps '($ in millions)' onto a percentage and a multiple; and evidence_quote, because A cites the full printed partnership line while B cites the bare value, which proves only that those digits occur somewhere on the page. subject_type corrected to 'fund' on every partnership row: both lanes wrote 'investment', but the entity column is headed 'Partnership' and each row is a named vehicle the fund committed capital to, not a holding inside one.",RESOLVED,A+B+ADJUDICATOR,504abfe06fcde5e187ef74247e28f97eecec00313f5079c91e05fbdaea023159
dd562ea148916234f519,SRC058,1,PAIR_4161CDE1CCB593CEF47C29EE,CONTEXT_CONFLICT,151,151,source_section|source_table|asset_class|evidence_quote,MERGE,"MERGE, one ruling applied to every paired row because the two lanes differ the same way on all of them and neither is complete. From B: source_section, which A left blank on all three pages although 'Real Estate Portfolio' is printed above the table on pages 1 and 2 and 'REITS' and 'Separate Accounts' above their own tables on page 3; source_table on pages 1 and 2, because A's 'UNTITLED_TABLE_1' is a placeholder the page never prints; and asset_class 'Real Estate', the printed grouping that governs every row. From A: source_column_label and metric_name 'Total Capital Contributed' and 'Total Capital Distributed', because the header wraps 'Total Capital' onto its own line above each of those two columns separately instead of spanning them, and page 3 prints 'Total Capital Distributed' on one line where both lanes agree; currency_scale, which A correctly leaves blank on irr and tvpi rows while B stamps '($ in millions)' onto a percentage and a multiple; and evidence_quote, because A cites the full printed partnership line while B cites the bare value, which proves only that those digits occur somewhere on the page. subject_type corrected to 'fund' on every partnership row: both lanes wrote 'investment', but the entity column is headed 'Partnership' and each row is a named vehicle the fund committed capital to, not a holding inside one.",RESOLVED,A+B+ADJUDICATOR,504abfe06fcde5e187ef74247e28f97eecec00313f5079c91e05fbdaea023159
d63e8f588f455da538a5,SRC058,1,PAIR_8014B3E6CAF54B929A0C6784,CONTEXT_CONFLICT,152,154,source_section|source_table|asset_class|evidence_quote,MERGE,"MERGE, one ruling applied to every paired row because the two lanes differ the same way on all of them and neither is complete. From B: source_section, which A left blank on all three pages although 'Real Estate Portfolio' is printed above the table on pages 1 and 2 and 'REITS' and 'Separate Accounts' above their own tables on page 3; source_table on pages 1 and 2, because A's 'UNTITLED_TABLE_1' is a placeholder the page never prints; and asset_class 'Real Estate', the printed grouping that governs every row. From A: source_column_label and metric_name 'Total Capital Contributed' and 'Total Capital Distributed', because the header wraps 'Total Capital' onto its own line above each of those two columns separately instead of spanning them, and page 3 prints 'Total Capital Distributed' on one line where both lanes agree; currency_scale, which A correctly leaves blank on irr and tvpi rows while B stamps '($ in millions)' onto a percentage and a multiple; and evidence_quote, because A cites the full printed partnership line while B cites the bare value, which proves only that those digits occur somewhere on the page. subject_type corrected to 'fund' on every partnership row: both lanes wrote 'investment', but the entity column is headed 'Partnership' and each row is a named vehicle the fund committed capital to, not a holding inside one.; Source review: p1: Retirement Fund (The portfolio report distinguishes investor positions from its aggregate rows.) | p1: Retirement Fund (Printed heading or definition supporting the source-reviewed qualifier.) | p1: Retirement Fund (Supersedes SR2110: the printed entity or table label is context, not a measurement basis; source labels retain its scope.)",RESOLVED,A+B+ADJUDICATOR,504abfe06fcde5e187ef74247e28f97eecec00313f5079c91e05fbdaea023159
0e0c7388cf6eac6c96a6,SRC058,1,PAIR_D222948C302C884F1352D7E0,CONTEXT_CONFLICT,153,155,source_section|source_table|asset_class|currency_scale|evidence_quote,MERGE,"MERGE, one ruling applied to every paired row because the two lanes differ the same way on all of them and neither is complete. From B: source_section, which A left blank on all three pages although 'Real Estate Portfolio' is printed above the table on pages 1 and 2 and 'REITS' and 'Separate Accounts' above their own tables on page 3; source_table on pages 1 and 2, because A's 'UNTITLED_TABLE_1' is a placeholder the page never prints; and asset_class 'Real Estate', the printed grouping that governs every row. From A: source_column_label and metric_name 'Total Capital Contributed' and 'Total Capital Distributed', because the header wraps 'Total Capital' onto its own line above each of those two columns separately instead of spanning them, and page 3 prints 'Total Capital Distributed' on one line where both lanes agree; currency_scale, which A correctly leaves blank on irr and tvpi rows while B stamps '($ in millions)' onto a percentage and a multiple; and evidence_quote, because A cites the full printed partnership line while B cites the bare value, which proves only that those digits occur somewhere on the page. subject_type corrected to 'fund' on every partnership row: both lanes wrote 'investment', but the entity column is headed 'Partnership' and each row is a named vehicle the fund committed capital to, not a holding inside one.; Source review: p1: IRR (All report pages were reviewed; no fee-basis statement qualifies this IRR.)",RESOLVED,A+B+ADJUDICATOR,504abfe06fcde5e187ef74247e28f97eecec00313f5079c91e05fbdaea023159
06a02c326916758eaf8a,SRC058,1,PAIR_7433AD9C6ABC3AB13D2280B1,CONTEXT_CONFLICT,154,152,source_section|source_table|source_column_label|asset_class|metric_name|evidence_quote,MERGE,"MERGE, one ruling applied to every paired row because the two lanes differ the same way on all of them and neither is complete. From B: source_section, which A left blank on all three pages although 'Real Estate Portfolio' is printed above the table on pages 1 and 2 and 'REITS' and 'Separate Accounts' above their own tables on page 3; source_table on pages 1 and 2, because A's 'UNTITLED_TABLE_1' is a placeholder the page never prints; and asset_class 'Real Estate', the printed grouping that governs every row. From A: source_column_label and metric_name 'Total Capital Contributed' and 'Total Capital Distributed', because the header wraps 'Total Capital' onto its own line above each of those two columns separately instead of spanning them, and page 3 prints 'Total Capital Distributed' on one line where both lanes agree; currency_scale, which A correctly leaves blank on irr and tvpi rows while B stamps '($ in millions)' onto a percentage and a multiple; and evidence_quote, because A cites the full printed partnership line while B cites the bare value, which proves only that those digits occur somewhere on the page. subject_type corrected to 'fund' on every partnership row: both lanes wrote 'investment', but the entity column is headed 'Partnership' and each row is a named vehicle the fund committed capital to, not a holding inside one.",RESOLVED,A+B+ADJUDICATOR,504abfe06fcde5e187ef74247e28f97eecec00313f5079c91e05fbdaea023159
6ce04fe969093d5599e3,SRC058,1,PAIR_8BBAF97DB093F4360AF4AD11,CONTEXT_CONFLICT,155,153,source_section|source_table|source_column_label|asset_class|metric_name|evidence_quote,MERGE,"MERGE, one ruling applied to every paired row because the two lanes differ the same way on all of them and neither is complete. From B: source_section, which A left blank on all three pages although 'Real Estate Portfolio' is printed above the table on pages 1 and 2 and 'REITS' and 'Separate Accounts' above their own tables on page 3; source_table on pages 1 and 2, because A's 'UNTITLED_TABLE_1' is a placeholder the page never prints; and asset_class 'Real Estate', the printed grouping that governs every row. From A: source_column_label and metric_name 'Total Capital Contributed' and 'Total Capital Distributed', because the header wraps 'Total Capital' onto its own line above each of those two columns separately instead of spanning them, and page 3 prints 'Total Capital Distributed' on one line where both lanes agree; currency_scale, which A correctly leaves blank on irr and tvpi rows while B stamps '($ in millions)' onto a percentage and a multiple; and evidence_quote, because A cites the full printed partnership line while B cites the bare value, which proves only that those digits occur somewhere on the page. subject_type corrected to 'fund' on every partnership row: both lanes wrote 'investment', but the entity column is headed 'Partnership' and each row is a named vehicle the fund committed capital to, not a holding inside one.",RESOLVED,A+B+ADJUDICATOR,504abfe06fcde5e187ef74247e28f97eecec00313f5079c91e05fbdaea023159
c9d25b6cb31daf5c089e,SRC058,1,PAIR_5F16210458D9D06D08860EFB,CONTEXT_CONFLICT,156,156,source_section|source_table|asset_class|currency_scale|evidence_quote,MERGE,"MERGE, one ruling applied to every paired row because the two lanes differ the same way on all of them and neither is complete. From B: source_section, which A left blank on all three pages although 'Real Estate Portfolio' is printed above the table on pages 1 and 2 and 'REITS' and 'Separate Accounts' above their own tables on page 3; source_table on pages 1 and 2, because A's 'UNTITLED_TABLE_1' is a placeholder the page never prints; and asset_class 'Real Estate', the printed grouping that governs every row. From A: source_column_label and metric_name 'Total Capital Contributed' and 'Total Capital Distributed', because the header wraps 'Total Capital' onto its own line above each of those two columns separately instead of spanning them, and page 3 prints 'Total Capital Distributed' on one line where both lanes agree; currency_scale, which A correctly leaves blank on irr and tvpi rows while B stamps '($ in millions)' onto a percentage and a multiple; and evidence_quote, because A cites the full printed partnership line while B cites the bare value, which proves only that those digits occur somewhere on the page. subject_type corrected to 'fund' on every partnership row: both lanes wrote 'investment', but the entity column is headed 'Partnership' and each row is a named vehicle the fund committed capital to, not a holding inside one.",RESOLVED,A+B+ADJUDICATOR,504abfe06fcde5e187ef74247e28f97eecec00313f5079c91e05fbdaea023159
1eb476fea9b63b9d0850,SRC058,1,PAIR_EB38D8E47E2DD350B961C9D5,CONTEXT_CONFLICT,157,157,source_section|source_table|asset_class|evidence_quote,MERGE,"MERGE, one ruling applied to every paired row because the two lanes differ the same way on all of them and neither is complete. From B: source_section, which A left blank on all three pages although 'Real Estate Portfolio' is printed above the table on pages 1 and 2 and 'REITS' and 'Separate Accounts' above their own tables on page 3; source_table on pages 1 and 2, because A's 'UNTITLED_TABLE_1' is a placeholder the page never prints; and asset_class 'Real Estate', the printed grouping that governs every row. From A: source_column_label and metric_name 'Total Capital Contributed' and 'Total Capital Distributed', because the header wraps 'Total Capital' onto its own line above each of those two columns separately instead of spanning them, and page 3 prints 'Total Capital Distributed' on one line where both lanes agree; currency_scale, which A correctly leaves blank on irr and tvpi rows while B stamps '($ in millions)' onto a percentage and a multiple; and evidence_quote, because A cites the full printed partnership line while B cites the bare value, which proves only that those digits occur somewhere on the page. subject_type corrected to 'fund' on every partnership row: both lanes wrote 'investment', but the entity column is headed 'Partnership' and each row is a named vehicle the fund committed capital to, not a holding inside one.",RESOLVED,A+B+ADJUDICATOR,504abfe06fcde5e187ef74247e28f97eecec00313f5079c91e05fbdaea023159
55404fb935358491e02e,SRC058,1,PAIR_81A52730195FE171BED90EF9,CONTEXT_CONFLICT,158,160,source_section|source_table|asset_class|evidence_quote,MERGE,"MERGE, one ruling applied to every paired row because the two lanes differ the same way on all of them and neither is complete. From B: source_section, which A left blank on all three pages although 'Real Estate Portfolio' is printed above the table on pages 1 and 2 and 'REITS' and 'Separate Accounts' above their own tables on page 3; source_table on pages 1 and 2, because A's 'UNTITLED_TABLE_1' is a placeholder the page never prints; and asset_class 'Real Estate', the printed grouping that governs every row. From A: source_column_label and metric_name 'Total Capital Contributed' and 'Total Capital Distributed', because the header wraps 'Total Capital' onto its own line above each of those two columns separately instead of spanning them, and page 3 prints 'Total Capital Distributed' on one line where both lanes agree; currency_scale, which A correctly leaves blank on irr and tvpi rows while B stamps '($ in millions)' onto a percentage and a multiple; and evidence_quote, because A cites the full printed partnership line while B cites the bare value, which proves only that those digits occur somewhere on the page. subject_type corrected to 'fund' on every partnership row: both lanes wrote 'investment', but the entity column is headed 'Partnership' and each row is a named vehicle the fund committed capital to, not a holding inside one.; Source review: p1: Retirement Fund (The portfolio report distinguishes investor positions from its aggregate rows.) | p1: Retirement Fund (Printed heading or definition supporting the source-reviewed qualifier.) | p1: Retirement Fund (Supersedes SR2111: the printed entity or table label is context, not a measurement basis; source labels retain its scope.)",RESOLVED,A+B+ADJUDICATOR,504abfe06fcde5e187ef74247e28f97eecec00313f5079c91e05fbdaea023159
34645633f16c8d1ccb5c,SRC058,1,PAIR_F73791B4DDC7D4F47080A710,CONTEXT_CONFLICT,159,161,source_section|source_table|asset_class|currency_scale|evidence_quote,MERGE,"MERGE, one ruling applied to every paired row because the two lanes differ the same way on all of them and neither is complete. From B: source_section, which A left blank on all three pages although 'Real Estate Portfolio' is printed above the table on pages 1 and 2 and 'REITS' and 'Separate Accounts' above their own tables on page 3; source_table on pages 1 and 2, because A's 'UNTITLED_TABLE_1' is a placeholder the page never prints; and asset_class 'Real Estate', the printed grouping that governs every row. From A: source_column_label and metric_name 'Total Capital Contributed' and 'Total Capital Distributed', because the header wraps 'Total Capital' onto its own line above each of those two columns separately instead of spanning them, and page 3 prints 'Total Capital Distributed' on one line where both lanes agree; currency_scale, which A correctly leaves blank on irr and tvpi rows while B stamps '($ in millions)' onto a percentage and a multiple; and evidence_quote, because A cites the full printed partnership line while B cites the bare value, which proves only that those digits occur somewhere on the page. subject_type corrected to 'fund' on every partnership row: both lanes wrote 'investment', but the entity column is headed 'Partnership' and each row is a named vehicle the fund committed capital to, not a holding inside one.; Source review: p1: IRR (All report pages were reviewed; no fee-basis statement qualifies this IRR.)",RESOLVED,A+B+ADJUDICATOR,504abfe06fcde5e187ef74247e28f97eecec00313f5079c91e05fbdaea023159
45e63260bcd837691d55,SRC058,1,PAIR_9FA4E5EBB1CD5144BC903578,CONTEXT_CONFLICT,160,158,source_section|source_table|source_column_label|asset_class|metric_name|evidence_quote,MERGE,"MERGE, one ruling applied to every paired row because the two lanes differ the same way on all of them and neither is complete. From B: source_section, which A left blank on all three pages although 'Real Estate Portfolio' is printed above the table on pages 1 and 2 and 'REITS' and 'Separate Accounts' above their own tables on page 3; source_table on pages 1 and 2, because A's 'UNTITLED_TABLE_1' is a placeholder the page never prints; and asset_class 'Real Estate', the printed grouping that governs every row. From A: source_column_label and metric_name 'Total Capital Contributed' and 'Total Capital Distributed', because the header wraps 'Total Capital' onto its own line above each of those two columns separately instead of spanning them, and page 3 prints 'Total Capital Distributed' on one line where both lanes agree; currency_scale, which A correctly leaves blank on irr and tvpi rows while B stamps '($ in millions)' onto a percentage and a multiple; and evidence_quote, because A cites the full printed partnership line while B cites the bare value, which proves only that those digits occur somewhere on the page. subject_type corrected to 'fund' on every partnership row: both lanes wrote 'investment', but the entity column is headed 'Partnership' and each row is a named vehicle the fund committed capital to, not a holding inside one.",RESOLVED,A+B+ADJUDICATOR,504abfe06fcde5e187ef74247e28f97eecec00313f5079c91e05fbdaea023159
95d04490282183c27bc9,SRC058,1,PAIR_2FC94CB6A954D0CC0B2C79E3,CONTEXT_CONFLICT,161,159,source_section|source_table|source_column_label|asset_class|metric_name|evidence_quote,MERGE,"MERGE, one ruling applied to every paired row because the two lanes differ the same way on all of them and neither is complete. From B: source_section, which A left blank on all three pages although 'Real Estate Portfolio' is printed above the table on pages 1 and 2 and 'REITS' and 'Separate Accounts' above their own tables on page 3; source_table on pages 1 and 2, because A's 'UNTITLED_TABLE_1' is a placeholder the page never prints; and asset_class 'Real Estate', the printed grouping that governs every row. From A: source_column_label and metric_name 'Total Capital Contributed' and 'Total Capital Distributed', because the header wraps 'Total Capital' onto its own line above each of those two columns separately instead of spanning them, and page 3 prints 'Total Capital Distributed' on one line where both lanes agree; currency_scale, which A correctly leaves blank on irr and tvpi rows while B stamps '($ in millions)' onto a percentage and a multiple; and evidence_quote, because A cites the full printed partnership line while B cites the bare value, which proves only that those digits occur somewhere on the page. subject_type corrected to 'fund' on every partnership row: both lanes wrote 'investment', but the entity column is headed 'Partnership' and each row is a named vehicle the fund committed capital to, not a holding inside one.",RESOLVED,A+B+ADJUDICATOR,504abfe06fcde5e187ef74247e28f97eecec00313f5079c91e05fbdaea023159
7caeac8823b146264e08,SRC058,1,PAIR_1BAEAA46382FE316701559C5,CONTEXT_CONFLICT,162,162,source_section|source_table|asset_class|currency_scale|evidence_quote,MERGE,"MERGE, one ruling applied to every paired row because the two lanes differ the same way on all of them and neither is complete. From B: source_section, which A left blank on all three pages although 'Real Estate Portfolio' is printed above the table on pages 1 and 2 and 'REITS' and 'Separate Accounts' above their own tables on page 3; source_table on pages 1 and 2, because A's 'UNTITLED_TABLE_1' is a placeholder the page never prints; and asset_class 'Real Estate', the printed grouping that governs every row. From A: source_column_label and metric_name 'Total Capital Contributed' and 'Total Capital Distributed', because the header wraps 'Total Capital' onto its own line above each of those two columns separately instead of spanning them, and page 3 prints 'Total Capital Distributed' on one line where both lanes agree; currency_scale, which A correctly leaves blank on irr and tvpi rows while B stamps '($ in millions)' onto a percentage and a multiple; and evidence_quote, because A cites the full printed partnership line while B cites the bare value, which proves only that those digits occur somewhere on the page. subject_type corrected to 'fund' on every partnership row: both lanes wrote 'investment', but the entity column is headed 'Partnership' and each row is a named vehicle the fund committed capital to, not a holding inside one.",RESOLVED,A+B+ADJUDICATOR,504abfe06fcde5e187ef74247e28f97eecec00313f5079c91e05fbdaea023159
50fb5bfadef0127ae3a0,SRC058,1,PAIR_6278B28F149734236D3FB664,CONTEXT_CONFLICT,163,163,source_section|source_table|asset_class|evidence_quote,MERGE,"MERGE, one ruling applied to every paired row because the two lanes differ the same way on all of them and neither is complete. From B: source_section, which A left blank on all three pages although 'Real Estate Portfolio' is printed above the table on pages 1 and 2 and 'REITS' and 'Separate Accounts' above their own tables on page 3; source_table on pages 1 and 2, because A's 'UNTITLED_TABLE_1' is a placeholder the page never prints; and asset_class 'Real Estate', the printed grouping that governs every row. From A: source_column_label and metric_name 'Total Capital Contributed' and 'Total Capital Distributed', because the header wraps 'Total Capital' onto its own line above each of those two columns separately instead of spanning them, and page 3 prints 'Total Capital Distributed' on one line where both lanes agree; currency_scale, which A correctly leaves blank on irr and tvpi rows while B stamps '($ in millions)' onto a percentage and a multiple; and evidence_quote, because A cites the full printed partnership line while B cites the bare value, which proves only that those digits occur somewhere on the page. subject_type corrected to 'fund' on every partnership row: both lanes wrote 'investment', but the entity column is headed 'Partnership' and each row is a named vehicle the fund committed capital to, not a holding inside one.",RESOLVED,A+B+ADJUDICATOR,504abfe06fcde5e187ef74247e28f97eecec00313f5079c91e05fbdaea023159
557efb76a4ced10e6989,SRC058,1,PAIR_F50A4810F2F98A4CE7E4A99C,CONTEXT_CONFLICT,164,166,source_section|source_table|asset_class|evidence_quote,MERGE,"MERGE, one ruling applied to every paired row because the two lanes differ the same way on all of them and neither is complete. From B: source_section, which A left blank on all three pages although 'Real Estate Portfolio' is printed above the table on pages 1 and 2 and 'REITS' and 'Separate Accounts' above their own tables on page 3; source_table on pages 1 and 2, because A's 'UNTITLED_TABLE_1' is a placeholder the page never prints; and asset_class 'Real Estate', the printed grouping that governs every row. From A: source_column_label and metric_name 'Total Capital Contributed' and 'Total Capital Distributed', because the header wraps 'Total Capital' onto its own line above each of those two columns separately instead of spanning them, and page 3 prints 'Total Capital Distributed' on one line where both lanes agree; currency_scale, which A correctly leaves blank on irr and tvpi rows while B stamps '($ in millions)' onto a percentage and a multiple; and evidence_quote, because A cites the full printed partnership line while B cites the bare value, which proves only that those digits occur somewhere on the page. subject_type corrected to 'fund' on every partnership row: both lanes wrote 'investment', but the entity column is headed 'Partnership' and each row is a named vehicle the fund committed capital to, not a holding inside one.; Source review: p1: Retirement Fund (The portfolio report distinguishes investor positions from its aggregate rows.) | p1: Retirement Fund (Printed heading or definition supporting the source-reviewed qualifier.) | p1: Retirement Fund (Supersedes SR2112: the printed entity or table label is context, not a measurement basis; source labels retain its scope.)",RESOLVED,A+B+ADJUDICATOR,504abfe06fcde5e187ef74247e28f97eecec00313f5079c91e05fbdaea023159
8cca1b42d20e1dfe5348,SRC058,1,PAIR_BDD6028A60FBDC223FC9D840,CONTEXT_CONFLICT,165,167,source_section|source_table|asset_class|currency_scale|evidence_quote,MERGE,"MERGE, one ruling applied to every paired row because the two lanes differ the same way on all of them and neither is complete. From B: source_section, which A left blank on all three pages although 'Real Estate Portfolio' is printed above the table on pages 1 and 2 and 'REITS' and 'Separate Accounts' above their own tables on page 3; source_table on pages 1 and 2, because A's 'UNTITLED_TABLE_1' is a placeholder the page never prints; and asset_class 'Real Estate', the printed grouping that governs every row. From A: source_column_label and metric_name 'Total Capital Contributed' and 'Total Capital Distributed', because the header wraps 'Total Capital' onto its own line above each of those two columns separately instead of spanning them, and page 3 prints 'Total Capital Distributed' on one line where both lanes agree; currency_scale, which A correctly leaves blank on irr and tvpi rows while B stamps '($ in millions)' onto a percentage and a multiple; and evidence_quote, because A cites the full printed partnership line while B cites the bare value, which proves only that those digits occur somewhere on the page. subject_type corrected to 'fund' on every partnership row: both lanes wrote 'investment', but the entity column is headed 'Partnership' and each row is a named vehicle the fund committed capital to, not a holding inside one.; Source review: p1: IRR (All report pages were reviewed; no fee-basis statement qualifies this IRR.)",RESOLVED,A+B+ADJUDICATOR,504abfe06fcde5e187ef74247e28f97eecec00313f5079c91e05fbdaea023159
e8a3b4853f0cad384ba2,SRC058,1,PAIR_505E3F9773E5EB1010DE5ABE,CONTEXT_CONFLICT,166,164,source_section|source_table|source_column_label|asset_class|metric_name|evidence_quote,MERGE,"MERGE, one ruling applied to every paired row because the two lanes differ the same way on all of them and neither is complete. From B: source_section, which A left blank on all three pages although 'Real Estate Portfolio' is printed above the table on pages 1 and 2 and 'REITS' and 'Separate Accounts' above their own tables on page 3; source_table on pages 1 and 2, because A's 'UNTITLED_TABLE_1' is a placeholder the page never prints; and asset_class 'Real Estate', the printed grouping that governs every row. From A: source_column_label and metric_name 'Total Capital Contributed' and 'Total Capital Distributed', because the header wraps 'Total Capital' onto its own line above each of those two columns separately instead of spanning them, and page 3 prints 'Total Capital Distributed' on one line where both lanes agree; currency_scale, which A correctly leaves blank on irr and tvpi rows while B stamps '($ in millions)' onto a percentage and a multiple; and evidence_quote, because A cites the full printed partnership line while B cites the bare value, which proves only that those digits occur somewhere on the page. subject_type corrected to 'fund' on every partnership row: both lanes wrote 'investment', but the entity column is headed 'Partnership' and each row is a named vehicle the fund committed capital to, not a holding inside one.",RESOLVED,A+B+ADJUDICATOR,504abfe06fcde5e187ef74247e28f97eecec00313f5079c91e05fbdaea023159
1ea80efa5bc60a444fad,SRC058,1,PAIR_6C71ECD3C5BE2AE686D47388,CONTEXT_CONFLICT,167,165,source_section|source_table|source_column_label|asset_class|metric_name|evidence_quote,MERGE,"MERGE, one ruling applied to every paired row because the two lanes differ the same way on all of them and neither is complete. From B: source_section, which A left blank on all three pages although 'Real Estate Portfolio' is printed above the table on pages 1 and 2 and 'REITS' and 'Separate Accounts' above their own tables on page 3; source_table on pages 1 and 2, because A's 'UNTITLED_TABLE_1' is a placeholder the page never prints; and asset_class 'Real Estate', the printed grouping that governs every row. From A: source_column_label and metric_name 'Total Capital Contributed' and 'Total Capital Distributed', because the header wraps 'Total Capital' onto its own line above each of those two columns separately instead of spanning them, and page 3 prints 'Total Capital Distributed' on one line where both lanes agree; currency_scale, which A correctly leaves blank on irr and tvpi rows while B stamps '($ in millions)' onto a percentage and a multiple; and evidence_quote, because A cites the full printed partnership line while B cites the bare value, which proves only that those digits occur somewhere on the page. subject_type corrected to 'fund' on every partnership row: both lanes wrote 'investment', but the entity column is headed 'Partnership' and each row is a named vehicle the fund committed capital to, not a holding inside one.",RESOLVED,A+B+ADJUDICATOR,504abfe06fcde5e187ef74247e28f97eecec00313f5079c91e05fbdaea023159
b12572436bbe5ac9a381,SRC058,1,PAIR_8FD4172F86BB088C322B9E0D,CONTEXT_CONFLICT,168,168,source_section|source_table|asset_class|currency_scale|evidence_quote,MERGE,"MERGE, one ruling applied to every paired row because the two lanes differ the same way on all of them and neither is complete. From B: source_section, which A left blank on all three pages although 'Real Estate Portfolio' is printed above the table on pages 1 and 2 and 'REITS' and 'Separate Accounts' above their own tables on page 3; source_table on pages 1 and 2, because A's 'UNTITLED_TABLE_1' is a placeholder the page never prints; and asset_class 'Real Estate', the printed grouping that governs every row. From A: source_column_label and metric_name 'Total Capital Contributed' and 'Total Capital Distributed', because the header wraps 'Total Capital' onto its own line above each of those two columns separately instead of spanning them, and page 3 prints 'Total Capital Distributed' on one line where both lanes agree; currency_scale, which A correctly leaves blank on irr and tvpi rows while B stamps '($ in millions)' onto a percentage and a multiple; and evidence_quote, because A cites the full printed partnership line while B cites the bare value, which proves only that those digits occur somewhere on the page. subject_type corrected to 'fund' on every partnership row: both lanes wrote 'investment', but the entity column is headed 'Partnership' and each row is a named vehicle the fund committed capital to, not a holding inside one.",RESOLVED,A+B+ADJUDICATOR,504abfe06fcde5e187ef74247e28f97eecec00313f5079c91e05fbdaea023159
0a59ad40503a23c82c93,SRC058,1,PAIR_36F81FD83CF2270EA779BB27,CONTEXT_CONFLICT,169,169,source_section|source_table|asset_class|evidence_quote,MERGE,"MERGE, one ruling applied to every paired row because the two lanes differ the same way on all of them and neither is complete. From B: source_section, which A left blank on all three pages although 'Real Estate Portfolio' is printed above the table on pages 1 and 2 and 'REITS' and 'Separate Accounts' above their own tables on page 3; source_table on pages 1 and 2, because A's 'UNTITLED_TABLE_1' is a placeholder the page never prints; and asset_class 'Real Estate', the printed grouping that governs every row. From A: source_column_label and metric_name 'Total Capital Contributed' and 'Total Capital Distributed', because the header wraps 'Total Capital' onto its own line above each of those two columns separately instead of spanning them, and page 3 prints 'Total Capital Distributed' on one line where both lanes agree; currency_scale, which A correctly leaves blank on irr and tvpi rows while B stamps '($ in millions)' onto a percentage and a multiple; and evidence_quote, because A cites the full printed partnership line while B cites the bare value, which proves only that those digits occur somewhere on the page. subject_type corrected to 'fund' on every partnership row: both lanes wrote 'investment', but the entity column is headed 'Partnership' and each row is a named vehicle the fund committed capital to, not a holding inside one.",RESOLVED,A+B+ADJUDICATOR,504abfe06fcde5e187ef74247e28f97eecec00313f5079c91e05fbdaea023159
9453e0fd3276051f7075,SRC058,1,PAIR_3EF2CB3638850ABD1FE7A3E2,CONTEXT_CONFLICT,170,172,source_section|source_table|asset_class|evidence_quote,MERGE,"MERGE, one ruling applied to every paired row because the two lanes differ the same way on all of them and neither is complete. From B: source_section, which A left blank on all three pages although 'Real Estate Portfolio' is printed above the table on pages 1 and 2 and 'REITS' and 'Separate Accounts' above their own tables on page 3; source_table on pages 1 and 2, because A's 'UNTITLED_TABLE_1' is a placeholder the page never prints; and asset_class 'Real Estate', the printed grouping that governs every row. From A: source_column_label and metric_name 'Total Capital Contributed' and 'Total Capital Distributed', because the header wraps 'Total Capital' onto its own line above each of those two columns separately instead of spanning them, and page 3 prints 'Total Capital Distributed' on one line where both lanes agree; currency_scale, which A correctly leaves blank on irr and tvpi rows while B stamps '($ in millions)' onto a percentage and a multiple; and evidence_quote, because A cites the full printed partnership line while B cites the bare value, which proves only that those digits occur somewhere on the page. subject_type corrected to 'fund' on every partnership row: both lanes wrote 'investment', but the entity column is headed 'Partnership' and each row is a named vehicle the fund committed capital to, not a holding inside one.; Source review: p1: Retirement Fund (The portfolio report distinguishes investor positions from its aggregate rows.) | p1: Retirement Fund (Printed heading or definition supporting the source-reviewed qualifier.) | p1: Retirement Fund (Supersedes SR2113: the printed entity or table label is context, not a measurement basis; source labels retain its scope.)",RESOLVED,A+B+ADJUDICATOR,504abfe06fcde5e187ef74247e28f97eecec00313f5079c91e05fbdaea023159
69e3e51f5b0fb409a22d,SRC058,1,PAIR_C779BFEC787331E335D2C10A,CONTEXT_CONFLICT,171,173,source_section|source_table|asset_class|currency_scale|evidence_quote,MERGE,"MERGE, one ruling applied to every paired row because the two lanes differ the same way on all of them and neither is complete. From B: source_section, which A left blank on all three pages although 'Real Estate Portfolio' is printed above the table on pages 1 and 2 and 'REITS' and 'Separate Accounts' above their own tables on page 3; source_table on pages 1 and 2, because A's 'UNTITLED_TABLE_1' is a placeholder the page never prints; and asset_class 'Real Estate', the printed grouping that governs every row. From A: source_column_label and metric_name 'Total Capital Contributed' and 'Total Capital Distributed', because the header wraps 'Total Capital' onto its own line above each of those two columns separately instead of spanning them, and page 3 prints 'Total Capital Distributed' on one line where both lanes agree; currency_scale, which A correctly leaves blank on irr and tvpi rows while B stamps '($ in millions)' onto a percentage and a multiple; and evidence_quote, because A cites the full printed partnership line while B cites the bare value, which proves only that those digits occur somewhere on the page. subject_type corrected to 'fund' on every partnership row: both lanes wrote 'investment', but the entity column is headed 'Partnership' and each row is a named vehicle the fund committed capital to, not a holding inside one.; Source review: p1: IRR (All report pages were reviewed; no fee-basis statement qualifies this IRR.)",RESOLVED,A+B+ADJUDICATOR,504abfe06fcde5e187ef74247e28f97eecec00313f5079c91e05fbdaea023159
fa5be0847d973cd95bdc,SRC058,1,PAIR_7F7DE7F19CA4A610A91B9717,CONTEXT_CONFLICT,172,170,source_section|source_table|source_column_label|asset_class|metric_name|evidence_quote,MERGE,"MERGE, one ruling applied to every paired row because the two lanes differ the same way on all of them and neither is complete. From B: source_section, which A left blank on all three pages although 'Real Estate Portfolio' is printed above the table on pages 1 and 2 and 'REITS' and 'Separate Accounts' above their own tables on page 3; source_table on pages 1 and 2, because A's 'UNTITLED_TABLE_1' is a placeholder the page never prints; and asset_class 'Real Estate', the printed grouping that governs every row. From A: source_column_label and metric_name 'Total Capital Contributed' and 'Total Capital Distributed', because the header wraps 'Total Capital' onto its own line above each of those two columns separately instead of spanning them, and page 3 prints 'Total Capital Distributed' on one line where both lanes agree; currency_scale, which A correctly leaves blank on irr and tvpi rows while B stamps '($ in millions)' onto a percentage and a multiple; and evidence_quote, because A cites the full printed partnership line while B cites the bare value, which proves only that those digits occur somewhere on the page. subject_type corrected to 'fund' on every partnership row: both lanes wrote 'investment', but the entity column is headed 'Partnership' and each row is a named vehicle the fund committed capital to, not a holding inside one.",RESOLVED,A+B+ADJUDICATOR,504abfe06fcde5e187ef74247e28f97eecec00313f5079c91e05fbdaea023159
62b2dee14d5e3180b1f1,SRC058,1,PAIR_AD5A9188208D227B1DBA1319,CONTEXT_CONFLICT,173,171,source_section|source_table|source_column_label|asset_class|metric_name|evidence_quote,MERGE,"MERGE, one ruling applied to every paired row because the two lanes differ the same way on all of them and neither is complete. From B: source_section, which A left blank on all three pages although 'Real Estate Portfolio' is printed above the table on pages 1 and 2 and 'REITS' and 'Separate Accounts' above their own tables on page 3; source_table on pages 1 and 2, because A's 'UNTITLED_TABLE_1' is a placeholder the page never prints; and asset_class 'Real Estate', the printed grouping that governs every row. From A: source_column_label and metric_name 'Total Capital Contributed' and 'Total Capital Distributed', because the header wraps 'Total Capital' onto its own line above each of those two columns separately instead of spanning them, and page 3 prints 'Total Capital Distributed' on one line where both lanes agree; currency_scale, which A correctly leaves blank on irr and tvpi rows while B stamps '($ in millions)' onto a percentage and a multiple; and evidence_quote, because A cites the full printed partnership line while B cites the bare value, which proves only that those digits occur somewhere on the page. subject_type corrected to 'fund' on every partnership row: both lanes wrote 'investment', but the entity column is headed 'Partnership' and each row is a named vehicle the fund committed capital to, not a holding inside one.",RESOLVED,A+B+ADJUDICATOR,504abfe06fcde5e187ef74247e28f97eecec00313f5079c91e05fbdaea023159
796bc60f867311e5599f,SRC058,1,PAIR_3D7517CEE2C96832320BDE30,CONTEXT_CONFLICT,174,174,source_section|source_table|asset_class|currency_scale|evidence_quote,MERGE,"MERGE, one ruling applied to every paired row because the two lanes differ the same way on all of them and neither is complete. From B: source_section, which A left blank on all three pages although 'Real Estate Portfolio' is printed above the table on pages 1 and 2 and 'REITS' and 'Separate Accounts' above their own tables on page 3; source_table on pages 1 and 2, because A's 'UNTITLED_TABLE_1' is a placeholder the page never prints; and asset_class 'Real Estate', the printed grouping that governs every row. From A: source_column_label and metric_name 'Total Capital Contributed' and 'Total Capital Distributed', because the header wraps 'Total Capital' onto its own line above each of those two columns separately instead of spanning them, and page 3 prints 'Total Capital Distributed' on one line where both lanes agree; currency_scale, which A correctly leaves blank on irr and tvpi rows while B stamps '($ in millions)' onto a percentage and a multiple; and evidence_quote, because A cites the full printed partnership line while B cites the bare value, which proves only that those digits occur somewhere on the page. subject_type corrected to 'fund' on every partnership row: both lanes wrote 'investment', but the entity column is headed 'Partnership' and each row is a named vehicle the fund committed capital to, not a holding inside one.",RESOLVED,A+B+ADJUDICATOR,504abfe06fcde5e187ef74247e28f97eecec00313f5079c91e05fbdaea023159
b4de4dac074a16f7c798,SRC058,1,PAIR_7798B44E4510021F3D495502,CONTEXT_CONFLICT,175,175,source_section|source_table|asset_class|evidence_quote,MERGE,"MERGE, one ruling applied to every paired row because the two lanes differ the same way on all of them and neither is complete. From B: source_section, which A left blank on all three pages although 'Real Estate Portfolio' is printed above the table on pages 1 and 2 and 'REITS' and 'Separate Accounts' above their own tables on page 3; source_table on pages 1 and 2, because A's 'UNTITLED_TABLE_1' is a placeholder the page never prints; and asset_class 'Real Estate', the printed grouping that governs every row. From A: source_column_label and metric_name 'Total Capital Contributed' and 'Total Capital Distributed', because the header wraps 'Total Capital' onto its own line above each of those two columns separately instead of spanning them, and page 3 prints 'Total Capital Distributed' on one line where both lanes agree; currency_scale, which A correctly leaves blank on irr and tvpi rows while B stamps '($ in millions)' onto a percentage and a multiple; and evidence_quote, because A cites the full printed partnership line while B cites the bare value, which proves only that those digits occur somewhere on the page. subject_type corrected to 'fund' on every partnership row: both lanes wrote 'investment', but the entity column is headed 'Partnership' and each row is a named vehicle the fund committed capital to, not a holding inside one.",RESOLVED,A+B+ADJUDICATOR,504abfe06fcde5e187ef74247e28f97eecec00313f5079c91e05fbdaea023159
5d45bc7ef2d6845a78d6,SRC058,1,PAIR_8D63CF51F1B83036F22633AC,CONTEXT_CONFLICT,176,178,source_section|source_table|asset_class|evidence_quote,MERGE,"MERGE, one ruling applied to every paired row because the two lanes differ the same way on all of them and neither is complete. From B: source_section, which A left blank on all three pages although 'Real Estate Portfolio' is printed above the table on pages 1 and 2 and 'REITS' and 'Separate Accounts' above their own tables on page 3; source_table on pages 1 and 2, because A's 'UNTITLED_TABLE_1' is a placeholder the page never prints; and asset_class 'Real Estate', the printed grouping that governs every row. From A: source_column_label and metric_name 'Total Capital Contributed' and 'Total Capital Distributed', because the header wraps 'Total Capital' onto its own line above each of those two columns separately instead of spanning them, and page 3 prints 'Total Capital Distributed' on one line where both lanes agree; currency_scale, which A correctly leaves blank on irr and tvpi rows while B stamps '($ in millions)' onto a percentage and a multiple; and evidence_quote, because A cites the full printed partnership line while B cites the bare value, which proves only that those digits occur somewhere on the page. subject_type corrected to 'fund' on every partnership row: both lanes wrote 'investment', but the entity column is headed 'Partnership' and each row is a named vehicle the fund committed capital to, not a holding inside one.; Source review: p1: Retirement Fund (The portfolio report distinguishes investor positions from its aggregate rows.) | p1: Retirement Fund (Printed heading or definition supporting the source-reviewed qualifier.) | p1: Retirement Fund (Supersedes SR2114: the printed entity or table label is context, not a measurement basis; source labels retain its scope.)",RESOLVED,A+B+ADJUDICATOR,504abfe06fcde5e187ef74247e28f97eecec00313f5079c91e05fbdaea023159
0b9db2c0b4bebfcce01b,SRC058,1,PAIR_2012C754442A56753FECD1C9,CONTEXT_CONFLICT,177,179,source_section|source_table|asset_class|currency_scale|evidence_quote,MERGE,"MERGE, one ruling applied to every paired row because the two lanes differ the same way on all of them and neither is complete. From B: source_section, which A left blank on all three pages although 'Real Estate Portfolio' is printed above the table on pages 1 and 2 and 'REITS' and 'Separate Accounts' above their own tables on page 3; source_table on pages 1 and 2, because A's 'UNTITLED_TABLE_1' is a placeholder the page never prints; and asset_class 'Real Estate', the printed grouping that governs every row. From A: source_column_label and metric_name 'Total Capital Contributed' and 'Total Capital Distributed', because the header wraps 'Total Capital' onto its own line above each of those two columns separately instead of spanning them, and page 3 prints 'Total Capital Distributed' on one line where both lanes agree; currency_scale, which A correctly leaves blank on irr and tvpi rows while B stamps '($ in millions)' onto a percentage and a multiple; and evidence_quote, because A cites the full printed partnership line while B cites the bare value, which proves only that those digits occur somewhere on the page. subject_type corrected to 'fund' on every partnership row: both lanes wrote 'investment', but the entity column is headed 'Partnership' and each row is a named vehicle the fund committed capital to, not a holding inside one.; Source review: p1: IRR (All report pages were reviewed; no fee-basis statement qualifies this IRR.)",RESOLVED,A+B+ADJUDICATOR,504abfe06fcde5e187ef74247e28f97eecec00313f5079c91e05fbdaea023159
f2dd82ae1fdeee8ef933,SRC058,1,PAIR_A0FEA386A1D527164ACFFDA2,CONTEXT_CONFLICT,178,176,source_section|source_table|source_column_label|asset_class|metric_name|evidence_quote,MERGE,"MERGE, one ruling applied to every paired row because the two lanes differ the same way on all of them and neither is complete. From B: source_section, which A left blank on all three pages although 'Real Estate Portfolio' is printed above the table on pages 1 and 2 and 'REITS' and 'Separate Accounts' above their own tables on page 3; source_table on pages 1 and 2, because A's 'UNTITLED_TABLE_1' is a placeholder the page never prints; and asset_class 'Real Estate', the printed grouping that governs every row. From A: source_column_label and metric_name 'Total Capital Contributed' and 'Total Capital Distributed', because the header wraps 'Total Capital' onto its own line above each of those two columns separately instead of spanning them, and page 3 prints 'Total Capital Distributed' on one line where both lanes agree; currency_scale, which A correctly leaves blank on irr and tvpi rows while B stamps '($ in millions)' onto a percentage and a multiple; and evidence_quote, because A cites the full printed partnership line while B cites the bare value, which proves only that those digits occur somewhere on the page. subject_type corrected to 'fund' on every partnership row: both lanes wrote 'investment', but the entity column is headed 'Partnership' and each row is a named vehicle the fund committed capital to, not a holding inside one.",RESOLVED,A+B+ADJUDICATOR,504abfe06fcde5e187ef74247e28f97eecec00313f5079c91e05fbdaea023159
634796c167733b2c3a06,SRC058,1,PAIR_EC0940BAFAFD411CD63EE14E,CONTEXT_CONFLICT,179,177,source_section|source_table|source_column_label|asset_class|metric_name|evidence_quote,MERGE,"MERGE, one ruling applied to every paired row because the two lanes differ the same way on all of them and neither is complete. From B: source_section, which A left blank on all three pages although 'Real Estate Portfolio' is printed above the table on pages 1 and 2 and 'REITS' and 'Separate Accounts' above their own tables on page 3; source_table on pages 1 and 2, because A's 'UNTITLED_TABLE_1' is a placeholder the page never prints; and asset_class 'Real Estate', the printed grouping that governs every row. From A: source_column_label and metric_name 'Total Capital Contributed' and 'Total Capital Distributed', because the header wraps 'Total Capital' onto its own line above each of those two columns separately instead of spanning them, and page 3 prints 'Total Capital Distributed' on one line where both lanes agree; currency_scale, which A correctly leaves blank on irr and tvpi rows while B stamps '($ in millions)' onto a percentage and a multiple; and evidence_quote, because A cites the full printed partnership line while B cites the bare value, which proves only that those digits occur somewhere on the page. subject_type corrected to 'fund' on every partnership row: both lanes wrote 'investment', but the entity column is headed 'Partnership' and each row is a named vehicle the fund committed capital to, not a holding inside one.",RESOLVED,A+B+ADJUDICATOR,504abfe06fcde5e187ef74247e28f97eecec00313f5079c91e05fbdaea023159
ee1769d5c767985fedf7,SRC058,1,PAIR_96C8B14A5BBAB23A8C657EA6,CONTEXT_CONFLICT,180,180,source_section|source_table|asset_class|currency_scale|evidence_quote,MERGE,"MERGE, one ruling applied to every paired row because the two lanes differ the same way on all of them and neither is complete. From B: source_section, which A left blank on all three pages although 'Real Estate Portfolio' is printed above the table on pages 1 and 2 and 'REITS' and 'Separate Accounts' above their own tables on page 3; source_table on pages 1 and 2, because A's 'UNTITLED_TABLE_1' is a placeholder the page never prints; and asset_class 'Real Estate', the printed grouping that governs every row. From A: source_column_label and metric_name 'Total Capital Contributed' and 'Total Capital Distributed', because the header wraps 'Total Capital' onto its own line above each of those two columns separately instead of spanning them, and page 3 prints 'Total Capital Distributed' on one line where both lanes agree; currency_scale, which A correctly leaves blank on irr and tvpi rows while B stamps '($ in millions)' onto a percentage and a multiple; and evidence_quote, because A cites the full printed partnership line while B cites the bare value, which proves only that those digits occur somewhere on the page. subject_type corrected to 'fund' on every partnership row: both lanes wrote 'investment', but the entity column is headed 'Partnership' and each row is a named vehicle the fund committed capital to, not a holding inside one.",RESOLVED,A+B+ADJUDICATOR,504abfe06fcde5e187ef74247e28f97eecec00313f5079c91e05fbdaea023159
9493c710e27f0456df48,SRC058,1,PAIR_E8BFAC5B0FBFB07EB872C72C,CONTEXT_CONFLICT,181,181,source_section|source_table|asset_class|evidence_quote,MERGE,"MERGE, one ruling applied to every paired row because the two lanes differ the same way on all of them and neither is complete. From B: source_section, which A left blank on all three pages although 'Real Estate Portfolio' is printed above the table on pages 1 and 2 and 'REITS' and 'Separate Accounts' above their own tables on page 3; source_table on pages 1 and 2, because A's 'UNTITLED_TABLE_1' is a placeholder the page never prints; and asset_class 'Real Estate', the printed grouping that governs every row. From A: source_column_label and metric_name 'Total Capital Contributed' and 'Total Capital Distributed', because the header wraps 'Total Capital' onto its own line above each of those two columns separately instead of spanning them, and page 3 prints 'Total Capital Distributed' on one line where both lanes agree; currency_scale, which A correctly leaves blank on irr and tvpi rows while B stamps '($ in millions)' onto a percentage and a multiple; and evidence_quote, because A cites the full printed partnership line while B cites the bare value, which proves only that those digits occur somewhere on the page. subject_type corrected to 'fund' on every partnership row: both lanes wrote 'investment', but the entity column is headed 'Partnership' and each row is a named vehicle the fund committed capital to, not a holding inside one.",RESOLVED,A+B+ADJUDICATOR,504abfe06fcde5e187ef74247e28f97eecec00313f5079c91e05fbdaea023159
25d909f7845e69c19df2,SRC058,1,PAIR_F89E823165665F7ED580686F,CONTEXT_CONFLICT,182,184,source_section|source_table|asset_class|evidence_quote,MERGE,"MERGE, one ruling applied to every paired row because the two lanes differ the same way on all of them and neither is complete. From B: source_section, which A left blank on all three pages although 'Real Estate Portfolio' is printed above the table on pages 1 and 2 and 'REITS' and 'Separate Accounts' above their own tables on page 3; source_table on pages 1 and 2, because A's 'UNTITLED_TABLE_1' is a placeholder the page never prints; and asset_class 'Real Estate', the printed grouping that governs every row. From A: source_column_label and metric_name 'Total Capital Contributed' and 'Total Capital Distributed', because the header wraps 'Total Capital' onto its own line above each of those two columns separately instead of spanning them, and page 3 prints 'Total Capital Distributed' on one line where both lanes agree; currency_scale, which A correctly leaves blank on irr and tvpi rows while B stamps '($ in millions)' onto a percentage and a multiple; and evidence_quote, because A cites the full printed partnership line while B cites the bare value, which proves only that those digits occur somewhere on the page. subject_type corrected to 'fund' on every partnership row: both lanes wrote 'investment', but the entity column is headed 'Partnership' and each row is a named vehicle the fund committed capital to, not a holding inside one.; Source review: p1: Retirement Fund (The portfolio report distinguishes investor positions from its aggregate rows.) | p1: Retirement Fund (Printed heading or definition supporting the source-reviewed qualifier.) | p1: Retirement Fund (Supersedes SR2115: the printed entity or table label is context, not a measurement basis; source labels retain its scope.)",RESOLVED,A+B+ADJUDICATOR,504abfe06fcde5e187ef74247e28f97eecec00313f5079c91e05fbdaea023159
1671357ea6da27186227,SRC058,1,PAIR_AFCC938E4856CD9C331D12F7,CONTEXT_CONFLICT,183,185,source_section|source_table|asset_class|currency_scale|evidence_quote,MERGE,"MERGE, one ruling applied to every paired row because the two lanes differ the same way on all of them and neither is complete. From B: source_section, which A left blank on all three pages although 'Real Estate Portfolio' is printed above the table on pages 1 and 2 and 'REITS' and 'Separate Accounts' above their own tables on page 3; source_table on pages 1 and 2, because A's 'UNTITLED_TABLE_1' is a placeholder the page never prints; and asset_class 'Real Estate', the printed grouping that governs every row. From A: source_column_label and metric_name 'Total Capital Contributed' and 'Total Capital Distributed', because the header wraps 'Total Capital' onto its own line above each of those two columns separately instead of spanning them, and page 3 prints 'Total Capital Distributed' on one line where both lanes agree; currency_scale, which A correctly leaves blank on irr and tvpi rows while B stamps '($ in millions)' onto a percentage and a multiple; and evidence_quote, because A cites the full printed partnership line while B cites the bare value, which proves only that those digits occur somewhere on the page. subject_type corrected to 'fund' on every partnership row: both lanes wrote 'investment', but the entity column is headed 'Partnership' and each row is a named vehicle the fund committed capital to, not a holding inside one.; Source review: p1: IRR (All report pages were reviewed; no fee-basis statement qualifies this IRR.)",RESOLVED,A+B+ADJUDICATOR,504abfe06fcde5e187ef74247e28f97eecec00313f5079c91e05fbdaea023159
e7e5f23279fedc201b63,SRC058,1,PAIR_CB44D840B49EBFF856713415,CONTEXT_CONFLICT,184,182,source_section|source_table|source_column_label|asset_class|metric_name|evidence_quote,MERGE,"MERGE, one ruling applied to every paired row because the two lanes differ the same way on all of them and neither is complete. From B: source_section, which A left blank on all three pages although 'Real Estate Portfolio' is printed above the table on pages 1 and 2 and 'REITS' and 'Separate Accounts' above their own tables on page 3; source_table on pages 1 and 2, because A's 'UNTITLED_TABLE_1' is a placeholder the page never prints; and asset_class 'Real Estate', the printed grouping that governs every row. From A: source_column_label and metric_name 'Total Capital Contributed' and 'Total Capital Distributed', because the header wraps 'Total Capital' onto its own line above each of those two columns separately instead of spanning them, and page 3 prints 'Total Capital Distributed' on one line where both lanes agree; currency_scale, which A correctly leaves blank on irr and tvpi rows while B stamps '($ in millions)' onto a percentage and a multiple; and evidence_quote, because A cites the full printed partnership line while B cites the bare value, which proves only that those digits occur somewhere on the page. subject_type corrected to 'fund' on every partnership row: both lanes wrote 'investment', but the entity column is headed 'Partnership' and each row is a named vehicle the fund committed capital to, not a holding inside one.",RESOLVED,A+B+ADJUDICATOR,504abfe06fcde5e187ef74247e28f97eecec00313f5079c91e05fbdaea023159
70b788b4155515e2fbcf,SRC058,1,PAIR_56FB93DA9EBEB2741EC06DFD,CONTEXT_CONFLICT,185,183,source_section|source_table|source_column_label|asset_class|metric_name|evidence_quote,MERGE,"MERGE, one ruling applied to every paired row because the two lanes differ the same way on all of them and neither is complete. From B: source_section, which A left blank on all three pages although 'Real Estate Portfolio' is printed above the table on pages 1 and 2 and 'REITS' and 'Separate Accounts' above their own tables on page 3; source_table on pages 1 and 2, because A's 'UNTITLED_TABLE_1' is a placeholder the page never prints; and asset_class 'Real Estate', the printed grouping that governs every row. From A: source_column_label and metric_name 'Total Capital Contributed' and 'Total Capital Distributed', because the header wraps 'Total Capital' onto its own line above each of those two columns separately instead of spanning them, and page 3 prints 'Total Capital Distributed' on one line where both lanes agree; currency_scale, which A correctly leaves blank on irr and tvpi rows while B stamps '($ in millions)' onto a percentage and a multiple; and evidence_quote, because A cites the full printed partnership line while B cites the bare value, which proves only that those digits occur somewhere on the page. subject_type corrected to 'fund' on every partnership row: both lanes wrote 'investment', but the entity column is headed 'Partnership' and each row is a named vehicle the fund committed capital to, not a holding inside one.",RESOLVED,A+B+ADJUDICATOR,504abfe06fcde5e187ef74247e28f97eecec00313f5079c91e05fbdaea023159
9d08aafb180bb4251b48,SRC058,1,PAIR_4619B78B7C709373C2FA994C,CONTEXT_CONFLICT,186,186,source_section|source_table|asset_class|currency_scale|evidence_quote,MERGE,"MERGE, one ruling applied to every paired row because the two lanes differ the same way on all of them and neither is complete. From B: source_section, which A left blank on all three pages although 'Real Estate Portfolio' is printed above the table on pages 1 and 2 and 'REITS' and 'Separate Accounts' above their own tables on page 3; source_table on pages 1 and 2, because A's 'UNTITLED_TABLE_1' is a placeholder the page never prints; and asset_class 'Real Estate', the printed grouping that governs every row. From A: source_column_label and metric_name 'Total Capital Contributed' and 'Total Capital Distributed', because the header wraps 'Total Capital' onto its own line above each of those two columns separately instead of spanning them, and page 3 prints 'Total Capital Distributed' on one line where both lanes agree; currency_scale, which A correctly leaves blank on irr and tvpi rows while B stamps '($ in millions)' onto a percentage and a multiple; and evidence_quote, because A cites the full printed partnership line while B cites the bare value, which proves only that those digits occur somewhere on the page. subject_type corrected to 'fund' on every partnership row: both lanes wrote 'investment', but the entity column is headed 'Partnership' and each row is a named vehicle the fund committed capital to, not a holding inside one.",RESOLVED,A+B+ADJUDICATOR,504abfe06fcde5e187ef74247e28f97eecec00313f5079c91e05fbdaea023159
3fe9766e291047a1ed60,SRC058,1,PAIR_936C79BCB6E3635C50CD7E36,CONTEXT_CONFLICT,187,187,source_section|source_table|asset_class|evidence_quote,MERGE,"MERGE, one ruling applied to every paired row because the two lanes differ the same way on all of them and neither is complete. From B: source_section, which A left blank on all three pages although 'Real Estate Portfolio' is printed above the table on pages 1 and 2 and 'REITS' and 'Separate Accounts' above their own tables on page 3; source_table on pages 1 and 2, because A's 'UNTITLED_TABLE_1' is a placeholder the page never prints; and asset_class 'Real Estate', the printed grouping that governs every row. From A: source_column_label and metric_name 'Total Capital Contributed' and 'Total Capital Distributed', because the header wraps 'Total Capital' onto its own line above each of those two columns separately instead of spanning them, and page 3 prints 'Total Capital Distributed' on one line where both lanes agree; currency_scale, which A correctly leaves blank on irr and tvpi rows while B stamps '($ in millions)' onto a percentage and a multiple; and evidence_quote, because A cites the full printed partnership line while B cites the bare value, which proves only that those digits occur somewhere on the page. subject_type corrected to 'fund' on every partnership row: both lanes wrote 'investment', but the entity column is headed 'Partnership' and each row is a named vehicle the fund committed capital to, not a holding inside one.",RESOLVED,A+B+ADJUDICATOR,504abfe06fcde5e187ef74247e28f97eecec00313f5079c91e05fbdaea023159
260aebb3fa1e1730baab,SRC058,1,PAIR_E904A133190CCDE7FE50544C,CONTEXT_CONFLICT,188,190,source_section|source_table|asset_class|evidence_quote,MERGE,"MERGE, one ruling applied to every paired row because the two lanes differ the same way on all of them and neither is complete. From B: source_section, which A left blank on all three pages although 'Real Estate Portfolio' is printed above the table on pages 1 and 2 and 'REITS' and 'Separate Accounts' above their own tables on page 3; source_table on pages 1 and 2, because A's 'UNTITLED_TABLE_1' is a placeholder the page never prints; and asset_class 'Real Estate', the printed grouping that governs every row. From A: source_column_label and metric_name 'Total Capital Contributed' and 'Total Capital Distributed', because the header wraps 'Total Capital' onto its own line above each of those two columns separately instead of spanning them, and page 3 prints 'Total Capital Distributed' on one line where both lanes agree; currency_scale, which A correctly leaves blank on irr and tvpi rows while B stamps '($ in millions)' onto a percentage and a multiple; and evidence_quote, because A cites the full printed partnership line while B cites the bare value, which proves only that those digits occur somewhere on the page. subject_type corrected to 'fund' on every partnership row: both lanes wrote 'investment', but the entity column is headed 'Partnership' and each row is a named vehicle the fund committed capital to, not a holding inside one.; Source review: p1: Retirement Fund (The portfolio report distinguishes investor positions from its aggregate rows.) | p1: Retirement Fund (Printed heading or definition supporting the source-reviewed qualifier.) | p1: Retirement Fund (Supersedes SR2116: the printed entity or table label is context, not a measurement basis; source labels retain its scope.)",RESOLVED,A+B+ADJUDICATOR,504abfe06fcde5e187ef74247e28f97eecec00313f5079c91e05fbdaea023159
9686d089087f321bb0d2,SRC058,1,PAIR_EBD19E8F19603BB56EFEAA90,CONTEXT_CONFLICT,189,191,source_section|source_table|asset_class|currency_scale|evidence_quote,MERGE,"MERGE, one ruling applied to every paired row because the two lanes differ the same way on all of them and neither is complete. From B: source_section, which A left blank on all three pages although 'Real Estate Portfolio' is printed above the table on pages 1 and 2 and 'REITS' and 'Separate Accounts' above their own tables on page 3; source_table on pages 1 and 2, because A's 'UNTITLED_TABLE_1' is a placeholder the page never prints; and asset_class 'Real Estate', the printed grouping that governs every row. From A: source_column_label and metric_name 'Total Capital Contributed' and 'Total Capital Distributed', because the header wraps 'Total Capital' onto its own line above each of those two columns separately instead of spanning them, and page 3 prints 'Total Capital Distributed' on one line where both lanes agree; currency_scale, which A correctly leaves blank on irr and tvpi rows while B stamps '($ in millions)' onto a percentage and a multiple; and evidence_quote, because A cites the full printed partnership line while B cites the bare value, which proves only that those digits occur somewhere on the page. subject_type corrected to 'fund' on every partnership row: both lanes wrote 'investment', but the entity column is headed 'Partnership' and each row is a named vehicle the fund committed capital to, not a holding inside one.; Source review: p1: IRR (All report pages were reviewed; no fee-basis statement qualifies this IRR.)",RESOLVED,A+B+ADJUDICATOR,504abfe06fcde5e187ef74247e28f97eecec00313f5079c91e05fbdaea023159
f74593ad561772ea8e2c,SRC058,1,PAIR_33C7C7BD054E7DFAC5A3C474,CONTEXT_CONFLICT,190,188,source_section|source_table|source_column_label|asset_class|metric_name|evidence_quote,MERGE,"MERGE, one ruling applied to every paired row because the two lanes differ the same way on all of them and neither is complete. From B: source_section, which A left blank on all three pages although 'Real Estate Portfolio' is printed above the table on pages 1 and 2 and 'REITS' and 'Separate Accounts' above their own tables on page 3; source_table on pages 1 and 2, because A's 'UNTITLED_TABLE_1' is a placeholder the page never prints; and asset_class 'Real Estate', the printed grouping that governs every row. From A: source_column_label and metric_name 'Total Capital Contributed' and 'Total Capital Distributed', because the header wraps 'Total Capital' onto its own line above each of those two columns separately instead of spanning them, and page 3 prints 'Total Capital Distributed' on one line where both lanes agree; currency_scale, which A correctly leaves blank on irr and tvpi rows while B stamps '($ in millions)' onto a percentage and a multiple; and evidence_quote, because A cites the full printed partnership line while B cites the bare value, which proves only that those digits occur somewhere on the page. subject_type corrected to 'fund' on every partnership row: both lanes wrote 'investment', but the entity column is headed 'Partnership' and each row is a named vehicle the fund committed capital to, not a holding inside one.",RESOLVED,A+B+ADJUDICATOR,504abfe06fcde5e187ef74247e28f97eecec00313f5079c91e05fbdaea023159
6d14cc9b018f2c6ae2f4,SRC058,1,PAIR_C1D4DBE067950CC5E618686F,CONTEXT_CONFLICT,191,189,source_section|source_table|source_column_label|asset_class|metric_name|evidence_quote,MERGE,"MERGE, one ruling applied to every paired row because the two lanes differ the same way on all of them and neither is complete. From B: source_section, which A left blank on all three pages although 'Real Estate Portfolio' is printed above the table on pages 1 and 2 and 'REITS' and 'Separate Accounts' above their own tables on page 3; source_table on pages 1 and 2, because A's 'UNTITLED_TABLE_1' is a placeholder the page never prints; and asset_class 'Real Estate', the printed grouping that governs every row. From A: source_column_label and metric_name 'Total Capital Contributed' and 'Total Capital Distributed', because the header wraps 'Total Capital' onto its own line above each of those two columns separately instead of spanning them, and page 3 prints 'Total Capital Distributed' on one line where both lanes agree; currency_scale, which A correctly leaves blank on irr and tvpi rows while B stamps '($ in millions)' onto a percentage and a multiple; and evidence_quote, because A cites the full printed partnership line while B cites the bare value, which proves only that those digits occur somewhere on the page. subject_type corrected to 'fund' on every partnership row: both lanes wrote 'investment', but the entity column is headed 'Partnership' and each row is a named vehicle the fund committed capital to, not a holding inside one.",RESOLVED,A+B+ADJUDICATOR,504abfe06fcde5e187ef74247e28f97eecec00313f5079c91e05fbdaea023159
973e035117ebb6d7b8f1,SRC058,1,PAIR_005EE7BFB0FFA33D47AB6CF2,CONTEXT_CONFLICT,192,192,source_section|source_table|asset_class|currency_scale|evidence_quote,MERGE,"MERGE, one ruling applied to every paired row because the two lanes differ the same way on all of them and neither is complete. From B: source_section, which A left blank on all three pages although 'Real Estate Portfolio' is printed above the table on pages 1 and 2 and 'REITS' and 'Separate Accounts' above their own tables on page 3; source_table on pages 1 and 2, because A's 'UNTITLED_TABLE_1' is a placeholder the page never prints; and asset_class 'Real Estate', the printed grouping that governs every row. From A: source_column_label and metric_name 'Total Capital Contributed' and 'Total Capital Distributed', because the header wraps 'Total Capital' onto its own line above each of those two columns separately instead of spanning them, and page 3 prints 'Total Capital Distributed' on one line where both lanes agree; currency_scale, which A correctly leaves blank on irr and tvpi rows while B stamps '($ in millions)' onto a percentage and a multiple; and evidence_quote, because A cites the full printed partnership line while B cites the bare value, which proves only that those digits occur somewhere on the page. subject_type corrected to 'fund' on every partnership row: both lanes wrote 'investment', but the entity column is headed 'Partnership' and each row is a named vehicle the fund committed capital to, not a holding inside one.",RESOLVED,A+B+ADJUDICATOR,504abfe06fcde5e187ef74247e28f97eecec00313f5079c91e05fbdaea023159
198785a8276cccd55b34,SRC058,1,PAIR_6ABAFF5DE7D508D83C24A299,CONTEXT_CONFLICT,193,193,source_section|source_table|asset_class|evidence_quote,MERGE,"MERGE, one ruling applied to every paired row because the two lanes differ the same way on all of them and neither is complete. From B: source_section, which A left blank on all three pages although 'Real Estate Portfolio' is printed above the table on pages 1 and 2 and 'REITS' and 'Separate Accounts' above their own tables on page 3; source_table on pages 1 and 2, because A's 'UNTITLED_TABLE_1' is a placeholder the page never prints; and asset_class 'Real Estate', the printed grouping that governs every row. From A: source_column_label and metric_name 'Total Capital Contributed' and 'Total Capital Distributed', because the header wraps 'Total Capital' onto its own line above each of those two columns separately instead of spanning them, and page 3 prints 'Total Capital Distributed' on one line where both lanes agree; currency_scale, which A correctly leaves blank on irr and tvpi rows while B stamps '($ in millions)' onto a percentage and a multiple; and evidence_quote, because A cites the full printed partnership line while B cites the bare value, which proves only that those digits occur somewhere on the page. subject_type corrected to 'fund' on every partnership row: both lanes wrote 'investment', but the entity column is headed 'Partnership' and each row is a named vehicle the fund committed capital to, not a holding inside one.",RESOLVED,A+B+ADJUDICATOR,504abfe06fcde5e187ef74247e28f97eecec00313f5079c91e05fbdaea023159
8d8415c1b0e09f8c1099,SRC058,1,PAIR_E4D7E53ADD59766A76643D6B,CONTEXT_CONFLICT,194,196,source_section|source_table|asset_class|evidence_quote,MERGE,"MERGE, one ruling applied to every paired row because the two lanes differ the same way on all of them and neither is complete. From B: source_section, which A left blank on all three pages although 'Real Estate Portfolio' is printed above the table on pages 1 and 2 and 'REITS' and 'Separate Accounts' above their own tables on page 3; source_table on pages 1 and 2, because A's 'UNTITLED_TABLE_1' is a placeholder the page never prints; and asset_class 'Real Estate', the printed grouping that governs every row. From A: source_column_label and metric_name 'Total Capital Contributed' and 'Total Capital Distributed', because the header wraps 'Total Capital' onto its own line above each of those two columns separately instead of spanning them, and page 3 prints 'Total Capital Distributed' on one line where both lanes agree; currency_scale, which A correctly leaves blank on irr and tvpi rows while B stamps '($ in millions)' onto a percentage and a multiple; and evidence_quote, because A cites the full printed partnership line while B cites the bare value, which proves only that those digits occur somewhere on the page. subject_type corrected to 'fund' on every partnership row: both lanes wrote 'investment', but the entity column is headed 'Partnership' and each row is a named vehicle the fund committed capital to, not a holding inside one.; Source review: p1: Retirement Fund (The portfolio report distinguishes investor positions from its aggregate rows.) | p1: Retirement Fund (Printed heading or definition supporting the source-reviewed qualifier.) | p1: Retirement Fund (Supersedes SR2117: the printed entity or table label is context, not a measurement basis; source labels retain its scope.)",RESOLVED,A+B+ADJUDICATOR,504abfe06fcde5e187ef74247e28f97eecec00313f5079c91e05fbdaea023159
75aaf89ca2182182c2c7,SRC058,1,PAIR_7890115538791AFA9D3522B2,CONTEXT_CONFLICT,195,197,source_section|source_table|asset_class|currency_scale|evidence_quote,MERGE,"MERGE, one ruling applied to every paired row because the two lanes differ the same way on all of them and neither is complete. From B: source_section, which A left blank on all three pages although 'Real Estate Portfolio' is printed above the table on pages 1 and 2 and 'REITS' and 'Separate Accounts' above their own tables on page 3; source_table on pages 1 and 2, because A's 'UNTITLED_TABLE_1' is a placeholder the page never prints; and asset_class 'Real Estate', the printed grouping that governs every row. From A: source_column_label and metric_name 'Total Capital Contributed' and 'Total Capital Distributed', because the header wraps 'Total Capital' onto its own line above each of those two columns separately instead of spanning them, and page 3 prints 'Total Capital Distributed' on one line where both lanes agree; currency_scale, which A correctly leaves blank on irr and tvpi rows while B stamps '($ in millions)' onto a percentage and a multiple; and evidence_quote, because A cites the full printed partnership line while B cites the bare value, which proves only that those digits occur somewhere on the page. subject_type corrected to 'fund' on every partnership row: both lanes wrote 'investment', but the entity column is headed 'Partnership' and each row is a named vehicle the fund committed capital to, not a holding inside one.; Source review: p1: IRR (All report pages were reviewed; no fee-basis statement qualifies this IRR.)",RESOLVED,A+B+ADJUDICATOR,504abfe06fcde5e187ef74247e28f97eecec00313f5079c91e05fbdaea023159
0606888c108ca6c298a0,SRC058,1,PAIR_70B6FDD1CB0D6FBECCAE0A57,CONTEXT_CONFLICT,196,194,source_section|source_table|source_column_label|asset_class|metric_name|evidence_quote,MERGE,"MERGE, one ruling applied to every paired row because the two lanes differ the same way on all of them and neither is complete. From B: source_section, which A left blank on all three pages although 'Real Estate Portfolio' is printed above the table on pages 1 and 2 and 'REITS' and 'Separate Accounts' above their own tables on page 3; source_table on pages 1 and 2, because A's 'UNTITLED_TABLE_1' is a placeholder the page never prints; and asset_class 'Real Estate', the printed grouping that governs every row. From A: source_column_label and metric_name 'Total Capital Contributed' and 'Total Capital Distributed', because the header wraps 'Total Capital' onto its own line above each of those two columns separately instead of spanning them, and page 3 prints 'Total Capital Distributed' on one line where both lanes agree; currency_scale, which A correctly leaves blank on irr and tvpi rows while B stamps '($ in millions)' onto a percentage and a multiple; and evidence_quote, because A cites the full printed partnership line while B cites the bare value, which proves only that those digits occur somewhere on the page. subject_type corrected to 'fund' on every partnership row: both lanes wrote 'investment', but the entity column is headed 'Partnership' and each row is a named vehicle the fund committed capital to, not a holding inside one.",RESOLVED,A+B+ADJUDICATOR,504abfe06fcde5e187ef74247e28f97eecec00313f5079c91e05fbdaea023159
9e2163969febf7763ced,SRC058,1,PAIR_CE81FFFE8D8CD7E8BB96FA42,CONTEXT_CONFLICT,197,195,source_section|source_table|source_column_label|asset_class|metric_name|evidence_quote,MERGE,"MERGE, one ruling applied to every paired row because the two lanes differ the same way on all of them and neither is complete. From B: source_section, which A left blank on all three pages although 'Real Estate Portfolio' is printed above the table on pages 1 and 2 and 'REITS' and 'Separate Accounts' above their own tables on page 3; source_table on pages 1 and 2, because A's 'UNTITLED_TABLE_1' is a placeholder the page never prints; and asset_class 'Real Estate', the printed grouping that governs every row. From A: source_column_label and metric_name 'Total Capital Contributed' and 'Total Capital Distributed', because the header wraps 'Total Capital' onto its own line above each of those two columns separately instead of spanning them, and page 3 prints 'Total Capital Distributed' on one line where both lanes agree; currency_scale, which A correctly leaves blank on irr and tvpi rows while B stamps '($ in millions)' onto a percentage and a multiple; and evidence_quote, because A cites the full printed partnership line while B cites the bare value, which proves only that those digits occur somewhere on the page. subject_type corrected to 'fund' on every partnership row: both lanes wrote 'investment', but the entity column is headed 'Partnership' and each row is a named vehicle the fund committed capital to, not a holding inside one.",RESOLVED,A+B+ADJUDICATOR,504abfe06fcde5e187ef74247e28f97eecec00313f5079c91e05fbdaea023159
d1e233b7f54dc03c1bf1,SRC058,1,PAIR_580B37613B9B00E026FFE405,CONTEXT_CONFLICT,198,198,source_section|source_table|asset_class|currency_scale|evidence_quote,MERGE,"MERGE, one ruling applied to every paired row because the two lanes differ the same way on all of them and neither is complete. From B: source_section, which A left blank on all three pages although 'Real Estate Portfolio' is printed above the table on pages 1 and 2 and 'REITS' and 'Separate Accounts' above their own tables on page 3; source_table on pages 1 and 2, because A's 'UNTITLED_TABLE_1' is a placeholder the page never prints; and asset_class 'Real Estate', the printed grouping that governs every row. From A: source_column_label and metric_name 'Total Capital Contributed' and 'Total Capital Distributed', because the header wraps 'Total Capital' onto its own line above each of those two columns separately instead of spanning them, and page 3 prints 'Total Capital Distributed' on one line where both lanes agree; currency_scale, which A correctly leaves blank on irr and tvpi rows while B stamps '($ in millions)' onto a percentage and a multiple; and evidence_quote, because A cites the full printed partnership line while B cites the bare value, which proves only that those digits occur somewhere on the page. subject_type corrected to 'fund' on every partnership row: both lanes wrote 'investment', but the entity column is headed 'Partnership' and each row is a named vehicle the fund committed capital to, not a holding inside one.",RESOLVED,A+B+ADJUDICATOR,504abfe06fcde5e187ef74247e28f97eecec00313f5079c91e05fbdaea023159
8928d12cab5ccaf089f0,SRC058,1,PAIR_2F335D03FD3CF94C90301D1F,CONTEXT_CONFLICT,199,199,source_section|source_table|asset_class|evidence_quote,MERGE,"MERGE, one ruling applied to every paired row because the two lanes differ the same way on all of them and neither is complete. From B: source_section, which A left blank on all three pages although 'Real Estate Portfolio' is printed above the table on pages 1 and 2 and 'REITS' and 'Separate Accounts' above their own tables on page 3; source_table on pages 1 and 2, because A's 'UNTITLED_TABLE_1' is a placeholder the page never prints; and asset_class 'Real Estate', the printed grouping that governs every row. From A: source_column_label and metric_name 'Total Capital Contributed' and 'Total Capital Distributed', because the header wraps 'Total Capital' onto its own line above each of those two columns separately instead of spanning them, and page 3 prints 'Total Capital Distributed' on one line where both lanes agree; currency_scale, which A correctly leaves blank on irr and tvpi rows while B stamps '($ in millions)' onto a percentage and a multiple; and evidence_quote, because A cites the full printed partnership line while B cites the bare value, which proves only that those digits occur somewhere on the page. subject_type corrected to 'fund' on every partnership row: both lanes wrote 'investment', but the entity column is headed 'Partnership' and each row is a named vehicle the fund committed capital to, not a holding inside one.",RESOLVED,A+B+ADJUDICATOR,504abfe06fcde5e187ef74247e28f97eecec00313f5079c91e05fbdaea023159
568e18adc759944dd484,SRC058,1,PAIR_4F031E006E429B034EC4112C,CONTEXT_CONFLICT,200,202,source_section|source_table|asset_class|evidence_quote,MERGE,"MERGE, one ruling applied to every paired row because the two lanes differ the same way on all of them and neither is complete. From B: source_section, which A left blank on all three pages although 'Real Estate Portfolio' is printed above the table on pages 1 and 2 and 'REITS' and 'Separate Accounts' above their own tables on page 3; source_table on pages 1 and 2, because A's 'UNTITLED_TABLE_1' is a placeholder the page never prints; and asset_class 'Real Estate', the printed grouping that governs every row. From A: source_column_label and metric_name 'Total Capital Contributed' and 'Total Capital Distributed', because the header wraps 'Total Capital' onto its own line above each of those two columns separately instead of spanning them, and page 3 prints 'Total Capital Distributed' on one line where both lanes agree; currency_scale, which A correctly leaves blank on irr and tvpi rows while B stamps '($ in millions)' onto a percentage and a multiple; and evidence_quote, because A cites the full printed partnership line while B cites the bare value, which proves only that those digits occur somewhere on the page. subject_type corrected to 'fund' on every partnership row: both lanes wrote 'investment', but the entity column is headed 'Partnership' and each row is a named vehicle the fund committed capital to, not a holding inside one.; Source review: p1: Retirement Fund (The portfolio report distinguishes investor positions from its aggregate rows.) | p1: Retirement Fund (Printed heading or definition supporting the source-reviewed qualifier.) | p1: Retirement Fund (Supersedes SR2118: the printed entity or table label is context, not a measurement basis; source labels retain its scope.)",RESOLVED,A+B+ADJUDICATOR,504abfe06fcde5e187ef74247e28f97eecec00313f5079c91e05fbdaea023159
5e1ff803930b776834ba,SRC058,1,PAIR_E1117666561C6258F38C36B5,CONTEXT_CONFLICT,201,203,source_section|source_table|asset_class|currency_scale|evidence_quote,MERGE,"MERGE, one ruling applied to every paired row because the two lanes differ the same way on all of them and neither is complete. From B: source_section, which A left blank on all three pages although 'Real Estate Portfolio' is printed above the table on pages 1 and 2 and 'REITS' and 'Separate Accounts' above their own tables on page 3; source_table on pages 1 and 2, because A's 'UNTITLED_TABLE_1' is a placeholder the page never prints; and asset_class 'Real Estate', the printed grouping that governs every row. From A: source_column_label and metric_name 'Total Capital Contributed' and 'Total Capital Distributed', because the header wraps 'Total Capital' onto its own line above each of those two columns separately instead of spanning them, and page 3 prints 'Total Capital Distributed' on one line where both lanes agree; currency_scale, which A correctly leaves blank on irr and tvpi rows while B stamps '($ in millions)' onto a percentage and a multiple; and evidence_quote, because A cites the full printed partnership line while B cites the bare value, which proves only that those digits occur somewhere on the page. subject_type corrected to 'fund' on every partnership row: both lanes wrote 'investment', but the entity column is headed 'Partnership' and each row is a named vehicle the fund committed capital to, not a holding inside one.; Source review: p1: IRR (All report pages were reviewed; no fee-basis statement qualifies this IRR.)",RESOLVED,A+B+ADJUDICATOR,504abfe06fcde5e187ef74247e28f97eecec00313f5079c91e05fbdaea023159
625734827e8d68e7f581,SRC058,1,PAIR_E83212289FF5748F0EEA951F,CONTEXT_CONFLICT,202,200,source_section|source_table|source_column_label|asset_class|metric_name|evidence_quote,MERGE,"MERGE, one ruling applied to every paired row because the two lanes differ the same way on all of them and neither is complete. From B: source_section, which A left blank on all three pages although 'Real Estate Portfolio' is printed above the table on pages 1 and 2 and 'REITS' and 'Separate Accounts' above their own tables on page 3; source_table on pages 1 and 2, because A's 'UNTITLED_TABLE_1' is a placeholder the page never prints; and asset_class 'Real Estate', the printed grouping that governs every row. From A: source_column_label and metric_name 'Total Capital Contributed' and 'Total Capital Distributed', because the header wraps 'Total Capital' onto its own line above each of those two columns separately instead of spanning them, and page 3 prints 'Total Capital Distributed' on one line where both lanes agree; currency_scale, which A correctly leaves blank on irr and tvpi rows while B stamps '($ in millions)' onto a percentage and a multiple; and evidence_quote, because A cites the full printed partnership line while B cites the bare value, which proves only that those digits occur somewhere on the page. subject_type corrected to 'fund' on every partnership row: both lanes wrote 'investment', but the entity column is headed 'Partnership' and each row is a named vehicle the fund committed capital to, not a holding inside one.",RESOLVED,A+B+ADJUDICATOR,504abfe06fcde5e187ef74247e28f97eecec00313f5079c91e05fbdaea023159
93e8e90803a150864b16,SRC058,1,PAIR_3091357FF73CF1B9DA2A2CF9,CONTEXT_CONFLICT,203,201,source_section|source_table|source_column_label|asset_class|metric_name|evidence_quote,MERGE,"MERGE, one ruling applied to every paired row because the two lanes differ the same way on all of them and neither is complete. From B: source_section, which A left blank on all three pages although 'Real Estate Portfolio' is printed above the table on pages 1 and 2 and 'REITS' and 'Separate Accounts' above their own tables on page 3; source_table on pages 1 and 2, because A's 'UNTITLED_TABLE_1' is a placeholder the page never prints; and asset_class 'Real Estate', the printed grouping that governs every row. From A: source_column_label and metric_name 'Total Capital Contributed' and 'Total Capital Distributed', because the header wraps 'Total Capital' onto its own line above each of those two columns separately instead of spanning them, and page 3 prints 'Total Capital Distributed' on one line where both lanes agree; currency_scale, which A correctly leaves blank on irr and tvpi rows while B stamps '($ in millions)' onto a percentage and a multiple; and evidence_quote, because A cites the full printed partnership line while B cites the bare value, which proves only that those digits occur somewhere on the page. subject_type corrected to 'fund' on every partnership row: both lanes wrote 'investment', but the entity column is headed 'Partnership' and each row is a named vehicle the fund committed capital to, not a holding inside one.",RESOLVED,A+B+ADJUDICATOR,504abfe06fcde5e187ef74247e28f97eecec00313f5079c91e05fbdaea023159
d44ab6a9505b6e98da2b,SRC058,1,PAIR_204FD25512F8CA03DF382424,CONTEXT_CONFLICT,204,204,source_section|source_table|asset_class|currency_scale|evidence_quote,MERGE,"MERGE, one ruling applied to every paired row because the two lanes differ the same way on all of them and neither is complete. From B: source_section, which A left blank on all three pages although 'Real Estate Portfolio' is printed above the table on pages 1 and 2 and 'REITS' and 'Separate Accounts' above their own tables on page 3; source_table on pages 1 and 2, because A's 'UNTITLED_TABLE_1' is a placeholder the page never prints; and asset_class 'Real Estate', the printed grouping that governs every row. From A: source_column_label and metric_name 'Total Capital Contributed' and 'Total Capital Distributed', because the header wraps 'Total Capital' onto its own line above each of those two columns separately instead of spanning them, and page 3 prints 'Total Capital Distributed' on one line where both lanes agree; currency_scale, which A correctly leaves blank on irr and tvpi rows while B stamps '($ in millions)' onto a percentage and a multiple; and evidence_quote, because A cites the full printed partnership line while B cites the bare value, which proves only that those digits occur somewhere on the page. subject_type corrected to 'fund' on every partnership row: both lanes wrote 'investment', but the entity column is headed 'Partnership' and each row is a named vehicle the fund committed capital to, not a holding inside one.",RESOLVED,A+B+ADJUDICATOR,504abfe06fcde5e187ef74247e28f97eecec00313f5079c91e05fbdaea023159
1c338d449ab31c1477fe,SRC058,1,PAIR_BBD606097788FC7265FAE2B4,CONTEXT_CONFLICT,205,205,source_section|source_table|asset_class|evidence_quote,MERGE,"MERGE, one ruling applied to every paired row because the two lanes differ the same way on all of them and neither is complete. From B: source_section, which A left blank on all three pages although 'Real Estate Portfolio' is printed above the table on pages 1 and 2 and 'REITS' and 'Separate Accounts' above their own tables on page 3; source_table on pages 1 and 2, because A's 'UNTITLED_TABLE_1' is a placeholder the page never prints; and asset_class 'Real Estate', the printed grouping that governs every row. From A: source_column_label and metric_name 'Total Capital Contributed' and 'Total Capital Distributed', because the header wraps 'Total Capital' onto its own line above each of those two columns separately instead of spanning them, and page 3 prints 'Total Capital Distributed' on one line where both lanes agree; currency_scale, which A correctly leaves blank on irr and tvpi rows while B stamps '($ in millions)' onto a percentage and a multiple; and evidence_quote, because A cites the full printed partnership line while B cites the bare value, which proves only that those digits occur somewhere on the page. subject_type corrected to 'fund' on every partnership row: both lanes wrote 'investment', but the entity column is headed 'Partnership' and each row is a named vehicle the fund committed capital to, not a holding inside one.",RESOLVED,A+B+ADJUDICATOR,504abfe06fcde5e187ef74247e28f97eecec00313f5079c91e05fbdaea023159
3a221e3251e29448304b,SRC058,1,PAIR_42FE8A5225BEBF44856AF425,CONTEXT_CONFLICT,206,208,source_section|source_table|asset_class|evidence_quote,MERGE,"MERGE, one ruling applied to every paired row because the two lanes differ the same way on all of them and neither is complete. From B: source_section, which A left blank on all three pages although 'Real Estate Portfolio' is printed above the table on pages 1 and 2 and 'REITS' and 'Separate Accounts' above their own tables on page 3; source_table on pages 1 and 2, because A's 'UNTITLED_TABLE_1' is a placeholder the page never prints; and asset_class 'Real Estate', the printed grouping that governs every row. From A: source_column_label and metric_name 'Total Capital Contributed' and 'Total Capital Distributed', because the header wraps 'Total Capital' onto its own line above each of those two columns separately instead of spanning them, and page 3 prints 'Total Capital Distributed' on one line where both lanes agree; currency_scale, which A correctly leaves blank on irr and tvpi rows while B stamps '($ in millions)' onto a percentage and a multiple; and evidence_quote, because A cites the full printed partnership line while B cites the bare value, which proves only that those digits occur somewhere on the page. subject_type corrected to 'fund' on every partnership row: both lanes wrote 'investment', but the entity column is headed 'Partnership' and each row is a named vehicle the fund committed capital to, not a holding inside one.; Source review: p1: Retirement Fund (The portfolio report distinguishes investor positions from its aggregate rows.) | p1: Retirement Fund (Printed heading or definition supporting the source-reviewed qualifier.) | p1: Retirement Fund (Supersedes SR2119: the printed entity or table label is context, not a measurement basis; source labels retain its scope.)",RESOLVED,A+B+ADJUDICATOR,504abfe06fcde5e187ef74247e28f97eecec00313f5079c91e05fbdaea023159
2c5f8051287549cfdec0,SRC058,1,PAIR_4B792A7BF19136D55388FF47,CONTEXT_CONFLICT,207,209,source_section|source_table|asset_class|currency_scale|evidence_quote,MERGE,"MERGE, one ruling applied to every paired row because the two lanes differ the same way on all of them and neither is complete. From B: source_section, which A left blank on all three pages although 'Real Estate Portfolio' is printed above the table on pages 1 and 2 and 'REITS' and 'Separate Accounts' above their own tables on page 3; source_table on pages 1 and 2, because A's 'UNTITLED_TABLE_1' is a placeholder the page never prints; and asset_class 'Real Estate', the printed grouping that governs every row. From A: source_column_label and metric_name 'Total Capital Contributed' and 'Total Capital Distributed', because the header wraps 'Total Capital' onto its own line above each of those two columns separately instead of spanning them, and page 3 prints 'Total Capital Distributed' on one line where both lanes agree; currency_scale, which A correctly leaves blank on irr and tvpi rows while B stamps '($ in millions)' onto a percentage and a multiple; and evidence_quote, because A cites the full printed partnership line while B cites the bare value, which proves only that those digits occur somewhere on the page. subject_type corrected to 'fund' on every partnership row: both lanes wrote 'investment', but the entity column is headed 'Partnership' and each row is a named vehicle the fund committed capital to, not a holding inside one.; Source review: p1: IRR (All report pages were reviewed; no fee-basis statement qualifies this IRR.)",RESOLVED,A+B+ADJUDICATOR,504abfe06fcde5e187ef74247e28f97eecec00313f5079c91e05fbdaea023159
28f5f75b5e19f9bf8539,SRC058,1,PAIR_2E6D048E5963CFF98A2FAB1C,CONTEXT_CONFLICT,208,206,source_section|source_table|source_column_label|asset_class|metric_name|evidence_quote,MERGE,"MERGE, one ruling applied to every paired row because the two lanes differ the same way on all of them and neither is complete. From B: source_section, which A left blank on all three pages although 'Real Estate Portfolio' is printed above the table on pages 1 and 2 and 'REITS' and 'Separate Accounts' above their own tables on page 3; source_table on pages 1 and 2, because A's 'UNTITLED_TABLE_1' is a placeholder the page never prints; and asset_class 'Real Estate', the printed grouping that governs every row. From A: source_column_label and metric_name 'Total Capital Contributed' and 'Total Capital Distributed', because the header wraps 'Total Capital' onto its own line above each of those two columns separately instead of spanning them, and page 3 prints 'Total Capital Distributed' on one line where both lanes agree; currency_scale, which A correctly leaves blank on irr and tvpi rows while B stamps '($ in millions)' onto a percentage and a multiple; and evidence_quote, because A cites the full printed partnership line while B cites the bare value, which proves only that those digits occur somewhere on the page. subject_type corrected to 'fund' on every partnership row: both lanes wrote 'investment', but the entity column is headed 'Partnership' and each row is a named vehicle the fund committed capital to, not a holding inside one.",RESOLVED,A+B+ADJUDICATOR,504abfe06fcde5e187ef74247e28f97eecec00313f5079c91e05fbdaea023159
d0df77cfb06bf20f06a2,SRC058,1,PAIR_C0758DEFD7CCC88DC6496BB3,CONTEXT_CONFLICT,209,207,source_section|source_table|source_column_label|asset_class|metric_name|evidence_quote,MERGE,"MERGE, one ruling applied to every paired row because the two lanes differ the same way on all of them and neither is complete. From B: source_section, which A left blank on all three pages although 'Real Estate Portfolio' is printed above the table on pages 1 and 2 and 'REITS' and 'Separate Accounts' above their own tables on page 3; source_table on pages 1 and 2, because A's 'UNTITLED_TABLE_1' is a placeholder the page never prints; and asset_class 'Real Estate', the printed grouping that governs every row. From A: source_column_label and metric_name 'Total Capital Contributed' and 'Total Capital Distributed', because the header wraps 'Total Capital' onto its own line above each of those two columns separately instead of spanning them, and page 3 prints 'Total Capital Distributed' on one line where both lanes agree; currency_scale, which A correctly leaves blank on irr and tvpi rows while B stamps '($ in millions)' onto a percentage and a multiple; and evidence_quote, because A cites the full printed partnership line while B cites the bare value, which proves only that those digits occur somewhere on the page. subject_type corrected to 'fund' on every partnership row: both lanes wrote 'investment', but the entity column is headed 'Partnership' and each row is a named vehicle the fund committed capital to, not a holding inside one.",RESOLVED,A+B+ADJUDICATOR,504abfe06fcde5e187ef74247e28f97eecec00313f5079c91e05fbdaea023159
4d6d0553e945f52af155,SRC058,1,PAIR_7A7AF61380EECD5B9D1F3B51,CONTEXT_CONFLICT,210,210,source_section|source_table|asset_class|currency_scale|evidence_quote,MERGE,"MERGE, one ruling applied to every paired row because the two lanes differ the same way on all of them and neither is complete. From B: source_section, which A left blank on all three pages although 'Real Estate Portfolio' is printed above the table on pages 1 and 2 and 'REITS' and 'Separate Accounts' above their own tables on page 3; source_table on pages 1 and 2, because A's 'UNTITLED_TABLE_1' is a placeholder the page never prints; and asset_class 'Real Estate', the printed grouping that governs every row. From A: source_column_label and metric_name 'Total Capital Contributed' and 'Total Capital Distributed', because the header wraps 'Total Capital' onto its own line above each of those two columns separately instead of spanning them, and page 3 prints 'Total Capital Distributed' on one line where both lanes agree; currency_scale, which A correctly leaves blank on irr and tvpi rows while B stamps '($ in millions)' onto a percentage and a multiple; and evidence_quote, because A cites the full printed partnership line while B cites the bare value, which proves only that those digits occur somewhere on the page. subject_type corrected to 'fund' on every partnership row: both lanes wrote 'investment', but the entity column is headed 'Partnership' and each row is a named vehicle the fund committed capital to, not a holding inside one.",RESOLVED,A+B+ADJUDICATOR,504abfe06fcde5e187ef74247e28f97eecec00313f5079c91e05fbdaea023159
c4d8cb24045bc7b169c4,SRC058,1,PAIR_E2D2349BA2CBB02789F87A20,CONTEXT_CONFLICT,211,211,source_section|source_table|asset_class|evidence_quote,MERGE,"MERGE, one ruling applied to every paired row because the two lanes differ the same way on all of them and neither is complete. From B: source_section, which A left blank on all three pages although 'Real Estate Portfolio' is printed above the table on pages 1 and 2 and 'REITS' and 'Separate Accounts' above their own tables on page 3; source_table on pages 1 and 2, because A's 'UNTITLED_TABLE_1' is a placeholder the page never prints; and asset_class 'Real Estate', the printed grouping that governs every row. From A: source_column_label and metric_name 'Total Capital Contributed' and 'Total Capital Distributed', because the header wraps 'Total Capital' onto its own line above each of those two columns separately instead of spanning them, and page 3 prints 'Total Capital Distributed' on one line where both lanes agree; currency_scale, which A correctly leaves blank on irr and tvpi rows while B stamps '($ in millions)' onto a percentage and a multiple; and evidence_quote, because A cites the full printed partnership line while B cites the bare value, which proves only that those digits occur somewhere on the page. subject_type corrected to 'fund' on every partnership row: both lanes wrote 'investment', but the entity column is headed 'Partnership' and each row is a named vehicle the fund committed capital to, not a holding inside one.",RESOLVED,A+B+ADJUDICATOR,504abfe06fcde5e187ef74247e28f97eecec00313f5079c91e05fbdaea023159
c01d4bdd2b5be02ad09c,SRC058,1,PAIR_910130D47AD8BEA0C481C4AF,CONTEXT_CONFLICT,212,214,source_section|source_table|asset_class|evidence_quote,MERGE,"MERGE, one ruling applied to every paired row because the two lanes differ the same way on all of them and neither is complete. From B: source_section, which A left blank on all three pages although 'Real Estate Portfolio' is printed above the table on pages 1 and 2 and 'REITS' and 'Separate Accounts' above their own tables on page 3; source_table on pages 1 and 2, because A's 'UNTITLED_TABLE_1' is a placeholder the page never prints; and asset_class 'Real Estate', the printed grouping that governs every row. From A: source_column_label and metric_name 'Total Capital Contributed' and 'Total Capital Distributed', because the header wraps 'Total Capital' onto its own line above each of those two columns separately instead of spanning them, and page 3 prints 'Total Capital Distributed' on one line where both lanes agree; currency_scale, which A correctly leaves blank on irr and tvpi rows while B stamps '($ in millions)' onto a percentage and a multiple; and evidence_quote, because A cites the full printed partnership line while B cites the bare value, which proves only that those digits occur somewhere on the page. subject_type corrected to 'fund' on every partnership row: both lanes wrote 'investment', but the entity column is headed 'Partnership' and each row is a named vehicle the fund committed capital to, not a holding inside one.; Source review: p1: Retirement Fund (The portfolio report distinguishes investor positions from its aggregate rows.) | p1: Retirement Fund (Printed heading or definition supporting the source-reviewed qualifier.) | p1: Retirement Fund (Supersedes SR2120: the printed entity or table label is context, not a measurement basis; source labels retain its scope.)",RESOLVED,A+B+ADJUDICATOR,504abfe06fcde5e187ef74247e28f97eecec00313f5079c91e05fbdaea023159
ef882e8542b11951012c,SRC058,1,PAIR_1ABC69049E04E73AF006419B,CONTEXT_CONFLICT,213,215,source_section|source_table|asset_class|currency_scale|evidence_quote,MERGE,"MERGE, one ruling applied to every paired row because the two lanes differ the same way on all of them and neither is complete. From B: source_section, which A left blank on all three pages although 'Real Estate Portfolio' is printed above the table on pages 1 and 2 and 'REITS' and 'Separate Accounts' above their own tables on page 3; source_table on pages 1 and 2, because A's 'UNTITLED_TABLE_1' is a placeholder the page never prints; and asset_class 'Real Estate', the printed grouping that governs every row. From A: source_column_label and metric_name 'Total Capital Contributed' and 'Total Capital Distributed', because the header wraps 'Total Capital' onto its own line above each of those two columns separately instead of spanning them, and page 3 prints 'Total Capital Distributed' on one line where both lanes agree; currency_scale, which A correctly leaves blank on irr and tvpi rows while B stamps '($ in millions)' onto a percentage and a multiple; and evidence_quote, because A cites the full printed partnership line while B cites the bare value, which proves only that those digits occur somewhere on the page. subject_type corrected to 'fund' on every partnership row: both lanes wrote 'investment', but the entity column is headed 'Partnership' and each row is a named vehicle the fund committed capital to, not a holding inside one.; Source review: p1: IRR (All report pages were reviewed; no fee-basis statement qualifies this IRR.)",RESOLVED,A+B+ADJUDICATOR,504abfe06fcde5e187ef74247e28f97eecec00313f5079c91e05fbdaea023159
5589272ac36080f7fdfe,SRC058,1,PAIR_3E3AA45795DA96DAB06E47D2,CONTEXT_CONFLICT,214,212,source_section|source_table|source_column_label|asset_class|metric_name|evidence_quote,MERGE,"MERGE, one ruling applied to every paired row because the two lanes differ the same way on all of them and neither is complete. From B: source_section, which A left blank on all three pages although 'Real Estate Portfolio' is printed above the table on pages 1 and 2 and 'REITS' and 'Separate Accounts' above their own tables on page 3; source_table on pages 1 and 2, because A's 'UNTITLED_TABLE_1' is a placeholder the page never prints; and asset_class 'Real Estate', the printed grouping that governs every row. From A: source_column_label and metric_name 'Total Capital Contributed' and 'Total Capital Distributed', because the header wraps 'Total Capital' onto its own line above each of those two columns separately instead of spanning them, and page 3 prints 'Total Capital Distributed' on one line where both lanes agree; currency_scale, which A correctly leaves blank on irr and tvpi rows while B stamps '($ in millions)' onto a percentage and a multiple; and evidence_quote, because A cites the full printed partnership line while B cites the bare value, which proves only that those digits occur somewhere on the page. subject_type corrected to 'fund' on every partnership row: both lanes wrote 'investment', but the entity column is headed 'Partnership' and each row is a named vehicle the fund committed capital to, not a holding inside one.",RESOLVED,A+B+ADJUDICATOR,504abfe06fcde5e187ef74247e28f97eecec00313f5079c91e05fbdaea023159
abb755a1a8ebe9d13364,SRC058,1,PAIR_5292982FE83E259DF59F4ED9,CONTEXT_CONFLICT,215,213,source_section|source_table|source_column_label|asset_class|metric_name|evidence_quote,MERGE,"MERGE, one ruling applied to every paired row because the two lanes differ the same way on all of them and neither is complete. From B: source_section, which A left blank on all three pages although 'Real Estate Portfolio' is printed above the table on pages 1 and 2 and 'REITS' and 'Separate Accounts' above their own tables on page 3; source_table on pages 1 and 2, because A's 'UNTITLED_TABLE_1' is a placeholder the page never prints; and asset_class 'Real Estate', the printed grouping that governs every row. From A: source_column_label and metric_name 'Total Capital Contributed' and 'Total Capital Distributed', because the header wraps 'Total Capital' onto its own line above each of those two columns separately instead of spanning them, and page 3 prints 'Total Capital Distributed' on one line where both lanes agree; currency_scale, which A correctly leaves blank on irr and tvpi rows while B stamps '($ in millions)' onto a percentage and a multiple; and evidence_quote, because A cites the full printed partnership line while B cites the bare value, which proves only that those digits occur somewhere on the page. subject_type corrected to 'fund' on every partnership row: both lanes wrote 'investment', but the entity column is headed 'Partnership' and each row is a named vehicle the fund committed capital to, not a holding inside one.",RESOLVED,A+B+ADJUDICATOR,504abfe06fcde5e187ef74247e28f97eecec00313f5079c91e05fbdaea023159
d9c65894a6abdf9bb527,SRC058,1,PAIR_F15C5F5C2C5CD68D2CA52600,CONTEXT_CONFLICT,216,216,source_section|source_table|asset_class|currency_scale|evidence_quote,MERGE,"MERGE, one ruling applied to every paired row because the two lanes differ the same way on all of them and neither is complete. From B: source_section, which A left blank on all three pages although 'Real Estate Portfolio' is printed above the table on pages 1 and 2 and 'REITS' and 'Separate Accounts' above their own tables on page 3; source_table on pages 1 and 2, because A's 'UNTITLED_TABLE_1' is a placeholder the page never prints; and asset_class 'Real Estate', the printed grouping that governs every row. From A: source_column_label and metric_name 'Total Capital Contributed' and 'Total Capital Distributed', because the header wraps 'Total Capital' onto its own line above each of those two columns separately instead of spanning them, and page 3 prints 'Total Capital Distributed' on one line where both lanes agree; currency_scale, which A correctly leaves blank on irr and tvpi rows while B stamps '($ in millions)' onto a percentage and a multiple; and evidence_quote, because A cites the full printed partnership line while B cites the bare value, which proves only that those digits occur somewhere on the page. subject_type corrected to 'fund' on every partnership row: both lanes wrote 'investment', but the entity column is headed 'Partnership' and each row is a named vehicle the fund committed capital to, not a holding inside one.",RESOLVED,A+B+ADJUDICATOR,504abfe06fcde5e187ef74247e28f97eecec00313f5079c91e05fbdaea023159
29048b422d81a05de102,SRC058,1,PAIR_96DBC5D1F560E4BEA3E74A8F,CONTEXT_CONFLICT,217,217,source_section|source_table|asset_class|evidence_quote,MERGE,"MERGE, one ruling applied to every paired row because the two lanes differ the same way on all of them and neither is complete. From B: source_section, which A left blank on all three pages although 'Real Estate Portfolio' is printed above the table on pages 1 and 2 and 'REITS' and 'Separate Accounts' above their own tables on page 3; source_table on pages 1 and 2, because A's 'UNTITLED_TABLE_1' is a placeholder the page never prints; and asset_class 'Real Estate', the printed grouping that governs every row. From A: source_column_label and metric_name 'Total Capital Contributed' and 'Total Capital Distributed', because the header wraps 'Total Capital' onto its own line above each of those two columns separately instead of spanning them, and page 3 prints 'Total Capital Distributed' on one line where both lanes agree; currency_scale, which A correctly leaves blank on irr and tvpi rows while B stamps '($ in millions)' onto a percentage and a multiple; and evidence_quote, because A cites the full printed partnership line while B cites the bare value, which proves only that those digits occur somewhere on the page. subject_type corrected to 'fund' on every partnership row: both lanes wrote 'investment', but the entity column is headed 'Partnership' and each row is a named vehicle the fund committed capital to, not a holding inside one.",RESOLVED,A+B+ADJUDICATOR,504abfe06fcde5e187ef74247e28f97eecec00313f5079c91e05fbdaea023159
419bdde36b9c9c73a771,SRC058,1,PAIR_E7BF2509AD952A2FE320D450,CONTEXT_CONFLICT,218,220,source_section|source_table|asset_class|evidence_quote,MERGE,"MERGE, one ruling applied to every paired row because the two lanes differ the same way on all of them and neither is complete. From B: source_section, which A left blank on all three pages although 'Real Estate Portfolio' is printed above the table on pages 1 and 2 and 'REITS' and 'Separate Accounts' above their own tables on page 3; source_table on pages 1 and 2, because A's 'UNTITLED_TABLE_1' is a placeholder the page never prints; and asset_class 'Real Estate', the printed grouping that governs every row. From A: source_column_label and metric_name 'Total Capital Contributed' and 'Total Capital Distributed', because the header wraps 'Total Capital' onto its own line above each of those two columns separately instead of spanning them, and page 3 prints 'Total Capital Distributed' on one line where both lanes agree; currency_scale, which A correctly leaves blank on irr and tvpi rows while B stamps '($ in millions)' onto a percentage and a multiple; and evidence_quote, because A cites the full printed partnership line while B cites the bare value, which proves only that those digits occur somewhere on the page. subject_type corrected to 'fund' on every partnership row: both lanes wrote 'investment', but the entity column is headed 'Partnership' and each row is a named vehicle the fund committed capital to, not a holding inside one.; Source review: p1: Retirement Fund (The portfolio report distinguishes investor positions from its aggregate rows.) | p1: Retirement Fund (Printed heading or definition supporting the source-reviewed qualifier.) | p1: Retirement Fund (Supersedes SR2121: the printed entity or table label is context, not a measurement basis; source labels retain its scope.)",RESOLVED,A+B+ADJUDICATOR,504abfe06fcde5e187ef74247e28f97eecec00313f5079c91e05fbdaea023159
c46e119810d8e724544b,SRC058,1,PAIR_76B533CFD26AAF8E6EBCF645,CONTEXT_CONFLICT,219,221,source_section|source_table|asset_class|currency_scale|evidence_quote,MERGE,"MERGE, one ruling applied to every paired row because the two lanes differ the same way on all of them and neither is complete. From B: source_section, which A left blank on all three pages although 'Real Estate Portfolio' is printed above the table on pages 1 and 2 and 'REITS' and 'Separate Accounts' above their own tables on page 3; source_table on pages 1 and 2, because A's 'UNTITLED_TABLE_1' is a placeholder the page never prints; and asset_class 'Real Estate', the printed grouping that governs every row. From A: source_column_label and metric_name 'Total Capital Contributed' and 'Total Capital Distributed', because the header wraps 'Total Capital' onto its own line above each of those two columns separately instead of spanning them, and page 3 prints 'Total Capital Distributed' on one line where both lanes agree; currency_scale, which A correctly leaves blank on irr and tvpi rows while B stamps '($ in millions)' onto a percentage and a multiple; and evidence_quote, because A cites the full printed partnership line while B cites the bare value, which proves only that those digits occur somewhere on the page. subject_type corrected to 'fund' on every partnership row: both lanes wrote 'investment', but the entity column is headed 'Partnership' and each row is a named vehicle the fund committed capital to, not a holding inside one.; Source review: p1: IRR (All report pages were reviewed; no fee-basis statement qualifies this IRR.)",RESOLVED,A+B+ADJUDICATOR,504abfe06fcde5e187ef74247e28f97eecec00313f5079c91e05fbdaea023159
9b8720a543da895a26fa,SRC058,1,PAIR_3B72EDA430D5C36A2E87E8D7,CONTEXT_CONFLICT,220,218,source_section|source_table|source_column_label|asset_class|metric_name|evidence_quote,MERGE,"MERGE, one ruling applied to every paired row because the two lanes differ the same way on all of them and neither is complete. From B: source_section, which A left blank on all three pages although 'Real Estate Portfolio' is printed above the table on pages 1 and 2 and 'REITS' and 'Separate Accounts' above their own tables on page 3; source_table on pages 1 and 2, because A's 'UNTITLED_TABLE_1' is a placeholder the page never prints; and asset_class 'Real Estate', the printed grouping that governs every row. From A: source_column_label and metric_name 'Total Capital Contributed' and 'Total Capital Distributed', because the header wraps 'Total Capital' onto its own line above each of those two columns separately instead of spanning them, and page 3 prints 'Total Capital Distributed' on one line where both lanes agree; currency_scale, which A correctly leaves blank on irr and tvpi rows while B stamps '($ in millions)' onto a percentage and a multiple; and evidence_quote, because A cites the full printed partnership line while B cites the bare value, which proves only that those digits occur somewhere on the page. subject_type corrected to 'fund' on every partnership row: both lanes wrote 'investment', but the entity column is headed 'Partnership' and each row is a named vehicle the fund committed capital to, not a holding inside one.",RESOLVED,A+B+ADJUDICATOR,504abfe06fcde5e187ef74247e28f97eecec00313f5079c91e05fbdaea023159
0480c4a7baf789dbe931,SRC058,1,PAIR_1F2125DBEE5966EDA30CAA91,CONTEXT_CONFLICT,221,219,source_section|source_table|source_column_label|asset_class|metric_name|evidence_quote,MERGE,"MERGE, one ruling applied to every paired row because the two lanes differ the same way on all of them and neither is complete. From B: source_section, which A left blank on all three pages although 'Real Estate Portfolio' is printed above the table on pages 1 and 2 and 'REITS' and 'Separate Accounts' above their own tables on page 3; source_table on pages 1 and 2, because A's 'UNTITLED_TABLE_1' is a placeholder the page never prints; and asset_class 'Real Estate', the printed grouping that governs every row. From A: source_column_label and metric_name 'Total Capital Contributed' and 'Total Capital Distributed', because the header wraps 'Total Capital' onto its own line above each of those two columns separately instead of spanning them, and page 3 prints 'Total Capital Distributed' on one line where both lanes agree; currency_scale, which A correctly leaves blank on irr and tvpi rows while B stamps '($ in millions)' onto a percentage and a multiple; and evidence_quote, because A cites the full printed partnership line while B cites the bare value, which proves only that those digits occur somewhere on the page. subject_type corrected to 'fund' on every partnership row: both lanes wrote 'investment', but the entity column is headed 'Partnership' and each row is a named vehicle the fund committed capital to, not a holding inside one.",RESOLVED,A+B+ADJUDICATOR,504abfe06fcde5e187ef74247e28f97eecec00313f5079c91e05fbdaea023159
cf04a3076348c9f8a5c5,SRC058,1,PAIR_1AEF43EF35CD1E76C164D715,CONTEXT_CONFLICT,222,222,source_section|source_table|asset_class|currency_scale|evidence_quote,MERGE,"MERGE, one ruling applied to every paired row because the two lanes differ the same way on all of them and neither is complete. From B: source_section, which A left blank on all three pages although 'Real Estate Portfolio' is printed above the table on pages 1 and 2 and 'REITS' and 'Separate Accounts' above their own tables on page 3; source_table on pages 1 and 2, because A's 'UNTITLED_TABLE_1' is a placeholder the page never prints; and asset_class 'Real Estate', the printed grouping that governs every row. From A: source_column_label and metric_name 'Total Capital Contributed' and 'Total Capital Distributed', because the header wraps 'Total Capital' onto its own line above each of those two columns separately instead of spanning them, and page 3 prints 'Total Capital Distributed' on one line where both lanes agree; currency_scale, which A correctly leaves blank on irr and tvpi rows while B stamps '($ in millions)' onto a percentage and a multiple; and evidence_quote, because A cites the full printed partnership line while B cites the bare value, which proves only that those digits occur somewhere on the page. subject_type corrected to 'fund' on every partnership row: both lanes wrote 'investment', but the entity column is headed 'Partnership' and each row is a named vehicle the fund committed capital to, not a holding inside one.",RESOLVED,A+B+ADJUDICATOR,504abfe06fcde5e187ef74247e28f97eecec00313f5079c91e05fbdaea023159
16d54cf155dabf755536,SRC058,1,PAIR_C5514BC0FA65710EDF6B3DEA,CONTEXT_CONFLICT,223,223,source_section|source_table|asset_class|evidence_quote,MERGE,"MERGE, one ruling applied to every paired row because the two lanes differ the same way on all of them and neither is complete. From B: source_section, which A left blank on all three pages although 'Real Estate Portfolio' is printed above the table on pages 1 and 2 and 'REITS' and 'Separate Accounts' above their own tables on page 3; source_table on pages 1 and 2, because A's 'UNTITLED_TABLE_1' is a placeholder the page never prints; and asset_class 'Real Estate', the printed grouping that governs every row. From A: source_column_label and metric_name 'Total Capital Contributed' and 'Total Capital Distributed', because the header wraps 'Total Capital' onto its own line above each of those two columns separately instead of spanning them, and page 3 prints 'Total Capital Distributed' on one line where both lanes agree; currency_scale, which A correctly leaves blank on irr and tvpi rows while B stamps '($ in millions)' onto a percentage and a multiple; and evidence_quote, because A cites the full printed partnership line while B cites the bare value, which proves only that those digits occur somewhere on the page. subject_type corrected to 'fund' on every partnership row: both lanes wrote 'investment', but the entity column is headed 'Partnership' and each row is a named vehicle the fund committed capital to, not a holding inside one.",RESOLVED,A+B+ADJUDICATOR,504abfe06fcde5e187ef74247e28f97eecec00313f5079c91e05fbdaea023159
020dc2561eaffc86637f,SRC058,1,PAIR_B6CC8015142136F80B8817B3,CONTEXT_CONFLICT,224,226,source_section|source_table|asset_class|evidence_quote,MERGE,"MERGE, one ruling applied to every paired row because the two lanes differ the same way on all of them and neither is complete. From B: source_section, which A left blank on all three pages although 'Real Estate Portfolio' is printed above the table on pages 1 and 2 and 'REITS' and 'Separate Accounts' above their own tables on page 3; source_table on pages 1 and 2, because A's 'UNTITLED_TABLE_1' is a placeholder the page never prints; and asset_class 'Real Estate', the printed grouping that governs every row. From A: source_column_label and metric_name 'Total Capital Contributed' and 'Total Capital Distributed', because the header wraps 'Total Capital' onto its own line above each of those two columns separately instead of spanning them, and page 3 prints 'Total Capital Distributed' on one line where both lanes agree; currency_scale, which A correctly leaves blank on irr and tvpi rows while B stamps '($ in millions)' onto a percentage and a multiple; and evidence_quote, because A cites the full printed partnership line while B cites the bare value, which proves only that those digits occur somewhere on the page. subject_type corrected to 'fund' on every partnership row: both lanes wrote 'investment', but the entity column is headed 'Partnership' and each row is a named vehicle the fund committed capital to, not a holding inside one.; Source review: p1: Retirement Fund (The portfolio report distinguishes investor positions from its aggregate rows.) | p1: Retirement Fund (Printed heading or definition supporting the source-reviewed qualifier.) | p1: Retirement Fund (Supersedes SR2122: the printed entity or table label is context, not a measurement basis; source labels retain its scope.)",RESOLVED,A+B+ADJUDICATOR,504abfe06fcde5e187ef74247e28f97eecec00313f5079c91e05fbdaea023159
255d95a346d6fca3c194,SRC058,1,PAIR_2182399ABB7520C3150DC40D,CONTEXT_CONFLICT,225,227,source_section|source_table|asset_class|currency_scale|evidence_quote,MERGE,"MERGE, one ruling applied to every paired row because the two lanes differ the same way on all of them and neither is complete. From B: source_section, which A left blank on all three pages although 'Real Estate Portfolio' is printed above the table on pages 1 and 2 and 'REITS' and 'Separate Accounts' above their own tables on page 3; source_table on pages 1 and 2, because A's 'UNTITLED_TABLE_1' is a placeholder the page never prints; and asset_class 'Real Estate', the printed grouping that governs every row. From A: source_column_label and metric_name 'Total Capital Contributed' and 'Total Capital Distributed', because the header wraps 'Total Capital' onto its own line above each of those two columns separately instead of spanning them, and page 3 prints 'Total Capital Distributed' on one line where both lanes agree; currency_scale, which A correctly leaves blank on irr and tvpi rows while B stamps '($ in millions)' onto a percentage and a multiple; and evidence_quote, because A cites the full printed partnership line while B cites the bare value, which proves only that those digits occur somewhere on the page. subject_type corrected to 'fund' on every partnership row: both lanes wrote 'investment', but the entity column is headed 'Partnership' and each row is a named vehicle the fund committed capital to, not a holding inside one.; Source review: p1: IRR (All report pages were reviewed; no fee-basis statement qualifies this IRR.)",RESOLVED,A+B+ADJUDICATOR,504abfe06fcde5e187ef74247e28f97eecec00313f5079c91e05fbdaea023159
b0a9e0127de7b10bcf28,SRC058,1,PAIR_EC0D07265F80BD598B258793,CONTEXT_CONFLICT,226,224,source_section|source_table|source_column_label|asset_class|metric_name|evidence_quote,MERGE,"MERGE, one ruling applied to every paired row because the two lanes differ the same way on all of them and neither is complete. From B: source_section, which A left blank on all three pages although 'Real Estate Portfolio' is printed above the table on pages 1 and 2 and 'REITS' and 'Separate Accounts' above their own tables on page 3; source_table on pages 1 and 2, because A's 'UNTITLED_TABLE_1' is a placeholder the page never prints; and asset_class 'Real Estate', the printed grouping that governs every row. From A: source_column_label and metric_name 'Total Capital Contributed' and 'Total Capital Distributed', because the header wraps 'Total Capital' onto its own line above each of those two columns separately instead of spanning them, and page 3 prints 'Total Capital Distributed' on one line where both lanes agree; currency_scale, which A correctly leaves blank on irr and tvpi rows while B stamps '($ in millions)' onto a percentage and a multiple; and evidence_quote, because A cites the full printed partnership line while B cites the bare value, which proves only that those digits occur somewhere on the page. subject_type corrected to 'fund' on every partnership row: both lanes wrote 'investment', but the entity column is headed 'Partnership' and each row is a named vehicle the fund committed capital to, not a holding inside one.",RESOLVED,A+B+ADJUDICATOR,504abfe06fcde5e187ef74247e28f97eecec00313f5079c91e05fbdaea023159
941d9f5aed1aaaf652bc,SRC058,1,PAIR_117DC1FB0379FBED293387CD,CONTEXT_CONFLICT,227,225,source_section|source_table|source_column_label|asset_class|metric_name|evidence_quote,MERGE,"MERGE, one ruling applied to every paired row because the two lanes differ the same way on all of them and neither is complete. From B: source_section, which A left blank on all three pages although 'Real Estate Portfolio' is printed above the table on pages 1 and 2 and 'REITS' and 'Separate Accounts' above their own tables on page 3; source_table on pages 1 and 2, because A's 'UNTITLED_TABLE_1' is a placeholder the page never prints; and asset_class 'Real Estate', the printed grouping that governs every row. From A: source_column_label and metric_name 'Total Capital Contributed' and 'Total Capital Distributed', because the header wraps 'Total Capital' onto its own line above each of those two columns separately instead of spanning them, and page 3 prints 'Total Capital Distributed' on one line where both lanes agree; currency_scale, which A correctly leaves blank on irr and tvpi rows while B stamps '($ in millions)' onto a percentage and a multiple; and evidence_quote, because A cites the full printed partnership line while B cites the bare value, which proves only that those digits occur somewhere on the page. subject_type corrected to 'fund' on every partnership row: both lanes wrote 'investment', but the entity column is headed 'Partnership' and each row is a named vehicle the fund committed capital to, not a holding inside one.",RESOLVED,A+B+ADJUDICATOR,504abfe06fcde5e187ef74247e28f97eecec00313f5079c91e05fbdaea023159
0dbfb4ff63955baf33b1,SRC058,1,PAIR_D2605E18C31195790F84E30E,CONTEXT_CONFLICT,228,228,source_section|source_table|asset_class|currency_scale|evidence_quote,MERGE,"MERGE, one ruling applied to every paired row because the two lanes differ the same way on all of them and neither is complete. From B: source_section, which A left blank on all three pages although 'Real Estate Portfolio' is printed above the table on pages 1 and 2 and 'REITS' and 'Separate Accounts' above their own tables on page 3; source_table on pages 1 and 2, because A's 'UNTITLED_TABLE_1' is a placeholder the page never prints; and asset_class 'Real Estate', the printed grouping that governs every row. From A: source_column_label and metric_name 'Total Capital Contributed' and 'Total Capital Distributed', because the header wraps 'Total Capital' onto its own line above each of those two columns separately instead of spanning them, and page 3 prints 'Total Capital Distributed' on one line where both lanes agree; currency_scale, which A correctly leaves blank on irr and tvpi rows while B stamps '($ in millions)' onto a percentage and a multiple; and evidence_quote, because A cites the full printed partnership line while B cites the bare value, which proves only that those digits occur somewhere on the page. subject_type corrected to 'fund' on every partnership row: both lanes wrote 'investment', but the entity column is headed 'Partnership' and each row is a named vehicle the fund committed capital to, not a holding inside one.",RESOLVED,A+B+ADJUDICATOR,504abfe06fcde5e187ef74247e28f97eecec00313f5079c91e05fbdaea023159
dea1b7d95225725aa249,SRC058,1,PAIR_C64C3E27E412AE394232B7BE,CONTEXT_CONFLICT,229,229,source_section|source_table|asset_class|evidence_quote,MERGE,"MERGE, one ruling applied to every paired row because the two lanes differ the same way on all of them and neither is complete. From B: source_section, which A left blank on all three pages although 'Real Estate Portfolio' is printed above the table on pages 1 and 2 and 'REITS' and 'Separate Accounts' above their own tables on page 3; source_table on pages 1 and 2, because A's 'UNTITLED_TABLE_1' is a placeholder the page never prints; and asset_class 'Real Estate', the printed grouping that governs every row. From A: source_column_label and metric_name 'Total Capital Contributed' and 'Total Capital Distributed', because the header wraps 'Total Capital' onto its own line above each of those two columns separately instead of spanning them, and page 3 prints 'Total Capital Distributed' on one line where both lanes agree; currency_scale, which A correctly leaves blank on irr and tvpi rows while B stamps '($ in millions)' onto a percentage and a multiple; and evidence_quote, because A cites the full printed partnership line while B cites the bare value, which proves only that those digits occur somewhere on the page. subject_type corrected to 'fund' on every partnership row: both lanes wrote 'investment', but the entity column is headed 'Partnership' and each row is a named vehicle the fund committed capital to, not a holding inside one.",RESOLVED,A+B+ADJUDICATOR,504abfe06fcde5e187ef74247e28f97eecec00313f5079c91e05fbdaea023159
d4b7f303316f27f0b5d5,SRC058,1,PAIR_9F5C84F49268CF273441E5BE,CONTEXT_CONFLICT,230,232,source_section|source_table|asset_class|evidence_quote,MERGE,"MERGE, one ruling applied to every paired row because the two lanes differ the same way on all of them and neither is complete. From B: source_section, which A left blank on all three pages although 'Real Estate Portfolio' is printed above the table on pages 1 and 2 and 'REITS' and 'Separate Accounts' above their own tables on page 3; source_table on pages 1 and 2, because A's 'UNTITLED_TABLE_1' is a placeholder the page never prints; and asset_class 'Real Estate', the printed grouping that governs every row. From A: source_column_label and metric_name 'Total Capital Contributed' and 'Total Capital Distributed', because the header wraps 'Total Capital' onto its own line above each of those two columns separately instead of spanning them, and page 3 prints 'Total Capital Distributed' on one line where both lanes agree; currency_scale, which A correctly leaves blank on irr and tvpi rows while B stamps '($ in millions)' onto a percentage and a multiple; and evidence_quote, because A cites the full printed partnership line while B cites the bare value, which proves only that those digits occur somewhere on the page. subject_type corrected to 'fund' on every partnership row: both lanes wrote 'investment', but the entity column is headed 'Partnership' and each row is a named vehicle the fund committed capital to, not a holding inside one.; Source review: p1: Retirement Fund (The portfolio report distinguishes investor positions from its aggregate rows.) | p1: Retirement Fund (Printed heading or definition supporting the source-reviewed qualifier.) | p1: Retirement Fund (Supersedes SR2123: the printed entity or table label is context, not a measurement basis; source labels retain its scope.)",RESOLVED,A+B+ADJUDICATOR,504abfe06fcde5e187ef74247e28f97eecec00313f5079c91e05fbdaea023159
9b5b0bd4fd4caecd5d3a,SRC058,1,PAIR_873AB610EA6D32C2609A140C,CONTEXT_CONFLICT,231,233,source_section|source_table|asset_class|currency_scale|evidence_quote,MERGE,"MERGE, one ruling applied to every paired row because the two lanes differ the same way on all of them and neither is complete. From B: source_section, which A left blank on all three pages although 'Real Estate Portfolio' is printed above the table on pages 1 and 2 and 'REITS' and 'Separate Accounts' above their own tables on page 3; source_table on pages 1 and 2, because A's 'UNTITLED_TABLE_1' is a placeholder the page never prints; and asset_class 'Real Estate', the printed grouping that governs every row. From A: source_column_label and metric_name 'Total Capital Contributed' and 'Total Capital Distributed', because the header wraps 'Total Capital' onto its own line above each of those two columns separately instead of spanning them, and page 3 prints 'Total Capital Distributed' on one line where both lanes agree; currency_scale, which A correctly leaves blank on irr and tvpi rows while B stamps '($ in millions)' onto a percentage and a multiple; and evidence_quote, because A cites the full printed partnership line while B cites the bare value, which proves only that those digits occur somewhere on the page. subject_type corrected to 'fund' on every partnership row: both lanes wrote 'investment', but the entity column is headed 'Partnership' and each row is a named vehicle the fund committed capital to, not a holding inside one.; Source review: p1: IRR (All report pages were reviewed; no fee-basis statement qualifies this IRR.)",RESOLVED,A+B+ADJUDICATOR,504abfe06fcde5e187ef74247e28f97eecec00313f5079c91e05fbdaea023159
df66a528dec56896f5b2,SRC058,1,PAIR_99E65AD83DE11C6BA49145A4,CONTEXT_CONFLICT,232,230,source_section|source_table|source_column_label|asset_class|metric_name|evidence_quote,MERGE,"MERGE, one ruling applied to every paired row because the two lanes differ the same way on all of them and neither is complete. From B: source_section, which A left blank on all three pages although 'Real Estate Portfolio' is printed above the table on pages 1 and 2 and 'REITS' and 'Separate Accounts' above their own tables on page 3; source_table on pages 1 and 2, because A's 'UNTITLED_TABLE_1' is a placeholder the page never prints; and asset_class 'Real Estate', the printed grouping that governs every row. From A: source_column_label and metric_name 'Total Capital Contributed' and 'Total Capital Distributed', because the header wraps 'Total Capital' onto its own line above each of those two columns separately instead of spanning them, and page 3 prints 'Total Capital Distributed' on one line where both lanes agree; currency_scale, which A correctly leaves blank on irr and tvpi rows while B stamps '($ in millions)' onto a percentage and a multiple; and evidence_quote, because A cites the full printed partnership line while B cites the bare value, which proves only that those digits occur somewhere on the page. subject_type corrected to 'fund' on every partnership row: both lanes wrote 'investment', but the entity column is headed 'Partnership' and each row is a named vehicle the fund committed capital to, not a holding inside one.",RESOLVED,A+B+ADJUDICATOR,504abfe06fcde5e187ef74247e28f97eecec00313f5079c91e05fbdaea023159
70038313b537ca709521,SRC058,1,PAIR_41A2EEEE146DFDE9CAE9CE97,CONTEXT_CONFLICT,233,231,source_section|source_table|source_column_label|asset_class|metric_name|evidence_quote,MERGE,"MERGE, one ruling applied to every paired row because the two lanes differ the same way on all of them and neither is complete. From B: source_section, which A left blank on all three pages although 'Real Estate Portfolio' is printed above the table on pages 1 and 2 and 'REITS' and 'Separate Accounts' above their own tables on page 3; source_table on pages 1 and 2, because A's 'UNTITLED_TABLE_1' is a placeholder the page never prints; and asset_class 'Real Estate', the printed grouping that governs every row. From A: source_column_label and metric_name 'Total Capital Contributed' and 'Total Capital Distributed', because the header wraps 'Total Capital' onto its own line above each of those two columns separately instead of spanning them, and page 3 prints 'Total Capital Distributed' on one line where both lanes agree; currency_scale, which A correctly leaves blank on irr and tvpi rows while B stamps '($ in millions)' onto a percentage and a multiple; and evidence_quote, because A cites the full printed partnership line while B cites the bare value, which proves only that those digits occur somewhere on the page. subject_type corrected to 'fund' on every partnership row: both lanes wrote 'investment', but the entity column is headed 'Partnership' and each row is a named vehicle the fund committed capital to, not a holding inside one.",RESOLVED,A+B+ADJUDICATOR,504abfe06fcde5e187ef74247e28f97eecec00313f5079c91e05fbdaea023159
8bae5e8d1b5bb0ee7fba,SRC058,1,PAIR_215BEFE06E103EC7892A0456,CONTEXT_CONFLICT,234,234,source_section|source_table|asset_class|currency_scale|evidence_quote,MERGE,"MERGE, one ruling applied to every paired row because the two lanes differ the same way on all of them and neither is complete. From B: source_section, which A left blank on all three pages although 'Real Estate Portfolio' is printed above the table on pages 1 and 2 and 'REITS' and 'Separate Accounts' above their own tables on page 3; source_table on pages 1 and 2, because A's 'UNTITLED_TABLE_1' is a placeholder the page never prints; and asset_class 'Real Estate', the printed grouping that governs every row. From A: source_column_label and metric_name 'Total Capital Contributed' and 'Total Capital Distributed', because the header wraps 'Total Capital' onto its own line above each of those two columns separately instead of spanning them, and page 3 prints 'Total Capital Distributed' on one line where both lanes agree; currency_scale, which A correctly leaves blank on irr and tvpi rows while B stamps '($ in millions)' onto a percentage and a multiple; and evidence_quote, because A cites the full printed partnership line while B cites the bare value, which proves only that those digits occur somewhere on the page. subject_type corrected to 'fund' on every partnership row: both lanes wrote 'investment', but the entity column is headed 'Partnership' and each row is a named vehicle the fund committed capital to, not a holding inside one.",RESOLVED,A+B+ADJUDICATOR,504abfe06fcde5e187ef74247e28f97eecec00313f5079c91e05fbdaea023159
4b446b3481cf271d2b46,SRC058,1,PAIR_1AA4CCC83C1931A4202302EB,CONTEXT_CONFLICT,235,235,source_section|source_table|asset_class|evidence_quote,MERGE,"MERGE, one ruling applied to every paired row because the two lanes differ the same way on all of them and neither is complete. From B: source_section, which A left blank on all three pages although 'Real Estate Portfolio' is printed above the table on pages 1 and 2 and 'REITS' and 'Separate Accounts' above their own tables on page 3; source_table on pages 1 and 2, because A's 'UNTITLED_TABLE_1' is a placeholder the page never prints; and asset_class 'Real Estate', the printed grouping that governs every row. From A: source_column_label and metric_name 'Total Capital Contributed' and 'Total Capital Distributed', because the header wraps 'Total Capital' onto its own line above each of those two columns separately instead of spanning them, and page 3 prints 'Total Capital Distributed' on one line where both lanes agree; currency_scale, which A correctly leaves blank on irr and tvpi rows while B stamps '($ in millions)' onto a percentage and a multiple; and evidence_quote, because A cites the full printed partnership line while B cites the bare value, which proves only that those digits occur somewhere on the page. subject_type corrected to 'fund' on every partnership row: both lanes wrote 'investment', but the entity column is headed 'Partnership' and each row is a named vehicle the fund committed capital to, not a holding inside one.",RESOLVED,A+B+ADJUDICATOR,504abfe06fcde5e187ef74247e28f97eecec00313f5079c91e05fbdaea023159
70be523bf5af69762e45,SRC058,1,PAIR_523272B8F1C1D1B65537988B,CONTEXT_CONFLICT,236,238,source_section|source_table|asset_class|evidence_quote,MERGE,"MERGE, one ruling applied to every paired row because the two lanes differ the same way on all of them and neither is complete. From B: source_section, which A left blank on all three pages although 'Real Estate Portfolio' is printed above the table on pages 1 and 2 and 'REITS' and 'Separate Accounts' above their own tables on page 3; source_table on pages 1 and 2, because A's 'UNTITLED_TABLE_1' is a placeholder the page never prints; and asset_class 'Real Estate', the printed grouping that governs every row. From A: source_column_label and metric_name 'Total Capital Contributed' and 'Total Capital Distributed', because the header wraps 'Total Capital' onto its own line above each of those two columns separately instead of spanning them, and page 3 prints 'Total Capital Distributed' on one line where both lanes agree; currency_scale, which A correctly leaves blank on irr and tvpi rows while B stamps '($ in millions)' onto a percentage and a multiple; and evidence_quote, because A cites the full printed partnership line while B cites the bare value, which proves only that those digits occur somewhere on the page. subject_type corrected to 'fund' on every partnership row: both lanes wrote 'investment', but the entity column is headed 'Partnership' and each row is a named vehicle the fund committed capital to, not a holding inside one.; Source review: p1: Retirement Fund (The portfolio report distinguishes investor positions from its aggregate rows.) | p1: Retirement Fund (Printed heading or definition supporting the source-reviewed qualifier.) | p1: Retirement Fund (Supersedes SR2124: the printed entity or table label is context, not a measurement basis; source labels retain its scope.)",RESOLVED,A+B+ADJUDICATOR,504abfe06fcde5e187ef74247e28f97eecec00313f5079c91e05fbdaea023159
7a574b3643e2cb2cb2a9,SRC058,1,PAIR_211F58EC396A5549C28FBF55,CONTEXT_CONFLICT,237,239,source_section|source_table|asset_class|currency_scale|evidence_quote,MERGE,"MERGE, one ruling applied to every paired row because the two lanes differ the same way on all of them and neither is complete. From B: source_section, which A left blank on all three pages although 'Real Estate Portfolio' is printed above the table on pages 1 and 2 and 'REITS' and 'Separate Accounts' above their own tables on page 3; source_table on pages 1 and 2, because A's 'UNTITLED_TABLE_1' is a placeholder the page never prints; and asset_class 'Real Estate', the printed grouping that governs every row. From A: source_column_label and metric_name 'Total Capital Contributed' and 'Total Capital Distributed', because the header wraps 'Total Capital' onto its own line above each of those two columns separately instead of spanning them, and page 3 prints 'Total Capital Distributed' on one line where both lanes agree; currency_scale, which A correctly leaves blank on irr and tvpi rows while B stamps '($ in millions)' onto a percentage and a multiple; and evidence_quote, because A cites the full printed partnership line while B cites the bare value, which proves only that those digits occur somewhere on the page. subject_type corrected to 'fund' on every partnership row: both lanes wrote 'investment', but the entity column is headed 'Partnership' and each row is a named vehicle the fund committed capital to, not a holding inside one.; Source review: p1: IRR (All report pages were reviewed; no fee-basis statement qualifies this IRR.)",RESOLVED,A+B+ADJUDICATOR,504abfe06fcde5e187ef74247e28f97eecec00313f5079c91e05fbdaea023159
d111d75ee3b24754158f,SRC058,1,PAIR_F9BB57C8BAA08B66C8AC654A,CONTEXT_CONFLICT,238,236,source_section|source_table|source_column_label|asset_class|metric_name|evidence_quote,MERGE,"MERGE, one ruling applied to every paired row because the two lanes differ the same way on all of them and neither is complete. From B: source_section, which A left blank on all three pages although 'Real Estate Portfolio' is printed above the table on pages 1 and 2 and 'REITS' and 'Separate Accounts' above their own tables on page 3; source_table on pages 1 and 2, because A's 'UNTITLED_TABLE_1' is a placeholder the page never prints; and asset_class 'Real Estate', the printed grouping that governs every row. From A: source_column_label and metric_name 'Total Capital Contributed' and 'Total Capital Distributed', because the header wraps 'Total Capital' onto its own line above each of those two columns separately instead of spanning them, and page 3 prints 'Total Capital Distributed' on one line where both lanes agree; currency_scale, which A correctly leaves blank on irr and tvpi rows while B stamps '($ in millions)' onto a percentage and a multiple; and evidence_quote, because A cites the full printed partnership line while B cites the bare value, which proves only that those digits occur somewhere on the page. subject_type corrected to 'fund' on every partnership row: both lanes wrote 'investment', but the entity column is headed 'Partnership' and each row is a named vehicle the fund committed capital to, not a holding inside one.",RESOLVED,A+B+ADJUDICATOR,504abfe06fcde5e187ef74247e28f97eecec00313f5079c91e05fbdaea023159
20c8f475cdf7a4141d1a,SRC058,1,PAIR_72A8441F4787F8150E7BEE3A,CONTEXT_CONFLICT,239,237,source_section|source_table|source_column_label|asset_class|metric_name|evidence_quote,MERGE,"MERGE, one ruling applied to every paired row because the two lanes differ the same way on all of them and neither is complete. From B: source_section, which A left blank on all three pages although 'Real Estate Portfolio' is printed above the table on pages 1 and 2 and 'REITS' and 'Separate Accounts' above their own tables on page 3; source_table on pages 1 and 2, because A's 'UNTITLED_TABLE_1' is a placeholder the page never prints; and asset_class 'Real Estate', the printed grouping that governs every row. From A: source_column_label and metric_name 'Total Capital Contributed' and 'Total Capital Distributed', because the header wraps 'Total Capital' onto its own line above each of those two columns separately instead of spanning them, and page 3 prints 'Total Capital Distributed' on one line where both lanes agree; currency_scale, which A correctly leaves blank on irr and tvpi rows while B stamps '($ in millions)' onto a percentage and a multiple; and evidence_quote, because A cites the full printed partnership line while B cites the bare value, which proves only that those digits occur somewhere on the page. subject_type corrected to 'fund' on every partnership row: both lanes wrote 'investment', but the entity column is headed 'Partnership' and each row is a named vehicle the fund committed capital to, not a holding inside one.",RESOLVED,A+B+ADJUDICATOR,504abfe06fcde5e187ef74247e28f97eecec00313f5079c91e05fbdaea023159
235018faf349a5e9cee1,SRC058,1,PAIR_6F3293432E70A5B7258B0762,CONTEXT_CONFLICT,240,240,source_section|source_table|asset_class|currency_scale|evidence_quote,MERGE,"MERGE, one ruling applied to every paired row because the two lanes differ the same way on all of them and neither is complete. From B: source_section, which A left blank on all three pages although 'Real Estate Portfolio' is printed above the table on pages 1 and 2 and 'REITS' and 'Separate Accounts' above their own tables on page 3; source_table on pages 1 and 2, because A's 'UNTITLED_TABLE_1' is a placeholder the page never prints; and asset_class 'Real Estate', the printed grouping that governs every row. From A: source_column_label and metric_name 'Total Capital Contributed' and 'Total Capital Distributed', because the header wraps 'Total Capital' onto its own line above each of those two columns separately instead of spanning them, and page 3 prints 'Total Capital Distributed' on one line where both lanes agree; currency_scale, which A correctly leaves blank on irr and tvpi rows while B stamps '($ in millions)' onto a percentage and a multiple; and evidence_quote, because A cites the full printed partnership line while B cites the bare value, which proves only that those digits occur somewhere on the page. subject_type corrected to 'fund' on every partnership row: both lanes wrote 'investment', but the entity column is headed 'Partnership' and each row is a named vehicle the fund committed capital to, not a holding inside one.",RESOLVED,A+B+ADJUDICATOR,504abfe06fcde5e187ef74247e28f97eecec00313f5079c91e05fbdaea023159
5cf7897f3356df31cf59,SRC058,1,PAIR_43F06EDE38641F7F6BFE3962,CONTEXT_CONFLICT,241,241,source_section|source_table|asset_class|evidence_quote,MERGE,"MERGE, one ruling applied to every paired row because the two lanes differ the same way on all of them and neither is complete. From B: source_section, which A left blank on all three pages although 'Real Estate Portfolio' is printed above the table on pages 1 and 2 and 'REITS' and 'Separate Accounts' above their own tables on page 3; source_table on pages 1 and 2, because A's 'UNTITLED_TABLE_1' is a placeholder the page never prints; and asset_class 'Real Estate', the printed grouping that governs every row. From A: source_column_label and metric_name 'Total Capital Contributed' and 'Total Capital Distributed', because the header wraps 'Total Capital' onto its own line above each of those two columns separately instead of spanning them, and page 3 prints 'Total Capital Distributed' on one line where both lanes agree; currency_scale, which A correctly leaves blank on irr and tvpi rows while B stamps '($ in millions)' onto a percentage and a multiple; and evidence_quote, because A cites the full printed partnership line while B cites the bare value, which proves only that those digits occur somewhere on the page. subject_type corrected to 'fund' on every partnership row: both lanes wrote 'investment', but the entity column is headed 'Partnership' and each row is a named vehicle the fund committed capital to, not a holding inside one.",RESOLVED,A+B+ADJUDICATOR,504abfe06fcde5e187ef74247e28f97eecec00313f5079c91e05fbdaea023159
11c772c24b8167c42fbb,SRC058,1,PAIR_D55545B1B04D1B32C4C7D4C9,CONTEXT_CONFLICT,242,244,source_section|source_table|asset_class|evidence_quote,MERGE,"MERGE, one ruling applied to every paired row because the two lanes differ the same way on all of them and neither is complete. From B: source_section, which A left blank on all three pages although 'Real Estate Portfolio' is printed above the table on pages 1 and 2 and 'REITS' and 'Separate Accounts' above their own tables on page 3; source_table on pages 1 and 2, because A's 'UNTITLED_TABLE_1' is a placeholder the page never prints; and asset_class 'Real Estate', the printed grouping that governs every row. From A: source_column_label and metric_name 'Total Capital Contributed' and 'Total Capital Distributed', because the header wraps 'Total Capital' onto its own line above each of those two columns separately instead of spanning them, and page 3 prints 'Total Capital Distributed' on one line where both lanes agree; currency_scale, which A correctly leaves blank on irr and tvpi rows while B stamps '($ in millions)' onto a percentage and a multiple; and evidence_quote, because A cites the full printed partnership line while B cites the bare value, which proves only that those digits occur somewhere on the page. subject_type corrected to 'fund' on every partnership row: both lanes wrote 'investment', but the entity column is headed 'Partnership' and each row is a named vehicle the fund committed capital to, not a holding inside one.; Source review: p1: Retirement Fund (The portfolio report distinguishes investor positions from its aggregate rows.) | p1: Retirement Fund (Printed heading or definition supporting the source-reviewed qualifier.) | p1: Retirement Fund (Supersedes SR2125: the printed entity or table label is context, not a measurement basis; source labels retain its scope.)",RESOLVED,A+B+ADJUDICATOR,504abfe06fcde5e187ef74247e28f97eecec00313f5079c91e05fbdaea023159
5f9fe2fa3f3af2f39568,SRC058,1,PAIR_B20CA9A88ADEB9044E226679,CONTEXT_CONFLICT,243,245,source_section|source_table|asset_class|currency_scale|evidence_quote,MERGE,"MERGE, one ruling applied to every paired row because the two lanes differ the same way on all of them and neither is complete. From B: source_section, which A left blank on all three pages although 'Real Estate Portfolio' is printed above the table on pages 1 and 2 and 'REITS' and 'Separate Accounts' above their own tables on page 3; source_table on pages 1 and 2, because A's 'UNTITLED_TABLE_1' is a placeholder the page never prints; and asset_class 'Real Estate', the printed grouping that governs every row. From A: source_column_label and metric_name 'Total Capital Contributed' and 'Total Capital Distributed', because the header wraps 'Total Capital' onto its own line above each of those two columns separately instead of spanning them, and page 3 prints 'Total Capital Distributed' on one line where both lanes agree; currency_scale, which A correctly leaves blank on irr and tvpi rows while B stamps '($ in millions)' onto a percentage and a multiple; and evidence_quote, because A cites the full printed partnership line while B cites the bare value, which proves only that those digits occur somewhere on the page. subject_type corrected to 'fund' on every partnership row: both lanes wrote 'investment', but the entity column is headed 'Partnership' and each row is a named vehicle the fund committed capital to, not a holding inside one.; Source review: p1: IRR (All report pages were reviewed; no fee-basis statement qualifies this IRR.)",RESOLVED,A+B+ADJUDICATOR,504abfe06fcde5e187ef74247e28f97eecec00313f5079c91e05fbdaea023159
fba499c60dbefc80c2df,SRC058,1,PAIR_145193E48C5218EA41793D38,CONTEXT_CONFLICT,244,242,source_section|source_table|source_column_label|asset_class|metric_name|evidence_quote,MERGE,"MERGE, one ruling applied to every paired row because the two lanes differ the same way on all of them and neither is complete. From B: source_section, which A left blank on all three pages although 'Real Estate Portfolio' is printed above the table on pages 1 and 2 and 'REITS' and 'Separate Accounts' above their own tables on page 3; source_table on pages 1 and 2, because A's 'UNTITLED_TABLE_1' is a placeholder the page never prints; and asset_class 'Real Estate', the printed grouping that governs every row. From A: source_column_label and metric_name 'Total Capital Contributed' and 'Total Capital Distributed', because the header wraps 'Total Capital' onto its own line above each of those two columns separately instead of spanning them, and page 3 prints 'Total Capital Distributed' on one line where both lanes agree; currency_scale, which A correctly leaves blank on irr and tvpi rows while B stamps '($ in millions)' onto a percentage and a multiple; and evidence_quote, because A cites the full printed partnership line while B cites the bare value, which proves only that those digits occur somewhere on the page. subject_type corrected to 'fund' on every partnership row: both lanes wrote 'investment', but the entity column is headed 'Partnership' and each row is a named vehicle the fund committed capital to, not a holding inside one.",RESOLVED,A+B+ADJUDICATOR,504abfe06fcde5e187ef74247e28f97eecec00313f5079c91e05fbdaea023159
d06188a1d5bdf7ea49b2,SRC058,1,PAIR_371846D0A269675C2BF5D73D,CONTEXT_CONFLICT,245,243,source_section|source_table|source_column_label|asset_class|metric_name|evidence_quote,MERGE,"MERGE, one ruling applied to every paired row because the two lanes differ the same way on all of them and neither is complete. From B: source_section, which A left blank on all three pages although 'Real Estate Portfolio' is printed above the table on pages 1 and 2 and 'REITS' and 'Separate Accounts' above their own tables on page 3; source_table on pages 1 and 2, because A's 'UNTITLED_TABLE_1' is a placeholder the page never prints; and asset_class 'Real Estate', the printed grouping that governs every row. From A: source_column_label and metric_name 'Total Capital Contributed' and 'Total Capital Distributed', because the header wraps 'Total Capital' onto its own line above each of those two columns separately instead of spanning them, and page 3 prints 'Total Capital Distributed' on one line where both lanes agree; currency_scale, which A correctly leaves blank on irr and tvpi rows while B stamps '($ in millions)' onto a percentage and a multiple; and evidence_quote, because A cites the full printed partnership line while B cites the bare value, which proves only that those digits occur somewhere on the page. subject_type corrected to 'fund' on every partnership row: both lanes wrote 'investment', but the entity column is headed 'Partnership' and each row is a named vehicle the fund committed capital to, not a holding inside one.",RESOLVED,A+B+ADJUDICATOR,504abfe06fcde5e187ef74247e28f97eecec00313f5079c91e05fbdaea023159
60a576ace32fea8402c2,SRC058,1,PAIR_5591F43016187BB51849A143,CONTEXT_CONFLICT,246,246,source_section|source_table|asset_class|currency_scale|evidence_quote,MERGE,"MERGE, one ruling applied to every paired row because the two lanes differ the same way on all of them and neither is complete. From B: source_section, which A left blank on all three pages although 'Real Estate Portfolio' is printed above the table on pages 1 and 2 and 'REITS' and 'Separate Accounts' above their own tables on page 3; source_table on pages 1 and 2, because A's 'UNTITLED_TABLE_1' is a placeholder the page never prints; and asset_class 'Real Estate', the printed grouping that governs every row. From A: source_column_label and metric_name 'Total Capital Contributed' and 'Total Capital Distributed', because the header wraps 'Total Capital' onto its own line above each of those two columns separately instead of spanning them, and page 3 prints 'Total Capital Distributed' on one line where both lanes agree; currency_scale, which A correctly leaves blank on irr and tvpi rows while B stamps '($ in millions)' onto a percentage and a multiple; and evidence_quote, because A cites the full printed partnership line while B cites the bare value, which proves only that those digits occur somewhere on the page. subject_type corrected to 'fund' on every partnership row: both lanes wrote 'investment', but the entity column is headed 'Partnership' and each row is a named vehicle the fund committed capital to, not a holding inside one.",RESOLVED,A+B+ADJUDICATOR,504abfe06fcde5e187ef74247e28f97eecec00313f5079c91e05fbdaea023159
82939b78d50526b969bd,SRC058,1,PAIR_86F0E9B2E77306F94D8456C9,CONTEXT_CONFLICT,247,247,source_section|source_table|asset_class|evidence_quote,MERGE,"MERGE, one ruling applied to every paired row because the two lanes differ the same way on all of them and neither is complete. From B: source_section, which A left blank on all three pages although 'Real Estate Portfolio' is printed above the table on pages 1 and 2 and 'REITS' and 'Separate Accounts' above their own tables on page 3; source_table on pages 1 and 2, because A's 'UNTITLED_TABLE_1' is a placeholder the page never prints; and asset_class 'Real Estate', the printed grouping that governs every row. From A: source_column_label and metric_name 'Total Capital Contributed' and 'Total Capital Distributed', because the header wraps 'Total Capital' onto its own line above each of those two columns separately instead of spanning them, and page 3 prints 'Total Capital Distributed' on one line where both lanes agree; currency_scale, which A correctly leaves blank on irr and tvpi rows while B stamps '($ in millions)' onto a percentage and a multiple; and evidence_quote, because A cites the full printed partnership line while B cites the bare value, which proves only that those digits occur somewhere on the page. subject_type corrected to 'fund' on every partnership row: both lanes wrote 'investment', but the entity column is headed 'Partnership' and each row is a named vehicle the fund committed capital to, not a holding inside one.",RESOLVED,A+B+ADJUDICATOR,504abfe06fcde5e187ef74247e28f97eecec00313f5079c91e05fbdaea023159
44f0c5e15680ca29fc0d,SRC058,1,PAIR_D656E054219D805CF20F2510,CONTEXT_CONFLICT,248,250,source_section|source_table|asset_class|evidence_quote,MERGE,"MERGE, one ruling applied to every paired row because the two lanes differ the same way on all of them and neither is complete. From B: source_section, which A left blank on all three pages although 'Real Estate Portfolio' is printed above the table on pages 1 and 2 and 'REITS' and 'Separate Accounts' above their own tables on page 3; source_table on pages 1 and 2, because A's 'UNTITLED_TABLE_1' is a placeholder the page never prints; and asset_class 'Real Estate', the printed grouping that governs every row. From A: source_column_label and metric_name 'Total Capital Contributed' and 'Total Capital Distributed', because the header wraps 'Total Capital' onto its own line above each of those two columns separately instead of spanning them, and page 3 prints 'Total Capital Distributed' on one line where both lanes agree; currency_scale, which A correctly leaves blank on irr and tvpi rows while B stamps '($ in millions)' onto a percentage and a multiple; and evidence_quote, because A cites the full printed partnership line while B cites the bare value, which proves only that those digits occur somewhere on the page. subject_type corrected to 'fund' on every partnership row: both lanes wrote 'investment', but the entity column is headed 'Partnership' and each row is a named vehicle the fund committed capital to, not a holding inside one.; Source review: p1: Retirement Fund (The portfolio report distinguishes investor positions from its aggregate rows.) | p1: Retirement Fund (Printed heading or definition supporting the source-reviewed qualifier.) | p1: Retirement Fund (Supersedes SR2126: the printed entity or table label is context, not a measurement basis; source labels retain its scope.)",RESOLVED,A+B+ADJUDICATOR,504abfe06fcde5e187ef74247e28f97eecec00313f5079c91e05fbdaea023159
67deabc2891e10ce9be2,SRC058,1,PAIR_EDAF007E54E08D1C83DB1716,CONTEXT_CONFLICT,249,251,source_section|source_table|asset_class|currency_scale|evidence_quote,MERGE,"MERGE, one ruling applied to every paired row because the two lanes differ the same way on all of them and neither is complete. From B: source_section, which A left blank on all three pages although 'Real Estate Portfolio' is printed above the table on pages 1 and 2 and 'REITS' and 'Separate Accounts' above their own tables on page 3; source_table on pages 1 and 2, because A's 'UNTITLED_TABLE_1' is a placeholder the page never prints; and asset_class 'Real Estate', the printed grouping that governs every row. From A: source_column_label and metric_name 'Total Capital Contributed' and 'Total Capital Distributed', because the header wraps 'Total Capital' onto its own line above each of those two columns separately instead of spanning them, and page 3 prints 'Total Capital Distributed' on one line where both lanes agree; currency_scale, which A correctly leaves blank on irr and tvpi rows while B stamps '($ in millions)' onto a percentage and a multiple; and evidence_quote, because A cites the full printed partnership line while B cites the bare value, which proves only that those digits occur somewhere on the page. subject_type corrected to 'fund' on every partnership row: both lanes wrote 'investment', but the entity column is headed 'Partnership' and each row is a named vehicle the fund committed capital to, not a holding inside one.; Source review: p1: IRR (All report pages were reviewed; no fee-basis statement qualifies this IRR.)",RESOLVED,A+B+ADJUDICATOR,504abfe06fcde5e187ef74247e28f97eecec00313f5079c91e05fbdaea023159
12bd5a194c2eb6103738,SRC058,1,PAIR_48E508D16F439E8E156F9CDC,CONTEXT_CONFLICT,250,248,source_section|source_table|source_column_label|asset_class|metric_name|evidence_quote,MERGE,"MERGE, one ruling applied to every paired row because the two lanes differ the same way on all of them and neither is complete. From B: source_section, which A left blank on all three pages although 'Real Estate Portfolio' is printed above the table on pages 1 and 2 and 'REITS' and 'Separate Accounts' above their own tables on page 3; source_table on pages 1 and 2, because A's 'UNTITLED_TABLE_1' is a placeholder the page never prints; and asset_class 'Real Estate', the printed grouping that governs every row. From A: source_column_label and metric_name 'Total Capital Contributed' and 'Total Capital Distributed', because the header wraps 'Total Capital' onto its own line above each of those two columns separately instead of spanning them, and page 3 prints 'Total Capital Distributed' on one line where both lanes agree; currency_scale, which A correctly leaves blank on irr and tvpi rows while B stamps '($ in millions)' onto a percentage and a multiple; and evidence_quote, because A cites the full printed partnership line while B cites the bare value, which proves only that those digits occur somewhere on the page. subject_type corrected to 'fund' on every partnership row: both lanes wrote 'investment', but the entity column is headed 'Partnership' and each row is a named vehicle the fund committed capital to, not a holding inside one.",RESOLVED,A+B+ADJUDICATOR,504abfe06fcde5e187ef74247e28f97eecec00313f5079c91e05fbdaea023159
b50db46b520a7023e421,SRC058,1,PAIR_1FE252B77D1C7B3F95BAD8BC,CONTEXT_CONFLICT,251,249,source_section|source_table|source_column_label|asset_class|metric_name|evidence_quote,MERGE,"MERGE, one ruling applied to every paired row because the two lanes differ the same way on all of them and neither is complete. From B: source_section, which A left blank on all three pages although 'Real Estate Portfolio' is printed above the table on pages 1 and 2 and 'REITS' and 'Separate Accounts' above their own tables on page 3; source_table on pages 1 and 2, because A's 'UNTITLED_TABLE_1' is a placeholder the page never prints; and asset_class 'Real Estate', the printed grouping that governs every row. From A: source_column_label and metric_name 'Total Capital Contributed' and 'Total Capital Distributed', because the header wraps 'Total Capital' onto its own line above each of those two columns separately instead of spanning them, and page 3 prints 'Total Capital Distributed' on one line where both lanes agree; currency_scale, which A correctly leaves blank on irr and tvpi rows while B stamps '($ in millions)' onto a percentage and a multiple; and evidence_quote, because A cites the full printed partnership line while B cites the bare value, which proves only that those digits occur somewhere on the page. subject_type corrected to 'fund' on every partnership row: both lanes wrote 'investment', but the entity column is headed 'Partnership' and each row is a named vehicle the fund committed capital to, not a holding inside one.",RESOLVED,A+B+ADJUDICATOR,504abfe06fcde5e187ef74247e28f97eecec00313f5079c91e05fbdaea023159
7a1318648095f474ba15,SRC058,1,PAIR_8912F0F5B1F45B82CA87E724,CONTEXT_CONFLICT,252,252,source_section|source_table|asset_class|currency_scale|evidence_quote,MERGE,"MERGE, one ruling applied to every paired row because the two lanes differ the same way on all of them and neither is complete. From B: source_section, which A left blank on all three pages although 'Real Estate Portfolio' is printed above the table on pages 1 and 2 and 'REITS' and 'Separate Accounts' above their own tables on page 3; source_table on pages 1 and 2, because A's 'UNTITLED_TABLE_1' is a placeholder the page never prints; and asset_class 'Real Estate', the printed grouping that governs every row. From A: source_column_label and metric_name 'Total Capital Contributed' and 'Total Capital Distributed', because the header wraps 'Total Capital' onto its own line above each of those two columns separately instead of spanning them, and page 3 prints 'Total Capital Distributed' on one line where both lanes agree; currency_scale, which A correctly leaves blank on irr and tvpi rows while B stamps '($ in millions)' onto a percentage and a multiple; and evidence_quote, because A cites the full printed partnership line while B cites the bare value, which proves only that those digits occur somewhere on the page. subject_type corrected to 'fund' on every partnership row: both lanes wrote 'investment', but the entity column is headed 'Partnership' and each row is a named vehicle the fund committed capital to, not a holding inside one.",RESOLVED,A+B+ADJUDICATOR,504abfe06fcde5e187ef74247e28f97eecec00313f5079c91e05fbdaea023159
5483721e6bc5ab8e1bbc,SRC058,1,PAIR_F543CAFBEA423FF495A39CD8,CONTEXT_CONFLICT,253,253,source_section|source_table|asset_class|evidence_quote,MERGE,"MERGE, one ruling applied to every paired row because the two lanes differ the same way on all of them and neither is complete. From B: source_section, which A left blank on all three pages although 'Real Estate Portfolio' is printed above the table on pages 1 and 2 and 'REITS' and 'Separate Accounts' above their own tables on page 3; source_table on pages 1 and 2, because A's 'UNTITLED_TABLE_1' is a placeholder the page never prints; and asset_class 'Real Estate', the printed grouping that governs every row. From A: source_column_label and metric_name 'Total Capital Contributed' and 'Total Capital Distributed', because the header wraps 'Total Capital' onto its own line above each of those two columns separately instead of spanning them, and page 3 prints 'Total Capital Distributed' on one line where both lanes agree; currency_scale, which A correctly leaves blank on irr and tvpi rows while B stamps '($ in millions)' onto a percentage and a multiple; and evidence_quote, because A cites the full printed partnership line while B cites the bare value, which proves only that those digits occur somewhere on the page. subject_type corrected to 'fund' on every partnership row: both lanes wrote 'investment', but the entity column is headed 'Partnership' and each row is a named vehicle the fund committed capital to, not a holding inside one.",RESOLVED,A+B+ADJUDICATOR,504abfe06fcde5e187ef74247e28f97eecec00313f5079c91e05fbdaea023159
7657d3ff434f53468c0e,SRC058,1,PAIR_C832A0040416097B04141599,CONTEXT_CONFLICT,254,256,source_section|source_table|asset_class|evidence_quote,MERGE,"MERGE, one ruling applied to every paired row because the two lanes differ the same way on all of them and neither is complete. From B: source_section, which A left blank on all three pages although 'Real Estate Portfolio' is printed above the table on pages 1 and 2 and 'REITS' and 'Separate Accounts' above their own tables on page 3; source_table on pages 1 and 2, because A's 'UNTITLED_TABLE_1' is a placeholder the page never prints; and asset_class 'Real Estate', the printed grouping that governs every row. From A: source_column_label and metric_name 'Total Capital Contributed' and 'Total Capital Distributed', because the header wraps 'Total Capital' onto its own line above each of those two columns separately instead of spanning them, and page 3 prints 'Total Capital Distributed' on one line where both lanes agree; currency_scale, which A correctly leaves blank on irr and tvpi rows while B stamps '($ in millions)' onto a percentage and a multiple; and evidence_quote, because A cites the full printed partnership line while B cites the bare value, which proves only that those digits occur somewhere on the page. subject_type corrected to 'fund' on every partnership row: both lanes wrote 'investment', but the entity column is headed 'Partnership' and each row is a named vehicle the fund committed capital to, not a holding inside one.; Source review: p1: Retirement Fund (The portfolio report distinguishes investor positions from its aggregate rows.) | p1: Retirement Fund (Printed heading or definition supporting the source-reviewed qualifier.) | p1: Retirement Fund (Supersedes SR2127: the printed entity or table label is context, not a measurement basis; source labels retain its scope.)",RESOLVED,A+B+ADJUDICATOR,504abfe06fcde5e187ef74247e28f97eecec00313f5079c91e05fbdaea023159
328d11d77ac9a49960d2,SRC058,1,PAIR_2464AD43CC98A253C9FFD265,CONTEXT_CONFLICT,255,257,source_section|source_table|asset_class|currency_scale|evidence_quote,MERGE,"MERGE, one ruling applied to every paired row because the two lanes differ the same way on all of them and neither is complete. From B: source_section, which A left blank on all three pages although 'Real Estate Portfolio' is printed above the table on pages 1 and 2 and 'REITS' and 'Separate Accounts' above their own tables on page 3; source_table on pages 1 and 2, because A's 'UNTITLED_TABLE_1' is a placeholder the page never prints; and asset_class 'Real Estate', the printed grouping that governs every row. From A: source_column_label and metric_name 'Total Capital Contributed' and 'Total Capital Distributed', because the header wraps 'Total Capital' onto its own line above each of those two columns separately instead of spanning them, and page 3 prints 'Total Capital Distributed' on one line where both lanes agree; currency_scale, which A correctly leaves blank on irr and tvpi rows while B stamps '($ in millions)' onto a percentage and a multiple; and evidence_quote, because A cites the full printed partnership line while B cites the bare value, which proves only that those digits occur somewhere on the page. subject_type corrected to 'fund' on every partnership row: both lanes wrote 'investment', but the entity column is headed 'Partnership' and each row is a named vehicle the fund committed capital to, not a holding inside one.; Source review: p1: IRR (All report pages were reviewed; no fee-basis statement qualifies this IRR.)",RESOLVED,A+B+ADJUDICATOR,504abfe06fcde5e187ef74247e28f97eecec00313f5079c91e05fbdaea023159
36f12d7838d55fff41fb,SRC058,1,PAIR_903847F7C5D23C37C89F7F17,CONTEXT_CONFLICT,256,254,source_section|source_table|source_column_label|asset_class|metric_name|evidence_quote,MERGE,"MERGE, one ruling applied to every paired row because the two lanes differ the same way on all of them and neither is complete. From B: source_section, which A left blank on all three pages although 'Real Estate Portfolio' is printed above the table on pages 1 and 2 and 'REITS' and 'Separate Accounts' above their own tables on page 3; source_table on pages 1 and 2, because A's 'UNTITLED_TABLE_1' is a placeholder the page never prints; and asset_class 'Real Estate', the printed grouping that governs every row. From A: source_column_label and metric_name 'Total Capital Contributed' and 'Total Capital Distributed', because the header wraps 'Total Capital' onto its own line above each of those two columns separately instead of spanning them, and page 3 prints 'Total Capital Distributed' on one line where both lanes agree; currency_scale, which A correctly leaves blank on irr and tvpi rows while B stamps '($ in millions)' onto a percentage and a multiple; and evidence_quote, because A cites the full printed partnership line while B cites the bare value, which proves only that those digits occur somewhere on the page. subject_type corrected to 'fund' on every partnership row: both lanes wrote 'investment', but the entity column is headed 'Partnership' and each row is a named vehicle the fund committed capital to, not a holding inside one.",RESOLVED,A+B+ADJUDICATOR,504abfe06fcde5e187ef74247e28f97eecec00313f5079c91e05fbdaea023159
8af10b8b66073be95cd0,SRC058,1,PAIR_6D6960740023A57BFE2F23F4,CONTEXT_CONFLICT,257,255,source_section|source_table|source_column_label|asset_class|metric_name|evidence_quote,MERGE,"MERGE, one ruling applied to every paired row because the two lanes differ the same way on all of them and neither is complete. From B: source_section, which A left blank on all three pages although 'Real Estate Portfolio' is printed above the table on pages 1 and 2 and 'REITS' and 'Separate Accounts' above their own tables on page 3; source_table on pages 1 and 2, because A's 'UNTITLED_TABLE_1' is a placeholder the page never prints; and asset_class 'Real Estate', the printed grouping that governs every row. From A: source_column_label and metric_name 'Total Capital Contributed' and 'Total Capital Distributed', because the header wraps 'Total Capital' onto its own line above each of those two columns separately instead of spanning them, and page 3 prints 'Total Capital Distributed' on one line where both lanes agree; currency_scale, which A correctly leaves blank on irr and tvpi rows while B stamps '($ in millions)' onto a percentage and a multiple; and evidence_quote, because A cites the full printed partnership line while B cites the bare value, which proves only that those digits occur somewhere on the page. subject_type corrected to 'fund' on every partnership row: both lanes wrote 'investment', but the entity column is headed 'Partnership' and each row is a named vehicle the fund committed capital to, not a holding inside one.",RESOLVED,A+B+ADJUDICATOR,504abfe06fcde5e187ef74247e28f97eecec00313f5079c91e05fbdaea023159
37758b4fcafead99e225,SRC058,1,PAIR_6683B710615CBAAF093285EF,CONTEXT_CONFLICT,258,258,source_section|source_table|asset_class|currency_scale|evidence_quote,MERGE,"MERGE, one ruling applied to every paired row because the two lanes differ the same way on all of them and neither is complete. From B: source_section, which A left blank on all three pages although 'Real Estate Portfolio' is printed above the table on pages 1 and 2 and 'REITS' and 'Separate Accounts' above their own tables on page 3; source_table on pages 1 and 2, because A's 'UNTITLED_TABLE_1' is a placeholder the page never prints; and asset_class 'Real Estate', the printed grouping that governs every row. From A: source_column_label and metric_name 'Total Capital Contributed' and 'Total Capital Distributed', because the header wraps 'Total Capital' onto its own line above each of those two columns separately instead of spanning them, and page 3 prints 'Total Capital Distributed' on one line where both lanes agree; currency_scale, which A correctly leaves blank on irr and tvpi rows while B stamps '($ in millions)' onto a percentage and a multiple; and evidence_quote, because A cites the full printed partnership line while B cites the bare value, which proves only that those digits occur somewhere on the page. subject_type corrected to 'fund' on every partnership row: both lanes wrote 'investment', but the entity column is headed 'Partnership' and each row is a named vehicle the fund committed capital to, not a holding inside one.",RESOLVED,A+B+ADJUDICATOR,504abfe06fcde5e187ef74247e28f97eecec00313f5079c91e05fbdaea023159
e44180b97be6022a41de,SRC058,1,PAIR_63274CCD3AF6FE1B02855CA6,CONTEXT_CONFLICT,259,259,source_section|source_table|asset_class|evidence_quote,MERGE,"MERGE, one ruling applied to every paired row because the two lanes differ the same way on all of them and neither is complete. From B: source_section, which A left blank on all three pages although 'Real Estate Portfolio' is printed above the table on pages 1 and 2 and 'REITS' and 'Separate Accounts' above their own tables on page 3; source_table on pages 1 and 2, because A's 'UNTITLED_TABLE_1' is a placeholder the page never prints; and asset_class 'Real Estate', the printed grouping that governs every row. From A: source_column_label and metric_name 'Total Capital Contributed' and 'Total Capital Distributed', because the header wraps 'Total Capital' onto its own line above each of those two columns separately instead of spanning them, and page 3 prints 'Total Capital Distributed' on one line where both lanes agree; currency_scale, which A correctly leaves blank on irr and tvpi rows while B stamps '($ in millions)' onto a percentage and a multiple; and evidence_quote, because A cites the full printed partnership line while B cites the bare value, which proves only that those digits occur somewhere on the page. subject_type corrected to 'fund' on every partnership row: both lanes wrote 'investment', but the entity column is headed 'Partnership' and each row is a named vehicle the fund committed capital to, not a holding inside one.",RESOLVED,A+B+ADJUDICATOR,504abfe06fcde5e187ef74247e28f97eecec00313f5079c91e05fbdaea023159
a46c44f288581d6175e1,SRC058,1,PAIR_9DB78591D9DB2B262B30D8D1,CONTEXT_CONFLICT,260,262,source_section|source_table|asset_class|evidence_quote,MERGE,"MERGE, one ruling applied to every paired row because the two lanes differ the same way on all of them and neither is complete. From B: source_section, which A left blank on all three pages although 'Real Estate Portfolio' is printed above the table on pages 1 and 2 and 'REITS' and 'Separate Accounts' above their own tables on page 3; source_table on pages 1 and 2, because A's 'UNTITLED_TABLE_1' is a placeholder the page never prints; and asset_class 'Real Estate', the printed grouping that governs every row. From A: source_column_label and metric_name 'Total Capital Contributed' and 'Total Capital Distributed', because the header wraps 'Total Capital' onto its own line above each of those two columns separately instead of spanning them, and page 3 prints 'Total Capital Distributed' on one line where both lanes agree; currency_scale, which A correctly leaves blank on irr and tvpi rows while B stamps '($ in millions)' onto a percentage and a multiple; and evidence_quote, because A cites the full printed partnership line while B cites the bare value, which proves only that those digits occur somewhere on the page. subject_type corrected to 'fund' on every partnership row: both lanes wrote 'investment', but the entity column is headed 'Partnership' and each row is a named vehicle the fund committed capital to, not a holding inside one.; Source review: p1: Retirement Fund (The portfolio report distinguishes investor positions from its aggregate rows.) | p1: Retirement Fund (Printed heading or definition supporting the source-reviewed qualifier.) | p1: Retirement Fund (Supersedes SR2128: the printed entity or table label is context, not a measurement basis; source labels retain its scope.)",RESOLVED,A+B+ADJUDICATOR,504abfe06fcde5e187ef74247e28f97eecec00313f5079c91e05fbdaea023159
66d87222bfaf088265bb,SRC058,1,PAIR_064FAD66C5B0065CFBEEE02E,CONTEXT_CONFLICT,261,263,source_section|source_table|asset_class|currency_scale|evidence_quote,MERGE,"MERGE, one ruling applied to every paired row because the two lanes differ the same way on all of them and neither is complete. From B: source_section, which A left blank on all three pages although 'Real Estate Portfolio' is printed above the table on pages 1 and 2 and 'REITS' and 'Separate Accounts' above their own tables on page 3; source_table on pages 1 and 2, because A's 'UNTITLED_TABLE_1' is a placeholder the page never prints; and asset_class 'Real Estate', the printed grouping that governs every row. From A: source_column_label and metric_name 'Total Capital Contributed' and 'Total Capital Distributed', because the header wraps 'Total Capital' onto its own line above each of those two columns separately instead of spanning them, and page 3 prints 'Total Capital Distributed' on one line where both lanes agree; currency_scale, which A correctly leaves blank on irr and tvpi rows while B stamps '($ in millions)' onto a percentage and a multiple; and evidence_quote, because A cites the full printed partnership line while B cites the bare value, which proves only that those digits occur somewhere on the page. subject_type corrected to 'fund' on every partnership row: both lanes wrote 'investment', but the entity column is headed 'Partnership' and each row is a named vehicle the fund committed capital to, not a holding inside one.; Source review: p1: IRR (All report pages were reviewed; no fee-basis statement qualifies this IRR.)",RESOLVED,A+B+ADJUDICATOR,504abfe06fcde5e187ef74247e28f97eecec00313f5079c91e05fbdaea023159
b982b9c20fcb948c3f10,SRC058,1,PAIR_0868C4739CB41E0896077EE5,CONTEXT_CONFLICT,262,260,source_section|source_table|source_column_label|asset_class|metric_name|evidence_quote,MERGE,"MERGE, one ruling applied to every paired row because the two lanes differ the same way on all of them and neither is complete. From B: source_section, which A left blank on all three pages although 'Real Estate Portfolio' is printed above the table on pages 1 and 2 and 'REITS' and 'Separate Accounts' above their own tables on page 3; source_table on pages 1 and 2, because A's 'UNTITLED_TABLE_1' is a placeholder the page never prints; and asset_class 'Real Estate', the printed grouping that governs every row. From A: source_column_label and metric_name 'Total Capital Contributed' and 'Total Capital Distributed', because the header wraps 'Total Capital' onto its own line above each of those two columns separately instead of spanning them, and page 3 prints 'Total Capital Distributed' on one line where both lanes agree; currency_scale, which A correctly leaves blank on irr and tvpi rows while B stamps '($ in millions)' onto a percentage and a multiple; and evidence_quote, because A cites the full printed partnership line while B cites the bare value, which proves only that those digits occur somewhere on the page. subject_type corrected to 'fund' on every partnership row: both lanes wrote 'investment', but the entity column is headed 'Partnership' and each row is a named vehicle the fund committed capital to, not a holding inside one.",RESOLVED,A+B+ADJUDICATOR,504abfe06fcde5e187ef74247e28f97eecec00313f5079c91e05fbdaea023159
6d8d368324b1d7431b57,SRC058,1,PAIR_7F119FED349A9F05354C05F0,CONTEXT_CONFLICT,263,261,source_section|source_table|source_column_label|asset_class|metric_name|evidence_quote,MERGE,"MERGE, one ruling applied to every paired row because the two lanes differ the same way on all of them and neither is complete. From B: source_section, which A left blank on all three pages although 'Real Estate Portfolio' is printed above the table on pages 1 and 2 and 'REITS' and 'Separate Accounts' above their own tables on page 3; source_table on pages 1 and 2, because A's 'UNTITLED_TABLE_1' is a placeholder the page never prints; and asset_class 'Real Estate', the printed grouping that governs every row. From A: source_column_label and metric_name 'Total Capital Contributed' and 'Total Capital Distributed', because the header wraps 'Total Capital' onto its own line above each of those two columns separately instead of spanning them, and page 3 prints 'Total Capital Distributed' on one line where both lanes agree; currency_scale, which A correctly leaves blank on irr and tvpi rows while B stamps '($ in millions)' onto a percentage and a multiple; and evidence_quote, because A cites the full printed partnership line while B cites the bare value, which proves only that those digits occur somewhere on the page. subject_type corrected to 'fund' on every partnership row: both lanes wrote 'investment', but the entity column is headed 'Partnership' and each row is a named vehicle the fund committed capital to, not a holding inside one.",RESOLVED,A+B+ADJUDICATOR,504abfe06fcde5e187ef74247e28f97eecec00313f5079c91e05fbdaea023159
514d2355e618d5b73779,SRC058,1,PAIR_3EBDA3C024AB26CC34924125,CONTEXT_CONFLICT,264,264,source_section|source_table|asset_class|currency_scale|evidence_quote,MERGE,"MERGE, one ruling applied to every paired row because the two lanes differ the same way on all of them and neither is complete. From B: source_section, which A left blank on all three pages although 'Real Estate Portfolio' is printed above the table on pages 1 and 2 and 'REITS' and 'Separate Accounts' above their own tables on page 3; source_table on pages 1 and 2, because A's 'UNTITLED_TABLE_1' is a placeholder the page never prints; and asset_class 'Real Estate', the printed grouping that governs every row. From A: source_column_label and metric_name 'Total Capital Contributed' and 'Total Capital Distributed', because the header wraps 'Total Capital' onto its own line above each of those two columns separately instead of spanning them, and page 3 prints 'Total Capital Distributed' on one line where both lanes agree; currency_scale, which A correctly leaves blank on irr and tvpi rows while B stamps '($ in millions)' onto a percentage and a multiple; and evidence_quote, because A cites the full printed partnership line while B cites the bare value, which proves only that those digits occur somewhere on the page. subject_type corrected to 'fund' on every partnership row: both lanes wrote 'investment', but the entity column is headed 'Partnership' and each row is a named vehicle the fund committed capital to, not a holding inside one.",RESOLVED,A+B+ADJUDICATOR,504abfe06fcde5e187ef74247e28f97eecec00313f5079c91e05fbdaea023159
5b98e721dd64aeec0e57,SRC058,1,PAIR_560F7A537163E31CD6E96ABA,CONTEXT_CONFLICT,265,265,source_section|source_table|asset_class|evidence_quote,MERGE,"MERGE, one ruling applied to every paired row because the two lanes differ the same way on all of them and neither is complete. From B: source_section, which A left blank on all three pages although 'Real Estate Portfolio' is printed above the table on pages 1 and 2 and 'REITS' and 'Separate Accounts' above their own tables on page 3; source_table on pages 1 and 2, because A's 'UNTITLED_TABLE_1' is a placeholder the page never prints; and asset_class 'Real Estate', the printed grouping that governs every row. From A: source_column_label and metric_name 'Total Capital Contributed' and 'Total Capital Distributed', because the header wraps 'Total Capital' onto its own line above each of those two columns separately instead of spanning them, and page 3 prints 'Total Capital Distributed' on one line where both lanes agree; currency_scale, which A correctly leaves blank on irr and tvpi rows while B stamps '($ in millions)' onto a percentage and a multiple; and evidence_quote, because A cites the full printed partnership line while B cites the bare value, which proves only that those digits occur somewhere on the page. subject_type corrected to 'fund' on every partnership row: both lanes wrote 'investment', but the entity column is headed 'Partnership' and each row is a named vehicle the fund committed capital to, not a holding inside one.",RESOLVED,A+B+ADJUDICATOR,504abfe06fcde5e187ef74247e28f97eecec00313f5079c91e05fbdaea023159
1d61c9d1af2900275022,SRC058,1,PAIR_BFF97E13E13CC53EC8D5CA70,CONTEXT_CONFLICT,266,268,source_section|source_table|asset_class|evidence_quote,MERGE,"MERGE, one ruling applied to every paired row because the two lanes differ the same way on all of them and neither is complete. From B: source_section, which A left blank on all three pages although 'Real Estate Portfolio' is printed above the table on pages 1 and 2 and 'REITS' and 'Separate Accounts' above their own tables on page 3; source_table on pages 1 and 2, because A's 'UNTITLED_TABLE_1' is a placeholder the page never prints; and asset_class 'Real Estate', the printed grouping that governs every row. From A: source_column_label and metric_name 'Total Capital Contributed' and 'Total Capital Distributed', because the header wraps 'Total Capital' onto its own line above each of those two columns separately instead of spanning them, and page 3 prints 'Total Capital Distributed' on one line where both lanes agree; currency_scale, which A correctly leaves blank on irr and tvpi rows while B stamps '($ in millions)' onto a percentage and a multiple; and evidence_quote, because A cites the full printed partnership line while B cites the bare value, which proves only that those digits occur somewhere on the page. subject_type corrected to 'fund' on every partnership row: both lanes wrote 'investment', but the entity column is headed 'Partnership' and each row is a named vehicle the fund committed capital to, not a holding inside one.; Source review: p1: Retirement Fund (The portfolio report distinguishes investor positions from its aggregate rows.) | p1: Retirement Fund (Printed heading or definition supporting the source-reviewed qualifier.) | p1: Retirement Fund (Supersedes SR2129: the printed entity or table label is context, not a measurement basis; source labels retain its scope.)",RESOLVED,A+B+ADJUDICATOR,504abfe06fcde5e187ef74247e28f97eecec00313f5079c91e05fbdaea023159
f21ab08648aafcd80d47,SRC058,1,PAIR_352A8370395C0ACE041CC8EB,CONTEXT_CONFLICT,267,269,source_section|source_table|asset_class|currency_scale|evidence_quote,MERGE,"MERGE, one ruling applied to every paired row because the two lanes differ the same way on all of them and neither is complete. From B: source_section, which A left blank on all three pages although 'Real Estate Portfolio' is printed above the table on pages 1 and 2 and 'REITS' and 'Separate Accounts' above their own tables on page 3; source_table on pages 1 and 2, because A's 'UNTITLED_TABLE_1' is a placeholder the page never prints; and asset_class 'Real Estate', the printed grouping that governs every row. From A: source_column_label and metric_name 'Total Capital Contributed' and 'Total Capital Distributed', because the header wraps 'Total Capital' onto its own line above each of those two columns separately instead of spanning them, and page 3 prints 'Total Capital Distributed' on one line where both lanes agree; currency_scale, which A correctly leaves blank on irr and tvpi rows while B stamps '($ in millions)' onto a percentage and a multiple; and evidence_quote, because A cites the full printed partnership line while B cites the bare value, which proves only that those digits occur somewhere on the page. subject_type corrected to 'fund' on every partnership row: both lanes wrote 'investment', but the entity column is headed 'Partnership' and each row is a named vehicle the fund committed capital to, not a holding inside one.; Source review: p1: IRR (All report pages were reviewed; no fee-basis statement qualifies this IRR.)",RESOLVED,A+B+ADJUDICATOR,504abfe06fcde5e187ef74247e28f97eecec00313f5079c91e05fbdaea023159
662edf3af70d78174469,SRC058,1,PAIR_A22CA79496E4C678EB410F26,CONTEXT_CONFLICT,268,266,source_section|source_table|source_column_label|asset_class|metric_name|evidence_quote,MERGE,"MERGE, one ruling applied to every paired row because the two lanes differ the same way on all of them and neither is complete. From B: source_section, which A left blank on all three pages although 'Real Estate Portfolio' is printed above the table on pages 1 and 2 and 'REITS' and 'Separate Accounts' above their own tables on page 3; source_table on pages 1 and 2, because A's 'UNTITLED_TABLE_1' is a placeholder the page never prints; and asset_class 'Real Estate', the printed grouping that governs every row. From A: source_column_label and metric_name 'Total Capital Contributed' and 'Total Capital Distributed', because the header wraps 'Total Capital' onto its own line above each of those two columns separately instead of spanning them, and page 3 prints 'Total Capital Distributed' on one line where both lanes agree; currency_scale, which A correctly leaves blank on irr and tvpi rows while B stamps '($ in millions)' onto a percentage and a multiple; and evidence_quote, because A cites the full printed partnership line while B cites the bare value, which proves only that those digits occur somewhere on the page. subject_type corrected to 'fund' on every partnership row: both lanes wrote 'investment', but the entity column is headed 'Partnership' and each row is a named vehicle the fund committed capital to, not a holding inside one.",RESOLVED,A+B+ADJUDICATOR,504abfe06fcde5e187ef74247e28f97eecec00313f5079c91e05fbdaea023159
f11ee780fd850bcc2abb,SRC058,1,PAIR_41A29A2B2700A1FBC5598AE9,CONTEXT_CONFLICT,269,267,source_section|source_table|source_column_label|asset_class|metric_name|evidence_quote,MERGE,"MERGE, one ruling applied to every paired row because the two lanes differ the same way on all of them and neither is complete. From B: source_section, which A left blank on all three pages although 'Real Estate Portfolio' is printed above the table on pages 1 and 2 and 'REITS' and 'Separate Accounts' above their own tables on page 3; source_table on pages 1 and 2, because A's 'UNTITLED_TABLE_1' is a placeholder the page never prints; and asset_class 'Real Estate', the printed grouping that governs every row. From A: source_column_label and metric_name 'Total Capital Contributed' and 'Total Capital Distributed', because the header wraps 'Total Capital' onto its own line above each of those two columns separately instead of spanning them, and page 3 prints 'Total Capital Distributed' on one line where both lanes agree; currency_scale, which A correctly leaves blank on irr and tvpi rows while B stamps '($ in millions)' onto a percentage and a multiple; and evidence_quote, because A cites the full printed partnership line while B cites the bare value, which proves only that those digits occur somewhere on the page. subject_type corrected to 'fund' on every partnership row: both lanes wrote 'investment', but the entity column is headed 'Partnership' and each row is a named vehicle the fund committed capital to, not a holding inside one.",RESOLVED,A+B+ADJUDICATOR,504abfe06fcde5e187ef74247e28f97eecec00313f5079c91e05fbdaea023159
bb42ac657516c757c5c8,SRC058,1,PAIR_3D78769EA22CC976061937D1,CONTEXT_CONFLICT,270,270,source_section|source_table|asset_class|currency_scale|evidence_quote,MERGE,"MERGE, one ruling applied to every paired row because the two lanes differ the same way on all of them and neither is complete. From B: source_section, which A left blank on all three pages although 'Real Estate Portfolio' is printed above the table on pages 1 and 2 and 'REITS' and 'Separate Accounts' above their own tables on page 3; source_table on pages 1 and 2, because A's 'UNTITLED_TABLE_1' is a placeholder the page never prints; and asset_class 'Real Estate', the printed grouping that governs every row. From A: source_column_label and metric_name 'Total Capital Contributed' and 'Total Capital Distributed', because the header wraps 'Total Capital' onto its own line above each of those two columns separately instead of spanning them, and page 3 prints 'Total Capital Distributed' on one line where both lanes agree; currency_scale, which A correctly leaves blank on irr and tvpi rows while B stamps '($ in millions)' onto a percentage and a multiple; and evidence_quote, because A cites the full printed partnership line while B cites the bare value, which proves only that those digits occur somewhere on the page. subject_type corrected to 'fund' on every partnership row: both lanes wrote 'investment', but the entity column is headed 'Partnership' and each row is a named vehicle the fund committed capital to, not a holding inside one.",RESOLVED,A+B+ADJUDICATOR,504abfe06fcde5e187ef74247e28f97eecec00313f5079c91e05fbdaea023159
d088202000774d8d0201,SRC058,1,PAIR_7F72ED07A5C71F7B6D9383CD,CONTEXT_CONFLICT,271,271,source_section|source_table|asset_class|evidence_quote,MERGE,"MERGE, one ruling applied to every paired row because the two lanes differ the same way on all of them and neither is complete. From B: source_section, which A left blank on all three pages although 'Real Estate Portfolio' is printed above the table on pages 1 and 2 and 'REITS' and 'Separate Accounts' above their own tables on page 3; source_table on pages 1 and 2, because A's 'UNTITLED_TABLE_1' is a placeholder the page never prints; and asset_class 'Real Estate', the printed grouping that governs every row. From A: source_column_label and metric_name 'Total Capital Contributed' and 'Total Capital Distributed', because the header wraps 'Total Capital' onto its own line above each of those two columns separately instead of spanning them, and page 3 prints 'Total Capital Distributed' on one line where both lanes agree; currency_scale, which A correctly leaves blank on irr and tvpi rows while B stamps '($ in millions)' onto a percentage and a multiple; and evidence_quote, because A cites the full printed partnership line while B cites the bare value, which proves only that those digits occur somewhere on the page. subject_type corrected to 'fund' on every partnership row: both lanes wrote 'investment', but the entity column is headed 'Partnership' and each row is a named vehicle the fund committed capital to, not a holding inside one.",RESOLVED,A+B+ADJUDICATOR,504abfe06fcde5e187ef74247e28f97eecec00313f5079c91e05fbdaea023159
7f2b3b79b6620f383702,SRC058,1,PAIR_9C99F4C061574446D0FCF5CF,CONTEXT_CONFLICT,272,274,source_section|source_table|asset_class|evidence_quote,MERGE,"MERGE, one ruling applied to every paired row because the two lanes differ the same way on all of them and neither is complete. From B: source_section, which A left blank on all three pages although 'Real Estate Portfolio' is printed above the table on pages 1 and 2 and 'REITS' and 'Separate Accounts' above their own tables on page 3; source_table on pages 1 and 2, because A's 'UNTITLED_TABLE_1' is a placeholder the page never prints; and asset_class 'Real Estate', the printed grouping that governs every row. From A: source_column_label and metric_name 'Total Capital Contributed' and 'Total Capital Distributed', because the header wraps 'Total Capital' onto its own line above each of those two columns separately instead of spanning them, and page 3 prints 'Total Capital Distributed' on one line where both lanes agree; currency_scale, which A correctly leaves blank on irr and tvpi rows while B stamps '($ in millions)' onto a percentage and a multiple; and evidence_quote, because A cites the full printed partnership line while B cites the bare value, which proves only that those digits occur somewhere on the page. subject_type corrected to 'fund' on every partnership row: both lanes wrote 'investment', but the entity column is headed 'Partnership' and each row is a named vehicle the fund committed capital to, not a holding inside one.; Source review: p1: Retirement Fund (The portfolio report distinguishes investor positions from its aggregate rows.) | p1: Retirement Fund (Printed heading or definition supporting the source-reviewed qualifier.) | p1: Retirement Fund (Supersedes SR2130: the printed entity or table label is context, not a measurement basis; source labels retain its scope.)",RESOLVED,A+B+ADJUDICATOR,504abfe06fcde5e187ef74247e28f97eecec00313f5079c91e05fbdaea023159
1099fa94b4524f58c773,SRC058,1,PAIR_95E7B63E9C7FDCEC4666560E,CONTEXT_CONFLICT,273,275,source_section|source_table|asset_class|currency_scale|evidence_quote,MERGE,"MERGE, one ruling applied to every paired row because the two lanes differ the same way on all of them and neither is complete. From B: source_section, which A left blank on all three pages although 'Real Estate Portfolio' is printed above the table on pages 1 and 2 and 'REITS' and 'Separate Accounts' above their own tables on page 3; source_table on pages 1 and 2, because A's 'UNTITLED_TABLE_1' is a placeholder the page never prints; and asset_class 'Real Estate', the printed grouping that governs every row. From A: source_column_label and metric_name 'Total Capital Contributed' and 'Total Capital Distributed', because the header wraps 'Total Capital' onto its own line above each of those two columns separately instead of spanning them, and page 3 prints 'Total Capital Distributed' on one line where both lanes agree; currency_scale, which A correctly leaves blank on irr and tvpi rows while B stamps '($ in millions)' onto a percentage and a multiple; and evidence_quote, because A cites the full printed partnership line while B cites the bare value, which proves only that those digits occur somewhere on the page. subject_type corrected to 'fund' on every partnership row: both lanes wrote 'investment', but the entity column is headed 'Partnership' and each row is a named vehicle the fund committed capital to, not a holding inside one.; Source review: p1: IRR (All report pages were reviewed; no fee-basis statement qualifies this IRR.)",RESOLVED,A+B+ADJUDICATOR,504abfe06fcde5e187ef74247e28f97eecec00313f5079c91e05fbdaea023159
a31f76dadd7df6efb0c8,SRC058,1,PAIR_D8122CAF9B0BD1E3CE8AC077,CONTEXT_CONFLICT,274,272,source_section|source_table|source_column_label|asset_class|metric_name|evidence_quote,MERGE,"MERGE, one ruling applied to every paired row because the two lanes differ the same way on all of them and neither is complete. From B: source_section, which A left blank on all three pages although 'Real Estate Portfolio' is printed above the table on pages 1 and 2 and 'REITS' and 'Separate Accounts' above their own tables on page 3; source_table on pages 1 and 2, because A's 'UNTITLED_TABLE_1' is a placeholder the page never prints; and asset_class 'Real Estate', the printed grouping that governs every row. From A: source_column_label and metric_name 'Total Capital Contributed' and 'Total Capital Distributed', because the header wraps 'Total Capital' onto its own line above each of those two columns separately instead of spanning them, and page 3 prints 'Total Capital Distributed' on one line where both lanes agree; currency_scale, which A correctly leaves blank on irr and tvpi rows while B stamps '($ in millions)' onto a percentage and a multiple; and evidence_quote, because A cites the full printed partnership line while B cites the bare value, which proves only that those digits occur somewhere on the page. subject_type corrected to 'fund' on every partnership row: both lanes wrote 'investment', but the entity column is headed 'Partnership' and each row is a named vehicle the fund committed capital to, not a holding inside one.",RESOLVED,A+B+ADJUDICATOR,504abfe06fcde5e187ef74247e28f97eecec00313f5079c91e05fbdaea023159
0906d285c292a234b3d9,SRC058,1,PAIR_D96B9F17DFBADA7C239A4443,CONTEXT_CONFLICT,275,273,source_section|source_table|source_column_label|asset_class|metric_name|evidence_quote,MERGE,"MERGE, one ruling applied to every paired row because the two lanes differ the same way on all of them and neither is complete. From B: source_section, which A left blank on all three pages although 'Real Estate Portfolio' is printed above the table on pages 1 and 2 and 'REITS' and 'Separate Accounts' above their own tables on page 3; source_table on pages 1 and 2, because A's 'UNTITLED_TABLE_1' is a placeholder the page never prints; and asset_class 'Real Estate', the printed grouping that governs every row. From A: source_column_label and metric_name 'Total Capital Contributed' and 'Total Capital Distributed', because the header wraps 'Total Capital' onto its own line above each of those two columns separately instead of spanning them, and page 3 prints 'Total Capital Distributed' on one line where both lanes agree; currency_scale, which A correctly leaves blank on irr and tvpi rows while B stamps '($ in millions)' onto a percentage and a multiple; and evidence_quote, because A cites the full printed partnership line while B cites the bare value, which proves only that those digits occur somewhere on the page. subject_type corrected to 'fund' on every partnership row: both lanes wrote 'investment', but the entity column is headed 'Partnership' and each row is a named vehicle the fund committed capital to, not a holding inside one.",RESOLVED,A+B+ADJUDICATOR,504abfe06fcde5e187ef74247e28f97eecec00313f5079c91e05fbdaea023159
66e22679ef58059def00,SRC058,1,PAIR_1F814F3DFD35F5E2D3E17E54,CONTEXT_CONFLICT,276,276,source_section|source_table|asset_class|currency_scale|evidence_quote,MERGE,"MERGE, one ruling applied to every paired row because the two lanes differ the same way on all of them and neither is complete. From B: source_section, which A left blank on all three pages although 'Real Estate Portfolio' is printed above the table on pages 1 and 2 and 'REITS' and 'Separate Accounts' above their own tables on page 3; source_table on pages 1 and 2, because A's 'UNTITLED_TABLE_1' is a placeholder the page never prints; and asset_class 'Real Estate', the printed grouping that governs every row. From A: source_column_label and metric_name 'Total Capital Contributed' and 'Total Capital Distributed', because the header wraps 'Total Capital' onto its own line above each of those two columns separately instead of spanning them, and page 3 prints 'Total Capital Distributed' on one line where both lanes agree; currency_scale, which A correctly leaves blank on irr and tvpi rows while B stamps '($ in millions)' onto a percentage and a multiple; and evidence_quote, because A cites the full printed partnership line while B cites the bare value, which proves only that those digits occur somewhere on the page. subject_type corrected to 'fund' on every partnership row: both lanes wrote 'investment', but the entity column is headed 'Partnership' and each row is a named vehicle the fund committed capital to, not a holding inside one.",RESOLVED,A+B+ADJUDICATOR,504abfe06fcde5e187ef74247e28f97eecec00313f5079c91e05fbdaea023159
153a06ffa4b24770d297,SRC058,1,PAIR_B8AA17486FE6EFCA95DBF3E9,CONTEXT_CONFLICT,277,277,source_section|source_table|asset_class|evidence_quote,MERGE,"MERGE, one ruling applied to every paired row because the two lanes differ the same way on all of them and neither is complete. From B: source_section, which A left blank on all three pages although 'Real Estate Portfolio' is printed above the table on pages 1 and 2 and 'REITS' and 'Separate Accounts' above their own tables on page 3; source_table on pages 1 and 2, because A's 'UNTITLED_TABLE_1' is a placeholder the page never prints; and asset_class 'Real Estate', the printed grouping that governs every row. From A: source_column_label and metric_name 'Total Capital Contributed' and 'Total Capital Distributed', because the header wraps 'Total Capital' onto its own line above each of those two columns separately instead of spanning them, and page 3 prints 'Total Capital Distributed' on one line where both lanes agree; currency_scale, which A correctly leaves blank on irr and tvpi rows while B stamps '($ in millions)' onto a percentage and a multiple; and evidence_quote, because A cites the full printed partnership line while B cites the bare value, which proves only that those digits occur somewhere on the page. subject_type corrected to 'fund' on every partnership row: both lanes wrote 'investment', but the entity column is headed 'Partnership' and each row is a named vehicle the fund committed capital to, not a holding inside one.",RESOLVED,A+B+ADJUDICATOR,504abfe06fcde5e187ef74247e28f97eecec00313f5079c91e05fbdaea023159
bbe9be3421299a4076be,SRC058,1,PAIR_175AC28BFEBEADCC633228DC,CONTEXT_CONFLICT,278,280,source_section|source_table|asset_class|evidence_quote,MERGE,"MERGE, one ruling applied to every paired row because the two lanes differ the same way on all of them and neither is complete. From B: source_section, which A left blank on all three pages although 'Real Estate Portfolio' is printed above the table on pages 1 and 2 and 'REITS' and 'Separate Accounts' above their own tables on page 3; source_table on pages 1 and 2, because A's 'UNTITLED_TABLE_1' is a placeholder the page never prints; and asset_class 'Real Estate', the printed grouping that governs every row. From A: source_column_label and metric_name 'Total Capital Contributed' and 'Total Capital Distributed', because the header wraps 'Total Capital' onto its own line above each of those two columns separately instead of spanning them, and page 3 prints 'Total Capital Distributed' on one line where both lanes agree; currency_scale, which A correctly leaves blank on irr and tvpi rows while B stamps '($ in millions)' onto a percentage and a multiple; and evidence_quote, because A cites the full printed partnership line while B cites the bare value, which proves only that those digits occur somewhere on the page. subject_type corrected to 'fund' on every partnership row: both lanes wrote 'investment', but the entity column is headed 'Partnership' and each row is a named vehicle the fund committed capital to, not a holding inside one.; Source review: p1: Retirement Fund (The portfolio report distinguishes investor positions from its aggregate rows.) | p1: Retirement Fund (Printed heading or definition supporting the source-reviewed qualifier.) | p1: Retirement Fund (Supersedes SR2131: the printed entity or table label is context, not a measurement basis; source labels retain its scope.)",RESOLVED,A+B+ADJUDICATOR,504abfe06fcde5e187ef74247e28f97eecec00313f5079c91e05fbdaea023159
4007ceb63dfac81f0ff1,SRC058,1,PAIR_5F93CF9F61856D273357255B,CONTEXT_CONFLICT,279,281,source_section|source_table|asset_class|currency_scale|evidence_quote,MERGE,"MERGE, one ruling applied to every paired row because the two lanes differ the same way on all of them and neither is complete. From B: source_section, which A left blank on all three pages although 'Real Estate Portfolio' is printed above the table on pages 1 and 2 and 'REITS' and 'Separate Accounts' above their own tables on page 3; source_table on pages 1 and 2, because A's 'UNTITLED_TABLE_1' is a placeholder the page never prints; and asset_class 'Real Estate', the printed grouping that governs every row. From A: source_column_label and metric_name 'Total Capital Contributed' and 'Total Capital Distributed', because the header wraps 'Total Capital' onto its own line above each of those two columns separately instead of spanning them, and page 3 prints 'Total Capital Distributed' on one line where both lanes agree; currency_scale, which A correctly leaves blank on irr and tvpi rows while B stamps '($ in millions)' onto a percentage and a multiple; and evidence_quote, because A cites the full printed partnership line while B cites the bare value, which proves only that those digits occur somewhere on the page. subject_type corrected to 'fund' on every partnership row: both lanes wrote 'investment', but the entity column is headed 'Partnership' and each row is a named vehicle the fund committed capital to, not a holding inside one.; Source review: p1: IRR (All report pages were reviewed; no fee-basis statement qualifies this IRR.)",RESOLVED,A+B+ADJUDICATOR,504abfe06fcde5e187ef74247e28f97eecec00313f5079c91e05fbdaea023159
c7d9495142f2bd18368c,SRC058,1,PAIR_540F5943DDEA2ABCB21F44D7,CONTEXT_CONFLICT,280,278,source_section|source_table|source_column_label|asset_class|metric_name|evidence_quote,MERGE,"MERGE, one ruling applied to every paired row because the two lanes differ the same way on all of them and neither is complete. From B: source_section, which A left blank on all three pages although 'Real Estate Portfolio' is printed above the table on pages 1 and 2 and 'REITS' and 'Separate Accounts' above their own tables on page 3; source_table on pages 1 and 2, because A's 'UNTITLED_TABLE_1' is a placeholder the page never prints; and asset_class 'Real Estate', the printed grouping that governs every row. From A: source_column_label and metric_name 'Total Capital Contributed' and 'Total Capital Distributed', because the header wraps 'Total Capital' onto its own line above each of those two columns separately instead of spanning them, and page 3 prints 'Total Capital Distributed' on one line where both lanes agree; currency_scale, which A correctly leaves blank on irr and tvpi rows while B stamps '($ in millions)' onto a percentage and a multiple; and evidence_quote, because A cites the full printed partnership line while B cites the bare value, which proves only that those digits occur somewhere on the page. subject_type corrected to 'fund' on every partnership row: both lanes wrote 'investment', but the entity column is headed 'Partnership' and each row is a named vehicle the fund committed capital to, not a holding inside one.",RESOLVED,A+B+ADJUDICATOR,504abfe06fcde5e187ef74247e28f97eecec00313f5079c91e05fbdaea023159
21688014931b77dc570f,SRC058,1,PAIR_6AF2307962350080B8C6E43C,CONTEXT_CONFLICT,281,279,source_section|source_table|source_column_label|asset_class|metric_name|evidence_quote,MERGE,"MERGE, one ruling applied to every paired row because the two lanes differ the same way on all of them and neither is complete. From B: source_section, which A left blank on all three pages although 'Real Estate Portfolio' is printed above the table on pages 1 and 2 and 'REITS' and 'Separate Accounts' above their own tables on page 3; source_table on pages 1 and 2, because A's 'UNTITLED_TABLE_1' is a placeholder the page never prints; and asset_class 'Real Estate', the printed grouping that governs every row. From A: source_column_label and metric_name 'Total Capital Contributed' and 'Total Capital Distributed', because the header wraps 'Total Capital' onto its own line above each of those two columns separately instead of spanning them, and page 3 prints 'Total Capital Distributed' on one line where both lanes agree; currency_scale, which A correctly leaves blank on irr and tvpi rows while B stamps '($ in millions)' onto a percentage and a multiple; and evidence_quote, because A cites the full printed partnership line while B cites the bare value, which proves only that those digits occur somewhere on the page. subject_type corrected to 'fund' on every partnership row: both lanes wrote 'investment', but the entity column is headed 'Partnership' and each row is a named vehicle the fund committed capital to, not a holding inside one.",RESOLVED,A+B+ADJUDICATOR,504abfe06fcde5e187ef74247e28f97eecec00313f5079c91e05fbdaea023159
57d74e31003c15c538fa,SRC058,1,PAIR_31B0A04F4AC1273C321C3295,CONTEXT_CONFLICT,282,282,source_section|source_table|asset_class|currency_scale|evidence_quote,MERGE,"MERGE, one ruling applied to every paired row because the two lanes differ the same way on all of them and neither is complete. From B: source_section, which A left blank on all three pages although 'Real Estate Portfolio' is printed above the table on pages 1 and 2 and 'REITS' and 'Separate Accounts' above their own tables on page 3; source_table on pages 1 and 2, because A's 'UNTITLED_TABLE_1' is a placeholder the page never prints; and asset_class 'Real Estate', the printed grouping that governs every row. From A: source_column_label and metric_name 'Total Capital Contributed' and 'Total Capital Distributed', because the header wraps 'Total Capital' onto its own line above each of those two columns separately instead of spanning them, and page 3 prints 'Total Capital Distributed' on one line where both lanes agree; currency_scale, which A correctly leaves blank on irr and tvpi rows while B stamps '($ in millions)' onto a percentage and a multiple; and evidence_quote, because A cites the full printed partnership line while B cites the bare value, which proves only that those digits occur somewhere on the page. subject_type corrected to 'fund' on every partnership row: both lanes wrote 'investment', but the entity column is headed 'Partnership' and each row is a named vehicle the fund committed capital to, not a holding inside one.",RESOLVED,A+B+ADJUDICATOR,504abfe06fcde5e187ef74247e28f97eecec00313f5079c91e05fbdaea023159
34d164746d1b21432154,SRC058,1,PAIR_62F78DED32E01E79F8B611F9,CONTEXT_CONFLICT,283,283,source_section|source_table|asset_class|evidence_quote,MERGE,"MERGE, one ruling applied to every paired row because the two lanes differ the same way on all of them and neither is complete. From B: source_section, which A left blank on all three pages although 'Real Estate Portfolio' is printed above the table on pages 1 and 2 and 'REITS' and 'Separate Accounts' above their own tables on page 3; source_table on pages 1 and 2, because A's 'UNTITLED_TABLE_1' is a placeholder the page never prints; and asset_class 'Real Estate', the printed grouping that governs every row. From A: source_column_label and metric_name 'Total Capital Contributed' and 'Total Capital Distributed', because the header wraps 'Total Capital' onto its own line above each of those two columns separately instead of spanning them, and page 3 prints 'Total Capital Distributed' on one line where both lanes agree; currency_scale, which A correctly leaves blank on irr and tvpi rows while B stamps '($ in millions)' onto a percentage and a multiple; and evidence_quote, because A cites the full printed partnership line while B cites the bare value, which proves only that those digits occur somewhere on the page. subject_type corrected to 'fund' on every partnership row: both lanes wrote 'investment', but the entity column is headed 'Partnership' and each row is a named vehicle the fund committed capital to, not a holding inside one.",RESOLVED,A+B+ADJUDICATOR,504abfe06fcde5e187ef74247e28f97eecec00313f5079c91e05fbdaea023159
77a2abc5c94278356815,SRC058,1,PAIR_E6F2D55104CDCE92B123F738,CONTEXT_CONFLICT,284,286,source_section|source_table|asset_class|evidence_quote,MERGE,"MERGE, one ruling applied to every paired row because the two lanes differ the same way on all of them and neither is complete. From B: source_section, which A left blank on all three pages although 'Real Estate Portfolio' is printed above the table on pages 1 and 2 and 'REITS' and 'Separate Accounts' above their own tables on page 3; source_table on pages 1 and 2, because A's 'UNTITLED_TABLE_1' is a placeholder the page never prints; and asset_class 'Real Estate', the printed grouping that governs every row. From A: source_column_label and metric_name 'Total Capital Contributed' and 'Total Capital Distributed', because the header wraps 'Total Capital' onto its own line above each of those two columns separately instead of spanning them, and page 3 prints 'Total Capital Distributed' on one line where both lanes agree; currency_scale, which A correctly leaves blank on irr and tvpi rows while B stamps '($ in millions)' onto a percentage and a multiple; and evidence_quote, because A cites the full printed partnership line while B cites the bare value, which proves only that those digits occur somewhere on the page. subject_type corrected to 'fund' on every partnership row: both lanes wrote 'investment', but the entity column is headed 'Partnership' and each row is a named vehicle the fund committed capital to, not a holding inside one.; Source review: p1: Retirement Fund (The portfolio report distinguishes investor positions from its aggregate rows.) | p1: Retirement Fund (Printed heading or definition supporting the source-reviewed qualifier.) | p1: Retirement Fund (Supersedes SR2132: the printed entity or table label is context, not a measurement basis; source labels retain its scope.)",RESOLVED,A+B+ADJUDICATOR,504abfe06fcde5e187ef74247e28f97eecec00313f5079c91e05fbdaea023159
d634595851b27a18cf85,SRC058,1,PAIR_0BE97134FEF0A93BA6F9554A,CONTEXT_CONFLICT,285,284,source_section|source_table|source_column_label|asset_class|metric_name|evidence_quote,MERGE,"MERGE, one ruling applied to every paired row because the two lanes differ the same way on all of them and neither is complete. From B: source_section, which A left blank on all three pages although 'Real Estate Portfolio' is printed above the table on pages 1 and 2 and 'REITS' and 'Separate Accounts' above their own tables on page 3; source_table on pages 1 and 2, because A's 'UNTITLED_TABLE_1' is a placeholder the page never prints; and asset_class 'Real Estate', the printed grouping that governs every row. From A: source_column_label and metric_name 'Total Capital Contributed' and 'Total Capital Distributed', because the header wraps 'Total Capital' onto its own line above each of those two columns separately instead of spanning them, and page 3 prints 'Total Capital Distributed' on one line where both lanes agree; currency_scale, which A correctly leaves blank on irr and tvpi rows while B stamps '($ in millions)' onto a percentage and a multiple; and evidence_quote, because A cites the full printed partnership line while B cites the bare value, which proves only that those digits occur somewhere on the page. subject_type corrected to 'fund' on every partnership row: both lanes wrote 'investment', but the entity column is headed 'Partnership' and each row is a named vehicle the fund committed capital to, not a holding inside one.",RESOLVED,A+B+ADJUDICATOR,504abfe06fcde5e187ef74247e28f97eecec00313f5079c91e05fbdaea023159
0eb7faa09c05417b1a7d,SRC058,1,PAIR_F851A4BCEAD5EFC6411A127E,CONTEXT_CONFLICT,286,285,source_section|source_table|source_column_label|asset_class|metric_name|evidence_quote,MERGE,"MERGE, one ruling applied to every paired row because the two lanes differ the same way on all of them and neither is complete. From B: source_section, which A left blank on all three pages although 'Real Estate Portfolio' is printed above the table on pages 1 and 2 and 'REITS' and 'Separate Accounts' above their own tables on page 3; source_table on pages 1 and 2, because A's 'UNTITLED_TABLE_1' is a placeholder the page never prints; and asset_class 'Real Estate', the printed grouping that governs every row. From A: source_column_label and metric_name 'Total Capital Contributed' and 'Total Capital Distributed', because the header wraps 'Total Capital' onto its own line above each of those two columns separately instead of spanning them, and page 3 prints 'Total Capital Distributed' on one line where both lanes agree; currency_scale, which A correctly leaves blank on irr and tvpi rows while B stamps '($ in millions)' onto a percentage and a multiple; and evidence_quote, because A cites the full printed partnership line while B cites the bare value, which proves only that those digits occur somewhere on the page. subject_type corrected to 'fund' on every partnership row: both lanes wrote 'investment', but the entity column is headed 'Partnership' and each row is a named vehicle the fund committed capital to, not a holding inside one.",RESOLVED,A+B+ADJUDICATOR,504abfe06fcde5e187ef74247e28f97eecec00313f5079c91e05fbdaea023159
b4ea2058fe6eec259d54,SRC058,1,PAIR_9F822E42C180679141BF558A,CONTEXT_CONFLICT,287,287,source_section|source_table|asset_class|currency_scale|evidence_quote,MERGE,"MERGE, one ruling applied to every paired row because the two lanes differ the same way on all of them and neither is complete. From B: source_section, which A left blank on all three pages although 'Real Estate Portfolio' is printed above the table on pages 1 and 2 and 'REITS' and 'Separate Accounts' above their own tables on page 3; source_table on pages 1 and 2, because A's 'UNTITLED_TABLE_1' is a placeholder the page never prints; and asset_class 'Real Estate', the printed grouping that governs every row. From A: source_column_label and metric_name 'Total Capital Contributed' and 'Total Capital Distributed', because the header wraps 'Total Capital' onto its own line above each of those two columns separately instead of spanning them, and page 3 prints 'Total Capital Distributed' on one line where both lanes agree; currency_scale, which A correctly leaves blank on irr and tvpi rows while B stamps '($ in millions)' onto a percentage and a multiple; and evidence_quote, because A cites the full printed partnership line while B cites the bare value, which proves only that those digits occur somewhere on the page. subject_type corrected to 'fund' on every partnership row: both lanes wrote 'investment', but the entity column is headed 'Partnership' and each row is a named vehicle the fund committed capital to, not a holding inside one.",RESOLVED,A+B+ADJUDICATOR,504abfe06fcde5e187ef74247e28f97eecec00313f5079c91e05fbdaea023159
471b0704a2df7d32206d,SRC058,1,PAIR_D9BC5831D14FDF17CFBD6758,CONTEXT_CONFLICT,288,288,source_section|source_table|asset_class|evidence_quote,MERGE,"MERGE, one ruling applied to every paired row because the two lanes differ the same way on all of them and neither is complete. From B: source_section, which A left blank on all three pages although 'Real Estate Portfolio' is printed above the table on pages 1 and 2 and 'REITS' and 'Separate Accounts' above their own tables on page 3; source_table on pages 1 and 2, because A's 'UNTITLED_TABLE_1' is a placeholder the page never prints; and asset_class 'Real Estate', the printed grouping that governs every row. From A: source_column_label and metric_name 'Total Capital Contributed' and 'Total Capital Distributed', because the header wraps 'Total Capital' onto its own line above each of those two columns separately instead of spanning them, and page 3 prints 'Total Capital Distributed' on one line where both lanes agree; currency_scale, which A correctly leaves blank on irr and tvpi rows while B stamps '($ in millions)' onto a percentage and a multiple; and evidence_quote, because A cites the full printed partnership line while B cites the bare value, which proves only that those digits occur somewhere on the page. subject_type corrected to 'fund' on every partnership row: both lanes wrote 'investment', but the entity column is headed 'Partnership' and each row is a named vehicle the fund committed capital to, not a holding inside one.",RESOLVED,A+B+ADJUDICATOR,504abfe06fcde5e187ef74247e28f97eecec00313f5079c91e05fbdaea023159
b862ee001f86a5775aa7,SRC058,1,PAIR_804AB7B9FF797103DDD4537B,CONTEXT_CONFLICT,289,291,source_section|source_table|asset_class|evidence_quote,MERGE,"MERGE, one ruling applied to every paired row because the two lanes differ the same way on all of them and neither is complete. From B: source_section, which A left blank on all three pages although 'Real Estate Portfolio' is printed above the table on pages 1 and 2 and 'REITS' and 'Separate Accounts' above their own tables on page 3; source_table on pages 1 and 2, because A's 'UNTITLED_TABLE_1' is a placeholder the page never prints; and asset_class 'Real Estate', the printed grouping that governs every row. From A: source_column_label and metric_name 'Total Capital Contributed' and 'Total Capital Distributed', because the header wraps 'Total Capital' onto its own line above each of those two columns separately instead of spanning them, and page 3 prints 'Total Capital Distributed' on one line where both lanes agree; currency_scale, which A correctly leaves blank on irr and tvpi rows while B stamps '($ in millions)' onto a percentage and a multiple; and evidence_quote, because A cites the full printed partnership line while B cites the bare value, which proves only that those digits occur somewhere on the page. subject_type corrected to 'fund' on every partnership row: both lanes wrote 'investment', but the entity column is headed 'Partnership' and each row is a named vehicle the fund committed capital to, not a holding inside one.; Source review: p1: Retirement Fund (The portfolio report distinguishes investor positions from its aggregate rows.) | p1: Retirement Fund (Printed heading or definition supporting the source-reviewed qualifier.) | p1: Retirement Fund (Supersedes SR2133: the printed entity or table label is context, not a measurement basis; source labels retain its scope.)",RESOLVED,A+B+ADJUDICATOR,504abfe06fcde5e187ef74247e28f97eecec00313f5079c91e05fbdaea023159
14a62d67aeb5cab4f2ac,SRC058,1,PAIR_D544225E49F294C589AD4899,CONTEXT_CONFLICT,290,292,source_section|source_table|asset_class|currency_scale|evidence_quote,MERGE,"MERGE, one ruling applied to every paired row because the two lanes differ the same way on all of them and neither is complete. From B: source_section, which A left blank on all three pages although 'Real Estate Portfolio' is printed above the table on pages 1 and 2 and 'REITS' and 'Separate Accounts' above their own tables on page 3; source_table on pages 1 and 2, because A's 'UNTITLED_TABLE_1' is a placeholder the page never prints; and asset_class 'Real Estate', the printed grouping that governs every row. From A: source_column_label and metric_name 'Total Capital Contributed' and 'Total Capital Distributed', because the header wraps 'Total Capital' onto its own line above each of those two columns separately instead of spanning them, and page 3 prints 'Total Capital Distributed' on one line where both lanes agree; currency_scale, which A correctly leaves blank on irr and tvpi rows while B stamps '($ in millions)' onto a percentage and a multiple; and evidence_quote, because A cites the full printed partnership line while B cites the bare value, which proves only that those digits occur somewhere on the page. subject_type corrected to 'fund' on every partnership row: both lanes wrote 'investment', but the entity column is headed 'Partnership' and each row is a named vehicle the fund committed capital to, not a holding inside one.; Source review: p1: IRR (All report pages were reviewed; no fee-basis statement qualifies this IRR.)",RESOLVED,A+B+ADJUDICATOR,504abfe06fcde5e187ef74247e28f97eecec00313f5079c91e05fbdaea023159
68ca484f0668e32f018a,SRC058,1,PAIR_7BE8EF13C614C87991B10768,CONTEXT_CONFLICT,291,289,source_section|source_table|source_column_label|asset_class|metric_name|evidence_quote,MERGE,"MERGE, one ruling applied to every paired row because the two lanes differ the same way on all of them and neither is complete. From B: source_section, which A left blank on all three pages although 'Real Estate Portfolio' is printed above the table on pages 1 and 2 and 'REITS' and 'Separate Accounts' above their own tables on page 3; source_table on pages 1 and 2, because A's 'UNTITLED_TABLE_1' is a placeholder the page never prints; and asset_class 'Real Estate', the printed grouping that governs every row. From A: source_column_label and metric_name 'Total Capital Contributed' and 'Total Capital Distributed', because the header wraps 'Total Capital' onto its own line above each of those two columns separately instead of spanning them, and page 3 prints 'Total Capital Distributed' on one line where both lanes agree; currency_scale, which A correctly leaves blank on irr and tvpi rows while B stamps '($ in millions)' onto a percentage and a multiple; and evidence_quote, because A cites the full printed partnership line while B cites the bare value, which proves only that those digits occur somewhere on the page. subject_type corrected to 'fund' on every partnership row: both lanes wrote 'investment', but the entity column is headed 'Partnership' and each row is a named vehicle the fund committed capital to, not a holding inside one.",RESOLVED,A+B+ADJUDICATOR,504abfe06fcde5e187ef74247e28f97eecec00313f5079c91e05fbdaea023159
6e7f6ab9131ebcfe413a,SRC058,1,PAIR_E200F438812C4509D441BC6A,CONTEXT_CONFLICT,292,290,source_section|source_table|source_column_label|asset_class|metric_name|evidence_quote,MERGE,"MERGE, one ruling applied to every paired row because the two lanes differ the same way on all of them and neither is complete. From B: source_section, which A left blank on all three pages although 'Real Estate Portfolio' is printed above the table on pages 1 and 2 and 'REITS' and 'Separate Accounts' above their own tables on page 3; source_table on pages 1 and 2, because A's 'UNTITLED_TABLE_1' is a placeholder the page never prints; and asset_class 'Real Estate', the printed grouping that governs every row. From A: source_column_label and metric_name 'Total Capital Contributed' and 'Total Capital Distributed', because the header wraps 'Total Capital' onto its own line above each of those two columns separately instead of spanning them, and page 3 prints 'Total Capital Distributed' on one line where both lanes agree; currency_scale, which A correctly leaves blank on irr and tvpi rows while B stamps '($ in millions)' onto a percentage and a multiple; and evidence_quote, because A cites the full printed partnership line while B cites the bare value, which proves only that those digits occur somewhere on the page. subject_type corrected to 'fund' on every partnership row: both lanes wrote 'investment', but the entity column is headed 'Partnership' and each row is a named vehicle the fund committed capital to, not a holding inside one.",RESOLVED,A+B+ADJUDICATOR,504abfe06fcde5e187ef74247e28f97eecec00313f5079c91e05fbdaea023159
bd64cc432d25b55205aa,SRC058,1,PAIR_F13F4398D2F843A6CCC490B2,CONTEXT_CONFLICT,293,293,source_section|source_table|asset_class|currency_scale|evidence_quote,MERGE,"MERGE, one ruling applied to every paired row because the two lanes differ the same way on all of them and neither is complete. From B: source_section, which A left blank on all three pages although 'Real Estate Portfolio' is printed above the table on pages 1 and 2 and 'REITS' and 'Separate Accounts' above their own tables on page 3; source_table on pages 1 and 2, because A's 'UNTITLED_TABLE_1' is a placeholder the page never prints; and asset_class 'Real Estate', the printed grouping that governs every row. From A: source_column_label and metric_name 'Total Capital Contributed' and 'Total Capital Distributed', because the header wraps 'Total Capital' onto its own line above each of those two columns separately instead of spanning them, and page 3 prints 'Total Capital Distributed' on one line where both lanes agree; currency_scale, which A correctly leaves blank on irr and tvpi rows while B stamps '($ in millions)' onto a percentage and a multiple; and evidence_quote, because A cites the full printed partnership line while B cites the bare value, which proves only that those digits occur somewhere on the page. subject_type corrected to 'fund' on every partnership row: both lanes wrote 'investment', but the entity column is headed 'Partnership' and each row is a named vehicle the fund committed capital to, not a holding inside one.",RESOLVED,A+B+ADJUDICATOR,504abfe06fcde5e187ef74247e28f97eecec00313f5079c91e05fbdaea023159
6a9b46619cb83142c6dd,SRC058,1,PAIR_C6F3CD9344031ACE1736B702,CONTEXT_CONFLICT,294,294,source_section|source_table|asset_class|evidence_quote,MERGE,"MERGE, one ruling applied to every paired row because the two lanes differ the same way on all of them and neither is complete. From B: source_section, which A left blank on all three pages although 'Real Estate Portfolio' is printed above the table on pages 1 and 2 and 'REITS' and 'Separate Accounts' above their own tables on page 3; source_table on pages 1 and 2, because A's 'UNTITLED_TABLE_1' is a placeholder the page never prints; and asset_class 'Real Estate', the printed grouping that governs every row. From A: source_column_label and metric_name 'Total Capital Contributed' and 'Total Capital Distributed', because the header wraps 'Total Capital' onto its own line above each of those two columns separately instead of spanning them, and page 3 prints 'Total Capital Distributed' on one line where both lanes agree; currency_scale, which A correctly leaves blank on irr and tvpi rows while B stamps '($ in millions)' onto a percentage and a multiple; and evidence_quote, because A cites the full printed partnership line while B cites the bare value, which proves only that those digits occur somewhere on the page. subject_type corrected to 'fund' on every partnership row: both lanes wrote 'investment', but the entity column is headed 'Partnership' and each row is a named vehicle the fund committed capital to, not a holding inside one.",RESOLVED,A+B+ADJUDICATOR,504abfe06fcde5e187ef74247e28f97eecec00313f5079c91e05fbdaea023159
3f4cb212f6229a711234,SRC058,1,PAIR_163EC225E89C8A90ED2C4ECE,CONTEXT_CONFLICT,295,297,source_section|source_table|asset_class|evidence_quote,MERGE,"MERGE, one ruling applied to every paired row because the two lanes differ the same way on all of them and neither is complete. From B: source_section, which A left blank on all three pages although 'Real Estate Portfolio' is printed above the table on pages 1 and 2 and 'REITS' and 'Separate Accounts' above their own tables on page 3; source_table on pages 1 and 2, because A's 'UNTITLED_TABLE_1' is a placeholder the page never prints; and asset_class 'Real Estate', the printed grouping that governs every row. From A: source_column_label and metric_name 'Total Capital Contributed' and 'Total Capital Distributed', because the header wraps 'Total Capital' onto its own line above each of those two columns separately instead of spanning them, and page 3 prints 'Total Capital Distributed' on one line where both lanes agree; currency_scale, which A correctly leaves blank on irr and tvpi rows while B stamps '($ in millions)' onto a percentage and a multiple; and evidence_quote, because A cites the full printed partnership line while B cites the bare value, which proves only that those digits occur somewhere on the page. subject_type corrected to 'fund' on every partnership row: both lanes wrote 'investment', but the entity column is headed 'Partnership' and each row is a named vehicle the fund committed capital to, not a holding inside one.; Source review: p1: Retirement Fund (The portfolio report distinguishes investor positions from its aggregate rows.) | p1: Retirement Fund (Printed heading or definition supporting the source-reviewed qualifier.) | p1: Retirement Fund (Supersedes SR2134: the printed entity or table label is context, not a measurement basis; source labels retain its scope.)",RESOLVED,A+B+ADJUDICATOR,504abfe06fcde5e187ef74247e28f97eecec00313f5079c91e05fbdaea023159
0dbc565342b30e66d0e4,SRC058,1,PAIR_D5C5F57C7C2A7704FDCE2AD3,CONTEXT_CONFLICT,296,298,source_section|source_table|asset_class|currency_scale|evidence_quote,MERGE,"MERGE, one ruling applied to every paired row because the two lanes differ the same way on all of them and neither is complete. From B: source_section, which A left blank on all three pages although 'Real Estate Portfolio' is printed above the table on pages 1 and 2 and 'REITS' and 'Separate Accounts' above their own tables on page 3; source_table on pages 1 and 2, because A's 'UNTITLED_TABLE_1' is a placeholder the page never prints; and asset_class 'Real Estate', the printed grouping that governs every row. From A: source_column_label and metric_name 'Total Capital Contributed' and 'Total Capital Distributed', because the header wraps 'Total Capital' onto its own line above each of those two columns separately instead of spanning them, and page 3 prints 'Total Capital Distributed' on one line where both lanes agree; currency_scale, which A correctly leaves blank on irr and tvpi rows while B stamps '($ in millions)' onto a percentage and a multiple; and evidence_quote, because A cites the full printed partnership line while B cites the bare value, which proves only that those digits occur somewhere on the page. subject_type corrected to 'fund' on every partnership row: both lanes wrote 'investment', but the entity column is headed 'Partnership' and each row is a named vehicle the fund committed capital to, not a holding inside one.; Source review: p1: IRR (All report pages were reviewed; no fee-basis statement qualifies this IRR.)",RESOLVED,A+B+ADJUDICATOR,504abfe06fcde5e187ef74247e28f97eecec00313f5079c91e05fbdaea023159
819c3b8dcf6acf026b56,SRC058,1,PAIR_D9DBBDB95C1EF958F3B03DBE,CONTEXT_CONFLICT,297,295,source_section|source_table|source_column_label|asset_class|metric_name|evidence_quote,MERGE,"MERGE, one ruling applied to every paired row because the two lanes differ the same way on all of them and neither is complete. From B: source_section, which A left blank on all three pages although 'Real Estate Portfolio' is printed above the table on pages 1 and 2 and 'REITS' and 'Separate Accounts' above their own tables on page 3; source_table on pages 1 and 2, because A's 'UNTITLED_TABLE_1' is a placeholder the page never prints; and asset_class 'Real Estate', the printed grouping that governs every row. From A: source_column_label and metric_name 'Total Capital Contributed' and 'Total Capital Distributed', because the header wraps 'Total Capital' onto its own line above each of those two columns separately instead of spanning them, and page 3 prints 'Total Capital Distributed' on one line where both lanes agree; currency_scale, which A correctly leaves blank on irr and tvpi rows while B stamps '($ in millions)' onto a percentage and a multiple; and evidence_quote, because A cites the full printed partnership line while B cites the bare value, which proves only that those digits occur somewhere on the page. subject_type corrected to 'fund' on every partnership row: both lanes wrote 'investment', but the entity column is headed 'Partnership' and each row is a named vehicle the fund committed capital to, not a holding inside one.",RESOLVED,A+B+ADJUDICATOR,504abfe06fcde5e187ef74247e28f97eecec00313f5079c91e05fbdaea023159
939f03d2bf6c7a7197cc,SRC058,1,PAIR_0E09E0A784A700E68DE394A7,CONTEXT_CONFLICT,298,296,source_section|source_table|source_column_label|asset_class|metric_name|evidence_quote,MERGE,"MERGE, one ruling applied to every paired row because the two lanes differ the same way on all of them and neither is complete. From B: source_section, which A left blank on all three pages although 'Real Estate Portfolio' is printed above the table on pages 1 and 2 and 'REITS' and 'Separate Accounts' above their own tables on page 3; source_table on pages 1 and 2, because A's 'UNTITLED_TABLE_1' is a placeholder the page never prints; and asset_class 'Real Estate', the printed grouping that governs every row. From A: source_column_label and metric_name 'Total Capital Contributed' and 'Total Capital Distributed', because the header wraps 'Total Capital' onto its own line above each of those two columns separately instead of spanning them, and page 3 prints 'Total Capital Distributed' on one line where both lanes agree; currency_scale, which A correctly leaves blank on irr and tvpi rows while B stamps '($ in millions)' onto a percentage and a multiple; and evidence_quote, because A cites the full printed partnership line while B cites the bare value, which proves only that those digits occur somewhere on the page. subject_type corrected to 'fund' on every partnership row: both lanes wrote 'investment', but the entity column is headed 'Partnership' and each row is a named vehicle the fund committed capital to, not a holding inside one.",RESOLVED,A+B+ADJUDICATOR,504abfe06fcde5e187ef74247e28f97eecec00313f5079c91e05fbdaea023159
de005463dae77aee1bd2,SRC058,1,PAIR_0EA3FF12B560EBB843DBD799,CONTEXT_CONFLICT,299,299,source_section|source_table|asset_class|currency_scale|evidence_quote,MERGE,"MERGE, one ruling applied to every paired row because the two lanes differ the same way on all of them and neither is complete. From B: source_section, which A left blank on all three pages although 'Real Estate Portfolio' is printed above the table on pages 1 and 2 and 'REITS' and 'Separate Accounts' above their own tables on page 3; source_table on pages 1 and 2, because A's 'UNTITLED_TABLE_1' is a placeholder the page never prints; and asset_class 'Real Estate', the printed grouping that governs every row. From A: source_column_label and metric_name 'Total Capital Contributed' and 'Total Capital Distributed', because the header wraps 'Total Capital' onto its own line above each of those two columns separately instead of spanning them, and page 3 prints 'Total Capital Distributed' on one line where both lanes agree; currency_scale, which A correctly leaves blank on irr and tvpi rows while B stamps '($ in millions)' onto a percentage and a multiple; and evidence_quote, because A cites the full printed partnership line while B cites the bare value, which proves only that those digits occur somewhere on the page. subject_type corrected to 'fund' on every partnership row: both lanes wrote 'investment', but the entity column is headed 'Partnership' and each row is a named vehicle the fund committed capital to, not a holding inside one.",RESOLVED,A+B+ADJUDICATOR,504abfe06fcde5e187ef74247e28f97eecec00313f5079c91e05fbdaea023159
b738f6f6aa569250ff97,SRC058,1,PAIR_CDD13D2783579EB6DF5BEB2F,CONTEXT_CONFLICT,300,300,source_section|source_table|asset_class|evidence_quote,MERGE,"MERGE, one ruling applied to every paired row because the two lanes differ the same way on all of them and neither is complete. From B: source_section, which A left blank on all three pages although 'Real Estate Portfolio' is printed above the table on pages 1 and 2 and 'REITS' and 'Separate Accounts' above their own tables on page 3; source_table on pages 1 and 2, because A's 'UNTITLED_TABLE_1' is a placeholder the page never prints; and asset_class 'Real Estate', the printed grouping that governs every row. From A: source_column_label and metric_name 'Total Capital Contributed' and 'Total Capital Distributed', because the header wraps 'Total Capital' onto its own line above each of those two columns separately instead of spanning them, and page 3 prints 'Total Capital Distributed' on one line where both lanes agree; currency_scale, which A correctly leaves blank on irr and tvpi rows while B stamps '($ in millions)' onto a percentage and a multiple; and evidence_quote, because A cites the full printed partnership line while B cites the bare value, which proves only that those digits occur somewhere on the page. subject_type corrected to 'fund' on every partnership row: both lanes wrote 'investment', but the entity column is headed 'Partnership' and each row is a named vehicle the fund committed capital to, not a holding inside one.",RESOLVED,A+B+ADJUDICATOR,504abfe06fcde5e187ef74247e28f97eecec00313f5079c91e05fbdaea023159
6d73d5278859ef0a57fa,SRC058,1,PAIR_5E97F6D0ED3CF006F9A27467,CONTEXT_CONFLICT,301,303,source_section|source_table|asset_class|evidence_quote,MERGE,"MERGE, one ruling applied to every paired row because the two lanes differ the same way on all of them and neither is complete. From B: source_section, which A left blank on all three pages although 'Real Estate Portfolio' is printed above the table on pages 1 and 2 and 'REITS' and 'Separate Accounts' above their own tables on page 3; source_table on pages 1 and 2, because A's 'UNTITLED_TABLE_1' is a placeholder the page never prints; and asset_class 'Real Estate', the printed grouping that governs every row. From A: source_column_label and metric_name 'Total Capital Contributed' and 'Total Capital Distributed', because the header wraps 'Total Capital' onto its own line above each of those two columns separately instead of spanning them, and page 3 prints 'Total Capital Distributed' on one line where both lanes agree; currency_scale, which A correctly leaves blank on irr and tvpi rows while B stamps '($ in millions)' onto a percentage and a multiple; and evidence_quote, because A cites the full printed partnership line while B cites the bare value, which proves only that those digits occur somewhere on the page. subject_type corrected to 'fund' on every partnership row: both lanes wrote 'investment', but the entity column is headed 'Partnership' and each row is a named vehicle the fund committed capital to, not a holding inside one.; Source review: p1: Retirement Fund (The portfolio report distinguishes investor positions from its aggregate rows.) | p1: Retirement Fund (Printed heading or definition supporting the source-reviewed qualifier.) | p1: Retirement Fund (Supersedes SR2135: the printed entity or table label is context, not a measurement basis; source labels retain its scope.)",RESOLVED,A+B+ADJUDICATOR,504abfe06fcde5e187ef74247e28f97eecec00313f5079c91e05fbdaea023159
2d9e78e2f389e38d1606,SRC058,1,PAIR_E64E4526105883BB004AB056,CONTEXT_CONFLICT,302,304,source_section|source_table|asset_class|currency_scale|evidence_quote,MERGE,"MERGE, one ruling applied to every paired row because the two lanes differ the same way on all of them and neither is complete. From B: source_section, which A left blank on all three pages although 'Real Estate Portfolio' is printed above the table on pages 1 and 2 and 'REITS' and 'Separate Accounts' above their own tables on page 3; source_table on pages 1 and 2, because A's 'UNTITLED_TABLE_1' is a placeholder the page never prints; and asset_class 'Real Estate', the printed grouping that governs every row. From A: source_column_label and metric_name 'Total Capital Contributed' and 'Total Capital Distributed', because the header wraps 'Total Capital' onto its own line above each of those two columns separately instead of spanning them, and page 3 prints 'Total Capital Distributed' on one line where both lanes agree; currency_scale, which A correctly leaves blank on irr and tvpi rows while B stamps '($ in millions)' onto a percentage and a multiple; and evidence_quote, because A cites the full printed partnership line while B cites the bare value, which proves only that those digits occur somewhere on the page. subject_type corrected to 'fund' on every partnership row: both lanes wrote 'investment', but the entity column is headed 'Partnership' and each row is a named vehicle the fund committed capital to, not a holding inside one.; Source review: p1: IRR (All report pages were reviewed; no fee-basis statement qualifies this IRR.)",RESOLVED,A+B+ADJUDICATOR,504abfe06fcde5e187ef74247e28f97eecec00313f5079c91e05fbdaea023159
2daa139832eb8368eedc,SRC058,1,PAIR_3213B943AB17BC9C0ECF7406,CONTEXT_CONFLICT,303,301,source_section|source_table|source_column_label|asset_class|metric_name|evidence_quote,MERGE,"MERGE, one ruling applied to every paired row because the two lanes differ the same way on all of them and neither is complete. From B: source_section, which A left blank on all three pages although 'Real Estate Portfolio' is printed above the table on pages 1 and 2 and 'REITS' and 'Separate Accounts' above their own tables on page 3; source_table on pages 1 and 2, because A's 'UNTITLED_TABLE_1' is a placeholder the page never prints; and asset_class 'Real Estate', the printed grouping that governs every row. From A: source_column_label and metric_name 'Total Capital Contributed' and 'Total Capital Distributed', because the header wraps 'Total Capital' onto its own line above each of those two columns separately instead of spanning them, and page 3 prints 'Total Capital Distributed' on one line where both lanes agree; currency_scale, which A correctly leaves blank on irr and tvpi rows while B stamps '($ in millions)' onto a percentage and a multiple; and evidence_quote, because A cites the full printed partnership line while B cites the bare value, which proves only that those digits occur somewhere on the page. subject_type corrected to 'fund' on every partnership row: both lanes wrote 'investment', but the entity column is headed 'Partnership' and each row is a named vehicle the fund committed capital to, not a holding inside one.",RESOLVED,A+B+ADJUDICATOR,504abfe06fcde5e187ef74247e28f97eecec00313f5079c91e05fbdaea023159
528538c070f7b06348db,SRC058,1,PAIR_275AF235527994FFE4D95496,CONTEXT_CONFLICT,304,302,source_section|source_table|source_column_label|asset_class|metric_name|evidence_quote,MERGE,"MERGE, one ruling applied to every paired row because the two lanes differ the same way on all of them and neither is complete. From B: source_section, which A left blank on all three pages although 'Real Estate Portfolio' is printed above the table on pages 1 and 2 and 'REITS' and 'Separate Accounts' above their own tables on page 3; source_table on pages 1 and 2, because A's 'UNTITLED_TABLE_1' is a placeholder the page never prints; and asset_class 'Real Estate', the printed grouping that governs every row. From A: source_column_label and metric_name 'Total Capital Contributed' and 'Total Capital Distributed', because the header wraps 'Total Capital' onto its own line above each of those two columns separately instead of spanning them, and page 3 prints 'Total Capital Distributed' on one line where both lanes agree; currency_scale, which A correctly leaves blank on irr and tvpi rows while B stamps '($ in millions)' onto a percentage and a multiple; and evidence_quote, because A cites the full printed partnership line while B cites the bare value, which proves only that those digits occur somewhere on the page. subject_type corrected to 'fund' on every partnership row: both lanes wrote 'investment', but the entity column is headed 'Partnership' and each row is a named vehicle the fund committed capital to, not a holding inside one.",RESOLVED,A+B+ADJUDICATOR,504abfe06fcde5e187ef74247e28f97eecec00313f5079c91e05fbdaea023159
aaa23a7c1f1b5e40e026,SRC058,1,PAIR_FA9A53EE1A37C586D4A7307A,CONTEXT_CONFLICT,305,305,source_section|source_table|asset_class|currency_scale|evidence_quote,MERGE,"MERGE, one ruling applied to every paired row because the two lanes differ the same way on all of them and neither is complete. From B: source_section, which A left blank on all three pages although 'Real Estate Portfolio' is printed above the table on pages 1 and 2 and 'REITS' and 'Separate Accounts' above their own tables on page 3; source_table on pages 1 and 2, because A's 'UNTITLED_TABLE_1' is a placeholder the page never prints; and asset_class 'Real Estate', the printed grouping that governs every row. From A: source_column_label and metric_name 'Total Capital Contributed' and 'Total Capital Distributed', because the header wraps 'Total Capital' onto its own line above each of those two columns separately instead of spanning them, and page 3 prints 'Total Capital Distributed' on one line where both lanes agree; currency_scale, which A correctly leaves blank on irr and tvpi rows while B stamps '($ in millions)' onto a percentage and a multiple; and evidence_quote, because A cites the full printed partnership line while B cites the bare value, which proves only that those digits occur somewhere on the page. subject_type corrected to 'fund' on every partnership row: both lanes wrote 'investment', but the entity column is headed 'Partnership' and each row is a named vehicle the fund committed capital to, not a holding inside one.",RESOLVED,A+B+ADJUDICATOR,504abfe06fcde5e187ef74247e28f97eecec00313f5079c91e05fbdaea023159
8eb142edb7aef2ce2633,SRC058,1,PAIR_40AB91232C965D47EAB591F2,CONTEXT_CONFLICT,306,306,source_section|source_table|asset_class|evidence_quote,MERGE,"MERGE, one ruling applied to every paired row because the two lanes differ the same way on all of them and neither is complete. From B: source_section, which A left blank on all three pages although 'Real Estate Portfolio' is printed above the table on pages 1 and 2 and 'REITS' and 'Separate Accounts' above their own tables on page 3; source_table on pages 1 and 2, because A's 'UNTITLED_TABLE_1' is a placeholder the page never prints; and asset_class 'Real Estate', the printed grouping that governs every row. From A: source_column_label and metric_name 'Total Capital Contributed' and 'Total Capital Distributed', because the header wraps 'Total Capital' onto its own line above each of those two columns separately instead of spanning them, and page 3 prints 'Total Capital Distributed' on one line where both lanes agree; currency_scale, which A correctly leaves blank on irr and tvpi rows while B stamps '($ in millions)' onto a percentage and a multiple; and evidence_quote, because A cites the full printed partnership line while B cites the bare value, which proves only that those digits occur somewhere on the page. subject_type corrected to 'fund' on every partnership row: both lanes wrote 'investment', but the entity column is headed 'Partnership' and each row is a named vehicle the fund committed capital to, not a holding inside one.",RESOLVED,A+B+ADJUDICATOR,504abfe06fcde5e187ef74247e28f97eecec00313f5079c91e05fbdaea023159
94dfe3f2136bd927e558,SRC058,1,PAIR_A450582A4E62DDFF22CD063E,CONTEXT_CONFLICT,307,309,source_section|source_table|asset_class|evidence_quote,MERGE,"MERGE, one ruling applied to every paired row because the two lanes differ the same way on all of them and neither is complete. From B: source_section, which A left blank on all three pages although 'Real Estate Portfolio' is printed above the table on pages 1 and 2 and 'REITS' and 'Separate Accounts' above their own tables on page 3; source_table on pages 1 and 2, because A's 'UNTITLED_TABLE_1' is a placeholder the page never prints; and asset_class 'Real Estate', the printed grouping that governs every row. From A: source_column_label and metric_name 'Total Capital Contributed' and 'Total Capital Distributed', because the header wraps 'Total Capital' onto its own line above each of those two columns separately instead of spanning them, and page 3 prints 'Total Capital Distributed' on one line where both lanes agree; currency_scale, which A correctly leaves blank on irr and tvpi rows while B stamps '($ in millions)' onto a percentage and a multiple; and evidence_quote, because A cites the full printed partnership line while B cites the bare value, which proves only that those digits occur somewhere on the page. subject_type corrected to 'fund' on every partnership row: both lanes wrote 'investment', but the entity column is headed 'Partnership' and each row is a named vehicle the fund committed capital to, not a holding inside one.; Source review: p1: Retirement Fund (The portfolio report distinguishes investor positions from its aggregate rows.) | p1: Retirement Fund (Printed heading or definition supporting the source-reviewed qualifier.) | p1: Retirement Fund (Supersedes SR2136: the printed entity or table label is context, not a measurement basis; source labels retain its scope.)",RESOLVED,A+B+ADJUDICATOR,504abfe06fcde5e187ef74247e28f97eecec00313f5079c91e05fbdaea023159
613cb466ff52961a18f9,SRC058,1,PAIR_1F2490E3F36DE4F54B5F0102,CONTEXT_CONFLICT,308,310,source_section|source_table|asset_class|currency_scale|evidence_quote,MERGE,"MERGE, one ruling applied to every paired row because the two lanes differ the same way on all of them and neither is complete. From B: source_section, which A left blank on all three pages although 'Real Estate Portfolio' is printed above the table on pages 1 and 2 and 'REITS' and 'Separate Accounts' above their own tables on page 3; source_table on pages 1 and 2, because A's 'UNTITLED_TABLE_1' is a placeholder the page never prints; and asset_class 'Real Estate', the printed grouping that governs every row. From A: source_column_label and metric_name 'Total Capital Contributed' and 'Total Capital Distributed', because the header wraps 'Total Capital' onto its own line above each of those two columns separately instead of spanning them, and page 3 prints 'Total Capital Distributed' on one line where both lanes agree; currency_scale, which A correctly leaves blank on irr and tvpi rows while B stamps '($ in millions)' onto a percentage and a multiple; and evidence_quote, because A cites the full printed partnership line while B cites the bare value, which proves only that those digits occur somewhere on the page. subject_type corrected to 'fund' on every partnership row: both lanes wrote 'investment', but the entity column is headed 'Partnership' and each row is a named vehicle the fund committed capital to, not a holding inside one.; Source review: p1: IRR (All report pages were reviewed; no fee-basis statement qualifies this IRR.)",RESOLVED,A+B+ADJUDICATOR,504abfe06fcde5e187ef74247e28f97eecec00313f5079c91e05fbdaea023159
96bdb97891d39c205cb3,SRC058,1,PAIR_6746D4133EAA0E6CF75BACE2,CONTEXT_CONFLICT,309,307,source_section|source_table|source_column_label|asset_class|metric_name|evidence_quote,MERGE,"MERGE, one ruling applied to every paired row because the two lanes differ the same way on all of them and neither is complete. From B: source_section, which A left blank on all three pages although 'Real Estate Portfolio' is printed above the table on pages 1 and 2 and 'REITS' and 'Separate Accounts' above their own tables on page 3; source_table on pages 1 and 2, because A's 'UNTITLED_TABLE_1' is a placeholder the page never prints; and asset_class 'Real Estate', the printed grouping that governs every row. From A: source_column_label and metric_name 'Total Capital Contributed' and 'Total Capital Distributed', because the header wraps 'Total Capital' onto its own line above each of those two columns separately instead of spanning them, and page 3 prints 'Total Capital Distributed' on one line where both lanes agree; currency_scale, which A correctly leaves blank on irr and tvpi rows while B stamps '($ in millions)' onto a percentage and a multiple; and evidence_quote, because A cites the full printed partnership line while B cites the bare value, which proves only that those digits occur somewhere on the page. subject_type corrected to 'fund' on every partnership row: both lanes wrote 'investment', but the entity column is headed 'Partnership' and each row is a named vehicle the fund committed capital to, not a holding inside one.",RESOLVED,A+B+ADJUDICATOR,504abfe06fcde5e187ef74247e28f97eecec00313f5079c91e05fbdaea023159
0da535b463c4f27bd4b3,SRC058,1,PAIR_BE568A12BF1E8415D38B7D9E,CONTEXT_CONFLICT,310,308,source_section|source_table|source_column_label|asset_class|metric_name|evidence_quote,MERGE,"MERGE, one ruling applied to every paired row because the two lanes differ the same way on all of them and neither is complete. From B: source_section, which A left blank on all three pages although 'Real Estate Portfolio' is printed above the table on pages 1 and 2 and 'REITS' and 'Separate Accounts' above their own tables on page 3; source_table on pages 1 and 2, because A's 'UNTITLED_TABLE_1' is a placeholder the page never prints; and asset_class 'Real Estate', the printed grouping that governs every row. From A: source_column_label and metric_name 'Total Capital Contributed' and 'Total Capital Distributed', because the header wraps 'Total Capital' onto its own line above each of those two columns separately instead of spanning them, and page 3 prints 'Total Capital Distributed' on one line where both lanes agree; currency_scale, which A correctly leaves blank on irr and tvpi rows while B stamps '($ in millions)' onto a percentage and a multiple; and evidence_quote, because A cites the full printed partnership line while B cites the bare value, which proves only that those digits occur somewhere on the page. subject_type corrected to 'fund' on every partnership row: both lanes wrote 'investment', but the entity column is headed 'Partnership' and each row is a named vehicle the fund committed capital to, not a holding inside one.",RESOLVED,A+B+ADJUDICATOR,504abfe06fcde5e187ef74247e28f97eecec00313f5079c91e05fbdaea023159
025d29dfe026258ae00b,SRC058,1,PAIR_E489D41E41BE1ABFA24934B6,CONTEXT_CONFLICT,311,311,source_section|source_table|asset_class|currency_scale|evidence_quote,MERGE,"MERGE, one ruling applied to every paired row because the two lanes differ the same way on all of them and neither is complete. From B: source_section, which A left blank on all three pages although 'Real Estate Portfolio' is printed above the table on pages 1 and 2 and 'REITS' and 'Separate Accounts' above their own tables on page 3; source_table on pages 1 and 2, because A's 'UNTITLED_TABLE_1' is a placeholder the page never prints; and asset_class 'Real Estate', the printed grouping that governs every row. From A: source_column_label and metric_name 'Total Capital Contributed' and 'Total Capital Distributed', because the header wraps 'Total Capital' onto its own line above each of those two columns separately instead of spanning them, and page 3 prints 'Total Capital Distributed' on one line where both lanes agree; currency_scale, which A correctly leaves blank on irr and tvpi rows while B stamps '($ in millions)' onto a percentage and a multiple; and evidence_quote, because A cites the full printed partnership line while B cites the bare value, which proves only that those digits occur somewhere on the page. subject_type corrected to 'fund' on every partnership row: both lanes wrote 'investment', but the entity column is headed 'Partnership' and each row is a named vehicle the fund committed capital to, not a holding inside one.",RESOLVED,A+B+ADJUDICATOR,504abfe06fcde5e187ef74247e28f97eecec00313f5079c91e05fbdaea023159
b3b3a8121a15db48db63,SRC058,1,PAIR_FEA029CCE0EEF2AC81D14ED6,CONTEXT_CONFLICT,312,312,source_section|source_table|asset_class|evidence_quote,MERGE,"MERGE, one ruling applied to every paired row because the two lanes differ the same way on all of them and neither is complete. From B: source_section, which A left blank on all three pages although 'Real Estate Portfolio' is printed above the table on pages 1 and 2 and 'REITS' and 'Separate Accounts' above their own tables on page 3; source_table on pages 1 and 2, because A's 'UNTITLED_TABLE_1' is a placeholder the page never prints; and asset_class 'Real Estate', the printed grouping that governs every row. From A: source_column_label and metric_name 'Total Capital Contributed' and 'Total Capital Distributed', because the header wraps 'Total Capital' onto its own line above each of those two columns separately instead of spanning them, and page 3 prints 'Total Capital Distributed' on one line where both lanes agree; currency_scale, which A correctly leaves blank on irr and tvpi rows while B stamps '($ in millions)' onto a percentage and a multiple; and evidence_quote, because A cites the full printed partnership line while B cites the bare value, which proves only that those digits occur somewhere on the page. subject_type corrected to 'fund' on every partnership row: both lanes wrote 'investment', but the entity column is headed 'Partnership' and each row is a named vehicle the fund committed capital to, not a holding inside one.",RESOLVED,A+B+ADJUDICATOR,504abfe06fcde5e187ef74247e28f97eecec00313f5079c91e05fbdaea023159
825802f13f20b12ba7e9,SRC058,1,PAIR_6022433BB69953297799201B,CONTEXT_CONFLICT,313,315,source_section|source_table|asset_class|evidence_quote,MERGE,"MERGE, one ruling applied to every paired row because the two lanes differ the same way on all of them and neither is complete. From B: source_section, which A left blank on all three pages although 'Real Estate Portfolio' is printed above the table on pages 1 and 2 and 'REITS' and 'Separate Accounts' above their own tables on page 3; source_table on pages 1 and 2, because A's 'UNTITLED_TABLE_1' is a placeholder the page never prints; and asset_class 'Real Estate', the printed grouping that governs every row. From A: source_column_label and metric_name 'Total Capital Contributed' and 'Total Capital Distributed', because the header wraps 'Total Capital' onto its own line above each of those two columns separately instead of spanning them, and page 3 prints 'Total Capital Distributed' on one line where both lanes agree; currency_scale, which A correctly leaves blank on irr and tvpi rows while B stamps '($ in millions)' onto a percentage and a multiple; and evidence_quote, because A cites the full printed partnership line while B cites the bare value, which proves only that those digits occur somewhere on the page. subject_type corrected to 'fund' on every partnership row: both lanes wrote 'investment', but the entity column is headed 'Partnership' and each row is a named vehicle the fund committed capital to, not a holding inside one.; Source review: p1: Retirement Fund (The portfolio report distinguishes investor positions from its aggregate rows.) | p1: Retirement Fund (Printed heading or definition supporting the source-reviewed qualifier.) | p1: Retirement Fund (Supersedes SR2137: the printed entity or table label is context, not a measurement basis; source labels retain its scope.)",RESOLVED,A+B+ADJUDICATOR,504abfe06fcde5e187ef74247e28f97eecec00313f5079c91e05fbdaea023159
d7928d6870f5847b97a4,SRC058,1,PAIR_73E9B875005514FA9D7F72BB,CONTEXT_CONFLICT,314,316,source_section|source_table|asset_class|currency_scale|evidence_quote,MERGE,"MERGE, one ruling applied to every paired row because the two lanes differ the same way on all of them and neither is complete. From B: source_section, which A left blank on all three pages although 'Real Estate Portfolio' is printed above the table on pages 1 and 2 and 'REITS' and 'Separate Accounts' above their own tables on page 3; source_table on pages 1 and 2, because A's 'UNTITLED_TABLE_1' is a placeholder the page never prints; and asset_class 'Real Estate', the printed grouping that governs every row. From A: source_column_label and metric_name 'Total Capital Contributed' and 'Total Capital Distributed', because the header wraps 'Total Capital' onto its own line above each of those two columns separately instead of spanning them, and page 3 prints 'Total Capital Distributed' on one line where both lanes agree; currency_scale, which A correctly leaves blank on irr and tvpi rows while B stamps '($ in millions)' onto a percentage and a multiple; and evidence_quote, because A cites the full printed partnership line while B cites the bare value, which proves only that those digits occur somewhere on the page. subject_type corrected to 'fund' on every partnership row: both lanes wrote 'investment', but the entity column is headed 'Partnership' and each row is a named vehicle the fund committed capital to, not a holding inside one.; Source review: p1: IRR (All report pages were reviewed; no fee-basis statement qualifies this IRR.)",RESOLVED,A+B+ADJUDICATOR,504abfe06fcde5e187ef74247e28f97eecec00313f5079c91e05fbdaea023159
58ae7b3f6e39db2b161f,SRC058,1,PAIR_90054F515D91976036C57970,CONTEXT_CONFLICT,315,313,source_section|source_table|source_column_label|asset_class|metric_name|evidence_quote,MERGE,"MERGE, one ruling applied to every paired row because the two lanes differ the same way on all of them and neither is complete. From B: source_section, which A left blank on all three pages although 'Real Estate Portfolio' is printed above the table on pages 1 and 2 and 'REITS' and 'Separate Accounts' above their own tables on page 3; source_table on pages 1 and 2, because A's 'UNTITLED_TABLE_1' is a placeholder the page never prints; and asset_class 'Real Estate', the printed grouping that governs every row. From A: source_column_label and metric_name 'Total Capital Contributed' and 'Total Capital Distributed', because the header wraps 'Total Capital' onto its own line above each of those two columns separately instead of spanning them, and page 3 prints 'Total Capital Distributed' on one line where both lanes agree; currency_scale, which A correctly leaves blank on irr and tvpi rows while B stamps '($ in millions)' onto a percentage and a multiple; and evidence_quote, because A cites the full printed partnership line while B cites the bare value, which proves only that those digits occur somewhere on the page. subject_type corrected to 'fund' on every partnership row: both lanes wrote 'investment', but the entity column is headed 'Partnership' and each row is a named vehicle the fund committed capital to, not a holding inside one.",RESOLVED,A+B+ADJUDICATOR,504abfe06fcde5e187ef74247e28f97eecec00313f5079c91e05fbdaea023159
62caa7190bd72840cbb6,SRC058,1,PAIR_54F14855833ED3681CA76557,CONTEXT_CONFLICT,316,314,source_section|source_table|source_column_label|asset_class|metric_name|evidence_quote,MERGE,"MERGE, one ruling applied to every paired row because the two lanes differ the same way on all of them and neither is complete. From B: source_section, which A left blank on all three pages although 'Real Estate Portfolio' is printed above the table on pages 1 and 2 and 'REITS' and 'Separate Accounts' above their own tables on page 3; source_table on pages 1 and 2, because A's 'UNTITLED_TABLE_1' is a placeholder the page never prints; and asset_class 'Real Estate', the printed grouping that governs every row. From A: source_column_label and metric_name 'Total Capital Contributed' and 'Total Capital Distributed', because the header wraps 'Total Capital' onto its own line above each of those two columns separately instead of spanning them, and page 3 prints 'Total Capital Distributed' on one line where both lanes agree; currency_scale, which A correctly leaves blank on irr and tvpi rows while B stamps '($ in millions)' onto a percentage and a multiple; and evidence_quote, because A cites the full printed partnership line while B cites the bare value, which proves only that those digits occur somewhere on the page. subject_type corrected to 'fund' on every partnership row: both lanes wrote 'investment', but the entity column is headed 'Partnership' and each row is a named vehicle the fund committed capital to, not a holding inside one.",RESOLVED,A+B+ADJUDICATOR,504abfe06fcde5e187ef74247e28f97eecec00313f5079c91e05fbdaea023159
91f47cc90242d6a04aa5,SRC058,1,PAIR_66A8551F49192D43269ECE28,CONTEXT_CONFLICT,317,317,source_section|source_table|asset_class|currency_scale|evidence_quote,MERGE,"MERGE, one ruling applied to every paired row because the two lanes differ the same way on all of them and neither is complete. From B: source_section, which A left blank on all three pages although 'Real Estate Portfolio' is printed above the table on pages 1 and 2 and 'REITS' and 'Separate Accounts' above their own tables on page 3; source_table on pages 1 and 2, because A's 'UNTITLED_TABLE_1' is a placeholder the page never prints; and asset_class 'Real Estate', the printed grouping that governs every row. From A: source_column_label and metric_name 'Total Capital Contributed' and 'Total Capital Distributed', because the header wraps 'Total Capital' onto its own line above each of those two columns separately instead of spanning them, and page 3 prints 'Total Capital Distributed' on one line where both lanes agree; currency_scale, which A correctly leaves blank on irr and tvpi rows while B stamps '($ in millions)' onto a percentage and a multiple; and evidence_quote, because A cites the full printed partnership line while B cites the bare value, which proves only that those digits occur somewhere on the page. subject_type corrected to 'fund' on every partnership row: both lanes wrote 'investment', but the entity column is headed 'Partnership' and each row is a named vehicle the fund committed capital to, not a holding inside one.",RESOLVED,A+B+ADJUDICATOR,504abfe06fcde5e187ef74247e28f97eecec00313f5079c91e05fbdaea023159
4e0e40b495292346081f,SRC058,1,PAIR_08927F7B232F1030602FE7DA,CONTEXT_CONFLICT,318,318,source_section|source_table|asset_class|evidence_quote,MERGE,"MERGE, one ruling applied to every paired row because the two lanes differ the same way on all of them and neither is complete. From B: source_section, which A left blank on all three pages although 'Real Estate Portfolio' is printed above the table on pages 1 and 2 and 'REITS' and 'Separate Accounts' above their own tables on page 3; source_table on pages 1 and 2, because A's 'UNTITLED_TABLE_1' is a placeholder the page never prints; and asset_class 'Real Estate', the printed grouping that governs every row. From A: source_column_label and metric_name 'Total Capital Contributed' and 'Total Capital Distributed', because the header wraps 'Total Capital' onto its own line above each of those two columns separately instead of spanning them, and page 3 prints 'Total Capital Distributed' on one line where both lanes agree; currency_scale, which A correctly leaves blank on irr and tvpi rows while B stamps '($ in millions)' onto a percentage and a multiple; and evidence_quote, because A cites the full printed partnership line while B cites the bare value, which proves only that those digits occur somewhere on the page. subject_type corrected to 'fund' on every partnership row: both lanes wrote 'investment', but the entity column is headed 'Partnership' and each row is a named vehicle the fund committed capital to, not a holding inside one.",RESOLVED,A+B+ADJUDICATOR,504abfe06fcde5e187ef74247e28f97eecec00313f5079c91e05fbdaea023159
a86213b64169c5f5da0b,SRC058,1,PAIR_13D631CA930BFC6B87422AE6,CONTEXT_CONFLICT,319,321,source_section|source_table|asset_class|evidence_quote,MERGE,"MERGE, one ruling applied to every paired row because the two lanes differ the same way on all of them and neither is complete. From B: source_section, which A left blank on all three pages although 'Real Estate Portfolio' is printed above the table on pages 1 and 2 and 'REITS' and 'Separate Accounts' above their own tables on page 3; source_table on pages 1 and 2, because A's 'UNTITLED_TABLE_1' is a placeholder the page never prints; and asset_class 'Real Estate', the printed grouping that governs every row. From A: source_column_label and metric_name 'Total Capital Contributed' and 'Total Capital Distributed', because the header wraps 'Total Capital' onto its own line above each of those two columns separately instead of spanning them, and page 3 prints 'Total Capital Distributed' on one line where both lanes agree; currency_scale, which A correctly leaves blank on irr and tvpi rows while B stamps '($ in millions)' onto a percentage and a multiple; and evidence_quote, because A cites the full printed partnership line while B cites the bare value, which proves only that those digits occur somewhere on the page. subject_type corrected to 'fund' on every partnership row: both lanes wrote 'investment', but the entity column is headed 'Partnership' and each row is a named vehicle the fund committed capital to, not a holding inside one.; Source review: p1: Retirement Fund (The portfolio report distinguishes investor positions from its aggregate rows.) | p1: Retirement Fund (Printed heading or definition supporting the source-reviewed qualifier.) | p1: Retirement Fund (Supersedes SR2138: the printed entity or table label is context, not a measurement basis; source labels retain its scope.)",RESOLVED,A+B+ADJUDICATOR,504abfe06fcde5e187ef74247e28f97eecec00313f5079c91e05fbdaea023159
ad4b2f42724cca3421e3,SRC058,1,PAIR_0E9D65C71E8E40E25202E1E0,CONTEXT_CONFLICT,320,322,source_section|source_table|asset_class|currency_scale|evidence_quote,MERGE,"MERGE, one ruling applied to every paired row because the two lanes differ the same way on all of them and neither is complete. From B: source_section, which A left blank on all three pages although 'Real Estate Portfolio' is printed above the table on pages 1 and 2 and 'REITS' and 'Separate Accounts' above their own tables on page 3; source_table on pages 1 and 2, because A's 'UNTITLED_TABLE_1' is a placeholder the page never prints; and asset_class 'Real Estate', the printed grouping that governs every row. From A: source_column_label and metric_name 'Total Capital Contributed' and 'Total Capital Distributed', because the header wraps 'Total Capital' onto its own line above each of those two columns separately instead of spanning them, and page 3 prints 'Total Capital Distributed' on one line where both lanes agree; currency_scale, which A correctly leaves blank on irr and tvpi rows while B stamps '($ in millions)' onto a percentage and a multiple; and evidence_quote, because A cites the full printed partnership line while B cites the bare value, which proves only that those digits occur somewhere on the page. subject_type corrected to 'fund' on every partnership row: both lanes wrote 'investment', but the entity column is headed 'Partnership' and each row is a named vehicle the fund committed capital to, not a holding inside one.; Source review: p1: IRR (All report pages were reviewed; no fee-basis statement qualifies this IRR.)",RESOLVED,A+B+ADJUDICATOR,504abfe06fcde5e187ef74247e28f97eecec00313f5079c91e05fbdaea023159
c593a5ee1e14bae8bcec,SRC058,1,PAIR_E876C6CAFFD0E68615505900,CONTEXT_CONFLICT,321,319,source_section|source_table|source_column_label|asset_class|metric_name|evidence_quote,MERGE,"MERGE, one ruling applied to every paired row because the two lanes differ the same way on all of them and neither is complete. From B: source_section, which A left blank on all three pages although 'Real Estate Portfolio' is printed above the table on pages 1 and 2 and 'REITS' and 'Separate Accounts' above their own tables on page 3; source_table on pages 1 and 2, because A's 'UNTITLED_TABLE_1' is a placeholder the page never prints; and asset_class 'Real Estate', the printed grouping that governs every row. From A: source_column_label and metric_name 'Total Capital Contributed' and 'Total Capital Distributed', because the header wraps 'Total Capital' onto its own line above each of those two columns separately instead of spanning them, and page 3 prints 'Total Capital Distributed' on one line where both lanes agree; currency_scale, which A correctly leaves blank on irr and tvpi rows while B stamps '($ in millions)' onto a percentage and a multiple; and evidence_quote, because A cites the full printed partnership line while B cites the bare value, which proves only that those digits occur somewhere on the page. subject_type corrected to 'fund' on every partnership row: both lanes wrote 'investment', but the entity column is headed 'Partnership' and each row is a named vehicle the fund committed capital to, not a holding inside one.",RESOLVED,A+B+ADJUDICATOR,504abfe06fcde5e187ef74247e28f97eecec00313f5079c91e05fbdaea023159
df2a2f2b116a840131ac,SRC058,1,PAIR_946735682FB213295A14A12C,CONTEXT_CONFLICT,322,320,source_section|source_table|source_column_label|asset_class|metric_name|evidence_quote,MERGE,"MERGE, one ruling applied to every paired row because the two lanes differ the same way on all of them and neither is complete. From B: source_section, which A left blank on all three pages although 'Real Estate Portfolio' is printed above the table on pages 1 and 2 and 'REITS' and 'Separate Accounts' above their own tables on page 3; source_table on pages 1 and 2, because A's 'UNTITLED_TABLE_1' is a placeholder the page never prints; and asset_class 'Real Estate', the printed grouping that governs every row. From A: source_column_label and metric_name 'Total Capital Contributed' and 'Total Capital Distributed', because the header wraps 'Total Capital' onto its own line above each of those two columns separately instead of spanning them, and page 3 prints 'Total Capital Distributed' on one line where both lanes agree; currency_scale, which A correctly leaves blank on irr and tvpi rows while B stamps '($ in millions)' onto a percentage and a multiple; and evidence_quote, because A cites the full printed partnership line while B cites the bare value, which proves only that those digits occur somewhere on the page. subject_type corrected to 'fund' on every partnership row: both lanes wrote 'investment', but the entity column is headed 'Partnership' and each row is a named vehicle the fund committed capital to, not a holding inside one.",RESOLVED,A+B+ADJUDICATOR,504abfe06fcde5e187ef74247e28f97eecec00313f5079c91e05fbdaea023159
2e22887a81943e4e7a56,SRC058,1,PAIR_4C84993D6FD1B9F7AFBEBB05,CONTEXT_CONFLICT,323,323,source_section|source_table|asset_class|currency_scale|evidence_quote,MERGE,"MERGE, one ruling applied to every paired row because the two lanes differ the same way on all of them and neither is complete. From B: source_section, which A left blank on all three pages although 'Real Estate Portfolio' is printed above the table on pages 1 and 2 and 'REITS' and 'Separate Accounts' above their own tables on page 3; source_table on pages 1 and 2, because A's 'UNTITLED_TABLE_1' is a placeholder the page never prints; and asset_class 'Real Estate', the printed grouping that governs every row. From A: source_column_label and metric_name 'Total Capital Contributed' and 'Total Capital Distributed', because the header wraps 'Total Capital' onto its own line above each of those two columns separately instead of spanning them, and page 3 prints 'Total Capital Distributed' on one line where both lanes agree; currency_scale, which A correctly leaves blank on irr and tvpi rows while B stamps '($ in millions)' onto a percentage and a multiple; and evidence_quote, because A cites the full printed partnership line while B cites the bare value, which proves only that those digits occur somewhere on the page. subject_type corrected to 'fund' on every partnership row: both lanes wrote 'investment', but the entity column is headed 'Partnership' and each row is a named vehicle the fund committed capital to, not a holding inside one.",RESOLVED,A+B+ADJUDICATOR,504abfe06fcde5e187ef74247e28f97eecec00313f5079c91e05fbdaea023159
adea4d61a08eb4199944,SRC058,1,PAIR_E023755EB1AC2401451F3520,CONTEXT_CONFLICT,324,324,source_section|source_table|asset_class|evidence_quote,MERGE,"MERGE, one ruling applied to every paired row because the two lanes differ the same way on all of them and neither is complete. From B: source_section, which A left blank on all three pages although 'Real Estate Portfolio' is printed above the table on pages 1 and 2 and 'REITS' and 'Separate Accounts' above their own tables on page 3; source_table on pages 1 and 2, because A's 'UNTITLED_TABLE_1' is a placeholder the page never prints; and asset_class 'Real Estate', the printed grouping that governs every row. From A: source_column_label and metric_name 'Total Capital Contributed' and 'Total Capital Distributed', because the header wraps 'Total Capital' onto its own line above each of those two columns separately instead of spanning them, and page 3 prints 'Total Capital Distributed' on one line where both lanes agree; currency_scale, which A correctly leaves blank on irr and tvpi rows while B stamps '($ in millions)' onto a percentage and a multiple; and evidence_quote, because A cites the full printed partnership line while B cites the bare value, which proves only that those digits occur somewhere on the page. subject_type corrected to 'fund' on every partnership row: both lanes wrote 'investment', but the entity column is headed 'Partnership' and each row is a named vehicle the fund committed capital to, not a holding inside one.",RESOLVED,A+B+ADJUDICATOR,504abfe06fcde5e187ef74247e28f97eecec00313f5079c91e05fbdaea023159
31b1c5e8733526486200,SRC058,1,PAIR_8FB6DCABA7F8B05E87E83D17,CONTEXT_CONFLICT,325,327,source_section|source_table|asset_class|evidence_quote,MERGE,"MERGE, one ruling applied to every paired row because the two lanes differ the same way on all of them and neither is complete. From B: source_section, which A left blank on all three pages although 'Real Estate Portfolio' is printed above the table on pages 1 and 2 and 'REITS' and 'Separate Accounts' above their own tables on page 3; source_table on pages 1 and 2, because A's 'UNTITLED_TABLE_1' is a placeholder the page never prints; and asset_class 'Real Estate', the printed grouping that governs every row. From A: source_column_label and metric_name 'Total Capital Contributed' and 'Total Capital Distributed', because the header wraps 'Total Capital' onto its own line above each of those two columns separately instead of spanning them, and page 3 prints 'Total Capital Distributed' on one line where both lanes agree; currency_scale, which A correctly leaves blank on irr and tvpi rows while B stamps '($ in millions)' onto a percentage and a multiple; and evidence_quote, because A cites the full printed partnership line while B cites the bare value, which proves only that those digits occur somewhere on the page. subject_type corrected to 'fund' on every partnership row: both lanes wrote 'investment', but the entity column is headed 'Partnership' and each row is a named vehicle the fund committed capital to, not a holding inside one.; Source review: p1: Retirement Fund (The portfolio report distinguishes investor positions from its aggregate rows.) | p1: Retirement Fund (Printed heading or definition supporting the source-reviewed qualifier.) | p1: Retirement Fund (Supersedes SR2139: the printed entity or table label is context, not a measurement basis; source labels retain its scope.)",RESOLVED,A+B+ADJUDICATOR,504abfe06fcde5e187ef74247e28f97eecec00313f5079c91e05fbdaea023159
9ac7ae85cf41faa6a179,SRC058,1,PAIR_70AD3ADFDD63058A8946A694,CONTEXT_CONFLICT,326,328,source_section|source_table|asset_class|currency_scale|evidence_quote,MERGE,"MERGE, one ruling applied to every paired row because the two lanes differ the same way on all of them and neither is complete. From B: source_section, which A left blank on all three pages although 'Real Estate Portfolio' is printed above the table on pages 1 and 2 and 'REITS' and 'Separate Accounts' above their own tables on page 3; source_table on pages 1 and 2, because A's 'UNTITLED_TABLE_1' is a placeholder the page never prints; and asset_class 'Real Estate', the printed grouping that governs every row. From A: source_column_label and metric_name 'Total Capital Contributed' and 'Total Capital Distributed', because the header wraps 'Total Capital' onto its own line above each of those two columns separately instead of spanning them, and page 3 prints 'Total Capital Distributed' on one line where both lanes agree; currency_scale, which A correctly leaves blank on irr and tvpi rows while B stamps '($ in millions)' onto a percentage and a multiple; and evidence_quote, because A cites the full printed partnership line while B cites the bare value, which proves only that those digits occur somewhere on the page. subject_type corrected to 'fund' on every partnership row: both lanes wrote 'investment', but the entity column is headed 'Partnership' and each row is a named vehicle the fund committed capital to, not a holding inside one.; Source review: p1: IRR (All report pages were reviewed; no fee-basis statement qualifies this IRR.)",RESOLVED,A+B+ADJUDICATOR,504abfe06fcde5e187ef74247e28f97eecec00313f5079c91e05fbdaea023159
af11df15230ef74fd269,SRC058,1,PAIR_EBE64C429D5AD31D12453987,CONTEXT_CONFLICT,327,325,source_section|source_table|source_column_label|asset_class|metric_name|evidence_quote,MERGE,"MERGE, one ruling applied to every paired row because the two lanes differ the same way on all of them and neither is complete. From B: source_section, which A left blank on all three pages although 'Real Estate Portfolio' is printed above the table on pages 1 and 2 and 'REITS' and 'Separate Accounts' above their own tables on page 3; source_table on pages 1 and 2, because A's 'UNTITLED_TABLE_1' is a placeholder the page never prints; and asset_class 'Real Estate', the printed grouping that governs every row. From A: source_column_label and metric_name 'Total Capital Contributed' and 'Total Capital Distributed', because the header wraps 'Total Capital' onto its own line above each of those two columns separately instead of spanning them, and page 3 prints 'Total Capital Distributed' on one line where both lanes agree; currency_scale, which A correctly leaves blank on irr and tvpi rows while B stamps '($ in millions)' onto a percentage and a multiple; and evidence_quote, because A cites the full printed partnership line while B cites the bare value, which proves only that those digits occur somewhere on the page. subject_type corrected to 'fund' on every partnership row: both lanes wrote 'investment', but the entity column is headed 'Partnership' and each row is a named vehicle the fund committed capital to, not a holding inside one.",RESOLVED,A+B+ADJUDICATOR,504abfe06fcde5e187ef74247e28f97eecec00313f5079c91e05fbdaea023159
94eac7541f1b11afe6be,SRC058,1,PAIR_A156014A931B8507ECDD6C7F,CONTEXT_CONFLICT,328,326,source_section|source_table|source_column_label|asset_class|metric_name|evidence_quote,MERGE,"MERGE, one ruling applied to every paired row because the two lanes differ the same way on all of them and neither is complete. From B: source_section, which A left blank on all three pages although 'Real Estate Portfolio' is printed above the table on pages 1 and 2 and 'REITS' and 'Separate Accounts' above their own tables on page 3; source_table on pages 1 and 2, because A's 'UNTITLED_TABLE_1' is a placeholder the page never prints; and asset_class 'Real Estate', the printed grouping that governs every row. From A: source_column_label and metric_name 'Total Capital Contributed' and 'Total Capital Distributed', because the header wraps 'Total Capital' onto its own line above each of those two columns separately instead of spanning them, and page 3 prints 'Total Capital Distributed' on one line where both lanes agree; currency_scale, which A correctly leaves blank on irr and tvpi rows while B stamps '($ in millions)' onto a percentage and a multiple; and evidence_quote, because A cites the full printed partnership line while B cites the bare value, which proves only that those digits occur somewhere on the page. subject_type corrected to 'fund' on every partnership row: both lanes wrote 'investment', but the entity column is headed 'Partnership' and each row is a named vehicle the fund committed capital to, not a holding inside one.",RESOLVED,A+B+ADJUDICATOR,504abfe06fcde5e187ef74247e28f97eecec00313f5079c91e05fbdaea023159
f0fda7da485c8f217839,SRC058,1,PAIR_627F6B70A3271BB53377C469,CONTEXT_CONFLICT,329,329,source_section|source_table|asset_class|currency_scale|evidence_quote,MERGE,"MERGE, one ruling applied to every paired row because the two lanes differ the same way on all of them and neither is complete. From B: source_section, which A left blank on all three pages although 'Real Estate Portfolio' is printed above the table on pages 1 and 2 and 'REITS' and 'Separate Accounts' above their own tables on page 3; source_table on pages 1 and 2, because A's 'UNTITLED_TABLE_1' is a placeholder the page never prints; and asset_class 'Real Estate', the printed grouping that governs every row. From A: source_column_label and metric_name 'Total Capital Contributed' and 'Total Capital Distributed', because the header wraps 'Total Capital' onto its own line above each of those two columns separately instead of spanning them, and page 3 prints 'Total Capital Distributed' on one line where both lanes agree; currency_scale, which A correctly leaves blank on irr and tvpi rows while B stamps '($ in millions)' onto a percentage and a multiple; and evidence_quote, because A cites the full printed partnership line while B cites the bare value, which proves only that those digits occur somewhere on the page. subject_type corrected to 'fund' on every partnership row: both lanes wrote 'investment', but the entity column is headed 'Partnership' and each row is a named vehicle the fund committed capital to, not a holding inside one.",RESOLVED,A+B+ADJUDICATOR,504abfe06fcde5e187ef74247e28f97eecec00313f5079c91e05fbdaea023159
6d31df93e24bebaa7c00,SRC058,1,PAIR_1B4E620ACE25DE5A36C44137,CONTEXT_CONFLICT,330,330,source_section|source_table|asset_class|evidence_quote,MERGE,"MERGE, one ruling applied to every paired row because the two lanes differ the same way on all of them and neither is complete. From B: source_section, which A left blank on all three pages although 'Real Estate Portfolio' is printed above the table on pages 1 and 2 and 'REITS' and 'Separate Accounts' above their own tables on page 3; source_table on pages 1 and 2, because A's 'UNTITLED_TABLE_1' is a placeholder the page never prints; and asset_class 'Real Estate', the printed grouping that governs every row. From A: source_column_label and metric_name 'Total Capital Contributed' and 'Total Capital Distributed', because the header wraps 'Total Capital' onto its own line above each of those two columns separately instead of spanning them, and page 3 prints 'Total Capital Distributed' on one line where both lanes agree; currency_scale, which A correctly leaves blank on irr and tvpi rows while B stamps '($ in millions)' onto a percentage and a multiple; and evidence_quote, because A cites the full printed partnership line while B cites the bare value, which proves only that those digits occur somewhere on the page. subject_type corrected to 'fund' on every partnership row: both lanes wrote 'investment', but the entity column is headed 'Partnership' and each row is a named vehicle the fund committed capital to, not a holding inside one.",RESOLVED,A+B+ADJUDICATOR,504abfe06fcde5e187ef74247e28f97eecec00313f5079c91e05fbdaea023159
da8624b1d66194a53184,SRC058,1,PAIR_6AB28B78F64FDB0F338E799B,CONTEXT_CONFLICT,331,333,source_section|source_table|asset_class|evidence_quote,MERGE,"MERGE, one ruling applied to every paired row because the two lanes differ the same way on all of them and neither is complete. From B: source_section, which A left blank on all three pages although 'Real Estate Portfolio' is printed above the table on pages 1 and 2 and 'REITS' and 'Separate Accounts' above their own tables on page 3; source_table on pages 1 and 2, because A's 'UNTITLED_TABLE_1' is a placeholder the page never prints; and asset_class 'Real Estate', the printed grouping that governs every row. From A: source_column_label and metric_name 'Total Capital Contributed' and 'Total Capital Distributed', because the header wraps 'Total Capital' onto its own line above each of those two columns separately instead of spanning them, and page 3 prints 'Total Capital Distributed' on one line where both lanes agree; currency_scale, which A correctly leaves blank on irr and tvpi rows while B stamps '($ in millions)' onto a percentage and a multiple; and evidence_quote, because A cites the full printed partnership line while B cites the bare value, which proves only that those digits occur somewhere on the page. subject_type corrected to 'fund' on every partnership row: both lanes wrote 'investment', but the entity column is headed 'Partnership' and each row is a named vehicle the fund committed capital to, not a holding inside one.; Source review: p1: Retirement Fund (The portfolio report distinguishes investor positions from its aggregate rows.) | p1: Retirement Fund (Printed heading or definition supporting the source-reviewed qualifier.) | p1: Retirement Fund (Supersedes SR2140: the printed entity or table label is context, not a measurement basis; source labels retain its scope.)",RESOLVED,A+B+ADJUDICATOR,504abfe06fcde5e187ef74247e28f97eecec00313f5079c91e05fbdaea023159
ca5b1058737b8d8d6554,SRC058,1,PAIR_2C988C4D0EEB070719430B90,CONTEXT_CONFLICT,332,334,source_section|source_table|asset_class|currency_scale|evidence_quote,MERGE,"MERGE, one ruling applied to every paired row because the two lanes differ the same way on all of them and neither is complete. From B: source_section, which A left blank on all three pages although 'Real Estate Portfolio' is printed above the table on pages 1 and 2 and 'REITS' and 'Separate Accounts' above their own tables on page 3; source_table on pages 1 and 2, because A's 'UNTITLED_TABLE_1' is a placeholder the page never prints; and asset_class 'Real Estate', the printed grouping that governs every row. From A: source_column_label and metric_name 'Total Capital Contributed' and 'Total Capital Distributed', because the header wraps 'Total Capital' onto its own line above each of those two columns separately instead of spanning them, and page 3 prints 'Total Capital Distributed' on one line where both lanes agree; currency_scale, which A correctly leaves blank on irr and tvpi rows while B stamps '($ in millions)' onto a percentage and a multiple; and evidence_quote, because A cites the full printed partnership line while B cites the bare value, which proves only that those digits occur somewhere on the page. subject_type corrected to 'fund' on every partnership row: both lanes wrote 'investment', but the entity column is headed 'Partnership' and each row is a named vehicle the fund committed capital to, not a holding inside one.; Source review: p1: IRR (All report pages were reviewed; no fee-basis statement qualifies this IRR.)",RESOLVED,A+B+ADJUDICATOR,504abfe06fcde5e187ef74247e28f97eecec00313f5079c91e05fbdaea023159
1003e679d62aaffb3cfe,SRC058,1,PAIR_FCF833966B0723215F98C239,CONTEXT_CONFLICT,333,331,source_section|source_table|source_column_label|asset_class|metric_name|evidence_quote,MERGE,"MERGE, one ruling applied to every paired row because the two lanes differ the same way on all of them and neither is complete. From B: source_section, which A left blank on all three pages although 'Real Estate Portfolio' is printed above the table on pages 1 and 2 and 'REITS' and 'Separate Accounts' above their own tables on page 3; source_table on pages 1 and 2, because A's 'UNTITLED_TABLE_1' is a placeholder the page never prints; and asset_class 'Real Estate', the printed grouping that governs every row. From A: source_column_label and metric_name 'Total Capital Contributed' and 'Total Capital Distributed', because the header wraps 'Total Capital' onto its own line above each of those two columns separately instead of spanning them, and page 3 prints 'Total Capital Distributed' on one line where both lanes agree; currency_scale, which A correctly leaves blank on irr and tvpi rows while B stamps '($ in millions)' onto a percentage and a multiple; and evidence_quote, because A cites the full printed partnership line while B cites the bare value, which proves only that those digits occur somewhere on the page. subject_type corrected to 'fund' on every partnership row: both lanes wrote 'investment', but the entity column is headed 'Partnership' and each row is a named vehicle the fund committed capital to, not a holding inside one.",RESOLVED,A+B+ADJUDICATOR,504abfe06fcde5e187ef74247e28f97eecec00313f5079c91e05fbdaea023159
c4d46e49cd0d6bca262a,SRC058,1,PAIR_06AAA67C69E50798627D9B7C,CONTEXT_CONFLICT,334,332,source_section|source_table|source_column_label|asset_class|metric_name|evidence_quote,MERGE,"MERGE, one ruling applied to every paired row because the two lanes differ the same way on all of them and neither is complete. From B: source_section, which A left blank on all three pages although 'Real Estate Portfolio' is printed above the table on pages 1 and 2 and 'REITS' and 'Separate Accounts' above their own tables on page 3; source_table on pages 1 and 2, because A's 'UNTITLED_TABLE_1' is a placeholder the page never prints; and asset_class 'Real Estate', the printed grouping that governs every row. From A: source_column_label and metric_name 'Total Capital Contributed' and 'Total Capital Distributed', because the header wraps 'Total Capital' onto its own line above each of those two columns separately instead of spanning them, and page 3 prints 'Total Capital Distributed' on one line where both lanes agree; currency_scale, which A correctly leaves blank on irr and tvpi rows while B stamps '($ in millions)' onto a percentage and a multiple; and evidence_quote, because A cites the full printed partnership line while B cites the bare value, which proves only that those digits occur somewhere on the page. subject_type corrected to 'fund' on every partnership row: both lanes wrote 'investment', but the entity column is headed 'Partnership' and each row is a named vehicle the fund committed capital to, not a holding inside one.",RESOLVED,A+B+ADJUDICATOR,504abfe06fcde5e187ef74247e28f97eecec00313f5079c91e05fbdaea023159
f3a4ddbd8fa7ccd4523b,SRC058,1,PAIR_E5268E63B7396FB01048BA75,CONTEXT_CONFLICT,335,335,source_section|source_table|asset_class|currency_scale|evidence_quote,MERGE,"MERGE, one ruling applied to every paired row because the two lanes differ the same way on all of them and neither is complete. From B: source_section, which A left blank on all three pages although 'Real Estate Portfolio' is printed above the table on pages 1 and 2 and 'REITS' and 'Separate Accounts' above their own tables on page 3; source_table on pages 1 and 2, because A's 'UNTITLED_TABLE_1' is a placeholder the page never prints; and asset_class 'Real Estate', the printed grouping that governs every row. From A: source_column_label and metric_name 'Total Capital Contributed' and 'Total Capital Distributed', because the header wraps 'Total Capital' onto its own line above each of those two columns separately instead of spanning them, and page 3 prints 'Total Capital Distributed' on one line where both lanes agree; currency_scale, which A correctly leaves blank on irr and tvpi rows while B stamps '($ in millions)' onto a percentage and a multiple; and evidence_quote, because A cites the full printed partnership line while B cites the bare value, which proves only that those digits occur somewhere on the page. subject_type corrected to 'fund' on every partnership row: both lanes wrote 'investment', but the entity column is headed 'Partnership' and each row is a named vehicle the fund committed capital to, not a holding inside one.",RESOLVED,A+B+ADJUDICATOR,504abfe06fcde5e187ef74247e28f97eecec00313f5079c91e05fbdaea023159
a65da60fc49034a464df,SRC058,1,PAIR_09C9C5C8F3019AD8EEB139EF,CONTEXT_CONFLICT,336,336,source_section|source_table|asset_class|evidence_quote,MERGE,"MERGE, one ruling applied to every paired row because the two lanes differ the same way on all of them and neither is complete. From B: source_section, which A left blank on all three pages although 'Real Estate Portfolio' is printed above the table on pages 1 and 2 and 'REITS' and 'Separate Accounts' above their own tables on page 3; source_table on pages 1 and 2, because A's 'UNTITLED_TABLE_1' is a placeholder the page never prints; and asset_class 'Real Estate', the printed grouping that governs every row. From A: source_column_label and metric_name 'Total Capital Contributed' and 'Total Capital Distributed', because the header wraps 'Total Capital' onto its own line above each of those two columns separately instead of spanning them, and page 3 prints 'Total Capital Distributed' on one line where both lanes agree; currency_scale, which A correctly leaves blank on irr and tvpi rows while B stamps '($ in millions)' onto a percentage and a multiple; and evidence_quote, because A cites the full printed partnership line while B cites the bare value, which proves only that those digits occur somewhere on the page. subject_type corrected to 'fund' on every partnership row: both lanes wrote 'investment', but the entity column is headed 'Partnership' and each row is a named vehicle the fund committed capital to, not a holding inside one.",RESOLVED,A+B+ADJUDICATOR,504abfe06fcde5e187ef74247e28f97eecec00313f5079c91e05fbdaea023159
728188838b65f3f17832,SRC058,1,PAIR_0A8BB4A72F4C343E70DD6F5C,CONTEXT_CONFLICT,337,339,source_section|source_table|asset_class|evidence_quote,MERGE,"MERGE, one ruling applied to every paired row because the two lanes differ the same way on all of them and neither is complete. From B: source_section, which A left blank on all three pages although 'Real Estate Portfolio' is printed above the table on pages 1 and 2 and 'REITS' and 'Separate Accounts' above their own tables on page 3; source_table on pages 1 and 2, because A's 'UNTITLED_TABLE_1' is a placeholder the page never prints; and asset_class 'Real Estate', the printed grouping that governs every row. From A: source_column_label and metric_name 'Total Capital Contributed' and 'Total Capital Distributed', because the header wraps 'Total Capital' onto its own line above each of those two columns separately instead of spanning them, and page 3 prints 'Total Capital Distributed' on one line where both lanes agree; currency_scale, which A correctly leaves blank on irr and tvpi rows while B stamps '($ in millions)' onto a percentage and a multiple; and evidence_quote, because A cites the full printed partnership line while B cites the bare value, which proves only that those digits occur somewhere on the page. subject_type corrected to 'fund' on every partnership row: both lanes wrote 'investment', but the entity column is headed 'Partnership' and each row is a named vehicle the fund committed capital to, not a holding inside one.; Source review: p1: Retirement Fund (The portfolio report distinguishes investor positions from its aggregate rows.) | p1: Retirement Fund (Printed heading or definition supporting the source-reviewed qualifier.) | p1: Retirement Fund (Supersedes SR2141: the printed entity or table label is context, not a measurement basis; source labels retain its scope.)",RESOLVED,A+B+ADJUDICATOR,504abfe06fcde5e187ef74247e28f97eecec00313f5079c91e05fbdaea023159
6abe1c549e764fbd2dc6,SRC058,1,PAIR_1171FE36774E97C57AC9F59A,CONTEXT_CONFLICT,338,340,source_section|source_table|asset_class|currency_scale|evidence_quote,MERGE,"MERGE, one ruling applied to every paired row because the two lanes differ the same way on all of them and neither is complete. From B: source_section, which A left blank on all three pages although 'Real Estate Portfolio' is printed above the table on pages 1 and 2 and 'REITS' and 'Separate Accounts' above their own tables on page 3; source_table on pages 1 and 2, because A's 'UNTITLED_TABLE_1' is a placeholder the page never prints; and asset_class 'Real Estate', the printed grouping that governs every row. From A: source_column_label and metric_name 'Total Capital Contributed' and 'Total Capital Distributed', because the header wraps 'Total Capital' onto its own line above each of those two columns separately instead of spanning them, and page 3 prints 'Total Capital Distributed' on one line where both lanes agree; currency_scale, which A correctly leaves blank on irr and tvpi rows while B stamps '($ in millions)' onto a percentage and a multiple; and evidence_quote, because A cites the full printed partnership line while B cites the bare value, which proves only that those digits occur somewhere on the page. subject_type corrected to 'fund' on every partnership row: both lanes wrote 'investment', but the entity column is headed 'Partnership' and each row is a named vehicle the fund committed capital to, not a holding inside one.; Source review: p1: IRR (All report pages were reviewed; no fee-basis statement qualifies this IRR.)",RESOLVED,A+B+ADJUDICATOR,504abfe06fcde5e187ef74247e28f97eecec00313f5079c91e05fbdaea023159
86bfb1e2a7944708ffc5,SRC058,1,PAIR_7753B8F632067DFD156232DE,CONTEXT_CONFLICT,339,337,source_section|source_table|source_column_label|asset_class|metric_name|evidence_quote,MERGE,"MERGE, one ruling applied to every paired row because the two lanes differ the same way on all of them and neither is complete. From B: source_section, which A left blank on all three pages although 'Real Estate Portfolio' is printed above the table on pages 1 and 2 and 'REITS' and 'Separate Accounts' above their own tables on page 3; source_table on pages 1 and 2, because A's 'UNTITLED_TABLE_1' is a placeholder the page never prints; and asset_class 'Real Estate', the printed grouping that governs every row. From A: source_column_label and metric_name 'Total Capital Contributed' and 'Total Capital Distributed', because the header wraps 'Total Capital' onto its own line above each of those two columns separately instead of spanning them, and page 3 prints 'Total Capital Distributed' on one line where both lanes agree; currency_scale, which A correctly leaves blank on irr and tvpi rows while B stamps '($ in millions)' onto a percentage and a multiple; and evidence_quote, because A cites the full printed partnership line while B cites the bare value, which proves only that those digits occur somewhere on the page. subject_type corrected to 'fund' on every partnership row: both lanes wrote 'investment', but the entity column is headed 'Partnership' and each row is a named vehicle the fund committed capital to, not a holding inside one.",RESOLVED,A+B+ADJUDICATOR,504abfe06fcde5e187ef74247e28f97eecec00313f5079c91e05fbdaea023159
3cfd8d088e43674b63b9,SRC058,1,PAIR_7E4639C4E1A119717D8DAD42,CONTEXT_CONFLICT,340,338,source_section|source_table|source_column_label|asset_class|metric_name|evidence_quote,MERGE,"MERGE, one ruling applied to every paired row because the two lanes differ the same way on all of them and neither is complete. From B: source_section, which A left blank on all three pages although 'Real Estate Portfolio' is printed above the table on pages 1 and 2 and 'REITS' and 'Separate Accounts' above their own tables on page 3; source_table on pages 1 and 2, because A's 'UNTITLED_TABLE_1' is a placeholder the page never prints; and asset_class 'Real Estate', the printed grouping that governs every row. From A: source_column_label and metric_name 'Total Capital Contributed' and 'Total Capital Distributed', because the header wraps 'Total Capital' onto its own line above each of those two columns separately instead of spanning them, and page 3 prints 'Total Capital Distributed' on one line where both lanes agree; currency_scale, which A correctly leaves blank on irr and tvpi rows while B stamps '($ in millions)' onto a percentage and a multiple; and evidence_quote, because A cites the full printed partnership line while B cites the bare value, which proves only that those digits occur somewhere on the page. subject_type corrected to 'fund' on every partnership row: both lanes wrote 'investment', but the entity column is headed 'Partnership' and each row is a named vehicle the fund committed capital to, not a holding inside one.",RESOLVED,A+B+ADJUDICATOR,504abfe06fcde5e187ef74247e28f97eecec00313f5079c91e05fbdaea023159
fef66f020b249450ce60,SRC058,1,PAIR_90F5185ADE2579770C8B0EB0,CONTEXT_CONFLICT,341,341,source_section|source_table|asset_class|currency_scale|evidence_quote,MERGE,"MERGE, one ruling applied to every paired row because the two lanes differ the same way on all of them and neither is complete. From B: source_section, which A left blank on all three pages although 'Real Estate Portfolio' is printed above the table on pages 1 and 2 and 'REITS' and 'Separate Accounts' above their own tables on page 3; source_table on pages 1 and 2, because A's 'UNTITLED_TABLE_1' is a placeholder the page never prints; and asset_class 'Real Estate', the printed grouping that governs every row. From A: source_column_label and metric_name 'Total Capital Contributed' and 'Total Capital Distributed', because the header wraps 'Total Capital' onto its own line above each of those two columns separately instead of spanning them, and page 3 prints 'Total Capital Distributed' on one line where both lanes agree; currency_scale, which A correctly leaves blank on irr and tvpi rows while B stamps '($ in millions)' onto a percentage and a multiple; and evidence_quote, because A cites the full printed partnership line while B cites the bare value, which proves only that those digits occur somewhere on the page. subject_type corrected to 'fund' on every partnership row: both lanes wrote 'investment', but the entity column is headed 'Partnership' and each row is a named vehicle the fund committed capital to, not a holding inside one.",RESOLVED,A+B+ADJUDICATOR,504abfe06fcde5e187ef74247e28f97eecec00313f5079c91e05fbdaea023159
3613362dfdb265d41ea5,SRC058,1,PAIR_660DC1A1D273AE2238A91FDB,CONTEXT_CONFLICT,342,342,source_section|source_table|asset_class|evidence_quote,MERGE,"MERGE, one ruling applied to every paired row because the two lanes differ the same way on all of them and neither is complete. From B: source_section, which A left blank on all three pages although 'Real Estate Portfolio' is printed above the table on pages 1 and 2 and 'REITS' and 'Separate Accounts' above their own tables on page 3; source_table on pages 1 and 2, because A's 'UNTITLED_TABLE_1' is a placeholder the page never prints; and asset_class 'Real Estate', the printed grouping that governs every row. From A: source_column_label and metric_name 'Total Capital Contributed' and 'Total Capital Distributed', because the header wraps 'Total Capital' onto its own line above each of those two columns separately instead of spanning them, and page 3 prints 'Total Capital Distributed' on one line where both lanes agree; currency_scale, which A correctly leaves blank on irr and tvpi rows while B stamps '($ in millions)' onto a percentage and a multiple; and evidence_quote, because A cites the full printed partnership line while B cites the bare value, which proves only that those digits occur somewhere on the page. subject_type corrected to 'fund' on every partnership row: both lanes wrote 'investment', but the entity column is headed 'Partnership' and each row is a named vehicle the fund committed capital to, not a holding inside one.",RESOLVED,A+B+ADJUDICATOR,504abfe06fcde5e187ef74247e28f97eecec00313f5079c91e05fbdaea023159
2af1adcff80e196e2d06,SRC058,1,PAIR_210E0D901D579913BF379805,CONTEXT_CONFLICT,343,345,source_section|source_table|asset_class|evidence_quote,MERGE,"MERGE, one ruling applied to every paired row because the two lanes differ the same way on all of them and neither is complete. From B: source_section, which A left blank on all three pages although 'Real Estate Portfolio' is printed above the table on pages 1 and 2 and 'REITS' and 'Separate Accounts' above their own tables on page 3; source_table on pages 1 and 2, because A's 'UNTITLED_TABLE_1' is a placeholder the page never prints; and asset_class 'Real Estate', the printed grouping that governs every row. From A: source_column_label and metric_name 'Total Capital Contributed' and 'Total Capital Distributed', because the header wraps 'Total Capital' onto its own line above each of those two columns separately instead of spanning them, and page 3 prints 'Total Capital Distributed' on one line where both lanes agree; currency_scale, which A correctly leaves blank on irr and tvpi rows while B stamps '($ in millions)' onto a percentage and a multiple; and evidence_quote, because A cites the full printed partnership line while B cites the bare value, which proves only that those digits occur somewhere on the page. subject_type corrected to 'fund' on every partnership row: both lanes wrote 'investment', but the entity column is headed 'Partnership' and each row is a named vehicle the fund committed capital to, not a holding inside one.; Source review: p1: Retirement Fund (The portfolio report distinguishes investor positions from its aggregate rows.) | p1: Retirement Fund (Printed heading or definition supporting the source-reviewed qualifier.) | p1: Retirement Fund (Supersedes SR2142: the printed entity or table label is context, not a measurement basis; source labels retain its scope.)",RESOLVED,A+B+ADJUDICATOR,504abfe06fcde5e187ef74247e28f97eecec00313f5079c91e05fbdaea023159
94c33ed646403f8cf154,SRC058,1,PAIR_E92F4CE6D32BFA4E5B5516FD,CONTEXT_CONFLICT,344,346,source_section|source_table|asset_class|currency_scale|evidence_quote,MERGE,"MERGE, one ruling applied to every paired row because the two lanes differ the same way on all of them and neither is complete. From B: source_section, which A left blank on all three pages although 'Real Estate Portfolio' is printed above the table on pages 1 and 2 and 'REITS' and 'Separate Accounts' above their own tables on page 3; source_table on pages 1 and 2, because A's 'UNTITLED_TABLE_1' is a placeholder the page never prints; and asset_class 'Real Estate', the printed grouping that governs every row. From A: source_column_label and metric_name 'Total Capital Contributed' and 'Total Capital Distributed', because the header wraps 'Total Capital' onto its own line above each of those two columns separately instead of spanning them, and page 3 prints 'Total Capital Distributed' on one line where both lanes agree; currency_scale, which A correctly leaves blank on irr and tvpi rows while B stamps '($ in millions)' onto a percentage and a multiple; and evidence_quote, because A cites the full printed partnership line while B cites the bare value, which proves only that those digits occur somewhere on the page. subject_type corrected to 'fund' on every partnership row: both lanes wrote 'investment', but the entity column is headed 'Partnership' and each row is a named vehicle the fund committed capital to, not a holding inside one.; Source review: p1: IRR (All report pages were reviewed; no fee-basis statement qualifies this IRR.)",RESOLVED,A+B+ADJUDICATOR,504abfe06fcde5e187ef74247e28f97eecec00313f5079c91e05fbdaea023159
9c55cc025549dbde621b,SRC058,1,PAIR_9A7BAB2A8F6FB66BEF7EAF8D,CONTEXT_CONFLICT,345,343,source_section|source_table|source_column_label|asset_class|metric_name|evidence_quote,MERGE,"MERGE, one ruling applied to every paired row because the two lanes differ the same way on all of them and neither is complete. From B: source_section, which A left blank on all three pages although 'Real Estate Portfolio' is printed above the table on pages 1 and 2 and 'REITS' and 'Separate Accounts' above their own tables on page 3; source_table on pages 1 and 2, because A's 'UNTITLED_TABLE_1' is a placeholder the page never prints; and asset_class 'Real Estate', the printed grouping that governs every row. From A: source_column_label and metric_name 'Total Capital Contributed' and 'Total Capital Distributed', because the header wraps 'Total Capital' onto its own line above each of those two columns separately instead of spanning them, and page 3 prints 'Total Capital Distributed' on one line where both lanes agree; currency_scale, which A correctly leaves blank on irr and tvpi rows while B stamps '($ in millions)' onto a percentage and a multiple; and evidence_quote, because A cites the full printed partnership line while B cites the bare value, which proves only that those digits occur somewhere on the page. subject_type corrected to 'fund' on every partnership row: both lanes wrote 'investment', but the entity column is headed 'Partnership' and each row is a named vehicle the fund committed capital to, not a holding inside one.",RESOLVED,A+B+ADJUDICATOR,504abfe06fcde5e187ef74247e28f97eecec00313f5079c91e05fbdaea023159
488677d07f4283680ae5,SRC058,1,PAIR_D581035B945C299CA85BDD3A,CONTEXT_CONFLICT,346,344,source_section|source_table|source_column_label|asset_class|metric_name|evidence_quote,MERGE,"MERGE, one ruling applied to every paired row because the two lanes differ the same way on all of them and neither is complete. From B: source_section, which A left blank on all three pages although 'Real Estate Portfolio' is printed above the table on pages 1 and 2 and 'REITS' and 'Separate Accounts' above their own tables on page 3; source_table on pages 1 and 2, because A's 'UNTITLED_TABLE_1' is a placeholder the page never prints; and asset_class 'Real Estate', the printed grouping that governs every row. From A: source_column_label and metric_name 'Total Capital Contributed' and 'Total Capital Distributed', because the header wraps 'Total Capital' onto its own line above each of those two columns separately instead of spanning them, and page 3 prints 'Total Capital Distributed' on one line where both lanes agree; currency_scale, which A correctly leaves blank on irr and tvpi rows while B stamps '($ in millions)' onto a percentage and a multiple; and evidence_quote, because A cites the full printed partnership line while B cites the bare value, which proves only that those digits occur somewhere on the page. subject_type corrected to 'fund' on every partnership row: both lanes wrote 'investment', but the entity column is headed 'Partnership' and each row is a named vehicle the fund committed capital to, not a holding inside one.",RESOLVED,A+B+ADJUDICATOR,504abfe06fcde5e187ef74247e28f97eecec00313f5079c91e05fbdaea023159
68a25467c79c9bc440c0,SRC058,1,PAIR_BB4ED99566E30E93082D0E49,CONTEXT_CONFLICT,347,347,source_section|source_table|asset_class|currency_scale|evidence_quote,MERGE,"MERGE, one ruling applied to every paired row because the two lanes differ the same way on all of them and neither is complete. From B: source_section, which A left blank on all three pages although 'Real Estate Portfolio' is printed above the table on pages 1 and 2 and 'REITS' and 'Separate Accounts' above their own tables on page 3; source_table on pages 1 and 2, because A's 'UNTITLED_TABLE_1' is a placeholder the page never prints; and asset_class 'Real Estate', the printed grouping that governs every row. From A: source_column_label and metric_name 'Total Capital Contributed' and 'Total Capital Distributed', because the header wraps 'Total Capital' onto its own line above each of those two columns separately instead of spanning them, and page 3 prints 'Total Capital Distributed' on one line where both lanes agree; currency_scale, which A correctly leaves blank on irr and tvpi rows while B stamps '($ in millions)' onto a percentage and a multiple; and evidence_quote, because A cites the full printed partnership line while B cites the bare value, which proves only that those digits occur somewhere on the page. subject_type corrected to 'fund' on every partnership row: both lanes wrote 'investment', but the entity column is headed 'Partnership' and each row is a named vehicle the fund committed capital to, not a holding inside one.",RESOLVED,A+B+ADJUDICATOR,504abfe06fcde5e187ef74247e28f97eecec00313f5079c91e05fbdaea023159
d29330ea39085652632c,SRC058,1,PAIR_433E933B384CE13359D1486B,CONTEXT_CONFLICT,348,348,source_section|source_table|asset_class|evidence_quote,MERGE,"MERGE, one ruling applied to every paired row because the two lanes differ the same way on all of them and neither is complete. From B: source_section, which A left blank on all three pages although 'Real Estate Portfolio' is printed above the table on pages 1 and 2 and 'REITS' and 'Separate Accounts' above their own tables on page 3; source_table on pages 1 and 2, because A's 'UNTITLED_TABLE_1' is a placeholder the page never prints; and asset_class 'Real Estate', the printed grouping that governs every row. From A: source_column_label and metric_name 'Total Capital Contributed' and 'Total Capital Distributed', because the header wraps 'Total Capital' onto its own line above each of those two columns separately instead of spanning them, and page 3 prints 'Total Capital Distributed' on one line where both lanes agree; currency_scale, which A correctly leaves blank on irr and tvpi rows while B stamps '($ in millions)' onto a percentage and a multiple; and evidence_quote, because A cites the full printed partnership line while B cites the bare value, which proves only that those digits occur somewhere on the page. subject_type corrected to 'fund' on every partnership row: both lanes wrote 'investment', but the entity column is headed 'Partnership' and each row is a named vehicle the fund committed capital to, not a holding inside one.",RESOLVED,A+B+ADJUDICATOR,504abfe06fcde5e187ef74247e28f97eecec00313f5079c91e05fbdaea023159
a4554be427b4fbda6d43,SRC058,1,PAIR_D02477DB64ADFA7CDAFF586F,CONTEXT_CONFLICT,349,351,source_section|source_table|asset_class|evidence_quote,MERGE,"MERGE, one ruling applied to every paired row because the two lanes differ the same way on all of them and neither is complete. From B: source_section, which A left blank on all three pages although 'Real Estate Portfolio' is printed above the table on pages 1 and 2 and 'REITS' and 'Separate Accounts' above their own tables on page 3; source_table on pages 1 and 2, because A's 'UNTITLED_TABLE_1' is a placeholder the page never prints; and asset_class 'Real Estate', the printed grouping that governs every row. From A: source_column_label and metric_name 'Total Capital Contributed' and 'Total Capital Distributed', because the header wraps 'Total Capital' onto its own line above each of those two columns separately instead of spanning them, and page 3 prints 'Total Capital Distributed' on one line where both lanes agree; currency_scale, which A correctly leaves blank on irr and tvpi rows while B stamps '($ in millions)' onto a percentage and a multiple; and evidence_quote, because A cites the full printed partnership line while B cites the bare value, which proves only that those digits occur somewhere on the page. subject_type corrected to 'fund' on every partnership row: both lanes wrote 'investment', but the entity column is headed 'Partnership' and each row is a named vehicle the fund committed capital to, not a holding inside one.; Source review: p1: Retirement Fund (The portfolio report distinguishes investor positions from its aggregate rows.) | p1: Retirement Fund (Printed heading or definition supporting the source-reviewed qualifier.) | p1: Retirement Fund (Supersedes SR2143: the printed entity or table label is context, not a measurement basis; source labels retain its scope.)",RESOLVED,A+B+ADJUDICATOR,504abfe06fcde5e187ef74247e28f97eecec00313f5079c91e05fbdaea023159
39f9b644508e77cf5bcd,SRC058,1,PAIR_5BC90EE8F688FD0591E8458F,CONTEXT_CONFLICT,350,352,source_section|source_table|asset_class|currency_scale|evidence_quote,MERGE,"MERGE, one ruling applied to every paired row because the two lanes differ the same way on all of them and neither is complete. From B: source_section, which A left blank on all three pages although 'Real Estate Portfolio' is printed above the table on pages 1 and 2 and 'REITS' and 'Separate Accounts' above their own tables on page 3; source_table on pages 1 and 2, because A's 'UNTITLED_TABLE_1' is a placeholder the page never prints; and asset_class 'Real Estate', the printed grouping that governs every row. From A: source_column_label and metric_name 'Total Capital Contributed' and 'Total Capital Distributed', because the header wraps 'Total Capital' onto its own line above each of those two columns separately instead of spanning them, and page 3 prints 'Total Capital Distributed' on one line where both lanes agree; currency_scale, which A correctly leaves blank on irr and tvpi rows while B stamps '($ in millions)' onto a percentage and a multiple; and evidence_quote, because A cites the full printed partnership line while B cites the bare value, which proves only that those digits occur somewhere on the page. subject_type corrected to 'fund' on every partnership row: both lanes wrote 'investment', but the entity column is headed 'Partnership' and each row is a named vehicle the fund committed capital to, not a holding inside one.; Source review: p1: IRR (All report pages were reviewed; no fee-basis statement qualifies this IRR.)",RESOLVED,A+B+ADJUDICATOR,504abfe06fcde5e187ef74247e28f97eecec00313f5079c91e05fbdaea023159
e2967bf2c35eb3490dd3,SRC058,1,PAIR_D5ED585F4B4949661ABF94D1,CONTEXT_CONFLICT,351,349,source_section|source_table|source_column_label|asset_class|metric_name|evidence_quote,MERGE,"MERGE, one ruling applied to every paired row because the two lanes differ the same way on all of them and neither is complete. From B: source_section, which A left blank on all three pages although 'Real Estate Portfolio' is printed above the table on pages 1 and 2 and 'REITS' and 'Separate Accounts' above their own tables on page 3; source_table on pages 1 and 2, because A's 'UNTITLED_TABLE_1' is a placeholder the page never prints; and asset_class 'Real Estate', the printed grouping that governs every row. From A: source_column_label and metric_name 'Total Capital Contributed' and 'Total Capital Distributed', because the header wraps 'Total Capital' onto its own line above each of those two columns separately instead of spanning them, and page 3 prints 'Total Capital Distributed' on one line where both lanes agree; currency_scale, which A correctly leaves blank on irr and tvpi rows while B stamps '($ in millions)' onto a percentage and a multiple; and evidence_quote, because A cites the full printed partnership line while B cites the bare value, which proves only that those digits occur somewhere on the page. subject_type corrected to 'fund' on every partnership row: both lanes wrote 'investment', but the entity column is headed 'Partnership' and each row is a named vehicle the fund committed capital to, not a holding inside one.",RESOLVED,A+B+ADJUDICATOR,504abfe06fcde5e187ef74247e28f97eecec00313f5079c91e05fbdaea023159
b01e8578636cd6752d37,SRC058,1,PAIR_B1FAB3DED329CCB15748D404,CONTEXT_CONFLICT,352,350,source_section|source_table|source_column_label|asset_class|metric_name|evidence_quote,MERGE,"MERGE, one ruling applied to every paired row because the two lanes differ the same way on all of them and neither is complete. From B: source_section, which A left blank on all three pages although 'Real Estate Portfolio' is printed above the table on pages 1 and 2 and 'REITS' and 'Separate Accounts' above their own tables on page 3; source_table on pages 1 and 2, because A's 'UNTITLED_TABLE_1' is a placeholder the page never prints; and asset_class 'Real Estate', the printed grouping that governs every row. From A: source_column_label and metric_name 'Total Capital Contributed' and 'Total Capital Distributed', because the header wraps 'Total Capital' onto its own line above each of those two columns separately instead of spanning them, and page 3 prints 'Total Capital Distributed' on one line where both lanes agree; currency_scale, which A correctly leaves blank on irr and tvpi rows while B stamps '($ in millions)' onto a percentage and a multiple; and evidence_quote, because A cites the full printed partnership line while B cites the bare value, which proves only that those digits occur somewhere on the page. subject_type corrected to 'fund' on every partnership row: both lanes wrote 'investment', but the entity column is headed 'Partnership' and each row is a named vehicle the fund committed capital to, not a holding inside one.",RESOLVED,A+B+ADJUDICATOR,504abfe06fcde5e187ef74247e28f97eecec00313f5079c91e05fbdaea023159
47e08a306ada392ea04e,SRC058,1,PAIR_D65C5CDC9F3FEC9931025221,CONTEXT_CONFLICT,353,353,source_section|source_table|asset_class|currency_scale|evidence_quote,MERGE,"MERGE, one ruling applied to every paired row because the two lanes differ the same way on all of them and neither is complete. From B: source_section, which A left blank on all three pages although 'Real Estate Portfolio' is printed above the table on pages 1 and 2 and 'REITS' and 'Separate Accounts' above their own tables on page 3; source_table on pages 1 and 2, because A's 'UNTITLED_TABLE_1' is a placeholder the page never prints; and asset_class 'Real Estate', the printed grouping that governs every row. From A: source_column_label and metric_name 'Total Capital Contributed' and 'Total Capital Distributed', because the header wraps 'Total Capital' onto its own line above each of those two columns separately instead of spanning them, and page 3 prints 'Total Capital Distributed' on one line where both lanes agree; currency_scale, which A correctly leaves blank on irr and tvpi rows while B stamps '($ in millions)' onto a percentage and a multiple; and evidence_quote, because A cites the full printed partnership line while B cites the bare value, which proves only that those digits occur somewhere on the page. subject_type corrected to 'fund' on every partnership row: both lanes wrote 'investment', but the entity column is headed 'Partnership' and each row is a named vehicle the fund committed capital to, not a holding inside one.",RESOLVED,A+B+ADJUDICATOR,504abfe06fcde5e187ef74247e28f97eecec00313f5079c91e05fbdaea023159
031e64e4e72cdbfd5f1d,SRC058,1,PAIR_CD0B85D73DDA78BA49CD50A4,CONTEXT_CONFLICT,354,354,source_section|source_table|asset_class|evidence_quote,MERGE,"MERGE, one ruling applied to every paired row because the two lanes differ the same way on all of them and neither is complete. From B: source_section, which A left blank on all three pages although 'Real Estate Portfolio' is printed above the table on pages 1 and 2 and 'REITS' and 'Separate Accounts' above their own tables on page 3; source_table on pages 1 and 2, because A's 'UNTITLED_TABLE_1' is a placeholder the page never prints; and asset_class 'Real Estate', the printed grouping that governs every row. From A: source_column_label and metric_name 'Total Capital Contributed' and 'Total Capital Distributed', because the header wraps 'Total Capital' onto its own line above each of those two columns separately instead of spanning them, and page 3 prints 'Total Capital Distributed' on one line where both lanes agree; currency_scale, which A correctly leaves blank on irr and tvpi rows while B stamps '($ in millions)' onto a percentage and a multiple; and evidence_quote, because A cites the full printed partnership line while B cites the bare value, which proves only that those digits occur somewhere on the page. subject_type corrected to 'fund' on every partnership row: both lanes wrote 'investment', but the entity column is headed 'Partnership' and each row is a named vehicle the fund committed capital to, not a holding inside one.",RESOLVED,A+B+ADJUDICATOR,504abfe06fcde5e187ef74247e28f97eecec00313f5079c91e05fbdaea023159
6b5866351f1c156a6a33,SRC058,1,PAIR_60D191AB3BFAEC76A4141746,CONTEXT_CONFLICT,355,357,source_section|source_table|asset_class|evidence_quote,MERGE,"MERGE, one ruling applied to every paired row because the two lanes differ the same way on all of them and neither is complete. From B: source_section, which A left blank on all three pages although 'Real Estate Portfolio' is printed above the table on pages 1 and 2 and 'REITS' and 'Separate Accounts' above their own tables on page 3; source_table on pages 1 and 2, because A's 'UNTITLED_TABLE_1' is a placeholder the page never prints; and asset_class 'Real Estate', the printed grouping that governs every row. From A: source_column_label and metric_name 'Total Capital Contributed' and 'Total Capital Distributed', because the header wraps 'Total Capital' onto its own line above each of those two columns separately instead of spanning them, and page 3 prints 'Total Capital Distributed' on one line where both lanes agree; currency_scale, which A correctly leaves blank on irr and tvpi rows while B stamps '($ in millions)' onto a percentage and a multiple; and evidence_quote, because A cites the full printed partnership line while B cites the bare value, which proves only that those digits occur somewhere on the page. subject_type corrected to 'fund' on every partnership row: both lanes wrote 'investment', but the entity column is headed 'Partnership' and each row is a named vehicle the fund committed capital to, not a holding inside one.; Source review: p1: Retirement Fund (The portfolio report distinguishes investor positions from its aggregate rows.) | p1: Retirement Fund (Printed heading or definition supporting the source-reviewed qualifier.) | p1: Retirement Fund (Supersedes SR2144: the printed entity or table label is context, not a measurement basis; source labels retain its scope.)",RESOLVED,A+B+ADJUDICATOR,504abfe06fcde5e187ef74247e28f97eecec00313f5079c91e05fbdaea023159
4bcef68d096ddda6a993,SRC058,1,PAIR_DB674670A5DB8D726F3D9C41,CONTEXT_CONFLICT,356,358,source_section|source_table|asset_class|currency_scale|evidence_quote,MERGE,"MERGE, one ruling applied to every paired row because the two lanes differ the same way on all of them and neither is complete. From B: source_section, which A left blank on all three pages although 'Real Estate Portfolio' is printed above the table on pages 1 and 2 and 'REITS' and 'Separate Accounts' above their own tables on page 3; source_table on pages 1 and 2, because A's 'UNTITLED_TABLE_1' is a placeholder the page never prints; and asset_class 'Real Estate', the printed grouping that governs every row. From A: source_column_label and metric_name 'Total Capital Contributed' and 'Total Capital Distributed', because the header wraps 'Total Capital' onto its own line above each of those two columns separately instead of spanning them, and page 3 prints 'Total Capital Distributed' on one line where both lanes agree; currency_scale, which A correctly leaves blank on irr and tvpi rows while B stamps '($ in millions)' onto a percentage and a multiple; and evidence_quote, because A cites the full printed partnership line while B cites the bare value, which proves only that those digits occur somewhere on the page. subject_type corrected to 'fund' on every partnership row: both lanes wrote 'investment', but the entity column is headed 'Partnership' and each row is a named vehicle the fund committed capital to, not a holding inside one.; Source review: p1: IRR (All report pages were reviewed; no fee-basis statement qualifies this IRR.)",RESOLVED,A+B+ADJUDICATOR,504abfe06fcde5e187ef74247e28f97eecec00313f5079c91e05fbdaea023159
f510867a330363a10135,SRC058,1,PAIR_05BA6F44B94F349117D02B80,CONTEXT_CONFLICT,357,355,source_section|source_table|source_column_label|asset_class|metric_name|evidence_quote,MERGE,"MERGE, one ruling applied to every paired row because the two lanes differ the same way on all of them and neither is complete. From B: source_section, which A left blank on all three pages although 'Real Estate Portfolio' is printed above the table on pages 1 and 2 and 'REITS' and 'Separate Accounts' above their own tables on page 3; source_table on pages 1 and 2, because A's 'UNTITLED_TABLE_1' is a placeholder the page never prints; and asset_class 'Real Estate', the printed grouping that governs every row. From A: source_column_label and metric_name 'Total Capital Contributed' and 'Total Capital Distributed', because the header wraps 'Total Capital' onto its own line above each of those two columns separately instead of spanning them, and page 3 prints 'Total Capital Distributed' on one line where both lanes agree; currency_scale, which A correctly leaves blank on irr and tvpi rows while B stamps '($ in millions)' onto a percentage and a multiple; and evidence_quote, because A cites the full printed partnership line while B cites the bare value, which proves only that those digits occur somewhere on the page. subject_type corrected to 'fund' on every partnership row: both lanes wrote 'investment', but the entity column is headed 'Partnership' and each row is a named vehicle the fund committed capital to, not a holding inside one.",RESOLVED,A+B+ADJUDICATOR,504abfe06fcde5e187ef74247e28f97eecec00313f5079c91e05fbdaea023159
bb570c806fc99d636c11,SRC058,1,PAIR_8EB09A14E993A3DF95C00CD8,CONTEXT_CONFLICT,358,356,source_section|source_table|source_column_label|asset_class|metric_name|evidence_quote,MERGE,"MERGE, one ruling applied to every paired row because the two lanes differ the same way on all of them and neither is complete. From B: source_section, which A left blank on all three pages although 'Real Estate Portfolio' is printed above the table on pages 1 and 2 and 'REITS' and 'Separate Accounts' above their own tables on page 3; source_table on pages 1 and 2, because A's 'UNTITLED_TABLE_1' is a placeholder the page never prints; and asset_class 'Real Estate', the printed grouping that governs every row. From A: source_column_label and metric_name 'Total Capital Contributed' and 'Total Capital Distributed', because the header wraps 'Total Capital' onto its own line above each of those two columns separately instead of spanning them, and page 3 prints 'Total Capital Distributed' on one line where both lanes agree; currency_scale, which A correctly leaves blank on irr and tvpi rows while B stamps '($ in millions)' onto a percentage and a multiple; and evidence_quote, because A cites the full printed partnership line while B cites the bare value, which proves only that those digits occur somewhere on the page. subject_type corrected to 'fund' on every partnership row: both lanes wrote 'investment', but the entity column is headed 'Partnership' and each row is a named vehicle the fund committed capital to, not a holding inside one.",RESOLVED,A+B+ADJUDICATOR,504abfe06fcde5e187ef74247e28f97eecec00313f5079c91e05fbdaea023159
835cb428284dfcd29f9a,SRC058,1,PAIR_55A9E04CF25DB16C6F81E489,CONTEXT_CONFLICT,359,359,source_section|source_table|asset_class|currency_scale|evidence_quote,MERGE,"MERGE, one ruling applied to every paired row because the two lanes differ the same way on all of them and neither is complete. From B: source_section, which A left blank on all three pages although 'Real Estate Portfolio' is printed above the table on pages 1 and 2 and 'REITS' and 'Separate Accounts' above their own tables on page 3; source_table on pages 1 and 2, because A's 'UNTITLED_TABLE_1' is a placeholder the page never prints; and asset_class 'Real Estate', the printed grouping that governs every row. From A: source_column_label and metric_name 'Total Capital Contributed' and 'Total Capital Distributed', because the header wraps 'Total Capital' onto its own line above each of those two columns separately instead of spanning them, and page 3 prints 'Total Capital Distributed' on one line where both lanes agree; currency_scale, which A correctly leaves blank on irr and tvpi rows while B stamps '($ in millions)' onto a percentage and a multiple; and evidence_quote, because A cites the full printed partnership line while B cites the bare value, which proves only that those digits occur somewhere on the page. subject_type corrected to 'fund' on every partnership row: both lanes wrote 'investment', but the entity column is headed 'Partnership' and each row is a named vehicle the fund committed capital to, not a holding inside one.",RESOLVED,A+B+ADJUDICATOR,504abfe06fcde5e187ef74247e28f97eecec00313f5079c91e05fbdaea023159
57a65db1bc6c3d75279e,SRC058,1,PAIR_FE8ECD1157427A96EF7EFF2B,CONTEXT_CONFLICT,360,360,source_section|source_table|asset_class|evidence_quote,MERGE,"MERGE, one ruling applied to every paired row because the two lanes differ the same way on all of them and neither is complete. From B: source_section, which A left blank on all three pages although 'Real Estate Portfolio' is printed above the table on pages 1 and 2 and 'REITS' and 'Separate Accounts' above their own tables on page 3; source_table on pages 1 and 2, because A's 'UNTITLED_TABLE_1' is a placeholder the page never prints; and asset_class 'Real Estate', the printed grouping that governs every row. From A: source_column_label and metric_name 'Total Capital Contributed' and 'Total Capital Distributed', because the header wraps 'Total Capital' onto its own line above each of those two columns separately instead of spanning them, and page 3 prints 'Total Capital Distributed' on one line where both lanes agree; currency_scale, which A correctly leaves blank on irr and tvpi rows while B stamps '($ in millions)' onto a percentage and a multiple; and evidence_quote, because A cites the full printed partnership line while B cites the bare value, which proves only that those digits occur somewhere on the page. subject_type corrected to 'fund' on every partnership row: both lanes wrote 'investment', but the entity column is headed 'Partnership' and each row is a named vehicle the fund committed capital to, not a holding inside one.",RESOLVED,A+B+ADJUDICATOR,504abfe06fcde5e187ef74247e28f97eecec00313f5079c91e05fbdaea023159
7be56a6251947ab8bcfa,SRC058,1,PAIR_031DD62321D08BD22D5489F8,CONTEXT_CONFLICT,361,363,source_section|source_table|asset_class|evidence_quote,MERGE,"MERGE, one ruling applied to every paired row because the two lanes differ the same way on all of them and neither is complete. From B: source_section, which A left blank on all three pages although 'Real Estate Portfolio' is printed above the table on pages 1 and 2 and 'REITS' and 'Separate Accounts' above their own tables on page 3; source_table on pages 1 and 2, because A's 'UNTITLED_TABLE_1' is a placeholder the page never prints; and asset_class 'Real Estate', the printed grouping that governs every row. From A: source_column_label and metric_name 'Total Capital Contributed' and 'Total Capital Distributed', because the header wraps 'Total Capital' onto its own line above each of those two columns separately instead of spanning them, and page 3 prints 'Total Capital Distributed' on one line where both lanes agree; currency_scale, which A correctly leaves blank on irr and tvpi rows while B stamps '($ in millions)' onto a percentage and a multiple; and evidence_quote, because A cites the full printed partnership line while B cites the bare value, which proves only that those digits occur somewhere on the page. subject_type corrected to 'fund' on every partnership row: both lanes wrote 'investment', but the entity column is headed 'Partnership' and each row is a named vehicle the fund committed capital to, not a holding inside one.; Source review: p1: Retirement Fund (The portfolio report distinguishes investor positions from its aggregate rows.) | p1: Retirement Fund (Printed heading or definition supporting the source-reviewed qualifier.) | p1: Retirement Fund (Supersedes SR2145: the printed entity or table label is context, not a measurement basis; source labels retain its scope.)",RESOLVED,A+B+ADJUDICATOR,504abfe06fcde5e187ef74247e28f97eecec00313f5079c91e05fbdaea023159
f7df638dba25832e9a41,SRC058,1,PAIR_858E38893F9804DE763AA58F,CONTEXT_CONFLICT,362,364,source_section|source_table|asset_class|currency_scale|evidence_quote,MERGE,"MERGE, one ruling applied to every paired row because the two lanes differ the same way on all of them and neither is complete. From B: source_section, which A left blank on all three pages although 'Real Estate Portfolio' is printed above the table on pages 1 and 2 and 'REITS' and 'Separate Accounts' above their own tables on page 3; source_table on pages 1 and 2, because A's 'UNTITLED_TABLE_1' is a placeholder the page never prints; and asset_class 'Real Estate', the printed grouping that governs every row. From A: source_column_label and metric_name 'Total Capital Contributed' and 'Total Capital Distributed', because the header wraps 'Total Capital' onto its own line above each of those two columns separately instead of spanning them, and page 3 prints 'Total Capital Distributed' on one line where both lanes agree; currency_scale, which A correctly leaves blank on irr and tvpi rows while B stamps '($ in millions)' onto a percentage and a multiple; and evidence_quote, because A cites the full printed partnership line while B cites the bare value, which proves only that those digits occur somewhere on the page. subject_type corrected to 'fund' on every partnership row: both lanes wrote 'investment', but the entity column is headed 'Partnership' and each row is a named vehicle the fund committed capital to, not a holding inside one.; Source review: p1: IRR (All report pages were reviewed; no fee-basis statement qualifies this IRR.)",RESOLVED,A+B+ADJUDICATOR,504abfe06fcde5e187ef74247e28f97eecec00313f5079c91e05fbdaea023159
55107f97332d06c1e75b,SRC058,1,PAIR_BE261B38AC089D89EF0AC082,CONTEXT_CONFLICT,363,361,source_section|source_table|source_column_label|asset_class|metric_name|evidence_quote,MERGE,"MERGE, one ruling applied to every paired row because the two lanes differ the same way on all of them and neither is complete. From B: source_section, which A left blank on all three pages although 'Real Estate Portfolio' is printed above the table on pages 1 and 2 and 'REITS' and 'Separate Accounts' above their own tables on page 3; source_table on pages 1 and 2, because A's 'UNTITLED_TABLE_1' is a placeholder the page never prints; and asset_class 'Real Estate', the printed grouping that governs every row. From A: source_column_label and metric_name 'Total Capital Contributed' and 'Total Capital Distributed', because the header wraps 'Total Capital' onto its own line above each of those two columns separately instead of spanning them, and page 3 prints 'Total Capital Distributed' on one line where both lanes agree; currency_scale, which A correctly leaves blank on irr and tvpi rows while B stamps '($ in millions)' onto a percentage and a multiple; and evidence_quote, because A cites the full printed partnership line while B cites the bare value, which proves only that those digits occur somewhere on the page. subject_type corrected to 'fund' on every partnership row: both lanes wrote 'investment', but the entity column is headed 'Partnership' and each row is a named vehicle the fund committed capital to, not a holding inside one.",RESOLVED,A+B+ADJUDICATOR,504abfe06fcde5e187ef74247e28f97eecec00313f5079c91e05fbdaea023159
6ab190aa469bf1e3cb59,SRC058,1,PAIR_C22A3F301F37300617A5EA56,CONTEXT_CONFLICT,364,362,source_section|source_table|source_column_label|asset_class|metric_name|evidence_quote,MERGE,"MERGE, one ruling applied to every paired row because the two lanes differ the same way on all of them and neither is complete. From B: source_section, which A left blank on all three pages although 'Real Estate Portfolio' is printed above the table on pages 1 and 2 and 'REITS' and 'Separate Accounts' above their own tables on page 3; source_table on pages 1 and 2, because A's 'UNTITLED_TABLE_1' is a placeholder the page never prints; and asset_class 'Real Estate', the printed grouping that governs every row. From A: source_column_label and metric_name 'Total Capital Contributed' and 'Total Capital Distributed', because the header wraps 'Total Capital' onto its own line above each of those two columns separately instead of spanning them, and page 3 prints 'Total Capital Distributed' on one line where both lanes agree; currency_scale, which A correctly leaves blank on irr and tvpi rows while B stamps '($ in millions)' onto a percentage and a multiple; and evidence_quote, because A cites the full printed partnership line while B cites the bare value, which proves only that those digits occur somewhere on the page. subject_type corrected to 'fund' on every partnership row: both lanes wrote 'investment', but the entity column is headed 'Partnership' and each row is a named vehicle the fund committed capital to, not a holding inside one.",RESOLVED,A+B+ADJUDICATOR,504abfe06fcde5e187ef74247e28f97eecec00313f5079c91e05fbdaea023159
a732b56c6c063bbde73c,SRC058,1,PAIR_106D5EFB5A0AAC5FADA52ACB,CONTEXT_CONFLICT,365,365,source_section|source_table|asset_class|currency_scale|evidence_quote,MERGE,"MERGE, one ruling applied to every paired row because the two lanes differ the same way on all of them and neither is complete. From B: source_section, which A left blank on all three pages although 'Real Estate Portfolio' is printed above the table on pages 1 and 2 and 'REITS' and 'Separate Accounts' above their own tables on page 3; source_table on pages 1 and 2, because A's 'UNTITLED_TABLE_1' is a placeholder the page never prints; and asset_class 'Real Estate', the printed grouping that governs every row. From A: source_column_label and metric_name 'Total Capital Contributed' and 'Total Capital Distributed', because the header wraps 'Total Capital' onto its own line above each of those two columns separately instead of spanning them, and page 3 prints 'Total Capital Distributed' on one line where both lanes agree; currency_scale, which A correctly leaves blank on irr and tvpi rows while B stamps '($ in millions)' onto a percentage and a multiple; and evidence_quote, because A cites the full printed partnership line while B cites the bare value, which proves only that those digits occur somewhere on the page. subject_type corrected to 'fund' on every partnership row: both lanes wrote 'investment', but the entity column is headed 'Partnership' and each row is a named vehicle the fund committed capital to, not a holding inside one.",RESOLVED,A+B+ADJUDICATOR,504abfe06fcde5e187ef74247e28f97eecec00313f5079c91e05fbdaea023159
84eb5bdf6382bfc02d66,SRC058,1,PAIR_6D6126C25344EBDA13168A52,CONTEXT_CONFLICT,366,366,source_section|source_table|asset_class|evidence_quote,MERGE,"MERGE, one ruling applied to every paired row because the two lanes differ the same way on all of them and neither is complete. From B: source_section, which A left blank on all three pages although 'Real Estate Portfolio' is printed above the table on pages 1 and 2 and 'REITS' and 'Separate Accounts' above their own tables on page 3; source_table on pages 1 and 2, because A's 'UNTITLED_TABLE_1' is a placeholder the page never prints; and asset_class 'Real Estate', the printed grouping that governs every row. From A: source_column_label and metric_name 'Total Capital Contributed' and 'Total Capital Distributed', because the header wraps 'Total Capital' onto its own line above each of those two columns separately instead of spanning them, and page 3 prints 'Total Capital Distributed' on one line where both lanes agree; currency_scale, which A correctly leaves blank on irr and tvpi rows while B stamps '($ in millions)' onto a percentage and a multiple; and evidence_quote, because A cites the full printed partnership line while B cites the bare value, which proves only that those digits occur somewhere on the page. subject_type corrected to 'fund' on every partnership row: both lanes wrote 'investment', but the entity column is headed 'Partnership' and each row is a named vehicle the fund committed capital to, not a holding inside one.",RESOLVED,A+B+ADJUDICATOR,504abfe06fcde5e187ef74247e28f97eecec00313f5079c91e05fbdaea023159
835e467aaf4b216314e0,SRC058,1,PAIR_193047413A0FF648A0550206,CONTEXT_CONFLICT,367,369,source_section|source_table|asset_class|evidence_quote,MERGE,"MERGE, one ruling applied to every paired row because the two lanes differ the same way on all of them and neither is complete. From B: source_section, which A left blank on all three pages although 'Real Estate Portfolio' is printed above the table on pages 1 and 2 and 'REITS' and 'Separate Accounts' above their own tables on page 3; source_table on pages 1 and 2, because A's 'UNTITLED_TABLE_1' is a placeholder the page never prints; and asset_class 'Real Estate', the printed grouping that governs every row. From A: source_column_label and metric_name 'Total Capital Contributed' and 'Total Capital Distributed', because the header wraps 'Total Capital' onto its own line above each of those two columns separately instead of spanning them, and page 3 prints 'Total Capital Distributed' on one line where both lanes agree; currency_scale, which A correctly leaves blank on irr and tvpi rows while B stamps '($ in millions)' onto a percentage and a multiple; and evidence_quote, because A cites the full printed partnership line while B cites the bare value, which proves only that those digits occur somewhere on the page. subject_type corrected to 'fund' on every partnership row: both lanes wrote 'investment', but the entity column is headed 'Partnership' and each row is a named vehicle the fund committed capital to, not a holding inside one.; Source review: p1: Retirement Fund (The portfolio report distinguishes investor positions from its aggregate rows.) | p1: Retirement Fund (Printed heading or definition supporting the source-reviewed qualifier.) | p1: Retirement Fund (Supersedes SR2146: the printed entity or table label is context, not a measurement basis; source labels retain its scope.)",RESOLVED,A+B+ADJUDICATOR,504abfe06fcde5e187ef74247e28f97eecec00313f5079c91e05fbdaea023159
27cc8086671d9115ed26,SRC058,1,PAIR_DE0E4FC76B6C9DC8D7212AAC,CONTEXT_CONFLICT,368,370,source_section|source_table|asset_class|currency_scale|evidence_quote,MERGE,"MERGE, one ruling applied to every paired row because the two lanes differ the same way on all of them and neither is complete. From B: source_section, which A left blank on all three pages although 'Real Estate Portfolio' is printed above the table on pages 1 and 2 and 'REITS' and 'Separate Accounts' above their own tables on page 3; source_table on pages 1 and 2, because A's 'UNTITLED_TABLE_1' is a placeholder the page never prints; and asset_class 'Real Estate', the printed grouping that governs every row. From A: source_column_label and metric_name 'Total Capital Contributed' and 'Total Capital Distributed', because the header wraps 'Total Capital' onto its own line above each of those two columns separately instead of spanning them, and page 3 prints 'Total Capital Distributed' on one line where both lanes agree; currency_scale, which A correctly leaves blank on irr and tvpi rows while B stamps '($ in millions)' onto a percentage and a multiple; and evidence_quote, because A cites the full printed partnership line while B cites the bare value, which proves only that those digits occur somewhere on the page. subject_type corrected to 'fund' on every partnership row: both lanes wrote 'investment', but the entity column is headed 'Partnership' and each row is a named vehicle the fund committed capital to, not a holding inside one.; Source review: p1: IRR (All report pages were reviewed; no fee-basis statement qualifies this IRR.)",RESOLVED,A+B+ADJUDICATOR,504abfe06fcde5e187ef74247e28f97eecec00313f5079c91e05fbdaea023159
12efc4c675369e498dff,SRC058,1,PAIR_E119AA46979961FBC381BA2A,CONTEXT_CONFLICT,369,367,source_section|source_table|source_column_label|asset_class|metric_name|evidence_quote,MERGE,"MERGE, one ruling applied to every paired row because the two lanes differ the same way on all of them and neither is complete. From B: source_section, which A left blank on all three pages although 'Real Estate Portfolio' is printed above the table on pages 1 and 2 and 'REITS' and 'Separate Accounts' above their own tables on page 3; source_table on pages 1 and 2, because A's 'UNTITLED_TABLE_1' is a placeholder the page never prints; and asset_class 'Real Estate', the printed grouping that governs every row. From A: source_column_label and metric_name 'Total Capital Contributed' and 'Total Capital Distributed', because the header wraps 'Total Capital' onto its own line above each of those two columns separately instead of spanning them, and page 3 prints 'Total Capital Distributed' on one line where both lanes agree; currency_scale, which A correctly leaves blank on irr and tvpi rows while B stamps '($ in millions)' onto a percentage and a multiple; and evidence_quote, because A cites the full printed partnership line while B cites the bare value, which proves only that those digits occur somewhere on the page. subject_type corrected to 'fund' on every partnership row: both lanes wrote 'investment', but the entity column is headed 'Partnership' and each row is a named vehicle the fund committed capital to, not a holding inside one.",RESOLVED,A+B+ADJUDICATOR,504abfe06fcde5e187ef74247e28f97eecec00313f5079c91e05fbdaea023159
38bb7e40b89beae5af9b,SRC058,1,PAIR_7E79ED04D77BC39604DBDFE9,CONTEXT_CONFLICT,370,368,source_section|source_table|source_column_label|asset_class|metric_name|evidence_quote,MERGE,"MERGE, one ruling applied to every paired row because the two lanes differ the same way on all of them and neither is complete. From B: source_section, which A left blank on all three pages although 'Real Estate Portfolio' is printed above the table on pages 1 and 2 and 'REITS' and 'Separate Accounts' above their own tables on page 3; source_table on pages 1 and 2, because A's 'UNTITLED_TABLE_1' is a placeholder the page never prints; and asset_class 'Real Estate', the printed grouping that governs every row. From A: source_column_label and metric_name 'Total Capital Contributed' and 'Total Capital Distributed', because the header wraps 'Total Capital' onto its own line above each of those two columns separately instead of spanning them, and page 3 prints 'Total Capital Distributed' on one line where both lanes agree; currency_scale, which A correctly leaves blank on irr and tvpi rows while B stamps '($ in millions)' onto a percentage and a multiple; and evidence_quote, because A cites the full printed partnership line while B cites the bare value, which proves only that those digits occur somewhere on the page. subject_type corrected to 'fund' on every partnership row: both lanes wrote 'investment', but the entity column is headed 'Partnership' and each row is a named vehicle the fund committed capital to, not a holding inside one.",RESOLVED,A+B+ADJUDICATOR,504abfe06fcde5e187ef74247e28f97eecec00313f5079c91e05fbdaea023159
72e81d528e2a35e7d38d,SRC058,1,PAIR_405A3D12CADF1E5B692D96CC,CONTEXT_CONFLICT,371,371,source_section|source_table|asset_class|currency_scale|evidence_quote,MERGE,"MERGE, one ruling applied to every paired row because the two lanes differ the same way on all of them and neither is complete. From B: source_section, which A left blank on all three pages although 'Real Estate Portfolio' is printed above the table on pages 1 and 2 and 'REITS' and 'Separate Accounts' above their own tables on page 3; source_table on pages 1 and 2, because A's 'UNTITLED_TABLE_1' is a placeholder the page never prints; and asset_class 'Real Estate', the printed grouping that governs every row. From A: source_column_label and metric_name 'Total Capital Contributed' and 'Total Capital Distributed', because the header wraps 'Total Capital' onto its own line above each of those two columns separately instead of spanning them, and page 3 prints 'Total Capital Distributed' on one line where both lanes agree; currency_scale, which A correctly leaves blank on irr and tvpi rows while B stamps '($ in millions)' onto a percentage and a multiple; and evidence_quote, because A cites the full printed partnership line while B cites the bare value, which proves only that those digits occur somewhere on the page. subject_type corrected to 'fund' on every partnership row: both lanes wrote 'investment', but the entity column is headed 'Partnership' and each row is a named vehicle the fund committed capital to, not a holding inside one.",RESOLVED,A+B+ADJUDICATOR,504abfe06fcde5e187ef74247e28f97eecec00313f5079c91e05fbdaea023159
92ed6cacd1c25bbdef6f,SRC058,1,PAIR_4001AEF15115DFC04D7CEC67,CONTEXT_CONFLICT,372,372,source_section|source_table|asset_class|evidence_quote,MERGE,"MERGE, one ruling applied to every paired row because the two lanes differ the same way on all of them and neither is complete. From B: source_section, which A left blank on all three pages although 'Real Estate Portfolio' is printed above the table on pages 1 and 2 and 'REITS' and 'Separate Accounts' above their own tables on page 3; source_table on pages 1 and 2, because A's 'UNTITLED_TABLE_1' is a placeholder the page never prints; and asset_class 'Real Estate', the printed grouping that governs every row. From A: source_column_label and metric_name 'Total Capital Contributed' and 'Total Capital Distributed', because the header wraps 'Total Capital' onto its own line above each of those two columns separately instead of spanning them, and page 3 prints 'Total Capital Distributed' on one line where both lanes agree; currency_scale, which A correctly leaves blank on irr and tvpi rows while B stamps '($ in millions)' onto a percentage and a multiple; and evidence_quote, because A cites the full printed partnership line while B cites the bare value, which proves only that those digits occur somewhere on the page. subject_type corrected to 'fund' on every partnership row: both lanes wrote 'investment', but the entity column is headed 'Partnership' and each row is a named vehicle the fund committed capital to, not a holding inside one.",RESOLVED,A+B+ADJUDICATOR,504abfe06fcde5e187ef74247e28f97eecec00313f5079c91e05fbdaea023159
c41c789a6085174940ee,SRC058,1,PAIR_EE6F9710E33D7FDA81203B7C,CONTEXT_CONFLICT,373,375,source_section|source_table|asset_class|evidence_quote,MERGE,"MERGE, one ruling applied to every paired row because the two lanes differ the same way on all of them and neither is complete. From B: source_section, which A left blank on all three pages although 'Real Estate Portfolio' is printed above the table on pages 1 and 2 and 'REITS' and 'Separate Accounts' above their own tables on page 3; source_table on pages 1 and 2, because A's 'UNTITLED_TABLE_1' is a placeholder the page never prints; and asset_class 'Real Estate', the printed grouping that governs every row. From A: source_column_label and metric_name 'Total Capital Contributed' and 'Total Capital Distributed', because the header wraps 'Total Capital' onto its own line above each of those two columns separately instead of spanning them, and page 3 prints 'Total Capital Distributed' on one line where both lanes agree; currency_scale, which A correctly leaves blank on irr and tvpi rows while B stamps '($ in millions)' onto a percentage and a multiple; and evidence_quote, because A cites the full printed partnership line while B cites the bare value, which proves only that those digits occur somewhere on the page. subject_type corrected to 'fund' on every partnership row: both lanes wrote 'investment', but the entity column is headed 'Partnership' and each row is a named vehicle the fund committed capital to, not a holding inside one.; Source review: p1: Retirement Fund (The portfolio report distinguishes investor positions from its aggregate rows.) | p1: Retirement Fund (Printed heading or definition supporting the source-reviewed qualifier.) | p1: Retirement Fund (Supersedes SR2147: the printed entity or table label is context, not a measurement basis; source labels retain its scope.)",RESOLVED,A+B+ADJUDICATOR,504abfe06fcde5e187ef74247e28f97eecec00313f5079c91e05fbdaea023159
2d16f0eb92d8ef7ecdc9,SRC058,1,PAIR_9326FE59AC3C6C2E6F4D4AD6,CONTEXT_CONFLICT,374,376,source_section|source_table|asset_class|currency_scale|evidence_quote,MERGE,"MERGE, one ruling applied to every paired row because the two lanes differ the same way on all of them and neither is complete. From B: source_section, which A left blank on all three pages although 'Real Estate Portfolio' is printed above the table on pages 1 and 2 and 'REITS' and 'Separate Accounts' above their own tables on page 3; source_table on pages 1 and 2, because A's 'UNTITLED_TABLE_1' is a placeholder the page never prints; and asset_class 'Real Estate', the printed grouping that governs every row. From A: source_column_label and metric_name 'Total Capital Contributed' and 'Total Capital Distributed', because the header wraps 'Total Capital' onto its own line above each of those two columns separately instead of spanning them, and page 3 prints 'Total Capital Distributed' on one line where both lanes agree; currency_scale, which A correctly leaves blank on irr and tvpi rows while B stamps '($ in millions)' onto a percentage and a multiple; and evidence_quote, because A cites the full printed partnership line while B cites the bare value, which proves only that those digits occur somewhere on the page. subject_type corrected to 'fund' on every partnership row: both lanes wrote 'investment', but the entity column is headed 'Partnership' and each row is a named vehicle the fund committed capital to, not a holding inside one.; Source review: p1: IRR (All report pages were reviewed; no fee-basis statement qualifies this IRR.)",RESOLVED,A+B+ADJUDICATOR,504abfe06fcde5e187ef74247e28f97eecec00313f5079c91e05fbdaea023159
039d572b7d9eda6fa68e,SRC058,1,PAIR_4310272FC98990933FB64124,CONTEXT_CONFLICT,375,373,source_section|source_table|source_column_label|asset_class|metric_name|evidence_quote,MERGE,"MERGE, one ruling applied to every paired row because the two lanes differ the same way on all of them and neither is complete. From B: source_section, which A left blank on all three pages although 'Real Estate Portfolio' is printed above the table on pages 1 and 2 and 'REITS' and 'Separate Accounts' above their own tables on page 3; source_table on pages 1 and 2, because A's 'UNTITLED_TABLE_1' is a placeholder the page never prints; and asset_class 'Real Estate', the printed grouping that governs every row. From A: source_column_label and metric_name 'Total Capital Contributed' and 'Total Capital Distributed', because the header wraps 'Total Capital' onto its own line above each of those two columns separately instead of spanning them, and page 3 prints 'Total Capital Distributed' on one line where both lanes agree; currency_scale, which A correctly leaves blank on irr and tvpi rows while B stamps '($ in millions)' onto a percentage and a multiple; and evidence_quote, because A cites the full printed partnership line while B cites the bare value, which proves only that those digits occur somewhere on the page. subject_type corrected to 'fund' on every partnership row: both lanes wrote 'investment', but the entity column is headed 'Partnership' and each row is a named vehicle the fund committed capital to, not a holding inside one.",RESOLVED,A+B+ADJUDICATOR,504abfe06fcde5e187ef74247e28f97eecec00313f5079c91e05fbdaea023159
9aaa150fb88a28b2e964,SRC058,1,PAIR_8861B8E43787011B8150214D,CONTEXT_CONFLICT,376,374,source_section|source_table|source_column_label|asset_class|metric_name|evidence_quote,MERGE,"MERGE, one ruling applied to every paired row because the two lanes differ the same way on all of them and neither is complete. From B: source_section, which A left blank on all three pages although 'Real Estate Portfolio' is printed above the table on pages 1 and 2 and 'REITS' and 'Separate Accounts' above their own tables on page 3; source_table on pages 1 and 2, because A's 'UNTITLED_TABLE_1' is a placeholder the page never prints; and asset_class 'Real Estate', the printed grouping that governs every row. From A: source_column_label and metric_name 'Total Capital Contributed' and 'Total Capital Distributed', because the header wraps 'Total Capital' onto its own line above each of those two columns separately instead of spanning them, and page 3 prints 'Total Capital Distributed' on one line where both lanes agree; currency_scale, which A correctly leaves blank on irr and tvpi rows while B stamps '($ in millions)' onto a percentage and a multiple; and evidence_quote, because A cites the full printed partnership line while B cites the bare value, which proves only that those digits occur somewhere on the page. subject_type corrected to 'fund' on every partnership row: both lanes wrote 'investment', but the entity column is headed 'Partnership' and each row is a named vehicle the fund committed capital to, not a holding inside one.",RESOLVED,A+B+ADJUDICATOR,504abfe06fcde5e187ef74247e28f97eecec00313f5079c91e05fbdaea023159
617f3e2406ece991a04b,SRC058,1,PAIR_23A68A27A9A3005142E08AFF,CONTEXT_CONFLICT,377,377,source_section|source_table|asset_class|currency_scale|evidence_quote,MERGE,"MERGE, one ruling applied to every paired row because the two lanes differ the same way on all of them and neither is complete. From B: source_section, which A left blank on all three pages although 'Real Estate Portfolio' is printed above the table on pages 1 and 2 and 'REITS' and 'Separate Accounts' above their own tables on page 3; source_table on pages 1 and 2, because A's 'UNTITLED_TABLE_1' is a placeholder the page never prints; and asset_class 'Real Estate', the printed grouping that governs every row. From A: source_column_label and metric_name 'Total Capital Contributed' and 'Total Capital Distributed', because the header wraps 'Total Capital' onto its own line above each of those two columns separately instead of spanning them, and page 3 prints 'Total Capital Distributed' on one line where both lanes agree; currency_scale, which A correctly leaves blank on irr and tvpi rows while B stamps '($ in millions)' onto a percentage and a multiple; and evidence_quote, because A cites the full printed partnership line while B cites the bare value, which proves only that those digits occur somewhere on the page. subject_type corrected to 'fund' on every partnership row: both lanes wrote 'investment', but the entity column is headed 'Partnership' and each row is a named vehicle the fund committed capital to, not a holding inside one.",RESOLVED,A+B+ADJUDICATOR,504abfe06fcde5e187ef74247e28f97eecec00313f5079c91e05fbdaea023159
1da0f4929a610b80a161,SRC058,1,PAIR_4EEF1092C3664029E0E905F9,CONTEXT_CONFLICT,378,378,source_section|source_table|asset_class|evidence_quote,MERGE,"MERGE, one ruling applied to every paired row because the two lanes differ the same way on all of them and neither is complete. From B: source_section, which A left blank on all three pages although 'Real Estate Portfolio' is printed above the table on pages 1 and 2 and 'REITS' and 'Separate Accounts' above their own tables on page 3; source_table on pages 1 and 2, because A's 'UNTITLED_TABLE_1' is a placeholder the page never prints; and asset_class 'Real Estate', the printed grouping that governs every row. From A: source_column_label and metric_name 'Total Capital Contributed' and 'Total Capital Distributed', because the header wraps 'Total Capital' onto its own line above each of those two columns separately instead of spanning them, and page 3 prints 'Total Capital Distributed' on one line where both lanes agree; currency_scale, which A correctly leaves blank on irr and tvpi rows while B stamps '($ in millions)' onto a percentage and a multiple; and evidence_quote, because A cites the full printed partnership line while B cites the bare value, which proves only that those digits occur somewhere on the page. subject_type corrected to 'fund' on every partnership row: both lanes wrote 'investment', but the entity column is headed 'Partnership' and each row is a named vehicle the fund committed capital to, not a holding inside one.",RESOLVED,A+B+ADJUDICATOR,504abfe06fcde5e187ef74247e28f97eecec00313f5079c91e05fbdaea023159
997c842f88aa04d1aa40,SRC058,1,PAIR_65B81B15A72E91DB18B6D0BA,CONTEXT_CONFLICT,379,381,source_section|source_table|asset_class|evidence_quote,MERGE,"MERGE, one ruling applied to every paired row because the two lanes differ the same way on all of them and neither is complete. From B: source_section, which A left blank on all three pages although 'Real Estate Portfolio' is printed above the table on pages 1 and 2 and 'REITS' and 'Separate Accounts' above their own tables on page 3; source_table on pages 1 and 2, because A's 'UNTITLED_TABLE_1' is a placeholder the page never prints; and asset_class 'Real Estate', the printed grouping that governs every row. From A: source_column_label and metric_name 'Total Capital Contributed' and 'Total Capital Distributed', because the header wraps 'Total Capital' onto its own line above each of those two columns separately instead of spanning them, and page 3 prints 'Total Capital Distributed' on one line where both lanes agree; currency_scale, which A correctly leaves blank on irr and tvpi rows while B stamps '($ in millions)' onto a percentage and a multiple; and evidence_quote, because A cites the full printed partnership line while B cites the bare value, which proves only that those digits occur somewhere on the page. subject_type corrected to 'fund' on every partnership row: both lanes wrote 'investment', but the entity column is headed 'Partnership' and each row is a named vehicle the fund committed capital to, not a holding inside one.; Source review: p1: Retirement Fund (The portfolio report distinguishes investor positions from its aggregate rows.) | p1: Retirement Fund (Printed heading or definition supporting the source-reviewed qualifier.) | p1: Retirement Fund (Supersedes SR2148: the printed entity or table label is context, not a measurement basis; source labels retain its scope.)",RESOLVED,A+B+ADJUDICATOR,504abfe06fcde5e187ef74247e28f97eecec00313f5079c91e05fbdaea023159
e49173938e23ed468a56,SRC058,1,PAIR_309F0A671A0D3F52D5ECB9A9,CONTEXT_CONFLICT,380,382,source_section|source_table|asset_class|currency_scale|evidence_quote,MERGE,"MERGE, one ruling applied to every paired row because the two lanes differ the same way on all of them and neither is complete. From B: source_section, which A left blank on all three pages although 'Real Estate Portfolio' is printed above the table on pages 1 and 2 and 'REITS' and 'Separate Accounts' above their own tables on page 3; source_table on pages 1 and 2, because A's 'UNTITLED_TABLE_1' is a placeholder the page never prints; and asset_class 'Real Estate', the printed grouping that governs every row. From A: source_column_label and metric_name 'Total Capital Contributed' and 'Total Capital Distributed', because the header wraps 'Total Capital' onto its own line above each of those two columns separately instead of spanning them, and page 3 prints 'Total Capital Distributed' on one line where both lanes agree; currency_scale, which A correctly leaves blank on irr and tvpi rows while B stamps '($ in millions)' onto a percentage and a multiple; and evidence_quote, because A cites the full printed partnership line while B cites the bare value, which proves only that those digits occur somewhere on the page. subject_type corrected to 'fund' on every partnership row: both lanes wrote 'investment', but the entity column is headed 'Partnership' and each row is a named vehicle the fund committed capital to, not a holding inside one.; Source review: p1: IRR (All report pages were reviewed; no fee-basis statement qualifies this IRR.)",RESOLVED,A+B+ADJUDICATOR,504abfe06fcde5e187ef74247e28f97eecec00313f5079c91e05fbdaea023159
bf252886d976456a7fb0,SRC058,1,PAIR_9AC6E42B5B8FDFB0AF2B0378,CONTEXT_CONFLICT,381,379,source_section|source_table|source_column_label|asset_class|metric_name|evidence_quote,MERGE,"MERGE, one ruling applied to every paired row because the two lanes differ the same way on all of them and neither is complete. From B: source_section, which A left blank on all three pages although 'Real Estate Portfolio' is printed above the table on pages 1 and 2 and 'REITS' and 'Separate Accounts' above their own tables on page 3; source_table on pages 1 and 2, because A's 'UNTITLED_TABLE_1' is a placeholder the page never prints; and asset_class 'Real Estate', the printed grouping that governs every row. From A: source_column_label and metric_name 'Total Capital Contributed' and 'Total Capital Distributed', because the header wraps 'Total Capital' onto its own line above each of those two columns separately instead of spanning them, and page 3 prints 'Total Capital Distributed' on one line where both lanes agree; currency_scale, which A correctly leaves blank on irr and tvpi rows while B stamps '($ in millions)' onto a percentage and a multiple; and evidence_quote, because A cites the full printed partnership line while B cites the bare value, which proves only that those digits occur somewhere on the page. subject_type corrected to 'fund' on every partnership row: both lanes wrote 'investment', but the entity column is headed 'Partnership' and each row is a named vehicle the fund committed capital to, not a holding inside one.",RESOLVED,A+B+ADJUDICATOR,504abfe06fcde5e187ef74247e28f97eecec00313f5079c91e05fbdaea023159
711231576a744ac5d42a,SRC058,1,PAIR_4F35A866EA3226DFA9F0394C,CONTEXT_CONFLICT,382,380,source_section|source_table|source_column_label|asset_class|metric_name|evidence_quote,MERGE,"MERGE, one ruling applied to every paired row because the two lanes differ the same way on all of them and neither is complete. From B: source_section, which A left blank on all three pages although 'Real Estate Portfolio' is printed above the table on pages 1 and 2 and 'REITS' and 'Separate Accounts' above their own tables on page 3; source_table on pages 1 and 2, because A's 'UNTITLED_TABLE_1' is a placeholder the page never prints; and asset_class 'Real Estate', the printed grouping that governs every row. From A: source_column_label and metric_name 'Total Capital Contributed' and 'Total Capital Distributed', because the header wraps 'Total Capital' onto its own line above each of those two columns separately instead of spanning them, and page 3 prints 'Total Capital Distributed' on one line where both lanes agree; currency_scale, which A correctly leaves blank on irr and tvpi rows while B stamps '($ in millions)' onto a percentage and a multiple; and evidence_quote, because A cites the full printed partnership line while B cites the bare value, which proves only that those digits occur somewhere on the page. subject_type corrected to 'fund' on every partnership row: both lanes wrote 'investment', but the entity column is headed 'Partnership' and each row is a named vehicle the fund committed capital to, not a holding inside one.",RESOLVED,A+B+ADJUDICATOR,504abfe06fcde5e187ef74247e28f97eecec00313f5079c91e05fbdaea023159
e92b29a41593a69f511f,SRC058,1,PAIR_682F32AD5A5CD075538E3F74,CONTEXT_CONFLICT,383,383,source_section|source_table|asset_class|currency_scale|evidence_quote,MERGE,"MERGE, one ruling applied to every paired row because the two lanes differ the same way on all of them and neither is complete. From B: source_section, which A left blank on all three pages although 'Real Estate Portfolio' is printed above the table on pages 1 and 2 and 'REITS' and 'Separate Accounts' above their own tables on page 3; source_table on pages 1 and 2, because A's 'UNTITLED_TABLE_1' is a placeholder the page never prints; and asset_class 'Real Estate', the printed grouping that governs every row. From A: source_column_label and metric_name 'Total Capital Contributed' and 'Total Capital Distributed', because the header wraps 'Total Capital' onto its own line above each of those two columns separately instead of spanning them, and page 3 prints 'Total Capital Distributed' on one line where both lanes agree; currency_scale, which A correctly leaves blank on irr and tvpi rows while B stamps '($ in millions)' onto a percentage and a multiple; and evidence_quote, because A cites the full printed partnership line while B cites the bare value, which proves only that those digits occur somewhere on the page. subject_type corrected to 'fund' on every partnership row: both lanes wrote 'investment', but the entity column is headed 'Partnership' and each row is a named vehicle the fund committed capital to, not a holding inside one.",RESOLVED,A+B+ADJUDICATOR,504abfe06fcde5e187ef74247e28f97eecec00313f5079c91e05fbdaea023159
95b2243eafcf66a47330,SRC058,1,PAIR_3ABE2B5415D90B1B00CC6280,CONTEXT_CONFLICT,384,384,source_section|source_table|asset_class|evidence_quote,MERGE,"MERGE, one ruling applied to every paired row because the two lanes differ the same way on all of them and neither is complete. From B: source_section, which A left blank on all three pages although 'Real Estate Portfolio' is printed above the table on pages 1 and 2 and 'REITS' and 'Separate Accounts' above their own tables on page 3; source_table on pages 1 and 2, because A's 'UNTITLED_TABLE_1' is a placeholder the page never prints; and asset_class 'Real Estate', the printed grouping that governs every row. From A: source_column_label and metric_name 'Total Capital Contributed' and 'Total Capital Distributed', because the header wraps 'Total Capital' onto its own line above each of those two columns separately instead of spanning them, and page 3 prints 'Total Capital Distributed' on one line where both lanes agree; currency_scale, which A correctly leaves blank on irr and tvpi rows while B stamps '($ in millions)' onto a percentage and a multiple; and evidence_quote, because A cites the full printed partnership line while B cites the bare value, which proves only that those digits occur somewhere on the page. subject_type corrected to 'fund' on every partnership row: both lanes wrote 'investment', but the entity column is headed 'Partnership' and each row is a named vehicle the fund committed capital to, not a holding inside one.",RESOLVED,A+B+ADJUDICATOR,504abfe06fcde5e187ef74247e28f97eecec00313f5079c91e05fbdaea023159
4a5ec287fba00b4949d3,SRC058,1,PAIR_A03D721DFAF9E411FC3D4DDB,CONTEXT_CONFLICT,385,387,source_section|source_table|asset_class|evidence_quote,MERGE,"MERGE, one ruling applied to every paired row because the two lanes differ the same way on all of them and neither is complete. From B: source_section, which A left blank on all three pages although 'Real Estate Portfolio' is printed above the table on pages 1 and 2 and 'REITS' and 'Separate Accounts' above their own tables on page 3; source_table on pages 1 and 2, because A's 'UNTITLED_TABLE_1' is a placeholder the page never prints; and asset_class 'Real Estate', the printed grouping that governs every row. From A: source_column_label and metric_name 'Total Capital Contributed' and 'Total Capital Distributed', because the header wraps 'Total Capital' onto its own line above each of those two columns separately instead of spanning them, and page 3 prints 'Total Capital Distributed' on one line where both lanes agree; currency_scale, which A correctly leaves blank on irr and tvpi rows while B stamps '($ in millions)' onto a percentage and a multiple; and evidence_quote, because A cites the full printed partnership line while B cites the bare value, which proves only that those digits occur somewhere on the page. subject_type corrected to 'fund' on every partnership row: both lanes wrote 'investment', but the entity column is headed 'Partnership' and each row is a named vehicle the fund committed capital to, not a holding inside one.; Source review: p1: Retirement Fund (The portfolio report distinguishes investor positions from its aggregate rows.) | p1: Retirement Fund (Printed heading or definition supporting the source-reviewed qualifier.) | p1: Retirement Fund (Supersedes SR2149: the printed entity or table label is context, not a measurement basis; source labels retain its scope.)",RESOLVED,A+B+ADJUDICATOR,504abfe06fcde5e187ef74247e28f97eecec00313f5079c91e05fbdaea023159
814ee97362645dde30d4,SRC058,1,PAIR_1B659AF76279EC8A1D9D05C5,CONTEXT_CONFLICT,386,388,source_section|source_table|asset_class|currency_scale|evidence_quote,MERGE,"MERGE, one ruling applied to every paired row because the two lanes differ the same way on all of them and neither is complete. From B: source_section, which A left blank on all three pages although 'Real Estate Portfolio' is printed above the table on pages 1 and 2 and 'REITS' and 'Separate Accounts' above their own tables on page 3; source_table on pages 1 and 2, because A's 'UNTITLED_TABLE_1' is a placeholder the page never prints; and asset_class 'Real Estate', the printed grouping that governs every row. From A: source_column_label and metric_name 'Total Capital Contributed' and 'Total Capital Distributed', because the header wraps 'Total Capital' onto its own line above each of those two columns separately instead of spanning them, and page 3 prints 'Total Capital Distributed' on one line where both lanes agree; currency_scale, which A correctly leaves blank on irr and tvpi rows while B stamps '($ in millions)' onto a percentage and a multiple; and evidence_quote, because A cites the full printed partnership line while B cites the bare value, which proves only that those digits occur somewhere on the page. subject_type corrected to 'fund' on every partnership row: both lanes wrote 'investment', but the entity column is headed 'Partnership' and each row is a named vehicle the fund committed capital to, not a holding inside one.; Source review: p1: IRR (All report pages were reviewed; no fee-basis statement qualifies this IRR.)",RESOLVED,A+B+ADJUDICATOR,504abfe06fcde5e187ef74247e28f97eecec00313f5079c91e05fbdaea023159
7a19759ea3b2a5ba8e5d,SRC058,1,PAIR_0B475AAA562F8C19694FC59D,CONTEXT_CONFLICT,387,385,source_section|source_table|source_column_label|asset_class|metric_name|evidence_quote,MERGE,"MERGE, one ruling applied to every paired row because the two lanes differ the same way on all of them and neither is complete. From B: source_section, which A left blank on all three pages although 'Real Estate Portfolio' is printed above the table on pages 1 and 2 and 'REITS' and 'Separate Accounts' above their own tables on page 3; source_table on pages 1 and 2, because A's 'UNTITLED_TABLE_1' is a placeholder the page never prints; and asset_class 'Real Estate', the printed grouping that governs every row. From A: source_column_label and metric_name 'Total Capital Contributed' and 'Total Capital Distributed', because the header wraps 'Total Capital' onto its own line above each of those two columns separately instead of spanning them, and page 3 prints 'Total Capital Distributed' on one line where both lanes agree; currency_scale, which A correctly leaves blank on irr and tvpi rows while B stamps '($ in millions)' onto a percentage and a multiple; and evidence_quote, because A cites the full printed partnership line while B cites the bare value, which proves only that those digits occur somewhere on the page. subject_type corrected to 'fund' on every partnership row: both lanes wrote 'investment', but the entity column is headed 'Partnership' and each row is a named vehicle the fund committed capital to, not a holding inside one.",RESOLVED,A+B+ADJUDICATOR,504abfe06fcde5e187ef74247e28f97eecec00313f5079c91e05fbdaea023159
b246da8e9990d7a98cf0,SRC058,1,PAIR_FA34511761F5599FE8586637,CONTEXT_CONFLICT,388,386,source_section|source_table|source_column_label|asset_class|metric_name|evidence_quote,MERGE,"MERGE, one ruling applied to every paired row because the two lanes differ the same way on all of them and neither is complete. From B: source_section, which A left blank on all three pages although 'Real Estate Portfolio' is printed above the table on pages 1 and 2 and 'REITS' and 'Separate Accounts' above their own tables on page 3; source_table on pages 1 and 2, because A's 'UNTITLED_TABLE_1' is a placeholder the page never prints; and asset_class 'Real Estate', the printed grouping that governs every row. From A: source_column_label and metric_name 'Total Capital Contributed' and 'Total Capital Distributed', because the header wraps 'Total Capital' onto its own line above each of those two columns separately instead of spanning them, and page 3 prints 'Total Capital Distributed' on one line where both lanes agree; currency_scale, which A correctly leaves blank on irr and tvpi rows while B stamps '($ in millions)' onto a percentage and a multiple; and evidence_quote, because A cites the full printed partnership line while B cites the bare value, which proves only that those digits occur somewhere on the page. subject_type corrected to 'fund' on every partnership row: both lanes wrote 'investment', but the entity column is headed 'Partnership' and each row is a named vehicle the fund committed capital to, not a holding inside one.",RESOLVED,A+B+ADJUDICATOR,504abfe06fcde5e187ef74247e28f97eecec00313f5079c91e05fbdaea023159
c13c5fbe5edf9107877d,SRC058,1,PAIR_E8D72DA21A785FD3B5D9CE6B,CONTEXT_CONFLICT,389,389,source_section|source_table|asset_class|currency_scale|evidence_quote,MERGE,"MERGE, one ruling applied to every paired row because the two lanes differ the same way on all of them and neither is complete. From B: source_section, which A left blank on all three pages although 'Real Estate Portfolio' is printed above the table on pages 1 and 2 and 'REITS' and 'Separate Accounts' above their own tables on page 3; source_table on pages 1 and 2, because A's 'UNTITLED_TABLE_1' is a placeholder the page never prints; and asset_class 'Real Estate', the printed grouping that governs every row. From A: source_column_label and metric_name 'Total Capital Contributed' and 'Total Capital Distributed', because the header wraps 'Total Capital' onto its own line above each of those two columns separately instead of spanning them, and page 3 prints 'Total Capital Distributed' on one line where both lanes agree; currency_scale, which A correctly leaves blank on irr and tvpi rows while B stamps '($ in millions)' onto a percentage and a multiple; and evidence_quote, because A cites the full printed partnership line while B cites the bare value, which proves only that those digits occur somewhere on the page. subject_type corrected to 'fund' on every partnership row: both lanes wrote 'investment', but the entity column is headed 'Partnership' and each row is a named vehicle the fund committed capital to, not a holding inside one.",RESOLVED,A+B+ADJUDICATOR,504abfe06fcde5e187ef74247e28f97eecec00313f5079c91e05fbdaea023159
879644c23b0dd915ffc4,SRC058,1,PAIR_BFACDA5D4B42ED1F7EED5A94,CONTEXT_CONFLICT,390,390,source_section|source_table|asset_class|evidence_quote,MERGE,"MERGE, one ruling applied to every paired row because the two lanes differ the same way on all of them and neither is complete. From B: source_section, which A left blank on all three pages although 'Real Estate Portfolio' is printed above the table on pages 1 and 2 and 'REITS' and 'Separate Accounts' above their own tables on page 3; source_table on pages 1 and 2, because A's 'UNTITLED_TABLE_1' is a placeholder the page never prints; and asset_class 'Real Estate', the printed grouping that governs every row. From A: source_column_label and metric_name 'Total Capital Contributed' and 'Total Capital Distributed', because the header wraps 'Total Capital' onto its own line above each of those two columns separately instead of spanning them, and page 3 prints 'Total Capital Distributed' on one line where both lanes agree; currency_scale, which A correctly leaves blank on irr and tvpi rows while B stamps '($ in millions)' onto a percentage and a multiple; and evidence_quote, because A cites the full printed partnership line while B cites the bare value, which proves only that those digits occur somewhere on the page. subject_type corrected to 'fund' on every partnership row: both lanes wrote 'investment', but the entity column is headed 'Partnership' and each row is a named vehicle the fund committed capital to, not a holding inside one.",RESOLVED,A+B+ADJUDICATOR,504abfe06fcde5e187ef74247e28f97eecec00313f5079c91e05fbdaea023159
3320232b6af189c72555,SRC058,1,PAIR_367F1D549468BDABABBC1B61,CONTEXT_CONFLICT,391,393,source_section|source_table|asset_class|evidence_quote,MERGE,"MERGE, one ruling applied to every paired row because the two lanes differ the same way on all of them and neither is complete. From B: source_section, which A left blank on all three pages although 'Real Estate Portfolio' is printed above the table on pages 1 and 2 and 'REITS' and 'Separate Accounts' above their own tables on page 3; source_table on pages 1 and 2, because A's 'UNTITLED_TABLE_1' is a placeholder the page never prints; and asset_class 'Real Estate', the printed grouping that governs every row. From A: source_column_label and metric_name 'Total Capital Contributed' and 'Total Capital Distributed', because the header wraps 'Total Capital' onto its own line above each of those two columns separately instead of spanning them, and page 3 prints 'Total Capital Distributed' on one line where both lanes agree; currency_scale, which A correctly leaves blank on irr and tvpi rows while B stamps '($ in millions)' onto a percentage and a multiple; and evidence_quote, because A cites the full printed partnership line while B cites the bare value, which proves only that those digits occur somewhere on the page. subject_type corrected to 'fund' on every partnership row: both lanes wrote 'investment', but the entity column is headed 'Partnership' and each row is a named vehicle the fund committed capital to, not a holding inside one.; Source review: p1: Retirement Fund (The portfolio report distinguishes investor positions from its aggregate rows.) | p1: Retirement Fund (Printed heading or definition supporting the source-reviewed qualifier.) | p1: Retirement Fund (Supersedes SR2150: the printed entity or table label is context, not a measurement basis; source labels retain its scope.)",RESOLVED,A+B+ADJUDICATOR,504abfe06fcde5e187ef74247e28f97eecec00313f5079c91e05fbdaea023159
44e4d9c21060c4b76154,SRC058,1,PAIR_7F5DFCD74B878A9476FB5604,CONTEXT_CONFLICT,392,394,source_section|source_table|asset_class|currency_scale|evidence_quote,MERGE,"MERGE, one ruling applied to every paired row because the two lanes differ the same way on all of them and neither is complete. From B: source_section, which A left blank on all three pages although 'Real Estate Portfolio' is printed above the table on pages 1 and 2 and 'REITS' and 'Separate Accounts' above their own tables on page 3; source_table on pages 1 and 2, because A's 'UNTITLED_TABLE_1' is a placeholder the page never prints; and asset_class 'Real Estate', the printed grouping that governs every row. From A: source_column_label and metric_name 'Total Capital Contributed' and 'Total Capital Distributed', because the header wraps 'Total Capital' onto its own line above each of those two columns separately instead of spanning them, and page 3 prints 'Total Capital Distributed' on one line where both lanes agree; currency_scale, which A correctly leaves blank on irr and tvpi rows while B stamps '($ in millions)' onto a percentage and a multiple; and evidence_quote, because A cites the full printed partnership line while B cites the bare value, which proves only that those digits occur somewhere on the page. subject_type corrected to 'fund' on every partnership row: both lanes wrote 'investment', but the entity column is headed 'Partnership' and each row is a named vehicle the fund committed capital to, not a holding inside one.; Source review: p1: IRR (All report pages were reviewed; no fee-basis statement qualifies this IRR.)",RESOLVED,A+B+ADJUDICATOR,504abfe06fcde5e187ef74247e28f97eecec00313f5079c91e05fbdaea023159
751c7953ca4930aef650,SRC058,1,PAIR_22B8A495AB651A962E048C91,CONTEXT_CONFLICT,393,391,source_section|source_table|source_column_label|asset_class|metric_name|evidence_quote,MERGE,"MERGE, one ruling applied to every paired row because the two lanes differ the same way on all of them and neither is complete. From B: source_section, which A left blank on all three pages although 'Real Estate Portfolio' is printed above the table on pages 1 and 2 and 'REITS' and 'Separate Accounts' above their own tables on page 3; source_table on pages 1 and 2, because A's 'UNTITLED_TABLE_1' is a placeholder the page never prints; and asset_class 'Real Estate', the printed grouping that governs every row. From A: source_column_label and metric_name 'Total Capital Contributed' and 'Total Capital Distributed', because the header wraps 'Total Capital' onto its own line above each of those two columns separately instead of spanning them, and page 3 prints 'Total Capital Distributed' on one line where both lanes agree; currency_scale, which A correctly leaves blank on irr and tvpi rows while B stamps '($ in millions)' onto a percentage and a multiple; and evidence_quote, because A cites the full printed partnership line while B cites the bare value, which proves only that those digits occur somewhere on the page. subject_type corrected to 'fund' on every partnership row: both lanes wrote 'investment', but the entity column is headed 'Partnership' and each row is a named vehicle the fund committed capital to, not a holding inside one.",RESOLVED,A+B+ADJUDICATOR,504abfe06fcde5e187ef74247e28f97eecec00313f5079c91e05fbdaea023159
1ae097dfa6404a369a23,SRC058,1,PAIR_9CE1C40558C41F7CAA32612F,CONTEXT_CONFLICT,394,392,source_section|source_table|source_column_label|asset_class|metric_name|evidence_quote,MERGE,"MERGE, one ruling applied to every paired row because the two lanes differ the same way on all of them and neither is complete. From B: source_section, which A left blank on all three pages although 'Real Estate Portfolio' is printed above the table on pages 1 and 2 and 'REITS' and 'Separate Accounts' above their own tables on page 3; source_table on pages 1 and 2, because A's 'UNTITLED_TABLE_1' is a placeholder the page never prints; and asset_class 'Real Estate', the printed grouping that governs every row. From A: source_column_label and metric_name 'Total Capital Contributed' and 'Total Capital Distributed', because the header wraps 'Total Capital' onto its own line above each of those two columns separately instead of spanning them, and page 3 prints 'Total Capital Distributed' on one line where both lanes agree; currency_scale, which A correctly leaves blank on irr and tvpi rows while B stamps '($ in millions)' onto a percentage and a multiple; and evidence_quote, because A cites the full printed partnership line while B cites the bare value, which proves only that those digits occur somewhere on the page. subject_type corrected to 'fund' on every partnership row: both lanes wrote 'investment', but the entity column is headed 'Partnership' and each row is a named vehicle the fund committed capital to, not a holding inside one.",RESOLVED,A+B+ADJUDICATOR,504abfe06fcde5e187ef74247e28f97eecec00313f5079c91e05fbdaea023159
65e076cc6abae0f549c0,SRC058,1,PAIR_BB26C16A61E11B6A50C51261,CONTEXT_CONFLICT,395,395,source_section|source_table|asset_class|currency_scale|evidence_quote,MERGE,"MERGE, one ruling applied to every paired row because the two lanes differ the same way on all of them and neither is complete. From B: source_section, which A left blank on all three pages although 'Real Estate Portfolio' is printed above the table on pages 1 and 2 and 'REITS' and 'Separate Accounts' above their own tables on page 3; source_table on pages 1 and 2, because A's 'UNTITLED_TABLE_1' is a placeholder the page never prints; and asset_class 'Real Estate', the printed grouping that governs every row. From A: source_column_label and metric_name 'Total Capital Contributed' and 'Total Capital Distributed', because the header wraps 'Total Capital' onto its own line above each of those two columns separately instead of spanning them, and page 3 prints 'Total Capital Distributed' on one line where both lanes agree; currency_scale, which A correctly leaves blank on irr and tvpi rows while B stamps '($ in millions)' onto a percentage and a multiple; and evidence_quote, because A cites the full printed partnership line while B cites the bare value, which proves only that those digits occur somewhere on the page. subject_type corrected to 'fund' on every partnership row: both lanes wrote 'investment', but the entity column is headed 'Partnership' and each row is a named vehicle the fund committed capital to, not a holding inside one.",RESOLVED,A+B+ADJUDICATOR,504abfe06fcde5e187ef74247e28f97eecec00313f5079c91e05fbdaea023159
6a3c6c1e3b455858971c,SRC058,1,PAIR_DA3438CC8F7131C69106A4A1,CONTEXT_CONFLICT,396,396,source_section|source_table|asset_class|evidence_quote,MERGE,"MERGE, one ruling applied to every paired row because the two lanes differ the same way on all of them and neither is complete. From B: source_section, which A left blank on all three pages although 'Real Estate Portfolio' is printed above the table on pages 1 and 2 and 'REITS' and 'Separate Accounts' above their own tables on page 3; source_table on pages 1 and 2, because A's 'UNTITLED_TABLE_1' is a placeholder the page never prints; and asset_class 'Real Estate', the printed grouping that governs every row. From A: source_column_label and metric_name 'Total Capital Contributed' and 'Total Capital Distributed', because the header wraps 'Total Capital' onto its own line above each of those two columns separately instead of spanning them, and page 3 prints 'Total Capital Distributed' on one line where both lanes agree; currency_scale, which A correctly leaves blank on irr and tvpi rows while B stamps '($ in millions)' onto a percentage and a multiple; and evidence_quote, because A cites the full printed partnership line while B cites the bare value, which proves only that those digits occur somewhere on the page. subject_type corrected to 'fund' on every partnership row: both lanes wrote 'investment', but the entity column is headed 'Partnership' and each row is a named vehicle the fund committed capital to, not a holding inside one.",RESOLVED,A+B+ADJUDICATOR,504abfe06fcde5e187ef74247e28f97eecec00313f5079c91e05fbdaea023159
d5e044ddb77c20c27d57,SRC058,1,PAIR_3A76836F1DCFEC88E4EF0273,CONTEXT_CONFLICT,397,399,source_section|source_table|asset_class|evidence_quote,MERGE,"MERGE, one ruling applied to every paired row because the two lanes differ the same way on all of them and neither is complete. From B: source_section, which A left blank on all three pages although 'Real Estate Portfolio' is printed above the table on pages 1 and 2 and 'REITS' and 'Separate Accounts' above their own tables on page 3; source_table on pages 1 and 2, because A's 'UNTITLED_TABLE_1' is a placeholder the page never prints; and asset_class 'Real Estate', the printed grouping that governs every row. From A: source_column_label and metric_name 'Total Capital Contributed' and 'Total Capital Distributed', because the header wraps 'Total Capital' onto its own line above each of those two columns separately instead of spanning them, and page 3 prints 'Total Capital Distributed' on one line where both lanes agree; currency_scale, which A correctly leaves blank on irr and tvpi rows while B stamps '($ in millions)' onto a percentage and a multiple; and evidence_quote, because A cites the full printed partnership line while B cites the bare value, which proves only that those digits occur somewhere on the page. subject_type corrected to 'fund' on every partnership row: both lanes wrote 'investment', but the entity column is headed 'Partnership' and each row is a named vehicle the fund committed capital to, not a holding inside one.; Source review: p1: Retirement Fund (The portfolio report distinguishes investor positions from its aggregate rows.) | p1: Retirement Fund (Printed heading or definition supporting the source-reviewed qualifier.) | p1: Retirement Fund (Supersedes SR2151: the printed entity or table label is context, not a measurement basis; source labels retain its scope.)",RESOLVED,A+B+ADJUDICATOR,504abfe06fcde5e187ef74247e28f97eecec00313f5079c91e05fbdaea023159
d529b42dc8cb59fab6ea,SRC058,1,PAIR_EFC3B42871FDC39146DB74A0,CONTEXT_CONFLICT,398,400,source_section|source_table|asset_class|currency_scale|evidence_quote,MERGE,"MERGE, one ruling applied to every paired row because the two lanes differ the same way on all of them and neither is complete. From B: source_section, which A left blank on all three pages although 'Real Estate Portfolio' is printed above the table on pages 1 and 2 and 'REITS' and 'Separate Accounts' above their own tables on page 3; source_table on pages 1 and 2, because A's 'UNTITLED_TABLE_1' is a placeholder the page never prints; and asset_class 'Real Estate', the printed grouping that governs every row. From A: source_column_label and metric_name 'Total Capital Contributed' and 'Total Capital Distributed', because the header wraps 'Total Capital' onto its own line above each of those two columns separately instead of spanning them, and page 3 prints 'Total Capital Distributed' on one line where both lanes agree; currency_scale, which A correctly leaves blank on irr and tvpi rows while B stamps '($ in millions)' onto a percentage and a multiple; and evidence_quote, because A cites the full printed partnership line while B cites the bare value, which proves only that those digits occur somewhere on the page. subject_type corrected to 'fund' on every partnership row: both lanes wrote 'investment', but the entity column is headed 'Partnership' and each row is a named vehicle the fund committed capital to, not a holding inside one.; Source review: p1: IRR (All report pages were reviewed; no fee-basis statement qualifies this IRR.)",RESOLVED,A+B+ADJUDICATOR,504abfe06fcde5e187ef74247e28f97eecec00313f5079c91e05fbdaea023159
4b36e64d44d360bdf1be,SRC058,1,PAIR_E43DF4478890CF006F3D5521,CONTEXT_CONFLICT,399,397,source_section|source_table|source_column_label|asset_class|metric_name|evidence_quote,MERGE,"MERGE, one ruling applied to every paired row because the two lanes differ the same way on all of them and neither is complete. From B: source_section, which A left blank on all three pages although 'Real Estate Portfolio' is printed above the table on pages 1 and 2 and 'REITS' and 'Separate Accounts' above their own tables on page 3; source_table on pages 1 and 2, because A's 'UNTITLED_TABLE_1' is a placeholder the page never prints; and asset_class 'Real Estate', the printed grouping that governs every row. From A: source_column_label and metric_name 'Total Capital Contributed' and 'Total Capital Distributed', because the header wraps 'Total Capital' onto its own line above each of those two columns separately instead of spanning them, and page 3 prints 'Total Capital Distributed' on one line where both lanes agree; currency_scale, which A correctly leaves blank on irr and tvpi rows while B stamps '($ in millions)' onto a percentage and a multiple; and evidence_quote, because A cites the full printed partnership line while B cites the bare value, which proves only that those digits occur somewhere on the page. subject_type corrected to 'fund' on every partnership row: both lanes wrote 'investment', but the entity column is headed 'Partnership' and each row is a named vehicle the fund committed capital to, not a holding inside one.",RESOLVED,A+B+ADJUDICATOR,504abfe06fcde5e187ef74247e28f97eecec00313f5079c91e05fbdaea023159
96527dad03a7a3e827e1,SRC058,1,PAIR_CC74FB396A378F957337FA58,CONTEXT_CONFLICT,400,398,source_section|source_table|source_column_label|asset_class|metric_name|evidence_quote,MERGE,"MERGE, one ruling applied to every paired row because the two lanes differ the same way on all of them and neither is complete. From B: source_section, which A left blank on all three pages although 'Real Estate Portfolio' is printed above the table on pages 1 and 2 and 'REITS' and 'Separate Accounts' above their own tables on page 3; source_table on pages 1 and 2, because A's 'UNTITLED_TABLE_1' is a placeholder the page never prints; and asset_class 'Real Estate', the printed grouping that governs every row. From A: source_column_label and metric_name 'Total Capital Contributed' and 'Total Capital Distributed', because the header wraps 'Total Capital' onto its own line above each of those two columns separately instead of spanning them, and page 3 prints 'Total Capital Distributed' on one line where both lanes agree; currency_scale, which A correctly leaves blank on irr and tvpi rows while B stamps '($ in millions)' onto a percentage and a multiple; and evidence_quote, because A cites the full printed partnership line while B cites the bare value, which proves only that those digits occur somewhere on the page. subject_type corrected to 'fund' on every partnership row: both lanes wrote 'investment', but the entity column is headed 'Partnership' and each row is a named vehicle the fund committed capital to, not a holding inside one.",RESOLVED,A+B+ADJUDICATOR,504abfe06fcde5e187ef74247e28f97eecec00313f5079c91e05fbdaea023159
235329e2378e4cdd8a3e,SRC058,1,PAIR_FF7529AD32B458069E0E70F8,CONTEXT_CONFLICT,401,401,source_section|source_table|asset_class|currency_scale|evidence_quote,MERGE,"MERGE, one ruling applied to every paired row because the two lanes differ the same way on all of them and neither is complete. From B: source_section, which A left blank on all three pages although 'Real Estate Portfolio' is printed above the table on pages 1 and 2 and 'REITS' and 'Separate Accounts' above their own tables on page 3; source_table on pages 1 and 2, because A's 'UNTITLED_TABLE_1' is a placeholder the page never prints; and asset_class 'Real Estate', the printed grouping that governs every row. From A: source_column_label and metric_name 'Total Capital Contributed' and 'Total Capital Distributed', because the header wraps 'Total Capital' onto its own line above each of those two columns separately instead of spanning them, and page 3 prints 'Total Capital Distributed' on one line where both lanes agree; currency_scale, which A correctly leaves blank on irr and tvpi rows while B stamps '($ in millions)' onto a percentage and a multiple; and evidence_quote, because A cites the full printed partnership line while B cites the bare value, which proves only that those digits occur somewhere on the page. subject_type corrected to 'fund' on every partnership row: both lanes wrote 'investment', but the entity column is headed 'Partnership' and each row is a named vehicle the fund committed capital to, not a holding inside one.",RESOLVED,A+B+ADJUDICATOR,504abfe06fcde5e187ef74247e28f97eecec00313f5079c91e05fbdaea023159
b11419a45848e471f05b,SRC058,1,PAIR_B4C70F468E3C264C7D8762E5,CONTEXT_CONFLICT,402,402,source_section|source_table|asset_class|evidence_quote,MERGE,"MERGE, one ruling applied to every paired row because the two lanes differ the same way on all of them and neither is complete. From B: source_section, which A left blank on all three pages although 'Real Estate Portfolio' is printed above the table on pages 1 and 2 and 'REITS' and 'Separate Accounts' above their own tables on page 3; source_table on pages 1 and 2, because A's 'UNTITLED_TABLE_1' is a placeholder the page never prints; and asset_class 'Real Estate', the printed grouping that governs every row. From A: source_column_label and metric_name 'Total Capital Contributed' and 'Total Capital Distributed', because the header wraps 'Total Capital' onto its own line above each of those two columns separately instead of spanning them, and page 3 prints 'Total Capital Distributed' on one line where both lanes agree; currency_scale, which A correctly leaves blank on irr and tvpi rows while B stamps '($ in millions)' onto a percentage and a multiple; and evidence_quote, because A cites the full printed partnership line while B cites the bare value, which proves only that those digits occur somewhere on the page. subject_type corrected to 'fund' on every partnership row: both lanes wrote 'investment', but the entity column is headed 'Partnership' and each row is a named vehicle the fund committed capital to, not a holding inside one.",RESOLVED,A+B+ADJUDICATOR,504abfe06fcde5e187ef74247e28f97eecec00313f5079c91e05fbdaea023159
cb26515ec36ef16daf31,SRC058,1,PAIR_B0F3F91B68FA09361EDAA15B,CONTEXT_CONFLICT,403,405,source_section|source_table|asset_class|evidence_quote,MERGE,"MERGE, one ruling applied to every paired row because the two lanes differ the same way on all of them and neither is complete. From B: source_section, which A left blank on all three pages although 'Real Estate Portfolio' is printed above the table on pages 1 and 2 and 'REITS' and 'Separate Accounts' above their own tables on page 3; source_table on pages 1 and 2, because A's 'UNTITLED_TABLE_1' is a placeholder the page never prints; and asset_class 'Real Estate', the printed grouping that governs every row. From A: source_column_label and metric_name 'Total Capital Contributed' and 'Total Capital Distributed', because the header wraps 'Total Capital' onto its own line above each of those two columns separately instead of spanning them, and page 3 prints 'Total Capital Distributed' on one line where both lanes agree; currency_scale, which A correctly leaves blank on irr and tvpi rows while B stamps '($ in millions)' onto a percentage and a multiple; and evidence_quote, because A cites the full printed partnership line while B cites the bare value, which proves only that those digits occur somewhere on the page. subject_type corrected to 'fund' on every partnership row: both lanes wrote 'investment', but the entity column is headed 'Partnership' and each row is a named vehicle the fund committed capital to, not a holding inside one.; Source review: p1: Retirement Fund (The portfolio report distinguishes investor positions from its aggregate rows.) | p1: Retirement Fund (Printed heading or definition supporting the source-reviewed qualifier.) | p1: Retirement Fund (Supersedes SR2152: the printed entity or table label is context, not a measurement basis; source labels retain its scope.)",RESOLVED,A+B+ADJUDICATOR,504abfe06fcde5e187ef74247e28f97eecec00313f5079c91e05fbdaea023159
b18b5ef38f4041e6e93f,SRC058,1,PAIR_0A18D504ADB75303F3041BB8,CONTEXT_CONFLICT,404,406,source_section|source_table|asset_class|currency_scale|evidence_quote,MERGE,"MERGE, one ruling applied to every paired row because the two lanes differ the same way on all of them and neither is complete. From B: source_section, which A left blank on all three pages although 'Real Estate Portfolio' is printed above the table on pages 1 and 2 and 'REITS' and 'Separate Accounts' above their own tables on page 3; source_table on pages 1 and 2, because A's 'UNTITLED_TABLE_1' is a placeholder the page never prints; and asset_class 'Real Estate', the printed grouping that governs every row. From A: source_column_label and metric_name 'Total Capital Contributed' and 'Total Capital Distributed', because the header wraps 'Total Capital' onto its own line above each of those two columns separately instead of spanning them, and page 3 prints 'Total Capital Distributed' on one line where both lanes agree; currency_scale, which A correctly leaves blank on irr and tvpi rows while B stamps '($ in millions)' onto a percentage and a multiple; and evidence_quote, because A cites the full printed partnership line while B cites the bare value, which proves only that those digits occur somewhere on the page. subject_type corrected to 'fund' on every partnership row: both lanes wrote 'investment', but the entity column is headed 'Partnership' and each row is a named vehicle the fund committed capital to, not a holding inside one.; Source review: p1: IRR (All report pages were reviewed; no fee-basis statement qualifies this IRR.)",RESOLVED,A+B+ADJUDICATOR,504abfe06fcde5e187ef74247e28f97eecec00313f5079c91e05fbdaea023159
5ed23329d20fbf3385e4,SRC058,1,PAIR_EA424C2E5ADB875987421F34,CONTEXT_CONFLICT,405,403,source_section|source_table|source_column_label|asset_class|metric_name|evidence_quote,MERGE,"MERGE, one ruling applied to every paired row because the two lanes differ the same way on all of them and neither is complete. From B: source_section, which A left blank on all three pages although 'Real Estate Portfolio' is printed above the table on pages 1 and 2 and 'REITS' and 'Separate Accounts' above their own tables on page 3; source_table on pages 1 and 2, because A's 'UNTITLED_TABLE_1' is a placeholder the page never prints; and asset_class 'Real Estate', the printed grouping that governs every row. From A: source_column_label and metric_name 'Total Capital Contributed' and 'Total Capital Distributed', because the header wraps 'Total Capital' onto its own line above each of those two columns separately instead of spanning them, and page 3 prints 'Total Capital Distributed' on one line where both lanes agree; currency_scale, which A correctly leaves blank on irr and tvpi rows while B stamps '($ in millions)' onto a percentage and a multiple; and evidence_quote, because A cites the full printed partnership line while B cites the bare value, which proves only that those digits occur somewhere on the page. subject_type corrected to 'fund' on every partnership row: both lanes wrote 'investment', but the entity column is headed 'Partnership' and each row is a named vehicle the fund committed capital to, not a holding inside one.",RESOLVED,A+B+ADJUDICATOR,504abfe06fcde5e187ef74247e28f97eecec00313f5079c91e05fbdaea023159
d0dd886cd6652f820a64,SRC058,1,PAIR_C3D39A22AB281720C346BD86,CONTEXT_CONFLICT,406,404,source_section|source_table|source_column_label|asset_class|metric_name|evidence_quote,MERGE,"MERGE, one ruling applied to every paired row because the two lanes differ the same way on all of them and neither is complete. From B: source_section, which A left blank on all three pages although 'Real Estate Portfolio' is printed above the table on pages 1 and 2 and 'REITS' and 'Separate Accounts' above their own tables on page 3; source_table on pages 1 and 2, because A's 'UNTITLED_TABLE_1' is a placeholder the page never prints; and asset_class 'Real Estate', the printed grouping that governs every row. From A: source_column_label and metric_name 'Total Capital Contributed' and 'Total Capital Distributed', because the header wraps 'Total Capital' onto its own line above each of those two columns separately instead of spanning them, and page 3 prints 'Total Capital Distributed' on one line where both lanes agree; currency_scale, which A correctly leaves blank on irr and tvpi rows while B stamps '($ in millions)' onto a percentage and a multiple; and evidence_quote, because A cites the full printed partnership line while B cites the bare value, which proves only that those digits occur somewhere on the page. subject_type corrected to 'fund' on every partnership row: both lanes wrote 'investment', but the entity column is headed 'Partnership' and each row is a named vehicle the fund committed capital to, not a holding inside one.",RESOLVED,A+B+ADJUDICATOR,504abfe06fcde5e187ef74247e28f97eecec00313f5079c91e05fbdaea023159
7e4073821756338fb52f,SRC058,1,PAIR_993B6471B0A3D7AAA0E3A672,CONTEXT_CONFLICT,407,407,source_section|source_table|asset_class|currency_scale|evidence_quote,MERGE,"MERGE, one ruling applied to every paired row because the two lanes differ the same way on all of them and neither is complete. From B: source_section, which A left blank on all three pages although 'Real Estate Portfolio' is printed above the table on pages 1 and 2 and 'REITS' and 'Separate Accounts' above their own tables on page 3; source_table on pages 1 and 2, because A's 'UNTITLED_TABLE_1' is a placeholder the page never prints; and asset_class 'Real Estate', the printed grouping that governs every row. From A: source_column_label and metric_name 'Total Capital Contributed' and 'Total Capital Distributed', because the header wraps 'Total Capital' onto its own line above each of those two columns separately instead of spanning them, and page 3 prints 'Total Capital Distributed' on one line where both lanes agree; currency_scale, which A correctly leaves blank on irr and tvpi rows while B stamps '($ in millions)' onto a percentage and a multiple; and evidence_quote, because A cites the full printed partnership line while B cites the bare value, which proves only that those digits occur somewhere on the page. subject_type corrected to 'fund' on every partnership row: both lanes wrote 'investment', but the entity column is headed 'Partnership' and each row is a named vehicle the fund committed capital to, not a holding inside one.",RESOLVED,A+B+ADJUDICATOR,504abfe06fcde5e187ef74247e28f97eecec00313f5079c91e05fbdaea023159
99831b153600cd59a6bf,SRC058,1,PAIR_2E504E07391C7AEBFC09B5C9,CONTEXT_CONFLICT,408,408,source_section|source_table|asset_class|evidence_quote,MERGE,"MERGE, one ruling applied to every paired row because the two lanes differ the same way on all of them and neither is complete. From B: source_section, which A left blank on all three pages although 'Real Estate Portfolio' is printed above the table on pages 1 and 2 and 'REITS' and 'Separate Accounts' above their own tables on page 3; source_table on pages 1 and 2, because A's 'UNTITLED_TABLE_1' is a placeholder the page never prints; and asset_class 'Real Estate', the printed grouping that governs every row. From A: source_column_label and metric_name 'Total Capital Contributed' and 'Total Capital Distributed', because the header wraps 'Total Capital' onto its own line above each of those two columns separately instead of spanning them, and page 3 prints 'Total Capital Distributed' on one line where both lanes agree; currency_scale, which A correctly leaves blank on irr and tvpi rows while B stamps '($ in millions)' onto a percentage and a multiple; and evidence_quote, because A cites the full printed partnership line while B cites the bare value, which proves only that those digits occur somewhere on the page. subject_type corrected to 'fund' on every partnership row: both lanes wrote 'investment', but the entity column is headed 'Partnership' and each row is a named vehicle the fund committed capital to, not a holding inside one.",RESOLVED,A+B+ADJUDICATOR,504abfe06fcde5e187ef74247e28f97eecec00313f5079c91e05fbdaea023159
4999054d2c4c78cf9566,SRC058,1,PAIR_F38DA9A2F11A0DD8384E358A,CONTEXT_CONFLICT,409,411,source_section|source_table|asset_class|evidence_quote,MERGE,"MERGE, one ruling applied to every paired row because the two lanes differ the same way on all of them and neither is complete. From B: source_section, which A left blank on all three pages although 'Real Estate Portfolio' is printed above the table on pages 1 and 2 and 'REITS' and 'Separate Accounts' above their own tables on page 3; source_table on pages 1 and 2, because A's 'UNTITLED_TABLE_1' is a placeholder the page never prints; and asset_class 'Real Estate', the printed grouping that governs every row. From A: source_column_label and metric_name 'Total Capital Contributed' and 'Total Capital Distributed', because the header wraps 'Total Capital' onto its own line above each of those two columns separately instead of spanning them, and page 3 prints 'Total Capital Distributed' on one line where both lanes agree; currency_scale, which A correctly leaves blank on irr and tvpi rows while B stamps '($ in millions)' onto a percentage and a multiple; and evidence_quote, because A cites the full printed partnership line while B cites the bare value, which proves only that those digits occur somewhere on the page. subject_type corrected to 'fund' on every partnership row: both lanes wrote 'investment', but the entity column is headed 'Partnership' and each row is a named vehicle the fund committed capital to, not a holding inside one.; Source review: p1: Retirement Fund (The portfolio report distinguishes investor positions from its aggregate rows.) | p1: Retirement Fund (Printed heading or definition supporting the source-reviewed qualifier.) | p1: Retirement Fund (Supersedes SR2153: the printed entity or table label is context, not a measurement basis; source labels retain its scope.)",RESOLVED,A+B+ADJUDICATOR,504abfe06fcde5e187ef74247e28f97eecec00313f5079c91e05fbdaea023159
1a016a0578de0f79063c,SRC058,1,PAIR_8A6E9C0AA3F296E99EF52EF4,CONTEXT_CONFLICT,410,412,source_section|source_table|asset_class|currency_scale|evidence_quote,MERGE,"MERGE, one ruling applied to every paired row because the two lanes differ the same way on all of them and neither is complete. From B: source_section, which A left blank on all three pages although 'Real Estate Portfolio' is printed above the table on pages 1 and 2 and 'REITS' and 'Separate Accounts' above their own tables on page 3; source_table on pages 1 and 2, because A's 'UNTITLED_TABLE_1' is a placeholder the page never prints; and asset_class 'Real Estate', the printed grouping that governs every row. From A: source_column_label and metric_name 'Total Capital Contributed' and 'Total Capital Distributed', because the header wraps 'Total Capital' onto its own line above each of those two columns separately instead of spanning them, and page 3 prints 'Total Capital Distributed' on one line where both lanes agree; currency_scale, which A correctly leaves blank on irr and tvpi rows while B stamps '($ in millions)' onto a percentage and a multiple; and evidence_quote, because A cites the full printed partnership line while B cites the bare value, which proves only that those digits occur somewhere on the page. subject_type corrected to 'fund' on every partnership row: both lanes wrote 'investment', but the entity column is headed 'Partnership' and each row is a named vehicle the fund committed capital to, not a holding inside one.; Source review: p1: IRR (All report pages were reviewed; no fee-basis statement qualifies this IRR.)",RESOLVED,A+B+ADJUDICATOR,504abfe06fcde5e187ef74247e28f97eecec00313f5079c91e05fbdaea023159
4e15f5e453b5558dd969,SRC058,1,PAIR_55A36EDC261D23D7ED633034,CONTEXT_CONFLICT,411,409,source_section|source_table|source_column_label|asset_class|metric_name|evidence_quote,MERGE,"MERGE, one ruling applied to every paired row because the two lanes differ the same way on all of them and neither is complete. From B: source_section, which A left blank on all three pages although 'Real Estate Portfolio' is printed above the table on pages 1 and 2 and 'REITS' and 'Separate Accounts' above their own tables on page 3; source_table on pages 1 and 2, because A's 'UNTITLED_TABLE_1' is a placeholder the page never prints; and asset_class 'Real Estate', the printed grouping that governs every row. From A: source_column_label and metric_name 'Total Capital Contributed' and 'Total Capital Distributed', because the header wraps 'Total Capital' onto its own line above each of those two columns separately instead of spanning them, and page 3 prints 'Total Capital Distributed' on one line where both lanes agree; currency_scale, which A correctly leaves blank on irr and tvpi rows while B stamps '($ in millions)' onto a percentage and a multiple; and evidence_quote, because A cites the full printed partnership line while B cites the bare value, which proves only that those digits occur somewhere on the page. subject_type corrected to 'fund' on every partnership row: both lanes wrote 'investment', but the entity column is headed 'Partnership' and each row is a named vehicle the fund committed capital to, not a holding inside one.",RESOLVED,A+B+ADJUDICATOR,504abfe06fcde5e187ef74247e28f97eecec00313f5079c91e05fbdaea023159
9810ac873212b728dcfc,SRC058,1,PAIR_F9A9D3DC79552DD8EE0EA5C8,CONTEXT_CONFLICT,412,410,source_section|source_table|source_column_label|asset_class|metric_name|evidence_quote,MERGE,"MERGE, one ruling applied to every paired row because the two lanes differ the same way on all of them and neither is complete. From B: source_section, which A left blank on all three pages although 'Real Estate Portfolio' is printed above the table on pages 1 and 2 and 'REITS' and 'Separate Accounts' above their own tables on page 3; source_table on pages 1 and 2, because A's 'UNTITLED_TABLE_1' is a placeholder the page never prints; and asset_class 'Real Estate', the printed grouping that governs every row. From A: source_column_label and metric_name 'Total Capital Contributed' and 'Total Capital Distributed', because the header wraps 'Total Capital' onto its own line above each of those two columns separately instead of spanning them, and page 3 prints 'Total Capital Distributed' on one line where both lanes agree; currency_scale, which A correctly leaves blank on irr and tvpi rows while B stamps '($ in millions)' onto a percentage and a multiple; and evidence_quote, because A cites the full printed partnership line while B cites the bare value, which proves only that those digits occur somewhere on the page. subject_type corrected to 'fund' on every partnership row: both lanes wrote 'investment', but the entity column is headed 'Partnership' and each row is a named vehicle the fund committed capital to, not a holding inside one.",RESOLVED,A+B+ADJUDICATOR,504abfe06fcde5e187ef74247e28f97eecec00313f5079c91e05fbdaea023159
d7fb38c4f67c2d462cb6,SRC058,1,PAIR_18BFE906137FC856484B7F51,CONTEXT_CONFLICT,413,413,source_section|source_table|asset_class|currency_scale|evidence_quote,MERGE,"MERGE, one ruling applied to every paired row because the two lanes differ the same way on all of them and neither is complete. From B: source_section, which A left blank on all three pages although 'Real Estate Portfolio' is printed above the table on pages 1 and 2 and 'REITS' and 'Separate Accounts' above their own tables on page 3; source_table on pages 1 and 2, because A's 'UNTITLED_TABLE_1' is a placeholder the page never prints; and asset_class 'Real Estate', the printed grouping that governs every row. From A: source_column_label and metric_name 'Total Capital Contributed' and 'Total Capital Distributed', because the header wraps 'Total Capital' onto its own line above each of those two columns separately instead of spanning them, and page 3 prints 'Total Capital Distributed' on one line where both lanes agree; currency_scale, which A correctly leaves blank on irr and tvpi rows while B stamps '($ in millions)' onto a percentage and a multiple; and evidence_quote, because A cites the full printed partnership line while B cites the bare value, which proves only that those digits occur somewhere on the page. subject_type corrected to 'fund' on every partnership row: both lanes wrote 'investment', but the entity column is headed 'Partnership' and each row is a named vehicle the fund committed capital to, not a holding inside one.",RESOLVED,A+B+ADJUDICATOR,504abfe06fcde5e187ef74247e28f97eecec00313f5079c91e05fbdaea023159
ed04b742e0cf834a13a5,SRC058,1,PAIR_3AC99D4361AE65764DB9341E,CONTEXT_CONFLICT,414,414,source_section|source_table|asset_class|evidence_quote,MERGE,"MERGE, one ruling applied to every paired row because the two lanes differ the same way on all of them and neither is complete. From B: source_section, which A left blank on all three pages although 'Real Estate Portfolio' is printed above the table on pages 1 and 2 and 'REITS' and 'Separate Accounts' above their own tables on page 3; source_table on pages 1 and 2, because A's 'UNTITLED_TABLE_1' is a placeholder the page never prints; and asset_class 'Real Estate', the printed grouping that governs every row. From A: source_column_label and metric_name 'Total Capital Contributed' and 'Total Capital Distributed', because the header wraps 'Total Capital' onto its own line above each of those two columns separately instead of spanning them, and page 3 prints 'Total Capital Distributed' on one line where both lanes agree; currency_scale, which A correctly leaves blank on irr and tvpi rows while B stamps '($ in millions)' onto a percentage and a multiple; and evidence_quote, because A cites the full printed partnership line while B cites the bare value, which proves only that those digits occur somewhere on the page. subject_type corrected to 'fund' on every partnership row: both lanes wrote 'investment', but the entity column is headed 'Partnership' and each row is a named vehicle the fund committed capital to, not a holding inside one.",RESOLVED,A+B+ADJUDICATOR,504abfe06fcde5e187ef74247e28f97eecec00313f5079c91e05fbdaea023159
9615d675320c214b2e9b,SRC058,1,PAIR_8B061288127DA435764497A1,CONTEXT_CONFLICT,415,417,source_section|source_table|asset_class|evidence_quote,MERGE,"MERGE, one ruling applied to every paired row because the two lanes differ the same way on all of them and neither is complete. From B: source_section, which A left blank on all three pages although 'Real Estate Portfolio' is printed above the table on pages 1 and 2 and 'REITS' and 'Separate Accounts' above their own tables on page 3; source_table on pages 1 and 2, because A's 'UNTITLED_TABLE_1' is a placeholder the page never prints; and asset_class 'Real Estate', the printed grouping that governs every row. From A: source_column_label and metric_name 'Total Capital Contributed' and 'Total Capital Distributed', because the header wraps 'Total Capital' onto its own line above each of those two columns separately instead of spanning them, and page 3 prints 'Total Capital Distributed' on one line where both lanes agree; currency_scale, which A correctly leaves blank on irr and tvpi rows while B stamps '($ in millions)' onto a percentage and a multiple; and evidence_quote, because A cites the full printed partnership line while B cites the bare value, which proves only that those digits occur somewhere on the page. subject_type corrected to 'fund' on every partnership row: both lanes wrote 'investment', but the entity column is headed 'Partnership' and each row is a named vehicle the fund committed capital to, not a holding inside one.; Source review: p1: Retirement Fund (The portfolio report distinguishes investor positions from its aggregate rows.) | p1: Retirement Fund (Printed heading or definition supporting the source-reviewed qualifier.) | p1: Retirement Fund (Supersedes SR2154: the printed entity or table label is context, not a measurement basis; source labels retain its scope.)",RESOLVED,A+B+ADJUDICATOR,504abfe06fcde5e187ef74247e28f97eecec00313f5079c91e05fbdaea023159
8397ac0df4d32417e9bd,SRC058,1,PAIR_64134F6A69432F0C9C5F18B5,CONTEXT_CONFLICT,416,418,source_section|source_table|asset_class|currency_scale|evidence_quote,MERGE,"MERGE, one ruling applied to every paired row because the two lanes differ the same way on all of them and neither is complete. From B: source_section, which A left blank on all three pages although 'Real Estate Portfolio' is printed above the table on pages 1 and 2 and 'REITS' and 'Separate Accounts' above their own tables on page 3; source_table on pages 1 and 2, because A's 'UNTITLED_TABLE_1' is a placeholder the page never prints; and asset_class 'Real Estate', the printed grouping that governs every row. From A: source_column_label and metric_name 'Total Capital Contributed' and 'Total Capital Distributed', because the header wraps 'Total Capital' onto its own line above each of those two columns separately instead of spanning them, and page 3 prints 'Total Capital Distributed' on one line where both lanes agree; currency_scale, which A correctly leaves blank on irr and tvpi rows while B stamps '($ in millions)' onto a percentage and a multiple; and evidence_quote, because A cites the full printed partnership line while B cites the bare value, which proves only that those digits occur somewhere on the page. subject_type corrected to 'fund' on every partnership row: both lanes wrote 'investment', but the entity column is headed 'Partnership' and each row is a named vehicle the fund committed capital to, not a holding inside one.; Source review: p1: IRR (All report pages were reviewed; no fee-basis statement qualifies this IRR.)",RESOLVED,A+B+ADJUDICATOR,504abfe06fcde5e187ef74247e28f97eecec00313f5079c91e05fbdaea023159
84c302416a1eee05db99,SRC058,1,PAIR_74CA33AE9F7FB8D9EACB1514,CONTEXT_CONFLICT,417,415,source_section|source_table|source_column_label|asset_class|metric_name|evidence_quote,MERGE,"MERGE, one ruling applied to every paired row because the two lanes differ the same way on all of them and neither is complete. From B: source_section, which A left blank on all three pages although 'Real Estate Portfolio' is printed above the table on pages 1 and 2 and 'REITS' and 'Separate Accounts' above their own tables on page 3; source_table on pages 1 and 2, because A's 'UNTITLED_TABLE_1' is a placeholder the page never prints; and asset_class 'Real Estate', the printed grouping that governs every row. From A: source_column_label and metric_name 'Total Capital Contributed' and 'Total Capital Distributed', because the header wraps 'Total Capital' onto its own line above each of those two columns separately instead of spanning them, and page 3 prints 'Total Capital Distributed' on one line where both lanes agree; currency_scale, which A correctly leaves blank on irr and tvpi rows while B stamps '($ in millions)' onto a percentage and a multiple; and evidence_quote, because A cites the full printed partnership line while B cites the bare value, which proves only that those digits occur somewhere on the page. subject_type corrected to 'fund' on every partnership row: both lanes wrote 'investment', but the entity column is headed 'Partnership' and each row is a named vehicle the fund committed capital to, not a holding inside one.",RESOLVED,A+B+ADJUDICATOR,504abfe06fcde5e187ef74247e28f97eecec00313f5079c91e05fbdaea023159
7e0b5a35f5ffd6d6b810,SRC058,1,PAIR_5D51869BB78E59EA2375377B,CONTEXT_CONFLICT,418,416,source_section|source_table|source_column_label|asset_class|metric_name|evidence_quote,MERGE,"MERGE, one ruling applied to every paired row because the two lanes differ the same way on all of them and neither is complete. From B: source_section, which A left blank on all three pages although 'Real Estate Portfolio' is printed above the table on pages 1 and 2 and 'REITS' and 'Separate Accounts' above their own tables on page 3; source_table on pages 1 and 2, because A's 'UNTITLED_TABLE_1' is a placeholder the page never prints; and asset_class 'Real Estate', the printed grouping that governs every row. From A: source_column_label and metric_name 'Total Capital Contributed' and 'Total Capital Distributed', because the header wraps 'Total Capital' onto its own line above each of those two columns separately instead of spanning them, and page 3 prints 'Total Capital Distributed' on one line where both lanes agree; currency_scale, which A correctly leaves blank on irr and tvpi rows while B stamps '($ in millions)' onto a percentage and a multiple; and evidence_quote, because A cites the full printed partnership line while B cites the bare value, which proves only that those digits occur somewhere on the page. subject_type corrected to 'fund' on every partnership row: both lanes wrote 'investment', but the entity column is headed 'Partnership' and each row is a named vehicle the fund committed capital to, not a holding inside one.",RESOLVED,A+B+ADJUDICATOR,504abfe06fcde5e187ef74247e28f97eecec00313f5079c91e05fbdaea023159
3f72e3ed7bc8efdbf914,SRC058,1,PAIR_46923229DE1C694E758D290A,CONTEXT_CONFLICT,419,419,source_section|source_table|asset_class|currency_scale|evidence_quote,MERGE,"MERGE, one ruling applied to every paired row because the two lanes differ the same way on all of them and neither is complete. From B: source_section, which A left blank on all three pages although 'Real Estate Portfolio' is printed above the table on pages 1 and 2 and 'REITS' and 'Separate Accounts' above their own tables on page 3; source_table on pages 1 and 2, because A's 'UNTITLED_TABLE_1' is a placeholder the page never prints; and asset_class 'Real Estate', the printed grouping that governs every row. From A: source_column_label and metric_name 'Total Capital Contributed' and 'Total Capital Distributed', because the header wraps 'Total Capital' onto its own line above each of those two columns separately instead of spanning them, and page 3 prints 'Total Capital Distributed' on one line where both lanes agree; currency_scale, which A correctly leaves blank on irr and tvpi rows while B stamps '($ in millions)' onto a percentage and a multiple; and evidence_quote, because A cites the full printed partnership line while B cites the bare value, which proves only that those digits occur somewhere on the page. subject_type corrected to 'fund' on every partnership row: both lanes wrote 'investment', but the entity column is headed 'Partnership' and each row is a named vehicle the fund committed capital to, not a holding inside one.",RESOLVED,A+B+ADJUDICATOR,504abfe06fcde5e187ef74247e28f97eecec00313f5079c91e05fbdaea023159
6972412aa3fa1c866b44,SRC058,1,PAIR_438CFC41C2C4F84A414EB2CD,CONTEXT_CONFLICT,420,420,source_section|source_table|asset_class|evidence_quote,MERGE,"MERGE, one ruling applied to every paired row because the two lanes differ the same way on all of them and neither is complete. From B: source_section, which A left blank on all three pages although 'Real Estate Portfolio' is printed above the table on pages 1 and 2 and 'REITS' and 'Separate Accounts' above their own tables on page 3; source_table on pages 1 and 2, because A's 'UNTITLED_TABLE_1' is a placeholder the page never prints; and asset_class 'Real Estate', the printed grouping that governs every row. From A: source_column_label and metric_name 'Total Capital Contributed' and 'Total Capital Distributed', because the header wraps 'Total Capital' onto its own line above each of those two columns separately instead of spanning them, and page 3 prints 'Total Capital Distributed' on one line where both lanes agree; currency_scale, which A correctly leaves blank on irr and tvpi rows while B stamps '($ in millions)' onto a percentage and a multiple; and evidence_quote, because A cites the full printed partnership line while B cites the bare value, which proves only that those digits occur somewhere on the page. subject_type corrected to 'fund' on every partnership row: both lanes wrote 'investment', but the entity column is headed 'Partnership' and each row is a named vehicle the fund committed capital to, not a holding inside one.",RESOLVED,A+B+ADJUDICATOR,504abfe06fcde5e187ef74247e28f97eecec00313f5079c91e05fbdaea023159
72eac0723bf09edc59da,SRC058,1,PAIR_ED9AF2A24BAF08FB2A7D2055,CONTEXT_CONFLICT,421,423,source_section|source_table|asset_class|evidence_quote,MERGE,"MERGE, one ruling applied to every paired row because the two lanes differ the same way on all of them and neither is complete. From B: source_section, which A left blank on all three pages although 'Real Estate Portfolio' is printed above the table on pages 1 and 2 and 'REITS' and 'Separate Accounts' above their own tables on page 3; source_table on pages 1 and 2, because A's 'UNTITLED_TABLE_1' is a placeholder the page never prints; and asset_class 'Real Estate', the printed grouping that governs every row. From A: source_column_label and metric_name 'Total Capital Contributed' and 'Total Capital Distributed', because the header wraps 'Total Capital' onto its own line above each of those two columns separately instead of spanning them, and page 3 prints 'Total Capital Distributed' on one line where both lanes agree; currency_scale, which A correctly leaves blank on irr and tvpi rows while B stamps '($ in millions)' onto a percentage and a multiple; and evidence_quote, because A cites the full printed partnership line while B cites the bare value, which proves only that those digits occur somewhere on the page. subject_type corrected to 'fund' on every partnership row: both lanes wrote 'investment', but the entity column is headed 'Partnership' and each row is a named vehicle the fund committed capital to, not a holding inside one.; Source review: p1: Retirement Fund (The portfolio report distinguishes investor positions from its aggregate rows.) | p1: Retirement Fund (Printed heading or definition supporting the source-reviewed qualifier.) | p1: Retirement Fund (Supersedes SR2155: the printed entity or table label is context, not a measurement basis; source labels retain its scope.)",RESOLVED,A+B+ADJUDICATOR,504abfe06fcde5e187ef74247e28f97eecec00313f5079c91e05fbdaea023159
ea249763f71279bfe2d8,SRC058,1,PAIR_5F153A669A2A83C8B9627EDB,CONTEXT_CONFLICT,422,424,source_section|source_table|asset_class|currency_scale|evidence_quote,MERGE,"MERGE, one ruling applied to every paired row because the two lanes differ the same way on all of them and neither is complete. From B: source_section, which A left blank on all three pages although 'Real Estate Portfolio' is printed above the table on pages 1 and 2 and 'REITS' and 'Separate Accounts' above their own tables on page 3; source_table on pages 1 and 2, because A's 'UNTITLED_TABLE_1' is a placeholder the page never prints; and asset_class 'Real Estate', the printed grouping that governs every row. From A: source_column_label and metric_name 'Total Capital Contributed' and 'Total Capital Distributed', because the header wraps 'Total Capital' onto its own line above each of those two columns separately instead of spanning them, and page 3 prints 'Total Capital Distributed' on one line where both lanes agree; currency_scale, which A correctly leaves blank on irr and tvpi rows while B stamps '($ in millions)' onto a percentage and a multiple; and evidence_quote, because A cites the full printed partnership line while B cites the bare value, which proves only that those digits occur somewhere on the page. subject_type corrected to 'fund' on every partnership row: both lanes wrote 'investment', but the entity column is headed 'Partnership' and each row is a named vehicle the fund committed capital to, not a holding inside one.; Source review: p1: IRR (All report pages were reviewed; no fee-basis statement qualifies this IRR.)",RESOLVED,A+B+ADJUDICATOR,504abfe06fcde5e187ef74247e28f97eecec00313f5079c91e05fbdaea023159
f7d74850367a526aeb63,SRC058,1,PAIR_BA3E4849EB6FC2AA0A95568B,CONTEXT_CONFLICT,423,421,source_section|source_table|source_column_label|asset_class|metric_name|evidence_quote,MERGE,"MERGE, one ruling applied to every paired row because the two lanes differ the same way on all of them and neither is complete. From B: source_section, which A left blank on all three pages although 'Real Estate Portfolio' is printed above the table on pages 1 and 2 and 'REITS' and 'Separate Accounts' above their own tables on page 3; source_table on pages 1 and 2, because A's 'UNTITLED_TABLE_1' is a placeholder the page never prints; and asset_class 'Real Estate', the printed grouping that governs every row. From A: source_column_label and metric_name 'Total Capital Contributed' and 'Total Capital Distributed', because the header wraps 'Total Capital' onto its own line above each of those two columns separately instead of spanning them, and page 3 prints 'Total Capital Distributed' on one line where both lanes agree; currency_scale, which A correctly leaves blank on irr and tvpi rows while B stamps '($ in millions)' onto a percentage and a multiple; and evidence_quote, because A cites the full printed partnership line while B cites the bare value, which proves only that those digits occur somewhere on the page. subject_type corrected to 'fund' on every partnership row: both lanes wrote 'investment', but the entity column is headed 'Partnership' and each row is a named vehicle the fund committed capital to, not a holding inside one.",RESOLVED,A+B+ADJUDICATOR,504abfe06fcde5e187ef74247e28f97eecec00313f5079c91e05fbdaea023159
3b6a02db4c7063892106,SRC058,1,PAIR_6CBDEBD5B3629A995B7EA00B,CONTEXT_CONFLICT,424,422,source_section|source_table|source_column_label|asset_class|metric_name|evidence_quote,MERGE,"MERGE, one ruling applied to every paired row because the two lanes differ the same way on all of them and neither is complete. From B: source_section, which A left blank on all three pages although 'Real Estate Portfolio' is printed above the table on pages 1 and 2 and 'REITS' and 'Separate Accounts' above their own tables on page 3; source_table on pages 1 and 2, because A's 'UNTITLED_TABLE_1' is a placeholder the page never prints; and asset_class 'Real Estate', the printed grouping that governs every row. From A: source_column_label and metric_name 'Total Capital Contributed' and 'Total Capital Distributed', because the header wraps 'Total Capital' onto its own line above each of those two columns separately instead of spanning them, and page 3 prints 'Total Capital Distributed' on one line where both lanes agree; currency_scale, which A correctly leaves blank on irr and tvpi rows while B stamps '($ in millions)' onto a percentage and a multiple; and evidence_quote, because A cites the full printed partnership line while B cites the bare value, which proves only that those digits occur somewhere on the page. subject_type corrected to 'fund' on every partnership row: both lanes wrote 'investment', but the entity column is headed 'Partnership' and each row is a named vehicle the fund committed capital to, not a holding inside one.",RESOLVED,A+B+ADJUDICATOR,504abfe06fcde5e187ef74247e28f97eecec00313f5079c91e05fbdaea023159
3d644f1e346fd0ac6211,SRC058,1,PAIR_F8C862D9BE09B16A36D23A27,CONTEXT_CONFLICT,425,425,source_section|source_table|asset_class|currency_scale|evidence_quote,MERGE,"MERGE, one ruling applied to every paired row because the two lanes differ the same way on all of them and neither is complete. From B: source_section, which A left blank on all three pages although 'Real Estate Portfolio' is printed above the table on pages 1 and 2 and 'REITS' and 'Separate Accounts' above their own tables on page 3; source_table on pages 1 and 2, because A's 'UNTITLED_TABLE_1' is a placeholder the page never prints; and asset_class 'Real Estate', the printed grouping that governs every row. From A: source_column_label and metric_name 'Total Capital Contributed' and 'Total Capital Distributed', because the header wraps 'Total Capital' onto its own line above each of those two columns separately instead of spanning them, and page 3 prints 'Total Capital Distributed' on one line where both lanes agree; currency_scale, which A correctly leaves blank on irr and tvpi rows while B stamps '($ in millions)' onto a percentage and a multiple; and evidence_quote, because A cites the full printed partnership line while B cites the bare value, which proves only that those digits occur somewhere on the page. subject_type corrected to 'fund' on every partnership row: both lanes wrote 'investment', but the entity column is headed 'Partnership' and each row is a named vehicle the fund committed capital to, not a holding inside one.",RESOLVED,A+B+ADJUDICATOR,504abfe06fcde5e187ef74247e28f97eecec00313f5079c91e05fbdaea023159
662b5c98e8f03c2721e3,SRC058,1,PAIR_D7EEFA1B2284CCF1F2AFBCD2,CONTEXT_CONFLICT,426,426,source_section|source_table|asset_class|evidence_quote,MERGE,"MERGE, one ruling applied to every paired row because the two lanes differ the same way on all of them and neither is complete. From B: source_section, which A left blank on all three pages although 'Real Estate Portfolio' is printed above the table on pages 1 and 2 and 'REITS' and 'Separate Accounts' above their own tables on page 3; source_table on pages 1 and 2, because A's 'UNTITLED_TABLE_1' is a placeholder the page never prints; and asset_class 'Real Estate', the printed grouping that governs every row. From A: source_column_label and metric_name 'Total Capital Contributed' and 'Total Capital Distributed', because the header wraps 'Total Capital' onto its own line above each of those two columns separately instead of spanning them, and page 3 prints 'Total Capital Distributed' on one line where both lanes agree; currency_scale, which A correctly leaves blank on irr and tvpi rows while B stamps '($ in millions)' onto a percentage and a multiple; and evidence_quote, because A cites the full printed partnership line while B cites the bare value, which proves only that those digits occur somewhere on the page. subject_type corrected to 'fund' on every partnership row: both lanes wrote 'investment', but the entity column is headed 'Partnership' and each row is a named vehicle the fund committed capital to, not a holding inside one.",RESOLVED,A+B+ADJUDICATOR,504abfe06fcde5e187ef74247e28f97eecec00313f5079c91e05fbdaea023159
a48051ee3b4058822943,SRC058,1,PAIR_B63A3FA3C0C48CDD04785215,CONTEXT_CONFLICT,427,429,source_section|source_table|asset_class|evidence_quote,MERGE,"MERGE, one ruling applied to every paired row because the two lanes differ the same way on all of them and neither is complete. From B: source_section, which A left blank on all three pages although 'Real Estate Portfolio' is printed above the table on pages 1 and 2 and 'REITS' and 'Separate Accounts' above their own tables on page 3; source_table on pages 1 and 2, because A's 'UNTITLED_TABLE_1' is a placeholder the page never prints; and asset_class 'Real Estate', the printed grouping that governs every row. From A: source_column_label and metric_name 'Total Capital Contributed' and 'Total Capital Distributed', because the header wraps 'Total Capital' onto its own line above each of those two columns separately instead of spanning them, and page 3 prints 'Total Capital Distributed' on one line where both lanes agree; currency_scale, which A correctly leaves blank on irr and tvpi rows while B stamps '($ in millions)' onto a percentage and a multiple; and evidence_quote, because A cites the full printed partnership line while B cites the bare value, which proves only that those digits occur somewhere on the page. subject_type corrected to 'fund' on every partnership row: both lanes wrote 'investment', but the entity column is headed 'Partnership' and each row is a named vehicle the fund committed capital to, not a holding inside one.; Source review: p1: Retirement Fund (The portfolio report distinguishes investor positions from its aggregate rows.) | p1: Retirement Fund (Printed heading or definition supporting the source-reviewed qualifier.) | p1: Retirement Fund (Supersedes SR2156: the printed entity or table label is context, not a measurement basis; source labels retain its scope.)",RESOLVED,A+B+ADJUDICATOR,504abfe06fcde5e187ef74247e28f97eecec00313f5079c91e05fbdaea023159
6efa9cadd4f0cea0daf5,SRC058,1,PAIR_72DFFB1FB6AC1592C6F5DD77,CONTEXT_CONFLICT,428,430,source_section|source_table|asset_class|currency_scale|evidence_quote,MERGE,"MERGE, one ruling applied to every paired row because the two lanes differ the same way on all of them and neither is complete. From B: source_section, which A left blank on all three pages although 'Real Estate Portfolio' is printed above the table on pages 1 and 2 and 'REITS' and 'Separate Accounts' above their own tables on page 3; source_table on pages 1 and 2, because A's 'UNTITLED_TABLE_1' is a placeholder the page never prints; and asset_class 'Real Estate', the printed grouping that governs every row. From A: source_column_label and metric_name 'Total Capital Contributed' and 'Total Capital Distributed', because the header wraps 'Total Capital' onto its own line above each of those two columns separately instead of spanning them, and page 3 prints 'Total Capital Distributed' on one line where both lanes agree; currency_scale, which A correctly leaves blank on irr and tvpi rows while B stamps '($ in millions)' onto a percentage and a multiple; and evidence_quote, because A cites the full printed partnership line while B cites the bare value, which proves only that those digits occur somewhere on the page. subject_type corrected to 'fund' on every partnership row: both lanes wrote 'investment', but the entity column is headed 'Partnership' and each row is a named vehicle the fund committed capital to, not a holding inside one.; Source review: p1: IRR (All report pages were reviewed; no fee-basis statement qualifies this IRR.)",RESOLVED,A+B+ADJUDICATOR,504abfe06fcde5e187ef74247e28f97eecec00313f5079c91e05fbdaea023159
5095e1c34d0ba7a3ea6b,SRC058,1,PAIR_BFAC704636A65402FAD08240,CONTEXT_CONFLICT,429,427,source_section|source_table|source_column_label|asset_class|metric_name|evidence_quote,MERGE,"MERGE, one ruling applied to every paired row because the two lanes differ the same way on all of them and neither is complete. From B: source_section, which A left blank on all three pages although 'Real Estate Portfolio' is printed above the table on pages 1 and 2 and 'REITS' and 'Separate Accounts' above their own tables on page 3; source_table on pages 1 and 2, because A's 'UNTITLED_TABLE_1' is a placeholder the page never prints; and asset_class 'Real Estate', the printed grouping that governs every row. From A: source_column_label and metric_name 'Total Capital Contributed' and 'Total Capital Distributed', because the header wraps 'Total Capital' onto its own line above each of those two columns separately instead of spanning them, and page 3 prints 'Total Capital Distributed' on one line where both lanes agree; currency_scale, which A correctly leaves blank on irr and tvpi rows while B stamps '($ in millions)' onto a percentage and a multiple; and evidence_quote, because A cites the full printed partnership line while B cites the bare value, which proves only that those digits occur somewhere on the page. subject_type corrected to 'fund' on every partnership row: both lanes wrote 'investment', but the entity column is headed 'Partnership' and each row is a named vehicle the fund committed capital to, not a holding inside one.",RESOLVED,A+B+ADJUDICATOR,504abfe06fcde5e187ef74247e28f97eecec00313f5079c91e05fbdaea023159
70d98715b5cf9fcd2b13,SRC058,1,PAIR_826B206675D4462CC54CCD62,CONTEXT_CONFLICT,430,428,source_section|source_table|source_column_label|asset_class|metric_name|evidence_quote,MERGE,"MERGE, one ruling applied to every paired row because the two lanes differ the same way on all of them and neither is complete. From B: source_section, which A left blank on all three pages although 'Real Estate Portfolio' is printed above the table on pages 1 and 2 and 'REITS' and 'Separate Accounts' above their own tables on page 3; source_table on pages 1 and 2, because A's 'UNTITLED_TABLE_1' is a placeholder the page never prints; and asset_class 'Real Estate', the printed grouping that governs every row. From A: source_column_label and metric_name 'Total Capital Contributed' and 'Total Capital Distributed', because the header wraps 'Total Capital' onto its own line above each of those two columns separately instead of spanning them, and page 3 prints 'Total Capital Distributed' on one line where both lanes agree; currency_scale, which A correctly leaves blank on irr and tvpi rows while B stamps '($ in millions)' onto a percentage and a multiple; and evidence_quote, because A cites the full printed partnership line while B cites the bare value, which proves only that those digits occur somewhere on the page. subject_type corrected to 'fund' on every partnership row: both lanes wrote 'investment', but the entity column is headed 'Partnership' and each row is a named vehicle the fund committed capital to, not a holding inside one.",RESOLVED,A+B+ADJUDICATOR,504abfe06fcde5e187ef74247e28f97eecec00313f5079c91e05fbdaea023159
3aa3234b4ea27b6afc01,SRC058,1,PAIR_A7838FA75EB42301C136FAB1,CONTEXT_CONFLICT,431,431,source_section|source_table|asset_class|currency_scale|evidence_quote,MERGE,"MERGE, one ruling applied to every paired row because the two lanes differ the same way on all of them and neither is complete. From B: source_section, which A left blank on all three pages although 'Real Estate Portfolio' is printed above the table on pages 1 and 2 and 'REITS' and 'Separate Accounts' above their own tables on page 3; source_table on pages 1 and 2, because A's 'UNTITLED_TABLE_1' is a placeholder the page never prints; and asset_class 'Real Estate', the printed grouping that governs every row. From A: source_column_label and metric_name 'Total Capital Contributed' and 'Total Capital Distributed', because the header wraps 'Total Capital' onto its own line above each of those two columns separately instead of spanning them, and page 3 prints 'Total Capital Distributed' on one line where both lanes agree; currency_scale, which A correctly leaves blank on irr and tvpi rows while B stamps '($ in millions)' onto a percentage and a multiple; and evidence_quote, because A cites the full printed partnership line while B cites the bare value, which proves only that those digits occur somewhere on the page. subject_type corrected to 'fund' on every partnership row: both lanes wrote 'investment', but the entity column is headed 'Partnership' and each row is a named vehicle the fund committed capital to, not a holding inside one.",RESOLVED,A+B+ADJUDICATOR,504abfe06fcde5e187ef74247e28f97eecec00313f5079c91e05fbdaea023159
8bff9baaae3c83fc7e99,SRC058,2,PAIR_789D234935ED38CDCB3E3305,CONTEXT_CONFLICT,432,432,source_section|source_table|asset_class|evidence_quote,MERGE,"MERGE, one ruling applied to every paired row because the two lanes differ the same way on all of them and neither is complete. From B: source_section, which A left blank on all three pages although 'Real Estate Portfolio' is printed above the table on pages 1 and 2 and 'REITS' and 'Separate Accounts' above their own tables on page 3; source_table on pages 1 and 2, because A's 'UNTITLED_TABLE_1' is a placeholder the page never prints; and asset_class 'Real Estate', the printed grouping that governs every row. From A: source_column_label and metric_name 'Total Capital Contributed' and 'Total Capital Distributed', because the header wraps 'Total Capital' onto its own line above each of those two columns separately instead of spanning them, and page 3 prints 'Total Capital Distributed' on one line where both lanes agree; currency_scale, which A correctly leaves blank on irr and tvpi rows while B stamps '($ in millions)' onto a percentage and a multiple; and evidence_quote, because A cites the full printed partnership line while B cites the bare value, which proves only that those digits occur somewhere on the page. subject_type corrected to 'fund' on every partnership row: both lanes wrote 'investment', but the entity column is headed 'Partnership' and each row is a named vehicle the fund committed capital to, not a holding inside one.",RESOLVED,A+B+ADJUDICATOR,504abfe06fcde5e187ef74247e28f97eecec00313f5079c91e05fbdaea023159
4158ebc32e167b2b32a4,SRC058,2,PAIR_6ADD0BAF5E75BCCF4DAEBA06,CONTEXT_CONFLICT,433,435,source_section|source_table|asset_class|evidence_quote,MERGE,"MERGE, one ruling applied to every paired row because the two lanes differ the same way on all of them and neither is complete. From B: source_section, which A left blank on all three pages although 'Real Estate Portfolio' is printed above the table on pages 1 and 2 and 'REITS' and 'Separate Accounts' above their own tables on page 3; source_table on pages 1 and 2, because A's 'UNTITLED_TABLE_1' is a placeholder the page never prints; and asset_class 'Real Estate', the printed grouping that governs every row. From A: source_column_label and metric_name 'Total Capital Contributed' and 'Total Capital Distributed', because the header wraps 'Total Capital' onto its own line above each of those two columns separately instead of spanning them, and page 3 prints 'Total Capital Distributed' on one line where both lanes agree; currency_scale, which A correctly leaves blank on irr and tvpi rows while B stamps '($ in millions)' onto a percentage and a multiple; and evidence_quote, because A cites the full printed partnership line while B cites the bare value, which proves only that those digits occur somewhere on the page. subject_type corrected to 'fund' on every partnership row: both lanes wrote 'investment', but the entity column is headed 'Partnership' and each row is a named vehicle the fund committed capital to, not a holding inside one.; Source review: p2: Retirement Fund (The portfolio report distinguishes investor positions from its aggregate rows.) | p2: Retirement Fund (Printed heading or definition supporting the source-reviewed qualifier.) | p2: Retirement Fund (Supersedes SR2157: the printed entity or table label is context, not a measurement basis; source labels retain its scope.)",RESOLVED,A+B+ADJUDICATOR,504abfe06fcde5e187ef74247e28f97eecec00313f5079c91e05fbdaea023159
21f140beda0ce5ea5118,SRC058,2,PAIR_98145425B64DA1430908D1DC,CONTEXT_CONFLICT,434,436,source_section|source_table|asset_class|currency_scale|evidence_quote,MERGE,"MERGE, one ruling applied to every paired row because the two lanes differ the same way on all of them and neither is complete. From B: source_section, which A left blank on all three pages although 'Real Estate Portfolio' is printed above the table on pages 1 and 2 and 'REITS' and 'Separate Accounts' above their own tables on page 3; source_table on pages 1 and 2, because A's 'UNTITLED_TABLE_1' is a placeholder the page never prints; and asset_class 'Real Estate', the printed grouping that governs every row. From A: source_column_label and metric_name 'Total Capital Contributed' and 'Total Capital Distributed', because the header wraps 'Total Capital' onto its own line above each of those two columns separately instead of spanning them, and page 3 prints 'Total Capital Distributed' on one line where both lanes agree; currency_scale, which A correctly leaves blank on irr and tvpi rows while B stamps '($ in millions)' onto a percentage and a multiple; and evidence_quote, because A cites the full printed partnership line while B cites the bare value, which proves only that those digits occur somewhere on the page. subject_type corrected to 'fund' on every partnership row: both lanes wrote 'investment', but the entity column is headed 'Partnership' and each row is a named vehicle the fund committed capital to, not a holding inside one.; Source review: p2: IRR (All report pages were reviewed; no fee-basis statement qualifies this IRR.)",RESOLVED,A+B+ADJUDICATOR,504abfe06fcde5e187ef74247e28f97eecec00313f5079c91e05fbdaea023159
57640058cdcc573c75b2,SRC058,2,PAIR_3214B06365D6CABA8FF0DD81,CONTEXT_CONFLICT,435,433,source_section|source_table|source_column_label|asset_class|metric_name|evidence_quote,MERGE,"MERGE, one ruling applied to every paired row because the two lanes differ the same way on all of them and neither is complete. From B: source_section, which A left blank on all three pages although 'Real Estate Portfolio' is printed above the table on pages 1 and 2 and 'REITS' and 'Separate Accounts' above their own tables on page 3; source_table on pages 1 and 2, because A's 'UNTITLED_TABLE_1' is a placeholder the page never prints; and asset_class 'Real Estate', the printed grouping that governs every row. From A: source_column_label and metric_name 'Total Capital Contributed' and 'Total Capital Distributed', because the header wraps 'Total Capital' onto its own line above each of those two columns separately instead of spanning them, and page 3 prints 'Total Capital Distributed' on one line where both lanes agree; currency_scale, which A correctly leaves blank on irr and tvpi rows while B stamps '($ in millions)' onto a percentage and a multiple; and evidence_quote, because A cites the full printed partnership line while B cites the bare value, which proves only that those digits occur somewhere on the page. subject_type corrected to 'fund' on every partnership row: both lanes wrote 'investment', but the entity column is headed 'Partnership' and each row is a named vehicle the fund committed capital to, not a holding inside one.",RESOLVED,A+B+ADJUDICATOR,504abfe06fcde5e187ef74247e28f97eecec00313f5079c91e05fbdaea023159
2b3ed616758e81f67c26,SRC058,2,PAIR_556F1770709069CE4095ECD1,CONTEXT_CONFLICT,436,434,source_section|source_table|source_column_label|asset_class|metric_name|evidence_quote,MERGE,"MERGE, one ruling applied to every paired row because the two lanes differ the same way on all of them and neither is complete. From B: source_section, which A left blank on all three pages although 'Real Estate Portfolio' is printed above the table on pages 1 and 2 and 'REITS' and 'Separate Accounts' above their own tables on page 3; source_table on pages 1 and 2, because A's 'UNTITLED_TABLE_1' is a placeholder the page never prints; and asset_class 'Real Estate', the printed grouping that governs every row. From A: source_column_label and metric_name 'Total Capital Contributed' and 'Total Capital Distributed', because the header wraps 'Total Capital' onto its own line above each of those two columns separately instead of spanning them, and page 3 prints 'Total Capital Distributed' on one line where both lanes agree; currency_scale, which A correctly leaves blank on irr and tvpi rows while B stamps '($ in millions)' onto a percentage and a multiple; and evidence_quote, because A cites the full printed partnership line while B cites the bare value, which proves only that those digits occur somewhere on the page. subject_type corrected to 'fund' on every partnership row: both lanes wrote 'investment', but the entity column is headed 'Partnership' and each row is a named vehicle the fund committed capital to, not a holding inside one.",RESOLVED,A+B+ADJUDICATOR,504abfe06fcde5e187ef74247e28f97eecec00313f5079c91e05fbdaea023159
f1b0f85e7d9797883397,SRC058,2,PAIR_1E1E5EB17A325995A203900B,CONTEXT_CONFLICT,437,437,source_section|source_table|asset_class|currency_scale|evidence_quote,MERGE,"MERGE, one ruling applied to every paired row because the two lanes differ the same way on all of them and neither is complete. From B: source_section, which A left blank on all three pages although 'Real Estate Portfolio' is printed above the table on pages 1 and 2 and 'REITS' and 'Separate Accounts' above their own tables on page 3; source_table on pages 1 and 2, because A's 'UNTITLED_TABLE_1' is a placeholder the page never prints; and asset_class 'Real Estate', the printed grouping that governs every row. From A: source_column_label and metric_name 'Total Capital Contributed' and 'Total Capital Distributed', because the header wraps 'Total Capital' onto its own line above each of those two columns separately instead of spanning them, and page 3 prints 'Total Capital Distributed' on one line where both lanes agree; currency_scale, which A correctly leaves blank on irr and tvpi rows while B stamps '($ in millions)' onto a percentage and a multiple; and evidence_quote, because A cites the full printed partnership line while B cites the bare value, which proves only that those digits occur somewhere on the page. subject_type corrected to 'fund' on every partnership row: both lanes wrote 'investment', but the entity column is headed 'Partnership' and each row is a named vehicle the fund committed capital to, not a holding inside one.",RESOLVED,A+B+ADJUDICATOR,504abfe06fcde5e187ef74247e28f97eecec00313f5079c91e05fbdaea023159
d120b6ec01b6577dcb6a,SRC058,2,PAIR_7C7F55152755921AA50E5D1C,CONTEXT_CONFLICT,438,438,source_section|source_table|asset_class|evidence_quote,MERGE,"MERGE, one ruling applied to every paired row because the two lanes differ the same way on all of them and neither is complete. From B: source_section, which A left blank on all three pages although 'Real Estate Portfolio' is printed above the table on pages 1 and 2 and 'REITS' and 'Separate Accounts' above their own tables on page 3; source_table on pages 1 and 2, because A's 'UNTITLED_TABLE_1' is a placeholder the page never prints; and asset_class 'Real Estate', the printed grouping that governs every row. From A: source_column_label and metric_name 'Total Capital Contributed' and 'Total Capital Distributed', because the header wraps 'Total Capital' onto its own line above each of those two columns separately instead of spanning them, and page 3 prints 'Total Capital Distributed' on one line where both lanes agree; currency_scale, which A correctly leaves blank on irr and tvpi rows while B stamps '($ in millions)' onto a percentage and a multiple; and evidence_quote, because A cites the full printed partnership line while B cites the bare value, which proves only that those digits occur somewhere on the page. subject_type corrected to 'fund' on every partnership row: both lanes wrote 'investment', but the entity column is headed 'Partnership' and each row is a named vehicle the fund committed capital to, not a holding inside one.",RESOLVED,A+B+ADJUDICATOR,504abfe06fcde5e187ef74247e28f97eecec00313f5079c91e05fbdaea023159
578df0f4d5908cd3d8b1,SRC058,2,PAIR_98170C0DCA702DA6EFAC0C57,CONTEXT_CONFLICT,439,441,source_section|source_table|asset_class|evidence_quote,MERGE,"MERGE, one ruling applied to every paired row because the two lanes differ the same way on all of them and neither is complete. From B: source_section, which A left blank on all three pages although 'Real Estate Portfolio' is printed above the table on pages 1 and 2 and 'REITS' and 'Separate Accounts' above their own tables on page 3; source_table on pages 1 and 2, because A's 'UNTITLED_TABLE_1' is a placeholder the page never prints; and asset_class 'Real Estate', the printed grouping that governs every row. From A: source_column_label and metric_name 'Total Capital Contributed' and 'Total Capital Distributed', because the header wraps 'Total Capital' onto its own line above each of those two columns separately instead of spanning them, and page 3 prints 'Total Capital Distributed' on one line where both lanes agree; currency_scale, which A correctly leaves blank on irr and tvpi rows while B stamps '($ in millions)' onto a percentage and a multiple; and evidence_quote, because A cites the full printed partnership line while B cites the bare value, which proves only that those digits occur somewhere on the page. subject_type corrected to 'fund' on every partnership row: both lanes wrote 'investment', but the entity column is headed 'Partnership' and each row is a named vehicle the fund committed capital to, not a holding inside one.; Source review: p2: Retirement Fund (The portfolio report distinguishes investor positions from its aggregate rows.) | p2: Retirement Fund (Printed heading or definition supporting the source-reviewed qualifier.) | p2: Retirement Fund (Supersedes SR2158: the printed entity or table label is context, not a measurement basis; source labels retain its scope.)",RESOLVED,A+B+ADJUDICATOR,504abfe06fcde5e187ef74247e28f97eecec00313f5079c91e05fbdaea023159
ea747acfa58f711c99a6,SRC058,2,PAIR_9E8F1B2B92FF93B2D27F8E54,CONTEXT_CONFLICT,440,442,source_section|source_table|asset_class|currency_scale|evidence_quote,MERGE,"MERGE, one ruling applied to every paired row because the two lanes differ the same way on all of them and neither is complete. From B: source_section, which A left blank on all three pages although 'Real Estate Portfolio' is printed above the table on pages 1 and 2 and 'REITS' and 'Separate Accounts' above their own tables on page 3; source_table on pages 1 and 2, because A's 'UNTITLED_TABLE_1' is a placeholder the page never prints; and asset_class 'Real Estate', the printed grouping that governs every row. From A: source_column_label and metric_name 'Total Capital Contributed' and 'Total Capital Distributed', because the header wraps 'Total Capital' onto its own line above each of those two columns separately instead of spanning them, and page 3 prints 'Total Capital Distributed' on one line where both lanes agree; currency_scale, which A correctly leaves blank on irr and tvpi rows while B stamps '($ in millions)' onto a percentage and a multiple; and evidence_quote, because A cites the full printed partnership line while B cites the bare value, which proves only that those digits occur somewhere on the page. subject_type corrected to 'fund' on every partnership row: both lanes wrote 'investment', but the entity column is headed 'Partnership' and each row is a named vehicle the fund committed capital to, not a holding inside one.; Source review: p2: IRR (All report pages were reviewed; no fee-basis statement qualifies this IRR.)",RESOLVED,A+B+ADJUDICATOR,504abfe06fcde5e187ef74247e28f97eecec00313f5079c91e05fbdaea023159
8a7751bc4da8827049d9,SRC058,2,PAIR_C0E9CC5C2A588D788A84F4B2,CONTEXT_CONFLICT,441,439,source_section|source_table|source_column_label|asset_class|metric_name|evidence_quote,MERGE,"MERGE, one ruling applied to every paired row because the two lanes differ the same way on all of them and neither is complete. From B: source_section, which A left blank on all three pages although 'Real Estate Portfolio' is printed above the table on pages 1 and 2 and 'REITS' and 'Separate Accounts' above their own tables on page 3; source_table on pages 1 and 2, because A's 'UNTITLED_TABLE_1' is a placeholder the page never prints; and asset_class 'Real Estate', the printed grouping that governs every row. From A: source_column_label and metric_name 'Total Capital Contributed' and 'Total Capital Distributed', because the header wraps 'Total Capital' onto its own line above each of those two columns separately instead of spanning them, and page 3 prints 'Total Capital Distributed' on one line where both lanes agree; currency_scale, which A correctly leaves blank on irr and tvpi rows while B stamps '($ in millions)' onto a percentage and a multiple; and evidence_quote, because A cites the full printed partnership line while B cites the bare value, which proves only that those digits occur somewhere on the page. subject_type corrected to 'fund' on every partnership row: both lanes wrote 'investment', but the entity column is headed 'Partnership' and each row is a named vehicle the fund committed capital to, not a holding inside one.",RESOLVED,A+B+ADJUDICATOR,504abfe06fcde5e187ef74247e28f97eecec00313f5079c91e05fbdaea023159
b9b5bdf035aeffb394d2,SRC058,2,PAIR_A1C43A0EE764BBD96CD20A3A,CONTEXT_CONFLICT,442,440,source_section|source_table|source_column_label|asset_class|metric_name|evidence_quote,MERGE,"MERGE, one ruling applied to every paired row because the two lanes differ the same way on all of them and neither is complete. From B: source_section, which A left blank on all three pages although 'Real Estate Portfolio' is printed above the table on pages 1 and 2 and 'REITS' and 'Separate Accounts' above their own tables on page 3; source_table on pages 1 and 2, because A's 'UNTITLED_TABLE_1' is a placeholder the page never prints; and asset_class 'Real Estate', the printed grouping that governs every row. From A: source_column_label and metric_name 'Total Capital Contributed' and 'Total Capital Distributed', because the header wraps 'Total Capital' onto its own line above each of those two columns separately instead of spanning them, and page 3 prints 'Total Capital Distributed' on one line where both lanes agree; currency_scale, which A correctly leaves blank on irr and tvpi rows while B stamps '($ in millions)' onto a percentage and a multiple; and evidence_quote, because A cites the full printed partnership line while B cites the bare value, which proves only that those digits occur somewhere on the page. subject_type corrected to 'fund' on every partnership row: both lanes wrote 'investment', but the entity column is headed 'Partnership' and each row is a named vehicle the fund committed capital to, not a holding inside one.",RESOLVED,A+B+ADJUDICATOR,504abfe06fcde5e187ef74247e28f97eecec00313f5079c91e05fbdaea023159
61ec14fc302fbafdc843,SRC058,2,PAIR_61E24824A4C929E68CEF4713,CONTEXT_CONFLICT,443,443,source_section|source_table|asset_class|currency_scale|evidence_quote,MERGE,"MERGE, one ruling applied to every paired row because the two lanes differ the same way on all of them and neither is complete. From B: source_section, which A left blank on all three pages although 'Real Estate Portfolio' is printed above the table on pages 1 and 2 and 'REITS' and 'Separate Accounts' above their own tables on page 3; source_table on pages 1 and 2, because A's 'UNTITLED_TABLE_1' is a placeholder the page never prints; and asset_class 'Real Estate', the printed grouping that governs every row. From A: source_column_label and metric_name 'Total Capital Contributed' and 'Total Capital Distributed', because the header wraps 'Total Capital' onto its own line above each of those two columns separately instead of spanning them, and page 3 prints 'Total Capital Distributed' on one line where both lanes agree; currency_scale, which A correctly leaves blank on irr and tvpi rows while B stamps '($ in millions)' onto a percentage and a multiple; and evidence_quote, because A cites the full printed partnership line while B cites the bare value, which proves only that those digits occur somewhere on the page. subject_type corrected to 'fund' on every partnership row: both lanes wrote 'investment', but the entity column is headed 'Partnership' and each row is a named vehicle the fund committed capital to, not a holding inside one.",RESOLVED,A+B+ADJUDICATOR,504abfe06fcde5e187ef74247e28f97eecec00313f5079c91e05fbdaea023159
d6fc57da0308cf694c2a,SRC058,2,PAIR_16DA47AA1DDF6F476899A337,CONTEXT_CONFLICT,444,444,source_section|source_table|asset_class|evidence_quote,MERGE,"MERGE, one ruling applied to every paired row because the two lanes differ the same way on all of them and neither is complete. From B: source_section, which A left blank on all three pages although 'Real Estate Portfolio' is printed above the table on pages 1 and 2 and 'REITS' and 'Separate Accounts' above their own tables on page 3; source_table on pages 1 and 2, because A's 'UNTITLED_TABLE_1' is a placeholder the page never prints; and asset_class 'Real Estate', the printed grouping that governs every row. From A: source_column_label and metric_name 'Total Capital Contributed' and 'Total Capital Distributed', because the header wraps 'Total Capital' onto its own line above each of those two columns separately instead of spanning them, and page 3 prints 'Total Capital Distributed' on one line where both lanes agree; currency_scale, which A correctly leaves blank on irr and tvpi rows while B stamps '($ in millions)' onto a percentage and a multiple; and evidence_quote, because A cites the full printed partnership line while B cites the bare value, which proves only that those digits occur somewhere on the page. subject_type corrected to 'fund' on every partnership row: both lanes wrote 'investment', but the entity column is headed 'Partnership' and each row is a named vehicle the fund committed capital to, not a holding inside one.",RESOLVED,A+B+ADJUDICATOR,504abfe06fcde5e187ef74247e28f97eecec00313f5079c91e05fbdaea023159
7696bd1655adcbe3261a,SRC058,2,PAIR_2AF7B18B27AB69CC357F92A4,CONTEXT_CONFLICT,445,447,source_section|source_table|asset_class|evidence_quote,MERGE,"MERGE, one ruling applied to every paired row because the two lanes differ the same way on all of them and neither is complete. From B: source_section, which A left blank on all three pages although 'Real Estate Portfolio' is printed above the table on pages 1 and 2 and 'REITS' and 'Separate Accounts' above their own tables on page 3; source_table on pages 1 and 2, because A's 'UNTITLED_TABLE_1' is a placeholder the page never prints; and asset_class 'Real Estate', the printed grouping that governs every row. From A: source_column_label and metric_name 'Total Capital Contributed' and 'Total Capital Distributed', because the header wraps 'Total Capital' onto its own line above each of those two columns separately instead of spanning them, and page 3 prints 'Total Capital Distributed' on one line where both lanes agree; currency_scale, which A correctly leaves blank on irr and tvpi rows while B stamps '($ in millions)' onto a percentage and a multiple; and evidence_quote, because A cites the full printed partnership line while B cites the bare value, which proves only that those digits occur somewhere on the page. subject_type corrected to 'fund' on every partnership row: both lanes wrote 'investment', but the entity column is headed 'Partnership' and each row is a named vehicle the fund committed capital to, not a holding inside one.; Source review: p2: Retirement Fund (The portfolio report distinguishes investor positions from its aggregate rows.) | p2: Retirement Fund (Printed heading or definition supporting the source-reviewed qualifier.) | p2: Retirement Fund (Supersedes SR2159: the printed entity or table label is context, not a measurement basis; source labels retain its scope.)",RESOLVED,A+B+ADJUDICATOR,504abfe06fcde5e187ef74247e28f97eecec00313f5079c91e05fbdaea023159
945dfe1802254303bdd6,SRC058,2,PAIR_D46668D41417E38E0293314B,CONTEXT_CONFLICT,446,448,source_section|source_table|asset_class|currency_scale|evidence_quote,MERGE,"MERGE, one ruling applied to every paired row because the two lanes differ the same way on all of them and neither is complete. From B: source_section, which A left blank on all three pages although 'Real Estate Portfolio' is printed above the table on pages 1 and 2 and 'REITS' and 'Separate Accounts' above their own tables on page 3; source_table on pages 1 and 2, because A's 'UNTITLED_TABLE_1' is a placeholder the page never prints; and asset_class 'Real Estate', the printed grouping that governs every row. From A: source_column_label and metric_name 'Total Capital Contributed' and 'Total Capital Distributed', because the header wraps 'Total Capital' onto its own line above each of those two columns separately instead of spanning them, and page 3 prints 'Total Capital Distributed' on one line where both lanes agree; currency_scale, which A correctly leaves blank on irr and tvpi rows while B stamps '($ in millions)' onto a percentage and a multiple; and evidence_quote, because A cites the full printed partnership line while B cites the bare value, which proves only that those digits occur somewhere on the page. subject_type corrected to 'fund' on every partnership row: both lanes wrote 'investment', but the entity column is headed 'Partnership' and each row is a named vehicle the fund committed capital to, not a holding inside one.; Source review: p2: IRR (All report pages were reviewed; no fee-basis statement qualifies this IRR.)",RESOLVED,A+B+ADJUDICATOR,504abfe06fcde5e187ef74247e28f97eecec00313f5079c91e05fbdaea023159
b16c12651c7ec511f613,SRC058,2,PAIR_88909F4B4AEA397B47C5A01D,CONTEXT_CONFLICT,447,445,source_section|source_table|source_column_label|asset_class|metric_name|evidence_quote,MERGE,"MERGE, one ruling applied to every paired row because the two lanes differ the same way on all of them and neither is complete. From B: source_section, which A left blank on all three pages although 'Real Estate Portfolio' is printed above the table on pages 1 and 2 and 'REITS' and 'Separate Accounts' above their own tables on page 3; source_table on pages 1 and 2, because A's 'UNTITLED_TABLE_1' is a placeholder the page never prints; and asset_class 'Real Estate', the printed grouping that governs every row. From A: source_column_label and metric_name 'Total Capital Contributed' and 'Total Capital Distributed', because the header wraps 'Total Capital' onto its own line above each of those two columns separately instead of spanning them, and page 3 prints 'Total Capital Distributed' on one line where both lanes agree; currency_scale, which A correctly leaves blank on irr and tvpi rows while B stamps '($ in millions)' onto a percentage and a multiple; and evidence_quote, because A cites the full printed partnership line while B cites the bare value, which proves only that those digits occur somewhere on the page. subject_type corrected to 'fund' on every partnership row: both lanes wrote 'investment', but the entity column is headed 'Partnership' and each row is a named vehicle the fund committed capital to, not a holding inside one.",RESOLVED,A+B+ADJUDICATOR,504abfe06fcde5e187ef74247e28f97eecec00313f5079c91e05fbdaea023159
b345fd2c30960597d3b2,SRC058,2,PAIR_76120612A26B2042A31EB283,CONTEXT_CONFLICT,448,446,source_section|source_table|source_column_label|asset_class|metric_name|evidence_quote,MERGE,"MERGE, one ruling applied to every paired row because the two lanes differ the same way on all of them and neither is complete. From B: source_section, which A left blank on all three pages although 'Real Estate Portfolio' is printed above the table on pages 1 and 2 and 'REITS' and 'Separate Accounts' above their own tables on page 3; source_table on pages 1 and 2, because A's 'UNTITLED_TABLE_1' is a placeholder the page never prints; and asset_class 'Real Estate', the printed grouping that governs every row. From A: source_column_label and metric_name 'Total Capital Contributed' and 'Total Capital Distributed', because the header wraps 'Total Capital' onto its own line above each of those two columns separately instead of spanning them, and page 3 prints 'Total Capital Distributed' on one line where both lanes agree; currency_scale, which A correctly leaves blank on irr and tvpi rows while B stamps '($ in millions)' onto a percentage and a multiple; and evidence_quote, because A cites the full printed partnership line while B cites the bare value, which proves only that those digits occur somewhere on the page. subject_type corrected to 'fund' on every partnership row: both lanes wrote 'investment', but the entity column is headed 'Partnership' and each row is a named vehicle the fund committed capital to, not a holding inside one.",RESOLVED,A+B+ADJUDICATOR,504abfe06fcde5e187ef74247e28f97eecec00313f5079c91e05fbdaea023159
0555e07b77d7ad6f97de,SRC058,2,PAIR_E83657429A6116436B0B4D99,CONTEXT_CONFLICT,449,449,source_section|source_table|asset_class|currency_scale|evidence_quote,MERGE,"MERGE, one ruling applied to every paired row because the two lanes differ the same way on all of them and neither is complete. From B: source_section, which A left blank on all three pages although 'Real Estate Portfolio' is printed above the table on pages 1 and 2 and 'REITS' and 'Separate Accounts' above their own tables on page 3; source_table on pages 1 and 2, because A's 'UNTITLED_TABLE_1' is a placeholder the page never prints; and asset_class 'Real Estate', the printed grouping that governs every row. From A: source_column_label and metric_name 'Total Capital Contributed' and 'Total Capital Distributed', because the header wraps 'Total Capital' onto its own line above each of those two columns separately instead of spanning them, and page 3 prints 'Total Capital Distributed' on one line where both lanes agree; currency_scale, which A correctly leaves blank on irr and tvpi rows while B stamps '($ in millions)' onto a percentage and a multiple; and evidence_quote, because A cites the full printed partnership line while B cites the bare value, which proves only that those digits occur somewhere on the page. subject_type corrected to 'fund' on every partnership row: both lanes wrote 'investment', but the entity column is headed 'Partnership' and each row is a named vehicle the fund committed capital to, not a holding inside one.",RESOLVED,A+B+ADJUDICATOR,504abfe06fcde5e187ef74247e28f97eecec00313f5079c91e05fbdaea023159
d409a19958cc8296a30c,SRC058,2,PAIR_509629602C270B69855110DF,CONTEXT_CONFLICT,450,450,source_section|source_table|asset_class|evidence_quote,MERGE,"MERGE, one ruling applied to every paired row because the two lanes differ the same way on all of them and neither is complete. From B: source_section, which A left blank on all three pages although 'Real Estate Portfolio' is printed above the table on pages 1 and 2 and 'REITS' and 'Separate Accounts' above their own tables on page 3; source_table on pages 1 and 2, because A's 'UNTITLED_TABLE_1' is a placeholder the page never prints; and asset_class 'Real Estate', the printed grouping that governs every row. From A: source_column_label and metric_name 'Total Capital Contributed' and 'Total Capital Distributed', because the header wraps 'Total Capital' onto its own line above each of those two columns separately instead of spanning them, and page 3 prints 'Total Capital Distributed' on one line where both lanes agree; currency_scale, which A correctly leaves blank on irr and tvpi rows while B stamps '($ in millions)' onto a percentage and a multiple; and evidence_quote, because A cites the full printed partnership line while B cites the bare value, which proves only that those digits occur somewhere on the page. subject_type corrected to 'fund' on every partnership row: both lanes wrote 'investment', but the entity column is headed 'Partnership' and each row is a named vehicle the fund committed capital to, not a holding inside one.",RESOLVED,A+B+ADJUDICATOR,504abfe06fcde5e187ef74247e28f97eecec00313f5079c91e05fbdaea023159
2b62ba36ab237b4f9e45,SRC058,2,PAIR_2254A3108D720E17A526DFD3,CONTEXT_CONFLICT,451,453,source_section|source_table|asset_class|evidence_quote,MERGE,"MERGE, one ruling applied to every paired row because the two lanes differ the same way on all of them and neither is complete. From B: source_section, which A left blank on all three pages although 'Real Estate Portfolio' is printed above the table on pages 1 and 2 and 'REITS' and 'Separate Accounts' above their own tables on page 3; source_table on pages 1 and 2, because A's 'UNTITLED_TABLE_1' is a placeholder the page never prints; and asset_class 'Real Estate', the printed grouping that governs every row. From A: source_column_label and metric_name 'Total Capital Contributed' and 'Total Capital Distributed', because the header wraps 'Total Capital' onto its own line above each of those two columns separately instead of spanning them, and page 3 prints 'Total Capital Distributed' on one line where both lanes agree; currency_scale, which A correctly leaves blank on irr and tvpi rows while B stamps '($ in millions)' onto a percentage and a multiple; and evidence_quote, because A cites the full printed partnership line while B cites the bare value, which proves only that those digits occur somewhere on the page. subject_type corrected to 'fund' on every partnership row: both lanes wrote 'investment', but the entity column is headed 'Partnership' and each row is a named vehicle the fund committed capital to, not a holding inside one.; Source review: p2: Retirement Fund (The portfolio report distinguishes investor positions from its aggregate rows.) | p2: Retirement Fund (Printed heading or definition supporting the source-reviewed qualifier.) | p2: Retirement Fund (Supersedes SR2160: the printed entity or table label is context, not a measurement basis; source labels retain its scope.)",RESOLVED,A+B+ADJUDICATOR,504abfe06fcde5e187ef74247e28f97eecec00313f5079c91e05fbdaea023159
2ee4af6d6c9f0dd934ce,SRC058,2,PAIR_65971945EC082EC31381F27B,CONTEXT_CONFLICT,452,454,source_section|source_table|asset_class|currency_scale|evidence_quote,MERGE,"MERGE, one ruling applied to every paired row because the two lanes differ the same way on all of them and neither is complete. From B: source_section, which A left blank on all three pages although 'Real Estate Portfolio' is printed above the table on pages 1 and 2 and 'REITS' and 'Separate Accounts' above their own tables on page 3; source_table on pages 1 and 2, because A's 'UNTITLED_TABLE_1' is a placeholder the page never prints; and asset_class 'Real Estate', the printed grouping that governs every row. From A: source_column_label and metric_name 'Total Capital Contributed' and 'Total Capital Distributed', because the header wraps 'Total Capital' onto its own line above each of those two columns separately instead of spanning them, and page 3 prints 'Total Capital Distributed' on one line where both lanes agree; currency_scale, which A correctly leaves blank on irr and tvpi rows while B stamps '($ in millions)' onto a percentage and a multiple; and evidence_quote, because A cites the full printed partnership line while B cites the bare value, which proves only that those digits occur somewhere on the page. subject_type corrected to 'fund' on every partnership row: both lanes wrote 'investment', but the entity column is headed 'Partnership' and each row is a named vehicle the fund committed capital to, not a holding inside one.; Source review: p2: IRR (All report pages were reviewed; no fee-basis statement qualifies this IRR.)",RESOLVED,A+B+ADJUDICATOR,504abfe06fcde5e187ef74247e28f97eecec00313f5079c91e05fbdaea023159
5390d2caa92c9ded9094,SRC058,2,PAIR_9A179A9E54DBE6B3C6BB0630,CONTEXT_CONFLICT,453,451,source_section|source_table|source_column_label|asset_class|metric_name|evidence_quote,MERGE,"MERGE, one ruling applied to every paired row because the two lanes differ the same way on all of them and neither is complete. From B: source_section, which A left blank on all three pages although 'Real Estate Portfolio' is printed above the table on pages 1 and 2 and 'REITS' and 'Separate Accounts' above their own tables on page 3; source_table on pages 1 and 2, because A's 'UNTITLED_TABLE_1' is a placeholder the page never prints; and asset_class 'Real Estate', the printed grouping that governs every row. From A: source_column_label and metric_name 'Total Capital Contributed' and 'Total Capital Distributed', because the header wraps 'Total Capital' onto its own line above each of those two columns separately instead of spanning them, and page 3 prints 'Total Capital Distributed' on one line where both lanes agree; currency_scale, which A correctly leaves blank on irr and tvpi rows while B stamps '($ in millions)' onto a percentage and a multiple; and evidence_quote, because A cites the full printed partnership line while B cites the bare value, which proves only that those digits occur somewhere on the page. subject_type corrected to 'fund' on every partnership row: both lanes wrote 'investment', but the entity column is headed 'Partnership' and each row is a named vehicle the fund committed capital to, not a holding inside one.",RESOLVED,A+B+ADJUDICATOR,504abfe06fcde5e187ef74247e28f97eecec00313f5079c91e05fbdaea023159
118292744b5f58ffb3f1,SRC058,2,PAIR_9CDF2BC846E6E2C67BD448FA,CONTEXT_CONFLICT,454,452,source_section|source_table|source_column_label|asset_class|metric_name|evidence_quote,MERGE,"MERGE, one ruling applied to every paired row because the two lanes differ the same way on all of them and neither is complete. From B: source_section, which A left blank on all three pages although 'Real Estate Portfolio' is printed above the table on pages 1 and 2 and 'REITS' and 'Separate Accounts' above their own tables on page 3; source_table on pages 1 and 2, because A's 'UNTITLED_TABLE_1' is a placeholder the page never prints; and asset_class 'Real Estate', the printed grouping that governs every row. From A: source_column_label and metric_name 'Total Capital Contributed' and 'Total Capital Distributed', because the header wraps 'Total Capital' onto its own line above each of those two columns separately instead of spanning them, and page 3 prints 'Total Capital Distributed' on one line where both lanes agree; currency_scale, which A correctly leaves blank on irr and tvpi rows while B stamps '($ in millions)' onto a percentage and a multiple; and evidence_quote, because A cites the full printed partnership line while B cites the bare value, which proves only that those digits occur somewhere on the page. subject_type corrected to 'fund' on every partnership row: both lanes wrote 'investment', but the entity column is headed 'Partnership' and each row is a named vehicle the fund committed capital to, not a holding inside one.",RESOLVED,A+B+ADJUDICATOR,504abfe06fcde5e187ef74247e28f97eecec00313f5079c91e05fbdaea023159
13ca5acf8322af69afe7,SRC058,2,PAIR_89F0786034647448D634F04D,CONTEXT_CONFLICT,455,455,source_section|source_table|asset_class|currency_scale|evidence_quote,MERGE,"MERGE, one ruling applied to every paired row because the two lanes differ the same way on all of them and neither is complete. From B: source_section, which A left blank on all three pages although 'Real Estate Portfolio' is printed above the table on pages 1 and 2 and 'REITS' and 'Separate Accounts' above their own tables on page 3; source_table on pages 1 and 2, because A's 'UNTITLED_TABLE_1' is a placeholder the page never prints; and asset_class 'Real Estate', the printed grouping that governs every row. From A: source_column_label and metric_name 'Total Capital Contributed' and 'Total Capital Distributed', because the header wraps 'Total Capital' onto its own line above each of those two columns separately instead of spanning them, and page 3 prints 'Total Capital Distributed' on one line where both lanes agree; currency_scale, which A correctly leaves blank on irr and tvpi rows while B stamps '($ in millions)' onto a percentage and a multiple; and evidence_quote, because A cites the full printed partnership line while B cites the bare value, which proves only that those digits occur somewhere on the page. subject_type corrected to 'fund' on every partnership row: both lanes wrote 'investment', but the entity column is headed 'Partnership' and each row is a named vehicle the fund committed capital to, not a holding inside one.",RESOLVED,A+B+ADJUDICATOR,504abfe06fcde5e187ef74247e28f97eecec00313f5079c91e05fbdaea023159
8fc9eb96cc33524b72fb,SRC058,2,PAIR_08351A9312C908F47B805779,CONTEXT_CONFLICT,456,456,source_section|source_table|asset_class|evidence_quote,MERGE,"MERGE, one ruling applied to every paired row because the two lanes differ the same way on all of them and neither is complete. From B: source_section, which A left blank on all three pages although 'Real Estate Portfolio' is printed above the table on pages 1 and 2 and 'REITS' and 'Separate Accounts' above their own tables on page 3; source_table on pages 1 and 2, because A's 'UNTITLED_TABLE_1' is a placeholder the page never prints; and asset_class 'Real Estate', the printed grouping that governs every row. From A: source_column_label and metric_name 'Total Capital Contributed' and 'Total Capital Distributed', because the header wraps 'Total Capital' onto its own line above each of those two columns separately instead of spanning them, and page 3 prints 'Total Capital Distributed' on one line where both lanes agree; currency_scale, which A correctly leaves blank on irr and tvpi rows while B stamps '($ in millions)' onto a percentage and a multiple; and evidence_quote, because A cites the full printed partnership line while B cites the bare value, which proves only that those digits occur somewhere on the page. subject_type corrected to 'fund' on every partnership row: both lanes wrote 'investment', but the entity column is headed 'Partnership' and each row is a named vehicle the fund committed capital to, not a holding inside one.",RESOLVED,A+B+ADJUDICATOR,504abfe06fcde5e187ef74247e28f97eecec00313f5079c91e05fbdaea023159
844c3346776adc232547,SRC058,2,PAIR_6A1521C8DC7473985A9B2A9F,CONTEXT_CONFLICT,457,459,source_section|source_table|asset_class|evidence_quote,MERGE,"MERGE, one ruling applied to every paired row because the two lanes differ the same way on all of them and neither is complete. From B: source_section, which A left blank on all three pages although 'Real Estate Portfolio' is printed above the table on pages 1 and 2 and 'REITS' and 'Separate Accounts' above their own tables on page 3; source_table on pages 1 and 2, because A's 'UNTITLED_TABLE_1' is a placeholder the page never prints; and asset_class 'Real Estate', the printed grouping that governs every row. From A: source_column_label and metric_name 'Total Capital Contributed' and 'Total Capital Distributed', because the header wraps 'Total Capital' onto its own line above each of those two columns separately instead of spanning them, and page 3 prints 'Total Capital Distributed' on one line where both lanes agree; currency_scale, which A correctly leaves blank on irr and tvpi rows while B stamps '($ in millions)' onto a percentage and a multiple; and evidence_quote, because A cites the full printed partnership line while B cites the bare value, which proves only that those digits occur somewhere on the page. subject_type corrected to 'fund' on every partnership row: both lanes wrote 'investment', but the entity column is headed 'Partnership' and each row is a named vehicle the fund committed capital to, not a holding inside one.; Source review: p2: Retirement Fund (The portfolio report distinguishes investor positions from its aggregate rows.) | p2: Retirement Fund (Printed heading or definition supporting the source-reviewed qualifier.) | p2: Retirement Fund (Supersedes SR2161: the printed entity or table label is context, not a measurement basis; source labels retain its scope.)",RESOLVED,A+B+ADJUDICATOR,504abfe06fcde5e187ef74247e28f97eecec00313f5079c91e05fbdaea023159
f4531422c5343bf4d2cf,SRC058,2,PAIR_F16F23A9DDCAD600A052539B,CONTEXT_CONFLICT,458,460,source_section|source_table|asset_class|currency_scale|evidence_quote,MERGE,"MERGE, one ruling applied to every paired row because the two lanes differ the same way on all of them and neither is complete. From B: source_section, which A left blank on all three pages although 'Real Estate Portfolio' is printed above the table on pages 1 and 2 and 'REITS' and 'Separate Accounts' above their own tables on page 3; source_table on pages 1 and 2, because A's 'UNTITLED_TABLE_1' is a placeholder the page never prints; and asset_class 'Real Estate', the printed grouping that governs every row. From A: source_column_label and metric_name 'Total Capital Contributed' and 'Total Capital Distributed', because the header wraps 'Total Capital' onto its own line above each of those two columns separately instead of spanning them, and page 3 prints 'Total Capital Distributed' on one line where both lanes agree; currency_scale, which A correctly leaves blank on irr and tvpi rows while B stamps '($ in millions)' onto a percentage and a multiple; and evidence_quote, because A cites the full printed partnership line while B cites the bare value, which proves only that those digits occur somewhere on the page. subject_type corrected to 'fund' on every partnership row: both lanes wrote 'investment', but the entity column is headed 'Partnership' and each row is a named vehicle the fund committed capital to, not a holding inside one.; Source review: p2: IRR (All report pages were reviewed; no fee-basis statement qualifies this IRR.)",RESOLVED,A+B+ADJUDICATOR,504abfe06fcde5e187ef74247e28f97eecec00313f5079c91e05fbdaea023159
c8d1ce0c4283fd274131,SRC058,2,PAIR_035FD3E9180A073A17EDD5F8,CONTEXT_CONFLICT,459,457,source_section|source_table|source_column_label|asset_class|metric_name|evidence_quote,MERGE,"MERGE, one ruling applied to every paired row because the two lanes differ the same way on all of them and neither is complete. From B: source_section, which A left blank on all three pages although 'Real Estate Portfolio' is printed above the table on pages 1 and 2 and 'REITS' and 'Separate Accounts' above their own tables on page 3; source_table on pages 1 and 2, because A's 'UNTITLED_TABLE_1' is a placeholder the page never prints; and asset_class 'Real Estate', the printed grouping that governs every row. From A: source_column_label and metric_name 'Total Capital Contributed' and 'Total Capital Distributed', because the header wraps 'Total Capital' onto its own line above each of those two columns separately instead of spanning them, and page 3 prints 'Total Capital Distributed' on one line where both lanes agree; currency_scale, which A correctly leaves blank on irr and tvpi rows while B stamps '($ in millions)' onto a percentage and a multiple; and evidence_quote, because A cites the full printed partnership line while B cites the bare value, which proves only that those digits occur somewhere on the page. subject_type corrected to 'fund' on every partnership row: both lanes wrote 'investment', but the entity column is headed 'Partnership' and each row is a named vehicle the fund committed capital to, not a holding inside one.",RESOLVED,A+B+ADJUDICATOR,504abfe06fcde5e187ef74247e28f97eecec00313f5079c91e05fbdaea023159
42ce192d6838ac568b41,SRC058,2,PAIR_7034679DFB76693C05175E09,CONTEXT_CONFLICT,460,458,source_section|source_table|source_column_label|asset_class|metric_name|evidence_quote,MERGE,"MERGE, one ruling applied to every paired row because the two lanes differ the same way on all of them and neither is complete. From B: source_section, which A left blank on all three pages although 'Real Estate Portfolio' is printed above the table on pages 1 and 2 and 'REITS' and 'Separate Accounts' above their own tables on page 3; source_table on pages 1 and 2, because A's 'UNTITLED_TABLE_1' is a placeholder the page never prints; and asset_class 'Real Estate', the printed grouping that governs every row. From A: source_column_label and metric_name 'Total Capital Contributed' and 'Total Capital Distributed', because the header wraps 'Total Capital' onto its own line above each of those two columns separately instead of spanning them, and page 3 prints 'Total Capital Distributed' on one line where both lanes agree; currency_scale, which A correctly leaves blank on irr and tvpi rows while B stamps '($ in millions)' onto a percentage and a multiple; and evidence_quote, because A cites the full printed partnership line while B cites the bare value, which proves only that those digits occur somewhere on the page. subject_type corrected to 'fund' on every partnership row: both lanes wrote 'investment', but the entity column is headed 'Partnership' and each row is a named vehicle the fund committed capital to, not a holding inside one.",RESOLVED,A+B+ADJUDICATOR,504abfe06fcde5e187ef74247e28f97eecec00313f5079c91e05fbdaea023159
112b1eaf161079d629de,SRC058,2,PAIR_7D515A4E6BE3204D6BDD6949,CONTEXT_CONFLICT,461,461,source_section|source_table|asset_class|currency_scale|evidence_quote,MERGE,"MERGE, one ruling applied to every paired row because the two lanes differ the same way on all of them and neither is complete. From B: source_section, which A left blank on all three pages although 'Real Estate Portfolio' is printed above the table on pages 1 and 2 and 'REITS' and 'Separate Accounts' above their own tables on page 3; source_table on pages 1 and 2, because A's 'UNTITLED_TABLE_1' is a placeholder the page never prints; and asset_class 'Real Estate', the printed grouping that governs every row. From A: source_column_label and metric_name 'Total Capital Contributed' and 'Total Capital Distributed', because the header wraps 'Total Capital' onto its own line above each of those two columns separately instead of spanning them, and page 3 prints 'Total Capital Distributed' on one line where both lanes agree; currency_scale, which A correctly leaves blank on irr and tvpi rows while B stamps '($ in millions)' onto a percentage and a multiple; and evidence_quote, because A cites the full printed partnership line while B cites the bare value, which proves only that those digits occur somewhere on the page. subject_type corrected to 'fund' on every partnership row: both lanes wrote 'investment', but the entity column is headed 'Partnership' and each row is a named vehicle the fund committed capital to, not a holding inside one.",RESOLVED,A+B+ADJUDICATOR,504abfe06fcde5e187ef74247e28f97eecec00313f5079c91e05fbdaea023159
fd5b0c3f26254cae726e,SRC058,2,PAIR_FB18D1E3A50E023709649611,CONTEXT_CONFLICT,462,462,source_section|source_table|asset_class|evidence_quote,MERGE,"MERGE, one ruling applied to every paired row because the two lanes differ the same way on all of them and neither is complete. From B: source_section, which A left blank on all three pages although 'Real Estate Portfolio' is printed above the table on pages 1 and 2 and 'REITS' and 'Separate Accounts' above their own tables on page 3; source_table on pages 1 and 2, because A's 'UNTITLED_TABLE_1' is a placeholder the page never prints; and asset_class 'Real Estate', the printed grouping that governs every row. From A: source_column_label and metric_name 'Total Capital Contributed' and 'Total Capital Distributed', because the header wraps 'Total Capital' onto its own line above each of those two columns separately instead of spanning them, and page 3 prints 'Total Capital Distributed' on one line where both lanes agree; currency_scale, which A correctly leaves blank on irr and tvpi rows while B stamps '($ in millions)' onto a percentage and a multiple; and evidence_quote, because A cites the full printed partnership line while B cites the bare value, which proves only that those digits occur somewhere on the page. subject_type corrected to 'fund' on every partnership row: both lanes wrote 'investment', but the entity column is headed 'Partnership' and each row is a named vehicle the fund committed capital to, not a holding inside one.",RESOLVED,A+B+ADJUDICATOR,504abfe06fcde5e187ef74247e28f97eecec00313f5079c91e05fbdaea023159
095d1e0a9abc01d698b8,SRC058,2,PAIR_5F51A02C3D814ADCDE0D7262,CONTEXT_CONFLICT,463,465,source_section|source_table|asset_class|evidence_quote,MERGE,"MERGE, one ruling applied to every paired row because the two lanes differ the same way on all of them and neither is complete. From B: source_section, which A left blank on all three pages although 'Real Estate Portfolio' is printed above the table on pages 1 and 2 and 'REITS' and 'Separate Accounts' above their own tables on page 3; source_table on pages 1 and 2, because A's 'UNTITLED_TABLE_1' is a placeholder the page never prints; and asset_class 'Real Estate', the printed grouping that governs every row. From A: source_column_label and metric_name 'Total Capital Contributed' and 'Total Capital Distributed', because the header wraps 'Total Capital' onto its own line above each of those two columns separately instead of spanning them, and page 3 prints 'Total Capital Distributed' on one line where both lanes agree; currency_scale, which A correctly leaves blank on irr and tvpi rows while B stamps '($ in millions)' onto a percentage and a multiple; and evidence_quote, because A cites the full printed partnership line while B cites the bare value, which proves only that those digits occur somewhere on the page. subject_type corrected to 'fund' on every partnership row: both lanes wrote 'investment', but the entity column is headed 'Partnership' and each row is a named vehicle the fund committed capital to, not a holding inside one.; Source review: p2: Retirement Fund (The portfolio report distinguishes investor positions from its aggregate rows.) | p2: Retirement Fund (Printed heading or definition supporting the source-reviewed qualifier.) | p2: Retirement Fund (Supersedes SR2162: the printed entity or table label is context, not a measurement basis; source labels retain its scope.)",RESOLVED,A+B+ADJUDICATOR,504abfe06fcde5e187ef74247e28f97eecec00313f5079c91e05fbdaea023159
7d01b5ee756e9a924f9e,SRC058,2,PAIR_BBB48A8B4098AB27690082CC,CONTEXT_CONFLICT,464,466,source_section|source_table|asset_class|currency_scale|evidence_quote,MERGE,"MERGE, one ruling applied to every paired row because the two lanes differ the same way on all of them and neither is complete. From B: source_section, which A left blank on all three pages although 'Real Estate Portfolio' is printed above the table on pages 1 and 2 and 'REITS' and 'Separate Accounts' above their own tables on page 3; source_table on pages 1 and 2, because A's 'UNTITLED_TABLE_1' is a placeholder the page never prints; and asset_class 'Real Estate', the printed grouping that governs every row. From A: source_column_label and metric_name 'Total Capital Contributed' and 'Total Capital Distributed', because the header wraps 'Total Capital' onto its own line above each of those two columns separately instead of spanning them, and page 3 prints 'Total Capital Distributed' on one line where both lanes agree; currency_scale, which A correctly leaves blank on irr and tvpi rows while B stamps '($ in millions)' onto a percentage and a multiple; and evidence_quote, because A cites the full printed partnership line while B cites the bare value, which proves only that those digits occur somewhere on the page. subject_type corrected to 'fund' on every partnership row: both lanes wrote 'investment', but the entity column is headed 'Partnership' and each row is a named vehicle the fund committed capital to, not a holding inside one.; Source review: p2: IRR (All report pages were reviewed; no fee-basis statement qualifies this IRR.)",RESOLVED,A+B+ADJUDICATOR,504abfe06fcde5e187ef74247e28f97eecec00313f5079c91e05fbdaea023159
9c9c91f864875f0016cc,SRC058,2,PAIR_B76D8EF25D20BA6800870D67,CONTEXT_CONFLICT,465,463,source_section|source_table|source_column_label|asset_class|metric_name|evidence_quote,MERGE,"MERGE, one ruling applied to every paired row because the two lanes differ the same way on all of them and neither is complete. From B: source_section, which A left blank on all three pages although 'Real Estate Portfolio' is printed above the table on pages 1 and 2 and 'REITS' and 'Separate Accounts' above their own tables on page 3; source_table on pages 1 and 2, because A's 'UNTITLED_TABLE_1' is a placeholder the page never prints; and asset_class 'Real Estate', the printed grouping that governs every row. From A: source_column_label and metric_name 'Total Capital Contributed' and 'Total Capital Distributed', because the header wraps 'Total Capital' onto its own line above each of those two columns separately instead of spanning them, and page 3 prints 'Total Capital Distributed' on one line where both lanes agree; currency_scale, which A correctly leaves blank on irr and tvpi rows while B stamps '($ in millions)' onto a percentage and a multiple; and evidence_quote, because A cites the full printed partnership line while B cites the bare value, which proves only that those digits occur somewhere on the page. subject_type corrected to 'fund' on every partnership row: both lanes wrote 'investment', but the entity column is headed 'Partnership' and each row is a named vehicle the fund committed capital to, not a holding inside one.",RESOLVED,A+B+ADJUDICATOR,504abfe06fcde5e187ef74247e28f97eecec00313f5079c91e05fbdaea023159
ccb8a21d6a5272197448,SRC058,2,PAIR_516A31BA5890EDEE44EF395B,CONTEXT_CONFLICT,466,464,source_section|source_table|source_column_label|asset_class|metric_name|evidence_quote,MERGE,"MERGE, one ruling applied to every paired row because the two lanes differ the same way on all of them and neither is complete. From B: source_section, which A left blank on all three pages although 'Real Estate Portfolio' is printed above the table on pages 1 and 2 and 'REITS' and 'Separate Accounts' above their own tables on page 3; source_table on pages 1 and 2, because A's 'UNTITLED_TABLE_1' is a placeholder the page never prints; and asset_class 'Real Estate', the printed grouping that governs every row. From A: source_column_label and metric_name 'Total Capital Contributed' and 'Total Capital Distributed', because the header wraps 'Total Capital' onto its own line above each of those two columns separately instead of spanning them, and page 3 prints 'Total Capital Distributed' on one line where both lanes agree; currency_scale, which A correctly leaves blank on irr and tvpi rows while B stamps '($ in millions)' onto a percentage and a multiple; and evidence_quote, because A cites the full printed partnership line while B cites the bare value, which proves only that those digits occur somewhere on the page. subject_type corrected to 'fund' on every partnership row: both lanes wrote 'investment', but the entity column is headed 'Partnership' and each row is a named vehicle the fund committed capital to, not a holding inside one.",RESOLVED,A+B+ADJUDICATOR,504abfe06fcde5e187ef74247e28f97eecec00313f5079c91e05fbdaea023159
6bdc01c76186b58e2155,SRC058,2,PAIR_6DBC97354D1DD30D38E5EB4F,CONTEXT_CONFLICT,467,467,source_section|source_table|asset_class|currency_scale|evidence_quote,MERGE,"MERGE, one ruling applied to every paired row because the two lanes differ the same way on all of them and neither is complete. From B: source_section, which A left blank on all three pages although 'Real Estate Portfolio' is printed above the table on pages 1 and 2 and 'REITS' and 'Separate Accounts' above their own tables on page 3; source_table on pages 1 and 2, because A's 'UNTITLED_TABLE_1' is a placeholder the page never prints; and asset_class 'Real Estate', the printed grouping that governs every row. From A: source_column_label and metric_name 'Total Capital Contributed' and 'Total Capital Distributed', because the header wraps 'Total Capital' onto its own line above each of those two columns separately instead of spanning them, and page 3 prints 'Total Capital Distributed' on one line where both lanes agree; currency_scale, which A correctly leaves blank on irr and tvpi rows while B stamps '($ in millions)' onto a percentage and a multiple; and evidence_quote, because A cites the full printed partnership line while B cites the bare value, which proves only that those digits occur somewhere on the page. subject_type corrected to 'fund' on every partnership row: both lanes wrote 'investment', but the entity column is headed 'Partnership' and each row is a named vehicle the fund committed capital to, not a holding inside one.",RESOLVED,A+B+ADJUDICATOR,504abfe06fcde5e187ef74247e28f97eecec00313f5079c91e05fbdaea023159
7d73281af67f7856e9ca,SRC058,2,PAIR_EE2306CDC835B1D442933EC6,CONTEXT_CONFLICT,468,468,source_section|source_table|asset_class|evidence_quote,MERGE,"MERGE, one ruling applied to every paired row because the two lanes differ the same way on all of them and neither is complete. From B: source_section, which A left blank on all three pages although 'Real Estate Portfolio' is printed above the table on pages 1 and 2 and 'REITS' and 'Separate Accounts' above their own tables on page 3; source_table on pages 1 and 2, because A's 'UNTITLED_TABLE_1' is a placeholder the page never prints; and asset_class 'Real Estate', the printed grouping that governs every row. From A: source_column_label and metric_name 'Total Capital Contributed' and 'Total Capital Distributed', because the header wraps 'Total Capital' onto its own line above each of those two columns separately instead of spanning them, and page 3 prints 'Total Capital Distributed' on one line where both lanes agree; currency_scale, which A correctly leaves blank on irr and tvpi rows while B stamps '($ in millions)' onto a percentage and a multiple; and evidence_quote, because A cites the full printed partnership line while B cites the bare value, which proves only that those digits occur somewhere on the page. subject_type corrected to 'fund' on every partnership row: both lanes wrote 'investment', but the entity column is headed 'Partnership' and each row is a named vehicle the fund committed capital to, not a holding inside one.",RESOLVED,A+B+ADJUDICATOR,504abfe06fcde5e187ef74247e28f97eecec00313f5079c91e05fbdaea023159
5ee8b5aa84d9f46ef219,SRC058,2,PAIR_C6F051AA74840C915EE65499,CONTEXT_CONFLICT,469,471,source_section|source_table|asset_class|evidence_quote,MERGE,"MERGE, one ruling applied to every paired row because the two lanes differ the same way on all of them and neither is complete. From B: source_section, which A left blank on all three pages although 'Real Estate Portfolio' is printed above the table on pages 1 and 2 and 'REITS' and 'Separate Accounts' above their own tables on page 3; source_table on pages 1 and 2, because A's 'UNTITLED_TABLE_1' is a placeholder the page never prints; and asset_class 'Real Estate', the printed grouping that governs every row. From A: source_column_label and metric_name 'Total Capital Contributed' and 'Total Capital Distributed', because the header wraps 'Total Capital' onto its own line above each of those two columns separately instead of spanning them, and page 3 prints 'Total Capital Distributed' on one line where both lanes agree; currency_scale, which A correctly leaves blank on irr and tvpi rows while B stamps '($ in millions)' onto a percentage and a multiple; and evidence_quote, because A cites the full printed partnership line while B cites the bare value, which proves only that those digits occur somewhere on the page. subject_type corrected to 'fund' on every partnership row: both lanes wrote 'investment', but the entity column is headed 'Partnership' and each row is a named vehicle the fund committed capital to, not a holding inside one.; Source review: p2: Retirement Fund (The portfolio report distinguishes investor positions from its aggregate rows.) | p2: Retirement Fund (Printed heading or definition supporting the source-reviewed qualifier.) | p2: Retirement Fund (Supersedes SR2163: the printed entity or table label is context, not a measurement basis; source labels retain its scope.)",RESOLVED,A+B+ADJUDICATOR,504abfe06fcde5e187ef74247e28f97eecec00313f5079c91e05fbdaea023159
8858bdf198dc60f449b2,SRC058,2,PAIR_88A17F36C20EC8C468B4911E,CONTEXT_CONFLICT,470,472,source_section|source_table|asset_class|currency_scale|evidence_quote,MERGE,"MERGE, one ruling applied to every paired row because the two lanes differ the same way on all of them and neither is complete. From B: source_section, which A left blank on all three pages although 'Real Estate Portfolio' is printed above the table on pages 1 and 2 and 'REITS' and 'Separate Accounts' above their own tables on page 3; source_table on pages 1 and 2, because A's 'UNTITLED_TABLE_1' is a placeholder the page never prints; and asset_class 'Real Estate', the printed grouping that governs every row. From A: source_column_label and metric_name 'Total Capital Contributed' and 'Total Capital Distributed', because the header wraps 'Total Capital' onto its own line above each of those two columns separately instead of spanning them, and page 3 prints 'Total Capital Distributed' on one line where both lanes agree; currency_scale, which A correctly leaves blank on irr and tvpi rows while B stamps '($ in millions)' onto a percentage and a multiple; and evidence_quote, because A cites the full printed partnership line while B cites the bare value, which proves only that those digits occur somewhere on the page. subject_type corrected to 'fund' on every partnership row: both lanes wrote 'investment', but the entity column is headed 'Partnership' and each row is a named vehicle the fund committed capital to, not a holding inside one.; Source review: p2: IRR (All report pages were reviewed; no fee-basis statement qualifies this IRR.)",RESOLVED,A+B+ADJUDICATOR,504abfe06fcde5e187ef74247e28f97eecec00313f5079c91e05fbdaea023159
382a386498085a15c381,SRC058,2,PAIR_34F0F02131084A003CF275B6,CONTEXT_CONFLICT,471,469,source_section|source_table|source_column_label|asset_class|metric_name|evidence_quote,MERGE,"MERGE, one ruling applied to every paired row because the two lanes differ the same way on all of them and neither is complete. From B: source_section, which A left blank on all three pages although 'Real Estate Portfolio' is printed above the table on pages 1 and 2 and 'REITS' and 'Separate Accounts' above their own tables on page 3; source_table on pages 1 and 2, because A's 'UNTITLED_TABLE_1' is a placeholder the page never prints; and asset_class 'Real Estate', the printed grouping that governs every row. From A: source_column_label and metric_name 'Total Capital Contributed' and 'Total Capital Distributed', because the header wraps 'Total Capital' onto its own line above each of those two columns separately instead of spanning them, and page 3 prints 'Total Capital Distributed' on one line where both lanes agree; currency_scale, which A correctly leaves blank on irr and tvpi rows while B stamps '($ in millions)' onto a percentage and a multiple; and evidence_quote, because A cites the full printed partnership line while B cites the bare value, which proves only that those digits occur somewhere on the page. subject_type corrected to 'fund' on every partnership row: both lanes wrote 'investment', but the entity column is headed 'Partnership' and each row is a named vehicle the fund committed capital to, not a holding inside one.",RESOLVED,A+B+ADJUDICATOR,504abfe06fcde5e187ef74247e28f97eecec00313f5079c91e05fbdaea023159
cc8293aa570e333483b9,SRC058,2,PAIR_AB477BFEFA80BAE954620AC8,CONTEXT_CONFLICT,472,470,source_section|source_table|source_column_label|asset_class|metric_name|evidence_quote,MERGE,"MERGE, one ruling applied to every paired row because the two lanes differ the same way on all of them and neither is complete. From B: source_section, which A left blank on all three pages although 'Real Estate Portfolio' is printed above the table on pages 1 and 2 and 'REITS' and 'Separate Accounts' above their own tables on page 3; source_table on pages 1 and 2, because A's 'UNTITLED_TABLE_1' is a placeholder the page never prints; and asset_class 'Real Estate', the printed grouping that governs every row. From A: source_column_label and metric_name 'Total Capital Contributed' and 'Total Capital Distributed', because the header wraps 'Total Capital' onto its own line above each of those two columns separately instead of spanning them, and page 3 prints 'Total Capital Distributed' on one line where both lanes agree; currency_scale, which A correctly leaves blank on irr and tvpi rows while B stamps '($ in millions)' onto a percentage and a multiple; and evidence_quote, because A cites the full printed partnership line while B cites the bare value, which proves only that those digits occur somewhere on the page. subject_type corrected to 'fund' on every partnership row: both lanes wrote 'investment', but the entity column is headed 'Partnership' and each row is a named vehicle the fund committed capital to, not a holding inside one.",RESOLVED,A+B+ADJUDICATOR,504abfe06fcde5e187ef74247e28f97eecec00313f5079c91e05fbdaea023159
52d2003ecbbea92e6ccb,SRC058,2,PAIR_05C6FA0FF893022AC41D51CD,CONTEXT_CONFLICT,473,473,source_section|source_table|asset_class|currency_scale|evidence_quote,MERGE,"MERGE, one ruling applied to every paired row because the two lanes differ the same way on all of them and neither is complete. From B: source_section, which A left blank on all three pages although 'Real Estate Portfolio' is printed above the table on pages 1 and 2 and 'REITS' and 'Separate Accounts' above their own tables on page 3; source_table on pages 1 and 2, because A's 'UNTITLED_TABLE_1' is a placeholder the page never prints; and asset_class 'Real Estate', the printed grouping that governs every row. From A: source_column_label and metric_name 'Total Capital Contributed' and 'Total Capital Distributed', because the header wraps 'Total Capital' onto its own line above each of those two columns separately instead of spanning them, and page 3 prints 'Total Capital Distributed' on one line where both lanes agree; currency_scale, which A correctly leaves blank on irr and tvpi rows while B stamps '($ in millions)' onto a percentage and a multiple; and evidence_quote, because A cites the full printed partnership line while B cites the bare value, which proves only that those digits occur somewhere on the page. subject_type corrected to 'fund' on every partnership row: both lanes wrote 'investment', but the entity column is headed 'Partnership' and each row is a named vehicle the fund committed capital to, not a holding inside one.",RESOLVED,A+B+ADJUDICATOR,504abfe06fcde5e187ef74247e28f97eecec00313f5079c91e05fbdaea023159
d03e1adbd7d2c2232090,SRC058,2,PAIR_0EBB054A66D9BDE56910FBA2,CONTEXT_CONFLICT,474,474,source_section|source_table|asset_class|evidence_quote,MERGE,"MERGE, one ruling applied to every paired row because the two lanes differ the same way on all of them and neither is complete. From B: source_section, which A left blank on all three pages although 'Real Estate Portfolio' is printed above the table on pages 1 and 2 and 'REITS' and 'Separate Accounts' above their own tables on page 3; source_table on pages 1 and 2, because A's 'UNTITLED_TABLE_1' is a placeholder the page never prints; and asset_class 'Real Estate', the printed grouping that governs every row. From A: source_column_label and metric_name 'Total Capital Contributed' and 'Total Capital Distributed', because the header wraps 'Total Capital' onto its own line above each of those two columns separately instead of spanning them, and page 3 prints 'Total Capital Distributed' on one line where both lanes agree; currency_scale, which A correctly leaves blank on irr and tvpi rows while B stamps '($ in millions)' onto a percentage and a multiple; and evidence_quote, because A cites the full printed partnership line while B cites the bare value, which proves only that those digits occur somewhere on the page. subject_type corrected to 'fund' on every partnership row: both lanes wrote 'investment', but the entity column is headed 'Partnership' and each row is a named vehicle the fund committed capital to, not a holding inside one.",RESOLVED,A+B+ADJUDICATOR,504abfe06fcde5e187ef74247e28f97eecec00313f5079c91e05fbdaea023159
0256295ced1e98c25276,SRC058,2,PAIR_FFFEDEE797BA148AEC36E2D6,CONTEXT_CONFLICT,475,477,source_section|source_table|asset_class|evidence_quote,MERGE,"MERGE, one ruling applied to every paired row because the two lanes differ the same way on all of them and neither is complete. From B: source_section, which A left blank on all three pages although 'Real Estate Portfolio' is printed above the table on pages 1 and 2 and 'REITS' and 'Separate Accounts' above their own tables on page 3; source_table on pages 1 and 2, because A's 'UNTITLED_TABLE_1' is a placeholder the page never prints; and asset_class 'Real Estate', the printed grouping that governs every row. From A: source_column_label and metric_name 'Total Capital Contributed' and 'Total Capital Distributed', because the header wraps 'Total Capital' onto its own line above each of those two columns separately instead of spanning them, and page 3 prints 'Total Capital Distributed' on one line where both lanes agree; currency_scale, which A correctly leaves blank on irr and tvpi rows while B stamps '($ in millions)' onto a percentage and a multiple; and evidence_quote, because A cites the full printed partnership line while B cites the bare value, which proves only that those digits occur somewhere on the page. subject_type corrected to 'fund' on every partnership row: both lanes wrote 'investment', but the entity column is headed 'Partnership' and each row is a named vehicle the fund committed capital to, not a holding inside one.; Source review: p2: Retirement Fund (The portfolio report distinguishes investor positions from its aggregate rows.) | p2: Retirement Fund (Printed heading or definition supporting the source-reviewed qualifier.) | p2: Retirement Fund (Supersedes SR2164: the printed entity or table label is context, not a measurement basis; source labels retain its scope.)",RESOLVED,A+B+ADJUDICATOR,504abfe06fcde5e187ef74247e28f97eecec00313f5079c91e05fbdaea023159
5a4822150cbb212d97c0,SRC058,2,PAIR_890CFF278E55246759C30AB6,CONTEXT_CONFLICT,476,478,source_section|source_table|asset_class|currency_scale|evidence_quote,MERGE,"MERGE, one ruling applied to every paired row because the two lanes differ the same way on all of them and neither is complete. From B: source_section, which A left blank on all three pages although 'Real Estate Portfolio' is printed above the table on pages 1 and 2 and 'REITS' and 'Separate Accounts' above their own tables on page 3; source_table on pages 1 and 2, because A's 'UNTITLED_TABLE_1' is a placeholder the page never prints; and asset_class 'Real Estate', the printed grouping that governs every row. From A: source_column_label and metric_name 'Total Capital Contributed' and 'Total Capital Distributed', because the header wraps 'Total Capital' onto its own line above each of those two columns separately instead of spanning them, and page 3 prints 'Total Capital Distributed' on one line where both lanes agree; currency_scale, which A correctly leaves blank on irr and tvpi rows while B stamps '($ in millions)' onto a percentage and a multiple; and evidence_quote, because A cites the full printed partnership line while B cites the bare value, which proves only that those digits occur somewhere on the page. subject_type corrected to 'fund' on every partnership row: both lanes wrote 'investment', but the entity column is headed 'Partnership' and each row is a named vehicle the fund committed capital to, not a holding inside one.; Source review: p2: IRR (All report pages were reviewed; no fee-basis statement qualifies this IRR.)",RESOLVED,A+B+ADJUDICATOR,504abfe06fcde5e187ef74247e28f97eecec00313f5079c91e05fbdaea023159
43ad91a9887f6dc2a566,SRC058,2,PAIR_D00689EF3AD507B7C05514A1,CONTEXT_CONFLICT,477,475,source_section|source_table|source_column_label|asset_class|metric_name|evidence_quote,MERGE,"MERGE, one ruling applied to every paired row because the two lanes differ the same way on all of them and neither is complete. From B: source_section, which A left blank on all three pages although 'Real Estate Portfolio' is printed above the table on pages 1 and 2 and 'REITS' and 'Separate Accounts' above their own tables on page 3; source_table on pages 1 and 2, because A's 'UNTITLED_TABLE_1' is a placeholder the page never prints; and asset_class 'Real Estate', the printed grouping that governs every row. From A: source_column_label and metric_name 'Total Capital Contributed' and 'Total Capital Distributed', because the header wraps 'Total Capital' onto its own line above each of those two columns separately instead of spanning them, and page 3 prints 'Total Capital Distributed' on one line where both lanes agree; currency_scale, which A correctly leaves blank on irr and tvpi rows while B stamps '($ in millions)' onto a percentage and a multiple; and evidence_quote, because A cites the full printed partnership line while B cites the bare value, which proves only that those digits occur somewhere on the page. subject_type corrected to 'fund' on every partnership row: both lanes wrote 'investment', but the entity column is headed 'Partnership' and each row is a named vehicle the fund committed capital to, not a holding inside one.",RESOLVED,A+B+ADJUDICATOR,504abfe06fcde5e187ef74247e28f97eecec00313f5079c91e05fbdaea023159
625e397bec0ade83b107,SRC058,2,PAIR_745F9EE160534709D44682C2,CONTEXT_CONFLICT,478,476,source_section|source_table|source_column_label|asset_class|metric_name|evidence_quote,MERGE,"MERGE, one ruling applied to every paired row because the two lanes differ the same way on all of them and neither is complete. From B: source_section, which A left blank on all three pages although 'Real Estate Portfolio' is printed above the table on pages 1 and 2 and 'REITS' and 'Separate Accounts' above their own tables on page 3; source_table on pages 1 and 2, because A's 'UNTITLED_TABLE_1' is a placeholder the page never prints; and asset_class 'Real Estate', the printed grouping that governs every row. From A: source_column_label and metric_name 'Total Capital Contributed' and 'Total Capital Distributed', because the header wraps 'Total Capital' onto its own line above each of those two columns separately instead of spanning them, and page 3 prints 'Total Capital Distributed' on one line where both lanes agree; currency_scale, which A correctly leaves blank on irr and tvpi rows while B stamps '($ in millions)' onto a percentage and a multiple; and evidence_quote, because A cites the full printed partnership line while B cites the bare value, which proves only that those digits occur somewhere on the page. subject_type corrected to 'fund' on every partnership row: both lanes wrote 'investment', but the entity column is headed 'Partnership' and each row is a named vehicle the fund committed capital to, not a holding inside one.",RESOLVED,A+B+ADJUDICATOR,504abfe06fcde5e187ef74247e28f97eecec00313f5079c91e05fbdaea023159
4f4c951412b5604e859d,SRC058,2,PAIR_7D16BCDC3364DF428F527F17,CONTEXT_CONFLICT,479,479,source_section|source_table|asset_class|currency_scale|evidence_quote,MERGE,"MERGE, one ruling applied to every paired row because the two lanes differ the same way on all of them and neither is complete. From B: source_section, which A left blank on all three pages although 'Real Estate Portfolio' is printed above the table on pages 1 and 2 and 'REITS' and 'Separate Accounts' above their own tables on page 3; source_table on pages 1 and 2, because A's 'UNTITLED_TABLE_1' is a placeholder the page never prints; and asset_class 'Real Estate', the printed grouping that governs every row. From A: source_column_label and metric_name 'Total Capital Contributed' and 'Total Capital Distributed', because the header wraps 'Total Capital' onto its own line above each of those two columns separately instead of spanning them, and page 3 prints 'Total Capital Distributed' on one line where both lanes agree; currency_scale, which A correctly leaves blank on irr and tvpi rows while B stamps '($ in millions)' onto a percentage and a multiple; and evidence_quote, because A cites the full printed partnership line while B cites the bare value, which proves only that those digits occur somewhere on the page. subject_type corrected to 'fund' on every partnership row: both lanes wrote 'investment', but the entity column is headed 'Partnership' and each row is a named vehicle the fund committed capital to, not a holding inside one.",RESOLVED,A+B+ADJUDICATOR,504abfe06fcde5e187ef74247e28f97eecec00313f5079c91e05fbdaea023159
93247795bbbbef482808,SRC058,2,PAIR_C343B6642D84B042822C0BD8,CONTEXT_CONFLICT,480,480,source_section|source_table|asset_class|evidence_quote,MERGE,"MERGE, one ruling applied to every paired row because the two lanes differ the same way on all of them and neither is complete. From B: source_section, which A left blank on all three pages although 'Real Estate Portfolio' is printed above the table on pages 1 and 2 and 'REITS' and 'Separate Accounts' above their own tables on page 3; source_table on pages 1 and 2, because A's 'UNTITLED_TABLE_1' is a placeholder the page never prints; and asset_class 'Real Estate', the printed grouping that governs every row. From A: source_column_label and metric_name 'Total Capital Contributed' and 'Total Capital Distributed', because the header wraps 'Total Capital' onto its own line above each of those two columns separately instead of spanning them, and page 3 prints 'Total Capital Distributed' on one line where both lanes agree; currency_scale, which A correctly leaves blank on irr and tvpi rows while B stamps '($ in millions)' onto a percentage and a multiple; and evidence_quote, because A cites the full printed partnership line while B cites the bare value, which proves only that those digits occur somewhere on the page. subject_type corrected to 'fund' on every partnership row: both lanes wrote 'investment', but the entity column is headed 'Partnership' and each row is a named vehicle the fund committed capital to, not a holding inside one.",RESOLVED,A+B+ADJUDICATOR,504abfe06fcde5e187ef74247e28f97eecec00313f5079c91e05fbdaea023159
f38287b29f1a6f47e09c,SRC058,2,PAIR_2E5F96DED5ADFC7D7A908D4D,CONTEXT_CONFLICT,481,483,source_section|source_table|asset_class|evidence_quote,MERGE,"MERGE, one ruling applied to every paired row because the two lanes differ the same way on all of them and neither is complete. From B: source_section, which A left blank on all three pages although 'Real Estate Portfolio' is printed above the table on pages 1 and 2 and 'REITS' and 'Separate Accounts' above their own tables on page 3; source_table on pages 1 and 2, because A's 'UNTITLED_TABLE_1' is a placeholder the page never prints; and asset_class 'Real Estate', the printed grouping that governs every row. From A: source_column_label and metric_name 'Total Capital Contributed' and 'Total Capital Distributed', because the header wraps 'Total Capital' onto its own line above each of those two columns separately instead of spanning them, and page 3 prints 'Total Capital Distributed' on one line where both lanes agree; currency_scale, which A correctly leaves blank on irr and tvpi rows while B stamps '($ in millions)' onto a percentage and a multiple; and evidence_quote, because A cites the full printed partnership line while B cites the bare value, which proves only that those digits occur somewhere on the page. subject_type corrected to 'fund' on every partnership row: both lanes wrote 'investment', but the entity column is headed 'Partnership' and each row is a named vehicle the fund committed capital to, not a holding inside one.; Source review: p2: Retirement Fund (The portfolio report distinguishes investor positions from its aggregate rows.) | p2: Retirement Fund (Printed heading or definition supporting the source-reviewed qualifier.) | p2: Retirement Fund (Supersedes SR2165: the printed entity or table label is context, not a measurement basis; source labels retain its scope.)",RESOLVED,A+B+ADJUDICATOR,504abfe06fcde5e187ef74247e28f97eecec00313f5079c91e05fbdaea023159
7ff65936bf6656147383,SRC058,2,PAIR_6ACFC298568A5F6AFA7F349D,CONTEXT_CONFLICT,482,484,source_section|source_table|asset_class|currency_scale|evidence_quote,MERGE,"MERGE, one ruling applied to every paired row because the two lanes differ the same way on all of them and neither is complete. From B: source_section, which A left blank on all three pages although 'Real Estate Portfolio' is printed above the table on pages 1 and 2 and 'REITS' and 'Separate Accounts' above their own tables on page 3; source_table on pages 1 and 2, because A's 'UNTITLED_TABLE_1' is a placeholder the page never prints; and asset_class 'Real Estate', the printed grouping that governs every row. From A: source_column_label and metric_name 'Total Capital Contributed' and 'Total Capital Distributed', because the header wraps 'Total Capital' onto its own line above each of those two columns separately instead of spanning them, and page 3 prints 'Total Capital Distributed' on one line where both lanes agree; currency_scale, which A correctly leaves blank on irr and tvpi rows while B stamps '($ in millions)' onto a percentage and a multiple; and evidence_quote, because A cites the full printed partnership line while B cites the bare value, which proves only that those digits occur somewhere on the page. subject_type corrected to 'fund' on every partnership row: both lanes wrote 'investment', but the entity column is headed 'Partnership' and each row is a named vehicle the fund committed capital to, not a holding inside one.; Source review: p2: IRR (All report pages were reviewed; no fee-basis statement qualifies this IRR.)",RESOLVED,A+B+ADJUDICATOR,504abfe06fcde5e187ef74247e28f97eecec00313f5079c91e05fbdaea023159
b5fef2f15af891d3557e,SRC058,2,PAIR_EE2C8B954B3D8386AD3E1B0F,CONTEXT_CONFLICT,483,481,source_section|source_table|source_column_label|asset_class|metric_name|evidence_quote,MERGE,"MERGE, one ruling applied to every paired row because the two lanes differ the same way on all of them and neither is complete. From B: source_section, which A left blank on all three pages although 'Real Estate Portfolio' is printed above the table on pages 1 and 2 and 'REITS' and 'Separate Accounts' above their own tables on page 3; source_table on pages 1 and 2, because A's 'UNTITLED_TABLE_1' is a placeholder the page never prints; and asset_class 'Real Estate', the printed grouping that governs every row. From A: source_column_label and metric_name 'Total Capital Contributed' and 'Total Capital Distributed', because the header wraps 'Total Capital' onto its own line above each of those two columns separately instead of spanning them, and page 3 prints 'Total Capital Distributed' on one line where both lanes agree; currency_scale, which A correctly leaves blank on irr and tvpi rows while B stamps '($ in millions)' onto a percentage and a multiple; and evidence_quote, because A cites the full printed partnership line while B cites the bare value, which proves only that those digits occur somewhere on the page. subject_type corrected to 'fund' on every partnership row: both lanes wrote 'investment', but the entity column is headed 'Partnership' and each row is a named vehicle the fund committed capital to, not a holding inside one.",RESOLVED,A+B+ADJUDICATOR,504abfe06fcde5e187ef74247e28f97eecec00313f5079c91e05fbdaea023159
2db817bd68f1d71b6663,SRC058,2,PAIR_E8355A4798A4A029AD1E8896,CONTEXT_CONFLICT,484,482,source_section|source_table|source_column_label|asset_class|metric_name|evidence_quote,MERGE,"MERGE, one ruling applied to every paired row because the two lanes differ the same way on all of them and neither is complete. From B: source_section, which A left blank on all three pages although 'Real Estate Portfolio' is printed above the table on pages 1 and 2 and 'REITS' and 'Separate Accounts' above their own tables on page 3; source_table on pages 1 and 2, because A's 'UNTITLED_TABLE_1' is a placeholder the page never prints; and asset_class 'Real Estate', the printed grouping that governs every row. From A: source_column_label and metric_name 'Total Capital Contributed' and 'Total Capital Distributed', because the header wraps 'Total Capital' onto its own line above each of those two columns separately instead of spanning them, and page 3 prints 'Total Capital Distributed' on one line where both lanes agree; currency_scale, which A correctly leaves blank on irr and tvpi rows while B stamps '($ in millions)' onto a percentage and a multiple; and evidence_quote, because A cites the full printed partnership line while B cites the bare value, which proves only that those digits occur somewhere on the page. subject_type corrected to 'fund' on every partnership row: both lanes wrote 'investment', but the entity column is headed 'Partnership' and each row is a named vehicle the fund committed capital to, not a holding inside one.",RESOLVED,A+B+ADJUDICATOR,504abfe06fcde5e187ef74247e28f97eecec00313f5079c91e05fbdaea023159
432dc667a91b8a9c550f,SRC058,2,PAIR_BEF8E168CEC720EA0D2904B3,CONTEXT_CONFLICT,485,485,source_section|source_table|asset_class|currency_scale|evidence_quote,MERGE,"MERGE, one ruling applied to every paired row because the two lanes differ the same way on all of them and neither is complete. From B: source_section, which A left blank on all three pages although 'Real Estate Portfolio' is printed above the table on pages 1 and 2 and 'REITS' and 'Separate Accounts' above their own tables on page 3; source_table on pages 1 and 2, because A's 'UNTITLED_TABLE_1' is a placeholder the page never prints; and asset_class 'Real Estate', the printed grouping that governs every row. From A: source_column_label and metric_name 'Total Capital Contributed' and 'Total Capital Distributed', because the header wraps 'Total Capital' onto its own line above each of those two columns separately instead of spanning them, and page 3 prints 'Total Capital Distributed' on one line where both lanes agree; currency_scale, which A correctly leaves blank on irr and tvpi rows while B stamps '($ in millions)' onto a percentage and a multiple; and evidence_quote, because A cites the full printed partnership line while B cites the bare value, which proves only that those digits occur somewhere on the page. subject_type corrected to 'fund' on every partnership row: both lanes wrote 'investment', but the entity column is headed 'Partnership' and each row is a named vehicle the fund committed capital to, not a holding inside one.",RESOLVED,A+B+ADJUDICATOR,504abfe06fcde5e187ef74247e28f97eecec00313f5079c91e05fbdaea023159
c4171a4baa75bc46be0a,SRC058,2,PAIR_5DB7019FDC092092096A4860,CONTEXT_CONFLICT,486,486,source_section|source_table|asset_class|evidence_quote,MERGE,"MERGE, one ruling applied to every paired row because the two lanes differ the same way on all of them and neither is complete. From B: source_section, which A left blank on all three pages although 'Real Estate Portfolio' is printed above the table on pages 1 and 2 and 'REITS' and 'Separate Accounts' above their own tables on page 3; source_table on pages 1 and 2, because A's 'UNTITLED_TABLE_1' is a placeholder the page never prints; and asset_class 'Real Estate', the printed grouping that governs every row. From A: source_column_label and metric_name 'Total Capital Contributed' and 'Total Capital Distributed', because the header wraps 'Total Capital' onto its own line above each of those two columns separately instead of spanning them, and page 3 prints 'Total Capital Distributed' on one line where both lanes agree; currency_scale, which A correctly leaves blank on irr and tvpi rows while B stamps '($ in millions)' onto a percentage and a multiple; and evidence_quote, because A cites the full printed partnership line while B cites the bare value, which proves only that those digits occur somewhere on the page. subject_type corrected to 'fund' on every partnership row: both lanes wrote 'investment', but the entity column is headed 'Partnership' and each row is a named vehicle the fund committed capital to, not a holding inside one.",RESOLVED,A+B+ADJUDICATOR,504abfe06fcde5e187ef74247e28f97eecec00313f5079c91e05fbdaea023159
e2d466ffcbd85a2ca96e,SRC058,2,PAIR_01DC7E60579AA90063D6154C,CONTEXT_CONFLICT,487,489,source_section|source_table|asset_class|evidence_quote,MERGE,"MERGE, one ruling applied to every paired row because the two lanes differ the same way on all of them and neither is complete. From B: source_section, which A left blank on all three pages although 'Real Estate Portfolio' is printed above the table on pages 1 and 2 and 'REITS' and 'Separate Accounts' above their own tables on page 3; source_table on pages 1 and 2, because A's 'UNTITLED_TABLE_1' is a placeholder the page never prints; and asset_class 'Real Estate', the printed grouping that governs every row. From A: source_column_label and metric_name 'Total Capital Contributed' and 'Total Capital Distributed', because the header wraps 'Total Capital' onto its own line above each of those two columns separately instead of spanning them, and page 3 prints 'Total Capital Distributed' on one line where both lanes agree; currency_scale, which A correctly leaves blank on irr and tvpi rows while B stamps '($ in millions)' onto a percentage and a multiple; and evidence_quote, because A cites the full printed partnership line while B cites the bare value, which proves only that those digits occur somewhere on the page. subject_type corrected to 'fund' on every partnership row: both lanes wrote 'investment', but the entity column is headed 'Partnership' and each row is a named vehicle the fund committed capital to, not a holding inside one.; Source review: p2: Retirement Fund (The portfolio report distinguishes investor positions from its aggregate rows.) | p2: Retirement Fund (Printed heading or definition supporting the source-reviewed qualifier.) | p2: Retirement Fund (Supersedes SR2166: the printed entity or table label is context, not a measurement basis; source labels retain its scope.)",RESOLVED,A+B+ADJUDICATOR,504abfe06fcde5e187ef74247e28f97eecec00313f5079c91e05fbdaea023159
ffc39b1f8858e3407f97,SRC058,2,PAIR_5EC93DC7BCA6755A5B151C89,CONTEXT_CONFLICT,488,490,source_section|source_table|asset_class|currency_scale|evidence_quote,MERGE,"MERGE, one ruling applied to every paired row because the two lanes differ the same way on all of them and neither is complete. From B: source_section, which A left blank on all three pages although 'Real Estate Portfolio' is printed above the table on pages 1 and 2 and 'REITS' and 'Separate Accounts' above their own tables on page 3; source_table on pages 1 and 2, because A's 'UNTITLED_TABLE_1' is a placeholder the page never prints; and asset_class 'Real Estate', the printed grouping that governs every row. From A: source_column_label and metric_name 'Total Capital Contributed' and 'Total Capital Distributed', because the header wraps 'Total Capital' onto its own line above each of those two columns separately instead of spanning them, and page 3 prints 'Total Capital Distributed' on one line where both lanes agree; currency_scale, which A correctly leaves blank on irr and tvpi rows while B stamps '($ in millions)' onto a percentage and a multiple; and evidence_quote, because A cites the full printed partnership line while B cites the bare value, which proves only that those digits occur somewhere on the page. subject_type corrected to 'fund' on every partnership row: both lanes wrote 'investment', but the entity column is headed 'Partnership' and each row is a named vehicle the fund committed capital to, not a holding inside one.; Source review: p2: IRR (All report pages were reviewed; no fee-basis statement qualifies this IRR.)",RESOLVED,A+B+ADJUDICATOR,504abfe06fcde5e187ef74247e28f97eecec00313f5079c91e05fbdaea023159
7db2ad298841e3efcd7c,SRC058,2,PAIR_3D44CBA43E99957E17EE0F4A,CONTEXT_CONFLICT,489,487,source_section|source_table|source_column_label|asset_class|metric_name|evidence_quote,MERGE,"MERGE, one ruling applied to every paired row because the two lanes differ the same way on all of them and neither is complete. From B: source_section, which A left blank on all three pages although 'Real Estate Portfolio' is printed above the table on pages 1 and 2 and 'REITS' and 'Separate Accounts' above their own tables on page 3; source_table on pages 1 and 2, because A's 'UNTITLED_TABLE_1' is a placeholder the page never prints; and asset_class 'Real Estate', the printed grouping that governs every row. From A: source_column_label and metric_name 'Total Capital Contributed' and 'Total Capital Distributed', because the header wraps 'Total Capital' onto its own line above each of those two columns separately instead of spanning them, and page 3 prints 'Total Capital Distributed' on one line where both lanes agree; currency_scale, which A correctly leaves blank on irr and tvpi rows while B stamps '($ in millions)' onto a percentage and a multiple; and evidence_quote, because A cites the full printed partnership line while B cites the bare value, which proves only that those digits occur somewhere on the page. subject_type corrected to 'fund' on every partnership row: both lanes wrote 'investment', but the entity column is headed 'Partnership' and each row is a named vehicle the fund committed capital to, not a holding inside one.",RESOLVED,A+B+ADJUDICATOR,504abfe06fcde5e187ef74247e28f97eecec00313f5079c91e05fbdaea023159
3812d2c1abe21055bff6,SRC058,2,PAIR_C4DA17EB64C80C58CA478288,CONTEXT_CONFLICT,490,488,source_section|source_table|source_column_label|asset_class|metric_name|evidence_quote,MERGE,"MERGE, one ruling applied to every paired row because the two lanes differ the same way on all of them and neither is complete. From B: source_section, which A left blank on all three pages although 'Real Estate Portfolio' is printed above the table on pages 1 and 2 and 'REITS' and 'Separate Accounts' above their own tables on page 3; source_table on pages 1 and 2, because A's 'UNTITLED_TABLE_1' is a placeholder the page never prints; and asset_class 'Real Estate', the printed grouping that governs every row. From A: source_column_label and metric_name 'Total Capital Contributed' and 'Total Capital Distributed', because the header wraps 'Total Capital' onto its own line above each of those two columns separately instead of spanning them, and page 3 prints 'Total Capital Distributed' on one line where both lanes agree; currency_scale, which A correctly leaves blank on irr and tvpi rows while B stamps '($ in millions)' onto a percentage and a multiple; and evidence_quote, because A cites the full printed partnership line while B cites the bare value, which proves only that those digits occur somewhere on the page. subject_type corrected to 'fund' on every partnership row: both lanes wrote 'investment', but the entity column is headed 'Partnership' and each row is a named vehicle the fund committed capital to, not a holding inside one.",RESOLVED,A+B+ADJUDICATOR,504abfe06fcde5e187ef74247e28f97eecec00313f5079c91e05fbdaea023159
e928ad72f5953a6f6847,SRC058,2,PAIR_8BC2E90095E9FB11EBD1DF99,CONTEXT_CONFLICT,491,491,source_section|source_table|asset_class|currency_scale|evidence_quote,MERGE,"MERGE, one ruling applied to every paired row because the two lanes differ the same way on all of them and neither is complete. From B: source_section, which A left blank on all three pages although 'Real Estate Portfolio' is printed above the table on pages 1 and 2 and 'REITS' and 'Separate Accounts' above their own tables on page 3; source_table on pages 1 and 2, because A's 'UNTITLED_TABLE_1' is a placeholder the page never prints; and asset_class 'Real Estate', the printed grouping that governs every row. From A: source_column_label and metric_name 'Total Capital Contributed' and 'Total Capital Distributed', because the header wraps 'Total Capital' onto its own line above each of those two columns separately instead of spanning them, and page 3 prints 'Total Capital Distributed' on one line where both lanes agree; currency_scale, which A correctly leaves blank on irr and tvpi rows while B stamps '($ in millions)' onto a percentage and a multiple; and evidence_quote, because A cites the full printed partnership line while B cites the bare value, which proves only that those digits occur somewhere on the page. subject_type corrected to 'fund' on every partnership row: both lanes wrote 'investment', but the entity column is headed 'Partnership' and each row is a named vehicle the fund committed capital to, not a holding inside one.",RESOLVED,A+B+ADJUDICATOR,504abfe06fcde5e187ef74247e28f97eecec00313f5079c91e05fbdaea023159
2c988a0945461f4880b0,SRC058,2,PAIR_78308780A4B9F5E5829C8F6B,CONTEXT_CONFLICT,492,492,source_section|source_table|asset_class|evidence_quote,MERGE,"MERGE, one ruling applied to every paired row because the two lanes differ the same way on all of them and neither is complete. From B: source_section, which A left blank on all three pages although 'Real Estate Portfolio' is printed above the table on pages 1 and 2 and 'REITS' and 'Separate Accounts' above their own tables on page 3; source_table on pages 1 and 2, because A's 'UNTITLED_TABLE_1' is a placeholder the page never prints; and asset_class 'Real Estate', the printed grouping that governs every row. From A: source_column_label and metric_name 'Total Capital Contributed' and 'Total Capital Distributed', because the header wraps 'Total Capital' onto its own line above each of those two columns separately instead of spanning them, and page 3 prints 'Total Capital Distributed' on one line where both lanes agree; currency_scale, which A correctly leaves blank on irr and tvpi rows while B stamps '($ in millions)' onto a percentage and a multiple; and evidence_quote, because A cites the full printed partnership line while B cites the bare value, which proves only that those digits occur somewhere on the page. subject_type corrected to 'fund' on every partnership row: both lanes wrote 'investment', but the entity column is headed 'Partnership' and each row is a named vehicle the fund committed capital to, not a holding inside one.",RESOLVED,A+B+ADJUDICATOR,504abfe06fcde5e187ef74247e28f97eecec00313f5079c91e05fbdaea023159
eddbae3f2b6d9ea1a68f,SRC058,2,PAIR_F14E45FDB2D7E23E12A187E7,CONTEXT_CONFLICT,493,495,source_section|source_table|asset_class|evidence_quote,MERGE,"MERGE, one ruling applied to every paired row because the two lanes differ the same way on all of them and neither is complete. From B: source_section, which A left blank on all three pages although 'Real Estate Portfolio' is printed above the table on pages 1 and 2 and 'REITS' and 'Separate Accounts' above their own tables on page 3; source_table on pages 1 and 2, because A's 'UNTITLED_TABLE_1' is a placeholder the page never prints; and asset_class 'Real Estate', the printed grouping that governs every row. From A: source_column_label and metric_name 'Total Capital Contributed' and 'Total Capital Distributed', because the header wraps 'Total Capital' onto its own line above each of those two columns separately instead of spanning them, and page 3 prints 'Total Capital Distributed' on one line where both lanes agree; currency_scale, which A correctly leaves blank on irr and tvpi rows while B stamps '($ in millions)' onto a percentage and a multiple; and evidence_quote, because A cites the full printed partnership line while B cites the bare value, which proves only that those digits occur somewhere on the page. subject_type corrected to 'fund' on every partnership row: both lanes wrote 'investment', but the entity column is headed 'Partnership' and each row is a named vehicle the fund committed capital to, not a holding inside one.; Source review: p2: Retirement Fund (The portfolio report distinguishes investor positions from its aggregate rows.) | p2: Retirement Fund (Printed heading or definition supporting the source-reviewed qualifier.) | p2: Retirement Fund (Supersedes SR2167: the printed entity or table label is context, not a measurement basis; source labels retain its scope.)",RESOLVED,A+B+ADJUDICATOR,504abfe06fcde5e187ef74247e28f97eecec00313f5079c91e05fbdaea023159
46ab89456641d00e4c3c,SRC058,2,PAIR_1AF9BECB3C4EDC51F52D41AA,CONTEXT_CONFLICT,494,496,source_section|source_table|asset_class|currency_scale|evidence_quote,MERGE,"MERGE, one ruling applied to every paired row because the two lanes differ the same way on all of them and neither is complete. From B: source_section, which A left blank on all three pages although 'Real Estate Portfolio' is printed above the table on pages 1 and 2 and 'REITS' and 'Separate Accounts' above their own tables on page 3; source_table on pages 1 and 2, because A's 'UNTITLED_TABLE_1' is a placeholder the page never prints; and asset_class 'Real Estate', the printed grouping that governs every row. From A: source_column_label and metric_name 'Total Capital Contributed' and 'Total Capital Distributed', because the header wraps 'Total Capital' onto its own line above each of those two columns separately instead of spanning them, and page 3 prints 'Total Capital Distributed' on one line where both lanes agree; currency_scale, which A correctly leaves blank on irr and tvpi rows while B stamps '($ in millions)' onto a percentage and a multiple; and evidence_quote, because A cites the full printed partnership line while B cites the bare value, which proves only that those digits occur somewhere on the page. subject_type corrected to 'fund' on every partnership row: both lanes wrote 'investment', but the entity column is headed 'Partnership' and each row is a named vehicle the fund committed capital to, not a holding inside one.; Source review: p2: IRR (All report pages were reviewed; no fee-basis statement qualifies this IRR.)",RESOLVED,A+B+ADJUDICATOR,504abfe06fcde5e187ef74247e28f97eecec00313f5079c91e05fbdaea023159
9bb982f50441e03d45fa,SRC058,2,PAIR_DB079488E2CD4AC042C75826,CONTEXT_CONFLICT,495,493,source_section|source_table|source_column_label|asset_class|metric_name|evidence_quote,MERGE,"MERGE, one ruling applied to every paired row because the two lanes differ the same way on all of them and neither is complete. From B: source_section, which A left blank on all three pages although 'Real Estate Portfolio' is printed above the table on pages 1 and 2 and 'REITS' and 'Separate Accounts' above their own tables on page 3; source_table on pages 1 and 2, because A's 'UNTITLED_TABLE_1' is a placeholder the page never prints; and asset_class 'Real Estate', the printed grouping that governs every row. From A: source_column_label and metric_name 'Total Capital Contributed' and 'Total Capital Distributed', because the header wraps 'Total Capital' onto its own line above each of those two columns separately instead of spanning them, and page 3 prints 'Total Capital Distributed' on one line where both lanes agree; currency_scale, which A correctly leaves blank on irr and tvpi rows while B stamps '($ in millions)' onto a percentage and a multiple; and evidence_quote, because A cites the full printed partnership line while B cites the bare value, which proves only that those digits occur somewhere on the page. subject_type corrected to 'fund' on every partnership row: both lanes wrote 'investment', but the entity column is headed 'Partnership' and each row is a named vehicle the fund committed capital to, not a holding inside one.",RESOLVED,A+B+ADJUDICATOR,504abfe06fcde5e187ef74247e28f97eecec00313f5079c91e05fbdaea023159
81bae62888d157e38b81,SRC058,2,PAIR_A82BE123CF0793071733E5AB,CONTEXT_CONFLICT,496,494,source_section|source_table|source_column_label|asset_class|metric_name|evidence_quote,MERGE,"MERGE, one ruling applied to every paired row because the two lanes differ the same way on all of them and neither is complete. From B: source_section, which A left blank on all three pages although 'Real Estate Portfolio' is printed above the table on pages 1 and 2 and 'REITS' and 'Separate Accounts' above their own tables on page 3; source_table on pages 1 and 2, because A's 'UNTITLED_TABLE_1' is a placeholder the page never prints; and asset_class 'Real Estate', the printed grouping that governs every row. From A: source_column_label and metric_name 'Total Capital Contributed' and 'Total Capital Distributed', because the header wraps 'Total Capital' onto its own line above each of those two columns separately instead of spanning them, and page 3 prints 'Total Capital Distributed' on one line where both lanes agree; currency_scale, which A correctly leaves blank on irr and tvpi rows while B stamps '($ in millions)' onto a percentage and a multiple; and evidence_quote, because A cites the full printed partnership line while B cites the bare value, which proves only that those digits occur somewhere on the page. subject_type corrected to 'fund' on every partnership row: both lanes wrote 'investment', but the entity column is headed 'Partnership' and each row is a named vehicle the fund committed capital to, not a holding inside one.",RESOLVED,A+B+ADJUDICATOR,504abfe06fcde5e187ef74247e28f97eecec00313f5079c91e05fbdaea023159
5e31f207dd28f210d72a,SRC058,2,PAIR_2F01830B4C9FD4DA8E433E2F,CONTEXT_CONFLICT,497,497,source_section|source_table|asset_class|currency_scale|evidence_quote,MERGE,"MERGE, one ruling applied to every paired row because the two lanes differ the same way on all of them and neither is complete. From B: source_section, which A left blank on all three pages although 'Real Estate Portfolio' is printed above the table on pages 1 and 2 and 'REITS' and 'Separate Accounts' above their own tables on page 3; source_table on pages 1 and 2, because A's 'UNTITLED_TABLE_1' is a placeholder the page never prints; and asset_class 'Real Estate', the printed grouping that governs every row. From A: source_column_label and metric_name 'Total Capital Contributed' and 'Total Capital Distributed', because the header wraps 'Total Capital' onto its own line above each of those two columns separately instead of spanning them, and page 3 prints 'Total Capital Distributed' on one line where both lanes agree; currency_scale, which A correctly leaves blank on irr and tvpi rows while B stamps '($ in millions)' onto a percentage and a multiple; and evidence_quote, because A cites the full printed partnership line while B cites the bare value, which proves only that those digits occur somewhere on the page. subject_type corrected to 'fund' on every partnership row: both lanes wrote 'investment', but the entity column is headed 'Partnership' and each row is a named vehicle the fund committed capital to, not a holding inside one.",RESOLVED,A+B+ADJUDICATOR,504abfe06fcde5e187ef74247e28f97eecec00313f5079c91e05fbdaea023159
637d37a44656947d32e0,SRC058,2,PAIR_CC2B64906CE36B06ABC4C469,CONTEXT_CONFLICT,498,498,source_section|source_table|asset_class|evidence_quote,MERGE,"MERGE, one ruling applied to every paired row because the two lanes differ the same way on all of them and neither is complete. From B: source_section, which A left blank on all three pages although 'Real Estate Portfolio' is printed above the table on pages 1 and 2 and 'REITS' and 'Separate Accounts' above their own tables on page 3; source_table on pages 1 and 2, because A's 'UNTITLED_TABLE_1' is a placeholder the page never prints; and asset_class 'Real Estate', the printed grouping that governs every row. From A: source_column_label and metric_name 'Total Capital Contributed' and 'Total Capital Distributed', because the header wraps 'Total Capital' onto its own line above each of those two columns separately instead of spanning them, and page 3 prints 'Total Capital Distributed' on one line where both lanes agree; currency_scale, which A correctly leaves blank on irr and tvpi rows while B stamps '($ in millions)' onto a percentage and a multiple; and evidence_quote, because A cites the full printed partnership line while B cites the bare value, which proves only that those digits occur somewhere on the page. subject_type corrected to 'fund' on every partnership row: both lanes wrote 'investment', but the entity column is headed 'Partnership' and each row is a named vehicle the fund committed capital to, not a holding inside one.",RESOLVED,A+B+ADJUDICATOR,504abfe06fcde5e187ef74247e28f97eecec00313f5079c91e05fbdaea023159
511b2a64e7775e5f4f6d,SRC058,2,PAIR_27D1DE7A288DE6333513D7F4,CONTEXT_CONFLICT,499,501,source_section|source_table|asset_class|evidence_quote,MERGE,"MERGE, one ruling applied to every paired row because the two lanes differ the same way on all of them and neither is complete. From B: source_section, which A left blank on all three pages although 'Real Estate Portfolio' is printed above the table on pages 1 and 2 and 'REITS' and 'Separate Accounts' above their own tables on page 3; source_table on pages 1 and 2, because A's 'UNTITLED_TABLE_1' is a placeholder the page never prints; and asset_class 'Real Estate', the printed grouping that governs every row. From A: source_column_label and metric_name 'Total Capital Contributed' and 'Total Capital Distributed', because the header wraps 'Total Capital' onto its own line above each of those two columns separately instead of spanning them, and page 3 prints 'Total Capital Distributed' on one line where both lanes agree; currency_scale, which A correctly leaves blank on irr and tvpi rows while B stamps '($ in millions)' onto a percentage and a multiple; and evidence_quote, because A cites the full printed partnership line while B cites the bare value, which proves only that those digits occur somewhere on the page. subject_type corrected to 'fund' on every partnership row: both lanes wrote 'investment', but the entity column is headed 'Partnership' and each row is a named vehicle the fund committed capital to, not a holding inside one.; Source review: p2: Retirement Fund (The portfolio report distinguishes investor positions from its aggregate rows.) | p2: Retirement Fund (Printed heading or definition supporting the source-reviewed qualifier.) | p2: Retirement Fund (Supersedes SR2168: the printed entity or table label is context, not a measurement basis; source labels retain its scope.)",RESOLVED,A+B+ADJUDICATOR,504abfe06fcde5e187ef74247e28f97eecec00313f5079c91e05fbdaea023159
ff6799ad5dbe60ccc9fe,SRC058,2,PAIR_0175C65F1DF19F7800B24721,CONTEXT_CONFLICT,500,502,source_section|source_table|asset_class|currency_scale|evidence_quote,MERGE,"MERGE, one ruling applied to every paired row because the two lanes differ the same way on all of them and neither is complete. From B: source_section, which A left blank on all three pages although 'Real Estate Portfolio' is printed above the table on pages 1 and 2 and 'REITS' and 'Separate Accounts' above their own tables on page 3; source_table on pages 1 and 2, because A's 'UNTITLED_TABLE_1' is a placeholder the page never prints; and asset_class 'Real Estate', the printed grouping that governs every row. From A: source_column_label and metric_name 'Total Capital Contributed' and 'Total Capital Distributed', because the header wraps 'Total Capital' onto its own line above each of those two columns separately instead of spanning them, and page 3 prints 'Total Capital Distributed' on one line where both lanes agree; currency_scale, which A correctly leaves blank on irr and tvpi rows while B stamps '($ in millions)' onto a percentage and a multiple; and evidence_quote, because A cites the full printed partnership line while B cites the bare value, which proves only that those digits occur somewhere on the page. subject_type corrected to 'fund' on every partnership row: both lanes wrote 'investment', but the entity column is headed 'Partnership' and each row is a named vehicle the fund committed capital to, not a holding inside one.; Source review: p2: IRR (All report pages were reviewed; no fee-basis statement qualifies this IRR.)",RESOLVED,A+B+ADJUDICATOR,504abfe06fcde5e187ef74247e28f97eecec00313f5079c91e05fbdaea023159
883b5b01c25850b23dc0,SRC058,2,PAIR_940CF4E07A0D4D15E1572F2E,CONTEXT_CONFLICT,501,499,source_section|source_table|source_column_label|asset_class|metric_name|evidence_quote,MERGE,"MERGE, one ruling applied to every paired row because the two lanes differ the same way on all of them and neither is complete. From B: source_section, which A left blank on all three pages although 'Real Estate Portfolio' is printed above the table on pages 1 and 2 and 'REITS' and 'Separate Accounts' above their own tables on page 3; source_table on pages 1 and 2, because A's 'UNTITLED_TABLE_1' is a placeholder the page never prints; and asset_class 'Real Estate', the printed grouping that governs every row. From A: source_column_label and metric_name 'Total Capital Contributed' and 'Total Capital Distributed', because the header wraps 'Total Capital' onto its own line above each of those two columns separately instead of spanning them, and page 3 prints 'Total Capital Distributed' on one line where both lanes agree; currency_scale, which A correctly leaves blank on irr and tvpi rows while B stamps '($ in millions)' onto a percentage and a multiple; and evidence_quote, because A cites the full printed partnership line while B cites the bare value, which proves only that those digits occur somewhere on the page. subject_type corrected to 'fund' on every partnership row: both lanes wrote 'investment', but the entity column is headed 'Partnership' and each row is a named vehicle the fund committed capital to, not a holding inside one.",RESOLVED,A+B+ADJUDICATOR,504abfe06fcde5e187ef74247e28f97eecec00313f5079c91e05fbdaea023159
335c0bd4f0eedb9ab879,SRC058,2,PAIR_96CCE173C01B4B6626EF1FBA,CONTEXT_CONFLICT,502,500,source_section|source_table|source_column_label|asset_class|metric_name|evidence_quote,MERGE,"MERGE, one ruling applied to every paired row because the two lanes differ the same way on all of them and neither is complete. From B: source_section, which A left blank on all three pages although 'Real Estate Portfolio' is printed above the table on pages 1 and 2 and 'REITS' and 'Separate Accounts' above their own tables on page 3; source_table on pages 1 and 2, because A's 'UNTITLED_TABLE_1' is a placeholder the page never prints; and asset_class 'Real Estate', the printed grouping that governs every row. From A: source_column_label and metric_name 'Total Capital Contributed' and 'Total Capital Distributed', because the header wraps 'Total Capital' onto its own line above each of those two columns separately instead of spanning them, and page 3 prints 'Total Capital Distributed' on one line where both lanes agree; currency_scale, which A correctly leaves blank on irr and tvpi rows while B stamps '($ in millions)' onto a percentage and a multiple; and evidence_quote, because A cites the full printed partnership line while B cites the bare value, which proves only that those digits occur somewhere on the page. subject_type corrected to 'fund' on every partnership row: both lanes wrote 'investment', but the entity column is headed 'Partnership' and each row is a named vehicle the fund committed capital to, not a holding inside one.",RESOLVED,A+B+ADJUDICATOR,504abfe06fcde5e187ef74247e28f97eecec00313f5079c91e05fbdaea023159
fd0fc08dadad4d3b21a3,SRC058,2,PAIR_B82DECBADC5E8F64B1582638,CONTEXT_CONFLICT,503,503,source_section|source_table|asset_class|currency_scale|evidence_quote,MERGE,"MERGE, one ruling applied to every paired row because the two lanes differ the same way on all of them and neither is complete. From B: source_section, which A left blank on all three pages although 'Real Estate Portfolio' is printed above the table on pages 1 and 2 and 'REITS' and 'Separate Accounts' above their own tables on page 3; source_table on pages 1 and 2, because A's 'UNTITLED_TABLE_1' is a placeholder the page never prints; and asset_class 'Real Estate', the printed grouping that governs every row. From A: source_column_label and metric_name 'Total Capital Contributed' and 'Total Capital Distributed', because the header wraps 'Total Capital' onto its own line above each of those two columns separately instead of spanning them, and page 3 prints 'Total Capital Distributed' on one line where both lanes agree; currency_scale, which A correctly leaves blank on irr and tvpi rows while B stamps '($ in millions)' onto a percentage and a multiple; and evidence_quote, because A cites the full printed partnership line while B cites the bare value, which proves only that those digits occur somewhere on the page. subject_type corrected to 'fund' on every partnership row: both lanes wrote 'investment', but the entity column is headed 'Partnership' and each row is a named vehicle the fund committed capital to, not a holding inside one.",RESOLVED,A+B+ADJUDICATOR,504abfe06fcde5e187ef74247e28f97eecec00313f5079c91e05fbdaea023159
608e03eb848ff08cf0f3,SRC058,2,PAIR_AB1A95E6EEF549324658A0FA,CONTEXT_CONFLICT,504,504,source_section|source_table|asset_class|evidence_quote,MERGE,"MERGE, one ruling applied to every paired row because the two lanes differ the same way on all of them and neither is complete. From B: source_section, which A left blank on all three pages although 'Real Estate Portfolio' is printed above the table on pages 1 and 2 and 'REITS' and 'Separate Accounts' above their own tables on page 3; source_table on pages 1 and 2, because A's 'UNTITLED_TABLE_1' is a placeholder the page never prints; and asset_class 'Real Estate', the printed grouping that governs every row. From A: source_column_label and metric_name 'Total Capital Contributed' and 'Total Capital Distributed', because the header wraps 'Total Capital' onto its own line above each of those two columns separately instead of spanning them, and page 3 prints 'Total Capital Distributed' on one line where both lanes agree; currency_scale, which A correctly leaves blank on irr and tvpi rows while B stamps '($ in millions)' onto a percentage and a multiple; and evidence_quote, because A cites the full printed partnership line while B cites the bare value, which proves only that those digits occur somewhere on the page. subject_type corrected to 'fund' on every partnership row: both lanes wrote 'investment', but the entity column is headed 'Partnership' and each row is a named vehicle the fund committed capital to, not a holding inside one.",RESOLVED,A+B+ADJUDICATOR,504abfe06fcde5e187ef74247e28f97eecec00313f5079c91e05fbdaea023159
3a726b71f02c35c63661,SRC058,2,PAIR_DABE84C3EF4FD7B9C99B61DB,CONTEXT_CONFLICT,505,507,source_section|source_table|asset_class|evidence_quote,MERGE,"MERGE, one ruling applied to every paired row because the two lanes differ the same way on all of them and neither is complete. From B: source_section, which A left blank on all three pages although 'Real Estate Portfolio' is printed above the table on pages 1 and 2 and 'REITS' and 'Separate Accounts' above their own tables on page 3; source_table on pages 1 and 2, because A's 'UNTITLED_TABLE_1' is a placeholder the page never prints; and asset_class 'Real Estate', the printed grouping that governs every row. From A: source_column_label and metric_name 'Total Capital Contributed' and 'Total Capital Distributed', because the header wraps 'Total Capital' onto its own line above each of those two columns separately instead of spanning them, and page 3 prints 'Total Capital Distributed' on one line where both lanes agree; currency_scale, which A correctly leaves blank on irr and tvpi rows while B stamps '($ in millions)' onto a percentage and a multiple; and evidence_quote, because A cites the full printed partnership line while B cites the bare value, which proves only that those digits occur somewhere on the page. subject_type corrected to 'fund' on every partnership row: both lanes wrote 'investment', but the entity column is headed 'Partnership' and each row is a named vehicle the fund committed capital to, not a holding inside one.; Source review: p2: Retirement Fund (The portfolio report distinguishes investor positions from its aggregate rows.) | p2: Retirement Fund (Printed heading or definition supporting the source-reviewed qualifier.) | p2: Retirement Fund (Supersedes SR2169: the printed entity or table label is context, not a measurement basis; source labels retain its scope.)",RESOLVED,A+B+ADJUDICATOR,504abfe06fcde5e187ef74247e28f97eecec00313f5079c91e05fbdaea023159
eee1ec0823ec74185094,SRC058,2,PAIR_28BF37B771D734B9AAFBC599,CONTEXT_CONFLICT,506,508,source_section|source_table|asset_class|currency_scale|evidence_quote,MERGE,"MERGE, one ruling applied to every paired row because the two lanes differ the same way on all of them and neither is complete. From B: source_section, which A left blank on all three pages although 'Real Estate Portfolio' is printed above the table on pages 1 and 2 and 'REITS' and 'Separate Accounts' above their own tables on page 3; source_table on pages 1 and 2, because A's 'UNTITLED_TABLE_1' is a placeholder the page never prints; and asset_class 'Real Estate', the printed grouping that governs every row. From A: source_column_label and metric_name 'Total Capital Contributed' and 'Total Capital Distributed', because the header wraps 'Total Capital' onto its own line above each of those two columns separately instead of spanning them, and page 3 prints 'Total Capital Distributed' on one line where both lanes agree; currency_scale, which A correctly leaves blank on irr and tvpi rows while B stamps '($ in millions)' onto a percentage and a multiple; and evidence_quote, because A cites the full printed partnership line while B cites the bare value, which proves only that those digits occur somewhere on the page. subject_type corrected to 'fund' on every partnership row: both lanes wrote 'investment', but the entity column is headed 'Partnership' and each row is a named vehicle the fund committed capital to, not a holding inside one.; Source review: p2: IRR (All report pages were reviewed; no fee-basis statement qualifies this IRR.)",RESOLVED,A+B+ADJUDICATOR,504abfe06fcde5e187ef74247e28f97eecec00313f5079c91e05fbdaea023159
c3129607600148bf46f7,SRC058,2,PAIR_6FF8AD3A7F6E9E34DCE1C3CF,CONTEXT_CONFLICT,507,505,source_section|source_table|source_column_label|asset_class|metric_name|evidence_quote,MERGE,"MERGE, one ruling applied to every paired row because the two lanes differ the same way on all of them and neither is complete. From B: source_section, which A left blank on all three pages although 'Real Estate Portfolio' is printed above the table on pages 1 and 2 and 'REITS' and 'Separate Accounts' above their own tables on page 3; source_table on pages 1 and 2, because A's 'UNTITLED_TABLE_1' is a placeholder the page never prints; and asset_class 'Real Estate', the printed grouping that governs every row. From A: source_column_label and metric_name 'Total Capital Contributed' and 'Total Capital Distributed', because the header wraps 'Total Capital' onto its own line above each of those two columns separately instead of spanning them, and page 3 prints 'Total Capital Distributed' on one line where both lanes agree; currency_scale, which A correctly leaves blank on irr and tvpi rows while B stamps '($ in millions)' onto a percentage and a multiple; and evidence_quote, because A cites the full printed partnership line while B cites the bare value, which proves only that those digits occur somewhere on the page. subject_type corrected to 'fund' on every partnership row: both lanes wrote 'investment', but the entity column is headed 'Partnership' and each row is a named vehicle the fund committed capital to, not a holding inside one.",RESOLVED,A+B+ADJUDICATOR,504abfe06fcde5e187ef74247e28f97eecec00313f5079c91e05fbdaea023159
7ad17b6989c69395df1e,SRC058,2,PAIR_93680E4EDEE06FF474C8BE93,CONTEXT_CONFLICT,508,506,source_section|source_table|source_column_label|asset_class|metric_name|evidence_quote,MERGE,"MERGE, one ruling applied to every paired row because the two lanes differ the same way on all of them and neither is complete. From B: source_section, which A left blank on all three pages although 'Real Estate Portfolio' is printed above the table on pages 1 and 2 and 'REITS' and 'Separate Accounts' above their own tables on page 3; source_table on pages 1 and 2, because A's 'UNTITLED_TABLE_1' is a placeholder the page never prints; and asset_class 'Real Estate', the printed grouping that governs every row. From A: source_column_label and metric_name 'Total Capital Contributed' and 'Total Capital Distributed', because the header wraps 'Total Capital' onto its own line above each of those two columns separately instead of spanning them, and page 3 prints 'Total Capital Distributed' on one line where both lanes agree; currency_scale, which A correctly leaves blank on irr and tvpi rows while B stamps '($ in millions)' onto a percentage and a multiple; and evidence_quote, because A cites the full printed partnership line while B cites the bare value, which proves only that those digits occur somewhere on the page. subject_type corrected to 'fund' on every partnership row: both lanes wrote 'investment', but the entity column is headed 'Partnership' and each row is a named vehicle the fund committed capital to, not a holding inside one.",RESOLVED,A+B+ADJUDICATOR,504abfe06fcde5e187ef74247e28f97eecec00313f5079c91e05fbdaea023159
6ddff3bc551519e10ec8,SRC058,2,PAIR_CEFE171DF6D8BEEFB1F5CB80,CONTEXT_CONFLICT,509,509,source_section|source_table|asset_class|currency_scale|evidence_quote,MERGE,"MERGE, one ruling applied to every paired row because the two lanes differ the same way on all of them and neither is complete. From B: source_section, which A left blank on all three pages although 'Real Estate Portfolio' is printed above the table on pages 1 and 2 and 'REITS' and 'Separate Accounts' above their own tables on page 3; source_table on pages 1 and 2, because A's 'UNTITLED_TABLE_1' is a placeholder the page never prints; and asset_class 'Real Estate', the printed grouping that governs every row. From A: source_column_label and metric_name 'Total Capital Contributed' and 'Total Capital Distributed', because the header wraps 'Total Capital' onto its own line above each of those two columns separately instead of spanning them, and page 3 prints 'Total Capital Distributed' on one line where both lanes agree; currency_scale, which A correctly leaves blank on irr and tvpi rows while B stamps '($ in millions)' onto a percentage and a multiple; and evidence_quote, because A cites the full printed partnership line while B cites the bare value, which proves only that those digits occur somewhere on the page. subject_type corrected to 'fund' on every partnership row: both lanes wrote 'investment', but the entity column is headed 'Partnership' and each row is a named vehicle the fund committed capital to, not a holding inside one.",RESOLVED,A+B+ADJUDICATOR,504abfe06fcde5e187ef74247e28f97eecec00313f5079c91e05fbdaea023159
f7bf4b3c53aa05ece9b2,SRC058,2,PAIR_445BC55A2B5450A1A93CF08B,CONTEXT_CONFLICT,510,510,source_section|source_table|asset_class|evidence_quote,MERGE,"MERGE, one ruling applied to every paired row because the two lanes differ the same way on all of them and neither is complete. From B: source_section, which A left blank on all three pages although 'Real Estate Portfolio' is printed above the table on pages 1 and 2 and 'REITS' and 'Separate Accounts' above their own tables on page 3; source_table on pages 1 and 2, because A's 'UNTITLED_TABLE_1' is a placeholder the page never prints; and asset_class 'Real Estate', the printed grouping that governs every row. From A: source_column_label and metric_name 'Total Capital Contributed' and 'Total Capital Distributed', because the header wraps 'Total Capital' onto its own line above each of those two columns separately instead of spanning them, and page 3 prints 'Total Capital Distributed' on one line where both lanes agree; currency_scale, which A correctly leaves blank on irr and tvpi rows while B stamps '($ in millions)' onto a percentage and a multiple; and evidence_quote, because A cites the full printed partnership line while B cites the bare value, which proves only that those digits occur somewhere on the page. subject_type corrected to 'fund' on every partnership row: both lanes wrote 'investment', but the entity column is headed 'Partnership' and each row is a named vehicle the fund committed capital to, not a holding inside one.",RESOLVED,A+B+ADJUDICATOR,504abfe06fcde5e187ef74247e28f97eecec00313f5079c91e05fbdaea023159
d2fc68606d3cd3551f93,SRC058,2,PAIR_BB88411476F348D865E57007,CONTEXT_CONFLICT,511,513,source_section|source_table|asset_class|evidence_quote,MERGE,"MERGE, one ruling applied to every paired row because the two lanes differ the same way on all of them and neither is complete. From B: source_section, which A left blank on all three pages although 'Real Estate Portfolio' is printed above the table on pages 1 and 2 and 'REITS' and 'Separate Accounts' above their own tables on page 3; source_table on pages 1 and 2, because A's 'UNTITLED_TABLE_1' is a placeholder the page never prints; and asset_class 'Real Estate', the printed grouping that governs every row. From A: source_column_label and metric_name 'Total Capital Contributed' and 'Total Capital Distributed', because the header wraps 'Total Capital' onto its own line above each of those two columns separately instead of spanning them, and page 3 prints 'Total Capital Distributed' on one line where both lanes agree; currency_scale, which A correctly leaves blank on irr and tvpi rows while B stamps '($ in millions)' onto a percentage and a multiple; and evidence_quote, because A cites the full printed partnership line while B cites the bare value, which proves only that those digits occur somewhere on the page. subject_type corrected to 'fund' on every partnership row: both lanes wrote 'investment', but the entity column is headed 'Partnership' and each row is a named vehicle the fund committed capital to, not a holding inside one.; Source review: p2: Retirement Fund (The portfolio report distinguishes investor positions from its aggregate rows.) | p2: Retirement Fund (Printed heading or definition supporting the source-reviewed qualifier.) | p2: Retirement Fund (Supersedes SR2170: the printed entity or table label is context, not a measurement basis; source labels retain its scope.)",RESOLVED,A+B+ADJUDICATOR,504abfe06fcde5e187ef74247e28f97eecec00313f5079c91e05fbdaea023159
bf7ac3329409909553f4,SRC058,2,PAIR_652DB887638C9C5D1CF3EFB7,CONTEXT_CONFLICT,512,514,source_section|source_table|asset_class|currency_scale|evidence_quote,MERGE,"MERGE, one ruling applied to every paired row because the two lanes differ the same way on all of them and neither is complete. From B: source_section, which A left blank on all three pages although 'Real Estate Portfolio' is printed above the table on pages 1 and 2 and 'REITS' and 'Separate Accounts' above their own tables on page 3; source_table on pages 1 and 2, because A's 'UNTITLED_TABLE_1' is a placeholder the page never prints; and asset_class 'Real Estate', the printed grouping that governs every row. From A: source_column_label and metric_name 'Total Capital Contributed' and 'Total Capital Distributed', because the header wraps 'Total Capital' onto its own line above each of those two columns separately instead of spanning them, and page 3 prints 'Total Capital Distributed' on one line where both lanes agree; currency_scale, which A correctly leaves blank on irr and tvpi rows while B stamps '($ in millions)' onto a percentage and a multiple; and evidence_quote, because A cites the full printed partnership line while B cites the bare value, which proves only that those digits occur somewhere on the page. subject_type corrected to 'fund' on every partnership row: both lanes wrote 'investment', but the entity column is headed 'Partnership' and each row is a named vehicle the fund committed capital to, not a holding inside one.; Source review: p2: IRR (All report pages were reviewed; no fee-basis statement qualifies this IRR.)",RESOLVED,A+B+ADJUDICATOR,504abfe06fcde5e187ef74247e28f97eecec00313f5079c91e05fbdaea023159
993fee636a21b1e12b04,SRC058,2,PAIR_1A17967D1A658E57AE9E5D36,CONTEXT_CONFLICT,513,511,source_section|source_table|source_column_label|asset_class|metric_name|evidence_quote,MERGE,"MERGE, one ruling applied to every paired row because the two lanes differ the same way on all of them and neither is complete. From B: source_section, which A left blank on all three pages although 'Real Estate Portfolio' is printed above the table on pages 1 and 2 and 'REITS' and 'Separate Accounts' above their own tables on page 3; source_table on pages 1 and 2, because A's 'UNTITLED_TABLE_1' is a placeholder the page never prints; and asset_class 'Real Estate', the printed grouping that governs every row. From A: source_column_label and metric_name 'Total Capital Contributed' and 'Total Capital Distributed', because the header wraps 'Total Capital' onto its own line above each of those two columns separately instead of spanning them, and page 3 prints 'Total Capital Distributed' on one line where both lanes agree; currency_scale, which A correctly leaves blank on irr and tvpi rows while B stamps '($ in millions)' onto a percentage and a multiple; and evidence_quote, because A cites the full printed partnership line while B cites the bare value, which proves only that those digits occur somewhere on the page. subject_type corrected to 'fund' on every partnership row: both lanes wrote 'investment', but the entity column is headed 'Partnership' and each row is a named vehicle the fund committed capital to, not a holding inside one.",RESOLVED,A+B+ADJUDICATOR,504abfe06fcde5e187ef74247e28f97eecec00313f5079c91e05fbdaea023159
b4af039c23e94e454785,SRC058,2,PAIR_B34376697B57697C5205C43D,CONTEXT_CONFLICT,514,512,source_section|source_table|source_column_label|asset_class|metric_name|evidence_quote,MERGE,"MERGE, one ruling applied to every paired row because the two lanes differ the same way on all of them and neither is complete. From B: source_section, which A left blank on all three pages although 'Real Estate Portfolio' is printed above the table on pages 1 and 2 and 'REITS' and 'Separate Accounts' above their own tables on page 3; source_table on pages 1 and 2, because A's 'UNTITLED_TABLE_1' is a placeholder the page never prints; and asset_class 'Real Estate', the printed grouping that governs every row. From A: source_column_label and metric_name 'Total Capital Contributed' and 'Total Capital Distributed', because the header wraps 'Total Capital' onto its own line above each of those two columns separately instead of spanning them, and page 3 prints 'Total Capital Distributed' on one line where both lanes agree; currency_scale, which A correctly leaves blank on irr and tvpi rows while B stamps '($ in millions)' onto a percentage and a multiple; and evidence_quote, because A cites the full printed partnership line while B cites the bare value, which proves only that those digits occur somewhere on the page. subject_type corrected to 'fund' on every partnership row: both lanes wrote 'investment', but the entity column is headed 'Partnership' and each row is a named vehicle the fund committed capital to, not a holding inside one.",RESOLVED,A+B+ADJUDICATOR,504abfe06fcde5e187ef74247e28f97eecec00313f5079c91e05fbdaea023159
25fe35f15091b021ca21,SRC058,2,PAIR_65EA30F815594F2D8B86B791,CONTEXT_CONFLICT,515,515,source_section|source_table|asset_class|currency_scale|evidence_quote,MERGE,"MERGE, one ruling applied to every paired row because the two lanes differ the same way on all of them and neither is complete. From B: source_section, which A left blank on all three pages although 'Real Estate Portfolio' is printed above the table on pages 1 and 2 and 'REITS' and 'Separate Accounts' above their own tables on page 3; source_table on pages 1 and 2, because A's 'UNTITLED_TABLE_1' is a placeholder the page never prints; and asset_class 'Real Estate', the printed grouping that governs every row. From A: source_column_label and metric_name 'Total Capital Contributed' and 'Total Capital Distributed', because the header wraps 'Total Capital' onto its own line above each of those two columns separately instead of spanning them, and page 3 prints 'Total Capital Distributed' on one line where both lanes agree; currency_scale, which A correctly leaves blank on irr and tvpi rows while B stamps '($ in millions)' onto a percentage and a multiple; and evidence_quote, because A cites the full printed partnership line while B cites the bare value, which proves only that those digits occur somewhere on the page. subject_type corrected to 'fund' on every partnership row: both lanes wrote 'investment', but the entity column is headed 'Partnership' and each row is a named vehicle the fund committed capital to, not a holding inside one.",RESOLVED,A+B+ADJUDICATOR,504abfe06fcde5e187ef74247e28f97eecec00313f5079c91e05fbdaea023159
23522b855a11108a70b0,SRC058,2,PAIR_DC9077FB9B3DA38D71D8FD82,CONTEXT_CONFLICT,516,516,source_section|source_table|asset_class|evidence_quote,MERGE,"MERGE, one ruling applied to every paired row because the two lanes differ the same way on all of them and neither is complete. From B: source_section, which A left blank on all three pages although 'Real Estate Portfolio' is printed above the table on pages 1 and 2 and 'REITS' and 'Separate Accounts' above their own tables on page 3; source_table on pages 1 and 2, because A's 'UNTITLED_TABLE_1' is a placeholder the page never prints; and asset_class 'Real Estate', the printed grouping that governs every row. From A: source_column_label and metric_name 'Total Capital Contributed' and 'Total Capital Distributed', because the header wraps 'Total Capital' onto its own line above each of those two columns separately instead of spanning them, and page 3 prints 'Total Capital Distributed' on one line where both lanes agree; currency_scale, which A correctly leaves blank on irr and tvpi rows while B stamps '($ in millions)' onto a percentage and a multiple; and evidence_quote, because A cites the full printed partnership line while B cites the bare value, which proves only that those digits occur somewhere on the page. subject_type corrected to 'fund' on every partnership row: both lanes wrote 'investment', but the entity column is headed 'Partnership' and each row is a named vehicle the fund committed capital to, not a holding inside one.",RESOLVED,A+B+ADJUDICATOR,504abfe06fcde5e187ef74247e28f97eecec00313f5079c91e05fbdaea023159
7fdcd5c0a9f2703d0b64,SRC058,2,PAIR_D48D54645E1664C46701FF41,CONTEXT_CONFLICT,517,519,source_section|source_table|asset_class|evidence_quote,MERGE,"MERGE, one ruling applied to every paired row because the two lanes differ the same way on all of them and neither is complete. From B: source_section, which A left blank on all three pages although 'Real Estate Portfolio' is printed above the table on pages 1 and 2 and 'REITS' and 'Separate Accounts' above their own tables on page 3; source_table on pages 1 and 2, because A's 'UNTITLED_TABLE_1' is a placeholder the page never prints; and asset_class 'Real Estate', the printed grouping that governs every row. From A: source_column_label and metric_name 'Total Capital Contributed' and 'Total Capital Distributed', because the header wraps 'Total Capital' onto its own line above each of those two columns separately instead of spanning them, and page 3 prints 'Total Capital Distributed' on one line where both lanes agree; currency_scale, which A correctly leaves blank on irr and tvpi rows while B stamps '($ in millions)' onto a percentage and a multiple; and evidence_quote, because A cites the full printed partnership line while B cites the bare value, which proves only that those digits occur somewhere on the page. subject_type corrected to 'fund' on every partnership row: both lanes wrote 'investment', but the entity column is headed 'Partnership' and each row is a named vehicle the fund committed capital to, not a holding inside one.; Source review: p2: Retirement Fund (The portfolio report distinguishes investor positions from its aggregate rows.) | p2: Retirement Fund (Printed heading or definition supporting the source-reviewed qualifier.) | p2: Retirement Fund (Supersedes SR2171: the printed entity or table label is context, not a measurement basis; source labels retain its scope.)",RESOLVED,A+B+ADJUDICATOR,504abfe06fcde5e187ef74247e28f97eecec00313f5079c91e05fbdaea023159
9d53b99ef9bc26d5a1ca,SRC058,2,PAIR_F564A565AAE97E81F11D007F,CONTEXT_CONFLICT,518,520,source_section|source_table|asset_class|currency_scale|evidence_quote,MERGE,"MERGE, one ruling applied to every paired row because the two lanes differ the same way on all of them and neither is complete. From B: source_section, which A left blank on all three pages although 'Real Estate Portfolio' is printed above the table on pages 1 and 2 and 'REITS' and 'Separate Accounts' above their own tables on page 3; source_table on pages 1 and 2, because A's 'UNTITLED_TABLE_1' is a placeholder the page never prints; and asset_class 'Real Estate', the printed grouping that governs every row. From A: source_column_label and metric_name 'Total Capital Contributed' and 'Total Capital Distributed', because the header wraps 'Total Capital' onto its own line above each of those two columns separately instead of spanning them, and page 3 prints 'Total Capital Distributed' on one line where both lanes agree; currency_scale, which A correctly leaves blank on irr and tvpi rows while B stamps '($ in millions)' onto a percentage and a multiple; and evidence_quote, because A cites the full printed partnership line while B cites the bare value, which proves only that those digits occur somewhere on the page. subject_type corrected to 'fund' on every partnership row: both lanes wrote 'investment', but the entity column is headed 'Partnership' and each row is a named vehicle the fund committed capital to, not a holding inside one.; Source review: p2: IRR (All report pages were reviewed; no fee-basis statement qualifies this IRR.)",RESOLVED,A+B+ADJUDICATOR,504abfe06fcde5e187ef74247e28f97eecec00313f5079c91e05fbdaea023159
91d7bb27adc58ef1e70c,SRC058,2,PAIR_378824C5257DF576495B76A8,CONTEXT_CONFLICT,519,517,source_section|source_table|source_column_label|asset_class|metric_name|evidence_quote,MERGE,"MERGE, one ruling applied to every paired row because the two lanes differ the same way on all of them and neither is complete. From B: source_section, which A left blank on all three pages although 'Real Estate Portfolio' is printed above the table on pages 1 and 2 and 'REITS' and 'Separate Accounts' above their own tables on page 3; source_table on pages 1 and 2, because A's 'UNTITLED_TABLE_1' is a placeholder the page never prints; and asset_class 'Real Estate', the printed grouping that governs every row. From A: source_column_label and metric_name 'Total Capital Contributed' and 'Total Capital Distributed', because the header wraps 'Total Capital' onto its own line above each of those two columns separately instead of spanning them, and page 3 prints 'Total Capital Distributed' on one line where both lanes agree; currency_scale, which A correctly leaves blank on irr and tvpi rows while B stamps '($ in millions)' onto a percentage and a multiple; and evidence_quote, because A cites the full printed partnership line while B cites the bare value, which proves only that those digits occur somewhere on the page. subject_type corrected to 'fund' on every partnership row: both lanes wrote 'investment', but the entity column is headed 'Partnership' and each row is a named vehicle the fund committed capital to, not a holding inside one.",RESOLVED,A+B+ADJUDICATOR,504abfe06fcde5e187ef74247e28f97eecec00313f5079c91e05fbdaea023159
9042046690b8fba57f88,SRC058,2,PAIR_7F83EC719A22C6BB225F1880,CONTEXT_CONFLICT,520,518,source_section|source_table|source_column_label|asset_class|metric_name|evidence_quote,MERGE,"MERGE, one ruling applied to every paired row because the two lanes differ the same way on all of them and neither is complete. From B: source_section, which A left blank on all three pages although 'Real Estate Portfolio' is printed above the table on pages 1 and 2 and 'REITS' and 'Separate Accounts' above their own tables on page 3; source_table on pages 1 and 2, because A's 'UNTITLED_TABLE_1' is a placeholder the page never prints; and asset_class 'Real Estate', the printed grouping that governs every row. From A: source_column_label and metric_name 'Total Capital Contributed' and 'Total Capital Distributed', because the header wraps 'Total Capital' onto its own line above each of those two columns separately instead of spanning them, and page 3 prints 'Total Capital Distributed' on one line where both lanes agree; currency_scale, which A correctly leaves blank on irr and tvpi rows while B stamps '($ in millions)' onto a percentage and a multiple; and evidence_quote, because A cites the full printed partnership line while B cites the bare value, which proves only that those digits occur somewhere on the page. subject_type corrected to 'fund' on every partnership row: both lanes wrote 'investment', but the entity column is headed 'Partnership' and each row is a named vehicle the fund committed capital to, not a holding inside one.",RESOLVED,A+B+ADJUDICATOR,504abfe06fcde5e187ef74247e28f97eecec00313f5079c91e05fbdaea023159
89ea92c33a72b18e8129,SRC058,2,PAIR_A6DA52E3D8310D7554A1EF6D,CONTEXT_CONFLICT,521,521,source_section|source_table|asset_class|currency_scale|evidence_quote,MERGE,"MERGE, one ruling applied to every paired row because the two lanes differ the same way on all of them and neither is complete. From B: source_section, which A left blank on all three pages although 'Real Estate Portfolio' is printed above the table on pages 1 and 2 and 'REITS' and 'Separate Accounts' above their own tables on page 3; source_table on pages 1 and 2, because A's 'UNTITLED_TABLE_1' is a placeholder the page never prints; and asset_class 'Real Estate', the printed grouping that governs every row. From A: source_column_label and metric_name 'Total Capital Contributed' and 'Total Capital Distributed', because the header wraps 'Total Capital' onto its own line above each of those two columns separately instead of spanning them, and page 3 prints 'Total Capital Distributed' on one line where both lanes agree; currency_scale, which A correctly leaves blank on irr and tvpi rows while B stamps '($ in millions)' onto a percentage and a multiple; and evidence_quote, because A cites the full printed partnership line while B cites the bare value, which proves only that those digits occur somewhere on the page. subject_type corrected to 'fund' on every partnership row: both lanes wrote 'investment', but the entity column is headed 'Partnership' and each row is a named vehicle the fund committed capital to, not a holding inside one.",RESOLVED,A+B+ADJUDICATOR,504abfe06fcde5e187ef74247e28f97eecec00313f5079c91e05fbdaea023159
dcf385fb33e9f94c0719,SRC058,2,PAIR_B46517AEA309CBCD07DF6389,B_ONLY,,522,,MERGE,"The same printed cell reached adjudication twice because the lanes keyed it differently, so it is published once here and its twin is rejected. The printed row label carries a colon, 'Grand Total(s):', which is B's reading, and the printed column headers are 'Total Capital Contributed' and 'Total Capital Distributed', which is A's. subject_name is the portfolio the total belongs to, not the words 'Grand Total(s)', which are a row label and name no entity. Field rulings otherwise as on every paired row: source_section, source_table and asset_class from B; currency_scale (blank on the multiple) and the full-line evidence_quote from A.",RESOLVED,B+ADJUDICATOR,504abfe06fcde5e187ef74247e28f97eecec00313f5079c91e05fbdaea023159
3ce603ba397f1cb3737b,SRC058,2,PAIR_C8CC319850BD8E3CD8505B34,B_ONLY,,525,,MERGE,"The same printed cell reached adjudication twice because the lanes keyed it differently, so it is published once here and its twin is rejected. The printed row label carries a colon, 'Grand Total(s):', which is B's reading, and the printed column headers are 'Total Capital Contributed' and 'Total Capital Distributed', which is A's. subject_name is the portfolio the total belongs to, not the words 'Grand Total(s)', which are a row label and name no entity. Field rulings otherwise as on every paired row: source_section, source_table and asset_class from B; currency_scale (blank on the multiple) and the full-line evidence_quote from A.; Source review: p2: Retirement Fund (The portfolio report distinguishes investor positions from its aggregate rows.) | p2: Retirement Fund (Printed heading or definition supporting the source-reviewed qualifier.) | p2: Retirement Fund (Supersedes SR2172: the printed entity or table label is context, not a measurement basis; source labels retain its scope.)",RESOLVED,B+ADJUDICATOR,504abfe06fcde5e187ef74247e28f97eecec00313f5079c91e05fbdaea023159
153662f862b7adf61d38,SRC058,2,PAIR_48AF4C8EDFF2035D57E5EBD8,B_ONLY,,523,,MERGE,"The same printed cell reached adjudication twice because the lanes keyed it differently, so it is published once here and its twin is rejected. The printed row label carries a colon, 'Grand Total(s):', which is B's reading, and the printed column headers are 'Total Capital Contributed' and 'Total Capital Distributed', which is A's. subject_name is the portfolio the total belongs to, not the words 'Grand Total(s)', which are a row label and name no entity. Field rulings otherwise as on every paired row: source_section, source_table and asset_class from B; currency_scale (blank on the multiple) and the full-line evidence_quote from A.",RESOLVED,B+ADJUDICATOR,504abfe06fcde5e187ef74247e28f97eecec00313f5079c91e05fbdaea023159
71a0c3f663f167157378,SRC058,2,PAIR_073E6BBFBC21BBA6163303F1,B_ONLY,,524,,MERGE,"The same printed cell reached adjudication twice because the lanes keyed it differently, so it is published once here and its twin is rejected. The printed row label carries a colon, 'Grand Total(s):', which is B's reading, and the printed column headers are 'Total Capital Contributed' and 'Total Capital Distributed', which is A's. subject_name is the portfolio the total belongs to, not the words 'Grand Total(s)', which are a row label and name no entity. Field rulings otherwise as on every paired row: source_section, source_table and asset_class from B; currency_scale (blank on the multiple) and the full-line evidence_quote from A.",RESOLVED,B+ADJUDICATOR,504abfe06fcde5e187ef74247e28f97eecec00313f5079c91e05fbdaea023159
40d9bfd1b27c664b066e,SRC058,2,PAIR_B5EA501BB9BFB86D6411E4AA,B_ONLY,,526,,MERGE,"The same printed cell reached adjudication twice because the lanes keyed it differently, so it is published once here and its twin is rejected. The printed row label carries a colon, 'Grand Total(s):', which is B's reading, and the printed column headers are 'Total Capital Contributed' and 'Total Capital Distributed', which is A's. subject_name is the portfolio the total belongs to, not the words 'Grand Total(s)', which are a row label and name no entity. Field rulings otherwise as on every paired row: source_section, source_table and asset_class from B; currency_scale (blank on the multiple) and the full-line evidence_quote from A.",RESOLVED,B+ADJUDICATOR,504abfe06fcde5e187ef74247e28f97eecec00313f5079c91e05fbdaea023159
d8dc3dd6e207d003b638,SRC058,2,PAIR_01EF6A976C6DF1B0D8CF1A98,CONTEXT_CONFLICT,527,527,source_section|source_table|asset_class|evidence_quote,MERGE,"MERGE, one ruling applied to every paired row because the two lanes differ the same way on all of them and neither is complete. From B: source_section, which A left blank on all three pages although 'Real Estate Portfolio' is printed above the table on pages 1 and 2 and 'REITS' and 'Separate Accounts' above their own tables on page 3; source_table on pages 1 and 2, because A's 'UNTITLED_TABLE_1' is a placeholder the page never prints; and asset_class 'Real Estate', the printed grouping that governs every row. From A: source_column_label and metric_name 'Total Capital Contributed' and 'Total Capital Distributed', because the header wraps 'Total Capital' onto its own line above each of those two columns separately instead of spanning them, and page 3 prints 'Total Capital Distributed' on one line where both lanes agree; currency_scale, which A correctly leaves blank on irr and tvpi rows while B stamps '($ in millions)' onto a percentage and a multiple; and evidence_quote, because A cites the full printed partnership line while B cites the bare value, which proves only that those digits occur somewhere on the page. subject_type corrected to 'fund' on every partnership row: both lanes wrote 'investment', but the entity column is headed 'Partnership' and each row is a named vehicle the fund committed capital to, not a holding inside one.",RESOLVED,A+B+ADJUDICATOR,504abfe06fcde5e187ef74247e28f97eecec00313f5079c91e05fbdaea023159
392978ef3b2b9d611449,SRC058,2,PAIR_C5F2980403D242BB47BF4173,CONTEXT_CONFLICT,528,530,source_section|source_table|asset_class|evidence_quote,MERGE,"MERGE, one ruling applied to every paired row because the two lanes differ the same way on all of them and neither is complete. From B: source_section, which A left blank on all three pages although 'Real Estate Portfolio' is printed above the table on pages 1 and 2 and 'REITS' and 'Separate Accounts' above their own tables on page 3; source_table on pages 1 and 2, because A's 'UNTITLED_TABLE_1' is a placeholder the page never prints; and asset_class 'Real Estate', the printed grouping that governs every row. From A: source_column_label and metric_name 'Total Capital Contributed' and 'Total Capital Distributed', because the header wraps 'Total Capital' onto its own line above each of those two columns separately instead of spanning them, and page 3 prints 'Total Capital Distributed' on one line where both lanes agree; currency_scale, which A correctly leaves blank on irr and tvpi rows while B stamps '($ in millions)' onto a percentage and a multiple; and evidence_quote, because A cites the full printed partnership line while B cites the bare value, which proves only that those digits occur somewhere on the page. subject_type corrected to 'fund' on every partnership row: both lanes wrote 'investment', but the entity column is headed 'Partnership' and each row is a named vehicle the fund committed capital to, not a holding inside one.; Source review: p2: Retirement Fund (The portfolio report distinguishes investor positions from its aggregate rows.) | p2: Retirement Fund (Printed heading or definition supporting the source-reviewed qualifier.) | p2: Retirement Fund (Supersedes SR2173: the printed entity or table label is context, not a measurement basis; source labels retain its scope.)",RESOLVED,A+B+ADJUDICATOR,504abfe06fcde5e187ef74247e28f97eecec00313f5079c91e05fbdaea023159
90c7ea8b364870d0cd46,SRC058,2,PAIR_FB3BAB0297DD09F85A88CB97,A_ONLY,529,,,MERGE,"The same printed cell reached adjudication twice because the lanes keyed the column differently, so it is published once here and its twin is rejected. The printed header wraps 'Total Capital' onto its own line above this column rather than spanning two, so the full label is A's reading; source_section, source_table and asset_class come from B and the full-line evidence_quote from A, as on every paired row. subject_type corrected to 'fund'.",RESOLVED,A+ADJUDICATOR,504abfe06fcde5e187ef74247e28f97eecec00313f5079c91e05fbdaea023159
4df28af0c11fac25e2fa,SRC058,2,PAIR_033CC2619CE553F093D2F9FF,A_ONLY,530,,,MERGE,"The same printed cell reached adjudication twice because the lanes keyed the column differently, so it is published once here and its twin is rejected. The printed header wraps 'Total Capital' onto its own line above this column rather than spanning two, so the full label is A's reading; source_section, source_table and asset_class come from B and the full-line evidence_quote from A, as on every paired row. subject_type corrected to 'fund'.",RESOLVED,A+ADJUDICATOR,504abfe06fcde5e187ef74247e28f97eecec00313f5079c91e05fbdaea023159
60daeb4d0bf651e0f50d,SRC058,2,PAIR_B54B12F7A783E4A37312B047,CONTEXT_CONFLICT,531,531,source_section|source_table|asset_class|currency_scale|evidence_quote,MERGE,"MERGE, one ruling applied to every paired row because the two lanes differ the same way on all of them and neither is complete. From B: source_section, which A left blank on all three pages although 'Real Estate Portfolio' is printed above the table on pages 1 and 2 and 'REITS' and 'Separate Accounts' above their own tables on page 3; source_table on pages 1 and 2, because A's 'UNTITLED_TABLE_1' is a placeholder the page never prints; and asset_class 'Real Estate', the printed grouping that governs every row. From A: source_column_label and metric_name 'Total Capital Contributed' and 'Total Capital Distributed', because the header wraps 'Total Capital' onto its own line above each of those two columns separately instead of spanning them, and page 3 prints 'Total Capital Distributed' on one line where both lanes agree; currency_scale, which A correctly leaves blank on irr and tvpi rows while B stamps '($ in millions)' onto a percentage and a multiple; and evidence_quote, because A cites the full printed partnership line while B cites the bare value, which proves only that those digits occur somewhere on the page. subject_type corrected to 'fund' on every partnership row: both lanes wrote 'investment', but the entity column is headed 'Partnership' and each row is a named vehicle the fund committed capital to, not a holding inside one.",RESOLVED,A+B+ADJUDICATOR,504abfe06fcde5e187ef74247e28f97eecec00313f5079c91e05fbdaea023159
0c8eaa23717c1acdb522,SRC058,2,PAIR_8D4F84945D1A8BA8AB0D6287,CONTEXT_CONFLICT,532,532,source_section|source_table|asset_class|evidence_quote,MERGE,"MERGE, one ruling applied to every paired row because the two lanes differ the same way on all of them and neither is complete. From B: source_section, which A left blank on all three pages although 'Real Estate Portfolio' is printed above the table on pages 1 and 2 and 'REITS' and 'Separate Accounts' above their own tables on page 3; source_table on pages 1 and 2, because A's 'UNTITLED_TABLE_1' is a placeholder the page never prints; and asset_class 'Real Estate', the printed grouping that governs every row. From A: source_column_label and metric_name 'Total Capital Contributed' and 'Total Capital Distributed', because the header wraps 'Total Capital' onto its own line above each of those two columns separately instead of spanning them, and page 3 prints 'Total Capital Distributed' on one line where both lanes agree; currency_scale, which A correctly leaves blank on irr and tvpi rows while B stamps '($ in millions)' onto a percentage and a multiple; and evidence_quote, because A cites the full printed partnership line while B cites the bare value, which proves only that those digits occur somewhere on the page. subject_type corrected to 'fund' on every partnership row: both lanes wrote 'investment', but the entity column is headed 'Partnership' and each row is a named vehicle the fund committed capital to, not a holding inside one.",RESOLVED,A+B+ADJUDICATOR,504abfe06fcde5e187ef74247e28f97eecec00313f5079c91e05fbdaea023159
b62d87480c193dd91859,SRC058,2,PAIR_C3F72CE938C05C8B9449FBB8,CONTEXT_CONFLICT,533,535,source_section|source_table|asset_class|evidence_quote,MERGE,"MERGE, one ruling applied to every paired row because the two lanes differ the same way on all of them and neither is complete. From B: source_section, which A left blank on all three pages although 'Real Estate Portfolio' is printed above the table on pages 1 and 2 and 'REITS' and 'Separate Accounts' above their own tables on page 3; source_table on pages 1 and 2, because A's 'UNTITLED_TABLE_1' is a placeholder the page never prints; and asset_class 'Real Estate', the printed grouping that governs every row. From A: source_column_label and metric_name 'Total Capital Contributed' and 'Total Capital Distributed', because the header wraps 'Total Capital' onto its own line above each of those two columns separately instead of spanning them, and page 3 prints 'Total Capital Distributed' on one line where both lanes agree; currency_scale, which A correctly leaves blank on irr and tvpi rows while B stamps '($ in millions)' onto a percentage and a multiple; and evidence_quote, because A cites the full printed partnership line while B cites the bare value, which proves only that those digits occur somewhere on the page. subject_type corrected to 'fund' on every partnership row: both lanes wrote 'investment', but the entity column is headed 'Partnership' and each row is a named vehicle the fund committed capital to, not a holding inside one.; Source review: p2: Retirement Fund (The portfolio report distinguishes investor positions from its aggregate rows.) | p2: Retirement Fund (Printed heading or definition supporting the source-reviewed qualifier.) | p2: Retirement Fund (Supersedes SR2174: the printed entity or table label is context, not a measurement basis; source labels retain its scope.)",RESOLVED,A+B+ADJUDICATOR,504abfe06fcde5e187ef74247e28f97eecec00313f5079c91e05fbdaea023159
0d29ee63c41addb783c4,SRC058,2,PAIR_F025ADE935C3CC4B07A41AC9,CONTEXT_CONFLICT,534,536,source_section|source_table|asset_class|currency_scale|evidence_quote,MERGE,"MERGE, one ruling applied to every paired row because the two lanes differ the same way on all of them and neither is complete. From B: source_section, which A left blank on all three pages although 'Real Estate Portfolio' is printed above the table on pages 1 and 2 and 'REITS' and 'Separate Accounts' above their own tables on page 3; source_table on pages 1 and 2, because A's 'UNTITLED_TABLE_1' is a placeholder the page never prints; and asset_class 'Real Estate', the printed grouping that governs every row. From A: source_column_label and metric_name 'Total Capital Contributed' and 'Total Capital Distributed', because the header wraps 'Total Capital' onto its own line above each of those two columns separately instead of spanning them, and page 3 prints 'Total Capital Distributed' on one line where both lanes agree; currency_scale, which A correctly leaves blank on irr and tvpi rows while B stamps '($ in millions)' onto a percentage and a multiple; and evidence_quote, because A cites the full printed partnership line while B cites the bare value, which proves only that those digits occur somewhere on the page. subject_type corrected to 'fund' on every partnership row: both lanes wrote 'investment', but the entity column is headed 'Partnership' and each row is a named vehicle the fund committed capital to, not a holding inside one.; Source review: p2: IRR (All report pages were reviewed; no fee-basis statement qualifies this IRR.)",RESOLVED,A+B+ADJUDICATOR,504abfe06fcde5e187ef74247e28f97eecec00313f5079c91e05fbdaea023159
ada6eee61e0f6832ec38,SRC058,2,PAIR_35DE975F4F4962FEA618BD52,CONTEXT_CONFLICT,535,533,source_section|source_table|source_column_label|asset_class|metric_name|evidence_quote,MERGE,"MERGE, one ruling applied to every paired row because the two lanes differ the same way on all of them and neither is complete. From B: source_section, which A left blank on all three pages although 'Real Estate Portfolio' is printed above the table on pages 1 and 2 and 'REITS' and 'Separate Accounts' above their own tables on page 3; source_table on pages 1 and 2, because A's 'UNTITLED_TABLE_1' is a placeholder the page never prints; and asset_class 'Real Estate', the printed grouping that governs every row. From A: source_column_label and metric_name 'Total Capital Contributed' and 'Total Capital Distributed', because the header wraps 'Total Capital' onto its own line above each of those two columns separately instead of spanning them, and page 3 prints 'Total Capital Distributed' on one line where both lanes agree; currency_scale, which A correctly leaves blank on irr and tvpi rows while B stamps '($ in millions)' onto a percentage and a multiple; and evidence_quote, because A cites the full printed partnership line while B cites the bare value, which proves only that those digits occur somewhere on the page. subject_type corrected to 'fund' on every partnership row: both lanes wrote 'investment', but the entity column is headed 'Partnership' and each row is a named vehicle the fund committed capital to, not a holding inside one.",RESOLVED,A+B+ADJUDICATOR,504abfe06fcde5e187ef74247e28f97eecec00313f5079c91e05fbdaea023159
336f04b2d6f25d33832b,SRC058,2,PAIR_2235D29A02C1799AE33CE89A,CONTEXT_CONFLICT,536,534,source_section|source_table|source_column_label|asset_class|metric_name|evidence_quote,MERGE,"MERGE, one ruling applied to every paired row because the two lanes differ the same way on all of them and neither is complete. From B: source_section, which A left blank on all three pages although 'Real Estate Portfolio' is printed above the table on pages 1 and 2 and 'REITS' and 'Separate Accounts' above their own tables on page 3; source_table on pages 1 and 2, because A's 'UNTITLED_TABLE_1' is a placeholder the page never prints; and asset_class 'Real Estate', the printed grouping that governs every row. From A: source_column_label and metric_name 'Total Capital Contributed' and 'Total Capital Distributed', because the header wraps 'Total Capital' onto its own line above each of those two columns separately instead of spanning them, and page 3 prints 'Total Capital Distributed' on one line where both lanes agree; currency_scale, which A correctly leaves blank on irr and tvpi rows while B stamps '($ in millions)' onto a percentage and a multiple; and evidence_quote, because A cites the full printed partnership line while B cites the bare value, which proves only that those digits occur somewhere on the page. subject_type corrected to 'fund' on every partnership row: both lanes wrote 'investment', but the entity column is headed 'Partnership' and each row is a named vehicle the fund committed capital to, not a holding inside one.",RESOLVED,A+B+ADJUDICATOR,504abfe06fcde5e187ef74247e28f97eecec00313f5079c91e05fbdaea023159
253921b9f2d13ab6cd29,SRC058,2,PAIR_C92A54E0BD491E1BD85E6174,CONTEXT_CONFLICT,537,537,source_section|source_table|asset_class|currency_scale|evidence_quote,MERGE,"MERGE, one ruling applied to every paired row because the two lanes differ the same way on all of them and neither is complete. From B: source_section, which A left blank on all three pages although 'Real Estate Portfolio' is printed above the table on pages 1 and 2 and 'REITS' and 'Separate Accounts' above their own tables on page 3; source_table on pages 1 and 2, because A's 'UNTITLED_TABLE_1' is a placeholder the page never prints; and asset_class 'Real Estate', the printed grouping that governs every row. From A: source_column_label and metric_name 'Total Capital Contributed' and 'Total Capital Distributed', because the header wraps 'Total Capital' onto its own line above each of those two columns separately instead of spanning them, and page 3 prints 'Total Capital Distributed' on one line where both lanes agree; currency_scale, which A correctly leaves blank on irr and tvpi rows while B stamps '($ in millions)' onto a percentage and a multiple; and evidence_quote, because A cites the full printed partnership line while B cites the bare value, which proves only that those digits occur somewhere on the page. subject_type corrected to 'fund' on every partnership row: both lanes wrote 'investment', but the entity column is headed 'Partnership' and each row is a named vehicle the fund committed capital to, not a holding inside one.",RESOLVED,A+B+ADJUDICATOR,504abfe06fcde5e187ef74247e28f97eecec00313f5079c91e05fbdaea023159
8ac798e3547f02070645,SRC058,2,PAIR_4D32EE238C70841E61543957,CONTEXT_CONFLICT,538,538,source_section|source_table|asset_class|evidence_quote,MERGE,"MERGE, one ruling applied to every paired row because the two lanes differ the same way on all of them and neither is complete. From B: source_section, which A left blank on all three pages although 'Real Estate Portfolio' is printed above the table on pages 1 and 2 and 'REITS' and 'Separate Accounts' above their own tables on page 3; source_table on pages 1 and 2, because A's 'UNTITLED_TABLE_1' is a placeholder the page never prints; and asset_class 'Real Estate', the printed grouping that governs every row. From A: source_column_label and metric_name 'Total Capital Contributed' and 'Total Capital Distributed', because the header wraps 'Total Capital' onto its own line above each of those two columns separately instead of spanning them, and page 3 prints 'Total Capital Distributed' on one line where both lanes agree; currency_scale, which A correctly leaves blank on irr and tvpi rows while B stamps '($ in millions)' onto a percentage and a multiple; and evidence_quote, because A cites the full printed partnership line while B cites the bare value, which proves only that those digits occur somewhere on the page. subject_type corrected to 'fund' on every partnership row: both lanes wrote 'investment', but the entity column is headed 'Partnership' and each row is a named vehicle the fund committed capital to, not a holding inside one.",RESOLVED,A+B+ADJUDICATOR,504abfe06fcde5e187ef74247e28f97eecec00313f5079c91e05fbdaea023159
915aee8ded7a0495a45c,SRC058,2,PAIR_3ED1D6E46D6A126A7C66262D,CONTEXT_CONFLICT,539,541,source_section|source_table|asset_class|evidence_quote,MERGE,"MERGE, one ruling applied to every paired row because the two lanes differ the same way on all of them and neither is complete. From B: source_section, which A left blank on all three pages although 'Real Estate Portfolio' is printed above the table on pages 1 and 2 and 'REITS' and 'Separate Accounts' above their own tables on page 3; source_table on pages 1 and 2, because A's 'UNTITLED_TABLE_1' is a placeholder the page never prints; and asset_class 'Real Estate', the printed grouping that governs every row. From A: source_column_label and metric_name 'Total Capital Contributed' and 'Total Capital Distributed', because the header wraps 'Total Capital' onto its own line above each of those two columns separately instead of spanning them, and page 3 prints 'Total Capital Distributed' on one line where both lanes agree; currency_scale, which A correctly leaves blank on irr and tvpi rows while B stamps '($ in millions)' onto a percentage and a multiple; and evidence_quote, because A cites the full printed partnership line while B cites the bare value, which proves only that those digits occur somewhere on the page. subject_type corrected to 'fund' on every partnership row: both lanes wrote 'investment', but the entity column is headed 'Partnership' and each row is a named vehicle the fund committed capital to, not a holding inside one.; Source review: p2: Retirement Fund (The portfolio report distinguishes investor positions from its aggregate rows.) | p2: Retirement Fund (Printed heading or definition supporting the source-reviewed qualifier.) | p2: Retirement Fund (Supersedes SR2175: the printed entity or table label is context, not a measurement basis; source labels retain its scope.)",RESOLVED,A+B+ADJUDICATOR,504abfe06fcde5e187ef74247e28f97eecec00313f5079c91e05fbdaea023159
be7f9457ac02942b6ce3,SRC058,2,PAIR_BA53D374477DEAC1E78411FE,CONTEXT_CONFLICT,540,542,source_section|source_table|asset_class|currency_scale|evidence_quote,MERGE,"MERGE, one ruling applied to every paired row because the two lanes differ the same way on all of them and neither is complete. From B: source_section, which A left blank on all three pages although 'Real Estate Portfolio' is printed above the table on pages 1 and 2 and 'REITS' and 'Separate Accounts' above their own tables on page 3; source_table on pages 1 and 2, because A's 'UNTITLED_TABLE_1' is a placeholder the page never prints; and asset_class 'Real Estate', the printed grouping that governs every row. From A: source_column_label and metric_name 'Total Capital Contributed' and 'Total Capital Distributed', because the header wraps 'Total Capital' onto its own line above each of those two columns separately instead of spanning them, and page 3 prints 'Total Capital Distributed' on one line where both lanes agree; currency_scale, which A correctly leaves blank on irr and tvpi rows while B stamps '($ in millions)' onto a percentage and a multiple; and evidence_quote, because A cites the full printed partnership line while B cites the bare value, which proves only that those digits occur somewhere on the page. subject_type corrected to 'fund' on every partnership row: both lanes wrote 'investment', but the entity column is headed 'Partnership' and each row is a named vehicle the fund committed capital to, not a holding inside one.; Source review: p2: IRR (All report pages were reviewed; no fee-basis statement qualifies this IRR.)",RESOLVED,A+B+ADJUDICATOR,504abfe06fcde5e187ef74247e28f97eecec00313f5079c91e05fbdaea023159
941e9eeb681bac27c04c,SRC058,2,PAIR_1BCC02310C753E71034DE558,CONTEXT_CONFLICT,541,539,source_section|source_table|source_column_label|asset_class|metric_name|evidence_quote,MERGE,"MERGE, one ruling applied to every paired row because the two lanes differ the same way on all of them and neither is complete. From B: source_section, which A left blank on all three pages although 'Real Estate Portfolio' is printed above the table on pages 1 and 2 and 'REITS' and 'Separate Accounts' above their own tables on page 3; source_table on pages 1 and 2, because A's 'UNTITLED_TABLE_1' is a placeholder the page never prints; and asset_class 'Real Estate', the printed grouping that governs every row. From A: source_column_label and metric_name 'Total Capital Contributed' and 'Total Capital Distributed', because the header wraps 'Total Capital' onto its own line above each of those two columns separately instead of spanning them, and page 3 prints 'Total Capital Distributed' on one line where both lanes agree; currency_scale, which A correctly leaves blank on irr and tvpi rows while B stamps '($ in millions)' onto a percentage and a multiple; and evidence_quote, because A cites the full printed partnership line while B cites the bare value, which proves only that those digits occur somewhere on the page. subject_type corrected to 'fund' on every partnership row: both lanes wrote 'investment', but the entity column is headed 'Partnership' and each row is a named vehicle the fund committed capital to, not a holding inside one.",RESOLVED,A+B+ADJUDICATOR,504abfe06fcde5e187ef74247e28f97eecec00313f5079c91e05fbdaea023159
01e0b70351a5ba16f845,SRC058,2,PAIR_0F0D55F946285114D231B510,CONTEXT_CONFLICT,542,540,source_section|source_table|source_column_label|asset_class|metric_name|evidence_quote,MERGE,"MERGE, one ruling applied to every paired row because the two lanes differ the same way on all of them and neither is complete. From B: source_section, which A left blank on all three pages although 'Real Estate Portfolio' is printed above the table on pages 1 and 2 and 'REITS' and 'Separate Accounts' above their own tables on page 3; source_table on pages 1 and 2, because A's 'UNTITLED_TABLE_1' is a placeholder the page never prints; and asset_class 'Real Estate', the printed grouping that governs every row. From A: source_column_label and metric_name 'Total Capital Contributed' and 'Total Capital Distributed', because the header wraps 'Total Capital' onto its own line above each of those two columns separately instead of spanning them, and page 3 prints 'Total Capital Distributed' on one line where both lanes agree; currency_scale, which A correctly leaves blank on irr and tvpi rows while B stamps '($ in millions)' onto a percentage and a multiple; and evidence_quote, because A cites the full printed partnership line while B cites the bare value, which proves only that those digits occur somewhere on the page. subject_type corrected to 'fund' on every partnership row: both lanes wrote 'investment', but the entity column is headed 'Partnership' and each row is a named vehicle the fund committed capital to, not a holding inside one.",RESOLVED,A+B+ADJUDICATOR,504abfe06fcde5e187ef74247e28f97eecec00313f5079c91e05fbdaea023159
49319cb17e6ba21d5385,SRC058,2,PAIR_F48A6B87CF8256037FB17F46,CONTEXT_CONFLICT,543,543,source_section|source_table|asset_class|currency_scale|evidence_quote,MERGE,"MERGE, one ruling applied to every paired row because the two lanes differ the same way on all of them and neither is complete. From B: source_section, which A left blank on all three pages although 'Real Estate Portfolio' is printed above the table on pages 1 and 2 and 'REITS' and 'Separate Accounts' above their own tables on page 3; source_table on pages 1 and 2, because A's 'UNTITLED_TABLE_1' is a placeholder the page never prints; and asset_class 'Real Estate', the printed grouping that governs every row. From A: source_column_label and metric_name 'Total Capital Contributed' and 'Total Capital Distributed', because the header wraps 'Total Capital' onto its own line above each of those two columns separately instead of spanning them, and page 3 prints 'Total Capital Distributed' on one line where both lanes agree; currency_scale, which A correctly leaves blank on irr and tvpi rows while B stamps '($ in millions)' onto a percentage and a multiple; and evidence_quote, because A cites the full printed partnership line while B cites the bare value, which proves only that those digits occur somewhere on the page. subject_type corrected to 'fund' on every partnership row: both lanes wrote 'investment', but the entity column is headed 'Partnership' and each row is a named vehicle the fund committed capital to, not a holding inside one.",RESOLVED,A+B+ADJUDICATOR,504abfe06fcde5e187ef74247e28f97eecec00313f5079c91e05fbdaea023159
752d95e9fa8470d349b0,SRC058,2,PAIR_24B40DD6401475BACEF3E89C,CONTEXT_CONFLICT,544,544,source_section|source_table|asset_class|evidence_quote,MERGE,"MERGE, one ruling applied to every paired row because the two lanes differ the same way on all of them and neither is complete. From B: source_section, which A left blank on all three pages although 'Real Estate Portfolio' is printed above the table on pages 1 and 2 and 'REITS' and 'Separate Accounts' above their own tables on page 3; source_table on pages 1 and 2, because A's 'UNTITLED_TABLE_1' is a placeholder the page never prints; and asset_class 'Real Estate', the printed grouping that governs every row. From A: source_column_label and metric_name 'Total Capital Contributed' and 'Total Capital Distributed', because the header wraps 'Total Capital' onto its own line above each of those two columns separately instead of spanning them, and page 3 prints 'Total Capital Distributed' on one line where both lanes agree; currency_scale, which A correctly leaves blank on irr and tvpi rows while B stamps '($ in millions)' onto a percentage and a multiple; and evidence_quote, because A cites the full printed partnership line while B cites the bare value, which proves only that those digits occur somewhere on the page. subject_type corrected to 'fund' on every partnership row: both lanes wrote 'investment', but the entity column is headed 'Partnership' and each row is a named vehicle the fund committed capital to, not a holding inside one.",RESOLVED,A+B+ADJUDICATOR,504abfe06fcde5e187ef74247e28f97eecec00313f5079c91e05fbdaea023159
cc83af811e1c9df7f016,SRC058,2,PAIR_37F8F72F64724B3970C24DEC,CONTEXT_CONFLICT,545,547,source_section|source_table|asset_class|evidence_quote,MERGE,"MERGE, one ruling applied to every paired row because the two lanes differ the same way on all of them and neither is complete. From B: source_section, which A left blank on all three pages although 'Real Estate Portfolio' is printed above the table on pages 1 and 2 and 'REITS' and 'Separate Accounts' above their own tables on page 3; source_table on pages 1 and 2, because A's 'UNTITLED_TABLE_1' is a placeholder the page never prints; and asset_class 'Real Estate', the printed grouping that governs every row. From A: source_column_label and metric_name 'Total Capital Contributed' and 'Total Capital Distributed', because the header wraps 'Total Capital' onto its own line above each of those two columns separately instead of spanning them, and page 3 prints 'Total Capital Distributed' on one line where both lanes agree; currency_scale, which A correctly leaves blank on irr and tvpi rows while B stamps '($ in millions)' onto a percentage and a multiple; and evidence_quote, because A cites the full printed partnership line while B cites the bare value, which proves only that those digits occur somewhere on the page. subject_type corrected to 'fund' on every partnership row: both lanes wrote 'investment', but the entity column is headed 'Partnership' and each row is a named vehicle the fund committed capital to, not a holding inside one.; Source review: p2: Retirement Fund (The portfolio report distinguishes investor positions from its aggregate rows.) | p2: Retirement Fund (Printed heading or definition supporting the source-reviewed qualifier.) | p2: Retirement Fund (Supersedes SR2176: the printed entity or table label is context, not a measurement basis; source labels retain its scope.)",RESOLVED,A+B+ADJUDICATOR,504abfe06fcde5e187ef74247e28f97eecec00313f5079c91e05fbdaea023159
f10b9f532e8def227ce7,SRC058,2,PAIR_16E3A1D9B13EF7119F423E3D,CONTEXT_CONFLICT,546,548,source_section|source_table|asset_class|currency_scale|evidence_quote,MERGE,"MERGE, one ruling applied to every paired row because the two lanes differ the same way on all of them and neither is complete. From B: source_section, which A left blank on all three pages although 'Real Estate Portfolio' is printed above the table on pages 1 and 2 and 'REITS' and 'Separate Accounts' above their own tables on page 3; source_table on pages 1 and 2, because A's 'UNTITLED_TABLE_1' is a placeholder the page never prints; and asset_class 'Real Estate', the printed grouping that governs every row. From A: source_column_label and metric_name 'Total Capital Contributed' and 'Total Capital Distributed', because the header wraps 'Total Capital' onto its own line above each of those two columns separately instead of spanning them, and page 3 prints 'Total Capital Distributed' on one line where both lanes agree; currency_scale, which A correctly leaves blank on irr and tvpi rows while B stamps '($ in millions)' onto a percentage and a multiple; and evidence_quote, because A cites the full printed partnership line while B cites the bare value, which proves only that those digits occur somewhere on the page. subject_type corrected to 'fund' on every partnership row: both lanes wrote 'investment', but the entity column is headed 'Partnership' and each row is a named vehicle the fund committed capital to, not a holding inside one.; Source review: p2: IRR (All report pages were reviewed; no fee-basis statement qualifies this IRR.)",RESOLVED,A+B+ADJUDICATOR,504abfe06fcde5e187ef74247e28f97eecec00313f5079c91e05fbdaea023159
6bbf4d147348c48e86db,SRC058,2,PAIR_EFE561BC0E974B0FA4D5EC68,CONTEXT_CONFLICT,547,545,source_section|source_table|source_column_label|asset_class|metric_name|evidence_quote,MERGE,"MERGE, one ruling applied to every paired row because the two lanes differ the same way on all of them and neither is complete. From B: source_section, which A left blank on all three pages although 'Real Estate Portfolio' is printed above the table on pages 1 and 2 and 'REITS' and 'Separate Accounts' above their own tables on page 3; source_table on pages 1 and 2, because A's 'UNTITLED_TABLE_1' is a placeholder the page never prints; and asset_class 'Real Estate', the printed grouping that governs every row. From A: source_column_label and metric_name 'Total Capital Contributed' and 'Total Capital Distributed', because the header wraps 'Total Capital' onto its own line above each of those two columns separately instead of spanning them, and page 3 prints 'Total Capital Distributed' on one line where both lanes agree; currency_scale, which A correctly leaves blank on irr and tvpi rows while B stamps '($ in millions)' onto a percentage and a multiple; and evidence_quote, because A cites the full printed partnership line while B cites the bare value, which proves only that those digits occur somewhere on the page. subject_type corrected to 'fund' on every partnership row: both lanes wrote 'investment', but the entity column is headed 'Partnership' and each row is a named vehicle the fund committed capital to, not a holding inside one.",RESOLVED,A+B+ADJUDICATOR,504abfe06fcde5e187ef74247e28f97eecec00313f5079c91e05fbdaea023159
af3cc05f85d3f1877eaf,SRC058,2,PAIR_99AD7CA6D5A568798257D94F,CONTEXT_CONFLICT,548,546,source_section|source_table|source_column_label|asset_class|metric_name|evidence_quote,MERGE,"MERGE, one ruling applied to every paired row because the two lanes differ the same way on all of them and neither is complete. From B: source_section, which A left blank on all three pages although 'Real Estate Portfolio' is printed above the table on pages 1 and 2 and 'REITS' and 'Separate Accounts' above their own tables on page 3; source_table on pages 1 and 2, because A's 'UNTITLED_TABLE_1' is a placeholder the page never prints; and asset_class 'Real Estate', the printed grouping that governs every row. From A: source_column_label and metric_name 'Total Capital Contributed' and 'Total Capital Distributed', because the header wraps 'Total Capital' onto its own line above each of those two columns separately instead of spanning them, and page 3 prints 'Total Capital Distributed' on one line where both lanes agree; currency_scale, which A correctly leaves blank on irr and tvpi rows while B stamps '($ in millions)' onto a percentage and a multiple; and evidence_quote, because A cites the full printed partnership line while B cites the bare value, which proves only that those digits occur somewhere on the page. subject_type corrected to 'fund' on every partnership row: both lanes wrote 'investment', but the entity column is headed 'Partnership' and each row is a named vehicle the fund committed capital to, not a holding inside one.",RESOLVED,A+B+ADJUDICATOR,504abfe06fcde5e187ef74247e28f97eecec00313f5079c91e05fbdaea023159
58d05dbe881df0b95f87,SRC058,2,PAIR_C3C419BEE4A27C15FE5E6E0C,CONTEXT_CONFLICT,549,549,source_section|source_table|asset_class|currency_scale|evidence_quote,MERGE,"MERGE, one ruling applied to every paired row because the two lanes differ the same way on all of them and neither is complete. From B: source_section, which A left blank on all three pages although 'Real Estate Portfolio' is printed above the table on pages 1 and 2 and 'REITS' and 'Separate Accounts' above their own tables on page 3; source_table on pages 1 and 2, because A's 'UNTITLED_TABLE_1' is a placeholder the page never prints; and asset_class 'Real Estate', the printed grouping that governs every row. From A: source_column_label and metric_name 'Total Capital Contributed' and 'Total Capital Distributed', because the header wraps 'Total Capital' onto its own line above each of those two columns separately instead of spanning them, and page 3 prints 'Total Capital Distributed' on one line where both lanes agree; currency_scale, which A correctly leaves blank on irr and tvpi rows while B stamps '($ in millions)' onto a percentage and a multiple; and evidence_quote, because A cites the full printed partnership line while B cites the bare value, which proves only that those digits occur somewhere on the page. subject_type corrected to 'fund' on every partnership row: both lanes wrote 'investment', but the entity column is headed 'Partnership' and each row is a named vehicle the fund committed capital to, not a holding inside one.",RESOLVED,A+B+ADJUDICATOR,504abfe06fcde5e187ef74247e28f97eecec00313f5079c91e05fbdaea023159
5931ae0265a3fbf287c3,SRC058,2,PAIR_43665B93E8F3F95A3600A2D0,CONTEXT_CONFLICT,550,550,source_section|source_table|asset_class|evidence_quote,MERGE,"MERGE, one ruling applied to every paired row because the two lanes differ the same way on all of them and neither is complete. From B: source_section, which A left blank on all three pages although 'Real Estate Portfolio' is printed above the table on pages 1 and 2 and 'REITS' and 'Separate Accounts' above their own tables on page 3; source_table on pages 1 and 2, because A's 'UNTITLED_TABLE_1' is a placeholder the page never prints; and asset_class 'Real Estate', the printed grouping that governs every row. From A: source_column_label and metric_name 'Total Capital Contributed' and 'Total Capital Distributed', because the header wraps 'Total Capital' onto its own line above each of those two columns separately instead of spanning them, and page 3 prints 'Total Capital Distributed' on one line where both lanes agree; currency_scale, which A correctly leaves blank on irr and tvpi rows while B stamps '($ in millions)' onto a percentage and a multiple; and evidence_quote, because A cites the full printed partnership line while B cites the bare value, which proves only that those digits occur somewhere on the page. subject_type corrected to 'fund' on every partnership row: both lanes wrote 'investment', but the entity column is headed 'Partnership' and each row is a named vehicle the fund committed capital to, not a holding inside one.",RESOLVED,A+B+ADJUDICATOR,504abfe06fcde5e187ef74247e28f97eecec00313f5079c91e05fbdaea023159
c8177cf9a5336bb4eafe,SRC058,2,PAIR_880D860FDC9DA18EE7A1EBD8,CONTEXT_CONFLICT,551,553,source_section|source_table|asset_class|evidence_quote,MERGE,"MERGE, one ruling applied to every paired row because the two lanes differ the same way on all of them and neither is complete. From B: source_section, which A left blank on all three pages although 'Real Estate Portfolio' is printed above the table on pages 1 and 2 and 'REITS' and 'Separate Accounts' above their own tables on page 3; source_table on pages 1 and 2, because A's 'UNTITLED_TABLE_1' is a placeholder the page never prints; and asset_class 'Real Estate', the printed grouping that governs every row. From A: source_column_label and metric_name 'Total Capital Contributed' and 'Total Capital Distributed', because the header wraps 'Total Capital' onto its own line above each of those two columns separately instead of spanning them, and page 3 prints 'Total Capital Distributed' on one line where both lanes agree; currency_scale, which A correctly leaves blank on irr and tvpi rows while B stamps '($ in millions)' onto a percentage and a multiple; and evidence_quote, because A cites the full printed partnership line while B cites the bare value, which proves only that those digits occur somewhere on the page. subject_type corrected to 'fund' on every partnership row: both lanes wrote 'investment', but the entity column is headed 'Partnership' and each row is a named vehicle the fund committed capital to, not a holding inside one.; Source review: p2: Retirement Fund (The portfolio report distinguishes investor positions from its aggregate rows.) | p2: Retirement Fund (Printed heading or definition supporting the source-reviewed qualifier.) | p2: Retirement Fund (Supersedes SR2177: the printed entity or table label is context, not a measurement basis; source labels retain its scope.)",RESOLVED,A+B+ADJUDICATOR,504abfe06fcde5e187ef74247e28f97eecec00313f5079c91e05fbdaea023159
25bca069518d1674c019,SRC058,2,PAIR_8F12946A78D723DAE9E0DF90,CONTEXT_CONFLICT,552,554,source_section|source_table|asset_class|currency_scale|evidence_quote,MERGE,"MERGE, one ruling applied to every paired row because the two lanes differ the same way on all of them and neither is complete. From B: source_section, which A left blank on all three pages although 'Real Estate Portfolio' is printed above the table on pages 1 and 2 and 'REITS' and 'Separate Accounts' above their own tables on page 3; source_table on pages 1 and 2, because A's 'UNTITLED_TABLE_1' is a placeholder the page never prints; and asset_class 'Real Estate', the printed grouping that governs every row. From A: source_column_label and metric_name 'Total Capital Contributed' and 'Total Capital Distributed', because the header wraps 'Total Capital' onto its own line above each of those two columns separately instead of spanning them, and page 3 prints 'Total Capital Distributed' on one line where both lanes agree; currency_scale, which A correctly leaves blank on irr and tvpi rows while B stamps '($ in millions)' onto a percentage and a multiple; and evidence_quote, because A cites the full printed partnership line while B cites the bare value, which proves only that those digits occur somewhere on the page. subject_type corrected to 'fund' on every partnership row: both lanes wrote 'investment', but the entity column is headed 'Partnership' and each row is a named vehicle the fund committed capital to, not a holding inside one.; Source review: p2: IRR (All report pages were reviewed; no fee-basis statement qualifies this IRR.)",RESOLVED,A+B+ADJUDICATOR,504abfe06fcde5e187ef74247e28f97eecec00313f5079c91e05fbdaea023159
e3d04a756a6022f2337b,SRC058,2,PAIR_2D8FF5767211B703E7206196,CONTEXT_CONFLICT,553,551,source_section|source_table|source_column_label|asset_class|metric_name|evidence_quote,MERGE,"MERGE, one ruling applied to every paired row because the two lanes differ the same way on all of them and neither is complete. From B: source_section, which A left blank on all three pages although 'Real Estate Portfolio' is printed above the table on pages 1 and 2 and 'REITS' and 'Separate Accounts' above their own tables on page 3; source_table on pages 1 and 2, because A's 'UNTITLED_TABLE_1' is a placeholder the page never prints; and asset_class 'Real Estate', the printed grouping that governs every row. From A: source_column_label and metric_name 'Total Capital Contributed' and 'Total Capital Distributed', because the header wraps 'Total Capital' onto its own line above each of those two columns separately instead of spanning them, and page 3 prints 'Total Capital Distributed' on one line where both lanes agree; currency_scale, which A correctly leaves blank on irr and tvpi rows while B stamps '($ in millions)' onto a percentage and a multiple; and evidence_quote, because A cites the full printed partnership line while B cites the bare value, which proves only that those digits occur somewhere on the page. subject_type corrected to 'fund' on every partnership row: both lanes wrote 'investment', but the entity column is headed 'Partnership' and each row is a named vehicle the fund committed capital to, not a holding inside one.",RESOLVED,A+B+ADJUDICATOR,504abfe06fcde5e187ef74247e28f97eecec00313f5079c91e05fbdaea023159
db223b36402145bc019d,SRC058,2,PAIR_8B60C959C25130CE5CF58ED5,CONTEXT_CONFLICT,554,552,source_section|source_table|source_column_label|asset_class|metric_name|evidence_quote,MERGE,"MERGE, one ruling applied to every paired row because the two lanes differ the same way on all of them and neither is complete. From B: source_section, which A left blank on all three pages although 'Real Estate Portfolio' is printed above the table on pages 1 and 2 and 'REITS' and 'Separate Accounts' above their own tables on page 3; source_table on pages 1 and 2, because A's 'UNTITLED_TABLE_1' is a placeholder the page never prints; and asset_class 'Real Estate', the printed grouping that governs every row. From A: source_column_label and metric_name 'Total Capital Contributed' and 'Total Capital Distributed', because the header wraps 'Total Capital' onto its own line above each of those two columns separately instead of spanning them, and page 3 prints 'Total Capital Distributed' on one line where both lanes agree; currency_scale, which A correctly leaves blank on irr and tvpi rows while B stamps '($ in millions)' onto a percentage and a multiple; and evidence_quote, because A cites the full printed partnership line while B cites the bare value, which proves only that those digits occur somewhere on the page. subject_type corrected to 'fund' on every partnership row: both lanes wrote 'investment', but the entity column is headed 'Partnership' and each row is a named vehicle the fund committed capital to, not a holding inside one.",RESOLVED,A+B+ADJUDICATOR,504abfe06fcde5e187ef74247e28f97eecec00313f5079c91e05fbdaea023159
4e30f31397c94c7cc116,SRC058,2,PAIR_E82F2E3647F34C4C2FF84C71,CONTEXT_CONFLICT,555,555,source_section|source_table|asset_class|currency_scale|evidence_quote,MERGE,"MERGE, one ruling applied to every paired row because the two lanes differ the same way on all of them and neither is complete. From B: source_section, which A left blank on all three pages although 'Real Estate Portfolio' is printed above the table on pages 1 and 2 and 'REITS' and 'Separate Accounts' above their own tables on page 3; source_table on pages 1 and 2, because A's 'UNTITLED_TABLE_1' is a placeholder the page never prints; and asset_class 'Real Estate', the printed grouping that governs every row. From A: source_column_label and metric_name 'Total Capital Contributed' and 'Total Capital Distributed', because the header wraps 'Total Capital' onto its own line above each of those two columns separately instead of spanning them, and page 3 prints 'Total Capital Distributed' on one line where both lanes agree; currency_scale, which A correctly leaves blank on irr and tvpi rows while B stamps '($ in millions)' onto a percentage and a multiple; and evidence_quote, because A cites the full printed partnership line while B cites the bare value, which proves only that those digits occur somewhere on the page. subject_type corrected to 'fund' on every partnership row: both lanes wrote 'investment', but the entity column is headed 'Partnership' and each row is a named vehicle the fund committed capital to, not a holding inside one.",RESOLVED,A+B+ADJUDICATOR,504abfe06fcde5e187ef74247e28f97eecec00313f5079c91e05fbdaea023159
9222853721f2d918116b,SRC058,2,PAIR_6CF1A12F3230CF203417E447,CONTEXT_CONFLICT,556,556,source_section|source_table|asset_class|evidence_quote,MERGE,"MERGE, one ruling applied to every paired row because the two lanes differ the same way on all of them and neither is complete. From B: source_section, which A left blank on all three pages although 'Real Estate Portfolio' is printed above the table on pages 1 and 2 and 'REITS' and 'Separate Accounts' above their own tables on page 3; source_table on pages 1 and 2, because A's 'UNTITLED_TABLE_1' is a placeholder the page never prints; and asset_class 'Real Estate', the printed grouping that governs every row. From A: source_column_label and metric_name 'Total Capital Contributed' and 'Total Capital Distributed', because the header wraps 'Total Capital' onto its own line above each of those two columns separately instead of spanning them, and page 3 prints 'Total Capital Distributed' on one line where both lanes agree; currency_scale, which A correctly leaves blank on irr and tvpi rows while B stamps '($ in millions)' onto a percentage and a multiple; and evidence_quote, because A cites the full printed partnership line while B cites the bare value, which proves only that those digits occur somewhere on the page. subject_type corrected to 'fund' on every partnership row: both lanes wrote 'investment', but the entity column is headed 'Partnership' and each row is a named vehicle the fund committed capital to, not a holding inside one.",RESOLVED,A+B+ADJUDICATOR,504abfe06fcde5e187ef74247e28f97eecec00313f5079c91e05fbdaea023159
ddda2650fad10287ac46,SRC058,2,PAIR_1274C4D1F5410EABC18AABEB,CONTEXT_CONFLICT,557,559,source_section|source_table|asset_class|evidence_quote,MERGE,"MERGE, one ruling applied to every paired row because the two lanes differ the same way on all of them and neither is complete. From B: source_section, which A left blank on all three pages although 'Real Estate Portfolio' is printed above the table on pages 1 and 2 and 'REITS' and 'Separate Accounts' above their own tables on page 3; source_table on pages 1 and 2, because A's 'UNTITLED_TABLE_1' is a placeholder the page never prints; and asset_class 'Real Estate', the printed grouping that governs every row. From A: source_column_label and metric_name 'Total Capital Contributed' and 'Total Capital Distributed', because the header wraps 'Total Capital' onto its own line above each of those two columns separately instead of spanning them, and page 3 prints 'Total Capital Distributed' on one line where both lanes agree; currency_scale, which A correctly leaves blank on irr and tvpi rows while B stamps '($ in millions)' onto a percentage and a multiple; and evidence_quote, because A cites the full printed partnership line while B cites the bare value, which proves only that those digits occur somewhere on the page. subject_type corrected to 'fund' on every partnership row: both lanes wrote 'investment', but the entity column is headed 'Partnership' and each row is a named vehicle the fund committed capital to, not a holding inside one.; Source review: p2: Retirement Fund (The portfolio report distinguishes investor positions from its aggregate rows.) | p2: Retirement Fund (Printed heading or definition supporting the source-reviewed qualifier.) | p2: Retirement Fund (Supersedes SR2178: the printed entity or table label is context, not a measurement basis; source labels retain its scope.)",RESOLVED,A+B+ADJUDICATOR,504abfe06fcde5e187ef74247e28f97eecec00313f5079c91e05fbdaea023159
57e3accde4e7286a99fa,SRC058,2,PAIR_9D08159AD8621592409F0190,CONTEXT_CONFLICT,558,560,source_section|source_table|asset_class|currency_scale|evidence_quote,MERGE,"MERGE, one ruling applied to every paired row because the two lanes differ the same way on all of them and neither is complete. From B: source_section, which A left blank on all three pages although 'Real Estate Portfolio' is printed above the table on pages 1 and 2 and 'REITS' and 'Separate Accounts' above their own tables on page 3; source_table on pages 1 and 2, because A's 'UNTITLED_TABLE_1' is a placeholder the page never prints; and asset_class 'Real Estate', the printed grouping that governs every row. From A: source_column_label and metric_name 'Total Capital Contributed' and 'Total Capital Distributed', because the header wraps 'Total Capital' onto its own line above each of those two columns separately instead of spanning them, and page 3 prints 'Total Capital Distributed' on one line where both lanes agree; currency_scale, which A correctly leaves blank on irr and tvpi rows while B stamps '($ in millions)' onto a percentage and a multiple; and evidence_quote, because A cites the full printed partnership line while B cites the bare value, which proves only that those digits occur somewhere on the page. subject_type corrected to 'fund' on every partnership row: both lanes wrote 'investment', but the entity column is headed 'Partnership' and each row is a named vehicle the fund committed capital to, not a holding inside one.; Source review: p2: IRR (All report pages were reviewed; no fee-basis statement qualifies this IRR.)",RESOLVED,A+B+ADJUDICATOR,504abfe06fcde5e187ef74247e28f97eecec00313f5079c91e05fbdaea023159
e8064d029856252cff4d,SRC058,2,PAIR_9A205BDB48E3C5E6BE99ED6F,CONTEXT_CONFLICT,559,557,source_section|source_table|source_column_label|asset_class|metric_name|evidence_quote,MERGE,"MERGE, one ruling applied to every paired row because the two lanes differ the same way on all of them and neither is complete. From B: source_section, which A left blank on all three pages although 'Real Estate Portfolio' is printed above the table on pages 1 and 2 and 'REITS' and 'Separate Accounts' above their own tables on page 3; source_table on pages 1 and 2, because A's 'UNTITLED_TABLE_1' is a placeholder the page never prints; and asset_class 'Real Estate', the printed grouping that governs every row. From A: source_column_label and metric_name 'Total Capital Contributed' and 'Total Capital Distributed', because the header wraps 'Total Capital' onto its own line above each of those two columns separately instead of spanning them, and page 3 prints 'Total Capital Distributed' on one line where both lanes agree; currency_scale, which A correctly leaves blank on irr and tvpi rows while B stamps '($ in millions)' onto a percentage and a multiple; and evidence_quote, because A cites the full printed partnership line while B cites the bare value, which proves only that those digits occur somewhere on the page. subject_type corrected to 'fund' on every partnership row: both lanes wrote 'investment', but the entity column is headed 'Partnership' and each row is a named vehicle the fund committed capital to, not a holding inside one.",RESOLVED,A+B+ADJUDICATOR,504abfe06fcde5e187ef74247e28f97eecec00313f5079c91e05fbdaea023159
009889ac67c9cd58e2fb,SRC058,2,PAIR_E74817DA02CB66E90A35FC32,CONTEXT_CONFLICT,560,558,source_section|source_table|source_column_label|asset_class|metric_name|evidence_quote,MERGE,"MERGE, one ruling applied to every paired row because the two lanes differ the same way on all of them and neither is complete. From B: source_section, which A left blank on all three pages although 'Real Estate Portfolio' is printed above the table on pages 1 and 2 and 'REITS' and 'Separate Accounts' above their own tables on page 3; source_table on pages 1 and 2, because A's 'UNTITLED_TABLE_1' is a placeholder the page never prints; and asset_class 'Real Estate', the printed grouping that governs every row. From A: source_column_label and metric_name 'Total Capital Contributed' and 'Total Capital Distributed', because the header wraps 'Total Capital' onto its own line above each of those two columns separately instead of spanning them, and page 3 prints 'Total Capital Distributed' on one line where both lanes agree; currency_scale, which A correctly leaves blank on irr and tvpi rows while B stamps '($ in millions)' onto a percentage and a multiple; and evidence_quote, because A cites the full printed partnership line while B cites the bare value, which proves only that those digits occur somewhere on the page. subject_type corrected to 'fund' on every partnership row: both lanes wrote 'investment', but the entity column is headed 'Partnership' and each row is a named vehicle the fund committed capital to, not a holding inside one.",RESOLVED,A+B+ADJUDICATOR,504abfe06fcde5e187ef74247e28f97eecec00313f5079c91e05fbdaea023159
5db99c4ae21e4ad5099e,SRC058,2,PAIR_205D82FF424A82A150C6A664,CONTEXT_CONFLICT,561,561,source_section|source_table|asset_class|currency_scale|evidence_quote,MERGE,"MERGE, one ruling applied to every paired row because the two lanes differ the same way on all of them and neither is complete. From B: source_section, which A left blank on all three pages although 'Real Estate Portfolio' is printed above the table on pages 1 and 2 and 'REITS' and 'Separate Accounts' above their own tables on page 3; source_table on pages 1 and 2, because A's 'UNTITLED_TABLE_1' is a placeholder the page never prints; and asset_class 'Real Estate', the printed grouping that governs every row. From A: source_column_label and metric_name 'Total Capital Contributed' and 'Total Capital Distributed', because the header wraps 'Total Capital' onto its own line above each of those two columns separately instead of spanning them, and page 3 prints 'Total Capital Distributed' on one line where both lanes agree; currency_scale, which A correctly leaves blank on irr and tvpi rows while B stamps '($ in millions)' onto a percentage and a multiple; and evidence_quote, because A cites the full printed partnership line while B cites the bare value, which proves only that those digits occur somewhere on the page. subject_type corrected to 'fund' on every partnership row: both lanes wrote 'investment', but the entity column is headed 'Partnership' and each row is a named vehicle the fund committed capital to, not a holding inside one.",RESOLVED,A+B+ADJUDICATOR,504abfe06fcde5e187ef74247e28f97eecec00313f5079c91e05fbdaea023159
ce7ccfcdb931ae2ba052,SRC058,2,PAIR_5231ED809E2BE0B567C079D2,CONTEXT_CONFLICT,562,562,source_section|source_table|asset_class|evidence_quote,MERGE,"MERGE, one ruling applied to every paired row because the two lanes differ the same way on all of them and neither is complete. From B: source_section, which A left blank on all three pages although 'Real Estate Portfolio' is printed above the table on pages 1 and 2 and 'REITS' and 'Separate Accounts' above their own tables on page 3; source_table on pages 1 and 2, because A's 'UNTITLED_TABLE_1' is a placeholder the page never prints; and asset_class 'Real Estate', the printed grouping that governs every row. From A: source_column_label and metric_name 'Total Capital Contributed' and 'Total Capital Distributed', because the header wraps 'Total Capital' onto its own line above each of those two columns separately instead of spanning them, and page 3 prints 'Total Capital Distributed' on one line where both lanes agree; currency_scale, which A correctly leaves blank on irr and tvpi rows while B stamps '($ in millions)' onto a percentage and a multiple; and evidence_quote, because A cites the full printed partnership line while B cites the bare value, which proves only that those digits occur somewhere on the page. subject_type corrected to 'fund' on every partnership row: both lanes wrote 'investment', but the entity column is headed 'Partnership' and each row is a named vehicle the fund committed capital to, not a holding inside one.",RESOLVED,A+B+ADJUDICATOR,504abfe06fcde5e187ef74247e28f97eecec00313f5079c91e05fbdaea023159
212bfaf1e807a2260f7f,SRC058,2,PAIR_8D2D0846E37F6DB76483C410,CONTEXT_CONFLICT,563,565,source_section|source_table|asset_class|evidence_quote,MERGE,"MERGE, one ruling applied to every paired row because the two lanes differ the same way on all of them and neither is complete. From B: source_section, which A left blank on all three pages although 'Real Estate Portfolio' is printed above the table on pages 1 and 2 and 'REITS' and 'Separate Accounts' above their own tables on page 3; source_table on pages 1 and 2, because A's 'UNTITLED_TABLE_1' is a placeholder the page never prints; and asset_class 'Real Estate', the printed grouping that governs every row. From A: source_column_label and metric_name 'Total Capital Contributed' and 'Total Capital Distributed', because the header wraps 'Total Capital' onto its own line above each of those two columns separately instead of spanning them, and page 3 prints 'Total Capital Distributed' on one line where both lanes agree; currency_scale, which A correctly leaves blank on irr and tvpi rows while B stamps '($ in millions)' onto a percentage and a multiple; and evidence_quote, because A cites the full printed partnership line while B cites the bare value, which proves only that those digits occur somewhere on the page. subject_type corrected to 'fund' on every partnership row: both lanes wrote 'investment', but the entity column is headed 'Partnership' and each row is a named vehicle the fund committed capital to, not a holding inside one.; Source review: p2: Retirement Fund (The portfolio report distinguishes investor positions from its aggregate rows.) | p2: Retirement Fund (Printed heading or definition supporting the source-reviewed qualifier.) | p2: Retirement Fund (Supersedes SR2179: the printed entity or table label is context, not a measurement basis; source labels retain its scope.)",RESOLVED,A+B+ADJUDICATOR,504abfe06fcde5e187ef74247e28f97eecec00313f5079c91e05fbdaea023159
56aae505276a3fbbbcd6,SRC058,2,PAIR_848FEDF128C33ADC3C660789,CONTEXT_CONFLICT,564,566,source_section|source_table|asset_class|currency_scale|evidence_quote,MERGE,"MERGE, one ruling applied to every paired row because the two lanes differ the same way on all of them and neither is complete. From B: source_section, which A left blank on all three pages although 'Real Estate Portfolio' is printed above the table on pages 1 and 2 and 'REITS' and 'Separate Accounts' above their own tables on page 3; source_table on pages 1 and 2, because A's 'UNTITLED_TABLE_1' is a placeholder the page never prints; and asset_class 'Real Estate', the printed grouping that governs every row. From A: source_column_label and metric_name 'Total Capital Contributed' and 'Total Capital Distributed', because the header wraps 'Total Capital' onto its own line above each of those two columns separately instead of spanning them, and page 3 prints 'Total Capital Distributed' on one line where both lanes agree; currency_scale, which A correctly leaves blank on irr and tvpi rows while B stamps '($ in millions)' onto a percentage and a multiple; and evidence_quote, because A cites the full printed partnership line while B cites the bare value, which proves only that those digits occur somewhere on the page. subject_type corrected to 'fund' on every partnership row: both lanes wrote 'investment', but the entity column is headed 'Partnership' and each row is a named vehicle the fund committed capital to, not a holding inside one.; Source review: p2: IRR (All report pages were reviewed; no fee-basis statement qualifies this IRR.)",RESOLVED,A+B+ADJUDICATOR,504abfe06fcde5e187ef74247e28f97eecec00313f5079c91e05fbdaea023159
aa91440717dca3f2f0b0,SRC058,2,PAIR_AFAE8E0BB6EE9EEB4AA255FB,CONTEXT_CONFLICT,565,563,source_section|source_table|source_column_label|asset_class|metric_name|evidence_quote,MERGE,"MERGE, one ruling applied to every paired row because the two lanes differ the same way on all of them and neither is complete. From B: source_section, which A left blank on all three pages although 'Real Estate Portfolio' is printed above the table on pages 1 and 2 and 'REITS' and 'Separate Accounts' above their own tables on page 3; source_table on pages 1 and 2, because A's 'UNTITLED_TABLE_1' is a placeholder the page never prints; and asset_class 'Real Estate', the printed grouping that governs every row. From A: source_column_label and metric_name 'Total Capital Contributed' and 'Total Capital Distributed', because the header wraps 'Total Capital' onto its own line above each of those two columns separately instead of spanning them, and page 3 prints 'Total Capital Distributed' on one line where both lanes agree; currency_scale, which A correctly leaves blank on irr and tvpi rows while B stamps '($ in millions)' onto a percentage and a multiple; and evidence_quote, because A cites the full printed partnership line while B cites the bare value, which proves only that those digits occur somewhere on the page. subject_type corrected to 'fund' on every partnership row: both lanes wrote 'investment', but the entity column is headed 'Partnership' and each row is a named vehicle the fund committed capital to, not a holding inside one.",RESOLVED,A+B+ADJUDICATOR,504abfe06fcde5e187ef74247e28f97eecec00313f5079c91e05fbdaea023159
cacb74e360a70488ab43,SRC058,2,PAIR_7610ABC20D06B95E9F93B77F,CONTEXT_CONFLICT,566,564,source_section|source_table|source_column_label|asset_class|metric_name|evidence_quote,MERGE,"MERGE, one ruling applied to every paired row because the two lanes differ the same way on all of them and neither is complete. From B: source_section, which A left blank on all three pages although 'Real Estate Portfolio' is printed above the table on pages 1 and 2 and 'REITS' and 'Separate Accounts' above their own tables on page 3; source_table on pages 1 and 2, because A's 'UNTITLED_TABLE_1' is a placeholder the page never prints; and asset_class 'Real Estate', the printed grouping that governs every row. From A: source_column_label and metric_name 'Total Capital Contributed' and 'Total Capital Distributed', because the header wraps 'Total Capital' onto its own line above each of those two columns separately instead of spanning them, and page 3 prints 'Total Capital Distributed' on one line where both lanes agree; currency_scale, which A correctly leaves blank on irr and tvpi rows while B stamps '($ in millions)' onto a percentage and a multiple; and evidence_quote, because A cites the full printed partnership line while B cites the bare value, which proves only that those digits occur somewhere on the page. subject_type corrected to 'fund' on every partnership row: both lanes wrote 'investment', but the entity column is headed 'Partnership' and each row is a named vehicle the fund committed capital to, not a holding inside one.",RESOLVED,A+B+ADJUDICATOR,504abfe06fcde5e187ef74247e28f97eecec00313f5079c91e05fbdaea023159
d4b1fe9541a028caf0d6,SRC058,2,PAIR_E58DA34E68D316C79E54F9D5,CONTEXT_CONFLICT,567,567,source_section|source_table|asset_class|currency_scale|evidence_quote,MERGE,"MERGE, one ruling applied to every paired row because the two lanes differ the same way on all of them and neither is complete. From B: source_section, which A left blank on all three pages although 'Real Estate Portfolio' is printed above the table on pages 1 and 2 and 'REITS' and 'Separate Accounts' above their own tables on page 3; source_table on pages 1 and 2, because A's 'UNTITLED_TABLE_1' is a placeholder the page never prints; and asset_class 'Real Estate', the printed grouping that governs every row. From A: source_column_label and metric_name 'Total Capital Contributed' and 'Total Capital Distributed', because the header wraps 'Total Capital' onto its own line above each of those two columns separately instead of spanning them, and page 3 prints 'Total Capital Distributed' on one line where both lanes agree; currency_scale, which A correctly leaves blank on irr and tvpi rows while B stamps '($ in millions)' onto a percentage and a multiple; and evidence_quote, because A cites the full printed partnership line while B cites the bare value, which proves only that those digits occur somewhere on the page. subject_type corrected to 'fund' on every partnership row: both lanes wrote 'investment', but the entity column is headed 'Partnership' and each row is a named vehicle the fund committed capital to, not a holding inside one.",RESOLVED,A+B+ADJUDICATOR,504abfe06fcde5e187ef74247e28f97eecec00313f5079c91e05fbdaea023159
3ff9106ff14fbb2401b9,SRC058,2,PAIR_37AF5728BAE627EED23B0077,CONTEXT_CONFLICT,568,568,source_section|source_table|asset_class|evidence_quote,MERGE,"MERGE, one ruling applied to every paired row because the two lanes differ the same way on all of them and neither is complete. From B: source_section, which A left blank on all three pages although 'Real Estate Portfolio' is printed above the table on pages 1 and 2 and 'REITS' and 'Separate Accounts' above their own tables on page 3; source_table on pages 1 and 2, because A's 'UNTITLED_TABLE_1' is a placeholder the page never prints; and asset_class 'Real Estate', the printed grouping that governs every row. From A: source_column_label and metric_name 'Total Capital Contributed' and 'Total Capital Distributed', because the header wraps 'Total Capital' onto its own line above each of those two columns separately instead of spanning them, and page 3 prints 'Total Capital Distributed' on one line where both lanes agree; currency_scale, which A correctly leaves blank on irr and tvpi rows while B stamps '($ in millions)' onto a percentage and a multiple; and evidence_quote, because A cites the full printed partnership line while B cites the bare value, which proves only that those digits occur somewhere on the page. subject_type corrected to 'fund' on every partnership row: both lanes wrote 'investment', but the entity column is headed 'Partnership' and each row is a named vehicle the fund committed capital to, not a holding inside one.",RESOLVED,A+B+ADJUDICATOR,504abfe06fcde5e187ef74247e28f97eecec00313f5079c91e05fbdaea023159
34f448a92e546761a3b7,SRC058,2,PAIR_D934C569FD98FB7BEE761AD4,CONTEXT_CONFLICT,569,571,source_section|source_table|asset_class|evidence_quote,MERGE,"MERGE, one ruling applied to every paired row because the two lanes differ the same way on all of them and neither is complete. From B: source_section, which A left blank on all three pages although 'Real Estate Portfolio' is printed above the table on pages 1 and 2 and 'REITS' and 'Separate Accounts' above their own tables on page 3; source_table on pages 1 and 2, because A's 'UNTITLED_TABLE_1' is a placeholder the page never prints; and asset_class 'Real Estate', the printed grouping that governs every row. From A: source_column_label and metric_name 'Total Capital Contributed' and 'Total Capital Distributed', because the header wraps 'Total Capital' onto its own line above each of those two columns separately instead of spanning them, and page 3 prints 'Total Capital Distributed' on one line where both lanes agree; currency_scale, which A correctly leaves blank on irr and tvpi rows while B stamps '($ in millions)' onto a percentage and a multiple; and evidence_quote, because A cites the full printed partnership line while B cites the bare value, which proves only that those digits occur somewhere on the page. subject_type corrected to 'fund' on every partnership row: both lanes wrote 'investment', but the entity column is headed 'Partnership' and each row is a named vehicle the fund committed capital to, not a holding inside one.; Source review: p2: Retirement Fund (The portfolio report distinguishes investor positions from its aggregate rows.) | p2: Retirement Fund (Printed heading or definition supporting the source-reviewed qualifier.) | p2: Retirement Fund (Supersedes SR2180: the printed entity or table label is context, not a measurement basis; source labels retain its scope.)",RESOLVED,A+B+ADJUDICATOR,504abfe06fcde5e187ef74247e28f97eecec00313f5079c91e05fbdaea023159
084d280128f6b16d70cf,SRC058,2,PAIR_BC0EB93A1DEBF71AAA142438,CONTEXT_CONFLICT,570,572,source_section|source_table|asset_class|currency_scale|evidence_quote,MERGE,"MERGE, one ruling applied to every paired row because the two lanes differ the same way on all of them and neither is complete. From B: source_section, which A left blank on all three pages although 'Real Estate Portfolio' is printed above the table on pages 1 and 2 and 'REITS' and 'Separate Accounts' above their own tables on page 3; source_table on pages 1 and 2, because A's 'UNTITLED_TABLE_1' is a placeholder the page never prints; and asset_class 'Real Estate', the printed grouping that governs every row. From A: source_column_label and metric_name 'Total Capital Contributed' and 'Total Capital Distributed', because the header wraps 'Total Capital' onto its own line above each of those two columns separately instead of spanning them, and page 3 prints 'Total Capital Distributed' on one line where both lanes agree; currency_scale, which A correctly leaves blank on irr and tvpi rows while B stamps '($ in millions)' onto a percentage and a multiple; and evidence_quote, because A cites the full printed partnership line while B cites the bare value, which proves only that those digits occur somewhere on the page. subject_type corrected to 'fund' on every partnership row: both lanes wrote 'investment', but the entity column is headed 'Partnership' and each row is a named vehicle the fund committed capital to, not a holding inside one.; Source review: p2: IRR (All report pages were reviewed; no fee-basis statement qualifies this IRR.)",RESOLVED,A+B+ADJUDICATOR,504abfe06fcde5e187ef74247e28f97eecec00313f5079c91e05fbdaea023159
b6beac2cb93ac3f65b29,SRC058,2,PAIR_0D823C079A243CFAB27AC6C1,CONTEXT_CONFLICT,571,569,source_section|source_table|source_column_label|asset_class|metric_name|evidence_quote,MERGE,"MERGE, one ruling applied to every paired row because the two lanes differ the same way on all of them and neither is complete. From B: source_section, which A left blank on all three pages although 'Real Estate Portfolio' is printed above the table on pages 1 and 2 and 'REITS' and 'Separate Accounts' above their own tables on page 3; source_table on pages 1 and 2, because A's 'UNTITLED_TABLE_1' is a placeholder the page never prints; and asset_class 'Real Estate', the printed grouping that governs every row. From A: source_column_label and metric_name 'Total Capital Contributed' and 'Total Capital Distributed', because the header wraps 'Total Capital' onto its own line above each of those two columns separately instead of spanning them, and page 3 prints 'Total Capital Distributed' on one line where both lanes agree; currency_scale, which A correctly leaves blank on irr and tvpi rows while B stamps '($ in millions)' onto a percentage and a multiple; and evidence_quote, because A cites the full printed partnership line while B cites the bare value, which proves only that those digits occur somewhere on the page. subject_type corrected to 'fund' on every partnership row: both lanes wrote 'investment', but the entity column is headed 'Partnership' and each row is a named vehicle the fund committed capital to, not a holding inside one.",RESOLVED,A+B+ADJUDICATOR,504abfe06fcde5e187ef74247e28f97eecec00313f5079c91e05fbdaea023159
b74411873a4fe6cdcc7c,SRC058,2,PAIR_1ECFA74E91472F76BC10A277,CONTEXT_CONFLICT,572,570,source_section|source_table|source_column_label|asset_class|metric_name|evidence_quote,MERGE,"MERGE, one ruling applied to every paired row because the two lanes differ the same way on all of them and neither is complete. From B: source_section, which A left blank on all three pages although 'Real Estate Portfolio' is printed above the table on pages 1 and 2 and 'REITS' and 'Separate Accounts' above their own tables on page 3; source_table on pages 1 and 2, because A's 'UNTITLED_TABLE_1' is a placeholder the page never prints; and asset_class 'Real Estate', the printed grouping that governs every row. From A: source_column_label and metric_name 'Total Capital Contributed' and 'Total Capital Distributed', because the header wraps 'Total Capital' onto its own line above each of those two columns separately instead of spanning them, and page 3 prints 'Total Capital Distributed' on one line where both lanes agree; currency_scale, which A correctly leaves blank on irr and tvpi rows while B stamps '($ in millions)' onto a percentage and a multiple; and evidence_quote, because A cites the full printed partnership line while B cites the bare value, which proves only that those digits occur somewhere on the page. subject_type corrected to 'fund' on every partnership row: both lanes wrote 'investment', but the entity column is headed 'Partnership' and each row is a named vehicle the fund committed capital to, not a holding inside one.",RESOLVED,A+B+ADJUDICATOR,504abfe06fcde5e187ef74247e28f97eecec00313f5079c91e05fbdaea023159
9e18b6cf41222da0fbeb,SRC058,2,PAIR_8311F3F934C1D7EF6313E695,CONTEXT_CONFLICT,573,573,source_section|source_table|asset_class|currency_scale|evidence_quote,MERGE,"MERGE, one ruling applied to every paired row because the two lanes differ the same way on all of them and neither is complete. From B: source_section, which A left blank on all three pages although 'Real Estate Portfolio' is printed above the table on pages 1 and 2 and 'REITS' and 'Separate Accounts' above their own tables on page 3; source_table on pages 1 and 2, because A's 'UNTITLED_TABLE_1' is a placeholder the page never prints; and asset_class 'Real Estate', the printed grouping that governs every row. From A: source_column_label and metric_name 'Total Capital Contributed' and 'Total Capital Distributed', because the header wraps 'Total Capital' onto its own line above each of those two columns separately instead of spanning them, and page 3 prints 'Total Capital Distributed' on one line where both lanes agree; currency_scale, which A correctly leaves blank on irr and tvpi rows while B stamps '($ in millions)' onto a percentage and a multiple; and evidence_quote, because A cites the full printed partnership line while B cites the bare value, which proves only that those digits occur somewhere on the page. subject_type corrected to 'fund' on every partnership row: both lanes wrote 'investment', but the entity column is headed 'Partnership' and each row is a named vehicle the fund committed capital to, not a holding inside one.",RESOLVED,A+B+ADJUDICATOR,504abfe06fcde5e187ef74247e28f97eecec00313f5079c91e05fbdaea023159
58d171526b6b5332ca90,SRC058,2,PAIR_53798474A3C563A1F0B7B437,CONTEXT_CONFLICT,574,574,source_section|source_table|asset_class|evidence_quote,MERGE,"MERGE, one ruling applied to every paired row because the two lanes differ the same way on all of them and neither is complete. From B: source_section, which A left blank on all three pages although 'Real Estate Portfolio' is printed above the table on pages 1 and 2 and 'REITS' and 'Separate Accounts' above their own tables on page 3; source_table on pages 1 and 2, because A's 'UNTITLED_TABLE_1' is a placeholder the page never prints; and asset_class 'Real Estate', the printed grouping that governs every row. From A: source_column_label and metric_name 'Total Capital Contributed' and 'Total Capital Distributed', because the header wraps 'Total Capital' onto its own line above each of those two columns separately instead of spanning them, and page 3 prints 'Total Capital Distributed' on one line where both lanes agree; currency_scale, which A correctly leaves blank on irr and tvpi rows while B stamps '($ in millions)' onto a percentage and a multiple; and evidence_quote, because A cites the full printed partnership line while B cites the bare value, which proves only that those digits occur somewhere on the page. subject_type corrected to 'fund' on every partnership row: both lanes wrote 'investment', but the entity column is headed 'Partnership' and each row is a named vehicle the fund committed capital to, not a holding inside one.",RESOLVED,A+B+ADJUDICATOR,504abfe06fcde5e187ef74247e28f97eecec00313f5079c91e05fbdaea023159
e91041a69fbd52c9a6a7,SRC058,2,PAIR_FD833E169365AD777788AD6D,CONTEXT_CONFLICT,575,577,source_section|source_table|asset_class|evidence_quote,MERGE,"MERGE, one ruling applied to every paired row because the two lanes differ the same way on all of them and neither is complete. From B: source_section, which A left blank on all three pages although 'Real Estate Portfolio' is printed above the table on pages 1 and 2 and 'REITS' and 'Separate Accounts' above their own tables on page 3; source_table on pages 1 and 2, because A's 'UNTITLED_TABLE_1' is a placeholder the page never prints; and asset_class 'Real Estate', the printed grouping that governs every row. From A: source_column_label and metric_name 'Total Capital Contributed' and 'Total Capital Distributed', because the header wraps 'Total Capital' onto its own line above each of those two columns separately instead of spanning them, and page 3 prints 'Total Capital Distributed' on one line where both lanes agree; currency_scale, which A correctly leaves blank on irr and tvpi rows while B stamps '($ in millions)' onto a percentage and a multiple; and evidence_quote, because A cites the full printed partnership line while B cites the bare value, which proves only that those digits occur somewhere on the page. subject_type corrected to 'fund' on every partnership row: both lanes wrote 'investment', but the entity column is headed 'Partnership' and each row is a named vehicle the fund committed capital to, not a holding inside one.; Source review: p2: Retirement Fund (The portfolio report distinguishes investor positions from its aggregate rows.) | p2: Retirement Fund (Printed heading or definition supporting the source-reviewed qualifier.) | p2: Retirement Fund (Supersedes SR2181: the printed entity or table label is context, not a measurement basis; source labels retain its scope.)",RESOLVED,A+B+ADJUDICATOR,504abfe06fcde5e187ef74247e28f97eecec00313f5079c91e05fbdaea023159
f2729f7835743e470f66,SRC058,2,PAIR_7EB0FFA879031C6176D6FFD7,CONTEXT_CONFLICT,576,578,source_section|source_table|asset_class|currency_scale|evidence_quote,MERGE,"MERGE, one ruling applied to every paired row because the two lanes differ the same way on all of them and neither is complete. From B: source_section, which A left blank on all three pages although 'Real Estate Portfolio' is printed above the table on pages 1 and 2 and 'REITS' and 'Separate Accounts' above their own tables on page 3; source_table on pages 1 and 2, because A's 'UNTITLED_TABLE_1' is a placeholder the page never prints; and asset_class 'Real Estate', the printed grouping that governs every row. From A: source_column_label and metric_name 'Total Capital Contributed' and 'Total Capital Distributed', because the header wraps 'Total Capital' onto its own line above each of those two columns separately instead of spanning them, and page 3 prints 'Total Capital Distributed' on one line where both lanes agree; currency_scale, which A correctly leaves blank on irr and tvpi rows while B stamps '($ in millions)' onto a percentage and a multiple; and evidence_quote, because A cites the full printed partnership line while B cites the bare value, which proves only that those digits occur somewhere on the page. subject_type corrected to 'fund' on every partnership row: both lanes wrote 'investment', but the entity column is headed 'Partnership' and each row is a named vehicle the fund committed capital to, not a holding inside one.; Source review: p2: IRR (All report pages were reviewed; no fee-basis statement qualifies this IRR.)",RESOLVED,A+B+ADJUDICATOR,504abfe06fcde5e187ef74247e28f97eecec00313f5079c91e05fbdaea023159
e21ea1238b586a3c2b6b,SRC058,2,PAIR_041D606D90132A70386243BC,CONTEXT_CONFLICT,577,575,source_section|source_table|source_column_label|asset_class|metric_name|evidence_quote,MERGE,"MERGE, one ruling applied to every paired row because the two lanes differ the same way on all of them and neither is complete. From B: source_section, which A left blank on all three pages although 'Real Estate Portfolio' is printed above the table on pages 1 and 2 and 'REITS' and 'Separate Accounts' above their own tables on page 3; source_table on pages 1 and 2, because A's 'UNTITLED_TABLE_1' is a placeholder the page never prints; and asset_class 'Real Estate', the printed grouping that governs every row. From A: source_column_label and metric_name 'Total Capital Contributed' and 'Total Capital Distributed', because the header wraps 'Total Capital' onto its own line above each of those two columns separately instead of spanning them, and page 3 prints 'Total Capital Distributed' on one line where both lanes agree; currency_scale, which A correctly leaves blank on irr and tvpi rows while B stamps '($ in millions)' onto a percentage and a multiple; and evidence_quote, because A cites the full printed partnership line while B cites the bare value, which proves only that those digits occur somewhere on the page. subject_type corrected to 'fund' on every partnership row: both lanes wrote 'investment', but the entity column is headed 'Partnership' and each row is a named vehicle the fund committed capital to, not a holding inside one.",RESOLVED,A+B+ADJUDICATOR,504abfe06fcde5e187ef74247e28f97eecec00313f5079c91e05fbdaea023159
e18f6d5750f171288151,SRC058,2,PAIR_932BDF105F5CAF1F9A6233E1,CONTEXT_CONFLICT,578,576,source_section|source_table|source_column_label|asset_class|metric_name|evidence_quote,MERGE,"MERGE, one ruling applied to every paired row because the two lanes differ the same way on all of them and neither is complete. From B: source_section, which A left blank on all three pages although 'Real Estate Portfolio' is printed above the table on pages 1 and 2 and 'REITS' and 'Separate Accounts' above their own tables on page 3; source_table on pages 1 and 2, because A's 'UNTITLED_TABLE_1' is a placeholder the page never prints; and asset_class 'Real Estate', the printed grouping that governs every row. From A: source_column_label and metric_name 'Total Capital Contributed' and 'Total Capital Distributed', because the header wraps 'Total Capital' onto its own line above each of those two columns separately instead of spanning them, and page 3 prints 'Total Capital Distributed' on one line where both lanes agree; currency_scale, which A correctly leaves blank on irr and tvpi rows while B stamps '($ in millions)' onto a percentage and a multiple; and evidence_quote, because A cites the full printed partnership line while B cites the bare value, which proves only that those digits occur somewhere on the page. subject_type corrected to 'fund' on every partnership row: both lanes wrote 'investment', but the entity column is headed 'Partnership' and each row is a named vehicle the fund committed capital to, not a holding inside one.",RESOLVED,A+B+ADJUDICATOR,504abfe06fcde5e187ef74247e28f97eecec00313f5079c91e05fbdaea023159
f4fb6150860bc43c53c4,SRC058,2,PAIR_A6AD9354174CD9BCD9D8CF97,CONTEXT_CONFLICT,579,579,source_section|source_table|asset_class|currency_scale|evidence_quote,MERGE,"MERGE, one ruling applied to every paired row because the two lanes differ the same way on all of them and neither is complete. From B: source_section, which A left blank on all three pages although 'Real Estate Portfolio' is printed above the table on pages 1 and 2 and 'REITS' and 'Separate Accounts' above their own tables on page 3; source_table on pages 1 and 2, because A's 'UNTITLED_TABLE_1' is a placeholder the page never prints; and asset_class 'Real Estate', the printed grouping that governs every row. From A: source_column_label and metric_name 'Total Capital Contributed' and 'Total Capital Distributed', because the header wraps 'Total Capital' onto its own line above each of those two columns separately instead of spanning them, and page 3 prints 'Total Capital Distributed' on one line where both lanes agree; currency_scale, which A correctly leaves blank on irr and tvpi rows while B stamps '($ in millions)' onto a percentage and a multiple; and evidence_quote, because A cites the full printed partnership line while B cites the bare value, which proves only that those digits occur somewhere on the page. subject_type corrected to 'fund' on every partnership row: both lanes wrote 'investment', but the entity column is headed 'Partnership' and each row is a named vehicle the fund committed capital to, not a holding inside one.",RESOLVED,A+B+ADJUDICATOR,504abfe06fcde5e187ef74247e28f97eecec00313f5079c91e05fbdaea023159
773a1ec5b4c66499a1a0,SRC058,2,PAIR_D2E7703DD810AAC901C6C359,CONTEXT_CONFLICT,580,580,source_section|source_table|asset_class|evidence_quote,MERGE,"MERGE, one ruling applied to every paired row because the two lanes differ the same way on all of them and neither is complete. From B: source_section, which A left blank on all three pages although 'Real Estate Portfolio' is printed above the table on pages 1 and 2 and 'REITS' and 'Separate Accounts' above their own tables on page 3; source_table on pages 1 and 2, because A's 'UNTITLED_TABLE_1' is a placeholder the page never prints; and asset_class 'Real Estate', the printed grouping that governs every row. From A: source_column_label and metric_name 'Total Capital Contributed' and 'Total Capital Distributed', because the header wraps 'Total Capital' onto its own line above each of those two columns separately instead of spanning them, and page 3 prints 'Total Capital Distributed' on one line where both lanes agree; currency_scale, which A correctly leaves blank on irr and tvpi rows while B stamps '($ in millions)' onto a percentage and a multiple; and evidence_quote, because A cites the full printed partnership line while B cites the bare value, which proves only that those digits occur somewhere on the page. subject_type corrected to 'fund' on every partnership row: both lanes wrote 'investment', but the entity column is headed 'Partnership' and each row is a named vehicle the fund committed capital to, not a holding inside one.",RESOLVED,A+B+ADJUDICATOR,504abfe06fcde5e187ef74247e28f97eecec00313f5079c91e05fbdaea023159
1602d2de1c9d89ec92b6,SRC058,2,PAIR_AF957C86CF3701018F3593FA,CONTEXT_CONFLICT,581,583,source_section|source_table|asset_class|evidence_quote,MERGE,"MERGE, one ruling applied to every paired row because the two lanes differ the same way on all of them and neither is complete. From B: source_section, which A left blank on all three pages although 'Real Estate Portfolio' is printed above the table on pages 1 and 2 and 'REITS' and 'Separate Accounts' above their own tables on page 3; source_table on pages 1 and 2, because A's 'UNTITLED_TABLE_1' is a placeholder the page never prints; and asset_class 'Real Estate', the printed grouping that governs every row. From A: source_column_label and metric_name 'Total Capital Contributed' and 'Total Capital Distributed', because the header wraps 'Total Capital' onto its own line above each of those two columns separately instead of spanning them, and page 3 prints 'Total Capital Distributed' on one line where both lanes agree; currency_scale, which A correctly leaves blank on irr and tvpi rows while B stamps '($ in millions)' onto a percentage and a multiple; and evidence_quote, because A cites the full printed partnership line while B cites the bare value, which proves only that those digits occur somewhere on the page. subject_type corrected to 'fund' on every partnership row: both lanes wrote 'investment', but the entity column is headed 'Partnership' and each row is a named vehicle the fund committed capital to, not a holding inside one.; Source review: p2: Retirement Fund (The portfolio report distinguishes investor positions from its aggregate rows.) | p2: Retirement Fund (Printed heading or definition supporting the source-reviewed qualifier.) | p2: Retirement Fund (Supersedes SR2182: the printed entity or table label is context, not a measurement basis; source labels retain its scope.)",RESOLVED,A+B+ADJUDICATOR,504abfe06fcde5e187ef74247e28f97eecec00313f5079c91e05fbdaea023159
ded597962b3ff060f6a7,SRC058,2,PAIR_AEAECEB191A44A2116B0746D,CONTEXT_CONFLICT,582,584,source_section|source_table|asset_class|currency_scale|evidence_quote,MERGE,"MERGE, one ruling applied to every paired row because the two lanes differ the same way on all of them and neither is complete. From B: source_section, which A left blank on all three pages although 'Real Estate Portfolio' is printed above the table on pages 1 and 2 and 'REITS' and 'Separate Accounts' above their own tables on page 3; source_table on pages 1 and 2, because A's 'UNTITLED_TABLE_1' is a placeholder the page never prints; and asset_class 'Real Estate', the printed grouping that governs every row. From A: source_column_label and metric_name 'Total Capital Contributed' and 'Total Capital Distributed', because the header wraps 'Total Capital' onto its own line above each of those two columns separately instead of spanning them, and page 3 prints 'Total Capital Distributed' on one line where both lanes agree; currency_scale, which A correctly leaves blank on irr and tvpi rows while B stamps '($ in millions)' onto a percentage and a multiple; and evidence_quote, because A cites the full printed partnership line while B cites the bare value, which proves only that those digits occur somewhere on the page. subject_type corrected to 'fund' on every partnership row: both lanes wrote 'investment', but the entity column is headed 'Partnership' and each row is a named vehicle the fund committed capital to, not a holding inside one.; Source review: p2: IRR (All report pages were reviewed; no fee-basis statement qualifies this IRR.)",RESOLVED,A+B+ADJUDICATOR,504abfe06fcde5e187ef74247e28f97eecec00313f5079c91e05fbdaea023159
0b348ec4d5fcbe583ad3,SRC058,2,PAIR_9C1DE9E46889BBCC9162B4B4,CONTEXT_CONFLICT,583,581,source_section|source_table|source_column_label|asset_class|metric_name|evidence_quote,MERGE,"MERGE, one ruling applied to every paired row because the two lanes differ the same way on all of them and neither is complete. From B: source_section, which A left blank on all three pages although 'Real Estate Portfolio' is printed above the table on pages 1 and 2 and 'REITS' and 'Separate Accounts' above their own tables on page 3; source_table on pages 1 and 2, because A's 'UNTITLED_TABLE_1' is a placeholder the page never prints; and asset_class 'Real Estate', the printed grouping that governs every row. From A: source_column_label and metric_name 'Total Capital Contributed' and 'Total Capital Distributed', because the header wraps 'Total Capital' onto its own line above each of those two columns separately instead of spanning them, and page 3 prints 'Total Capital Distributed' on one line where both lanes agree; currency_scale, which A correctly leaves blank on irr and tvpi rows while B stamps '($ in millions)' onto a percentage and a multiple; and evidence_quote, because A cites the full printed partnership line while B cites the bare value, which proves only that those digits occur somewhere on the page. subject_type corrected to 'fund' on every partnership row: both lanes wrote 'investment', but the entity column is headed 'Partnership' and each row is a named vehicle the fund committed capital to, not a holding inside one.",RESOLVED,A+B+ADJUDICATOR,504abfe06fcde5e187ef74247e28f97eecec00313f5079c91e05fbdaea023159
ab43686873c92cf4ec13,SRC058,2,PAIR_93AE281F01013556CC336B1E,CONTEXT_CONFLICT,584,582,source_section|source_table|source_column_label|asset_class|metric_name|evidence_quote,MERGE,"MERGE, one ruling applied to every paired row because the two lanes differ the same way on all of them and neither is complete. From B: source_section, which A left blank on all three pages although 'Real Estate Portfolio' is printed above the table on pages 1 and 2 and 'REITS' and 'Separate Accounts' above their own tables on page 3; source_table on pages 1 and 2, because A's 'UNTITLED_TABLE_1' is a placeholder the page never prints; and asset_class 'Real Estate', the printed grouping that governs every row. From A: source_column_label and metric_name 'Total Capital Contributed' and 'Total Capital Distributed', because the header wraps 'Total Capital' onto its own line above each of those two columns separately instead of spanning them, and page 3 prints 'Total Capital Distributed' on one line where both lanes agree; currency_scale, which A correctly leaves blank on irr and tvpi rows while B stamps '($ in millions)' onto a percentage and a multiple; and evidence_quote, because A cites the full printed partnership line while B cites the bare value, which proves only that those digits occur somewhere on the page. subject_type corrected to 'fund' on every partnership row: both lanes wrote 'investment', but the entity column is headed 'Partnership' and each row is a named vehicle the fund committed capital to, not a holding inside one.",RESOLVED,A+B+ADJUDICATOR,504abfe06fcde5e187ef74247e28f97eecec00313f5079c91e05fbdaea023159
446b8180d8d10712cda3,SRC058,2,PAIR_844295D7573C965FEBECBAE3,CONTEXT_CONFLICT,585,585,source_section|source_table|asset_class|currency_scale|evidence_quote,MERGE,"MERGE, one ruling applied to every paired row because the two lanes differ the same way on all of them and neither is complete. From B: source_section, which A left blank on all three pages although 'Real Estate Portfolio' is printed above the table on pages 1 and 2 and 'REITS' and 'Separate Accounts' above their own tables on page 3; source_table on pages 1 and 2, because A's 'UNTITLED_TABLE_1' is a placeholder the page never prints; and asset_class 'Real Estate', the printed grouping that governs every row. From A: source_column_label and metric_name 'Total Capital Contributed' and 'Total Capital Distributed', because the header wraps 'Total Capital' onto its own line above each of those two columns separately instead of spanning them, and page 3 prints 'Total Capital Distributed' on one line where both lanes agree; currency_scale, which A correctly leaves blank on irr and tvpi rows while B stamps '($ in millions)' onto a percentage and a multiple; and evidence_quote, because A cites the full printed partnership line while B cites the bare value, which proves only that those digits occur somewhere on the page. subject_type corrected to 'fund' on every partnership row: both lanes wrote 'investment', but the entity column is headed 'Partnership' and each row is a named vehicle the fund committed capital to, not a holding inside one.",RESOLVED,A+B+ADJUDICATOR,504abfe06fcde5e187ef74247e28f97eecec00313f5079c91e05fbdaea023159
2e125e361c2a2796da2e,SRC058,2,PAIR_A83017CDD911708B56BA7FD0,CONTEXT_CONFLICT,586,586,source_section|source_table|asset_class|evidence_quote,MERGE,"MERGE, one ruling applied to every paired row because the two lanes differ the same way on all of them and neither is complete. From B: source_section, which A left blank on all three pages although 'Real Estate Portfolio' is printed above the table on pages 1 and 2 and 'REITS' and 'Separate Accounts' above their own tables on page 3; source_table on pages 1 and 2, because A's 'UNTITLED_TABLE_1' is a placeholder the page never prints; and asset_class 'Real Estate', the printed grouping that governs every row. From A: source_column_label and metric_name 'Total Capital Contributed' and 'Total Capital Distributed', because the header wraps 'Total Capital' onto its own line above each of those two columns separately instead of spanning them, and page 3 prints 'Total Capital Distributed' on one line where both lanes agree; currency_scale, which A correctly leaves blank on irr and tvpi rows while B stamps '($ in millions)' onto a percentage and a multiple; and evidence_quote, because A cites the full printed partnership line while B cites the bare value, which proves only that those digits occur somewhere on the page. subject_type corrected to 'fund' on every partnership row: both lanes wrote 'investment', but the entity column is headed 'Partnership' and each row is a named vehicle the fund committed capital to, not a holding inside one.",RESOLVED,A+B+ADJUDICATOR,504abfe06fcde5e187ef74247e28f97eecec00313f5079c91e05fbdaea023159
28cc3eb096b9f48e0c22,SRC058,2,PAIR_884AA798577392E63BEEDC28,CONTEXT_CONFLICT,587,589,source_section|source_table|asset_class|evidence_quote,MERGE,"MERGE, one ruling applied to every paired row because the two lanes differ the same way on all of them and neither is complete. From B: source_section, which A left blank on all three pages although 'Real Estate Portfolio' is printed above the table on pages 1 and 2 and 'REITS' and 'Separate Accounts' above their own tables on page 3; source_table on pages 1 and 2, because A's 'UNTITLED_TABLE_1' is a placeholder the page never prints; and asset_class 'Real Estate', the printed grouping that governs every row. From A: source_column_label and metric_name 'Total Capital Contributed' and 'Total Capital Distributed', because the header wraps 'Total Capital' onto its own line above each of those two columns separately instead of spanning them, and page 3 prints 'Total Capital Distributed' on one line where both lanes agree; currency_scale, which A correctly leaves blank on irr and tvpi rows while B stamps '($ in millions)' onto a percentage and a multiple; and evidence_quote, because A cites the full printed partnership line while B cites the bare value, which proves only that those digits occur somewhere on the page. subject_type corrected to 'fund' on every partnership row: both lanes wrote 'investment', but the entity column is headed 'Partnership' and each row is a named vehicle the fund committed capital to, not a holding inside one.; Source review: p2: Retirement Fund (The portfolio report distinguishes investor positions from its aggregate rows.) | p2: Retirement Fund (Printed heading or definition supporting the source-reviewed qualifier.) | p2: Retirement Fund (Supersedes SR2183: the printed entity or table label is context, not a measurement basis; source labels retain its scope.)",RESOLVED,A+B+ADJUDICATOR,504abfe06fcde5e187ef74247e28f97eecec00313f5079c91e05fbdaea023159
1731fa227572f3d9c660,SRC058,2,PAIR_4B573D1B3FE9EF42CF220C2D,CONTEXT_CONFLICT,588,590,source_section|source_table|asset_class|currency_scale|evidence_quote,MERGE,"MERGE, one ruling applied to every paired row because the two lanes differ the same way on all of them and neither is complete. From B: source_section, which A left blank on all three pages although 'Real Estate Portfolio' is printed above the table on pages 1 and 2 and 'REITS' and 'Separate Accounts' above their own tables on page 3; source_table on pages 1 and 2, because A's 'UNTITLED_TABLE_1' is a placeholder the page never prints; and asset_class 'Real Estate', the printed grouping that governs every row. From A: source_column_label and metric_name 'Total Capital Contributed' and 'Total Capital Distributed', because the header wraps 'Total Capital' onto its own line above each of those two columns separately instead of spanning them, and page 3 prints 'Total Capital Distributed' on one line where both lanes agree; currency_scale, which A correctly leaves blank on irr and tvpi rows while B stamps '($ in millions)' onto a percentage and a multiple; and evidence_quote, because A cites the full printed partnership line while B cites the bare value, which proves only that those digits occur somewhere on the page. subject_type corrected to 'fund' on every partnership row: both lanes wrote 'investment', but the entity column is headed 'Partnership' and each row is a named vehicle the fund committed capital to, not a holding inside one.; Source review: p2: IRR (All report pages were reviewed; no fee-basis statement qualifies this IRR.)",RESOLVED,A+B+ADJUDICATOR,504abfe06fcde5e187ef74247e28f97eecec00313f5079c91e05fbdaea023159
c277e7a78e3f8f0f3a9a,SRC058,2,PAIR_E6F52C812FB079918ADC01D6,CONTEXT_CONFLICT,589,587,source_section|source_table|source_column_label|asset_class|metric_name|evidence_quote,MERGE,"MERGE, one ruling applied to every paired row because the two lanes differ the same way on all of them and neither is complete. From B: source_section, which A left blank on all three pages although 'Real Estate Portfolio' is printed above the table on pages 1 and 2 and 'REITS' and 'Separate Accounts' above their own tables on page 3; source_table on pages 1 and 2, because A's 'UNTITLED_TABLE_1' is a placeholder the page never prints; and asset_class 'Real Estate', the printed grouping that governs every row. From A: source_column_label and metric_name 'Total Capital Contributed' and 'Total Capital Distributed', because the header wraps 'Total Capital' onto its own line above each of those two columns separately instead of spanning them, and page 3 prints 'Total Capital Distributed' on one line where both lanes agree; currency_scale, which A correctly leaves blank on irr and tvpi rows while B stamps '($ in millions)' onto a percentage and a multiple; and evidence_quote, because A cites the full printed partnership line while B cites the bare value, which proves only that those digits occur somewhere on the page. subject_type corrected to 'fund' on every partnership row: both lanes wrote 'investment', but the entity column is headed 'Partnership' and each row is a named vehicle the fund committed capital to, not a holding inside one.",RESOLVED,A+B+ADJUDICATOR,504abfe06fcde5e187ef74247e28f97eecec00313f5079c91e05fbdaea023159
dab37ebe5a98c418e917,SRC058,2,PAIR_8A97E9B7BBC28A1FE1FB1624,CONTEXT_CONFLICT,590,588,source_section|source_table|source_column_label|asset_class|metric_name|evidence_quote,MERGE,"MERGE, one ruling applied to every paired row because the two lanes differ the same way on all of them and neither is complete. From B: source_section, which A left blank on all three pages although 'Real Estate Portfolio' is printed above the table on pages 1 and 2 and 'REITS' and 'Separate Accounts' above their own tables on page 3; source_table on pages 1 and 2, because A's 'UNTITLED_TABLE_1' is a placeholder the page never prints; and asset_class 'Real Estate', the printed grouping that governs every row. From A: source_column_label and metric_name 'Total Capital Contributed' and 'Total Capital Distributed', because the header wraps 'Total Capital' onto its own line above each of those two columns separately instead of spanning them, and page 3 prints 'Total Capital Distributed' on one line where both lanes agree; currency_scale, which A correctly leaves blank on irr and tvpi rows while B stamps '($ in millions)' onto a percentage and a multiple; and evidence_quote, because A cites the full printed partnership line while B cites the bare value, which proves only that those digits occur somewhere on the page. subject_type corrected to 'fund' on every partnership row: both lanes wrote 'investment', but the entity column is headed 'Partnership' and each row is a named vehicle the fund committed capital to, not a holding inside one.",RESOLVED,A+B+ADJUDICATOR,504abfe06fcde5e187ef74247e28f97eecec00313f5079c91e05fbdaea023159
8c8bf228dab668a6f2f6,SRC058,2,PAIR_D90E972424C1D96573A4B4B6,CONTEXT_CONFLICT,591,591,source_section|source_table|asset_class|currency_scale|evidence_quote,MERGE,"MERGE, one ruling applied to every paired row because the two lanes differ the same way on all of them and neither is complete. From B: source_section, which A left blank on all three pages although 'Real Estate Portfolio' is printed above the table on pages 1 and 2 and 'REITS' and 'Separate Accounts' above their own tables on page 3; source_table on pages 1 and 2, because A's 'UNTITLED_TABLE_1' is a placeholder the page never prints; and asset_class 'Real Estate', the printed grouping that governs every row. From A: source_column_label and metric_name 'Total Capital Contributed' and 'Total Capital Distributed', because the header wraps 'Total Capital' onto its own line above each of those two columns separately instead of spanning them, and page 3 prints 'Total Capital Distributed' on one line where both lanes agree; currency_scale, which A correctly leaves blank on irr and tvpi rows while B stamps '($ in millions)' onto a percentage and a multiple; and evidence_quote, because A cites the full printed partnership line while B cites the bare value, which proves only that those digits occur somewhere on the page. subject_type corrected to 'fund' on every partnership row: both lanes wrote 'investment', but the entity column is headed 'Partnership' and each row is a named vehicle the fund committed capital to, not a holding inside one.",RESOLVED,A+B+ADJUDICATOR,504abfe06fcde5e187ef74247e28f97eecec00313f5079c91e05fbdaea023159
4abdb87f207a586dde04,SRC058,2,PAIR_37F0D7601B9C46CFE03919BB,CONTEXT_CONFLICT,592,592,source_section|source_table|asset_class|evidence_quote,MERGE,"MERGE, one ruling applied to every paired row because the two lanes differ the same way on all of them and neither is complete. From B: source_section, which A left blank on all three pages although 'Real Estate Portfolio' is printed above the table on pages 1 and 2 and 'REITS' and 'Separate Accounts' above their own tables on page 3; source_table on pages 1 and 2, because A's 'UNTITLED_TABLE_1' is a placeholder the page never prints; and asset_class 'Real Estate', the printed grouping that governs every row. From A: source_column_label and metric_name 'Total Capital Contributed' and 'Total Capital Distributed', because the header wraps 'Total Capital' onto its own line above each of those two columns separately instead of spanning them, and page 3 prints 'Total Capital Distributed' on one line where both lanes agree; currency_scale, which A correctly leaves blank on irr and tvpi rows while B stamps '($ in millions)' onto a percentage and a multiple; and evidence_quote, because A cites the full printed partnership line while B cites the bare value, which proves only that those digits occur somewhere on the page. subject_type corrected to 'fund' on every partnership row: both lanes wrote 'investment', but the entity column is headed 'Partnership' and each row is a named vehicle the fund committed capital to, not a holding inside one.",RESOLVED,A+B+ADJUDICATOR,504abfe06fcde5e187ef74247e28f97eecec00313f5079c91e05fbdaea023159
1a8fb71206881f142a83,SRC058,2,PAIR_5D9360B99518DFA45E6F70BC,CONTEXT_CONFLICT,593,595,source_section|source_table|asset_class|evidence_quote,MERGE,"MERGE, one ruling applied to every paired row because the two lanes differ the same way on all of them and neither is complete. From B: source_section, which A left blank on all three pages although 'Real Estate Portfolio' is printed above the table on pages 1 and 2 and 'REITS' and 'Separate Accounts' above their own tables on page 3; source_table on pages 1 and 2, because A's 'UNTITLED_TABLE_1' is a placeholder the page never prints; and asset_class 'Real Estate', the printed grouping that governs every row. From A: source_column_label and metric_name 'Total Capital Contributed' and 'Total Capital Distributed', because the header wraps 'Total Capital' onto its own line above each of those two columns separately instead of spanning them, and page 3 prints 'Total Capital Distributed' on one line where both lanes agree; currency_scale, which A correctly leaves blank on irr and tvpi rows while B stamps '($ in millions)' onto a percentage and a multiple; and evidence_quote, because A cites the full printed partnership line while B cites the bare value, which proves only that those digits occur somewhere on the page. subject_type corrected to 'fund' on every partnership row: both lanes wrote 'investment', but the entity column is headed 'Partnership' and each row is a named vehicle the fund committed capital to, not a holding inside one.; Source review: p2: Retirement Fund (The portfolio report distinguishes investor positions from its aggregate rows.) | p2: Retirement Fund (Printed heading or definition supporting the source-reviewed qualifier.) | p2: Retirement Fund (Supersedes SR2184: the printed entity or table label is context, not a measurement basis; source labels retain its scope.)",RESOLVED,A+B+ADJUDICATOR,504abfe06fcde5e187ef74247e28f97eecec00313f5079c91e05fbdaea023159
13a578ab6ecf3a4e0ece,SRC058,2,PAIR_A41D8CE94C0DADF4135BF52C,CONTEXT_CONFLICT,594,596,source_section|source_table|asset_class|currency_scale|evidence_quote,MERGE,"MERGE, one ruling applied to every paired row because the two lanes differ the same way on all of them and neither is complete. From B: source_section, which A left blank on all three pages although 'Real Estate Portfolio' is printed above the table on pages 1 and 2 and 'REITS' and 'Separate Accounts' above their own tables on page 3; source_table on pages 1 and 2, because A's 'UNTITLED_TABLE_1' is a placeholder the page never prints; and asset_class 'Real Estate', the printed grouping that governs every row. From A: source_column_label and metric_name 'Total Capital Contributed' and 'Total Capital Distributed', because the header wraps 'Total Capital' onto its own line above each of those two columns separately instead of spanning them, and page 3 prints 'Total Capital Distributed' on one line where both lanes agree; currency_scale, which A correctly leaves blank on irr and tvpi rows while B stamps '($ in millions)' onto a percentage and a multiple; and evidence_quote, because A cites the full printed partnership line while B cites the bare value, which proves only that those digits occur somewhere on the page. subject_type corrected to 'fund' on every partnership row: both lanes wrote 'investment', but the entity column is headed 'Partnership' and each row is a named vehicle the fund committed capital to, not a holding inside one.; Source review: p2: IRR (All report pages were reviewed; no fee-basis statement qualifies this IRR.)",RESOLVED,A+B+ADJUDICATOR,504abfe06fcde5e187ef74247e28f97eecec00313f5079c91e05fbdaea023159
61bde2df56d5e7ae47e5,SRC058,2,PAIR_7CF8B87D7A7C1FF99B4F697E,CONTEXT_CONFLICT,595,593,source_section|source_table|source_column_label|asset_class|metric_name|evidence_quote,MERGE,"MERGE, one ruling applied to every paired row because the two lanes differ the same way on all of them and neither is complete. From B: source_section, which A left blank on all three pages although 'Real Estate Portfolio' is printed above the table on pages 1 and 2 and 'REITS' and 'Separate Accounts' above their own tables on page 3; source_table on pages 1 and 2, because A's 'UNTITLED_TABLE_1' is a placeholder the page never prints; and asset_class 'Real Estate', the printed grouping that governs every row. From A: source_column_label and metric_name 'Total Capital Contributed' and 'Total Capital Distributed', because the header wraps 'Total Capital' onto its own line above each of those two columns separately instead of spanning them, and page 3 prints 'Total Capital Distributed' on one line where both lanes agree; currency_scale, which A correctly leaves blank on irr and tvpi rows while B stamps '($ in millions)' onto a percentage and a multiple; and evidence_quote, because A cites the full printed partnership line while B cites the bare value, which proves only that those digits occur somewhere on the page. subject_type corrected to 'fund' on every partnership row: both lanes wrote 'investment', but the entity column is headed 'Partnership' and each row is a named vehicle the fund committed capital to, not a holding inside one.",RESOLVED,A+B+ADJUDICATOR,504abfe06fcde5e187ef74247e28f97eecec00313f5079c91e05fbdaea023159
d2997515e85a68f30922,SRC058,2,PAIR_14C7C116270A13D08E4721A2,CONTEXT_CONFLICT,596,594,source_section|source_table|source_column_label|asset_class|metric_name|evidence_quote,MERGE,"MERGE, one ruling applied to every paired row because the two lanes differ the same way on all of them and neither is complete. From B: source_section, which A left blank on all three pages although 'Real Estate Portfolio' is printed above the table on pages 1 and 2 and 'REITS' and 'Separate Accounts' above their own tables on page 3; source_table on pages 1 and 2, because A's 'UNTITLED_TABLE_1' is a placeholder the page never prints; and asset_class 'Real Estate', the printed grouping that governs every row. From A: source_column_label and metric_name 'Total Capital Contributed' and 'Total Capital Distributed', because the header wraps 'Total Capital' onto its own line above each of those two columns separately instead of spanning them, and page 3 prints 'Total Capital Distributed' on one line where both lanes agree; currency_scale, which A correctly leaves blank on irr and tvpi rows while B stamps '($ in millions)' onto a percentage and a multiple; and evidence_quote, because A cites the full printed partnership line while B cites the bare value, which proves only that those digits occur somewhere on the page. subject_type corrected to 'fund' on every partnership row: both lanes wrote 'investment', but the entity column is headed 'Partnership' and each row is a named vehicle the fund committed capital to, not a holding inside one.",RESOLVED,A+B+ADJUDICATOR,504abfe06fcde5e187ef74247e28f97eecec00313f5079c91e05fbdaea023159
edd18bdd65384de38d60,SRC058,2,PAIR_97E59B2CAE5274E533F22568,CONTEXT_CONFLICT,597,597,source_section|source_table|asset_class|currency_scale|evidence_quote,MERGE,"MERGE, one ruling applied to every paired row because the two lanes differ the same way on all of them and neither is complete. From B: source_section, which A left blank on all three pages although 'Real Estate Portfolio' is printed above the table on pages 1 and 2 and 'REITS' and 'Separate Accounts' above their own tables on page 3; source_table on pages 1 and 2, because A's 'UNTITLED_TABLE_1' is a placeholder the page never prints; and asset_class 'Real Estate', the printed grouping that governs every row. From A: source_column_label and metric_name 'Total Capital Contributed' and 'Total Capital Distributed', because the header wraps 'Total Capital' onto its own line above each of those two columns separately instead of spanning them, and page 3 prints 'Total Capital Distributed' on one line where both lanes agree; currency_scale, which A correctly leaves blank on irr and tvpi rows while B stamps '($ in millions)' onto a percentage and a multiple; and evidence_quote, because A cites the full printed partnership line while B cites the bare value, which proves only that those digits occur somewhere on the page. subject_type corrected to 'fund' on every partnership row: both lanes wrote 'investment', but the entity column is headed 'Partnership' and each row is a named vehicle the fund committed capital to, not a holding inside one.",RESOLVED,A+B+ADJUDICATOR,504abfe06fcde5e187ef74247e28f97eecec00313f5079c91e05fbdaea023159
cf0595427791c5b69791,SRC058,2,PAIR_28E93ADEFD148C0F432A7A43,CONTEXT_CONFLICT,598,598,source_section|source_table|asset_class|evidence_quote,MERGE,"MERGE, one ruling applied to every paired row because the two lanes differ the same way on all of them and neither is complete. From B: source_section, which A left blank on all three pages although 'Real Estate Portfolio' is printed above the table on pages 1 and 2 and 'REITS' and 'Separate Accounts' above their own tables on page 3; source_table on pages 1 and 2, because A's 'UNTITLED_TABLE_1' is a placeholder the page never prints; and asset_class 'Real Estate', the printed grouping that governs every row. From A: source_column_label and metric_name 'Total Capital Contributed' and 'Total Capital Distributed', because the header wraps 'Total Capital' onto its own line above each of those two columns separately instead of spanning them, and page 3 prints 'Total Capital Distributed' on one line where both lanes agree; currency_scale, which A correctly leaves blank on irr and tvpi rows while B stamps '($ in millions)' onto a percentage and a multiple; and evidence_quote, because A cites the full printed partnership line while B cites the bare value, which proves only that those digits occur somewhere on the page. subject_type corrected to 'fund' on every partnership row: both lanes wrote 'investment', but the entity column is headed 'Partnership' and each row is a named vehicle the fund committed capital to, not a holding inside one.",RESOLVED,A+B+ADJUDICATOR,504abfe06fcde5e187ef74247e28f97eecec00313f5079c91e05fbdaea023159
672e2a4fdf357d74e905,SRC058,2,PAIR_C435EC1B865095FB89E6C1F3,CONTEXT_CONFLICT,599,601,source_section|source_table|asset_class|evidence_quote,MERGE,"MERGE, one ruling applied to every paired row because the two lanes differ the same way on all of them and neither is complete. From B: source_section, which A left blank on all three pages although 'Real Estate Portfolio' is printed above the table on pages 1 and 2 and 'REITS' and 'Separate Accounts' above their own tables on page 3; source_table on pages 1 and 2, because A's 'UNTITLED_TABLE_1' is a placeholder the page never prints; and asset_class 'Real Estate', the printed grouping that governs every row. From A: source_column_label and metric_name 'Total Capital Contributed' and 'Total Capital Distributed', because the header wraps 'Total Capital' onto its own line above each of those two columns separately instead of spanning them, and page 3 prints 'Total Capital Distributed' on one line where both lanes agree; currency_scale, which A correctly leaves blank on irr and tvpi rows while B stamps '($ in millions)' onto a percentage and a multiple; and evidence_quote, because A cites the full printed partnership line while B cites the bare value, which proves only that those digits occur somewhere on the page. subject_type corrected to 'fund' on every partnership row: both lanes wrote 'investment', but the entity column is headed 'Partnership' and each row is a named vehicle the fund committed capital to, not a holding inside one.; Source review: p2: Retirement Fund (The portfolio report distinguishes investor positions from its aggregate rows.) | p2: Retirement Fund (Printed heading or definition supporting the source-reviewed qualifier.) | p2: Retirement Fund (Supersedes SR2185: the printed entity or table label is context, not a measurement basis; source labels retain its scope.)",RESOLVED,A+B+ADJUDICATOR,504abfe06fcde5e187ef74247e28f97eecec00313f5079c91e05fbdaea023159
518aa3eb5c41bddef3d0,SRC058,2,PAIR_7A0F252408E73A674E0D6B02,CONTEXT_CONFLICT,600,602,source_section|source_table|asset_class|currency_scale|evidence_quote,MERGE,"MERGE, one ruling applied to every paired row because the two lanes differ the same way on all of them and neither is complete. From B: source_section, which A left blank on all three pages although 'Real Estate Portfolio' is printed above the table on pages 1 and 2 and 'REITS' and 'Separate Accounts' above their own tables on page 3; source_table on pages 1 and 2, because A's 'UNTITLED_TABLE_1' is a placeholder the page never prints; and asset_class 'Real Estate', the printed grouping that governs every row. From A: source_column_label and metric_name 'Total Capital Contributed' and 'Total Capital Distributed', because the header wraps 'Total Capital' onto its own line above each of those two columns separately instead of spanning them, and page 3 prints 'Total Capital Distributed' on one line where both lanes agree; currency_scale, which A correctly leaves blank on irr and tvpi rows while B stamps '($ in millions)' onto a percentage and a multiple; and evidence_quote, because A cites the full printed partnership line while B cites the bare value, which proves only that those digits occur somewhere on the page. subject_type corrected to 'fund' on every partnership row: both lanes wrote 'investment', but the entity column is headed 'Partnership' and each row is a named vehicle the fund committed capital to, not a holding inside one.; Source review: p2: IRR (All report pages were reviewed; no fee-basis statement qualifies this IRR.)",RESOLVED,A+B+ADJUDICATOR,504abfe06fcde5e187ef74247e28f97eecec00313f5079c91e05fbdaea023159
b3952f2e14d016cf0dd5,SRC058,2,PAIR_0164FF77BDB71671E6C9BE3F,CONTEXT_CONFLICT,601,599,source_section|source_table|source_column_label|asset_class|metric_name|evidence_quote,MERGE,"MERGE, one ruling applied to every paired row because the two lanes differ the same way on all of them and neither is complete. From B: source_section, which A left blank on all three pages although 'Real Estate Portfolio' is printed above the table on pages 1 and 2 and 'REITS' and 'Separate Accounts' above their own tables on page 3; source_table on pages 1 and 2, because A's 'UNTITLED_TABLE_1' is a placeholder the page never prints; and asset_class 'Real Estate', the printed grouping that governs every row. From A: source_column_label and metric_name 'Total Capital Contributed' and 'Total Capital Distributed', because the header wraps 'Total Capital' onto its own line above each of those two columns separately instead of spanning them, and page 3 prints 'Total Capital Distributed' on one line where both lanes agree; currency_scale, which A correctly leaves blank on irr and tvpi rows while B stamps '($ in millions)' onto a percentage and a multiple; and evidence_quote, because A cites the full printed partnership line while B cites the bare value, which proves only that those digits occur somewhere on the page. subject_type corrected to 'fund' on every partnership row: both lanes wrote 'investment', but the entity column is headed 'Partnership' and each row is a named vehicle the fund committed capital to, not a holding inside one.",RESOLVED,A+B+ADJUDICATOR,504abfe06fcde5e187ef74247e28f97eecec00313f5079c91e05fbdaea023159
241c9a4107760f46fd15,SRC058,2,PAIR_A37379A60298C6ED2DF977AA,CONTEXT_CONFLICT,602,600,source_section|source_table|source_column_label|asset_class|metric_name|evidence_quote,MERGE,"MERGE, one ruling applied to every paired row because the two lanes differ the same way on all of them and neither is complete. From B: source_section, which A left blank on all three pages although 'Real Estate Portfolio' is printed above the table on pages 1 and 2 and 'REITS' and 'Separate Accounts' above their own tables on page 3; source_table on pages 1 and 2, because A's 'UNTITLED_TABLE_1' is a placeholder the page never prints; and asset_class 'Real Estate', the printed grouping that governs every row. From A: source_column_label and metric_name 'Total Capital Contributed' and 'Total Capital Distributed', because the header wraps 'Total Capital' onto its own line above each of those two columns separately instead of spanning them, and page 3 prints 'Total Capital Distributed' on one line where both lanes agree; currency_scale, which A correctly leaves blank on irr and tvpi rows while B stamps '($ in millions)' onto a percentage and a multiple; and evidence_quote, because A cites the full printed partnership line while B cites the bare value, which proves only that those digits occur somewhere on the page. subject_type corrected to 'fund' on every partnership row: both lanes wrote 'investment', but the entity column is headed 'Partnership' and each row is a named vehicle the fund committed capital to, not a holding inside one.",RESOLVED,A+B+ADJUDICATOR,504abfe06fcde5e187ef74247e28f97eecec00313f5079c91e05fbdaea023159
c927a07eeb9d4f25a179,SRC058,2,PAIR_8D63B0DD6C4B4F3D93A61536,CONTEXT_CONFLICT,603,603,source_section|source_table|asset_class|currency_scale|evidence_quote,MERGE,"MERGE, one ruling applied to every paired row because the two lanes differ the same way on all of them and neither is complete. From B: source_section, which A left blank on all three pages although 'Real Estate Portfolio' is printed above the table on pages 1 and 2 and 'REITS' and 'Separate Accounts' above their own tables on page 3; source_table on pages 1 and 2, because A's 'UNTITLED_TABLE_1' is a placeholder the page never prints; and asset_class 'Real Estate', the printed grouping that governs every row. From A: source_column_label and metric_name 'Total Capital Contributed' and 'Total Capital Distributed', because the header wraps 'Total Capital' onto its own line above each of those two columns separately instead of spanning them, and page 3 prints 'Total Capital Distributed' on one line where both lanes agree; currency_scale, which A correctly leaves blank on irr and tvpi rows while B stamps '($ in millions)' onto a percentage and a multiple; and evidence_quote, because A cites the full printed partnership line while B cites the bare value, which proves only that those digits occur somewhere on the page. subject_type corrected to 'fund' on every partnership row: both lanes wrote 'investment', but the entity column is headed 'Partnership' and each row is a named vehicle the fund committed capital to, not a holding inside one.",RESOLVED,A+B+ADJUDICATOR,504abfe06fcde5e187ef74247e28f97eecec00313f5079c91e05fbdaea023159
9a206ab98b59b5396f88,SRC058,2,PAIR_2C186A53C91D848BEC9BA75B,CONTEXT_CONFLICT,604,604,source_section|source_table|asset_class|evidence_quote,MERGE,"MERGE, one ruling applied to every paired row because the two lanes differ the same way on all of them and neither is complete. From B: source_section, which A left blank on all three pages although 'Real Estate Portfolio' is printed above the table on pages 1 and 2 and 'REITS' and 'Separate Accounts' above their own tables on page 3; source_table on pages 1 and 2, because A's 'UNTITLED_TABLE_1' is a placeholder the page never prints; and asset_class 'Real Estate', the printed grouping that governs every row. From A: source_column_label and metric_name 'Total Capital Contributed' and 'Total Capital Distributed', because the header wraps 'Total Capital' onto its own line above each of those two columns separately instead of spanning them, and page 3 prints 'Total Capital Distributed' on one line where both lanes agree; currency_scale, which A correctly leaves blank on irr and tvpi rows while B stamps '($ in millions)' onto a percentage and a multiple; and evidence_quote, because A cites the full printed partnership line while B cites the bare value, which proves only that those digits occur somewhere on the page. subject_type corrected to 'fund' on every partnership row: both lanes wrote 'investment', but the entity column is headed 'Partnership' and each row is a named vehicle the fund committed capital to, not a holding inside one.",RESOLVED,A+B+ADJUDICATOR,504abfe06fcde5e187ef74247e28f97eecec00313f5079c91e05fbdaea023159
a1212890980addf3475b,SRC058,2,PAIR_7B450B61CADDBBD37E25EE0E,CONTEXT_CONFLICT,605,607,source_section|source_table|asset_class|evidence_quote,MERGE,"MERGE, one ruling applied to every paired row because the two lanes differ the same way on all of them and neither is complete. From B: source_section, which A left blank on all three pages although 'Real Estate Portfolio' is printed above the table on pages 1 and 2 and 'REITS' and 'Separate Accounts' above their own tables on page 3; source_table on pages 1 and 2, because A's 'UNTITLED_TABLE_1' is a placeholder the page never prints; and asset_class 'Real Estate', the printed grouping that governs every row. From A: source_column_label and metric_name 'Total Capital Contributed' and 'Total Capital Distributed', because the header wraps 'Total Capital' onto its own line above each of those two columns separately instead of spanning them, and page 3 prints 'Total Capital Distributed' on one line where both lanes agree; currency_scale, which A correctly leaves blank on irr and tvpi rows while B stamps '($ in millions)' onto a percentage and a multiple; and evidence_quote, because A cites the full printed partnership line while B cites the bare value, which proves only that those digits occur somewhere on the page. subject_type corrected to 'fund' on every partnership row: both lanes wrote 'investment', but the entity column is headed 'Partnership' and each row is a named vehicle the fund committed capital to, not a holding inside one.; Source review: p2: Retirement Fund (The portfolio report distinguishes investor positions from its aggregate rows.) | p2: Retirement Fund (Printed heading or definition supporting the source-reviewed qualifier.) | p2: Retirement Fund (Supersedes SR2186: the printed entity or table label is context, not a measurement basis; source labels retain its scope.)",RESOLVED,A+B+ADJUDICATOR,504abfe06fcde5e187ef74247e28f97eecec00313f5079c91e05fbdaea023159
c3466c79cb65337b3252,SRC058,2,PAIR_074582D2AB6DD6D998F5798B,CONTEXT_CONFLICT,606,605,source_section|source_table|source_column_label|asset_class|metric_name|evidence_quote,MERGE,"MERGE, one ruling applied to every paired row because the two lanes differ the same way on all of them and neither is complete. From B: source_section, which A left blank on all three pages although 'Real Estate Portfolio' is printed above the table on pages 1 and 2 and 'REITS' and 'Separate Accounts' above their own tables on page 3; source_table on pages 1 and 2, because A's 'UNTITLED_TABLE_1' is a placeholder the page never prints; and asset_class 'Real Estate', the printed grouping that governs every row. From A: source_column_label and metric_name 'Total Capital Contributed' and 'Total Capital Distributed', because the header wraps 'Total Capital' onto its own line above each of those two columns separately instead of spanning them, and page 3 prints 'Total Capital Distributed' on one line where both lanes agree; currency_scale, which A correctly leaves blank on irr and tvpi rows while B stamps '($ in millions)' onto a percentage and a multiple; and evidence_quote, because A cites the full printed partnership line while B cites the bare value, which proves only that those digits occur somewhere on the page. subject_type corrected to 'fund' on every partnership row: both lanes wrote 'investment', but the entity column is headed 'Partnership' and each row is a named vehicle the fund committed capital to, not a holding inside one.",RESOLVED,A+B+ADJUDICATOR,504abfe06fcde5e187ef74247e28f97eecec00313f5079c91e05fbdaea023159
2b470ebd1895bc117cdd,SRC058,2,PAIR_93A46CE362426C41D830C04D,CONTEXT_CONFLICT,607,606,source_section|source_table|source_column_label|asset_class|metric_name|evidence_quote,MERGE,"MERGE, one ruling applied to every paired row because the two lanes differ the same way on all of them and neither is complete. From B: source_section, which A left blank on all three pages although 'Real Estate Portfolio' is printed above the table on pages 1 and 2 and 'REITS' and 'Separate Accounts' above their own tables on page 3; source_table on pages 1 and 2, because A's 'UNTITLED_TABLE_1' is a placeholder the page never prints; and asset_class 'Real Estate', the printed grouping that governs every row. From A: source_column_label and metric_name 'Total Capital Contributed' and 'Total Capital Distributed', because the header wraps 'Total Capital' onto its own line above each of those two columns separately instead of spanning them, and page 3 prints 'Total Capital Distributed' on one line where both lanes agree; currency_scale, which A correctly leaves blank on irr and tvpi rows while B stamps '($ in millions)' onto a percentage and a multiple; and evidence_quote, because A cites the full printed partnership line while B cites the bare value, which proves only that those digits occur somewhere on the page. subject_type corrected to 'fund' on every partnership row: both lanes wrote 'investment', but the entity column is headed 'Partnership' and each row is a named vehicle the fund committed capital to, not a holding inside one.",RESOLVED,A+B+ADJUDICATOR,504abfe06fcde5e187ef74247e28f97eecec00313f5079c91e05fbdaea023159
44ba9c47a903c7c568d0,SRC058,2,PAIR_230856FC892D580A0458BDA1,CONTEXT_CONFLICT,608,608,source_section|source_table|asset_class|currency_scale|evidence_quote,MERGE,"MERGE, one ruling applied to every paired row because the two lanes differ the same way on all of them and neither is complete. From B: source_section, which A left blank on all three pages although 'Real Estate Portfolio' is printed above the table on pages 1 and 2 and 'REITS' and 'Separate Accounts' above their own tables on page 3; source_table on pages 1 and 2, because A's 'UNTITLED_TABLE_1' is a placeholder the page never prints; and asset_class 'Real Estate', the printed grouping that governs every row. From A: source_column_label and metric_name 'Total Capital Contributed' and 'Total Capital Distributed', because the header wraps 'Total Capital' onto its own line above each of those two columns separately instead of spanning them, and page 3 prints 'Total Capital Distributed' on one line where both lanes agree; currency_scale, which A correctly leaves blank on irr and tvpi rows while B stamps '($ in millions)' onto a percentage and a multiple; and evidence_quote, because A cites the full printed partnership line while B cites the bare value, which proves only that those digits occur somewhere on the page. subject_type corrected to 'fund' on every partnership row: both lanes wrote 'investment', but the entity column is headed 'Partnership' and each row is a named vehicle the fund committed capital to, not a holding inside one.",RESOLVED,A+B+ADJUDICATOR,504abfe06fcde5e187ef74247e28f97eecec00313f5079c91e05fbdaea023159
4721a05aa0e494c15bcb,SRC058,2,PAIR_9994A6400EBFDB0A44F6A5E5,CONTEXT_CONFLICT,609,609,source_section|source_table|asset_class|evidence_quote,MERGE,"MERGE, one ruling applied to every paired row because the two lanes differ the same way on all of them and neither is complete. From B: source_section, which A left blank on all three pages although 'Real Estate Portfolio' is printed above the table on pages 1 and 2 and 'REITS' and 'Separate Accounts' above their own tables on page 3; source_table on pages 1 and 2, because A's 'UNTITLED_TABLE_1' is a placeholder the page never prints; and asset_class 'Real Estate', the printed grouping that governs every row. From A: source_column_label and metric_name 'Total Capital Contributed' and 'Total Capital Distributed', because the header wraps 'Total Capital' onto its own line above each of those two columns separately instead of spanning them, and page 3 prints 'Total Capital Distributed' on one line where both lanes agree; currency_scale, which A correctly leaves blank on irr and tvpi rows while B stamps '($ in millions)' onto a percentage and a multiple; and evidence_quote, because A cites the full printed partnership line while B cites the bare value, which proves only that those digits occur somewhere on the page. subject_type corrected to 'fund' on every partnership row: both lanes wrote 'investment', but the entity column is headed 'Partnership' and each row is a named vehicle the fund committed capital to, not a holding inside one.",RESOLVED,A+B+ADJUDICATOR,504abfe06fcde5e187ef74247e28f97eecec00313f5079c91e05fbdaea023159
6bbb43991e699cd44ad9,SRC058,2,PAIR_3A0538CE2C8896A1E71642EF,CONTEXT_CONFLICT,610,612,source_section|source_table|asset_class|evidence_quote,MERGE,"MERGE, one ruling applied to every paired row because the two lanes differ the same way on all of them and neither is complete. From B: source_section, which A left blank on all three pages although 'Real Estate Portfolio' is printed above the table on pages 1 and 2 and 'REITS' and 'Separate Accounts' above their own tables on page 3; source_table on pages 1 and 2, because A's 'UNTITLED_TABLE_1' is a placeholder the page never prints; and asset_class 'Real Estate', the printed grouping that governs every row. From A: source_column_label and metric_name 'Total Capital Contributed' and 'Total Capital Distributed', because the header wraps 'Total Capital' onto its own line above each of those two columns separately instead of spanning them, and page 3 prints 'Total Capital Distributed' on one line where both lanes agree; currency_scale, which A correctly leaves blank on irr and tvpi rows while B stamps '($ in millions)' onto a percentage and a multiple; and evidence_quote, because A cites the full printed partnership line while B cites the bare value, which proves only that those digits occur somewhere on the page. subject_type corrected to 'fund' on every partnership row: both lanes wrote 'investment', but the entity column is headed 'Partnership' and each row is a named vehicle the fund committed capital to, not a holding inside one.; Source review: p2: Retirement Fund (The portfolio report distinguishes investor positions from its aggregate rows.) | p2: Retirement Fund (Printed heading or definition supporting the source-reviewed qualifier.) | p2: Retirement Fund (Supersedes SR2187: the printed entity or table label is context, not a measurement basis; source labels retain its scope.)",RESOLVED,A+B+ADJUDICATOR,504abfe06fcde5e187ef74247e28f97eecec00313f5079c91e05fbdaea023159
b44c46d0d2d4262e1661,SRC058,2,PAIR_BA6A7C1B00EDD6E55E4E7ECC,CONTEXT_CONFLICT,611,613,source_section|source_table|asset_class|currency_scale|evidence_quote,MERGE,"MERGE, one ruling applied to every paired row because the two lanes differ the same way on all of them and neither is complete. From B: source_section, which A left blank on all three pages although 'Real Estate Portfolio' is printed above the table on pages 1 and 2 and 'REITS' and 'Separate Accounts' above their own tables on page 3; source_table on pages 1 and 2, because A's 'UNTITLED_TABLE_1' is a placeholder the page never prints; and asset_class 'Real Estate', the printed grouping that governs every row. From A: source_column_label and metric_name 'Total Capital Contributed' and 'Total Capital Distributed', because the header wraps 'Total Capital' onto its own line above each of those two columns separately instead of spanning them, and page 3 prints 'Total Capital Distributed' on one line where both lanes agree; currency_scale, which A correctly leaves blank on irr and tvpi rows while B stamps '($ in millions)' onto a percentage and a multiple; and evidence_quote, because A cites the full printed partnership line while B cites the bare value, which proves only that those digits occur somewhere on the page. subject_type corrected to 'fund' on every partnership row: both lanes wrote 'investment', but the entity column is headed 'Partnership' and each row is a named vehicle the fund committed capital to, not a holding inside one.; Source review: p2: IRR (All report pages were reviewed; no fee-basis statement qualifies this IRR.)",RESOLVED,A+B+ADJUDICATOR,504abfe06fcde5e187ef74247e28f97eecec00313f5079c91e05fbdaea023159
12f5a655dad0176467ce,SRC058,2,PAIR_05CD9D67BD590D792A93E750,CONTEXT_CONFLICT,612,610,source_section|source_table|source_column_label|asset_class|metric_name|evidence_quote,MERGE,"MERGE, one ruling applied to every paired row because the two lanes differ the same way on all of them and neither is complete. From B: source_section, which A left blank on all three pages although 'Real Estate Portfolio' is printed above the table on pages 1 and 2 and 'REITS' and 'Separate Accounts' above their own tables on page 3; source_table on pages 1 and 2, because A's 'UNTITLED_TABLE_1' is a placeholder the page never prints; and asset_class 'Real Estate', the printed grouping that governs every row. From A: source_column_label and metric_name 'Total Capital Contributed' and 'Total Capital Distributed', because the header wraps 'Total Capital' onto its own line above each of those two columns separately instead of spanning them, and page 3 prints 'Total Capital Distributed' on one line where both lanes agree; currency_scale, which A correctly leaves blank on irr and tvpi rows while B stamps '($ in millions)' onto a percentage and a multiple; and evidence_quote, because A cites the full printed partnership line while B cites the bare value, which proves only that those digits occur somewhere on the page. subject_type corrected to 'fund' on every partnership row: both lanes wrote 'investment', but the entity column is headed 'Partnership' and each row is a named vehicle the fund committed capital to, not a holding inside one.",RESOLVED,A+B+ADJUDICATOR,504abfe06fcde5e187ef74247e28f97eecec00313f5079c91e05fbdaea023159
197879cab9a3ebaddbd6,SRC058,2,PAIR_6AEC57D50F75A8F894511742,CONTEXT_CONFLICT,613,611,source_section|source_table|source_column_label|asset_class|metric_name|evidence_quote,MERGE,"MERGE, one ruling applied to every paired row because the two lanes differ the same way on all of them and neither is complete. From B: source_section, which A left blank on all three pages although 'Real Estate Portfolio' is printed above the table on pages 1 and 2 and 'REITS' and 'Separate Accounts' above their own tables on page 3; source_table on pages 1 and 2, because A's 'UNTITLED_TABLE_1' is a placeholder the page never prints; and asset_class 'Real Estate', the printed grouping that governs every row. From A: source_column_label and metric_name 'Total Capital Contributed' and 'Total Capital Distributed', because the header wraps 'Total Capital' onto its own line above each of those two columns separately instead of spanning them, and page 3 prints 'Total Capital Distributed' on one line where both lanes agree; currency_scale, which A correctly leaves blank on irr and tvpi rows while B stamps '($ in millions)' onto a percentage and a multiple; and evidence_quote, because A cites the full printed partnership line while B cites the bare value, which proves only that those digits occur somewhere on the page. subject_type corrected to 'fund' on every partnership row: both lanes wrote 'investment', but the entity column is headed 'Partnership' and each row is a named vehicle the fund committed capital to, not a holding inside one.",RESOLVED,A+B+ADJUDICATOR,504abfe06fcde5e187ef74247e28f97eecec00313f5079c91e05fbdaea023159
cdf6c2d01bc93d8d6afe,SRC058,2,PAIR_04E140D8F2DC0FEEC90326DC,CONTEXT_CONFLICT,614,614,source_section|source_table|asset_class|currency_scale|evidence_quote,MERGE,"MERGE, one ruling applied to every paired row because the two lanes differ the same way on all of them and neither is complete. From B: source_section, which A left blank on all three pages although 'Real Estate Portfolio' is printed above the table on pages 1 and 2 and 'REITS' and 'Separate Accounts' above their own tables on page 3; source_table on pages 1 and 2, because A's 'UNTITLED_TABLE_1' is a placeholder the page never prints; and asset_class 'Real Estate', the printed grouping that governs every row. From A: source_column_label and metric_name 'Total Capital Contributed' and 'Total Capital Distributed', because the header wraps 'Total Capital' onto its own line above each of those two columns separately instead of spanning them, and page 3 prints 'Total Capital Distributed' on one line where both lanes agree; currency_scale, which A correctly leaves blank on irr and tvpi rows while B stamps '($ in millions)' onto a percentage and a multiple; and evidence_quote, because A cites the full printed partnership line while B cites the bare value, which proves only that those digits occur somewhere on the page. subject_type corrected to 'fund' on every partnership row: both lanes wrote 'investment', but the entity column is headed 'Partnership' and each row is a named vehicle the fund committed capital to, not a holding inside one.",RESOLVED,A+B+ADJUDICATOR,504abfe06fcde5e187ef74247e28f97eecec00313f5079c91e05fbdaea023159
978435e43c7cf4010ea4,SRC058,2,PAIR_521FFD08ABF4DE909685A2DF,CONTEXT_CONFLICT,615,615,source_section|source_table|asset_class|evidence_quote,MERGE,"MERGE, one ruling applied to every paired row because the two lanes differ the same way on all of them and neither is complete. From B: source_section, which A left blank on all three pages although 'Real Estate Portfolio' is printed above the table on pages 1 and 2 and 'REITS' and 'Separate Accounts' above their own tables on page 3; source_table on pages 1 and 2, because A's 'UNTITLED_TABLE_1' is a placeholder the page never prints; and asset_class 'Real Estate', the printed grouping that governs every row. From A: source_column_label and metric_name 'Total Capital Contributed' and 'Total Capital Distributed', because the header wraps 'Total Capital' onto its own line above each of those two columns separately instead of spanning them, and page 3 prints 'Total Capital Distributed' on one line where both lanes agree; currency_scale, which A correctly leaves blank on irr and tvpi rows while B stamps '($ in millions)' onto a percentage and a multiple; and evidence_quote, because A cites the full printed partnership line while B cites the bare value, which proves only that those digits occur somewhere on the page. subject_type corrected to 'fund' on every partnership row: both lanes wrote 'investment', but the entity column is headed 'Partnership' and each row is a named vehicle the fund committed capital to, not a holding inside one.",RESOLVED,A+B+ADJUDICATOR,504abfe06fcde5e187ef74247e28f97eecec00313f5079c91e05fbdaea023159
cad6fd433a15cfc1c0ac,SRC058,2,PAIR_856DB5E908F46C926164656B,CONTEXT_CONFLICT,616,618,source_section|source_table|asset_class|evidence_quote,MERGE,"MERGE, one ruling applied to every paired row because the two lanes differ the same way on all of them and neither is complete. From B: source_section, which A left blank on all three pages although 'Real Estate Portfolio' is printed above the table on pages 1 and 2 and 'REITS' and 'Separate Accounts' above their own tables on page 3; source_table on pages 1 and 2, because A's 'UNTITLED_TABLE_1' is a placeholder the page never prints; and asset_class 'Real Estate', the printed grouping that governs every row. From A: source_column_label and metric_name 'Total Capital Contributed' and 'Total Capital Distributed', because the header wraps 'Total Capital' onto its own line above each of those two columns separately instead of spanning them, and page 3 prints 'Total Capital Distributed' on one line where both lanes agree; currency_scale, which A correctly leaves blank on irr and tvpi rows while B stamps '($ in millions)' onto a percentage and a multiple; and evidence_quote, because A cites the full printed partnership line while B cites the bare value, which proves only that those digits occur somewhere on the page. subject_type corrected to 'fund' on every partnership row: both lanes wrote 'investment', but the entity column is headed 'Partnership' and each row is a named vehicle the fund committed capital to, not a holding inside one.; Source review: p2: Retirement Fund (The portfolio report distinguishes investor positions from its aggregate rows.) | p2: Retirement Fund (Printed heading or definition supporting the source-reviewed qualifier.) | p2: Retirement Fund (Supersedes SR2188: the printed entity or table label is context, not a measurement basis; source labels retain its scope.)",RESOLVED,A+B+ADJUDICATOR,504abfe06fcde5e187ef74247e28f97eecec00313f5079c91e05fbdaea023159
0537336b80b25b69df99,SRC058,2,PAIR_5F9688046E1D5074FAD30B3E,CONTEXT_CONFLICT,617,619,source_section|source_table|asset_class|currency_scale|evidence_quote,MERGE,"MERGE, one ruling applied to every paired row because the two lanes differ the same way on all of them and neither is complete. From B: source_section, which A left blank on all three pages although 'Real Estate Portfolio' is printed above the table on pages 1 and 2 and 'REITS' and 'Separate Accounts' above their own tables on page 3; source_table on pages 1 and 2, because A's 'UNTITLED_TABLE_1' is a placeholder the page never prints; and asset_class 'Real Estate', the printed grouping that governs every row. From A: source_column_label and metric_name 'Total Capital Contributed' and 'Total Capital Distributed', because the header wraps 'Total Capital' onto its own line above each of those two columns separately instead of spanning them, and page 3 prints 'Total Capital Distributed' on one line where both lanes agree; currency_scale, which A correctly leaves blank on irr and tvpi rows while B stamps '($ in millions)' onto a percentage and a multiple; and evidence_quote, because A cites the full printed partnership line while B cites the bare value, which proves only that those digits occur somewhere on the page. subject_type corrected to 'fund' on every partnership row: both lanes wrote 'investment', but the entity column is headed 'Partnership' and each row is a named vehicle the fund committed capital to, not a holding inside one.; Source review: p2: IRR (All report pages were reviewed; no fee-basis statement qualifies this IRR.)",RESOLVED,A+B+ADJUDICATOR,504abfe06fcde5e187ef74247e28f97eecec00313f5079c91e05fbdaea023159
983c6deaabeccd6a187c,SRC058,2,PAIR_EA4ED1253CF814243477B384,CONTEXT_CONFLICT,618,616,source_section|source_table|source_column_label|asset_class|metric_name|evidence_quote,MERGE,"MERGE, one ruling applied to every paired row because the two lanes differ the same way on all of them and neither is complete. From B: source_section, which A left blank on all three pages although 'Real Estate Portfolio' is printed above the table on pages 1 and 2 and 'REITS' and 'Separate Accounts' above their own tables on page 3; source_table on pages 1 and 2, because A's 'UNTITLED_TABLE_1' is a placeholder the page never prints; and asset_class 'Real Estate', the printed grouping that governs every row. From A: source_column_label and metric_name 'Total Capital Contributed' and 'Total Capital Distributed', because the header wraps 'Total Capital' onto its own line above each of those two columns separately instead of spanning them, and page 3 prints 'Total Capital Distributed' on one line where both lanes agree; currency_scale, which A correctly leaves blank on irr and tvpi rows while B stamps '($ in millions)' onto a percentage and a multiple; and evidence_quote, because A cites the full printed partnership line while B cites the bare value, which proves only that those digits occur somewhere on the page. subject_type corrected to 'fund' on every partnership row: both lanes wrote 'investment', but the entity column is headed 'Partnership' and each row is a named vehicle the fund committed capital to, not a holding inside one.",RESOLVED,A+B+ADJUDICATOR,504abfe06fcde5e187ef74247e28f97eecec00313f5079c91e05fbdaea023159
128b79147c66d44231fa,SRC058,2,PAIR_93562301E9065ED03FFEAF21,CONTEXT_CONFLICT,619,617,source_section|source_table|source_column_label|asset_class|metric_name|evidence_quote,MERGE,"MERGE, one ruling applied to every paired row because the two lanes differ the same way on all of them and neither is complete. From B: source_section, which A left blank on all three pages although 'Real Estate Portfolio' is printed above the table on pages 1 and 2 and 'REITS' and 'Separate Accounts' above their own tables on page 3; source_table on pages 1 and 2, because A's 'UNTITLED_TABLE_1' is a placeholder the page never prints; and asset_class 'Real Estate', the printed grouping that governs every row. From A: source_column_label and metric_name 'Total Capital Contributed' and 'Total Capital Distributed', because the header wraps 'Total Capital' onto its own line above each of those two columns separately instead of spanning them, and page 3 prints 'Total Capital Distributed' on one line where both lanes agree; currency_scale, which A correctly leaves blank on irr and tvpi rows while B stamps '($ in millions)' onto a percentage and a multiple; and evidence_quote, because A cites the full printed partnership line while B cites the bare value, which proves only that those digits occur somewhere on the page. subject_type corrected to 'fund' on every partnership row: both lanes wrote 'investment', but the entity column is headed 'Partnership' and each row is a named vehicle the fund committed capital to, not a holding inside one.",RESOLVED,A+B+ADJUDICATOR,504abfe06fcde5e187ef74247e28f97eecec00313f5079c91e05fbdaea023159
a4eadfc29906314ba8d5,SRC058,2,PAIR_757FD5442A154B9DFE2047D3,CONTEXT_CONFLICT,620,620,source_section|source_table|asset_class|currency_scale|evidence_quote,MERGE,"MERGE, one ruling applied to every paired row because the two lanes differ the same way on all of them and neither is complete. From B: source_section, which A left blank on all three pages although 'Real Estate Portfolio' is printed above the table on pages 1 and 2 and 'REITS' and 'Separate Accounts' above their own tables on page 3; source_table on pages 1 and 2, because A's 'UNTITLED_TABLE_1' is a placeholder the page never prints; and asset_class 'Real Estate', the printed grouping that governs every row. From A: source_column_label and metric_name 'Total Capital Contributed' and 'Total Capital Distributed', because the header wraps 'Total Capital' onto its own line above each of those two columns separately instead of spanning them, and page 3 prints 'Total Capital Distributed' on one line where both lanes agree; currency_scale, which A correctly leaves blank on irr and tvpi rows while B stamps '($ in millions)' onto a percentage and a multiple; and evidence_quote, because A cites the full printed partnership line while B cites the bare value, which proves only that those digits occur somewhere on the page. subject_type corrected to 'fund' on every partnership row: both lanes wrote 'investment', but the entity column is headed 'Partnership' and each row is a named vehicle the fund committed capital to, not a holding inside one.",RESOLVED,A+B+ADJUDICATOR,504abfe06fcde5e187ef74247e28f97eecec00313f5079c91e05fbdaea023159
612de5e1d6177b96e658,SRC058,2,PAIR_ECB4E70949E01CC3C3F1AFCB,CONTEXT_CONFLICT,621,621,source_section|source_table|asset_class|evidence_quote,MERGE,"MERGE, one ruling applied to every paired row because the two lanes differ the same way on all of them and neither is complete. From B: source_section, which A left blank on all three pages although 'Real Estate Portfolio' is printed above the table on pages 1 and 2 and 'REITS' and 'Separate Accounts' above their own tables on page 3; source_table on pages 1 and 2, because A's 'UNTITLED_TABLE_1' is a placeholder the page never prints; and asset_class 'Real Estate', the printed grouping that governs every row. From A: source_column_label and metric_name 'Total Capital Contributed' and 'Total Capital Distributed', because the header wraps 'Total Capital' onto its own line above each of those two columns separately instead of spanning them, and page 3 prints 'Total Capital Distributed' on one line where both lanes agree; currency_scale, which A correctly leaves blank on irr and tvpi rows while B stamps '($ in millions)' onto a percentage and a multiple; and evidence_quote, because A cites the full printed partnership line while B cites the bare value, which proves only that those digits occur somewhere on the page. subject_type corrected to 'fund' on every partnership row: both lanes wrote 'investment', but the entity column is headed 'Partnership' and each row is a named vehicle the fund committed capital to, not a holding inside one.",RESOLVED,A+B+ADJUDICATOR,504abfe06fcde5e187ef74247e28f97eecec00313f5079c91e05fbdaea023159
1f4cbb1930b504106904,SRC058,2,PAIR_7B1498A876400612B15FDEAD,CONTEXT_CONFLICT,622,624,source_section|source_table|asset_class|evidence_quote,MERGE,"MERGE, one ruling applied to every paired row because the two lanes differ the same way on all of them and neither is complete. From B: source_section, which A left blank on all three pages although 'Real Estate Portfolio' is printed above the table on pages 1 and 2 and 'REITS' and 'Separate Accounts' above their own tables on page 3; source_table on pages 1 and 2, because A's 'UNTITLED_TABLE_1' is a placeholder the page never prints; and asset_class 'Real Estate', the printed grouping that governs every row. From A: source_column_label and metric_name 'Total Capital Contributed' and 'Total Capital Distributed', because the header wraps 'Total Capital' onto its own line above each of those two columns separately instead of spanning them, and page 3 prints 'Total Capital Distributed' on one line where both lanes agree; currency_scale, which A correctly leaves blank on irr and tvpi rows while B stamps '($ in millions)' onto a percentage and a multiple; and evidence_quote, because A cites the full printed partnership line while B cites the bare value, which proves only that those digits occur somewhere on the page. subject_type corrected to 'fund' on every partnership row: both lanes wrote 'investment', but the entity column is headed 'Partnership' and each row is a named vehicle the fund committed capital to, not a holding inside one.; Source review: p2: Retirement Fund (The portfolio report distinguishes investor positions from its aggregate rows.) | p2: Retirement Fund (Printed heading or definition supporting the source-reviewed qualifier.) | p2: Retirement Fund (Supersedes SR2189: the printed entity or table label is context, not a measurement basis; source labels retain its scope.)",RESOLVED,A+B+ADJUDICATOR,504abfe06fcde5e187ef74247e28f97eecec00313f5079c91e05fbdaea023159
259d9f1e5c2b6276bf85,SRC058,2,PAIR_05C346282CA2B3B4A5A4E944,CONTEXT_CONFLICT,623,625,source_section|source_table|asset_class|currency_scale|evidence_quote,MERGE,"MERGE, one ruling applied to every paired row because the two lanes differ the same way on all of them and neither is complete. From B: source_section, which A left blank on all three pages although 'Real Estate Portfolio' is printed above the table on pages 1 and 2 and 'REITS' and 'Separate Accounts' above their own tables on page 3; source_table on pages 1 and 2, because A's 'UNTITLED_TABLE_1' is a placeholder the page never prints; and asset_class 'Real Estate', the printed grouping that governs every row. From A: source_column_label and metric_name 'Total Capital Contributed' and 'Total Capital Distributed', because the header wraps 'Total Capital' onto its own line above each of those two columns separately instead of spanning them, and page 3 prints 'Total Capital Distributed' on one line where both lanes agree; currency_scale, which A correctly leaves blank on irr and tvpi rows while B stamps '($ in millions)' onto a percentage and a multiple; and evidence_quote, because A cites the full printed partnership line while B cites the bare value, which proves only that those digits occur somewhere on the page. subject_type corrected to 'fund' on every partnership row: both lanes wrote 'investment', but the entity column is headed 'Partnership' and each row is a named vehicle the fund committed capital to, not a holding inside one.; Source review: p2: IRR (All report pages were reviewed; no fee-basis statement qualifies this IRR.)",RESOLVED,A+B+ADJUDICATOR,504abfe06fcde5e187ef74247e28f97eecec00313f5079c91e05fbdaea023159
bbad189d862ede15a846,SRC058,2,PAIR_EA6AF472748A87A745F1500D,CONTEXT_CONFLICT,624,622,source_section|source_table|source_column_label|asset_class|metric_name|evidence_quote,MERGE,"MERGE, one ruling applied to every paired row because the two lanes differ the same way on all of them and neither is complete. From B: source_section, which A left blank on all three pages although 'Real Estate Portfolio' is printed above the table on pages 1 and 2 and 'REITS' and 'Separate Accounts' above their own tables on page 3; source_table on pages 1 and 2, because A's 'UNTITLED_TABLE_1' is a placeholder the page never prints; and asset_class 'Real Estate', the printed grouping that governs every row. From A: source_column_label and metric_name 'Total Capital Contributed' and 'Total Capital Distributed', because the header wraps 'Total Capital' onto its own line above each of those two columns separately instead of spanning them, and page 3 prints 'Total Capital Distributed' on one line where both lanes agree; currency_scale, which A correctly leaves blank on irr and tvpi rows while B stamps '($ in millions)' onto a percentage and a multiple; and evidence_quote, because A cites the full printed partnership line while B cites the bare value, which proves only that those digits occur somewhere on the page. subject_type corrected to 'fund' on every partnership row: both lanes wrote 'investment', but the entity column is headed 'Partnership' and each row is a named vehicle the fund committed capital to, not a holding inside one.",RESOLVED,A+B+ADJUDICATOR,504abfe06fcde5e187ef74247e28f97eecec00313f5079c91e05fbdaea023159
21a55e1bd4cdb30f2174,SRC058,2,PAIR_6EFBDEAEA9A0FFBAF16AD54A,CONTEXT_CONFLICT,625,623,source_section|source_table|source_column_label|asset_class|metric_name|evidence_quote,MERGE,"MERGE, one ruling applied to every paired row because the two lanes differ the same way on all of them and neither is complete. From B: source_section, which A left blank on all three pages although 'Real Estate Portfolio' is printed above the table on pages 1 and 2 and 'REITS' and 'Separate Accounts' above their own tables on page 3; source_table on pages 1 and 2, because A's 'UNTITLED_TABLE_1' is a placeholder the page never prints; and asset_class 'Real Estate', the printed grouping that governs every row. From A: source_column_label and metric_name 'Total Capital Contributed' and 'Total Capital Distributed', because the header wraps 'Total Capital' onto its own line above each of those two columns separately instead of spanning them, and page 3 prints 'Total Capital Distributed' on one line where both lanes agree; currency_scale, which A correctly leaves blank on irr and tvpi rows while B stamps '($ in millions)' onto a percentage and a multiple; and evidence_quote, because A cites the full printed partnership line while B cites the bare value, which proves only that those digits occur somewhere on the page. subject_type corrected to 'fund' on every partnership row: both lanes wrote 'investment', but the entity column is headed 'Partnership' and each row is a named vehicle the fund committed capital to, not a holding inside one.",RESOLVED,A+B+ADJUDICATOR,504abfe06fcde5e187ef74247e28f97eecec00313f5079c91e05fbdaea023159
63afcf59c404ee11c738,SRC058,2,PAIR_5CD4EA996E85F691BA175ED9,CONTEXT_CONFLICT,626,626,source_section|source_table|asset_class|currency_scale|evidence_quote,MERGE,"MERGE, one ruling applied to every paired row because the two lanes differ the same way on all of them and neither is complete. From B: source_section, which A left blank on all three pages although 'Real Estate Portfolio' is printed above the table on pages 1 and 2 and 'REITS' and 'Separate Accounts' above their own tables on page 3; source_table on pages 1 and 2, because A's 'UNTITLED_TABLE_1' is a placeholder the page never prints; and asset_class 'Real Estate', the printed grouping that governs every row. From A: source_column_label and metric_name 'Total Capital Contributed' and 'Total Capital Distributed', because the header wraps 'Total Capital' onto its own line above each of those two columns separately instead of spanning them, and page 3 prints 'Total Capital Distributed' on one line where both lanes agree; currency_scale, which A correctly leaves blank on irr and tvpi rows while B stamps '($ in millions)' onto a percentage and a multiple; and evidence_quote, because A cites the full printed partnership line while B cites the bare value, which proves only that those digits occur somewhere on the page. subject_type corrected to 'fund' on every partnership row: both lanes wrote 'investment', but the entity column is headed 'Partnership' and each row is a named vehicle the fund committed capital to, not a holding inside one.",RESOLVED,A+B+ADJUDICATOR,504abfe06fcde5e187ef74247e28f97eecec00313f5079c91e05fbdaea023159
9ca31c69253284cfbc33,SRC058,2,PAIR_91F49FD84230283A76F8B06A,CONTEXT_CONFLICT,627,627,source_section|source_table|asset_class|evidence_quote,MERGE,"MERGE, one ruling applied to every paired row because the two lanes differ the same way on all of them and neither is complete. From B: source_section, which A left blank on all three pages although 'Real Estate Portfolio' is printed above the table on pages 1 and 2 and 'REITS' and 'Separate Accounts' above their own tables on page 3; source_table on pages 1 and 2, because A's 'UNTITLED_TABLE_1' is a placeholder the page never prints; and asset_class 'Real Estate', the printed grouping that governs every row. From A: source_column_label and metric_name 'Total Capital Contributed' and 'Total Capital Distributed', because the header wraps 'Total Capital' onto its own line above each of those two columns separately instead of spanning them, and page 3 prints 'Total Capital Distributed' on one line where both lanes agree; currency_scale, which A correctly leaves blank on irr and tvpi rows while B stamps '($ in millions)' onto a percentage and a multiple; and evidence_quote, because A cites the full printed partnership line while B cites the bare value, which proves only that those digits occur somewhere on the page. subject_type corrected to 'fund' on every partnership row: both lanes wrote 'investment', but the entity column is headed 'Partnership' and each row is a named vehicle the fund committed capital to, not a holding inside one.",RESOLVED,A+B+ADJUDICATOR,504abfe06fcde5e187ef74247e28f97eecec00313f5079c91e05fbdaea023159
452e0fd7c89d055cd1c2,SRC058,2,PAIR_C07CE32D3240B7DCA6676BBE,CONTEXT_CONFLICT,628,630,source_section|source_table|asset_class|evidence_quote,MERGE,"MERGE, one ruling applied to every paired row because the two lanes differ the same way on all of them and neither is complete. From B: source_section, which A left blank on all three pages although 'Real Estate Portfolio' is printed above the table on pages 1 and 2 and 'REITS' and 'Separate Accounts' above their own tables on page 3; source_table on pages 1 and 2, because A's 'UNTITLED_TABLE_1' is a placeholder the page never prints; and asset_class 'Real Estate', the printed grouping that governs every row. From A: source_column_label and metric_name 'Total Capital Contributed' and 'Total Capital Distributed', because the header wraps 'Total Capital' onto its own line above each of those two columns separately instead of spanning them, and page 3 prints 'Total Capital Distributed' on one line where both lanes agree; currency_scale, which A correctly leaves blank on irr and tvpi rows while B stamps '($ in millions)' onto a percentage and a multiple; and evidence_quote, because A cites the full printed partnership line while B cites the bare value, which proves only that those digits occur somewhere on the page. subject_type corrected to 'fund' on every partnership row: both lanes wrote 'investment', but the entity column is headed 'Partnership' and each row is a named vehicle the fund committed capital to, not a holding inside one.; Source review: p2: Retirement Fund (The portfolio report distinguishes investor positions from its aggregate rows.) | p2: Retirement Fund (Printed heading or definition supporting the source-reviewed qualifier.) | p2: Retirement Fund (Supersedes SR2190: the printed entity or table label is context, not a measurement basis; source labels retain its scope.)",RESOLVED,A+B+ADJUDICATOR,504abfe06fcde5e187ef74247e28f97eecec00313f5079c91e05fbdaea023159
da29d7842e74728d9cbb,SRC058,2,PAIR_448D875A63B1C4AB2B7C8537,CONTEXT_CONFLICT,629,631,source_section|source_table|asset_class|currency_scale|evidence_quote,MERGE,"MERGE, one ruling applied to every paired row because the two lanes differ the same way on all of them and neither is complete. From B: source_section, which A left blank on all three pages although 'Real Estate Portfolio' is printed above the table on pages 1 and 2 and 'REITS' and 'Separate Accounts' above their own tables on page 3; source_table on pages 1 and 2, because A's 'UNTITLED_TABLE_1' is a placeholder the page never prints; and asset_class 'Real Estate', the printed grouping that governs every row. From A: source_column_label and metric_name 'Total Capital Contributed' and 'Total Capital Distributed', because the header wraps 'Total Capital' onto its own line above each of those two columns separately instead of spanning them, and page 3 prints 'Total Capital Distributed' on one line where both lanes agree; currency_scale, which A correctly leaves blank on irr and tvpi rows while B stamps '($ in millions)' onto a percentage and a multiple; and evidence_quote, because A cites the full printed partnership line while B cites the bare value, which proves only that those digits occur somewhere on the page. subject_type corrected to 'fund' on every partnership row: both lanes wrote 'investment', but the entity column is headed 'Partnership' and each row is a named vehicle the fund committed capital to, not a holding inside one.; Source review: p2: IRR (All report pages were reviewed; no fee-basis statement qualifies this IRR.)",RESOLVED,A+B+ADJUDICATOR,504abfe06fcde5e187ef74247e28f97eecec00313f5079c91e05fbdaea023159
d7fa933accee4c7b8c56,SRC058,2,PAIR_38D252D76929839B2A0074AF,CONTEXT_CONFLICT,630,628,source_section|source_table|source_column_label|asset_class|metric_name|evidence_quote,MERGE,"MERGE, one ruling applied to every paired row because the two lanes differ the same way on all of them and neither is complete. From B: source_section, which A left blank on all three pages although 'Real Estate Portfolio' is printed above the table on pages 1 and 2 and 'REITS' and 'Separate Accounts' above their own tables on page 3; source_table on pages 1 and 2, because A's 'UNTITLED_TABLE_1' is a placeholder the page never prints; and asset_class 'Real Estate', the printed grouping that governs every row. From A: source_column_label and metric_name 'Total Capital Contributed' and 'Total Capital Distributed', because the header wraps 'Total Capital' onto its own line above each of those two columns separately instead of spanning them, and page 3 prints 'Total Capital Distributed' on one line where both lanes agree; currency_scale, which A correctly leaves blank on irr and tvpi rows while B stamps '($ in millions)' onto a percentage and a multiple; and evidence_quote, because A cites the full printed partnership line while B cites the bare value, which proves only that those digits occur somewhere on the page. subject_type corrected to 'fund' on every partnership row: both lanes wrote 'investment', but the entity column is headed 'Partnership' and each row is a named vehicle the fund committed capital to, not a holding inside one.",RESOLVED,A+B+ADJUDICATOR,504abfe06fcde5e187ef74247e28f97eecec00313f5079c91e05fbdaea023159
9ff7af0a8994fbf19d81,SRC058,2,PAIR_1977B88EA354842B41BE6494,CONTEXT_CONFLICT,631,629,source_section|source_table|source_column_label|asset_class|metric_name|evidence_quote,MERGE,"MERGE, one ruling applied to every paired row because the two lanes differ the same way on all of them and neither is complete. From B: source_section, which A left blank on all three pages although 'Real Estate Portfolio' is printed above the table on pages 1 and 2 and 'REITS' and 'Separate Accounts' above their own tables on page 3; source_table on pages 1 and 2, because A's 'UNTITLED_TABLE_1' is a placeholder the page never prints; and asset_class 'Real Estate', the printed grouping that governs every row. From A: source_column_label and metric_name 'Total Capital Contributed' and 'Total Capital Distributed', because the header wraps 'Total Capital' onto its own line above each of those two columns separately instead of spanning them, and page 3 prints 'Total Capital Distributed' on one line where both lanes agree; currency_scale, which A correctly leaves blank on irr and tvpi rows while B stamps '($ in millions)' onto a percentage and a multiple; and evidence_quote, because A cites the full printed partnership line while B cites the bare value, which proves only that those digits occur somewhere on the page. subject_type corrected to 'fund' on every partnership row: both lanes wrote 'investment', but the entity column is headed 'Partnership' and each row is a named vehicle the fund committed capital to, not a holding inside one.",RESOLVED,A+B+ADJUDICATOR,504abfe06fcde5e187ef74247e28f97eecec00313f5079c91e05fbdaea023159
011e6572edb4c18d9f84,SRC058,2,PAIR_019D62FD03B0DE5BF00F4C5B,CONTEXT_CONFLICT,632,632,source_section|source_table|asset_class|currency_scale|evidence_quote,MERGE,"MERGE, one ruling applied to every paired row because the two lanes differ the same way on all of them and neither is complete. From B: source_section, which A left blank on all three pages although 'Real Estate Portfolio' is printed above the table on pages 1 and 2 and 'REITS' and 'Separate Accounts' above their own tables on page 3; source_table on pages 1 and 2, because A's 'UNTITLED_TABLE_1' is a placeholder the page never prints; and asset_class 'Real Estate', the printed grouping that governs every row. From A: source_column_label and metric_name 'Total Capital Contributed' and 'Total Capital Distributed', because the header wraps 'Total Capital' onto its own line above each of those two columns separately instead of spanning them, and page 3 prints 'Total Capital Distributed' on one line where both lanes agree; currency_scale, which A correctly leaves blank on irr and tvpi rows while B stamps '($ in millions)' onto a percentage and a multiple; and evidence_quote, because A cites the full printed partnership line while B cites the bare value, which proves only that those digits occur somewhere on the page. subject_type corrected to 'fund' on every partnership row: both lanes wrote 'investment', but the entity column is headed 'Partnership' and each row is a named vehicle the fund committed capital to, not a holding inside one.",RESOLVED,A+B+ADJUDICATOR,504abfe06fcde5e187ef74247e28f97eecec00313f5079c91e05fbdaea023159
7104b8352ecaba864bbc,SRC058,2,PAIR_2C96DDBBF3DFB39355151A46,CONTEXT_CONFLICT,633,633,source_section|source_table|asset_class|evidence_quote,MERGE,"MERGE, one ruling applied to every paired row because the two lanes differ the same way on all of them and neither is complete. From B: source_section, which A left blank on all three pages although 'Real Estate Portfolio' is printed above the table on pages 1 and 2 and 'REITS' and 'Separate Accounts' above their own tables on page 3; source_table on pages 1 and 2, because A's 'UNTITLED_TABLE_1' is a placeholder the page never prints; and asset_class 'Real Estate', the printed grouping that governs every row. From A: source_column_label and metric_name 'Total Capital Contributed' and 'Total Capital Distributed', because the header wraps 'Total Capital' onto its own line above each of those two columns separately instead of spanning them, and page 3 prints 'Total Capital Distributed' on one line where both lanes agree; currency_scale, which A correctly leaves blank on irr and tvpi rows while B stamps '($ in millions)' onto a percentage and a multiple; and evidence_quote, because A cites the full printed partnership line while B cites the bare value, which proves only that those digits occur somewhere on the page. subject_type corrected to 'fund' on every partnership row: both lanes wrote 'investment', but the entity column is headed 'Partnership' and each row is a named vehicle the fund committed capital to, not a holding inside one.",RESOLVED,A+B+ADJUDICATOR,504abfe06fcde5e187ef74247e28f97eecec00313f5079c91e05fbdaea023159
fb0d26638804caaa322a,SRC058,2,PAIR_1AA0DD97081F89B0CC9C12EA,CONTEXT_CONFLICT,634,636,source_section|source_table|asset_class|evidence_quote,MERGE,"MERGE, one ruling applied to every paired row because the two lanes differ the same way on all of them and neither is complete. From B: source_section, which A left blank on all three pages although 'Real Estate Portfolio' is printed above the table on pages 1 and 2 and 'REITS' and 'Separate Accounts' above their own tables on page 3; source_table on pages 1 and 2, because A's 'UNTITLED_TABLE_1' is a placeholder the page never prints; and asset_class 'Real Estate', the printed grouping that governs every row. From A: source_column_label and metric_name 'Total Capital Contributed' and 'Total Capital Distributed', because the header wraps 'Total Capital' onto its own line above each of those two columns separately instead of spanning them, and page 3 prints 'Total Capital Distributed' on one line where both lanes agree; currency_scale, which A correctly leaves blank on irr and tvpi rows while B stamps '($ in millions)' onto a percentage and a multiple; and evidence_quote, because A cites the full printed partnership line while B cites the bare value, which proves only that those digits occur somewhere on the page. subject_type corrected to 'fund' on every partnership row: both lanes wrote 'investment', but the entity column is headed 'Partnership' and each row is a named vehicle the fund committed capital to, not a holding inside one.; Source review: p2: Retirement Fund (The portfolio report distinguishes investor positions from its aggregate rows.) | p2: Retirement Fund (Printed heading or definition supporting the source-reviewed qualifier.) | p2: Retirement Fund (Supersedes SR2191: the printed entity or table label is context, not a measurement basis; source labels retain its scope.)",RESOLVED,A+B+ADJUDICATOR,504abfe06fcde5e187ef74247e28f97eecec00313f5079c91e05fbdaea023159
e56e905e7cb1a88e2dda,SRC058,2,PAIR_75BF42CF5397E306BA82DB2B,CONTEXT_CONFLICT,635,637,source_section|source_table|asset_class|currency_scale|evidence_quote,MERGE,"MERGE, one ruling applied to every paired row because the two lanes differ the same way on all of them and neither is complete. From B: source_section, which A left blank on all three pages although 'Real Estate Portfolio' is printed above the table on pages 1 and 2 and 'REITS' and 'Separate Accounts' above their own tables on page 3; source_table on pages 1 and 2, because A's 'UNTITLED_TABLE_1' is a placeholder the page never prints; and asset_class 'Real Estate', the printed grouping that governs every row. From A: source_column_label and metric_name 'Total Capital Contributed' and 'Total Capital Distributed', because the header wraps 'Total Capital' onto its own line above each of those two columns separately instead of spanning them, and page 3 prints 'Total Capital Distributed' on one line where both lanes agree; currency_scale, which A correctly leaves blank on irr and tvpi rows while B stamps '($ in millions)' onto a percentage and a multiple; and evidence_quote, because A cites the full printed partnership line while B cites the bare value, which proves only that those digits occur somewhere on the page. subject_type corrected to 'fund' on every partnership row: both lanes wrote 'investment', but the entity column is headed 'Partnership' and each row is a named vehicle the fund committed capital to, not a holding inside one.; Source review: p2: IRR (All report pages were reviewed; no fee-basis statement qualifies this IRR.)",RESOLVED,A+B+ADJUDICATOR,504abfe06fcde5e187ef74247e28f97eecec00313f5079c91e05fbdaea023159
422cdb7f87d60922b27a,SRC058,2,PAIR_9F251EFAAF9FDAC5C7A2878F,CONTEXT_CONFLICT,636,634,source_section|source_table|source_column_label|asset_class|metric_name|evidence_quote,MERGE,"MERGE, one ruling applied to every paired row because the two lanes differ the same way on all of them and neither is complete. From B: source_section, which A left blank on all three pages although 'Real Estate Portfolio' is printed above the table on pages 1 and 2 and 'REITS' and 'Separate Accounts' above their own tables on page 3; source_table on pages 1 and 2, because A's 'UNTITLED_TABLE_1' is a placeholder the page never prints; and asset_class 'Real Estate', the printed grouping that governs every row. From A: source_column_label and metric_name 'Total Capital Contributed' and 'Total Capital Distributed', because the header wraps 'Total Capital' onto its own line above each of those two columns separately instead of spanning them, and page 3 prints 'Total Capital Distributed' on one line where both lanes agree; currency_scale, which A correctly leaves blank on irr and tvpi rows while B stamps '($ in millions)' onto a percentage and a multiple; and evidence_quote, because A cites the full printed partnership line while B cites the bare value, which proves only that those digits occur somewhere on the page. subject_type corrected to 'fund' on every partnership row: both lanes wrote 'investment', but the entity column is headed 'Partnership' and each row is a named vehicle the fund committed capital to, not a holding inside one.",RESOLVED,A+B+ADJUDICATOR,504abfe06fcde5e187ef74247e28f97eecec00313f5079c91e05fbdaea023159
0f6bb855073ad9dc66f2,SRC058,2,PAIR_CEBCC0A24F562B32FF26C142,CONTEXT_CONFLICT,637,635,source_section|source_table|source_column_label|asset_class|metric_name|evidence_quote,MERGE,"MERGE, one ruling applied to every paired row because the two lanes differ the same way on all of them and neither is complete. From B: source_section, which A left blank on all three pages although 'Real Estate Portfolio' is printed above the table on pages 1 and 2 and 'REITS' and 'Separate Accounts' above their own tables on page 3; source_table on pages 1 and 2, because A's 'UNTITLED_TABLE_1' is a placeholder the page never prints; and asset_class 'Real Estate', the printed grouping that governs every row. From A: source_column_label and metric_name 'Total Capital Contributed' and 'Total Capital Distributed', because the header wraps 'Total Capital' onto its own line above each of those two columns separately instead of spanning them, and page 3 prints 'Total Capital Distributed' on one line where both lanes agree; currency_scale, which A correctly leaves blank on irr and tvpi rows while B stamps '($ in millions)' onto a percentage and a multiple; and evidence_quote, because A cites the full printed partnership line while B cites the bare value, which proves only that those digits occur somewhere on the page. subject_type corrected to 'fund' on every partnership row: both lanes wrote 'investment', but the entity column is headed 'Partnership' and each row is a named vehicle the fund committed capital to, not a holding inside one.",RESOLVED,A+B+ADJUDICATOR,504abfe06fcde5e187ef74247e28f97eecec00313f5079c91e05fbdaea023159
ace5c5f54ecdaf8b69bc,SRC058,2,PAIR_D31EFC0CE230B98AF1E420CD,CONTEXT_CONFLICT,638,638,source_section|source_table|asset_class|currency_scale|evidence_quote,MERGE,"MERGE, one ruling applied to every paired row because the two lanes differ the same way on all of them and neither is complete. From B: source_section, which A left blank on all three pages although 'Real Estate Portfolio' is printed above the table on pages 1 and 2 and 'REITS' and 'Separate Accounts' above their own tables on page 3; source_table on pages 1 and 2, because A's 'UNTITLED_TABLE_1' is a placeholder the page never prints; and asset_class 'Real Estate', the printed grouping that governs every row. From A: source_column_label and metric_name 'Total Capital Contributed' and 'Total Capital Distributed', because the header wraps 'Total Capital' onto its own line above each of those two columns separately instead of spanning them, and page 3 prints 'Total Capital Distributed' on one line where both lanes agree; currency_scale, which A correctly leaves blank on irr and tvpi rows while B stamps '($ in millions)' onto a percentage and a multiple; and evidence_quote, because A cites the full printed partnership line while B cites the bare value, which proves only that those digits occur somewhere on the page. subject_type corrected to 'fund' on every partnership row: both lanes wrote 'investment', but the entity column is headed 'Partnership' and each row is a named vehicle the fund committed capital to, not a holding inside one.",RESOLVED,A+B+ADJUDICATOR,504abfe06fcde5e187ef74247e28f97eecec00313f5079c91e05fbdaea023159
0a103d4e88b8862eb4e5,SRC058,2,PAIR_B23D1F2C75642F4E22EC3605,CONTEXT_CONFLICT,639,639,source_section|source_table|asset_class|evidence_quote,MERGE,"MERGE, one ruling applied to every paired row because the two lanes differ the same way on all of them and neither is complete. From B: source_section, which A left blank on all three pages although 'Real Estate Portfolio' is printed above the table on pages 1 and 2 and 'REITS' and 'Separate Accounts' above their own tables on page 3; source_table on pages 1 and 2, because A's 'UNTITLED_TABLE_1' is a placeholder the page never prints; and asset_class 'Real Estate', the printed grouping that governs every row. From A: source_column_label and metric_name 'Total Capital Contributed' and 'Total Capital Distributed', because the header wraps 'Total Capital' onto its own line above each of those two columns separately instead of spanning them, and page 3 prints 'Total Capital Distributed' on one line where both lanes agree; currency_scale, which A correctly leaves blank on irr and tvpi rows while B stamps '($ in millions)' onto a percentage and a multiple; and evidence_quote, because A cites the full printed partnership line while B cites the bare value, which proves only that those digits occur somewhere on the page. subject_type corrected to 'fund' on every partnership row: both lanes wrote 'investment', but the entity column is headed 'Partnership' and each row is a named vehicle the fund committed capital to, not a holding inside one.",RESOLVED,A+B+ADJUDICATOR,504abfe06fcde5e187ef74247e28f97eecec00313f5079c91e05fbdaea023159
a40c707c10dd9ed6f629,SRC058,2,PAIR_597BE237E2FBCE08699EEF12,CONTEXT_CONFLICT,640,642,source_section|source_table|asset_class|evidence_quote,MERGE,"MERGE, one ruling applied to every paired row because the two lanes differ the same way on all of them and neither is complete. From B: source_section, which A left blank on all three pages although 'Real Estate Portfolio' is printed above the table on pages 1 and 2 and 'REITS' and 'Separate Accounts' above their own tables on page 3; source_table on pages 1 and 2, because A's 'UNTITLED_TABLE_1' is a placeholder the page never prints; and asset_class 'Real Estate', the printed grouping that governs every row. From A: source_column_label and metric_name 'Total Capital Contributed' and 'Total Capital Distributed', because the header wraps 'Total Capital' onto its own line above each of those two columns separately instead of spanning them, and page 3 prints 'Total Capital Distributed' on one line where both lanes agree; currency_scale, which A correctly leaves blank on irr and tvpi rows while B stamps '($ in millions)' onto a percentage and a multiple; and evidence_quote, because A cites the full printed partnership line while B cites the bare value, which proves only that those digits occur somewhere on the page. subject_type corrected to 'fund' on every partnership row: both lanes wrote 'investment', but the entity column is headed 'Partnership' and each row is a named vehicle the fund committed capital to, not a holding inside one.; Source review: p2: Retirement Fund (The portfolio report distinguishes investor positions from its aggregate rows.) | p2: Retirement Fund (Printed heading or definition supporting the source-reviewed qualifier.) | p2: Retirement Fund (Supersedes SR2192: the printed entity or table label is context, not a measurement basis; source labels retain its scope.)",RESOLVED,A+B+ADJUDICATOR,504abfe06fcde5e187ef74247e28f97eecec00313f5079c91e05fbdaea023159
87161f1c90deda2ad693,SRC058,2,PAIR_E5A835785ACBC6EC546941CE,CONTEXT_CONFLICT,641,643,source_section|source_table|asset_class|currency_scale|evidence_quote,MERGE,"MERGE, one ruling applied to every paired row because the two lanes differ the same way on all of them and neither is complete. From B: source_section, which A left blank on all three pages although 'Real Estate Portfolio' is printed above the table on pages 1 and 2 and 'REITS' and 'Separate Accounts' above their own tables on page 3; source_table on pages 1 and 2, because A's 'UNTITLED_TABLE_1' is a placeholder the page never prints; and asset_class 'Real Estate', the printed grouping that governs every row. From A: source_column_label and metric_name 'Total Capital Contributed' and 'Total Capital Distributed', because the header wraps 'Total Capital' onto its own line above each of those two columns separately instead of spanning them, and page 3 prints 'Total Capital Distributed' on one line where both lanes agree; currency_scale, which A correctly leaves blank on irr and tvpi rows while B stamps '($ in millions)' onto a percentage and a multiple; and evidence_quote, because A cites the full printed partnership line while B cites the bare value, which proves only that those digits occur somewhere on the page. subject_type corrected to 'fund' on every partnership row: both lanes wrote 'investment', but the entity column is headed 'Partnership' and each row is a named vehicle the fund committed capital to, not a holding inside one.; Source review: p2: IRR (All report pages were reviewed; no fee-basis statement qualifies this IRR.)",RESOLVED,A+B+ADJUDICATOR,504abfe06fcde5e187ef74247e28f97eecec00313f5079c91e05fbdaea023159
4cbc3bc6eb2fce70c11a,SRC058,2,PAIR_7F53346BA58FC54958688D57,CONTEXT_CONFLICT,642,640,source_section|source_table|source_column_label|asset_class|metric_name|evidence_quote,MERGE,"MERGE, one ruling applied to every paired row because the two lanes differ the same way on all of them and neither is complete. From B: source_section, which A left blank on all three pages although 'Real Estate Portfolio' is printed above the table on pages 1 and 2 and 'REITS' and 'Separate Accounts' above their own tables on page 3; source_table on pages 1 and 2, because A's 'UNTITLED_TABLE_1' is a placeholder the page never prints; and asset_class 'Real Estate', the printed grouping that governs every row. From A: source_column_label and metric_name 'Total Capital Contributed' and 'Total Capital Distributed', because the header wraps 'Total Capital' onto its own line above each of those two columns separately instead of spanning them, and page 3 prints 'Total Capital Distributed' on one line where both lanes agree; currency_scale, which A correctly leaves blank on irr and tvpi rows while B stamps '($ in millions)' onto a percentage and a multiple; and evidence_quote, because A cites the full printed partnership line while B cites the bare value, which proves only that those digits occur somewhere on the page. subject_type corrected to 'fund' on every partnership row: both lanes wrote 'investment', but the entity column is headed 'Partnership' and each row is a named vehicle the fund committed capital to, not a holding inside one.",RESOLVED,A+B+ADJUDICATOR,504abfe06fcde5e187ef74247e28f97eecec00313f5079c91e05fbdaea023159
809d9e29b3d06cb0b82b,SRC058,2,PAIR_A748D0470968B17984DCE397,CONTEXT_CONFLICT,643,641,source_section|source_table|source_column_label|asset_class|metric_name|evidence_quote,MERGE,"MERGE, one ruling applied to every paired row because the two lanes differ the same way on all of them and neither is complete. From B: source_section, which A left blank on all three pages although 'Real Estate Portfolio' is printed above the table on pages 1 and 2 and 'REITS' and 'Separate Accounts' above their own tables on page 3; source_table on pages 1 and 2, because A's 'UNTITLED_TABLE_1' is a placeholder the page never prints; and asset_class 'Real Estate', the printed grouping that governs every row. From A: source_column_label and metric_name 'Total Capital Contributed' and 'Total Capital Distributed', because the header wraps 'Total Capital' onto its own line above each of those two columns separately instead of spanning them, and page 3 prints 'Total Capital Distributed' on one line where both lanes agree; currency_scale, which A correctly leaves blank on irr and tvpi rows while B stamps '($ in millions)' onto a percentage and a multiple; and evidence_quote, because A cites the full printed partnership line while B cites the bare value, which proves only that those digits occur somewhere on the page. subject_type corrected to 'fund' on every partnership row: both lanes wrote 'investment', but the entity column is headed 'Partnership' and each row is a named vehicle the fund committed capital to, not a holding inside one.",RESOLVED,A+B+ADJUDICATOR,504abfe06fcde5e187ef74247e28f97eecec00313f5079c91e05fbdaea023159
1fe36241d5cd18e0cf6f,SRC058,2,PAIR_16B635F5E6A8EBA86D71CED4,CONTEXT_CONFLICT,644,644,source_section|source_table|asset_class|currency_scale|evidence_quote,MERGE,"MERGE, one ruling applied to every paired row because the two lanes differ the same way on all of them and neither is complete. From B: source_section, which A left blank on all three pages although 'Real Estate Portfolio' is printed above the table on pages 1 and 2 and 'REITS' and 'Separate Accounts' above their own tables on page 3; source_table on pages 1 and 2, because A's 'UNTITLED_TABLE_1' is a placeholder the page never prints; and asset_class 'Real Estate', the printed grouping that governs every row. From A: source_column_label and metric_name 'Total Capital Contributed' and 'Total Capital Distributed', because the header wraps 'Total Capital' onto its own line above each of those two columns separately instead of spanning them, and page 3 prints 'Total Capital Distributed' on one line where both lanes agree; currency_scale, which A correctly leaves blank on irr and tvpi rows while B stamps '($ in millions)' onto a percentage and a multiple; and evidence_quote, because A cites the full printed partnership line while B cites the bare value, which proves only that those digits occur somewhere on the page. subject_type corrected to 'fund' on every partnership row: both lanes wrote 'investment', but the entity column is headed 'Partnership' and each row is a named vehicle the fund committed capital to, not a holding inside one.",RESOLVED,A+B+ADJUDICATOR,504abfe06fcde5e187ef74247e28f97eecec00313f5079c91e05fbdaea023159
452f974b6d1087f1c915,SRC058,2,PAIR_A3D619615F2A73CBEB6DE1A0,CONTEXT_CONFLICT,645,645,source_section|source_table|asset_class|evidence_quote,MERGE,"MERGE, one ruling applied to every paired row because the two lanes differ the same way on all of them and neither is complete. From B: source_section, which A left blank on all three pages although 'Real Estate Portfolio' is printed above the table on pages 1 and 2 and 'REITS' and 'Separate Accounts' above their own tables on page 3; source_table on pages 1 and 2, because A's 'UNTITLED_TABLE_1' is a placeholder the page never prints; and asset_class 'Real Estate', the printed grouping that governs every row. From A: source_column_label and metric_name 'Total Capital Contributed' and 'Total Capital Distributed', because the header wraps 'Total Capital' onto its own line above each of those two columns separately instead of spanning them, and page 3 prints 'Total Capital Distributed' on one line where both lanes agree; currency_scale, which A correctly leaves blank on irr and tvpi rows while B stamps '($ in millions)' onto a percentage and a multiple; and evidence_quote, because A cites the full printed partnership line while B cites the bare value, which proves only that those digits occur somewhere on the page. subject_type corrected to 'fund' on every partnership row: both lanes wrote 'investment', but the entity column is headed 'Partnership' and each row is a named vehicle the fund committed capital to, not a holding inside one.",RESOLVED,A+B+ADJUDICATOR,504abfe06fcde5e187ef74247e28f97eecec00313f5079c91e05fbdaea023159
e6c194a5f891365e6e2b,SRC058,2,PAIR_C67DA8420221DF4E2610BF7B,CONTEXT_CONFLICT,646,648,source_section|source_table|asset_class|evidence_quote,MERGE,"MERGE, one ruling applied to every paired row because the two lanes differ the same way on all of them and neither is complete. From B: source_section, which A left blank on all three pages although 'Real Estate Portfolio' is printed above the table on pages 1 and 2 and 'REITS' and 'Separate Accounts' above their own tables on page 3; source_table on pages 1 and 2, because A's 'UNTITLED_TABLE_1' is a placeholder the page never prints; and asset_class 'Real Estate', the printed grouping that governs every row. From A: source_column_label and metric_name 'Total Capital Contributed' and 'Total Capital Distributed', because the header wraps 'Total Capital' onto its own line above each of those two columns separately instead of spanning them, and page 3 prints 'Total Capital Distributed' on one line where both lanes agree; currency_scale, which A correctly leaves blank on irr and tvpi rows while B stamps '($ in millions)' onto a percentage and a multiple; and evidence_quote, because A cites the full printed partnership line while B cites the bare value, which proves only that those digits occur somewhere on the page. subject_type corrected to 'fund' on every partnership row: both lanes wrote 'investment', but the entity column is headed 'Partnership' and each row is a named vehicle the fund committed capital to, not a holding inside one.; Source review: p2: Retirement Fund (The portfolio report distinguishes investor positions from its aggregate rows.) | p2: Retirement Fund (Printed heading or definition supporting the source-reviewed qualifier.) | p2: Retirement Fund (Supersedes SR2193: the printed entity or table label is context, not a measurement basis; source labels retain its scope.)",RESOLVED,A+B+ADJUDICATOR,504abfe06fcde5e187ef74247e28f97eecec00313f5079c91e05fbdaea023159
d7468a9865816ab2a307,SRC058,2,PAIR_90F12FE57A17732877ECC08F,CONTEXT_CONFLICT,647,649,source_section|source_table|asset_class|currency_scale|evidence_quote,MERGE,"MERGE, one ruling applied to every paired row because the two lanes differ the same way on all of them and neither is complete. From B: source_section, which A left blank on all three pages although 'Real Estate Portfolio' is printed above the table on pages 1 and 2 and 'REITS' and 'Separate Accounts' above their own tables on page 3; source_table on pages 1 and 2, because A's 'UNTITLED_TABLE_1' is a placeholder the page never prints; and asset_class 'Real Estate', the printed grouping that governs every row. From A: source_column_label and metric_name 'Total Capital Contributed' and 'Total Capital Distributed', because the header wraps 'Total Capital' onto its own line above each of those two columns separately instead of spanning them, and page 3 prints 'Total Capital Distributed' on one line where both lanes agree; currency_scale, which A correctly leaves blank on irr and tvpi rows while B stamps '($ in millions)' onto a percentage and a multiple; and evidence_quote, because A cites the full printed partnership line while B cites the bare value, which proves only that those digits occur somewhere on the page. subject_type corrected to 'fund' on every partnership row: both lanes wrote 'investment', but the entity column is headed 'Partnership' and each row is a named vehicle the fund committed capital to, not a holding inside one.; Source review: p2: IRR (All report pages were reviewed; no fee-basis statement qualifies this IRR.)",RESOLVED,A+B+ADJUDICATOR,504abfe06fcde5e187ef74247e28f97eecec00313f5079c91e05fbdaea023159
2ec65e24b16a40f1e4a2,SRC058,2,PAIR_2D20C38FD5A6A66540A140A4,CONTEXT_CONFLICT,648,646,source_section|source_table|source_column_label|asset_class|metric_name|evidence_quote,MERGE,"MERGE, one ruling applied to every paired row because the two lanes differ the same way on all of them and neither is complete. From B: source_section, which A left blank on all three pages although 'Real Estate Portfolio' is printed above the table on pages 1 and 2 and 'REITS' and 'Separate Accounts' above their own tables on page 3; source_table on pages 1 and 2, because A's 'UNTITLED_TABLE_1' is a placeholder the page never prints; and asset_class 'Real Estate', the printed grouping that governs every row. From A: source_column_label and metric_name 'Total Capital Contributed' and 'Total Capital Distributed', because the header wraps 'Total Capital' onto its own line above each of those two columns separately instead of spanning them, and page 3 prints 'Total Capital Distributed' on one line where both lanes agree; currency_scale, which A correctly leaves blank on irr and tvpi rows while B stamps '($ in millions)' onto a percentage and a multiple; and evidence_quote, because A cites the full printed partnership line while B cites the bare value, which proves only that those digits occur somewhere on the page. subject_type corrected to 'fund' on every partnership row: both lanes wrote 'investment', but the entity column is headed 'Partnership' and each row is a named vehicle the fund committed capital to, not a holding inside one.",RESOLVED,A+B+ADJUDICATOR,504abfe06fcde5e187ef74247e28f97eecec00313f5079c91e05fbdaea023159
12ca68d09c82cefb2703,SRC058,2,PAIR_0E310799BB0B28FF9D5488E6,CONTEXT_CONFLICT,649,647,source_section|source_table|source_column_label|asset_class|metric_name|evidence_quote,MERGE,"MERGE, one ruling applied to every paired row because the two lanes differ the same way on all of them and neither is complete. From B: source_section, which A left blank on all three pages although 'Real Estate Portfolio' is printed above the table on pages 1 and 2 and 'REITS' and 'Separate Accounts' above their own tables on page 3; source_table on pages 1 and 2, because A's 'UNTITLED_TABLE_1' is a placeholder the page never prints; and asset_class 'Real Estate', the printed grouping that governs every row. From A: source_column_label and metric_name 'Total Capital Contributed' and 'Total Capital Distributed', because the header wraps 'Total Capital' onto its own line above each of those two columns separately instead of spanning them, and page 3 prints 'Total Capital Distributed' on one line where both lanes agree; currency_scale, which A correctly leaves blank on irr and tvpi rows while B stamps '($ in millions)' onto a percentage and a multiple; and evidence_quote, because A cites the full printed partnership line while B cites the bare value, which proves only that those digits occur somewhere on the page. subject_type corrected to 'fund' on every partnership row: both lanes wrote 'investment', but the entity column is headed 'Partnership' and each row is a named vehicle the fund committed capital to, not a holding inside one.",RESOLVED,A+B+ADJUDICATOR,504abfe06fcde5e187ef74247e28f97eecec00313f5079c91e05fbdaea023159
73ef5dfade9d751b8492,SRC058,2,PAIR_81EC7852C6CB8DF5C849C2D8,CONTEXT_CONFLICT,650,650,source_section|source_table|asset_class|currency_scale|evidence_quote,MERGE,"MERGE, one ruling applied to every paired row because the two lanes differ the same way on all of them and neither is complete. From B: source_section, which A left blank on all three pages although 'Real Estate Portfolio' is printed above the table on pages 1 and 2 and 'REITS' and 'Separate Accounts' above their own tables on page 3; source_table on pages 1 and 2, because A's 'UNTITLED_TABLE_1' is a placeholder the page never prints; and asset_class 'Real Estate', the printed grouping that governs every row. From A: source_column_label and metric_name 'Total Capital Contributed' and 'Total Capital Distributed', because the header wraps 'Total Capital' onto its own line above each of those two columns separately instead of spanning them, and page 3 prints 'Total Capital Distributed' on one line where both lanes agree; currency_scale, which A correctly leaves blank on irr and tvpi rows while B stamps '($ in millions)' onto a percentage and a multiple; and evidence_quote, because A cites the full printed partnership line while B cites the bare value, which proves only that those digits occur somewhere on the page. subject_type corrected to 'fund' on every partnership row: both lanes wrote 'investment', but the entity column is headed 'Partnership' and each row is a named vehicle the fund committed capital to, not a holding inside one.",RESOLVED,A+B+ADJUDICATOR,504abfe06fcde5e187ef74247e28f97eecec00313f5079c91e05fbdaea023159
3e494d80bee4920b3abd,SRC058,2,PAIR_E495462FED4D4AC02571433D,CONTEXT_CONFLICT,651,651,source_section|source_table|asset_class|evidence_quote,MERGE,"MERGE, one ruling applied to every paired row because the two lanes differ the same way on all of them and neither is complete. From B: source_section, which A left blank on all three pages although 'Real Estate Portfolio' is printed above the table on pages 1 and 2 and 'REITS' and 'Separate Accounts' above their own tables on page 3; source_table on pages 1 and 2, because A's 'UNTITLED_TABLE_1' is a placeholder the page never prints; and asset_class 'Real Estate', the printed grouping that governs every row. From A: source_column_label and metric_name 'Total Capital Contributed' and 'Total Capital Distributed', because the header wraps 'Total Capital' onto its own line above each of those two columns separately instead of spanning them, and page 3 prints 'Total Capital Distributed' on one line where both lanes agree; currency_scale, which A correctly leaves blank on irr and tvpi rows while B stamps '($ in millions)' onto a percentage and a multiple; and evidence_quote, because A cites the full printed partnership line while B cites the bare value, which proves only that those digits occur somewhere on the page. subject_type corrected to 'fund' on every partnership row: both lanes wrote 'investment', but the entity column is headed 'Partnership' and each row is a named vehicle the fund committed capital to, not a holding inside one.",RESOLVED,A+B+ADJUDICATOR,504abfe06fcde5e187ef74247e28f97eecec00313f5079c91e05fbdaea023159
02187c55dd1dbf559a45,SRC058,2,PAIR_8DB8DF513727366BF4F81FD7,CONTEXT_CONFLICT,652,654,source_section|source_table|asset_class|evidence_quote,MERGE,"MERGE, one ruling applied to every paired row because the two lanes differ the same way on all of them and neither is complete. From B: source_section, which A left blank on all three pages although 'Real Estate Portfolio' is printed above the table on pages 1 and 2 and 'REITS' and 'Separate Accounts' above their own tables on page 3; source_table on pages 1 and 2, because A's 'UNTITLED_TABLE_1' is a placeholder the page never prints; and asset_class 'Real Estate', the printed grouping that governs every row. From A: source_column_label and metric_name 'Total Capital Contributed' and 'Total Capital Distributed', because the header wraps 'Total Capital' onto its own line above each of those two columns separately instead of spanning them, and page 3 prints 'Total Capital Distributed' on one line where both lanes agree; currency_scale, which A correctly leaves blank on irr and tvpi rows while B stamps '($ in millions)' onto a percentage and a multiple; and evidence_quote, because A cites the full printed partnership line while B cites the bare value, which proves only that those digits occur somewhere on the page. subject_type corrected to 'fund' on every partnership row: both lanes wrote 'investment', but the entity column is headed 'Partnership' and each row is a named vehicle the fund committed capital to, not a holding inside one.; Source review: p2: Retirement Fund (The portfolio report distinguishes investor positions from its aggregate rows.) | p2: Retirement Fund (Printed heading or definition supporting the source-reviewed qualifier.) | p2: Retirement Fund (Supersedes SR2194: the printed entity or table label is context, not a measurement basis; source labels retain its scope.)",RESOLVED,A+B+ADJUDICATOR,504abfe06fcde5e187ef74247e28f97eecec00313f5079c91e05fbdaea023159
987aea1110f9c6947d25,SRC058,2,PAIR_88B5D5E93B2E81A56C5BAB0B,CONTEXT_CONFLICT,653,655,source_section|source_table|asset_class|currency_scale|evidence_quote,MERGE,"MERGE, one ruling applied to every paired row because the two lanes differ the same way on all of them and neither is complete. From B: source_section, which A left blank on all three pages although 'Real Estate Portfolio' is printed above the table on pages 1 and 2 and 'REITS' and 'Separate Accounts' above their own tables on page 3; source_table on pages 1 and 2, because A's 'UNTITLED_TABLE_1' is a placeholder the page never prints; and asset_class 'Real Estate', the printed grouping that governs every row. From A: source_column_label and metric_name 'Total Capital Contributed' and 'Total Capital Distributed', because the header wraps 'Total Capital' onto its own line above each of those two columns separately instead of spanning them, and page 3 prints 'Total Capital Distributed' on one line where both lanes agree; currency_scale, which A correctly leaves blank on irr and tvpi rows while B stamps '($ in millions)' onto a percentage and a multiple; and evidence_quote, because A cites the full printed partnership line while B cites the bare value, which proves only that those digits occur somewhere on the page. subject_type corrected to 'fund' on every partnership row: both lanes wrote 'investment', but the entity column is headed 'Partnership' and each row is a named vehicle the fund committed capital to, not a holding inside one.; Source review: p2: IRR (All report pages were reviewed; no fee-basis statement qualifies this IRR.)",RESOLVED,A+B+ADJUDICATOR,504abfe06fcde5e187ef74247e28f97eecec00313f5079c91e05fbdaea023159
5608aab2b8df0bb95d0f,SRC058,2,PAIR_3085966D4D2C0303E2882D50,CONTEXT_CONFLICT,654,652,source_section|source_table|source_column_label|asset_class|metric_name|evidence_quote,MERGE,"MERGE, one ruling applied to every paired row because the two lanes differ the same way on all of them and neither is complete. From B: source_section, which A left blank on all three pages although 'Real Estate Portfolio' is printed above the table on pages 1 and 2 and 'REITS' and 'Separate Accounts' above their own tables on page 3; source_table on pages 1 and 2, because A's 'UNTITLED_TABLE_1' is a placeholder the page never prints; and asset_class 'Real Estate', the printed grouping that governs every row. From A: source_column_label and metric_name 'Total Capital Contributed' and 'Total Capital Distributed', because the header wraps 'Total Capital' onto its own line above each of those two columns separately instead of spanning them, and page 3 prints 'Total Capital Distributed' on one line where both lanes agree; currency_scale, which A correctly leaves blank on irr and tvpi rows while B stamps '($ in millions)' onto a percentage and a multiple; and evidence_quote, because A cites the full printed partnership line while B cites the bare value, which proves only that those digits occur somewhere on the page. subject_type corrected to 'fund' on every partnership row: both lanes wrote 'investment', but the entity column is headed 'Partnership' and each row is a named vehicle the fund committed capital to, not a holding inside one.",RESOLVED,A+B+ADJUDICATOR,504abfe06fcde5e187ef74247e28f97eecec00313f5079c91e05fbdaea023159
1abc842330559ad09e7e,SRC058,2,PAIR_A86B0DE832014A6FCBED92E4,CONTEXT_CONFLICT,655,653,source_section|source_table|source_column_label|asset_class|metric_name|evidence_quote,MERGE,"MERGE, one ruling applied to every paired row because the two lanes differ the same way on all of them and neither is complete. From B: source_section, which A left blank on all three pages although 'Real Estate Portfolio' is printed above the table on pages 1 and 2 and 'REITS' and 'Separate Accounts' above their own tables on page 3; source_table on pages 1 and 2, because A's 'UNTITLED_TABLE_1' is a placeholder the page never prints; and asset_class 'Real Estate', the printed grouping that governs every row. From A: source_column_label and metric_name 'Total Capital Contributed' and 'Total Capital Distributed', because the header wraps 'Total Capital' onto its own line above each of those two columns separately instead of spanning them, and page 3 prints 'Total Capital Distributed' on one line where both lanes agree; currency_scale, which A correctly leaves blank on irr and tvpi rows while B stamps '($ in millions)' onto a percentage and a multiple; and evidence_quote, because A cites the full printed partnership line while B cites the bare value, which proves only that those digits occur somewhere on the page. subject_type corrected to 'fund' on every partnership row: both lanes wrote 'investment', but the entity column is headed 'Partnership' and each row is a named vehicle the fund committed capital to, not a holding inside one.",RESOLVED,A+B+ADJUDICATOR,504abfe06fcde5e187ef74247e28f97eecec00313f5079c91e05fbdaea023159
fa991cf9136744b01b2c,SRC058,2,PAIR_6D45772299D13485BE74595D,CONTEXT_CONFLICT,656,656,source_section|source_table|asset_class|currency_scale|evidence_quote,MERGE,"MERGE, one ruling applied to every paired row because the two lanes differ the same way on all of them and neither is complete. From B: source_section, which A left blank on all three pages although 'Real Estate Portfolio' is printed above the table on pages 1 and 2 and 'REITS' and 'Separate Accounts' above their own tables on page 3; source_table on pages 1 and 2, because A's 'UNTITLED_TABLE_1' is a placeholder the page never prints; and asset_class 'Real Estate', the printed grouping that governs every row. From A: source_column_label and metric_name 'Total Capital Contributed' and 'Total Capital Distributed', because the header wraps 'Total Capital' onto its own line above each of those two columns separately instead of spanning them, and page 3 prints 'Total Capital Distributed' on one line where both lanes agree; currency_scale, which A correctly leaves blank on irr and tvpi rows while B stamps '($ in millions)' onto a percentage and a multiple; and evidence_quote, because A cites the full printed partnership line while B cites the bare value, which proves only that those digits occur somewhere on the page. subject_type corrected to 'fund' on every partnership row: both lanes wrote 'investment', but the entity column is headed 'Partnership' and each row is a named vehicle the fund committed capital to, not a holding inside one.",RESOLVED,A+B+ADJUDICATOR,504abfe06fcde5e187ef74247e28f97eecec00313f5079c91e05fbdaea023159
fb6288051e579f5be316,SRC058,2,PAIR_F15BFB9D1024D278A1446F30,CONTEXT_CONFLICT,657,657,source_section|source_table|asset_class|evidence_quote,MERGE,"MERGE, one ruling applied to every paired row because the two lanes differ the same way on all of them and neither is complete. From B: source_section, which A left blank on all three pages although 'Real Estate Portfolio' is printed above the table on pages 1 and 2 and 'REITS' and 'Separate Accounts' above their own tables on page 3; source_table on pages 1 and 2, because A's 'UNTITLED_TABLE_1' is a placeholder the page never prints; and asset_class 'Real Estate', the printed grouping that governs every row. From A: source_column_label and metric_name 'Total Capital Contributed' and 'Total Capital Distributed', because the header wraps 'Total Capital' onto its own line above each of those two columns separately instead of spanning them, and page 3 prints 'Total Capital Distributed' on one line where both lanes agree; currency_scale, which A correctly leaves blank on irr and tvpi rows while B stamps '($ in millions)' onto a percentage and a multiple; and evidence_quote, because A cites the full printed partnership line while B cites the bare value, which proves only that those digits occur somewhere on the page. subject_type corrected to 'fund' on every partnership row: both lanes wrote 'investment', but the entity column is headed 'Partnership' and each row is a named vehicle the fund committed capital to, not a holding inside one.",RESOLVED,A+B+ADJUDICATOR,504abfe06fcde5e187ef74247e28f97eecec00313f5079c91e05fbdaea023159
0c8a9243ae33b9c1ce57,SRC058,2,PAIR_DC7A42BADA848E48462E8A93,CONTEXT_CONFLICT,658,660,source_section|source_table|asset_class|evidence_quote,MERGE,"MERGE, one ruling applied to every paired row because the two lanes differ the same way on all of them and neither is complete. From B: source_section, which A left blank on all three pages although 'Real Estate Portfolio' is printed above the table on pages 1 and 2 and 'REITS' and 'Separate Accounts' above their own tables on page 3; source_table on pages 1 and 2, because A's 'UNTITLED_TABLE_1' is a placeholder the page never prints; and asset_class 'Real Estate', the printed grouping that governs every row. From A: source_column_label and metric_name 'Total Capital Contributed' and 'Total Capital Distributed', because the header wraps 'Total Capital' onto its own line above each of those two columns separately instead of spanning them, and page 3 prints 'Total Capital Distributed' on one line where both lanes agree; currency_scale, which A correctly leaves blank on irr and tvpi rows while B stamps '($ in millions)' onto a percentage and a multiple; and evidence_quote, because A cites the full printed partnership line while B cites the bare value, which proves only that those digits occur somewhere on the page. subject_type corrected to 'fund' on every partnership row: both lanes wrote 'investment', but the entity column is headed 'Partnership' and each row is a named vehicle the fund committed capital to, not a holding inside one.; Source review: p2: Retirement Fund (The portfolio report distinguishes investor positions from its aggregate rows.) | p2: Retirement Fund (Printed heading or definition supporting the source-reviewed qualifier.) | p2: Retirement Fund (Supersedes SR2195: the printed entity or table label is context, not a measurement basis; source labels retain its scope.)",RESOLVED,A+B+ADJUDICATOR,504abfe06fcde5e187ef74247e28f97eecec00313f5079c91e05fbdaea023159
4cbbb18df2906156e5ba,SRC058,2,PAIR_DEF208D83520D1EE252606F8,CONTEXT_CONFLICT,659,661,source_section|source_table|asset_class|currency_scale|evidence_quote,MERGE,"MERGE, one ruling applied to every paired row because the two lanes differ the same way on all of them and neither is complete. From B: source_section, which A left blank on all three pages although 'Real Estate Portfolio' is printed above the table on pages 1 and 2 and 'REITS' and 'Separate Accounts' above their own tables on page 3; source_table on pages 1 and 2, because A's 'UNTITLED_TABLE_1' is a placeholder the page never prints; and asset_class 'Real Estate', the printed grouping that governs every row. From A: source_column_label and metric_name 'Total Capital Contributed' and 'Total Capital Distributed', because the header wraps 'Total Capital' onto its own line above each of those two columns separately instead of spanning them, and page 3 prints 'Total Capital Distributed' on one line where both lanes agree; currency_scale, which A correctly leaves blank on irr and tvpi rows while B stamps '($ in millions)' onto a percentage and a multiple; and evidence_quote, because A cites the full printed partnership line while B cites the bare value, which proves only that those digits occur somewhere on the page. subject_type corrected to 'fund' on every partnership row: both lanes wrote 'investment', but the entity column is headed 'Partnership' and each row is a named vehicle the fund committed capital to, not a holding inside one.; Source review: p2: IRR (All report pages were reviewed; no fee-basis statement qualifies this IRR.)",RESOLVED,A+B+ADJUDICATOR,504abfe06fcde5e187ef74247e28f97eecec00313f5079c91e05fbdaea023159
1cb50a8b9ec028a69997,SRC058,2,PAIR_8BBB7BCC4C43CE3A9EE31DF4,CONTEXT_CONFLICT,660,658,source_section|source_table|source_column_label|asset_class|metric_name|evidence_quote,MERGE,"MERGE, one ruling applied to every paired row because the two lanes differ the same way on all of them and neither is complete. From B: source_section, which A left blank on all three pages although 'Real Estate Portfolio' is printed above the table on pages 1 and 2 and 'REITS' and 'Separate Accounts' above their own tables on page 3; source_table on pages 1 and 2, because A's 'UNTITLED_TABLE_1' is a placeholder the page never prints; and asset_class 'Real Estate', the printed grouping that governs every row. From A: source_column_label and metric_name 'Total Capital Contributed' and 'Total Capital Distributed', because the header wraps 'Total Capital' onto its own line above each of those two columns separately instead of spanning them, and page 3 prints 'Total Capital Distributed' on one line where both lanes agree; currency_scale, which A correctly leaves blank on irr and tvpi rows while B stamps '($ in millions)' onto a percentage and a multiple; and evidence_quote, because A cites the full printed partnership line while B cites the bare value, which proves only that those digits occur somewhere on the page. subject_type corrected to 'fund' on every partnership row: both lanes wrote 'investment', but the entity column is headed 'Partnership' and each row is a named vehicle the fund committed capital to, not a holding inside one.",RESOLVED,A+B+ADJUDICATOR,504abfe06fcde5e187ef74247e28f97eecec00313f5079c91e05fbdaea023159
23c8b512e916a9441a26,SRC058,2,PAIR_5DE72162DFDDD3730ED9F926,CONTEXT_CONFLICT,661,659,source_section|source_table|source_column_label|asset_class|metric_name|evidence_quote,MERGE,"MERGE, one ruling applied to every paired row because the two lanes differ the same way on all of them and neither is complete. From B: source_section, which A left blank on all three pages although 'Real Estate Portfolio' is printed above the table on pages 1 and 2 and 'REITS' and 'Separate Accounts' above their own tables on page 3; source_table on pages 1 and 2, because A's 'UNTITLED_TABLE_1' is a placeholder the page never prints; and asset_class 'Real Estate', the printed grouping that governs every row. From A: source_column_label and metric_name 'Total Capital Contributed' and 'Total Capital Distributed', because the header wraps 'Total Capital' onto its own line above each of those two columns separately instead of spanning them, and page 3 prints 'Total Capital Distributed' on one line where both lanes agree; currency_scale, which A correctly leaves blank on irr and tvpi rows while B stamps '($ in millions)' onto a percentage and a multiple; and evidence_quote, because A cites the full printed partnership line while B cites the bare value, which proves only that those digits occur somewhere on the page. subject_type corrected to 'fund' on every partnership row: both lanes wrote 'investment', but the entity column is headed 'Partnership' and each row is a named vehicle the fund committed capital to, not a holding inside one.",RESOLVED,A+B+ADJUDICATOR,504abfe06fcde5e187ef74247e28f97eecec00313f5079c91e05fbdaea023159
6dbbf7fe7ccb4c14d3fe,SRC058,2,PAIR_199279452C0F9861A8C3EC48,CONTEXT_CONFLICT,662,662,source_section|source_table|asset_class|currency_scale|evidence_quote,MERGE,"MERGE, one ruling applied to every paired row because the two lanes differ the same way on all of them and neither is complete. From B: source_section, which A left blank on all three pages although 'Real Estate Portfolio' is printed above the table on pages 1 and 2 and 'REITS' and 'Separate Accounts' above their own tables on page 3; source_table on pages 1 and 2, because A's 'UNTITLED_TABLE_1' is a placeholder the page never prints; and asset_class 'Real Estate', the printed grouping that governs every row. From A: source_column_label and metric_name 'Total Capital Contributed' and 'Total Capital Distributed', because the header wraps 'Total Capital' onto its own line above each of those two columns separately instead of spanning them, and page 3 prints 'Total Capital Distributed' on one line where both lanes agree; currency_scale, which A correctly leaves blank on irr and tvpi rows while B stamps '($ in millions)' onto a percentage and a multiple; and evidence_quote, because A cites the full printed partnership line while B cites the bare value, which proves only that those digits occur somewhere on the page. subject_type corrected to 'fund' on every partnership row: both lanes wrote 'investment', but the entity column is headed 'Partnership' and each row is a named vehicle the fund committed capital to, not a holding inside one.",RESOLVED,A+B+ADJUDICATOR,504abfe06fcde5e187ef74247e28f97eecec00313f5079c91e05fbdaea023159
950b825908c40d8c26b3,SRC058,2,PAIR_06C4F5C4C92D87138041BF8F,CONTEXT_CONFLICT,663,663,source_section|source_table|asset_class|evidence_quote,MERGE,"MERGE, one ruling applied to every paired row because the two lanes differ the same way on all of them and neither is complete. From B: source_section, which A left blank on all three pages although 'Real Estate Portfolio' is printed above the table on pages 1 and 2 and 'REITS' and 'Separate Accounts' above their own tables on page 3; source_table on pages 1 and 2, because A's 'UNTITLED_TABLE_1' is a placeholder the page never prints; and asset_class 'Real Estate', the printed grouping that governs every row. From A: source_column_label and metric_name 'Total Capital Contributed' and 'Total Capital Distributed', because the header wraps 'Total Capital' onto its own line above each of those two columns separately instead of spanning them, and page 3 prints 'Total Capital Distributed' on one line where both lanes agree; currency_scale, which A correctly leaves blank on irr and tvpi rows while B stamps '($ in millions)' onto a percentage and a multiple; and evidence_quote, because A cites the full printed partnership line while B cites the bare value, which proves only that those digits occur somewhere on the page. subject_type corrected to 'fund' on every partnership row: both lanes wrote 'investment', but the entity column is headed 'Partnership' and each row is a named vehicle the fund committed capital to, not a holding inside one.",RESOLVED,A+B+ADJUDICATOR,504abfe06fcde5e187ef74247e28f97eecec00313f5079c91e05fbdaea023159
991a5e4a6265d1adc805,SRC058,2,PAIR_56235E83EFA626824DC3AA1B,CONTEXT_CONFLICT,664,666,source_section|source_table|asset_class|evidence_quote,MERGE,"MERGE, one ruling applied to every paired row because the two lanes differ the same way on all of them and neither is complete. From B: source_section, which A left blank on all three pages although 'Real Estate Portfolio' is printed above the table on pages 1 and 2 and 'REITS' and 'Separate Accounts' above their own tables on page 3; source_table on pages 1 and 2, because A's 'UNTITLED_TABLE_1' is a placeholder the page never prints; and asset_class 'Real Estate', the printed grouping that governs every row. From A: source_column_label and metric_name 'Total Capital Contributed' and 'Total Capital Distributed', because the header wraps 'Total Capital' onto its own line above each of those two columns separately instead of spanning them, and page 3 prints 'Total Capital Distributed' on one line where both lanes agree; currency_scale, which A correctly leaves blank on irr and tvpi rows while B stamps '($ in millions)' onto a percentage and a multiple; and evidence_quote, because A cites the full printed partnership line while B cites the bare value, which proves only that those digits occur somewhere on the page. subject_type corrected to 'fund' on every partnership row: both lanes wrote 'investment', but the entity column is headed 'Partnership' and each row is a named vehicle the fund committed capital to, not a holding inside one.; Source review: p2: Retirement Fund (The portfolio report distinguishes investor positions from its aggregate rows.) | p2: Retirement Fund (Printed heading or definition supporting the source-reviewed qualifier.) | p2: Retirement Fund (Supersedes SR2196: the printed entity or table label is context, not a measurement basis; source labels retain its scope.)",RESOLVED,A+B+ADJUDICATOR,504abfe06fcde5e187ef74247e28f97eecec00313f5079c91e05fbdaea023159
1d62f2d3ce904680f88e,SRC058,2,PAIR_210A907536C35C4A15F47B57,CONTEXT_CONFLICT,665,667,source_section|source_table|asset_class|currency_scale|evidence_quote,MERGE,"MERGE, one ruling applied to every paired row because the two lanes differ the same way on all of them and neither is complete. From B: source_section, which A left blank on all three pages although 'Real Estate Portfolio' is printed above the table on pages 1 and 2 and 'REITS' and 'Separate Accounts' above their own tables on page 3; source_table on pages 1 and 2, because A's 'UNTITLED_TABLE_1' is a placeholder the page never prints; and asset_class 'Real Estate', the printed grouping that governs every row. From A: source_column_label and metric_name 'Total Capital Contributed' and 'Total Capital Distributed', because the header wraps 'Total Capital' onto its own line above each of those two columns separately instead of spanning them, and page 3 prints 'Total Capital Distributed' on one line where both lanes agree; currency_scale, which A correctly leaves blank on irr and tvpi rows while B stamps '($ in millions)' onto a percentage and a multiple; and evidence_quote, because A cites the full printed partnership line while B cites the bare value, which proves only that those digits occur somewhere on the page. subject_type corrected to 'fund' on every partnership row: both lanes wrote 'investment', but the entity column is headed 'Partnership' and each row is a named vehicle the fund committed capital to, not a holding inside one.; Source review: p2: IRR (All report pages were reviewed; no fee-basis statement qualifies this IRR.)",RESOLVED,A+B+ADJUDICATOR,504abfe06fcde5e187ef74247e28f97eecec00313f5079c91e05fbdaea023159
013191dbd8e44b630e28,SRC058,2,PAIR_5901CD072A253207BEF82CC0,CONTEXT_CONFLICT,666,664,source_section|source_table|source_column_label|asset_class|metric_name|evidence_quote,MERGE,"MERGE, one ruling applied to every paired row because the two lanes differ the same way on all of them and neither is complete. From B: source_section, which A left blank on all three pages although 'Real Estate Portfolio' is printed above the table on pages 1 and 2 and 'REITS' and 'Separate Accounts' above their own tables on page 3; source_table on pages 1 and 2, because A's 'UNTITLED_TABLE_1' is a placeholder the page never prints; and asset_class 'Real Estate', the printed grouping that governs every row. From A: source_column_label and metric_name 'Total Capital Contributed' and 'Total Capital Distributed', because the header wraps 'Total Capital' onto its own line above each of those two columns separately instead of spanning them, and page 3 prints 'Total Capital Distributed' on one line where both lanes agree; currency_scale, which A correctly leaves blank on irr and tvpi rows while B stamps '($ in millions)' onto a percentage and a multiple; and evidence_quote, because A cites the full printed partnership line while B cites the bare value, which proves only that those digits occur somewhere on the page. subject_type corrected to 'fund' on every partnership row: both lanes wrote 'investment', but the entity column is headed 'Partnership' and each row is a named vehicle the fund committed capital to, not a holding inside one.",RESOLVED,A+B+ADJUDICATOR,504abfe06fcde5e187ef74247e28f97eecec00313f5079c91e05fbdaea023159
5e73e55e19ca2d931e9d,SRC058,2,PAIR_D4B39E2975615D167512BEEA,CONTEXT_CONFLICT,667,665,source_section|source_table|source_column_label|asset_class|metric_name|evidence_quote,MERGE,"MERGE, one ruling applied to every paired row because the two lanes differ the same way on all of them and neither is complete. From B: source_section, which A left blank on all three pages although 'Real Estate Portfolio' is printed above the table on pages 1 and 2 and 'REITS' and 'Separate Accounts' above their own tables on page 3; source_table on pages 1 and 2, because A's 'UNTITLED_TABLE_1' is a placeholder the page never prints; and asset_class 'Real Estate', the printed grouping that governs every row. From A: source_column_label and metric_name 'Total Capital Contributed' and 'Total Capital Distributed', because the header wraps 'Total Capital' onto its own line above each of those two columns separately instead of spanning them, and page 3 prints 'Total Capital Distributed' on one line where both lanes agree; currency_scale, which A correctly leaves blank on irr and tvpi rows while B stamps '($ in millions)' onto a percentage and a multiple; and evidence_quote, because A cites the full printed partnership line while B cites the bare value, which proves only that those digits occur somewhere on the page. subject_type corrected to 'fund' on every partnership row: both lanes wrote 'investment', but the entity column is headed 'Partnership' and each row is a named vehicle the fund committed capital to, not a holding inside one.",RESOLVED,A+B+ADJUDICATOR,504abfe06fcde5e187ef74247e28f97eecec00313f5079c91e05fbdaea023159
7f0dcfcf5c1ba63dcae0,SRC058,2,PAIR_0B0A546145C31EEC103E76AB,CONTEXT_CONFLICT,668,668,source_section|source_table|asset_class|currency_scale|evidence_quote,MERGE,"MERGE, one ruling applied to every paired row because the two lanes differ the same way on all of them and neither is complete. From B: source_section, which A left blank on all three pages although 'Real Estate Portfolio' is printed above the table on pages 1 and 2 and 'REITS' and 'Separate Accounts' above their own tables on page 3; source_table on pages 1 and 2, because A's 'UNTITLED_TABLE_1' is a placeholder the page never prints; and asset_class 'Real Estate', the printed grouping that governs every row. From A: source_column_label and metric_name 'Total Capital Contributed' and 'Total Capital Distributed', because the header wraps 'Total Capital' onto its own line above each of those two columns separately instead of spanning them, and page 3 prints 'Total Capital Distributed' on one line where both lanes agree; currency_scale, which A correctly leaves blank on irr and tvpi rows while B stamps '($ in millions)' onto a percentage and a multiple; and evidence_quote, because A cites the full printed partnership line while B cites the bare value, which proves only that those digits occur somewhere on the page. subject_type corrected to 'fund' on every partnership row: both lanes wrote 'investment', but the entity column is headed 'Partnership' and each row is a named vehicle the fund committed capital to, not a holding inside one.",RESOLVED,A+B+ADJUDICATOR,504abfe06fcde5e187ef74247e28f97eecec00313f5079c91e05fbdaea023159
f0d7371847802d29d51e,SRC058,2,PAIR_533CB362ECDBE909835D61EE,CONTEXT_CONFLICT,669,669,source_section|source_table|asset_class|evidence_quote,MERGE,"MERGE, one ruling applied to every paired row because the two lanes differ the same way on all of them and neither is complete. From B: source_section, which A left blank on all three pages although 'Real Estate Portfolio' is printed above the table on pages 1 and 2 and 'REITS' and 'Separate Accounts' above their own tables on page 3; source_table on pages 1 and 2, because A's 'UNTITLED_TABLE_1' is a placeholder the page never prints; and asset_class 'Real Estate', the printed grouping that governs every row. From A: source_column_label and metric_name 'Total Capital Contributed' and 'Total Capital Distributed', because the header wraps 'Total Capital' onto its own line above each of those two columns separately instead of spanning them, and page 3 prints 'Total Capital Distributed' on one line where both lanes agree; currency_scale, which A correctly leaves blank on irr and tvpi rows while B stamps '($ in millions)' onto a percentage and a multiple; and evidence_quote, because A cites the full printed partnership line while B cites the bare value, which proves only that those digits occur somewhere on the page. subject_type corrected to 'fund' on every partnership row: both lanes wrote 'investment', but the entity column is headed 'Partnership' and each row is a named vehicle the fund committed capital to, not a holding inside one.",RESOLVED,A+B+ADJUDICATOR,504abfe06fcde5e187ef74247e28f97eecec00313f5079c91e05fbdaea023159
01b7e6252097da39c650,SRC058,2,PAIR_CCFCF1BE0278AE0095E7B782,CONTEXT_CONFLICT,670,672,source_section|source_table|asset_class|evidence_quote,MERGE,"MERGE, one ruling applied to every paired row because the two lanes differ the same way on all of them and neither is complete. From B: source_section, which A left blank on all three pages although 'Real Estate Portfolio' is printed above the table on pages 1 and 2 and 'REITS' and 'Separate Accounts' above their own tables on page 3; source_table on pages 1 and 2, because A's 'UNTITLED_TABLE_1' is a placeholder the page never prints; and asset_class 'Real Estate', the printed grouping that governs every row. From A: source_column_label and metric_name 'Total Capital Contributed' and 'Total Capital Distributed', because the header wraps 'Total Capital' onto its own line above each of those two columns separately instead of spanning them, and page 3 prints 'Total Capital Distributed' on one line where both lanes agree; currency_scale, which A correctly leaves blank on irr and tvpi rows while B stamps '($ in millions)' onto a percentage and a multiple; and evidence_quote, because A cites the full printed partnership line while B cites the bare value, which proves only that those digits occur somewhere on the page. subject_type corrected to 'fund' on every partnership row: both lanes wrote 'investment', but the entity column is headed 'Partnership' and each row is a named vehicle the fund committed capital to, not a holding inside one.; Source review: p2: Retirement Fund (The portfolio report distinguishes investor positions from its aggregate rows.) | p2: Retirement Fund (Printed heading or definition supporting the source-reviewed qualifier.) | p2: Retirement Fund (Supersedes SR2197: the printed entity or table label is context, not a measurement basis; source labels retain its scope.)",RESOLVED,A+B+ADJUDICATOR,504abfe06fcde5e187ef74247e28f97eecec00313f5079c91e05fbdaea023159
e1019184ee8e13204a46,SRC058,2,PAIR_C08764BF0D9305D453145339,CONTEXT_CONFLICT,671,673,source_section|source_table|asset_class|currency_scale|evidence_quote,MERGE,"MERGE, one ruling applied to every paired row because the two lanes differ the same way on all of them and neither is complete. From B: source_section, which A left blank on all three pages although 'Real Estate Portfolio' is printed above the table on pages 1 and 2 and 'REITS' and 'Separate Accounts' above their own tables on page 3; source_table on pages 1 and 2, because A's 'UNTITLED_TABLE_1' is a placeholder the page never prints; and asset_class 'Real Estate', the printed grouping that governs every row. From A: source_column_label and metric_name 'Total Capital Contributed' and 'Total Capital Distributed', because the header wraps 'Total Capital' onto its own line above each of those two columns separately instead of spanning them, and page 3 prints 'Total Capital Distributed' on one line where both lanes agree; currency_scale, which A correctly leaves blank on irr and tvpi rows while B stamps '($ in millions)' onto a percentage and a multiple; and evidence_quote, because A cites the full printed partnership line while B cites the bare value, which proves only that those digits occur somewhere on the page. subject_type corrected to 'fund' on every partnership row: both lanes wrote 'investment', but the entity column is headed 'Partnership' and each row is a named vehicle the fund committed capital to, not a holding inside one.; Source review: p2: IRR (All report pages were reviewed; no fee-basis statement qualifies this IRR.)",RESOLVED,A+B+ADJUDICATOR,504abfe06fcde5e187ef74247e28f97eecec00313f5079c91e05fbdaea023159
7ea929213ffc7947569a,SRC058,2,PAIR_417923F54C4F7D880AB3F133,CONTEXT_CONFLICT,672,670,source_section|source_table|source_column_label|asset_class|metric_name|evidence_quote,MERGE,"MERGE, one ruling applied to every paired row because the two lanes differ the same way on all of them and neither is complete. From B: source_section, which A left blank on all three pages although 'Real Estate Portfolio' is printed above the table on pages 1 and 2 and 'REITS' and 'Separate Accounts' above their own tables on page 3; source_table on pages 1 and 2, because A's 'UNTITLED_TABLE_1' is a placeholder the page never prints; and asset_class 'Real Estate', the printed grouping that governs every row. From A: source_column_label and metric_name 'Total Capital Contributed' and 'Total Capital Distributed', because the header wraps 'Total Capital' onto its own line above each of those two columns separately instead of spanning them, and page 3 prints 'Total Capital Distributed' on one line where both lanes agree; currency_scale, which A correctly leaves blank on irr and tvpi rows while B stamps '($ in millions)' onto a percentage and a multiple; and evidence_quote, because A cites the full printed partnership line while B cites the bare value, which proves only that those digits occur somewhere on the page. subject_type corrected to 'fund' on every partnership row: both lanes wrote 'investment', but the entity column is headed 'Partnership' and each row is a named vehicle the fund committed capital to, not a holding inside one.",RESOLVED,A+B+ADJUDICATOR,504abfe06fcde5e187ef74247e28f97eecec00313f5079c91e05fbdaea023159
e47932b87a38d7c91068,SRC058,2,PAIR_858FE9611341A6836A43FCC2,CONTEXT_CONFLICT,673,671,source_section|source_table|source_column_label|asset_class|metric_name|evidence_quote,MERGE,"MERGE, one ruling applied to every paired row because the two lanes differ the same way on all of them and neither is complete. From B: source_section, which A left blank on all three pages although 'Real Estate Portfolio' is printed above the table on pages 1 and 2 and 'REITS' and 'Separate Accounts' above their own tables on page 3; source_table on pages 1 and 2, because A's 'UNTITLED_TABLE_1' is a placeholder the page never prints; and asset_class 'Real Estate', the printed grouping that governs every row. From A: source_column_label and metric_name 'Total Capital Contributed' and 'Total Capital Distributed', because the header wraps 'Total Capital' onto its own line above each of those two columns separately instead of spanning them, and page 3 prints 'Total Capital Distributed' on one line where both lanes agree; currency_scale, which A correctly leaves blank on irr and tvpi rows while B stamps '($ in millions)' onto a percentage and a multiple; and evidence_quote, because A cites the full printed partnership line while B cites the bare value, which proves only that those digits occur somewhere on the page. subject_type corrected to 'fund' on every partnership row: both lanes wrote 'investment', but the entity column is headed 'Partnership' and each row is a named vehicle the fund committed capital to, not a holding inside one.",RESOLVED,A+B+ADJUDICATOR,504abfe06fcde5e187ef74247e28f97eecec00313f5079c91e05fbdaea023159
5a232bc81fef6678dcb1,SRC058,2,PAIR_6F88D6559822D90CDD1F2137,CONTEXT_CONFLICT,674,674,source_section|source_table|asset_class|currency_scale|evidence_quote,MERGE,"MERGE, one ruling applied to every paired row because the two lanes differ the same way on all of them and neither is complete. From B: source_section, which A left blank on all three pages although 'Real Estate Portfolio' is printed above the table on pages 1 and 2 and 'REITS' and 'Separate Accounts' above their own tables on page 3; source_table on pages 1 and 2, because A's 'UNTITLED_TABLE_1' is a placeholder the page never prints; and asset_class 'Real Estate', the printed grouping that governs every row. From A: source_column_label and metric_name 'Total Capital Contributed' and 'Total Capital Distributed', because the header wraps 'Total Capital' onto its own line above each of those two columns separately instead of spanning them, and page 3 prints 'Total Capital Distributed' on one line where both lanes agree; currency_scale, which A correctly leaves blank on irr and tvpi rows while B stamps '($ in millions)' onto a percentage and a multiple; and evidence_quote, because A cites the full printed partnership line while B cites the bare value, which proves only that those digits occur somewhere on the page. subject_type corrected to 'fund' on every partnership row: both lanes wrote 'investment', but the entity column is headed 'Partnership' and each row is a named vehicle the fund committed capital to, not a holding inside one.",RESOLVED,A+B+ADJUDICATOR,504abfe06fcde5e187ef74247e28f97eecec00313f5079c91e05fbdaea023159
e3efb34736a50c275162,SRC058,2,PAIR_BD36983C2930078D4AC03703,CONTEXT_CONFLICT,675,675,source_section|source_table|asset_class|evidence_quote,MERGE,"MERGE, one ruling applied to every paired row because the two lanes differ the same way on all of them and neither is complete. From B: source_section, which A left blank on all three pages although 'Real Estate Portfolio' is printed above the table on pages 1 and 2 and 'REITS' and 'Separate Accounts' above their own tables on page 3; source_table on pages 1 and 2, because A's 'UNTITLED_TABLE_1' is a placeholder the page never prints; and asset_class 'Real Estate', the printed grouping that governs every row. From A: source_column_label and metric_name 'Total Capital Contributed' and 'Total Capital Distributed', because the header wraps 'Total Capital' onto its own line above each of those two columns separately instead of spanning them, and page 3 prints 'Total Capital Distributed' on one line where both lanes agree; currency_scale, which A correctly leaves blank on irr and tvpi rows while B stamps '($ in millions)' onto a percentage and a multiple; and evidence_quote, because A cites the full printed partnership line while B cites the bare value, which proves only that those digits occur somewhere on the page. subject_type corrected to 'fund' on every partnership row: both lanes wrote 'investment', but the entity column is headed 'Partnership' and each row is a named vehicle the fund committed capital to, not a holding inside one.",RESOLVED,A+B+ADJUDICATOR,504abfe06fcde5e187ef74247e28f97eecec00313f5079c91e05fbdaea023159
40910d87cf868933bd31,SRC058,2,PAIR_528278C5ECBCA59B17C64D51,CONTEXT_CONFLICT,676,678,source_section|source_table|asset_class|evidence_quote,MERGE,"MERGE, one ruling applied to every paired row because the two lanes differ the same way on all of them and neither is complete. From B: source_section, which A left blank on all three pages although 'Real Estate Portfolio' is printed above the table on pages 1 and 2 and 'REITS' and 'Separate Accounts' above their own tables on page 3; source_table on pages 1 and 2, because A's 'UNTITLED_TABLE_1' is a placeholder the page never prints; and asset_class 'Real Estate', the printed grouping that governs every row. From A: source_column_label and metric_name 'Total Capital Contributed' and 'Total Capital Distributed', because the header wraps 'Total Capital' onto its own line above each of those two columns separately instead of spanning them, and page 3 prints 'Total Capital Distributed' on one line where both lanes agree; currency_scale, which A correctly leaves blank on irr and tvpi rows while B stamps '($ in millions)' onto a percentage and a multiple; and evidence_quote, because A cites the full printed partnership line while B cites the bare value, which proves only that those digits occur somewhere on the page. subject_type corrected to 'fund' on every partnership row: both lanes wrote 'investment', but the entity column is headed 'Partnership' and each row is a named vehicle the fund committed capital to, not a holding inside one.; Source review: p2: Retirement Fund (The portfolio report distinguishes investor positions from its aggregate rows.) | p2: Retirement Fund (Printed heading or definition supporting the source-reviewed qualifier.) | p2: Retirement Fund (Supersedes SR2198: the printed entity or table label is context, not a measurement basis; source labels retain its scope.)",RESOLVED,A+B+ADJUDICATOR,504abfe06fcde5e187ef74247e28f97eecec00313f5079c91e05fbdaea023159
faaee5c9cdb730171837,SRC058,2,PAIR_5F8A2A1871DAB7E725104BBE,CONTEXT_CONFLICT,677,679,source_section|source_table|asset_class|currency_scale|evidence_quote,MERGE,"MERGE, one ruling applied to every paired row because the two lanes differ the same way on all of them and neither is complete. From B: source_section, which A left blank on all three pages although 'Real Estate Portfolio' is printed above the table on pages 1 and 2 and 'REITS' and 'Separate Accounts' above their own tables on page 3; source_table on pages 1 and 2, because A's 'UNTITLED_TABLE_1' is a placeholder the page never prints; and asset_class 'Real Estate', the printed grouping that governs every row. From A: source_column_label and metric_name 'Total Capital Contributed' and 'Total Capital Distributed', because the header wraps 'Total Capital' onto its own line above each of those two columns separately instead of spanning them, and page 3 prints 'Total Capital Distributed' on one line where both lanes agree; currency_scale, which A correctly leaves blank on irr and tvpi rows while B stamps '($ in millions)' onto a percentage and a multiple; and evidence_quote, because A cites the full printed partnership line while B cites the bare value, which proves only that those digits occur somewhere on the page. subject_type corrected to 'fund' on every partnership row: both lanes wrote 'investment', but the entity column is headed 'Partnership' and each row is a named vehicle the fund committed capital to, not a holding inside one.; Source review: p2: IRR (All report pages were reviewed; no fee-basis statement qualifies this IRR.)",RESOLVED,A+B+ADJUDICATOR,504abfe06fcde5e187ef74247e28f97eecec00313f5079c91e05fbdaea023159
85d1246ee2537162274e,SRC058,2,PAIR_EE4C2FFEA2F11E7BED553DF1,CONTEXT_CONFLICT,678,676,source_section|source_table|source_column_label|asset_class|metric_name|evidence_quote,MERGE,"MERGE, one ruling applied to every paired row because the two lanes differ the same way on all of them and neither is complete. From B: source_section, which A left blank on all three pages although 'Real Estate Portfolio' is printed above the table on pages 1 and 2 and 'REITS' and 'Separate Accounts' above their own tables on page 3; source_table on pages 1 and 2, because A's 'UNTITLED_TABLE_1' is a placeholder the page never prints; and asset_class 'Real Estate', the printed grouping that governs every row. From A: source_column_label and metric_name 'Total Capital Contributed' and 'Total Capital Distributed', because the header wraps 'Total Capital' onto its own line above each of those two columns separately instead of spanning them, and page 3 prints 'Total Capital Distributed' on one line where both lanes agree; currency_scale, which A correctly leaves blank on irr and tvpi rows while B stamps '($ in millions)' onto a percentage and a multiple; and evidence_quote, because A cites the full printed partnership line while B cites the bare value, which proves only that those digits occur somewhere on the page. subject_type corrected to 'fund' on every partnership row: both lanes wrote 'investment', but the entity column is headed 'Partnership' and each row is a named vehicle the fund committed capital to, not a holding inside one.",RESOLVED,A+B+ADJUDICATOR,504abfe06fcde5e187ef74247e28f97eecec00313f5079c91e05fbdaea023159
b5b8b8185d08d09b31e2,SRC058,2,PAIR_E06D5A4D4922C98DD44F57C8,CONTEXT_CONFLICT,679,677,source_section|source_table|source_column_label|asset_class|metric_name|evidence_quote,MERGE,"MERGE, one ruling applied to every paired row because the two lanes differ the same way on all of them and neither is complete. From B: source_section, which A left blank on all three pages although 'Real Estate Portfolio' is printed above the table on pages 1 and 2 and 'REITS' and 'Separate Accounts' above their own tables on page 3; source_table on pages 1 and 2, because A's 'UNTITLED_TABLE_1' is a placeholder the page never prints; and asset_class 'Real Estate', the printed grouping that governs every row. From A: source_column_label and metric_name 'Total Capital Contributed' and 'Total Capital Distributed', because the header wraps 'Total Capital' onto its own line above each of those two columns separately instead of spanning them, and page 3 prints 'Total Capital Distributed' on one line where both lanes agree; currency_scale, which A correctly leaves blank on irr and tvpi rows while B stamps '($ in millions)' onto a percentage and a multiple; and evidence_quote, because A cites the full printed partnership line while B cites the bare value, which proves only that those digits occur somewhere on the page. subject_type corrected to 'fund' on every partnership row: both lanes wrote 'investment', but the entity column is headed 'Partnership' and each row is a named vehicle the fund committed capital to, not a holding inside one.",RESOLVED,A+B+ADJUDICATOR,504abfe06fcde5e187ef74247e28f97eecec00313f5079c91e05fbdaea023159
08e9a1d0606ddc1586a8,SRC058,2,PAIR_564990A872B15F52CC3DF473,CONTEXT_CONFLICT,680,680,source_section|source_table|asset_class|currency_scale|evidence_quote,MERGE,"MERGE, one ruling applied to every paired row because the two lanes differ the same way on all of them and neither is complete. From B: source_section, which A left blank on all three pages although 'Real Estate Portfolio' is printed above the table on pages 1 and 2 and 'REITS' and 'Separate Accounts' above their own tables on page 3; source_table on pages 1 and 2, because A's 'UNTITLED_TABLE_1' is a placeholder the page never prints; and asset_class 'Real Estate', the printed grouping that governs every row. From A: source_column_label and metric_name 'Total Capital Contributed' and 'Total Capital Distributed', because the header wraps 'Total Capital' onto its own line above each of those two columns separately instead of spanning them, and page 3 prints 'Total Capital Distributed' on one line where both lanes agree; currency_scale, which A correctly leaves blank on irr and tvpi rows while B stamps '($ in millions)' onto a percentage and a multiple; and evidence_quote, because A cites the full printed partnership line while B cites the bare value, which proves only that those digits occur somewhere on the page. subject_type corrected to 'fund' on every partnership row: both lanes wrote 'investment', but the entity column is headed 'Partnership' and each row is a named vehicle the fund committed capital to, not a holding inside one.",RESOLVED,A+B+ADJUDICATOR,504abfe06fcde5e187ef74247e28f97eecec00313f5079c91e05fbdaea023159
55418b9e56e20df64550,SRC058,2,PAIR_F9E72F963ABA04A0591BC4D5,CONTEXT_CONFLICT,681,681,source_section|source_table|asset_class|evidence_quote,MERGE,"MERGE, one ruling applied to every paired row because the two lanes differ the same way on all of them and neither is complete. From B: source_section, which A left blank on all three pages although 'Real Estate Portfolio' is printed above the table on pages 1 and 2 and 'REITS' and 'Separate Accounts' above their own tables on page 3; source_table on pages 1 and 2, because A's 'UNTITLED_TABLE_1' is a placeholder the page never prints; and asset_class 'Real Estate', the printed grouping that governs every row. From A: source_column_label and metric_name 'Total Capital Contributed' and 'Total Capital Distributed', because the header wraps 'Total Capital' onto its own line above each of those two columns separately instead of spanning them, and page 3 prints 'Total Capital Distributed' on one line where both lanes agree; currency_scale, which A correctly leaves blank on irr and tvpi rows while B stamps '($ in millions)' onto a percentage and a multiple; and evidence_quote, because A cites the full printed partnership line while B cites the bare value, which proves only that those digits occur somewhere on the page. subject_type corrected to 'fund' on every partnership row: both lanes wrote 'investment', but the entity column is headed 'Partnership' and each row is a named vehicle the fund committed capital to, not a holding inside one.",RESOLVED,A+B+ADJUDICATOR,504abfe06fcde5e187ef74247e28f97eecec00313f5079c91e05fbdaea023159
2551aaa156eb0f629b18,SRC058,2,PAIR_917FB17DF5F949C5BBFF9122,CONTEXT_CONFLICT,682,684,source_section|source_table|asset_class|evidence_quote,MERGE,"MERGE, one ruling applied to every paired row because the two lanes differ the same way on all of them and neither is complete. From B: source_section, which A left blank on all three pages although 'Real Estate Portfolio' is printed above the table on pages 1 and 2 and 'REITS' and 'Separate Accounts' above their own tables on page 3; source_table on pages 1 and 2, because A's 'UNTITLED_TABLE_1' is a placeholder the page never prints; and asset_class 'Real Estate', the printed grouping that governs every row. From A: source_column_label and metric_name 'Total Capital Contributed' and 'Total Capital Distributed', because the header wraps 'Total Capital' onto its own line above each of those two columns separately instead of spanning them, and page 3 prints 'Total Capital Distributed' on one line where both lanes agree; currency_scale, which A correctly leaves blank on irr and tvpi rows while B stamps '($ in millions)' onto a percentage and a multiple; and evidence_quote, because A cites the full printed partnership line while B cites the bare value, which proves only that those digits occur somewhere on the page. subject_type corrected to 'fund' on every partnership row: both lanes wrote 'investment', but the entity column is headed 'Partnership' and each row is a named vehicle the fund committed capital to, not a holding inside one.; Source review: p2: Retirement Fund (The portfolio report distinguishes investor positions from its aggregate rows.) | p2: Retirement Fund (Printed heading or definition supporting the source-reviewed qualifier.) | p2: Retirement Fund (Supersedes SR2199: the printed entity or table label is context, not a measurement basis; source labels retain its scope.)",RESOLVED,A+B+ADJUDICATOR,504abfe06fcde5e187ef74247e28f97eecec00313f5079c91e05fbdaea023159
2481034713d68ee70d56,SRC058,2,PAIR_3B33AF225DA2F15FE78C5717,CONTEXT_CONFLICT,683,685,source_section|source_table|asset_class|currency_scale|evidence_quote,MERGE,"MERGE, one ruling applied to every paired row because the two lanes differ the same way on all of them and neither is complete. From B: source_section, which A left blank on all three pages although 'Real Estate Portfolio' is printed above the table on pages 1 and 2 and 'REITS' and 'Separate Accounts' above their own tables on page 3; source_table on pages 1 and 2, because A's 'UNTITLED_TABLE_1' is a placeholder the page never prints; and asset_class 'Real Estate', the printed grouping that governs every row. From A: source_column_label and metric_name 'Total Capital Contributed' and 'Total Capital Distributed', because the header wraps 'Total Capital' onto its own line above each of those two columns separately instead of spanning them, and page 3 prints 'Total Capital Distributed' on one line where both lanes agree; currency_scale, which A correctly leaves blank on irr and tvpi rows while B stamps '($ in millions)' onto a percentage and a multiple; and evidence_quote, because A cites the full printed partnership line while B cites the bare value, which proves only that those digits occur somewhere on the page. subject_type corrected to 'fund' on every partnership row: both lanes wrote 'investment', but the entity column is headed 'Partnership' and each row is a named vehicle the fund committed capital to, not a holding inside one.; Source review: p2: IRR (All report pages were reviewed; no fee-basis statement qualifies this IRR.)",RESOLVED,A+B+ADJUDICATOR,504abfe06fcde5e187ef74247e28f97eecec00313f5079c91e05fbdaea023159
ba7e3061c1026db7ef94,SRC058,2,PAIR_6DCB86CC8DCE3A5FB51CF14F,CONTEXT_CONFLICT,684,682,source_section|source_table|source_column_label|asset_class|metric_name|evidence_quote,MERGE,"MERGE, one ruling applied to every paired row because the two lanes differ the same way on all of them and neither is complete. From B: source_section, which A left blank on all three pages although 'Real Estate Portfolio' is printed above the table on pages 1 and 2 and 'REITS' and 'Separate Accounts' above their own tables on page 3; source_table on pages 1 and 2, because A's 'UNTITLED_TABLE_1' is a placeholder the page never prints; and asset_class 'Real Estate', the printed grouping that governs every row. From A: source_column_label and metric_name 'Total Capital Contributed' and 'Total Capital Distributed', because the header wraps 'Total Capital' onto its own line above each of those two columns separately instead of spanning them, and page 3 prints 'Total Capital Distributed' on one line where both lanes agree; currency_scale, which A correctly leaves blank on irr and tvpi rows while B stamps '($ in millions)' onto a percentage and a multiple; and evidence_quote, because A cites the full printed partnership line while B cites the bare value, which proves only that those digits occur somewhere on the page. subject_type corrected to 'fund' on every partnership row: both lanes wrote 'investment', but the entity column is headed 'Partnership' and each row is a named vehicle the fund committed capital to, not a holding inside one.",RESOLVED,A+B+ADJUDICATOR,504abfe06fcde5e187ef74247e28f97eecec00313f5079c91e05fbdaea023159
51e3a4fe31522086d201,SRC058,2,PAIR_F73B35DB70BEF9BD9A76BB5D,CONTEXT_CONFLICT,685,683,source_section|source_table|source_column_label|asset_class|metric_name|evidence_quote,MERGE,"MERGE, one ruling applied to every paired row because the two lanes differ the same way on all of them and neither is complete. From B: source_section, which A left blank on all three pages although 'Real Estate Portfolio' is printed above the table on pages 1 and 2 and 'REITS' and 'Separate Accounts' above their own tables on page 3; source_table on pages 1 and 2, because A's 'UNTITLED_TABLE_1' is a placeholder the page never prints; and asset_class 'Real Estate', the printed grouping that governs every row. From A: source_column_label and metric_name 'Total Capital Contributed' and 'Total Capital Distributed', because the header wraps 'Total Capital' onto its own line above each of those two columns separately instead of spanning them, and page 3 prints 'Total Capital Distributed' on one line where both lanes agree; currency_scale, which A correctly leaves blank on irr and tvpi rows while B stamps '($ in millions)' onto a percentage and a multiple; and evidence_quote, because A cites the full printed partnership line while B cites the bare value, which proves only that those digits occur somewhere on the page. subject_type corrected to 'fund' on every partnership row: both lanes wrote 'investment', but the entity column is headed 'Partnership' and each row is a named vehicle the fund committed capital to, not a holding inside one.",RESOLVED,A+B+ADJUDICATOR,504abfe06fcde5e187ef74247e28f97eecec00313f5079c91e05fbdaea023159
99537eb2a4b9b52a6d33,SRC058,2,PAIR_0277D8826C750E9CFB7067A3,VALUE_CONFLICT,686,686,source_section|source_table|asset_class|currency_scale|metric_value_raw|evidence_quote,MERGE,"MERGE, one ruling applied to every paired row because the two lanes differ the same way on all of them and neither is complete. From B: source_section, which A left blank on all three pages although 'Real Estate Portfolio' is printed above the table on pages 1 and 2 and 'REITS' and 'Separate Accounts' above their own tables on page 3; source_table on pages 1 and 2, because A's 'UNTITLED_TABLE_1' is a placeholder the page never prints; and asset_class 'Real Estate', the printed grouping that governs every row. From A: source_column_label and metric_name 'Total Capital Contributed' and 'Total Capital Distributed', because the header wraps 'Total Capital' onto its own line above each of those two columns separately instead of spanning them, and page 3 prints 'Total Capital Distributed' on one line where both lanes agree; currency_scale, which A correctly leaves blank on irr and tvpi rows while B stamps '($ in millions)' onto a percentage and a multiple; and evidence_quote, because A cites the full printed partnership line while B cites the bare value, which proves only that those digits occur somewhere on the page. subject_type corrected to 'fund' on every partnership row: both lanes wrote 'investment', but the entity column is headed 'Partnership' and each row is a named vehicle the fund committed capital to, not a holding inside one. This row is the file's only VALUE_CONFLICT. The page prints 1.31x for Rockpoint Real Estate Fund IV, L.P.; A's quote carries the whole printed line and shows it, while B recorded 1.3x on a quote of just '1.3x', which matched the page only because the Grand Total(s): row two lines below prints 1.3x. This is exactly the failure the full-line quote convention exists to catch.",RESOLVED,A+B+ADJUDICATOR,504abfe06fcde5e187ef74247e28f97eecec00313f5079c91e05fbdaea023159
34048d99dc7f34cb8b12,SRC058,2,PAIR_8410ACB4C7276ED8FA59AF2B,CONTEXT_CONFLICT,687,687,source_section|source_table|asset_class|evidence_quote,MERGE,"MERGE, one ruling applied to every paired row because the two lanes differ the same way on all of them and neither is complete. From B: source_section, which A left blank on all three pages although 'Real Estate Portfolio' is printed above the table on pages 1 and 2 and 'REITS' and 'Separate Accounts' above their own tables on page 3; source_table on pages 1 and 2, because A's 'UNTITLED_TABLE_1' is a placeholder the page never prints; and asset_class 'Real Estate', the printed grouping that governs every row. From A: source_column_label and metric_name 'Total Capital Contributed' and 'Total Capital Distributed', because the header wraps 'Total Capital' onto its own line above each of those two columns separately instead of spanning them, and page 3 prints 'Total Capital Distributed' on one line where both lanes agree; currency_scale, which A correctly leaves blank on irr and tvpi rows while B stamps '($ in millions)' onto a percentage and a multiple; and evidence_quote, because A cites the full printed partnership line while B cites the bare value, which proves only that those digits occur somewhere on the page. subject_type corrected to 'fund' on every partnership row: both lanes wrote 'investment', but the entity column is headed 'Partnership' and each row is a named vehicle the fund committed capital to, not a holding inside one.",RESOLVED,A+B+ADJUDICATOR,504abfe06fcde5e187ef74247e28f97eecec00313f5079c91e05fbdaea023159
509b2e8ca0d508adf642,SRC058,2,PAIR_EF61CEE003235F2CBD0CEE4A,CONTEXT_CONFLICT,688,690,source_section|source_table|asset_class|evidence_quote,MERGE,"MERGE, one ruling applied to every paired row because the two lanes differ the same way on all of them and neither is complete. From B: source_section, which A left blank on all three pages although 'Real Estate Portfolio' is printed above the table on pages 1 and 2 and 'REITS' and 'Separate Accounts' above their own tables on page 3; source_table on pages 1 and 2, because A's 'UNTITLED_TABLE_1' is a placeholder the page never prints; and asset_class 'Real Estate', the printed grouping that governs every row. From A: source_column_label and metric_name 'Total Capital Contributed' and 'Total Capital Distributed', because the header wraps 'Total Capital' onto its own line above each of those two columns separately instead of spanning them, and page 3 prints 'Total Capital Distributed' on one line where both lanes agree; currency_scale, which A correctly leaves blank on irr and tvpi rows while B stamps '($ in millions)' onto a percentage and a multiple; and evidence_quote, because A cites the full printed partnership line while B cites the bare value, which proves only that those digits occur somewhere on the page. subject_type corrected to 'fund' on every partnership row: both lanes wrote 'investment', but the entity column is headed 'Partnership' and each row is a named vehicle the fund committed capital to, not a holding inside one.; Source review: p2: Retirement Fund (The portfolio report distinguishes investor positions from its aggregate rows.) | p2: Retirement Fund (Printed heading or definition supporting the source-reviewed qualifier.) | p2: Retirement Fund (Supersedes SR2200: the printed entity or table label is context, not a measurement basis; source labels retain its scope.)",RESOLVED,A+B+ADJUDICATOR,504abfe06fcde5e187ef74247e28f97eecec00313f5079c91e05fbdaea023159
e22d67fe813f9711d5c6,SRC058,2,PAIR_5B7996D4582D032472F851B8,CONTEXT_CONFLICT,689,691,source_section|source_table|asset_class|currency_scale|evidence_quote,MERGE,"MERGE, one ruling applied to every paired row because the two lanes differ the same way on all of them and neither is complete. From B: source_section, which A left blank on all three pages although 'Real Estate Portfolio' is printed above the table on pages 1 and 2 and 'REITS' and 'Separate Accounts' above their own tables on page 3; source_table on pages 1 and 2, because A's 'UNTITLED_TABLE_1' is a placeholder the page never prints; and asset_class 'Real Estate', the printed grouping that governs every row. From A: source_column_label and metric_name 'Total Capital Contributed' and 'Total Capital Distributed', because the header wraps 'Total Capital' onto its own line above each of those two columns separately instead of spanning them, and page 3 prints 'Total Capital Distributed' on one line where both lanes agree; currency_scale, which A correctly leaves blank on irr and tvpi rows while B stamps '($ in millions)' onto a percentage and a multiple; and evidence_quote, because A cites the full printed partnership line while B cites the bare value, which proves only that those digits occur somewhere on the page. subject_type corrected to 'fund' on every partnership row: both lanes wrote 'investment', but the entity column is headed 'Partnership' and each row is a named vehicle the fund committed capital to, not a holding inside one.; Source review: p2: IRR (All report pages were reviewed; no fee-basis statement qualifies this IRR.)",RESOLVED,A+B+ADJUDICATOR,504abfe06fcde5e187ef74247e28f97eecec00313f5079c91e05fbdaea023159
885dcda85039c1ecda8b,SRC058,2,PAIR_07F0397FFD7E72038B0EA1BF,CONTEXT_CONFLICT,690,688,source_section|source_table|source_column_label|asset_class|metric_name|evidence_quote,MERGE,"MERGE, one ruling applied to every paired row because the two lanes differ the same way on all of them and neither is complete. From B: source_section, which A left blank on all three pages although 'Real Estate Portfolio' is printed above the table on pages 1 and 2 and 'REITS' and 'Separate Accounts' above their own tables on page 3; source_table on pages 1 and 2, because A's 'UNTITLED_TABLE_1' is a placeholder the page never prints; and asset_class 'Real Estate', the printed grouping that governs every row. From A: source_column_label and metric_name 'Total Capital Contributed' and 'Total Capital Distributed', because the header wraps 'Total Capital' onto its own line above each of those two columns separately instead of spanning them, and page 3 prints 'Total Capital Distributed' on one line where both lanes agree; currency_scale, which A correctly leaves blank on irr and tvpi rows while B stamps '($ in millions)' onto a percentage and a multiple; and evidence_quote, because A cites the full printed partnership line while B cites the bare value, which proves only that those digits occur somewhere on the page. subject_type corrected to 'fund' on every partnership row: both lanes wrote 'investment', but the entity column is headed 'Partnership' and each row is a named vehicle the fund committed capital to, not a holding inside one.",RESOLVED,A+B+ADJUDICATOR,504abfe06fcde5e187ef74247e28f97eecec00313f5079c91e05fbdaea023159
8f54093f60c47ca1bb2e,SRC058,2,PAIR_13106DFAE9908C00A30997D5,CONTEXT_CONFLICT,691,689,source_section|source_table|source_column_label|asset_class|metric_name|evidence_quote,MERGE,"MERGE, one ruling applied to every paired row because the two lanes differ the same way on all of them and neither is complete. From B: source_section, which A left blank on all three pages although 'Real Estate Portfolio' is printed above the table on pages 1 and 2 and 'REITS' and 'Separate Accounts' above their own tables on page 3; source_table on pages 1 and 2, because A's 'UNTITLED_TABLE_1' is a placeholder the page never prints; and asset_class 'Real Estate', the printed grouping that governs every row. From A: source_column_label and metric_name 'Total Capital Contributed' and 'Total Capital Distributed', because the header wraps 'Total Capital' onto its own line above each of those two columns separately instead of spanning them, and page 3 prints 'Total Capital Distributed' on one line where both lanes agree; currency_scale, which A correctly leaves blank on irr and tvpi rows while B stamps '($ in millions)' onto a percentage and a multiple; and evidence_quote, because A cites the full printed partnership line while B cites the bare value, which proves only that those digits occur somewhere on the page. subject_type corrected to 'fund' on every partnership row: both lanes wrote 'investment', but the entity column is headed 'Partnership' and each row is a named vehicle the fund committed capital to, not a holding inside one.",RESOLVED,A+B+ADJUDICATOR,504abfe06fcde5e187ef74247e28f97eecec00313f5079c91e05fbdaea023159
474b4854e73e9153f160,SRC058,2,PAIR_5E9ED68215DEF13F1CD615C3,CONTEXT_CONFLICT,692,692,source_section|source_table|asset_class|currency_scale|evidence_quote,MERGE,"MERGE, one ruling applied to every paired row because the two lanes differ the same way on all of them and neither is complete. From B: source_section, which A left blank on all three pages although 'Real Estate Portfolio' is printed above the table on pages 1 and 2 and 'REITS' and 'Separate Accounts' above their own tables on page 3; source_table on pages 1 and 2, because A's 'UNTITLED_TABLE_1' is a placeholder the page never prints; and asset_class 'Real Estate', the printed grouping that governs every row. From A: source_column_label and metric_name 'Total Capital Contributed' and 'Total Capital Distributed', because the header wraps 'Total Capital' onto its own line above each of those two columns separately instead of spanning them, and page 3 prints 'Total Capital Distributed' on one line where both lanes agree; currency_scale, which A correctly leaves blank on irr and tvpi rows while B stamps '($ in millions)' onto a percentage and a multiple; and evidence_quote, because A cites the full printed partnership line while B cites the bare value, which proves only that those digits occur somewhere on the page. subject_type corrected to 'fund' on every partnership row: both lanes wrote 'investment', but the entity column is headed 'Partnership' and each row is a named vehicle the fund committed capital to, not a holding inside one.",RESOLVED,A+B+ADJUDICATOR,504abfe06fcde5e187ef74247e28f97eecec00313f5079c91e05fbdaea023159
e8266cce9a50dbaf922d,SRC058,2,PAIR_E9CBE96115F35AD66B3C090F,CONTEXT_CONFLICT,693,693,source_section|source_table|asset_class|evidence_quote,MERGE,"MERGE, one ruling applied to every paired row because the two lanes differ the same way on all of them and neither is complete. From B: source_section, which A left blank on all three pages although 'Real Estate Portfolio' is printed above the table on pages 1 and 2 and 'REITS' and 'Separate Accounts' above their own tables on page 3; source_table on pages 1 and 2, because A's 'UNTITLED_TABLE_1' is a placeholder the page never prints; and asset_class 'Real Estate', the printed grouping that governs every row. From A: source_column_label and metric_name 'Total Capital Contributed' and 'Total Capital Distributed', because the header wraps 'Total Capital' onto its own line above each of those two columns separately instead of spanning them, and page 3 prints 'Total Capital Distributed' on one line where both lanes agree; currency_scale, which A correctly leaves blank on irr and tvpi rows while B stamps '($ in millions)' onto a percentage and a multiple; and evidence_quote, because A cites the full printed partnership line while B cites the bare value, which proves only that those digits occur somewhere on the page. subject_type corrected to 'fund' on every partnership row: both lanes wrote 'investment', but the entity column is headed 'Partnership' and each row is a named vehicle the fund committed capital to, not a holding inside one.",RESOLVED,A+B+ADJUDICATOR,504abfe06fcde5e187ef74247e28f97eecec00313f5079c91e05fbdaea023159
95ef911b2661b4653f5a,SRC058,2,PAIR_0E2E4010F31FDA830E02B76E,CONTEXT_CONFLICT,694,696,source_section|source_table|asset_class|evidence_quote,MERGE,"MERGE, one ruling applied to every paired row because the two lanes differ the same way on all of them and neither is complete. From B: source_section, which A left blank on all three pages although 'Real Estate Portfolio' is printed above the table on pages 1 and 2 and 'REITS' and 'Separate Accounts' above their own tables on page 3; source_table on pages 1 and 2, because A's 'UNTITLED_TABLE_1' is a placeholder the page never prints; and asset_class 'Real Estate', the printed grouping that governs every row. From A: source_column_label and metric_name 'Total Capital Contributed' and 'Total Capital Distributed', because the header wraps 'Total Capital' onto its own line above each of those two columns separately instead of spanning them, and page 3 prints 'Total Capital Distributed' on one line where both lanes agree; currency_scale, which A correctly leaves blank on irr and tvpi rows while B stamps '($ in millions)' onto a percentage and a multiple; and evidence_quote, because A cites the full printed partnership line while B cites the bare value, which proves only that those digits occur somewhere on the page. subject_type corrected to 'fund' on every partnership row: both lanes wrote 'investment', but the entity column is headed 'Partnership' and each row is a named vehicle the fund committed capital to, not a holding inside one.; Source review: p2: Retirement Fund (The portfolio report distinguishes investor positions from its aggregate rows.) | p2: Retirement Fund (Printed heading or definition supporting the source-reviewed qualifier.) | p2: Retirement Fund (Supersedes SR2201: the printed entity or table label is context, not a measurement basis; source labels retain its scope.)",RESOLVED,A+B+ADJUDICATOR,504abfe06fcde5e187ef74247e28f97eecec00313f5079c91e05fbdaea023159
8026935777335283f814,SRC058,2,PAIR_556A68BB28F5465936464C63,CONTEXT_CONFLICT,695,697,source_section|source_table|asset_class|currency_scale|evidence_quote,MERGE,"MERGE, one ruling applied to every paired row because the two lanes differ the same way on all of them and neither is complete. From B: source_section, which A left blank on all three pages although 'Real Estate Portfolio' is printed above the table on pages 1 and 2 and 'REITS' and 'Separate Accounts' above their own tables on page 3; source_table on pages 1 and 2, because A's 'UNTITLED_TABLE_1' is a placeholder the page never prints; and asset_class 'Real Estate', the printed grouping that governs every row. From A: source_column_label and metric_name 'Total Capital Contributed' and 'Total Capital Distributed', because the header wraps 'Total Capital' onto its own line above each of those two columns separately instead of spanning them, and page 3 prints 'Total Capital Distributed' on one line where both lanes agree; currency_scale, which A correctly leaves blank on irr and tvpi rows while B stamps '($ in millions)' onto a percentage and a multiple; and evidence_quote, because A cites the full printed partnership line while B cites the bare value, which proves only that those digits occur somewhere on the page. subject_type corrected to 'fund' on every partnership row: both lanes wrote 'investment', but the entity column is headed 'Partnership' and each row is a named vehicle the fund committed capital to, not a holding inside one.; Source review: p2: IRR (All report pages were reviewed; no fee-basis statement qualifies this IRR.)",RESOLVED,A+B+ADJUDICATOR,504abfe06fcde5e187ef74247e28f97eecec00313f5079c91e05fbdaea023159
53af01b0619ab153b1db,SRC058,2,PAIR_040161B5FE180F1D43C57B68,CONTEXT_CONFLICT,696,694,source_section|source_table|source_column_label|asset_class|metric_name|evidence_quote,MERGE,"MERGE, one ruling applied to every paired row because the two lanes differ the same way on all of them and neither is complete. From B: source_section, which A left blank on all three pages although 'Real Estate Portfolio' is printed above the table on pages 1 and 2 and 'REITS' and 'Separate Accounts' above their own tables on page 3; source_table on pages 1 and 2, because A's 'UNTITLED_TABLE_1' is a placeholder the page never prints; and asset_class 'Real Estate', the printed grouping that governs every row. From A: source_column_label and metric_name 'Total Capital Contributed' and 'Total Capital Distributed', because the header wraps 'Total Capital' onto its own line above each of those two columns separately instead of spanning them, and page 3 prints 'Total Capital Distributed' on one line where both lanes agree; currency_scale, which A correctly leaves blank on irr and tvpi rows while B stamps '($ in millions)' onto a percentage and a multiple; and evidence_quote, because A cites the full printed partnership line while B cites the bare value, which proves only that those digits occur somewhere on the page. subject_type corrected to 'fund' on every partnership row: both lanes wrote 'investment', but the entity column is headed 'Partnership' and each row is a named vehicle the fund committed capital to, not a holding inside one.",RESOLVED,A+B+ADJUDICATOR,504abfe06fcde5e187ef74247e28f97eecec00313f5079c91e05fbdaea023159
74cff890792a27a51c2d,SRC058,2,PAIR_A43764ECB5B140132D539B77,CONTEXT_CONFLICT,697,695,source_section|source_table|source_column_label|asset_class|metric_name|evidence_quote,MERGE,"MERGE, one ruling applied to every paired row because the two lanes differ the same way on all of them and neither is complete. From B: source_section, which A left blank on all three pages although 'Real Estate Portfolio' is printed above the table on pages 1 and 2 and 'REITS' and 'Separate Accounts' above their own tables on page 3; source_table on pages 1 and 2, because A's 'UNTITLED_TABLE_1' is a placeholder the page never prints; and asset_class 'Real Estate', the printed grouping that governs every row. From A: source_column_label and metric_name 'Total Capital Contributed' and 'Total Capital Distributed', because the header wraps 'Total Capital' onto its own line above each of those two columns separately instead of spanning them, and page 3 prints 'Total Capital Distributed' on one line where both lanes agree; currency_scale, which A correctly leaves blank on irr and tvpi rows while B stamps '($ in millions)' onto a percentage and a multiple; and evidence_quote, because A cites the full printed partnership line while B cites the bare value, which proves only that those digits occur somewhere on the page. subject_type corrected to 'fund' on every partnership row: both lanes wrote 'investment', but the entity column is headed 'Partnership' and each row is a named vehicle the fund committed capital to, not a holding inside one.",RESOLVED,A+B+ADJUDICATOR,504abfe06fcde5e187ef74247e28f97eecec00313f5079c91e05fbdaea023159
7d6352a4aa5b9237dfc5,SRC058,2,PAIR_6F1D295A14FC57A120EE1301,CONTEXT_CONFLICT,698,698,source_section|source_table|asset_class|currency_scale|evidence_quote,MERGE,"MERGE, one ruling applied to every paired row because the two lanes differ the same way on all of them and neither is complete. From B: source_section, which A left blank on all three pages although 'Real Estate Portfolio' is printed above the table on pages 1 and 2 and 'REITS' and 'Separate Accounts' above their own tables on page 3; source_table on pages 1 and 2, because A's 'UNTITLED_TABLE_1' is a placeholder the page never prints; and asset_class 'Real Estate', the printed grouping that governs every row. From A: source_column_label and metric_name 'Total Capital Contributed' and 'Total Capital Distributed', because the header wraps 'Total Capital' onto its own line above each of those two columns separately instead of spanning them, and page 3 prints 'Total Capital Distributed' on one line where both lanes agree; currency_scale, which A correctly leaves blank on irr and tvpi rows while B stamps '($ in millions)' onto a percentage and a multiple; and evidence_quote, because A cites the full printed partnership line while B cites the bare value, which proves only that those digits occur somewhere on the page. subject_type corrected to 'fund' on every partnership row: both lanes wrote 'investment', but the entity column is headed 'Partnership' and each row is a named vehicle the fund committed capital to, not a holding inside one.",RESOLVED,A+B+ADJUDICATOR,504abfe06fcde5e187ef74247e28f97eecec00313f5079c91e05fbdaea023159
2c4533948edaf5c0d4ed,SRC058,2,PAIR_5B8C1B0A576A4DE73EF219A1,CONTEXT_CONFLICT,699,699,source_section|source_table|asset_class|evidence_quote,MERGE,"MERGE, one ruling applied to every paired row because the two lanes differ the same way on all of them and neither is complete. From B: source_section, which A left blank on all three pages although 'Real Estate Portfolio' is printed above the table on pages 1 and 2 and 'REITS' and 'Separate Accounts' above their own tables on page 3; source_table on pages 1 and 2, because A's 'UNTITLED_TABLE_1' is a placeholder the page never prints; and asset_class 'Real Estate', the printed grouping that governs every row. From A: source_column_label and metric_name 'Total Capital Contributed' and 'Total Capital Distributed', because the header wraps 'Total Capital' onto its own line above each of those two columns separately instead of spanning them, and page 3 prints 'Total Capital Distributed' on one line where both lanes agree; currency_scale, which A correctly leaves blank on irr and tvpi rows while B stamps '($ in millions)' onto a percentage and a multiple; and evidence_quote, because A cites the full printed partnership line while B cites the bare value, which proves only that those digits occur somewhere on the page. subject_type corrected to 'fund' on every partnership row: both lanes wrote 'investment', but the entity column is headed 'Partnership' and each row is a named vehicle the fund committed capital to, not a holding inside one.",RESOLVED,A+B+ADJUDICATOR,504abfe06fcde5e187ef74247e28f97eecec00313f5079c91e05fbdaea023159
a97cd4fabb0ea84b8b74,SRC058,2,PAIR_F7F17F795F223E38113213C2,CONTEXT_CONFLICT,700,702,source_section|source_table|asset_class|evidence_quote,MERGE,"MERGE, one ruling applied to every paired row because the two lanes differ the same way on all of them and neither is complete. From B: source_section, which A left blank on all three pages although 'Real Estate Portfolio' is printed above the table on pages 1 and 2 and 'REITS' and 'Separate Accounts' above their own tables on page 3; source_table on pages 1 and 2, because A's 'UNTITLED_TABLE_1' is a placeholder the page never prints; and asset_class 'Real Estate', the printed grouping that governs every row. From A: source_column_label and metric_name 'Total Capital Contributed' and 'Total Capital Distributed', because the header wraps 'Total Capital' onto its own line above each of those two columns separately instead of spanning them, and page 3 prints 'Total Capital Distributed' on one line where both lanes agree; currency_scale, which A correctly leaves blank on irr and tvpi rows while B stamps '($ in millions)' onto a percentage and a multiple; and evidence_quote, because A cites the full printed partnership line while B cites the bare value, which proves only that those digits occur somewhere on the page. subject_type corrected to 'fund' on every partnership row: both lanes wrote 'investment', but the entity column is headed 'Partnership' and each row is a named vehicle the fund committed capital to, not a holding inside one.; Source review: p2: Retirement Fund (The portfolio report distinguishes investor positions from its aggregate rows.) | p2: Retirement Fund (Printed heading or definition supporting the source-reviewed qualifier.) | p2: Retirement Fund (Supersedes SR2202: the printed entity or table label is context, not a measurement basis; source labels retain its scope.)",RESOLVED,A+B+ADJUDICATOR,504abfe06fcde5e187ef74247e28f97eecec00313f5079c91e05fbdaea023159
93a8cd32663681bd93ac,SRC058,2,PAIR_3A44BD07A1B8D3BB0CA82C81,A_ONLY,701,,,MERGE,"The same printed cell reached adjudication twice because the lanes keyed the column differently, so it is published once here and its twin is rejected. The printed header wraps 'Total Capital' onto its own line above this column rather than spanning two, so the full label is A's reading; source_section, source_table and asset_class come from B and the full-line evidence_quote from A, as on every paired row. subject_type corrected to 'fund'.",RESOLVED,A+ADJUDICATOR,504abfe06fcde5e187ef74247e28f97eecec00313f5079c91e05fbdaea023159
47cf813cd080f8428ee8,SRC058,2,PAIR_947786F83D3D67629F2ECA4B,A_ONLY,702,,,MERGE,"The same printed cell reached adjudication twice because the lanes keyed the column differently, so it is published once here and its twin is rejected. The printed header wraps 'Total Capital' onto its own line above this column rather than spanning two, so the full label is A's reading; source_section, source_table and asset_class come from B and the full-line evidence_quote from A, as on every paired row. subject_type corrected to 'fund'.",RESOLVED,A+ADJUDICATOR,504abfe06fcde5e187ef74247e28f97eecec00313f5079c91e05fbdaea023159
95318f98e281603edcdf,SRC058,2,PAIR_805A09F4C88E0CD67D9B7F2D,CONTEXT_CONFLICT,703,703,source_section|source_table|asset_class|currency_scale|evidence_quote,MERGE,"MERGE, one ruling applied to every paired row because the two lanes differ the same way on all of them and neither is complete. From B: source_section, which A left blank on all three pages although 'Real Estate Portfolio' is printed above the table on pages 1 and 2 and 'REITS' and 'Separate Accounts' above their own tables on page 3; source_table on pages 1 and 2, because A's 'UNTITLED_TABLE_1' is a placeholder the page never prints; and asset_class 'Real Estate', the printed grouping that governs every row. From A: source_column_label and metric_name 'Total Capital Contributed' and 'Total Capital Distributed', because the header wraps 'Total Capital' onto its own line above each of those two columns separately instead of spanning them, and page 3 prints 'Total Capital Distributed' on one line where both lanes agree; currency_scale, which A correctly leaves blank on irr and tvpi rows while B stamps '($ in millions)' onto a percentage and a multiple; and evidence_quote, because A cites the full printed partnership line while B cites the bare value, which proves only that those digits occur somewhere on the page. subject_type corrected to 'fund' on every partnership row: both lanes wrote 'investment', but the entity column is headed 'Partnership' and each row is a named vehicle the fund committed capital to, not a holding inside one.",RESOLVED,A+B+ADJUDICATOR,504abfe06fcde5e187ef74247e28f97eecec00313f5079c91e05fbdaea023159
578b0819ed2c26d79c06,SRC058,2,PAIR_1084CF7B3A5CB54BE2260410,CONTEXT_CONFLICT,704,704,source_section|source_table|asset_class|evidence_quote,MERGE,"MERGE, one ruling applied to every paired row because the two lanes differ the same way on all of them and neither is complete. From B: source_section, which A left blank on all three pages although 'Real Estate Portfolio' is printed above the table on pages 1 and 2 and 'REITS' and 'Separate Accounts' above their own tables on page 3; source_table on pages 1 and 2, because A's 'UNTITLED_TABLE_1' is a placeholder the page never prints; and asset_class 'Real Estate', the printed grouping that governs every row. From A: source_column_label and metric_name 'Total Capital Contributed' and 'Total Capital Distributed', because the header wraps 'Total Capital' onto its own line above each of those two columns separately instead of spanning them, and page 3 prints 'Total Capital Distributed' on one line where both lanes agree; currency_scale, which A correctly leaves blank on irr and tvpi rows while B stamps '($ in millions)' onto a percentage and a multiple; and evidence_quote, because A cites the full printed partnership line while B cites the bare value, which proves only that those digits occur somewhere on the page. subject_type corrected to 'fund' on every partnership row: both lanes wrote 'investment', but the entity column is headed 'Partnership' and each row is a named vehicle the fund committed capital to, not a holding inside one.",RESOLVED,A+B+ADJUDICATOR,504abfe06fcde5e187ef74247e28f97eecec00313f5079c91e05fbdaea023159
43fa3278706821d3efce,SRC058,2,PAIR_C839228BE63CD6FE4F4699BF,CONTEXT_CONFLICT,705,707,source_section|source_table|asset_class|evidence_quote,MERGE,"MERGE, one ruling applied to every paired row because the two lanes differ the same way on all of them and neither is complete. From B: source_section, which A left blank on all three pages although 'Real Estate Portfolio' is printed above the table on pages 1 and 2 and 'REITS' and 'Separate Accounts' above their own tables on page 3; source_table on pages 1 and 2, because A's 'UNTITLED_TABLE_1' is a placeholder the page never prints; and asset_class 'Real Estate', the printed grouping that governs every row. From A: source_column_label and metric_name 'Total Capital Contributed' and 'Total Capital Distributed', because the header wraps 'Total Capital' onto its own line above each of those two columns separately instead of spanning them, and page 3 prints 'Total Capital Distributed' on one line where both lanes agree; currency_scale, which A correctly leaves blank on irr and tvpi rows while B stamps '($ in millions)' onto a percentage and a multiple; and evidence_quote, because A cites the full printed partnership line while B cites the bare value, which proves only that those digits occur somewhere on the page. subject_type corrected to 'fund' on every partnership row: both lanes wrote 'investment', but the entity column is headed 'Partnership' and each row is a named vehicle the fund committed capital to, not a holding inside one.; Source review: p2: Retirement Fund (The portfolio report distinguishes investor positions from its aggregate rows.) | p2: Retirement Fund (Printed heading or definition supporting the source-reviewed qualifier.) | p2: Retirement Fund (Supersedes SR2203: the printed entity or table label is context, not a measurement basis; source labels retain its scope.)",RESOLVED,A+B+ADJUDICATOR,504abfe06fcde5e187ef74247e28f97eecec00313f5079c91e05fbdaea023159
4cb2378136469b70d8c2,SRC058,2,PAIR_6EEF7F7F6F25D7C8AB6700B4,CONTEXT_CONFLICT,706,708,source_section|source_table|asset_class|currency_scale|evidence_quote,MERGE,"MERGE, one ruling applied to every paired row because the two lanes differ the same way on all of them and neither is complete. From B: source_section, which A left blank on all three pages although 'Real Estate Portfolio' is printed above the table on pages 1 and 2 and 'REITS' and 'Separate Accounts' above their own tables on page 3; source_table on pages 1 and 2, because A's 'UNTITLED_TABLE_1' is a placeholder the page never prints; and asset_class 'Real Estate', the printed grouping that governs every row. From A: source_column_label and metric_name 'Total Capital Contributed' and 'Total Capital Distributed', because the header wraps 'Total Capital' onto its own line above each of those two columns separately instead of spanning them, and page 3 prints 'Total Capital Distributed' on one line where both lanes agree; currency_scale, which A correctly leaves blank on irr and tvpi rows while B stamps '($ in millions)' onto a percentage and a multiple; and evidence_quote, because A cites the full printed partnership line while B cites the bare value, which proves only that those digits occur somewhere on the page. subject_type corrected to 'fund' on every partnership row: both lanes wrote 'investment', but the entity column is headed 'Partnership' and each row is a named vehicle the fund committed capital to, not a holding inside one.; Source review: p2: IRR (All report pages were reviewed; no fee-basis statement qualifies this IRR.)",RESOLVED,A+B+ADJUDICATOR,504abfe06fcde5e187ef74247e28f97eecec00313f5079c91e05fbdaea023159
0f13351dc105512e7445,SRC058,2,PAIR_2BA874B5BEAB3BD2F63C46A9,CONTEXT_CONFLICT,707,705,source_section|source_table|source_column_label|asset_class|metric_name|evidence_quote,MERGE,"MERGE, one ruling applied to every paired row because the two lanes differ the same way on all of them and neither is complete. From B: source_section, which A left blank on all three pages although 'Real Estate Portfolio' is printed above the table on pages 1 and 2 and 'REITS' and 'Separate Accounts' above their own tables on page 3; source_table on pages 1 and 2, because A's 'UNTITLED_TABLE_1' is a placeholder the page never prints; and asset_class 'Real Estate', the printed grouping that governs every row. From A: source_column_label and metric_name 'Total Capital Contributed' and 'Total Capital Distributed', because the header wraps 'Total Capital' onto its own line above each of those two columns separately instead of spanning them, and page 3 prints 'Total Capital Distributed' on one line where both lanes agree; currency_scale, which A correctly leaves blank on irr and tvpi rows while B stamps '($ in millions)' onto a percentage and a multiple; and evidence_quote, because A cites the full printed partnership line while B cites the bare value, which proves only that those digits occur somewhere on the page. subject_type corrected to 'fund' on every partnership row: both lanes wrote 'investment', but the entity column is headed 'Partnership' and each row is a named vehicle the fund committed capital to, not a holding inside one.",RESOLVED,A+B+ADJUDICATOR,504abfe06fcde5e187ef74247e28f97eecec00313f5079c91e05fbdaea023159
3d6e4cf6264a187bc3b7,SRC058,2,PAIR_7B56FAFDE7BB4353DA5ACEF5,CONTEXT_CONFLICT,708,706,source_section|source_table|source_column_label|asset_class|metric_name|evidence_quote,MERGE,"MERGE, one ruling applied to every paired row because the two lanes differ the same way on all of them and neither is complete. From B: source_section, which A left blank on all three pages although 'Real Estate Portfolio' is printed above the table on pages 1 and 2 and 'REITS' and 'Separate Accounts' above their own tables on page 3; source_table on pages 1 and 2, because A's 'UNTITLED_TABLE_1' is a placeholder the page never prints; and asset_class 'Real Estate', the printed grouping that governs every row. From A: source_column_label and metric_name 'Total Capital Contributed' and 'Total Capital Distributed', because the header wraps 'Total Capital' onto its own line above each of those two columns separately instead of spanning them, and page 3 prints 'Total Capital Distributed' on one line where both lanes agree; currency_scale, which A correctly leaves blank on irr and tvpi rows while B stamps '($ in millions)' onto a percentage and a multiple; and evidence_quote, because A cites the full printed partnership line while B cites the bare value, which proves only that those digits occur somewhere on the page. subject_type corrected to 'fund' on every partnership row: both lanes wrote 'investment', but the entity column is headed 'Partnership' and each row is a named vehicle the fund committed capital to, not a holding inside one.",RESOLVED,A+B+ADJUDICATOR,504abfe06fcde5e187ef74247e28f97eecec00313f5079c91e05fbdaea023159
635d268996ac83208d3e,SRC058,2,PAIR_4F2813400B2EABAEA0897E24,CONTEXT_CONFLICT,709,709,source_section|source_table|asset_class|currency_scale|evidence_quote,MERGE,"MERGE, one ruling applied to every paired row because the two lanes differ the same way on all of them and neither is complete. From B: source_section, which A left blank on all three pages although 'Real Estate Portfolio' is printed above the table on pages 1 and 2 and 'REITS' and 'Separate Accounts' above their own tables on page 3; source_table on pages 1 and 2, because A's 'UNTITLED_TABLE_1' is a placeholder the page never prints; and asset_class 'Real Estate', the printed grouping that governs every row. From A: source_column_label and metric_name 'Total Capital Contributed' and 'Total Capital Distributed', because the header wraps 'Total Capital' onto its own line above each of those two columns separately instead of spanning them, and page 3 prints 'Total Capital Distributed' on one line where both lanes agree; currency_scale, which A correctly leaves blank on irr and tvpi rows while B stamps '($ in millions)' onto a percentage and a multiple; and evidence_quote, because A cites the full printed partnership line while B cites the bare value, which proves only that those digits occur somewhere on the page. subject_type corrected to 'fund' on every partnership row: both lanes wrote 'investment', but the entity column is headed 'Partnership' and each row is a named vehicle the fund committed capital to, not a holding inside one.",RESOLVED,A+B+ADJUDICATOR,504abfe06fcde5e187ef74247e28f97eecec00313f5079c91e05fbdaea023159
f08624f09ffdda497737,SRC058,2,PAIR_35280DB9A2D8960A9C2A5407,CONTEXT_CONFLICT,710,710,source_section|source_table|asset_class|evidence_quote,MERGE,"MERGE, one ruling applied to every paired row because the two lanes differ the same way on all of them and neither is complete. From B: source_section, which A left blank on all three pages although 'Real Estate Portfolio' is printed above the table on pages 1 and 2 and 'REITS' and 'Separate Accounts' above their own tables on page 3; source_table on pages 1 and 2, because A's 'UNTITLED_TABLE_1' is a placeholder the page never prints; and asset_class 'Real Estate', the printed grouping that governs every row. From A: source_column_label and metric_name 'Total Capital Contributed' and 'Total Capital Distributed', because the header wraps 'Total Capital' onto its own line above each of those two columns separately instead of spanning them, and page 3 prints 'Total Capital Distributed' on one line where both lanes agree; currency_scale, which A correctly leaves blank on irr and tvpi rows while B stamps '($ in millions)' onto a percentage and a multiple; and evidence_quote, because A cites the full printed partnership line while B cites the bare value, which proves only that those digits occur somewhere on the page. subject_type corrected to 'fund' on every partnership row: both lanes wrote 'investment', but the entity column is headed 'Partnership' and each row is a named vehicle the fund committed capital to, not a holding inside one.",RESOLVED,A+B+ADJUDICATOR,504abfe06fcde5e187ef74247e28f97eecec00313f5079c91e05fbdaea023159
1a46bb202c74fecb231b,SRC058,2,PAIR_BE1A4AEDB9125EF9AF4B785C,CONTEXT_CONFLICT,711,713,source_section|source_table|asset_class|evidence_quote,MERGE,"MERGE, one ruling applied to every paired row because the two lanes differ the same way on all of them and neither is complete. From B: source_section, which A left blank on all three pages although 'Real Estate Portfolio' is printed above the table on pages 1 and 2 and 'REITS' and 'Separate Accounts' above their own tables on page 3; source_table on pages 1 and 2, because A's 'UNTITLED_TABLE_1' is a placeholder the page never prints; and asset_class 'Real Estate', the printed grouping that governs every row. From A: source_column_label and metric_name 'Total Capital Contributed' and 'Total Capital Distributed', because the header wraps 'Total Capital' onto its own line above each of those two columns separately instead of spanning them, and page 3 prints 'Total Capital Distributed' on one line where both lanes agree; currency_scale, which A correctly leaves blank on irr and tvpi rows while B stamps '($ in millions)' onto a percentage and a multiple; and evidence_quote, because A cites the full printed partnership line while B cites the bare value, which proves only that those digits occur somewhere on the page. subject_type corrected to 'fund' on every partnership row: both lanes wrote 'investment', but the entity column is headed 'Partnership' and each row is a named vehicle the fund committed capital to, not a holding inside one.; Source review: p2: Retirement Fund (The portfolio report distinguishes investor positions from its aggregate rows.) | p2: Retirement Fund (Printed heading or definition supporting the source-reviewed qualifier.) | p2: Retirement Fund (Supersedes SR2204: the printed entity or table label is context, not a measurement basis; source labels retain its scope.)",RESOLVED,A+B+ADJUDICATOR,504abfe06fcde5e187ef74247e28f97eecec00313f5079c91e05fbdaea023159
3b0494ba7c50338fd5e1,SRC058,2,PAIR_D638CA79A79FCA4B7398EAB5,CONTEXT_CONFLICT,712,714,source_section|source_table|asset_class|currency_scale|evidence_quote,MERGE,"MERGE, one ruling applied to every paired row because the two lanes differ the same way on all of them and neither is complete. From B: source_section, which A left blank on all three pages although 'Real Estate Portfolio' is printed above the table on pages 1 and 2 and 'REITS' and 'Separate Accounts' above their own tables on page 3; source_table on pages 1 and 2, because A's 'UNTITLED_TABLE_1' is a placeholder the page never prints; and asset_class 'Real Estate', the printed grouping that governs every row. From A: source_column_label and metric_name 'Total Capital Contributed' and 'Total Capital Distributed', because the header wraps 'Total Capital' onto its own line above each of those two columns separately instead of spanning them, and page 3 prints 'Total Capital Distributed' on one line where both lanes agree; currency_scale, which A correctly leaves blank on irr and tvpi rows while B stamps '($ in millions)' onto a percentage and a multiple; and evidence_quote, because A cites the full printed partnership line while B cites the bare value, which proves only that those digits occur somewhere on the page. subject_type corrected to 'fund' on every partnership row: both lanes wrote 'investment', but the entity column is headed 'Partnership' and each row is a named vehicle the fund committed capital to, not a holding inside one.; Source review: p2: IRR (All report pages were reviewed; no fee-basis statement qualifies this IRR.)",RESOLVED,A+B+ADJUDICATOR,504abfe06fcde5e187ef74247e28f97eecec00313f5079c91e05fbdaea023159
113cc2ef1af880f513a1,SRC058,2,PAIR_DFBDD52E99A14312F2A51679,CONTEXT_CONFLICT,713,711,source_section|source_table|source_column_label|asset_class|metric_name|evidence_quote,MERGE,"MERGE, one ruling applied to every paired row because the two lanes differ the same way on all of them and neither is complete. From B: source_section, which A left blank on all three pages although 'Real Estate Portfolio' is printed above the table on pages 1 and 2 and 'REITS' and 'Separate Accounts' above their own tables on page 3; source_table on pages 1 and 2, because A's 'UNTITLED_TABLE_1' is a placeholder the page never prints; and asset_class 'Real Estate', the printed grouping that governs every row. From A: source_column_label and metric_name 'Total Capital Contributed' and 'Total Capital Distributed', because the header wraps 'Total Capital' onto its own line above each of those two columns separately instead of spanning them, and page 3 prints 'Total Capital Distributed' on one line where both lanes agree; currency_scale, which A correctly leaves blank on irr and tvpi rows while B stamps '($ in millions)' onto a percentage and a multiple; and evidence_quote, because A cites the full printed partnership line while B cites the bare value, which proves only that those digits occur somewhere on the page. subject_type corrected to 'fund' on every partnership row: both lanes wrote 'investment', but the entity column is headed 'Partnership' and each row is a named vehicle the fund committed capital to, not a holding inside one.",RESOLVED,A+B+ADJUDICATOR,504abfe06fcde5e187ef74247e28f97eecec00313f5079c91e05fbdaea023159
9ebfd28c5b5c074ec679,SRC058,2,PAIR_097CE9DE2BB9B7EE390A59EE,CONTEXT_CONFLICT,714,712,source_section|source_table|source_column_label|asset_class|metric_name|evidence_quote,MERGE,"MERGE, one ruling applied to every paired row because the two lanes differ the same way on all of them and neither is complete. From B: source_section, which A left blank on all three pages although 'Real Estate Portfolio' is printed above the table on pages 1 and 2 and 'REITS' and 'Separate Accounts' above their own tables on page 3; source_table on pages 1 and 2, because A's 'UNTITLED_TABLE_1' is a placeholder the page never prints; and asset_class 'Real Estate', the printed grouping that governs every row. From A: source_column_label and metric_name 'Total Capital Contributed' and 'Total Capital Distributed', because the header wraps 'Total Capital' onto its own line above each of those two columns separately instead of spanning them, and page 3 prints 'Total Capital Distributed' on one line where both lanes agree; currency_scale, which A correctly leaves blank on irr and tvpi rows while B stamps '($ in millions)' onto a percentage and a multiple; and evidence_quote, because A cites the full printed partnership line while B cites the bare value, which proves only that those digits occur somewhere on the page. subject_type corrected to 'fund' on every partnership row: both lanes wrote 'investment', but the entity column is headed 'Partnership' and each row is a named vehicle the fund committed capital to, not a holding inside one.",RESOLVED,A+B+ADJUDICATOR,504abfe06fcde5e187ef74247e28f97eecec00313f5079c91e05fbdaea023159
58b7deddd3780cdaa044,SRC058,2,PAIR_4815BED101AB086160B399CD,CONTEXT_CONFLICT,715,715,source_section|source_table|asset_class|currency_scale|evidence_quote,MERGE,"MERGE, one ruling applied to every paired row because the two lanes differ the same way on all of them and neither is complete. From B: source_section, which A left blank on all three pages although 'Real Estate Portfolio' is printed above the table on pages 1 and 2 and 'REITS' and 'Separate Accounts' above their own tables on page 3; source_table on pages 1 and 2, because A's 'UNTITLED_TABLE_1' is a placeholder the page never prints; and asset_class 'Real Estate', the printed grouping that governs every row. From A: source_column_label and metric_name 'Total Capital Contributed' and 'Total Capital Distributed', because the header wraps 'Total Capital' onto its own line above each of those two columns separately instead of spanning them, and page 3 prints 'Total Capital Distributed' on one line where both lanes agree; currency_scale, which A correctly leaves blank on irr and tvpi rows while B stamps '($ in millions)' onto a percentage and a multiple; and evidence_quote, because A cites the full printed partnership line while B cites the bare value, which proves only that those digits occur somewhere on the page. subject_type corrected to 'fund' on every partnership row: both lanes wrote 'investment', but the entity column is headed 'Partnership' and each row is a named vehicle the fund committed capital to, not a holding inside one.",RESOLVED,A+B+ADJUDICATOR,504abfe06fcde5e187ef74247e28f97eecec00313f5079c91e05fbdaea023159
becc518dbe95454182b1,SRC058,2,PAIR_F3CBE747A8EAB6B0BCC72CF6,CONTEXT_CONFLICT,716,716,source_section|source_table|asset_class|evidence_quote,MERGE,"MERGE, one ruling applied to every paired row because the two lanes differ the same way on all of them and neither is complete. From B: source_section, which A left blank on all three pages although 'Real Estate Portfolio' is printed above the table on pages 1 and 2 and 'REITS' and 'Separate Accounts' above their own tables on page 3; source_table on pages 1 and 2, because A's 'UNTITLED_TABLE_1' is a placeholder the page never prints; and asset_class 'Real Estate', the printed grouping that governs every row. From A: source_column_label and metric_name 'Total Capital Contributed' and 'Total Capital Distributed', because the header wraps 'Total Capital' onto its own line above each of those two columns separately instead of spanning them, and page 3 prints 'Total Capital Distributed' on one line where both lanes agree; currency_scale, which A correctly leaves blank on irr and tvpi rows while B stamps '($ in millions)' onto a percentage and a multiple; and evidence_quote, because A cites the full printed partnership line while B cites the bare value, which proves only that those digits occur somewhere on the page. subject_type corrected to 'fund' on every partnership row: both lanes wrote 'investment', but the entity column is headed 'Partnership' and each row is a named vehicle the fund committed capital to, not a holding inside one.",RESOLVED,A+B+ADJUDICATOR,504abfe06fcde5e187ef74247e28f97eecec00313f5079c91e05fbdaea023159
9dd9baddfbea2c14cfb8,SRC058,2,PAIR_A47B21E4ED8D1CDC62748610,CONTEXT_CONFLICT,717,719,source_section|source_table|asset_class|evidence_quote,MERGE,"MERGE, one ruling applied to every paired row because the two lanes differ the same way on all of them and neither is complete. From B: source_section, which A left blank on all three pages although 'Real Estate Portfolio' is printed above the table on pages 1 and 2 and 'REITS' and 'Separate Accounts' above their own tables on page 3; source_table on pages 1 and 2, because A's 'UNTITLED_TABLE_1' is a placeholder the page never prints; and asset_class 'Real Estate', the printed grouping that governs every row. From A: source_column_label and metric_name 'Total Capital Contributed' and 'Total Capital Distributed', because the header wraps 'Total Capital' onto its own line above each of those two columns separately instead of spanning them, and page 3 prints 'Total Capital Distributed' on one line where both lanes agree; currency_scale, which A correctly leaves blank on irr and tvpi rows while B stamps '($ in millions)' onto a percentage and a multiple; and evidence_quote, because A cites the full printed partnership line while B cites the bare value, which proves only that those digits occur somewhere on the page. subject_type corrected to 'fund' on every partnership row: both lanes wrote 'investment', but the entity column is headed 'Partnership' and each row is a named vehicle the fund committed capital to, not a holding inside one.; Source review: p2: Retirement Fund (The portfolio report distinguishes investor positions from its aggregate rows.) | p2: Retirement Fund (Printed heading or definition supporting the source-reviewed qualifier.) | p2: Retirement Fund (Supersedes SR2205: the printed entity or table label is context, not a measurement basis; source labels retain its scope.)",RESOLVED,A+B+ADJUDICATOR,504abfe06fcde5e187ef74247e28f97eecec00313f5079c91e05fbdaea023159
f90c4610a93d2bd4c3d6,SRC058,2,PAIR_194992CC21335BFFB554EB0E,CONTEXT_CONFLICT,718,720,source_section|source_table|asset_class|currency_scale|evidence_quote,MERGE,"MERGE, one ruling applied to every paired row because the two lanes differ the same way on all of them and neither is complete. From B: source_section, which A left blank on all three pages although 'Real Estate Portfolio' is printed above the table on pages 1 and 2 and 'REITS' and 'Separate Accounts' above their own tables on page 3; source_table on pages 1 and 2, because A's 'UNTITLED_TABLE_1' is a placeholder the page never prints; and asset_class 'Real Estate', the printed grouping that governs every row. From A: source_column_label and metric_name 'Total Capital Contributed' and 'Total Capital Distributed', because the header wraps 'Total Capital' onto its own line above each of those two columns separately instead of spanning them, and page 3 prints 'Total Capital Distributed' on one line where both lanes agree; currency_scale, which A correctly leaves blank on irr and tvpi rows while B stamps '($ in millions)' onto a percentage and a multiple; and evidence_quote, because A cites the full printed partnership line while B cites the bare value, which proves only that those digits occur somewhere on the page. subject_type corrected to 'fund' on every partnership row: both lanes wrote 'investment', but the entity column is headed 'Partnership' and each row is a named vehicle the fund committed capital to, not a holding inside one.; Source review: p2: IRR (All report pages were reviewed; no fee-basis statement qualifies this IRR.)",RESOLVED,A+B+ADJUDICATOR,504abfe06fcde5e187ef74247e28f97eecec00313f5079c91e05fbdaea023159
167ca6f46e6ce8109180,SRC058,2,PAIR_FABACBA21A905B9124CB78F5,CONTEXT_CONFLICT,719,717,source_section|source_table|source_column_label|asset_class|metric_name|evidence_quote,MERGE,"MERGE, one ruling applied to every paired row because the two lanes differ the same way on all of them and neither is complete. From B: source_section, which A left blank on all three pages although 'Real Estate Portfolio' is printed above the table on pages 1 and 2 and 'REITS' and 'Separate Accounts' above their own tables on page 3; source_table on pages 1 and 2, because A's 'UNTITLED_TABLE_1' is a placeholder the page never prints; and asset_class 'Real Estate', the printed grouping that governs every row. From A: source_column_label and metric_name 'Total Capital Contributed' and 'Total Capital Distributed', because the header wraps 'Total Capital' onto its own line above each of those two columns separately instead of spanning them, and page 3 prints 'Total Capital Distributed' on one line where both lanes agree; currency_scale, which A correctly leaves blank on irr and tvpi rows while B stamps '($ in millions)' onto a percentage and a multiple; and evidence_quote, because A cites the full printed partnership line while B cites the bare value, which proves only that those digits occur somewhere on the page. subject_type corrected to 'fund' on every partnership row: both lanes wrote 'investment', but the entity column is headed 'Partnership' and each row is a named vehicle the fund committed capital to, not a holding inside one.",RESOLVED,A+B+ADJUDICATOR,504abfe06fcde5e187ef74247e28f97eecec00313f5079c91e05fbdaea023159
66471c6c3569c835a54e,SRC058,2,PAIR_F7EFE994E60521ECAFA28A37,CONTEXT_CONFLICT,720,718,source_section|source_table|source_column_label|asset_class|metric_name|evidence_quote,MERGE,"MERGE, one ruling applied to every paired row because the two lanes differ the same way on all of them and neither is complete. From B: source_section, which A left blank on all three pages although 'Real Estate Portfolio' is printed above the table on pages 1 and 2 and 'REITS' and 'Separate Accounts' above their own tables on page 3; source_table on pages 1 and 2, because A's 'UNTITLED_TABLE_1' is a placeholder the page never prints; and asset_class 'Real Estate', the printed grouping that governs every row. From A: source_column_label and metric_name 'Total Capital Contributed' and 'Total Capital Distributed', because the header wraps 'Total Capital' onto its own line above each of those two columns separately instead of spanning them, and page 3 prints 'Total Capital Distributed' on one line where both lanes agree; currency_scale, which A correctly leaves blank on irr and tvpi rows while B stamps '($ in millions)' onto a percentage and a multiple; and evidence_quote, because A cites the full printed partnership line while B cites the bare value, which proves only that those digits occur somewhere on the page. subject_type corrected to 'fund' on every partnership row: both lanes wrote 'investment', but the entity column is headed 'Partnership' and each row is a named vehicle the fund committed capital to, not a holding inside one.",RESOLVED,A+B+ADJUDICATOR,504abfe06fcde5e187ef74247e28f97eecec00313f5079c91e05fbdaea023159
41dbe8b7de1dd9706ae3,SRC058,2,PAIR_261011DDB07AD4F83F81F6F8,CONTEXT_CONFLICT,721,721,source_section|source_table|asset_class|currency_scale|evidence_quote,MERGE,"MERGE, one ruling applied to every paired row because the two lanes differ the same way on all of them and neither is complete. From B: source_section, which A left blank on all three pages although 'Real Estate Portfolio' is printed above the table on pages 1 and 2 and 'REITS' and 'Separate Accounts' above their own tables on page 3; source_table on pages 1 and 2, because A's 'UNTITLED_TABLE_1' is a placeholder the page never prints; and asset_class 'Real Estate', the printed grouping that governs every row. From A: source_column_label and metric_name 'Total Capital Contributed' and 'Total Capital Distributed', because the header wraps 'Total Capital' onto its own line above each of those two columns separately instead of spanning them, and page 3 prints 'Total Capital Distributed' on one line where both lanes agree; currency_scale, which A correctly leaves blank on irr and tvpi rows while B stamps '($ in millions)' onto a percentage and a multiple; and evidence_quote, because A cites the full printed partnership line while B cites the bare value, which proves only that those digits occur somewhere on the page. subject_type corrected to 'fund' on every partnership row: both lanes wrote 'investment', but the entity column is headed 'Partnership' and each row is a named vehicle the fund committed capital to, not a holding inside one.",RESOLVED,A+B+ADJUDICATOR,504abfe06fcde5e187ef74247e28f97eecec00313f5079c91e05fbdaea023159
e8e6a61da0cae78470a8,SRC058,2,PAIR_DF47767F9654A5AD5DA5B933,CONTEXT_CONFLICT,722,722,source_section|source_table|asset_class|evidence_quote,MERGE,"MERGE, one ruling applied to every paired row because the two lanes differ the same way on all of them and neither is complete. From B: source_section, which A left blank on all three pages although 'Real Estate Portfolio' is printed above the table on pages 1 and 2 and 'REITS' and 'Separate Accounts' above their own tables on page 3; source_table on pages 1 and 2, because A's 'UNTITLED_TABLE_1' is a placeholder the page never prints; and asset_class 'Real Estate', the printed grouping that governs every row. From A: source_column_label and metric_name 'Total Capital Contributed' and 'Total Capital Distributed', because the header wraps 'Total Capital' onto its own line above each of those two columns separately instead of spanning them, and page 3 prints 'Total Capital Distributed' on one line where both lanes agree; currency_scale, which A correctly leaves blank on irr and tvpi rows while B stamps '($ in millions)' onto a percentage and a multiple; and evidence_quote, because A cites the full printed partnership line while B cites the bare value, which proves only that those digits occur somewhere on the page. subject_type corrected to 'fund' on every partnership row: both lanes wrote 'investment', but the entity column is headed 'Partnership' and each row is a named vehicle the fund committed capital to, not a holding inside one.",RESOLVED,A+B+ADJUDICATOR,504abfe06fcde5e187ef74247e28f97eecec00313f5079c91e05fbdaea023159
c1bd514d5aabbd23f5bf,SRC058,2,PAIR_1A0F82C5F27178251E6B56CC,CONTEXT_CONFLICT,723,725,source_section|source_table|asset_class|evidence_quote,MERGE,"MERGE, one ruling applied to every paired row because the two lanes differ the same way on all of them and neither is complete. From B: source_section, which A left blank on all three pages although 'Real Estate Portfolio' is printed above the table on pages 1 and 2 and 'REITS' and 'Separate Accounts' above their own tables on page 3; source_table on pages 1 and 2, because A's 'UNTITLED_TABLE_1' is a placeholder the page never prints; and asset_class 'Real Estate', the printed grouping that governs every row. From A: source_column_label and metric_name 'Total Capital Contributed' and 'Total Capital Distributed', because the header wraps 'Total Capital' onto its own line above each of those two columns separately instead of spanning them, and page 3 prints 'Total Capital Distributed' on one line where both lanes agree; currency_scale, which A correctly leaves blank on irr and tvpi rows while B stamps '($ in millions)' onto a percentage and a multiple; and evidence_quote, because A cites the full printed partnership line while B cites the bare value, which proves only that those digits occur somewhere on the page. subject_type corrected to 'fund' on every partnership row: both lanes wrote 'investment', but the entity column is headed 'Partnership' and each row is a named vehicle the fund committed capital to, not a holding inside one.; Source review: p2: Retirement Fund (The portfolio report distinguishes investor positions from its aggregate rows.) | p2: Retirement Fund (Printed heading or definition supporting the source-reviewed qualifier.) | p2: Retirement Fund (Supersedes SR2206: the printed entity or table label is context, not a measurement basis; source labels retain its scope.)",RESOLVED,A+B+ADJUDICATOR,504abfe06fcde5e187ef74247e28f97eecec00313f5079c91e05fbdaea023159
88e2d99b38bad81c6e18,SRC058,2,PAIR_3B4A2490315AD82CA50AF2C0,CONTEXT_CONFLICT,724,726,source_section|source_table|asset_class|currency_scale|evidence_quote,MERGE,"MERGE, one ruling applied to every paired row because the two lanes differ the same way on all of them and neither is complete. From B: source_section, which A left blank on all three pages although 'Real Estate Portfolio' is printed above the table on pages 1 and 2 and 'REITS' and 'Separate Accounts' above their own tables on page 3; source_table on pages 1 and 2, because A's 'UNTITLED_TABLE_1' is a placeholder the page never prints; and asset_class 'Real Estate', the printed grouping that governs every row. From A: source_column_label and metric_name 'Total Capital Contributed' and 'Total Capital Distributed', because the header wraps 'Total Capital' onto its own line above each of those two columns separately instead of spanning them, and page 3 prints 'Total Capital Distributed' on one line where both lanes agree; currency_scale, which A correctly leaves blank on irr and tvpi rows while B stamps '($ in millions)' onto a percentage and a multiple; and evidence_quote, because A cites the full printed partnership line while B cites the bare value, which proves only that those digits occur somewhere on the page. subject_type corrected to 'fund' on every partnership row: both lanes wrote 'investment', but the entity column is headed 'Partnership' and each row is a named vehicle the fund committed capital to, not a holding inside one.; Source review: p2: IRR (All report pages were reviewed; no fee-basis statement qualifies this IRR.)",RESOLVED,A+B+ADJUDICATOR,504abfe06fcde5e187ef74247e28f97eecec00313f5079c91e05fbdaea023159
5f8140bf58afc7cd2c54,SRC058,2,PAIR_16FC168E7DB4F28E3F7869F0,CONTEXT_CONFLICT,725,723,source_section|source_table|source_column_label|asset_class|metric_name|evidence_quote,MERGE,"MERGE, one ruling applied to every paired row because the two lanes differ the same way on all of them and neither is complete. From B: source_section, which A left blank on all three pages although 'Real Estate Portfolio' is printed above the table on pages 1 and 2 and 'REITS' and 'Separate Accounts' above their own tables on page 3; source_table on pages 1 and 2, because A's 'UNTITLED_TABLE_1' is a placeholder the page never prints; and asset_class 'Real Estate', the printed grouping that governs every row. From A: source_column_label and metric_name 'Total Capital Contributed' and 'Total Capital Distributed', because the header wraps 'Total Capital' onto its own line above each of those two columns separately instead of spanning them, and page 3 prints 'Total Capital Distributed' on one line where both lanes agree; currency_scale, which A correctly leaves blank on irr and tvpi rows while B stamps '($ in millions)' onto a percentage and a multiple; and evidence_quote, because A cites the full printed partnership line while B cites the bare value, which proves only that those digits occur somewhere on the page. subject_type corrected to 'fund' on every partnership row: both lanes wrote 'investment', but the entity column is headed 'Partnership' and each row is a named vehicle the fund committed capital to, not a holding inside one.",RESOLVED,A+B+ADJUDICATOR,504abfe06fcde5e187ef74247e28f97eecec00313f5079c91e05fbdaea023159
fefba753758b1209675e,SRC058,2,PAIR_DB1EB4457737D912FD388201,CONTEXT_CONFLICT,726,724,source_section|source_table|source_column_label|asset_class|metric_name|evidence_quote,MERGE,"MERGE, one ruling applied to every paired row because the two lanes differ the same way on all of them and neither is complete. From B: source_section, which A left blank on all three pages although 'Real Estate Portfolio' is printed above the table on pages 1 and 2 and 'REITS' and 'Separate Accounts' above their own tables on page 3; source_table on pages 1 and 2, because A's 'UNTITLED_TABLE_1' is a placeholder the page never prints; and asset_class 'Real Estate', the printed grouping that governs every row. From A: source_column_label and metric_name 'Total Capital Contributed' and 'Total Capital Distributed', because the header wraps 'Total Capital' onto its own line above each of those two columns separately instead of spanning them, and page 3 prints 'Total Capital Distributed' on one line where both lanes agree; currency_scale, which A correctly leaves blank on irr and tvpi rows while B stamps '($ in millions)' onto a percentage and a multiple; and evidence_quote, because A cites the full printed partnership line while B cites the bare value, which proves only that those digits occur somewhere on the page. subject_type corrected to 'fund' on every partnership row: both lanes wrote 'investment', but the entity column is headed 'Partnership' and each row is a named vehicle the fund committed capital to, not a holding inside one.",RESOLVED,A+B+ADJUDICATOR,504abfe06fcde5e187ef74247e28f97eecec00313f5079c91e05fbdaea023159
c064fa1da1a58b18ef96,SRC058,2,PAIR_D0667D2BCFDC492A913F1513,CONTEXT_CONFLICT,727,727,source_section|source_table|asset_class|currency_scale|evidence_quote,MERGE,"MERGE, one ruling applied to every paired row because the two lanes differ the same way on all of them and neither is complete. From B: source_section, which A left blank on all three pages although 'Real Estate Portfolio' is printed above the table on pages 1 and 2 and 'REITS' and 'Separate Accounts' above their own tables on page 3; source_table on pages 1 and 2, because A's 'UNTITLED_TABLE_1' is a placeholder the page never prints; and asset_class 'Real Estate', the printed grouping that governs every row. From A: source_column_label and metric_name 'Total Capital Contributed' and 'Total Capital Distributed', because the header wraps 'Total Capital' onto its own line above each of those two columns separately instead of spanning them, and page 3 prints 'Total Capital Distributed' on one line where both lanes agree; currency_scale, which A correctly leaves blank on irr and tvpi rows while B stamps '($ in millions)' onto a percentage and a multiple; and evidence_quote, because A cites the full printed partnership line while B cites the bare value, which proves only that those digits occur somewhere on the page. subject_type corrected to 'fund' on every partnership row: both lanes wrote 'investment', but the entity column is headed 'Partnership' and each row is a named vehicle the fund committed capital to, not a holding inside one.",RESOLVED,A+B+ADJUDICATOR,504abfe06fcde5e187ef74247e28f97eecec00313f5079c91e05fbdaea023159
3de168cb3ee6d9a4e8fb,SRC058,2,PAIR_870BCF0FC6E3EDA238DC6B45,CONTEXT_CONFLICT,728,728,source_section|source_table|asset_class|evidence_quote,MERGE,"MERGE, one ruling applied to every paired row because the two lanes differ the same way on all of them and neither is complete. From B: source_section, which A left blank on all three pages although 'Real Estate Portfolio' is printed above the table on pages 1 and 2 and 'REITS' and 'Separate Accounts' above their own tables on page 3; source_table on pages 1 and 2, because A's 'UNTITLED_TABLE_1' is a placeholder the page never prints; and asset_class 'Real Estate', the printed grouping that governs every row. From A: source_column_label and metric_name 'Total Capital Contributed' and 'Total Capital Distributed', because the header wraps 'Total Capital' onto its own line above each of those two columns separately instead of spanning them, and page 3 prints 'Total Capital Distributed' on one line where both lanes agree; currency_scale, which A correctly leaves blank on irr and tvpi rows while B stamps '($ in millions)' onto a percentage and a multiple; and evidence_quote, because A cites the full printed partnership line while B cites the bare value, which proves only that those digits occur somewhere on the page. subject_type corrected to 'fund' on every partnership row: both lanes wrote 'investment', but the entity column is headed 'Partnership' and each row is a named vehicle the fund committed capital to, not a holding inside one.",RESOLVED,A+B+ADJUDICATOR,504abfe06fcde5e187ef74247e28f97eecec00313f5079c91e05fbdaea023159
60483e5fb76404f5ad7e,SRC058,2,PAIR_75D1439847EDBBD156FD5778,CONTEXT_CONFLICT,729,731,source_section|source_table|asset_class|evidence_quote,MERGE,"MERGE, one ruling applied to every paired row because the two lanes differ the same way on all of them and neither is complete. From B: source_section, which A left blank on all three pages although 'Real Estate Portfolio' is printed above the table on pages 1 and 2 and 'REITS' and 'Separate Accounts' above their own tables on page 3; source_table on pages 1 and 2, because A's 'UNTITLED_TABLE_1' is a placeholder the page never prints; and asset_class 'Real Estate', the printed grouping that governs every row. From A: source_column_label and metric_name 'Total Capital Contributed' and 'Total Capital Distributed', because the header wraps 'Total Capital' onto its own line above each of those two columns separately instead of spanning them, and page 3 prints 'Total Capital Distributed' on one line where both lanes agree; currency_scale, which A correctly leaves blank on irr and tvpi rows while B stamps '($ in millions)' onto a percentage and a multiple; and evidence_quote, because A cites the full printed partnership line while B cites the bare value, which proves only that those digits occur somewhere on the page. subject_type corrected to 'fund' on every partnership row: both lanes wrote 'investment', but the entity column is headed 'Partnership' and each row is a named vehicle the fund committed capital to, not a holding inside one.; Source review: p2: Retirement Fund (The portfolio report distinguishes investor positions from its aggregate rows.) | p2: Retirement Fund (Printed heading or definition supporting the source-reviewed qualifier.) | p2: Retirement Fund (Supersedes SR2207: the printed entity or table label is context, not a measurement basis; source labels retain its scope.)",RESOLVED,A+B+ADJUDICATOR,504abfe06fcde5e187ef74247e28f97eecec00313f5079c91e05fbdaea023159
b27a7d26eec5aac46721,SRC058,2,PAIR_CD69A9DEC27136C9AC6450FD,CONTEXT_CONFLICT,730,732,source_section|source_table|asset_class|currency_scale|evidence_quote,MERGE,"MERGE, one ruling applied to every paired row because the two lanes differ the same way on all of them and neither is complete. From B: source_section, which A left blank on all three pages although 'Real Estate Portfolio' is printed above the table on pages 1 and 2 and 'REITS' and 'Separate Accounts' above their own tables on page 3; source_table on pages 1 and 2, because A's 'UNTITLED_TABLE_1' is a placeholder the page never prints; and asset_class 'Real Estate', the printed grouping that governs every row. From A: source_column_label and metric_name 'Total Capital Contributed' and 'Total Capital Distributed', because the header wraps 'Total Capital' onto its own line above each of those two columns separately instead of spanning them, and page 3 prints 'Total Capital Distributed' on one line where both lanes agree; currency_scale, which A correctly leaves blank on irr and tvpi rows while B stamps '($ in millions)' onto a percentage and a multiple; and evidence_quote, because A cites the full printed partnership line while B cites the bare value, which proves only that those digits occur somewhere on the page. subject_type corrected to 'fund' on every partnership row: both lanes wrote 'investment', but the entity column is headed 'Partnership' and each row is a named vehicle the fund committed capital to, not a holding inside one.; Source review: p2: IRR (All report pages were reviewed; no fee-basis statement qualifies this IRR.)",RESOLVED,A+B+ADJUDICATOR,504abfe06fcde5e187ef74247e28f97eecec00313f5079c91e05fbdaea023159
f5036e5ffffa9cf4b29a,SRC058,2,PAIR_1406C6D41D3E49B8D871370A,CONTEXT_CONFLICT,731,729,source_section|source_table|source_column_label|asset_class|metric_name|evidence_quote,MERGE,"MERGE, one ruling applied to every paired row because the two lanes differ the same way on all of them and neither is complete. From B: source_section, which A left blank on all three pages although 'Real Estate Portfolio' is printed above the table on pages 1 and 2 and 'REITS' and 'Separate Accounts' above their own tables on page 3; source_table on pages 1 and 2, because A's 'UNTITLED_TABLE_1' is a placeholder the page never prints; and asset_class 'Real Estate', the printed grouping that governs every row. From A: source_column_label and metric_name 'Total Capital Contributed' and 'Total Capital Distributed', because the header wraps 'Total Capital' onto its own line above each of those two columns separately instead of spanning them, and page 3 prints 'Total Capital Distributed' on one line where both lanes agree; currency_scale, which A correctly leaves blank on irr and tvpi rows while B stamps '($ in millions)' onto a percentage and a multiple; and evidence_quote, because A cites the full printed partnership line while B cites the bare value, which proves only that those digits occur somewhere on the page. subject_type corrected to 'fund' on every partnership row: both lanes wrote 'investment', but the entity column is headed 'Partnership' and each row is a named vehicle the fund committed capital to, not a holding inside one.",RESOLVED,A+B+ADJUDICATOR,504abfe06fcde5e187ef74247e28f97eecec00313f5079c91e05fbdaea023159
786e2ca26767d90e630e,SRC058,2,PAIR_87C76902B84F4D98F03CC9F6,CONTEXT_CONFLICT,732,730,source_section|source_table|source_column_label|asset_class|metric_name|evidence_quote,MERGE,"MERGE, one ruling applied to every paired row because the two lanes differ the same way on all of them and neither is complete. From B: source_section, which A left blank on all three pages although 'Real Estate Portfolio' is printed above the table on pages 1 and 2 and 'REITS' and 'Separate Accounts' above their own tables on page 3; source_table on pages 1 and 2, because A's 'UNTITLED_TABLE_1' is a placeholder the page never prints; and asset_class 'Real Estate', the printed grouping that governs every row. From A: source_column_label and metric_name 'Total Capital Contributed' and 'Total Capital Distributed', because the header wraps 'Total Capital' onto its own line above each of those two columns separately instead of spanning them, and page 3 prints 'Total Capital Distributed' on one line where both lanes agree; currency_scale, which A correctly leaves blank on irr and tvpi rows while B stamps '($ in millions)' onto a percentage and a multiple; and evidence_quote, because A cites the full printed partnership line while B cites the bare value, which proves only that those digits occur somewhere on the page. subject_type corrected to 'fund' on every partnership row: both lanes wrote 'investment', but the entity column is headed 'Partnership' and each row is a named vehicle the fund committed capital to, not a holding inside one.",RESOLVED,A+B+ADJUDICATOR,504abfe06fcde5e187ef74247e28f97eecec00313f5079c91e05fbdaea023159
2594ff1c70ea73c38646,SRC058,2,PAIR_E147A178CACBEDBF977B46E6,CONTEXT_CONFLICT,733,733,source_section|source_table|asset_class|currency_scale|evidence_quote,MERGE,"MERGE, one ruling applied to every paired row because the two lanes differ the same way on all of them and neither is complete. From B: source_section, which A left blank on all three pages although 'Real Estate Portfolio' is printed above the table on pages 1 and 2 and 'REITS' and 'Separate Accounts' above their own tables on page 3; source_table on pages 1 and 2, because A's 'UNTITLED_TABLE_1' is a placeholder the page never prints; and asset_class 'Real Estate', the printed grouping that governs every row. From A: source_column_label and metric_name 'Total Capital Contributed' and 'Total Capital Distributed', because the header wraps 'Total Capital' onto its own line above each of those two columns separately instead of spanning them, and page 3 prints 'Total Capital Distributed' on one line where both lanes agree; currency_scale, which A correctly leaves blank on irr and tvpi rows while B stamps '($ in millions)' onto a percentage and a multiple; and evidence_quote, because A cites the full printed partnership line while B cites the bare value, which proves only that those digits occur somewhere on the page. subject_type corrected to 'fund' on every partnership row: both lanes wrote 'investment', but the entity column is headed 'Partnership' and each row is a named vehicle the fund committed capital to, not a holding inside one.",RESOLVED,A+B+ADJUDICATOR,504abfe06fcde5e187ef74247e28f97eecec00313f5079c91e05fbdaea023159
2839b76411c968fd4e72,SRC058,2,PAIR_759DD759847712FD804A4525,CONTEXT_CONFLICT,734,734,source_section|source_table|asset_class|evidence_quote,MERGE,"MERGE, one ruling applied to every paired row because the two lanes differ the same way on all of them and neither is complete. From B: source_section, which A left blank on all three pages although 'Real Estate Portfolio' is printed above the table on pages 1 and 2 and 'REITS' and 'Separate Accounts' above their own tables on page 3; source_table on pages 1 and 2, because A's 'UNTITLED_TABLE_1' is a placeholder the page never prints; and asset_class 'Real Estate', the printed grouping that governs every row. From A: source_column_label and metric_name 'Total Capital Contributed' and 'Total Capital Distributed', because the header wraps 'Total Capital' onto its own line above each of those two columns separately instead of spanning them, and page 3 prints 'Total Capital Distributed' on one line where both lanes agree; currency_scale, which A correctly leaves blank on irr and tvpi rows while B stamps '($ in millions)' onto a percentage and a multiple; and evidence_quote, because A cites the full printed partnership line while B cites the bare value, which proves only that those digits occur somewhere on the page. subject_type corrected to 'fund' on every partnership row: both lanes wrote 'investment', but the entity column is headed 'Partnership' and each row is a named vehicle the fund committed capital to, not a holding inside one.",RESOLVED,A+B+ADJUDICATOR,504abfe06fcde5e187ef74247e28f97eecec00313f5079c91e05fbdaea023159
5f0da310abe60dec538e,SRC058,2,PAIR_CF26D3A733D83F3C54348CBF,CONTEXT_CONFLICT,735,737,source_section|source_table|asset_class|evidence_quote,MERGE,"MERGE, one ruling applied to every paired row because the two lanes differ the same way on all of them and neither is complete. From B: source_section, which A left blank on all three pages although 'Real Estate Portfolio' is printed above the table on pages 1 and 2 and 'REITS' and 'Separate Accounts' above their own tables on page 3; source_table on pages 1 and 2, because A's 'UNTITLED_TABLE_1' is a placeholder the page never prints; and asset_class 'Real Estate', the printed grouping that governs every row. From A: source_column_label and metric_name 'Total Capital Contributed' and 'Total Capital Distributed', because the header wraps 'Total Capital' onto its own line above each of those two columns separately instead of spanning them, and page 3 prints 'Total Capital Distributed' on one line where both lanes agree; currency_scale, which A correctly leaves blank on irr and tvpi rows while B stamps '($ in millions)' onto a percentage and a multiple; and evidence_quote, because A cites the full printed partnership line while B cites the bare value, which proves only that those digits occur somewhere on the page. subject_type corrected to 'fund' on every partnership row: both lanes wrote 'investment', but the entity column is headed 'Partnership' and each row is a named vehicle the fund committed capital to, not a holding inside one.; Source review: p2: Retirement Fund (The portfolio report distinguishes investor positions from its aggregate rows.) | p2: Retirement Fund (Printed heading or definition supporting the source-reviewed qualifier.) | p2: Retirement Fund (Supersedes SR2208: the printed entity or table label is context, not a measurement basis; source labels retain its scope.)",RESOLVED,A+B+ADJUDICATOR,504abfe06fcde5e187ef74247e28f97eecec00313f5079c91e05fbdaea023159
a816189033e571de1105,SRC058,2,PAIR_D256B9A4EC5EE7F45DB55ADE,CONTEXT_CONFLICT,736,738,source_section|source_table|asset_class|currency_scale|evidence_quote,MERGE,"MERGE, one ruling applied to every paired row because the two lanes differ the same way on all of them and neither is complete. From B: source_section, which A left blank on all three pages although 'Real Estate Portfolio' is printed above the table on pages 1 and 2 and 'REITS' and 'Separate Accounts' above their own tables on page 3; source_table on pages 1 and 2, because A's 'UNTITLED_TABLE_1' is a placeholder the page never prints; and asset_class 'Real Estate', the printed grouping that governs every row. From A: source_column_label and metric_name 'Total Capital Contributed' and 'Total Capital Distributed', because the header wraps 'Total Capital' onto its own line above each of those two columns separately instead of spanning them, and page 3 prints 'Total Capital Distributed' on one line where both lanes agree; currency_scale, which A correctly leaves blank on irr and tvpi rows while B stamps '($ in millions)' onto a percentage and a multiple; and evidence_quote, because A cites the full printed partnership line while B cites the bare value, which proves only that those digits occur somewhere on the page. subject_type corrected to 'fund' on every partnership row: both lanes wrote 'investment', but the entity column is headed 'Partnership' and each row is a named vehicle the fund committed capital to, not a holding inside one.; Source review: p2: IRR (All report pages were reviewed; no fee-basis statement qualifies this IRR.)",RESOLVED,A+B+ADJUDICATOR,504abfe06fcde5e187ef74247e28f97eecec00313f5079c91e05fbdaea023159
709579f2f032f9b916c4,SRC058,2,PAIR_4246E693E67C61CADA9B5F2F,CONTEXT_CONFLICT,737,735,source_section|source_table|source_column_label|asset_class|metric_name|evidence_quote,MERGE,"MERGE, one ruling applied to every paired row because the two lanes differ the same way on all of them and neither is complete. From B: source_section, which A left blank on all three pages although 'Real Estate Portfolio' is printed above the table on pages 1 and 2 and 'REITS' and 'Separate Accounts' above their own tables on page 3; source_table on pages 1 and 2, because A's 'UNTITLED_TABLE_1' is a placeholder the page never prints; and asset_class 'Real Estate', the printed grouping that governs every row. From A: source_column_label and metric_name 'Total Capital Contributed' and 'Total Capital Distributed', because the header wraps 'Total Capital' onto its own line above each of those two columns separately instead of spanning them, and page 3 prints 'Total Capital Distributed' on one line where both lanes agree; currency_scale, which A correctly leaves blank on irr and tvpi rows while B stamps '($ in millions)' onto a percentage and a multiple; and evidence_quote, because A cites the full printed partnership line while B cites the bare value, which proves only that those digits occur somewhere on the page. subject_type corrected to 'fund' on every partnership row: both lanes wrote 'investment', but the entity column is headed 'Partnership' and each row is a named vehicle the fund committed capital to, not a holding inside one.",RESOLVED,A+B+ADJUDICATOR,504abfe06fcde5e187ef74247e28f97eecec00313f5079c91e05fbdaea023159
cce7f697ef9b68f64915,SRC058,2,PAIR_54D40374BC248CA3577C0A9A,CONTEXT_CONFLICT,738,736,source_section|source_table|source_column_label|asset_class|metric_name|evidence_quote,MERGE,"MERGE, one ruling applied to every paired row because the two lanes differ the same way on all of them and neither is complete. From B: source_section, which A left blank on all three pages although 'Real Estate Portfolio' is printed above the table on pages 1 and 2 and 'REITS' and 'Separate Accounts' above their own tables on page 3; source_table on pages 1 and 2, because A's 'UNTITLED_TABLE_1' is a placeholder the page never prints; and asset_class 'Real Estate', the printed grouping that governs every row. From A: source_column_label and metric_name 'Total Capital Contributed' and 'Total Capital Distributed', because the header wraps 'Total Capital' onto its own line above each of those two columns separately instead of spanning them, and page 3 prints 'Total Capital Distributed' on one line where both lanes agree; currency_scale, which A correctly leaves blank on irr and tvpi rows while B stamps '($ in millions)' onto a percentage and a multiple; and evidence_quote, because A cites the full printed partnership line while B cites the bare value, which proves only that those digits occur somewhere on the page. subject_type corrected to 'fund' on every partnership row: both lanes wrote 'investment', but the entity column is headed 'Partnership' and each row is a named vehicle the fund committed capital to, not a holding inside one.",RESOLVED,A+B+ADJUDICATOR,504abfe06fcde5e187ef74247e28f97eecec00313f5079c91e05fbdaea023159
210a76aadb3f164acb94,SRC058,2,PAIR_2E35BDBBCB81D37DB4CBF5FD,CONTEXT_CONFLICT,739,739,source_section|source_table|asset_class|currency_scale|evidence_quote,MERGE,"MERGE, one ruling applied to every paired row because the two lanes differ the same way on all of them and neither is complete. From B: source_section, which A left blank on all three pages although 'Real Estate Portfolio' is printed above the table on pages 1 and 2 and 'REITS' and 'Separate Accounts' above their own tables on page 3; source_table on pages 1 and 2, because A's 'UNTITLED_TABLE_1' is a placeholder the page never prints; and asset_class 'Real Estate', the printed grouping that governs every row. From A: source_column_label and metric_name 'Total Capital Contributed' and 'Total Capital Distributed', because the header wraps 'Total Capital' onto its own line above each of those two columns separately instead of spanning them, and page 3 prints 'Total Capital Distributed' on one line where both lanes agree; currency_scale, which A correctly leaves blank on irr and tvpi rows while B stamps '($ in millions)' onto a percentage and a multiple; and evidence_quote, because A cites the full printed partnership line while B cites the bare value, which proves only that those digits occur somewhere on the page. subject_type corrected to 'fund' on every partnership row: both lanes wrote 'investment', but the entity column is headed 'Partnership' and each row is a named vehicle the fund committed capital to, not a holding inside one.",RESOLVED,A+B+ADJUDICATOR,504abfe06fcde5e187ef74247e28f97eecec00313f5079c91e05fbdaea023159
af2a8101e7b253131740,SRC058,3,PAIR_9E6042AC552490696C21C7A7,CONTEXT_CONFLICT,740,740,source_section|asset_class|evidence_quote,MERGE,"MERGE, one ruling applied to every paired row because the two lanes differ the same way on all of them and neither is complete. From B: source_section, which A left blank on all three pages although 'Real Estate Portfolio' is printed above the table on pages 1 and 2 and 'REITS' and 'Separate Accounts' above their own tables on page 3; source_table on pages 1 and 2, because A's 'UNTITLED_TABLE_1' is a placeholder the page never prints; and asset_class 'Real Estate', the printed grouping that governs every row. From A: source_column_label and metric_name 'Total Capital Contributed' and 'Total Capital Distributed', because the header wraps 'Total Capital' onto its own line above each of those two columns separately instead of spanning them, and page 3 prints 'Total Capital Distributed' on one line where both lanes agree; currency_scale, which A correctly leaves blank on irr and tvpi rows while B stamps '($ in millions)' onto a percentage and a multiple; and evidence_quote, because A cites the full printed partnership line while B cites the bare value, which proves only that those digits occur somewhere on the page. subject_type corrected to 'fund' on every partnership row: both lanes wrote 'investment', but the entity column is headed 'Partnership' and each row is a named vehicle the fund committed capital to, not a holding inside one.; Source review: p3: Retirement Fund (The portfolio report distinguishes investor positions from its aggregate rows.) | p3: Retirement Fund (Printed heading or definition supporting the source-reviewed qualifier.) | p3: Retirement Fund (Supersedes SR2209: the printed entity or table label is context, not a measurement basis; source labels retain its scope.)",RESOLVED,A+B+ADJUDICATOR,504abfe06fcde5e187ef74247e28f97eecec00313f5079c91e05fbdaea023159
fe5c45bcb59b72d19766,SRC058,3,PAIR_A2BBFF316FC69A18DC25DEB0,CONTEXT_CONFLICT,741,741,source_section|asset_class|currency_scale|evidence_quote,MERGE,"MERGE, one ruling applied to every paired row because the two lanes differ the same way on all of them and neither is complete. From B: source_section, which A left blank on all three pages although 'Real Estate Portfolio' is printed above the table on pages 1 and 2 and 'REITS' and 'Separate Accounts' above their own tables on page 3; source_table on pages 1 and 2, because A's 'UNTITLED_TABLE_1' is a placeholder the page never prints; and asset_class 'Real Estate', the printed grouping that governs every row. From A: source_column_label and metric_name 'Total Capital Contributed' and 'Total Capital Distributed', because the header wraps 'Total Capital' onto its own line above each of those two columns separately instead of spanning them, and page 3 prints 'Total Capital Distributed' on one line where both lanes agree; currency_scale, which A correctly leaves blank on irr and tvpi rows while B stamps '($ in millions)' onto a percentage and a multiple; and evidence_quote, because A cites the full printed partnership line while B cites the bare value, which proves only that those digits occur somewhere on the page. subject_type corrected to 'fund' on every partnership row: both lanes wrote 'investment', but the entity column is headed 'Partnership' and each row is a named vehicle the fund committed capital to, not a holding inside one.; Source review: p3: IRR (All report pages were reviewed; no fee-basis statement qualifies this IRR.)",RESOLVED,A+B+ADJUDICATOR,504abfe06fcde5e187ef74247e28f97eecec00313f5079c91e05fbdaea023159
0ab0e65ade49f746dbb1,SRC058,3,PAIR_DE49F8CF3B82E33AA830D724,CONTEXT_CONFLICT,742,742,source_section|asset_class|evidence_quote,MERGE,"MERGE, one ruling applied to every paired row because the two lanes differ the same way on all of them and neither is complete. From B: source_section, which A left blank on all three pages although 'Real Estate Portfolio' is printed above the table on pages 1 and 2 and 'REITS' and 'Separate Accounts' above their own tables on page 3; source_table on pages 1 and 2, because A's 'UNTITLED_TABLE_1' is a placeholder the page never prints; and asset_class 'Real Estate', the printed grouping that governs every row. From A: source_column_label and metric_name 'Total Capital Contributed' and 'Total Capital Distributed', because the header wraps 'Total Capital' onto its own line above each of those two columns separately instead of spanning them, and page 3 prints 'Total Capital Distributed' on one line where both lanes agree; currency_scale, which A correctly leaves blank on irr and tvpi rows while B stamps '($ in millions)' onto a percentage and a multiple; and evidence_quote, because A cites the full printed partnership line while B cites the bare value, which proves only that those digits occur somewhere on the page. subject_type corrected to 'fund' on every partnership row: both lanes wrote 'investment', but the entity column is headed 'Partnership' and each row is a named vehicle the fund committed capital to, not a holding inside one.",RESOLVED,A+B+ADJUDICATOR,504abfe06fcde5e187ef74247e28f97eecec00313f5079c91e05fbdaea023159
09a0cb2e29742fe213a8,SRC058,3,PAIR_00A3ED7A5C3DB92CA8BC5A74,CONTEXT_CONFLICT,743,743,source_section|asset_class|evidence_quote,MERGE,"MERGE, one ruling applied to every paired row because the two lanes differ the same way on all of them and neither is complete. From B: source_section, which A left blank on all three pages although 'Real Estate Portfolio' is printed above the table on pages 1 and 2 and 'REITS' and 'Separate Accounts' above their own tables on page 3; source_table on pages 1 and 2, because A's 'UNTITLED_TABLE_1' is a placeholder the page never prints; and asset_class 'Real Estate', the printed grouping that governs every row. From A: source_column_label and metric_name 'Total Capital Contributed' and 'Total Capital Distributed', because the header wraps 'Total Capital' onto its own line above each of those two columns separately instead of spanning them, and page 3 prints 'Total Capital Distributed' on one line where both lanes agree; currency_scale, which A correctly leaves blank on irr and tvpi rows while B stamps '($ in millions)' onto a percentage and a multiple; and evidence_quote, because A cites the full printed partnership line while B cites the bare value, which proves only that those digits occur somewhere on the page. subject_type corrected to 'fund' on every partnership row: both lanes wrote 'investment', but the entity column is headed 'Partnership' and each row is a named vehicle the fund committed capital to, not a holding inside one.; Source review: p3: Retirement Fund (The portfolio report distinguishes investor positions from its aggregate rows.) | p3: Retirement Fund (Printed heading or definition supporting the source-reviewed qualifier.) | p3: Retirement Fund (Supersedes SR2210: the printed entity or table label is context, not a measurement basis; source labels retain its scope.)",RESOLVED,A+B+ADJUDICATOR,504abfe06fcde5e187ef74247e28f97eecec00313f5079c91e05fbdaea023159
37c8412205304aecee00,SRC058,3,PAIR_2CB8AD26F2E3AE6FF9E1E8AE,CONTEXT_CONFLICT,744,744,source_section|asset_class|currency_scale|evidence_quote,MERGE,"MERGE, one ruling applied to every paired row because the two lanes differ the same way on all of them and neither is complete. From B: source_section, which A left blank on all three pages although 'Real Estate Portfolio' is printed above the table on pages 1 and 2 and 'REITS' and 'Separate Accounts' above their own tables on page 3; source_table on pages 1 and 2, because A's 'UNTITLED_TABLE_1' is a placeholder the page never prints; and asset_class 'Real Estate', the printed grouping that governs every row. From A: source_column_label and metric_name 'Total Capital Contributed' and 'Total Capital Distributed', because the header wraps 'Total Capital' onto its own line above each of those two columns separately instead of spanning them, and page 3 prints 'Total Capital Distributed' on one line where both lanes agree; currency_scale, which A correctly leaves blank on irr and tvpi rows while B stamps '($ in millions)' onto a percentage and a multiple; and evidence_quote, because A cites the full printed partnership line while B cites the bare value, which proves only that those digits occur somewhere on the page. subject_type corrected to 'fund' on every partnership row: both lanes wrote 'investment', but the entity column is headed 'Partnership' and each row is a named vehicle the fund committed capital to, not a holding inside one.; Source review: p3: IRR (All report pages were reviewed; no fee-basis statement qualifies this IRR.)",RESOLVED,A+B+ADJUDICATOR,504abfe06fcde5e187ef74247e28f97eecec00313f5079c91e05fbdaea023159
2d54a357bfea62aa65fc,SRC058,3,PAIR_6499B1286A911728F722E4B2,CONTEXT_CONFLICT,745,745,source_section|asset_class|evidence_quote,MERGE,"MERGE, one ruling applied to every paired row because the two lanes differ the same way on all of them and neither is complete. From B: source_section, which A left blank on all three pages although 'Real Estate Portfolio' is printed above the table on pages 1 and 2 and 'REITS' and 'Separate Accounts' above their own tables on page 3; source_table on pages 1 and 2, because A's 'UNTITLED_TABLE_1' is a placeholder the page never prints; and asset_class 'Real Estate', the printed grouping that governs every row. From A: source_column_label and metric_name 'Total Capital Contributed' and 'Total Capital Distributed', because the header wraps 'Total Capital' onto its own line above each of those two columns separately instead of spanning them, and page 3 prints 'Total Capital Distributed' on one line where both lanes agree; currency_scale, which A correctly leaves blank on irr and tvpi rows while B stamps '($ in millions)' onto a percentage and a multiple; and evidence_quote, because A cites the full printed partnership line while B cites the bare value, which proves only that those digits occur somewhere on the page. subject_type corrected to 'fund' on every partnership row: both lanes wrote 'investment', but the entity column is headed 'Partnership' and each row is a named vehicle the fund committed capital to, not a holding inside one.",RESOLVED,A+B+ADJUDICATOR,504abfe06fcde5e187ef74247e28f97eecec00313f5079c91e05fbdaea023159
09886d7e163272afea3a,SRC058,3,PAIR_54861C3033F79BDB9632B2E5,CONTEXT_CONFLICT,746,746,source_section|asset_class|evidence_quote,MERGE,"MERGE, one ruling applied to every paired row because the two lanes differ the same way on all of them and neither is complete. From B: source_section, which A left blank on all three pages although 'Real Estate Portfolio' is printed above the table on pages 1 and 2 and 'REITS' and 'Separate Accounts' above their own tables on page 3; source_table on pages 1 and 2, because A's 'UNTITLED_TABLE_1' is a placeholder the page never prints; and asset_class 'Real Estate', the printed grouping that governs every row. From A: source_column_label and metric_name 'Total Capital Contributed' and 'Total Capital Distributed', because the header wraps 'Total Capital' onto its own line above each of those two columns separately instead of spanning them, and page 3 prints 'Total Capital Distributed' on one line where both lanes agree; currency_scale, which A correctly leaves blank on irr and tvpi rows while B stamps '($ in millions)' onto a percentage and a multiple; and evidence_quote, because A cites the full printed partnership line while B cites the bare value, which proves only that those digits occur somewhere on the page. subject_type corrected to 'fund' on every partnership row: both lanes wrote 'investment', but the entity column is headed 'Partnership' and each row is a named vehicle the fund committed capital to, not a holding inside one.; Source review: p3: Retirement Fund (The portfolio report distinguishes investor positions from its aggregate rows.) | p3: Retirement Fund (Printed heading or definition supporting the source-reviewed qualifier.) | p3: Retirement Fund (Supersedes SR2211: the printed entity or table label is context, not a measurement basis; source labels retain its scope.)",RESOLVED,A+B+ADJUDICATOR,504abfe06fcde5e187ef74247e28f97eecec00313f5079c91e05fbdaea023159
167fe8d636812f0fedc2,SRC058,3,PAIR_C6DAACFEA81D68099960645E,CONTEXT_CONFLICT,747,747,source_section|asset_class|currency_scale|evidence_quote,MERGE,"MERGE, one ruling applied to every paired row because the two lanes differ the same way on all of them and neither is complete. From B: source_section, which A left blank on all three pages although 'Real Estate Portfolio' is printed above the table on pages 1 and 2 and 'REITS' and 'Separate Accounts' above their own tables on page 3; source_table on pages 1 and 2, because A's 'UNTITLED_TABLE_1' is a placeholder the page never prints; and asset_class 'Real Estate', the printed grouping that governs every row. From A: source_column_label and metric_name 'Total Capital Contributed' and 'Total Capital Distributed', because the header wraps 'Total Capital' onto its own line above each of those two columns separately instead of spanning them, and page 3 prints 'Total Capital Distributed' on one line where both lanes agree; currency_scale, which A correctly leaves blank on irr and tvpi rows while B stamps '($ in millions)' onto a percentage and a multiple; and evidence_quote, because A cites the full printed partnership line while B cites the bare value, which proves only that those digits occur somewhere on the page. subject_type corrected to 'fund' on every partnership row: both lanes wrote 'investment', but the entity column is headed 'Partnership' and each row is a named vehicle the fund committed capital to, not a holding inside one.; Source review: p3: IRR (All report pages were reviewed; no fee-basis statement qualifies this IRR.)",RESOLVED,A+B+ADJUDICATOR,504abfe06fcde5e187ef74247e28f97eecec00313f5079c91e05fbdaea023159
9da603dc2b26b5f76b15,SRC058,3,PAIR_D8EF6C9B01A0A4D64B104862,CONTEXT_CONFLICT,748,748,source_section|asset_class|evidence_quote,MERGE,"MERGE, one ruling applied to every paired row because the two lanes differ the same way on all of them and neither is complete. From B: source_section, which A left blank on all three pages although 'Real Estate Portfolio' is printed above the table on pages 1 and 2 and 'REITS' and 'Separate Accounts' above their own tables on page 3; source_table on pages 1 and 2, because A's 'UNTITLED_TABLE_1' is a placeholder the page never prints; and asset_class 'Real Estate', the printed grouping that governs every row. From A: source_column_label and metric_name 'Total Capital Contributed' and 'Total Capital Distributed', because the header wraps 'Total Capital' onto its own line above each of those two columns separately instead of spanning them, and page 3 prints 'Total Capital Distributed' on one line where both lanes agree; currency_scale, which A correctly leaves blank on irr and tvpi rows while B stamps '($ in millions)' onto a percentage and a multiple; and evidence_quote, because A cites the full printed partnership line while B cites the bare value, which proves only that those digits occur somewhere on the page. subject_type corrected to 'fund' on every partnership row: both lanes wrote 'investment', but the entity column is headed 'Partnership' and each row is a named vehicle the fund committed capital to, not a holding inside one.",RESOLVED,A+B+ADJUDICATOR,504abfe06fcde5e187ef74247e28f97eecec00313f5079c91e05fbdaea023159
c27886d5eb45f2a00a2e,SRC058,3,PAIR_9D5B05A7FEFD2A57C6322FD2,B_ONLY,,749,,MERGE,"The same printed cell reached adjudication twice because the lanes keyed it differently, so it is published once here and its twin is rejected. The printed row label carries a colon, 'Grand Total(s):', which is B's reading, and the printed column headers are 'Total Capital Contributed' and 'Total Capital Distributed', which is A's. subject_name is the portfolio the total belongs to, not the words 'Grand Total(s)', which are a row label and name no entity. Field rulings otherwise as on every paired row: source_section, source_table and asset_class from B; currency_scale (blank on the multiple) and the full-line evidence_quote from A.; Source review: p3: Retirement Fund (The portfolio report distinguishes investor positions from its aggregate rows.) | p3: Retirement Fund (Printed heading or definition supporting the source-reviewed qualifier.) | p3: Retirement Fund (Supersedes SR2212: the printed entity or table label is context, not a measurement basis; source labels retain its scope.)",RESOLVED,B+ADJUDICATOR,504abfe06fcde5e187ef74247e28f97eecec00313f5079c91e05fbdaea023159
df74fe362f8bf4d8bcef,SRC058,3,PAIR_9D6660DAEE4B9C4DD2B8470F,B_ONLY,,750,,MERGE,"The same printed cell reached adjudication twice because the lanes keyed it differently, so it is published once here and its twin is rejected. The printed row label carries a colon, 'Grand Total(s):', which is B's reading, and the printed column headers are 'Total Capital Contributed' and 'Total Capital Distributed', which is A's. subject_name is the portfolio the total belongs to, not the words 'Grand Total(s)', which are a row label and name no entity. Field rulings otherwise as on every paired row: source_section, source_table and asset_class from B; currency_scale (blank on the multiple) and the full-line evidence_quote from A.",RESOLVED,B+ADJUDICATOR,504abfe06fcde5e187ef74247e28f97eecec00313f5079c91e05fbdaea023159
32de41b8c5244e149015,SRC058,3,PAIR_9B19E8A9C462EAEED7C1D79D,CONTEXT_CONFLICT,751,751,source_section|asset_class|evidence_quote,MERGE,"MERGE, one ruling applied to every paired row because the two lanes differ the same way on all of them and neither is complete. From B: source_section, which A left blank on all three pages although 'Real Estate Portfolio' is printed above the table on pages 1 and 2 and 'REITS' and 'Separate Accounts' above their own tables on page 3; source_table on pages 1 and 2, because A's 'UNTITLED_TABLE_1' is a placeholder the page never prints; and asset_class 'Real Estate', the printed grouping that governs every row. From A: source_column_label and metric_name 'Total Capital Contributed' and 'Total Capital Distributed', because the header wraps 'Total Capital' onto its own line above each of those two columns separately instead of spanning them, and page 3 prints 'Total Capital Distributed' on one line where both lanes agree; currency_scale, which A correctly leaves blank on irr and tvpi rows while B stamps '($ in millions)' onto a percentage and a multiple; and evidence_quote, because A cites the full printed partnership line while B cites the bare value, which proves only that those digits occur somewhere on the page. subject_type corrected to 'fund' on every partnership row: both lanes wrote 'investment', but the entity column is headed 'Partnership' and each row is a named vehicle the fund committed capital to, not a holding inside one.; Source review: p3: Retirement Fund (The portfolio report distinguishes investor positions from its aggregate rows.) | p3: Retirement Fund (Printed heading or definition supporting the source-reviewed qualifier.) | p3: Retirement Fund (Supersedes SR2213: the printed entity or table label is context, not a measurement basis; source labels retain its scope.)",RESOLVED,A+B+ADJUDICATOR,504abfe06fcde5e187ef74247e28f97eecec00313f5079c91e05fbdaea023159
31fdb0b5c86e2c03185f,SRC058,3,PAIR_A53381EE29F3C632045A2E7E,CONTEXT_CONFLICT,752,752,source_section|asset_class|currency_scale|evidence_quote,MERGE,"MERGE, one ruling applied to every paired row because the two lanes differ the same way on all of them and neither is complete. From B: source_section, which A left blank on all three pages although 'Real Estate Portfolio' is printed above the table on pages 1 and 2 and 'REITS' and 'Separate Accounts' above their own tables on page 3; source_table on pages 1 and 2, because A's 'UNTITLED_TABLE_1' is a placeholder the page never prints; and asset_class 'Real Estate', the printed grouping that governs every row. From A: source_column_label and metric_name 'Total Capital Contributed' and 'Total Capital Distributed', because the header wraps 'Total Capital' onto its own line above each of those two columns separately instead of spanning them, and page 3 prints 'Total Capital Distributed' on one line where both lanes agree; currency_scale, which A correctly leaves blank on irr and tvpi rows while B stamps '($ in millions)' onto a percentage and a multiple; and evidence_quote, because A cites the full printed partnership line while B cites the bare value, which proves only that those digits occur somewhere on the page. subject_type corrected to 'fund' on every partnership row: both lanes wrote 'investment', but the entity column is headed 'Partnership' and each row is a named vehicle the fund committed capital to, not a holding inside one.; Source review: p3: IRR (All report pages were reviewed; no fee-basis statement qualifies this IRR.)",RESOLVED,A+B+ADJUDICATOR,504abfe06fcde5e187ef74247e28f97eecec00313f5079c91e05fbdaea023159
3eeea861bef84740851f,SRC058,3,PAIR_29007097E3A845CE411E385B,CONTEXT_CONFLICT,753,753,source_section|asset_class|evidence_quote,MERGE,"MERGE, one ruling applied to every paired row because the two lanes differ the same way on all of them and neither is complete. From B: source_section, which A left blank on all three pages although 'Real Estate Portfolio' is printed above the table on pages 1 and 2 and 'REITS' and 'Separate Accounts' above their own tables on page 3; source_table on pages 1 and 2, because A's 'UNTITLED_TABLE_1' is a placeholder the page never prints; and asset_class 'Real Estate', the printed grouping that governs every row. From A: source_column_label and metric_name 'Total Capital Contributed' and 'Total Capital Distributed', because the header wraps 'Total Capital' onto its own line above each of those two columns separately instead of spanning them, and page 3 prints 'Total Capital Distributed' on one line where both lanes agree; currency_scale, which A correctly leaves blank on irr and tvpi rows while B stamps '($ in millions)' onto a percentage and a multiple; and evidence_quote, because A cites the full printed partnership line while B cites the bare value, which proves only that those digits occur somewhere on the page. subject_type corrected to 'fund' on every partnership row: both lanes wrote 'investment', but the entity column is headed 'Partnership' and each row is a named vehicle the fund committed capital to, not a holding inside one.",RESOLVED,A+B+ADJUDICATOR,504abfe06fcde5e187ef74247e28f97eecec00313f5079c91e05fbdaea023159
7d9862665574170f89dd,SRC058,3,PAIR_65F7F006FC86B79A412D10B9,CONTEXT_CONFLICT,754,754,source_section|asset_class|evidence_quote,MERGE,"MERGE, one ruling applied to every paired row because the two lanes differ the same way on all of them and neither is complete. From B: source_section, which A left blank on all three pages although 'Real Estate Portfolio' is printed above the table on pages 1 and 2 and 'REITS' and 'Separate Accounts' above their own tables on page 3; source_table on pages 1 and 2, because A's 'UNTITLED_TABLE_1' is a placeholder the page never prints; and asset_class 'Real Estate', the printed grouping that governs every row. From A: source_column_label and metric_name 'Total Capital Contributed' and 'Total Capital Distributed', because the header wraps 'Total Capital' onto its own line above each of those two columns separately instead of spanning them, and page 3 prints 'Total Capital Distributed' on one line where both lanes agree; currency_scale, which A correctly leaves blank on irr and tvpi rows while B stamps '($ in millions)' onto a percentage and a multiple; and evidence_quote, because A cites the full printed partnership line while B cites the bare value, which proves only that those digits occur somewhere on the page. subject_type corrected to 'fund' on every partnership row: both lanes wrote 'investment', but the entity column is headed 'Partnership' and each row is a named vehicle the fund committed capital to, not a holding inside one.; Source review: p3: Retirement Fund (The portfolio report distinguishes investor positions from its aggregate rows.) | p3: Retirement Fund (Printed heading or definition supporting the source-reviewed qualifier.) | p3: Retirement Fund (Supersedes SR2214: the printed entity or table label is context, not a measurement basis; source labels retain its scope.)",RESOLVED,A+B+ADJUDICATOR,504abfe06fcde5e187ef74247e28f97eecec00313f5079c91e05fbdaea023159
b6fa2d090e89fe5effe1,SRC058,3,PAIR_BA2B4DAB8663785BD118EBE2,CONTEXT_CONFLICT,755,755,source_section|asset_class|currency_scale|evidence_quote,MERGE,"MERGE, one ruling applied to every paired row because the two lanes differ the same way on all of them and neither is complete. From B: source_section, which A left blank on all three pages although 'Real Estate Portfolio' is printed above the table on pages 1 and 2 and 'REITS' and 'Separate Accounts' above their own tables on page 3; source_table on pages 1 and 2, because A's 'UNTITLED_TABLE_1' is a placeholder the page never prints; and asset_class 'Real Estate', the printed grouping that governs every row. From A: source_column_label and metric_name 'Total Capital Contributed' and 'Total Capital Distributed', because the header wraps 'Total Capital' onto its own line above each of those two columns separately instead of spanning them, and page 3 prints 'Total Capital Distributed' on one line where both lanes agree; currency_scale, which A correctly leaves blank on irr and tvpi rows while B stamps '($ in millions)' onto a percentage and a multiple; and evidence_quote, because A cites the full printed partnership line while B cites the bare value, which proves only that those digits occur somewhere on the page. subject_type corrected to 'fund' on every partnership row: both lanes wrote 'investment', but the entity column is headed 'Partnership' and each row is a named vehicle the fund committed capital to, not a holding inside one.; Source review: p3: IRR (All report pages were reviewed; no fee-basis statement qualifies this IRR.)",RESOLVED,A+B+ADJUDICATOR,504abfe06fcde5e187ef74247e28f97eecec00313f5079c91e05fbdaea023159
520e8c0dffd890b10081,SRC058,3,PAIR_04C614EA061EF338CA841A6F,CONTEXT_CONFLICT,756,756,source_section|asset_class|evidence_quote,MERGE,"MERGE, one ruling applied to every paired row because the two lanes differ the same way on all of them and neither is complete. From B: source_section, which A left blank on all three pages although 'Real Estate Portfolio' is printed above the table on pages 1 and 2 and 'REITS' and 'Separate Accounts' above their own tables on page 3; source_table on pages 1 and 2, because A's 'UNTITLED_TABLE_1' is a placeholder the page never prints; and asset_class 'Real Estate', the printed grouping that governs every row. From A: source_column_label and metric_name 'Total Capital Contributed' and 'Total Capital Distributed', because the header wraps 'Total Capital' onto its own line above each of those two columns separately instead of spanning them, and page 3 prints 'Total Capital Distributed' on one line where both lanes agree; currency_scale, which A correctly leaves blank on irr and tvpi rows while B stamps '($ in millions)' onto a percentage and a multiple; and evidence_quote, because A cites the full printed partnership line while B cites the bare value, which proves only that those digits occur somewhere on the page. subject_type corrected to 'fund' on every partnership row: both lanes wrote 'investment', but the entity column is headed 'Partnership' and each row is a named vehicle the fund committed capital to, not a holding inside one.",RESOLVED,A+B+ADJUDICATOR,504abfe06fcde5e187ef74247e28f97eecec00313f5079c91e05fbdaea023159
7ec189603e2c437338f0,SRC058,3,PAIR_54DAB3A7B58B96D696AF9F45,CONTEXT_CONFLICT,757,757,source_section|asset_class|evidence_quote,MERGE,"MERGE, one ruling applied to every paired row because the two lanes differ the same way on all of them and neither is complete. From B: source_section, which A left blank on all three pages although 'Real Estate Portfolio' is printed above the table on pages 1 and 2 and 'REITS' and 'Separate Accounts' above their own tables on page 3; source_table on pages 1 and 2, because A's 'UNTITLED_TABLE_1' is a placeholder the page never prints; and asset_class 'Real Estate', the printed grouping that governs every row. From A: source_column_label and metric_name 'Total Capital Contributed' and 'Total Capital Distributed', because the header wraps 'Total Capital' onto its own line above each of those two columns separately instead of spanning them, and page 3 prints 'Total Capital Distributed' on one line where both lanes agree; currency_scale, which A correctly leaves blank on irr and tvpi rows while B stamps '($ in millions)' onto a percentage and a multiple; and evidence_quote, because A cites the full printed partnership line while B cites the bare value, which proves only that those digits occur somewhere on the page. subject_type corrected to 'fund' on every partnership row: both lanes wrote 'investment', but the entity column is headed 'Partnership' and each row is a named vehicle the fund committed capital to, not a holding inside one.; Source review: p3: Retirement Fund (The portfolio report distinguishes investor positions from its aggregate rows.) | p3: Retirement Fund (Printed heading or definition supporting the source-reviewed qualifier.) | p3: Retirement Fund (Supersedes SR2215: the printed entity or table label is context, not a measurement basis; source labels retain its scope.)",RESOLVED,A+B+ADJUDICATOR,504abfe06fcde5e187ef74247e28f97eecec00313f5079c91e05fbdaea023159
d8784054b64064f546b2,SRC058,3,PAIR_F210757BEFB9EF1C0303FD23,CONTEXT_CONFLICT,758,758,source_section|asset_class|currency_scale|evidence_quote,MERGE,"MERGE, one ruling applied to every paired row because the two lanes differ the same way on all of them and neither is complete. From B: source_section, which A left blank on all three pages although 'Real Estate Portfolio' is printed above the table on pages 1 and 2 and 'REITS' and 'Separate Accounts' above their own tables on page 3; source_table on pages 1 and 2, because A's 'UNTITLED_TABLE_1' is a placeholder the page never prints; and asset_class 'Real Estate', the printed grouping that governs every row. From A: source_column_label and metric_name 'Total Capital Contributed' and 'Total Capital Distributed', because the header wraps 'Total Capital' onto its own line above each of those two columns separately instead of spanning them, and page 3 prints 'Total Capital Distributed' on one line where both lanes agree; currency_scale, which A correctly leaves blank on irr and tvpi rows while B stamps '($ in millions)' onto a percentage and a multiple; and evidence_quote, because A cites the full printed partnership line while B cites the bare value, which proves only that those digits occur somewhere on the page. subject_type corrected to 'fund' on every partnership row: both lanes wrote 'investment', but the entity column is headed 'Partnership' and each row is a named vehicle the fund committed capital to, not a holding inside one.; Source review: p3: IRR (All report pages were reviewed; no fee-basis statement qualifies this IRR.)",RESOLVED,A+B+ADJUDICATOR,504abfe06fcde5e187ef74247e28f97eecec00313f5079c91e05fbdaea023159
2ce59c52e34bb425dc51,SRC058,3,PAIR_AB9B786CD17C2358DDF99951,CONTEXT_CONFLICT,759,759,source_section|asset_class|evidence_quote,MERGE,"MERGE, one ruling applied to every paired row because the two lanes differ the same way on all of them and neither is complete. From B: source_section, which A left blank on all three pages although 'Real Estate Portfolio' is printed above the table on pages 1 and 2 and 'REITS' and 'Separate Accounts' above their own tables on page 3; source_table on pages 1 and 2, because A's 'UNTITLED_TABLE_1' is a placeholder the page never prints; and asset_class 'Real Estate', the printed grouping that governs every row. From A: source_column_label and metric_name 'Total Capital Contributed' and 'Total Capital Distributed', because the header wraps 'Total Capital' onto its own line above each of those two columns separately instead of spanning them, and page 3 prints 'Total Capital Distributed' on one line where both lanes agree; currency_scale, which A correctly leaves blank on irr and tvpi rows while B stamps '($ in millions)' onto a percentage and a multiple; and evidence_quote, because A cites the full printed partnership line while B cites the bare value, which proves only that those digits occur somewhere on the page. subject_type corrected to 'fund' on every partnership row: both lanes wrote 'investment', but the entity column is headed 'Partnership' and each row is a named vehicle the fund committed capital to, not a holding inside one.",RESOLVED,A+B+ADJUDICATOR,504abfe06fcde5e187ef74247e28f97eecec00313f5079c91e05fbdaea023159
2d5a8648c5b9a5f46d35,SRC058,3,PAIR_37E94A76B2E62D387789B746,CONTEXT_CONFLICT,760,760,source_section|asset_class|evidence_quote,MERGE,"MERGE, one ruling applied to every paired row because the two lanes differ the same way on all of them and neither is complete. From B: source_section, which A left blank on all three pages although 'Real Estate Portfolio' is printed above the table on pages 1 and 2 and 'REITS' and 'Separate Accounts' above their own tables on page 3; source_table on pages 1 and 2, because A's 'UNTITLED_TABLE_1' is a placeholder the page never prints; and asset_class 'Real Estate', the printed grouping that governs every row. From A: source_column_label and metric_name 'Total Capital Contributed' and 'Total Capital Distributed', because the header wraps 'Total Capital' onto its own line above each of those two columns separately instead of spanning them, and page 3 prints 'Total Capital Distributed' on one line where both lanes agree; currency_scale, which A correctly leaves blank on irr and tvpi rows while B stamps '($ in millions)' onto a percentage and a multiple; and evidence_quote, because A cites the full printed partnership line while B cites the bare value, which proves only that those digits occur somewhere on the page. subject_type corrected to 'fund' on every partnership row: both lanes wrote 'investment', but the entity column is headed 'Partnership' and each row is a named vehicle the fund committed capital to, not a holding inside one.; Source review: p3: Retirement Fund (The portfolio report distinguishes investor positions from its aggregate rows.) | p3: Retirement Fund (Printed heading or definition supporting the source-reviewed qualifier.) | p3: Retirement Fund (Supersedes SR2216: the printed entity or table label is context, not a measurement basis; source labels retain its scope.)",RESOLVED,A+B+ADJUDICATOR,504abfe06fcde5e187ef74247e28f97eecec00313f5079c91e05fbdaea023159
c42c7f0440ce88f63398,SRC058,3,PAIR_E97B8FA82FBD579146E69044,CONTEXT_CONFLICT,761,761,source_section|asset_class|currency_scale|evidence_quote,MERGE,"MERGE, one ruling applied to every paired row because the two lanes differ the same way on all of them and neither is complete. From B: source_section, which A left blank on all three pages although 'Real Estate Portfolio' is printed above the table on pages 1 and 2 and 'REITS' and 'Separate Accounts' above their own tables on page 3; source_table on pages 1 and 2, because A's 'UNTITLED_TABLE_1' is a placeholder the page never prints; and asset_class 'Real Estate', the printed grouping that governs every row. From A: source_column_label and metric_name 'Total Capital Contributed' and 'Total Capital Distributed', because the header wraps 'Total Capital' onto its own line above each of those two columns separately instead of spanning them, and page 3 prints 'Total Capital Distributed' on one line where both lanes agree; currency_scale, which A correctly leaves blank on irr and tvpi rows while B stamps '($ in millions)' onto a percentage and a multiple; and evidence_quote, because A cites the full printed partnership line while B cites the bare value, which proves only that those digits occur somewhere on the page. subject_type corrected to 'fund' on every partnership row: both lanes wrote 'investment', but the entity column is headed 'Partnership' and each row is a named vehicle the fund committed capital to, not a holding inside one.; Source review: p3: IRR (All report pages were reviewed; no fee-basis statement qualifies this IRR.)",RESOLVED,A+B+ADJUDICATOR,504abfe06fcde5e187ef74247e28f97eecec00313f5079c91e05fbdaea023159
74896da78bf4cf688c86,SRC058,3,PAIR_2FED3ED6B8D2892CDFFBD202,CONTEXT_CONFLICT,762,762,source_section|asset_class|evidence_quote,MERGE,"MERGE, one ruling applied to every paired row because the two lanes differ the same way on all of them and neither is complete. From B: source_section, which A left blank on all three pages although 'Real Estate Portfolio' is printed above the table on pages 1 and 2 and 'REITS' and 'Separate Accounts' above their own tables on page 3; source_table on pages 1 and 2, because A's 'UNTITLED_TABLE_1' is a placeholder the page never prints; and asset_class 'Real Estate', the printed grouping that governs every row. From A: source_column_label and metric_name 'Total Capital Contributed' and 'Total Capital Distributed', because the header wraps 'Total Capital' onto its own line above each of those two columns separately instead of spanning them, and page 3 prints 'Total Capital Distributed' on one line where both lanes agree; currency_scale, which A correctly leaves blank on irr and tvpi rows while B stamps '($ in millions)' onto a percentage and a multiple; and evidence_quote, because A cites the full printed partnership line while B cites the bare value, which proves only that those digits occur somewhere on the page. subject_type corrected to 'fund' on every partnership row: both lanes wrote 'investment', but the entity column is headed 'Partnership' and each row is a named vehicle the fund committed capital to, not a holding inside one.",RESOLVED,A+B+ADJUDICATOR,504abfe06fcde5e187ef74247e28f97eecec00313f5079c91e05fbdaea023159
1f4616c2ad2c3b744159,SRC058,3,PAIR_9B14DA6A522495B3E4C22449,CONTEXT_CONFLICT,763,763,source_section|asset_class|evidence_quote,MERGE,"MERGE, one ruling applied to every paired row because the two lanes differ the same way on all of them and neither is complete. From B: source_section, which A left blank on all three pages although 'Real Estate Portfolio' is printed above the table on pages 1 and 2 and 'REITS' and 'Separate Accounts' above their own tables on page 3; source_table on pages 1 and 2, because A's 'UNTITLED_TABLE_1' is a placeholder the page never prints; and asset_class 'Real Estate', the printed grouping that governs every row. From A: source_column_label and metric_name 'Total Capital Contributed' and 'Total Capital Distributed', because the header wraps 'Total Capital' onto its own line above each of those two columns separately instead of spanning them, and page 3 prints 'Total Capital Distributed' on one line where both lanes agree; currency_scale, which A correctly leaves blank on irr and tvpi rows while B stamps '($ in millions)' onto a percentage and a multiple; and evidence_quote, because A cites the full printed partnership line while B cites the bare value, which proves only that those digits occur somewhere on the page. subject_type corrected to 'fund' on every partnership row: both lanes wrote 'investment', but the entity column is headed 'Partnership' and each row is a named vehicle the fund committed capital to, not a holding inside one.; Source review: p3: Retirement Fund (The portfolio report distinguishes investor positions from its aggregate rows.) | p3: Retirement Fund (Printed heading or definition supporting the source-reviewed qualifier.) | p3: Retirement Fund (Supersedes SR2217: the printed entity or table label is context, not a measurement basis; source labels retain its scope.)",RESOLVED,A+B+ADJUDICATOR,504abfe06fcde5e187ef74247e28f97eecec00313f5079c91e05fbdaea023159
78f5f0f8a217e9099d04,SRC058,3,PAIR_14BB5DB0BFAB252D77238395,CONTEXT_CONFLICT,764,764,source_section|asset_class|currency_scale|evidence_quote,MERGE,"MERGE, one ruling applied to every paired row because the two lanes differ the same way on all of them and neither is complete. From B: source_section, which A left blank on all three pages although 'Real Estate Portfolio' is printed above the table on pages 1 and 2 and 'REITS' and 'Separate Accounts' above their own tables on page 3; source_table on pages 1 and 2, because A's 'UNTITLED_TABLE_1' is a placeholder the page never prints; and asset_class 'Real Estate', the printed grouping that governs every row. From A: source_column_label and metric_name 'Total Capital Contributed' and 'Total Capital Distributed', because the header wraps 'Total Capital' onto its own line above each of those two columns separately instead of spanning them, and page 3 prints 'Total Capital Distributed' on one line where both lanes agree; currency_scale, which A correctly leaves blank on irr and tvpi rows while B stamps '($ in millions)' onto a percentage and a multiple; and evidence_quote, because A cites the full printed partnership line while B cites the bare value, which proves only that those digits occur somewhere on the page. subject_type corrected to 'fund' on every partnership row: both lanes wrote 'investment', but the entity column is headed 'Partnership' and each row is a named vehicle the fund committed capital to, not a holding inside one.; Source review: p3: IRR (All report pages were reviewed; no fee-basis statement qualifies this IRR.)",RESOLVED,A+B+ADJUDICATOR,504abfe06fcde5e187ef74247e28f97eecec00313f5079c91e05fbdaea023159
cef3427763c47fb091b2,SRC058,3,PAIR_997C054A48C6E5CC6F4EE1B8,CONTEXT_CONFLICT,765,765,source_section|asset_class|evidence_quote,MERGE,"MERGE, one ruling applied to every paired row because the two lanes differ the same way on all of them and neither is complete. From B: source_section, which A left blank on all three pages although 'Real Estate Portfolio' is printed above the table on pages 1 and 2 and 'REITS' and 'Separate Accounts' above their own tables on page 3; source_table on pages 1 and 2, because A's 'UNTITLED_TABLE_1' is a placeholder the page never prints; and asset_class 'Real Estate', the printed grouping that governs every row. From A: source_column_label and metric_name 'Total Capital Contributed' and 'Total Capital Distributed', because the header wraps 'Total Capital' onto its own line above each of those two columns separately instead of spanning them, and page 3 prints 'Total Capital Distributed' on one line where both lanes agree; currency_scale, which A correctly leaves blank on irr and tvpi rows while B stamps '($ in millions)' onto a percentage and a multiple; and evidence_quote, because A cites the full printed partnership line while B cites the bare value, which proves only that those digits occur somewhere on the page. subject_type corrected to 'fund' on every partnership row: both lanes wrote 'investment', but the entity column is headed 'Partnership' and each row is a named vehicle the fund committed capital to, not a holding inside one.",RESOLVED,A+B+ADJUDICATOR,504abfe06fcde5e187ef74247e28f97eecec00313f5079c91e05fbdaea023159
7057264cc0314e1eaa25,SRC058,3,PAIR_0B48D393C87158B134CE68A6,CONTEXT_CONFLICT,766,766,source_section|asset_class|currency_scale|evidence_quote,MERGE,"MERGE, one ruling applied to every paired row because the two lanes differ the same way on all of them and neither is complete. From B: source_section, which A left blank on all three pages although 'Real Estate Portfolio' is printed above the table on pages 1 and 2 and 'REITS' and 'Separate Accounts' above their own tables on page 3; source_table on pages 1 and 2, because A's 'UNTITLED_TABLE_1' is a placeholder the page never prints; and asset_class 'Real Estate', the printed grouping that governs every row. From A: source_column_label and metric_name 'Total Capital Contributed' and 'Total Capital Distributed', because the header wraps 'Total Capital' onto its own line above each of those two columns separately instead of spanning them, and page 3 prints 'Total Capital Distributed' on one line where both lanes agree; currency_scale, which A correctly leaves blank on irr and tvpi rows while B stamps '($ in millions)' onto a percentage and a multiple; and evidence_quote, because A cites the full printed partnership line while B cites the bare value, which proves only that those digits occur somewhere on the page. subject_type corrected to 'fund' on every partnership row: both lanes wrote 'investment', but the entity column is headed 'Partnership' and each row is a named vehicle the fund committed capital to, not a holding inside one.",RESOLVED,A+B+ADJUDICATOR,504abfe06fcde5e187ef74247e28f97eecec00313f5079c91e05fbdaea023159
e1cbf287908c825c9132,SRC058,3,PAIR_3C1010EB6DF261A7CB669D12,CONTEXT_CONFLICT,767,767,source_section|asset_class|evidence_quote,MERGE,"MERGE, one ruling applied to every paired row because the two lanes differ the same way on all of them and neither is complete. From B: source_section, which A left blank on all three pages although 'Real Estate Portfolio' is printed above the table on pages 1 and 2 and 'REITS' and 'Separate Accounts' above their own tables on page 3; source_table on pages 1 and 2, because A's 'UNTITLED_TABLE_1' is a placeholder the page never prints; and asset_class 'Real Estate', the printed grouping that governs every row. From A: source_column_label and metric_name 'Total Capital Contributed' and 'Total Capital Distributed', because the header wraps 'Total Capital' onto its own line above each of those two columns separately instead of spanning them, and page 3 prints 'Total Capital Distributed' on one line where both lanes agree; currency_scale, which A correctly leaves blank on irr and tvpi rows while B stamps '($ in millions)' onto a percentage and a multiple; and evidence_quote, because A cites the full printed partnership line while B cites the bare value, which proves only that those digits occur somewhere on the page. subject_type corrected to 'fund' on every partnership row: both lanes wrote 'investment', but the entity column is headed 'Partnership' and each row is a named vehicle the fund committed capital to, not a holding inside one.; Source review: p3: Retirement Fund (The portfolio report distinguishes investor positions from its aggregate rows.) | p3: Retirement Fund (Printed heading or definition supporting the source-reviewed qualifier.) | p3: Retirement Fund (Supersedes SR2218: the printed entity or table label is context, not a measurement basis; source labels retain its scope.)",RESOLVED,A+B+ADJUDICATOR,504abfe06fcde5e187ef74247e28f97eecec00313f5079c91e05fbdaea023159
d96c81b987c382dc8b7d,SRC058,3,PAIR_02775B290C6EFC1EF9E57DA1,CONTEXT_CONFLICT,768,768,source_section|asset_class|currency_scale|evidence_quote,MERGE,"MERGE, one ruling applied to every paired row because the two lanes differ the same way on all of them and neither is complete. From B: source_section, which A left blank on all three pages although 'Real Estate Portfolio' is printed above the table on pages 1 and 2 and 'REITS' and 'Separate Accounts' above their own tables on page 3; source_table on pages 1 and 2, because A's 'UNTITLED_TABLE_1' is a placeholder the page never prints; and asset_class 'Real Estate', the printed grouping that governs every row. From A: source_column_label and metric_name 'Total Capital Contributed' and 'Total Capital Distributed', because the header wraps 'Total Capital' onto its own line above each of those two columns separately instead of spanning them, and page 3 prints 'Total Capital Distributed' on one line where both lanes agree; currency_scale, which A correctly leaves blank on irr and tvpi rows while B stamps '($ in millions)' onto a percentage and a multiple; and evidence_quote, because A cites the full printed partnership line while B cites the bare value, which proves only that those digits occur somewhere on the page. subject_type corrected to 'fund' on every partnership row: both lanes wrote 'investment', but the entity column is headed 'Partnership' and each row is a named vehicle the fund committed capital to, not a holding inside one.; Source review: p3: IRR (All report pages were reviewed; no fee-basis statement qualifies this IRR.)",RESOLVED,A+B+ADJUDICATOR,504abfe06fcde5e187ef74247e28f97eecec00313f5079c91e05fbdaea023159
b17ae4475f36b4329f44,SRC058,3,PAIR_65350558275C53EA55ABA6A6,CONTEXT_CONFLICT,769,769,source_section|asset_class|evidence_quote,MERGE,"MERGE, one ruling applied to every paired row because the two lanes differ the same way on all of them and neither is complete. From B: source_section, which A left blank on all three pages although 'Real Estate Portfolio' is printed above the table on pages 1 and 2 and 'REITS' and 'Separate Accounts' above their own tables on page 3; source_table on pages 1 and 2, because A's 'UNTITLED_TABLE_1' is a placeholder the page never prints; and asset_class 'Real Estate', the printed grouping that governs every row. From A: source_column_label and metric_name 'Total Capital Contributed' and 'Total Capital Distributed', because the header wraps 'Total Capital' onto its own line above each of those two columns separately instead of spanning them, and page 3 prints 'Total Capital Distributed' on one line where both lanes agree; currency_scale, which A correctly leaves blank on irr and tvpi rows while B stamps '($ in millions)' onto a percentage and a multiple; and evidence_quote, because A cites the full printed partnership line while B cites the bare value, which proves only that those digits occur somewhere on the page. subject_type corrected to 'fund' on every partnership row: both lanes wrote 'investment', but the entity column is headed 'Partnership' and each row is a named vehicle the fund committed capital to, not a holding inside one.",RESOLVED,A+B+ADJUDICATOR,504abfe06fcde5e187ef74247e28f97eecec00313f5079c91e05fbdaea023159
3c17a660193504061d76,SRC058,3,PAIR_6E3330A64E1E55C6F15B394A,CONTEXT_CONFLICT,770,770,source_section|asset_class|currency_scale|evidence_quote,MERGE,"MERGE, one ruling applied to every paired row because the two lanes differ the same way on all of them and neither is complete. From B: source_section, which A left blank on all three pages although 'Real Estate Portfolio' is printed above the table on pages 1 and 2 and 'REITS' and 'Separate Accounts' above their own tables on page 3; source_table on pages 1 and 2, because A's 'UNTITLED_TABLE_1' is a placeholder the page never prints; and asset_class 'Real Estate', the printed grouping that governs every row. From A: source_column_label and metric_name 'Total Capital Contributed' and 'Total Capital Distributed', because the header wraps 'Total Capital' onto its own line above each of those two columns separately instead of spanning them, and page 3 prints 'Total Capital Distributed' on one line where both lanes agree; currency_scale, which A correctly leaves blank on irr and tvpi rows while B stamps '($ in millions)' onto a percentage and a multiple; and evidence_quote, because A cites the full printed partnership line while B cites the bare value, which proves only that those digits occur somewhere on the page. subject_type corrected to 'fund' on every partnership row: both lanes wrote 'investment', but the entity column is headed 'Partnership' and each row is a named vehicle the fund committed capital to, not a holding inside one.",RESOLVED,A+B+ADJUDICATOR,504abfe06fcde5e187ef74247e28f97eecec00313f5079c91e05fbdaea023159
d50f2cf1933d795de412,SRC058,3,PAIR_7F503994EEF1A2082A35B33A,CONTEXT_CONFLICT,771,771,source_section|asset_class|evidence_quote,MERGE,"MERGE, one ruling applied to every paired row because the two lanes differ the same way on all of them and neither is complete. From B: source_section, which A left blank on all three pages although 'Real Estate Portfolio' is printed above the table on pages 1 and 2 and 'REITS' and 'Separate Accounts' above their own tables on page 3; source_table on pages 1 and 2, because A's 'UNTITLED_TABLE_1' is a placeholder the page never prints; and asset_class 'Real Estate', the printed grouping that governs every row. From A: source_column_label and metric_name 'Total Capital Contributed' and 'Total Capital Distributed', because the header wraps 'Total Capital' onto its own line above each of those two columns separately instead of spanning them, and page 3 prints 'Total Capital Distributed' on one line where both lanes agree; currency_scale, which A correctly leaves blank on irr and tvpi rows while B stamps '($ in millions)' onto a percentage and a multiple; and evidence_quote, because A cites the full printed partnership line while B cites the bare value, which proves only that those digits occur somewhere on the page. subject_type corrected to 'fund' on every partnership row: both lanes wrote 'investment', but the entity column is headed 'Partnership' and each row is a named vehicle the fund committed capital to, not a holding inside one.; Source review: p3: Retirement Fund (The portfolio report distinguishes investor positions from its aggregate rows.) | p3: Retirement Fund (Printed heading or definition supporting the source-reviewed qualifier.) | p3: Retirement Fund (Supersedes SR2219: the printed entity or table label is context, not a measurement basis; source labels retain its scope.)",RESOLVED,A+B+ADJUDICATOR,504abfe06fcde5e187ef74247e28f97eecec00313f5079c91e05fbdaea023159
ad9d3ddff9ae63493d29,SRC058,3,PAIR_EC520E74088ABDFB5A0F6633,CONTEXT_CONFLICT,772,772,source_section|asset_class|currency_scale|evidence_quote,MERGE,"MERGE, one ruling applied to every paired row because the two lanes differ the same way on all of them and neither is complete. From B: source_section, which A left blank on all three pages although 'Real Estate Portfolio' is printed above the table on pages 1 and 2 and 'REITS' and 'Separate Accounts' above their own tables on page 3; source_table on pages 1 and 2, because A's 'UNTITLED_TABLE_1' is a placeholder the page never prints; and asset_class 'Real Estate', the printed grouping that governs every row. From A: source_column_label and metric_name 'Total Capital Contributed' and 'Total Capital Distributed', because the header wraps 'Total Capital' onto its own line above each of those two columns separately instead of spanning them, and page 3 prints 'Total Capital Distributed' on one line where both lanes agree; currency_scale, which A correctly leaves blank on irr and tvpi rows while B stamps '($ in millions)' onto a percentage and a multiple; and evidence_quote, because A cites the full printed partnership line while B cites the bare value, which proves only that those digits occur somewhere on the page. subject_type corrected to 'fund' on every partnership row: both lanes wrote 'investment', but the entity column is headed 'Partnership' and each row is a named vehicle the fund committed capital to, not a holding inside one.; Source review: p3: IRR (All report pages were reviewed; no fee-basis statement qualifies this IRR.)",RESOLVED,A+B+ADJUDICATOR,504abfe06fcde5e187ef74247e28f97eecec00313f5079c91e05fbdaea023159
735a2f9c57e9cc19e1b0,SRC058,3,PAIR_E27FB46608DCB3471A6A8B71,CONTEXT_CONFLICT,773,773,source_section|asset_class|evidence_quote,MERGE,"MERGE, one ruling applied to every paired row because the two lanes differ the same way on all of them and neither is complete. From B: source_section, which A left blank on all three pages although 'Real Estate Portfolio' is printed above the table on pages 1 and 2 and 'REITS' and 'Separate Accounts' above their own tables on page 3; source_table on pages 1 and 2, because A's 'UNTITLED_TABLE_1' is a placeholder the page never prints; and asset_class 'Real Estate', the printed grouping that governs every row. From A: source_column_label and metric_name 'Total Capital Contributed' and 'Total Capital Distributed', because the header wraps 'Total Capital' onto its own line above each of those two columns separately instead of spanning them, and page 3 prints 'Total Capital Distributed' on one line where both lanes agree; currency_scale, which A correctly leaves blank on irr and tvpi rows while B stamps '($ in millions)' onto a percentage and a multiple; and evidence_quote, because A cites the full printed partnership line while B cites the bare value, which proves only that those digits occur somewhere on the page. subject_type corrected to 'fund' on every partnership row: both lanes wrote 'investment', but the entity column is headed 'Partnership' and each row is a named vehicle the fund committed capital to, not a holding inside one.",RESOLVED,A+B+ADJUDICATOR,504abfe06fcde5e187ef74247e28f97eecec00313f5079c91e05fbdaea023159
cf50a9cb6597650e7618,SRC058,3,PAIR_D8AABA3B43C644A1B8FD9C7F,CONTEXT_CONFLICT,774,774,source_section|asset_class|currency_scale|evidence_quote,MERGE,"MERGE, one ruling applied to every paired row because the two lanes differ the same way on all of them and neither is complete. From B: source_section, which A left blank on all three pages although 'Real Estate Portfolio' is printed above the table on pages 1 and 2 and 'REITS' and 'Separate Accounts' above their own tables on page 3; source_table on pages 1 and 2, because A's 'UNTITLED_TABLE_1' is a placeholder the page never prints; and asset_class 'Real Estate', the printed grouping that governs every row. From A: source_column_label and metric_name 'Total Capital Contributed' and 'Total Capital Distributed', because the header wraps 'Total Capital' onto its own line above each of those two columns separately instead of spanning them, and page 3 prints 'Total Capital Distributed' on one line where both lanes agree; currency_scale, which A correctly leaves blank on irr and tvpi rows while B stamps '($ in millions)' onto a percentage and a multiple; and evidence_quote, because A cites the full printed partnership line while B cites the bare value, which proves only that those digits occur somewhere on the page. subject_type corrected to 'fund' on every partnership row: both lanes wrote 'investment', but the entity column is headed 'Partnership' and each row is a named vehicle the fund committed capital to, not a holding inside one.",RESOLVED,A+B+ADJUDICATOR,504abfe06fcde5e187ef74247e28f97eecec00313f5079c91e05fbdaea023159
dc65bdfb767949af07c6,SRC058,3,PAIR_5C18E83A5029FCF068AEB6B3,CONTEXT_CONFLICT,775,775,source_section|asset_class|evidence_quote,MERGE,"MERGE, one ruling applied to every paired row because the two lanes differ the same way on all of them and neither is complete. From B: source_section, which A left blank on all three pages although 'Real Estate Portfolio' is printed above the table on pages 1 and 2 and 'REITS' and 'Separate Accounts' above their own tables on page 3; source_table on pages 1 and 2, because A's 'UNTITLED_TABLE_1' is a placeholder the page never prints; and asset_class 'Real Estate', the printed grouping that governs every row. From A: source_column_label and metric_name 'Total Capital Contributed' and 'Total Capital Distributed', because the header wraps 'Total Capital' onto its own line above each of those two columns separately instead of spanning them, and page 3 prints 'Total Capital Distributed' on one line where both lanes agree; currency_scale, which A correctly leaves blank on irr and tvpi rows while B stamps '($ in millions)' onto a percentage and a multiple; and evidence_quote, because A cites the full printed partnership line while B cites the bare value, which proves only that those digits occur somewhere on the page. subject_type corrected to 'fund' on every partnership row: both lanes wrote 'investment', but the entity column is headed 'Partnership' and each row is a named vehicle the fund committed capital to, not a holding inside one. Post-extraction identity review: the printed row is an aggregate or account scope, not a separately named investment fund.; post-extraction identity review corrected notes against the printed source grain; Source review: p3: Retirement Fund (The portfolio report distinguishes investor positions from its aggregate rows.) | p3: Retirement Fund (Printed heading or definition supporting the source-reviewed qualifier.) | p3: Retirement Fund (Supersedes SR2220: the printed entity or table label is context, not a measurement basis; source labels retain its scope.)",RESOLVED,A+B+ADJUDICATOR,504abfe06fcde5e187ef74247e28f97eecec00313f5079c91e05fbdaea023159
df41c9c747ad31f36fac,SRC058,3,PAIR_D48485543DC8927151C7B46E,CONTEXT_CONFLICT,776,776,source_section|asset_class|currency_scale|evidence_quote,MERGE,"MERGE, one ruling applied to every paired row because the two lanes differ the same way on all of them and neither is complete. From B: source_section, which A left blank on all three pages although 'Real Estate Portfolio' is printed above the table on pages 1 and 2 and 'REITS' and 'Separate Accounts' above their own tables on page 3; source_table on pages 1 and 2, because A's 'UNTITLED_TABLE_1' is a placeholder the page never prints; and asset_class 'Real Estate', the printed grouping that governs every row. From A: source_column_label and metric_name 'Total Capital Contributed' and 'Total Capital Distributed', because the header wraps 'Total Capital' onto its own line above each of those two columns separately instead of spanning them, and page 3 prints 'Total Capital Distributed' on one line where both lanes agree; currency_scale, which A correctly leaves blank on irr and tvpi rows while B stamps '($ in millions)' onto a percentage and a multiple; and evidence_quote, because A cites the full printed partnership line while B cites the bare value, which proves only that those digits occur somewhere on the page. subject_type corrected to 'fund' on every partnership row: both lanes wrote 'investment', but the entity column is headed 'Partnership' and each row is a named vehicle the fund committed capital to, not a holding inside one. Post-extraction identity review: the printed row is an aggregate or account scope, not a separately named investment fund.; post-extraction identity review corrected notes against the printed source grain; Source review: p3: IRR (All report pages were reviewed; no fee-basis statement qualifies this IRR.)",RESOLVED,A+B+ADJUDICATOR,504abfe06fcde5e187ef74247e28f97eecec00313f5079c91e05fbdaea023159
617041f6c12844c34315,SRC058,3,PAIR_878ACD9438B5ACD29B35DF48,CONTEXT_CONFLICT,777,777,source_section|asset_class|evidence_quote,MERGE,"MERGE, one ruling applied to every paired row because the two lanes differ the same way on all of them and neither is complete. From B: source_section, which A left blank on all three pages although 'Real Estate Portfolio' is printed above the table on pages 1 and 2 and 'REITS' and 'Separate Accounts' above their own tables on page 3; source_table on pages 1 and 2, because A's 'UNTITLED_TABLE_1' is a placeholder the page never prints; and asset_class 'Real Estate', the printed grouping that governs every row. From A: source_column_label and metric_name 'Total Capital Contributed' and 'Total Capital Distributed', because the header wraps 'Total Capital' onto its own line above each of those two columns separately instead of spanning them, and page 3 prints 'Total Capital Distributed' on one line where both lanes agree; currency_scale, which A correctly leaves blank on irr and tvpi rows while B stamps '($ in millions)' onto a percentage and a multiple; and evidence_quote, because A cites the full printed partnership line while B cites the bare value, which proves only that those digits occur somewhere on the page. subject_type corrected to 'fund' on every partnership row: both lanes wrote 'investment', but the entity column is headed 'Partnership' and each row is a named vehicle the fund committed capital to, not a holding inside one. Post-extraction identity review: the printed row is an aggregate or account scope, not a separately named investment fund.; post-extraction identity review corrected notes against the printed source grain",RESOLVED,A+B+ADJUDICATOR,504abfe06fcde5e187ef74247e28f97eecec00313f5079c91e05fbdaea023159
fc020305fee2cf46618d,SRC058,3,PAIR_F1707603A7B261A9A9421333,CONTEXT_CONFLICT,778,778,source_section|asset_class|currency_scale|evidence_quote,MERGE,"MERGE, one ruling applied to every paired row because the two lanes differ the same way on all of them and neither is complete. From B: source_section, which A left blank on all three pages although 'Real Estate Portfolio' is printed above the table on pages 1 and 2 and 'REITS' and 'Separate Accounts' above their own tables on page 3; source_table on pages 1 and 2, because A's 'UNTITLED_TABLE_1' is a placeholder the page never prints; and asset_class 'Real Estate', the printed grouping that governs every row. From A: source_column_label and metric_name 'Total Capital Contributed' and 'Total Capital Distributed', because the header wraps 'Total Capital' onto its own line above each of those two columns separately instead of spanning them, and page 3 prints 'Total Capital Distributed' on one line where both lanes agree; currency_scale, which A correctly leaves blank on irr and tvpi rows while B stamps '($ in millions)' onto a percentage and a multiple; and evidence_quote, because A cites the full printed partnership line while B cites the bare value, which proves only that those digits occur somewhere on the page. subject_type corrected to 'fund' on every partnership row: both lanes wrote 'investment', but the entity column is headed 'Partnership' and each row is a named vehicle the fund committed capital to, not a holding inside one. Post-extraction identity review: the printed row is an aggregate or account scope, not a separately named investment fund.; post-extraction identity review corrected notes against the printed source grain",RESOLVED,A+B+ADJUDICATOR,504abfe06fcde5e187ef74247e28f97eecec00313f5079c91e05fbdaea023159
6d22b9c67f98d1845b49,SRC058,3,PAIR_F93900335D03A481AAD3DCBB,CONTEXT_CONFLICT,779,779,source_section|asset_class|evidence_quote,MERGE,"MERGE, one ruling applied to every paired row because the two lanes differ the same way on all of them and neither is complete. From B: source_section, which A left blank on all three pages although 'Real Estate Portfolio' is printed above the table on pages 1 and 2 and 'REITS' and 'Separate Accounts' above their own tables on page 3; source_table on pages 1 and 2, because A's 'UNTITLED_TABLE_1' is a placeholder the page never prints; and asset_class 'Real Estate', the printed grouping that governs every row. From A: source_column_label and metric_name 'Total Capital Contributed' and 'Total Capital Distributed', because the header wraps 'Total Capital' onto its own line above each of those two columns separately instead of spanning them, and page 3 prints 'Total Capital Distributed' on one line where both lanes agree; currency_scale, which A correctly leaves blank on irr and tvpi rows while B stamps '($ in millions)' onto a percentage and a multiple; and evidence_quote, because A cites the full printed partnership line while B cites the bare value, which proves only that those digits occur somewhere on the page. subject_type corrected to 'fund' on every partnership row: both lanes wrote 'investment', but the entity column is headed 'Partnership' and each row is a named vehicle the fund committed capital to, not a holding inside one.; Source review: p3: Retirement Fund (The portfolio report distinguishes investor positions from its aggregate rows.) | p3: Retirement Fund (Printed heading or definition supporting the source-reviewed qualifier.) | p3: Retirement Fund (Supersedes SR2221: the printed entity or table label is context, not a measurement basis; source labels retain its scope.)",RESOLVED,A+B+ADJUDICATOR,504abfe06fcde5e187ef74247e28f97eecec00313f5079c91e05fbdaea023159
2d2fc4f546a12b358bd9,SRC058,3,PAIR_551E5D1F03A6477F24F8FA68,CONTEXT_CONFLICT,780,780,source_section|asset_class|currency_scale|evidence_quote,MERGE,"MERGE, one ruling applied to every paired row because the two lanes differ the same way on all of them and neither is complete. From B: source_section, which A left blank on all three pages although 'Real Estate Portfolio' is printed above the table on pages 1 and 2 and 'REITS' and 'Separate Accounts' above their own tables on page 3; source_table on pages 1 and 2, because A's 'UNTITLED_TABLE_1' is a placeholder the page never prints; and asset_class 'Real Estate', the printed grouping that governs every row. From A: source_column_label and metric_name 'Total Capital Contributed' and 'Total Capital Distributed', because the header wraps 'Total Capital' onto its own line above each of those two columns separately instead of spanning them, and page 3 prints 'Total Capital Distributed' on one line where both lanes agree; currency_scale, which A correctly leaves blank on irr and tvpi rows while B stamps '($ in millions)' onto a percentage and a multiple; and evidence_quote, because A cites the full printed partnership line while B cites the bare value, which proves only that those digits occur somewhere on the page. subject_type corrected to 'fund' on every partnership row: both lanes wrote 'investment', but the entity column is headed 'Partnership' and each row is a named vehicle the fund committed capital to, not a holding inside one.; Source review: p3: IRR (All report pages were reviewed; no fee-basis statement qualifies this IRR.)",RESOLVED,A+B+ADJUDICATOR,504abfe06fcde5e187ef74247e28f97eecec00313f5079c91e05fbdaea023159
d95c45e3ef737c08692e,SRC058,3,PAIR_3FD8DB0343733A915C82A1D9,CONTEXT_CONFLICT,781,781,source_section|asset_class|evidence_quote,MERGE,"MERGE, one ruling applied to every paired row because the two lanes differ the same way on all of them and neither is complete. From B: source_section, which A left blank on all three pages although 'Real Estate Portfolio' is printed above the table on pages 1 and 2 and 'REITS' and 'Separate Accounts' above their own tables on page 3; source_table on pages 1 and 2, because A's 'UNTITLED_TABLE_1' is a placeholder the page never prints; and asset_class 'Real Estate', the printed grouping that governs every row. From A: source_column_label and metric_name 'Total Capital Contributed' and 'Total Capital Distributed', because the header wraps 'Total Capital' onto its own line above each of those two columns separately instead of spanning them, and page 3 prints 'Total Capital Distributed' on one line where both lanes agree; currency_scale, which A correctly leaves blank on irr and tvpi rows while B stamps '($ in millions)' onto a percentage and a multiple; and evidence_quote, because A cites the full printed partnership line while B cites the bare value, which proves only that those digits occur somewhere on the page. subject_type corrected to 'fund' on every partnership row: both lanes wrote 'investment', but the entity column is headed 'Partnership' and each row is a named vehicle the fund committed capital to, not a holding inside one.",RESOLVED,A+B+ADJUDICATOR,504abfe06fcde5e187ef74247e28f97eecec00313f5079c91e05fbdaea023159
9e9a83bad66830ef614e,SRC058,3,PAIR_3F54EE1C46B698293716E759,CONTEXT_CONFLICT,782,782,source_section|asset_class|currency_scale|evidence_quote,MERGE,"MERGE, one ruling applied to every paired row because the two lanes differ the same way on all of them and neither is complete. From B: source_section, which A left blank on all three pages although 'Real Estate Portfolio' is printed above the table on pages 1 and 2 and 'REITS' and 'Separate Accounts' above their own tables on page 3; source_table on pages 1 and 2, because A's 'UNTITLED_TABLE_1' is a placeholder the page never prints; and asset_class 'Real Estate', the printed grouping that governs every row. From A: source_column_label and metric_name 'Total Capital Contributed' and 'Total Capital Distributed', because the header wraps 'Total Capital' onto its own line above each of those two columns separately instead of spanning them, and page 3 prints 'Total Capital Distributed' on one line where both lanes agree; currency_scale, which A correctly leaves blank on irr and tvpi rows while B stamps '($ in millions)' onto a percentage and a multiple; and evidence_quote, because A cites the full printed partnership line while B cites the bare value, which proves only that those digits occur somewhere on the page. subject_type corrected to 'fund' on every partnership row: both lanes wrote 'investment', but the entity column is headed 'Partnership' and each row is a named vehicle the fund committed capital to, not a holding inside one.",RESOLVED,A+B+ADJUDICATOR,504abfe06fcde5e187ef74247e28f97eecec00313f5079c91e05fbdaea023159
275d185601a7a592df34,SRC058,3,PAIR_3841BC34D42408F216710A57,CONTEXT_CONFLICT,783,783,source_section|asset_class|evidence_quote,MERGE,"MERGE, one ruling applied to every paired row because the two lanes differ the same way on all of them and neither is complete. From B: source_section, which A left blank on all three pages although 'Real Estate Portfolio' is printed above the table on pages 1 and 2 and 'REITS' and 'Separate Accounts' above their own tables on page 3; source_table on pages 1 and 2, because A's 'UNTITLED_TABLE_1' is a placeholder the page never prints; and asset_class 'Real Estate', the printed grouping that governs every row. From A: source_column_label and metric_name 'Total Capital Contributed' and 'Total Capital Distributed', because the header wraps 'Total Capital' onto its own line above each of those two columns separately instead of spanning them, and page 3 prints 'Total Capital Distributed' on one line where both lanes agree; currency_scale, which A correctly leaves blank on irr and tvpi rows while B stamps '($ in millions)' onto a percentage and a multiple; and evidence_quote, because A cites the full printed partnership line while B cites the bare value, which proves only that those digits occur somewhere on the page. subject_type corrected to 'fund' on every partnership row: both lanes wrote 'investment', but the entity column is headed 'Partnership' and each row is a named vehicle the fund committed capital to, not a holding inside one.; Source review: p3: Retirement Fund (The portfolio report distinguishes investor positions from its aggregate rows.) | p3: Retirement Fund (Printed heading or definition supporting the source-reviewed qualifier.) | p3: Retirement Fund (Supersedes SR2222: the printed entity or table label is context, not a measurement basis; source labels retain its scope.)",RESOLVED,A+B+ADJUDICATOR,504abfe06fcde5e187ef74247e28f97eecec00313f5079c91e05fbdaea023159
dbd89bcfcc0dac13900e,SRC058,3,PAIR_AF4CB2316295379697CA9379,CONTEXT_CONFLICT,784,784,source_section|asset_class|currency_scale|evidence_quote,MERGE,"MERGE, one ruling applied to every paired row because the two lanes differ the same way on all of them and neither is complete. From B: source_section, which A left blank on all three pages although 'Real Estate Portfolio' is printed above the table on pages 1 and 2 and 'REITS' and 'Separate Accounts' above their own tables on page 3; source_table on pages 1 and 2, because A's 'UNTITLED_TABLE_1' is a placeholder the page never prints; and asset_class 'Real Estate', the printed grouping that governs every row. From A: source_column_label and metric_name 'Total Capital Contributed' and 'Total Capital Distributed', because the header wraps 'Total Capital' onto its own line above each of those two columns separately instead of spanning them, and page 3 prints 'Total Capital Distributed' on one line where both lanes agree; currency_scale, which A correctly leaves blank on irr and tvpi rows while B stamps '($ in millions)' onto a percentage and a multiple; and evidence_quote, because A cites the full printed partnership line while B cites the bare value, which proves only that those digits occur somewhere on the page. subject_type corrected to 'fund' on every partnership row: both lanes wrote 'investment', but the entity column is headed 'Partnership' and each row is a named vehicle the fund committed capital to, not a holding inside one.; Source review: p3: IRR (All report pages were reviewed; no fee-basis statement qualifies this IRR.)",RESOLVED,A+B+ADJUDICATOR,504abfe06fcde5e187ef74247e28f97eecec00313f5079c91e05fbdaea023159
431298b30e50e2c48e12,SRC058,3,PAIR_79104C816667D6B3E8193D95,CONTEXT_CONFLICT,785,785,source_section|asset_class|evidence_quote,MERGE,"MERGE, one ruling applied to every paired row because the two lanes differ the same way on all of them and neither is complete. From B: source_section, which A left blank on all three pages although 'Real Estate Portfolio' is printed above the table on pages 1 and 2 and 'REITS' and 'Separate Accounts' above their own tables on page 3; source_table on pages 1 and 2, because A's 'UNTITLED_TABLE_1' is a placeholder the page never prints; and asset_class 'Real Estate', the printed grouping that governs every row. From A: source_column_label and metric_name 'Total Capital Contributed' and 'Total Capital Distributed', because the header wraps 'Total Capital' onto its own line above each of those two columns separately instead of spanning them, and page 3 prints 'Total Capital Distributed' on one line where both lanes agree; currency_scale, which A correctly leaves blank on irr and tvpi rows while B stamps '($ in millions)' onto a percentage and a multiple; and evidence_quote, because A cites the full printed partnership line while B cites the bare value, which proves only that those digits occur somewhere on the page. subject_type corrected to 'fund' on every partnership row: both lanes wrote 'investment', but the entity column is headed 'Partnership' and each row is a named vehicle the fund committed capital to, not a holding inside one.",RESOLVED,A+B+ADJUDICATOR,504abfe06fcde5e187ef74247e28f97eecec00313f5079c91e05fbdaea023159
c0c329542b9ac8696e2d,SRC058,3,PAIR_5DEE4FA16822E9DCF17977D4,CONTEXT_CONFLICT,786,786,source_section|asset_class|currency_scale|evidence_quote,MERGE,"MERGE, one ruling applied to every paired row because the two lanes differ the same way on all of them and neither is complete. From B: source_section, which A left blank on all three pages although 'Real Estate Portfolio' is printed above the table on pages 1 and 2 and 'REITS' and 'Separate Accounts' above their own tables on page 3; source_table on pages 1 and 2, because A's 'UNTITLED_TABLE_1' is a placeholder the page never prints; and asset_class 'Real Estate', the printed grouping that governs every row. From A: source_column_label and metric_name 'Total Capital Contributed' and 'Total Capital Distributed', because the header wraps 'Total Capital' onto its own line above each of those two columns separately instead of spanning them, and page 3 prints 'Total Capital Distributed' on one line where both lanes agree; currency_scale, which A correctly leaves blank on irr and tvpi rows while B stamps '($ in millions)' onto a percentage and a multiple; and evidence_quote, because A cites the full printed partnership line while B cites the bare value, which proves only that those digits occur somewhere on the page. subject_type corrected to 'fund' on every partnership row: both lanes wrote 'investment', but the entity column is headed 'Partnership' and each row is a named vehicle the fund committed capital to, not a holding inside one.",RESOLVED,A+B+ADJUDICATOR,504abfe06fcde5e187ef74247e28f97eecec00313f5079c91e05fbdaea023159
121256bcc35a6d8659b6,SRC058,3,PAIR_B0C21EAF9A69FEF9517D6DE7,CONTEXT_CONFLICT,787,787,source_section|asset_class|evidence_quote,MERGE,"MERGE, one ruling applied to every paired row because the two lanes differ the same way on all of them and neither is complete. From B: source_section, which A left blank on all three pages although 'Real Estate Portfolio' is printed above the table on pages 1 and 2 and 'REITS' and 'Separate Accounts' above their own tables on page 3; source_table on pages 1 and 2, because A's 'UNTITLED_TABLE_1' is a placeholder the page never prints; and asset_class 'Real Estate', the printed grouping that governs every row. From A: source_column_label and metric_name 'Total Capital Contributed' and 'Total Capital Distributed', because the header wraps 'Total Capital' onto its own line above each of those two columns separately instead of spanning them, and page 3 prints 'Total Capital Distributed' on one line where both lanes agree; currency_scale, which A correctly leaves blank on irr and tvpi rows while B stamps '($ in millions)' onto a percentage and a multiple; and evidence_quote, because A cites the full printed partnership line while B cites the bare value, which proves only that those digits occur somewhere on the page. subject_type corrected to 'fund' on every partnership row: both lanes wrote 'investment', but the entity column is headed 'Partnership' and each row is a named vehicle the fund committed capital to, not a holding inside one.; Source review: p3: Retirement Fund (The portfolio report distinguishes investor positions from its aggregate rows.) | p3: Retirement Fund (Printed heading or definition supporting the source-reviewed qualifier.) | p3: Retirement Fund (Supersedes SR2223: the printed entity or table label is context, not a measurement basis; source labels retain its scope.)",RESOLVED,A+B+ADJUDICATOR,504abfe06fcde5e187ef74247e28f97eecec00313f5079c91e05fbdaea023159
3b20e050be051a7f7675,SRC058,3,PAIR_EC07FC04B053C412A5411849,CONTEXT_CONFLICT,788,788,source_section|asset_class|currency_scale|evidence_quote,MERGE,"MERGE, one ruling applied to every paired row because the two lanes differ the same way on all of them and neither is complete. From B: source_section, which A left blank on all three pages although 'Real Estate Portfolio' is printed above the table on pages 1 and 2 and 'REITS' and 'Separate Accounts' above their own tables on page 3; source_table on pages 1 and 2, because A's 'UNTITLED_TABLE_1' is a placeholder the page never prints; and asset_class 'Real Estate', the printed grouping that governs every row. From A: source_column_label and metric_name 'Total Capital Contributed' and 'Total Capital Distributed', because the header wraps 'Total Capital' onto its own line above each of those two columns separately instead of spanning them, and page 3 prints 'Total Capital Distributed' on one line where both lanes agree; currency_scale, which A correctly leaves blank on irr and tvpi rows while B stamps '($ in millions)' onto a percentage and a multiple; and evidence_quote, because A cites the full printed partnership line while B cites the bare value, which proves only that those digits occur somewhere on the page. subject_type corrected to 'fund' on every partnership row: both lanes wrote 'investment', but the entity column is headed 'Partnership' and each row is a named vehicle the fund committed capital to, not a holding inside one.; Source review: p3: IRR (All report pages were reviewed; no fee-basis statement qualifies this IRR.)",RESOLVED,A+B+ADJUDICATOR,504abfe06fcde5e187ef74247e28f97eecec00313f5079c91e05fbdaea023159
c8976edf9483de1cabb9,SRC058,3,PAIR_3CBFFE350245FB21BEE55AF8,CONTEXT_CONFLICT,789,789,source_section|asset_class|evidence_quote,MERGE,"MERGE, one ruling applied to every paired row because the two lanes differ the same way on all of them and neither is complete. From B: source_section, which A left blank on all three pages although 'Real Estate Portfolio' is printed above the table on pages 1 and 2 and 'REITS' and 'Separate Accounts' above their own tables on page 3; source_table on pages 1 and 2, because A's 'UNTITLED_TABLE_1' is a placeholder the page never prints; and asset_class 'Real Estate', the printed grouping that governs every row. From A: source_column_label and metric_name 'Total Capital Contributed' and 'Total Capital Distributed', because the header wraps 'Total Capital' onto its own line above each of those two columns separately instead of spanning them, and page 3 prints 'Total Capital Distributed' on one line where both lanes agree; currency_scale, which A correctly leaves blank on irr and tvpi rows while B stamps '($ in millions)' onto a percentage and a multiple; and evidence_quote, because A cites the full printed partnership line while B cites the bare value, which proves only that those digits occur somewhere on the page. subject_type corrected to 'fund' on every partnership row: both lanes wrote 'investment', but the entity column is headed 'Partnership' and each row is a named vehicle the fund committed capital to, not a holding inside one.",RESOLVED,A+B+ADJUDICATOR,504abfe06fcde5e187ef74247e28f97eecec00313f5079c91e05fbdaea023159
42e984d243e98e8bc58e,SRC058,3,PAIR_17B414EE8F9602F0DAA7463D,CONTEXT_CONFLICT,790,790,source_section|asset_class|currency_scale|evidence_quote,MERGE,"MERGE, one ruling applied to every paired row because the two lanes differ the same way on all of them and neither is complete. From B: source_section, which A left blank on all three pages although 'Real Estate Portfolio' is printed above the table on pages 1 and 2 and 'REITS' and 'Separate Accounts' above their own tables on page 3; source_table on pages 1 and 2, because A's 'UNTITLED_TABLE_1' is a placeholder the page never prints; and asset_class 'Real Estate', the printed grouping that governs every row. From A: source_column_label and metric_name 'Total Capital Contributed' and 'Total Capital Distributed', because the header wraps 'Total Capital' onto its own line above each of those two columns separately instead of spanning them, and page 3 prints 'Total Capital Distributed' on one line where both lanes agree; currency_scale, which A correctly leaves blank on irr and tvpi rows while B stamps '($ in millions)' onto a percentage and a multiple; and evidence_quote, because A cites the full printed partnership line while B cites the bare value, which proves only that those digits occur somewhere on the page. subject_type corrected to 'fund' on every partnership row: both lanes wrote 'investment', but the entity column is headed 'Partnership' and each row is a named vehicle the fund committed capital to, not a holding inside one.",RESOLVED,A+B+ADJUDICATOR,504abfe06fcde5e187ef74247e28f97eecec00313f5079c91e05fbdaea023159
759b122e51337229942f,SRC058,3,PAIR_A90F9814E8C0CF0BDFE9400B,CONTEXT_CONFLICT,791,791,source_section|asset_class|evidence_quote,MERGE,"MERGE, one ruling applied to every paired row because the two lanes differ the same way on all of them and neither is complete. From B: source_section, which A left blank on all three pages although 'Real Estate Portfolio' is printed above the table on pages 1 and 2 and 'REITS' and 'Separate Accounts' above their own tables on page 3; source_table on pages 1 and 2, because A's 'UNTITLED_TABLE_1' is a placeholder the page never prints; and asset_class 'Real Estate', the printed grouping that governs every row. From A: source_column_label and metric_name 'Total Capital Contributed' and 'Total Capital Distributed', because the header wraps 'Total Capital' onto its own line above each of those two columns separately instead of spanning them, and page 3 prints 'Total Capital Distributed' on one line where both lanes agree; currency_scale, which A correctly leaves blank on irr and tvpi rows while B stamps '($ in millions)' onto a percentage and a multiple; and evidence_quote, because A cites the full printed partnership line while B cites the bare value, which proves only that those digits occur somewhere on the page. subject_type corrected to 'fund' on every partnership row: both lanes wrote 'investment', but the entity column is headed 'Partnership' and each row is a named vehicle the fund committed capital to, not a holding inside one.; Source review: p3: Retirement Fund (The portfolio report distinguishes investor positions from its aggregate rows.) | p3: Retirement Fund (Printed heading or definition supporting the source-reviewed qualifier.) | p3: Retirement Fund (Supersedes SR2224: the printed entity or table label is context, not a measurement basis; source labels retain its scope.)",RESOLVED,A+B+ADJUDICATOR,504abfe06fcde5e187ef74247e28f97eecec00313f5079c91e05fbdaea023159
caf4edcc57f39b524dcf,SRC058,3,PAIR_5A50263A7678B121BC118552,CONTEXT_CONFLICT,792,792,source_section|asset_class|currency_scale|evidence_quote,MERGE,"MERGE, one ruling applied to every paired row because the two lanes differ the same way on all of them and neither is complete. From B: source_section, which A left blank on all three pages although 'Real Estate Portfolio' is printed above the table on pages 1 and 2 and 'REITS' and 'Separate Accounts' above their own tables on page 3; source_table on pages 1 and 2, because A's 'UNTITLED_TABLE_1' is a placeholder the page never prints; and asset_class 'Real Estate', the printed grouping that governs every row. From A: source_column_label and metric_name 'Total Capital Contributed' and 'Total Capital Distributed', because the header wraps 'Total Capital' onto its own line above each of those two columns separately instead of spanning them, and page 3 prints 'Total Capital Distributed' on one line where both lanes agree; currency_scale, which A correctly leaves blank on irr and tvpi rows while B stamps '($ in millions)' onto a percentage and a multiple; and evidence_quote, because A cites the full printed partnership line while B cites the bare value, which proves only that those digits occur somewhere on the page. subject_type corrected to 'fund' on every partnership row: both lanes wrote 'investment', but the entity column is headed 'Partnership' and each row is a named vehicle the fund committed capital to, not a holding inside one.; Source review: p3: IRR (All report pages were reviewed; no fee-basis statement qualifies this IRR.)",RESOLVED,A+B+ADJUDICATOR,504abfe06fcde5e187ef74247e28f97eecec00313f5079c91e05fbdaea023159
2c23a85ea875b4554952,SRC058,3,PAIR_0E5A631234C64C261075A37C,CONTEXT_CONFLICT,793,793,source_section|asset_class|evidence_quote,MERGE,"MERGE, one ruling applied to every paired row because the two lanes differ the same way on all of them and neither is complete. From B: source_section, which A left blank on all three pages although 'Real Estate Portfolio' is printed above the table on pages 1 and 2 and 'REITS' and 'Separate Accounts' above their own tables on page 3; source_table on pages 1 and 2, because A's 'UNTITLED_TABLE_1' is a placeholder the page never prints; and asset_class 'Real Estate', the printed grouping that governs every row. From A: source_column_label and metric_name 'Total Capital Contributed' and 'Total Capital Distributed', because the header wraps 'Total Capital' onto its own line above each of those two columns separately instead of spanning them, and page 3 prints 'Total Capital Distributed' on one line where both lanes agree; currency_scale, which A correctly leaves blank on irr and tvpi rows while B stamps '($ in millions)' onto a percentage and a multiple; and evidence_quote, because A cites the full printed partnership line while B cites the bare value, which proves only that those digits occur somewhere on the page. subject_type corrected to 'fund' on every partnership row: both lanes wrote 'investment', but the entity column is headed 'Partnership' and each row is a named vehicle the fund committed capital to, not a holding inside one.",RESOLVED,A+B+ADJUDICATOR,504abfe06fcde5e187ef74247e28f97eecec00313f5079c91e05fbdaea023159
95bb3936d35ea534b44a,SRC058,3,PAIR_C501582C7B512274AC36BC57,CONTEXT_CONFLICT,794,794,source_section|asset_class|currency_scale|evidence_quote,MERGE,"MERGE, one ruling applied to every paired row because the two lanes differ the same way on all of them and neither is complete. From B: source_section, which A left blank on all three pages although 'Real Estate Portfolio' is printed above the table on pages 1 and 2 and 'REITS' and 'Separate Accounts' above their own tables on page 3; source_table on pages 1 and 2, because A's 'UNTITLED_TABLE_1' is a placeholder the page never prints; and asset_class 'Real Estate', the printed grouping that governs every row. From A: source_column_label and metric_name 'Total Capital Contributed' and 'Total Capital Distributed', because the header wraps 'Total Capital' onto its own line above each of those two columns separately instead of spanning them, and page 3 prints 'Total Capital Distributed' on one line where both lanes agree; currency_scale, which A correctly leaves blank on irr and tvpi rows while B stamps '($ in millions)' onto a percentage and a multiple; and evidence_quote, because A cites the full printed partnership line while B cites the bare value, which proves only that those digits occur somewhere on the page. subject_type corrected to 'fund' on every partnership row: both lanes wrote 'investment', but the entity column is headed 'Partnership' and each row is a named vehicle the fund committed capital to, not a holding inside one.",RESOLVED,A+B+ADJUDICATOR,504abfe06fcde5e187ef74247e28f97eecec00313f5079c91e05fbdaea023159
5f0b9daf6bdb2e62db45,SRC058,3,PAIR_7C5328CA13445101008C13E3,B_ONLY,,795,,MERGE,"The same printed cell reached adjudication twice because the lanes keyed it differently, so it is published once here and its twin is rejected. The printed row label carries a colon, 'Grand Total(s):', which is B's reading, and the printed column headers are 'Total Capital Contributed' and 'Total Capital Distributed', which is A's. subject_name is the portfolio the total belongs to, not the words 'Grand Total(s)', which are a row label and name no entity. Field rulings otherwise as on every paired row: source_section, source_table and asset_class from B; currency_scale (blank on the multiple) and the full-line evidence_quote from A.; Source review: p3: Retirement Fund (The portfolio report distinguishes investor positions from its aggregate rows.) | p3: Retirement Fund (Printed heading or definition supporting the source-reviewed qualifier.) | p3: Retirement Fund (Supersedes SR2225: the printed entity or table label is context, not a measurement basis; source labels retain its scope.)",RESOLVED,B+ADJUDICATOR,504abfe06fcde5e187ef74247e28f97eecec00313f5079c91e05fbdaea023159
69d0891afc410d373108,SRC058,3,PAIR_C88496115BFF652A1B133D33,B_ONLY,,796,,MERGE,"The same printed cell reached adjudication twice because the lanes keyed it differently, so it is published once here and its twin is rejected. The printed row label carries a colon, 'Grand Total(s):', which is B's reading, and the printed column headers are 'Total Capital Contributed' and 'Total Capital Distributed', which is A's. subject_name is the portfolio the total belongs to, not the words 'Grand Total(s)', which are a row label and name no entity. Field rulings otherwise as on every paired row: source_section, source_table and asset_class from B; currency_scale (blank on the multiple) and the full-line evidence_quote from A.",RESOLVED,B+ADJUDICATOR,504abfe06fcde5e187ef74247e28f97eecec00313f5079c91e05fbdaea023159
5b9cc0d97e1680e7fc0b,SRC058,3,PAIR_F70017F62C55A33304453C0B,B_ONLY,,797,,MERGE,"The same printed cell reached adjudication twice because the lanes keyed it differently, so it is published once here and its twin is rejected. The printed row label carries a colon, 'Grand Total(s):', which is B's reading, and the printed column headers are 'Total Capital Contributed' and 'Total Capital Distributed', which is A's. subject_name is the portfolio the total belongs to, not the words 'Grand Total(s)', which are a row label and name no entity. Field rulings otherwise as on every paired row: source_section, source_table and asset_class from B; currency_scale (blank on the multiple) and the full-line evidence_quote from A.",RESOLVED,B+ADJUDICATOR,504abfe06fcde5e187ef74247e28f97eecec00313f5079c91e05fbdaea023159
0bce5f50d342b9f1527f,SRC058,3,PAIR_B08C5985CAA9F5BD09AB2237,CONTEXT_CONFLICT,798,798,source_section|asset_class|evidence_quote,MERGE,"MERGE, one ruling applied to every paired row because the two lanes differ the same way on all of them and neither is complete. From B: source_section, which A left blank on all three pages although 'Real Estate Portfolio' is printed above the table on pages 1 and 2 and 'REITS' and 'Separate Accounts' above their own tables on page 3; source_table on pages 1 and 2, because A's 'UNTITLED_TABLE_1' is a placeholder the page never prints; and asset_class 'Real Estate', the printed grouping that governs every row. From A: source_column_label and metric_name 'Total Capital Contributed' and 'Total Capital Distributed', because the header wraps 'Total Capital' onto its own line above each of those two columns separately instead of spanning them, and page 3 prints 'Total Capital Distributed' on one line where both lanes agree; currency_scale, which A correctly leaves blank on irr and tvpi rows while B stamps '($ in millions)' onto a percentage and a multiple; and evidence_quote, because A cites the full printed partnership line while B cites the bare value, which proves only that those digits occur somewhere on the page. subject_type corrected to 'fund' on every partnership row: both lanes wrote 'investment', but the entity column is headed 'Partnership' and each row is a named vehicle the fund committed capital to, not a holding inside one.; Source review: p3: Retirement Fund (The portfolio report distinguishes investor positions from its aggregate rows.) | p3: Retirement Fund (Printed heading or definition supporting the source-reviewed qualifier.) | p3: Retirement Fund (Supersedes SR2226: the printed entity or table label is context, not a measurement basis; source labels retain its scope.)",RESOLVED,A+B+ADJUDICATOR,504abfe06fcde5e187ef74247e28f97eecec00313f5079c91e05fbdaea023159
92a30729a0c7ce397c6f,SRC058,3,PAIR_A6F7F9FE9432D22A16AED592,CONTEXT_CONFLICT,799,799,source_section|asset_class|currency_scale|evidence_quote,MERGE,"MERGE, one ruling applied to every paired row because the two lanes differ the same way on all of them and neither is complete. From B: source_section, which A left blank on all three pages although 'Real Estate Portfolio' is printed above the table on pages 1 and 2 and 'REITS' and 'Separate Accounts' above their own tables on page 3; source_table on pages 1 and 2, because A's 'UNTITLED_TABLE_1' is a placeholder the page never prints; and asset_class 'Real Estate', the printed grouping that governs every row. From A: source_column_label and metric_name 'Total Capital Contributed' and 'Total Capital Distributed', because the header wraps 'Total Capital' onto its own line above each of those two columns separately instead of spanning them, and page 3 prints 'Total Capital Distributed' on one line where both lanes agree; currency_scale, which A correctly leaves blank on irr and tvpi rows while B stamps '($ in millions)' onto a percentage and a multiple; and evidence_quote, because A cites the full printed partnership line while B cites the bare value, which proves only that those digits occur somewhere on the page. subject_type corrected to 'fund' on every partnership row: both lanes wrote 'investment', but the entity column is headed 'Partnership' and each row is a named vehicle the fund committed capital to, not a holding inside one.; Source review: p3: IRR (All report pages were reviewed; no fee-basis statement qualifies this IRR.)",RESOLVED,A+B+ADJUDICATOR,504abfe06fcde5e187ef74247e28f97eecec00313f5079c91e05fbdaea023159
9c3c873e08312d791b6f,SRC058,3,PAIR_9B5E45C9CB2239122C16D89D,CONTEXT_CONFLICT,800,800,source_section|asset_class|evidence_quote,MERGE,"MERGE, one ruling applied to every paired row because the two lanes differ the same way on all of them and neither is complete. From B: source_section, which A left blank on all three pages although 'Real Estate Portfolio' is printed above the table on pages 1 and 2 and 'REITS' and 'Separate Accounts' above their own tables on page 3; source_table on pages 1 and 2, because A's 'UNTITLED_TABLE_1' is a placeholder the page never prints; and asset_class 'Real Estate', the printed grouping that governs every row. From A: source_column_label and metric_name 'Total Capital Contributed' and 'Total Capital Distributed', because the header wraps 'Total Capital' onto its own line above each of those two columns separately instead of spanning them, and page 3 prints 'Total Capital Distributed' on one line where both lanes agree; currency_scale, which A correctly leaves blank on irr and tvpi rows while B stamps '($ in millions)' onto a percentage and a multiple; and evidence_quote, because A cites the full printed partnership line while B cites the bare value, which proves only that those digits occur somewhere on the page. subject_type corrected to 'fund' on every partnership row: both lanes wrote 'investment', but the entity column is headed 'Partnership' and each row is a named vehicle the fund committed capital to, not a holding inside one.",RESOLVED,A+B+ADJUDICATOR,504abfe06fcde5e187ef74247e28f97eecec00313f5079c91e05fbdaea023159
82002a55f1e8f90a1751,SRC058,3,PAIR_C37A375F429495EFC5662A27,CONTEXT_CONFLICT,801,801,source_section|asset_class|currency_scale|evidence_quote,MERGE,"MERGE, one ruling applied to every paired row because the two lanes differ the same way on all of them and neither is complete. From B: source_section, which A left blank on all three pages although 'Real Estate Portfolio' is printed above the table on pages 1 and 2 and 'REITS' and 'Separate Accounts' above their own tables on page 3; source_table on pages 1 and 2, because A's 'UNTITLED_TABLE_1' is a placeholder the page never prints; and asset_class 'Real Estate', the printed grouping that governs every row. From A: source_column_label and metric_name 'Total Capital Contributed' and 'Total Capital Distributed', because the header wraps 'Total Capital' onto its own line above each of those two columns separately instead of spanning them, and page 3 prints 'Total Capital Distributed' on one line where both lanes agree; currency_scale, which A correctly leaves blank on irr and tvpi rows while B stamps '($ in millions)' onto a percentage and a multiple; and evidence_quote, because A cites the full printed partnership line while B cites the bare value, which proves only that those digits occur somewhere on the page. subject_type corrected to 'fund' on every partnership row: both lanes wrote 'investment', but the entity column is headed 'Partnership' and each row is a named vehicle the fund committed capital to, not a holding inside one.",RESOLVED,A+B+ADJUDICATOR,504abfe06fcde5e187ef74247e28f97eecec00313f5079c91e05fbdaea023159
abc860c7ee4f546752b4,SRC058,3,PAIR_3F5B674CDDDA3A038562A02E,CONTEXT_CONFLICT,802,802,source_section|asset_class|evidence_quote,MERGE,"MERGE, one ruling applied to every paired row because the two lanes differ the same way on all of them and neither is complete. From B: source_section, which A left blank on all three pages although 'Real Estate Portfolio' is printed above the table on pages 1 and 2 and 'REITS' and 'Separate Accounts' above their own tables on page 3; source_table on pages 1 and 2, because A's 'UNTITLED_TABLE_1' is a placeholder the page never prints; and asset_class 'Real Estate', the printed grouping that governs every row. From A: source_column_label and metric_name 'Total Capital Contributed' and 'Total Capital Distributed', because the header wraps 'Total Capital' onto its own line above each of those two columns separately instead of spanning them, and page 3 prints 'Total Capital Distributed' on one line where both lanes agree; currency_scale, which A correctly leaves blank on irr and tvpi rows while B stamps '($ in millions)' onto a percentage and a multiple; and evidence_quote, because A cites the full printed partnership line while B cites the bare value, which proves only that those digits occur somewhere on the page. subject_type corrected to 'fund' on every partnership row: both lanes wrote 'investment', but the entity column is headed 'Partnership' and each row is a named vehicle the fund committed capital to, not a holding inside one.; Source review: p3: Retirement Fund (The portfolio report distinguishes investor positions from its aggregate rows.) | p3: Retirement Fund (Printed heading or definition supporting the source-reviewed qualifier.) | p3: Retirement Fund (Supersedes SR2227: the printed entity or table label is context, not a measurement basis; source labels retain its scope.)",RESOLVED,A+B+ADJUDICATOR,504abfe06fcde5e187ef74247e28f97eecec00313f5079c91e05fbdaea023159
9ca5efff8a6945bc1f95,SRC058,3,PAIR_2D223B875B6612CD4F9DBFA1,CONTEXT_CONFLICT,803,803,source_section|asset_class|currency_scale|evidence_quote,MERGE,"MERGE, one ruling applied to every paired row because the two lanes differ the same way on all of them and neither is complete. From B: source_section, which A left blank on all three pages although 'Real Estate Portfolio' is printed above the table on pages 1 and 2 and 'REITS' and 'Separate Accounts' above their own tables on page 3; source_table on pages 1 and 2, because A's 'UNTITLED_TABLE_1' is a placeholder the page never prints; and asset_class 'Real Estate', the printed grouping that governs every row. From A: source_column_label and metric_name 'Total Capital Contributed' and 'Total Capital Distributed', because the header wraps 'Total Capital' onto its own line above each of those two columns separately instead of spanning them, and page 3 prints 'Total Capital Distributed' on one line where both lanes agree; currency_scale, which A correctly leaves blank on irr and tvpi rows while B stamps '($ in millions)' onto a percentage and a multiple; and evidence_quote, because A cites the full printed partnership line while B cites the bare value, which proves only that those digits occur somewhere on the page. subject_type corrected to 'fund' on every partnership row: both lanes wrote 'investment', but the entity column is headed 'Partnership' and each row is a named vehicle the fund committed capital to, not a holding inside one.; Source review: p3: IRR (All report pages were reviewed; no fee-basis statement qualifies this IRR.)",RESOLVED,A+B+ADJUDICATOR,504abfe06fcde5e187ef74247e28f97eecec00313f5079c91e05fbdaea023159
417a95dc5d8510b81169,SRC058,3,PAIR_03A68A8050DB4EFE2D3ABDD5,CONTEXT_CONFLICT,804,804,source_section|asset_class|evidence_quote,MERGE,"MERGE, one ruling applied to every paired row because the two lanes differ the same way on all of them and neither is complete. From B: source_section, which A left blank on all three pages although 'Real Estate Portfolio' is printed above the table on pages 1 and 2 and 'REITS' and 'Separate Accounts' above their own tables on page 3; source_table on pages 1 and 2, because A's 'UNTITLED_TABLE_1' is a placeholder the page never prints; and asset_class 'Real Estate', the printed grouping that governs every row. From A: source_column_label and metric_name 'Total Capital Contributed' and 'Total Capital Distributed', because the header wraps 'Total Capital' onto its own line above each of those two columns separately instead of spanning them, and page 3 prints 'Total Capital Distributed' on one line where both lanes agree; currency_scale, which A correctly leaves blank on irr and tvpi rows while B stamps '($ in millions)' onto a percentage and a multiple; and evidence_quote, because A cites the full printed partnership line while B cites the bare value, which proves only that those digits occur somewhere on the page. subject_type corrected to 'fund' on every partnership row: both lanes wrote 'investment', but the entity column is headed 'Partnership' and each row is a named vehicle the fund committed capital to, not a holding inside one.",RESOLVED,A+B+ADJUDICATOR,504abfe06fcde5e187ef74247e28f97eecec00313f5079c91e05fbdaea023159
c698a4ee95083eed84a5,SRC058,3,PAIR_845C0FB63A4D04A501F79CD9,CONTEXT_CONFLICT,805,805,source_section|asset_class|currency_scale|evidence_quote,MERGE,"MERGE, one ruling applied to every paired row because the two lanes differ the same way on all of them and neither is complete. From B: source_section, which A left blank on all three pages although 'Real Estate Portfolio' is printed above the table on pages 1 and 2 and 'REITS' and 'Separate Accounts' above their own tables on page 3; source_table on pages 1 and 2, because A's 'UNTITLED_TABLE_1' is a placeholder the page never prints; and asset_class 'Real Estate', the printed grouping that governs every row. From A: source_column_label and metric_name 'Total Capital Contributed' and 'Total Capital Distributed', because the header wraps 'Total Capital' onto its own line above each of those two columns separately instead of spanning them, and page 3 prints 'Total Capital Distributed' on one line where both lanes agree; currency_scale, which A correctly leaves blank on irr and tvpi rows while B stamps '($ in millions)' onto a percentage and a multiple; and evidence_quote, because A cites the full printed partnership line while B cites the bare value, which proves only that those digits occur somewhere on the page. subject_type corrected to 'fund' on every partnership row: both lanes wrote 'investment', but the entity column is headed 'Partnership' and each row is a named vehicle the fund committed capital to, not a holding inside one.",RESOLVED,A+B+ADJUDICATOR,504abfe06fcde5e187ef74247e28f97eecec00313f5079c91e05fbdaea023159
d0e12958df0095ab23ad,SRC058,3,PAIR_BD836CDD1A181454FC4D2804,CONTEXT_CONFLICT,806,806,source_section|asset_class|evidence_quote,MERGE,"MERGE, one ruling applied to every paired row because the two lanes differ the same way on all of them and neither is complete. From B: source_section, which A left blank on all three pages although 'Real Estate Portfolio' is printed above the table on pages 1 and 2 and 'REITS' and 'Separate Accounts' above their own tables on page 3; source_table on pages 1 and 2, because A's 'UNTITLED_TABLE_1' is a placeholder the page never prints; and asset_class 'Real Estate', the printed grouping that governs every row. From A: source_column_label and metric_name 'Total Capital Contributed' and 'Total Capital Distributed', because the header wraps 'Total Capital' onto its own line above each of those two columns separately instead of spanning them, and page 3 prints 'Total Capital Distributed' on one line where both lanes agree; currency_scale, which A correctly leaves blank on irr and tvpi rows while B stamps '($ in millions)' onto a percentage and a multiple; and evidence_quote, because A cites the full printed partnership line while B cites the bare value, which proves only that those digits occur somewhere on the page. subject_type corrected to 'fund' on every partnership row: both lanes wrote 'investment', but the entity column is headed 'Partnership' and each row is a named vehicle the fund committed capital to, not a holding inside one.; Source review: p3: Retirement Fund (The portfolio report distinguishes investor positions from its aggregate rows.) | p3: Retirement Fund (Printed heading or definition supporting the source-reviewed qualifier.) | p3: Retirement Fund (Supersedes SR2228: the printed entity or table label is context, not a measurement basis; source labels retain its scope.)",RESOLVED,A+B+ADJUDICATOR,504abfe06fcde5e187ef74247e28f97eecec00313f5079c91e05fbdaea023159
a0afac2f20d32c151f15,SRC058,3,PAIR_7320ABE83FB9227B514CE4D7,CONTEXT_CONFLICT,807,807,source_section|asset_class|currency_scale|evidence_quote,MERGE,"MERGE, one ruling applied to every paired row because the two lanes differ the same way on all of them and neither is complete. From B: source_section, which A left blank on all three pages although 'Real Estate Portfolio' is printed above the table on pages 1 and 2 and 'REITS' and 'Separate Accounts' above their own tables on page 3; source_table on pages 1 and 2, because A's 'UNTITLED_TABLE_1' is a placeholder the page never prints; and asset_class 'Real Estate', the printed grouping that governs every row. From A: source_column_label and metric_name 'Total Capital Contributed' and 'Total Capital Distributed', because the header wraps 'Total Capital' onto its own line above each of those two columns separately instead of spanning them, and page 3 prints 'Total Capital Distributed' on one line where both lanes agree; currency_scale, which A correctly leaves blank on irr and tvpi rows while B stamps '($ in millions)' onto a percentage and a multiple; and evidence_quote, because A cites the full printed partnership line while B cites the bare value, which proves only that those digits occur somewhere on the page. subject_type corrected to 'fund' on every partnership row: both lanes wrote 'investment', but the entity column is headed 'Partnership' and each row is a named vehicle the fund committed capital to, not a holding inside one.; Source review: p3: IRR (All report pages were reviewed; no fee-basis statement qualifies this IRR.)",RESOLVED,A+B+ADJUDICATOR,504abfe06fcde5e187ef74247e28f97eecec00313f5079c91e05fbdaea023159
788d143eaf3c739b479b,SRC058,3,PAIR_C2C13FB9CE2250C3A997B67D,CONTEXT_CONFLICT,808,808,source_section|asset_class|evidence_quote,MERGE,"MERGE, one ruling applied to every paired row because the two lanes differ the same way on all of them and neither is complete. From B: source_section, which A left blank on all three pages although 'Real Estate Portfolio' is printed above the table on pages 1 and 2 and 'REITS' and 'Separate Accounts' above their own tables on page 3; source_table on pages 1 and 2, because A's 'UNTITLED_TABLE_1' is a placeholder the page never prints; and asset_class 'Real Estate', the printed grouping that governs every row. From A: source_column_label and metric_name 'Total Capital Contributed' and 'Total Capital Distributed', because the header wraps 'Total Capital' onto its own line above each of those two columns separately instead of spanning them, and page 3 prints 'Total Capital Distributed' on one line where both lanes agree; currency_scale, which A correctly leaves blank on irr and tvpi rows while B stamps '($ in millions)' onto a percentage and a multiple; and evidence_quote, because A cites the full printed partnership line while B cites the bare value, which proves only that those digits occur somewhere on the page. subject_type corrected to 'fund' on every partnership row: both lanes wrote 'investment', but the entity column is headed 'Partnership' and each row is a named vehicle the fund committed capital to, not a holding inside one.",RESOLVED,A+B+ADJUDICATOR,504abfe06fcde5e187ef74247e28f97eecec00313f5079c91e05fbdaea023159
3252b3aed21e3a4fcb98,SRC058,3,PAIR_DCC7765F68CD922D6293DD21,CONTEXT_CONFLICT,809,809,source_section|asset_class|currency_scale|evidence_quote,MERGE,"MERGE, one ruling applied to every paired row because the two lanes differ the same way on all of them and neither is complete. From B: source_section, which A left blank on all three pages although 'Real Estate Portfolio' is printed above the table on pages 1 and 2 and 'REITS' and 'Separate Accounts' above their own tables on page 3; source_table on pages 1 and 2, because A's 'UNTITLED_TABLE_1' is a placeholder the page never prints; and asset_class 'Real Estate', the printed grouping that governs every row. From A: source_column_label and metric_name 'Total Capital Contributed' and 'Total Capital Distributed', because the header wraps 'Total Capital' onto its own line above each of those two columns separately instead of spanning them, and page 3 prints 'Total Capital Distributed' on one line where both lanes agree; currency_scale, which A correctly leaves blank on irr and tvpi rows while B stamps '($ in millions)' onto a percentage and a multiple; and evidence_quote, because A cites the full printed partnership line while B cites the bare value, which proves only that those digits occur somewhere on the page. subject_type corrected to 'fund' on every partnership row: both lanes wrote 'investment', but the entity column is headed 'Partnership' and each row is a named vehicle the fund committed capital to, not a holding inside one.",RESOLVED,A+B+ADJUDICATOR,504abfe06fcde5e187ef74247e28f97eecec00313f5079c91e05fbdaea023159
28a1c2d43b9b96cd08f4,SRC058,3,PAIR_BC2087DFBAF8C19D759E7E7F,CONTEXT_CONFLICT,810,810,source_section|asset_class|evidence_quote,MERGE,"MERGE, one ruling applied to every paired row because the two lanes differ the same way on all of them and neither is complete. From B: source_section, which A left blank on all three pages although 'Real Estate Portfolio' is printed above the table on pages 1 and 2 and 'REITS' and 'Separate Accounts' above their own tables on page 3; source_table on pages 1 and 2, because A's 'UNTITLED_TABLE_1' is a placeholder the page never prints; and asset_class 'Real Estate', the printed grouping that governs every row. From A: source_column_label and metric_name 'Total Capital Contributed' and 'Total Capital Distributed', because the header wraps 'Total Capital' onto its own line above each of those two columns separately instead of spanning them, and page 3 prints 'Total Capital Distributed' on one line where both lanes agree; currency_scale, which A correctly leaves blank on irr and tvpi rows while B stamps '($ in millions)' onto a percentage and a multiple; and evidence_quote, because A cites the full printed partnership line while B cites the bare value, which proves only that those digits occur somewhere on the page. subject_type corrected to 'fund' on every partnership row: both lanes wrote 'investment', but the entity column is headed 'Partnership' and each row is a named vehicle the fund committed capital to, not a holding inside one.; Source review: p3: Retirement Fund (The portfolio report distinguishes investor positions from its aggregate rows.) | p3: Retirement Fund (Printed heading or definition supporting the source-reviewed qualifier.) | p3: Retirement Fund (Supersedes SR2229: the printed entity or table label is context, not a measurement basis; source labels retain its scope.)",RESOLVED,A+B+ADJUDICATOR,504abfe06fcde5e187ef74247e28f97eecec00313f5079c91e05fbdaea023159
d6da00ded762a6bb9743,SRC058,3,PAIR_710F89C4B829735A3B47F23B,CONTEXT_CONFLICT,811,811,source_section|asset_class|currency_scale|evidence_quote,MERGE,"MERGE, one ruling applied to every paired row because the two lanes differ the same way on all of them and neither is complete. From B: source_section, which A left blank on all three pages although 'Real Estate Portfolio' is printed above the table on pages 1 and 2 and 'REITS' and 'Separate Accounts' above their own tables on page 3; source_table on pages 1 and 2, because A's 'UNTITLED_TABLE_1' is a placeholder the page never prints; and asset_class 'Real Estate', the printed grouping that governs every row. From A: source_column_label and metric_name 'Total Capital Contributed' and 'Total Capital Distributed', because the header wraps 'Total Capital' onto its own line above each of those two columns separately instead of spanning them, and page 3 prints 'Total Capital Distributed' on one line where both lanes agree; currency_scale, which A correctly leaves blank on irr and tvpi rows while B stamps '($ in millions)' onto a percentage and a multiple; and evidence_quote, because A cites the full printed partnership line while B cites the bare value, which proves only that those digits occur somewhere on the page. subject_type corrected to 'fund' on every partnership row: both lanes wrote 'investment', but the entity column is headed 'Partnership' and each row is a named vehicle the fund committed capital to, not a holding inside one.; Source review: p3: IRR (All report pages were reviewed; no fee-basis statement qualifies this IRR.)",RESOLVED,A+B+ADJUDICATOR,504abfe06fcde5e187ef74247e28f97eecec00313f5079c91e05fbdaea023159
4de4544c15398563f7ac,SRC058,3,PAIR_682FF55681F79086D9702B74,CONTEXT_CONFLICT,812,812,source_section|asset_class|evidence_quote,MERGE,"MERGE, one ruling applied to every paired row because the two lanes differ the same way on all of them and neither is complete. From B: source_section, which A left blank on all three pages although 'Real Estate Portfolio' is printed above the table on pages 1 and 2 and 'REITS' and 'Separate Accounts' above their own tables on page 3; source_table on pages 1 and 2, because A's 'UNTITLED_TABLE_1' is a placeholder the page never prints; and asset_class 'Real Estate', the printed grouping that governs every row. From A: source_column_label and metric_name 'Total Capital Contributed' and 'Total Capital Distributed', because the header wraps 'Total Capital' onto its own line above each of those two columns separately instead of spanning them, and page 3 prints 'Total Capital Distributed' on one line where both lanes agree; currency_scale, which A correctly leaves blank on irr and tvpi rows while B stamps '($ in millions)' onto a percentage and a multiple; and evidence_quote, because A cites the full printed partnership line while B cites the bare value, which proves only that those digits occur somewhere on the page. subject_type corrected to 'fund' on every partnership row: both lanes wrote 'investment', but the entity column is headed 'Partnership' and each row is a named vehicle the fund committed capital to, not a holding inside one.",RESOLVED,A+B+ADJUDICATOR,504abfe06fcde5e187ef74247e28f97eecec00313f5079c91e05fbdaea023159
235e799d81fb7e08da8e,SRC058,3,PAIR_934ECA38E846F4F4388D7691,CONTEXT_CONFLICT,813,813,source_section|asset_class|currency_scale|evidence_quote,MERGE,"MERGE, one ruling applied to every paired row because the two lanes differ the same way on all of them and neither is complete. From B: source_section, which A left blank on all three pages although 'Real Estate Portfolio' is printed above the table on pages 1 and 2 and 'REITS' and 'Separate Accounts' above their own tables on page 3; source_table on pages 1 and 2, because A's 'UNTITLED_TABLE_1' is a placeholder the page never prints; and asset_class 'Real Estate', the printed grouping that governs every row. From A: source_column_label and metric_name 'Total Capital Contributed' and 'Total Capital Distributed', because the header wraps 'Total Capital' onto its own line above each of those two columns separately instead of spanning them, and page 3 prints 'Total Capital Distributed' on one line where both lanes agree; currency_scale, which A correctly leaves blank on irr and tvpi rows while B stamps '($ in millions)' onto a percentage and a multiple; and evidence_quote, because A cites the full printed partnership line while B cites the bare value, which proves only that those digits occur somewhere on the page. subject_type corrected to 'fund' on every partnership row: both lanes wrote 'investment', but the entity column is headed 'Partnership' and each row is a named vehicle the fund committed capital to, not a holding inside one.",RESOLVED,A+B+ADJUDICATOR,504abfe06fcde5e187ef74247e28f97eecec00313f5079c91e05fbdaea023159
ae042a661d132690c03e,SRC058,3,PAIR_5134607F718D18E7AB4C53D2,CONTEXT_CONFLICT,814,814,source_section|asset_class|evidence_quote,MERGE,"MERGE, one ruling applied to every paired row because the two lanes differ the same way on all of them and neither is complete. From B: source_section, which A left blank on all three pages although 'Real Estate Portfolio' is printed above the table on pages 1 and 2 and 'REITS' and 'Separate Accounts' above their own tables on page 3; source_table on pages 1 and 2, because A's 'UNTITLED_TABLE_1' is a placeholder the page never prints; and asset_class 'Real Estate', the printed grouping that governs every row. From A: source_column_label and metric_name 'Total Capital Contributed' and 'Total Capital Distributed', because the header wraps 'Total Capital' onto its own line above each of those two columns separately instead of spanning them, and page 3 prints 'Total Capital Distributed' on one line where both lanes agree; currency_scale, which A correctly leaves blank on irr and tvpi rows while B stamps '($ in millions)' onto a percentage and a multiple; and evidence_quote, because A cites the full printed partnership line while B cites the bare value, which proves only that those digits occur somewhere on the page. subject_type corrected to 'fund' on every partnership row: both lanes wrote 'investment', but the entity column is headed 'Partnership' and each row is a named vehicle the fund committed capital to, not a holding inside one.; Source review: p3: Retirement Fund (The portfolio report distinguishes investor positions from its aggregate rows.) | p3: Retirement Fund (Printed heading or definition supporting the source-reviewed qualifier.) | p3: Retirement Fund (Supersedes SR2230: the printed entity or table label is context, not a measurement basis; source labels retain its scope.)",RESOLVED,A+B+ADJUDICATOR,504abfe06fcde5e187ef74247e28f97eecec00313f5079c91e05fbdaea023159
ea7e430674e30b08f33c,SRC058,3,PAIR_E779FD148B58A04703F4CCD9,CONTEXT_CONFLICT,815,815,source_section|asset_class|evidence_quote,MERGE,"MERGE, one ruling applied to every paired row because the two lanes differ the same way on all of them and neither is complete. From B: source_section, which A left blank on all three pages although 'Real Estate Portfolio' is printed above the table on pages 1 and 2 and 'REITS' and 'Separate Accounts' above their own tables on page 3; source_table on pages 1 and 2, because A's 'UNTITLED_TABLE_1' is a placeholder the page never prints; and asset_class 'Real Estate', the printed grouping that governs every row. From A: source_column_label and metric_name 'Total Capital Contributed' and 'Total Capital Distributed', because the header wraps 'Total Capital' onto its own line above each of those two columns separately instead of spanning them, and page 3 prints 'Total Capital Distributed' on one line where both lanes agree; currency_scale, which A correctly leaves blank on irr and tvpi rows while B stamps '($ in millions)' onto a percentage and a multiple; and evidence_quote, because A cites the full printed partnership line while B cites the bare value, which proves only that those digits occur somewhere on the page. subject_type corrected to 'fund' on every partnership row: both lanes wrote 'investment', but the entity column is headed 'Partnership' and each row is a named vehicle the fund committed capital to, not a holding inside one.",RESOLVED,A+B+ADJUDICATOR,504abfe06fcde5e187ef74247e28f97eecec00313f5079c91e05fbdaea023159
5cc0d4d8949bd52de088,SRC058,3,PAIR_BB244BF33FCFE33C5C86FFB4,CONTEXT_CONFLICT,816,816,source_section|asset_class|currency_scale|evidence_quote,MERGE,"MERGE, one ruling applied to every paired row because the two lanes differ the same way on all of them and neither is complete. From B: source_section, which A left blank on all three pages although 'Real Estate Portfolio' is printed above the table on pages 1 and 2 and 'REITS' and 'Separate Accounts' above their own tables on page 3; source_table on pages 1 and 2, because A's 'UNTITLED_TABLE_1' is a placeholder the page never prints; and asset_class 'Real Estate', the printed grouping that governs every row. From A: source_column_label and metric_name 'Total Capital Contributed' and 'Total Capital Distributed', because the header wraps 'Total Capital' onto its own line above each of those two columns separately instead of spanning them, and page 3 prints 'Total Capital Distributed' on one line where both lanes agree; currency_scale, which A correctly leaves blank on irr and tvpi rows while B stamps '($ in millions)' onto a percentage and a multiple; and evidence_quote, because A cites the full printed partnership line while B cites the bare value, which proves only that those digits occur somewhere on the page. subject_type corrected to 'fund' on every partnership row: both lanes wrote 'investment', but the entity column is headed 'Partnership' and each row is a named vehicle the fund committed capital to, not a holding inside one.",RESOLVED,A+B+ADJUDICATOR,504abfe06fcde5e187ef74247e28f97eecec00313f5079c91e05fbdaea023159
0bdcdd5833981f0a0399,SRC058,3,PAIR_05F461DECA3D349F258DBA8F,CONTEXT_CONFLICT,817,817,source_section|asset_class|evidence_quote,MERGE,"MERGE, one ruling applied to every paired row because the two lanes differ the same way on all of them and neither is complete. From B: source_section, which A left blank on all three pages although 'Real Estate Portfolio' is printed above the table on pages 1 and 2 and 'REITS' and 'Separate Accounts' above their own tables on page 3; source_table on pages 1 and 2, because A's 'UNTITLED_TABLE_1' is a placeholder the page never prints; and asset_class 'Real Estate', the printed grouping that governs every row. From A: source_column_label and metric_name 'Total Capital Contributed' and 'Total Capital Distributed', because the header wraps 'Total Capital' onto its own line above each of those two columns separately instead of spanning them, and page 3 prints 'Total Capital Distributed' on one line where both lanes agree; currency_scale, which A correctly leaves blank on irr and tvpi rows while B stamps '($ in millions)' onto a percentage and a multiple; and evidence_quote, because A cites the full printed partnership line while B cites the bare value, which proves only that those digits occur somewhere on the page. subject_type corrected to 'fund' on every partnership row: both lanes wrote 'investment', but the entity column is headed 'Partnership' and each row is a named vehicle the fund committed capital to, not a holding inside one. Post-extraction identity review: the printed row is an aggregate or account scope, not a separately named investment fund.; post-extraction identity review corrected notes against the printed source grain; Source review: p3: Retirement Fund (The portfolio report distinguishes investor positions from its aggregate rows.) | p3: Retirement Fund (Printed heading or definition supporting the source-reviewed qualifier.) | p3: Retirement Fund (Supersedes SR2231: the printed entity or table label is context, not a measurement basis; source labels retain its scope.)",RESOLVED,A+B+ADJUDICATOR,504abfe06fcde5e187ef74247e28f97eecec00313f5079c91e05fbdaea023159
69f43e91786775e6941e,SRC058,3,PAIR_190C9EB9723A0509AEE7A40B,CONTEXT_CONFLICT,818,818,source_section|asset_class|currency_scale|evidence_quote,MERGE,"MERGE, one ruling applied to every paired row because the two lanes differ the same way on all of them and neither is complete. From B: source_section, which A left blank on all three pages although 'Real Estate Portfolio' is printed above the table on pages 1 and 2 and 'REITS' and 'Separate Accounts' above their own tables on page 3; source_table on pages 1 and 2, because A's 'UNTITLED_TABLE_1' is a placeholder the page never prints; and asset_class 'Real Estate', the printed grouping that governs every row. From A: source_column_label and metric_name 'Total Capital Contributed' and 'Total Capital Distributed', because the header wraps 'Total Capital' onto its own line above each of those two columns separately instead of spanning them, and page 3 prints 'Total Capital Distributed' on one line where both lanes agree; currency_scale, which A correctly leaves blank on irr and tvpi rows while B stamps '($ in millions)' onto a percentage and a multiple; and evidence_quote, because A cites the full printed partnership line while B cites the bare value, which proves only that those digits occur somewhere on the page. subject_type corrected to 'fund' on every partnership row: both lanes wrote 'investment', but the entity column is headed 'Partnership' and each row is a named vehicle the fund committed capital to, not a holding inside one. Post-extraction identity review: the printed row is an aggregate or account scope, not a separately named investment fund.; post-extraction identity review corrected notes against the printed source grain; Source review: p3: IRR (All report pages were reviewed; no fee-basis statement qualifies this IRR.)",RESOLVED,A+B+ADJUDICATOR,504abfe06fcde5e187ef74247e28f97eecec00313f5079c91e05fbdaea023159
8503821b9e8f00300e81,SRC058,3,PAIR_98340E64F83C5D0B3F53FFF7,CONTEXT_CONFLICT,819,819,source_section|asset_class|evidence_quote,MERGE,"MERGE, one ruling applied to every paired row because the two lanes differ the same way on all of them and neither is complete. From B: source_section, which A left blank on all three pages although 'Real Estate Portfolio' is printed above the table on pages 1 and 2 and 'REITS' and 'Separate Accounts' above their own tables on page 3; source_table on pages 1 and 2, because A's 'UNTITLED_TABLE_1' is a placeholder the page never prints; and asset_class 'Real Estate', the printed grouping that governs every row. From A: source_column_label and metric_name 'Total Capital Contributed' and 'Total Capital Distributed', because the header wraps 'Total Capital' onto its own line above each of those two columns separately instead of spanning them, and page 3 prints 'Total Capital Distributed' on one line where both lanes agree; currency_scale, which A correctly leaves blank on irr and tvpi rows while B stamps '($ in millions)' onto a percentage and a multiple; and evidence_quote, because A cites the full printed partnership line while B cites the bare value, which proves only that those digits occur somewhere on the page. subject_type corrected to 'fund' on every partnership row: both lanes wrote 'investment', but the entity column is headed 'Partnership' and each row is a named vehicle the fund committed capital to, not a holding inside one. Post-extraction identity review: the printed row is an aggregate or account scope, not a separately named investment fund.; post-extraction identity review corrected notes against the printed source grain",RESOLVED,A+B+ADJUDICATOR,504abfe06fcde5e187ef74247e28f97eecec00313f5079c91e05fbdaea023159
dc4dd3c55ef76acad40c,SRC058,3,PAIR_58B124CD09EEF8EDB83EEFED,CONTEXT_CONFLICT,820,820,source_section|asset_class|currency_scale|evidence_quote,MERGE,"MERGE, one ruling applied to every paired row because the two lanes differ the same way on all of them and neither is complete. From B: source_section, which A left blank on all three pages although 'Real Estate Portfolio' is printed above the table on pages 1 and 2 and 'REITS' and 'Separate Accounts' above their own tables on page 3; source_table on pages 1 and 2, because A's 'UNTITLED_TABLE_1' is a placeholder the page never prints; and asset_class 'Real Estate', the printed grouping that governs every row. From A: source_column_label and metric_name 'Total Capital Contributed' and 'Total Capital Distributed', because the header wraps 'Total Capital' onto its own line above each of those two columns separately instead of spanning them, and page 3 prints 'Total Capital Distributed' on one line where both lanes agree; currency_scale, which A correctly leaves blank on irr and tvpi rows while B stamps '($ in millions)' onto a percentage and a multiple; and evidence_quote, because A cites the full printed partnership line while B cites the bare value, which proves only that those digits occur somewhere on the page. subject_type corrected to 'fund' on every partnership row: both lanes wrote 'investment', but the entity column is headed 'Partnership' and each row is a named vehicle the fund committed capital to, not a holding inside one. Post-extraction identity review: the printed row is an aggregate or account scope, not a separately named investment fund.; post-extraction identity review corrected notes against the printed source grain",RESOLVED,A+B+ADJUDICATOR,504abfe06fcde5e187ef74247e28f97eecec00313f5079c91e05fbdaea023159
6eb07bfd102b455c51bf,SRC058,3,PAIR_63DCC5D6ABF85C44D7DD4F96,CONTEXT_CONFLICT,821,821,source_section|asset_class|evidence_quote,MERGE,"MERGE, one ruling applied to every paired row because the two lanes differ the same way on all of them and neither is complete. From B: source_section, which A left blank on all three pages although 'Real Estate Portfolio' is printed above the table on pages 1 and 2 and 'REITS' and 'Separate Accounts' above their own tables on page 3; source_table on pages 1 and 2, because A's 'UNTITLED_TABLE_1' is a placeholder the page never prints; and asset_class 'Real Estate', the printed grouping that governs every row. From A: source_column_label and metric_name 'Total Capital Contributed' and 'Total Capital Distributed', because the header wraps 'Total Capital' onto its own line above each of those two columns separately instead of spanning them, and page 3 prints 'Total Capital Distributed' on one line where both lanes agree; currency_scale, which A correctly leaves blank on irr and tvpi rows while B stamps '($ in millions)' onto a percentage and a multiple; and evidence_quote, because A cites the full printed partnership line while B cites the bare value, which proves only that those digits occur somewhere on the page. subject_type corrected to 'fund' on every partnership row: both lanes wrote 'investment', but the entity column is headed 'Partnership' and each row is a named vehicle the fund committed capital to, not a holding inside one.; Source review: p3: Retirement Fund (The portfolio report distinguishes investor positions from its aggregate rows.) | p3: Retirement Fund (Printed heading or definition supporting the source-reviewed qualifier.) | p3: Retirement Fund (Supersedes SR2232: the printed entity or table label is context, not a measurement basis; source labels retain its scope.)",RESOLVED,A+B+ADJUDICATOR,504abfe06fcde5e187ef74247e28f97eecec00313f5079c91e05fbdaea023159
8a4c9d2069cf11529b83,SRC058,3,PAIR_979C5F5645118C54E8B1458C,CONTEXT_CONFLICT,822,822,source_section|asset_class|currency_scale|evidence_quote,MERGE,"MERGE, one ruling applied to every paired row because the two lanes differ the same way on all of them and neither is complete. From B: source_section, which A left blank on all three pages although 'Real Estate Portfolio' is printed above the table on pages 1 and 2 and 'REITS' and 'Separate Accounts' above their own tables on page 3; source_table on pages 1 and 2, because A's 'UNTITLED_TABLE_1' is a placeholder the page never prints; and asset_class 'Real Estate', the printed grouping that governs every row. From A: source_column_label and metric_name 'Total Capital Contributed' and 'Total Capital Distributed', because the header wraps 'Total Capital' onto its own line above each of those two columns separately instead of spanning them, and page 3 prints 'Total Capital Distributed' on one line where both lanes agree; currency_scale, which A correctly leaves blank on irr and tvpi rows while B stamps '($ in millions)' onto a percentage and a multiple; and evidence_quote, because A cites the full printed partnership line while B cites the bare value, which proves only that those digits occur somewhere on the page. subject_type corrected to 'fund' on every partnership row: both lanes wrote 'investment', but the entity column is headed 'Partnership' and each row is a named vehicle the fund committed capital to, not a holding inside one.; Source review: p3: IRR (All report pages were reviewed; no fee-basis statement qualifies this IRR.)",RESOLVED,A+B+ADJUDICATOR,504abfe06fcde5e187ef74247e28f97eecec00313f5079c91e05fbdaea023159
77fd67066989d6ea61f8,SRC058,3,PAIR_3636D295A2C62003ED35826E,CONTEXT_CONFLICT,823,823,source_section|asset_class|evidence_quote,MERGE,"MERGE, one ruling applied to every paired row because the two lanes differ the same way on all of them and neither is complete. From B: source_section, which A left blank on all three pages although 'Real Estate Portfolio' is printed above the table on pages 1 and 2 and 'REITS' and 'Separate Accounts' above their own tables on page 3; source_table on pages 1 and 2, because A's 'UNTITLED_TABLE_1' is a placeholder the page never prints; and asset_class 'Real Estate', the printed grouping that governs every row. From A: source_column_label and metric_name 'Total Capital Contributed' and 'Total Capital Distributed', because the header wraps 'Total Capital' onto its own line above each of those two columns separately instead of spanning them, and page 3 prints 'Total Capital Distributed' on one line where both lanes agree; currency_scale, which A correctly leaves blank on irr and tvpi rows while B stamps '($ in millions)' onto a percentage and a multiple; and evidence_quote, because A cites the full printed partnership line while B cites the bare value, which proves only that those digits occur somewhere on the page. subject_type corrected to 'fund' on every partnership row: both lanes wrote 'investment', but the entity column is headed 'Partnership' and each row is a named vehicle the fund committed capital to, not a holding inside one.",RESOLVED,A+B+ADJUDICATOR,504abfe06fcde5e187ef74247e28f97eecec00313f5079c91e05fbdaea023159
a208a2c35fec3c4c58bf,SRC058,3,PAIR_3D131EB77DA0000DCC6D908E,CONTEXT_CONFLICT,824,824,source_section|asset_class|currency_scale|evidence_quote,MERGE,"MERGE, one ruling applied to every paired row because the two lanes differ the same way on all of them and neither is complete. From B: source_section, which A left blank on all three pages although 'Real Estate Portfolio' is printed above the table on pages 1 and 2 and 'REITS' and 'Separate Accounts' above their own tables on page 3; source_table on pages 1 and 2, because A's 'UNTITLED_TABLE_1' is a placeholder the page never prints; and asset_class 'Real Estate', the printed grouping that governs every row. From A: source_column_label and metric_name 'Total Capital Contributed' and 'Total Capital Distributed', because the header wraps 'Total Capital' onto its own line above each of those two columns separately instead of spanning them, and page 3 prints 'Total Capital Distributed' on one line where both lanes agree; currency_scale, which A correctly leaves blank on irr and tvpi rows while B stamps '($ in millions)' onto a percentage and a multiple; and evidence_quote, because A cites the full printed partnership line while B cites the bare value, which proves only that those digits occur somewhere on the page. subject_type corrected to 'fund' on every partnership row: both lanes wrote 'investment', but the entity column is headed 'Partnership' and each row is a named vehicle the fund committed capital to, not a holding inside one.",RESOLVED,A+B+ADJUDICATOR,504abfe06fcde5e187ef74247e28f97eecec00313f5079c91e05fbdaea023159
0abc3b492d29569f66f0,SRC058,3,PAIR_DC276663EEC5C22E0B8955FA,CONTEXT_CONFLICT,825,825,source_section|asset_class|evidence_quote,MERGE,"MERGE, one ruling applied to every paired row because the two lanes differ the same way on all of them and neither is complete. From B: source_section, which A left blank on all three pages although 'Real Estate Portfolio' is printed above the table on pages 1 and 2 and 'REITS' and 'Separate Accounts' above their own tables on page 3; source_table on pages 1 and 2, because A's 'UNTITLED_TABLE_1' is a placeholder the page never prints; and asset_class 'Real Estate', the printed grouping that governs every row. From A: source_column_label and metric_name 'Total Capital Contributed' and 'Total Capital Distributed', because the header wraps 'Total Capital' onto its own line above each of those two columns separately instead of spanning them, and page 3 prints 'Total Capital Distributed' on one line where both lanes agree; currency_scale, which A correctly leaves blank on irr and tvpi rows while B stamps '($ in millions)' onto a percentage and a multiple; and evidence_quote, because A cites the full printed partnership line while B cites the bare value, which proves only that those digits occur somewhere on the page. subject_type corrected to 'fund' on every partnership row: both lanes wrote 'investment', but the entity column is headed 'Partnership' and each row is a named vehicle the fund committed capital to, not a holding inside one.; Source review: p3: Retirement Fund (The portfolio report distinguishes investor positions from its aggregate rows.) | p3: Retirement Fund (Printed heading or definition supporting the source-reviewed qualifier.) | p3: Retirement Fund (Supersedes SR2233: the printed entity or table label is context, not a measurement basis; source labels retain its scope.)",RESOLVED,A+B+ADJUDICATOR,504abfe06fcde5e187ef74247e28f97eecec00313f5079c91e05fbdaea023159
0cd626ac37da595657e2,SRC058,3,PAIR_24A40C171CE15E2343EB2823,CONTEXT_CONFLICT,826,826,source_section|asset_class|currency_scale|evidence_quote,MERGE,"MERGE, one ruling applied to every paired row because the two lanes differ the same way on all of them and neither is complete. From B: source_section, which A left blank on all three pages although 'Real Estate Portfolio' is printed above the table on pages 1 and 2 and 'REITS' and 'Separate Accounts' above their own tables on page 3; source_table on pages 1 and 2, because A's 'UNTITLED_TABLE_1' is a placeholder the page never prints; and asset_class 'Real Estate', the printed grouping that governs every row. From A: source_column_label and metric_name 'Total Capital Contributed' and 'Total Capital Distributed', because the header wraps 'Total Capital' onto its own line above each of those two columns separately instead of spanning them, and page 3 prints 'Total Capital Distributed' on one line where both lanes agree; currency_scale, which A correctly leaves blank on irr and tvpi rows while B stamps '($ in millions)' onto a percentage and a multiple; and evidence_quote, because A cites the full printed partnership line while B cites the bare value, which proves only that those digits occur somewhere on the page. subject_type corrected to 'fund' on every partnership row: both lanes wrote 'investment', but the entity column is headed 'Partnership' and each row is a named vehicle the fund committed capital to, not a holding inside one.; Source review: p3: IRR (All report pages were reviewed; no fee-basis statement qualifies this IRR.)",RESOLVED,A+B+ADJUDICATOR,504abfe06fcde5e187ef74247e28f97eecec00313f5079c91e05fbdaea023159
fb17e4400ac34a106a59,SRC058,3,PAIR_20C270A36D15A759D2C7127E,CONTEXT_CONFLICT,827,827,source_section|asset_class|evidence_quote,MERGE,"MERGE, one ruling applied to every paired row because the two lanes differ the same way on all of them and neither is complete. From B: source_section, which A left blank on all three pages although 'Real Estate Portfolio' is printed above the table on pages 1 and 2 and 'REITS' and 'Separate Accounts' above their own tables on page 3; source_table on pages 1 and 2, because A's 'UNTITLED_TABLE_1' is a placeholder the page never prints; and asset_class 'Real Estate', the printed grouping that governs every row. From A: source_column_label and metric_name 'Total Capital Contributed' and 'Total Capital Distributed', because the header wraps 'Total Capital' onto its own line above each of those two columns separately instead of spanning them, and page 3 prints 'Total Capital Distributed' on one line where both lanes agree; currency_scale, which A correctly leaves blank on irr and tvpi rows while B stamps '($ in millions)' onto a percentage and a multiple; and evidence_quote, because A cites the full printed partnership line while B cites the bare value, which proves only that those digits occur somewhere on the page. subject_type corrected to 'fund' on every partnership row: both lanes wrote 'investment', but the entity column is headed 'Partnership' and each row is a named vehicle the fund committed capital to, not a holding inside one.",RESOLVED,A+B+ADJUDICATOR,504abfe06fcde5e187ef74247e28f97eecec00313f5079c91e05fbdaea023159
8555d3bd433634b1fe5f,SRC058,3,PAIR_46EBC7BD9ACA20F2B607FB55,CONTEXT_CONFLICT,828,828,source_section|asset_class|currency_scale|evidence_quote,MERGE,"MERGE, one ruling applied to every paired row because the two lanes differ the same way on all of them and neither is complete. From B: source_section, which A left blank on all three pages although 'Real Estate Portfolio' is printed above the table on pages 1 and 2 and 'REITS' and 'Separate Accounts' above their own tables on page 3; source_table on pages 1 and 2, because A's 'UNTITLED_TABLE_1' is a placeholder the page never prints; and asset_class 'Real Estate', the printed grouping that governs every row. From A: source_column_label and metric_name 'Total Capital Contributed' and 'Total Capital Distributed', because the header wraps 'Total Capital' onto its own line above each of those two columns separately instead of spanning them, and page 3 prints 'Total Capital Distributed' on one line where both lanes agree; currency_scale, which A correctly leaves blank on irr and tvpi rows while B stamps '($ in millions)' onto a percentage and a multiple; and evidence_quote, because A cites the full printed partnership line while B cites the bare value, which proves only that those digits occur somewhere on the page. subject_type corrected to 'fund' on every partnership row: both lanes wrote 'investment', but the entity column is headed 'Partnership' and each row is a named vehicle the fund committed capital to, not a holding inside one.",RESOLVED,A+B+ADJUDICATOR,504abfe06fcde5e187ef74247e28f97eecec00313f5079c91e05fbdaea023159
722611a8fe7af21d503a,SRC058,3,PAIR_9C885C9D71A16B89A0961DE4,CONTEXT_CONFLICT,829,829,source_section|asset_class|evidence_quote,MERGE,"MERGE, one ruling applied to every paired row because the two lanes differ the same way on all of them and neither is complete. From B: source_section, which A left blank on all three pages although 'Real Estate Portfolio' is printed above the table on pages 1 and 2 and 'REITS' and 'Separate Accounts' above their own tables on page 3; source_table on pages 1 and 2, because A's 'UNTITLED_TABLE_1' is a placeholder the page never prints; and asset_class 'Real Estate', the printed grouping that governs every row. From A: source_column_label and metric_name 'Total Capital Contributed' and 'Total Capital Distributed', because the header wraps 'Total Capital' onto its own line above each of those two columns separately instead of spanning them, and page 3 prints 'Total Capital Distributed' on one line where both lanes agree; currency_scale, which A correctly leaves blank on irr and tvpi rows while B stamps '($ in millions)' onto a percentage and a multiple; and evidence_quote, because A cites the full printed partnership line while B cites the bare value, which proves only that those digits occur somewhere on the page. subject_type corrected to 'fund' on every partnership row: both lanes wrote 'investment', but the entity column is headed 'Partnership' and each row is a named vehicle the fund committed capital to, not a holding inside one.; Source review: p3: Retirement Fund (The portfolio report distinguishes investor positions from its aggregate rows.) | p3: Retirement Fund (Printed heading or definition supporting the source-reviewed qualifier.) | p3: Retirement Fund (Supersedes SR2234: the printed entity or table label is context, not a measurement basis; source labels retain its scope.)",RESOLVED,A+B+ADJUDICATOR,504abfe06fcde5e187ef74247e28f97eecec00313f5079c91e05fbdaea023159
0010336be03a2abb2545,SRC058,3,PAIR_51102BCC7DFC526AE06AFE06,CONTEXT_CONFLICT,830,830,source_section|asset_class|currency_scale|evidence_quote,MERGE,"MERGE, one ruling applied to every paired row because the two lanes differ the same way on all of them and neither is complete. From B: source_section, which A left blank on all three pages although 'Real Estate Portfolio' is printed above the table on pages 1 and 2 and 'REITS' and 'Separate Accounts' above their own tables on page 3; source_table on pages 1 and 2, because A's 'UNTITLED_TABLE_1' is a placeholder the page never prints; and asset_class 'Real Estate', the printed grouping that governs every row. From A: source_column_label and metric_name 'Total Capital Contributed' and 'Total Capital Distributed', because the header wraps 'Total Capital' onto its own line above each of those two columns separately instead of spanning them, and page 3 prints 'Total Capital Distributed' on one line where both lanes agree; currency_scale, which A correctly leaves blank on irr and tvpi rows while B stamps '($ in millions)' onto a percentage and a multiple; and evidence_quote, because A cites the full printed partnership line while B cites the bare value, which proves only that those digits occur somewhere on the page. subject_type corrected to 'fund' on every partnership row: both lanes wrote 'investment', but the entity column is headed 'Partnership' and each row is a named vehicle the fund committed capital to, not a holding inside one.; Source review: p3: IRR (All report pages were reviewed; no fee-basis statement qualifies this IRR.)",RESOLVED,A+B+ADJUDICATOR,504abfe06fcde5e187ef74247e28f97eecec00313f5079c91e05fbdaea023159
62357473a8a48ca32ecb,SRC058,3,PAIR_C2D789D20C0DAE60543F77E0,CONTEXT_CONFLICT,831,831,source_section|asset_class|evidence_quote,MERGE,"MERGE, one ruling applied to every paired row because the two lanes differ the same way on all of them and neither is complete. From B: source_section, which A left blank on all three pages although 'Real Estate Portfolio' is printed above the table on pages 1 and 2 and 'REITS' and 'Separate Accounts' above their own tables on page 3; source_table on pages 1 and 2, because A's 'UNTITLED_TABLE_1' is a placeholder the page never prints; and asset_class 'Real Estate', the printed grouping that governs every row. From A: source_column_label and metric_name 'Total Capital Contributed' and 'Total Capital Distributed', because the header wraps 'Total Capital' onto its own line above each of those two columns separately instead of spanning them, and page 3 prints 'Total Capital Distributed' on one line where both lanes agree; currency_scale, which A correctly leaves blank on irr and tvpi rows while B stamps '($ in millions)' onto a percentage and a multiple; and evidence_quote, because A cites the full printed partnership line while B cites the bare value, which proves only that those digits occur somewhere on the page. subject_type corrected to 'fund' on every partnership row: both lanes wrote 'investment', but the entity column is headed 'Partnership' and each row is a named vehicle the fund committed capital to, not a holding inside one.",RESOLVED,A+B+ADJUDICATOR,504abfe06fcde5e187ef74247e28f97eecec00313f5079c91e05fbdaea023159
2ef87b41b27e26943f90,SRC058,3,PAIR_189023E6408BB52BB5E48B95,CONTEXT_CONFLICT,832,832,source_section|asset_class|currency_scale|evidence_quote,MERGE,"MERGE, one ruling applied to every paired row because the two lanes differ the same way on all of them and neither is complete. From B: source_section, which A left blank on all three pages although 'Real Estate Portfolio' is printed above the table on pages 1 and 2 and 'REITS' and 'Separate Accounts' above their own tables on page 3; source_table on pages 1 and 2, because A's 'UNTITLED_TABLE_1' is a placeholder the page never prints; and asset_class 'Real Estate', the printed grouping that governs every row. From A: source_column_label and metric_name 'Total Capital Contributed' and 'Total Capital Distributed', because the header wraps 'Total Capital' onto its own line above each of those two columns separately instead of spanning them, and page 3 prints 'Total Capital Distributed' on one line where both lanes agree; currency_scale, which A correctly leaves blank on irr and tvpi rows while B stamps '($ in millions)' onto a percentage and a multiple; and evidence_quote, because A cites the full printed partnership line while B cites the bare value, which proves only that those digits occur somewhere on the page. subject_type corrected to 'fund' on every partnership row: both lanes wrote 'investment', but the entity column is headed 'Partnership' and each row is a named vehicle the fund committed capital to, not a holding inside one.",RESOLVED,A+B+ADJUDICATOR,504abfe06fcde5e187ef74247e28f97eecec00313f5079c91e05fbdaea023159
73323171cb239cd2d970,SRC058,3,PAIR_807CBEBA47B7FDAD41B8F8DF,CONTEXT_CONFLICT,833,833,source_section|asset_class|evidence_quote,MERGE,"MERGE, one ruling applied to every paired row because the two lanes differ the same way on all of them and neither is complete. From B: source_section, which A left blank on all three pages although 'Real Estate Portfolio' is printed above the table on pages 1 and 2 and 'REITS' and 'Separate Accounts' above their own tables on page 3; source_table on pages 1 and 2, because A's 'UNTITLED_TABLE_1' is a placeholder the page never prints; and asset_class 'Real Estate', the printed grouping that governs every row. From A: source_column_label and metric_name 'Total Capital Contributed' and 'Total Capital Distributed', because the header wraps 'Total Capital' onto its own line above each of those two columns separately instead of spanning them, and page 3 prints 'Total Capital Distributed' on one line where both lanes agree; currency_scale, which A correctly leaves blank on irr and tvpi rows while B stamps '($ in millions)' onto a percentage and a multiple; and evidence_quote, because A cites the full printed partnership line while B cites the bare value, which proves only that those digits occur somewhere on the page. subject_type corrected to 'fund' on every partnership row: both lanes wrote 'investment', but the entity column is headed 'Partnership' and each row is a named vehicle the fund committed capital to, not a holding inside one.; Source review: p3: Retirement Fund (The portfolio report distinguishes investor positions from its aggregate rows.) | p3: Retirement Fund (Printed heading or definition supporting the source-reviewed qualifier.) | p3: Retirement Fund (Supersedes SR2235: the printed entity or table label is context, not a measurement basis; source labels retain its scope.)",RESOLVED,A+B+ADJUDICATOR,504abfe06fcde5e187ef74247e28f97eecec00313f5079c91e05fbdaea023159
317c91b7bedb3691f0b1,SRC058,3,PAIR_E2FF58EA35E7C744AE2B688F,CONTEXT_CONFLICT,834,834,source_section|asset_class|currency_scale|evidence_quote,MERGE,"MERGE, one ruling applied to every paired row because the two lanes differ the same way on all of them and neither is complete. From B: source_section, which A left blank on all three pages although 'Real Estate Portfolio' is printed above the table on pages 1 and 2 and 'REITS' and 'Separate Accounts' above their own tables on page 3; source_table on pages 1 and 2, because A's 'UNTITLED_TABLE_1' is a placeholder the page never prints; and asset_class 'Real Estate', the printed grouping that governs every row. From A: source_column_label and metric_name 'Total Capital Contributed' and 'Total Capital Distributed', because the header wraps 'Total Capital' onto its own line above each of those two columns separately instead of spanning them, and page 3 prints 'Total Capital Distributed' on one line where both lanes agree; currency_scale, which A correctly leaves blank on irr and tvpi rows while B stamps '($ in millions)' onto a percentage and a multiple; and evidence_quote, because A cites the full printed partnership line while B cites the bare value, which proves only that those digits occur somewhere on the page. subject_type corrected to 'fund' on every partnership row: both lanes wrote 'investment', but the entity column is headed 'Partnership' and each row is a named vehicle the fund committed capital to, not a holding inside one.; Source review: p3: IRR (All report pages were reviewed; no fee-basis statement qualifies this IRR.)",RESOLVED,A+B+ADJUDICATOR,504abfe06fcde5e187ef74247e28f97eecec00313f5079c91e05fbdaea023159
168cedcd04b77e44eb07,SRC058,3,PAIR_E09525EB4A7C0E3527A73303,CONTEXT_CONFLICT,835,835,source_section|asset_class|evidence_quote,MERGE,"MERGE, one ruling applied to every paired row because the two lanes differ the same way on all of them and neither is complete. From B: source_section, which A left blank on all three pages although 'Real Estate Portfolio' is printed above the table on pages 1 and 2 and 'REITS' and 'Separate Accounts' above their own tables on page 3; source_table on pages 1 and 2, because A's 'UNTITLED_TABLE_1' is a placeholder the page never prints; and asset_class 'Real Estate', the printed grouping that governs every row. From A: source_column_label and metric_name 'Total Capital Contributed' and 'Total Capital Distributed', because the header wraps 'Total Capital' onto its own line above each of those two columns separately instead of spanning them, and page 3 prints 'Total Capital Distributed' on one line where both lanes agree; currency_scale, which A correctly leaves blank on irr and tvpi rows while B stamps '($ in millions)' onto a percentage and a multiple; and evidence_quote, because A cites the full printed partnership line while B cites the bare value, which proves only that those digits occur somewhere on the page. subject_type corrected to 'fund' on every partnership row: both lanes wrote 'investment', but the entity column is headed 'Partnership' and each row is a named vehicle the fund committed capital to, not a holding inside one.",RESOLVED,A+B+ADJUDICATOR,504abfe06fcde5e187ef74247e28f97eecec00313f5079c91e05fbdaea023159
a7aeef9a4f0c37deac26,SRC058,3,PAIR_075BC5948DBBECF13AE3F263,CONTEXT_CONFLICT,836,836,source_section|asset_class|currency_scale|evidence_quote,MERGE,"MERGE, one ruling applied to every paired row because the two lanes differ the same way on all of them and neither is complete. From B: source_section, which A left blank on all three pages although 'Real Estate Portfolio' is printed above the table on pages 1 and 2 and 'REITS' and 'Separate Accounts' above their own tables on page 3; source_table on pages 1 and 2, because A's 'UNTITLED_TABLE_1' is a placeholder the page never prints; and asset_class 'Real Estate', the printed grouping that governs every row. From A: source_column_label and metric_name 'Total Capital Contributed' and 'Total Capital Distributed', because the header wraps 'Total Capital' onto its own line above each of those two columns separately instead of spanning them, and page 3 prints 'Total Capital Distributed' on one line where both lanes agree; currency_scale, which A correctly leaves blank on irr and tvpi rows while B stamps '($ in millions)' onto a percentage and a multiple; and evidence_quote, because A cites the full printed partnership line while B cites the bare value, which proves only that those digits occur somewhere on the page. subject_type corrected to 'fund' on every partnership row: both lanes wrote 'investment', but the entity column is headed 'Partnership' and each row is a named vehicle the fund committed capital to, not a holding inside one.",RESOLVED,A+B+ADJUDICATOR,504abfe06fcde5e187ef74247e28f97eecec00313f5079c91e05fbdaea023159
b29005392b1c1607293a,SRC058,3,PAIR_F25F2D1822BA37402D397CAC,CONTEXT_CONFLICT,837,837,source_section|asset_class|evidence_quote,MERGE,"MERGE, one ruling applied to every paired row because the two lanes differ the same way on all of them and neither is complete. From B: source_section, which A left blank on all three pages although 'Real Estate Portfolio' is printed above the table on pages 1 and 2 and 'REITS' and 'Separate Accounts' above their own tables on page 3; source_table on pages 1 and 2, because A's 'UNTITLED_TABLE_1' is a placeholder the page never prints; and asset_class 'Real Estate', the printed grouping that governs every row. From A: source_column_label and metric_name 'Total Capital Contributed' and 'Total Capital Distributed', because the header wraps 'Total Capital' onto its own line above each of those two columns separately instead of spanning them, and page 3 prints 'Total Capital Distributed' on one line where both lanes agree; currency_scale, which A correctly leaves blank on irr and tvpi rows while B stamps '($ in millions)' onto a percentage and a multiple; and evidence_quote, because A cites the full printed partnership line while B cites the bare value, which proves only that those digits occur somewhere on the page. subject_type corrected to 'fund' on every partnership row: both lanes wrote 'investment', but the entity column is headed 'Partnership' and each row is a named vehicle the fund committed capital to, not a holding inside one.; Source review: p3: Retirement Fund (The portfolio report distinguishes investor positions from its aggregate rows.) | p3: Retirement Fund (Printed heading or definition supporting the source-reviewed qualifier.) | p3: Retirement Fund (Supersedes SR2236: the printed entity or table label is context, not a measurement basis; source labels retain its scope.)",RESOLVED,A+B+ADJUDICATOR,504abfe06fcde5e187ef74247e28f97eecec00313f5079c91e05fbdaea023159
6168127c8f7f9a378312,SRC058,3,PAIR_B6BF3BC500EED7C123ED4F33,CONTEXT_CONFLICT,838,838,source_section|asset_class|currency_scale|evidence_quote,MERGE,"MERGE, one ruling applied to every paired row because the two lanes differ the same way on all of them and neither is complete. From B: source_section, which A left blank on all three pages although 'Real Estate Portfolio' is printed above the table on pages 1 and 2 and 'REITS' and 'Separate Accounts' above their own tables on page 3; source_table on pages 1 and 2, because A's 'UNTITLED_TABLE_1' is a placeholder the page never prints; and asset_class 'Real Estate', the printed grouping that governs every row. From A: source_column_label and metric_name 'Total Capital Contributed' and 'Total Capital Distributed', because the header wraps 'Total Capital' onto its own line above each of those two columns separately instead of spanning them, and page 3 prints 'Total Capital Distributed' on one line where both lanes agree; currency_scale, which A correctly leaves blank on irr and tvpi rows while B stamps '($ in millions)' onto a percentage and a multiple; and evidence_quote, because A cites the full printed partnership line while B cites the bare value, which proves only that those digits occur somewhere on the page. subject_type corrected to 'fund' on every partnership row: both lanes wrote 'investment', but the entity column is headed 'Partnership' and each row is a named vehicle the fund committed capital to, not a holding inside one.; Source review: p3: IRR (All report pages were reviewed; no fee-basis statement qualifies this IRR.)",RESOLVED,A+B+ADJUDICATOR,504abfe06fcde5e187ef74247e28f97eecec00313f5079c91e05fbdaea023159
7c6866b4ade87501b7fd,SRC058,3,PAIR_73E0233AEC87DCC2E1082939,CONTEXT_CONFLICT,839,839,source_section|asset_class|evidence_quote,MERGE,"MERGE, one ruling applied to every paired row because the two lanes differ the same way on all of them and neither is complete. From B: source_section, which A left blank on all three pages although 'Real Estate Portfolio' is printed above the table on pages 1 and 2 and 'REITS' and 'Separate Accounts' above their own tables on page 3; source_table on pages 1 and 2, because A's 'UNTITLED_TABLE_1' is a placeholder the page never prints; and asset_class 'Real Estate', the printed grouping that governs every row. From A: source_column_label and metric_name 'Total Capital Contributed' and 'Total Capital Distributed', because the header wraps 'Total Capital' onto its own line above each of those two columns separately instead of spanning them, and page 3 prints 'Total Capital Distributed' on one line where both lanes agree; currency_scale, which A correctly leaves blank on irr and tvpi rows while B stamps '($ in millions)' onto a percentage and a multiple; and evidence_quote, because A cites the full printed partnership line while B cites the bare value, which proves only that those digits occur somewhere on the page. subject_type corrected to 'fund' on every partnership row: both lanes wrote 'investment', but the entity column is headed 'Partnership' and each row is a named vehicle the fund committed capital to, not a holding inside one.",RESOLVED,A+B+ADJUDICATOR,504abfe06fcde5e187ef74247e28f97eecec00313f5079c91e05fbdaea023159
dbc1097b5e4f198cabee,SRC058,3,PAIR_3AD271BA4F5B88160CB37048,CONTEXT_CONFLICT,840,840,source_section|asset_class|currency_scale|evidence_quote,MERGE,"MERGE, one ruling applied to every paired row because the two lanes differ the same way on all of them and neither is complete. From B: source_section, which A left blank on all three pages although 'Real Estate Portfolio' is printed above the table on pages 1 and 2 and 'REITS' and 'Separate Accounts' above their own tables on page 3; source_table on pages 1 and 2, because A's 'UNTITLED_TABLE_1' is a placeholder the page never prints; and asset_class 'Real Estate', the printed grouping that governs every row. From A: source_column_label and metric_name 'Total Capital Contributed' and 'Total Capital Distributed', because the header wraps 'Total Capital' onto its own line above each of those two columns separately instead of spanning them, and page 3 prints 'Total Capital Distributed' on one line where both lanes agree; currency_scale, which A correctly leaves blank on irr and tvpi rows while B stamps '($ in millions)' onto a percentage and a multiple; and evidence_quote, because A cites the full printed partnership line while B cites the bare value, which proves only that those digits occur somewhere on the page. subject_type corrected to 'fund' on every partnership row: both lanes wrote 'investment', but the entity column is headed 'Partnership' and each row is a named vehicle the fund committed capital to, not a holding inside one.",RESOLVED,A+B+ADJUDICATOR,504abfe06fcde5e187ef74247e28f97eecec00313f5079c91e05fbdaea023159
5b6ae0b58fe312c0b922,SRC058,3,PAIR_02200EC95D89ACF6D94C979E,CONTEXT_CONFLICT,841,841,source_section|asset_class|evidence_quote,MERGE,"MERGE, one ruling applied to every paired row because the two lanes differ the same way on all of them and neither is complete. From B: source_section, which A left blank on all three pages although 'Real Estate Portfolio' is printed above the table on pages 1 and 2 and 'REITS' and 'Separate Accounts' above their own tables on page 3; source_table on pages 1 and 2, because A's 'UNTITLED_TABLE_1' is a placeholder the page never prints; and asset_class 'Real Estate', the printed grouping that governs every row. From A: source_column_label and metric_name 'Total Capital Contributed' and 'Total Capital Distributed', because the header wraps 'Total Capital' onto its own line above each of those two columns separately instead of spanning them, and page 3 prints 'Total Capital Distributed' on one line where both lanes agree; currency_scale, which A correctly leaves blank on irr and tvpi rows while B stamps '($ in millions)' onto a percentage and a multiple; and evidence_quote, because A cites the full printed partnership line while B cites the bare value, which proves only that those digits occur somewhere on the page. subject_type corrected to 'fund' on every partnership row: both lanes wrote 'investment', but the entity column is headed 'Partnership' and each row is a named vehicle the fund committed capital to, not a holding inside one.; Source review: p3: Retirement Fund (The portfolio report distinguishes investor positions from its aggregate rows.) | p3: Retirement Fund (Printed heading or definition supporting the source-reviewed qualifier.) | p3: Retirement Fund (Supersedes SR2237: the printed entity or table label is context, not a measurement basis; source labels retain its scope.)",RESOLVED,A+B+ADJUDICATOR,504abfe06fcde5e187ef74247e28f97eecec00313f5079c91e05fbdaea023159
4463c2858e18c9dd5a23,SRC058,3,PAIR_6F6AFEB2CFE5797D0AFA0F18,CONTEXT_CONFLICT,842,842,source_section|asset_class|currency_scale|evidence_quote,MERGE,"MERGE, one ruling applied to every paired row because the two lanes differ the same way on all of them and neither is complete. From B: source_section, which A left blank on all three pages although 'Real Estate Portfolio' is printed above the table on pages 1 and 2 and 'REITS' and 'Separate Accounts' above their own tables on page 3; source_table on pages 1 and 2, because A's 'UNTITLED_TABLE_1' is a placeholder the page never prints; and asset_class 'Real Estate', the printed grouping that governs every row. From A: source_column_label and metric_name 'Total Capital Contributed' and 'Total Capital Distributed', because the header wraps 'Total Capital' onto its own line above each of those two columns separately instead of spanning them, and page 3 prints 'Total Capital Distributed' on one line where both lanes agree; currency_scale, which A correctly leaves blank on irr and tvpi rows while B stamps '($ in millions)' onto a percentage and a multiple; and evidence_quote, because A cites the full printed partnership line while B cites the bare value, which proves only that those digits occur somewhere on the page. subject_type corrected to 'fund' on every partnership row: both lanes wrote 'investment', but the entity column is headed 'Partnership' and each row is a named vehicle the fund committed capital to, not a holding inside one.; Source review: p3: IRR (All report pages were reviewed; no fee-basis statement qualifies this IRR.)",RESOLVED,A+B+ADJUDICATOR,504abfe06fcde5e187ef74247e28f97eecec00313f5079c91e05fbdaea023159
6ddfd4cc504e99c9df9f,SRC058,3,PAIR_F1CD4FCD655749015A927FB9,CONTEXT_CONFLICT,843,843,source_section|asset_class|evidence_quote,MERGE,"MERGE, one ruling applied to every paired row because the two lanes differ the same way on all of them and neither is complete. From B: source_section, which A left blank on all three pages although 'Real Estate Portfolio' is printed above the table on pages 1 and 2 and 'REITS' and 'Separate Accounts' above their own tables on page 3; source_table on pages 1 and 2, because A's 'UNTITLED_TABLE_1' is a placeholder the page never prints; and asset_class 'Real Estate', the printed grouping that governs every row. From A: source_column_label and metric_name 'Total Capital Contributed' and 'Total Capital Distributed', because the header wraps 'Total Capital' onto its own line above each of those two columns separately instead of spanning them, and page 3 prints 'Total Capital Distributed' on one line where both lanes agree; currency_scale, which A correctly leaves blank on irr and tvpi rows while B stamps '($ in millions)' onto a percentage and a multiple; and evidence_quote, because A cites the full printed partnership line while B cites the bare value, which proves only that those digits occur somewhere on the page. subject_type corrected to 'fund' on every partnership row: both lanes wrote 'investment', but the entity column is headed 'Partnership' and each row is a named vehicle the fund committed capital to, not a holding inside one.",RESOLVED,A+B+ADJUDICATOR,504abfe06fcde5e187ef74247e28f97eecec00313f5079c91e05fbdaea023159
370a56b87f2a36184cd9,SRC058,3,PAIR_CC0F6BDA34ACB2B96C0C7983,CONTEXT_CONFLICT,844,844,source_section|asset_class|currency_scale|evidence_quote,MERGE,"MERGE, one ruling applied to every paired row because the two lanes differ the same way on all of them and neither is complete. From B: source_section, which A left blank on all three pages although 'Real Estate Portfolio' is printed above the table on pages 1 and 2 and 'REITS' and 'Separate Accounts' above their own tables on page 3; source_table on pages 1 and 2, because A's 'UNTITLED_TABLE_1' is a placeholder the page never prints; and asset_class 'Real Estate', the printed grouping that governs every row. From A: source_column_label and metric_name 'Total Capital Contributed' and 'Total Capital Distributed', because the header wraps 'Total Capital' onto its own line above each of those two columns separately instead of spanning them, and page 3 prints 'Total Capital Distributed' on one line where both lanes agree; currency_scale, which A correctly leaves blank on irr and tvpi rows while B stamps '($ in millions)' onto a percentage and a multiple; and evidence_quote, because A cites the full printed partnership line while B cites the bare value, which proves only that those digits occur somewhere on the page. subject_type corrected to 'fund' on every partnership row: both lanes wrote 'investment', but the entity column is headed 'Partnership' and each row is a named vehicle the fund committed capital to, not a holding inside one.",RESOLVED,A+B+ADJUDICATOR,504abfe06fcde5e187ef74247e28f97eecec00313f5079c91e05fbdaea023159
2ac360207b1dd5b7e343,SRC058,3,PAIR_635FEF2A012958A23EED9882,CONTEXT_CONFLICT,845,845,source_section|asset_class|evidence_quote,MERGE,"MERGE, one ruling applied to every paired row because the two lanes differ the same way on all of them and neither is complete. From B: source_section, which A left blank on all three pages although 'Real Estate Portfolio' is printed above the table on pages 1 and 2 and 'REITS' and 'Separate Accounts' above their own tables on page 3; source_table on pages 1 and 2, because A's 'UNTITLED_TABLE_1' is a placeholder the page never prints; and asset_class 'Real Estate', the printed grouping that governs every row. From A: source_column_label and metric_name 'Total Capital Contributed' and 'Total Capital Distributed', because the header wraps 'Total Capital' onto its own line above each of those two columns separately instead of spanning them, and page 3 prints 'Total Capital Distributed' on one line where both lanes agree; currency_scale, which A correctly leaves blank on irr and tvpi rows while B stamps '($ in millions)' onto a percentage and a multiple; and evidence_quote, because A cites the full printed partnership line while B cites the bare value, which proves only that those digits occur somewhere on the page. subject_type corrected to 'fund' on every partnership row: both lanes wrote 'investment', but the entity column is headed 'Partnership' and each row is a named vehicle the fund committed capital to, not a holding inside one.; Source review: p3: Retirement Fund (The portfolio report distinguishes investor positions from its aggregate rows.) | p3: Retirement Fund (Printed heading or definition supporting the source-reviewed qualifier.) | p3: Retirement Fund (Supersedes SR2238: the printed entity or table label is context, not a measurement basis; source labels retain its scope.)",RESOLVED,A+B+ADJUDICATOR,504abfe06fcde5e187ef74247e28f97eecec00313f5079c91e05fbdaea023159
f8c001e38ae90c470d72,SRC058,3,PAIR_747A932E7A875F8290E8EA84,CONTEXT_CONFLICT,846,846,source_section|asset_class|currency_scale|evidence_quote,MERGE,"MERGE, one ruling applied to every paired row because the two lanes differ the same way on all of them and neither is complete. From B: source_section, which A left blank on all three pages although 'Real Estate Portfolio' is printed above the table on pages 1 and 2 and 'REITS' and 'Separate Accounts' above their own tables on page 3; source_table on pages 1 and 2, because A's 'UNTITLED_TABLE_1' is a placeholder the page never prints; and asset_class 'Real Estate', the printed grouping that governs every row. From A: source_column_label and metric_name 'Total Capital Contributed' and 'Total Capital Distributed', because the header wraps 'Total Capital' onto its own line above each of those two columns separately instead of spanning them, and page 3 prints 'Total Capital Distributed' on one line where both lanes agree; currency_scale, which A correctly leaves blank on irr and tvpi rows while B stamps '($ in millions)' onto a percentage and a multiple; and evidence_quote, because A cites the full printed partnership line while B cites the bare value, which proves only that those digits occur somewhere on the page. subject_type corrected to 'fund' on every partnership row: both lanes wrote 'investment', but the entity column is headed 'Partnership' and each row is a named vehicle the fund committed capital to, not a holding inside one.; Source review: p3: IRR (All report pages were reviewed; no fee-basis statement qualifies this IRR.)",RESOLVED,A+B+ADJUDICATOR,504abfe06fcde5e187ef74247e28f97eecec00313f5079c91e05fbdaea023159
047033db5a745e29ab61,SRC058,3,PAIR_E7CDEF07C37FA6A0EEFDC6B9,CONTEXT_CONFLICT,847,847,source_section|asset_class|evidence_quote,MERGE,"MERGE, one ruling applied to every paired row because the two lanes differ the same way on all of them and neither is complete. From B: source_section, which A left blank on all three pages although 'Real Estate Portfolio' is printed above the table on pages 1 and 2 and 'REITS' and 'Separate Accounts' above their own tables on page 3; source_table on pages 1 and 2, because A's 'UNTITLED_TABLE_1' is a placeholder the page never prints; and asset_class 'Real Estate', the printed grouping that governs every row. From A: source_column_label and metric_name 'Total Capital Contributed' and 'Total Capital Distributed', because the header wraps 'Total Capital' onto its own line above each of those two columns separately instead of spanning them, and page 3 prints 'Total Capital Distributed' on one line where both lanes agree; currency_scale, which A correctly leaves blank on irr and tvpi rows while B stamps '($ in millions)' onto a percentage and a multiple; and evidence_quote, because A cites the full printed partnership line while B cites the bare value, which proves only that those digits occur somewhere on the page. subject_type corrected to 'fund' on every partnership row: both lanes wrote 'investment', but the entity column is headed 'Partnership' and each row is a named vehicle the fund committed capital to, not a holding inside one.",RESOLVED,A+B+ADJUDICATOR,504abfe06fcde5e187ef74247e28f97eecec00313f5079c91e05fbdaea023159
16cc377dc0ed1f484c85,SRC058,3,PAIR_87F0C2DE42E514B7108E28BF,CONTEXT_CONFLICT,848,848,source_section|asset_class|currency_scale|evidence_quote,MERGE,"MERGE, one ruling applied to every paired row because the two lanes differ the same way on all of them and neither is complete. From B: source_section, which A left blank on all three pages although 'Real Estate Portfolio' is printed above the table on pages 1 and 2 and 'REITS' and 'Separate Accounts' above their own tables on page 3; source_table on pages 1 and 2, because A's 'UNTITLED_TABLE_1' is a placeholder the page never prints; and asset_class 'Real Estate', the printed grouping that governs every row. From A: source_column_label and metric_name 'Total Capital Contributed' and 'Total Capital Distributed', because the header wraps 'Total Capital' onto its own line above each of those two columns separately instead of spanning them, and page 3 prints 'Total Capital Distributed' on one line where both lanes agree; currency_scale, which A correctly leaves blank on irr and tvpi rows while B stamps '($ in millions)' onto a percentage and a multiple; and evidence_quote, because A cites the full printed partnership line while B cites the bare value, which proves only that those digits occur somewhere on the page. subject_type corrected to 'fund' on every partnership row: both lanes wrote 'investment', but the entity column is headed 'Partnership' and each row is a named vehicle the fund committed capital to, not a holding inside one.",RESOLVED,A+B+ADJUDICATOR,504abfe06fcde5e187ef74247e28f97eecec00313f5079c91e05fbdaea023159
d74dac14bde3b03f5461,SRC058,3,PAIR_E73B3F3BB4A9763DB0E66EF6,CONTEXT_CONFLICT,849,849,source_section|asset_class|evidence_quote,MERGE,"MERGE, one ruling applied to every paired row because the two lanes differ the same way on all of them and neither is complete. From B: source_section, which A left blank on all three pages although 'Real Estate Portfolio' is printed above the table on pages 1 and 2 and 'REITS' and 'Separate Accounts' above their own tables on page 3; source_table on pages 1 and 2, because A's 'UNTITLED_TABLE_1' is a placeholder the page never prints; and asset_class 'Real Estate', the printed grouping that governs every row. From A: source_column_label and metric_name 'Total Capital Contributed' and 'Total Capital Distributed', because the header wraps 'Total Capital' onto its own line above each of those two columns separately instead of spanning them, and page 3 prints 'Total Capital Distributed' on one line where both lanes agree; currency_scale, which A correctly leaves blank on irr and tvpi rows while B stamps '($ in millions)' onto a percentage and a multiple; and evidence_quote, because A cites the full printed partnership line while B cites the bare value, which proves only that those digits occur somewhere on the page. subject_type corrected to 'fund' on every partnership row: both lanes wrote 'investment', but the entity column is headed 'Partnership' and each row is a named vehicle the fund committed capital to, not a holding inside one.; Source review: p3: Retirement Fund (The portfolio report distinguishes investor positions from its aggregate rows.) | p3: Retirement Fund (Printed heading or definition supporting the source-reviewed qualifier.) | p3: Retirement Fund (Supersedes SR2239: the printed entity or table label is context, not a measurement basis; source labels retain its scope.)",RESOLVED,A+B+ADJUDICATOR,504abfe06fcde5e187ef74247e28f97eecec00313f5079c91e05fbdaea023159
c76c1ee4e4cb432546a7,SRC058,3,PAIR_BD6F82ADD9F291475F9AC197,CONTEXT_CONFLICT,850,850,source_section|asset_class|currency_scale|evidence_quote,MERGE,"MERGE, one ruling applied to every paired row because the two lanes differ the same way on all of them and neither is complete. From B: source_section, which A left blank on all three pages although 'Real Estate Portfolio' is printed above the table on pages 1 and 2 and 'REITS' and 'Separate Accounts' above their own tables on page 3; source_table on pages 1 and 2, because A's 'UNTITLED_TABLE_1' is a placeholder the page never prints; and asset_class 'Real Estate', the printed grouping that governs every row. From A: source_column_label and metric_name 'Total Capital Contributed' and 'Total Capital Distributed', because the header wraps 'Total Capital' onto its own line above each of those two columns separately instead of spanning them, and page 3 prints 'Total Capital Distributed' on one line where both lanes agree; currency_scale, which A correctly leaves blank on irr and tvpi rows while B stamps '($ in millions)' onto a percentage and a multiple; and evidence_quote, because A cites the full printed partnership line while B cites the bare value, which proves only that those digits occur somewhere on the page. subject_type corrected to 'fund' on every partnership row: both lanes wrote 'investment', but the entity column is headed 'Partnership' and each row is a named vehicle the fund committed capital to, not a holding inside one.; Source review: p3: IRR (All report pages were reviewed; no fee-basis statement qualifies this IRR.)",RESOLVED,A+B+ADJUDICATOR,504abfe06fcde5e187ef74247e28f97eecec00313f5079c91e05fbdaea023159
5186455ebe90ac862c3c,SRC058,3,PAIR_58C938FA6563C68AF490A636,CONTEXT_CONFLICT,851,851,source_section|asset_class|evidence_quote,MERGE,"MERGE, one ruling applied to every paired row because the two lanes differ the same way on all of them and neither is complete. From B: source_section, which A left blank on all three pages although 'Real Estate Portfolio' is printed above the table on pages 1 and 2 and 'REITS' and 'Separate Accounts' above their own tables on page 3; source_table on pages 1 and 2, because A's 'UNTITLED_TABLE_1' is a placeholder the page never prints; and asset_class 'Real Estate', the printed grouping that governs every row. From A: source_column_label and metric_name 'Total Capital Contributed' and 'Total Capital Distributed', because the header wraps 'Total Capital' onto its own line above each of those two columns separately instead of spanning them, and page 3 prints 'Total Capital Distributed' on one line where both lanes agree; currency_scale, which A correctly leaves blank on irr and tvpi rows while B stamps '($ in millions)' onto a percentage and a multiple; and evidence_quote, because A cites the full printed partnership line while B cites the bare value, which proves only that those digits occur somewhere on the page. subject_type corrected to 'fund' on every partnership row: both lanes wrote 'investment', but the entity column is headed 'Partnership' and each row is a named vehicle the fund committed capital to, not a holding inside one.",RESOLVED,A+B+ADJUDICATOR,504abfe06fcde5e187ef74247e28f97eecec00313f5079c91e05fbdaea023159
e4f0a9016055ecebb5aa,SRC058,3,PAIR_8F6496798BC23D229AC88F07,CONTEXT_CONFLICT,852,852,source_section|asset_class|currency_scale|evidence_quote,MERGE,"MERGE, one ruling applied to every paired row because the two lanes differ the same way on all of them and neither is complete. From B: source_section, which A left blank on all three pages although 'Real Estate Portfolio' is printed above the table on pages 1 and 2 and 'REITS' and 'Separate Accounts' above their own tables on page 3; source_table on pages 1 and 2, because A's 'UNTITLED_TABLE_1' is a placeholder the page never prints; and asset_class 'Real Estate', the printed grouping that governs every row. From A: source_column_label and metric_name 'Total Capital Contributed' and 'Total Capital Distributed', because the header wraps 'Total Capital' onto its own line above each of those two columns separately instead of spanning them, and page 3 prints 'Total Capital Distributed' on one line where both lanes agree; currency_scale, which A correctly leaves blank on irr and tvpi rows while B stamps '($ in millions)' onto a percentage and a multiple; and evidence_quote, because A cites the full printed partnership line while B cites the bare value, which proves only that those digits occur somewhere on the page. subject_type corrected to 'fund' on every partnership row: both lanes wrote 'investment', but the entity column is headed 'Partnership' and each row is a named vehicle the fund committed capital to, not a holding inside one.",RESOLVED,A+B+ADJUDICATOR,504abfe06fcde5e187ef74247e28f97eecec00313f5079c91e05fbdaea023159
67acd24a3dfd457e4bb7,SRC058,3,PAIR_6C6A451D29C7F4AA4FEB21EC,CONTEXT_CONFLICT,853,853,source_section|asset_class|evidence_quote,MERGE,"MERGE, one ruling applied to every paired row because the two lanes differ the same way on all of them and neither is complete. From B: source_section, which A left blank on all three pages although 'Real Estate Portfolio' is printed above the table on pages 1 and 2 and 'REITS' and 'Separate Accounts' above their own tables on page 3; source_table on pages 1 and 2, because A's 'UNTITLED_TABLE_1' is a placeholder the page never prints; and asset_class 'Real Estate', the printed grouping that governs every row. From A: source_column_label and metric_name 'Total Capital Contributed' and 'Total Capital Distributed', because the header wraps 'Total Capital' onto its own line above each of those two columns separately instead of spanning them, and page 3 prints 'Total Capital Distributed' on one line where both lanes agree; currency_scale, which A correctly leaves blank on irr and tvpi rows while B stamps '($ in millions)' onto a percentage and a multiple; and evidence_quote, because A cites the full printed partnership line while B cites the bare value, which proves only that those digits occur somewhere on the page. subject_type corrected to 'fund' on every partnership row: both lanes wrote 'investment', but the entity column is headed 'Partnership' and each row is a named vehicle the fund committed capital to, not a holding inside one.; Source review: p3: Retirement Fund (The portfolio report distinguishes investor positions from its aggregate rows.) | p3: Retirement Fund (Printed heading or definition supporting the source-reviewed qualifier.) | p3: Retirement Fund (Supersedes SR2240: the printed entity or table label is context, not a measurement basis; source labels retain its scope.)",RESOLVED,A+B+ADJUDICATOR,504abfe06fcde5e187ef74247e28f97eecec00313f5079c91e05fbdaea023159
99749187efb810b0a0c9,SRC058,3,PAIR_1FDF60AC9F310F04239DC52A,CONTEXT_CONFLICT,854,854,source_section|asset_class|currency_scale|evidence_quote,MERGE,"MERGE, one ruling applied to every paired row because the two lanes differ the same way on all of them and neither is complete. From B: source_section, which A left blank on all three pages although 'Real Estate Portfolio' is printed above the table on pages 1 and 2 and 'REITS' and 'Separate Accounts' above their own tables on page 3; source_table on pages 1 and 2, because A's 'UNTITLED_TABLE_1' is a placeholder the page never prints; and asset_class 'Real Estate', the printed grouping that governs every row. From A: source_column_label and metric_name 'Total Capital Contributed' and 'Total Capital Distributed', because the header wraps 'Total Capital' onto its own line above each of those two columns separately instead of spanning them, and page 3 prints 'Total Capital Distributed' on one line where both lanes agree; currency_scale, which A correctly leaves blank on irr and tvpi rows while B stamps '($ in millions)' onto a percentage and a multiple; and evidence_quote, because A cites the full printed partnership line while B cites the bare value, which proves only that those digits occur somewhere on the page. subject_type corrected to 'fund' on every partnership row: both lanes wrote 'investment', but the entity column is headed 'Partnership' and each row is a named vehicle the fund committed capital to, not a holding inside one.; Source review: p3: IRR (All report pages were reviewed; no fee-basis statement qualifies this IRR.)",RESOLVED,A+B+ADJUDICATOR,504abfe06fcde5e187ef74247e28f97eecec00313f5079c91e05fbdaea023159
728272685008598a005b,SRC058,3,PAIR_CB18BA92E17DE4A39686C5A3,CONTEXT_CONFLICT,855,855,source_section|asset_class|evidence_quote,MERGE,"MERGE, one ruling applied to every paired row because the two lanes differ the same way on all of them and neither is complete. From B: source_section, which A left blank on all three pages although 'Real Estate Portfolio' is printed above the table on pages 1 and 2 and 'REITS' and 'Separate Accounts' above their own tables on page 3; source_table on pages 1 and 2, because A's 'UNTITLED_TABLE_1' is a placeholder the page never prints; and asset_class 'Real Estate', the printed grouping that governs every row. From A: source_column_label and metric_name 'Total Capital Contributed' and 'Total Capital Distributed', because the header wraps 'Total Capital' onto its own line above each of those two columns separately instead of spanning them, and page 3 prints 'Total Capital Distributed' on one line where both lanes agree; currency_scale, which A correctly leaves blank on irr and tvpi rows while B stamps '($ in millions)' onto a percentage and a multiple; and evidence_quote, because A cites the full printed partnership line while B cites the bare value, which proves only that those digits occur somewhere on the page. subject_type corrected to 'fund' on every partnership row: both lanes wrote 'investment', but the entity column is headed 'Partnership' and each row is a named vehicle the fund committed capital to, not a holding inside one.",RESOLVED,A+B+ADJUDICATOR,504abfe06fcde5e187ef74247e28f97eecec00313f5079c91e05fbdaea023159
5e0602644f51d7d18026,SRC058,3,PAIR_521D8A34D1BCC15702861840,CONTEXT_CONFLICT,856,856,source_section|asset_class|currency_scale|evidence_quote,MERGE,"MERGE, one ruling applied to every paired row because the two lanes differ the same way on all of them and neither is complete. From B: source_section, which A left blank on all three pages although 'Real Estate Portfolio' is printed above the table on pages 1 and 2 and 'REITS' and 'Separate Accounts' above their own tables on page 3; source_table on pages 1 and 2, because A's 'UNTITLED_TABLE_1' is a placeholder the page never prints; and asset_class 'Real Estate', the printed grouping that governs every row. From A: source_column_label and metric_name 'Total Capital Contributed' and 'Total Capital Distributed', because the header wraps 'Total Capital' onto its own line above each of those two columns separately instead of spanning them, and page 3 prints 'Total Capital Distributed' on one line where both lanes agree; currency_scale, which A correctly leaves blank on irr and tvpi rows while B stamps '($ in millions)' onto a percentage and a multiple; and evidence_quote, because A cites the full printed partnership line while B cites the bare value, which proves only that those digits occur somewhere on the page. subject_type corrected to 'fund' on every partnership row: both lanes wrote 'investment', but the entity column is headed 'Partnership' and each row is a named vehicle the fund committed capital to, not a holding inside one.",RESOLVED,A+B+ADJUDICATOR,504abfe06fcde5e187ef74247e28f97eecec00313f5079c91e05fbdaea023159
c145d4b58f24487979c4,SRC058,3,PAIR_14D824100CF8A9493795BE1F,CONTEXT_CONFLICT,857,857,source_section|asset_class|evidence_quote,MERGE,"MERGE, one ruling applied to every paired row because the two lanes differ the same way on all of them and neither is complete. From B: source_section, which A left blank on all three pages although 'Real Estate Portfolio' is printed above the table on pages 1 and 2 and 'REITS' and 'Separate Accounts' above their own tables on page 3; source_table on pages 1 and 2, because A's 'UNTITLED_TABLE_1' is a placeholder the page never prints; and asset_class 'Real Estate', the printed grouping that governs every row. From A: source_column_label and metric_name 'Total Capital Contributed' and 'Total Capital Distributed', because the header wraps 'Total Capital' onto its own line above each of those two columns separately instead of spanning them, and page 3 prints 'Total Capital Distributed' on one line where both lanes agree; currency_scale, which A correctly leaves blank on irr and tvpi rows while B stamps '($ in millions)' onto a percentage and a multiple; and evidence_quote, because A cites the full printed partnership line while B cites the bare value, which proves only that those digits occur somewhere on the page. subject_type corrected to 'fund' on every partnership row: both lanes wrote 'investment', but the entity column is headed 'Partnership' and each row is a named vehicle the fund committed capital to, not a holding inside one.; Source review: p3: Retirement Fund (The portfolio report distinguishes investor positions from its aggregate rows.) | p3: Retirement Fund (Printed heading or definition supporting the source-reviewed qualifier.) | p3: Retirement Fund (Supersedes SR2241: the printed entity or table label is context, not a measurement basis; source labels retain its scope.)",RESOLVED,A+B+ADJUDICATOR,504abfe06fcde5e187ef74247e28f97eecec00313f5079c91e05fbdaea023159
670a3379aed643ecaa6a,SRC058,3,PAIR_0214133C8FB2DDC973C766CA,CONTEXT_CONFLICT,858,858,source_section|asset_class|currency_scale|evidence_quote,MERGE,"MERGE, one ruling applied to every paired row because the two lanes differ the same way on all of them and neither is complete. From B: source_section, which A left blank on all three pages although 'Real Estate Portfolio' is printed above the table on pages 1 and 2 and 'REITS' and 'Separate Accounts' above their own tables on page 3; source_table on pages 1 and 2, because A's 'UNTITLED_TABLE_1' is a placeholder the page never prints; and asset_class 'Real Estate', the printed grouping that governs every row. From A: source_column_label and metric_name 'Total Capital Contributed' and 'Total Capital Distributed', because the header wraps 'Total Capital' onto its own line above each of those two columns separately instead of spanning them, and page 3 prints 'Total Capital Distributed' on one line where both lanes agree; currency_scale, which A correctly leaves blank on irr and tvpi rows while B stamps '($ in millions)' onto a percentage and a multiple; and evidence_quote, because A cites the full printed partnership line while B cites the bare value, which proves only that those digits occur somewhere on the page. subject_type corrected to 'fund' on every partnership row: both lanes wrote 'investment', but the entity column is headed 'Partnership' and each row is a named vehicle the fund committed capital to, not a holding inside one.; Source review: p3: IRR (All report pages were reviewed; no fee-basis statement qualifies this IRR.)",RESOLVED,A+B+ADJUDICATOR,504abfe06fcde5e187ef74247e28f97eecec00313f5079c91e05fbdaea023159
bf6a12c7c86fe466b404,SRC058,3,PAIR_71BD929BA3D55194ACDAA9A9,CONTEXT_CONFLICT,859,859,source_section|asset_class|evidence_quote,MERGE,"MERGE, one ruling applied to every paired row because the two lanes differ the same way on all of them and neither is complete. From B: source_section, which A left blank on all three pages although 'Real Estate Portfolio' is printed above the table on pages 1 and 2 and 'REITS' and 'Separate Accounts' above their own tables on page 3; source_table on pages 1 and 2, because A's 'UNTITLED_TABLE_1' is a placeholder the page never prints; and asset_class 'Real Estate', the printed grouping that governs every row. From A: source_column_label and metric_name 'Total Capital Contributed' and 'Total Capital Distributed', because the header wraps 'Total Capital' onto its own line above each of those two columns separately instead of spanning them, and page 3 prints 'Total Capital Distributed' on one line where both lanes agree; currency_scale, which A correctly leaves blank on irr and tvpi rows while B stamps '($ in millions)' onto a percentage and a multiple; and evidence_quote, because A cites the full printed partnership line while B cites the bare value, which proves only that those digits occur somewhere on the page. subject_type corrected to 'fund' on every partnership row: both lanes wrote 'investment', but the entity column is headed 'Partnership' and each row is a named vehicle the fund committed capital to, not a holding inside one.",RESOLVED,A+B+ADJUDICATOR,504abfe06fcde5e187ef74247e28f97eecec00313f5079c91e05fbdaea023159
46fd03d172ae24e01210,SRC058,3,PAIR_1653276356C3322C41F15D57,CONTEXT_CONFLICT,860,860,source_section|asset_class|currency_scale|evidence_quote,MERGE,"MERGE, one ruling applied to every paired row because the two lanes differ the same way on all of them and neither is complete. From B: source_section, which A left blank on all three pages although 'Real Estate Portfolio' is printed above the table on pages 1 and 2 and 'REITS' and 'Separate Accounts' above their own tables on page 3; source_table on pages 1 and 2, because A's 'UNTITLED_TABLE_1' is a placeholder the page never prints; and asset_class 'Real Estate', the printed grouping that governs every row. From A: source_column_label and metric_name 'Total Capital Contributed' and 'Total Capital Distributed', because the header wraps 'Total Capital' onto its own line above each of those two columns separately instead of spanning them, and page 3 prints 'Total Capital Distributed' on one line where both lanes agree; currency_scale, which A correctly leaves blank on irr and tvpi rows while B stamps '($ in millions)' onto a percentage and a multiple; and evidence_quote, because A cites the full printed partnership line while B cites the bare value, which proves only that those digits occur somewhere on the page. subject_type corrected to 'fund' on every partnership row: both lanes wrote 'investment', but the entity column is headed 'Partnership' and each row is a named vehicle the fund committed capital to, not a holding inside one.",RESOLVED,A+B+ADJUDICATOR,504abfe06fcde5e187ef74247e28f97eecec00313f5079c91e05fbdaea023159
2d74cbb4bc08a38f3bc4,SRC058,3,PAIR_75642892849F1970E8164BA4,CONTEXT_CONFLICT,861,861,source_section|asset_class|evidence_quote,MERGE,"MERGE, one ruling applied to every paired row because the two lanes differ the same way on all of them and neither is complete. From B: source_section, which A left blank on all three pages although 'Real Estate Portfolio' is printed above the table on pages 1 and 2 and 'REITS' and 'Separate Accounts' above their own tables on page 3; source_table on pages 1 and 2, because A's 'UNTITLED_TABLE_1' is a placeholder the page never prints; and asset_class 'Real Estate', the printed grouping that governs every row. From A: source_column_label and metric_name 'Total Capital Contributed' and 'Total Capital Distributed', because the header wraps 'Total Capital' onto its own line above each of those two columns separately instead of spanning them, and page 3 prints 'Total Capital Distributed' on one line where both lanes agree; currency_scale, which A correctly leaves blank on irr and tvpi rows while B stamps '($ in millions)' onto a percentage and a multiple; and evidence_quote, because A cites the full printed partnership line while B cites the bare value, which proves only that those digits occur somewhere on the page. subject_type corrected to 'fund' on every partnership row: both lanes wrote 'investment', but the entity column is headed 'Partnership' and each row is a named vehicle the fund committed capital to, not a holding inside one.; Source review: p3: Retirement Fund (The portfolio report distinguishes investor positions from its aggregate rows.) | p3: Retirement Fund (Printed heading or definition supporting the source-reviewed qualifier.) | p3: Retirement Fund (Supersedes SR2242: the printed entity or table label is context, not a measurement basis; source labels retain its scope.)",RESOLVED,A+B+ADJUDICATOR,504abfe06fcde5e187ef74247e28f97eecec00313f5079c91e05fbdaea023159
23676637cca84ad5bc12,SRC058,3,PAIR_B28BE5259FE628D3519729C0,CONTEXT_CONFLICT,862,862,source_section|asset_class|currency_scale|evidence_quote,MERGE,"MERGE, one ruling applied to every paired row because the two lanes differ the same way on all of them and neither is complete. From B: source_section, which A left blank on all three pages although 'Real Estate Portfolio' is printed above the table on pages 1 and 2 and 'REITS' and 'Separate Accounts' above their own tables on page 3; source_table on pages 1 and 2, because A's 'UNTITLED_TABLE_1' is a placeholder the page never prints; and asset_class 'Real Estate', the printed grouping that governs every row. From A: source_column_label and metric_name 'Total Capital Contributed' and 'Total Capital Distributed', because the header wraps 'Total Capital' onto its own line above each of those two columns separately instead of spanning them, and page 3 prints 'Total Capital Distributed' on one line where both lanes agree; currency_scale, which A correctly leaves blank on irr and tvpi rows while B stamps '($ in millions)' onto a percentage and a multiple; and evidence_quote, because A cites the full printed partnership line while B cites the bare value, which proves only that those digits occur somewhere on the page. subject_type corrected to 'fund' on every partnership row: both lanes wrote 'investment', but the entity column is headed 'Partnership' and each row is a named vehicle the fund committed capital to, not a holding inside one.; Source review: p3: IRR (All report pages were reviewed; no fee-basis statement qualifies this IRR.)",RESOLVED,A+B+ADJUDICATOR,504abfe06fcde5e187ef74247e28f97eecec00313f5079c91e05fbdaea023159
449321421394f769f0e1,SRC058,3,PAIR_79C424EA953596DB190AE33E,CONTEXT_CONFLICT,863,863,source_section|asset_class|evidence_quote,MERGE,"MERGE, one ruling applied to every paired row because the two lanes differ the same way on all of them and neither is complete. From B: source_section, which A left blank on all three pages although 'Real Estate Portfolio' is printed above the table on pages 1 and 2 and 'REITS' and 'Separate Accounts' above their own tables on page 3; source_table on pages 1 and 2, because A's 'UNTITLED_TABLE_1' is a placeholder the page never prints; and asset_class 'Real Estate', the printed grouping that governs every row. From A: source_column_label and metric_name 'Total Capital Contributed' and 'Total Capital Distributed', because the header wraps 'Total Capital' onto its own line above each of those two columns separately instead of spanning them, and page 3 prints 'Total Capital Distributed' on one line where both lanes agree; currency_scale, which A correctly leaves blank on irr and tvpi rows while B stamps '($ in millions)' onto a percentage and a multiple; and evidence_quote, because A cites the full printed partnership line while B cites the bare value, which proves only that those digits occur somewhere on the page. subject_type corrected to 'fund' on every partnership row: both lanes wrote 'investment', but the entity column is headed 'Partnership' and each row is a named vehicle the fund committed capital to, not a holding inside one.",RESOLVED,A+B+ADJUDICATOR,504abfe06fcde5e187ef74247e28f97eecec00313f5079c91e05fbdaea023159
4f5ba5881927f9ae5230,SRC058,3,PAIR_806D8E62E30CC0CAA6250B00,CONTEXT_CONFLICT,864,864,source_section|asset_class|currency_scale|evidence_quote,MERGE,"MERGE, one ruling applied to every paired row because the two lanes differ the same way on all of them and neither is complete. From B: source_section, which A left blank on all three pages although 'Real Estate Portfolio' is printed above the table on pages 1 and 2 and 'REITS' and 'Separate Accounts' above their own tables on page 3; source_table on pages 1 and 2, because A's 'UNTITLED_TABLE_1' is a placeholder the page never prints; and asset_class 'Real Estate', the printed grouping that governs every row. From A: source_column_label and metric_name 'Total Capital Contributed' and 'Total Capital Distributed', because the header wraps 'Total Capital' onto its own line above each of those two columns separately instead of spanning them, and page 3 prints 'Total Capital Distributed' on one line where both lanes agree; currency_scale, which A correctly leaves blank on irr and tvpi rows while B stamps '($ in millions)' onto a percentage and a multiple; and evidence_quote, because A cites the full printed partnership line while B cites the bare value, which proves only that those digits occur somewhere on the page. subject_type corrected to 'fund' on every partnership row: both lanes wrote 'investment', but the entity column is headed 'Partnership' and each row is a named vehicle the fund committed capital to, not a holding inside one.",RESOLVED,A+B+ADJUDICATOR,504abfe06fcde5e187ef74247e28f97eecec00313f5079c91e05fbdaea023159
5b073f178a6d7d3ff652,SRC058,3,PAIR_EBD8CCBA3089206905510D56,CONTEXT_CONFLICT,865,865,source_section|asset_class|evidence_quote,MERGE,"MERGE, one ruling applied to every paired row because the two lanes differ the same way on all of them and neither is complete. From B: source_section, which A left blank on all three pages although 'Real Estate Portfolio' is printed above the table on pages 1 and 2 and 'REITS' and 'Separate Accounts' above their own tables on page 3; source_table on pages 1 and 2, because A's 'UNTITLED_TABLE_1' is a placeholder the page never prints; and asset_class 'Real Estate', the printed grouping that governs every row. From A: source_column_label and metric_name 'Total Capital Contributed' and 'Total Capital Distributed', because the header wraps 'Total Capital' onto its own line above each of those two columns separately instead of spanning them, and page 3 prints 'Total Capital Distributed' on one line where both lanes agree; currency_scale, which A correctly leaves blank on irr and tvpi rows while B stamps '($ in millions)' onto a percentage and a multiple; and evidence_quote, because A cites the full printed partnership line while B cites the bare value, which proves only that those digits occur somewhere on the page. subject_type corrected to 'fund' on every partnership row: both lanes wrote 'investment', but the entity column is headed 'Partnership' and each row is a named vehicle the fund committed capital to, not a holding inside one.; Source review: p3: Retirement Fund (The portfolio report distinguishes investor positions from its aggregate rows.) | p3: Retirement Fund (Printed heading or definition supporting the source-reviewed qualifier.) | p3: Retirement Fund (Supersedes SR2243: the printed entity or table label is context, not a measurement basis; source labels retain its scope.)",RESOLVED,A+B+ADJUDICATOR,504abfe06fcde5e187ef74247e28f97eecec00313f5079c91e05fbdaea023159
a3215112fbb80fe48496,SRC058,3,PAIR_2818BECE8186C2030FA9AFAC,CONTEXT_CONFLICT,866,866,source_section|asset_class|currency_scale|evidence_quote,MERGE,"MERGE, one ruling applied to every paired row because the two lanes differ the same way on all of them and neither is complete. From B: source_section, which A left blank on all three pages although 'Real Estate Portfolio' is printed above the table on pages 1 and 2 and 'REITS' and 'Separate Accounts' above their own tables on page 3; source_table on pages 1 and 2, because A's 'UNTITLED_TABLE_1' is a placeholder the page never prints; and asset_class 'Real Estate', the printed grouping that governs every row. From A: source_column_label and metric_name 'Total Capital Contributed' and 'Total Capital Distributed', because the header wraps 'Total Capital' onto its own line above each of those two columns separately instead of spanning them, and page 3 prints 'Total Capital Distributed' on one line where both lanes agree; currency_scale, which A correctly leaves blank on irr and tvpi rows while B stamps '($ in millions)' onto a percentage and a multiple; and evidence_quote, because A cites the full printed partnership line while B cites the bare value, which proves only that those digits occur somewhere on the page. subject_type corrected to 'fund' on every partnership row: both lanes wrote 'investment', but the entity column is headed 'Partnership' and each row is a named vehicle the fund committed capital to, not a holding inside one.; Source review: p3: IRR (All report pages were reviewed; no fee-basis statement qualifies this IRR.)",RESOLVED,A+B+ADJUDICATOR,504abfe06fcde5e187ef74247e28f97eecec00313f5079c91e05fbdaea023159
9ce00fac2e8bdc8b8e9b,SRC058,3,PAIR_C2A15BA46F083321B80BDAE6,CONTEXT_CONFLICT,867,867,source_section|asset_class|evidence_quote,MERGE,"MERGE, one ruling applied to every paired row because the two lanes differ the same way on all of them and neither is complete. From B: source_section, which A left blank on all three pages although 'Real Estate Portfolio' is printed above the table on pages 1 and 2 and 'REITS' and 'Separate Accounts' above their own tables on page 3; source_table on pages 1 and 2, because A's 'UNTITLED_TABLE_1' is a placeholder the page never prints; and asset_class 'Real Estate', the printed grouping that governs every row. From A: source_column_label and metric_name 'Total Capital Contributed' and 'Total Capital Distributed', because the header wraps 'Total Capital' onto its own line above each of those two columns separately instead of spanning them, and page 3 prints 'Total Capital Distributed' on one line where both lanes agree; currency_scale, which A correctly leaves blank on irr and tvpi rows while B stamps '($ in millions)' onto a percentage and a multiple; and evidence_quote, because A cites the full printed partnership line while B cites the bare value, which proves only that those digits occur somewhere on the page. subject_type corrected to 'fund' on every partnership row: both lanes wrote 'investment', but the entity column is headed 'Partnership' and each row is a named vehicle the fund committed capital to, not a holding inside one.",RESOLVED,A+B+ADJUDICATOR,504abfe06fcde5e187ef74247e28f97eecec00313f5079c91e05fbdaea023159
866159413e97c1cd2e48,SRC058,3,PAIR_2CB5185B140FD8F0D7136760,CONTEXT_CONFLICT,868,868,source_section|asset_class|currency_scale|evidence_quote,MERGE,"MERGE, one ruling applied to every paired row because the two lanes differ the same way on all of them and neither is complete. From B: source_section, which A left blank on all three pages although 'Real Estate Portfolio' is printed above the table on pages 1 and 2 and 'REITS' and 'Separate Accounts' above their own tables on page 3; source_table on pages 1 and 2, because A's 'UNTITLED_TABLE_1' is a placeholder the page never prints; and asset_class 'Real Estate', the printed grouping that governs every row. From A: source_column_label and metric_name 'Total Capital Contributed' and 'Total Capital Distributed', because the header wraps 'Total Capital' onto its own line above each of those two columns separately instead of spanning them, and page 3 prints 'Total Capital Distributed' on one line where both lanes agree; currency_scale, which A correctly leaves blank on irr and tvpi rows while B stamps '($ in millions)' onto a percentage and a multiple; and evidence_quote, because A cites the full printed partnership line while B cites the bare value, which proves only that those digits occur somewhere on the page. subject_type corrected to 'fund' on every partnership row: both lanes wrote 'investment', but the entity column is headed 'Partnership' and each row is a named vehicle the fund committed capital to, not a holding inside one.",RESOLVED,A+B+ADJUDICATOR,504abfe06fcde5e187ef74247e28f97eecec00313f5079c91e05fbdaea023159
3782aec123153320ae96,SRC058,3,PAIR_B9332F7D53F4EC62E94AE129,CONTEXT_CONFLICT,869,869,source_section|asset_class|evidence_quote,MERGE,"MERGE, one ruling applied to every paired row because the two lanes differ the same way on all of them and neither is complete. From B: source_section, which A left blank on all three pages although 'Real Estate Portfolio' is printed above the table on pages 1 and 2 and 'REITS' and 'Separate Accounts' above their own tables on page 3; source_table on pages 1 and 2, because A's 'UNTITLED_TABLE_1' is a placeholder the page never prints; and asset_class 'Real Estate', the printed grouping that governs every row. From A: source_column_label and metric_name 'Total Capital Contributed' and 'Total Capital Distributed', because the header wraps 'Total Capital' onto its own line above each of those two columns separately instead of spanning them, and page 3 prints 'Total Capital Distributed' on one line where both lanes agree; currency_scale, which A correctly leaves blank on irr and tvpi rows while B stamps '($ in millions)' onto a percentage and a multiple; and evidence_quote, because A cites the full printed partnership line while B cites the bare value, which proves only that those digits occur somewhere on the page. subject_type corrected to 'fund' on every partnership row: both lanes wrote 'investment', but the entity column is headed 'Partnership' and each row is a named vehicle the fund committed capital to, not a holding inside one.; Source review: p3: Retirement Fund (The portfolio report distinguishes investor positions from its aggregate rows.) | p3: Retirement Fund (Printed heading or definition supporting the source-reviewed qualifier.) | p3: Retirement Fund (Supersedes SR2244: the printed entity or table label is context, not a measurement basis; source labels retain its scope.)",RESOLVED,A+B+ADJUDICATOR,504abfe06fcde5e187ef74247e28f97eecec00313f5079c91e05fbdaea023159
2677efa6c2049b0e5d00,SRC058,3,PAIR_6846A1C8365464F6D74D1632,CONTEXT_CONFLICT,870,870,source_section|asset_class|currency_scale|evidence_quote,MERGE,"MERGE, one ruling applied to every paired row because the two lanes differ the same way on all of them and neither is complete. From B: source_section, which A left blank on all three pages although 'Real Estate Portfolio' is printed above the table on pages 1 and 2 and 'REITS' and 'Separate Accounts' above their own tables on page 3; source_table on pages 1 and 2, because A's 'UNTITLED_TABLE_1' is a placeholder the page never prints; and asset_class 'Real Estate', the printed grouping that governs every row. From A: source_column_label and metric_name 'Total Capital Contributed' and 'Total Capital Distributed', because the header wraps 'Total Capital' onto its own line above each of those two columns separately instead of spanning them, and page 3 prints 'Total Capital Distributed' on one line where both lanes agree; currency_scale, which A correctly leaves blank on irr and tvpi rows while B stamps '($ in millions)' onto a percentage and a multiple; and evidence_quote, because A cites the full printed partnership line while B cites the bare value, which proves only that those digits occur somewhere on the page. subject_type corrected to 'fund' on every partnership row: both lanes wrote 'investment', but the entity column is headed 'Partnership' and each row is a named vehicle the fund committed capital to, not a holding inside one.; Source review: p3: IRR (All report pages were reviewed; no fee-basis statement qualifies this IRR.)",RESOLVED,A+B+ADJUDICATOR,504abfe06fcde5e187ef74247e28f97eecec00313f5079c91e05fbdaea023159
56ee495a4388e4336d9d,SRC058,3,PAIR_652E07F504A107A4D7F0CE9D,CONTEXT_CONFLICT,871,871,source_section|asset_class|evidence_quote,MERGE,"MERGE, one ruling applied to every paired row because the two lanes differ the same way on all of them and neither is complete. From B: source_section, which A left blank on all three pages although 'Real Estate Portfolio' is printed above the table on pages 1 and 2 and 'REITS' and 'Separate Accounts' above their own tables on page 3; source_table on pages 1 and 2, because A's 'UNTITLED_TABLE_1' is a placeholder the page never prints; and asset_class 'Real Estate', the printed grouping that governs every row. From A: source_column_label and metric_name 'Total Capital Contributed' and 'Total Capital Distributed', because the header wraps 'Total Capital' onto its own line above each of those two columns separately instead of spanning them, and page 3 prints 'Total Capital Distributed' on one line where both lanes agree; currency_scale, which A correctly leaves blank on irr and tvpi rows while B stamps '($ in millions)' onto a percentage and a multiple; and evidence_quote, because A cites the full printed partnership line while B cites the bare value, which proves only that those digits occur somewhere on the page. subject_type corrected to 'fund' on every partnership row: both lanes wrote 'investment', but the entity column is headed 'Partnership' and each row is a named vehicle the fund committed capital to, not a holding inside one.",RESOLVED,A+B+ADJUDICATOR,504abfe06fcde5e187ef74247e28f97eecec00313f5079c91e05fbdaea023159
3fb32ecf99c090ea09e2,SRC058,3,PAIR_B935A89550FCE9261D5DAD00,CONTEXT_CONFLICT,872,872,source_section|asset_class|currency_scale|evidence_quote,MERGE,"MERGE, one ruling applied to every paired row because the two lanes differ the same way on all of them and neither is complete. From B: source_section, which A left blank on all three pages although 'Real Estate Portfolio' is printed above the table on pages 1 and 2 and 'REITS' and 'Separate Accounts' above their own tables on page 3; source_table on pages 1 and 2, because A's 'UNTITLED_TABLE_1' is a placeholder the page never prints; and asset_class 'Real Estate', the printed grouping that governs every row. From A: source_column_label and metric_name 'Total Capital Contributed' and 'Total Capital Distributed', because the header wraps 'Total Capital' onto its own line above each of those two columns separately instead of spanning them, and page 3 prints 'Total Capital Distributed' on one line where both lanes agree; currency_scale, which A correctly leaves blank on irr and tvpi rows while B stamps '($ in millions)' onto a percentage and a multiple; and evidence_quote, because A cites the full printed partnership line while B cites the bare value, which proves only that those digits occur somewhere on the page. subject_type corrected to 'fund' on every partnership row: both lanes wrote 'investment', but the entity column is headed 'Partnership' and each row is a named vehicle the fund committed capital to, not a holding inside one.",RESOLVED,A+B+ADJUDICATOR,504abfe06fcde5e187ef74247e28f97eecec00313f5079c91e05fbdaea023159
b23fca524e79b3bc5d3a,SRC058,3,PAIR_72AF17172CBEB2BD599D5B64,CONTEXT_CONFLICT,873,873,source_section|asset_class|evidence_quote,MERGE,"MERGE, one ruling applied to every paired row because the two lanes differ the same way on all of them and neither is complete. From B: source_section, which A left blank on all three pages although 'Real Estate Portfolio' is printed above the table on pages 1 and 2 and 'REITS' and 'Separate Accounts' above their own tables on page 3; source_table on pages 1 and 2, because A's 'UNTITLED_TABLE_1' is a placeholder the page never prints; and asset_class 'Real Estate', the printed grouping that governs every row. From A: source_column_label and metric_name 'Total Capital Contributed' and 'Total Capital Distributed', because the header wraps 'Total Capital' onto its own line above each of those two columns separately instead of spanning them, and page 3 prints 'Total Capital Distributed' on one line where both lanes agree; currency_scale, which A correctly leaves blank on irr and tvpi rows while B stamps '($ in millions)' onto a percentage and a multiple; and evidence_quote, because A cites the full printed partnership line while B cites the bare value, which proves only that those digits occur somewhere on the page. subject_type corrected to 'fund' on every partnership row: both lanes wrote 'investment', but the entity column is headed 'Partnership' and each row is a named vehicle the fund committed capital to, not a holding inside one.; Source review: p3: Retirement Fund (The portfolio report distinguishes investor positions from its aggregate rows.) | p3: Retirement Fund (Printed heading or definition supporting the source-reviewed qualifier.) | p3: Retirement Fund (Supersedes SR2245: the printed entity or table label is context, not a measurement basis; source labels retain its scope.)",RESOLVED,A+B+ADJUDICATOR,504abfe06fcde5e187ef74247e28f97eecec00313f5079c91e05fbdaea023159
43ab7f18b409c2134e5c,SRC058,3,PAIR_0C35A1A204053DCA02376945,CONTEXT_CONFLICT,874,874,source_section|asset_class|currency_scale|evidence_quote,MERGE,"MERGE, one ruling applied to every paired row because the two lanes differ the same way on all of them and neither is complete. From B: source_section, which A left blank on all three pages although 'Real Estate Portfolio' is printed above the table on pages 1 and 2 and 'REITS' and 'Separate Accounts' above their own tables on page 3; source_table on pages 1 and 2, because A's 'UNTITLED_TABLE_1' is a placeholder the page never prints; and asset_class 'Real Estate', the printed grouping that governs every row. From A: source_column_label and metric_name 'Total Capital Contributed' and 'Total Capital Distributed', because the header wraps 'Total Capital' onto its own line above each of those two columns separately instead of spanning them, and page 3 prints 'Total Capital Distributed' on one line where both lanes agree; currency_scale, which A correctly leaves blank on irr and tvpi rows while B stamps '($ in millions)' onto a percentage and a multiple; and evidence_quote, because A cites the full printed partnership line while B cites the bare value, which proves only that those digits occur somewhere on the page. subject_type corrected to 'fund' on every partnership row: both lanes wrote 'investment', but the entity column is headed 'Partnership' and each row is a named vehicle the fund committed capital to, not a holding inside one.; Source review: p3: IRR (All report pages were reviewed; no fee-basis statement qualifies this IRR.)",RESOLVED,A+B+ADJUDICATOR,504abfe06fcde5e187ef74247e28f97eecec00313f5079c91e05fbdaea023159
c8d5cef13a3fed0364bc,SRC058,3,PAIR_0ABBF0F504E5A442EC2AC60A,CONTEXT_CONFLICT,875,875,source_section|asset_class|evidence_quote,MERGE,"MERGE, one ruling applied to every paired row because the two lanes differ the same way on all of them and neither is complete. From B: source_section, which A left blank on all three pages although 'Real Estate Portfolio' is printed above the table on pages 1 and 2 and 'REITS' and 'Separate Accounts' above their own tables on page 3; source_table on pages 1 and 2, because A's 'UNTITLED_TABLE_1' is a placeholder the page never prints; and asset_class 'Real Estate', the printed grouping that governs every row. From A: source_column_label and metric_name 'Total Capital Contributed' and 'Total Capital Distributed', because the header wraps 'Total Capital' onto its own line above each of those two columns separately instead of spanning them, and page 3 prints 'Total Capital Distributed' on one line where both lanes agree; currency_scale, which A correctly leaves blank on irr and tvpi rows while B stamps '($ in millions)' onto a percentage and a multiple; and evidence_quote, because A cites the full printed partnership line while B cites the bare value, which proves only that those digits occur somewhere on the page. subject_type corrected to 'fund' on every partnership row: both lanes wrote 'investment', but the entity column is headed 'Partnership' and each row is a named vehicle the fund committed capital to, not a holding inside one.",RESOLVED,A+B+ADJUDICATOR,504abfe06fcde5e187ef74247e28f97eecec00313f5079c91e05fbdaea023159
70154459967ebf8cd5df,SRC058,3,PAIR_882D08E9DD347F77277103AA,CONTEXT_CONFLICT,876,876,source_section|asset_class|currency_scale|evidence_quote,MERGE,"MERGE, one ruling applied to every paired row because the two lanes differ the same way on all of them and neither is complete. From B: source_section, which A left blank on all three pages although 'Real Estate Portfolio' is printed above the table on pages 1 and 2 and 'REITS' and 'Separate Accounts' above their own tables on page 3; source_table on pages 1 and 2, because A's 'UNTITLED_TABLE_1' is a placeholder the page never prints; and asset_class 'Real Estate', the printed grouping that governs every row. From A: source_column_label and metric_name 'Total Capital Contributed' and 'Total Capital Distributed', because the header wraps 'Total Capital' onto its own line above each of those two columns separately instead of spanning them, and page 3 prints 'Total Capital Distributed' on one line where both lanes agree; currency_scale, which A correctly leaves blank on irr and tvpi rows while B stamps '($ in millions)' onto a percentage and a multiple; and evidence_quote, because A cites the full printed partnership line while B cites the bare value, which proves only that those digits occur somewhere on the page. subject_type corrected to 'fund' on every partnership row: both lanes wrote 'investment', but the entity column is headed 'Partnership' and each row is a named vehicle the fund committed capital to, not a holding inside one.",RESOLVED,A+B+ADJUDICATOR,504abfe06fcde5e187ef74247e28f97eecec00313f5079c91e05fbdaea023159
9653e8aeb72cf9f44e60,SRC060,1,PAIR_7BDF1970075CA6B85FEBE724,CLASSIFICATION_CONFLICT,1,1,source_table|subject_name|currency_scale|evidence_quote,MERGE,"MERGE: neither lane is complete on the document_context row. source_table left blank (B) because the row's structure is DOCUMENT and it is not read out of a table. subject_name 'Alternatives Portfolio' (B) is printed verbatim; A's 'Oregon Public Employees Retirement Fund Alternatives Portfolio' is a concatenation the page never prints as one string. currency_scale '($ in millions)' (A) is printed in the heading block, so the populated side is right and B's blank is wrong. evidence_quote widened to the printed heading block so it proves the as-of date and the scale, which neither lane's quote did.",RESOLVED,A+B+ADJUDICATOR,716b2b3028d4222c5bd8dbe183698cc7ea61e5f7a4d37e799da36d64c0e2dac3
5611bd425e0c0fe41b3d,SRC060,1,PAIR_6FF9A7EDDAAF87717B02E124,CLASSIFICATION_CONFLICT,2,2,source_section|subject_type,ACCEPT_B,"Convention, applied once to all 465 pairs that differ on source_section and subject_type only (every other field byte-identical). source_section: 'Alternatives Portfolio' is the section heading printed above the table on both pages, so the populated side is right and A's blank is wrong. subject_type: every row label is a named partnership vehicle, so 'fund', not A's 'investment'. Values confirmed against page-001.png and page-002.png.",RESOLVED,B,716b2b3028d4222c5bd8dbe183698cc7ea61e5f7a4d37e799da36d64c0e2dac3
f21c7decb1a43313dd3e,SRC060,1,PAIR_36A86B129F1596BB4A12BA05,CLASSIFICATION_CONFLICT,3,3,source_section|subject_type,MERGE,"Convention, applied once to all 465 pairs that differ on source_section and subject_type only (every other field byte-identical). source_section: 'Alternatives Portfolio' is the section heading printed above the table on both pages, so the populated side is right and A's blank is wrong. subject_type: every row label is a named partnership vehicle, so 'fund', not A's 'investment'. Values confirmed against page-001.png and page-002.png.; Source review: p1: Retirement Fund (The portfolio report distinguishes investor positions from its aggregate rows.) | p1: Retirement Fund (Printed heading or definition supporting the source-reviewed qualifier.) | p1: Retirement Fund (Supersedes SR2246: the printed entity or table label is context, not a measurement basis; source labels retain its scope.)",RESOLVED,A+B+ADJUDICATOR,716b2b3028d4222c5bd8dbe183698cc7ea61e5f7a4d37e799da36d64c0e2dac3
9b164ef4c9d071cd960d,SRC060,1,PAIR_88E8EF0F31116B4E93F87A99,CLASSIFICATION_CONFLICT,4,4,source_section|subject_type,MERGE,"Convention, applied once to all 465 pairs that differ on source_section and subject_type only (every other field byte-identical). source_section: 'Alternatives Portfolio' is the section heading printed above the table on both pages, so the populated side is right and A's blank is wrong. subject_type: every row label is a named partnership vehicle, so 'fund', not A's 'investment'. Values confirmed against page-001.png and page-002.png.; Source review: p2: Figures are net of fees. (Footnote 2 applies to the portfolio performance columns.) | p2: Figures are net of fees. (Printed heading or definition supporting the source-reviewed qualifier.)",RESOLVED,A+B+ADJUDICATOR,716b2b3028d4222c5bd8dbe183698cc7ea61e5f7a4d37e799da36d64c0e2dac3
35c7bd0a4a61f663a9ec,SRC060,1,PAIR_ABE3DC11DD93423CC525C83F,CLASSIFICATION_CONFLICT,5,5,source_section|subject_type,ACCEPT_B,"Convention, applied once to all 465 pairs that differ on source_section and subject_type only (every other field byte-identical). source_section: 'Alternatives Portfolio' is the section heading printed above the table on both pages, so the populated side is right and A's blank is wrong. subject_type: every row label is a named partnership vehicle, so 'fund', not A's 'investment'. Values confirmed against page-001.png and page-002.png.",RESOLVED,B,716b2b3028d4222c5bd8dbe183698cc7ea61e5f7a4d37e799da36d64c0e2dac3
62f6b0bc8f3a3f686b54,SRC060,1,PAIR_CF1BF6A518C6BDB021A1BA31,CLASSIFICATION_CONFLICT,6,6,source_section|subject_type,ACCEPT_B,"Convention, applied once to all 465 pairs that differ on source_section and subject_type only (every other field byte-identical). source_section: 'Alternatives Portfolio' is the section heading printed above the table on both pages, so the populated side is right and A's blank is wrong. subject_type: every row label is a named partnership vehicle, so 'fund', not A's 'investment'. Values confirmed against page-001.png and page-002.png.",RESOLVED,B,716b2b3028d4222c5bd8dbe183698cc7ea61e5f7a4d37e799da36d64c0e2dac3
fa6d2720b1cb770e5ffa,SRC060,1,PAIR_816446FD44A452A5845A3642,CLASSIFICATION_CONFLICT,7,7,source_section|subject_type,ACCEPT_B,"Convention, applied once to all 465 pairs that differ on source_section and subject_type only (every other field byte-identical). source_section: 'Alternatives Portfolio' is the section heading printed above the table on both pages, so the populated side is right and A's blank is wrong. subject_type: every row label is a named partnership vehicle, so 'fund', not A's 'investment'. Values confirmed against page-001.png and page-002.png.",RESOLVED,B,716b2b3028d4222c5bd8dbe183698cc7ea61e5f7a4d37e799da36d64c0e2dac3
75bb9e6563e3976d480d,SRC060,1,PAIR_FE1673AACA28A77ABACBC0B5,CLASSIFICATION_CONFLICT,8,8,source_section|subject_type,ACCEPT_B,"Convention, applied once to all 465 pairs that differ on source_section and subject_type only (every other field byte-identical). source_section: 'Alternatives Portfolio' is the section heading printed above the table on both pages, so the populated side is right and A's blank is wrong. subject_type: every row label is a named partnership vehicle, so 'fund', not A's 'investment'. Values confirmed against page-001.png and page-002.png.",RESOLVED,B,716b2b3028d4222c5bd8dbe183698cc7ea61e5f7a4d37e799da36d64c0e2dac3
ca046c76a2a07015c535,SRC060,1,PAIR_57201B7488B4F389F86991DE,CLASSIFICATION_CONFLICT,9,9,source_section|subject_type,MERGE,"Convention, applied once to all 465 pairs that differ on source_section and subject_type only (every other field byte-identical). source_section: 'Alternatives Portfolio' is the section heading printed above the table on both pages, so the populated side is right and A's blank is wrong. subject_type: every row label is a named partnership vehicle, so 'fund', not A's 'investment'. Values confirmed against page-001.png and page-002.png.; Source review: p1: Retirement Fund (The portfolio report distinguishes investor positions from its aggregate rows.) | p1: Retirement Fund (Printed heading or definition supporting the source-reviewed qualifier.) | p1: Retirement Fund (Supersedes SR2248: the printed entity or table label is context, not a measurement basis; source labels retain its scope.)",RESOLVED,A+B+ADJUDICATOR,716b2b3028d4222c5bd8dbe183698cc7ea61e5f7a4d37e799da36d64c0e2dac3
772db3bddde16998d917,SRC060,1,PAIR_ED77190903221FE40AD45B25,CLASSIFICATION_CONFLICT,10,10,source_section|subject_type,MERGE,"Convention, applied once to all 465 pairs that differ on source_section and subject_type only (every other field byte-identical). source_section: 'Alternatives Portfolio' is the section heading printed above the table on both pages, so the populated side is right and A's blank is wrong. subject_type: every row label is a named partnership vehicle, so 'fund', not A's 'investment'. Values confirmed against page-001.png and page-002.png.; Source review: p2: Figures are net of fees. (Footnote 2 applies to the portfolio performance columns.) | p2: Figures are net of fees. (Printed heading or definition supporting the source-reviewed qualifier.)",RESOLVED,A+B+ADJUDICATOR,716b2b3028d4222c5bd8dbe183698cc7ea61e5f7a4d37e799da36d64c0e2dac3
a80b1ceb29f940933060,SRC060,1,PAIR_D9758CE3792C9F525BF9B0CF,CLASSIFICATION_CONFLICT,11,11,source_section|subject_type,ACCEPT_B,"Convention, applied once to all 465 pairs that differ on source_section and subject_type only (every other field byte-identical). source_section: 'Alternatives Portfolio' is the section heading printed above the table on both pages, so the populated side is right and A's blank is wrong. subject_type: every row label is a named partnership vehicle, so 'fund', not A's 'investment'. Values confirmed against page-001.png and page-002.png.",RESOLVED,B,716b2b3028d4222c5bd8dbe183698cc7ea61e5f7a4d37e799da36d64c0e2dac3
be67d7ff7de0ea4010fc,SRC060,1,PAIR_F760C48522EF396EC7AB2F8D,CLASSIFICATION_CONFLICT,12,12,source_section|subject_type,ACCEPT_B,"Convention, applied once to all 465 pairs that differ on source_section and subject_type only (every other field byte-identical). source_section: 'Alternatives Portfolio' is the section heading printed above the table on both pages, so the populated side is right and A's blank is wrong. subject_type: every row label is a named partnership vehicle, so 'fund', not A's 'investment'. Values confirmed against page-001.png and page-002.png.",RESOLVED,B,716b2b3028d4222c5bd8dbe183698cc7ea61e5f7a4d37e799da36d64c0e2dac3
d8375275529d97d30e87,SRC060,1,PAIR_4010E43F5F4B01EE1AAD0076,CLASSIFICATION_CONFLICT,13,13,source_section|subject_type,ACCEPT_B,"Convention, applied once to all 465 pairs that differ on source_section and subject_type only (every other field byte-identical). source_section: 'Alternatives Portfolio' is the section heading printed above the table on both pages, so the populated side is right and A's blank is wrong. subject_type: every row label is a named partnership vehicle, so 'fund', not A's 'investment'. Values confirmed against page-001.png and page-002.png.",RESOLVED,B,716b2b3028d4222c5bd8dbe183698cc7ea61e5f7a4d37e799da36d64c0e2dac3
b5e28d67a784c359b1e6,SRC060,1,PAIR_2074FDCA8EFF7DBEECDF4E4D,CLASSIFICATION_CONFLICT,14,14,source_section|subject_type,ACCEPT_B,"Convention, applied once to all 465 pairs that differ on source_section and subject_type only (every other field byte-identical). source_section: 'Alternatives Portfolio' is the section heading printed above the table on both pages, so the populated side is right and A's blank is wrong. subject_type: every row label is a named partnership vehicle, so 'fund', not A's 'investment'. Values confirmed against page-001.png and page-002.png.",RESOLVED,B,716b2b3028d4222c5bd8dbe183698cc7ea61e5f7a4d37e799da36d64c0e2dac3
b217145b9ba5a8cf7011,SRC060,1,PAIR_265A3B01949186983D45B04E,CLASSIFICATION_CONFLICT,15,15,source_section|subject_type,MERGE,"Convention, applied once to all 465 pairs that differ on source_section and subject_type only (every other field byte-identical). source_section: 'Alternatives Portfolio' is the section heading printed above the table on both pages, so the populated side is right and A's blank is wrong. subject_type: every row label is a named partnership vehicle, so 'fund', not A's 'investment'. Values confirmed against page-001.png and page-002.png.; Source review: p1: Retirement Fund (The portfolio report distinguishes investor positions from its aggregate rows.) | p1: Retirement Fund (Printed heading or definition supporting the source-reviewed qualifier.) | p1: Retirement Fund (Supersedes SR2250: the printed entity or table label is context, not a measurement basis; source labels retain its scope.)",RESOLVED,A+B+ADJUDICATOR,716b2b3028d4222c5bd8dbe183698cc7ea61e5f7a4d37e799da36d64c0e2dac3
3bbae909871eff5f43f0,SRC060,1,PAIR_8B9EDDC0F08EBBFCF019B1EE,CLASSIFICATION_CONFLICT,16,16,source_section|subject_type,MERGE,"Convention, applied once to all 465 pairs that differ on source_section and subject_type only (every other field byte-identical). source_section: 'Alternatives Portfolio' is the section heading printed above the table on both pages, so the populated side is right and A's blank is wrong. subject_type: every row label is a named partnership vehicle, so 'fund', not A's 'investment'. Values confirmed against page-001.png and page-002.png.; Source review: p2: Figures are net of fees. (Footnote 2 applies to the portfolio performance columns.) | p2: Figures are net of fees. (Printed heading or definition supporting the source-reviewed qualifier.)",RESOLVED,A+B+ADJUDICATOR,716b2b3028d4222c5bd8dbe183698cc7ea61e5f7a4d37e799da36d64c0e2dac3
bc19f8543ff09ecd4e24,SRC060,1,PAIR_DC2151629163315A51E060B2,CLASSIFICATION_CONFLICT,17,17,source_section|subject_type,ACCEPT_B,"Convention, applied once to all 465 pairs that differ on source_section and subject_type only (every other field byte-identical). source_section: 'Alternatives Portfolio' is the section heading printed above the table on both pages, so the populated side is right and A's blank is wrong. subject_type: every row label is a named partnership vehicle, so 'fund', not A's 'investment'. Values confirmed against page-001.png and page-002.png.",RESOLVED,B,716b2b3028d4222c5bd8dbe183698cc7ea61e5f7a4d37e799da36d64c0e2dac3
5c3c5da499358bfa2190,SRC060,1,PAIR_BCD3592821CDCDC91B76A61F,CLASSIFICATION_CONFLICT,18,18,source_section|subject_type,ACCEPT_B,"Convention, applied once to all 465 pairs that differ on source_section and subject_type only (every other field byte-identical). source_section: 'Alternatives Portfolio' is the section heading printed above the table on both pages, so the populated side is right and A's blank is wrong. subject_type: every row label is a named partnership vehicle, so 'fund', not A's 'investment'. Values confirmed against page-001.png and page-002.png.",RESOLVED,B,716b2b3028d4222c5bd8dbe183698cc7ea61e5f7a4d37e799da36d64c0e2dac3
92e2501cdba90467405c,SRC060,1,PAIR_9BA111C301FDD67CA5818E4E,CLASSIFICATION_CONFLICT,19,19,source_section|subject_type,ACCEPT_B,"Convention, applied once to all 465 pairs that differ on source_section and subject_type only (every other field byte-identical). source_section: 'Alternatives Portfolio' is the section heading printed above the table on both pages, so the populated side is right and A's blank is wrong. subject_type: every row label is a named partnership vehicle, so 'fund', not A's 'investment'. Values confirmed against page-001.png and page-002.png.",RESOLVED,B,716b2b3028d4222c5bd8dbe183698cc7ea61e5f7a4d37e799da36d64c0e2dac3
28b737e1835fee0ecd6a,SRC060,1,PAIR_1BAA1A0EA84B09293D9AD69C,CLASSIFICATION_CONFLICT,20,20,source_section|subject_type,ACCEPT_B,"Convention, applied once to all 465 pairs that differ on source_section and subject_type only (every other field byte-identical). source_section: 'Alternatives Portfolio' is the section heading printed above the table on both pages, so the populated side is right and A's blank is wrong. subject_type: every row label is a named partnership vehicle, so 'fund', not A's 'investment'. Values confirmed against page-001.png and page-002.png.",RESOLVED,B,716b2b3028d4222c5bd8dbe183698cc7ea61e5f7a4d37e799da36d64c0e2dac3
a8cc16a5b6354b262ab7,SRC060,1,PAIR_4825F9D57450B91AA372C809,CLASSIFICATION_CONFLICT,21,21,source_section|subject_type,MERGE,"Convention, applied once to all 465 pairs that differ on source_section and subject_type only (every other field byte-identical). source_section: 'Alternatives Portfolio' is the section heading printed above the table on both pages, so the populated side is right and A's blank is wrong. subject_type: every row label is a named partnership vehicle, so 'fund', not A's 'investment'. Values confirmed against page-001.png and page-002.png.; Source review: p1: Retirement Fund (The portfolio report distinguishes investor positions from its aggregate rows.) | p1: Retirement Fund (Printed heading or definition supporting the source-reviewed qualifier.) | p1: Retirement Fund (Supersedes SR2252: the printed entity or table label is context, not a measurement basis; source labels retain its scope.)",RESOLVED,A+B+ADJUDICATOR,716b2b3028d4222c5bd8dbe183698cc7ea61e5f7a4d37e799da36d64c0e2dac3
b21549720f1b429663c6,SRC060,1,PAIR_28559BDA07ED5210767F7186,CLASSIFICATION_CONFLICT,22,22,source_section|subject_type,MERGE,"Convention, applied once to all 465 pairs that differ on source_section and subject_type only (every other field byte-identical). source_section: 'Alternatives Portfolio' is the section heading printed above the table on both pages, so the populated side is right and A's blank is wrong. subject_type: every row label is a named partnership vehicle, so 'fund', not A's 'investment'. Values confirmed against page-001.png and page-002.png.; Source review: p2: Figures are net of fees. (Footnote 2 applies to the portfolio performance columns.) | p2: Figures are net of fees. (Printed heading or definition supporting the source-reviewed qualifier.)",RESOLVED,A+B+ADJUDICATOR,716b2b3028d4222c5bd8dbe183698cc7ea61e5f7a4d37e799da36d64c0e2dac3
a733d5541f8384b33122,SRC060,1,PAIR_1E1CC95D242E01860C087115,CLASSIFICATION_CONFLICT,23,23,source_section|subject_type,ACCEPT_B,"Convention, applied once to all 465 pairs that differ on source_section and subject_type only (every other field byte-identical). source_section: 'Alternatives Portfolio' is the section heading printed above the table on both pages, so the populated side is right and A's blank is wrong. subject_type: every row label is a named partnership vehicle, so 'fund', not A's 'investment'. Values confirmed against page-001.png and page-002.png.",RESOLVED,B,716b2b3028d4222c5bd8dbe183698cc7ea61e5f7a4d37e799da36d64c0e2dac3
9ccf98ae522e3a2360a2,SRC060,1,PAIR_5B1EB5B5D009B13C0BD06131,CLASSIFICATION_CONFLICT,24,24,source_section|subject_type,ACCEPT_B,"Convention, applied once to all 465 pairs that differ on source_section and subject_type only (every other field byte-identical). source_section: 'Alternatives Portfolio' is the section heading printed above the table on both pages, so the populated side is right and A's blank is wrong. subject_type: every row label is a named partnership vehicle, so 'fund', not A's 'investment'. Values confirmed against page-001.png and page-002.png.",RESOLVED,B,716b2b3028d4222c5bd8dbe183698cc7ea61e5f7a4d37e799da36d64c0e2dac3
a3f100e6a7cab3b66ae4,SRC060,1,PAIR_AFAA93D9C1E209F11159C290,CLASSIFICATION_CONFLICT,25,25,source_section|subject_type,ACCEPT_B,"Convention, applied once to all 465 pairs that differ on source_section and subject_type only (every other field byte-identical). source_section: 'Alternatives Portfolio' is the section heading printed above the table on both pages, so the populated side is right and A's blank is wrong. subject_type: every row label is a named partnership vehicle, so 'fund', not A's 'investment'. Values confirmed against page-001.png and page-002.png.",RESOLVED,B,716b2b3028d4222c5bd8dbe183698cc7ea61e5f7a4d37e799da36d64c0e2dac3
6305cc01cc7d3f4583fc,SRC060,1,PAIR_AB394B22225404318D25A890,CLASSIFICATION_CONFLICT,26,26,source_section|subject_type,ACCEPT_B,"Convention, applied once to all 465 pairs that differ on source_section and subject_type only (every other field byte-identical). source_section: 'Alternatives Portfolio' is the section heading printed above the table on both pages, so the populated side is right and A's blank is wrong. subject_type: every row label is a named partnership vehicle, so 'fund', not A's 'investment'. Values confirmed against page-001.png and page-002.png.",RESOLVED,B,716b2b3028d4222c5bd8dbe183698cc7ea61e5f7a4d37e799da36d64c0e2dac3
ba698d04ca1436b46399,SRC060,1,PAIR_3876995C3515FD3483F12F91,CLASSIFICATION_CONFLICT,27,27,source_section|subject_type,MERGE,"Convention, applied once to all 465 pairs that differ on source_section and subject_type only (every other field byte-identical). source_section: 'Alternatives Portfolio' is the section heading printed above the table on both pages, so the populated side is right and A's blank is wrong. subject_type: every row label is a named partnership vehicle, so 'fund', not A's 'investment'. Values confirmed against page-001.png and page-002.png.; Source review: p1: Retirement Fund (The portfolio report distinguishes investor positions from its aggregate rows.) | p1: Retirement Fund (Printed heading or definition supporting the source-reviewed qualifier.) | p1: Retirement Fund (Supersedes SR2254: the printed entity or table label is context, not a measurement basis; source labels retain its scope.)",RESOLVED,A+B+ADJUDICATOR,716b2b3028d4222c5bd8dbe183698cc7ea61e5f7a4d37e799da36d64c0e2dac3
1cc3cee20aca54abd973,SRC060,1,PAIR_27C55B449EEA79E9C721545F,CLASSIFICATION_CONFLICT,28,28,source_section|subject_type,ACCEPT_B,"Convention, applied once to all 465 pairs that differ on source_section and subject_type only (every other field byte-identical). source_section: 'Alternatives Portfolio' is the section heading printed above the table on both pages, so the populated side is right and A's blank is wrong. subject_type: every row label is a named partnership vehicle, so 'fund', not A's 'investment'. Values confirmed against page-001.png and page-002.png.",RESOLVED,B,716b2b3028d4222c5bd8dbe183698cc7ea61e5f7a4d37e799da36d64c0e2dac3
03195c646ef0fab71cc0,SRC060,1,PAIR_C4F534B6AB2E2BF4A34F4679,CLASSIFICATION_CONFLICT,29,29,source_section|subject_type,ACCEPT_B,"Convention, applied once to all 465 pairs that differ on source_section and subject_type only (every other field byte-identical). source_section: 'Alternatives Portfolio' is the section heading printed above the table on both pages, so the populated side is right and A's blank is wrong. subject_type: every row label is a named partnership vehicle, so 'fund', not A's 'investment'. Values confirmed against page-001.png and page-002.png.",RESOLVED,B,716b2b3028d4222c5bd8dbe183698cc7ea61e5f7a4d37e799da36d64c0e2dac3
90e9d5794365c44c6679,SRC060,1,PAIR_D9D9020E7E35B85A2E708107,CLASSIFICATION_CONFLICT,30,30,source_section|subject_type,ACCEPT_B,"Convention, applied once to all 465 pairs that differ on source_section and subject_type only (every other field byte-identical). source_section: 'Alternatives Portfolio' is the section heading printed above the table on both pages, so the populated side is right and A's blank is wrong. subject_type: every row label is a named partnership vehicle, so 'fund', not A's 'investment'. Values confirmed against page-001.png and page-002.png.",RESOLVED,B,716b2b3028d4222c5bd8dbe183698cc7ea61e5f7a4d37e799da36d64c0e2dac3
de8ed9b935e68f474695,SRC060,1,PAIR_3E8AD4267B37C4BAC7664B7C,CLASSIFICATION_CONFLICT,31,31,source_section|subject_type,ACCEPT_B,"Convention, applied once to all 465 pairs that differ on source_section and subject_type only (every other field byte-identical). source_section: 'Alternatives Portfolio' is the section heading printed above the table on both pages, so the populated side is right and A's blank is wrong. subject_type: every row label is a named partnership vehicle, so 'fund', not A's 'investment'. Values confirmed against page-001.png and page-002.png.",RESOLVED,B,716b2b3028d4222c5bd8dbe183698cc7ea61e5f7a4d37e799da36d64c0e2dac3
2db5d36bdc6c30c79d9d,SRC060,1,PAIR_4692F473CA37B4BC2D16E354,CLASSIFICATION_CONFLICT,32,32,source_section|subject_type,MERGE,"Convention, applied once to all 465 pairs that differ on source_section and subject_type only (every other field byte-identical). source_section: 'Alternatives Portfolio' is the section heading printed above the table on both pages, so the populated side is right and A's blank is wrong. subject_type: every row label is a named partnership vehicle, so 'fund', not A's 'investment'. Values confirmed against page-001.png and page-002.png.; Source review: p1: Retirement Fund (The portfolio report distinguishes investor positions from its aggregate rows.) | p1: Retirement Fund (Printed heading or definition supporting the source-reviewed qualifier.) | p1: Retirement Fund (Supersedes SR2255: the printed entity or table label is context, not a measurement basis; source labels retain its scope.)",RESOLVED,A+B+ADJUDICATOR,716b2b3028d4222c5bd8dbe183698cc7ea61e5f7a4d37e799da36d64c0e2dac3
226d3998b7e9842a40a0,SRC060,1,PAIR_B0E0B9A67F721E3A9D1FF9E9,CLASSIFICATION_CONFLICT,33,33,source_section|subject_type,ACCEPT_B,"Convention, applied once to all 465 pairs that differ on source_section and subject_type only (every other field byte-identical). source_section: 'Alternatives Portfolio' is the section heading printed above the table on both pages, so the populated side is right and A's blank is wrong. subject_type: every row label is a named partnership vehicle, so 'fund', not A's 'investment'. Values confirmed against page-001.png and page-002.png.",RESOLVED,B,716b2b3028d4222c5bd8dbe183698cc7ea61e5f7a4d37e799da36d64c0e2dac3
2b38be51262bc57ee3b4,SRC060,1,PAIR_DB66D40E4C3938484AC7D8CA,CLASSIFICATION_CONFLICT,34,34,source_section|subject_type,ACCEPT_B,"Convention, applied once to all 465 pairs that differ on source_section and subject_type only (every other field byte-identical). source_section: 'Alternatives Portfolio' is the section heading printed above the table on both pages, so the populated side is right and A's blank is wrong. subject_type: every row label is a named partnership vehicle, so 'fund', not A's 'investment'. Values confirmed against page-001.png and page-002.png.",RESOLVED,B,716b2b3028d4222c5bd8dbe183698cc7ea61e5f7a4d37e799da36d64c0e2dac3
8c2a0746217ae8b16d26,SRC060,1,PAIR_6252A36038AD24789DBA6AC5,CLASSIFICATION_CONFLICT,35,35,source_section|subject_type,ACCEPT_B,"Convention, applied once to all 465 pairs that differ on source_section and subject_type only (every other field byte-identical). source_section: 'Alternatives Portfolio' is the section heading printed above the table on both pages, so the populated side is right and A's blank is wrong. subject_type: every row label is a named partnership vehicle, so 'fund', not A's 'investment'. Values confirmed against page-001.png and page-002.png.",RESOLVED,B,716b2b3028d4222c5bd8dbe183698cc7ea61e5f7a4d37e799da36d64c0e2dac3
fdba70abaca12db0521f,SRC060,1,PAIR_A399D193C8FBCE0F8CEE08E8,CLASSIFICATION_CONFLICT,36,36,source_section|subject_type,ACCEPT_B,"Convention, applied once to all 465 pairs that differ on source_section and subject_type only (every other field byte-identical). source_section: 'Alternatives Portfolio' is the section heading printed above the table on both pages, so the populated side is right and A's blank is wrong. subject_type: every row label is a named partnership vehicle, so 'fund', not A's 'investment'. Values confirmed against page-001.png and page-002.png.",RESOLVED,B,716b2b3028d4222c5bd8dbe183698cc7ea61e5f7a4d37e799da36d64c0e2dac3
d542ed493cca7c4de9fb,SRC060,1,PAIR_CB317554E5004F6723D58C3A,CLASSIFICATION_CONFLICT,37,37,source_section|subject_type,MERGE,"Convention, applied once to all 465 pairs that differ on source_section and subject_type only (every other field byte-identical). source_section: 'Alternatives Portfolio' is the section heading printed above the table on both pages, so the populated side is right and A's blank is wrong. subject_type: every row label is a named partnership vehicle, so 'fund', not A's 'investment'. Values confirmed against page-001.png and page-002.png.; Source review: p1: Retirement Fund (The portfolio report distinguishes investor positions from its aggregate rows.) | p1: Retirement Fund (Printed heading or definition supporting the source-reviewed qualifier.) | p1: Retirement Fund (Supersedes SR2256: the printed entity or table label is context, not a measurement basis; source labels retain its scope.)",RESOLVED,A+B+ADJUDICATOR,716b2b3028d4222c5bd8dbe183698cc7ea61e5f7a4d37e799da36d64c0e2dac3
d9d2eaac7b38ee4b4e22,SRC060,1,PAIR_67615CD95032606294FB4E19,CLASSIFICATION_CONFLICT,38,38,source_section|subject_type,ACCEPT_B,"Convention, applied once to all 465 pairs that differ on source_section and subject_type only (every other field byte-identical). source_section: 'Alternatives Portfolio' is the section heading printed above the table on both pages, so the populated side is right and A's blank is wrong. subject_type: every row label is a named partnership vehicle, so 'fund', not A's 'investment'. Values confirmed against page-001.png and page-002.png.",RESOLVED,B,716b2b3028d4222c5bd8dbe183698cc7ea61e5f7a4d37e799da36d64c0e2dac3
61d47cc0d6723e447b2b,SRC060,1,PAIR_972ECF6CDBAACFB0F91E347E,CLASSIFICATION_CONFLICT,39,39,source_section|subject_type,ACCEPT_B,"Convention, applied once to all 465 pairs that differ on source_section and subject_type only (every other field byte-identical). source_section: 'Alternatives Portfolio' is the section heading printed above the table on both pages, so the populated side is right and A's blank is wrong. subject_type: every row label is a named partnership vehicle, so 'fund', not A's 'investment'. Values confirmed against page-001.png and page-002.png.",RESOLVED,B,716b2b3028d4222c5bd8dbe183698cc7ea61e5f7a4d37e799da36d64c0e2dac3
7320428df732cc8d9b08,SRC060,1,PAIR_3E25ED4100360AE00F86447D,CLASSIFICATION_CONFLICT,40,40,source_section|subject_type,ACCEPT_B,"Convention, applied once to all 465 pairs that differ on source_section and subject_type only (every other field byte-identical). source_section: 'Alternatives Portfolio' is the section heading printed above the table on both pages, so the populated side is right and A's blank is wrong. subject_type: every row label is a named partnership vehicle, so 'fund', not A's 'investment'. Values confirmed against page-001.png and page-002.png.",RESOLVED,B,716b2b3028d4222c5bd8dbe183698cc7ea61e5f7a4d37e799da36d64c0e2dac3
f5896171653afe0d7b6f,SRC060,1,PAIR_BBBFE1ABFBF95159221BEB1D,CLASSIFICATION_CONFLICT,41,41,source_section|subject_type,ACCEPT_B,"Convention, applied once to all 465 pairs that differ on source_section and subject_type only (every other field byte-identical). source_section: 'Alternatives Portfolio' is the section heading printed above the table on both pages, so the populated side is right and A's blank is wrong. subject_type: every row label is a named partnership vehicle, so 'fund', not A's 'investment'. Values confirmed against page-001.png and page-002.png.",RESOLVED,B,716b2b3028d4222c5bd8dbe183698cc7ea61e5f7a4d37e799da36d64c0e2dac3
389dcb6f38513cf71bba,SRC060,1,PAIR_A4B97D70553B2FA770D6DD29,CLASSIFICATION_CONFLICT,42,42,source_section|subject_type,MERGE,"Convention, applied once to all 465 pairs that differ on source_section and subject_type only (every other field byte-identical). source_section: 'Alternatives Portfolio' is the section heading printed above the table on both pages, so the populated side is right and A's blank is wrong. subject_type: every row label is a named partnership vehicle, so 'fund', not A's 'investment'. Values confirmed against page-001.png and page-002.png.; Source review: p1: Retirement Fund (The portfolio report distinguishes investor positions from its aggregate rows.) | p1: Retirement Fund (Printed heading or definition supporting the source-reviewed qualifier.) | p1: Retirement Fund (Supersedes SR2257: the printed entity or table label is context, not a measurement basis; source labels retain its scope.)",RESOLVED,A+B+ADJUDICATOR,716b2b3028d4222c5bd8dbe183698cc7ea61e5f7a4d37e799da36d64c0e2dac3
8a5983bfd7caf26ee2d5,SRC060,1,PAIR_71FEDA2B55FAEA8183D1B3E0,CLASSIFICATION_CONFLICT,43,43,source_section|subject_type,MERGE,"Convention, applied once to all 465 pairs that differ on source_section and subject_type only (every other field byte-identical). source_section: 'Alternatives Portfolio' is the section heading printed above the table on both pages, so the populated side is right and A's blank is wrong. subject_type: every row label is a named partnership vehicle, so 'fund', not A's 'investment'. Values confirmed against page-001.png and page-002.png.; Source review: p2: Figures are net of fees. (Footnote 2 applies to the portfolio performance columns.) | p2: Figures are net of fees. (Printed heading or definition supporting the source-reviewed qualifier.)",RESOLVED,A+B+ADJUDICATOR,716b2b3028d4222c5bd8dbe183698cc7ea61e5f7a4d37e799da36d64c0e2dac3
d771120a9b7a512457f9,SRC060,1,PAIR_5CC775ACD2178C3029BD3114,CLASSIFICATION_CONFLICT,44,44,source_section|subject_type,ACCEPT_B,"Convention, applied once to all 465 pairs that differ on source_section and subject_type only (every other field byte-identical). source_section: 'Alternatives Portfolio' is the section heading printed above the table on both pages, so the populated side is right and A's blank is wrong. subject_type: every row label is a named partnership vehicle, so 'fund', not A's 'investment'. Values confirmed against page-001.png and page-002.png.",RESOLVED,B,716b2b3028d4222c5bd8dbe183698cc7ea61e5f7a4d37e799da36d64c0e2dac3
c9900ba417b0feb7f167,SRC060,1,PAIR_CAC22A8E8F7642CEC404ADCE,CLASSIFICATION_CONFLICT,45,45,source_section|subject_type,ACCEPT_B,"Convention, applied once to all 465 pairs that differ on source_section and subject_type only (every other field byte-identical). source_section: 'Alternatives Portfolio' is the section heading printed above the table on both pages, so the populated side is right and A's blank is wrong. subject_type: every row label is a named partnership vehicle, so 'fund', not A's 'investment'. Values confirmed against page-001.png and page-002.png.",RESOLVED,B,716b2b3028d4222c5bd8dbe183698cc7ea61e5f7a4d37e799da36d64c0e2dac3
b00245421a45c311c82e,SRC060,1,PAIR_708AD557B84187F1685B39C0,CLASSIFICATION_CONFLICT,46,46,source_section|subject_type,ACCEPT_B,"Convention, applied once to all 465 pairs that differ on source_section and subject_type only (every other field byte-identical). source_section: 'Alternatives Portfolio' is the section heading printed above the table on both pages, so the populated side is right and A's blank is wrong. subject_type: every row label is a named partnership vehicle, so 'fund', not A's 'investment'. Values confirmed against page-001.png and page-002.png.",RESOLVED,B,716b2b3028d4222c5bd8dbe183698cc7ea61e5f7a4d37e799da36d64c0e2dac3
8590c7dacd228d7dcdcd,SRC060,1,PAIR_0DF84B7BD3119D3A9CAFF350,CLASSIFICATION_CONFLICT,47,47,source_section|subject_type,ACCEPT_B,"Convention, applied once to all 465 pairs that differ on source_section and subject_type only (every other field byte-identical). source_section: 'Alternatives Portfolio' is the section heading printed above the table on both pages, so the populated side is right and A's blank is wrong. subject_type: every row label is a named partnership vehicle, so 'fund', not A's 'investment'. Values confirmed against page-001.png and page-002.png.",RESOLVED,B,716b2b3028d4222c5bd8dbe183698cc7ea61e5f7a4d37e799da36d64c0e2dac3
ef34488b69c79854ce12,SRC060,1,PAIR_2C45CBB8460833419FF9A8D6,CLASSIFICATION_CONFLICT,48,48,source_section|subject_type,MERGE,"Convention, applied once to all 465 pairs that differ on source_section and subject_type only (every other field byte-identical). source_section: 'Alternatives Portfolio' is the section heading printed above the table on both pages, so the populated side is right and A's blank is wrong. subject_type: every row label is a named partnership vehicle, so 'fund', not A's 'investment'. Values confirmed against page-001.png and page-002.png.; Source review: p1: Retirement Fund (The portfolio report distinguishes investor positions from its aggregate rows.) | p1: Retirement Fund (Printed heading or definition supporting the source-reviewed qualifier.) | p1: Retirement Fund (Supersedes SR2259: the printed entity or table label is context, not a measurement basis; source labels retain its scope.)",RESOLVED,A+B+ADJUDICATOR,716b2b3028d4222c5bd8dbe183698cc7ea61e5f7a4d37e799da36d64c0e2dac3
53a88316be79be5fb1f2,SRC060,1,PAIR_4AD37E24DB5E18BDE0EBDCA9,CLASSIFICATION_CONFLICT,49,49,source_section|subject_type,MERGE,"Convention, applied once to all 465 pairs that differ on source_section and subject_type only (every other field byte-identical). source_section: 'Alternatives Portfolio' is the section heading printed above the table on both pages, so the populated side is right and A's blank is wrong. subject_type: every row label is a named partnership vehicle, so 'fund', not A's 'investment'. Values confirmed against page-001.png and page-002.png.; Source review: p2: Figures are net of fees. (Footnote 2 applies to the portfolio performance columns.) | p2: Figures are net of fees. (Printed heading or definition supporting the source-reviewed qualifier.)",RESOLVED,A+B+ADJUDICATOR,716b2b3028d4222c5bd8dbe183698cc7ea61e5f7a4d37e799da36d64c0e2dac3
1c4b7ad582a90743ac31,SRC060,1,PAIR_C502BB4C31C26C49971DC129,CLASSIFICATION_CONFLICT,50,50,source_section|subject_type,ACCEPT_B,"Convention, applied once to all 465 pairs that differ on source_section and subject_type only (every other field byte-identical). source_section: 'Alternatives Portfolio' is the section heading printed above the table on both pages, so the populated side is right and A's blank is wrong. subject_type: every row label is a named partnership vehicle, so 'fund', not A's 'investment'. Values confirmed against page-001.png and page-002.png.",RESOLVED,B,716b2b3028d4222c5bd8dbe183698cc7ea61e5f7a4d37e799da36d64c0e2dac3
0f150174a68a321d2b73,SRC060,1,PAIR_E50E595F928AC5F44C41CE4B,CLASSIFICATION_CONFLICT,51,51,source_section|subject_type,ACCEPT_B,"Convention, applied once to all 465 pairs that differ on source_section and subject_type only (every other field byte-identical). source_section: 'Alternatives Portfolio' is the section heading printed above the table on both pages, so the populated side is right and A's blank is wrong. subject_type: every row label is a named partnership vehicle, so 'fund', not A's 'investment'. Values confirmed against page-001.png and page-002.png.",RESOLVED,B,716b2b3028d4222c5bd8dbe183698cc7ea61e5f7a4d37e799da36d64c0e2dac3
af17b313df39a4ba64cc,SRC060,1,PAIR_CF77F903C1B78E05F830A59B,CLASSIFICATION_CONFLICT,52,52,source_section|subject_type,ACCEPT_B,"Convention, applied once to all 465 pairs that differ on source_section and subject_type only (every other field byte-identical). source_section: 'Alternatives Portfolio' is the section heading printed above the table on both pages, so the populated side is right and A's blank is wrong. subject_type: every row label is a named partnership vehicle, so 'fund', not A's 'investment'. Values confirmed against page-001.png and page-002.png.",RESOLVED,B,716b2b3028d4222c5bd8dbe183698cc7ea61e5f7a4d37e799da36d64c0e2dac3
78ee30ce8c1d902f6bcb,SRC060,1,PAIR_2C1B45E3B888A7848AF0798C,CLASSIFICATION_CONFLICT,53,53,source_section|subject_type,ACCEPT_B,"Convention, applied once to all 465 pairs that differ on source_section and subject_type only (every other field byte-identical). source_section: 'Alternatives Portfolio' is the section heading printed above the table on both pages, so the populated side is right and A's blank is wrong. subject_type: every row label is a named partnership vehicle, so 'fund', not A's 'investment'. Values confirmed against page-001.png and page-002.png.",RESOLVED,B,716b2b3028d4222c5bd8dbe183698cc7ea61e5f7a4d37e799da36d64c0e2dac3
8eb671cc759bb88553c9,SRC060,1,PAIR_81A8A95178EF3614BB38A148,CLASSIFICATION_CONFLICT,54,54,source_section|subject_type,MERGE,"Convention, applied once to all 465 pairs that differ on source_section and subject_type only (every other field byte-identical). source_section: 'Alternatives Portfolio' is the section heading printed above the table on both pages, so the populated side is right and A's blank is wrong. subject_type: every row label is a named partnership vehicle, so 'fund', not A's 'investment'. Values confirmed against page-001.png and page-002.png.; Source review: p1: Retirement Fund (The portfolio report distinguishes investor positions from its aggregate rows.) | p1: Retirement Fund (Printed heading or definition supporting the source-reviewed qualifier.) | p1: Retirement Fund (Supersedes SR2261: the printed entity or table label is context, not a measurement basis; source labels retain its scope.)",RESOLVED,A+B+ADJUDICATOR,716b2b3028d4222c5bd8dbe183698cc7ea61e5f7a4d37e799da36d64c0e2dac3
f8f21ce336106ed30d70,SRC060,1,PAIR_991389D5FD3664A25E5EB04C,CLASSIFICATION_CONFLICT,55,55,source_section|subject_type,MERGE,"Convention, applied once to all 465 pairs that differ on source_section and subject_type only (every other field byte-identical). source_section: 'Alternatives Portfolio' is the section heading printed above the table on both pages, so the populated side is right and A's blank is wrong. subject_type: every row label is a named partnership vehicle, so 'fund', not A's 'investment'. Values confirmed against page-001.png and page-002.png.; Source review: p2: Figures are net of fees. (Footnote 2 applies to the portfolio performance columns.) | p2: Figures are net of fees. (Printed heading or definition supporting the source-reviewed qualifier.)",RESOLVED,A+B+ADJUDICATOR,716b2b3028d4222c5bd8dbe183698cc7ea61e5f7a4d37e799da36d64c0e2dac3
602beaac5987785edac3,SRC060,1,PAIR_EFF5FAAAC0227983FF1CFABC,CLASSIFICATION_CONFLICT,56,56,source_section|subject_type,ACCEPT_B,"Convention, applied once to all 465 pairs that differ on source_section and subject_type only (every other field byte-identical). source_section: 'Alternatives Portfolio' is the section heading printed above the table on both pages, so the populated side is right and A's blank is wrong. subject_type: every row label is a named partnership vehicle, so 'fund', not A's 'investment'. Values confirmed against page-001.png and page-002.png.",RESOLVED,B,716b2b3028d4222c5bd8dbe183698cc7ea61e5f7a4d37e799da36d64c0e2dac3
baa4f3083752f9156d1c,SRC060,1,PAIR_5C6E825ADE2D4390F8C39F8F,CLASSIFICATION_CONFLICT,57,57,source_section|subject_type,ACCEPT_B,"Convention, applied once to all 465 pairs that differ on source_section and subject_type only (every other field byte-identical). source_section: 'Alternatives Portfolio' is the section heading printed above the table on both pages, so the populated side is right and A's blank is wrong. subject_type: every row label is a named partnership vehicle, so 'fund', not A's 'investment'. Values confirmed against page-001.png and page-002.png.",RESOLVED,B,716b2b3028d4222c5bd8dbe183698cc7ea61e5f7a4d37e799da36d64c0e2dac3
6eca379a27226bc53f77,SRC060,1,PAIR_811725F5E2E6E657B0D961C3,CLASSIFICATION_CONFLICT,58,58,source_section|subject_type,ACCEPT_B,"Convention, applied once to all 465 pairs that differ on source_section and subject_type only (every other field byte-identical). source_section: 'Alternatives Portfolio' is the section heading printed above the table on both pages, so the populated side is right and A's blank is wrong. subject_type: every row label is a named partnership vehicle, so 'fund', not A's 'investment'. Values confirmed against page-001.png and page-002.png.",RESOLVED,B,716b2b3028d4222c5bd8dbe183698cc7ea61e5f7a4d37e799da36d64c0e2dac3
956757af048f5cf62347,SRC060,1,PAIR_47DF82309626751507638B31,CLASSIFICATION_CONFLICT,59,59,source_section|subject_type,ACCEPT_B,"Convention, applied once to all 465 pairs that differ on source_section and subject_type only (every other field byte-identical). source_section: 'Alternatives Portfolio' is the section heading printed above the table on both pages, so the populated side is right and A's blank is wrong. subject_type: every row label is a named partnership vehicle, so 'fund', not A's 'investment'. Values confirmed against page-001.png and page-002.png.",RESOLVED,B,716b2b3028d4222c5bd8dbe183698cc7ea61e5f7a4d37e799da36d64c0e2dac3
c0aa05849b7f507c299a,SRC060,1,PAIR_417D59300BD78368A662D78D,CLASSIFICATION_CONFLICT,60,60,source_section|subject_type,MERGE,"Convention, applied once to all 465 pairs that differ on source_section and subject_type only (every other field byte-identical). source_section: 'Alternatives Portfolio' is the section heading printed above the table on both pages, so the populated side is right and A's blank is wrong. subject_type: every row label is a named partnership vehicle, so 'fund', not A's 'investment'. Values confirmed against page-001.png and page-002.png.; Source review: p1: Retirement Fund (The portfolio report distinguishes investor positions from its aggregate rows.) | p1: Retirement Fund (Printed heading or definition supporting the source-reviewed qualifier.) | p1: Retirement Fund (Supersedes SR2263: the printed entity or table label is context, not a measurement basis; source labels retain its scope.)",RESOLVED,A+B+ADJUDICATOR,716b2b3028d4222c5bd8dbe183698cc7ea61e5f7a4d37e799da36d64c0e2dac3
31d358d9745b956b8ff2,SRC060,1,PAIR_BCA63678273F9A9C264D60A1,CLASSIFICATION_CONFLICT,61,61,source_section|subject_type,MERGE,"Convention, applied once to all 465 pairs that differ on source_section and subject_type only (every other field byte-identical). source_section: 'Alternatives Portfolio' is the section heading printed above the table on both pages, so the populated side is right and A's blank is wrong. subject_type: every row label is a named partnership vehicle, so 'fund', not A's 'investment'. Values confirmed against page-001.png and page-002.png.; Source review: p2: Figures are net of fees. (Footnote 2 applies to the portfolio performance columns.) | p2: Figures are net of fees. (Printed heading or definition supporting the source-reviewed qualifier.)",RESOLVED,A+B+ADJUDICATOR,716b2b3028d4222c5bd8dbe183698cc7ea61e5f7a4d37e799da36d64c0e2dac3
d42e58f157e5374ba105,SRC060,1,PAIR_6C83192A08442EB3D784D10C,CLASSIFICATION_CONFLICT,62,62,source_section|subject_type,ACCEPT_B,"Convention, applied once to all 465 pairs that differ on source_section and subject_type only (every other field byte-identical). source_section: 'Alternatives Portfolio' is the section heading printed above the table on both pages, so the populated side is right and A's blank is wrong. subject_type: every row label is a named partnership vehicle, so 'fund', not A's 'investment'. Values confirmed against page-001.png and page-002.png.",RESOLVED,B,716b2b3028d4222c5bd8dbe183698cc7ea61e5f7a4d37e799da36d64c0e2dac3
09bffd7641bbe89aca4b,SRC060,1,PAIR_129987E5E87B3D28CA2AAE1F,CLASSIFICATION_CONFLICT,63,63,source_section|subject_type,ACCEPT_B,"Convention, applied once to all 465 pairs that differ on source_section and subject_type only (every other field byte-identical). source_section: 'Alternatives Portfolio' is the section heading printed above the table on both pages, so the populated side is right and A's blank is wrong. subject_type: every row label is a named partnership vehicle, so 'fund', not A's 'investment'. Values confirmed against page-001.png and page-002.png.",RESOLVED,B,716b2b3028d4222c5bd8dbe183698cc7ea61e5f7a4d37e799da36d64c0e2dac3
71ac0c0f372f55c352dc,SRC060,1,PAIR_5595AB4ED332D419F2F9C564,CLASSIFICATION_CONFLICT,64,64,source_section|subject_type,ACCEPT_B,"Convention, applied once to all 465 pairs that differ on source_section and subject_type only (every other field byte-identical). source_section: 'Alternatives Portfolio' is the section heading printed above the table on both pages, so the populated side is right and A's blank is wrong. subject_type: every row label is a named partnership vehicle, so 'fund', not A's 'investment'. Values confirmed against page-001.png and page-002.png.",RESOLVED,B,716b2b3028d4222c5bd8dbe183698cc7ea61e5f7a4d37e799da36d64c0e2dac3
c1c83fe921573da53a57,SRC060,1,PAIR_1883A489BD11F5BAA67B4093,CLASSIFICATION_CONFLICT,65,65,source_section|subject_type,ACCEPT_B,"Convention, applied once to all 465 pairs that differ on source_section and subject_type only (every other field byte-identical). source_section: 'Alternatives Portfolio' is the section heading printed above the table on both pages, so the populated side is right and A's blank is wrong. subject_type: every row label is a named partnership vehicle, so 'fund', not A's 'investment'. Values confirmed against page-001.png and page-002.png.",RESOLVED,B,716b2b3028d4222c5bd8dbe183698cc7ea61e5f7a4d37e799da36d64c0e2dac3
50b4d8b0d647dbd9874d,SRC060,1,PAIR_3309C5EFF04682ADA834605F,CLASSIFICATION_CONFLICT,66,66,source_section|subject_type,MERGE,"Convention, applied once to all 465 pairs that differ on source_section and subject_type only (every other field byte-identical). source_section: 'Alternatives Portfolio' is the section heading printed above the table on both pages, so the populated side is right and A's blank is wrong. subject_type: every row label is a named partnership vehicle, so 'fund', not A's 'investment'. Values confirmed against page-001.png and page-002.png.; Source review: p1: Retirement Fund (The portfolio report distinguishes investor positions from its aggregate rows.) | p1: Retirement Fund (Printed heading or definition supporting the source-reviewed qualifier.) | p1: Retirement Fund (Supersedes SR2265: the printed entity or table label is context, not a measurement basis; source labels retain its scope.)",RESOLVED,A+B+ADJUDICATOR,716b2b3028d4222c5bd8dbe183698cc7ea61e5f7a4d37e799da36d64c0e2dac3
1944248845bddbf1957e,SRC060,1,PAIR_6CB980244526991EFEB8426A,CLASSIFICATION_CONFLICT,67,67,source_section|subject_type,ACCEPT_B,"Convention, applied once to all 465 pairs that differ on source_section and subject_type only (every other field byte-identical). source_section: 'Alternatives Portfolio' is the section heading printed above the table on both pages, so the populated side is right and A's blank is wrong. subject_type: every row label is a named partnership vehicle, so 'fund', not A's 'investment'. Values confirmed against page-001.png and page-002.png.",RESOLVED,B,716b2b3028d4222c5bd8dbe183698cc7ea61e5f7a4d37e799da36d64c0e2dac3
3f8eea0f02def134267f,SRC060,1,PAIR_EBA448EF0723086755004DB7,CLASSIFICATION_CONFLICT,68,68,source_section|subject_type,ACCEPT_B,"Convention, applied once to all 465 pairs that differ on source_section and subject_type only (every other field byte-identical). source_section: 'Alternatives Portfolio' is the section heading printed above the table on both pages, so the populated side is right and A's blank is wrong. subject_type: every row label is a named partnership vehicle, so 'fund', not A's 'investment'. Values confirmed against page-001.png and page-002.png.",RESOLVED,B,716b2b3028d4222c5bd8dbe183698cc7ea61e5f7a4d37e799da36d64c0e2dac3
ecfc5503912643f8a228,SRC060,1,PAIR_844701873103D46E1D77C072,CLASSIFICATION_CONFLICT,69,69,source_section|subject_type,ACCEPT_B,"Convention, applied once to all 465 pairs that differ on source_section and subject_type only (every other field byte-identical). source_section: 'Alternatives Portfolio' is the section heading printed above the table on both pages, so the populated side is right and A's blank is wrong. subject_type: every row label is a named partnership vehicle, so 'fund', not A's 'investment'. Values confirmed against page-001.png and page-002.png.",RESOLVED,B,716b2b3028d4222c5bd8dbe183698cc7ea61e5f7a4d37e799da36d64c0e2dac3
3e36ec5a4dbf9c8f1d82,SRC060,1,PAIR_5A880EDAAEB267C36FE12830,CLASSIFICATION_CONFLICT,70,70,source_section|subject_type,ACCEPT_B,"Convention, applied once to all 465 pairs that differ on source_section and subject_type only (every other field byte-identical). source_section: 'Alternatives Portfolio' is the section heading printed above the table on both pages, so the populated side is right and A's blank is wrong. subject_type: every row label is a named partnership vehicle, so 'fund', not A's 'investment'. Values confirmed against page-001.png and page-002.png.",RESOLVED,B,716b2b3028d4222c5bd8dbe183698cc7ea61e5f7a4d37e799da36d64c0e2dac3
5653db205c76ef27c102,SRC060,1,PAIR_8CC0E31071D54CCD1857A94C,CLASSIFICATION_CONFLICT,71,71,source_section|subject_type,MERGE,"Convention, applied once to all 465 pairs that differ on source_section and subject_type only (every other field byte-identical). source_section: 'Alternatives Portfolio' is the section heading printed above the table on both pages, so the populated side is right and A's blank is wrong. subject_type: every row label is a named partnership vehicle, so 'fund', not A's 'investment'. Values confirmed against page-001.png and page-002.png.; Source review: p1: Retirement Fund (The portfolio report distinguishes investor positions from its aggregate rows.) | p1: Retirement Fund (Printed heading or definition supporting the source-reviewed qualifier.) | p1: Retirement Fund (Supersedes SR2266: the printed entity or table label is context, not a measurement basis; source labels retain its scope.)",RESOLVED,A+B+ADJUDICATOR,716b2b3028d4222c5bd8dbe183698cc7ea61e5f7a4d37e799da36d64c0e2dac3
5f1779ae396905a4301c,SRC060,1,PAIR_67905065EAEADECFD49129C4,CLASSIFICATION_CONFLICT,72,72,source_section|subject_type,ACCEPT_B,"Convention, applied once to all 465 pairs that differ on source_section and subject_type only (every other field byte-identical). source_section: 'Alternatives Portfolio' is the section heading printed above the table on both pages, so the populated side is right and A's blank is wrong. subject_type: every row label is a named partnership vehicle, so 'fund', not A's 'investment'. Values confirmed against page-001.png and page-002.png.",RESOLVED,B,716b2b3028d4222c5bd8dbe183698cc7ea61e5f7a4d37e799da36d64c0e2dac3
7e7e208a70553e41b980,SRC060,1,PAIR_D8101FF78376C69A429BC054,CLASSIFICATION_CONFLICT,73,73,source_section|subject_type,ACCEPT_B,"Convention, applied once to all 465 pairs that differ on source_section and subject_type only (every other field byte-identical). source_section: 'Alternatives Portfolio' is the section heading printed above the table on both pages, so the populated side is right and A's blank is wrong. subject_type: every row label is a named partnership vehicle, so 'fund', not A's 'investment'. Values confirmed against page-001.png and page-002.png.",RESOLVED,B,716b2b3028d4222c5bd8dbe183698cc7ea61e5f7a4d37e799da36d64c0e2dac3
322f1009b6d27d4d587f,SRC060,1,PAIR_87F7B3CB9C88E05B87B69724,CLASSIFICATION_CONFLICT,74,74,source_section|subject_type,ACCEPT_B,"Convention, applied once to all 465 pairs that differ on source_section and subject_type only (every other field byte-identical). source_section: 'Alternatives Portfolio' is the section heading printed above the table on both pages, so the populated side is right and A's blank is wrong. subject_type: every row label is a named partnership vehicle, so 'fund', not A's 'investment'. Values confirmed against page-001.png and page-002.png.",RESOLVED,B,716b2b3028d4222c5bd8dbe183698cc7ea61e5f7a4d37e799da36d64c0e2dac3
44cf1a95fe43e9a1f3b9,SRC060,1,PAIR_1B9CDF2816E4B3ACCEE6D442,CLASSIFICATION_CONFLICT,75,75,source_section|subject_type,ACCEPT_B,"Convention, applied once to all 465 pairs that differ on source_section and subject_type only (every other field byte-identical). source_section: 'Alternatives Portfolio' is the section heading printed above the table on both pages, so the populated side is right and A's blank is wrong. subject_type: every row label is a named partnership vehicle, so 'fund', not A's 'investment'. Values confirmed against page-001.png and page-002.png.",RESOLVED,B,716b2b3028d4222c5bd8dbe183698cc7ea61e5f7a4d37e799da36d64c0e2dac3
d273044e04cacbe294e7,SRC060,1,PAIR_8B8C95A9EF3D9D77C8B0FD1C,CLASSIFICATION_CONFLICT,76,76,source_section|subject_type,MERGE,"Convention, applied once to all 465 pairs that differ on source_section and subject_type only (every other field byte-identical). source_section: 'Alternatives Portfolio' is the section heading printed above the table on both pages, so the populated side is right and A's blank is wrong. subject_type: every row label is a named partnership vehicle, so 'fund', not A's 'investment'. Values confirmed against page-001.png and page-002.png.; Source review: p1: Retirement Fund (The portfolio report distinguishes investor positions from its aggregate rows.) | p1: Retirement Fund (Printed heading or definition supporting the source-reviewed qualifier.) | p1: Retirement Fund (Supersedes SR2267: the printed entity or table label is context, not a measurement basis; source labels retain its scope.)",RESOLVED,A+B+ADJUDICATOR,716b2b3028d4222c5bd8dbe183698cc7ea61e5f7a4d37e799da36d64c0e2dac3
3c353f6d82857a0cac82,SRC060,1,PAIR_8088DBCAA9A6778B1D23FD9A,CLASSIFICATION_CONFLICT,77,77,source_section|subject_type,ACCEPT_B,"Convention, applied once to all 465 pairs that differ on source_section and subject_type only (every other field byte-identical). source_section: 'Alternatives Portfolio' is the section heading printed above the table on both pages, so the populated side is right and A's blank is wrong. subject_type: every row label is a named partnership vehicle, so 'fund', not A's 'investment'. Values confirmed against page-001.png and page-002.png.",RESOLVED,B,716b2b3028d4222c5bd8dbe183698cc7ea61e5f7a4d37e799da36d64c0e2dac3
33b369e9dfa9bbceaabe,SRC060,1,PAIR_3F51C3E7BF8D24AB80E6F753,CLASSIFICATION_CONFLICT,78,78,source_section|subject_type,ACCEPT_B,"Convention, applied once to all 465 pairs that differ on source_section and subject_type only (every other field byte-identical). source_section: 'Alternatives Portfolio' is the section heading printed above the table on both pages, so the populated side is right and A's blank is wrong. subject_type: every row label is a named partnership vehicle, so 'fund', not A's 'investment'. Values confirmed against page-001.png and page-002.png.",RESOLVED,B,716b2b3028d4222c5bd8dbe183698cc7ea61e5f7a4d37e799da36d64c0e2dac3
1689d4699c8f12e75503,SRC060,1,PAIR_AFC2D2A759A8414DFDFA89E7,CLASSIFICATION_CONFLICT,79,79,source_section|subject_type,ACCEPT_B,"Convention, applied once to all 465 pairs that differ on source_section and subject_type only (every other field byte-identical). source_section: 'Alternatives Portfolio' is the section heading printed above the table on both pages, so the populated side is right and A's blank is wrong. subject_type: every row label is a named partnership vehicle, so 'fund', not A's 'investment'. Values confirmed against page-001.png and page-002.png.",RESOLVED,B,716b2b3028d4222c5bd8dbe183698cc7ea61e5f7a4d37e799da36d64c0e2dac3
3e0a9e7141b788a0c5f9,SRC060,1,PAIR_A7DF4EAA6711E9AE98C3E7A7,CLASSIFICATION_CONFLICT,80,80,source_section|subject_type,ACCEPT_B,"Convention, applied once to all 465 pairs that differ on source_section and subject_type only (every other field byte-identical). source_section: 'Alternatives Portfolio' is the section heading printed above the table on both pages, so the populated side is right and A's blank is wrong. subject_type: every row label is a named partnership vehicle, so 'fund', not A's 'investment'. Values confirmed against page-001.png and page-002.png.",RESOLVED,B,716b2b3028d4222c5bd8dbe183698cc7ea61e5f7a4d37e799da36d64c0e2dac3
b0c1c6fc846757462be3,SRC060,1,PAIR_7BCFFCB91E9BDBEA9468367A,CLASSIFICATION_CONFLICT,81,81,source_section|subject_type,MERGE,"Convention, applied once to all 465 pairs that differ on source_section and subject_type only (every other field byte-identical). source_section: 'Alternatives Portfolio' is the section heading printed above the table on both pages, so the populated side is right and A's blank is wrong. subject_type: every row label is a named partnership vehicle, so 'fund', not A's 'investment'. Values confirmed against page-001.png and page-002.png.; Source review: p1: Retirement Fund (The portfolio report distinguishes investor positions from its aggregate rows.) | p1: Retirement Fund (Printed heading or definition supporting the source-reviewed qualifier.) | p1: Retirement Fund (Supersedes SR2268: the printed entity or table label is context, not a measurement basis; source labels retain its scope.)",RESOLVED,A+B+ADJUDICATOR,716b2b3028d4222c5bd8dbe183698cc7ea61e5f7a4d37e799da36d64c0e2dac3
ab66b8a2a57cb617f580,SRC060,1,PAIR_8EE76C7F81380314F93D46CB,CLASSIFICATION_CONFLICT,82,82,source_section|subject_type,ACCEPT_B,"Convention, applied once to all 465 pairs that differ on source_section and subject_type only (every other field byte-identical). source_section: 'Alternatives Portfolio' is the section heading printed above the table on both pages, so the populated side is right and A's blank is wrong. subject_type: every row label is a named partnership vehicle, so 'fund', not A's 'investment'. Values confirmed against page-001.png and page-002.png.",RESOLVED,B,716b2b3028d4222c5bd8dbe183698cc7ea61e5f7a4d37e799da36d64c0e2dac3
fc6e793ebd942026d113,SRC060,1,PAIR_A08A09BC99FF7B80FEBEA978,CLASSIFICATION_CONFLICT,83,83,source_section|subject_type,ACCEPT_B,"Convention, applied once to all 465 pairs that differ on source_section and subject_type only (every other field byte-identical). source_section: 'Alternatives Portfolio' is the section heading printed above the table on both pages, so the populated side is right and A's blank is wrong. subject_type: every row label is a named partnership vehicle, so 'fund', not A's 'investment'. Values confirmed against page-001.png and page-002.png.",RESOLVED,B,716b2b3028d4222c5bd8dbe183698cc7ea61e5f7a4d37e799da36d64c0e2dac3
72f8275164e5ba0ebcd7,SRC060,1,PAIR_3C313E4422F3EFFC1A35F2F1,CLASSIFICATION_CONFLICT,84,84,source_section|subject_type,ACCEPT_B,"Convention, applied once to all 465 pairs that differ on source_section and subject_type only (every other field byte-identical). source_section: 'Alternatives Portfolio' is the section heading printed above the table on both pages, so the populated side is right and A's blank is wrong. subject_type: every row label is a named partnership vehicle, so 'fund', not A's 'investment'. Values confirmed against page-001.png and page-002.png.",RESOLVED,B,716b2b3028d4222c5bd8dbe183698cc7ea61e5f7a4d37e799da36d64c0e2dac3
bd6d619ee927bc3af8be,SRC060,1,PAIR_F8A3E5898212C16BE56B0C6A,CLASSIFICATION_CONFLICT,85,85,source_section|subject_type,ACCEPT_B,"Convention, applied once to all 465 pairs that differ on source_section and subject_type only (every other field byte-identical). source_section: 'Alternatives Portfolio' is the section heading printed above the table on both pages, so the populated side is right and A's blank is wrong. subject_type: every row label is a named partnership vehicle, so 'fund', not A's 'investment'. Values confirmed against page-001.png and page-002.png.",RESOLVED,B,716b2b3028d4222c5bd8dbe183698cc7ea61e5f7a4d37e799da36d64c0e2dac3
b76478bc59ec2a936a23,SRC060,1,PAIR_4E538AAE0474ACE2D917C289,CLASSIFICATION_CONFLICT,86,86,source_section|subject_type,MERGE,"Convention, applied once to all 465 pairs that differ on source_section and subject_type only (every other field byte-identical). source_section: 'Alternatives Portfolio' is the section heading printed above the table on both pages, so the populated side is right and A's blank is wrong. subject_type: every row label is a named partnership vehicle, so 'fund', not A's 'investment'. Values confirmed against page-001.png and page-002.png.; Source review: p1: Retirement Fund (The portfolio report distinguishes investor positions from its aggregate rows.) | p1: Retirement Fund (Printed heading or definition supporting the source-reviewed qualifier.) | p1: Retirement Fund (Supersedes SR2269: the printed entity or table label is context, not a measurement basis; source labels retain its scope.)",RESOLVED,A+B+ADJUDICATOR,716b2b3028d4222c5bd8dbe183698cc7ea61e5f7a4d37e799da36d64c0e2dac3
7ec87b35b70dc8fcc0d4,SRC060,1,PAIR_AD897EBCAB880A6499D08CF6,CLASSIFICATION_CONFLICT,87,87,source_section|subject_type,ACCEPT_B,"Convention, applied once to all 465 pairs that differ on source_section and subject_type only (every other field byte-identical). source_section: 'Alternatives Portfolio' is the section heading printed above the table on both pages, so the populated side is right and A's blank is wrong. subject_type: every row label is a named partnership vehicle, so 'fund', not A's 'investment'. Values confirmed against page-001.png and page-002.png.",RESOLVED,B,716b2b3028d4222c5bd8dbe183698cc7ea61e5f7a4d37e799da36d64c0e2dac3
5c60e6528457cf483be6,SRC060,1,PAIR_5E2D13056469B05CBFFE3F8E,CLASSIFICATION_CONFLICT,88,88,source_section|subject_type,ACCEPT_B,"Convention, applied once to all 465 pairs that differ on source_section and subject_type only (every other field byte-identical). source_section: 'Alternatives Portfolio' is the section heading printed above the table on both pages, so the populated side is right and A's blank is wrong. subject_type: every row label is a named partnership vehicle, so 'fund', not A's 'investment'. Values confirmed against page-001.png and page-002.png.",RESOLVED,B,716b2b3028d4222c5bd8dbe183698cc7ea61e5f7a4d37e799da36d64c0e2dac3
bdbd73da51af20e90b56,SRC060,1,PAIR_696C9EDD8305ED8A43EA02DE,CLASSIFICATION_CONFLICT,89,89,source_section|subject_type,ACCEPT_B,"Convention, applied once to all 465 pairs that differ on source_section and subject_type only (every other field byte-identical). source_section: 'Alternatives Portfolio' is the section heading printed above the table on both pages, so the populated side is right and A's blank is wrong. subject_type: every row label is a named partnership vehicle, so 'fund', not A's 'investment'. Values confirmed against page-001.png and page-002.png.",RESOLVED,B,716b2b3028d4222c5bd8dbe183698cc7ea61e5f7a4d37e799da36d64c0e2dac3
9619a63319edcea85a70,SRC060,1,PAIR_D7ABF547FF33E5611EC54377,CLASSIFICATION_CONFLICT,90,90,source_section|subject_type,ACCEPT_B,"Convention, applied once to all 465 pairs that differ on source_section and subject_type only (every other field byte-identical). source_section: 'Alternatives Portfolio' is the section heading printed above the table on both pages, so the populated side is right and A's blank is wrong. subject_type: every row label is a named partnership vehicle, so 'fund', not A's 'investment'. Values confirmed against page-001.png and page-002.png.",RESOLVED,B,716b2b3028d4222c5bd8dbe183698cc7ea61e5f7a4d37e799da36d64c0e2dac3
d029805f8115af7b5af5,SRC060,1,PAIR_22C535DAF37B749F24AF6B58,CLASSIFICATION_CONFLICT,91,91,source_section|subject_type,MERGE,"Convention, applied once to all 465 pairs that differ on source_section and subject_type only (every other field byte-identical). source_section: 'Alternatives Portfolio' is the section heading printed above the table on both pages, so the populated side is right and A's blank is wrong. subject_type: every row label is a named partnership vehicle, so 'fund', not A's 'investment'. Values confirmed against page-001.png and page-002.png.; Source review: p1: Retirement Fund (The portfolio report distinguishes investor positions from its aggregate rows.) | p1: Retirement Fund (Printed heading or definition supporting the source-reviewed qualifier.) | p1: Retirement Fund (Supersedes SR2270: the printed entity or table label is context, not a measurement basis; source labels retain its scope.)",RESOLVED,A+B+ADJUDICATOR,716b2b3028d4222c5bd8dbe183698cc7ea61e5f7a4d37e799da36d64c0e2dac3
d416cd7c9fd3473add48,SRC060,1,PAIR_55F9E7ECF67F3B4BA4D2865B,CLASSIFICATION_CONFLICT,92,92,source_section|subject_type,MERGE,"Convention, applied once to all 465 pairs that differ on source_section and subject_type only (every other field byte-identical). source_section: 'Alternatives Portfolio' is the section heading printed above the table on both pages, so the populated side is right and A's blank is wrong. subject_type: every row label is a named partnership vehicle, so 'fund', not A's 'investment'. Values confirmed against page-001.png and page-002.png.; Source review: p2: Figures are net of fees. (Footnote 2 applies to the portfolio performance columns.) | p2: Figures are net of fees. (Printed heading or definition supporting the source-reviewed qualifier.)",RESOLVED,A+B+ADJUDICATOR,716b2b3028d4222c5bd8dbe183698cc7ea61e5f7a4d37e799da36d64c0e2dac3
661027f9b36c9320fb5f,SRC060,1,PAIR_75A1B1F7187A00A413EB4C93,CLASSIFICATION_CONFLICT,93,93,source_section|subject_type,ACCEPT_B,"Convention, applied once to all 465 pairs that differ on source_section and subject_type only (every other field byte-identical). source_section: 'Alternatives Portfolio' is the section heading printed above the table on both pages, so the populated side is right and A's blank is wrong. subject_type: every row label is a named partnership vehicle, so 'fund', not A's 'investment'. Values confirmed against page-001.png and page-002.png.",RESOLVED,B,716b2b3028d4222c5bd8dbe183698cc7ea61e5f7a4d37e799da36d64c0e2dac3
95cc73b04cefe7c14d8e,SRC060,1,PAIR_11E034D48F6C7FF7846A4734,CLASSIFICATION_CONFLICT,94,94,source_section|subject_type,ACCEPT_B,"Convention, applied once to all 465 pairs that differ on source_section and subject_type only (every other field byte-identical). source_section: 'Alternatives Portfolio' is the section heading printed above the table on both pages, so the populated side is right and A's blank is wrong. subject_type: every row label is a named partnership vehicle, so 'fund', not A's 'investment'. Values confirmed against page-001.png and page-002.png.",RESOLVED,B,716b2b3028d4222c5bd8dbe183698cc7ea61e5f7a4d37e799da36d64c0e2dac3
478e075d1b94459463ea,SRC060,1,PAIR_726A8B8B7864FB702E806652,CLASSIFICATION_CONFLICT,95,95,source_section|subject_type,ACCEPT_B,"Convention, applied once to all 465 pairs that differ on source_section and subject_type only (every other field byte-identical). source_section: 'Alternatives Portfolio' is the section heading printed above the table on both pages, so the populated side is right and A's blank is wrong. subject_type: every row label is a named partnership vehicle, so 'fund', not A's 'investment'. Values confirmed against page-001.png and page-002.png.",RESOLVED,B,716b2b3028d4222c5bd8dbe183698cc7ea61e5f7a4d37e799da36d64c0e2dac3
639ac787e18ff40f6a63,SRC060,1,PAIR_70CC151AD01A00B6D87101BD,CLASSIFICATION_CONFLICT,96,96,source_section|subject_type,ACCEPT_B,"Convention, applied once to all 465 pairs that differ on source_section and subject_type only (every other field byte-identical). source_section: 'Alternatives Portfolio' is the section heading printed above the table on both pages, so the populated side is right and A's blank is wrong. subject_type: every row label is a named partnership vehicle, so 'fund', not A's 'investment'. Values confirmed against page-001.png and page-002.png.",RESOLVED,B,716b2b3028d4222c5bd8dbe183698cc7ea61e5f7a4d37e799da36d64c0e2dac3
7fc3dd03fa9e697a97ca,SRC060,1,PAIR_F93BCC43F5272E3756EA9A68,CLASSIFICATION_CONFLICT,97,97,source_section|subject_type,MERGE,"Convention, applied once to all 465 pairs that differ on source_section and subject_type only (every other field byte-identical). source_section: 'Alternatives Portfolio' is the section heading printed above the table on both pages, so the populated side is right and A's blank is wrong. subject_type: every row label is a named partnership vehicle, so 'fund', not A's 'investment'. Values confirmed against page-001.png and page-002.png.; Source review: p1: Retirement Fund (The portfolio report distinguishes investor positions from its aggregate rows.) | p1: Retirement Fund (Printed heading or definition supporting the source-reviewed qualifier.) | p1: Retirement Fund (Supersedes SR2272: the printed entity or table label is context, not a measurement basis; source labels retain its scope.)",RESOLVED,A+B+ADJUDICATOR,716b2b3028d4222c5bd8dbe183698cc7ea61e5f7a4d37e799da36d64c0e2dac3
d5cd28eb06abdc203442,SRC060,1,PAIR_8B75A8E3E8EF59AD14C5F011,CLASSIFICATION_CONFLICT,98,98,source_section|subject_type,ACCEPT_B,"Convention, applied once to all 465 pairs that differ on source_section and subject_type only (every other field byte-identical). source_section: 'Alternatives Portfolio' is the section heading printed above the table on both pages, so the populated side is right and A's blank is wrong. subject_type: every row label is a named partnership vehicle, so 'fund', not A's 'investment'. Values confirmed against page-001.png and page-002.png.",RESOLVED,B,716b2b3028d4222c5bd8dbe183698cc7ea61e5f7a4d37e799da36d64c0e2dac3
10a4ac4b3e22d8d98e85,SRC060,1,PAIR_BCAFFF1F45B5A4029C15B1D2,CLASSIFICATION_CONFLICT,99,99,source_section|subject_type,ACCEPT_B,"Convention, applied once to all 465 pairs that differ on source_section and subject_type only (every other field byte-identical). source_section: 'Alternatives Portfolio' is the section heading printed above the table on both pages, so the populated side is right and A's blank is wrong. subject_type: every row label is a named partnership vehicle, so 'fund', not A's 'investment'. Values confirmed against page-001.png and page-002.png.",RESOLVED,B,716b2b3028d4222c5bd8dbe183698cc7ea61e5f7a4d37e799da36d64c0e2dac3
c84c20b0937d75f2f41b,SRC060,1,PAIR_5956BDDD83CA4489D2923901,CLASSIFICATION_CONFLICT,100,100,source_section|subject_type,ACCEPT_B,"Convention, applied once to all 465 pairs that differ on source_section and subject_type only (every other field byte-identical). source_section: 'Alternatives Portfolio' is the section heading printed above the table on both pages, so the populated side is right and A's blank is wrong. subject_type: every row label is a named partnership vehicle, so 'fund', not A's 'investment'. Values confirmed against page-001.png and page-002.png.",RESOLVED,B,716b2b3028d4222c5bd8dbe183698cc7ea61e5f7a4d37e799da36d64c0e2dac3
c609a04570175fd0fd5b,SRC060,1,PAIR_4125FE2AF2EF40255A25C3BC,CLASSIFICATION_CONFLICT,101,101,source_section|subject_type,ACCEPT_B,"Convention, applied once to all 465 pairs that differ on source_section and subject_type only (every other field byte-identical). source_section: 'Alternatives Portfolio' is the section heading printed above the table on both pages, so the populated side is right and A's blank is wrong. subject_type: every row label is a named partnership vehicle, so 'fund', not A's 'investment'. Values confirmed against page-001.png and page-002.png.",RESOLVED,B,716b2b3028d4222c5bd8dbe183698cc7ea61e5f7a4d37e799da36d64c0e2dac3
f6ef26df2f19a3dcc756,SRC060,1,PAIR_36D4EC938F255B4ADEB52E32,CLASSIFICATION_CONFLICT,102,102,source_section|subject_type,MERGE,"Convention, applied once to all 465 pairs that differ on source_section and subject_type only (every other field byte-identical). source_section: 'Alternatives Portfolio' is the section heading printed above the table on both pages, so the populated side is right and A's blank is wrong. subject_type: every row label is a named partnership vehicle, so 'fund', not A's 'investment'. Values confirmed against page-001.png and page-002.png.; Source review: p1: Retirement Fund (The portfolio report distinguishes investor positions from its aggregate rows.) | p1: Retirement Fund (Printed heading or definition supporting the source-reviewed qualifier.) | p1: Retirement Fund (Supersedes SR2273: the printed entity or table label is context, not a measurement basis; source labels retain its scope.)",RESOLVED,A+B+ADJUDICATOR,716b2b3028d4222c5bd8dbe183698cc7ea61e5f7a4d37e799da36d64c0e2dac3
0ff128da403749b02029,SRC060,1,PAIR_DE90F25442B09A651D35E9F2,CLASSIFICATION_CONFLICT,103,103,source_section|subject_type,ACCEPT_B,"Convention, applied once to all 465 pairs that differ on source_section and subject_type only (every other field byte-identical). source_section: 'Alternatives Portfolio' is the section heading printed above the table on both pages, so the populated side is right and A's blank is wrong. subject_type: every row label is a named partnership vehicle, so 'fund', not A's 'investment'. Values confirmed against page-001.png and page-002.png.",RESOLVED,B,716b2b3028d4222c5bd8dbe183698cc7ea61e5f7a4d37e799da36d64c0e2dac3
0a313b8db5cfae4260bc,SRC060,1,PAIR_342B61D9B2A86FDE97468492,CLASSIFICATION_CONFLICT,104,104,source_section|subject_type,ACCEPT_B,"Convention, applied once to all 465 pairs that differ on source_section and subject_type only (every other field byte-identical). source_section: 'Alternatives Portfolio' is the section heading printed above the table on both pages, so the populated side is right and A's blank is wrong. subject_type: every row label is a named partnership vehicle, so 'fund', not A's 'investment'. Values confirmed against page-001.png and page-002.png.",RESOLVED,B,716b2b3028d4222c5bd8dbe183698cc7ea61e5f7a4d37e799da36d64c0e2dac3
35f0406bee830b8cf3de,SRC060,1,PAIR_F046E3DAAC7D959695AE6F83,CLASSIFICATION_CONFLICT,105,105,source_section|subject_type,ACCEPT_B,"Convention, applied once to all 465 pairs that differ on source_section and subject_type only (every other field byte-identical). source_section: 'Alternatives Portfolio' is the section heading printed above the table on both pages, so the populated side is right and A's blank is wrong. subject_type: every row label is a named partnership vehicle, so 'fund', not A's 'investment'. Values confirmed against page-001.png and page-002.png.",RESOLVED,B,716b2b3028d4222c5bd8dbe183698cc7ea61e5f7a4d37e799da36d64c0e2dac3
ca444d649569743d1679,SRC060,1,PAIR_6CAC9C75535950462034A25B,CLASSIFICATION_CONFLICT,106,106,source_section|subject_type,ACCEPT_B,"Convention, applied once to all 465 pairs that differ on source_section and subject_type only (every other field byte-identical). source_section: 'Alternatives Portfolio' is the section heading printed above the table on both pages, so the populated side is right and A's blank is wrong. subject_type: every row label is a named partnership vehicle, so 'fund', not A's 'investment'. Values confirmed against page-001.png and page-002.png.",RESOLVED,B,716b2b3028d4222c5bd8dbe183698cc7ea61e5f7a4d37e799da36d64c0e2dac3
d6b6813e115ee65161b3,SRC060,1,PAIR_77EB5515B526B555A9B26D70,CLASSIFICATION_CONFLICT,107,107,source_section|subject_type,MERGE,"Convention, applied once to all 465 pairs that differ on source_section and subject_type only (every other field byte-identical). source_section: 'Alternatives Portfolio' is the section heading printed above the table on both pages, so the populated side is right and A's blank is wrong. subject_type: every row label is a named partnership vehicle, so 'fund', not A's 'investment'. Values confirmed against page-001.png and page-002.png.; Source review: p1: Retirement Fund (The portfolio report distinguishes investor positions from its aggregate rows.) | p1: Retirement Fund (Printed heading or definition supporting the source-reviewed qualifier.) | p1: Retirement Fund (Supersedes SR2274: the printed entity or table label is context, not a measurement basis; source labels retain its scope.)",RESOLVED,A+B+ADJUDICATOR,716b2b3028d4222c5bd8dbe183698cc7ea61e5f7a4d37e799da36d64c0e2dac3
a04045464901350a4546,SRC060,1,PAIR_9C6BAEBB801ADE797C689E50,CLASSIFICATION_CONFLICT,108,108,source_section|subject_type,MERGE,"Convention, applied once to all 465 pairs that differ on source_section and subject_type only (every other field byte-identical). source_section: 'Alternatives Portfolio' is the section heading printed above the table on both pages, so the populated side is right and A's blank is wrong. subject_type: every row label is a named partnership vehicle, so 'fund', not A's 'investment'. Values confirmed against page-001.png and page-002.png.; Source review: p2: Figures are net of fees. (Footnote 2 applies to the portfolio performance columns.) | p2: Figures are net of fees. (Printed heading or definition supporting the source-reviewed qualifier.)",RESOLVED,A+B+ADJUDICATOR,716b2b3028d4222c5bd8dbe183698cc7ea61e5f7a4d37e799da36d64c0e2dac3
6b696173cacfb481cb78,SRC060,1,PAIR_FC456CD1AD688713DF0AD14F,CLASSIFICATION_CONFLICT,109,109,source_section|subject_type,ACCEPT_B,"Convention, applied once to all 465 pairs that differ on source_section and subject_type only (every other field byte-identical). source_section: 'Alternatives Portfolio' is the section heading printed above the table on both pages, so the populated side is right and A's blank is wrong. subject_type: every row label is a named partnership vehicle, so 'fund', not A's 'investment'. Values confirmed against page-001.png and page-002.png.",RESOLVED,B,716b2b3028d4222c5bd8dbe183698cc7ea61e5f7a4d37e799da36d64c0e2dac3
a5f43ee943faee3a9caf,SRC060,1,PAIR_E4F876989FFF802325C90230,CLASSIFICATION_CONFLICT,110,110,source_section|subject_type,ACCEPT_B,"Convention, applied once to all 465 pairs that differ on source_section and subject_type only (every other field byte-identical). source_section: 'Alternatives Portfolio' is the section heading printed above the table on both pages, so the populated side is right and A's blank is wrong. subject_type: every row label is a named partnership vehicle, so 'fund', not A's 'investment'. Values confirmed against page-001.png and page-002.png.",RESOLVED,B,716b2b3028d4222c5bd8dbe183698cc7ea61e5f7a4d37e799da36d64c0e2dac3
61084c3336cf342b8902,SRC060,1,PAIR_E88CCE9A51CAB3482A58B8A3,CLASSIFICATION_CONFLICT,111,111,source_section|subject_type,ACCEPT_B,"Convention, applied once to all 465 pairs that differ on source_section and subject_type only (every other field byte-identical). source_section: 'Alternatives Portfolio' is the section heading printed above the table on both pages, so the populated side is right and A's blank is wrong. subject_type: every row label is a named partnership vehicle, so 'fund', not A's 'investment'. Values confirmed against page-001.png and page-002.png.",RESOLVED,B,716b2b3028d4222c5bd8dbe183698cc7ea61e5f7a4d37e799da36d64c0e2dac3
0112397508509d1b0e14,SRC060,1,PAIR_74C8CA2124784BC2043A1D6E,CLASSIFICATION_CONFLICT,112,112,source_section|subject_type,ACCEPT_B,"Convention, applied once to all 465 pairs that differ on source_section and subject_type only (every other field byte-identical). source_section: 'Alternatives Portfolio' is the section heading printed above the table on both pages, so the populated side is right and A's blank is wrong. subject_type: every row label is a named partnership vehicle, so 'fund', not A's 'investment'. Values confirmed against page-001.png and page-002.png.",RESOLVED,B,716b2b3028d4222c5bd8dbe183698cc7ea61e5f7a4d37e799da36d64c0e2dac3
70a0538b8c5c090e2008,SRC060,1,PAIR_54A93D4AEE41B1872B0D806F,CLASSIFICATION_CONFLICT,113,113,source_section|subject_type,MERGE,"Convention, applied once to all 465 pairs that differ on source_section and subject_type only (every other field byte-identical). source_section: 'Alternatives Portfolio' is the section heading printed above the table on both pages, so the populated side is right and A's blank is wrong. subject_type: every row label is a named partnership vehicle, so 'fund', not A's 'investment'. Values confirmed against page-001.png and page-002.png.; Source review: p1: Retirement Fund (The portfolio report distinguishes investor positions from its aggregate rows.) | p1: Retirement Fund (Printed heading or definition supporting the source-reviewed qualifier.) | p1: Retirement Fund (Supersedes SR2276: the printed entity or table label is context, not a measurement basis; source labels retain its scope.)",RESOLVED,A+B+ADJUDICATOR,716b2b3028d4222c5bd8dbe183698cc7ea61e5f7a4d37e799da36d64c0e2dac3
3d8e9c1d0206ed6be0d7,SRC060,1,PAIR_6753AD117A80CD9267132BD8,CLASSIFICATION_CONFLICT,114,114,source_section|subject_type,MERGE,"Convention, applied once to all 465 pairs that differ on source_section and subject_type only (every other field byte-identical). source_section: 'Alternatives Portfolio' is the section heading printed above the table on both pages, so the populated side is right and A's blank is wrong. subject_type: every row label is a named partnership vehicle, so 'fund', not A's 'investment'. Values confirmed against page-001.png and page-002.png.; Source review: p2: Figures are net of fees. (Footnote 2 applies to the portfolio performance columns.) | p2: Figures are net of fees. (Printed heading or definition supporting the source-reviewed qualifier.)",RESOLVED,A+B+ADJUDICATOR,716b2b3028d4222c5bd8dbe183698cc7ea61e5f7a4d37e799da36d64c0e2dac3
f3eb8c0175dd09ccced1,SRC060,1,PAIR_848BD75F6EB3EDAC5A6678FB,CLASSIFICATION_CONFLICT,115,115,source_section|subject_type,ACCEPT_B,"Convention, applied once to all 465 pairs that differ on source_section and subject_type only (every other field byte-identical). source_section: 'Alternatives Portfolio' is the section heading printed above the table on both pages, so the populated side is right and A's blank is wrong. subject_type: every row label is a named partnership vehicle, so 'fund', not A's 'investment'. Values confirmed against page-001.png and page-002.png.",RESOLVED,B,716b2b3028d4222c5bd8dbe183698cc7ea61e5f7a4d37e799da36d64c0e2dac3
2e7a634180ce372d4aad,SRC060,1,PAIR_433A6CBE0D607AE71386F80C,CLASSIFICATION_CONFLICT,116,116,source_section|subject_type,ACCEPT_B,"Convention, applied once to all 465 pairs that differ on source_section and subject_type only (every other field byte-identical). source_section: 'Alternatives Portfolio' is the section heading printed above the table on both pages, so the populated side is right and A's blank is wrong. subject_type: every row label is a named partnership vehicle, so 'fund', not A's 'investment'. Values confirmed against page-001.png and page-002.png.",RESOLVED,B,716b2b3028d4222c5bd8dbe183698cc7ea61e5f7a4d37e799da36d64c0e2dac3
f78ed3884205702a02f7,SRC060,1,PAIR_FD3D8AB623654D1320EB3323,CLASSIFICATION_CONFLICT,117,117,source_section|subject_type,ACCEPT_B,"Convention, applied once to all 465 pairs that differ on source_section and subject_type only (every other field byte-identical). source_section: 'Alternatives Portfolio' is the section heading printed above the table on both pages, so the populated side is right and A's blank is wrong. subject_type: every row label is a named partnership vehicle, so 'fund', not A's 'investment'. Values confirmed against page-001.png and page-002.png.",RESOLVED,B,716b2b3028d4222c5bd8dbe183698cc7ea61e5f7a4d37e799da36d64c0e2dac3
93f017e0e1102514077a,SRC060,1,PAIR_A06BEA84870D6B3E1462875B,CLASSIFICATION_CONFLICT,118,118,source_section|subject_type,ACCEPT_B,"Convention, applied once to all 465 pairs that differ on source_section and subject_type only (every other field byte-identical). source_section: 'Alternatives Portfolio' is the section heading printed above the table on both pages, so the populated side is right and A's blank is wrong. subject_type: every row label is a named partnership vehicle, so 'fund', not A's 'investment'. Values confirmed against page-001.png and page-002.png.",RESOLVED,B,716b2b3028d4222c5bd8dbe183698cc7ea61e5f7a4d37e799da36d64c0e2dac3
76053fb04bf3cdae3dab,SRC060,1,PAIR_9748BFD5CD7CE15C20D17D88,CLASSIFICATION_CONFLICT,119,119,source_section|subject_type,MERGE,"Convention, applied once to all 465 pairs that differ on source_section and subject_type only (every other field byte-identical). source_section: 'Alternatives Portfolio' is the section heading printed above the table on both pages, so the populated side is right and A's blank is wrong. subject_type: every row label is a named partnership vehicle, so 'fund', not A's 'investment'. Values confirmed against page-001.png and page-002.png.; Source review: p1: Retirement Fund (The portfolio report distinguishes investor positions from its aggregate rows.) | p1: Retirement Fund (Printed heading or definition supporting the source-reviewed qualifier.) | p1: Retirement Fund (Supersedes SR2278: the printed entity or table label is context, not a measurement basis; source labels retain its scope.)",RESOLVED,A+B+ADJUDICATOR,716b2b3028d4222c5bd8dbe183698cc7ea61e5f7a4d37e799da36d64c0e2dac3
4e5f7a5e018192491879,SRC060,1,PAIR_94443715B9B15BEBD22D8350,CLASSIFICATION_CONFLICT,120,120,source_section|subject_type,MERGE,"Convention, applied once to all 465 pairs that differ on source_section and subject_type only (every other field byte-identical). source_section: 'Alternatives Portfolio' is the section heading printed above the table on both pages, so the populated side is right and A's blank is wrong. subject_type: every row label is a named partnership vehicle, so 'fund', not A's 'investment'. Values confirmed against page-001.png and page-002.png.; Source review: p2: Figures are net of fees. (Footnote 2 applies to the portfolio performance columns.) | p2: Figures are net of fees. (Printed heading or definition supporting the source-reviewed qualifier.)",RESOLVED,A+B+ADJUDICATOR,716b2b3028d4222c5bd8dbe183698cc7ea61e5f7a4d37e799da36d64c0e2dac3
bf9659ab5baa7aa6cd45,SRC060,1,PAIR_14F61430C9A573D59F922D10,CLASSIFICATION_CONFLICT,121,121,source_section|subject_type,ACCEPT_B,"Convention, applied once to all 465 pairs that differ on source_section and subject_type only (every other field byte-identical). source_section: 'Alternatives Portfolio' is the section heading printed above the table on both pages, so the populated side is right and A's blank is wrong. subject_type: every row label is a named partnership vehicle, so 'fund', not A's 'investment'. Values confirmed against page-001.png and page-002.png.",RESOLVED,B,716b2b3028d4222c5bd8dbe183698cc7ea61e5f7a4d37e799da36d64c0e2dac3
b038c523f0fded2ddbb3,SRC060,1,PAIR_3F1D2520D2C435A1B182AA58,CLASSIFICATION_CONFLICT,122,122,source_section|subject_type,ACCEPT_B,"Convention, applied once to all 465 pairs that differ on source_section and subject_type only (every other field byte-identical). source_section: 'Alternatives Portfolio' is the section heading printed above the table on both pages, so the populated side is right and A's blank is wrong. subject_type: every row label is a named partnership vehicle, so 'fund', not A's 'investment'. Values confirmed against page-001.png and page-002.png.",RESOLVED,B,716b2b3028d4222c5bd8dbe183698cc7ea61e5f7a4d37e799da36d64c0e2dac3
27a829e37e470934f807,SRC060,1,PAIR_9E58560297E13A4264BEDB97,CLASSIFICATION_CONFLICT,123,123,source_section|subject_type,ACCEPT_B,"Convention, applied once to all 465 pairs that differ on source_section and subject_type only (every other field byte-identical). source_section: 'Alternatives Portfolio' is the section heading printed above the table on both pages, so the populated side is right and A's blank is wrong. subject_type: every row label is a named partnership vehicle, so 'fund', not A's 'investment'. Values confirmed against page-001.png and page-002.png.",RESOLVED,B,716b2b3028d4222c5bd8dbe183698cc7ea61e5f7a4d37e799da36d64c0e2dac3
f70de283ef10428b00bb,SRC060,1,PAIR_70E97B3E2722C28B65E308FA,CLASSIFICATION_CONFLICT,124,124,source_section|subject_type,ACCEPT_B,"Convention, applied once to all 465 pairs that differ on source_section and subject_type only (every other field byte-identical). source_section: 'Alternatives Portfolio' is the section heading printed above the table on both pages, so the populated side is right and A's blank is wrong. subject_type: every row label is a named partnership vehicle, so 'fund', not A's 'investment'. Values confirmed against page-001.png and page-002.png.",RESOLVED,B,716b2b3028d4222c5bd8dbe183698cc7ea61e5f7a4d37e799da36d64c0e2dac3
8dc9b7a29b3a97eb2fda,SRC060,1,PAIR_6E7CFBF1019D6DEC90469371,CLASSIFICATION_CONFLICT,125,125,source_section|subject_type,MERGE,"Convention, applied once to all 465 pairs that differ on source_section and subject_type only (every other field byte-identical). source_section: 'Alternatives Portfolio' is the section heading printed above the table on both pages, so the populated side is right and A's blank is wrong. subject_type: every row label is a named partnership vehicle, so 'fund', not A's 'investment'. Values confirmed against page-001.png and page-002.png.; Source review: p1: Retirement Fund (The portfolio report distinguishes investor positions from its aggregate rows.) | p1: Retirement Fund (Printed heading or definition supporting the source-reviewed qualifier.) | p1: Retirement Fund (Supersedes SR2280: the printed entity or table label is context, not a measurement basis; source labels retain its scope.)",RESOLVED,A+B+ADJUDICATOR,716b2b3028d4222c5bd8dbe183698cc7ea61e5f7a4d37e799da36d64c0e2dac3
e712c5132320e7ce701c,SRC060,1,PAIR_BE35A9B755AE9FB3013A5CCC,CLASSIFICATION_CONFLICT,126,126,source_section|subject_type,MERGE,"Convention, applied once to all 465 pairs that differ on source_section and subject_type only (every other field byte-identical). source_section: 'Alternatives Portfolio' is the section heading printed above the table on both pages, so the populated side is right and A's blank is wrong. subject_type: every row label is a named partnership vehicle, so 'fund', not A's 'investment'. Values confirmed against page-001.png and page-002.png.; Source review: p2: Figures are net of fees. (Footnote 2 applies to the portfolio performance columns.) | p2: Figures are net of fees. (Printed heading or definition supporting the source-reviewed qualifier.)",RESOLVED,A+B+ADJUDICATOR,716b2b3028d4222c5bd8dbe183698cc7ea61e5f7a4d37e799da36d64c0e2dac3
1e7c9278102ca4aa0d78,SRC060,1,PAIR_F5EA44249D6AC8439C4464DD,CLASSIFICATION_CONFLICT,127,127,source_section|subject_type,ACCEPT_B,"Convention, applied once to all 465 pairs that differ on source_section and subject_type only (every other field byte-identical). source_section: 'Alternatives Portfolio' is the section heading printed above the table on both pages, so the populated side is right and A's blank is wrong. subject_type: every row label is a named partnership vehicle, so 'fund', not A's 'investment'. Values confirmed against page-001.png and page-002.png.",RESOLVED,B,716b2b3028d4222c5bd8dbe183698cc7ea61e5f7a4d37e799da36d64c0e2dac3
7542b2436541a9f8a621,SRC060,1,PAIR_9E68BEB9491078767D0E9EE6,CLASSIFICATION_CONFLICT,128,128,source_section|subject_type,ACCEPT_B,"Convention, applied once to all 465 pairs that differ on source_section and subject_type only (every other field byte-identical). source_section: 'Alternatives Portfolio' is the section heading printed above the table on both pages, so the populated side is right and A's blank is wrong. subject_type: every row label is a named partnership vehicle, so 'fund', not A's 'investment'. Values confirmed against page-001.png and page-002.png.",RESOLVED,B,716b2b3028d4222c5bd8dbe183698cc7ea61e5f7a4d37e799da36d64c0e2dac3
6553d917a69128e6653c,SRC060,1,PAIR_D1845B36DF2F36F71186E379,CLASSIFICATION_CONFLICT,129,129,source_section|subject_type,ACCEPT_B,"Convention, applied once to all 465 pairs that differ on source_section and subject_type only (every other field byte-identical). source_section: 'Alternatives Portfolio' is the section heading printed above the table on both pages, so the populated side is right and A's blank is wrong. subject_type: every row label is a named partnership vehicle, so 'fund', not A's 'investment'. Values confirmed against page-001.png and page-002.png.",RESOLVED,B,716b2b3028d4222c5bd8dbe183698cc7ea61e5f7a4d37e799da36d64c0e2dac3
f711fcfc56d1e4329510,SRC060,1,PAIR_38845B680F4803034BB50F02,CLASSIFICATION_CONFLICT,130,130,source_section|subject_type,ACCEPT_B,"Convention, applied once to all 465 pairs that differ on source_section and subject_type only (every other field byte-identical). source_section: 'Alternatives Portfolio' is the section heading printed above the table on both pages, so the populated side is right and A's blank is wrong. subject_type: every row label is a named partnership vehicle, so 'fund', not A's 'investment'. Values confirmed against page-001.png and page-002.png.",RESOLVED,B,716b2b3028d4222c5bd8dbe183698cc7ea61e5f7a4d37e799da36d64c0e2dac3
465cc9dbcdc61301dfad,SRC060,1,PAIR_08255B84FBA45C74E483D58B,CLASSIFICATION_CONFLICT,131,131,source_section|subject_type,MERGE,"Convention, applied once to all 465 pairs that differ on source_section and subject_type only (every other field byte-identical). source_section: 'Alternatives Portfolio' is the section heading printed above the table on both pages, so the populated side is right and A's blank is wrong. subject_type: every row label is a named partnership vehicle, so 'fund', not A's 'investment'. Values confirmed against page-001.png and page-002.png.; Source review: p1: Retirement Fund (The portfolio report distinguishes investor positions from its aggregate rows.) | p1: Retirement Fund (Printed heading or definition supporting the source-reviewed qualifier.) | p1: Retirement Fund (Supersedes SR2282: the printed entity or table label is context, not a measurement basis; source labels retain its scope.)",RESOLVED,A+B+ADJUDICATOR,716b2b3028d4222c5bd8dbe183698cc7ea61e5f7a4d37e799da36d64c0e2dac3
c272b91c5f98d5ff5eb8,SRC060,1,PAIR_FF656A0963B726DF205BDAE1,CLASSIFICATION_CONFLICT,132,132,source_section|subject_type,MERGE,"Convention, applied once to all 465 pairs that differ on source_section and subject_type only (every other field byte-identical). source_section: 'Alternatives Portfolio' is the section heading printed above the table on both pages, so the populated side is right and A's blank is wrong. subject_type: every row label is a named partnership vehicle, so 'fund', not A's 'investment'. Values confirmed against page-001.png and page-002.png.; Source review: p2: Figures are net of fees. (Footnote 2 applies to the portfolio performance columns.) | p2: Figures are net of fees. (Printed heading or definition supporting the source-reviewed qualifier.)",RESOLVED,A+B+ADJUDICATOR,716b2b3028d4222c5bd8dbe183698cc7ea61e5f7a4d37e799da36d64c0e2dac3
aa0cf77d8d4e4af2ff2a,SRC060,1,PAIR_9317DA74AECA1F72937DCF61,CLASSIFICATION_CONFLICT,133,133,source_section|subject_type,ACCEPT_B,"Convention, applied once to all 465 pairs that differ on source_section and subject_type only (every other field byte-identical). source_section: 'Alternatives Portfolio' is the section heading printed above the table on both pages, so the populated side is right and A's blank is wrong. subject_type: every row label is a named partnership vehicle, so 'fund', not A's 'investment'. Values confirmed against page-001.png and page-002.png.",RESOLVED,B,716b2b3028d4222c5bd8dbe183698cc7ea61e5f7a4d37e799da36d64c0e2dac3
6f48d00f5bbf4cb085b6,SRC060,1,PAIR_C10B96DB3D724C6A12DA0B92,CLASSIFICATION_CONFLICT,134,134,source_section|subject_type,ACCEPT_B,"Convention, applied once to all 465 pairs that differ on source_section and subject_type only (every other field byte-identical). source_section: 'Alternatives Portfolio' is the section heading printed above the table on both pages, so the populated side is right and A's blank is wrong. subject_type: every row label is a named partnership vehicle, so 'fund', not A's 'investment'. Values confirmed against page-001.png and page-002.png.",RESOLVED,B,716b2b3028d4222c5bd8dbe183698cc7ea61e5f7a4d37e799da36d64c0e2dac3
30a23c5a595921ceecd6,SRC060,1,PAIR_F9144E25A458A0A2A19BF599,CLASSIFICATION_CONFLICT,135,135,source_section|subject_type,ACCEPT_B,"Convention, applied once to all 465 pairs that differ on source_section and subject_type only (every other field byte-identical). source_section: 'Alternatives Portfolio' is the section heading printed above the table on both pages, so the populated side is right and A's blank is wrong. subject_type: every row label is a named partnership vehicle, so 'fund', not A's 'investment'. Values confirmed against page-001.png and page-002.png.",RESOLVED,B,716b2b3028d4222c5bd8dbe183698cc7ea61e5f7a4d37e799da36d64c0e2dac3
d2a6a387dda5ca442aa8,SRC060,1,PAIR_17E50274740BD88D9A496C1E,CLASSIFICATION_CONFLICT,136,136,source_section|subject_type,ACCEPT_B,"Convention, applied once to all 465 pairs that differ on source_section and subject_type only (every other field byte-identical). source_section: 'Alternatives Portfolio' is the section heading printed above the table on both pages, so the populated side is right and A's blank is wrong. subject_type: every row label is a named partnership vehicle, so 'fund', not A's 'investment'. Values confirmed against page-001.png and page-002.png.",RESOLVED,B,716b2b3028d4222c5bd8dbe183698cc7ea61e5f7a4d37e799da36d64c0e2dac3
d3c6bbc490b0e28f949c,SRC060,1,PAIR_F505DA71D866D911B805DDD4,CLASSIFICATION_CONFLICT,137,137,source_section|subject_type,MERGE,"Convention, applied once to all 465 pairs that differ on source_section and subject_type only (every other field byte-identical). source_section: 'Alternatives Portfolio' is the section heading printed above the table on both pages, so the populated side is right and A's blank is wrong. subject_type: every row label is a named partnership vehicle, so 'fund', not A's 'investment'. Values confirmed against page-001.png and page-002.png.; Source review: p1: Retirement Fund (The portfolio report distinguishes investor positions from its aggregate rows.) | p1: Retirement Fund (Printed heading or definition supporting the source-reviewed qualifier.) | p1: Retirement Fund (Supersedes SR2284: the printed entity or table label is context, not a measurement basis; source labels retain its scope.)",RESOLVED,A+B+ADJUDICATOR,716b2b3028d4222c5bd8dbe183698cc7ea61e5f7a4d37e799da36d64c0e2dac3
b0a8ddb9054cc0873a2b,SRC060,1,PAIR_4C0481BAA438CF2F99FCA135,CLASSIFICATION_CONFLICT,138,138,source_section|subject_type,ACCEPT_B,"Convention, applied once to all 465 pairs that differ on source_section and subject_type only (every other field byte-identical). source_section: 'Alternatives Portfolio' is the section heading printed above the table on both pages, so the populated side is right and A's blank is wrong. subject_type: every row label is a named partnership vehicle, so 'fund', not A's 'investment'. Values confirmed against page-001.png and page-002.png.",RESOLVED,B,716b2b3028d4222c5bd8dbe183698cc7ea61e5f7a4d37e799da36d64c0e2dac3
30171636c90bd1ad4d2b,SRC060,1,PAIR_10B1920F4E96AA272EAB7D82,CLASSIFICATION_CONFLICT,139,139,source_section|subject_type,ACCEPT_B,"Convention, applied once to all 465 pairs that differ on source_section and subject_type only (every other field byte-identical). source_section: 'Alternatives Portfolio' is the section heading printed above the table on both pages, so the populated side is right and A's blank is wrong. subject_type: every row label is a named partnership vehicle, so 'fund', not A's 'investment'. Values confirmed against page-001.png and page-002.png.",RESOLVED,B,716b2b3028d4222c5bd8dbe183698cc7ea61e5f7a4d37e799da36d64c0e2dac3
f02fa5eb4286048b2b86,SRC060,1,PAIR_90893500B222AFCE942D41DC,CLASSIFICATION_CONFLICT,140,140,source_section|subject_type,ACCEPT_B,"Convention, applied once to all 465 pairs that differ on source_section and subject_type only (every other field byte-identical). source_section: 'Alternatives Portfolio' is the section heading printed above the table on both pages, so the populated side is right and A's blank is wrong. subject_type: every row label is a named partnership vehicle, so 'fund', not A's 'investment'. Values confirmed against page-001.png and page-002.png.",RESOLVED,B,716b2b3028d4222c5bd8dbe183698cc7ea61e5f7a4d37e799da36d64c0e2dac3
9c736461a4af2425c1a7,SRC060,1,PAIR_D51DC5DA033D830F8D419713,CLASSIFICATION_CONFLICT,141,141,source_section|subject_type,ACCEPT_B,"Convention, applied once to all 465 pairs that differ on source_section and subject_type only (every other field byte-identical). source_section: 'Alternatives Portfolio' is the section heading printed above the table on both pages, so the populated side is right and A's blank is wrong. subject_type: every row label is a named partnership vehicle, so 'fund', not A's 'investment'. Values confirmed against page-001.png and page-002.png.",RESOLVED,B,716b2b3028d4222c5bd8dbe183698cc7ea61e5f7a4d37e799da36d64c0e2dac3
4d62c47854f705ec833f,SRC060,1,PAIR_52BAA23A942BB2158101386D,CLASSIFICATION_CONFLICT,142,142,source_section|subject_type,MERGE,"Convention, applied once to all 465 pairs that differ on source_section and subject_type only (every other field byte-identical). source_section: 'Alternatives Portfolio' is the section heading printed above the table on both pages, so the populated side is right and A's blank is wrong. subject_type: every row label is a named partnership vehicle, so 'fund', not A's 'investment'. Values confirmed against page-001.png and page-002.png.; Source review: p1: Retirement Fund (The portfolio report distinguishes investor positions from its aggregate rows.) | p1: Retirement Fund (Printed heading or definition supporting the source-reviewed qualifier.) | p1: Retirement Fund (Supersedes SR2285: the printed entity or table label is context, not a measurement basis; source labels retain its scope.)",RESOLVED,A+B+ADJUDICATOR,716b2b3028d4222c5bd8dbe183698cc7ea61e5f7a4d37e799da36d64c0e2dac3
62c86482f11ddfe8a92b,SRC060,1,PAIR_FEBD249DAEB3D18C219C6E3A,CLASSIFICATION_CONFLICT,143,143,source_section|subject_type,ACCEPT_B,"Convention, applied once to all 465 pairs that differ on source_section and subject_type only (every other field byte-identical). source_section: 'Alternatives Portfolio' is the section heading printed above the table on both pages, so the populated side is right and A's blank is wrong. subject_type: every row label is a named partnership vehicle, so 'fund', not A's 'investment'. Values confirmed against page-001.png and page-002.png.",RESOLVED,B,716b2b3028d4222c5bd8dbe183698cc7ea61e5f7a4d37e799da36d64c0e2dac3
c418dfa3cabf2eca40f1,SRC060,1,PAIR_4295D1341C8EF43C1669FF91,CLASSIFICATION_CONFLICT,144,144,source_section|subject_type,ACCEPT_B,"Convention, applied once to all 465 pairs that differ on source_section and subject_type only (every other field byte-identical). source_section: 'Alternatives Portfolio' is the section heading printed above the table on both pages, so the populated side is right and A's blank is wrong. subject_type: every row label is a named partnership vehicle, so 'fund', not A's 'investment'. Values confirmed against page-001.png and page-002.png.",RESOLVED,B,716b2b3028d4222c5bd8dbe183698cc7ea61e5f7a4d37e799da36d64c0e2dac3
ecf57d6ad2c3d0838b3f,SRC060,1,PAIR_68C4489BD398929FE942EBDE,CLASSIFICATION_CONFLICT,145,145,source_section|subject_type,ACCEPT_B,"Convention, applied once to all 465 pairs that differ on source_section and subject_type only (every other field byte-identical). source_section: 'Alternatives Portfolio' is the section heading printed above the table on both pages, so the populated side is right and A's blank is wrong. subject_type: every row label is a named partnership vehicle, so 'fund', not A's 'investment'. Values confirmed against page-001.png and page-002.png.",RESOLVED,B,716b2b3028d4222c5bd8dbe183698cc7ea61e5f7a4d37e799da36d64c0e2dac3
51d604b26965c9fa653c,SRC060,1,PAIR_67000B9AFBB37D513ECCC16E,CLASSIFICATION_CONFLICT,146,146,source_section|subject_type,ACCEPT_B,"Convention, applied once to all 465 pairs that differ on source_section and subject_type only (every other field byte-identical). source_section: 'Alternatives Portfolio' is the section heading printed above the table on both pages, so the populated side is right and A's blank is wrong. subject_type: every row label is a named partnership vehicle, so 'fund', not A's 'investment'. Values confirmed against page-001.png and page-002.png.",RESOLVED,B,716b2b3028d4222c5bd8dbe183698cc7ea61e5f7a4d37e799da36d64c0e2dac3
156dfcf564687c2e6690,SRC060,1,PAIR_455ECAFA0E7A685E2B8A3602,CLASSIFICATION_CONFLICT,147,147,source_section|subject_type,MERGE,"Convention, applied once to all 465 pairs that differ on source_section and subject_type only (every other field byte-identical). source_section: 'Alternatives Portfolio' is the section heading printed above the table on both pages, so the populated side is right and A's blank is wrong. subject_type: every row label is a named partnership vehicle, so 'fund', not A's 'investment'. Values confirmed against page-001.png and page-002.png.; Source review: p1: Retirement Fund (The portfolio report distinguishes investor positions from its aggregate rows.) | p1: Retirement Fund (Printed heading or definition supporting the source-reviewed qualifier.) | p1: Retirement Fund (Supersedes SR2286: the printed entity or table label is context, not a measurement basis; source labels retain its scope.)",RESOLVED,A+B+ADJUDICATOR,716b2b3028d4222c5bd8dbe183698cc7ea61e5f7a4d37e799da36d64c0e2dac3
6b96c1c9ed498f8a2ec8,SRC060,1,PAIR_3ED89D40169B545F75632F77,CLASSIFICATION_CONFLICT,148,148,source_section|subject_type,MERGE,"Convention, applied once to all 465 pairs that differ on source_section and subject_type only (every other field byte-identical). source_section: 'Alternatives Portfolio' is the section heading printed above the table on both pages, so the populated side is right and A's blank is wrong. subject_type: every row label is a named partnership vehicle, so 'fund', not A's 'investment'. Values confirmed against page-001.png and page-002.png.; Source review: p2: Figures are net of fees. (Footnote 2 applies to the portfolio performance columns.) | p2: Figures are net of fees. (Printed heading or definition supporting the source-reviewed qualifier.)",RESOLVED,A+B+ADJUDICATOR,716b2b3028d4222c5bd8dbe183698cc7ea61e5f7a4d37e799da36d64c0e2dac3
a4a0dd197fa70966fdc0,SRC060,1,PAIR_22383CEC6CFCE7EF30F2CF53,CLASSIFICATION_CONFLICT,149,149,source_section|subject_type,ACCEPT_B,"Convention, applied once to all 465 pairs that differ on source_section and subject_type only (every other field byte-identical). source_section: 'Alternatives Portfolio' is the section heading printed above the table on both pages, so the populated side is right and A's blank is wrong. subject_type: every row label is a named partnership vehicle, so 'fund', not A's 'investment'. Values confirmed against page-001.png and page-002.png.",RESOLVED,B,716b2b3028d4222c5bd8dbe183698cc7ea61e5f7a4d37e799da36d64c0e2dac3
69a106236fab07f97e55,SRC060,1,PAIR_079F48A4A119F57E7F3F3534,CLASSIFICATION_CONFLICT,150,150,source_section|subject_type,ACCEPT_B,"Convention, applied once to all 465 pairs that differ on source_section and subject_type only (every other field byte-identical). source_section: 'Alternatives Portfolio' is the section heading printed above the table on both pages, so the populated side is right and A's blank is wrong. subject_type: every row label is a named partnership vehicle, so 'fund', not A's 'investment'. Values confirmed against page-001.png and page-002.png.",RESOLVED,B,716b2b3028d4222c5bd8dbe183698cc7ea61e5f7a4d37e799da36d64c0e2dac3
cb1305774a2d0ae78c81,SRC060,1,PAIR_59CE27108371012727964A75,CLASSIFICATION_CONFLICT,151,151,source_section|subject_type,ACCEPT_B,"Convention, applied once to all 465 pairs that differ on source_section and subject_type only (every other field byte-identical). source_section: 'Alternatives Portfolio' is the section heading printed above the table on both pages, so the populated side is right and A's blank is wrong. subject_type: every row label is a named partnership vehicle, so 'fund', not A's 'investment'. Values confirmed against page-001.png and page-002.png.",RESOLVED,B,716b2b3028d4222c5bd8dbe183698cc7ea61e5f7a4d37e799da36d64c0e2dac3
df5c33e776a79e1639b5,SRC060,1,PAIR_4F0A5A4EFCFA4B990CCA814A,CLASSIFICATION_CONFLICT,152,152,source_section|subject_type,ACCEPT_B,"Convention, applied once to all 465 pairs that differ on source_section and subject_type only (every other field byte-identical). source_section: 'Alternatives Portfolio' is the section heading printed above the table on both pages, so the populated side is right and A's blank is wrong. subject_type: every row label is a named partnership vehicle, so 'fund', not A's 'investment'. Values confirmed against page-001.png and page-002.png.",RESOLVED,B,716b2b3028d4222c5bd8dbe183698cc7ea61e5f7a4d37e799da36d64c0e2dac3
61f3fcf9f2e290d7d63f,SRC060,1,PAIR_73A29CFB86DCBBB87D20C9E9,CLASSIFICATION_CONFLICT,153,153,source_section|subject_type,MERGE,"Convention, applied once to all 465 pairs that differ on source_section and subject_type only (every other field byte-identical). source_section: 'Alternatives Portfolio' is the section heading printed above the table on both pages, so the populated side is right and A's blank is wrong. subject_type: every row label is a named partnership vehicle, so 'fund', not A's 'investment'. Values confirmed against page-001.png and page-002.png.; Source review: p1: Retirement Fund (The portfolio report distinguishes investor positions from its aggregate rows.) | p1: Retirement Fund (Printed heading or definition supporting the source-reviewed qualifier.) | p1: Retirement Fund (Supersedes SR2288: the printed entity or table label is context, not a measurement basis; source labels retain its scope.)",RESOLVED,A+B+ADJUDICATOR,716b2b3028d4222c5bd8dbe183698cc7ea61e5f7a4d37e799da36d64c0e2dac3
97c9bd4326c6f9768209,SRC060,1,PAIR_924E1069F63283F8B296483D,CLASSIFICATION_CONFLICT,154,154,source_section|subject_type,MERGE,"Convention, applied once to all 465 pairs that differ on source_section and subject_type only (every other field byte-identical). source_section: 'Alternatives Portfolio' is the section heading printed above the table on both pages, so the populated side is right and A's blank is wrong. subject_type: every row label is a named partnership vehicle, so 'fund', not A's 'investment'. Values confirmed against page-001.png and page-002.png.; Source review: p2: Figures are net of fees. (Footnote 2 applies to the portfolio performance columns.) | p2: Figures are net of fees. (Printed heading or definition supporting the source-reviewed qualifier.)",RESOLVED,A+B+ADJUDICATOR,716b2b3028d4222c5bd8dbe183698cc7ea61e5f7a4d37e799da36d64c0e2dac3
b099f9671d4ac3096e10,SRC060,1,PAIR_D996111343488F808F93A58A,CLASSIFICATION_CONFLICT,155,155,source_section|subject_type,ACCEPT_B,"Convention, applied once to all 465 pairs that differ on source_section and subject_type only (every other field byte-identical). source_section: 'Alternatives Portfolio' is the section heading printed above the table on both pages, so the populated side is right and A's blank is wrong. subject_type: every row label is a named partnership vehicle, so 'fund', not A's 'investment'. Values confirmed against page-001.png and page-002.png.",RESOLVED,B,716b2b3028d4222c5bd8dbe183698cc7ea61e5f7a4d37e799da36d64c0e2dac3
2c3a9cc8c175a19dae1d,SRC060,1,PAIR_EABA51F61299BA9CDA0646A6,CLASSIFICATION_CONFLICT,156,156,source_section|subject_type,ACCEPT_B,"Convention, applied once to all 465 pairs that differ on source_section and subject_type only (every other field byte-identical). source_section: 'Alternatives Portfolio' is the section heading printed above the table on both pages, so the populated side is right and A's blank is wrong. subject_type: every row label is a named partnership vehicle, so 'fund', not A's 'investment'. Values confirmed against page-001.png and page-002.png.",RESOLVED,B,716b2b3028d4222c5bd8dbe183698cc7ea61e5f7a4d37e799da36d64c0e2dac3
16570098a392614e0ca2,SRC060,1,PAIR_F1E916318522CFD23C254E3A,CLASSIFICATION_CONFLICT,157,157,source_section|subject_type,ACCEPT_B,"Convention, applied once to all 465 pairs that differ on source_section and subject_type only (every other field byte-identical). source_section: 'Alternatives Portfolio' is the section heading printed above the table on both pages, so the populated side is right and A's blank is wrong. subject_type: every row label is a named partnership vehicle, so 'fund', not A's 'investment'. Values confirmed against page-001.png and page-002.png.",RESOLVED,B,716b2b3028d4222c5bd8dbe183698cc7ea61e5f7a4d37e799da36d64c0e2dac3
166ae85c8427ffaab1aa,SRC060,1,PAIR_3C715CFA16DED637B110A7DD,CLASSIFICATION_CONFLICT,158,158,source_section|subject_type,ACCEPT_B,"Convention, applied once to all 465 pairs that differ on source_section and subject_type only (every other field byte-identical). source_section: 'Alternatives Portfolio' is the section heading printed above the table on both pages, so the populated side is right and A's blank is wrong. subject_type: every row label is a named partnership vehicle, so 'fund', not A's 'investment'. Values confirmed against page-001.png and page-002.png.",RESOLVED,B,716b2b3028d4222c5bd8dbe183698cc7ea61e5f7a4d37e799da36d64c0e2dac3
4305ee76799c2b4ad129,SRC060,1,PAIR_F8FCDDDB4AF6B5F8671EF987,CLASSIFICATION_CONFLICT,159,159,source_section|subject_type,MERGE,"Convention, applied once to all 465 pairs that differ on source_section and subject_type only (every other field byte-identical). source_section: 'Alternatives Portfolio' is the section heading printed above the table on both pages, so the populated side is right and A's blank is wrong. subject_type: every row label is a named partnership vehicle, so 'fund', not A's 'investment'. Values confirmed against page-001.png and page-002.png.; Source review: p1: Retirement Fund (The portfolio report distinguishes investor positions from its aggregate rows.) | p1: Retirement Fund (Printed heading or definition supporting the source-reviewed qualifier.) | p1: Retirement Fund (Supersedes SR2290: the printed entity or table label is context, not a measurement basis; source labels retain its scope.)",RESOLVED,A+B+ADJUDICATOR,716b2b3028d4222c5bd8dbe183698cc7ea61e5f7a4d37e799da36d64c0e2dac3
087e7f47f2ce23c6d274,SRC060,1,PAIR_47F3EE4E6B1557B390D380E3,CLASSIFICATION_CONFLICT,160,160,source_section|subject_type,ACCEPT_B,"Convention, applied once to all 465 pairs that differ on source_section and subject_type only (every other field byte-identical). source_section: 'Alternatives Portfolio' is the section heading printed above the table on both pages, so the populated side is right and A's blank is wrong. subject_type: every row label is a named partnership vehicle, so 'fund', not A's 'investment'. Values confirmed against page-001.png and page-002.png.",RESOLVED,B,716b2b3028d4222c5bd8dbe183698cc7ea61e5f7a4d37e799da36d64c0e2dac3
534ceea62a66572508bb,SRC060,1,PAIR_F30F4AA9DB57E5C8441C15D9,CLASSIFICATION_CONFLICT,161,161,source_section|subject_type,ACCEPT_B,"Convention, applied once to all 465 pairs that differ on source_section and subject_type only (every other field byte-identical). source_section: 'Alternatives Portfolio' is the section heading printed above the table on both pages, so the populated side is right and A's blank is wrong. subject_type: every row label is a named partnership vehicle, so 'fund', not A's 'investment'. Values confirmed against page-001.png and page-002.png.",RESOLVED,B,716b2b3028d4222c5bd8dbe183698cc7ea61e5f7a4d37e799da36d64c0e2dac3
21dc81e9fff2c5b5a61f,SRC060,1,PAIR_7925B50A3265D7DC73050EF1,CLASSIFICATION_CONFLICT,162,162,source_section|subject_type,ACCEPT_B,"Convention, applied once to all 465 pairs that differ on source_section and subject_type only (every other field byte-identical). source_section: 'Alternatives Portfolio' is the section heading printed above the table on both pages, so the populated side is right and A's blank is wrong. subject_type: every row label is a named partnership vehicle, so 'fund', not A's 'investment'. Values confirmed against page-001.png and page-002.png.",RESOLVED,B,716b2b3028d4222c5bd8dbe183698cc7ea61e5f7a4d37e799da36d64c0e2dac3
34ff575330f1f55ba664,SRC060,1,PAIR_6173DC805B44AC142BBC8D17,CLASSIFICATION_CONFLICT,163,163,source_section|subject_type,ACCEPT_B,"Convention, applied once to all 465 pairs that differ on source_section and subject_type only (every other field byte-identical). source_section: 'Alternatives Portfolio' is the section heading printed above the table on both pages, so the populated side is right and A's blank is wrong. subject_type: every row label is a named partnership vehicle, so 'fund', not A's 'investment'. Values confirmed against page-001.png and page-002.png.",RESOLVED,B,716b2b3028d4222c5bd8dbe183698cc7ea61e5f7a4d37e799da36d64c0e2dac3
52a0aa95f0e1d8711f0c,SRC060,1,PAIR_8ED262A656460DDA337DC07E,CLASSIFICATION_CONFLICT,164,164,source_section|subject_type,MERGE,"Convention, applied once to all 465 pairs that differ on source_section and subject_type only (every other field byte-identical). source_section: 'Alternatives Portfolio' is the section heading printed above the table on both pages, so the populated side is right and A's blank is wrong. subject_type: every row label is a named partnership vehicle, so 'fund', not A's 'investment'. Values confirmed against page-001.png and page-002.png.; Source review: p1: Retirement Fund (The portfolio report distinguishes investor positions from its aggregate rows.) | p1: Retirement Fund (Printed heading or definition supporting the source-reviewed qualifier.) | p1: Retirement Fund (Supersedes SR2291: the printed entity or table label is context, not a measurement basis; source labels retain its scope.)",RESOLVED,A+B+ADJUDICATOR,716b2b3028d4222c5bd8dbe183698cc7ea61e5f7a4d37e799da36d64c0e2dac3
89056ec7d94a1047e6f3,SRC060,1,PAIR_DB5CACAB97B4070B1390B8A6,CLASSIFICATION_CONFLICT,165,165,source_section|subject_type,MERGE,"Convention, applied once to all 465 pairs that differ on source_section and subject_type only (every other field byte-identical). source_section: 'Alternatives Portfolio' is the section heading printed above the table on both pages, so the populated side is right and A's blank is wrong. subject_type: every row label is a named partnership vehicle, so 'fund', not A's 'investment'. Values confirmed against page-001.png and page-002.png.; Source review: p2: Figures are net of fees. (Footnote 2 applies to the portfolio performance columns.) | p2: Figures are net of fees. (Printed heading or definition supporting the source-reviewed qualifier.)",RESOLVED,A+B+ADJUDICATOR,716b2b3028d4222c5bd8dbe183698cc7ea61e5f7a4d37e799da36d64c0e2dac3
38b553d86ffe399220e7,SRC060,1,PAIR_0DE76809C47F3208CB186616,CLASSIFICATION_CONFLICT,166,166,source_section|subject_type,ACCEPT_B,"Convention, applied once to all 465 pairs that differ on source_section and subject_type only (every other field byte-identical). source_section: 'Alternatives Portfolio' is the section heading printed above the table on both pages, so the populated side is right and A's blank is wrong. subject_type: every row label is a named partnership vehicle, so 'fund', not A's 'investment'. Values confirmed against page-001.png and page-002.png.",RESOLVED,B,716b2b3028d4222c5bd8dbe183698cc7ea61e5f7a4d37e799da36d64c0e2dac3
a5434ab4b16d7feaf394,SRC060,1,PAIR_06BB42C4E398F6245904FE5E,CLASSIFICATION_CONFLICT,167,167,source_section|subject_type,ACCEPT_B,"Convention, applied once to all 465 pairs that differ on source_section and subject_type only (every other field byte-identical). source_section: 'Alternatives Portfolio' is the section heading printed above the table on both pages, so the populated side is right and A's blank is wrong. subject_type: every row label is a named partnership vehicle, so 'fund', not A's 'investment'. Values confirmed against page-001.png and page-002.png.",RESOLVED,B,716b2b3028d4222c5bd8dbe183698cc7ea61e5f7a4d37e799da36d64c0e2dac3
dd1682f0056874a71db5,SRC060,1,PAIR_8B82A7978A90D63509BE6256,CLASSIFICATION_CONFLICT,168,168,source_section|subject_type,ACCEPT_B,"Convention, applied once to all 465 pairs that differ on source_section and subject_type only (every other field byte-identical). source_section: 'Alternatives Portfolio' is the section heading printed above the table on both pages, so the populated side is right and A's blank is wrong. subject_type: every row label is a named partnership vehicle, so 'fund', not A's 'investment'. Values confirmed against page-001.png and page-002.png.",RESOLVED,B,716b2b3028d4222c5bd8dbe183698cc7ea61e5f7a4d37e799da36d64c0e2dac3
c134fc7e68d3485d8b38,SRC060,1,PAIR_233941F3CEF74C1BDF88FB80,CLASSIFICATION_CONFLICT,169,169,source_section|subject_type,ACCEPT_B,"Convention, applied once to all 465 pairs that differ on source_section and subject_type only (every other field byte-identical). source_section: 'Alternatives Portfolio' is the section heading printed above the table on both pages, so the populated side is right and A's blank is wrong. subject_type: every row label is a named partnership vehicle, so 'fund', not A's 'investment'. Values confirmed against page-001.png and page-002.png.",RESOLVED,B,716b2b3028d4222c5bd8dbe183698cc7ea61e5f7a4d37e799da36d64c0e2dac3
9eff4939828babdcd300,SRC060,1,PAIR_DFCC75BC23D83C6FFC8AD3E6,CLASSIFICATION_CONFLICT,170,170,source_section|subject_type,MERGE,"Convention, applied once to all 465 pairs that differ on source_section and subject_type only (every other field byte-identical). source_section: 'Alternatives Portfolio' is the section heading printed above the table on both pages, so the populated side is right and A's blank is wrong. subject_type: every row label is a named partnership vehicle, so 'fund', not A's 'investment'. Values confirmed against page-001.png and page-002.png.; Source review: p1: Retirement Fund (The portfolio report distinguishes investor positions from its aggregate rows.) | p1: Retirement Fund (Printed heading or definition supporting the source-reviewed qualifier.) | p1: Retirement Fund (Supersedes SR2293: the printed entity or table label is context, not a measurement basis; source labels retain its scope.)",RESOLVED,A+B+ADJUDICATOR,716b2b3028d4222c5bd8dbe183698cc7ea61e5f7a4d37e799da36d64c0e2dac3
2a0a1a8550f033217190,SRC060,1,PAIR_9D62578E6471EB8433D6C617,CLASSIFICATION_CONFLICT,171,171,source_section|subject_type,MERGE,"Convention, applied once to all 465 pairs that differ on source_section and subject_type only (every other field byte-identical). source_section: 'Alternatives Portfolio' is the section heading printed above the table on both pages, so the populated side is right and A's blank is wrong. subject_type: every row label is a named partnership vehicle, so 'fund', not A's 'investment'. Values confirmed against page-001.png and page-002.png.; Source review: p2: Figures are net of fees. (Footnote 2 applies to the portfolio performance columns.) | p2: Figures are net of fees. (Printed heading or definition supporting the source-reviewed qualifier.)",RESOLVED,A+B+ADJUDICATOR,716b2b3028d4222c5bd8dbe183698cc7ea61e5f7a4d37e799da36d64c0e2dac3
f394ad2a17667376a938,SRC060,1,PAIR_05CC5F83378A3F28164B1C7C,CLASSIFICATION_CONFLICT,172,172,source_section|subject_type,ACCEPT_B,"Convention, applied once to all 465 pairs that differ on source_section and subject_type only (every other field byte-identical). source_section: 'Alternatives Portfolio' is the section heading printed above the table on both pages, so the populated side is right and A's blank is wrong. subject_type: every row label is a named partnership vehicle, so 'fund', not A's 'investment'. Values confirmed against page-001.png and page-002.png.",RESOLVED,B,716b2b3028d4222c5bd8dbe183698cc7ea61e5f7a4d37e799da36d64c0e2dac3
dea709039eee0a591a1d,SRC060,1,PAIR_E31882764975C5747488FA6E,CLASSIFICATION_CONFLICT,173,173,source_section|subject_type,ACCEPT_B,"Convention, applied once to all 465 pairs that differ on source_section and subject_type only (every other field byte-identical). source_section: 'Alternatives Portfolio' is the section heading printed above the table on both pages, so the populated side is right and A's blank is wrong. subject_type: every row label is a named partnership vehicle, so 'fund', not A's 'investment'. Values confirmed against page-001.png and page-002.png.",RESOLVED,B,716b2b3028d4222c5bd8dbe183698cc7ea61e5f7a4d37e799da36d64c0e2dac3
762c0cf8a69f0611c3a0,SRC060,1,PAIR_355FDF9B8FF70C8ACDA933A8,CLASSIFICATION_CONFLICT,174,174,source_section|subject_type,ACCEPT_B,"Convention, applied once to all 465 pairs that differ on source_section and subject_type only (every other field byte-identical). source_section: 'Alternatives Portfolio' is the section heading printed above the table on both pages, so the populated side is right and A's blank is wrong. subject_type: every row label is a named partnership vehicle, so 'fund', not A's 'investment'. Values confirmed against page-001.png and page-002.png.",RESOLVED,B,716b2b3028d4222c5bd8dbe183698cc7ea61e5f7a4d37e799da36d64c0e2dac3
d9008ec95205e8155292,SRC060,1,PAIR_C94293F5AB2B003A69661C7D,CLASSIFICATION_CONFLICT,175,175,source_section|subject_type,ACCEPT_B,"Convention, applied once to all 465 pairs that differ on source_section and subject_type only (every other field byte-identical). source_section: 'Alternatives Portfolio' is the section heading printed above the table on both pages, so the populated side is right and A's blank is wrong. subject_type: every row label is a named partnership vehicle, so 'fund', not A's 'investment'. Values confirmed against page-001.png and page-002.png.",RESOLVED,B,716b2b3028d4222c5bd8dbe183698cc7ea61e5f7a4d37e799da36d64c0e2dac3
80f16bb8f6a5782fa541,SRC060,1,PAIR_C7818251EECBAA951F8B0208,CLASSIFICATION_CONFLICT,176,176,source_section|subject_type,MERGE,"Convention, applied once to all 465 pairs that differ on source_section and subject_type only (every other field byte-identical). source_section: 'Alternatives Portfolio' is the section heading printed above the table on both pages, so the populated side is right and A's blank is wrong. subject_type: every row label is a named partnership vehicle, so 'fund', not A's 'investment'. Values confirmed against page-001.png and page-002.png.; Source review: p1: Retirement Fund (The portfolio report distinguishes investor positions from its aggregate rows.) | p1: Retirement Fund (Printed heading or definition supporting the source-reviewed qualifier.) | p1: Retirement Fund (Supersedes SR2295: the printed entity or table label is context, not a measurement basis; source labels retain its scope.)",RESOLVED,A+B+ADJUDICATOR,716b2b3028d4222c5bd8dbe183698cc7ea61e5f7a4d37e799da36d64c0e2dac3
1e6d101762c2e18c8e6c,SRC060,1,PAIR_3D91EB75F09B2BBE2EF587EE,CLASSIFICATION_CONFLICT,177,177,source_section|subject_type,MERGE,"Convention, applied once to all 465 pairs that differ on source_section and subject_type only (every other field byte-identical). source_section: 'Alternatives Portfolio' is the section heading printed above the table on both pages, so the populated side is right and A's blank is wrong. subject_type: every row label is a named partnership vehicle, so 'fund', not A's 'investment'. Values confirmed against page-001.png and page-002.png.; Source review: p2: Figures are net of fees. (Footnote 2 applies to the portfolio performance columns.) | p2: Figures are net of fees. (Printed heading or definition supporting the source-reviewed qualifier.)",RESOLVED,A+B+ADJUDICATOR,716b2b3028d4222c5bd8dbe183698cc7ea61e5f7a4d37e799da36d64c0e2dac3
4cfa0ec487cd6dd65d09,SRC060,1,PAIR_CB12A4C75A4D44B995960605,CLASSIFICATION_CONFLICT,178,178,source_section|subject_type,ACCEPT_B,"Convention, applied once to all 465 pairs that differ on source_section and subject_type only (every other field byte-identical). source_section: 'Alternatives Portfolio' is the section heading printed above the table on both pages, so the populated side is right and A's blank is wrong. subject_type: every row label is a named partnership vehicle, so 'fund', not A's 'investment'. Values confirmed against page-001.png and page-002.png.",RESOLVED,B,716b2b3028d4222c5bd8dbe183698cc7ea61e5f7a4d37e799da36d64c0e2dac3
f5849abdf05041596376,SRC060,1,PAIR_0326DE8761EF6B46703D8D69,CLASSIFICATION_CONFLICT,179,179,source_section|subject_type,ACCEPT_B,"Convention, applied once to all 465 pairs that differ on source_section and subject_type only (every other field byte-identical). source_section: 'Alternatives Portfolio' is the section heading printed above the table on both pages, so the populated side is right and A's blank is wrong. subject_type: every row label is a named partnership vehicle, so 'fund', not A's 'investment'. Values confirmed against page-001.png and page-002.png.",RESOLVED,B,716b2b3028d4222c5bd8dbe183698cc7ea61e5f7a4d37e799da36d64c0e2dac3
8ec8054d6e9c752b1891,SRC060,1,PAIR_D48414A32FB12F7867406D9F,CLASSIFICATION_CONFLICT,180,180,source_section|subject_type,ACCEPT_B,"Convention, applied once to all 465 pairs that differ on source_section and subject_type only (every other field byte-identical). source_section: 'Alternatives Portfolio' is the section heading printed above the table on both pages, so the populated side is right and A's blank is wrong. subject_type: every row label is a named partnership vehicle, so 'fund', not A's 'investment'. Values confirmed against page-001.png and page-002.png.",RESOLVED,B,716b2b3028d4222c5bd8dbe183698cc7ea61e5f7a4d37e799da36d64c0e2dac3
2bd0d3be43a9bb782c20,SRC060,1,PAIR_6FAD0D429C1C2F5B5149AD85,CLASSIFICATION_CONFLICT,181,181,source_section|subject_type,ACCEPT_B,"Convention, applied once to all 465 pairs that differ on source_section and subject_type only (every other field byte-identical). source_section: 'Alternatives Portfolio' is the section heading printed above the table on both pages, so the populated side is right and A's blank is wrong. subject_type: every row label is a named partnership vehicle, so 'fund', not A's 'investment'. Values confirmed against page-001.png and page-002.png.",RESOLVED,B,716b2b3028d4222c5bd8dbe183698cc7ea61e5f7a4d37e799da36d64c0e2dac3
db8409ab025958e87815,SRC060,1,PAIR_256BEA23CC13A6361D5E44E2,CLASSIFICATION_CONFLICT,182,182,source_section|subject_type,MERGE,"Convention, applied once to all 465 pairs that differ on source_section and subject_type only (every other field byte-identical). source_section: 'Alternatives Portfolio' is the section heading printed above the table on both pages, so the populated side is right and A's blank is wrong. subject_type: every row label is a named partnership vehicle, so 'fund', not A's 'investment'. Values confirmed against page-001.png and page-002.png.; Source review: p1: Retirement Fund (The portfolio report distinguishes investor positions from its aggregate rows.) | p1: Retirement Fund (Printed heading or definition supporting the source-reviewed qualifier.) | p1: Retirement Fund (Supersedes SR2297: the printed entity or table label is context, not a measurement basis; source labels retain its scope.)",RESOLVED,A+B+ADJUDICATOR,716b2b3028d4222c5bd8dbe183698cc7ea61e5f7a4d37e799da36d64c0e2dac3
076ff7bbf07d6465179d,SRC060,1,PAIR_20BF2E8196D33C8A69757D6E,CLASSIFICATION_CONFLICT,183,183,source_section|subject_type,MERGE,"Convention, applied once to all 465 pairs that differ on source_section and subject_type only (every other field byte-identical). source_section: 'Alternatives Portfolio' is the section heading printed above the table on both pages, so the populated side is right and A's blank is wrong. subject_type: every row label is a named partnership vehicle, so 'fund', not A's 'investment'. Values confirmed against page-001.png and page-002.png.; Source review: p2: Figures are net of fees. (Footnote 2 applies to the portfolio performance columns.) | p2: Figures are net of fees. (Printed heading or definition supporting the source-reviewed qualifier.)",RESOLVED,A+B+ADJUDICATOR,716b2b3028d4222c5bd8dbe183698cc7ea61e5f7a4d37e799da36d64c0e2dac3
fd1d0aefacd3fbc5b15d,SRC060,1,PAIR_684EAF5302CABCDE5FED5AC5,CLASSIFICATION_CONFLICT,184,184,source_section|subject_type,ACCEPT_B,"Convention, applied once to all 465 pairs that differ on source_section and subject_type only (every other field byte-identical). source_section: 'Alternatives Portfolio' is the section heading printed above the table on both pages, so the populated side is right and A's blank is wrong. subject_type: every row label is a named partnership vehicle, so 'fund', not A's 'investment'. Values confirmed against page-001.png and page-002.png.",RESOLVED,B,716b2b3028d4222c5bd8dbe183698cc7ea61e5f7a4d37e799da36d64c0e2dac3
591f4d9c0a284b6f5ad2,SRC060,1,PAIR_5D962DDE132422693914C0CB,CLASSIFICATION_CONFLICT,185,185,source_section|subject_type,ACCEPT_B,"Convention, applied once to all 465 pairs that differ on source_section and subject_type only (every other field byte-identical). source_section: 'Alternatives Portfolio' is the section heading printed above the table on both pages, so the populated side is right and A's blank is wrong. subject_type: every row label is a named partnership vehicle, so 'fund', not A's 'investment'. Values confirmed against page-001.png and page-002.png.",RESOLVED,B,716b2b3028d4222c5bd8dbe183698cc7ea61e5f7a4d37e799da36d64c0e2dac3
70af76f924c843e60826,SRC060,1,PAIR_AE8D25C0F66E94864EB18D3F,CLASSIFICATION_CONFLICT,186,186,source_section|subject_type,ACCEPT_B,"Convention, applied once to all 465 pairs that differ on source_section and subject_type only (every other field byte-identical). source_section: 'Alternatives Portfolio' is the section heading printed above the table on both pages, so the populated side is right and A's blank is wrong. subject_type: every row label is a named partnership vehicle, so 'fund', not A's 'investment'. Values confirmed against page-001.png and page-002.png.",RESOLVED,B,716b2b3028d4222c5bd8dbe183698cc7ea61e5f7a4d37e799da36d64c0e2dac3
f994836f57d51c830a83,SRC060,1,PAIR_AFCA86E6F312C8CFE1072DB1,CLASSIFICATION_CONFLICT,187,187,source_section|subject_type,ACCEPT_B,"Convention, applied once to all 465 pairs that differ on source_section and subject_type only (every other field byte-identical). source_section: 'Alternatives Portfolio' is the section heading printed above the table on both pages, so the populated side is right and A's blank is wrong. subject_type: every row label is a named partnership vehicle, so 'fund', not A's 'investment'. Values confirmed against page-001.png and page-002.png.",RESOLVED,B,716b2b3028d4222c5bd8dbe183698cc7ea61e5f7a4d37e799da36d64c0e2dac3
922c9bc118053baa8ec3,SRC060,1,PAIR_718CD3564C574D22BF7DD3B6,CLASSIFICATION_CONFLICT,188,188,source_section|subject_type,MERGE,"Convention, applied once to all 465 pairs that differ on source_section and subject_type only (every other field byte-identical). source_section: 'Alternatives Portfolio' is the section heading printed above the table on both pages, so the populated side is right and A's blank is wrong. subject_type: every row label is a named partnership vehicle, so 'fund', not A's 'investment'. Values confirmed against page-001.png and page-002.png.; Source review: p1: Retirement Fund (The portfolio report distinguishes investor positions from its aggregate rows.) | p1: Retirement Fund (Printed heading or definition supporting the source-reviewed qualifier.) | p1: Retirement Fund (Supersedes SR2299: the printed entity or table label is context, not a measurement basis; source labels retain its scope.)",RESOLVED,A+B+ADJUDICATOR,716b2b3028d4222c5bd8dbe183698cc7ea61e5f7a4d37e799da36d64c0e2dac3
d2bbe34c870594e1371b,SRC060,1,PAIR_91B626D680ABD1E2C0795227,CLASSIFICATION_CONFLICT,189,189,source_section|subject_type,ACCEPT_B,"Convention, applied once to all 465 pairs that differ on source_section and subject_type only (every other field byte-identical). source_section: 'Alternatives Portfolio' is the section heading printed above the table on both pages, so the populated side is right and A's blank is wrong. subject_type: every row label is a named partnership vehicle, so 'fund', not A's 'investment'. Values confirmed against page-001.png and page-002.png.",RESOLVED,B,716b2b3028d4222c5bd8dbe183698cc7ea61e5f7a4d37e799da36d64c0e2dac3
636107baa7a0b40d7938,SRC060,1,PAIR_396D0D7D5E8BD1B9282920D7,CLASSIFICATION_CONFLICT,190,190,source_section|subject_type,ACCEPT_B,"Convention, applied once to all 465 pairs that differ on source_section and subject_type only (every other field byte-identical). source_section: 'Alternatives Portfolio' is the section heading printed above the table on both pages, so the populated side is right and A's blank is wrong. subject_type: every row label is a named partnership vehicle, so 'fund', not A's 'investment'. Values confirmed against page-001.png and page-002.png.",RESOLVED,B,716b2b3028d4222c5bd8dbe183698cc7ea61e5f7a4d37e799da36d64c0e2dac3
dfa5236cfeefefa38e6b,SRC060,1,PAIR_C9D4B803F4625E3B7E59591B,CLASSIFICATION_CONFLICT,191,191,source_section|subject_type,ACCEPT_B,"Convention, applied once to all 465 pairs that differ on source_section and subject_type only (every other field byte-identical). source_section: 'Alternatives Portfolio' is the section heading printed above the table on both pages, so the populated side is right and A's blank is wrong. subject_type: every row label is a named partnership vehicle, so 'fund', not A's 'investment'. Values confirmed against page-001.png and page-002.png.",RESOLVED,B,716b2b3028d4222c5bd8dbe183698cc7ea61e5f7a4d37e799da36d64c0e2dac3
ea3ce6ba20dd37faffde,SRC060,1,PAIR_FBE21D49DD93BA66773CFA9D,CLASSIFICATION_CONFLICT,192,192,source_section|subject_type,ACCEPT_B,"Convention, applied once to all 465 pairs that differ on source_section and subject_type only (every other field byte-identical). source_section: 'Alternatives Portfolio' is the section heading printed above the table on both pages, so the populated side is right and A's blank is wrong. subject_type: every row label is a named partnership vehicle, so 'fund', not A's 'investment'. Values confirmed against page-001.png and page-002.png.",RESOLVED,B,716b2b3028d4222c5bd8dbe183698cc7ea61e5f7a4d37e799da36d64c0e2dac3
b9393a20bee79179fb19,SRC060,1,PAIR_FCC8D61A6EEA13225C9CCB0F,CLASSIFICATION_CONFLICT,193,193,source_section|subject_type,MERGE,"Convention, applied once to all 465 pairs that differ on source_section and subject_type only (every other field byte-identical). source_section: 'Alternatives Portfolio' is the section heading printed above the table on both pages, so the populated side is right and A's blank is wrong. subject_type: every row label is a named partnership vehicle, so 'fund', not A's 'investment'. Values confirmed against page-001.png and page-002.png.; Source review: p1: Retirement Fund (The portfolio report distinguishes investor positions from its aggregate rows.) | p1: Retirement Fund (Printed heading or definition supporting the source-reviewed qualifier.) | p1: Retirement Fund (Supersedes SR2300: the printed entity or table label is context, not a measurement basis; source labels retain its scope.)",RESOLVED,A+B+ADJUDICATOR,716b2b3028d4222c5bd8dbe183698cc7ea61e5f7a4d37e799da36d64c0e2dac3
c1a8397a5f0a95f06e57,SRC060,1,PAIR_A07EB623A0BDCCDBF96BCCEA,CLASSIFICATION_CONFLICT,194,194,source_section|subject_type,ACCEPT_B,"Convention, applied once to all 465 pairs that differ on source_section and subject_type only (every other field byte-identical). source_section: 'Alternatives Portfolio' is the section heading printed above the table on both pages, so the populated side is right and A's blank is wrong. subject_type: every row label is a named partnership vehicle, so 'fund', not A's 'investment'. Values confirmed against page-001.png and page-002.png.",RESOLVED,B,716b2b3028d4222c5bd8dbe183698cc7ea61e5f7a4d37e799da36d64c0e2dac3
815b3be7fb2d24bed5f4,SRC060,1,PAIR_9B38CDAC76EA900014E315A1,CLASSIFICATION_CONFLICT,195,195,source_section|subject_type,ACCEPT_B,"Convention, applied once to all 465 pairs that differ on source_section and subject_type only (every other field byte-identical). source_section: 'Alternatives Portfolio' is the section heading printed above the table on both pages, so the populated side is right and A's blank is wrong. subject_type: every row label is a named partnership vehicle, so 'fund', not A's 'investment'. Values confirmed against page-001.png and page-002.png.",RESOLVED,B,716b2b3028d4222c5bd8dbe183698cc7ea61e5f7a4d37e799da36d64c0e2dac3
2ea38f8a5de9d0754ec7,SRC060,1,PAIR_2A19C634F7525847BA4BB2F5,CLASSIFICATION_CONFLICT,196,196,source_section|subject_type,ACCEPT_B,"Convention, applied once to all 465 pairs that differ on source_section and subject_type only (every other field byte-identical). source_section: 'Alternatives Portfolio' is the section heading printed above the table on both pages, so the populated side is right and A's blank is wrong. subject_type: every row label is a named partnership vehicle, so 'fund', not A's 'investment'. Values confirmed against page-001.png and page-002.png.",RESOLVED,B,716b2b3028d4222c5bd8dbe183698cc7ea61e5f7a4d37e799da36d64c0e2dac3
60d0a4b1bc2ab61b142c,SRC060,1,PAIR_587860AAF6CAF358AE215E8E,CLASSIFICATION_CONFLICT,197,197,source_section|subject_type,ACCEPT_B,"Convention, applied once to all 465 pairs that differ on source_section and subject_type only (every other field byte-identical). source_section: 'Alternatives Portfolio' is the section heading printed above the table on both pages, so the populated side is right and A's blank is wrong. subject_type: every row label is a named partnership vehicle, so 'fund', not A's 'investment'. Values confirmed against page-001.png and page-002.png.",RESOLVED,B,716b2b3028d4222c5bd8dbe183698cc7ea61e5f7a4d37e799da36d64c0e2dac3
300e9f8249267733ff0f,SRC060,1,PAIR_92B51CCCA1C5FA733243E605,CLASSIFICATION_CONFLICT,198,198,source_section|subject_type,MERGE,"Convention, applied once to all 465 pairs that differ on source_section and subject_type only (every other field byte-identical). source_section: 'Alternatives Portfolio' is the section heading printed above the table on both pages, so the populated side is right and A's blank is wrong. subject_type: every row label is a named partnership vehicle, so 'fund', not A's 'investment'. Values confirmed against page-001.png and page-002.png.; Source review: p1: Retirement Fund (The portfolio report distinguishes investor positions from its aggregate rows.) | p1: Retirement Fund (Printed heading or definition supporting the source-reviewed qualifier.) | p1: Retirement Fund (Supersedes SR2301: the printed entity or table label is context, not a measurement basis; source labels retain its scope.)",RESOLVED,A+B+ADJUDICATOR,716b2b3028d4222c5bd8dbe183698cc7ea61e5f7a4d37e799da36d64c0e2dac3
67cb34a8336f0b8aabde,SRC060,1,PAIR_4B8319A3B00C6FFC5189F7E1,CLASSIFICATION_CONFLICT,199,199,source_section|subject_type,MERGE,"Convention, applied once to all 465 pairs that differ on source_section and subject_type only (every other field byte-identical). source_section: 'Alternatives Portfolio' is the section heading printed above the table on both pages, so the populated side is right and A's blank is wrong. subject_type: every row label is a named partnership vehicle, so 'fund', not A's 'investment'. Values confirmed against page-001.png and page-002.png.; Source review: p2: Figures are net of fees. (Footnote 2 applies to the portfolio performance columns.) | p2: Figures are net of fees. (Printed heading or definition supporting the source-reviewed qualifier.)",RESOLVED,A+B+ADJUDICATOR,716b2b3028d4222c5bd8dbe183698cc7ea61e5f7a4d37e799da36d64c0e2dac3
330c605d8d8fa369e25d,SRC060,1,PAIR_B5CAAB9B7FDA95EFB441BE26,CLASSIFICATION_CONFLICT,200,200,source_section|subject_type,ACCEPT_B,"Convention, applied once to all 465 pairs that differ on source_section and subject_type only (every other field byte-identical). source_section: 'Alternatives Portfolio' is the section heading printed above the table on both pages, so the populated side is right and A's blank is wrong. subject_type: every row label is a named partnership vehicle, so 'fund', not A's 'investment'. Values confirmed against page-001.png and page-002.png.",RESOLVED,B,716b2b3028d4222c5bd8dbe183698cc7ea61e5f7a4d37e799da36d64c0e2dac3
12a19de1a357e63cfda1,SRC060,1,PAIR_5196483E61F91127D5A2C4BE,CLASSIFICATION_CONFLICT,201,201,source_section|subject_type,ACCEPT_B,"Convention, applied once to all 465 pairs that differ on source_section and subject_type only (every other field byte-identical). source_section: 'Alternatives Portfolio' is the section heading printed above the table on both pages, so the populated side is right and A's blank is wrong. subject_type: every row label is a named partnership vehicle, so 'fund', not A's 'investment'. Values confirmed against page-001.png and page-002.png.",RESOLVED,B,716b2b3028d4222c5bd8dbe183698cc7ea61e5f7a4d37e799da36d64c0e2dac3
2396361307f25f98f2cd,SRC060,1,PAIR_598821331B406C7DFFB41654,CLASSIFICATION_CONFLICT,202,202,source_section|subject_type,ACCEPT_B,"Convention, applied once to all 465 pairs that differ on source_section and subject_type only (every other field byte-identical). source_section: 'Alternatives Portfolio' is the section heading printed above the table on both pages, so the populated side is right and A's blank is wrong. subject_type: every row label is a named partnership vehicle, so 'fund', not A's 'investment'. Values confirmed against page-001.png and page-002.png.",RESOLVED,B,716b2b3028d4222c5bd8dbe183698cc7ea61e5f7a4d37e799da36d64c0e2dac3
b1b4a31a86ff6542c325,SRC060,1,PAIR_B1BB66374620C2BE138FE398,CLASSIFICATION_CONFLICT,203,203,source_section|subject_type,ACCEPT_B,"Convention, applied once to all 465 pairs that differ on source_section and subject_type only (every other field byte-identical). source_section: 'Alternatives Portfolio' is the section heading printed above the table on both pages, so the populated side is right and A's blank is wrong. subject_type: every row label is a named partnership vehicle, so 'fund', not A's 'investment'. Values confirmed against page-001.png and page-002.png.",RESOLVED,B,716b2b3028d4222c5bd8dbe183698cc7ea61e5f7a4d37e799da36d64c0e2dac3
081fabd47913565c2205,SRC060,1,PAIR_63766A15418E392284CF0460,CLASSIFICATION_CONFLICT,204,204,source_section|subject_type,MERGE,"Convention, applied once to all 465 pairs that differ on source_section and subject_type only (every other field byte-identical). source_section: 'Alternatives Portfolio' is the section heading printed above the table on both pages, so the populated side is right and A's blank is wrong. subject_type: every row label is a named partnership vehicle, so 'fund', not A's 'investment'. Values confirmed against page-001.png and page-002.png.; Source review: p1: Retirement Fund (The portfolio report distinguishes investor positions from its aggregate rows.) | p1: Retirement Fund (Printed heading or definition supporting the source-reviewed qualifier.) | p1: Retirement Fund (Supersedes SR2303: the printed entity or table label is context, not a measurement basis; source labels retain its scope.)",RESOLVED,A+B+ADJUDICATOR,716b2b3028d4222c5bd8dbe183698cc7ea61e5f7a4d37e799da36d64c0e2dac3
8dab4f92ec4f7e4505d1,SRC060,1,PAIR_B873926236053550E782A217,CLASSIFICATION_CONFLICT,205,205,source_section|subject_type,MERGE,"Convention, applied once to all 465 pairs that differ on source_section and subject_type only (every other field byte-identical). source_section: 'Alternatives Portfolio' is the section heading printed above the table on both pages, so the populated side is right and A's blank is wrong. subject_type: every row label is a named partnership vehicle, so 'fund', not A's 'investment'. Values confirmed against page-001.png and page-002.png.; Source review: p2: Figures are net of fees. (Footnote 2 applies to the portfolio performance columns.) | p2: Figures are net of fees. (Printed heading or definition supporting the source-reviewed qualifier.)",RESOLVED,A+B+ADJUDICATOR,716b2b3028d4222c5bd8dbe183698cc7ea61e5f7a4d37e799da36d64c0e2dac3
fd0883c95d29265b471b,SRC060,1,PAIR_C80F95B4A3D0E6893B509143,CLASSIFICATION_CONFLICT,206,206,source_section|subject_type,ACCEPT_B,"Convention, applied once to all 465 pairs that differ on source_section and subject_type only (every other field byte-identical). source_section: 'Alternatives Portfolio' is the section heading printed above the table on both pages, so the populated side is right and A's blank is wrong. subject_type: every row label is a named partnership vehicle, so 'fund', not A's 'investment'. Values confirmed against page-001.png and page-002.png.",RESOLVED,B,716b2b3028d4222c5bd8dbe183698cc7ea61e5f7a4d37e799da36d64c0e2dac3
962720c64768af1fa99e,SRC060,1,PAIR_66EA6D218602814F17230A98,CLASSIFICATION_CONFLICT,207,207,source_section|subject_type,ACCEPT_B,"Convention, applied once to all 465 pairs that differ on source_section and subject_type only (every other field byte-identical). source_section: 'Alternatives Portfolio' is the section heading printed above the table on both pages, so the populated side is right and A's blank is wrong. subject_type: every row label is a named partnership vehicle, so 'fund', not A's 'investment'. Values confirmed against page-001.png and page-002.png.",RESOLVED,B,716b2b3028d4222c5bd8dbe183698cc7ea61e5f7a4d37e799da36d64c0e2dac3
72d91907eecc18a6a2e8,SRC060,1,PAIR_98D0E48436ED2E0206E4CD58,CLASSIFICATION_CONFLICT,208,208,source_section|subject_type,ACCEPT_B,"Convention, applied once to all 465 pairs that differ on source_section and subject_type only (every other field byte-identical). source_section: 'Alternatives Portfolio' is the section heading printed above the table on both pages, so the populated side is right and A's blank is wrong. subject_type: every row label is a named partnership vehicle, so 'fund', not A's 'investment'. Values confirmed against page-001.png and page-002.png.",RESOLVED,B,716b2b3028d4222c5bd8dbe183698cc7ea61e5f7a4d37e799da36d64c0e2dac3
b3f809650fed70badd35,SRC060,1,PAIR_C73ECF5D65FF5AB03F88C0E7,CLASSIFICATION_CONFLICT,209,209,source_section|subject_type,ACCEPT_B,"Convention, applied once to all 465 pairs that differ on source_section and subject_type only (every other field byte-identical). source_section: 'Alternatives Portfolio' is the section heading printed above the table on both pages, so the populated side is right and A's blank is wrong. subject_type: every row label is a named partnership vehicle, so 'fund', not A's 'investment'. Values confirmed against page-001.png and page-002.png.",RESOLVED,B,716b2b3028d4222c5bd8dbe183698cc7ea61e5f7a4d37e799da36d64c0e2dac3
43e655dfe96b3dbad060,SRC060,1,PAIR_4FCB78F16F44B81C1E141B0A,CLASSIFICATION_CONFLICT,210,210,source_section|subject_type,MERGE,"Convention, applied once to all 465 pairs that differ on source_section and subject_type only (every other field byte-identical). source_section: 'Alternatives Portfolio' is the section heading printed above the table on both pages, so the populated side is right and A's blank is wrong. subject_type: every row label is a named partnership vehicle, so 'fund', not A's 'investment'. Values confirmed against page-001.png and page-002.png.; Source review: p1: Retirement Fund (The portfolio report distinguishes investor positions from its aggregate rows.) | p1: Retirement Fund (Printed heading or definition supporting the source-reviewed qualifier.) | p1: Retirement Fund (Supersedes SR2305: the printed entity or table label is context, not a measurement basis; source labels retain its scope.)",RESOLVED,A+B+ADJUDICATOR,716b2b3028d4222c5bd8dbe183698cc7ea61e5f7a4d37e799da36d64c0e2dac3
485144456a54b70b79d5,SRC060,1,PAIR_BCACFAE92D4AFD563174A02B,CLASSIFICATION_CONFLICT,211,211,source_section|subject_type,MERGE,"Convention, applied once to all 465 pairs that differ on source_section and subject_type only (every other field byte-identical). source_section: 'Alternatives Portfolio' is the section heading printed above the table on both pages, so the populated side is right and A's blank is wrong. subject_type: every row label is a named partnership vehicle, so 'fund', not A's 'investment'. Values confirmed against page-001.png and page-002.png.; Source review: p2: Figures are net of fees. (Footnote 2 applies to the portfolio performance columns.) | p2: Figures are net of fees. (Printed heading or definition supporting the source-reviewed qualifier.)",RESOLVED,A+B+ADJUDICATOR,716b2b3028d4222c5bd8dbe183698cc7ea61e5f7a4d37e799da36d64c0e2dac3
b077f5c0b0b294373a11,SRC060,1,PAIR_89E253F45C58E594B69596E7,CLASSIFICATION_CONFLICT,212,212,source_section|subject_type,ACCEPT_B,"Convention, applied once to all 465 pairs that differ on source_section and subject_type only (every other field byte-identical). source_section: 'Alternatives Portfolio' is the section heading printed above the table on both pages, so the populated side is right and A's blank is wrong. subject_type: every row label is a named partnership vehicle, so 'fund', not A's 'investment'. Values confirmed against page-001.png and page-002.png.",RESOLVED,B,716b2b3028d4222c5bd8dbe183698cc7ea61e5f7a4d37e799da36d64c0e2dac3
529a93cc5d67e9a4b33e,SRC060,1,PAIR_EAF0E25B338A3CAEFF09282B,CLASSIFICATION_CONFLICT,213,213,source_section|subject_type,ACCEPT_B,"Convention, applied once to all 465 pairs that differ on source_section and subject_type only (every other field byte-identical). source_section: 'Alternatives Portfolio' is the section heading printed above the table on both pages, so the populated side is right and A's blank is wrong. subject_type: every row label is a named partnership vehicle, so 'fund', not A's 'investment'. Values confirmed against page-001.png and page-002.png.",RESOLVED,B,716b2b3028d4222c5bd8dbe183698cc7ea61e5f7a4d37e799da36d64c0e2dac3
3f3453d5c220539e5c7e,SRC060,1,PAIR_FCABE4C3EDC87DEC9DA24160,CLASSIFICATION_CONFLICT,214,214,source_section|subject_type,ACCEPT_B,"Convention, applied once to all 465 pairs that differ on source_section and subject_type only (every other field byte-identical). source_section: 'Alternatives Portfolio' is the section heading printed above the table on both pages, so the populated side is right and A's blank is wrong. subject_type: every row label is a named partnership vehicle, so 'fund', not A's 'investment'. Values confirmed against page-001.png and page-002.png.",RESOLVED,B,716b2b3028d4222c5bd8dbe183698cc7ea61e5f7a4d37e799da36d64c0e2dac3
78fe48f29141d67e9f57,SRC060,1,PAIR_934DE4F7E78235B83A532B11,CLASSIFICATION_CONFLICT,215,215,source_section|subject_type,ACCEPT_B,"Convention, applied once to all 465 pairs that differ on source_section and subject_type only (every other field byte-identical). source_section: 'Alternatives Portfolio' is the section heading printed above the table on both pages, so the populated side is right and A's blank is wrong. subject_type: every row label is a named partnership vehicle, so 'fund', not A's 'investment'. Values confirmed against page-001.png and page-002.png.",RESOLVED,B,716b2b3028d4222c5bd8dbe183698cc7ea61e5f7a4d37e799da36d64c0e2dac3
64d88aa9922daa870003,SRC060,1,PAIR_640CF2D14DE25D2343C42FB5,CLASSIFICATION_CONFLICT,216,216,source_section|subject_type,MERGE,"Convention, applied once to all 465 pairs that differ on source_section and subject_type only (every other field byte-identical). source_section: 'Alternatives Portfolio' is the section heading printed above the table on both pages, so the populated side is right and A's blank is wrong. subject_type: every row label is a named partnership vehicle, so 'fund', not A's 'investment'. Values confirmed against page-001.png and page-002.png.; Source review: p1: Retirement Fund (The portfolio report distinguishes investor positions from its aggregate rows.) | p1: Retirement Fund (Printed heading or definition supporting the source-reviewed qualifier.) | p1: Retirement Fund (Supersedes SR2307: the printed entity or table label is context, not a measurement basis; source labels retain its scope.)",RESOLVED,A+B+ADJUDICATOR,716b2b3028d4222c5bd8dbe183698cc7ea61e5f7a4d37e799da36d64c0e2dac3
04d4c3f1a59f869a5673,SRC060,1,PAIR_911C482B80F1A74E980E044B,CLASSIFICATION_CONFLICT,217,217,source_section|subject_type,MERGE,"Convention, applied once to all 465 pairs that differ on source_section and subject_type only (every other field byte-identical). source_section: 'Alternatives Portfolio' is the section heading printed above the table on both pages, so the populated side is right and A's blank is wrong. subject_type: every row label is a named partnership vehicle, so 'fund', not A's 'investment'. Values confirmed against page-001.png and page-002.png.; Source review: p2: Figures are net of fees. (Footnote 2 applies to the portfolio performance columns.) | p2: Figures are net of fees. (Printed heading or definition supporting the source-reviewed qualifier.)",RESOLVED,A+B+ADJUDICATOR,716b2b3028d4222c5bd8dbe183698cc7ea61e5f7a4d37e799da36d64c0e2dac3
44e88072b215cb344848,SRC060,1,PAIR_59D0D7C8A7E2400DF149F625,CLASSIFICATION_CONFLICT,218,218,source_section|subject_type,ACCEPT_B,"Convention, applied once to all 465 pairs that differ on source_section and subject_type only (every other field byte-identical). source_section: 'Alternatives Portfolio' is the section heading printed above the table on both pages, so the populated side is right and A's blank is wrong. subject_type: every row label is a named partnership vehicle, so 'fund', not A's 'investment'. Values confirmed against page-001.png and page-002.png.",RESOLVED,B,716b2b3028d4222c5bd8dbe183698cc7ea61e5f7a4d37e799da36d64c0e2dac3
182c09aff261c9a830a3,SRC060,1,PAIR_BCEE1EBF78825411FC8A4564,CLASSIFICATION_CONFLICT,219,219,source_section|subject_type,ACCEPT_B,"Convention, applied once to all 465 pairs that differ on source_section and subject_type only (every other field byte-identical). source_section: 'Alternatives Portfolio' is the section heading printed above the table on both pages, so the populated side is right and A's blank is wrong. subject_type: every row label is a named partnership vehicle, so 'fund', not A's 'investment'. Values confirmed against page-001.png and page-002.png.",RESOLVED,B,716b2b3028d4222c5bd8dbe183698cc7ea61e5f7a4d37e799da36d64c0e2dac3
18a849d26db9ca07f43a,SRC060,1,PAIR_F71F34CD5D820D9901DFAFE6,CLASSIFICATION_CONFLICT,220,220,source_section|subject_type,ACCEPT_B,"Convention, applied once to all 465 pairs that differ on source_section and subject_type only (every other field byte-identical). source_section: 'Alternatives Portfolio' is the section heading printed above the table on both pages, so the populated side is right and A's blank is wrong. subject_type: every row label is a named partnership vehicle, so 'fund', not A's 'investment'. Values confirmed against page-001.png and page-002.png.",RESOLVED,B,716b2b3028d4222c5bd8dbe183698cc7ea61e5f7a4d37e799da36d64c0e2dac3
bbd61b5904ebabe582e2,SRC060,1,PAIR_2A1A8C62BC548FC6B7FBA221,CLASSIFICATION_CONFLICT,221,221,source_section|subject_type,ACCEPT_B,"Convention, applied once to all 465 pairs that differ on source_section and subject_type only (every other field byte-identical). source_section: 'Alternatives Portfolio' is the section heading printed above the table on both pages, so the populated side is right and A's blank is wrong. subject_type: every row label is a named partnership vehicle, so 'fund', not A's 'investment'. Values confirmed against page-001.png and page-002.png.",RESOLVED,B,716b2b3028d4222c5bd8dbe183698cc7ea61e5f7a4d37e799da36d64c0e2dac3
30ddaa4efccb50b87933,SRC060,1,PAIR_8BF211A7B8219D953F6084AB,CLASSIFICATION_CONFLICT,222,222,source_section|subject_type,MERGE,"Convention, applied once to all 465 pairs that differ on source_section and subject_type only (every other field byte-identical). source_section: 'Alternatives Portfolio' is the section heading printed above the table on both pages, so the populated side is right and A's blank is wrong. subject_type: every row label is a named partnership vehicle, so 'fund', not A's 'investment'. Values confirmed against page-001.png and page-002.png.; Source review: p1: Retirement Fund (The portfolio report distinguishes investor positions from its aggregate rows.) | p1: Retirement Fund (Printed heading or definition supporting the source-reviewed qualifier.) | p1: Retirement Fund (Supersedes SR2309: the printed entity or table label is context, not a measurement basis; source labels retain its scope.)",RESOLVED,A+B+ADJUDICATOR,716b2b3028d4222c5bd8dbe183698cc7ea61e5f7a4d37e799da36d64c0e2dac3
a26f2ede8f2e2a3cb3ea,SRC060,1,PAIR_7154D948EF2E3534A2C0D8F3,CLASSIFICATION_CONFLICT,223,223,source_section|subject_type,MERGE,"Convention, applied once to all 465 pairs that differ on source_section and subject_type only (every other field byte-identical). source_section: 'Alternatives Portfolio' is the section heading printed above the table on both pages, so the populated side is right and A's blank is wrong. subject_type: every row label is a named partnership vehicle, so 'fund', not A's 'investment'. Values confirmed against page-001.png and page-002.png.; Source review: p2: Figures are net of fees. (Footnote 2 applies to the portfolio performance columns.) | p2: Figures are net of fees. (Printed heading or definition supporting the source-reviewed qualifier.)",RESOLVED,A+B+ADJUDICATOR,716b2b3028d4222c5bd8dbe183698cc7ea61e5f7a4d37e799da36d64c0e2dac3
60fe21f252ddeedcb319,SRC060,1,PAIR_67394F387A40790302D11553,CLASSIFICATION_CONFLICT,224,224,source_section|subject_type,ACCEPT_B,"Convention, applied once to all 465 pairs that differ on source_section and subject_type only (every other field byte-identical). source_section: 'Alternatives Portfolio' is the section heading printed above the table on both pages, so the populated side is right and A's blank is wrong. subject_type: every row label is a named partnership vehicle, so 'fund', not A's 'investment'. Values confirmed against page-001.png and page-002.png.",RESOLVED,B,716b2b3028d4222c5bd8dbe183698cc7ea61e5f7a4d37e799da36d64c0e2dac3
5ffd14e0081f150678f8,SRC060,1,PAIR_6722D2950767EE5A963986DA,CLASSIFICATION_CONFLICT,225,225,source_section|subject_type,ACCEPT_B,"Convention, applied once to all 465 pairs that differ on source_section and subject_type only (every other field byte-identical). source_section: 'Alternatives Portfolio' is the section heading printed above the table on both pages, so the populated side is right and A's blank is wrong. subject_type: every row label is a named partnership vehicle, so 'fund', not A's 'investment'. Values confirmed against page-001.png and page-002.png.",RESOLVED,B,716b2b3028d4222c5bd8dbe183698cc7ea61e5f7a4d37e799da36d64c0e2dac3
5c0cddf14a626ccc6ee8,SRC060,1,PAIR_49B5E77A54363DC0694F8D54,CLASSIFICATION_CONFLICT,226,226,source_section|subject_type,ACCEPT_B,"Convention, applied once to all 465 pairs that differ on source_section and subject_type only (every other field byte-identical). source_section: 'Alternatives Portfolio' is the section heading printed above the table on both pages, so the populated side is right and A's blank is wrong. subject_type: every row label is a named partnership vehicle, so 'fund', not A's 'investment'. Values confirmed against page-001.png and page-002.png.",RESOLVED,B,716b2b3028d4222c5bd8dbe183698cc7ea61e5f7a4d37e799da36d64c0e2dac3
9dedfaf26045689d211d,SRC060,1,PAIR_4315AEE82DCD8075C27A6BAC,CLASSIFICATION_CONFLICT,227,227,source_section|subject_type,ACCEPT_B,"Convention, applied once to all 465 pairs that differ on source_section and subject_type only (every other field byte-identical). source_section: 'Alternatives Portfolio' is the section heading printed above the table on both pages, so the populated side is right and A's blank is wrong. subject_type: every row label is a named partnership vehicle, so 'fund', not A's 'investment'. Values confirmed against page-001.png and page-002.png.",RESOLVED,B,716b2b3028d4222c5bd8dbe183698cc7ea61e5f7a4d37e799da36d64c0e2dac3
d58e5b8a5fce66d523e0,SRC060,1,PAIR_9468159C8647DBEB5FA019BC,CLASSIFICATION_CONFLICT,228,228,source_section|subject_type,MERGE,"Convention, applied once to all 465 pairs that differ on source_section and subject_type only (every other field byte-identical). source_section: 'Alternatives Portfolio' is the section heading printed above the table on both pages, so the populated side is right and A's blank is wrong. subject_type: every row label is a named partnership vehicle, so 'fund', not A's 'investment'. Values confirmed against page-001.png and page-002.png.; Source review: p1: Retirement Fund (The portfolio report distinguishes investor positions from its aggregate rows.) | p1: Retirement Fund (Printed heading or definition supporting the source-reviewed qualifier.) | p1: Retirement Fund (Supersedes SR2311: the printed entity or table label is context, not a measurement basis; source labels retain its scope.)",RESOLVED,A+B+ADJUDICATOR,716b2b3028d4222c5bd8dbe183698cc7ea61e5f7a4d37e799da36d64c0e2dac3
c019aeb985f5cd7f465a,SRC060,1,PAIR_646B73B9235A3A5085DCB2A2,CLASSIFICATION_CONFLICT,229,229,source_section|subject_type,MERGE,"Convention, applied once to all 465 pairs that differ on source_section and subject_type only (every other field byte-identical). source_section: 'Alternatives Portfolio' is the section heading printed above the table on both pages, so the populated side is right and A's blank is wrong. subject_type: every row label is a named partnership vehicle, so 'fund', not A's 'investment'. Values confirmed against page-001.png and page-002.png.; Source review: p2: Figures are net of fees. (Footnote 2 applies to the portfolio performance columns.) | p2: Figures are net of fees. (Printed heading or definition supporting the source-reviewed qualifier.)",RESOLVED,A+B+ADJUDICATOR,716b2b3028d4222c5bd8dbe183698cc7ea61e5f7a4d37e799da36d64c0e2dac3
4f167cb7587d29ac0c89,SRC060,1,PAIR_F920821997D40C271302A98D,CLASSIFICATION_CONFLICT,230,230,source_section|subject_type,ACCEPT_B,"Convention, applied once to all 465 pairs that differ on source_section and subject_type only (every other field byte-identical). source_section: 'Alternatives Portfolio' is the section heading printed above the table on both pages, so the populated side is right and A's blank is wrong. subject_type: every row label is a named partnership vehicle, so 'fund', not A's 'investment'. Values confirmed against page-001.png and page-002.png.",RESOLVED,B,716b2b3028d4222c5bd8dbe183698cc7ea61e5f7a4d37e799da36d64c0e2dac3
cb5c4daf417a6f426a28,SRC060,1,PAIR_97787B7848376794A634844C,CLASSIFICATION_CONFLICT,231,231,source_section|subject_type,ACCEPT_B,"Convention, applied once to all 465 pairs that differ on source_section and subject_type only (every other field byte-identical). source_section: 'Alternatives Portfolio' is the section heading printed above the table on both pages, so the populated side is right and A's blank is wrong. subject_type: every row label is a named partnership vehicle, so 'fund', not A's 'investment'. Values confirmed against page-001.png and page-002.png.",RESOLVED,B,716b2b3028d4222c5bd8dbe183698cc7ea61e5f7a4d37e799da36d64c0e2dac3
16a06c2387eb49037ae9,SRC060,1,PAIR_13A397651528EB0915E6E86B,CLASSIFICATION_CONFLICT,232,232,source_section|subject_type,ACCEPT_B,"Convention, applied once to all 465 pairs that differ on source_section and subject_type only (every other field byte-identical). source_section: 'Alternatives Portfolio' is the section heading printed above the table on both pages, so the populated side is right and A's blank is wrong. subject_type: every row label is a named partnership vehicle, so 'fund', not A's 'investment'. Values confirmed against page-001.png and page-002.png.",RESOLVED,B,716b2b3028d4222c5bd8dbe183698cc7ea61e5f7a4d37e799da36d64c0e2dac3
7cf1b133842c0b71723d,SRC060,1,PAIR_94EFA012C8FA26E471DB7DF1,CLASSIFICATION_CONFLICT,233,233,source_section|subject_type,ACCEPT_B,"Convention, applied once to all 465 pairs that differ on source_section and subject_type only (every other field byte-identical). source_section: 'Alternatives Portfolio' is the section heading printed above the table on both pages, so the populated side is right and A's blank is wrong. subject_type: every row label is a named partnership vehicle, so 'fund', not A's 'investment'. Values confirmed against page-001.png and page-002.png.",RESOLVED,B,716b2b3028d4222c5bd8dbe183698cc7ea61e5f7a4d37e799da36d64c0e2dac3
3280e5f98d19058da7a7,SRC060,1,PAIR_1C1B37B763B62A6B8123CEC8,CLASSIFICATION_CONFLICT,234,234,source_section|subject_type,MERGE,"Convention, applied once to all 465 pairs that differ on source_section and subject_type only (every other field byte-identical). source_section: 'Alternatives Portfolio' is the section heading printed above the table on both pages, so the populated side is right and A's blank is wrong. subject_type: every row label is a named partnership vehicle, so 'fund', not A's 'investment'. Values confirmed against page-001.png and page-002.png.; Source review: p1: Retirement Fund (The portfolio report distinguishes investor positions from its aggregate rows.) | p1: Retirement Fund (Printed heading or definition supporting the source-reviewed qualifier.) | p1: Retirement Fund (Supersedes SR2313: the printed entity or table label is context, not a measurement basis; source labels retain its scope.)",RESOLVED,A+B+ADJUDICATOR,716b2b3028d4222c5bd8dbe183698cc7ea61e5f7a4d37e799da36d64c0e2dac3
fd7161e0c60ee0f274b9,SRC060,1,PAIR_82D78C9A21CEE148B1460795,CLASSIFICATION_CONFLICT,235,235,source_section|subject_type,MERGE,"Convention, applied once to all 465 pairs that differ on source_section and subject_type only (every other field byte-identical). source_section: 'Alternatives Portfolio' is the section heading printed above the table on both pages, so the populated side is right and A's blank is wrong. subject_type: every row label is a named partnership vehicle, so 'fund', not A's 'investment'. Values confirmed against page-001.png and page-002.png.; Source review: p2: Figures are net of fees. (Footnote 2 applies to the portfolio performance columns.) | p2: Figures are net of fees. (Printed heading or definition supporting the source-reviewed qualifier.)",RESOLVED,A+B+ADJUDICATOR,716b2b3028d4222c5bd8dbe183698cc7ea61e5f7a4d37e799da36d64c0e2dac3
77b566f8ef108fe69c21,SRC060,1,PAIR_5DE8C8E3460B0B4756DF2D80,CLASSIFICATION_CONFLICT,236,236,source_section|subject_type,ACCEPT_B,"Convention, applied once to all 465 pairs that differ on source_section and subject_type only (every other field byte-identical). source_section: 'Alternatives Portfolio' is the section heading printed above the table on both pages, so the populated side is right and A's blank is wrong. subject_type: every row label is a named partnership vehicle, so 'fund', not A's 'investment'. Values confirmed against page-001.png and page-002.png.",RESOLVED,B,716b2b3028d4222c5bd8dbe183698cc7ea61e5f7a4d37e799da36d64c0e2dac3
912bee334f0c2f40b952,SRC060,1,PAIR_DE76CFBD08EEDF63EA021E39,CLASSIFICATION_CONFLICT,237,237,source_section|subject_type,ACCEPT_B,"Convention, applied once to all 465 pairs that differ on source_section and subject_type only (every other field byte-identical). source_section: 'Alternatives Portfolio' is the section heading printed above the table on both pages, so the populated side is right and A's blank is wrong. subject_type: every row label is a named partnership vehicle, so 'fund', not A's 'investment'. Values confirmed against page-001.png and page-002.png.",RESOLVED,B,716b2b3028d4222c5bd8dbe183698cc7ea61e5f7a4d37e799da36d64c0e2dac3
0d9d62c83fd3faf9f827,SRC060,1,PAIR_EEBCBD21F124BA52AF31826D,CLASSIFICATION_CONFLICT,238,238,source_section|subject_type,ACCEPT_B,"Convention, applied once to all 465 pairs that differ on source_section and subject_type only (every other field byte-identical). source_section: 'Alternatives Portfolio' is the section heading printed above the table on both pages, so the populated side is right and A's blank is wrong. subject_type: every row label is a named partnership vehicle, so 'fund', not A's 'investment'. Values confirmed against page-001.png and page-002.png.",RESOLVED,B,716b2b3028d4222c5bd8dbe183698cc7ea61e5f7a4d37e799da36d64c0e2dac3
1264107add19f5e9843c,SRC060,1,PAIR_B9418A13D58252B7A6F5EE0D,CLASSIFICATION_CONFLICT,239,239,source_section|subject_type,ACCEPT_B,"Convention, applied once to all 465 pairs that differ on source_section and subject_type only (every other field byte-identical). source_section: 'Alternatives Portfolio' is the section heading printed above the table on both pages, so the populated side is right and A's blank is wrong. subject_type: every row label is a named partnership vehicle, so 'fund', not A's 'investment'. Values confirmed against page-001.png and page-002.png.",RESOLVED,B,716b2b3028d4222c5bd8dbe183698cc7ea61e5f7a4d37e799da36d64c0e2dac3
dae837037b232540acb3,SRC060,1,PAIR_22030EA03D2B6DBB5DB31B01,CLASSIFICATION_CONFLICT,240,240,source_section|subject_type,MERGE,"Convention, applied once to all 465 pairs that differ on source_section and subject_type only (every other field byte-identical). source_section: 'Alternatives Portfolio' is the section heading printed above the table on both pages, so the populated side is right and A's blank is wrong. subject_type: every row label is a named partnership vehicle, so 'fund', not A's 'investment'. Values confirmed against page-001.png and page-002.png.; Source review: p1: Retirement Fund (The portfolio report distinguishes investor positions from its aggregate rows.) | p1: Retirement Fund (Printed heading or definition supporting the source-reviewed qualifier.) | p1: Retirement Fund (Supersedes SR2315: the printed entity or table label is context, not a measurement basis; source labels retain its scope.)",RESOLVED,A+B+ADJUDICATOR,716b2b3028d4222c5bd8dbe183698cc7ea61e5f7a4d37e799da36d64c0e2dac3
9fba0afd43b7428011b0,SRC060,1,PAIR_A5B207F3766E01E615BE8F32,CLASSIFICATION_CONFLICT,241,241,source_section|subject_type,MERGE,"Convention, applied once to all 465 pairs that differ on source_section and subject_type only (every other field byte-identical). source_section: 'Alternatives Portfolio' is the section heading printed above the table on both pages, so the populated side is right and A's blank is wrong. subject_type: every row label is a named partnership vehicle, so 'fund', not A's 'investment'. Values confirmed against page-001.png and page-002.png.; Source review: p2: Figures are net of fees. (Footnote 2 applies to the portfolio performance columns.) | p2: Figures are net of fees. (Printed heading or definition supporting the source-reviewed qualifier.)",RESOLVED,A+B+ADJUDICATOR,716b2b3028d4222c5bd8dbe183698cc7ea61e5f7a4d37e799da36d64c0e2dac3
b9a9457ff0a37b072a7a,SRC060,1,PAIR_15605F4636D6F58B4F730D61,CLASSIFICATION_CONFLICT,242,242,source_section|subject_type,ACCEPT_B,"Convention, applied once to all 465 pairs that differ on source_section and subject_type only (every other field byte-identical). source_section: 'Alternatives Portfolio' is the section heading printed above the table on both pages, so the populated side is right and A's blank is wrong. subject_type: every row label is a named partnership vehicle, so 'fund', not A's 'investment'. Values confirmed against page-001.png and page-002.png.",RESOLVED,B,716b2b3028d4222c5bd8dbe183698cc7ea61e5f7a4d37e799da36d64c0e2dac3
530deaf7b93fabe934b1,SRC060,1,PAIR_95A4A3C13AB1EFBE8647D59F,CLASSIFICATION_CONFLICT,243,243,source_section|subject_type,ACCEPT_B,"Convention, applied once to all 465 pairs that differ on source_section and subject_type only (every other field byte-identical). source_section: 'Alternatives Portfolio' is the section heading printed above the table on both pages, so the populated side is right and A's blank is wrong. subject_type: every row label is a named partnership vehicle, so 'fund', not A's 'investment'. Values confirmed against page-001.png and page-002.png.",RESOLVED,B,716b2b3028d4222c5bd8dbe183698cc7ea61e5f7a4d37e799da36d64c0e2dac3
6257eda44787cf6eff2d,SRC060,1,PAIR_16A832BD66199F9C455C4EA6,CLASSIFICATION_CONFLICT,244,244,source_section|subject_type,ACCEPT_B,"Convention, applied once to all 465 pairs that differ on source_section and subject_type only (every other field byte-identical). source_section: 'Alternatives Portfolio' is the section heading printed above the table on both pages, so the populated side is right and A's blank is wrong. subject_type: every row label is a named partnership vehicle, so 'fund', not A's 'investment'. Values confirmed against page-001.png and page-002.png.",RESOLVED,B,716b2b3028d4222c5bd8dbe183698cc7ea61e5f7a4d37e799da36d64c0e2dac3
9aaf0f20f08baba7d2a5,SRC060,1,PAIR_9C2D7E5698B9D5A12B465F60,CLASSIFICATION_CONFLICT,245,245,source_section|subject_type,ACCEPT_B,"Convention, applied once to all 465 pairs that differ on source_section and subject_type only (every other field byte-identical). source_section: 'Alternatives Portfolio' is the section heading printed above the table on both pages, so the populated side is right and A's blank is wrong. subject_type: every row label is a named partnership vehicle, so 'fund', not A's 'investment'. Values confirmed against page-001.png and page-002.png.",RESOLVED,B,716b2b3028d4222c5bd8dbe183698cc7ea61e5f7a4d37e799da36d64c0e2dac3
e53833a056f3e24de9dd,SRC060,1,PAIR_2BFD73F89E437AF4189CACB8,CLASSIFICATION_CONFLICT,246,246,source_section|subject_type,MERGE,"Convention, applied once to all 465 pairs that differ on source_section and subject_type only (every other field byte-identical). source_section: 'Alternatives Portfolio' is the section heading printed above the table on both pages, so the populated side is right and A's blank is wrong. subject_type: every row label is a named partnership vehicle, so 'fund', not A's 'investment'. Values confirmed against page-001.png and page-002.png.; Source review: p1: Retirement Fund (The portfolio report distinguishes investor positions from its aggregate rows.) | p1: Retirement Fund (Printed heading or definition supporting the source-reviewed qualifier.) | p1: Retirement Fund (Supersedes SR2317: the printed entity or table label is context, not a measurement basis; source labels retain its scope.)",RESOLVED,A+B+ADJUDICATOR,716b2b3028d4222c5bd8dbe183698cc7ea61e5f7a4d37e799da36d64c0e2dac3
b7c724576f8b95087362,SRC060,1,PAIR_78641B8E4017B54B68854548,CLASSIFICATION_CONFLICT,247,247,source_section|subject_type,MERGE,"Convention, applied once to all 465 pairs that differ on source_section and subject_type only (every other field byte-identical). source_section: 'Alternatives Portfolio' is the section heading printed above the table on both pages, so the populated side is right and A's blank is wrong. subject_type: every row label is a named partnership vehicle, so 'fund', not A's 'investment'. Values confirmed against page-001.png and page-002.png.; Source review: p2: Figures are net of fees. (Footnote 2 applies to the portfolio performance columns.) | p2: Figures are net of fees. (Printed heading or definition supporting the source-reviewed qualifier.)",RESOLVED,A+B+ADJUDICATOR,716b2b3028d4222c5bd8dbe183698cc7ea61e5f7a4d37e799da36d64c0e2dac3
f93230c39c655b713420,SRC060,1,PAIR_2A94862D4FC242CC20FCF95B,CLASSIFICATION_CONFLICT,248,248,source_section|subject_type,ACCEPT_B,"Convention, applied once to all 465 pairs that differ on source_section and subject_type only (every other field byte-identical). source_section: 'Alternatives Portfolio' is the section heading printed above the table on both pages, so the populated side is right and A's blank is wrong. subject_type: every row label is a named partnership vehicle, so 'fund', not A's 'investment'. Values confirmed against page-001.png and page-002.png.",RESOLVED,B,716b2b3028d4222c5bd8dbe183698cc7ea61e5f7a4d37e799da36d64c0e2dac3
2ef25278007e3a4cc89b,SRC060,1,PAIR_CAFB3EDCE6BCE1054A088F3E,CLASSIFICATION_CONFLICT,249,249,source_section|subject_type,ACCEPT_B,"Convention, applied once to all 465 pairs that differ on source_section and subject_type only (every other field byte-identical). source_section: 'Alternatives Portfolio' is the section heading printed above the table on both pages, so the populated side is right and A's blank is wrong. subject_type: every row label is a named partnership vehicle, so 'fund', not A's 'investment'. Values confirmed against page-001.png and page-002.png.",RESOLVED,B,716b2b3028d4222c5bd8dbe183698cc7ea61e5f7a4d37e799da36d64c0e2dac3
0e00e78e4baabc51d4c9,SRC060,1,PAIR_BF3D9A97AEE27BFE423AB88A,CLASSIFICATION_CONFLICT,250,250,source_section|subject_type,ACCEPT_B,"Convention, applied once to all 465 pairs that differ on source_section and subject_type only (every other field byte-identical). source_section: 'Alternatives Portfolio' is the section heading printed above the table on both pages, so the populated side is right and A's blank is wrong. subject_type: every row label is a named partnership vehicle, so 'fund', not A's 'investment'. Values confirmed against page-001.png and page-002.png.",RESOLVED,B,716b2b3028d4222c5bd8dbe183698cc7ea61e5f7a4d37e799da36d64c0e2dac3
b8cde1cc5148528592aa,SRC060,1,PAIR_CECD50F03CCC22185E4864DF,CLASSIFICATION_CONFLICT,251,251,source_section|subject_type,ACCEPT_B,"Convention, applied once to all 465 pairs that differ on source_section and subject_type only (every other field byte-identical). source_section: 'Alternatives Portfolio' is the section heading printed above the table on both pages, so the populated side is right and A's blank is wrong. subject_type: every row label is a named partnership vehicle, so 'fund', not A's 'investment'. Values confirmed against page-001.png and page-002.png.",RESOLVED,B,716b2b3028d4222c5bd8dbe183698cc7ea61e5f7a4d37e799da36d64c0e2dac3
3cf3398002ff42924306,SRC060,1,PAIR_2E437CC632970BEEC46F3CAF,CLASSIFICATION_CONFLICT,252,252,source_section|subject_type,MERGE,"Convention, applied once to all 465 pairs that differ on source_section and subject_type only (every other field byte-identical). source_section: 'Alternatives Portfolio' is the section heading printed above the table on both pages, so the populated side is right and A's blank is wrong. subject_type: every row label is a named partnership vehicle, so 'fund', not A's 'investment'. Values confirmed against page-001.png and page-002.png.; Source review: p1: Retirement Fund (The portfolio report distinguishes investor positions from its aggregate rows.) | p1: Retirement Fund (Printed heading or definition supporting the source-reviewed qualifier.) | p1: Retirement Fund (Supersedes SR2319: the printed entity or table label is context, not a measurement basis; source labels retain its scope.)",RESOLVED,A+B+ADJUDICATOR,716b2b3028d4222c5bd8dbe183698cc7ea61e5f7a4d37e799da36d64c0e2dac3
9677142dc1a1f5921904,SRC060,1,PAIR_586FF183C4EF8F5B9BE8191C,CLASSIFICATION_CONFLICT,253,253,source_section|subject_type,ACCEPT_B,"Convention, applied once to all 465 pairs that differ on source_section and subject_type only (every other field byte-identical). source_section: 'Alternatives Portfolio' is the section heading printed above the table on both pages, so the populated side is right and A's blank is wrong. subject_type: every row label is a named partnership vehicle, so 'fund', not A's 'investment'. Values confirmed against page-001.png and page-002.png.",RESOLVED,B,716b2b3028d4222c5bd8dbe183698cc7ea61e5f7a4d37e799da36d64c0e2dac3
59ced5d0f2fff30b0bda,SRC060,1,PAIR_E7E4AB53C1179352323866F1,CLASSIFICATION_CONFLICT,254,254,source_section|subject_type,ACCEPT_B,"Convention, applied once to all 465 pairs that differ on source_section and subject_type only (every other field byte-identical). source_section: 'Alternatives Portfolio' is the section heading printed above the table on both pages, so the populated side is right and A's blank is wrong. subject_type: every row label is a named partnership vehicle, so 'fund', not A's 'investment'. Values confirmed against page-001.png and page-002.png.",RESOLVED,B,716b2b3028d4222c5bd8dbe183698cc7ea61e5f7a4d37e799da36d64c0e2dac3
7a70f79f482e37930517,SRC060,1,PAIR_2260917A8877C7A95E7E13BF,CLASSIFICATION_CONFLICT,255,255,source_section|subject_type,ACCEPT_B,"Convention, applied once to all 465 pairs that differ on source_section and subject_type only (every other field byte-identical). source_section: 'Alternatives Portfolio' is the section heading printed above the table on both pages, so the populated side is right and A's blank is wrong. subject_type: every row label is a named partnership vehicle, so 'fund', not A's 'investment'. Values confirmed against page-001.png and page-002.png.",RESOLVED,B,716b2b3028d4222c5bd8dbe183698cc7ea61e5f7a4d37e799da36d64c0e2dac3
c0e57dd5d83cee7ff4dc,SRC060,1,PAIR_36ECC3C20D5A1541CF10297E,CLASSIFICATION_CONFLICT,256,256,source_section|subject_type,ACCEPT_B,"Convention, applied once to all 465 pairs that differ on source_section and subject_type only (every other field byte-identical). source_section: 'Alternatives Portfolio' is the section heading printed above the table on both pages, so the populated side is right and A's blank is wrong. subject_type: every row label is a named partnership vehicle, so 'fund', not A's 'investment'. Values confirmed against page-001.png and page-002.png.",RESOLVED,B,716b2b3028d4222c5bd8dbe183698cc7ea61e5f7a4d37e799da36d64c0e2dac3
5de365d62002c995e923,SRC060,1,PAIR_8E9B1F3D0F319787A4F76E90,CLASSIFICATION_CONFLICT,257,257,source_section|subject_type,MERGE,"Convention, applied once to all 465 pairs that differ on source_section and subject_type only (every other field byte-identical). source_section: 'Alternatives Portfolio' is the section heading printed above the table on both pages, so the populated side is right and A's blank is wrong. subject_type: every row label is a named partnership vehicle, so 'fund', not A's 'investment'. Values confirmed against page-001.png and page-002.png.; Source review: p1: Retirement Fund (The portfolio report distinguishes investor positions from its aggregate rows.) | p1: Retirement Fund (Printed heading or definition supporting the source-reviewed qualifier.) | p1: Retirement Fund (Supersedes SR2320: the printed entity or table label is context, not a measurement basis; source labels retain its scope.)",RESOLVED,A+B+ADJUDICATOR,716b2b3028d4222c5bd8dbe183698cc7ea61e5f7a4d37e799da36d64c0e2dac3
a76724c35faa868c5cef,SRC060,1,PAIR_97021F5C84726A75C2638A00,CLASSIFICATION_CONFLICT,258,258,source_section|subject_type,ACCEPT_B,"Convention, applied once to all 465 pairs that differ on source_section and subject_type only (every other field byte-identical). source_section: 'Alternatives Portfolio' is the section heading printed above the table on both pages, so the populated side is right and A's blank is wrong. subject_type: every row label is a named partnership vehicle, so 'fund', not A's 'investment'. Values confirmed against page-001.png and page-002.png.",RESOLVED,B,716b2b3028d4222c5bd8dbe183698cc7ea61e5f7a4d37e799da36d64c0e2dac3
58fe7b1957b5e5efb10a,SRC060,1,PAIR_BAFED2DBDFFF03CA03801942,CLASSIFICATION_CONFLICT,259,259,source_section|subject_type,ACCEPT_B,"Convention, applied once to all 465 pairs that differ on source_section and subject_type only (every other field byte-identical). source_section: 'Alternatives Portfolio' is the section heading printed above the table on both pages, so the populated side is right and A's blank is wrong. subject_type: every row label is a named partnership vehicle, so 'fund', not A's 'investment'. Values confirmed against page-001.png and page-002.png.",RESOLVED,B,716b2b3028d4222c5bd8dbe183698cc7ea61e5f7a4d37e799da36d64c0e2dac3
79d20be74a6a18302ace,SRC060,1,PAIR_28F1BC0FAE5234B333156DC7,CLASSIFICATION_CONFLICT,260,260,source_section|subject_type,ACCEPT_B,"Convention, applied once to all 465 pairs that differ on source_section and subject_type only (every other field byte-identical). source_section: 'Alternatives Portfolio' is the section heading printed above the table on both pages, so the populated side is right and A's blank is wrong. subject_type: every row label is a named partnership vehicle, so 'fund', not A's 'investment'. Values confirmed against page-001.png and page-002.png.",RESOLVED,B,716b2b3028d4222c5bd8dbe183698cc7ea61e5f7a4d37e799da36d64c0e2dac3
d65eba628480d7f0b75c,SRC060,1,PAIR_598318FFC895A697754CC2BE,CLASSIFICATION_CONFLICT,261,261,source_section|subject_type,ACCEPT_B,"Convention, applied once to all 465 pairs that differ on source_section and subject_type only (every other field byte-identical). source_section: 'Alternatives Portfolio' is the section heading printed above the table on both pages, so the populated side is right and A's blank is wrong. subject_type: every row label is a named partnership vehicle, so 'fund', not A's 'investment'. Values confirmed against page-001.png and page-002.png.",RESOLVED,B,716b2b3028d4222c5bd8dbe183698cc7ea61e5f7a4d37e799da36d64c0e2dac3
eaf8e742c1d7999d2e43,SRC060,1,PAIR_263A09269B60423D58E22911,CLASSIFICATION_CONFLICT,262,262,source_section|subject_type,MERGE,"Convention, applied once to all 465 pairs that differ on source_section and subject_type only (every other field byte-identical). source_section: 'Alternatives Portfolio' is the section heading printed above the table on both pages, so the populated side is right and A's blank is wrong. subject_type: every row label is a named partnership vehicle, so 'fund', not A's 'investment'. Values confirmed against page-001.png and page-002.png.; Source review: p1: Retirement Fund (The portfolio report distinguishes investor positions from its aggregate rows.) | p1: Retirement Fund (Printed heading or definition supporting the source-reviewed qualifier.) | p1: Retirement Fund (Supersedes SR2321: the printed entity or table label is context, not a measurement basis; source labels retain its scope.)",RESOLVED,A+B+ADJUDICATOR,716b2b3028d4222c5bd8dbe183698cc7ea61e5f7a4d37e799da36d64c0e2dac3
f4e87c0731654af53e6f,SRC060,1,PAIR_AA3AEC6F24D7E92DFBA6A00E,CLASSIFICATION_CONFLICT,263,263,source_section|subject_type,ACCEPT_B,"Convention, applied once to all 465 pairs that differ on source_section and subject_type only (every other field byte-identical). source_section: 'Alternatives Portfolio' is the section heading printed above the table on both pages, so the populated side is right and A's blank is wrong. subject_type: every row label is a named partnership vehicle, so 'fund', not A's 'investment'. Values confirmed against page-001.png and page-002.png.",RESOLVED,B,716b2b3028d4222c5bd8dbe183698cc7ea61e5f7a4d37e799da36d64c0e2dac3
ac02442b3e32fa015655,SRC060,1,PAIR_7C4FA9B42F91AC1BA493FA38,CLASSIFICATION_CONFLICT,264,264,source_section|subject_type,ACCEPT_B,"Convention, applied once to all 465 pairs that differ on source_section and subject_type only (every other field byte-identical). source_section: 'Alternatives Portfolio' is the section heading printed above the table on both pages, so the populated side is right and A's blank is wrong. subject_type: every row label is a named partnership vehicle, so 'fund', not A's 'investment'. Values confirmed against page-001.png and page-002.png.",RESOLVED,B,716b2b3028d4222c5bd8dbe183698cc7ea61e5f7a4d37e799da36d64c0e2dac3
f9dcd77e558c26e4b019,SRC060,1,PAIR_FF58FE7678365FCD1A338787,CLASSIFICATION_CONFLICT,265,265,source_section|subject_type,ACCEPT_B,"Convention, applied once to all 465 pairs that differ on source_section and subject_type only (every other field byte-identical). source_section: 'Alternatives Portfolio' is the section heading printed above the table on both pages, so the populated side is right and A's blank is wrong. subject_type: every row label is a named partnership vehicle, so 'fund', not A's 'investment'. Values confirmed against page-001.png and page-002.png.",RESOLVED,B,716b2b3028d4222c5bd8dbe183698cc7ea61e5f7a4d37e799da36d64c0e2dac3
cb270a953c47852d71e5,SRC060,1,PAIR_F6A89500FEC2A5D583D0ED1E,CLASSIFICATION_CONFLICT,266,266,source_section|subject_type,ACCEPT_B,"Convention, applied once to all 465 pairs that differ on source_section and subject_type only (every other field byte-identical). source_section: 'Alternatives Portfolio' is the section heading printed above the table on both pages, so the populated side is right and A's blank is wrong. subject_type: every row label is a named partnership vehicle, so 'fund', not A's 'investment'. Values confirmed against page-001.png and page-002.png.",RESOLVED,B,716b2b3028d4222c5bd8dbe183698cc7ea61e5f7a4d37e799da36d64c0e2dac3
2ba677635c8305852288,SRC060,1,PAIR_501F38422297142F56453926,CLASSIFICATION_CONFLICT,267,267,source_section|subject_type,MERGE,"Convention, applied once to all 465 pairs that differ on source_section and subject_type only (every other field byte-identical). source_section: 'Alternatives Portfolio' is the section heading printed above the table on both pages, so the populated side is right and A's blank is wrong. subject_type: every row label is a named partnership vehicle, so 'fund', not A's 'investment'. Values confirmed against page-001.png and page-002.png.; Source review: p1: Retirement Fund (The portfolio report distinguishes investor positions from its aggregate rows.) | p1: Retirement Fund (Printed heading or definition supporting the source-reviewed qualifier.) | p1: Retirement Fund (Supersedes SR2322: the printed entity or table label is context, not a measurement basis; source labels retain its scope.)",RESOLVED,A+B+ADJUDICATOR,716b2b3028d4222c5bd8dbe183698cc7ea61e5f7a4d37e799da36d64c0e2dac3
1f924a76a2bd006e69d4,SRC060,1,PAIR_A30FB403B82864291D84C5CB,CLASSIFICATION_CONFLICT,268,268,source_section|subject_type,ACCEPT_B,"Convention, applied once to all 465 pairs that differ on source_section and subject_type only (every other field byte-identical). source_section: 'Alternatives Portfolio' is the section heading printed above the table on both pages, so the populated side is right and A's blank is wrong. subject_type: every row label is a named partnership vehicle, so 'fund', not A's 'investment'. Values confirmed against page-001.png and page-002.png.",RESOLVED,B,716b2b3028d4222c5bd8dbe183698cc7ea61e5f7a4d37e799da36d64c0e2dac3
76f7e2c624c49ccdb5e1,SRC060,1,PAIR_258677A8462CFE2366C333B6,CLASSIFICATION_CONFLICT,269,269,source_section|subject_type,ACCEPT_B,"Convention, applied once to all 465 pairs that differ on source_section and subject_type only (every other field byte-identical). source_section: 'Alternatives Portfolio' is the section heading printed above the table on both pages, so the populated side is right and A's blank is wrong. subject_type: every row label is a named partnership vehicle, so 'fund', not A's 'investment'. Values confirmed against page-001.png and page-002.png.",RESOLVED,B,716b2b3028d4222c5bd8dbe183698cc7ea61e5f7a4d37e799da36d64c0e2dac3
407ad3e02667ae3cce71,SRC060,1,PAIR_45AEB924B79EC25DB02BC028,CLASSIFICATION_CONFLICT,270,270,source_section|subject_type,ACCEPT_B,"Convention, applied once to all 465 pairs that differ on source_section and subject_type only (every other field byte-identical). source_section: 'Alternatives Portfolio' is the section heading printed above the table on both pages, so the populated side is right and A's blank is wrong. subject_type: every row label is a named partnership vehicle, so 'fund', not A's 'investment'. Values confirmed against page-001.png and page-002.png.",RESOLVED,B,716b2b3028d4222c5bd8dbe183698cc7ea61e5f7a4d37e799da36d64c0e2dac3
a97b6659ae017d4dd5f4,SRC060,1,PAIR_BE40E5B3A89A857E31085683,CLASSIFICATION_CONFLICT,271,271,source_section|subject_type,ACCEPT_B,"Convention, applied once to all 465 pairs that differ on source_section and subject_type only (every other field byte-identical). source_section: 'Alternatives Portfolio' is the section heading printed above the table on both pages, so the populated side is right and A's blank is wrong. subject_type: every row label is a named partnership vehicle, so 'fund', not A's 'investment'. Values confirmed against page-001.png and page-002.png.",RESOLVED,B,716b2b3028d4222c5bd8dbe183698cc7ea61e5f7a4d37e799da36d64c0e2dac3
0a83d1ab291be39bace4,SRC060,1,PAIR_A16E4C0A89189B815590A545,CLASSIFICATION_CONFLICT,272,272,source_section|subject_type,MERGE,"Convention, applied once to all 465 pairs that differ on source_section and subject_type only (every other field byte-identical). source_section: 'Alternatives Portfolio' is the section heading printed above the table on both pages, so the populated side is right and A's blank is wrong. subject_type: every row label is a named partnership vehicle, so 'fund', not A's 'investment'. Values confirmed against page-001.png and page-002.png.; Source review: p1: Retirement Fund (The portfolio report distinguishes investor positions from its aggregate rows.) | p1: Retirement Fund (Printed heading or definition supporting the source-reviewed qualifier.) | p1: Retirement Fund (Supersedes SR2323: the printed entity or table label is context, not a measurement basis; source labels retain its scope.)",RESOLVED,A+B+ADJUDICATOR,716b2b3028d4222c5bd8dbe183698cc7ea61e5f7a4d37e799da36d64c0e2dac3
3d572ce11c5f6dc0b272,SRC060,1,PAIR_18FD0C461F490F214C74DD37,CLASSIFICATION_CONFLICT,273,273,source_section|subject_type,MERGE,"Convention, applied once to all 465 pairs that differ on source_section and subject_type only (every other field byte-identical). source_section: 'Alternatives Portfolio' is the section heading printed above the table on both pages, so the populated side is right and A's blank is wrong. subject_type: every row label is a named partnership vehicle, so 'fund', not A's 'investment'. Values confirmed against page-001.png and page-002.png.; Source review: p2: Figures are net of fees. (Footnote 2 applies to the portfolio performance columns.) | p2: Figures are net of fees. (Printed heading or definition supporting the source-reviewed qualifier.)",RESOLVED,A+B+ADJUDICATOR,716b2b3028d4222c5bd8dbe183698cc7ea61e5f7a4d37e799da36d64c0e2dac3
d9d0ff2359ac578868f6,SRC060,1,PAIR_612485A5FDE36FAE8CC21F49,CLASSIFICATION_CONFLICT,274,274,source_section|subject_type,ACCEPT_B,"Convention, applied once to all 465 pairs that differ on source_section and subject_type only (every other field byte-identical). source_section: 'Alternatives Portfolio' is the section heading printed above the table on both pages, so the populated side is right and A's blank is wrong. subject_type: every row label is a named partnership vehicle, so 'fund', not A's 'investment'. Values confirmed against page-001.png and page-002.png.",RESOLVED,B,716b2b3028d4222c5bd8dbe183698cc7ea61e5f7a4d37e799da36d64c0e2dac3
931ef02abfa35e3a0bb6,SRC060,1,PAIR_0AF0C0EB2DC9410C2D9EF66B,CLASSIFICATION_CONFLICT,275,275,source_section|subject_type,ACCEPT_B,"Convention, applied once to all 465 pairs that differ on source_section and subject_type only (every other field byte-identical). source_section: 'Alternatives Portfolio' is the section heading printed above the table on both pages, so the populated side is right and A's blank is wrong. subject_type: every row label is a named partnership vehicle, so 'fund', not A's 'investment'. Values confirmed against page-001.png and page-002.png.",RESOLVED,B,716b2b3028d4222c5bd8dbe183698cc7ea61e5f7a4d37e799da36d64c0e2dac3
a876dd9b268b02e7d364,SRC060,1,PAIR_38EEF2A9F94A849FC96CEEEF,CLASSIFICATION_CONFLICT,276,276,source_section|subject_type,ACCEPT_B,"Convention, applied once to all 465 pairs that differ on source_section and subject_type only (every other field byte-identical). source_section: 'Alternatives Portfolio' is the section heading printed above the table on both pages, so the populated side is right and A's blank is wrong. subject_type: every row label is a named partnership vehicle, so 'fund', not A's 'investment'. Values confirmed against page-001.png and page-002.png.",RESOLVED,B,716b2b3028d4222c5bd8dbe183698cc7ea61e5f7a4d37e799da36d64c0e2dac3
f20f599fb26d81432002,SRC060,1,PAIR_890EB8A0146B7F49304B9D29,CLASSIFICATION_CONFLICT,277,277,source_section|subject_type,ACCEPT_B,"Convention, applied once to all 465 pairs that differ on source_section and subject_type only (every other field byte-identical). source_section: 'Alternatives Portfolio' is the section heading printed above the table on both pages, so the populated side is right and A's blank is wrong. subject_type: every row label is a named partnership vehicle, so 'fund', not A's 'investment'. Values confirmed against page-001.png and page-002.png.",RESOLVED,B,716b2b3028d4222c5bd8dbe183698cc7ea61e5f7a4d37e799da36d64c0e2dac3
0b68e0290dd9c81139a6,SRC060,1,PAIR_716330B9C7237203437B8CC1,CLASSIFICATION_CONFLICT,278,278,source_section|subject_type,MERGE,"Convention, applied once to all 465 pairs that differ on source_section and subject_type only (every other field byte-identical). source_section: 'Alternatives Portfolio' is the section heading printed above the table on both pages, so the populated side is right and A's blank is wrong. subject_type: every row label is a named partnership vehicle, so 'fund', not A's 'investment'. Values confirmed against page-001.png and page-002.png.; Source review: p1: Retirement Fund (The portfolio report distinguishes investor positions from its aggregate rows.) | p1: Retirement Fund (Printed heading or definition supporting the source-reviewed qualifier.) | p1: Retirement Fund (Supersedes SR2325: the printed entity or table label is context, not a measurement basis; source labels retain its scope.)",RESOLVED,A+B+ADJUDICATOR,716b2b3028d4222c5bd8dbe183698cc7ea61e5f7a4d37e799da36d64c0e2dac3
600550b885f10ef0b03c,SRC060,1,PAIR_FB29D4E4037207D3DEBBA13E,CLASSIFICATION_CONFLICT,279,279,source_section|subject_type,MERGE,"Convention, applied once to all 465 pairs that differ on source_section and subject_type only (every other field byte-identical). source_section: 'Alternatives Portfolio' is the section heading printed above the table on both pages, so the populated side is right and A's blank is wrong. subject_type: every row label is a named partnership vehicle, so 'fund', not A's 'investment'. Values confirmed against page-001.png and page-002.png.; Source review: p2: Figures are net of fees. (Footnote 2 applies to the portfolio performance columns.) | p2: Figures are net of fees. (Printed heading or definition supporting the source-reviewed qualifier.)",RESOLVED,A+B+ADJUDICATOR,716b2b3028d4222c5bd8dbe183698cc7ea61e5f7a4d37e799da36d64c0e2dac3
cbe299c95e04d7a42995,SRC060,1,PAIR_8694848E0DD32DC7BA2C085C,CLASSIFICATION_CONFLICT,280,280,source_section|subject_type,ACCEPT_B,"Convention, applied once to all 465 pairs that differ on source_section and subject_type only (every other field byte-identical). source_section: 'Alternatives Portfolio' is the section heading printed above the table on both pages, so the populated side is right and A's blank is wrong. subject_type: every row label is a named partnership vehicle, so 'fund', not A's 'investment'. Values confirmed against page-001.png and page-002.png.",RESOLVED,B,716b2b3028d4222c5bd8dbe183698cc7ea61e5f7a4d37e799da36d64c0e2dac3
69c1a0a4b5edbdb3bf36,SRC060,1,PAIR_0525330129B68ADE6CD970E8,CLASSIFICATION_CONFLICT,281,281,source_section|subject_type,ACCEPT_B,"Convention, applied once to all 465 pairs that differ on source_section and subject_type only (every other field byte-identical). source_section: 'Alternatives Portfolio' is the section heading printed above the table on both pages, so the populated side is right and A's blank is wrong. subject_type: every row label is a named partnership vehicle, so 'fund', not A's 'investment'. Values confirmed against page-001.png and page-002.png.",RESOLVED,B,716b2b3028d4222c5bd8dbe183698cc7ea61e5f7a4d37e799da36d64c0e2dac3
19b5c9870cf76e271f16,SRC060,1,PAIR_A41963F864E93A7438E9F0D1,CLASSIFICATION_CONFLICT,282,282,source_section|subject_type,ACCEPT_B,"Convention, applied once to all 465 pairs that differ on source_section and subject_type only (every other field byte-identical). source_section: 'Alternatives Portfolio' is the section heading printed above the table on both pages, so the populated side is right and A's blank is wrong. subject_type: every row label is a named partnership vehicle, so 'fund', not A's 'investment'. Values confirmed against page-001.png and page-002.png.",RESOLVED,B,716b2b3028d4222c5bd8dbe183698cc7ea61e5f7a4d37e799da36d64c0e2dac3
8747234a25b480c09c9c,SRC060,1,PAIR_39E19A99CB1C537A9D5CE40D,CLASSIFICATION_CONFLICT,283,283,source_section|subject_type,ACCEPT_B,"Convention, applied once to all 465 pairs that differ on source_section and subject_type only (every other field byte-identical). source_section: 'Alternatives Portfolio' is the section heading printed above the table on both pages, so the populated side is right and A's blank is wrong. subject_type: every row label is a named partnership vehicle, so 'fund', not A's 'investment'. Values confirmed against page-001.png and page-002.png.",RESOLVED,B,716b2b3028d4222c5bd8dbe183698cc7ea61e5f7a4d37e799da36d64c0e2dac3
11d5938813bf9f311c98,SRC060,1,PAIR_2296BDC6F3477776DEF184C3,CLASSIFICATION_CONFLICT,284,284,source_section|subject_type,MERGE,"Convention, applied once to all 465 pairs that differ on source_section and subject_type only (every other field byte-identical). source_section: 'Alternatives Portfolio' is the section heading printed above the table on both pages, so the populated side is right and A's blank is wrong. subject_type: every row label is a named partnership vehicle, so 'fund', not A's 'investment'. Values confirmed against page-001.png and page-002.png.; Source review: p1: Retirement Fund (The portfolio report distinguishes investor positions from its aggregate rows.) | p1: Retirement Fund (Printed heading or definition supporting the source-reviewed qualifier.) | p1: Retirement Fund (Supersedes SR2327: the printed entity or table label is context, not a measurement basis; source labels retain its scope.)",RESOLVED,A+B+ADJUDICATOR,716b2b3028d4222c5bd8dbe183698cc7ea61e5f7a4d37e799da36d64c0e2dac3
8fa53330cb4cff433714,SRC060,1,PAIR_48EE03DC910402FF06EC15B1,CLASSIFICATION_CONFLICT,285,285,source_section|subject_type,MERGE,"Convention, applied once to all 465 pairs that differ on source_section and subject_type only (every other field byte-identical). source_section: 'Alternatives Portfolio' is the section heading printed above the table on both pages, so the populated side is right and A's blank is wrong. subject_type: every row label is a named partnership vehicle, so 'fund', not A's 'investment'. Values confirmed against page-001.png and page-002.png.; Source review: p2: Figures are net of fees. (Footnote 2 applies to the portfolio performance columns.) | p2: Figures are net of fees. (Printed heading or definition supporting the source-reviewed qualifier.)",RESOLVED,A+B+ADJUDICATOR,716b2b3028d4222c5bd8dbe183698cc7ea61e5f7a4d37e799da36d64c0e2dac3
c6a1aa4b1fd955039517,SRC060,1,PAIR_1EE73E1917CF3346050CB42A,CLASSIFICATION_CONFLICT,286,286,source_section|subject_type,ACCEPT_B,"Convention, applied once to all 465 pairs that differ on source_section and subject_type only (every other field byte-identical). source_section: 'Alternatives Portfolio' is the section heading printed above the table on both pages, so the populated side is right and A's blank is wrong. subject_type: every row label is a named partnership vehicle, so 'fund', not A's 'investment'. Values confirmed against page-001.png and page-002.png.",RESOLVED,B,716b2b3028d4222c5bd8dbe183698cc7ea61e5f7a4d37e799da36d64c0e2dac3
f3849d6c92c5b355038b,SRC060,1,PAIR_97A4B5FA49CFD9E249FF9446,CLASSIFICATION_CONFLICT,287,287,source_section|subject_type,ACCEPT_B,"Convention, applied once to all 465 pairs that differ on source_section and subject_type only (every other field byte-identical). source_section: 'Alternatives Portfolio' is the section heading printed above the table on both pages, so the populated side is right and A's blank is wrong. subject_type: every row label is a named partnership vehicle, so 'fund', not A's 'investment'. Values confirmed against page-001.png and page-002.png.",RESOLVED,B,716b2b3028d4222c5bd8dbe183698cc7ea61e5f7a4d37e799da36d64c0e2dac3
c142382fcd55971e09b0,SRC060,1,PAIR_1CB0F543796A2A24BD8FED24,CLASSIFICATION_CONFLICT,288,288,source_section|subject_type,ACCEPT_B,"Convention, applied once to all 465 pairs that differ on source_section and subject_type only (every other field byte-identical). source_section: 'Alternatives Portfolio' is the section heading printed above the table on both pages, so the populated side is right and A's blank is wrong. subject_type: every row label is a named partnership vehicle, so 'fund', not A's 'investment'. Values confirmed against page-001.png and page-002.png.",RESOLVED,B,716b2b3028d4222c5bd8dbe183698cc7ea61e5f7a4d37e799da36d64c0e2dac3
043d8f5a52458e3b3922,SRC060,1,PAIR_EB7EA8BF9AECE8979F2CD190,CLASSIFICATION_CONFLICT,289,289,source_section|subject_type,ACCEPT_B,"Convention, applied once to all 465 pairs that differ on source_section and subject_type only (every other field byte-identical). source_section: 'Alternatives Portfolio' is the section heading printed above the table on both pages, so the populated side is right and A's blank is wrong. subject_type: every row label is a named partnership vehicle, so 'fund', not A's 'investment'. Values confirmed against page-001.png and page-002.png.",RESOLVED,B,716b2b3028d4222c5bd8dbe183698cc7ea61e5f7a4d37e799da36d64c0e2dac3
03f3ea30bb34947ab3ba,SRC060,1,PAIR_A35D6F758762E9C68CE4F3C1,CLASSIFICATION_CONFLICT,290,290,source_section|subject_type,MERGE,"Convention, applied once to all 465 pairs that differ on source_section and subject_type only (every other field byte-identical). source_section: 'Alternatives Portfolio' is the section heading printed above the table on both pages, so the populated side is right and A's blank is wrong. subject_type: every row label is a named partnership vehicle, so 'fund', not A's 'investment'. Values confirmed against page-001.png and page-002.png.; Source review: p1: Retirement Fund (The portfolio report distinguishes investor positions from its aggregate rows.) | p1: Retirement Fund (Printed heading or definition supporting the source-reviewed qualifier.) | p1: Retirement Fund (Supersedes SR2329: the printed entity or table label is context, not a measurement basis; source labels retain its scope.)",RESOLVED,A+B+ADJUDICATOR,716b2b3028d4222c5bd8dbe183698cc7ea61e5f7a4d37e799da36d64c0e2dac3
b2a8ec9e71beaaa03004,SRC060,1,PAIR_6D4DE34AEB1FADD8D60AB01F,CLASSIFICATION_CONFLICT,291,291,source_section|subject_type,ACCEPT_B,"Convention, applied once to all 465 pairs that differ on source_section and subject_type only (every other field byte-identical). source_section: 'Alternatives Portfolio' is the section heading printed above the table on both pages, so the populated side is right and A's blank is wrong. subject_type: every row label is a named partnership vehicle, so 'fund', not A's 'investment'. Values confirmed against page-001.png and page-002.png.",RESOLVED,B,716b2b3028d4222c5bd8dbe183698cc7ea61e5f7a4d37e799da36d64c0e2dac3
594a61098c4f06e2b10b,SRC060,1,PAIR_0136E7B768D7D26529B386F1,CLASSIFICATION_CONFLICT,292,292,source_section|subject_type,ACCEPT_B,"Convention, applied once to all 465 pairs that differ on source_section and subject_type only (every other field byte-identical). source_section: 'Alternatives Portfolio' is the section heading printed above the table on both pages, so the populated side is right and A's blank is wrong. subject_type: every row label is a named partnership vehicle, so 'fund', not A's 'investment'. Values confirmed against page-001.png and page-002.png.",RESOLVED,B,716b2b3028d4222c5bd8dbe183698cc7ea61e5f7a4d37e799da36d64c0e2dac3
e610ada73940f975d523,SRC060,1,PAIR_B180EBA92BEAF17502442ECD,CLASSIFICATION_CONFLICT,293,293,source_section|subject_type,ACCEPT_B,"Convention, applied once to all 465 pairs that differ on source_section and subject_type only (every other field byte-identical). source_section: 'Alternatives Portfolio' is the section heading printed above the table on both pages, so the populated side is right and A's blank is wrong. subject_type: every row label is a named partnership vehicle, so 'fund', not A's 'investment'. Values confirmed against page-001.png and page-002.png.",RESOLVED,B,716b2b3028d4222c5bd8dbe183698cc7ea61e5f7a4d37e799da36d64c0e2dac3
410add4f3b687fe02994,SRC060,1,PAIR_1AA3B0C666A1AC0B24508F32,CLASSIFICATION_CONFLICT,294,294,source_section|subject_type,ACCEPT_B,"Convention, applied once to all 465 pairs that differ on source_section and subject_type only (every other field byte-identical). source_section: 'Alternatives Portfolio' is the section heading printed above the table on both pages, so the populated side is right and A's blank is wrong. subject_type: every row label is a named partnership vehicle, so 'fund', not A's 'investment'. Values confirmed against page-001.png and page-002.png.",RESOLVED,B,716b2b3028d4222c5bd8dbe183698cc7ea61e5f7a4d37e799da36d64c0e2dac3
6f8b36357b94d3743c57,SRC060,1,PAIR_595583F7042C1A2B27595526,CLASSIFICATION_CONFLICT,295,295,source_section|subject_type,MERGE,"Convention, applied once to all 465 pairs that differ on source_section and subject_type only (every other field byte-identical). source_section: 'Alternatives Portfolio' is the section heading printed above the table on both pages, so the populated side is right and A's blank is wrong. subject_type: every row label is a named partnership vehicle, so 'fund', not A's 'investment'. Values confirmed against page-001.png and page-002.png.; Source review: p1: Retirement Fund (The portfolio report distinguishes investor positions from its aggregate rows.) | p1: Retirement Fund (Printed heading or definition supporting the source-reviewed qualifier.) | p1: Retirement Fund (Supersedes SR2330: the printed entity or table label is context, not a measurement basis; source labels retain its scope.)",RESOLVED,A+B+ADJUDICATOR,716b2b3028d4222c5bd8dbe183698cc7ea61e5f7a4d37e799da36d64c0e2dac3
51f0710a8b6c95a71de0,SRC060,1,PAIR_B32679D684806CB11E7CB942,CLASSIFICATION_CONFLICT,296,296,source_section|subject_type,ACCEPT_B,"Convention, applied once to all 465 pairs that differ on source_section and subject_type only (every other field byte-identical). source_section: 'Alternatives Portfolio' is the section heading printed above the table on both pages, so the populated side is right and A's blank is wrong. subject_type: every row label is a named partnership vehicle, so 'fund', not A's 'investment'. Values confirmed against page-001.png and page-002.png.",RESOLVED,B,716b2b3028d4222c5bd8dbe183698cc7ea61e5f7a4d37e799da36d64c0e2dac3
5d0a0556cf006589d5cd,SRC060,1,PAIR_6CE2C941CB15903199D261D3,CLASSIFICATION_CONFLICT,297,297,source_section|subject_type,ACCEPT_B,"Convention, applied once to all 465 pairs that differ on source_section and subject_type only (every other field byte-identical). source_section: 'Alternatives Portfolio' is the section heading printed above the table on both pages, so the populated side is right and A's blank is wrong. subject_type: every row label is a named partnership vehicle, so 'fund', not A's 'investment'. Values confirmed against page-001.png and page-002.png.",RESOLVED,B,716b2b3028d4222c5bd8dbe183698cc7ea61e5f7a4d37e799da36d64c0e2dac3
923f4a4e27a4f8ea9756,SRC060,1,PAIR_D895D16522EDBF8E2003A388,CLASSIFICATION_CONFLICT,298,298,source_section|subject_type,ACCEPT_B,"Convention, applied once to all 465 pairs that differ on source_section and subject_type only (every other field byte-identical). source_section: 'Alternatives Portfolio' is the section heading printed above the table on both pages, so the populated side is right and A's blank is wrong. subject_type: every row label is a named partnership vehicle, so 'fund', not A's 'investment'. Values confirmed against page-001.png and page-002.png.",RESOLVED,B,716b2b3028d4222c5bd8dbe183698cc7ea61e5f7a4d37e799da36d64c0e2dac3
e5c43e2992f8f66fd3c8,SRC060,2,PAIR_305925CFAC87CC9255DA95C2,CLASSIFICATION_CONFLICT,299,299,source_section|subject_type,ACCEPT_B,"Convention, applied once to all 465 pairs that differ on source_section and subject_type only (every other field byte-identical). source_section: 'Alternatives Portfolio' is the section heading printed above the table on both pages, so the populated side is right and A's blank is wrong. subject_type: every row label is a named partnership vehicle, so 'fund', not A's 'investment'. Values confirmed against page-001.png and page-002.png.",RESOLVED,B,716b2b3028d4222c5bd8dbe183698cc7ea61e5f7a4d37e799da36d64c0e2dac3
0059be7a3a08e1996aa8,SRC060,2,PAIR_7284C5DBBA6A504F9D9ADC54,CLASSIFICATION_CONFLICT,300,300,source_section|subject_type,MERGE,"Convention, applied once to all 465 pairs that differ on source_section and subject_type only (every other field byte-identical). source_section: 'Alternatives Portfolio' is the section heading printed above the table on both pages, so the populated side is right and A's blank is wrong. subject_type: every row label is a named partnership vehicle, so 'fund', not A's 'investment'. Values confirmed against page-001.png and page-002.png.; Source review: p2: Retirement Fund (The portfolio report distinguishes investor positions from its aggregate rows.) | p2: Retirement Fund (Printed heading or definition supporting the source-reviewed qualifier.) | p2: Retirement Fund (Supersedes SR2331: the printed entity or table label is context, not a measurement basis; source labels retain its scope.)",RESOLVED,A+B+ADJUDICATOR,716b2b3028d4222c5bd8dbe183698cc7ea61e5f7a4d37e799da36d64c0e2dac3
03b3ebb040afeee58b1f,SRC060,2,PAIR_851021D6A81967BABE7EAD28,CLASSIFICATION_CONFLICT,301,301,source_section|subject_type,ACCEPT_B,"Convention, applied once to all 465 pairs that differ on source_section and subject_type only (every other field byte-identical). source_section: 'Alternatives Portfolio' is the section heading printed above the table on both pages, so the populated side is right and A's blank is wrong. subject_type: every row label is a named partnership vehicle, so 'fund', not A's 'investment'. Values confirmed against page-001.png and page-002.png.",RESOLVED,B,716b2b3028d4222c5bd8dbe183698cc7ea61e5f7a4d37e799da36d64c0e2dac3
0dddbf707468ef4fbaca,SRC060,2,PAIR_0AB4EB6FE568C6ECC8C99B11,CLASSIFICATION_CONFLICT,302,302,source_section|subject_type,ACCEPT_B,"Convention, applied once to all 465 pairs that differ on source_section and subject_type only (every other field byte-identical). source_section: 'Alternatives Portfolio' is the section heading printed above the table on both pages, so the populated side is right and A's blank is wrong. subject_type: every row label is a named partnership vehicle, so 'fund', not A's 'investment'. Values confirmed against page-001.png and page-002.png.",RESOLVED,B,716b2b3028d4222c5bd8dbe183698cc7ea61e5f7a4d37e799da36d64c0e2dac3
cd24b011e0f847e1c79c,SRC060,2,PAIR_375FF82946182CDBDB8D0C50,CLASSIFICATION_CONFLICT,303,303,source_section|subject_type,ACCEPT_B,"Convention, applied once to all 465 pairs that differ on source_section and subject_type only (every other field byte-identical). source_section: 'Alternatives Portfolio' is the section heading printed above the table on both pages, so the populated side is right and A's blank is wrong. subject_type: every row label is a named partnership vehicle, so 'fund', not A's 'investment'. Values confirmed against page-001.png and page-002.png.",RESOLVED,B,716b2b3028d4222c5bd8dbe183698cc7ea61e5f7a4d37e799da36d64c0e2dac3
6a00aefb445a6cbcbe55,SRC060,2,PAIR_E34C60056FF0FCCE3EF40A68,CLASSIFICATION_CONFLICT,304,304,source_section|subject_type,ACCEPT_B,"Convention, applied once to all 465 pairs that differ on source_section and subject_type only (every other field byte-identical). source_section: 'Alternatives Portfolio' is the section heading printed above the table on both pages, so the populated side is right and A's blank is wrong. subject_type: every row label is a named partnership vehicle, so 'fund', not A's 'investment'. Values confirmed against page-001.png and page-002.png.",RESOLVED,B,716b2b3028d4222c5bd8dbe183698cc7ea61e5f7a4d37e799da36d64c0e2dac3
3fe2aa1524bd892f55cf,SRC060,2,PAIR_B5DCC639CB05286D5E079639,CLASSIFICATION_CONFLICT,305,305,source_section|subject_type,MERGE,"Convention, applied once to all 465 pairs that differ on source_section and subject_type only (every other field byte-identical). source_section: 'Alternatives Portfolio' is the section heading printed above the table on both pages, so the populated side is right and A's blank is wrong. subject_type: every row label is a named partnership vehicle, so 'fund', not A's 'investment'. Values confirmed against page-001.png and page-002.png.; Source review: p2: Retirement Fund (The portfolio report distinguishes investor positions from its aggregate rows.) | p2: Retirement Fund (Printed heading or definition supporting the source-reviewed qualifier.) | p2: Retirement Fund (Supersedes SR2332: the printed entity or table label is context, not a measurement basis; source labels retain its scope.)",RESOLVED,A+B+ADJUDICATOR,716b2b3028d4222c5bd8dbe183698cc7ea61e5f7a4d37e799da36d64c0e2dac3
b3e7233b403f7370d2a6,SRC060,2,PAIR_944D81DE80BC3B0673B3693D,CLASSIFICATION_CONFLICT,306,306,source_section|subject_type,ACCEPT_B,"Convention, applied once to all 465 pairs that differ on source_section and subject_type only (every other field byte-identical). source_section: 'Alternatives Portfolio' is the section heading printed above the table on both pages, so the populated side is right and A's blank is wrong. subject_type: every row label is a named partnership vehicle, so 'fund', not A's 'investment'. Values confirmed against page-001.png and page-002.png.",RESOLVED,B,716b2b3028d4222c5bd8dbe183698cc7ea61e5f7a4d37e799da36d64c0e2dac3
b070069f0d32b919de63,SRC060,2,PAIR_4DCB92C68C693BE4F01590AE,CLASSIFICATION_CONFLICT,307,307,source_section|subject_type,ACCEPT_B,"Convention, applied once to all 465 pairs that differ on source_section and subject_type only (every other field byte-identical). source_section: 'Alternatives Portfolio' is the section heading printed above the table on both pages, so the populated side is right and A's blank is wrong. subject_type: every row label is a named partnership vehicle, so 'fund', not A's 'investment'. Values confirmed against page-001.png and page-002.png.",RESOLVED,B,716b2b3028d4222c5bd8dbe183698cc7ea61e5f7a4d37e799da36d64c0e2dac3
efedb0093a7842d3eaa5,SRC060,2,PAIR_A804C87818C0DC4B4C05A1FE,CLASSIFICATION_CONFLICT,308,308,source_section|subject_type,ACCEPT_B,"Convention, applied once to all 465 pairs that differ on source_section and subject_type only (every other field byte-identical). source_section: 'Alternatives Portfolio' is the section heading printed above the table on both pages, so the populated side is right and A's blank is wrong. subject_type: every row label is a named partnership vehicle, so 'fund', not A's 'investment'. Values confirmed against page-001.png and page-002.png.",RESOLVED,B,716b2b3028d4222c5bd8dbe183698cc7ea61e5f7a4d37e799da36d64c0e2dac3
466ac95df6b2a375b779,SRC060,2,PAIR_9CCD353EA28ECD3E0E71D92E,CLASSIFICATION_CONFLICT,309,309,source_section|subject_type,ACCEPT_B,"Convention, applied once to all 465 pairs that differ on source_section and subject_type only (every other field byte-identical). source_section: 'Alternatives Portfolio' is the section heading printed above the table on both pages, so the populated side is right and A's blank is wrong. subject_type: every row label is a named partnership vehicle, so 'fund', not A's 'investment'. Values confirmed against page-001.png and page-002.png.",RESOLVED,B,716b2b3028d4222c5bd8dbe183698cc7ea61e5f7a4d37e799da36d64c0e2dac3
02eaa41eee98a93482f9,SRC060,2,PAIR_1D5F5E8BF5AF5F681E9D7E60,CLASSIFICATION_CONFLICT,310,310,source_section|subject_type,MERGE,"Convention, applied once to all 465 pairs that differ on source_section and subject_type only (every other field byte-identical). source_section: 'Alternatives Portfolio' is the section heading printed above the table on both pages, so the populated side is right and A's blank is wrong. subject_type: every row label is a named partnership vehicle, so 'fund', not A's 'investment'. Values confirmed against page-001.png and page-002.png.; Source review: p2: Retirement Fund (The portfolio report distinguishes investor positions from its aggregate rows.) | p2: Retirement Fund (Printed heading or definition supporting the source-reviewed qualifier.) | p2: Retirement Fund (Supersedes SR2333: the printed entity or table label is context, not a measurement basis; source labels retain its scope.)",RESOLVED,A+B+ADJUDICATOR,716b2b3028d4222c5bd8dbe183698cc7ea61e5f7a4d37e799da36d64c0e2dac3
ab91cc6e5b24dc162750,SRC060,2,PAIR_ED63220AE5952EBBFB29D118,CLASSIFICATION_CONFLICT,311,311,source_section|subject_type,MERGE,"Convention, applied once to all 465 pairs that differ on source_section and subject_type only (every other field byte-identical). source_section: 'Alternatives Portfolio' is the section heading printed above the table on both pages, so the populated side is right and A's blank is wrong. subject_type: every row label is a named partnership vehicle, so 'fund', not A's 'investment'. Values confirmed against page-001.png and page-002.png.; Source review: p2: Figures are net of fees. (Footnote 2 applies to the portfolio performance columns.) | p2: Figures are net of fees. (Printed heading or definition supporting the source-reviewed qualifier.)",RESOLVED,A+B+ADJUDICATOR,716b2b3028d4222c5bd8dbe183698cc7ea61e5f7a4d37e799da36d64c0e2dac3
6de44d6f5289cbf85a76,SRC060,2,PAIR_4021E345A98B44852D512573,CLASSIFICATION_CONFLICT,312,312,source_section|subject_type,ACCEPT_B,"Convention, applied once to all 465 pairs that differ on source_section and subject_type only (every other field byte-identical). source_section: 'Alternatives Portfolio' is the section heading printed above the table on both pages, so the populated side is right and A's blank is wrong. subject_type: every row label is a named partnership vehicle, so 'fund', not A's 'investment'. Values confirmed against page-001.png and page-002.png.",RESOLVED,B,716b2b3028d4222c5bd8dbe183698cc7ea61e5f7a4d37e799da36d64c0e2dac3
0ccb6cc2c71cf82d60c0,SRC060,2,PAIR_D57D2AB71EEBD7F8570927F8,CLASSIFICATION_CONFLICT,313,313,source_section|subject_type,ACCEPT_B,"Convention, applied once to all 465 pairs that differ on source_section and subject_type only (every other field byte-identical). source_section: 'Alternatives Portfolio' is the section heading printed above the table on both pages, so the populated side is right and A's blank is wrong. subject_type: every row label is a named partnership vehicle, so 'fund', not A's 'investment'. Values confirmed against page-001.png and page-002.png.",RESOLVED,B,716b2b3028d4222c5bd8dbe183698cc7ea61e5f7a4d37e799da36d64c0e2dac3
ab3d23787305a5e2c696,SRC060,2,PAIR_188778B1CE3A6DB9A4B05B3C,CLASSIFICATION_CONFLICT,314,314,source_section|subject_type,ACCEPT_B,"Convention, applied once to all 465 pairs that differ on source_section and subject_type only (every other field byte-identical). source_section: 'Alternatives Portfolio' is the section heading printed above the table on both pages, so the populated side is right and A's blank is wrong. subject_type: every row label is a named partnership vehicle, so 'fund', not A's 'investment'. Values confirmed against page-001.png and page-002.png.",RESOLVED,B,716b2b3028d4222c5bd8dbe183698cc7ea61e5f7a4d37e799da36d64c0e2dac3
e6801960b82fe439b6fd,SRC060,2,PAIR_4D9F53D0FE97581163D7EA8D,CLASSIFICATION_CONFLICT,315,315,source_section|subject_type,ACCEPT_B,"Convention, applied once to all 465 pairs that differ on source_section and subject_type only (every other field byte-identical). source_section: 'Alternatives Portfolio' is the section heading printed above the table on both pages, so the populated side is right and A's blank is wrong. subject_type: every row label is a named partnership vehicle, so 'fund', not A's 'investment'. Values confirmed against page-001.png and page-002.png.",RESOLVED,B,716b2b3028d4222c5bd8dbe183698cc7ea61e5f7a4d37e799da36d64c0e2dac3
72dbe3c8355c77b78a5d,SRC060,2,PAIR_19FA61C4AE61AF56D1E5E98C,CLASSIFICATION_CONFLICT,316,316,source_section|subject_type,MERGE,"Convention, applied once to all 465 pairs that differ on source_section and subject_type only (every other field byte-identical). source_section: 'Alternatives Portfolio' is the section heading printed above the table on both pages, so the populated side is right and A's blank is wrong. subject_type: every row label is a named partnership vehicle, so 'fund', not A's 'investment'. Values confirmed against page-001.png and page-002.png.; Source review: p2: Retirement Fund (The portfolio report distinguishes investor positions from its aggregate rows.) | p2: Retirement Fund (Printed heading or definition supporting the source-reviewed qualifier.) | p2: Retirement Fund (Supersedes SR2335: the printed entity or table label is context, not a measurement basis; source labels retain its scope.)",RESOLVED,A+B+ADJUDICATOR,716b2b3028d4222c5bd8dbe183698cc7ea61e5f7a4d37e799da36d64c0e2dac3
a4cb5637f2a143292a3c,SRC060,2,PAIR_FA43C03A81CC2B4615F54F12,CLASSIFICATION_CONFLICT,317,317,source_section|subject_type,MERGE,"Convention, applied once to all 465 pairs that differ on source_section and subject_type only (every other field byte-identical). source_section: 'Alternatives Portfolio' is the section heading printed above the table on both pages, so the populated side is right and A's blank is wrong. subject_type: every row label is a named partnership vehicle, so 'fund', not A's 'investment'. Values confirmed against page-001.png and page-002.png.; Source review: p2: Figures are net of fees. (Footnote 2 applies to the portfolio performance columns.) | p2: Figures are net of fees. (Printed heading or definition supporting the source-reviewed qualifier.)",RESOLVED,A+B+ADJUDICATOR,716b2b3028d4222c5bd8dbe183698cc7ea61e5f7a4d37e799da36d64c0e2dac3
8a64cbbab8b6f44079a4,SRC060,2,PAIR_BBD60882429E0CB7C15D33F8,CLASSIFICATION_CONFLICT,318,318,source_section|subject_type,ACCEPT_B,"Convention, applied once to all 465 pairs that differ on source_section and subject_type only (every other field byte-identical). source_section: 'Alternatives Portfolio' is the section heading printed above the table on both pages, so the populated side is right and A's blank is wrong. subject_type: every row label is a named partnership vehicle, so 'fund', not A's 'investment'. Values confirmed against page-001.png and page-002.png.",RESOLVED,B,716b2b3028d4222c5bd8dbe183698cc7ea61e5f7a4d37e799da36d64c0e2dac3
33ffa8dfab0066a6404c,SRC060,2,PAIR_A51B4BD2F362F321A6EC5B9B,CLASSIFICATION_CONFLICT,319,319,source_section|subject_type,ACCEPT_B,"Convention, applied once to all 465 pairs that differ on source_section and subject_type only (every other field byte-identical). source_section: 'Alternatives Portfolio' is the section heading printed above the table on both pages, so the populated side is right and A's blank is wrong. subject_type: every row label is a named partnership vehicle, so 'fund', not A's 'investment'. Values confirmed against page-001.png and page-002.png.",RESOLVED,B,716b2b3028d4222c5bd8dbe183698cc7ea61e5f7a4d37e799da36d64c0e2dac3
3c6a7ff12d9c3c2e3dd7,SRC060,2,PAIR_9FD9C394C93558E224D8C668,CLASSIFICATION_CONFLICT,320,320,source_section|subject_type,ACCEPT_B,"Convention, applied once to all 465 pairs that differ on source_section and subject_type only (every other field byte-identical). source_section: 'Alternatives Portfolio' is the section heading printed above the table on both pages, so the populated side is right and A's blank is wrong. subject_type: every row label is a named partnership vehicle, so 'fund', not A's 'investment'. Values confirmed against page-001.png and page-002.png.",RESOLVED,B,716b2b3028d4222c5bd8dbe183698cc7ea61e5f7a4d37e799da36d64c0e2dac3
5e750c0b4ed2e02c1890,SRC060,2,PAIR_1C05930355F8F3C367B4DCEA,CLASSIFICATION_CONFLICT,321,321,source_section|subject_type,ACCEPT_B,"Convention, applied once to all 465 pairs that differ on source_section and subject_type only (every other field byte-identical). source_section: 'Alternatives Portfolio' is the section heading printed above the table on both pages, so the populated side is right and A's blank is wrong. subject_type: every row label is a named partnership vehicle, so 'fund', not A's 'investment'. Values confirmed against page-001.png and page-002.png.",RESOLVED,B,716b2b3028d4222c5bd8dbe183698cc7ea61e5f7a4d37e799da36d64c0e2dac3
6adde50e50ac5d9e4572,SRC060,2,PAIR_B54E3BF37DE69CC6E2421159,CLASSIFICATION_CONFLICT,322,322,source_section|subject_type,MERGE,"Convention, applied once to all 465 pairs that differ on source_section and subject_type only (every other field byte-identical). source_section: 'Alternatives Portfolio' is the section heading printed above the table on both pages, so the populated side is right and A's blank is wrong. subject_type: every row label is a named partnership vehicle, so 'fund', not A's 'investment'. Values confirmed against page-001.png and page-002.png.; Source review: p2: Retirement Fund (The portfolio report distinguishes investor positions from its aggregate rows.) | p2: Retirement Fund (Printed heading or definition supporting the source-reviewed qualifier.) | p2: Retirement Fund (Supersedes SR2337: the printed entity or table label is context, not a measurement basis; source labels retain its scope.)",RESOLVED,A+B+ADJUDICATOR,716b2b3028d4222c5bd8dbe183698cc7ea61e5f7a4d37e799da36d64c0e2dac3
4734bb27db85ab2c6b58,SRC060,2,PAIR_6F94E1EB7C71CD328B05872B,CLASSIFICATION_CONFLICT,323,323,source_section|subject_type,ACCEPT_B,"Convention, applied once to all 465 pairs that differ on source_section and subject_type only (every other field byte-identical). source_section: 'Alternatives Portfolio' is the section heading printed above the table on both pages, so the populated side is right and A's blank is wrong. subject_type: every row label is a named partnership vehicle, so 'fund', not A's 'investment'. Values confirmed against page-001.png and page-002.png.",RESOLVED,B,716b2b3028d4222c5bd8dbe183698cc7ea61e5f7a4d37e799da36d64c0e2dac3
2bf8e6b79f71233b3102,SRC060,2,PAIR_378CA2250B975EC2AD218758,CLASSIFICATION_CONFLICT,324,324,source_section|subject_type,ACCEPT_B,"Convention, applied once to all 465 pairs that differ on source_section and subject_type only (every other field byte-identical). source_section: 'Alternatives Portfolio' is the section heading printed above the table on both pages, so the populated side is right and A's blank is wrong. subject_type: every row label is a named partnership vehicle, so 'fund', not A's 'investment'. Values confirmed against page-001.png and page-002.png.",RESOLVED,B,716b2b3028d4222c5bd8dbe183698cc7ea61e5f7a4d37e799da36d64c0e2dac3
43b5fd28996101efa84e,SRC060,2,PAIR_F841E81CCE25963D52A6808A,CLASSIFICATION_CONFLICT,325,325,source_section|subject_type,ACCEPT_B,"Convention, applied once to all 465 pairs that differ on source_section and subject_type only (every other field byte-identical). source_section: 'Alternatives Portfolio' is the section heading printed above the table on both pages, so the populated side is right and A's blank is wrong. subject_type: every row label is a named partnership vehicle, so 'fund', not A's 'investment'. Values confirmed against page-001.png and page-002.png.",RESOLVED,B,716b2b3028d4222c5bd8dbe183698cc7ea61e5f7a4d37e799da36d64c0e2dac3
6ade13deb9202082303f,SRC060,2,PAIR_D48783A7A287A0A033A73A8D,CLASSIFICATION_CONFLICT,326,326,source_section|subject_type,ACCEPT_B,"Convention, applied once to all 465 pairs that differ on source_section and subject_type only (every other field byte-identical). source_section: 'Alternatives Portfolio' is the section heading printed above the table on both pages, so the populated side is right and A's blank is wrong. subject_type: every row label is a named partnership vehicle, so 'fund', not A's 'investment'. Values confirmed against page-001.png and page-002.png.",RESOLVED,B,716b2b3028d4222c5bd8dbe183698cc7ea61e5f7a4d37e799da36d64c0e2dac3
cb4369662a037d3693f0,SRC060,2,PAIR_A4D9DAC099792C88E4D0409C,CLASSIFICATION_CONFLICT,327,327,source_section|subject_type,MERGE,"Convention, applied once to all 465 pairs that differ on source_section and subject_type only (every other field byte-identical). source_section: 'Alternatives Portfolio' is the section heading printed above the table on both pages, so the populated side is right and A's blank is wrong. subject_type: every row label is a named partnership vehicle, so 'fund', not A's 'investment'. Values confirmed against page-001.png and page-002.png.; Source review: p2: Retirement Fund (The portfolio report distinguishes investor positions from its aggregate rows.) | p2: Retirement Fund (Printed heading or definition supporting the source-reviewed qualifier.) | p2: Retirement Fund (Supersedes SR2338: the printed entity or table label is context, not a measurement basis; source labels retain its scope.)",RESOLVED,A+B+ADJUDICATOR,716b2b3028d4222c5bd8dbe183698cc7ea61e5f7a4d37e799da36d64c0e2dac3
65b77d5b35ef5dc1a43e,SRC060,2,PAIR_627FF71C40B852CF71A38FC2,CLASSIFICATION_CONFLICT,328,328,source_section|subject_type,ACCEPT_B,"Convention, applied once to all 465 pairs that differ on source_section and subject_type only (every other field byte-identical). source_section: 'Alternatives Portfolio' is the section heading printed above the table on both pages, so the populated side is right and A's blank is wrong. subject_type: every row label is a named partnership vehicle, so 'fund', not A's 'investment'. Values confirmed against page-001.png and page-002.png.",RESOLVED,B,716b2b3028d4222c5bd8dbe183698cc7ea61e5f7a4d37e799da36d64c0e2dac3
ae83f42b1dcc8db2bfba,SRC060,2,PAIR_EAE64D1CC8ADA6DE1CE56DBC,CLASSIFICATION_CONFLICT,329,329,source_section|subject_type,ACCEPT_B,"Convention, applied once to all 465 pairs that differ on source_section and subject_type only (every other field byte-identical). source_section: 'Alternatives Portfolio' is the section heading printed above the table on both pages, so the populated side is right and A's blank is wrong. subject_type: every row label is a named partnership vehicle, so 'fund', not A's 'investment'. Values confirmed against page-001.png and page-002.png.",RESOLVED,B,716b2b3028d4222c5bd8dbe183698cc7ea61e5f7a4d37e799da36d64c0e2dac3
a80cd937ac2438c203c5,SRC060,2,PAIR_70FAA4F57439FB162E890CB0,CLASSIFICATION_CONFLICT,330,330,source_section|subject_type,ACCEPT_B,"Convention, applied once to all 465 pairs that differ on source_section and subject_type only (every other field byte-identical). source_section: 'Alternatives Portfolio' is the section heading printed above the table on both pages, so the populated side is right and A's blank is wrong. subject_type: every row label is a named partnership vehicle, so 'fund', not A's 'investment'. Values confirmed against page-001.png and page-002.png.",RESOLVED,B,716b2b3028d4222c5bd8dbe183698cc7ea61e5f7a4d37e799da36d64c0e2dac3
f2245beb56743bafbd2e,SRC060,2,PAIR_37BEA4F172436CFF0193D466,CLASSIFICATION_CONFLICT,331,331,source_section|subject_type,ACCEPT_B,"Convention, applied once to all 465 pairs that differ on source_section and subject_type only (every other field byte-identical). source_section: 'Alternatives Portfolio' is the section heading printed above the table on both pages, so the populated side is right and A's blank is wrong. subject_type: every row label is a named partnership vehicle, so 'fund', not A's 'investment'. Values confirmed against page-001.png and page-002.png.",RESOLVED,B,716b2b3028d4222c5bd8dbe183698cc7ea61e5f7a4d37e799da36d64c0e2dac3
061b281a819154e7b3d6,SRC060,2,PAIR_535BC2073A93DDB1312F9A0B,CLASSIFICATION_CONFLICT,332,332,source_section|subject_type,MERGE,"Convention, applied once to all 465 pairs that differ on source_section and subject_type only (every other field byte-identical). source_section: 'Alternatives Portfolio' is the section heading printed above the table on both pages, so the populated side is right and A's blank is wrong. subject_type: every row label is a named partnership vehicle, so 'fund', not A's 'investment'. Values confirmed against page-001.png and page-002.png.; Source review: p2: Retirement Fund (The portfolio report distinguishes investor positions from its aggregate rows.) | p2: Retirement Fund (Printed heading or definition supporting the source-reviewed qualifier.) | p2: Retirement Fund (Supersedes SR2339: the printed entity or table label is context, not a measurement basis; source labels retain its scope.)",RESOLVED,A+B+ADJUDICATOR,716b2b3028d4222c5bd8dbe183698cc7ea61e5f7a4d37e799da36d64c0e2dac3
fe8c9e562341a9431081,SRC060,2,PAIR_B6A93B67787B7381390E6DFA,CLASSIFICATION_CONFLICT,333,333,source_section|subject_type,MERGE,"Convention, applied once to all 465 pairs that differ on source_section and subject_type only (every other field byte-identical). source_section: 'Alternatives Portfolio' is the section heading printed above the table on both pages, so the populated side is right and A's blank is wrong. subject_type: every row label is a named partnership vehicle, so 'fund', not A's 'investment'. Values confirmed against page-001.png and page-002.png.; Source review: p2: Figures are net of fees. (Footnote 2 applies to the portfolio performance columns.) | p2: Figures are net of fees. (Printed heading or definition supporting the source-reviewed qualifier.)",RESOLVED,A+B+ADJUDICATOR,716b2b3028d4222c5bd8dbe183698cc7ea61e5f7a4d37e799da36d64c0e2dac3
5d4ba489efb6ddd968a3,SRC060,2,PAIR_532A49F6D79BE4DEAFCE6901,CLASSIFICATION_CONFLICT,334,334,source_section|subject_type,ACCEPT_B,"Convention, applied once to all 465 pairs that differ on source_section and subject_type only (every other field byte-identical). source_section: 'Alternatives Portfolio' is the section heading printed above the table on both pages, so the populated side is right and A's blank is wrong. subject_type: every row label is a named partnership vehicle, so 'fund', not A's 'investment'. Values confirmed against page-001.png and page-002.png.",RESOLVED,B,716b2b3028d4222c5bd8dbe183698cc7ea61e5f7a4d37e799da36d64c0e2dac3
6dee1c2d13aaf7914346,SRC060,2,PAIR_D840F057610C7F544E7F2271,CLASSIFICATION_CONFLICT,335,335,source_section|subject_type,ACCEPT_B,"Convention, applied once to all 465 pairs that differ on source_section and subject_type only (every other field byte-identical). source_section: 'Alternatives Portfolio' is the section heading printed above the table on both pages, so the populated side is right and A's blank is wrong. subject_type: every row label is a named partnership vehicle, so 'fund', not A's 'investment'. Values confirmed against page-001.png and page-002.png.",RESOLVED,B,716b2b3028d4222c5bd8dbe183698cc7ea61e5f7a4d37e799da36d64c0e2dac3
e4116ec1a39fecff8574,SRC060,2,PAIR_45AD1D2FB70DCB30DABF86BD,CLASSIFICATION_CONFLICT,336,336,source_section|subject_type,ACCEPT_B,"Convention, applied once to all 465 pairs that differ on source_section and subject_type only (every other field byte-identical). source_section: 'Alternatives Portfolio' is the section heading printed above the table on both pages, so the populated side is right and A's blank is wrong. subject_type: every row label is a named partnership vehicle, so 'fund', not A's 'investment'. Values confirmed against page-001.png and page-002.png.",RESOLVED,B,716b2b3028d4222c5bd8dbe183698cc7ea61e5f7a4d37e799da36d64c0e2dac3
21b667855a5f8bb5b9c0,SRC060,2,PAIR_45C5D53AF1DC406B607584E7,CLASSIFICATION_CONFLICT,337,337,source_section|subject_type,ACCEPT_B,"Convention, applied once to all 465 pairs that differ on source_section and subject_type only (every other field byte-identical). source_section: 'Alternatives Portfolio' is the section heading printed above the table on both pages, so the populated side is right and A's blank is wrong. subject_type: every row label is a named partnership vehicle, so 'fund', not A's 'investment'. Values confirmed against page-001.png and page-002.png.",RESOLVED,B,716b2b3028d4222c5bd8dbe183698cc7ea61e5f7a4d37e799da36d64c0e2dac3
7f60c8c381421b53509b,SRC060,2,PAIR_BC5CF232848D9CE7DDFE471D,CLASSIFICATION_CONFLICT,338,338,source_section|subject_type,MERGE,"Convention, applied once to all 465 pairs that differ on source_section and subject_type only (every other field byte-identical). source_section: 'Alternatives Portfolio' is the section heading printed above the table on both pages, so the populated side is right and A's blank is wrong. subject_type: every row label is a named partnership vehicle, so 'fund', not A's 'investment'. Values confirmed against page-001.png and page-002.png.; Source review: p2: Retirement Fund (The portfolio report distinguishes investor positions from its aggregate rows.) | p2: Retirement Fund (Printed heading or definition supporting the source-reviewed qualifier.) | p2: Retirement Fund (Supersedes SR2341: the printed entity or table label is context, not a measurement basis; source labels retain its scope.)",RESOLVED,A+B+ADJUDICATOR,716b2b3028d4222c5bd8dbe183698cc7ea61e5f7a4d37e799da36d64c0e2dac3
135f5141934d175ab5f3,SRC060,2,PAIR_1790D68D67864A1AC50672AF,CLASSIFICATION_CONFLICT,339,339,source_section|subject_type,MERGE,"Convention, applied once to all 465 pairs that differ on source_section and subject_type only (every other field byte-identical). source_section: 'Alternatives Portfolio' is the section heading printed above the table on both pages, so the populated side is right and A's blank is wrong. subject_type: every row label is a named partnership vehicle, so 'fund', not A's 'investment'. Values confirmed against page-001.png and page-002.png.; Source review: p2: Figures are net of fees. (Footnote 2 applies to the portfolio performance columns.) | p2: Figures are net of fees. (Printed heading or definition supporting the source-reviewed qualifier.)",RESOLVED,A+B+ADJUDICATOR,716b2b3028d4222c5bd8dbe183698cc7ea61e5f7a4d37e799da36d64c0e2dac3
32b263dacdd43befdf13,SRC060,2,PAIR_D0CC262BD04307CAE5A504AB,CLASSIFICATION_CONFLICT,340,340,source_section|subject_type,ACCEPT_B,"Convention, applied once to all 465 pairs that differ on source_section and subject_type only (every other field byte-identical). source_section: 'Alternatives Portfolio' is the section heading printed above the table on both pages, so the populated side is right and A's blank is wrong. subject_type: every row label is a named partnership vehicle, so 'fund', not A's 'investment'. Values confirmed against page-001.png and page-002.png.",RESOLVED,B,716b2b3028d4222c5bd8dbe183698cc7ea61e5f7a4d37e799da36d64c0e2dac3
f531a36155836a4a8fcd,SRC060,2,PAIR_35CAA5D96B85FDB31ABF3C21,CLASSIFICATION_CONFLICT,341,341,source_section|subject_type,ACCEPT_B,"Convention, applied once to all 465 pairs that differ on source_section and subject_type only (every other field byte-identical). source_section: 'Alternatives Portfolio' is the section heading printed above the table on both pages, so the populated side is right and A's blank is wrong. subject_type: every row label is a named partnership vehicle, so 'fund', not A's 'investment'. Values confirmed against page-001.png and page-002.png.",RESOLVED,B,716b2b3028d4222c5bd8dbe183698cc7ea61e5f7a4d37e799da36d64c0e2dac3
4fa60b2da24535865ff7,SRC060,2,PAIR_A2EC55134FA2F41B9F27303C,CLASSIFICATION_CONFLICT,342,342,source_section|subject_type,ACCEPT_B,"Convention, applied once to all 465 pairs that differ on source_section and subject_type only (every other field byte-identical). source_section: 'Alternatives Portfolio' is the section heading printed above the table on both pages, so the populated side is right and A's blank is wrong. subject_type: every row label is a named partnership vehicle, so 'fund', not A's 'investment'. Values confirmed against page-001.png and page-002.png.",RESOLVED,B,716b2b3028d4222c5bd8dbe183698cc7ea61e5f7a4d37e799da36d64c0e2dac3
9401e5bbda60a51228e1,SRC060,2,PAIR_3125F309209C748D1C65A2C2,CLASSIFICATION_CONFLICT,343,343,source_section|subject_type,ACCEPT_B,"Convention, applied once to all 465 pairs that differ on source_section and subject_type only (every other field byte-identical). source_section: 'Alternatives Portfolio' is the section heading printed above the table on both pages, so the populated side is right and A's blank is wrong. subject_type: every row label is a named partnership vehicle, so 'fund', not A's 'investment'. Values confirmed against page-001.png and page-002.png.",RESOLVED,B,716b2b3028d4222c5bd8dbe183698cc7ea61e5f7a4d37e799da36d64c0e2dac3
75aeb876b868e8a763ac,SRC060,2,PAIR_A51402FB5E0ED21FBCD14905,CLASSIFICATION_CONFLICT,344,344,source_section|subject_type,MERGE,"Convention, applied once to all 465 pairs that differ on source_section and subject_type only (every other field byte-identical). source_section: 'Alternatives Portfolio' is the section heading printed above the table on both pages, so the populated side is right and A's blank is wrong. subject_type: every row label is a named partnership vehicle, so 'fund', not A's 'investment'. Values confirmed against page-001.png and page-002.png.; Source review: p2: Retirement Fund (The portfolio report distinguishes investor positions from its aggregate rows.) | p2: Retirement Fund (Printed heading or definition supporting the source-reviewed qualifier.) | p2: Retirement Fund (Supersedes SR2343: the printed entity or table label is context, not a measurement basis; source labels retain its scope.)",RESOLVED,A+B+ADJUDICATOR,716b2b3028d4222c5bd8dbe183698cc7ea61e5f7a4d37e799da36d64c0e2dac3
a529b48b9bf8b4ad914a,SRC060,2,PAIR_B19F6FA8D590A4120D590846,CLASSIFICATION_CONFLICT,345,345,source_section|subject_type,ACCEPT_B,"Convention, applied once to all 465 pairs that differ on source_section and subject_type only (every other field byte-identical). source_section: 'Alternatives Portfolio' is the section heading printed above the table on both pages, so the populated side is right and A's blank is wrong. subject_type: every row label is a named partnership vehicle, so 'fund', not A's 'investment'. Values confirmed against page-001.png and page-002.png.",RESOLVED,B,716b2b3028d4222c5bd8dbe183698cc7ea61e5f7a4d37e799da36d64c0e2dac3
cda1b60d8be44394c275,SRC060,2,PAIR_1A12DB6A5B243D39E65E0B9B,CLASSIFICATION_CONFLICT,346,346,source_section|subject_type,ACCEPT_B,"Convention, applied once to all 465 pairs that differ on source_section and subject_type only (every other field byte-identical). source_section: 'Alternatives Portfolio' is the section heading printed above the table on both pages, so the populated side is right and A's blank is wrong. subject_type: every row label is a named partnership vehicle, so 'fund', not A's 'investment'. Values confirmed against page-001.png and page-002.png.",RESOLVED,B,716b2b3028d4222c5bd8dbe183698cc7ea61e5f7a4d37e799da36d64c0e2dac3
0cc9aa84de058e96a2fe,SRC060,2,PAIR_4E22AA5CE669858FB0AB57D8,CLASSIFICATION_CONFLICT,347,347,source_section|subject_type,ACCEPT_B,"Convention, applied once to all 465 pairs that differ on source_section and subject_type only (every other field byte-identical). source_section: 'Alternatives Portfolio' is the section heading printed above the table on both pages, so the populated side is right and A's blank is wrong. subject_type: every row label is a named partnership vehicle, so 'fund', not A's 'investment'. Values confirmed against page-001.png and page-002.png.",RESOLVED,B,716b2b3028d4222c5bd8dbe183698cc7ea61e5f7a4d37e799da36d64c0e2dac3
c61298d09f9a8f8e25d2,SRC060,2,PAIR_0E91B7008338B103D95239F6,CLASSIFICATION_CONFLICT,348,348,source_section|subject_type,ACCEPT_B,"Convention, applied once to all 465 pairs that differ on source_section and subject_type only (every other field byte-identical). source_section: 'Alternatives Portfolio' is the section heading printed above the table on both pages, so the populated side is right and A's blank is wrong. subject_type: every row label is a named partnership vehicle, so 'fund', not A's 'investment'. Values confirmed against page-001.png and page-002.png.",RESOLVED,B,716b2b3028d4222c5bd8dbe183698cc7ea61e5f7a4d37e799da36d64c0e2dac3
afd418943141f20a6703,SRC060,2,PAIR_3F225CAD16AE50E470FEF438,CLASSIFICATION_CONFLICT,349,349,source_section|subject_type,MERGE,"Convention, applied once to all 465 pairs that differ on source_section and subject_type only (every other field byte-identical). source_section: 'Alternatives Portfolio' is the section heading printed above the table on both pages, so the populated side is right and A's blank is wrong. subject_type: every row label is a named partnership vehicle, so 'fund', not A's 'investment'. Values confirmed against page-001.png and page-002.png.; Source review: p2: Retirement Fund (The portfolio report distinguishes investor positions from its aggregate rows.) | p2: Retirement Fund (Printed heading or definition supporting the source-reviewed qualifier.) | p2: Retirement Fund (Supersedes SR2344: the printed entity or table label is context, not a measurement basis; source labels retain its scope.)",RESOLVED,A+B+ADJUDICATOR,716b2b3028d4222c5bd8dbe183698cc7ea61e5f7a4d37e799da36d64c0e2dac3
ed8bacb674ac9116ee19,SRC060,2,PAIR_395DBE22958F70832F6C7B3C,CLASSIFICATION_CONFLICT,350,350,source_section|subject_type,ACCEPT_B,"Convention, applied once to all 465 pairs that differ on source_section and subject_type only (every other field byte-identical). source_section: 'Alternatives Portfolio' is the section heading printed above the table on both pages, so the populated side is right and A's blank is wrong. subject_type: every row label is a named partnership vehicle, so 'fund', not A's 'investment'. Values confirmed against page-001.png and page-002.png.",RESOLVED,B,716b2b3028d4222c5bd8dbe183698cc7ea61e5f7a4d37e799da36d64c0e2dac3
3f2d2e25d3ae83086c97,SRC060,2,PAIR_EA278BCF6D4A0D061B901602,CLASSIFICATION_CONFLICT,351,351,source_section|subject_type,ACCEPT_B,"Convention, applied once to all 465 pairs that differ on source_section and subject_type only (every other field byte-identical). source_section: 'Alternatives Portfolio' is the section heading printed above the table on both pages, so the populated side is right and A's blank is wrong. subject_type: every row label is a named partnership vehicle, so 'fund', not A's 'investment'. Values confirmed against page-001.png and page-002.png.",RESOLVED,B,716b2b3028d4222c5bd8dbe183698cc7ea61e5f7a4d37e799da36d64c0e2dac3
04a5f9dd515867535e42,SRC060,2,PAIR_FBBF0B85CC2C7197F343E247,CLASSIFICATION_CONFLICT,352,352,source_section|subject_type,ACCEPT_B,"Convention, applied once to all 465 pairs that differ on source_section and subject_type only (every other field byte-identical). source_section: 'Alternatives Portfolio' is the section heading printed above the table on both pages, so the populated side is right and A's blank is wrong. subject_type: every row label is a named partnership vehicle, so 'fund', not A's 'investment'. Values confirmed against page-001.png and page-002.png.",RESOLVED,B,716b2b3028d4222c5bd8dbe183698cc7ea61e5f7a4d37e799da36d64c0e2dac3
b3f0dd632127e39285ff,SRC060,2,PAIR_AFECF39A4A62F8DFE4917953,CLASSIFICATION_CONFLICT,353,353,source_section|subject_type,ACCEPT_B,"Convention, applied once to all 465 pairs that differ on source_section and subject_type only (every other field byte-identical). source_section: 'Alternatives Portfolio' is the section heading printed above the table on both pages, so the populated side is right and A's blank is wrong. subject_type: every row label is a named partnership vehicle, so 'fund', not A's 'investment'. Values confirmed against page-001.png and page-002.png.",RESOLVED,B,716b2b3028d4222c5bd8dbe183698cc7ea61e5f7a4d37e799da36d64c0e2dac3
e34ab4be6eb6b241e00e,SRC060,2,PAIR_61FD1F0B9F792CA6BC9EBBE5,CLASSIFICATION_CONFLICT,354,354,source_section|subject_type,MERGE,"Convention, applied once to all 465 pairs that differ on source_section and subject_type only (every other field byte-identical). source_section: 'Alternatives Portfolio' is the section heading printed above the table on both pages, so the populated side is right and A's blank is wrong. subject_type: every row label is a named partnership vehicle, so 'fund', not A's 'investment'. Values confirmed against page-001.png and page-002.png.; Source review: p2: Retirement Fund (The portfolio report distinguishes investor positions from its aggregate rows.) | p2: Retirement Fund (Printed heading or definition supporting the source-reviewed qualifier.) | p2: Retirement Fund (Supersedes SR2345: the printed entity or table label is context, not a measurement basis; source labels retain its scope.)",RESOLVED,A+B+ADJUDICATOR,716b2b3028d4222c5bd8dbe183698cc7ea61e5f7a4d37e799da36d64c0e2dac3
4496840054581727ffdd,SRC060,2,PAIR_B214C06B6FBED66304CA1C98,CLASSIFICATION_CONFLICT,355,355,source_section|subject_type,MERGE,"Convention, applied once to all 465 pairs that differ on source_section and subject_type only (every other field byte-identical). source_section: 'Alternatives Portfolio' is the section heading printed above the table on both pages, so the populated side is right and A's blank is wrong. subject_type: every row label is a named partnership vehicle, so 'fund', not A's 'investment'. Values confirmed against page-001.png and page-002.png.; Source review: p2: Figures are net of fees. (Footnote 2 applies to the portfolio performance columns.) | p2: Figures are net of fees. (Printed heading or definition supporting the source-reviewed qualifier.)",RESOLVED,A+B+ADJUDICATOR,716b2b3028d4222c5bd8dbe183698cc7ea61e5f7a4d37e799da36d64c0e2dac3
d6cb0d837954d5cf31bd,SRC060,2,PAIR_0F7D7AC3B7CAE8516DA2E04E,CLASSIFICATION_CONFLICT,356,356,source_section|subject_type,ACCEPT_B,"Convention, applied once to all 465 pairs that differ on source_section and subject_type only (every other field byte-identical). source_section: 'Alternatives Portfolio' is the section heading printed above the table on both pages, so the populated side is right and A's blank is wrong. subject_type: every row label is a named partnership vehicle, so 'fund', not A's 'investment'. Values confirmed against page-001.png and page-002.png.",RESOLVED,B,716b2b3028d4222c5bd8dbe183698cc7ea61e5f7a4d37e799da36d64c0e2dac3
7717babb389ba6b01307,SRC060,2,PAIR_37E5C5AC5DDFA84B98F89E70,CLASSIFICATION_CONFLICT,357,357,source_section|subject_type,ACCEPT_B,"Convention, applied once to all 465 pairs that differ on source_section and subject_type only (every other field byte-identical). source_section: 'Alternatives Portfolio' is the section heading printed above the table on both pages, so the populated side is right and A's blank is wrong. subject_type: every row label is a named partnership vehicle, so 'fund', not A's 'investment'. Values confirmed against page-001.png and page-002.png.",RESOLVED,B,716b2b3028d4222c5bd8dbe183698cc7ea61e5f7a4d37e799da36d64c0e2dac3
1b3e425c38b599a45ed8,SRC060,2,PAIR_F32625177023A4B20D28AE6C,CLASSIFICATION_CONFLICT,358,358,source_section|subject_type,ACCEPT_B,"Convention, applied once to all 465 pairs that differ on source_section and subject_type only (every other field byte-identical). source_section: 'Alternatives Portfolio' is the section heading printed above the table on both pages, so the populated side is right and A's blank is wrong. subject_type: every row label is a named partnership vehicle, so 'fund', not A's 'investment'. Values confirmed against page-001.png and page-002.png.",RESOLVED,B,716b2b3028d4222c5bd8dbe183698cc7ea61e5f7a4d37e799da36d64c0e2dac3
4000ca647c3d671c3100,SRC060,2,PAIR_4C34435BFBC87568B70E30B9,CLASSIFICATION_CONFLICT,359,359,source_section|subject_type,ACCEPT_B,"Convention, applied once to all 465 pairs that differ on source_section and subject_type only (every other field byte-identical). source_section: 'Alternatives Portfolio' is the section heading printed above the table on both pages, so the populated side is right and A's blank is wrong. subject_type: every row label is a named partnership vehicle, so 'fund', not A's 'investment'. Values confirmed against page-001.png and page-002.png.",RESOLVED,B,716b2b3028d4222c5bd8dbe183698cc7ea61e5f7a4d37e799da36d64c0e2dac3
b52d9391115b882fa32d,SRC060,2,PAIR_B2AF2ECC04E25D78531FC4E1,CLASSIFICATION_CONFLICT,360,360,source_section|subject_type,MERGE,"Convention, applied once to all 465 pairs that differ on source_section and subject_type only (every other field byte-identical). source_section: 'Alternatives Portfolio' is the section heading printed above the table on both pages, so the populated side is right and A's blank is wrong. subject_type: every row label is a named partnership vehicle, so 'fund', not A's 'investment'. Values confirmed against page-001.png and page-002.png.; Source review: p2: Retirement Fund (The portfolio report distinguishes investor positions from its aggregate rows.) | p2: Retirement Fund (Printed heading or definition supporting the source-reviewed qualifier.) | p2: Retirement Fund (Supersedes SR2347: the printed entity or table label is context, not a measurement basis; source labels retain its scope.)",RESOLVED,A+B+ADJUDICATOR,716b2b3028d4222c5bd8dbe183698cc7ea61e5f7a4d37e799da36d64c0e2dac3
41dd414c5e075f370dc6,SRC060,2,PAIR_CA7233037C395A44C1720C53,CLASSIFICATION_CONFLICT,361,361,source_section|subject_type,ACCEPT_B,"Convention, applied once to all 465 pairs that differ on source_section and subject_type only (every other field byte-identical). source_section: 'Alternatives Portfolio' is the section heading printed above the table on both pages, so the populated side is right and A's blank is wrong. subject_type: every row label is a named partnership vehicle, so 'fund', not A's 'investment'. Values confirmed against page-001.png and page-002.png.",RESOLVED,B,716b2b3028d4222c5bd8dbe183698cc7ea61e5f7a4d37e799da36d64c0e2dac3
8abc9bc2a2470ff5142a,SRC060,2,PAIR_BC5CA9BE556E4C39C5823F28,CLASSIFICATION_CONFLICT,362,362,source_section|subject_type,ACCEPT_B,"Convention, applied once to all 465 pairs that differ on source_section and subject_type only (every other field byte-identical). source_section: 'Alternatives Portfolio' is the section heading printed above the table on both pages, so the populated side is right and A's blank is wrong. subject_type: every row label is a named partnership vehicle, so 'fund', not A's 'investment'. Values confirmed against page-001.png and page-002.png.",RESOLVED,B,716b2b3028d4222c5bd8dbe183698cc7ea61e5f7a4d37e799da36d64c0e2dac3
563f08cf6209b8fee830,SRC060,2,PAIR_ADDCFE1DBFDFF3AF857C5961,CLASSIFICATION_CONFLICT,363,363,source_section|subject_type,ACCEPT_B,"Convention, applied once to all 465 pairs that differ on source_section and subject_type only (every other field byte-identical). source_section: 'Alternatives Portfolio' is the section heading printed above the table on both pages, so the populated side is right and A's blank is wrong. subject_type: every row label is a named partnership vehicle, so 'fund', not A's 'investment'. Values confirmed against page-001.png and page-002.png.",RESOLVED,B,716b2b3028d4222c5bd8dbe183698cc7ea61e5f7a4d37e799da36d64c0e2dac3
4ecba8da4ecce495fd8f,SRC060,2,PAIR_511F1B6AB08371705F5EBC9D,CLASSIFICATION_CONFLICT,364,364,source_section|subject_type,ACCEPT_B,"Convention, applied once to all 465 pairs that differ on source_section and subject_type only (every other field byte-identical). source_section: 'Alternatives Portfolio' is the section heading printed above the table on both pages, so the populated side is right and A's blank is wrong. subject_type: every row label is a named partnership vehicle, so 'fund', not A's 'investment'. Values confirmed against page-001.png and page-002.png.",RESOLVED,B,716b2b3028d4222c5bd8dbe183698cc7ea61e5f7a4d37e799da36d64c0e2dac3
9b8912f72f3fa129d683,SRC060,2,PAIR_186BDE889548427A038C12C2,CLASSIFICATION_CONFLICT,365,365,source_section|subject_type,MERGE,"Convention, applied once to all 465 pairs that differ on source_section and subject_type only (every other field byte-identical). source_section: 'Alternatives Portfolio' is the section heading printed above the table on both pages, so the populated side is right and A's blank is wrong. subject_type: every row label is a named partnership vehicle, so 'fund', not A's 'investment'. Values confirmed against page-001.png and page-002.png.; Source review: p2: Retirement Fund (The portfolio report distinguishes investor positions from its aggregate rows.) | p2: Retirement Fund (Printed heading or definition supporting the source-reviewed qualifier.) | p2: Retirement Fund (Supersedes SR2348: the printed entity or table label is context, not a measurement basis; source labels retain its scope.)",RESOLVED,A+B+ADJUDICATOR,716b2b3028d4222c5bd8dbe183698cc7ea61e5f7a4d37e799da36d64c0e2dac3
edd0201dde525464ab84,SRC060,2,PAIR_1E9E742680EA60AF5BC85E98,CLASSIFICATION_CONFLICT,366,366,source_section|subject_type,ACCEPT_B,"Convention, applied once to all 465 pairs that differ on source_section and subject_type only (every other field byte-identical). source_section: 'Alternatives Portfolio' is the section heading printed above the table on both pages, so the populated side is right and A's blank is wrong. subject_type: every row label is a named partnership vehicle, so 'fund', not A's 'investment'. Values confirmed against page-001.png and page-002.png.",RESOLVED,B,716b2b3028d4222c5bd8dbe183698cc7ea61e5f7a4d37e799da36d64c0e2dac3
44d3033ad6b29cf16f2a,SRC060,2,PAIR_3C7698686824D9D7CF31432A,CLASSIFICATION_CONFLICT,367,367,source_section|subject_type,ACCEPT_B,"Convention, applied once to all 465 pairs that differ on source_section and subject_type only (every other field byte-identical). source_section: 'Alternatives Portfolio' is the section heading printed above the table on both pages, so the populated side is right and A's blank is wrong. subject_type: every row label is a named partnership vehicle, so 'fund', not A's 'investment'. Values confirmed against page-001.png and page-002.png.",RESOLVED,B,716b2b3028d4222c5bd8dbe183698cc7ea61e5f7a4d37e799da36d64c0e2dac3
0fd176ec731691507a2d,SRC060,2,PAIR_14C5F0A54D912B93E0C14FD7,CLASSIFICATION_CONFLICT,368,368,source_section|subject_type,ACCEPT_B,"Convention, applied once to all 465 pairs that differ on source_section and subject_type only (every other field byte-identical). source_section: 'Alternatives Portfolio' is the section heading printed above the table on both pages, so the populated side is right and A's blank is wrong. subject_type: every row label is a named partnership vehicle, so 'fund', not A's 'investment'. Values confirmed against page-001.png and page-002.png.",RESOLVED,B,716b2b3028d4222c5bd8dbe183698cc7ea61e5f7a4d37e799da36d64c0e2dac3
2c1e6334ba739be996ff,SRC060,2,PAIR_3AC0094AC32945DFF1342D0B,CLASSIFICATION_CONFLICT,369,369,source_section|subject_type,ACCEPT_B,"Convention, applied once to all 465 pairs that differ on source_section and subject_type only (every other field byte-identical). source_section: 'Alternatives Portfolio' is the section heading printed above the table on both pages, so the populated side is right and A's blank is wrong. subject_type: every row label is a named partnership vehicle, so 'fund', not A's 'investment'. Values confirmed against page-001.png and page-002.png.",RESOLVED,B,716b2b3028d4222c5bd8dbe183698cc7ea61e5f7a4d37e799da36d64c0e2dac3
836016dfb07d9a006b13,SRC060,2,PAIR_83A50DE1A450CD42D017AB52,CLASSIFICATION_CONFLICT,370,370,source_section|subject_type,MERGE,"Convention, applied once to all 465 pairs that differ on source_section and subject_type only (every other field byte-identical). source_section: 'Alternatives Portfolio' is the section heading printed above the table on both pages, so the populated side is right and A's blank is wrong. subject_type: every row label is a named partnership vehicle, so 'fund', not A's 'investment'. Values confirmed against page-001.png and page-002.png.; Source review: p2: Retirement Fund (The portfolio report distinguishes investor positions from its aggregate rows.) | p2: Retirement Fund (Printed heading or definition supporting the source-reviewed qualifier.) | p2: Retirement Fund (Supersedes SR2349: the printed entity or table label is context, not a measurement basis; source labels retain its scope.)",RESOLVED,A+B+ADJUDICATOR,716b2b3028d4222c5bd8dbe183698cc7ea61e5f7a4d37e799da36d64c0e2dac3
88396d6ec1e2ea875dbc,SRC060,2,PAIR_6CBF01C12FF6FB8554DFFDFE,CLASSIFICATION_CONFLICT,371,371,source_section|subject_type,MERGE,"Convention, applied once to all 465 pairs that differ on source_section and subject_type only (every other field byte-identical). source_section: 'Alternatives Portfolio' is the section heading printed above the table on both pages, so the populated side is right and A's blank is wrong. subject_type: every row label is a named partnership vehicle, so 'fund', not A's 'investment'. Values confirmed against page-001.png and page-002.png.; Source review: p2: Figures are net of fees. (Footnote 2 applies to the portfolio performance columns.) | p2: Figures are net of fees. (Printed heading or definition supporting the source-reviewed qualifier.)",RESOLVED,A+B+ADJUDICATOR,716b2b3028d4222c5bd8dbe183698cc7ea61e5f7a4d37e799da36d64c0e2dac3
9414484e2e5a9752ea3f,SRC060,2,PAIR_85699A52B8C6F3C4D9721024,CLASSIFICATION_CONFLICT,372,372,source_section|subject_type,ACCEPT_B,"Convention, applied once to all 465 pairs that differ on source_section and subject_type only (every other field byte-identical). source_section: 'Alternatives Portfolio' is the section heading printed above the table on both pages, so the populated side is right and A's blank is wrong. subject_type: every row label is a named partnership vehicle, so 'fund', not A's 'investment'. Values confirmed against page-001.png and page-002.png.",RESOLVED,B,716b2b3028d4222c5bd8dbe183698cc7ea61e5f7a4d37e799da36d64c0e2dac3
b2d08f9da38f6e839480,SRC060,2,PAIR_0D05746D0C3800D69B585C52,CLASSIFICATION_CONFLICT,373,373,source_section|subject_type,ACCEPT_B,"Convention, applied once to all 465 pairs that differ on source_section and subject_type only (every other field byte-identical). source_section: 'Alternatives Portfolio' is the section heading printed above the table on both pages, so the populated side is right and A's blank is wrong. subject_type: every row label is a named partnership vehicle, so 'fund', not A's 'investment'. Values confirmed against page-001.png and page-002.png.",RESOLVED,B,716b2b3028d4222c5bd8dbe183698cc7ea61e5f7a4d37e799da36d64c0e2dac3
76d37241e393119cbb6f,SRC060,2,PAIR_1D9F92EC847E11F3E7CF6944,CLASSIFICATION_CONFLICT,374,374,source_section|subject_type,ACCEPT_B,"Convention, applied once to all 465 pairs that differ on source_section and subject_type only (every other field byte-identical). source_section: 'Alternatives Portfolio' is the section heading printed above the table on both pages, so the populated side is right and A's blank is wrong. subject_type: every row label is a named partnership vehicle, so 'fund', not A's 'investment'. Values confirmed against page-001.png and page-002.png.",RESOLVED,B,716b2b3028d4222c5bd8dbe183698cc7ea61e5f7a4d37e799da36d64c0e2dac3
478920dbd5c3a6270eb1,SRC060,2,PAIR_5275C5628DEA475A6002EE1F,CLASSIFICATION_CONFLICT,375,375,source_section|subject_type,ACCEPT_B,"Convention, applied once to all 465 pairs that differ on source_section and subject_type only (every other field byte-identical). source_section: 'Alternatives Portfolio' is the section heading printed above the table on both pages, so the populated side is right and A's blank is wrong. subject_type: every row label is a named partnership vehicle, so 'fund', not A's 'investment'. Values confirmed against page-001.png and page-002.png.",RESOLVED,B,716b2b3028d4222c5bd8dbe183698cc7ea61e5f7a4d37e799da36d64c0e2dac3
91cd898976f7367a5f67,SRC060,2,PAIR_6CD78ACB1EDAD68879EDC33D,CLASSIFICATION_CONFLICT,376,376,source_section|subject_type,MERGE,"Convention, applied once to all 465 pairs that differ on source_section and subject_type only (every other field byte-identical). source_section: 'Alternatives Portfolio' is the section heading printed above the table on both pages, so the populated side is right and A's blank is wrong. subject_type: every row label is a named partnership vehicle, so 'fund', not A's 'investment'. Values confirmed against page-001.png and page-002.png.; Source review: p2: Retirement Fund (The portfolio report distinguishes investor positions from its aggregate rows.) | p2: Retirement Fund (Printed heading or definition supporting the source-reviewed qualifier.) | p2: Retirement Fund (Supersedes SR2351: the printed entity or table label is context, not a measurement basis; source labels retain its scope.)",RESOLVED,A+B+ADJUDICATOR,716b2b3028d4222c5bd8dbe183698cc7ea61e5f7a4d37e799da36d64c0e2dac3
cb99368ff4a5874a4bd4,SRC060,2,PAIR_F4F00481E48E1026AF8A67FF,CLASSIFICATION_CONFLICT,377,377,source_section|subject_type,MERGE,"Convention, applied once to all 465 pairs that differ on source_section and subject_type only (every other field byte-identical). source_section: 'Alternatives Portfolio' is the section heading printed above the table on both pages, so the populated side is right and A's blank is wrong. subject_type: every row label is a named partnership vehicle, so 'fund', not A's 'investment'. Values confirmed against page-001.png and page-002.png.; Source review: p2: Figures are net of fees. (Footnote 2 applies to the portfolio performance columns.) | p2: Figures are net of fees. (Printed heading or definition supporting the source-reviewed qualifier.)",RESOLVED,A+B+ADJUDICATOR,716b2b3028d4222c5bd8dbe183698cc7ea61e5f7a4d37e799da36d64c0e2dac3
51e6651144a1fef97627,SRC060,2,PAIR_D7F99F1A3D13613F6F6E6B1B,CLASSIFICATION_CONFLICT,378,378,source_section|subject_type,ACCEPT_B,"Convention, applied once to all 465 pairs that differ on source_section and subject_type only (every other field byte-identical). source_section: 'Alternatives Portfolio' is the section heading printed above the table on both pages, so the populated side is right and A's blank is wrong. subject_type: every row label is a named partnership vehicle, so 'fund', not A's 'investment'. Values confirmed against page-001.png and page-002.png.",RESOLVED,B,716b2b3028d4222c5bd8dbe183698cc7ea61e5f7a4d37e799da36d64c0e2dac3
21f9f05a4cc526814a08,SRC060,2,PAIR_7F5CF204D01ECFD15D7F5DF4,CLASSIFICATION_CONFLICT,379,379,source_section|subject_type,ACCEPT_B,"Convention, applied once to all 465 pairs that differ on source_section and subject_type only (every other field byte-identical). source_section: 'Alternatives Portfolio' is the section heading printed above the table on both pages, so the populated side is right and A's blank is wrong. subject_type: every row label is a named partnership vehicle, so 'fund', not A's 'investment'. Values confirmed against page-001.png and page-002.png.",RESOLVED,B,716b2b3028d4222c5bd8dbe183698cc7ea61e5f7a4d37e799da36d64c0e2dac3
8d3951c23ec64d2defde,SRC060,2,PAIR_4CACEA34EF5300A46F983B64,CLASSIFICATION_CONFLICT,380,380,source_section|subject_type,ACCEPT_B,"Convention, applied once to all 465 pairs that differ on source_section and subject_type only (every other field byte-identical). source_section: 'Alternatives Portfolio' is the section heading printed above the table on both pages, so the populated side is right and A's blank is wrong. subject_type: every row label is a named partnership vehicle, so 'fund', not A's 'investment'. Values confirmed against page-001.png and page-002.png.",RESOLVED,B,716b2b3028d4222c5bd8dbe183698cc7ea61e5f7a4d37e799da36d64c0e2dac3
5146695407f111af47e9,SRC060,2,PAIR_D3CEE3BBA8B011B33C0E415F,CLASSIFICATION_CONFLICT,381,381,source_section|subject_type,ACCEPT_B,"Convention, applied once to all 465 pairs that differ on source_section and subject_type only (every other field byte-identical). source_section: 'Alternatives Portfolio' is the section heading printed above the table on both pages, so the populated side is right and A's blank is wrong. subject_type: every row label is a named partnership vehicle, so 'fund', not A's 'investment'. Values confirmed against page-001.png and page-002.png.",RESOLVED,B,716b2b3028d4222c5bd8dbe183698cc7ea61e5f7a4d37e799da36d64c0e2dac3
663995978668f6f87f77,SRC060,2,PAIR_863D4C208C0ADFD661FE5C12,CLASSIFICATION_CONFLICT,382,382,source_section|subject_type,MERGE,"Convention, applied once to all 465 pairs that differ on source_section and subject_type only (every other field byte-identical). source_section: 'Alternatives Portfolio' is the section heading printed above the table on both pages, so the populated side is right and A's blank is wrong. subject_type: every row label is a named partnership vehicle, so 'fund', not A's 'investment'. Values confirmed against page-001.png and page-002.png.; Source review: p2: Retirement Fund (The portfolio report distinguishes investor positions from its aggregate rows.) | p2: Retirement Fund (Printed heading or definition supporting the source-reviewed qualifier.) | p2: Retirement Fund (Supersedes SR2353: the printed entity or table label is context, not a measurement basis; source labels retain its scope.)",RESOLVED,A+B+ADJUDICATOR,716b2b3028d4222c5bd8dbe183698cc7ea61e5f7a4d37e799da36d64c0e2dac3
a6ac94ba4b32ab87fa3f,SRC060,2,PAIR_142015F4762425F42D79E94C,CLASSIFICATION_CONFLICT,383,383,source_section|subject_type,ACCEPT_B,"Convention, applied once to all 465 pairs that differ on source_section and subject_type only (every other field byte-identical). source_section: 'Alternatives Portfolio' is the section heading printed above the table on both pages, so the populated side is right and A's blank is wrong. subject_type: every row label is a named partnership vehicle, so 'fund', not A's 'investment'. Values confirmed against page-001.png and page-002.png.",RESOLVED,B,716b2b3028d4222c5bd8dbe183698cc7ea61e5f7a4d37e799da36d64c0e2dac3
73bdc7ed17671f970823,SRC060,2,PAIR_43A4BDB691572E8A4A5598C1,CLASSIFICATION_CONFLICT,384,384,source_section|subject_type,ACCEPT_B,"Convention, applied once to all 465 pairs that differ on source_section and subject_type only (every other field byte-identical). source_section: 'Alternatives Portfolio' is the section heading printed above the table on both pages, so the populated side is right and A's blank is wrong. subject_type: every row label is a named partnership vehicle, so 'fund', not A's 'investment'. Values confirmed against page-001.png and page-002.png.",RESOLVED,B,716b2b3028d4222c5bd8dbe183698cc7ea61e5f7a4d37e799da36d64c0e2dac3
c8088daaf5dc77a1e7dc,SRC060,2,PAIR_EDCD4963E548949CE5C87099,CLASSIFICATION_CONFLICT,385,385,source_section|subject_type,ACCEPT_B,"Convention, applied once to all 465 pairs that differ on source_section and subject_type only (every other field byte-identical). source_section: 'Alternatives Portfolio' is the section heading printed above the table on both pages, so the populated side is right and A's blank is wrong. subject_type: every row label is a named partnership vehicle, so 'fund', not A's 'investment'. Values confirmed against page-001.png and page-002.png.",RESOLVED,B,716b2b3028d4222c5bd8dbe183698cc7ea61e5f7a4d37e799da36d64c0e2dac3
408c0b6f294c1fdb800c,SRC060,2,PAIR_261245E0B62947B212B1752D,CLASSIFICATION_CONFLICT,386,386,source_section|subject_type,ACCEPT_B,"Convention, applied once to all 465 pairs that differ on source_section and subject_type only (every other field byte-identical). source_section: 'Alternatives Portfolio' is the section heading printed above the table on both pages, so the populated side is right and A's blank is wrong. subject_type: every row label is a named partnership vehicle, so 'fund', not A's 'investment'. Values confirmed against page-001.png and page-002.png.",RESOLVED,B,716b2b3028d4222c5bd8dbe183698cc7ea61e5f7a4d37e799da36d64c0e2dac3
7e32ffca1343e472b518,SRC060,2,PAIR_C009A3E86A56D7FB25AE8B5E,CLASSIFICATION_CONFLICT,387,387,source_section|subject_type,MERGE,"Convention, applied once to all 465 pairs that differ on source_section and subject_type only (every other field byte-identical). source_section: 'Alternatives Portfolio' is the section heading printed above the table on both pages, so the populated side is right and A's blank is wrong. subject_type: every row label is a named partnership vehicle, so 'fund', not A's 'investment'. Values confirmed against page-001.png and page-002.png.; Source review: p2: Retirement Fund (The portfolio report distinguishes investor positions from its aggregate rows.) | p2: Retirement Fund (Printed heading or definition supporting the source-reviewed qualifier.) | p2: Retirement Fund (Supersedes SR2354: the printed entity or table label is context, not a measurement basis; source labels retain its scope.)",RESOLVED,A+B+ADJUDICATOR,716b2b3028d4222c5bd8dbe183698cc7ea61e5f7a4d37e799da36d64c0e2dac3
837076418801d42dc02c,SRC060,2,PAIR_DD07AD2E05E85695EBC8A683,CLASSIFICATION_CONFLICT,388,388,source_section|subject_type,MERGE,"Convention, applied once to all 465 pairs that differ on source_section and subject_type only (every other field byte-identical). source_section: 'Alternatives Portfolio' is the section heading printed above the table on both pages, so the populated side is right and A's blank is wrong. subject_type: every row label is a named partnership vehicle, so 'fund', not A's 'investment'. Values confirmed against page-001.png and page-002.png.; Source review: p2: Figures are net of fees. (Footnote 2 applies to the portfolio performance columns.) | p2: Figures are net of fees. (Printed heading or definition supporting the source-reviewed qualifier.)",RESOLVED,A+B+ADJUDICATOR,716b2b3028d4222c5bd8dbe183698cc7ea61e5f7a4d37e799da36d64c0e2dac3
02312dd1c4f122249e74,SRC060,2,PAIR_90D2A2E021AA3A652F82D2FD,CLASSIFICATION_CONFLICT,389,389,source_section|subject_type,ACCEPT_B,"Convention, applied once to all 465 pairs that differ on source_section and subject_type only (every other field byte-identical). source_section: 'Alternatives Portfolio' is the section heading printed above the table on both pages, so the populated side is right and A's blank is wrong. subject_type: every row label is a named partnership vehicle, so 'fund', not A's 'investment'. Values confirmed against page-001.png and page-002.png.",RESOLVED,B,716b2b3028d4222c5bd8dbe183698cc7ea61e5f7a4d37e799da36d64c0e2dac3
eec24c9cd7352f1f969e,SRC060,2,PAIR_2D14D6E9859A0E7714F202E2,CLASSIFICATION_CONFLICT,390,390,source_section|subject_type,ACCEPT_B,"Convention, applied once to all 465 pairs that differ on source_section and subject_type only (every other field byte-identical). source_section: 'Alternatives Portfolio' is the section heading printed above the table on both pages, so the populated side is right and A's blank is wrong. subject_type: every row label is a named partnership vehicle, so 'fund', not A's 'investment'. Values confirmed against page-001.png and page-002.png.",RESOLVED,B,716b2b3028d4222c5bd8dbe183698cc7ea61e5f7a4d37e799da36d64c0e2dac3
ceab434280f3e110bebc,SRC060,2,PAIR_BFCD4617A349D00F736E40FE,CLASSIFICATION_CONFLICT,391,391,source_section|subject_type,ACCEPT_B,"Convention, applied once to all 465 pairs that differ on source_section and subject_type only (every other field byte-identical). source_section: 'Alternatives Portfolio' is the section heading printed above the table on both pages, so the populated side is right and A's blank is wrong. subject_type: every row label is a named partnership vehicle, so 'fund', not A's 'investment'. Values confirmed against page-001.png and page-002.png.",RESOLVED,B,716b2b3028d4222c5bd8dbe183698cc7ea61e5f7a4d37e799da36d64c0e2dac3
e1d20b7240fa49b15a3d,SRC060,2,PAIR_3F8DE4C39AE9EA1436A54388,CLASSIFICATION_CONFLICT,392,392,source_section|subject_type,ACCEPT_B,"Convention, applied once to all 465 pairs that differ on source_section and subject_type only (every other field byte-identical). source_section: 'Alternatives Portfolio' is the section heading printed above the table on both pages, so the populated side is right and A's blank is wrong. subject_type: every row label is a named partnership vehicle, so 'fund', not A's 'investment'. Values confirmed against page-001.png and page-002.png.",RESOLVED,B,716b2b3028d4222c5bd8dbe183698cc7ea61e5f7a4d37e799da36d64c0e2dac3
61a39462ea7fcb4ad03e,SRC060,2,PAIR_56243C2D482845D0F47218A8,CLASSIFICATION_CONFLICT,393,393,source_section|subject_type,MERGE,"Convention, applied once to all 465 pairs that differ on source_section and subject_type only (every other field byte-identical). source_section: 'Alternatives Portfolio' is the section heading printed above the table on both pages, so the populated side is right and A's blank is wrong. subject_type: every row label is a named partnership vehicle, so 'fund', not A's 'investment'. Values confirmed against page-001.png and page-002.png.; Source review: p2: Retirement Fund (The portfolio report distinguishes investor positions from its aggregate rows.) | p2: Retirement Fund (Printed heading or definition supporting the source-reviewed qualifier.) | p2: Retirement Fund (Supersedes SR2356: the printed entity or table label is context, not a measurement basis; source labels retain its scope.)",RESOLVED,A+B+ADJUDICATOR,716b2b3028d4222c5bd8dbe183698cc7ea61e5f7a4d37e799da36d64c0e2dac3
41501f8c97fe0266bede,SRC060,2,PAIR_A524A9CAE844DFB6E9E5D42B,CLASSIFICATION_CONFLICT,394,394,source_section|subject_type,ACCEPT_B,"Convention, applied once to all 465 pairs that differ on source_section and subject_type only (every other field byte-identical). source_section: 'Alternatives Portfolio' is the section heading printed above the table on both pages, so the populated side is right and A's blank is wrong. subject_type: every row label is a named partnership vehicle, so 'fund', not A's 'investment'. Values confirmed against page-001.png and page-002.png.",RESOLVED,B,716b2b3028d4222c5bd8dbe183698cc7ea61e5f7a4d37e799da36d64c0e2dac3
ec45df202212e746e7ed,SRC060,2,PAIR_EC9B1C2F470220911652E1CA,CLASSIFICATION_CONFLICT,395,395,source_section|subject_type,ACCEPT_B,"Convention, applied once to all 465 pairs that differ on source_section and subject_type only (every other field byte-identical). source_section: 'Alternatives Portfolio' is the section heading printed above the table on both pages, so the populated side is right and A's blank is wrong. subject_type: every row label is a named partnership vehicle, so 'fund', not A's 'investment'. Values confirmed against page-001.png and page-002.png.",RESOLVED,B,716b2b3028d4222c5bd8dbe183698cc7ea61e5f7a4d37e799da36d64c0e2dac3
14bec97ca05df0b2f228,SRC060,2,PAIR_8AFBC87F7FE97A12D5749D0A,CLASSIFICATION_CONFLICT,396,396,source_section|subject_type,ACCEPT_B,"Convention, applied once to all 465 pairs that differ on source_section and subject_type only (every other field byte-identical). source_section: 'Alternatives Portfolio' is the section heading printed above the table on both pages, so the populated side is right and A's blank is wrong. subject_type: every row label is a named partnership vehicle, so 'fund', not A's 'investment'. Values confirmed against page-001.png and page-002.png.",RESOLVED,B,716b2b3028d4222c5bd8dbe183698cc7ea61e5f7a4d37e799da36d64c0e2dac3
4b5878c8f45a38f6b7f9,SRC060,2,PAIR_174B865E3E1DD0A4C66E02BE,CLASSIFICATION_CONFLICT,397,397,source_section|subject_type,ACCEPT_B,"Convention, applied once to all 465 pairs that differ on source_section and subject_type only (every other field byte-identical). source_section: 'Alternatives Portfolio' is the section heading printed above the table on both pages, so the populated side is right and A's blank is wrong. subject_type: every row label is a named partnership vehicle, so 'fund', not A's 'investment'. Values confirmed against page-001.png and page-002.png.",RESOLVED,B,716b2b3028d4222c5bd8dbe183698cc7ea61e5f7a4d37e799da36d64c0e2dac3
859622b59f6dc3a3aae6,SRC060,2,PAIR_FE6236F30E6A098571CCC4A2,CLASSIFICATION_CONFLICT,398,398,source_section|subject_type,MERGE,"Convention, applied once to all 465 pairs that differ on source_section and subject_type only (every other field byte-identical). source_section: 'Alternatives Portfolio' is the section heading printed above the table on both pages, so the populated side is right and A's blank is wrong. subject_type: every row label is a named partnership vehicle, so 'fund', not A's 'investment'. Values confirmed against page-001.png and page-002.png.; Source review: p2: Retirement Fund (The portfolio report distinguishes investor positions from its aggregate rows.) | p2: Retirement Fund (Printed heading or definition supporting the source-reviewed qualifier.) | p2: Retirement Fund (Supersedes SR2357: the printed entity or table label is context, not a measurement basis; source labels retain its scope.)",RESOLVED,A+B+ADJUDICATOR,716b2b3028d4222c5bd8dbe183698cc7ea61e5f7a4d37e799da36d64c0e2dac3
bda093ebb0a6cfe78d5c,SRC060,2,PAIR_561B31C274D2FC44E52B4D54,CLASSIFICATION_CONFLICT,399,399,source_section|subject_type,ACCEPT_B,"Convention, applied once to all 465 pairs that differ on source_section and subject_type only (every other field byte-identical). source_section: 'Alternatives Portfolio' is the section heading printed above the table on both pages, so the populated side is right and A's blank is wrong. subject_type: every row label is a named partnership vehicle, so 'fund', not A's 'investment'. Values confirmed against page-001.png and page-002.png.",RESOLVED,B,716b2b3028d4222c5bd8dbe183698cc7ea61e5f7a4d37e799da36d64c0e2dac3
5d0209cb7ec7a2a79334,SRC060,2,PAIR_F3123B0A8092ECC3D15D5275,CLASSIFICATION_CONFLICT,400,400,source_section|subject_type,ACCEPT_B,"Convention, applied once to all 465 pairs that differ on source_section and subject_type only (every other field byte-identical). source_section: 'Alternatives Portfolio' is the section heading printed above the table on both pages, so the populated side is right and A's blank is wrong. subject_type: every row label is a named partnership vehicle, so 'fund', not A's 'investment'. Values confirmed against page-001.png and page-002.png.",RESOLVED,B,716b2b3028d4222c5bd8dbe183698cc7ea61e5f7a4d37e799da36d64c0e2dac3
f810ae0c97d2973f2c7a,SRC060,2,PAIR_19CB2849F31E47716FC05003,CLASSIFICATION_CONFLICT,401,401,source_section|subject_type,ACCEPT_B,"Convention, applied once to all 465 pairs that differ on source_section and subject_type only (every other field byte-identical). source_section: 'Alternatives Portfolio' is the section heading printed above the table on both pages, so the populated side is right and A's blank is wrong. subject_type: every row label is a named partnership vehicle, so 'fund', not A's 'investment'. Values confirmed against page-001.png and page-002.png.",RESOLVED,B,716b2b3028d4222c5bd8dbe183698cc7ea61e5f7a4d37e799da36d64c0e2dac3
e0ac79b3f32cb56e2f78,SRC060,2,PAIR_DC9C7996F7B888E94339E45C,CLASSIFICATION_CONFLICT,402,402,source_section|subject_type,ACCEPT_B,"Convention, applied once to all 465 pairs that differ on source_section and subject_type only (every other field byte-identical). source_section: 'Alternatives Portfolio' is the section heading printed above the table on both pages, so the populated side is right and A's blank is wrong. subject_type: every row label is a named partnership vehicle, so 'fund', not A's 'investment'. Values confirmed against page-001.png and page-002.png.",RESOLVED,B,716b2b3028d4222c5bd8dbe183698cc7ea61e5f7a4d37e799da36d64c0e2dac3
e0d635ef81864d400845,SRC060,2,PAIR_73C680AF5EB13EADF86A3E3A,CLASSIFICATION_CONFLICT,403,403,source_section|subject_type,MERGE,"Convention, applied once to all 465 pairs that differ on source_section and subject_type only (every other field byte-identical). source_section: 'Alternatives Portfolio' is the section heading printed above the table on both pages, so the populated side is right and A's blank is wrong. subject_type: every row label is a named partnership vehicle, so 'fund', not A's 'investment'. Values confirmed against page-001.png and page-002.png.; Source review: p2: Retirement Fund (The portfolio report distinguishes investor positions from its aggregate rows.) | p2: Retirement Fund (Printed heading or definition supporting the source-reviewed qualifier.) | p2: Retirement Fund (Supersedes SR2358: the printed entity or table label is context, not a measurement basis; source labels retain its scope.)",RESOLVED,A+B+ADJUDICATOR,716b2b3028d4222c5bd8dbe183698cc7ea61e5f7a4d37e799da36d64c0e2dac3
8e73dd76a4f845999305,SRC060,2,PAIR_E57210E527B0CE52A7586BD3,CLASSIFICATION_CONFLICT,404,404,source_section|subject_type,MERGE,"Convention, applied once to all 465 pairs that differ on source_section and subject_type only (every other field byte-identical). source_section: 'Alternatives Portfolio' is the section heading printed above the table on both pages, so the populated side is right and A's blank is wrong. subject_type: every row label is a named partnership vehicle, so 'fund', not A's 'investment'. Values confirmed against page-001.png and page-002.png.; Source review: p2: Figures are net of fees. (Footnote 2 applies to the portfolio performance columns.) | p2: Figures are net of fees. (Printed heading or definition supporting the source-reviewed qualifier.)",RESOLVED,A+B+ADJUDICATOR,716b2b3028d4222c5bd8dbe183698cc7ea61e5f7a4d37e799da36d64c0e2dac3
2bd48eb73fc001b6f0e2,SRC060,2,PAIR_B1F1B8BCC766971C6A09B845,CLASSIFICATION_CONFLICT,405,405,source_section|subject_type,ACCEPT_B,"Convention, applied once to all 465 pairs that differ on source_section and subject_type only (every other field byte-identical). source_section: 'Alternatives Portfolio' is the section heading printed above the table on both pages, so the populated side is right and A's blank is wrong. subject_type: every row label is a named partnership vehicle, so 'fund', not A's 'investment'. Values confirmed against page-001.png and page-002.png.",RESOLVED,B,716b2b3028d4222c5bd8dbe183698cc7ea61e5f7a4d37e799da36d64c0e2dac3
d0a078beb0b8f1c2f71c,SRC060,2,PAIR_33265CADF42260D3DEE09BBB,CLASSIFICATION_CONFLICT,406,406,source_section|subject_type,ACCEPT_B,"Convention, applied once to all 465 pairs that differ on source_section and subject_type only (every other field byte-identical). source_section: 'Alternatives Portfolio' is the section heading printed above the table on both pages, so the populated side is right and A's blank is wrong. subject_type: every row label is a named partnership vehicle, so 'fund', not A's 'investment'. Values confirmed against page-001.png and page-002.png.",RESOLVED,B,716b2b3028d4222c5bd8dbe183698cc7ea61e5f7a4d37e799da36d64c0e2dac3
8ba3c48ab1d46571645c,SRC060,2,PAIR_DD70F56599311124046C5B50,CLASSIFICATION_CONFLICT,407,407,source_section|subject_type,ACCEPT_B,"Convention, applied once to all 465 pairs that differ on source_section and subject_type only (every other field byte-identical). source_section: 'Alternatives Portfolio' is the section heading printed above the table on both pages, so the populated side is right and A's blank is wrong. subject_type: every row label is a named partnership vehicle, so 'fund', not A's 'investment'. Values confirmed against page-001.png and page-002.png.",RESOLVED,B,716b2b3028d4222c5bd8dbe183698cc7ea61e5f7a4d37e799da36d64c0e2dac3
23e126b6c5b8f071fefb,SRC060,2,PAIR_70E65C6420C2D97AAD6E53CD,CLASSIFICATION_CONFLICT,408,408,source_section|subject_type,ACCEPT_B,"Convention, applied once to all 465 pairs that differ on source_section and subject_type only (every other field byte-identical). source_section: 'Alternatives Portfolio' is the section heading printed above the table on both pages, so the populated side is right and A's blank is wrong. subject_type: every row label is a named partnership vehicle, so 'fund', not A's 'investment'. Values confirmed against page-001.png and page-002.png.",RESOLVED,B,716b2b3028d4222c5bd8dbe183698cc7ea61e5f7a4d37e799da36d64c0e2dac3
b0b5e625ba5f7de2f33a,SRC060,2,PAIR_24939BDAFAE616547EEB0F6F,CLASSIFICATION_CONFLICT,409,409,source_section|subject_type,MERGE,"Convention, applied once to all 465 pairs that differ on source_section and subject_type only (every other field byte-identical). source_section: 'Alternatives Portfolio' is the section heading printed above the table on both pages, so the populated side is right and A's blank is wrong. subject_type: every row label is a named partnership vehicle, so 'fund', not A's 'investment'. Values confirmed against page-001.png and page-002.png.; Source review: p2: Retirement Fund (The portfolio report distinguishes investor positions from its aggregate rows.) | p2: Retirement Fund (Printed heading or definition supporting the source-reviewed qualifier.) | p2: Retirement Fund (Supersedes SR2360: the printed entity or table label is context, not a measurement basis; source labels retain its scope.)",RESOLVED,A+B+ADJUDICATOR,716b2b3028d4222c5bd8dbe183698cc7ea61e5f7a4d37e799da36d64c0e2dac3
5cff3d665dd1fc36622e,SRC060,2,PAIR_93D80D62C7477B3D7B9E88AE,CLASSIFICATION_CONFLICT,410,410,source_section|subject_type,MERGE,"Convention, applied once to all 465 pairs that differ on source_section and subject_type only (every other field byte-identical). source_section: 'Alternatives Portfolio' is the section heading printed above the table on both pages, so the populated side is right and A's blank is wrong. subject_type: every row label is a named partnership vehicle, so 'fund', not A's 'investment'. Values confirmed against page-001.png and page-002.png.; Source review: p2: Figures are net of fees. (Footnote 2 applies to the portfolio performance columns.) | p2: Figures are net of fees. (Printed heading or definition supporting the source-reviewed qualifier.)",RESOLVED,A+B+ADJUDICATOR,716b2b3028d4222c5bd8dbe183698cc7ea61e5f7a4d37e799da36d64c0e2dac3
8b5cb4a9457d17b45534,SRC060,2,PAIR_E72DDF43267BFAFA6DC9559C,CLASSIFICATION_CONFLICT,411,411,source_section|subject_type,ACCEPT_B,"Convention, applied once to all 465 pairs that differ on source_section and subject_type only (every other field byte-identical). source_section: 'Alternatives Portfolio' is the section heading printed above the table on both pages, so the populated side is right and A's blank is wrong. subject_type: every row label is a named partnership vehicle, so 'fund', not A's 'investment'. Values confirmed against page-001.png and page-002.png.",RESOLVED,B,716b2b3028d4222c5bd8dbe183698cc7ea61e5f7a4d37e799da36d64c0e2dac3
97af2d2accc595462cb6,SRC060,2,PAIR_9F32372DFA50072319DA613F,CLASSIFICATION_CONFLICT,412,412,source_section|subject_type,ACCEPT_B,"Convention, applied once to all 465 pairs that differ on source_section and subject_type only (every other field byte-identical). source_section: 'Alternatives Portfolio' is the section heading printed above the table on both pages, so the populated side is right and A's blank is wrong. subject_type: every row label is a named partnership vehicle, so 'fund', not A's 'investment'. Values confirmed against page-001.png and page-002.png.",RESOLVED,B,716b2b3028d4222c5bd8dbe183698cc7ea61e5f7a4d37e799da36d64c0e2dac3
5492a384975afb2e3174,SRC060,2,PAIR_67F1D36A448C6ABBAD30D503,CLASSIFICATION_CONFLICT,413,413,source_section|subject_type,ACCEPT_B,"Convention, applied once to all 465 pairs that differ on source_section and subject_type only (every other field byte-identical). source_section: 'Alternatives Portfolio' is the section heading printed above the table on both pages, so the populated side is right and A's blank is wrong. subject_type: every row label is a named partnership vehicle, so 'fund', not A's 'investment'. Values confirmed against page-001.png and page-002.png.",RESOLVED,B,716b2b3028d4222c5bd8dbe183698cc7ea61e5f7a4d37e799da36d64c0e2dac3
e56fbe9facbf70856195,SRC060,2,PAIR_1A025F482DFBEA52051653C2,CLASSIFICATION_CONFLICT,414,414,source_section|subject_type,ACCEPT_B,"Convention, applied once to all 465 pairs that differ on source_section and subject_type only (every other field byte-identical). source_section: 'Alternatives Portfolio' is the section heading printed above the table on both pages, so the populated side is right and A's blank is wrong. subject_type: every row label is a named partnership vehicle, so 'fund', not A's 'investment'. Values confirmed against page-001.png and page-002.png.",RESOLVED,B,716b2b3028d4222c5bd8dbe183698cc7ea61e5f7a4d37e799da36d64c0e2dac3
71a9fbcc634f9f092048,SRC060,2,PAIR_C4ECDC4447787310F0FDDF64,CLASSIFICATION_CONFLICT,415,415,source_section|subject_type,MERGE,"Convention, applied once to all 465 pairs that differ on source_section and subject_type only (every other field byte-identical). source_section: 'Alternatives Portfolio' is the section heading printed above the table on both pages, so the populated side is right and A's blank is wrong. subject_type: every row label is a named partnership vehicle, so 'fund', not A's 'investment'. Values confirmed against page-001.png and page-002.png.; Source review: p2: Retirement Fund (The portfolio report distinguishes investor positions from its aggregate rows.) | p2: Retirement Fund (Printed heading or definition supporting the source-reviewed qualifier.) | p2: Retirement Fund (Supersedes SR2362: the printed entity or table label is context, not a measurement basis; source labels retain its scope.)",RESOLVED,A+B+ADJUDICATOR,716b2b3028d4222c5bd8dbe183698cc7ea61e5f7a4d37e799da36d64c0e2dac3
842505670fd4440fd022,SRC060,2,PAIR_AEDCE96BB92A8412B3AFCB5C,CLASSIFICATION_CONFLICT,416,416,source_section|subject_type,MERGE,"Convention, applied once to all 465 pairs that differ on source_section and subject_type only (every other field byte-identical). source_section: 'Alternatives Portfolio' is the section heading printed above the table on both pages, so the populated side is right and A's blank is wrong. subject_type: every row label is a named partnership vehicle, so 'fund', not A's 'investment'. Values confirmed against page-001.png and page-002.png.; Source review: p2: Figures are net of fees. (Footnote 2 applies to the portfolio performance columns.) | p2: Figures are net of fees. (Printed heading or definition supporting the source-reviewed qualifier.)",RESOLVED,A+B+ADJUDICATOR,716b2b3028d4222c5bd8dbe183698cc7ea61e5f7a4d37e799da36d64c0e2dac3
f53635a9c2b267eb133a,SRC060,2,PAIR_3CADDF7746105D68CCD4236B,CLASSIFICATION_CONFLICT,417,417,source_section|subject_type,ACCEPT_B,"Convention, applied once to all 465 pairs that differ on source_section and subject_type only (every other field byte-identical). source_section: 'Alternatives Portfolio' is the section heading printed above the table on both pages, so the populated side is right and A's blank is wrong. subject_type: every row label is a named partnership vehicle, so 'fund', not A's 'investment'. Values confirmed against page-001.png and page-002.png.",RESOLVED,B,716b2b3028d4222c5bd8dbe183698cc7ea61e5f7a4d37e799da36d64c0e2dac3
f7ce4e252800d8ff214f,SRC060,2,PAIR_EC2374CC91D0F5D162C5F856,CLASSIFICATION_CONFLICT,418,418,source_section|subject_type,ACCEPT_B,"Convention, applied once to all 465 pairs that differ on source_section and subject_type only (every other field byte-identical). source_section: 'Alternatives Portfolio' is the section heading printed above the table on both pages, so the populated side is right and A's blank is wrong. subject_type: every row label is a named partnership vehicle, so 'fund', not A's 'investment'. Values confirmed against page-001.png and page-002.png.",RESOLVED,B,716b2b3028d4222c5bd8dbe183698cc7ea61e5f7a4d37e799da36d64c0e2dac3
07e6dffb071104a17e0a,SRC060,2,PAIR_F4232E23D4251E0954B3943B,CLASSIFICATION_CONFLICT,419,419,source_section|subject_type,ACCEPT_B,"Convention, applied once to all 465 pairs that differ on source_section and subject_type only (every other field byte-identical). source_section: 'Alternatives Portfolio' is the section heading printed above the table on both pages, so the populated side is right and A's blank is wrong. subject_type: every row label is a named partnership vehicle, so 'fund', not A's 'investment'. Values confirmed against page-001.png and page-002.png.",RESOLVED,B,716b2b3028d4222c5bd8dbe183698cc7ea61e5f7a4d37e799da36d64c0e2dac3
5073b95dca17ad73697d,SRC060,2,PAIR_D5553C5EE1F283FFECE29126,CLASSIFICATION_CONFLICT,420,420,source_section|subject_type,ACCEPT_B,"Convention, applied once to all 465 pairs that differ on source_section and subject_type only (every other field byte-identical). source_section: 'Alternatives Portfolio' is the section heading printed above the table on both pages, so the populated side is right and A's blank is wrong. subject_type: every row label is a named partnership vehicle, so 'fund', not A's 'investment'. Values confirmed against page-001.png and page-002.png.",RESOLVED,B,716b2b3028d4222c5bd8dbe183698cc7ea61e5f7a4d37e799da36d64c0e2dac3
c99101f54fd76fb5c81f,SRC060,2,PAIR_D188768174E3DF5C1C33E0DE,CLASSIFICATION_CONFLICT,421,421,source_section|subject_type,MERGE,"Convention, applied once to all 465 pairs that differ on source_section and subject_type only (every other field byte-identical). source_section: 'Alternatives Portfolio' is the section heading printed above the table on both pages, so the populated side is right and A's blank is wrong. subject_type: every row label is a named partnership vehicle, so 'fund', not A's 'investment'. Values confirmed against page-001.png and page-002.png.; Source review: p2: Retirement Fund (The portfolio report distinguishes investor positions from its aggregate rows.) | p2: Retirement Fund (Printed heading or definition supporting the source-reviewed qualifier.) | p2: Retirement Fund (Supersedes SR2364: the printed entity or table label is context, not a measurement basis; source labels retain its scope.)",RESOLVED,A+B+ADJUDICATOR,716b2b3028d4222c5bd8dbe183698cc7ea61e5f7a4d37e799da36d64c0e2dac3
df20e78e87f7b05a241a,SRC060,2,PAIR_6E61A0CBF551D37C7B3E06E9,CLASSIFICATION_CONFLICT,422,422,source_section|subject_type,MERGE,"Convention, applied once to all 465 pairs that differ on source_section and subject_type only (every other field byte-identical). source_section: 'Alternatives Portfolio' is the section heading printed above the table on both pages, so the populated side is right and A's blank is wrong. subject_type: every row label is a named partnership vehicle, so 'fund', not A's 'investment'. Values confirmed against page-001.png and page-002.png.; Source review: p2: Figures are net of fees. (Footnote 2 applies to the portfolio performance columns.) | p2: Figures are net of fees. (Printed heading or definition supporting the source-reviewed qualifier.)",RESOLVED,A+B+ADJUDICATOR,716b2b3028d4222c5bd8dbe183698cc7ea61e5f7a4d37e799da36d64c0e2dac3
5fe12f653f41cf0cdaa9,SRC060,2,PAIR_1A0BF896E436EE44AF4A4E1F,CLASSIFICATION_CONFLICT,423,423,source_section|subject_type,ACCEPT_B,"Convention, applied once to all 465 pairs that differ on source_section and subject_type only (every other field byte-identical). source_section: 'Alternatives Portfolio' is the section heading printed above the table on both pages, so the populated side is right and A's blank is wrong. subject_type: every row label is a named partnership vehicle, so 'fund', not A's 'investment'. Values confirmed against page-001.png and page-002.png.",RESOLVED,B,716b2b3028d4222c5bd8dbe183698cc7ea61e5f7a4d37e799da36d64c0e2dac3
c2b32fd6417689fb1eed,SRC060,2,PAIR_18C0069A5E8A9A298DDD3420,CLASSIFICATION_CONFLICT,424,424,source_section|subject_type,ACCEPT_B,"Convention, applied once to all 465 pairs that differ on source_section and subject_type only (every other field byte-identical). source_section: 'Alternatives Portfolio' is the section heading printed above the table on both pages, so the populated side is right and A's blank is wrong. subject_type: every row label is a named partnership vehicle, so 'fund', not A's 'investment'. Values confirmed against page-001.png and page-002.png.",RESOLVED,B,716b2b3028d4222c5bd8dbe183698cc7ea61e5f7a4d37e799da36d64c0e2dac3
0f900f4a69f38d68e4cd,SRC060,2,PAIR_B93896F83F075C223DC3D9E0,CLASSIFICATION_CONFLICT,425,425,source_section|subject_type,ACCEPT_B,"Convention, applied once to all 465 pairs that differ on source_section and subject_type only (every other field byte-identical). source_section: 'Alternatives Portfolio' is the section heading printed above the table on both pages, so the populated side is right and A's blank is wrong. subject_type: every row label is a named partnership vehicle, so 'fund', not A's 'investment'. Values confirmed against page-001.png and page-002.png.",RESOLVED,B,716b2b3028d4222c5bd8dbe183698cc7ea61e5f7a4d37e799da36d64c0e2dac3
0953e05f81defc6c6daa,SRC060,2,PAIR_EC203EBD676BBDF985923661,CLASSIFICATION_CONFLICT,426,426,source_section|subject_type,ACCEPT_B,"Convention, applied once to all 465 pairs that differ on source_section and subject_type only (every other field byte-identical). source_section: 'Alternatives Portfolio' is the section heading printed above the table on both pages, so the populated side is right and A's blank is wrong. subject_type: every row label is a named partnership vehicle, so 'fund', not A's 'investment'. Values confirmed against page-001.png and page-002.png.",RESOLVED,B,716b2b3028d4222c5bd8dbe183698cc7ea61e5f7a4d37e799da36d64c0e2dac3
625414111171280b1941,SRC060,2,PAIR_371E0EC76CB26EBE9E92EFA3,CLASSIFICATION_CONFLICT,427,427,source_section|subject_type,MERGE,"Convention, applied once to all 465 pairs that differ on source_section and subject_type only (every other field byte-identical). source_section: 'Alternatives Portfolio' is the section heading printed above the table on both pages, so the populated side is right and A's blank is wrong. subject_type: every row label is a named partnership vehicle, so 'fund', not A's 'investment'. Values confirmed against page-001.png and page-002.png.; Source review: p2: Retirement Fund (The portfolio report distinguishes investor positions from its aggregate rows.) | p2: Retirement Fund (Printed heading or definition supporting the source-reviewed qualifier.) | p2: Retirement Fund (Supersedes SR2366: the printed entity or table label is context, not a measurement basis; source labels retain its scope.)",RESOLVED,A+B+ADJUDICATOR,716b2b3028d4222c5bd8dbe183698cc7ea61e5f7a4d37e799da36d64c0e2dac3
515a6ba8153a6f0ce12e,SRC060,2,PAIR_7E4492BCB22C62DBEE52AB33,CLASSIFICATION_CONFLICT,428,428,source_section|subject_type,MERGE,"Convention, applied once to all 465 pairs that differ on source_section and subject_type only (every other field byte-identical). source_section: 'Alternatives Portfolio' is the section heading printed above the table on both pages, so the populated side is right and A's blank is wrong. subject_type: every row label is a named partnership vehicle, so 'fund', not A's 'investment'. Values confirmed against page-001.png and page-002.png.; Source review: p2: Figures are net of fees. (Footnote 2 applies to the portfolio performance columns.) | p2: Figures are net of fees. (Printed heading or definition supporting the source-reviewed qualifier.)",RESOLVED,A+B+ADJUDICATOR,716b2b3028d4222c5bd8dbe183698cc7ea61e5f7a4d37e799da36d64c0e2dac3
1e9de2db3341444b5c52,SRC060,2,PAIR_962D948011298F682D63F153,CLASSIFICATION_CONFLICT,429,429,source_section|subject_type,ACCEPT_B,"Convention, applied once to all 465 pairs that differ on source_section and subject_type only (every other field byte-identical). source_section: 'Alternatives Portfolio' is the section heading printed above the table on both pages, so the populated side is right and A's blank is wrong. subject_type: every row label is a named partnership vehicle, so 'fund', not A's 'investment'. Values confirmed against page-001.png and page-002.png.",RESOLVED,B,716b2b3028d4222c5bd8dbe183698cc7ea61e5f7a4d37e799da36d64c0e2dac3
1641f46163a5d91917e5,SRC060,2,PAIR_360FB30E633BCE7CF8BFA1CD,CLASSIFICATION_CONFLICT,430,430,source_section|subject_type,ACCEPT_B,"Convention, applied once to all 465 pairs that differ on source_section and subject_type only (every other field byte-identical). source_section: 'Alternatives Portfolio' is the section heading printed above the table on both pages, so the populated side is right and A's blank is wrong. subject_type: every row label is a named partnership vehicle, so 'fund', not A's 'investment'. Values confirmed against page-001.png and page-002.png.",RESOLVED,B,716b2b3028d4222c5bd8dbe183698cc7ea61e5f7a4d37e799da36d64c0e2dac3
0495b8360095b3b1ac0f,SRC060,2,PAIR_E1C4680CCCDB1F4FDA31F3D4,CLASSIFICATION_CONFLICT,431,431,source_section|subject_type,ACCEPT_B,"Convention, applied once to all 465 pairs that differ on source_section and subject_type only (every other field byte-identical). source_section: 'Alternatives Portfolio' is the section heading printed above the table on both pages, so the populated side is right and A's blank is wrong. subject_type: every row label is a named partnership vehicle, so 'fund', not A's 'investment'. Values confirmed against page-001.png and page-002.png.",RESOLVED,B,716b2b3028d4222c5bd8dbe183698cc7ea61e5f7a4d37e799da36d64c0e2dac3
95b658419e0a4c43f7c3,SRC060,2,PAIR_0A364178E6BD1902550FEB8B,CLASSIFICATION_CONFLICT,432,432,source_section|subject_type,ACCEPT_B,"Convention, applied once to all 465 pairs that differ on source_section and subject_type only (every other field byte-identical). source_section: 'Alternatives Portfolio' is the section heading printed above the table on both pages, so the populated side is right and A's blank is wrong. subject_type: every row label is a named partnership vehicle, so 'fund', not A's 'investment'. Values confirmed against page-001.png and page-002.png.",RESOLVED,B,716b2b3028d4222c5bd8dbe183698cc7ea61e5f7a4d37e799da36d64c0e2dac3
51e81487256ac54091d3,SRC060,2,PAIR_DF920F4F18E001A6A0DD7915,CLASSIFICATION_CONFLICT,433,433,source_section|subject_type,MERGE,"Convention, applied once to all 465 pairs that differ on source_section and subject_type only (every other field byte-identical). source_section: 'Alternatives Portfolio' is the section heading printed above the table on both pages, so the populated side is right and A's blank is wrong. subject_type: every row label is a named partnership vehicle, so 'fund', not A's 'investment'. Values confirmed against page-001.png and page-002.png.; Source review: p2: Retirement Fund (The portfolio report distinguishes investor positions from its aggregate rows.) | p2: Retirement Fund (Printed heading or definition supporting the source-reviewed qualifier.) | p2: Retirement Fund (Supersedes SR2368: the printed entity or table label is context, not a measurement basis; source labels retain its scope.)",RESOLVED,A+B+ADJUDICATOR,716b2b3028d4222c5bd8dbe183698cc7ea61e5f7a4d37e799da36d64c0e2dac3
93d3411e0e71e6050d2a,SRC060,2,PAIR_7EAE97BCFA350467BB59127B,CLASSIFICATION_CONFLICT,434,434,source_section|subject_type,MERGE,"Convention, applied once to all 465 pairs that differ on source_section and subject_type only (every other field byte-identical). source_section: 'Alternatives Portfolio' is the section heading printed above the table on both pages, so the populated side is right and A's blank is wrong. subject_type: every row label is a named partnership vehicle, so 'fund', not A's 'investment'. Values confirmed against page-001.png and page-002.png.; Source review: p2: Figures are net of fees. (Footnote 2 applies to the portfolio performance columns.) | p2: Figures are net of fees. (Printed heading or definition supporting the source-reviewed qualifier.)",RESOLVED,A+B+ADJUDICATOR,716b2b3028d4222c5bd8dbe183698cc7ea61e5f7a4d37e799da36d64c0e2dac3
020ec16867e77ebd0707,SRC060,2,PAIR_82FA933413813F384F30336C,CLASSIFICATION_CONFLICT,435,435,source_section|subject_type,ACCEPT_B,"Convention, applied once to all 465 pairs that differ on source_section and subject_type only (every other field byte-identical). source_section: 'Alternatives Portfolio' is the section heading printed above the table on both pages, so the populated side is right and A's blank is wrong. subject_type: every row label is a named partnership vehicle, so 'fund', not A's 'investment'. Values confirmed against page-001.png and page-002.png.",RESOLVED,B,716b2b3028d4222c5bd8dbe183698cc7ea61e5f7a4d37e799da36d64c0e2dac3
4fdbbbec3ff425a907dc,SRC060,2,PAIR_CB895463F3B584CCD9159F2A,CLASSIFICATION_CONFLICT,436,436,source_section|subject_type,ACCEPT_B,"Convention, applied once to all 465 pairs that differ on source_section and subject_type only (every other field byte-identical). source_section: 'Alternatives Portfolio' is the section heading printed above the table on both pages, so the populated side is right and A's blank is wrong. subject_type: every row label is a named partnership vehicle, so 'fund', not A's 'investment'. Values confirmed against page-001.png and page-002.png.",RESOLVED,B,716b2b3028d4222c5bd8dbe183698cc7ea61e5f7a4d37e799da36d64c0e2dac3
169a767eb91003c2dc13,SRC060,2,PAIR_C7FBD25A143831C2F630BECA,CLASSIFICATION_CONFLICT,437,437,source_section|subject_type,ACCEPT_B,"Convention, applied once to all 465 pairs that differ on source_section and subject_type only (every other field byte-identical). source_section: 'Alternatives Portfolio' is the section heading printed above the table on both pages, so the populated side is right and A's blank is wrong. subject_type: every row label is a named partnership vehicle, so 'fund', not A's 'investment'. Values confirmed against page-001.png and page-002.png.",RESOLVED,B,716b2b3028d4222c5bd8dbe183698cc7ea61e5f7a4d37e799da36d64c0e2dac3
b56474e7eeaab6e2d3a5,SRC060,2,PAIR_EC67B677A24C9AB6C25A7DAF,A_ONLY,438,,,MERGE,"MERGE on an A_ONLY pair. The printed 'Totals:' row on page 2 carries its own label and a clear grain (the Alternatives Portfolio aggregate as of September 30, 2022), so it is an eligible fund_economics_observation and B's omission is the miss; A's six values match page-002.png. Corrected against A: source_section set to 'Alternatives Portfolio', the heading printed above the table and blank in A, matching the ruling applied to the other 465 rows; subject_name set to 'Alternatives Portfolio' because 'Totals' is a row label and not an entity name. The row's TWR 4.0% is not written: no allowed fund_economics_observation category covers a time-weighted return, which is why both lanes skipped the TWR column on every row of this table.",RESOLVED,A+ADJUDICATOR,716b2b3028d4222c5bd8dbe183698cc7ea61e5f7a4d37e799da36d64c0e2dac3
57cafc22b99a13e8dd72,SRC060,2,PAIR_F2FEC62BFFF0A193A9D50CFA,A_ONLY,439,,,MERGE,"MERGE on an A_ONLY pair. The printed 'Totals:' row on page 2 carries its own label and a clear grain (the Alternatives Portfolio aggregate as of September 30, 2022), so it is an eligible fund_economics_observation and B's omission is the miss; A's six values match page-002.png. Corrected against A: source_section set to 'Alternatives Portfolio', the heading printed above the table and blank in A, matching the ruling applied to the other 465 rows; subject_name set to 'Alternatives Portfolio' because 'Totals' is a row label and not an entity name. The row's TWR 4.0% is not written: no allowed fund_economics_observation category covers a time-weighted return, which is why both lanes skipped the TWR column on every row of this table.; Source review: p2: Retirement Fund (The portfolio report distinguishes investor positions from its aggregate rows.) | p2: Retirement Fund (Printed heading or definition supporting the source-reviewed qualifier.) | p2: Retirement Fund (Supersedes SR2370: the printed entity or table label is context, not a measurement basis; source labels retain its scope.)",RESOLVED,A+ADJUDICATOR,716b2b3028d4222c5bd8dbe183698cc7ea61e5f7a4d37e799da36d64c0e2dac3
fd6e0ca160682a28ea28,SRC060,2,PAIR_92DB7A24415ABD8FCCD7E607,A_ONLY,440,,,MERGE,"MERGE on an A_ONLY pair. The printed 'Totals:' row on page 2 carries its own label and a clear grain (the Alternatives Portfolio aggregate as of September 30, 2022), so it is an eligible fund_economics_observation and B's omission is the miss; A's six values match page-002.png. Corrected against A: source_section set to 'Alternatives Portfolio', the heading printed above the table and blank in A, matching the ruling applied to the other 465 rows; subject_name set to 'Alternatives Portfolio' because 'Totals' is a row label and not an entity name. The row's TWR 4.0% is not written: no allowed fund_economics_observation category covers a time-weighted return, which is why both lanes skipped the TWR column on every row of this table.; Source review: p2: Figures are net of fees. (Footnote 2 applies to the portfolio performance columns.) | p2: Figures are net of fees. (Printed heading or definition supporting the source-reviewed qualifier.)",RESOLVED,A+ADJUDICATOR,716b2b3028d4222c5bd8dbe183698cc7ea61e5f7a4d37e799da36d64c0e2dac3
c685ecdbce8359d368f7,SRC060,2,PAIR_054436461C11120EFDB18551,A_ONLY,441,,,MERGE,"MERGE on an A_ONLY pair. The printed 'Totals:' row on page 2 carries its own label and a clear grain (the Alternatives Portfolio aggregate as of September 30, 2022), so it is an eligible fund_economics_observation and B's omission is the miss; A's six values match page-002.png. Corrected against A: source_section set to 'Alternatives Portfolio', the heading printed above the table and blank in A, matching the ruling applied to the other 465 rows; subject_name set to 'Alternatives Portfolio' because 'Totals' is a row label and not an entity name. The row's TWR 4.0% is not written: no allowed fund_economics_observation category covers a time-weighted return, which is why both lanes skipped the TWR column on every row of this table.",RESOLVED,A+ADJUDICATOR,716b2b3028d4222c5bd8dbe183698cc7ea61e5f7a4d37e799da36d64c0e2dac3
82ad8c67c3c83d42d4fe,SRC060,2,PAIR_90E1A6D3F83FEFB13AF514E0,A_ONLY,442,,,MERGE,"MERGE on an A_ONLY pair. The printed 'Totals:' row on page 2 carries its own label and a clear grain (the Alternatives Portfolio aggregate as of September 30, 2022), so it is an eligible fund_economics_observation and B's omission is the miss; A's six values match page-002.png. Corrected against A: source_section set to 'Alternatives Portfolio', the heading printed above the table and blank in A, matching the ruling applied to the other 465 rows; subject_name set to 'Alternatives Portfolio' because 'Totals' is a row label and not an entity name. The row's TWR 4.0% is not written: no allowed fund_economics_observation category covers a time-weighted return, which is why both lanes skipped the TWR column on every row of this table.",RESOLVED,A+ADJUDICATOR,716b2b3028d4222c5bd8dbe183698cc7ea61e5f7a4d37e799da36d64c0e2dac3
ddb4583bedd8395d3f72,SRC060,2,PAIR_D1452690EDF69376C8025095,A_ONLY,443,,,MERGE,"MERGE on an A_ONLY pair. The printed 'Totals:' row on page 2 carries its own label and a clear grain (the Alternatives Portfolio aggregate as of September 30, 2022), so it is an eligible fund_economics_observation and B's omission is the miss; A's six values match page-002.png. Corrected against A: source_section set to 'Alternatives Portfolio', the heading printed above the table and blank in A, matching the ruling applied to the other 465 rows; subject_name set to 'Alternatives Portfolio' because 'Totals' is a row label and not an entity name. The row's TWR 4.0% is not written: no allowed fund_economics_observation category covers a time-weighted return, which is why both lanes skipped the TWR column on every row of this table.",RESOLVED,A+ADJUDICATOR,716b2b3028d4222c5bd8dbe183698cc7ea61e5f7a4d37e799da36d64c0e2dac3
bf1b3a52d89fdbff65cf,SRC060,2,PAIR_3767CB422A518D20824F89C7,CLASSIFICATION_CONFLICT,444,438,source_section|subject_type,ACCEPT_B,"Convention, applied once to all 465 pairs that differ on source_section and subject_type only (every other field byte-identical). source_section: 'Alternatives Portfolio' is the section heading printed above the table on both pages, so the populated side is right and A's blank is wrong. subject_type: every row label is a named partnership vehicle, so 'fund', not A's 'investment'. Values confirmed against page-001.png and page-002.png.",RESOLVED,B,716b2b3028d4222c5bd8dbe183698cc7ea61e5f7a4d37e799da36d64c0e2dac3
8047c305e24df32cbcc0,SRC060,2,PAIR_1EE83931AAF4FF910E114096,CLASSIFICATION_CONFLICT,445,439,source_section|subject_type,MERGE,"Convention, applied once to all 465 pairs that differ on source_section and subject_type only (every other field byte-identical). source_section: 'Alternatives Portfolio' is the section heading printed above the table on both pages, so the populated side is right and A's blank is wrong. subject_type: every row label is a named partnership vehicle, so 'fund', not A's 'investment'. Values confirmed against page-001.png and page-002.png.; Source review: p2: Retirement Fund (The portfolio report distinguishes investor positions from its aggregate rows.) | p2: Retirement Fund (Printed heading or definition supporting the source-reviewed qualifier.) | p2: Retirement Fund (Supersedes SR2372: the printed entity or table label is context, not a measurement basis; source labels retain its scope.)",RESOLVED,A+B+ADJUDICATOR,716b2b3028d4222c5bd8dbe183698cc7ea61e5f7a4d37e799da36d64c0e2dac3
d6e6a8adafa593bb03a6,SRC060,2,PAIR_983180647D1BBDAF74DF887C,CLASSIFICATION_CONFLICT,446,440,source_section|subject_type,MERGE,"Convention, applied once to all 465 pairs that differ on source_section and subject_type only (every other field byte-identical). source_section: 'Alternatives Portfolio' is the section heading printed above the table on both pages, so the populated side is right and A's blank is wrong. subject_type: every row label is a named partnership vehicle, so 'fund', not A's 'investment'. Values confirmed against page-001.png and page-002.png.; Source review: p2: Figures are net of fees. (Footnote 2 applies to the portfolio performance columns.) | p2: Figures are net of fees. (Printed heading or definition supporting the source-reviewed qualifier.)",RESOLVED,A+B+ADJUDICATOR,716b2b3028d4222c5bd8dbe183698cc7ea61e5f7a4d37e799da36d64c0e2dac3
259c6255fd32eb894360,SRC060,2,PAIR_A58318CDFC741B8A232D79A1,CLASSIFICATION_CONFLICT,447,441,source_section|subject_type,ACCEPT_B,"Convention, applied once to all 465 pairs that differ on source_section and subject_type only (every other field byte-identical). source_section: 'Alternatives Portfolio' is the section heading printed above the table on both pages, so the populated side is right and A's blank is wrong. subject_type: every row label is a named partnership vehicle, so 'fund', not A's 'investment'. Values confirmed against page-001.png and page-002.png.",RESOLVED,B,716b2b3028d4222c5bd8dbe183698cc7ea61e5f7a4d37e799da36d64c0e2dac3
873a991e7797ed6bd254,SRC060,2,PAIR_7B20CD55CA50ECB416371B0C,CLASSIFICATION_CONFLICT,448,442,source_section|subject_type,ACCEPT_B,"Convention, applied once to all 465 pairs that differ on source_section and subject_type only (every other field byte-identical). source_section: 'Alternatives Portfolio' is the section heading printed above the table on both pages, so the populated side is right and A's blank is wrong. subject_type: every row label is a named partnership vehicle, so 'fund', not A's 'investment'. Values confirmed against page-001.png and page-002.png.",RESOLVED,B,716b2b3028d4222c5bd8dbe183698cc7ea61e5f7a4d37e799da36d64c0e2dac3
320e6349ce3faaca0129,SRC060,2,PAIR_87F9589576A5FF71819F4E2F,CLASSIFICATION_CONFLICT,449,443,source_section|subject_type,ACCEPT_B,"Convention, applied once to all 465 pairs that differ on source_section and subject_type only (every other field byte-identical). source_section: 'Alternatives Portfolio' is the section heading printed above the table on both pages, so the populated side is right and A's blank is wrong. subject_type: every row label is a named partnership vehicle, so 'fund', not A's 'investment'. Values confirmed against page-001.png and page-002.png.",RESOLVED,B,716b2b3028d4222c5bd8dbe183698cc7ea61e5f7a4d37e799da36d64c0e2dac3
80903a3894bab438e75b,SRC060,2,PAIR_054D9882C77DDE6A1F5B54CF,CLASSIFICATION_CONFLICT,450,444,source_section|subject_type,ACCEPT_B,"Convention, applied once to all 465 pairs that differ on source_section and subject_type only (every other field byte-identical). source_section: 'Alternatives Portfolio' is the section heading printed above the table on both pages, so the populated side is right and A's blank is wrong. subject_type: every row label is a named partnership vehicle, so 'fund', not A's 'investment'. Values confirmed against page-001.png and page-002.png.",RESOLVED,B,716b2b3028d4222c5bd8dbe183698cc7ea61e5f7a4d37e799da36d64c0e2dac3
a97a284845416e2e6d72,SRC060,2,PAIR_B32EEE6A22F117B1D2F74D09,CLASSIFICATION_CONFLICT,451,445,source_section|subject_type,MERGE,"Convention, applied once to all 465 pairs that differ on source_section and subject_type only (every other field byte-identical). source_section: 'Alternatives Portfolio' is the section heading printed above the table on both pages, so the populated side is right and A's blank is wrong. subject_type: every row label is a named partnership vehicle, so 'fund', not A's 'investment'. Values confirmed against page-001.png and page-002.png.; Source review: p2: Retirement Fund (The portfolio report distinguishes investor positions from its aggregate rows.) | p2: Retirement Fund (Printed heading or definition supporting the source-reviewed qualifier.) | p2: Retirement Fund (Supersedes SR2374: the printed entity or table label is context, not a measurement basis; source labels retain its scope.)",RESOLVED,A+B+ADJUDICATOR,716b2b3028d4222c5bd8dbe183698cc7ea61e5f7a4d37e799da36d64c0e2dac3
2746ba3659c5134a80d2,SRC060,2,PAIR_A9A084D194342E583C9E3022,CLASSIFICATION_CONFLICT,452,446,source_section|subject_type,MERGE,"Convention, applied once to all 465 pairs that differ on source_section and subject_type only (every other field byte-identical). source_section: 'Alternatives Portfolio' is the section heading printed above the table on both pages, so the populated side is right and A's blank is wrong. subject_type: every row label is a named partnership vehicle, so 'fund', not A's 'investment'. Values confirmed against page-001.png and page-002.png.; Source review: p2: Figures are net of fees. (Footnote 2 applies to the portfolio performance columns.) | p2: Figures are net of fees. (Printed heading or definition supporting the source-reviewed qualifier.)",RESOLVED,A+B+ADJUDICATOR,716b2b3028d4222c5bd8dbe183698cc7ea61e5f7a4d37e799da36d64c0e2dac3
bc1a38c736be50d55f10,SRC060,2,PAIR_2E37A1FFD87528A4FDB582F8,CLASSIFICATION_CONFLICT,453,447,source_section|subject_type,ACCEPT_B,"Convention, applied once to all 465 pairs that differ on source_section and subject_type only (every other field byte-identical). source_section: 'Alternatives Portfolio' is the section heading printed above the table on both pages, so the populated side is right and A's blank is wrong. subject_type: every row label is a named partnership vehicle, so 'fund', not A's 'investment'. Values confirmed against page-001.png and page-002.png.",RESOLVED,B,716b2b3028d4222c5bd8dbe183698cc7ea61e5f7a4d37e799da36d64c0e2dac3
d51ccb87a4fb06ab13c7,SRC060,2,PAIR_79AB86CE3A92AF23EB28141A,CLASSIFICATION_CONFLICT,454,448,source_section|subject_type,ACCEPT_B,"Convention, applied once to all 465 pairs that differ on source_section and subject_type only (every other field byte-identical). source_section: 'Alternatives Portfolio' is the section heading printed above the table on both pages, so the populated side is right and A's blank is wrong. subject_type: every row label is a named partnership vehicle, so 'fund', not A's 'investment'. Values confirmed against page-001.png and page-002.png.",RESOLVED,B,716b2b3028d4222c5bd8dbe183698cc7ea61e5f7a4d37e799da36d64c0e2dac3
975aa08bd354458f46fd,SRC060,2,PAIR_375FBAEF5624815B2F90A37A,CLASSIFICATION_CONFLICT,455,449,source_section|subject_type,ACCEPT_B,"Convention, applied once to all 465 pairs that differ on source_section and subject_type only (every other field byte-identical). source_section: 'Alternatives Portfolio' is the section heading printed above the table on both pages, so the populated side is right and A's blank is wrong. subject_type: every row label is a named partnership vehicle, so 'fund', not A's 'investment'. Values confirmed against page-001.png and page-002.png.",RESOLVED,B,716b2b3028d4222c5bd8dbe183698cc7ea61e5f7a4d37e799da36d64c0e2dac3
e18c84d551e88b73921e,SRC060,2,PAIR_8510403FE58F6E8134563FC0,CLASSIFICATION_CONFLICT,456,450,source_section|subject_type,ACCEPT_B,"Convention, applied once to all 465 pairs that differ on source_section and subject_type only (every other field byte-identical). source_section: 'Alternatives Portfolio' is the section heading printed above the table on both pages, so the populated side is right and A's blank is wrong. subject_type: every row label is a named partnership vehicle, so 'fund', not A's 'investment'. Values confirmed against page-001.png and page-002.png.",RESOLVED,B,716b2b3028d4222c5bd8dbe183698cc7ea61e5f7a4d37e799da36d64c0e2dac3
f16b047f4266992db7b2,SRC060,2,PAIR_60DB06FB273CDDF56A0A099B,CLASSIFICATION_CONFLICT,457,451,source_section|subject_type,MERGE,"Convention, applied once to all 465 pairs that differ on source_section and subject_type only (every other field byte-identical). source_section: 'Alternatives Portfolio' is the section heading printed above the table on both pages, so the populated side is right and A's blank is wrong. subject_type: every row label is a named partnership vehicle, so 'fund', not A's 'investment'. Values confirmed against page-001.png and page-002.png.; Source review: p2: Retirement Fund (The portfolio report distinguishes investor positions from its aggregate rows.) | p2: Retirement Fund (Printed heading or definition supporting the source-reviewed qualifier.) | p2: Retirement Fund (Supersedes SR2376: the printed entity or table label is context, not a measurement basis; source labels retain its scope.)",RESOLVED,A+B+ADJUDICATOR,716b2b3028d4222c5bd8dbe183698cc7ea61e5f7a4d37e799da36d64c0e2dac3
2f7625d25b2ceaa58497,SRC060,2,PAIR_BDDE4B4AE22D188468D369D7,CLASSIFICATION_CONFLICT,458,452,source_section|subject_type,MERGE,"Convention, applied once to all 465 pairs that differ on source_section and subject_type only (every other field byte-identical). source_section: 'Alternatives Portfolio' is the section heading printed above the table on both pages, so the populated side is right and A's blank is wrong. subject_type: every row label is a named partnership vehicle, so 'fund', not A's 'investment'. Values confirmed against page-001.png and page-002.png.; Source review: p2: Figures are net of fees. (Footnote 2 applies to the portfolio performance columns.) | p2: Figures are net of fees. (Printed heading or definition supporting the source-reviewed qualifier.)",RESOLVED,A+B+ADJUDICATOR,716b2b3028d4222c5bd8dbe183698cc7ea61e5f7a4d37e799da36d64c0e2dac3
9f779d747ea6d937ce93,SRC060,2,PAIR_F73E31D30BB0882E428308C9,CLASSIFICATION_CONFLICT,459,453,source_section|subject_type,ACCEPT_B,"Convention, applied once to all 465 pairs that differ on source_section and subject_type only (every other field byte-identical). source_section: 'Alternatives Portfolio' is the section heading printed above the table on both pages, so the populated side is right and A's blank is wrong. subject_type: every row label is a named partnership vehicle, so 'fund', not A's 'investment'. Values confirmed against page-001.png and page-002.png.",RESOLVED,B,716b2b3028d4222c5bd8dbe183698cc7ea61e5f7a4d37e799da36d64c0e2dac3
2a8c77e53f7b9c4a08a6,SRC060,2,PAIR_A552FA9F68AF4C4B4BEA0101,CLASSIFICATION_CONFLICT,460,454,source_section|subject_type,ACCEPT_B,"Convention, applied once to all 465 pairs that differ on source_section and subject_type only (every other field byte-identical). source_section: 'Alternatives Portfolio' is the section heading printed above the table on both pages, so the populated side is right and A's blank is wrong. subject_type: every row label is a named partnership vehicle, so 'fund', not A's 'investment'. Values confirmed against page-001.png and page-002.png.",RESOLVED,B,716b2b3028d4222c5bd8dbe183698cc7ea61e5f7a4d37e799da36d64c0e2dac3
f50e1716b844570b3e58,SRC060,2,PAIR_6756F607E78BE9657C9F45B7,CLASSIFICATION_CONFLICT,461,455,source_section|subject_type,ACCEPT_B,"Convention, applied once to all 465 pairs that differ on source_section and subject_type only (every other field byte-identical). source_section: 'Alternatives Portfolio' is the section heading printed above the table on both pages, so the populated side is right and A's blank is wrong. subject_type: every row label is a named partnership vehicle, so 'fund', not A's 'investment'. Values confirmed against page-001.png and page-002.png.",RESOLVED,B,716b2b3028d4222c5bd8dbe183698cc7ea61e5f7a4d37e799da36d64c0e2dac3
0adf5298196dcaa1cd0c,SRC060,2,PAIR_66277DFC149695E95817D92E,CLASSIFICATION_CONFLICT,462,456,source_section|subject_type,ACCEPT_B,"Convention, applied once to all 465 pairs that differ on source_section and subject_type only (every other field byte-identical). source_section: 'Alternatives Portfolio' is the section heading printed above the table on both pages, so the populated side is right and A's blank is wrong. subject_type: every row label is a named partnership vehicle, so 'fund', not A's 'investment'. Values confirmed against page-001.png and page-002.png.",RESOLVED,B,716b2b3028d4222c5bd8dbe183698cc7ea61e5f7a4d37e799da36d64c0e2dac3
531f6dfb2283daedff76,SRC060,2,PAIR_EAAD5C09ADC8A41DFFC464C4,CLASSIFICATION_CONFLICT,463,457,source_section|subject_type,MERGE,"Convention, applied once to all 465 pairs that differ on source_section and subject_type only (every other field byte-identical). source_section: 'Alternatives Portfolio' is the section heading printed above the table on both pages, so the populated side is right and A's blank is wrong. subject_type: every row label is a named partnership vehicle, so 'fund', not A's 'investment'. Values confirmed against page-001.png and page-002.png.; Source review: p2: Retirement Fund (The portfolio report distinguishes investor positions from its aggregate rows.) | p2: Retirement Fund (Printed heading or definition supporting the source-reviewed qualifier.) | p2: Retirement Fund (Supersedes SR2378: the printed entity or table label is context, not a measurement basis; source labels retain its scope.)",RESOLVED,A+B+ADJUDICATOR,716b2b3028d4222c5bd8dbe183698cc7ea61e5f7a4d37e799da36d64c0e2dac3
ebcdac0155e6932d8e90,SRC060,2,PAIR_C07B503FC66F1A27F6F4F405,CLASSIFICATION_CONFLICT,464,458,source_section|subject_type,MERGE,"Convention, applied once to all 465 pairs that differ on source_section and subject_type only (every other field byte-identical). source_section: 'Alternatives Portfolio' is the section heading printed above the table on both pages, so the populated side is right and A's blank is wrong. subject_type: every row label is a named partnership vehicle, so 'fund', not A's 'investment'. Values confirmed against page-001.png and page-002.png.; Source review: p2: Figures are net of fees. (Footnote 2 applies to the portfolio performance columns.) | p2: Figures are net of fees. (Printed heading or definition supporting the source-reviewed qualifier.)",RESOLVED,A+B+ADJUDICATOR,716b2b3028d4222c5bd8dbe183698cc7ea61e5f7a4d37e799da36d64c0e2dac3
63c54969b78c0fe5604c,SRC060,2,PAIR_4EB925F43127DA5578E6EB2B,CLASSIFICATION_CONFLICT,465,459,source_section|subject_type,ACCEPT_B,"Convention, applied once to all 465 pairs that differ on source_section and subject_type only (every other field byte-identical). source_section: 'Alternatives Portfolio' is the section heading printed above the table on both pages, so the populated side is right and A's blank is wrong. subject_type: every row label is a named partnership vehicle, so 'fund', not A's 'investment'. Values confirmed against page-001.png and page-002.png.",RESOLVED,B,716b2b3028d4222c5bd8dbe183698cc7ea61e5f7a4d37e799da36d64c0e2dac3
0ad478c93022ce297b5d,SRC060,2,PAIR_08D57BE33EB7739016187DC8,CLASSIFICATION_CONFLICT,466,460,source_section|subject_type,ACCEPT_B,"Convention, applied once to all 465 pairs that differ on source_section and subject_type only (every other field byte-identical). source_section: 'Alternatives Portfolio' is the section heading printed above the table on both pages, so the populated side is right and A's blank is wrong. subject_type: every row label is a named partnership vehicle, so 'fund', not A's 'investment'. Values confirmed against page-001.png and page-002.png.",RESOLVED,B,716b2b3028d4222c5bd8dbe183698cc7ea61e5f7a4d37e799da36d64c0e2dac3
c1e2578587a37e22531c,SRC060,2,PAIR_7FEAD87A5911E1538E048F82,CLASSIFICATION_CONFLICT,467,461,source_section|subject_type,ACCEPT_B,"Convention, applied once to all 465 pairs that differ on source_section and subject_type only (every other field byte-identical). source_section: 'Alternatives Portfolio' is the section heading printed above the table on both pages, so the populated side is right and A's blank is wrong. subject_type: every row label is a named partnership vehicle, so 'fund', not A's 'investment'. Values confirmed against page-001.png and page-002.png.",RESOLVED,B,716b2b3028d4222c5bd8dbe183698cc7ea61e5f7a4d37e799da36d64c0e2dac3
03b64ba0d160c8f2b714,SRC060,2,PAIR_6F16EFDD6CA11C08FED7A7E7,CLASSIFICATION_CONFLICT,468,462,source_section|subject_type,ACCEPT_B,"Convention, applied once to all 465 pairs that differ on source_section and subject_type only (every other field byte-identical). source_section: 'Alternatives Portfolio' is the section heading printed above the table on both pages, so the populated side is right and A's blank is wrong. subject_type: every row label is a named partnership vehicle, so 'fund', not A's 'investment'. Values confirmed against page-001.png and page-002.png.",RESOLVED,B,716b2b3028d4222c5bd8dbe183698cc7ea61e5f7a4d37e799da36d64c0e2dac3
1319a5403f43bdaa8e0a,SRC060,2,PAIR_C71D2443C2A9B24E9037291F,CLASSIFICATION_CONFLICT,469,463,source_section|subject_type,MERGE,"Convention, applied once to all 465 pairs that differ on source_section and subject_type only (every other field byte-identical). source_section: 'Alternatives Portfolio' is the section heading printed above the table on both pages, so the populated side is right and A's blank is wrong. subject_type: every row label is a named partnership vehicle, so 'fund', not A's 'investment'. Values confirmed against page-001.png and page-002.png.; Source review: p2: Retirement Fund (The portfolio report distinguishes investor positions from its aggregate rows.) | p2: Retirement Fund (Printed heading or definition supporting the source-reviewed qualifier.) | p2: Retirement Fund (Supersedes SR2380: the printed entity or table label is context, not a measurement basis; source labels retain its scope.)",RESOLVED,A+B+ADJUDICATOR,716b2b3028d4222c5bd8dbe183698cc7ea61e5f7a4d37e799da36d64c0e2dac3
b27b014d0318acbae9b4,SRC060,2,PAIR_4A707A5812BBE57C23B07020,CLASSIFICATION_CONFLICT,470,464,source_section|subject_type,ACCEPT_B,"Convention, applied once to all 465 pairs that differ on source_section and subject_type only (every other field byte-identical). source_section: 'Alternatives Portfolio' is the section heading printed above the table on both pages, so the populated side is right and A's blank is wrong. subject_type: every row label is a named partnership vehicle, so 'fund', not A's 'investment'. Values confirmed against page-001.png and page-002.png.",RESOLVED,B,716b2b3028d4222c5bd8dbe183698cc7ea61e5f7a4d37e799da36d64c0e2dac3
761d162e47754998dd08,SRC060,2,PAIR_596A97042C9F80AA2AFDCD52,CLASSIFICATION_CONFLICT,471,465,source_section|subject_type,ACCEPT_B,"Convention, applied once to all 465 pairs that differ on source_section and subject_type only (every other field byte-identical). source_section: 'Alternatives Portfolio' is the section heading printed above the table on both pages, so the populated side is right and A's blank is wrong. subject_type: every row label is a named partnership vehicle, so 'fund', not A's 'investment'. Values confirmed against page-001.png and page-002.png.",RESOLVED,B,716b2b3028d4222c5bd8dbe183698cc7ea61e5f7a4d37e799da36d64c0e2dac3
0c202dc2a75882d769b6,SRC060,2,PAIR_F19F781B4799D9B36F9DD43E,CLASSIFICATION_CONFLICT,472,466,source_section|subject_type,ACCEPT_B,"Convention, applied once to all 465 pairs that differ on source_section and subject_type only (every other field byte-identical). source_section: 'Alternatives Portfolio' is the section heading printed above the table on both pages, so the populated side is right and A's blank is wrong. subject_type: every row label is a named partnership vehicle, so 'fund', not A's 'investment'. Values confirmed against page-001.png and page-002.png.",RESOLVED,B,716b2b3028d4222c5bd8dbe183698cc7ea61e5f7a4d37e799da36d64c0e2dac3
152f7907bd977d1f64b7,SRC063,1,PAIR_EDD839A0C80172328DC5D8BC,CONTEXT_CONFLICT,1,1,source_section|condition_raw,ACCEPT_B,"Both lanes read the same printed note; lane B carries the section heading the page prints, and a populated context field the page states is the correct reading.",RESOLVED,B,f27235b5cbd2148f78e6d7d010017b38e2807611735e9229375986a38db2db38
b05b02e3aa328ae357e7,SRC063,1,PAIR_0DAD2B883353EF05EF46FEF8,CONTEXT_CONFLICT,2,2,source_section|condition_raw|evidence_quote,ACCEPT_B,"Both lanes read the same printed note; lane B carries the section heading the page prints, and a populated context field the page states is the correct reading.",RESOLVED,B,f27235b5cbd2148f78e6d7d010017b38e2807611735e9229375986a38db2db38
29e9090ce9825949ff44,SRC063,1,PAIR_A506FE3F51C2641863178CC1,VALUE_CONFLICT,3,3,source_section|text_raw|condition_raw|evidence_quote,ACCEPT_B,"Both lanes read the same printed note; lane B carries the section heading the page prints, and a populated context field the page states is the correct reading.",RESOLVED,B,f27235b5cbd2148f78e6d7d010017b38e2807611735e9229375986a38db2db38
3f909a02544059d27146,SRC063,1,PAIR_F34093951A77F0450B4B5D73,CLASSIFICATION_CONFLICT,4,4,source_table|subject_name|evidence_quote,MERGE,"Verified against page-001.png. document_context row: subject_name is the entity printed in the page banner in full, ""Public Employees' Retirement Fund (PERF)"", not A's concatenation with the table heading nor B's 'Real Assets'; investor_name and portfolio_name already carry that split. source_table blank because a DOCUMENT-structure row is not read out of a table, and source_section carries the one heading page 1 prints above it, which satisfies the source_table-or-source_section requirement. Definition backfill: footnote 1 on the Partnership column states time-weighted returns net of investment expenses; ** marks the currency-hedged partnerships.",RESOLVED,A+B+ADJUDICATOR,f27235b5cbd2148f78e6d7d010017b38e2807611735e9229375986a38db2db38
289f7948b733f6c704c2,SRC063,1,PAIR_E461D8446EA3BE48CC174D78,VALUE_CONFLICT,5,104,source_section|subject_type|asset_class|metric_value_raw|method|fee_basis,MERGE,"Verified against page-1 image. source_section is the exact printed heading above the table, shaded bar on both pages: A left it blank, B truncated it to 'Real Assets'; asset_class 'Real Assets' from the table title, the printed grouping that governs every row; B left it blank; subject_type 'fund': the row label names a vehicle listed under the printed 'Partnership' column header, whose footnote reads 'Real Asset Partnerships'; A's 'investment' is the fund/investment split; value keeps the printed form with no gap between the currency symbol and the digits. Definition backfill: footnote 1 on the Partnership column states time-weighted returns net of investment expenses; ** marks the currency-hedged partnerships.",RESOLVED,A+B+ADJUDICATOR,f27235b5cbd2148f78e6d7d010017b38e2807611735e9229375986a38db2db38
f8470972a04fb3434690,SRC063,1,PAIR_E4100929595C61CAB818EEC1,CLASSIFICATION_CONFLICT,6,105,source_section|subject_type|asset_class|value_scope,MERGE,"Verified against page-1 image. source_section is the exact printed heading above the table, shaded bar on both pages: A left it blank, B truncated it to 'Real Assets'; asset_class 'Real Assets' from the table title, the printed grouping that governs every row; B left it blank; subject_type 'fund': the row label names a vehicle listed under the printed 'Partnership' column header, whose footnote reads 'Real Asset Partnerships'; A's 'investment' is the fund/investment split. Definition backfill: footnote 1 on the Partnership column states time-weighted returns net of investment expenses; ** marks the currency-hedged partnerships.",RESOLVED,A+B+ADJUDICATOR,f27235b5cbd2148f78e6d7d010017b38e2807611735e9229375986a38db2db38
ac4664b4e799b7f5dd5f,SRC063,1,PAIR_0E6FF1D065B5B005D0F3DFFD,CLASSIFICATION_CONFLICT,7,106,source_section|subject_type|asset_class|value_scope,MERGE,"Verified against page-1 image. source_section is the exact printed heading above the table, shaded bar on both pages: A left it blank, B truncated it to 'Real Assets'; asset_class 'Real Assets' from the table title, the printed grouping that governs every row; B left it blank; subject_type 'fund': the row label names a vehicle listed under the printed 'Partnership' column header, whose footnote reads 'Real Asset Partnerships'; A's 'investment' is the fund/investment split. Definition backfill: footnote 1 on the Partnership column states time-weighted returns net of investment expenses; ** marks the currency-hedged partnerships.",RESOLVED,A+B+ADJUDICATOR,f27235b5cbd2148f78e6d7d010017b38e2807611735e9229375986a38db2db38
7bfb7b58fc8c4187f14a,SRC063,1,PAIR_F70662BD935697F4ADA504E6,CLASSIFICATION_CONFLICT,8,107,source_section|subject_type|asset_class|value_scope,MERGE,"Verified against page-1 image. source_section is the exact printed heading above the table, shaded bar on both pages: A left it blank, B truncated it to 'Real Assets'; asset_class 'Real Assets' from the table title, the printed grouping that governs every row; B left it blank; subject_type 'fund': the row label names a vehicle listed under the printed 'Partnership' column header, whose footnote reads 'Real Asset Partnerships'; A's 'investment' is the fund/investment split. Definition backfill: footnote 1 on the Partnership column states time-weighted returns net of investment expenses; ** marks the currency-hedged partnerships.",RESOLVED,A+B+ADJUDICATOR,f27235b5cbd2148f78e6d7d010017b38e2807611735e9229375986a38db2db38
f2501af8a512513fb194,SRC063,1,PAIR_8B8C8AFE7ADD114459D29A00,CLASSIFICATION_CONFLICT,9,108,source_section|subject_type|asset_class|value_scope,MERGE,"Verified against page-1 image. source_section is the exact printed heading above the table, shaded bar on both pages: A left it blank, B truncated it to 'Real Assets'; asset_class 'Real Assets' from the table title, the printed grouping that governs every row; B left it blank; subject_type 'fund': the row label names a vehicle listed under the printed 'Partnership' column header, whose footnote reads 'Real Asset Partnerships'; A's 'investment' is the fund/investment split. Definition backfill: footnote 1 on the Partnership column states time-weighted returns net of investment expenses; ** marks the currency-hedged partnerships.",RESOLVED,A+B+ADJUDICATOR,f27235b5cbd2148f78e6d7d010017b38e2807611735e9229375986a38db2db38
d0f8dc20de53413ae779,SRC063,1,PAIR_49F18DEAC11E1C25F270CDBA,VALUE_CONFLICT,10,109,source_section|subject_type|asset_class|metric_value_raw|method|fee_basis,MERGE,"Verified against page-1 image. source_section is the exact printed heading above the table, shaded bar on both pages: A left it blank, B truncated it to 'Real Assets'; asset_class 'Real Assets' from the table title, the printed grouping that governs every row; B left it blank; subject_type 'fund': the row label names a vehicle listed under the printed 'Partnership' column header, whose footnote reads 'Real Asset Partnerships'; A's 'investment' is the fund/investment split; value keeps the printed form with no gap between the currency symbol and the digits. Definition backfill: footnote 1 on the Partnership column states time-weighted returns net of investment expenses; ** marks the currency-hedged partnerships.",RESOLVED,A+B+ADJUDICATOR,f27235b5cbd2148f78e6d7d010017b38e2807611735e9229375986a38db2db38
da5da7c385ef1e7cb0a7,SRC063,1,PAIR_9AD7BED5B14B74A74134AB7F,CLASSIFICATION_CONFLICT,11,110,source_section|subject_type|asset_class|value_scope,MERGE,"Verified against page-1 image. source_section is the exact printed heading above the table, shaded bar on both pages: A left it blank, B truncated it to 'Real Assets'; asset_class 'Real Assets' from the table title, the printed grouping that governs every row; B left it blank; subject_type 'fund': the row label names a vehicle listed under the printed 'Partnership' column header, whose footnote reads 'Real Asset Partnerships'; A's 'investment' is the fund/investment split. Definition backfill: footnote 1 on the Partnership column states time-weighted returns net of investment expenses; ** marks the currency-hedged partnerships.",RESOLVED,A+B+ADJUDICATOR,f27235b5cbd2148f78e6d7d010017b38e2807611735e9229375986a38db2db38
b70d3d96b0be54533385,SRC063,1,PAIR_BF0F3F4E6C54CD844D9895E0,CLASSIFICATION_CONFLICT,12,111,source_section|subject_type|asset_class|value_scope,MERGE,"Verified against page-1 image. source_section is the exact printed heading above the table, shaded bar on both pages: A left it blank, B truncated it to 'Real Assets'; asset_class 'Real Assets' from the table title, the printed grouping that governs every row; B left it blank; subject_type 'fund': the row label names a vehicle listed under the printed 'Partnership' column header, whose footnote reads 'Real Asset Partnerships'; A's 'investment' is the fund/investment split. Definition backfill: footnote 1 on the Partnership column states time-weighted returns net of investment expenses; ** marks the currency-hedged partnerships.",RESOLVED,A+B+ADJUDICATOR,f27235b5cbd2148f78e6d7d010017b38e2807611735e9229375986a38db2db38
627e4e430fb98d6e8feb,SRC063,1,PAIR_AB0C7251EFE0A2AB42B1BE65,CLASSIFICATION_CONFLICT,13,112,source_section|subject_type|asset_class|value_scope,MERGE,"Verified against page-1 image. source_section is the exact printed heading above the table, shaded bar on both pages: A left it blank, B truncated it to 'Real Assets'; asset_class 'Real Assets' from the table title, the printed grouping that governs every row; B left it blank; subject_type 'fund': the row label names a vehicle listed under the printed 'Partnership' column header, whose footnote reads 'Real Asset Partnerships'; A's 'investment' is the fund/investment split. Definition backfill: footnote 1 on the Partnership column states time-weighted returns net of investment expenses; ** marks the currency-hedged partnerships.",RESOLVED,A+B+ADJUDICATOR,f27235b5cbd2148f78e6d7d010017b38e2807611735e9229375986a38db2db38
0dc971fa0f8a6e17609e,SRC063,1,PAIR_6C8E07439CE177033E9A4F12,VALUE_CONFLICT,14,113,source_section|subject_type|asset_class|metric_value_raw|method|fee_basis,MERGE,"Verified against page-1 image. source_section is the exact printed heading above the table, shaded bar on both pages: A left it blank, B truncated it to 'Real Assets'; asset_class 'Real Assets' from the table title, the printed grouping that governs every row; B left it blank; subject_type 'fund': the row label names a vehicle listed under the printed 'Partnership' column header, whose footnote reads 'Real Asset Partnerships'; A's 'investment' is the fund/investment split; value keeps the printed form with no gap between the currency symbol and the digits. Definition backfill: footnote 1 on the Partnership column states time-weighted returns net of investment expenses; ** marks the currency-hedged partnerships.",RESOLVED,A+B+ADJUDICATOR,f27235b5cbd2148f78e6d7d010017b38e2807611735e9229375986a38db2db38
7e0c14a1c32907fda34e,SRC063,1,PAIR_EF47D6E6BE805492541E63FB,CLASSIFICATION_CONFLICT,15,5,source_section|source_table|subject_type|asset_class|evidence_quote|value_scope,MERGE,"Verified against page-1 image. source_section is the exact printed heading above the table, shaded bar on both pages: A left it blank, B truncated it to 'Real Assets'; source_table is the full printed title naming the whole table, reprinted verbatim on page 2 where B dropped it to 'Real Assets'; asset_class 'Real Assets' from the table title, the printed grouping that governs every row; B left it blank; subject_type 'fund': the row label names a vehicle listed under the printed 'Partnership' column header, whose footnote reads 'Real Asset Partnerships'; A's 'investment' is the fund/investment split; evidence_quote is the full printed line, which proves the value; B quoted the bare figure only. Definition backfill: footnote 1 on the Partnership column states time-weighted returns net of investment expenses; ** marks the currency-hedged partnerships.",RESOLVED,A+B+ADJUDICATOR,f27235b5cbd2148f78e6d7d010017b38e2807611735e9229375986a38db2db38
ac6e3cf2d51283db3e3e,SRC063,1,PAIR_86B7C517B8819E7F50250397,CLASSIFICATION_CONFLICT,16,6,source_section|source_table|subject_type|asset_class|value_scope,MERGE,"Verified against page-1 image. source_section is the exact printed heading above the table, shaded bar on both pages: A left it blank, B truncated it to 'Real Assets'; source_table is the full printed title naming the whole table, reprinted verbatim on page 2 where B dropped it to 'Real Assets'; asset_class 'Real Assets' from the table title, the printed grouping that governs every row; B left it blank; subject_type 'fund': the row label names a vehicle listed under the printed 'Partnership' column header, whose footnote reads 'Real Asset Partnerships'; A's 'investment' is the fund/investment split. Definition backfill: footnote 1 on the Partnership column states time-weighted returns net of investment expenses; ** marks the currency-hedged partnerships.",RESOLVED,A+B+ADJUDICATOR,f27235b5cbd2148f78e6d7d010017b38e2807611735e9229375986a38db2db38
e7e19550ea24923c7459,SRC063,1,PAIR_9CA202BD9AE133FB7C6B2070,CLASSIFICATION_CONFLICT,17,7,source_section|source_table|subject_type|asset_class|value_scope,MERGE,"Verified against page-1 image. source_section is the exact printed heading above the table, shaded bar on both pages: A left it blank, B truncated it to 'Real Assets'; source_table is the full printed title naming the whole table, reprinted verbatim on page 2 where B dropped it to 'Real Assets'; asset_class 'Real Assets' from the table title, the printed grouping that governs every row; B left it blank; subject_type 'fund': the row label names a vehicle listed under the printed 'Partnership' column header, whose footnote reads 'Real Asset Partnerships'; A's 'investment' is the fund/investment split. Definition backfill: footnote 1 on the Partnership column states time-weighted returns net of investment expenses; ** marks the currency-hedged partnerships.",RESOLVED,A+B+ADJUDICATOR,f27235b5cbd2148f78e6d7d010017b38e2807611735e9229375986a38db2db38
2a55db189c071af8c0c2,SRC063,1,PAIR_1FC356D4CBC479BBAE4CBF7E,VALUE_CONFLICT,18,114,source_section|subject_type|asset_class|metric_value_raw|method|fee_basis,MERGE,"Verified against page-1 image. source_section is the exact printed heading above the table, shaded bar on both pages: A left it blank, B truncated it to 'Real Assets'; asset_class 'Real Assets' from the table title, the printed grouping that governs every row; B left it blank; subject_type 'fund': the row label names a vehicle listed under the printed 'Partnership' column header, whose footnote reads 'Real Asset Partnerships'; A's 'investment' is the fund/investment split; value keeps the printed form with no gap between the currency symbol and the digits. Definition backfill: footnote 1 on the Partnership column states time-weighted returns net of investment expenses; ** marks the currency-hedged partnerships.",RESOLVED,A+B+ADJUDICATOR,f27235b5cbd2148f78e6d7d010017b38e2807611735e9229375986a38db2db38
fdb9975f3f6a59a09755,SRC063,1,PAIR_526B9B6E07C2DDC12C4F254D,CLASSIFICATION_CONFLICT,19,8,source_section|source_table|subject_type|asset_class|evidence_quote|value_scope,MERGE,"Verified against page-1 image. source_section is the exact printed heading above the table, shaded bar on both pages: A left it blank, B truncated it to 'Real Assets'; source_table is the full printed title naming the whole table, reprinted verbatim on page 2 where B dropped it to 'Real Assets'; asset_class 'Real Assets' from the table title, the printed grouping that governs every row; B left it blank; subject_type 'fund': the row label names a vehicle listed under the printed 'Partnership' column header, whose footnote reads 'Real Asset Partnerships'; A's 'investment' is the fund/investment split; evidence_quote is the full printed line, which proves the value; B quoted the bare figure only. Definition backfill: footnote 1 on the Partnership column states time-weighted returns net of investment expenses; ** marks the currency-hedged partnerships.",RESOLVED,A+B+ADJUDICATOR,f27235b5cbd2148f78e6d7d010017b38e2807611735e9229375986a38db2db38
eaf5170a465623a58b2d,SRC063,1,PAIR_E9A325B0D3193939A43A6820,VALUE_CONFLICT,20,9,source_section|source_table|subject_type|asset_class|metric_value_raw|evidence_quote|method|fee_basis,MERGE,"Verified against page-1 image. source_section is the exact printed heading above the table, shaded bar on both pages: A left it blank, B truncated it to 'Real Assets'; source_table is the full printed title naming the whole table, reprinted verbatim on page 2 where B dropped it to 'Real Assets'; asset_class 'Real Assets' from the table title, the printed grouping that governs every row; B left it blank; subject_type 'fund': the row label names a vehicle listed under the printed 'Partnership' column header, whose footnote reads 'Real Asset Partnerships'; A's 'investment' is the fund/investment split; value keeps the printed form with no gap between the currency symbol and the digits; evidence_quote is the full printed line, which proves the value; B quoted the bare figure only. Definition backfill: footnote 1 on the Partnership column states time-weighted returns net of investment expenses; ** marks the currency-hedged partnerships.",RESOLVED,A+B+ADJUDICATOR,f27235b5cbd2148f78e6d7d010017b38e2807611735e9229375986a38db2db38
2fa35fdceb125957e2e0,SRC063,1,PAIR_8269BECFAD8BBC4F3A052AE5,CLASSIFICATION_CONFLICT,21,10,source_section|source_table|subject_type|asset_class|evidence_quote|value_scope,MERGE,"Verified against page-1 image. source_section is the exact printed heading above the table, shaded bar on both pages: A left it blank, B truncated it to 'Real Assets'; source_table is the full printed title naming the whole table, reprinted verbatim on page 2 where B dropped it to 'Real Assets'; asset_class 'Real Assets' from the table title, the printed grouping that governs every row; B left it blank; subject_type 'fund': the row label names a vehicle listed under the printed 'Partnership' column header, whose footnote reads 'Real Asset Partnerships'; A's 'investment' is the fund/investment split; evidence_quote is the full printed line, which proves the value; B quoted the bare figure only. Definition backfill: footnote 1 on the Partnership column states time-weighted returns net of investment expenses; ** marks the currency-hedged partnerships.",RESOLVED,A+B+ADJUDICATOR,f27235b5cbd2148f78e6d7d010017b38e2807611735e9229375986a38db2db38
f54653bc5b0b08bc2046,SRC063,1,PAIR_9F61F3B9E67AAC3633DDAD79,CLASSIFICATION_CONFLICT,22,11,source_section|source_table|subject_type|asset_class|evidence_quote|value_scope,MERGE,"Verified against page-1 image. source_section is the exact printed heading above the table, shaded bar on both pages: A left it blank, B truncated it to 'Real Assets'; source_table is the full printed title naming the whole table, reprinted verbatim on page 2 where B dropped it to 'Real Assets'; asset_class 'Real Assets' from the table title, the printed grouping that governs every row; B left it blank; subject_type 'fund': the row label names a vehicle listed under the printed 'Partnership' column header, whose footnote reads 'Real Asset Partnerships'; A's 'investment' is the fund/investment split; evidence_quote is the full printed line, which proves the value; B quoted the bare figure only. Definition backfill: footnote 1 on the Partnership column states time-weighted returns net of investment expenses; ** marks the currency-hedged partnerships.",RESOLVED,A+B+ADJUDICATOR,f27235b5cbd2148f78e6d7d010017b38e2807611735e9229375986a38db2db38
cd853723961aefd15966,SRC063,1,PAIR_11C979036A12C9B11E87B167,CLASSIFICATION_CONFLICT,23,12,source_section|source_table|subject_type|asset_class|evidence_quote|value_scope,MERGE,"Verified against page-1 image. source_section is the exact printed heading above the table, shaded bar on both pages: A left it blank, B truncated it to 'Real Assets'; source_table is the full printed title naming the whole table, reprinted verbatim on page 2 where B dropped it to 'Real Assets'; asset_class 'Real Assets' from the table title, the printed grouping that governs every row; B left it blank; subject_type 'fund': the row label names a vehicle listed under the printed 'Partnership' column header, whose footnote reads 'Real Asset Partnerships'; A's 'investment' is the fund/investment split; evidence_quote is the full printed line, which proves the value; B quoted the bare figure only. Definition backfill: footnote 1 on the Partnership column states time-weighted returns net of investment expenses; ** marks the currency-hedged partnerships.",RESOLVED,A+B+ADJUDICATOR,f27235b5cbd2148f78e6d7d010017b38e2807611735e9229375986a38db2db38
b1fad4df5f5a690e0a32,SRC063,1,PAIR_6352CF893862C1DCB2E2ABE3,VALUE_CONFLICT,24,13,source_section|source_table|subject_type|asset_class|metric_value_raw|evidence_quote|method|fee_basis,MERGE,"Verified against page-1 image. source_section is the exact printed heading above the table, shaded bar on both pages: A left it blank, B truncated it to 'Real Assets'; source_table is the full printed title naming the whole table, reprinted verbatim on page 2 where B dropped it to 'Real Assets'; asset_class 'Real Assets' from the table title, the printed grouping that governs every row; B left it blank; subject_type 'fund': the row label names a vehicle listed under the printed 'Partnership' column header, whose footnote reads 'Real Asset Partnerships'; A's 'investment' is the fund/investment split; value keeps the printed form with no gap between the currency symbol and the digits; evidence_quote is the full printed line, which proves the value; B quoted the bare figure only. Definition backfill: footnote 1 on the Partnership column states time-weighted returns net of investment expenses; ** marks the currency-hedged partnerships.",RESOLVED,A+B+ADJUDICATOR,f27235b5cbd2148f78e6d7d010017b38e2807611735e9229375986a38db2db38
82885837892a43dff7f1,SRC063,1,PAIR_CACE7258C05FCF55D2401E7B,CLASSIFICATION_CONFLICT,25,14,source_section|source_table|subject_type|asset_class|evidence_quote|value_scope,MERGE,"Verified against page-1 image. source_section is the exact printed heading above the table, shaded bar on both pages: A left it blank, B truncated it to 'Real Assets'; source_table is the full printed title naming the whole table, reprinted verbatim on page 2 where B dropped it to 'Real Assets'; asset_class 'Real Assets' from the table title, the printed grouping that governs every row; B left it blank; subject_type 'fund': the row label names a vehicle listed under the printed 'Partnership' column header, whose footnote reads 'Real Asset Partnerships'; A's 'investment' is the fund/investment split; evidence_quote is the full printed line, which proves the value; B quoted the bare figure only. Definition backfill: footnote 1 on the Partnership column states time-weighted returns net of investment expenses; ** marks the currency-hedged partnerships.",RESOLVED,A+B+ADJUDICATOR,f27235b5cbd2148f78e6d7d010017b38e2807611735e9229375986a38db2db38
b7e33aac2f0ec2752396,SRC063,1,PAIR_924260EE1C6F78BCA2999A2E,VALUE_CONFLICT,26,15,source_section|source_table|subject_type|asset_class|metric_value_raw|evidence_quote|method|fee_basis,MERGE,"Verified against page-1 image. source_section is the exact printed heading above the table, shaded bar on both pages: A left it blank, B truncated it to 'Real Assets'; source_table is the full printed title naming the whole table, reprinted verbatim on page 2 where B dropped it to 'Real Assets'; asset_class 'Real Assets' from the table title, the printed grouping that governs every row; B left it blank; subject_type 'fund': the row label names a vehicle listed under the printed 'Partnership' column header, whose footnote reads 'Real Asset Partnerships'; A's 'investment' is the fund/investment split; value keeps the printed form with no gap between the currency symbol and the digits; evidence_quote is the full printed line, which proves the value; B quoted the bare figure only. Definition backfill: footnote 1 on the Partnership column states time-weighted returns net of investment expenses; ** marks the currency-hedged partnerships.",RESOLVED,A+B+ADJUDICATOR,f27235b5cbd2148f78e6d7d010017b38e2807611735e9229375986a38db2db38
8e07c663400bf5b98131,SRC063,1,PAIR_DA91A46B8390B9069ADE25C7,VALUE_CONFLICT,27,16,source_section|source_table|subject_type|asset_class|metric_value_raw|evidence_quote|method|fee_basis,MERGE,"Verified against page-1 image. source_section is the exact printed heading above the table, shaded bar on both pages: A left it blank, B truncated it to 'Real Assets'; source_table is the full printed title naming the whole table, reprinted verbatim on page 2 where B dropped it to 'Real Assets'; asset_class 'Real Assets' from the table title, the printed grouping that governs every row; B left it blank; subject_type 'fund': the row label names a vehicle listed under the printed 'Partnership' column header, whose footnote reads 'Real Asset Partnerships'; A's 'investment' is the fund/investment split; value keeps the printed form with no gap between the currency symbol and the digits; evidence_quote is the full printed line, which proves the value; B quoted the bare figure only. Definition backfill: footnote 1 on the Partnership column states time-weighted returns net of investment expenses; ** marks the currency-hedged partnerships.",RESOLVED,A+B+ADJUDICATOR,f27235b5cbd2148f78e6d7d010017b38e2807611735e9229375986a38db2db38
1c880aaf9eaf90b8396d,SRC063,1,PAIR_697BB7F16F68CC89A24A3A7E,CLASSIFICATION_CONFLICT,28,17,source_section|source_table|subject_type|asset_class|evidence_quote|value_scope,MERGE,"Verified against page-1 image. source_section is the exact printed heading above the table, shaded bar on both pages: A left it blank, B truncated it to 'Real Assets'; source_table is the full printed title naming the whole table, reprinted verbatim on page 2 where B dropped it to 'Real Assets'; asset_class 'Real Assets' from the table title, the printed grouping that governs every row; B left it blank; subject_type 'fund': the row label names a vehicle listed under the printed 'Partnership' column header, whose footnote reads 'Real Asset Partnerships'; A's 'investment' is the fund/investment split; evidence_quote is the full printed line, which proves the value; B quoted the bare figure only. Definition backfill: footnote 1 on the Partnership column states time-weighted returns net of investment expenses; ** marks the currency-hedged partnerships.",RESOLVED,A+B+ADJUDICATOR,f27235b5cbd2148f78e6d7d010017b38e2807611735e9229375986a38db2db38
be7b98c42bd7457699f9,SRC063,1,PAIR_7BE81941A0A2B4CC02BBA998,CLASSIFICATION_CONFLICT,29,18,source_section|source_table|subject_type|asset_class|evidence_quote|value_scope,MERGE,"Verified against page-1 image. source_section is the exact printed heading above the table, shaded bar on both pages: A left it blank, B truncated it to 'Real Assets'; source_table is the full printed title naming the whole table, reprinted verbatim on page 2 where B dropped it to 'Real Assets'; asset_class 'Real Assets' from the table title, the printed grouping that governs every row; B left it blank; subject_type 'fund': the row label names a vehicle listed under the printed 'Partnership' column header, whose footnote reads 'Real Asset Partnerships'; A's 'investment' is the fund/investment split; evidence_quote is the full printed line, which proves the value; B quoted the bare figure only. Definition backfill: footnote 1 on the Partnership column states time-weighted returns net of investment expenses; ** marks the currency-hedged partnerships.",RESOLVED,A+B+ADJUDICATOR,f27235b5cbd2148f78e6d7d010017b38e2807611735e9229375986a38db2db38
50b801066395ba21063c,SRC063,1,PAIR_B322D7B50CB235C73C4B1AEA,VALUE_CONFLICT,30,19,source_section|source_table|subject_type|asset_class|metric_value_raw|evidence_quote|method|fee_basis,MERGE,"Verified against page-1 image. source_section is the exact printed heading above the table, shaded bar on both pages: A left it blank, B truncated it to 'Real Assets'; source_table is the full printed title naming the whole table, reprinted verbatim on page 2 where B dropped it to 'Real Assets'; asset_class 'Real Assets' from the table title, the printed grouping that governs every row; B left it blank; subject_type 'fund': the row label names a vehicle listed under the printed 'Partnership' column header, whose footnote reads 'Real Asset Partnerships'; A's 'investment' is the fund/investment split; value keeps the printed form with no gap between the currency symbol and the digits; evidence_quote is the full printed line, which proves the value; B quoted the bare figure only. Definition backfill: footnote 1 on the Partnership column states time-weighted returns net of investment expenses; ** marks the currency-hedged partnerships.",RESOLVED,A+B+ADJUDICATOR,f27235b5cbd2148f78e6d7d010017b38e2807611735e9229375986a38db2db38
616f5a57fb709affbe8d,SRC063,1,PAIR_C61DDB7FA2ACDAEA45D9AB11,CLASSIFICATION_CONFLICT,31,20,source_section|source_table|subject_type|asset_class|evidence_quote|value_scope,MERGE,"Verified against page-1 image. source_section is the exact printed heading above the table, shaded bar on both pages: A left it blank, B truncated it to 'Real Assets'; source_table is the full printed title naming the whole table, reprinted verbatim on page 2 where B dropped it to 'Real Assets'; asset_class 'Real Assets' from the table title, the printed grouping that governs every row; B left it blank; subject_type 'fund': the row label names a vehicle listed under the printed 'Partnership' column header, whose footnote reads 'Real Asset Partnerships'; A's 'investment' is the fund/investment split; evidence_quote is the full printed line, which proves the value; B quoted the bare figure only. Definition backfill: footnote 1 on the Partnership column states time-weighted returns net of investment expenses; ** marks the currency-hedged partnerships.",RESOLVED,A+B+ADJUDICATOR,f27235b5cbd2148f78e6d7d010017b38e2807611735e9229375986a38db2db38
c2cc65a784f3043a8aba,SRC063,1,PAIR_BA604D1EAF1C35B96125C067,CLASSIFICATION_CONFLICT,32,21,source_section|source_table|subject_type|asset_class|evidence_quote|value_scope,MERGE,"Verified against page-1 image. source_section is the exact printed heading above the table, shaded bar on both pages: A left it blank, B truncated it to 'Real Assets'; source_table is the full printed title naming the whole table, reprinted verbatim on page 2 where B dropped it to 'Real Assets'; asset_class 'Real Assets' from the table title, the printed grouping that governs every row; B left it blank; subject_type 'fund': the row label names a vehicle listed under the printed 'Partnership' column header, whose footnote reads 'Real Asset Partnerships'; A's 'investment' is the fund/investment split; evidence_quote is the full printed line, which proves the value; B quoted the bare figure only. Definition backfill: footnote 1 on the Partnership column states time-weighted returns net of investment expenses; ** marks the currency-hedged partnerships.",RESOLVED,A+B+ADJUDICATOR,f27235b5cbd2148f78e6d7d010017b38e2807611735e9229375986a38db2db38
e27727bf9a633f5ae0fb,SRC063,1,PAIR_FAF1100F66723CC64DCB6DFC,CLASSIFICATION_CONFLICT,33,22,source_section|source_table|subject_type|asset_class|evidence_quote|value_scope,MERGE,"Verified against page-1 image. source_section is the exact printed heading above the table, shaded bar on both pages: A left it blank, B truncated it to 'Real Assets'; source_table is the full printed title naming the whole table, reprinted verbatim on page 2 where B dropped it to 'Real Assets'; asset_class 'Real Assets' from the table title, the printed grouping that governs every row; B left it blank; subject_type 'fund': the row label names a vehicle listed under the printed 'Partnership' column header, whose footnote reads 'Real Asset Partnerships'; A's 'investment' is the fund/investment split; evidence_quote is the full printed line, which proves the value; B quoted the bare figure only. Definition backfill: footnote 1 on the Partnership column states time-weighted returns net of investment expenses; ** marks the currency-hedged partnerships.",RESOLVED,A+B+ADJUDICATOR,f27235b5cbd2148f78e6d7d010017b38e2807611735e9229375986a38db2db38
31ee17e45c45afe4e901,SRC063,1,PAIR_5A11870247DD1A51FC203D82,VALUE_CONFLICT,34,23,source_section|source_table|subject_type|asset_class|metric_value_raw|evidence_quote|method|fee_basis,MERGE,"Verified against page-1 image. source_section is the exact printed heading above the table, shaded bar on both pages: A left it blank, B truncated it to 'Real Assets'; source_table is the full printed title naming the whole table, reprinted verbatim on page 2 where B dropped it to 'Real Assets'; asset_class 'Real Assets' from the table title, the printed grouping that governs every row; B left it blank; subject_type 'fund': the row label names a vehicle listed under the printed 'Partnership' column header, whose footnote reads 'Real Asset Partnerships'; A's 'investment' is the fund/investment split; value keeps the printed form with no gap between the currency symbol and the digits; evidence_quote is the full printed line, which proves the value; B quoted the bare figure only. Definition backfill: footnote 1 on the Partnership column states time-weighted returns net of investment expenses; ** marks the currency-hedged partnerships.",RESOLVED,A+B+ADJUDICATOR,f27235b5cbd2148f78e6d7d010017b38e2807611735e9229375986a38db2db38
2b198451270909ece809,SRC063,1,PAIR_1A6CBF92E13059970BF5D730,CLASSIFICATION_CONFLICT,35,24,source_section|source_table|subject_type|asset_class|evidence_quote|value_scope,MERGE,"Verified against page-1 image. source_section is the exact printed heading above the table, shaded bar on both pages: A left it blank, B truncated it to 'Real Assets'; source_table is the full printed title naming the whole table, reprinted verbatim on page 2 where B dropped it to 'Real Assets'; asset_class 'Real Assets' from the table title, the printed grouping that governs every row; B left it blank; subject_type 'fund': the row label names a vehicle listed under the printed 'Partnership' column header, whose footnote reads 'Real Asset Partnerships'; A's 'investment' is the fund/investment split; evidence_quote is the full printed line, which proves the value; B quoted the bare figure only. Definition backfill: footnote 1 on the Partnership column states time-weighted returns net of investment expenses; ** marks the currency-hedged partnerships.",RESOLVED,A+B+ADJUDICATOR,f27235b5cbd2148f78e6d7d010017b38e2807611735e9229375986a38db2db38
3e9059656f629e26d232,SRC063,1,PAIR_AAA2CF80C2EDAC7077D1BB48,CLASSIFICATION_CONFLICT,36,25,source_section|source_table|subject_type|asset_class|evidence_quote|value_scope,MERGE,"Verified against page-1 image. source_section is the exact printed heading above the table, shaded bar on both pages: A left it blank, B truncated it to 'Real Assets'; source_table is the full printed title naming the whole table, reprinted verbatim on page 2 where B dropped it to 'Real Assets'; asset_class 'Real Assets' from the table title, the printed grouping that governs every row; B left it blank; subject_type 'fund': the row label names a vehicle listed under the printed 'Partnership' column header, whose footnote reads 'Real Asset Partnerships'; A's 'investment' is the fund/investment split; evidence_quote is the full printed line, which proves the value; B quoted the bare figure only. Definition backfill: footnote 1 on the Partnership column states time-weighted returns net of investment expenses; ** marks the currency-hedged partnerships.",RESOLVED,A+B+ADJUDICATOR,f27235b5cbd2148f78e6d7d010017b38e2807611735e9229375986a38db2db38
9d1fdea3d0004c45a86c,SRC063,1,PAIR_D0912E91733BADDEC6910BF6,VALUE_CONFLICT,37,26,source_section|source_table|subject_type|asset_class|metric_value_raw|evidence_quote|method|fee_basis,MERGE,"Verified against page-1 image. source_section is the exact printed heading above the table, shaded bar on both pages: A left it blank, B truncated it to 'Real Assets'; source_table is the full printed title naming the whole table, reprinted verbatim on page 2 where B dropped it to 'Real Assets'; asset_class 'Real Assets' from the table title, the printed grouping that governs every row; B left it blank; subject_type 'fund': the row label names a vehicle listed under the printed 'Partnership' column header, whose footnote reads 'Real Asset Partnerships'; A's 'investment' is the fund/investment split; value keeps the printed form with no gap between the currency symbol and the digits; evidence_quote is the full printed line, which proves the value; B quoted the bare figure only. Definition backfill: footnote 1 on the Partnership column states time-weighted returns net of investment expenses; ** marks the currency-hedged partnerships.",RESOLVED,A+B+ADJUDICATOR,f27235b5cbd2148f78e6d7d010017b38e2807611735e9229375986a38db2db38
6ed95d84030fe32dbc68,SRC063,1,PAIR_668447F3D19FCBA30CDC21AE,CLASSIFICATION_CONFLICT,38,27,source_section|source_table|subject_type|asset_class|evidence_quote|value_scope,MERGE,"Verified against page-1 image. source_section is the exact printed heading above the table, shaded bar on both pages: A left it blank, B truncated it to 'Real Assets'; source_table is the full printed title naming the whole table, reprinted verbatim on page 2 where B dropped it to 'Real Assets'; asset_class 'Real Assets' from the table title, the printed grouping that governs every row; B left it blank; subject_type 'fund': the row label names a vehicle listed under the printed 'Partnership' column header, whose footnote reads 'Real Asset Partnerships'; A's 'investment' is the fund/investment split; evidence_quote is the full printed line, which proves the value; B quoted the bare figure only. Definition backfill: footnote 1 on the Partnership column states time-weighted returns net of investment expenses; ** marks the currency-hedged partnerships.",RESOLVED,A+B+ADJUDICATOR,f27235b5cbd2148f78e6d7d010017b38e2807611735e9229375986a38db2db38
24959f0ff021ed17e960,SRC063,1,PAIR_BE9DEEE610C7A460E52CB307,CLASSIFICATION_CONFLICT,39,28,source_section|source_table|subject_type|asset_class|evidence_quote|value_scope,MERGE,"Verified against page-1 image. source_section is the exact printed heading above the table, shaded bar on both pages: A left it blank, B truncated it to 'Real Assets'; source_table is the full printed title naming the whole table, reprinted verbatim on page 2 where B dropped it to 'Real Assets'; asset_class 'Real Assets' from the table title, the printed grouping that governs every row; B left it blank; subject_type 'fund': the row label names a vehicle listed under the printed 'Partnership' column header, whose footnote reads 'Real Asset Partnerships'; A's 'investment' is the fund/investment split; evidence_quote is the full printed line, which proves the value; B quoted the bare figure only. Definition backfill: footnote 1 on the Partnership column states time-weighted returns net of investment expenses; ** marks the currency-hedged partnerships.",RESOLVED,A+B+ADJUDICATOR,f27235b5cbd2148f78e6d7d010017b38e2807611735e9229375986a38db2db38
4287c0e0055270ef5e1d,SRC063,1,PAIR_498391FCB009D7E9765927BA,CLASSIFICATION_CONFLICT,40,29,source_section|source_table|subject_type|asset_class|evidence_quote|value_scope,MERGE,"Verified against page-1 image. source_section is the exact printed heading above the table, shaded bar on both pages: A left it blank, B truncated it to 'Real Assets'; source_table is the full printed title naming the whole table, reprinted verbatim on page 2 where B dropped it to 'Real Assets'; asset_class 'Real Assets' from the table title, the printed grouping that governs every row; B left it blank; subject_type 'fund': the row label names a vehicle listed under the printed 'Partnership' column header, whose footnote reads 'Real Asset Partnerships'; A's 'investment' is the fund/investment split; evidence_quote is the full printed line, which proves the value; B quoted the bare figure only. Definition backfill: footnote 1 on the Partnership column states time-weighted returns net of investment expenses; ** marks the currency-hedged partnerships.",RESOLVED,A+B+ADJUDICATOR,f27235b5cbd2148f78e6d7d010017b38e2807611735e9229375986a38db2db38
3dd641b2078542fda4e8,SRC063,1,PAIR_1772A3F924A6F6AAEFE8C381,VALUE_CONFLICT,41,30,source_section|source_table|subject_type|asset_class|metric_value_raw|evidence_quote|method|fee_basis,MERGE,"Verified against page-1 image. source_section is the exact printed heading above the table, shaded bar on both pages: A left it blank, B truncated it to 'Real Assets'; source_table is the full printed title naming the whole table, reprinted verbatim on page 2 where B dropped it to 'Real Assets'; asset_class 'Real Assets' from the table title, the printed grouping that governs every row; B left it blank; subject_type 'fund': the row label names a vehicle listed under the printed 'Partnership' column header, whose footnote reads 'Real Asset Partnerships'; A's 'investment' is the fund/investment split; value keeps the printed form with no gap between the currency symbol and the digits; evidence_quote is the full printed line, which proves the value; B quoted the bare figure only. Definition backfill: footnote 1 on the Partnership column states time-weighted returns net of investment expenses; ** marks the currency-hedged partnerships.",RESOLVED,A+B+ADJUDICATOR,f27235b5cbd2148f78e6d7d010017b38e2807611735e9229375986a38db2db38
99d090675f27ca92e529,SRC063,1,PAIR_6CF74E80E12CFDDA8B296C3F,VALUE_CONFLICT,42,31,source_section|source_table|subject_type|asset_class|metric_value_raw|evidence_quote|method|fee_basis,MERGE,"Verified against page-1 image. source_section is the exact printed heading above the table, shaded bar on both pages: A left it blank, B truncated it to 'Real Assets'; source_table is the full printed title naming the whole table, reprinted verbatim on page 2 where B dropped it to 'Real Assets'; asset_class 'Real Assets' from the table title, the printed grouping that governs every row; B left it blank; subject_type 'fund': the row label names a vehicle listed under the printed 'Partnership' column header, whose footnote reads 'Real Asset Partnerships'; A's 'investment' is the fund/investment split; value keeps the printed form with no gap between the currency symbol and the digits; evidence_quote is the full printed line, which proves the value; B quoted the bare figure only. Definition backfill: footnote 1 on the Partnership column states time-weighted returns net of investment expenses; ** marks the currency-hedged partnerships.",RESOLVED,A+B+ADJUDICATOR,f27235b5cbd2148f78e6d7d010017b38e2807611735e9229375986a38db2db38
2adbbdbeeab714a4b677,SRC063,1,PAIR_0BFFF62E19BD8ECF9426D2B0,CLASSIFICATION_CONFLICT,43,32,source_section|source_table|subject_type|asset_class|evidence_quote|value_scope,MERGE,"Verified against page-1 image. source_section is the exact printed heading above the table, shaded bar on both pages: A left it blank, B truncated it to 'Real Assets'; source_table is the full printed title naming the whole table, reprinted verbatim on page 2 where B dropped it to 'Real Assets'; asset_class 'Real Assets' from the table title, the printed grouping that governs every row; B left it blank; subject_type 'fund': the row label names a vehicle listed under the printed 'Partnership' column header, whose footnote reads 'Real Asset Partnerships'; A's 'investment' is the fund/investment split; evidence_quote is the full printed line, which proves the value; B quoted the bare figure only. Definition backfill: footnote 1 on the Partnership column states time-weighted returns net of investment expenses; ** marks the currency-hedged partnerships.",RESOLVED,A+B+ADJUDICATOR,f27235b5cbd2148f78e6d7d010017b38e2807611735e9229375986a38db2db38
6230d4ae23a82dad97a4,SRC063,1,PAIR_BD2C8051A801C99B7BB42C0F,VALUE_CONFLICT,44,33,source_section|source_table|subject_type|asset_class|metric_value_raw|evidence_quote|method|fee_basis,MERGE,"Verified against page-1 image. source_section is the exact printed heading above the table, shaded bar on both pages: A left it blank, B truncated it to 'Real Assets'; source_table is the full printed title naming the whole table, reprinted verbatim on page 2 where B dropped it to 'Real Assets'; asset_class 'Real Assets' from the table title, the printed grouping that governs every row; B left it blank; subject_type 'fund': the row label names a vehicle listed under the printed 'Partnership' column header, whose footnote reads 'Real Asset Partnerships'; A's 'investment' is the fund/investment split; value keeps the printed form with no gap between the currency symbol and the digits; evidence_quote is the full printed line, which proves the value; B quoted the bare figure only. Definition backfill: footnote 1 on the Partnership column states time-weighted returns net of investment expenses; ** marks the currency-hedged partnerships.",RESOLVED,A+B+ADJUDICATOR,f27235b5cbd2148f78e6d7d010017b38e2807611735e9229375986a38db2db38
91dc1720488e41dbf793,SRC063,1,PAIR_8E6D2EE4167CD0F0E7038605,CLASSIFICATION_CONFLICT,45,34,source_section|source_table|subject_type|asset_class|evidence_quote|value_scope,MERGE,"Verified against page-1 image. source_section is the exact printed heading above the table, shaded bar on both pages: A left it blank, B truncated it to 'Real Assets'; source_table is the full printed title naming the whole table, reprinted verbatim on page 2 where B dropped it to 'Real Assets'; asset_class 'Real Assets' from the table title, the printed grouping that governs every row; B left it blank; subject_type 'fund': the row label names a vehicle listed under the printed 'Partnership' column header, whose footnote reads 'Real Asset Partnerships'; A's 'investment' is the fund/investment split; evidence_quote is the full printed line, which proves the value; B quoted the bare figure only. Definition backfill: footnote 1 on the Partnership column states time-weighted returns net of investment expenses; ** marks the currency-hedged partnerships.",RESOLVED,A+B+ADJUDICATOR,f27235b5cbd2148f78e6d7d010017b38e2807611735e9229375986a38db2db38
6d43682fd093c2e95485,SRC063,1,PAIR_AB159F01E8D423BE1A565204,VALUE_CONFLICT,46,35,source_section|source_table|subject_type|asset_class|metric_value_raw|evidence_quote|method|fee_basis,MERGE,"Verified against page-1 image. source_section is the exact printed heading above the table, shaded bar on both pages: A left it blank, B truncated it to 'Real Assets'; source_table is the full printed title naming the whole table, reprinted verbatim on page 2 where B dropped it to 'Real Assets'; asset_class 'Real Assets' from the table title, the printed grouping that governs every row; B left it blank; subject_type 'fund': the row label names a vehicle listed under the printed 'Partnership' column header, whose footnote reads 'Real Asset Partnerships'; A's 'investment' is the fund/investment split; value keeps the printed form with no gap between the currency symbol and the digits; evidence_quote is the full printed line, which proves the value; B quoted the bare figure only. Definition backfill: footnote 1 on the Partnership column states time-weighted returns net of investment expenses; ** marks the currency-hedged partnerships.",RESOLVED,A+B+ADJUDICATOR,f27235b5cbd2148f78e6d7d010017b38e2807611735e9229375986a38db2db38
6998f5cb33f757b871fa,SRC063,1,PAIR_DA43219D914DEDADE1A30082,CLASSIFICATION_CONFLICT,47,36,source_section|source_table|subject_type|asset_class|evidence_quote|value_scope,MERGE,"Verified against page-1 image. source_section is the exact printed heading above the table, shaded bar on both pages: A left it blank, B truncated it to 'Real Assets'; source_table is the full printed title naming the whole table, reprinted verbatim on page 2 where B dropped it to 'Real Assets'; asset_class 'Real Assets' from the table title, the printed grouping that governs every row; B left it blank; subject_type 'fund': the row label names a vehicle listed under the printed 'Partnership' column header, whose footnote reads 'Real Asset Partnerships'; A's 'investment' is the fund/investment split; evidence_quote is the full printed line, which proves the value; B quoted the bare figure only. Definition backfill: footnote 1 on the Partnership column states time-weighted returns net of investment expenses; ** marks the currency-hedged partnerships.",RESOLVED,A+B+ADJUDICATOR,f27235b5cbd2148f78e6d7d010017b38e2807611735e9229375986a38db2db38
d7f85fe194f1b4ccc409,SRC063,1,PAIR_DCE6475DDE229BDC2DA8BBB3,CLASSIFICATION_CONFLICT,48,37,source_section|source_table|subject_type|asset_class|evidence_quote|value_scope,MERGE,"Verified against page-1 image. source_section is the exact printed heading above the table, shaded bar on both pages: A left it blank, B truncated it to 'Real Assets'; source_table is the full printed title naming the whole table, reprinted verbatim on page 2 where B dropped it to 'Real Assets'; asset_class 'Real Assets' from the table title, the printed grouping that governs every row; B left it blank; subject_type 'fund': the row label names a vehicle listed under the printed 'Partnership' column header, whose footnote reads 'Real Asset Partnerships'; A's 'investment' is the fund/investment split; evidence_quote is the full printed line, which proves the value; B quoted the bare figure only. Definition backfill: footnote 1 on the Partnership column states time-weighted returns net of investment expenses; ** marks the currency-hedged partnerships.",RESOLVED,A+B+ADJUDICATOR,f27235b5cbd2148f78e6d7d010017b38e2807611735e9229375986a38db2db38
8ff464edeca571ab37f4,SRC063,1,PAIR_9A91406B0066A56F413AABA3,VALUE_CONFLICT,49,38,source_section|source_table|subject_type|asset_class|metric_value_raw|evidence_quote|method|fee_basis,MERGE,"Verified against page-1 image. source_section is the exact printed heading above the table, shaded bar on both pages: A left it blank, B truncated it to 'Real Assets'; source_table is the full printed title naming the whole table, reprinted verbatim on page 2 where B dropped it to 'Real Assets'; asset_class 'Real Assets' from the table title, the printed grouping that governs every row; B left it blank; subject_type 'fund': the row label names a vehicle listed under the printed 'Partnership' column header, whose footnote reads 'Real Asset Partnerships'; A's 'investment' is the fund/investment split; value keeps the printed form with no gap between the currency symbol and the digits; evidence_quote is the full printed line, which proves the value; B quoted the bare figure only. Definition backfill: footnote 1 on the Partnership column states time-weighted returns net of investment expenses; ** marks the currency-hedged partnerships.",RESOLVED,A+B+ADJUDICATOR,f27235b5cbd2148f78e6d7d010017b38e2807611735e9229375986a38db2db38
43c8521d040a306c0b20,SRC063,1,PAIR_3385F5DAA1980FBE2F05A815,CLASSIFICATION_CONFLICT,50,39,source_section|source_table|subject_type|asset_class|evidence_quote|value_scope,MERGE,"Verified against page-1 image. source_section is the exact printed heading above the table, shaded bar on both pages: A left it blank, B truncated it to 'Real Assets'; source_table is the full printed title naming the whole table, reprinted verbatim on page 2 where B dropped it to 'Real Assets'; asset_class 'Real Assets' from the table title, the printed grouping that governs every row; B left it blank; subject_type 'fund': the row label names a vehicle listed under the printed 'Partnership' column header, whose footnote reads 'Real Asset Partnerships'; A's 'investment' is the fund/investment split; evidence_quote is the full printed line, which proves the value; B quoted the bare figure only. Definition backfill: footnote 1 on the Partnership column states time-weighted returns net of investment expenses; ** marks the currency-hedged partnerships.",RESOLVED,A+B+ADJUDICATOR,f27235b5cbd2148f78e6d7d010017b38e2807611735e9229375986a38db2db38
a27f050db8d7e74b7292,SRC063,1,PAIR_F7F4B94AADADD7B3E78AE8D2,CLASSIFICATION_CONFLICT,51,40,source_section|source_table|subject_type|asset_class|evidence_quote|value_scope,MERGE,"Verified against page-1 image. source_section is the exact printed heading above the table, shaded bar on both pages: A left it blank, B truncated it to 'Real Assets'; source_table is the full printed title naming the whole table, reprinted verbatim on page 2 where B dropped it to 'Real Assets'; asset_class 'Real Assets' from the table title, the printed grouping that governs every row; B left it blank; subject_type 'fund': the row label names a vehicle listed under the printed 'Partnership' column header, whose footnote reads 'Real Asset Partnerships'; A's 'investment' is the fund/investment split; evidence_quote is the full printed line, which proves the value; B quoted the bare figure only. Definition backfill: footnote 1 on the Partnership column states time-weighted returns net of investment expenses; ** marks the currency-hedged partnerships.",RESOLVED,A+B+ADJUDICATOR,f27235b5cbd2148f78e6d7d010017b38e2807611735e9229375986a38db2db38
9e7a8beeb4e43b478fdd,SRC063,1,PAIR_F10010261B9691C8D40A4794,VALUE_CONFLICT,52,41,source_section|source_table|subject_type|asset_class|metric_value_raw|evidence_quote|method|fee_basis,MERGE,"Verified against page-1 image. source_section is the exact printed heading above the table, shaded bar on both pages: A left it blank, B truncated it to 'Real Assets'; source_table is the full printed title naming the whole table, reprinted verbatim on page 2 where B dropped it to 'Real Assets'; asset_class 'Real Assets' from the table title, the printed grouping that governs every row; B left it blank; subject_type 'fund': the row label names a vehicle listed under the printed 'Partnership' column header, whose footnote reads 'Real Asset Partnerships'; A's 'investment' is the fund/investment split; value keeps the printed form with no gap between the currency symbol and the digits; evidence_quote is the full printed line, which proves the value; B quoted the bare figure only. Definition backfill: footnote 1 on the Partnership column states time-weighted returns net of investment expenses; ** marks the currency-hedged partnerships.",RESOLVED,A+B+ADJUDICATOR,f27235b5cbd2148f78e6d7d010017b38e2807611735e9229375986a38db2db38
5266265741645bb526f2,SRC063,1,PAIR_E4F50F29EE3539110FFAEF6E,CLASSIFICATION_CONFLICT,53,42,source_section|source_table|subject_type|asset_class|evidence_quote|value_scope,MERGE,"Verified against page-1 image. source_section is the exact printed heading above the table, shaded bar on both pages: A left it blank, B truncated it to 'Real Assets'; source_table is the full printed title naming the whole table, reprinted verbatim on page 2 where B dropped it to 'Real Assets'; asset_class 'Real Assets' from the table title, the printed grouping that governs every row; B left it blank; subject_type 'fund': the row label names a vehicle listed under the printed 'Partnership' column header, whose footnote reads 'Real Asset Partnerships'; A's 'investment' is the fund/investment split; evidence_quote is the full printed line, which proves the value; B quoted the bare figure only. Definition backfill: footnote 1 on the Partnership column states time-weighted returns net of investment expenses; ** marks the currency-hedged partnerships.",RESOLVED,A+B+ADJUDICATOR,f27235b5cbd2148f78e6d7d010017b38e2807611735e9229375986a38db2db38
9360623c653f8d318738,SRC063,1,PAIR_B79A249E2E8022DA35A27904,CLASSIFICATION_CONFLICT,54,43,source_section|source_table|subject_type|asset_class|evidence_quote|value_scope,MERGE,"Verified against page-1 image. source_section is the exact printed heading above the table, shaded bar on both pages: A left it blank, B truncated it to 'Real Assets'; source_table is the full printed title naming the whole table, reprinted verbatim on page 2 where B dropped it to 'Real Assets'; asset_class 'Real Assets' from the table title, the printed grouping that governs every row; B left it blank; subject_type 'fund': the row label names a vehicle listed under the printed 'Partnership' column header, whose footnote reads 'Real Asset Partnerships'; A's 'investment' is the fund/investment split; evidence_quote is the full printed line, which proves the value; B quoted the bare figure only. Definition backfill: footnote 1 on the Partnership column states time-weighted returns net of investment expenses; ** marks the currency-hedged partnerships.",RESOLVED,A+B+ADJUDICATOR,f27235b5cbd2148f78e6d7d010017b38e2807611735e9229375986a38db2db38
71e81166e620d2663593,SRC063,1,PAIR_7B767C31B31E7B6A1E55666D,CLASSIFICATION_CONFLICT,55,44,source_section|source_table|subject_type|asset_class|evidence_quote|value_scope,MERGE,"Verified against page-1 image. source_section is the exact printed heading above the table, shaded bar on both pages: A left it blank, B truncated it to 'Real Assets'; source_table is the full printed title naming the whole table, reprinted verbatim on page 2 where B dropped it to 'Real Assets'; asset_class 'Real Assets' from the table title, the printed grouping that governs every row; B left it blank; subject_type 'fund': the row label names a vehicle listed under the printed 'Partnership' column header, whose footnote reads 'Real Asset Partnerships'; A's 'investment' is the fund/investment split; evidence_quote is the full printed line, which proves the value; B quoted the bare figure only. Definition backfill: footnote 1 on the Partnership column states time-weighted returns net of investment expenses; ** marks the currency-hedged partnerships.",RESOLVED,A+B+ADJUDICATOR,f27235b5cbd2148f78e6d7d010017b38e2807611735e9229375986a38db2db38
d82251bdad9e3c461e01,SRC063,1,PAIR_BF41FC585F61934DEAA28A51,CLASSIFICATION_CONFLICT,56,45,source_section|source_table|subject_type|asset_class|evidence_quote|value_scope,MERGE,"Verified against page-1 image. source_section is the exact printed heading above the table, shaded bar on both pages: A left it blank, B truncated it to 'Real Assets'; source_table is the full printed title naming the whole table, reprinted verbatim on page 2 where B dropped it to 'Real Assets'; asset_class 'Real Assets' from the table title, the printed grouping that governs every row; B left it blank; subject_type 'fund': the row label names a vehicle listed under the printed 'Partnership' column header, whose footnote reads 'Real Asset Partnerships'; A's 'investment' is the fund/investment split; evidence_quote is the full printed line, which proves the value; B quoted the bare figure only. Definition backfill: footnote 1 on the Partnership column states time-weighted returns net of investment expenses; ** marks the currency-hedged partnerships.",RESOLVED,A+B+ADJUDICATOR,f27235b5cbd2148f78e6d7d010017b38e2807611735e9229375986a38db2db38
2361e121ca39186039fa,SRC063,1,PAIR_485A5FB0373B070380756DED,VALUE_CONFLICT,57,46,source_section|source_table|subject_type|asset_class|metric_value_raw|evidence_quote|method|fee_basis,MERGE,"Verified against page-1 image. source_section is the exact printed heading above the table, shaded bar on both pages: A left it blank, B truncated it to 'Real Assets'; source_table is the full printed title naming the whole table, reprinted verbatim on page 2 where B dropped it to 'Real Assets'; asset_class 'Real Assets' from the table title, the printed grouping that governs every row; B left it blank; subject_type 'fund': the row label names a vehicle listed under the printed 'Partnership' column header, whose footnote reads 'Real Asset Partnerships'; A's 'investment' is the fund/investment split; value keeps the printed form with no gap between the currency symbol and the digits; evidence_quote is the full printed line, which proves the value; B quoted the bare figure only. Definition backfill: footnote 1 on the Partnership column states time-weighted returns net of investment expenses; ** marks the currency-hedged partnerships.",RESOLVED,A+B+ADJUDICATOR,f27235b5cbd2148f78e6d7d010017b38e2807611735e9229375986a38db2db38
189b74ff1f21bda5cab3,SRC063,1,PAIR_B9D75FE3BBE0173D14915C3C,CLASSIFICATION_CONFLICT,58,47,source_section|source_table|subject_type|asset_class|evidence_quote|value_scope,MERGE,"Verified against page-1 image. source_section is the exact printed heading above the table, shaded bar on both pages: A left it blank, B truncated it to 'Real Assets'; source_table is the full printed title naming the whole table, reprinted verbatim on page 2 where B dropped it to 'Real Assets'; asset_class 'Real Assets' from the table title, the printed grouping that governs every row; B left it blank; subject_type 'fund': the row label names a vehicle listed under the printed 'Partnership' column header, whose footnote reads 'Real Asset Partnerships'; A's 'investment' is the fund/investment split; evidence_quote is the full printed line, which proves the value; B quoted the bare figure only. Definition backfill: footnote 1 on the Partnership column states time-weighted returns net of investment expenses; ** marks the currency-hedged partnerships.",RESOLVED,A+B+ADJUDICATOR,f27235b5cbd2148f78e6d7d010017b38e2807611735e9229375986a38db2db38
817688418d42298c6560,SRC063,1,PAIR_2D814E527A44604EF9A7CCC8,CLASSIFICATION_CONFLICT,59,48,source_section|source_table|subject_type|asset_class|evidence_quote|value_scope,MERGE,"Verified against page-1 image. source_section is the exact printed heading above the table, shaded bar on both pages: A left it blank, B truncated it to 'Real Assets'; source_table is the full printed title naming the whole table, reprinted verbatim on page 2 where B dropped it to 'Real Assets'; asset_class 'Real Assets' from the table title, the printed grouping that governs every row; B left it blank; subject_type 'fund': the row label names a vehicle listed under the printed 'Partnership' column header, whose footnote reads 'Real Asset Partnerships'; A's 'investment' is the fund/investment split; evidence_quote is the full printed line, which proves the value; B quoted the bare figure only. Definition backfill: footnote 1 on the Partnership column states time-weighted returns net of investment expenses; ** marks the currency-hedged partnerships.",RESOLVED,A+B+ADJUDICATOR,f27235b5cbd2148f78e6d7d010017b38e2807611735e9229375986a38db2db38
d4179a20addf74261903,SRC063,1,PAIR_2760E51DCED0AA1C8BE167EC,CLASSIFICATION_CONFLICT,60,49,source_section|source_table|subject_type|asset_class|evidence_quote|value_scope,MERGE,"Verified against page-1 image. source_section is the exact printed heading above the table, shaded bar on both pages: A left it blank, B truncated it to 'Real Assets'; source_table is the full printed title naming the whole table, reprinted verbatim on page 2 where B dropped it to 'Real Assets'; asset_class 'Real Assets' from the table title, the printed grouping that governs every row; B left it blank; subject_type 'fund': the row label names a vehicle listed under the printed 'Partnership' column header, whose footnote reads 'Real Asset Partnerships'; A's 'investment' is the fund/investment split; evidence_quote is the full printed line, which proves the value; B quoted the bare figure only. Definition backfill: footnote 1 on the Partnership column states time-weighted returns net of investment expenses; ** marks the currency-hedged partnerships.",RESOLVED,A+B+ADJUDICATOR,f27235b5cbd2148f78e6d7d010017b38e2807611735e9229375986a38db2db38
be493ee342aa12ebe2fe,SRC063,1,PAIR_5D60DE67D2D84F5727EA20C9,CLASSIFICATION_CONFLICT,61,50,source_section|source_table|subject_type|asset_class|evidence_quote|value_scope,MERGE,"Verified against page-1 image. source_section is the exact printed heading above the table, shaded bar on both pages: A left it blank, B truncated it to 'Real Assets'; source_table is the full printed title naming the whole table, reprinted verbatim on page 2 where B dropped it to 'Real Assets'; asset_class 'Real Assets' from the table title, the printed grouping that governs every row; B left it blank; subject_type 'fund': the row label names a vehicle listed under the printed 'Partnership' column header, whose footnote reads 'Real Asset Partnerships'; A's 'investment' is the fund/investment split; evidence_quote is the full printed line, which proves the value; B quoted the bare figure only. Definition backfill: footnote 1 on the Partnership column states time-weighted returns net of investment expenses; ** marks the currency-hedged partnerships.",RESOLVED,A+B+ADJUDICATOR,f27235b5cbd2148f78e6d7d010017b38e2807611735e9229375986a38db2db38
89b786704d1be59d52bf,SRC063,1,PAIR_0A2D3971E1C9AD3A5C71F1CB,VALUE_CONFLICT,62,51,source_section|source_table|subject_type|asset_class|metric_value_raw|evidence_quote|method|fee_basis,MERGE,"Verified against page-1 image. source_section is the exact printed heading above the table, shaded bar on both pages: A left it blank, B truncated it to 'Real Assets'; source_table is the full printed title naming the whole table, reprinted verbatim on page 2 where B dropped it to 'Real Assets'; asset_class 'Real Assets' from the table title, the printed grouping that governs every row; B left it blank; subject_type 'fund': the row label names a vehicle listed under the printed 'Partnership' column header, whose footnote reads 'Real Asset Partnerships'; A's 'investment' is the fund/investment split; value keeps the printed form with no gap between the currency symbol and the digits; evidence_quote is the full printed line, which proves the value; B quoted the bare figure only. Definition backfill: footnote 1 on the Partnership column states time-weighted returns net of investment expenses; ** marks the currency-hedged partnerships.",RESOLVED,A+B+ADJUDICATOR,f27235b5cbd2148f78e6d7d010017b38e2807611735e9229375986a38db2db38
e1d32c692beaa9949223,SRC063,1,PAIR_AA8065EB738958FFE3F684B4,CLASSIFICATION_CONFLICT,63,52,source_section|source_table|subject_type|asset_class|evidence_quote|value_scope,MERGE,"Verified against page-1 image. source_section is the exact printed heading above the table, shaded bar on both pages: A left it blank, B truncated it to 'Real Assets'; source_table is the full printed title naming the whole table, reprinted verbatim on page 2 where B dropped it to 'Real Assets'; asset_class 'Real Assets' from the table title, the printed grouping that governs every row; B left it blank; subject_type 'fund': the row label names a vehicle listed under the printed 'Partnership' column header, whose footnote reads 'Real Asset Partnerships'; A's 'investment' is the fund/investment split; evidence_quote is the full printed line, which proves the value; B quoted the bare figure only. Definition backfill: footnote 1 on the Partnership column states time-weighted returns net of investment expenses; ** marks the currency-hedged partnerships.",RESOLVED,A+B+ADJUDICATOR,f27235b5cbd2148f78e6d7d010017b38e2807611735e9229375986a38db2db38
5e2a97155ce74d16fee2,SRC063,1,PAIR_A83D30864D4AF4169C00BEDC,CLASSIFICATION_CONFLICT,64,53,source_section|source_table|subject_type|asset_class|evidence_quote|value_scope,MERGE,"Verified against page-1 image. source_section is the exact printed heading above the table, shaded bar on both pages: A left it blank, B truncated it to 'Real Assets'; source_table is the full printed title naming the whole table, reprinted verbatim on page 2 where B dropped it to 'Real Assets'; asset_class 'Real Assets' from the table title, the printed grouping that governs every row; B left it blank; subject_type 'fund': the row label names a vehicle listed under the printed 'Partnership' column header, whose footnote reads 'Real Asset Partnerships'; A's 'investment' is the fund/investment split; evidence_quote is the full printed line, which proves the value; B quoted the bare figure only. Definition backfill: footnote 1 on the Partnership column states time-weighted returns net of investment expenses; ** marks the currency-hedged partnerships.",RESOLVED,A+B+ADJUDICATOR,f27235b5cbd2148f78e6d7d010017b38e2807611735e9229375986a38db2db38
4b517d296e8f9f5ceb79,SRC063,1,PAIR_195BB937A569F2CBE2ABC0DE,CLASSIFICATION_CONFLICT,65,54,source_section|source_table|subject_type|asset_class|evidence_quote|value_scope,MERGE,"Verified against page-1 image. source_section is the exact printed heading above the table, shaded bar on both pages: A left it blank, B truncated it to 'Real Assets'; source_table is the full printed title naming the whole table, reprinted verbatim on page 2 where B dropped it to 'Real Assets'; asset_class 'Real Assets' from the table title, the printed grouping that governs every row; B left it blank; subject_type 'fund': the row label names a vehicle listed under the printed 'Partnership' column header, whose footnote reads 'Real Asset Partnerships'; A's 'investment' is the fund/investment split; evidence_quote is the full printed line, which proves the value; B quoted the bare figure only. Definition backfill: footnote 1 on the Partnership column states time-weighted returns net of investment expenses; ** marks the currency-hedged partnerships.",RESOLVED,A+B+ADJUDICATOR,f27235b5cbd2148f78e6d7d010017b38e2807611735e9229375986a38db2db38
d3b4407d1653948e2a4d,SRC063,1,PAIR_2BC660BEDC2CD2EE8E6FB44B,VALUE_CONFLICT,66,55,source_section|source_table|subject_type|asset_class|metric_value_raw|evidence_quote|method|fee_basis,MERGE,"Verified against page-1 image. source_section is the exact printed heading above the table, shaded bar on both pages: A left it blank, B truncated it to 'Real Assets'; source_table is the full printed title naming the whole table, reprinted verbatim on page 2 where B dropped it to 'Real Assets'; asset_class 'Real Assets' from the table title, the printed grouping that governs every row; B left it blank; subject_type 'fund': the row label names a vehicle listed under the printed 'Partnership' column header, whose footnote reads 'Real Asset Partnerships'; A's 'investment' is the fund/investment split; value keeps the printed form with no gap between the currency symbol and the digits; evidence_quote is the full printed line, which proves the value; B quoted the bare figure only. Definition backfill: footnote 1 on the Partnership column states time-weighted returns net of investment expenses; ** marks the currency-hedged partnerships.",RESOLVED,A+B+ADJUDICATOR,f27235b5cbd2148f78e6d7d010017b38e2807611735e9229375986a38db2db38
7421b0f34077f40408c4,SRC063,1,PAIR_3C3B7A5B181CB3D5B2A355B8,VALUE_CONFLICT,67,56,source_section|source_table|subject_type|asset_class|metric_value_raw|evidence_quote|method|fee_basis,MERGE,"Verified against page-1 image. source_section is the exact printed heading above the table, shaded bar on both pages: A left it blank, B truncated it to 'Real Assets'; source_table is the full printed title naming the whole table, reprinted verbatim on page 2 where B dropped it to 'Real Assets'; asset_class 'Real Assets' from the table title, the printed grouping that governs every row; B left it blank; subject_type 'fund': the row label names a vehicle listed under the printed 'Partnership' column header, whose footnote reads 'Real Asset Partnerships'; A's 'investment' is the fund/investment split; value keeps the printed form with no gap between the currency symbol and the digits; evidence_quote is the full printed line, which proves the value; B quoted the bare figure only. Definition backfill: footnote 1 on the Partnership column states time-weighted returns net of investment expenses; ** marks the currency-hedged partnerships.",RESOLVED,A+B+ADJUDICATOR,f27235b5cbd2148f78e6d7d010017b38e2807611735e9229375986a38db2db38
dfc155929bfd6918741f,SRC063,1,PAIR_8C15064FAB33260DA495181A,VALUE_CONFLICT,68,57,source_section|source_table|subject_type|asset_class|metric_value_raw|evidence_quote|method|fee_basis,MERGE,"Verified against page-1 image. source_section is the exact printed heading above the table, shaded bar on both pages: A left it blank, B truncated it to 'Real Assets'; source_table is the full printed title naming the whole table, reprinted verbatim on page 2 where B dropped it to 'Real Assets'; asset_class 'Real Assets' from the table title, the printed grouping that governs every row; B left it blank; subject_type 'fund': the row label names a vehicle listed under the printed 'Partnership' column header, whose footnote reads 'Real Asset Partnerships'; A's 'investment' is the fund/investment split; value keeps the printed form with no gap between the currency symbol and the digits; evidence_quote is the full printed line, which proves the value; B quoted the bare figure only. Definition backfill: footnote 1 on the Partnership column states time-weighted returns net of investment expenses; ** marks the currency-hedged partnerships.",RESOLVED,A+B+ADJUDICATOR,f27235b5cbd2148f78e6d7d010017b38e2807611735e9229375986a38db2db38
037dc220ca5de2124e07,SRC063,1,PAIR_5711FA1B64331434ACBD264E,CLASSIFICATION_CONFLICT,69,58,source_section|source_table|subject_type|asset_class|evidence_quote|value_scope,MERGE,"Verified against page-1 image. source_section is the exact printed heading above the table, shaded bar on both pages: A left it blank, B truncated it to 'Real Assets'; source_table is the full printed title naming the whole table, reprinted verbatim on page 2 where B dropped it to 'Real Assets'; asset_class 'Real Assets' from the table title, the printed grouping that governs every row; B left it blank; subject_type 'fund': the row label names a vehicle listed under the printed 'Partnership' column header, whose footnote reads 'Real Asset Partnerships'; A's 'investment' is the fund/investment split; evidence_quote is the full printed line, which proves the value; B quoted the bare figure only. Definition backfill: footnote 1 on the Partnership column states time-weighted returns net of investment expenses; ** marks the currency-hedged partnerships.",RESOLVED,A+B+ADJUDICATOR,f27235b5cbd2148f78e6d7d010017b38e2807611735e9229375986a38db2db38
f506f54dd932fb281b9f,SRC063,1,PAIR_D871F9CF7351290A07EA57B2,VALUE_CONFLICT,70,59,source_section|source_table|subject_type|asset_class|metric_value_raw|evidence_quote|method|fee_basis,MERGE,"Verified against page-1 image. source_section is the exact printed heading above the table, shaded bar on both pages: A left it blank, B truncated it to 'Real Assets'; source_table is the full printed title naming the whole table, reprinted verbatim on page 2 where B dropped it to 'Real Assets'; asset_class 'Real Assets' from the table title, the printed grouping that governs every row; B left it blank; subject_type 'fund': the row label names a vehicle listed under the printed 'Partnership' column header, whose footnote reads 'Real Asset Partnerships'; A's 'investment' is the fund/investment split; value keeps the printed form with no gap between the currency symbol and the digits; evidence_quote is the full printed line, which proves the value; B quoted the bare figure only. Definition backfill: footnote 1 on the Partnership column states time-weighted returns net of investment expenses; ** marks the currency-hedged partnerships.",RESOLVED,A+B+ADJUDICATOR,f27235b5cbd2148f78e6d7d010017b38e2807611735e9229375986a38db2db38
bfc672a03ebe3a2e64aa,SRC063,1,PAIR_FA37AC50B5AF4C7AD3FEEC38,CLASSIFICATION_CONFLICT,71,60,source_section|source_table|subject_type|asset_class|evidence_quote|value_scope,MERGE,"Verified against page-1 image. source_section is the exact printed heading above the table, shaded bar on both pages: A left it blank, B truncated it to 'Real Assets'; source_table is the full printed title naming the whole table, reprinted verbatim on page 2 where B dropped it to 'Real Assets'; asset_class 'Real Assets' from the table title, the printed grouping that governs every row; B left it blank; subject_type 'fund': the row label names a vehicle listed under the printed 'Partnership' column header, whose footnote reads 'Real Asset Partnerships'; A's 'investment' is the fund/investment split; evidence_quote is the full printed line, which proves the value; B quoted the bare figure only. Definition backfill: footnote 1 on the Partnership column states time-weighted returns net of investment expenses; ** marks the currency-hedged partnerships.",RESOLVED,A+B+ADJUDICATOR,f27235b5cbd2148f78e6d7d010017b38e2807611735e9229375986a38db2db38
fa2d44c7dc2dab1334ad,SRC063,1,PAIR_2E984026E5526D303FE520EC,VALUE_CONFLICT,72,61,source_section|source_table|subject_type|asset_class|metric_value_raw|evidence_quote|method|fee_basis,MERGE,"Verified against page-1 image. source_section is the exact printed heading above the table, shaded bar on both pages: A left it blank, B truncated it to 'Real Assets'; source_table is the full printed title naming the whole table, reprinted verbatim on page 2 where B dropped it to 'Real Assets'; asset_class 'Real Assets' from the table title, the printed grouping that governs every row; B left it blank; subject_type 'fund': the row label names a vehicle listed under the printed 'Partnership' column header, whose footnote reads 'Real Asset Partnerships'; A's 'investment' is the fund/investment split; value keeps the printed form with no gap between the currency symbol and the digits; evidence_quote is the full printed line, which proves the value; B quoted the bare figure only. Definition backfill: footnote 1 on the Partnership column states time-weighted returns net of investment expenses; ** marks the currency-hedged partnerships.",RESOLVED,A+B+ADJUDICATOR,f27235b5cbd2148f78e6d7d010017b38e2807611735e9229375986a38db2db38
fc8b6c6f20520cca0d41,SRC063,1,PAIR_E6A7B00CD97ACEF62C248772,VALUE_CONFLICT,73,62,source_section|source_table|subject_type|asset_class|metric_value_raw|evidence_quote|method|fee_basis,MERGE,"Verified against page-1 image. source_section is the exact printed heading above the table, shaded bar on both pages: A left it blank, B truncated it to 'Real Assets'; source_table is the full printed title naming the whole table, reprinted verbatim on page 2 where B dropped it to 'Real Assets'; asset_class 'Real Assets' from the table title, the printed grouping that governs every row; B left it blank; subject_type 'fund': the row label names a vehicle listed under the printed 'Partnership' column header, whose footnote reads 'Real Asset Partnerships'; A's 'investment' is the fund/investment split; value keeps the printed form with no gap between the currency symbol and the digits; evidence_quote is the full printed line, which proves the value; B quoted the bare figure only. Definition backfill: footnote 1 on the Partnership column states time-weighted returns net of investment expenses; ** marks the currency-hedged partnerships.",RESOLVED,A+B+ADJUDICATOR,f27235b5cbd2148f78e6d7d010017b38e2807611735e9229375986a38db2db38
a2bd4baeef341f2c92c3,SRC063,1,PAIR_E74B126DB4F17719A2568747,CLASSIFICATION_CONFLICT,74,63,source_section|source_table|subject_type|asset_class|evidence_quote|value_scope,MERGE,"Verified against page-1 image. source_section is the exact printed heading above the table, shaded bar on both pages: A left it blank, B truncated it to 'Real Assets'; source_table is the full printed title naming the whole table, reprinted verbatim on page 2 where B dropped it to 'Real Assets'; asset_class 'Real Assets' from the table title, the printed grouping that governs every row; B left it blank; subject_type 'fund': the row label names a vehicle listed under the printed 'Partnership' column header, whose footnote reads 'Real Asset Partnerships'; A's 'investment' is the fund/investment split; evidence_quote is the full printed line, which proves the value; B quoted the bare figure only. Definition backfill: footnote 1 on the Partnership column states time-weighted returns net of investment expenses; ** marks the currency-hedged partnerships.",RESOLVED,A+B+ADJUDICATOR,f27235b5cbd2148f78e6d7d010017b38e2807611735e9229375986a38db2db38
681bbf1d6c97f2b6d846,SRC063,1,PAIR_EE698389FF2E3746BAED389B,VALUE_CONFLICT,75,64,source_section|source_table|subject_type|asset_class|metric_value_raw|evidence_quote|method|fee_basis,MERGE,"Verified against page-1 image. source_section is the exact printed heading above the table, shaded bar on both pages: A left it blank, B truncated it to 'Real Assets'; source_table is the full printed title naming the whole table, reprinted verbatim on page 2 where B dropped it to 'Real Assets'; asset_class 'Real Assets' from the table title, the printed grouping that governs every row; B left it blank; subject_type 'fund': the row label names a vehicle listed under the printed 'Partnership' column header, whose footnote reads 'Real Asset Partnerships'; A's 'investment' is the fund/investment split; value keeps the printed form with no gap between the currency symbol and the digits; evidence_quote is the full printed line, which proves the value; B quoted the bare figure only. Definition backfill: footnote 1 on the Partnership column states time-weighted returns net of investment expenses; ** marks the currency-hedged partnerships.",RESOLVED,A+B+ADJUDICATOR,f27235b5cbd2148f78e6d7d010017b38e2807611735e9229375986a38db2db38
dad80d505095331a7a7e,SRC063,1,PAIR_6D5DCC56BAEEEDC7A11063AC,CLASSIFICATION_CONFLICT,76,65,source_section|source_table|subject_type|asset_class|evidence_quote|value_scope,MERGE,"Verified against page-1 image. source_section is the exact printed heading above the table, shaded bar on both pages: A left it blank, B truncated it to 'Real Assets'; source_table is the full printed title naming the whole table, reprinted verbatim on page 2 where B dropped it to 'Real Assets'; asset_class 'Real Assets' from the table title, the printed grouping that governs every row; B left it blank; subject_type 'fund': the row label names a vehicle listed under the printed 'Partnership' column header, whose footnote reads 'Real Asset Partnerships'; A's 'investment' is the fund/investment split; evidence_quote is the full printed line, which proves the value; B quoted the bare figure only. Definition backfill: footnote 1 on the Partnership column states time-weighted returns net of investment expenses; ** marks the currency-hedged partnerships.",RESOLVED,A+B+ADJUDICATOR,f27235b5cbd2148f78e6d7d010017b38e2807611735e9229375986a38db2db38
701eff6d2c8bfb8c0a0d,SRC063,1,PAIR_4C65A12F800FD4759474B371,CLASSIFICATION_CONFLICT,77,66,source_section|source_table|subject_type|asset_class|evidence_quote|value_scope,MERGE,"Verified against page-1 image. source_section is the exact printed heading above the table, shaded bar on both pages: A left it blank, B truncated it to 'Real Assets'; source_table is the full printed title naming the whole table, reprinted verbatim on page 2 where B dropped it to 'Real Assets'; asset_class 'Real Assets' from the table title, the printed grouping that governs every row; B left it blank; subject_type 'fund': the row label names a vehicle listed under the printed 'Partnership' column header, whose footnote reads 'Real Asset Partnerships'; A's 'investment' is the fund/investment split; evidence_quote is the full printed line, which proves the value; B quoted the bare figure only. Definition backfill: footnote 1 on the Partnership column states time-weighted returns net of investment expenses; ** marks the currency-hedged partnerships.",RESOLVED,A+B+ADJUDICATOR,f27235b5cbd2148f78e6d7d010017b38e2807611735e9229375986a38db2db38
d2bbe6291f73ba8d0e17,SRC063,1,PAIR_6BAC17D8D73DE172E56AE1F6,CLASSIFICATION_CONFLICT,78,67,source_section|source_table|subject_type|asset_class|evidence_quote|value_scope,MERGE,"Verified against page-1 image. source_section is the exact printed heading above the table, shaded bar on both pages: A left it blank, B truncated it to 'Real Assets'; source_table is the full printed title naming the whole table, reprinted verbatim on page 2 where B dropped it to 'Real Assets'; asset_class 'Real Assets' from the table title, the printed grouping that governs every row; B left it blank; subject_type 'fund': the row label names a vehicle listed under the printed 'Partnership' column header, whose footnote reads 'Real Asset Partnerships'; A's 'investment' is the fund/investment split; evidence_quote is the full printed line, which proves the value; B quoted the bare figure only. Definition backfill: footnote 1 on the Partnership column states time-weighted returns net of investment expenses; ** marks the currency-hedged partnerships.",RESOLVED,A+B+ADJUDICATOR,f27235b5cbd2148f78e6d7d010017b38e2807611735e9229375986a38db2db38
eb103f5f7535c63fc947,SRC063,1,PAIR_5527E7542A1E92C839151592,CLASSIFICATION_CONFLICT,79,68,source_section|source_table|subject_type|asset_class|evidence_quote|value_scope,MERGE,"Verified against page-1 image. source_section is the exact printed heading above the table, shaded bar on both pages: A left it blank, B truncated it to 'Real Assets'; source_table is the full printed title naming the whole table, reprinted verbatim on page 2 where B dropped it to 'Real Assets'; asset_class 'Real Assets' from the table title, the printed grouping that governs every row; B left it blank; subject_type 'fund': the row label names a vehicle listed under the printed 'Partnership' column header, whose footnote reads 'Real Asset Partnerships'; A's 'investment' is the fund/investment split; evidence_quote is the full printed line, which proves the value; B quoted the bare figure only. Definition backfill: footnote 1 on the Partnership column states time-weighted returns net of investment expenses; ** marks the currency-hedged partnerships.",RESOLVED,A+B+ADJUDICATOR,f27235b5cbd2148f78e6d7d010017b38e2807611735e9229375986a38db2db38
8e688a7c420d2319afb1,SRC063,1,PAIR_4F9AC17EB991808511C818BD,VALUE_CONFLICT,80,69,source_section|source_table|subject_type|asset_class|metric_value_raw|evidence_quote|method|fee_basis,MERGE,"Verified against page-1 image. source_section is the exact printed heading above the table, shaded bar on both pages: A left it blank, B truncated it to 'Real Assets'; source_table is the full printed title naming the whole table, reprinted verbatim on page 2 where B dropped it to 'Real Assets'; asset_class 'Real Assets' from the table title, the printed grouping that governs every row; B left it blank; subject_type 'fund': the row label names a vehicle listed under the printed 'Partnership' column header, whose footnote reads 'Real Asset Partnerships'; A's 'investment' is the fund/investment split; value keeps the printed form with no gap between the currency symbol and the digits; evidence_quote is the full printed line, which proves the value; B quoted the bare figure only. Definition backfill: footnote 1 on the Partnership column states time-weighted returns net of investment expenses; ** marks the currency-hedged partnerships.",RESOLVED,A+B+ADJUDICATOR,f27235b5cbd2148f78e6d7d010017b38e2807611735e9229375986a38db2db38
3ccc5dd8e5a1f98c311f,SRC063,1,PAIR_825F6A8A4951913562933774,CLASSIFICATION_CONFLICT,81,70,source_section|source_table|subject_type|asset_class|evidence_quote|value_scope,MERGE,"Verified against page-1 image. source_section is the exact printed heading above the table, shaded bar on both pages: A left it blank, B truncated it to 'Real Assets'; source_table is the full printed title naming the whole table, reprinted verbatim on page 2 where B dropped it to 'Real Assets'; asset_class 'Real Assets' from the table title, the printed grouping that governs every row; B left it blank; subject_type 'fund': the row label names a vehicle listed under the printed 'Partnership' column header, whose footnote reads 'Real Asset Partnerships'; A's 'investment' is the fund/investment split; evidence_quote is the full printed line, which proves the value; B quoted the bare figure only. Definition backfill: footnote 1 on the Partnership column states time-weighted returns net of investment expenses; ** marks the currency-hedged partnerships.",RESOLVED,A+B+ADJUDICATOR,f27235b5cbd2148f78e6d7d010017b38e2807611735e9229375986a38db2db38
9e5fa1178fc15281041b,SRC063,1,PAIR_31A64EA3D02786E9BDD0B70A,CLASSIFICATION_CONFLICT,82,71,source_section|source_table|subject_type|asset_class|evidence_quote|value_scope,MERGE,"Verified against page-1 image. source_section is the exact printed heading above the table, shaded bar on both pages: A left it blank, B truncated it to 'Real Assets'; source_table is the full printed title naming the whole table, reprinted verbatim on page 2 where B dropped it to 'Real Assets'; asset_class 'Real Assets' from the table title, the printed grouping that governs every row; B left it blank; subject_type 'fund': the row label names a vehicle listed under the printed 'Partnership' column header, whose footnote reads 'Real Asset Partnerships'; A's 'investment' is the fund/investment split; evidence_quote is the full printed line, which proves the value; B quoted the bare figure only. Definition backfill: footnote 1 on the Partnership column states time-weighted returns net of investment expenses; ** marks the currency-hedged partnerships.",RESOLVED,A+B+ADJUDICATOR,f27235b5cbd2148f78e6d7d010017b38e2807611735e9229375986a38db2db38
334c49cd03c2537f61ba,SRC063,1,PAIR_090CC57F981BBD91AFCF9F52,VALUE_CONFLICT,83,72,source_section|source_table|subject_type|asset_class|metric_value_raw|evidence_quote|method|fee_basis,MERGE,"Verified against page-1 image. source_section is the exact printed heading above the table, shaded bar on both pages: A left it blank, B truncated it to 'Real Assets'; source_table is the full printed title naming the whole table, reprinted verbatim on page 2 where B dropped it to 'Real Assets'; asset_class 'Real Assets' from the table title, the printed grouping that governs every row; B left it blank; subject_type 'fund': the row label names a vehicle listed under the printed 'Partnership' column header, whose footnote reads 'Real Asset Partnerships'; A's 'investment' is the fund/investment split; value keeps the printed form with no gap between the currency symbol and the digits; evidence_quote is the full printed line, which proves the value; B quoted the bare figure only. Definition backfill: footnote 1 on the Partnership column states time-weighted returns net of investment expenses; ** marks the currency-hedged partnerships.",RESOLVED,A+B+ADJUDICATOR,f27235b5cbd2148f78e6d7d010017b38e2807611735e9229375986a38db2db38
138fa7c55962ea9a296a,SRC063,1,PAIR_7C6483E324099372ADEE53CD,CLASSIFICATION_CONFLICT,84,73,source_section|source_table|subject_type|asset_class|evidence_quote|value_scope,MERGE,"Verified against page-1 image. source_section is the exact printed heading above the table, shaded bar on both pages: A left it blank, B truncated it to 'Real Assets'; source_table is the full printed title naming the whole table, reprinted verbatim on page 2 where B dropped it to 'Real Assets'; asset_class 'Real Assets' from the table title, the printed grouping that governs every row; B left it blank; subject_type 'fund': the row label names a vehicle listed under the printed 'Partnership' column header, whose footnote reads 'Real Asset Partnerships'; A's 'investment' is the fund/investment split; evidence_quote is the full printed line, which proves the value; B quoted the bare figure only. Definition backfill: footnote 1 on the Partnership column states time-weighted returns net of investment expenses; ** marks the currency-hedged partnerships.",RESOLVED,A+B+ADJUDICATOR,f27235b5cbd2148f78e6d7d010017b38e2807611735e9229375986a38db2db38
0fd511e57f1e9363281e,SRC063,1,PAIR_3F60C4E367A01288B61B3B01,VALUE_CONFLICT,85,74,source_section|source_table|subject_type|asset_class|metric_value_raw|evidence_quote|method|fee_basis,MERGE,"Verified against page-1 image. source_section is the exact printed heading above the table, shaded bar on both pages: A left it blank, B truncated it to 'Real Assets'; source_table is the full printed title naming the whole table, reprinted verbatim on page 2 where B dropped it to 'Real Assets'; asset_class 'Real Assets' from the table title, the printed grouping that governs every row; B left it blank; subject_type 'fund': the row label names a vehicle listed under the printed 'Partnership' column header, whose footnote reads 'Real Asset Partnerships'; A's 'investment' is the fund/investment split; value keeps the printed form with no gap between the currency symbol and the digits; evidence_quote is the full printed line, which proves the value; B quoted the bare figure only. Definition backfill: footnote 1 on the Partnership column states time-weighted returns net of investment expenses; ** marks the currency-hedged partnerships.",RESOLVED,A+B+ADJUDICATOR,f27235b5cbd2148f78e6d7d010017b38e2807611735e9229375986a38db2db38
5c18fdc5e2c46c7c091c,SRC063,1,PAIR_C8C7AEA45CBAE1744876794C,VALUE_CONFLICT,86,75,source_section|source_table|subject_type|asset_class|metric_value_raw|evidence_quote|method|fee_basis,MERGE,"Verified against page-1 image. source_section is the exact printed heading above the table, shaded bar on both pages: A left it blank, B truncated it to 'Real Assets'; source_table is the full printed title naming the whole table, reprinted verbatim on page 2 where B dropped it to 'Real Assets'; asset_class 'Real Assets' from the table title, the printed grouping that governs every row; B left it blank; subject_type 'fund': the row label names a vehicle listed under the printed 'Partnership' column header, whose footnote reads 'Real Asset Partnerships'; A's 'investment' is the fund/investment split; value keeps the printed form with no gap between the currency symbol and the digits; evidence_quote is the full printed line, which proves the value; B quoted the bare figure only. Definition backfill: footnote 1 on the Partnership column states time-weighted returns net of investment expenses; ** marks the currency-hedged partnerships.",RESOLVED,A+B+ADJUDICATOR,f27235b5cbd2148f78e6d7d010017b38e2807611735e9229375986a38db2db38
c13d1340daae487c91e4,SRC063,1,PAIR_CF5A62B1D2436403A7AC9C2B,VALUE_CONFLICT,87,76,source_section|source_table|subject_type|asset_class|metric_value_raw|evidence_quote|method|fee_basis,MERGE,"Verified against page-1 image. source_section is the exact printed heading above the table, shaded bar on both pages: A left it blank, B truncated it to 'Real Assets'; source_table is the full printed title naming the whole table, reprinted verbatim on page 2 where B dropped it to 'Real Assets'; asset_class 'Real Assets' from the table title, the printed grouping that governs every row; B left it blank; subject_type 'fund': the row label names a vehicle listed under the printed 'Partnership' column header, whose footnote reads 'Real Asset Partnerships'; A's 'investment' is the fund/investment split; value keeps the printed form with no gap between the currency symbol and the digits; evidence_quote is the full printed line, which proves the value; B quoted the bare figure only. Definition backfill: footnote 1 on the Partnership column states time-weighted returns net of investment expenses; ** marks the currency-hedged partnerships.",RESOLVED,A+B+ADJUDICATOR,f27235b5cbd2148f78e6d7d010017b38e2807611735e9229375986a38db2db38
e7c8ce7edbc32efe9dc6,SRC063,1,PAIR_656D94934A53610667D42DD3,CLASSIFICATION_CONFLICT,88,77,source_section|source_table|subject_type|asset_class|evidence_quote|value_scope,MERGE,"Verified against page-1 image. source_section is the exact printed heading above the table, shaded bar on both pages: A left it blank, B truncated it to 'Real Assets'; source_table is the full printed title naming the whole table, reprinted verbatim on page 2 where B dropped it to 'Real Assets'; asset_class 'Real Assets' from the table title, the printed grouping that governs every row; B left it blank; subject_type 'fund': the row label names a vehicle listed under the printed 'Partnership' column header, whose footnote reads 'Real Asset Partnerships'; A's 'investment' is the fund/investment split; evidence_quote is the full printed line, which proves the value; B quoted the bare figure only. Definition backfill: footnote 1 on the Partnership column states time-weighted returns net of investment expenses; ** marks the currency-hedged partnerships.",RESOLVED,A+B+ADJUDICATOR,f27235b5cbd2148f78e6d7d010017b38e2807611735e9229375986a38db2db38
e04625b0fad014633e9c,SRC063,1,PAIR_9AB847CAC5C35FD389E903A3,CLASSIFICATION_CONFLICT,89,78,source_section|source_table|subject_type|asset_class|evidence_quote|value_scope,MERGE,"Verified against page-1 image. source_section is the exact printed heading above the table, shaded bar on both pages: A left it blank, B truncated it to 'Real Assets'; source_table is the full printed title naming the whole table, reprinted verbatim on page 2 where B dropped it to 'Real Assets'; asset_class 'Real Assets' from the table title, the printed grouping that governs every row; B left it blank; subject_type 'fund': the row label names a vehicle listed under the printed 'Partnership' column header, whose footnote reads 'Real Asset Partnerships'; A's 'investment' is the fund/investment split; evidence_quote is the full printed line, which proves the value; B quoted the bare figure only. Definition backfill: footnote 1 on the Partnership column states time-weighted returns net of investment expenses; ** marks the currency-hedged partnerships.",RESOLVED,A+B+ADJUDICATOR,f27235b5cbd2148f78e6d7d010017b38e2807611735e9229375986a38db2db38
360aa0ae1c4e581e5b66,SRC063,1,PAIR_EC45980FDE0BD2101389B4A9,CLASSIFICATION_CONFLICT,90,79,source_section|source_table|subject_type|asset_class|evidence_quote|value_scope,MERGE,"Verified against page-1 image. source_section is the exact printed heading above the table, shaded bar on both pages: A left it blank, B truncated it to 'Real Assets'; source_table is the full printed title naming the whole table, reprinted verbatim on page 2 where B dropped it to 'Real Assets'; asset_class 'Real Assets' from the table title, the printed grouping that governs every row; B left it blank; subject_type 'fund': the row label names a vehicle listed under the printed 'Partnership' column header, whose footnote reads 'Real Asset Partnerships'; A's 'investment' is the fund/investment split; evidence_quote is the full printed line, which proves the value; B quoted the bare figure only. Definition backfill: footnote 1 on the Partnership column states time-weighted returns net of investment expenses; ** marks the currency-hedged partnerships.",RESOLVED,A+B+ADJUDICATOR,f27235b5cbd2148f78e6d7d010017b38e2807611735e9229375986a38db2db38
50b6a76f13c493e7973b,SRC063,1,PAIR_D19E0B7086AE1C92EE92E89C,CLASSIFICATION_CONFLICT,91,80,source_section|source_table|subject_type|asset_class|evidence_quote|value_scope,MERGE,"Verified against page-1 image. source_section is the exact printed heading above the table, shaded bar on both pages: A left it blank, B truncated it to 'Real Assets'; source_table is the full printed title naming the whole table, reprinted verbatim on page 2 where B dropped it to 'Real Assets'; asset_class 'Real Assets' from the table title, the printed grouping that governs every row; B left it blank; subject_type 'fund': the row label names a vehicle listed under the printed 'Partnership' column header, whose footnote reads 'Real Asset Partnerships'; A's 'investment' is the fund/investment split; evidence_quote is the full printed line, which proves the value; B quoted the bare figure only. Definition backfill: footnote 1 on the Partnership column states time-weighted returns net of investment expenses; ** marks the currency-hedged partnerships.",RESOLVED,A+B+ADJUDICATOR,f27235b5cbd2148f78e6d7d010017b38e2807611735e9229375986a38db2db38
24b8df2048ff6b420367,SRC063,1,PAIR_3E6724D05842063BB821F993,VALUE_CONFLICT,92,81,source_section|source_table|subject_type|asset_class|metric_value_raw|evidence_quote|method|fee_basis,MERGE,"Verified against page-1 image. source_section is the exact printed heading above the table, shaded bar on both pages: A left it blank, B truncated it to 'Real Assets'; source_table is the full printed title naming the whole table, reprinted verbatim on page 2 where B dropped it to 'Real Assets'; asset_class 'Real Assets' from the table title, the printed grouping that governs every row; B left it blank; subject_type 'fund': the row label names a vehicle listed under the printed 'Partnership' column header, whose footnote reads 'Real Asset Partnerships'; A's 'investment' is the fund/investment split; value keeps the printed form with no gap between the currency symbol and the digits; evidence_quote is the full printed line, which proves the value; B quoted the bare figure only. Definition backfill: footnote 1 on the Partnership column states time-weighted returns net of investment expenses; ** marks the currency-hedged partnerships.",RESOLVED,A+B+ADJUDICATOR,f27235b5cbd2148f78e6d7d010017b38e2807611735e9229375986a38db2db38
949fd3cf8dc92749943d,SRC063,1,PAIR_77E6BEE658E1778B379F1642,CLASSIFICATION_CONFLICT,93,82,source_section|source_table|subject_type|asset_class|evidence_quote|value_scope,MERGE,"Verified against page-1 image. source_section is the exact printed heading above the table, shaded bar on both pages: A left it blank, B truncated it to 'Real Assets'; source_table is the full printed title naming the whole table, reprinted verbatim on page 2 where B dropped it to 'Real Assets'; asset_class 'Real Assets' from the table title, the printed grouping that governs every row; B left it blank; subject_type 'fund': the row label names a vehicle listed under the printed 'Partnership' column header, whose footnote reads 'Real Asset Partnerships'; A's 'investment' is the fund/investment split; evidence_quote is the full printed line, which proves the value; B quoted the bare figure only. Definition backfill: footnote 1 on the Partnership column states time-weighted returns net of investment expenses; ** marks the currency-hedged partnerships.",RESOLVED,A+B+ADJUDICATOR,f27235b5cbd2148f78e6d7d010017b38e2807611735e9229375986a38db2db38
a17fa0d50f8d3b216101,SRC063,1,PAIR_99F6BF2F0E5B53FBFF9FA14A,VALUE_CONFLICT,94,83,source_section|source_table|subject_type|asset_class|metric_value_raw|evidence_quote|method|fee_basis,MERGE,"Verified against page-1 image. source_section is the exact printed heading above the table, shaded bar on both pages: A left it blank, B truncated it to 'Real Assets'; source_table is the full printed title naming the whole table, reprinted verbatim on page 2 where B dropped it to 'Real Assets'; asset_class 'Real Assets' from the table title, the printed grouping that governs every row; B left it blank; subject_type 'fund': the row label names a vehicle listed under the printed 'Partnership' column header, whose footnote reads 'Real Asset Partnerships'; A's 'investment' is the fund/investment split; value keeps the printed form with no gap between the currency symbol and the digits; evidence_quote is the full printed line, which proves the value; B quoted the bare figure only. Definition backfill: footnote 1 on the Partnership column states time-weighted returns net of investment expenses; ** marks the currency-hedged partnerships.",RESOLVED,A+B+ADJUDICATOR,f27235b5cbd2148f78e6d7d010017b38e2807611735e9229375986a38db2db38
af90ee008c9a923bd80d,SRC063,1,PAIR_BDD219EF699FE1A0DFD40937,CLASSIFICATION_CONFLICT,95,84,source_section|source_table|subject_type|asset_class|evidence_quote|value_scope,MERGE,"Verified against page-1 image. source_section is the exact printed heading above the table, shaded bar on both pages: A left it blank, B truncated it to 'Real Assets'; source_table is the full printed title naming the whole table, reprinted verbatim on page 2 where B dropped it to 'Real Assets'; asset_class 'Real Assets' from the table title, the printed grouping that governs every row; B left it blank; subject_type 'fund': the row label names a vehicle listed under the printed 'Partnership' column header, whose footnote reads 'Real Asset Partnerships'; A's 'investment' is the fund/investment split; evidence_quote is the full printed line, which proves the value; B quoted the bare figure only. Definition backfill: footnote 1 on the Partnership column states time-weighted returns net of investment expenses; ** marks the currency-hedged partnerships.",RESOLVED,A+B+ADJUDICATOR,f27235b5cbd2148f78e6d7d010017b38e2807611735e9229375986a38db2db38
e30bdeac1d4cbff59b39,SRC063,1,PAIR_42B1CAB276FCD4FB7EDD082D,CLASSIFICATION_CONFLICT,96,85,source_section|source_table|subject_type|asset_class|evidence_quote|value_scope,MERGE,"Verified against page-1 image. source_section is the exact printed heading above the table, shaded bar on both pages: A left it blank, B truncated it to 'Real Assets'; source_table is the full printed title naming the whole table, reprinted verbatim on page 2 where B dropped it to 'Real Assets'; asset_class 'Real Assets' from the table title, the printed grouping that governs every row; B left it blank; subject_type 'fund': the row label names a vehicle listed under the printed 'Partnership' column header, whose footnote reads 'Real Asset Partnerships'; A's 'investment' is the fund/investment split; evidence_quote is the full printed line, which proves the value; B quoted the bare figure only. Definition backfill: footnote 1 on the Partnership column states time-weighted returns net of investment expenses; ** marks the currency-hedged partnerships.",RESOLVED,A+B+ADJUDICATOR,f27235b5cbd2148f78e6d7d010017b38e2807611735e9229375986a38db2db38
94496b0dab838c5831b9,SRC063,1,PAIR_7BFBEE712984EEC26827BFD0,CLASSIFICATION_CONFLICT,97,86,source_section|source_table|subject_type|asset_class|evidence_quote|value_scope,MERGE,"Verified against page-1 image. source_section is the exact printed heading above the table, shaded bar on both pages: A left it blank, B truncated it to 'Real Assets'; source_table is the full printed title naming the whole table, reprinted verbatim on page 2 where B dropped it to 'Real Assets'; asset_class 'Real Assets' from the table title, the printed grouping that governs every row; B left it blank; subject_type 'fund': the row label names a vehicle listed under the printed 'Partnership' column header, whose footnote reads 'Real Asset Partnerships'; A's 'investment' is the fund/investment split; evidence_quote is the full printed line, which proves the value; B quoted the bare figure only. Definition backfill: footnote 1 on the Partnership column states time-weighted returns net of investment expenses; ** marks the currency-hedged partnerships.",RESOLVED,A+B+ADJUDICATOR,f27235b5cbd2148f78e6d7d010017b38e2807611735e9229375986a38db2db38
e6f0075dc118742f6697,SRC063,1,PAIR_67AB0F74A0BE0E6207CBA17D,VALUE_CONFLICT,98,87,source_section|source_table|subject_type|asset_class|metric_value_raw|evidence_quote|method|fee_basis,MERGE,"Verified against page-1 image. source_section is the exact printed heading above the table, shaded bar on both pages: A left it blank, B truncated it to 'Real Assets'; source_table is the full printed title naming the whole table, reprinted verbatim on page 2 where B dropped it to 'Real Assets'; asset_class 'Real Assets' from the table title, the printed grouping that governs every row; B left it blank; subject_type 'fund': the row label names a vehicle listed under the printed 'Partnership' column header, whose footnote reads 'Real Asset Partnerships'; A's 'investment' is the fund/investment split; value keeps the printed form with no gap between the currency symbol and the digits; evidence_quote is the full printed line, which proves the value; B quoted the bare figure only. Definition backfill: footnote 1 on the Partnership column states time-weighted returns net of investment expenses; ** marks the currency-hedged partnerships.",RESOLVED,A+B+ADJUDICATOR,f27235b5cbd2148f78e6d7d010017b38e2807611735e9229375986a38db2db38
090d80b8aa14408b3cd2,SRC063,1,PAIR_192704E10B5A2052524D404C,CLASSIFICATION_CONFLICT,99,88,source_section|source_table|subject_type|asset_class|evidence_quote|value_scope,MERGE,"Verified against page-1 image. source_section is the exact printed heading above the table, shaded bar on both pages: A left it blank, B truncated it to 'Real Assets'; source_table is the full printed title naming the whole table, reprinted verbatim on page 2 where B dropped it to 'Real Assets'; asset_class 'Real Assets' from the table title, the printed grouping that governs every row; B left it blank; subject_type 'fund': the row label names a vehicle listed under the printed 'Partnership' column header, whose footnote reads 'Real Asset Partnerships'; A's 'investment' is the fund/investment split; evidence_quote is the full printed line, which proves the value; B quoted the bare figure only. Definition backfill: footnote 1 on the Partnership column states time-weighted returns net of investment expenses; ** marks the currency-hedged partnerships.",RESOLVED,A+B+ADJUDICATOR,f27235b5cbd2148f78e6d7d010017b38e2807611735e9229375986a38db2db38
ba79c169373981941d3e,SRC063,1,PAIR_69B8A44B3D07A51DD73944F2,VALUE_CONFLICT,100,89,source_section|source_table|subject_type|asset_class|metric_value_raw|evidence_quote|method|fee_basis,MERGE,"Verified against page-1 image. source_section is the exact printed heading above the table, shaded bar on both pages: A left it blank, B truncated it to 'Real Assets'; source_table is the full printed title naming the whole table, reprinted verbatim on page 2 where B dropped it to 'Real Assets'; asset_class 'Real Assets' from the table title, the printed grouping that governs every row; B left it blank; subject_type 'fund': the row label names a vehicle listed under the printed 'Partnership' column header, whose footnote reads 'Real Asset Partnerships'; A's 'investment' is the fund/investment split; value keeps the printed form with no gap between the currency symbol and the digits; evidence_quote is the full printed line, which proves the value; B quoted the bare figure only. Definition backfill: footnote 1 on the Partnership column states time-weighted returns net of investment expenses; ** marks the currency-hedged partnerships.",RESOLVED,A+B+ADJUDICATOR,f27235b5cbd2148f78e6d7d010017b38e2807611735e9229375986a38db2db38
d582ed837f69dbd8e796,SRC063,1,PAIR_32C352FFF4C821FD146B22CB,CLASSIFICATION_CONFLICT,101,90,source_section|source_table|subject_type|asset_class|evidence_quote|value_scope,MERGE,"Verified against page-1 image. source_section is the exact printed heading above the table, shaded bar on both pages: A left it blank, B truncated it to 'Real Assets'; source_table is the full printed title naming the whole table, reprinted verbatim on page 2 where B dropped it to 'Real Assets'; asset_class 'Real Assets' from the table title, the printed grouping that governs every row; B left it blank; subject_type 'fund': the row label names a vehicle listed under the printed 'Partnership' column header, whose footnote reads 'Real Asset Partnerships'; A's 'investment' is the fund/investment split; evidence_quote is the full printed line, which proves the value; B quoted the bare figure only. Definition backfill: footnote 1 on the Partnership column states time-weighted returns net of investment expenses; ** marks the currency-hedged partnerships.",RESOLVED,A+B+ADJUDICATOR,f27235b5cbd2148f78e6d7d010017b38e2807611735e9229375986a38db2db38
828c6312ce9467eb99e1,SRC063,1,PAIR_802D1C12EDCADD05DC4366E2,CLASSIFICATION_CONFLICT,102,91,source_section|source_table|subject_type|asset_class|evidence_quote|value_scope,MERGE,"Verified against page-1 image. source_section is the exact printed heading above the table, shaded bar on both pages: A left it blank, B truncated it to 'Real Assets'; source_table is the full printed title naming the whole table, reprinted verbatim on page 2 where B dropped it to 'Real Assets'; asset_class 'Real Assets' from the table title, the printed grouping that governs every row; B left it blank; subject_type 'fund': the row label names a vehicle listed under the printed 'Partnership' column header, whose footnote reads 'Real Asset Partnerships'; A's 'investment' is the fund/investment split; evidence_quote is the full printed line, which proves the value; B quoted the bare figure only. Definition backfill: footnote 1 on the Partnership column states time-weighted returns net of investment expenses; ** marks the currency-hedged partnerships.",RESOLVED,A+B+ADJUDICATOR,f27235b5cbd2148f78e6d7d010017b38e2807611735e9229375986a38db2db38
b2506c50541eef168c2f,SRC063,1,PAIR_7CB8477DB1E70C0514DDD88E,CLASSIFICATION_CONFLICT,103,92,source_section|source_table|subject_type|asset_class|evidence_quote|value_scope,MERGE,"Verified against page-1 image. source_section is the exact printed heading above the table, shaded bar on both pages: A left it blank, B truncated it to 'Real Assets'; source_table is the full printed title naming the whole table, reprinted verbatim on page 2 where B dropped it to 'Real Assets'; asset_class 'Real Assets' from the table title, the printed grouping that governs every row; B left it blank; subject_type 'fund': the row label names a vehicle listed under the printed 'Partnership' column header, whose footnote reads 'Real Asset Partnerships'; A's 'investment' is the fund/investment split; evidence_quote is the full printed line, which proves the value; B quoted the bare figure only. Definition backfill: footnote 1 on the Partnership column states time-weighted returns net of investment expenses; ** marks the currency-hedged partnerships.",RESOLVED,A+B+ADJUDICATOR,f27235b5cbd2148f78e6d7d010017b38e2807611735e9229375986a38db2db38
c2e2be7ea0f170b64e13,SRC063,1,PAIR_5FAE44436417C53CDCFE85A3,CLASSIFICATION_CONFLICT,104,93,source_section|source_table|subject_type|asset_class|evidence_quote|value_scope,MERGE,"Verified against page-1 image. source_section is the exact printed heading above the table, shaded bar on both pages: A left it blank, B truncated it to 'Real Assets'; source_table is the full printed title naming the whole table, reprinted verbatim on page 2 where B dropped it to 'Real Assets'; asset_class 'Real Assets' from the table title, the printed grouping that governs every row; B left it blank; subject_type 'fund': the row label names a vehicle listed under the printed 'Partnership' column header, whose footnote reads 'Real Asset Partnerships'; A's 'investment' is the fund/investment split; evidence_quote is the full printed line, which proves the value; B quoted the bare figure only. Definition backfill: footnote 1 on the Partnership column states time-weighted returns net of investment expenses; ** marks the currency-hedged partnerships.",RESOLVED,A+B+ADJUDICATOR,f27235b5cbd2148f78e6d7d010017b38e2807611735e9229375986a38db2db38
30dccbe9b686f2ff925f,SRC063,1,PAIR_0AAD6B64D151311FD3A6984E,VALUE_CONFLICT,105,94,source_section|source_table|subject_type|asset_class|metric_value_raw|evidence_quote|method|fee_basis,MERGE,"Verified against page-1 image. source_section is the exact printed heading above the table, shaded bar on both pages: A left it blank, B truncated it to 'Real Assets'; source_table is the full printed title naming the whole table, reprinted verbatim on page 2 where B dropped it to 'Real Assets'; asset_class 'Real Assets' from the table title, the printed grouping that governs every row; B left it blank; subject_type 'fund': the row label names a vehicle listed under the printed 'Partnership' column header, whose footnote reads 'Real Asset Partnerships'; A's 'investment' is the fund/investment split; value keeps the printed form with no gap between the currency symbol and the digits; evidence_quote is the full printed line, which proves the value; B quoted the bare figure only. Definition backfill: footnote 1 on the Partnership column states time-weighted returns net of investment expenses; ** marks the currency-hedged partnerships.",RESOLVED,A+B+ADJUDICATOR,f27235b5cbd2148f78e6d7d010017b38e2807611735e9229375986a38db2db38
7b4f82fe48ffdf09fc04,SRC063,1,PAIR_B60781FC05D370A6FEE07216,CLASSIFICATION_CONFLICT,106,95,source_section|source_table|subject_type|asset_class|evidence_quote|value_scope,MERGE,"Verified against page-1 image. source_section is the exact printed heading above the table, shaded bar on both pages: A left it blank, B truncated it to 'Real Assets'; source_table is the full printed title naming the whole table, reprinted verbatim on page 2 where B dropped it to 'Real Assets'; asset_class 'Real Assets' from the table title, the printed grouping that governs every row; B left it blank; subject_type 'fund': the row label names a vehicle listed under the printed 'Partnership' column header, whose footnote reads 'Real Asset Partnerships'; A's 'investment' is the fund/investment split; evidence_quote is the full printed line, which proves the value; B quoted the bare figure only. Definition backfill: footnote 1 on the Partnership column states time-weighted returns net of investment expenses; ** marks the currency-hedged partnerships.",RESOLVED,A+B+ADJUDICATOR,f27235b5cbd2148f78e6d7d010017b38e2807611735e9229375986a38db2db38
15be677a11a75b632bbb,SRC063,1,PAIR_381AD913F42FF4BB78265883,CLASSIFICATION_CONFLICT,107,96,source_section|source_table|subject_type|asset_class|evidence_quote|value_scope,MERGE,"Verified against page-1 image. source_section is the exact printed heading above the table, shaded bar on both pages: A left it blank, B truncated it to 'Real Assets'; source_table is the full printed title naming the whole table, reprinted verbatim on page 2 where B dropped it to 'Real Assets'; asset_class 'Real Assets' from the table title, the printed grouping that governs every row; B left it blank; subject_type 'fund': the row label names a vehicle listed under the printed 'Partnership' column header, whose footnote reads 'Real Asset Partnerships'; A's 'investment' is the fund/investment split; evidence_quote is the full printed line, which proves the value; B quoted the bare figure only. Definition backfill: footnote 1 on the Partnership column states time-weighted returns net of investment expenses; ** marks the currency-hedged partnerships.",RESOLVED,A+B+ADJUDICATOR,f27235b5cbd2148f78e6d7d010017b38e2807611735e9229375986a38db2db38
b8f61cd4e075218cbfc4,SRC063,1,PAIR_64423F645FB001C62AD396B4,VALUE_CONFLICT,108,97,source_section|source_table|subject_type|asset_class|metric_value_raw|evidence_quote|method|fee_basis,MERGE,"Verified against page-1 image. source_section is the exact printed heading above the table, shaded bar on both pages: A left it blank, B truncated it to 'Real Assets'; source_table is the full printed title naming the whole table, reprinted verbatim on page 2 where B dropped it to 'Real Assets'; asset_class 'Real Assets' from the table title, the printed grouping that governs every row; B left it blank; subject_type 'fund': the row label names a vehicle listed under the printed 'Partnership' column header, whose footnote reads 'Real Asset Partnerships'; A's 'investment' is the fund/investment split; value keeps the printed form with no gap between the currency symbol and the digits; evidence_quote is the full printed line, which proves the value; B quoted the bare figure only. Definition backfill: footnote 1 on the Partnership column states time-weighted returns net of investment expenses; ** marks the currency-hedged partnerships.",RESOLVED,A+B+ADJUDICATOR,f27235b5cbd2148f78e6d7d010017b38e2807611735e9229375986a38db2db38
c69d3260de53c493771c,SRC063,1,PAIR_8855FF1D441E3AB8F38B332F,CLASSIFICATION_CONFLICT,109,98,source_section|source_table|subject_type|asset_class|evidence_quote|value_scope,MERGE,"Verified against page-1 image. source_section is the exact printed heading above the table, shaded bar on both pages: A left it blank, B truncated it to 'Real Assets'; source_table is the full printed title naming the whole table, reprinted verbatim on page 2 where B dropped it to 'Real Assets'; asset_class 'Real Assets' from the table title, the printed grouping that governs every row; B left it blank; subject_type 'fund': the row label names a vehicle listed under the printed 'Partnership' column header, whose footnote reads 'Real Asset Partnerships'; A's 'investment' is the fund/investment split; evidence_quote is the full printed line, which proves the value; B quoted the bare figure only. Definition backfill: footnote 1 on the Partnership column states time-weighted returns net of investment expenses; ** marks the currency-hedged partnerships.",RESOLVED,A+B+ADJUDICATOR,f27235b5cbd2148f78e6d7d010017b38e2807611735e9229375986a38db2db38
4508e4d94ff05d4decce,SRC063,1,PAIR_3F0A6B00682FB1ED174EAB67,CLASSIFICATION_CONFLICT,110,99,source_section|source_table|subject_type|asset_class|evidence_quote|value_scope,MERGE,"Verified against page-1 image. source_section is the exact printed heading above the table, shaded bar on both pages: A left it blank, B truncated it to 'Real Assets'; source_table is the full printed title naming the whole table, reprinted verbatim on page 2 where B dropped it to 'Real Assets'; asset_class 'Real Assets' from the table title, the printed grouping that governs every row; B left it blank; subject_type 'fund': the row label names a vehicle listed under the printed 'Partnership' column header, whose footnote reads 'Real Asset Partnerships'; A's 'investment' is the fund/investment split; evidence_quote is the full printed line, which proves the value; B quoted the bare figure only. Definition backfill: footnote 1 on the Partnership column states time-weighted returns net of investment expenses; ** marks the currency-hedged partnerships.",RESOLVED,A+B+ADJUDICATOR,f27235b5cbd2148f78e6d7d010017b38e2807611735e9229375986a38db2db38
eee975acfc33181c84aa,SRC063,1,PAIR_EBB7620D87BCC82E3BE4C485,CLASSIFICATION_CONFLICT,111,100,source_section|source_table|subject_type|asset_class|evidence_quote|value_scope,MERGE,"Verified against page-1 image. source_section is the exact printed heading above the table, shaded bar on both pages: A left it blank, B truncated it to 'Real Assets'; source_table is the full printed title naming the whole table, reprinted verbatim on page 2 where B dropped it to 'Real Assets'; asset_class 'Real Assets' from the table title, the printed grouping that governs every row; B left it blank; subject_type 'fund': the row label names a vehicle listed under the printed 'Partnership' column header, whose footnote reads 'Real Asset Partnerships'; A's 'investment' is the fund/investment split; evidence_quote is the full printed line, which proves the value; B quoted the bare figure only. Definition backfill: footnote 1 on the Partnership column states time-weighted returns net of investment expenses; ** marks the currency-hedged partnerships.",RESOLVED,A+B+ADJUDICATOR,f27235b5cbd2148f78e6d7d010017b38e2807611735e9229375986a38db2db38
05cec4cf77e258546011,SRC063,1,PAIR_549E71A4B60D58A19EB650AA,VALUE_CONFLICT,112,101,source_section|source_table|subject_type|asset_class|metric_value_raw|evidence_quote|method|fee_basis,MERGE,"Verified against page-1 image. source_section is the exact printed heading above the table, shaded bar on both pages: A left it blank, B truncated it to 'Real Assets'; source_table is the full printed title naming the whole table, reprinted verbatim on page 2 where B dropped it to 'Real Assets'; asset_class 'Real Assets' from the table title, the printed grouping that governs every row; B left it blank; subject_type 'fund': the row label names a vehicle listed under the printed 'Partnership' column header, whose footnote reads 'Real Asset Partnerships'; A's 'investment' is the fund/investment split; value keeps the printed form with no gap between the currency symbol and the digits; evidence_quote is the full printed line, which proves the value; B quoted the bare figure only. Definition backfill: footnote 1 on the Partnership column states time-weighted returns net of investment expenses; ** marks the currency-hedged partnerships.",RESOLVED,A+B+ADJUDICATOR,f27235b5cbd2148f78e6d7d010017b38e2807611735e9229375986a38db2db38
d963885df5546b3b62d6,SRC063,1,PAIR_3257F342525D919FC19C093A,CLASSIFICATION_CONFLICT,113,102,source_section|source_table|subject_type|asset_class|evidence_quote|value_scope,MERGE,"Verified against page-1 image. source_section is the exact printed heading above the table, shaded bar on both pages: A left it blank, B truncated it to 'Real Assets'; source_table is the full printed title naming the whole table, reprinted verbatim on page 2 where B dropped it to 'Real Assets'; asset_class 'Real Assets' from the table title, the printed grouping that governs every row; B left it blank; subject_type 'fund': the row label names a vehicle listed under the printed 'Partnership' column header, whose footnote reads 'Real Asset Partnerships'; A's 'investment' is the fund/investment split; evidence_quote is the full printed line, which proves the value; B quoted the bare figure only. Definition backfill: footnote 1 on the Partnership column states time-weighted returns net of investment expenses; ** marks the currency-hedged partnerships.",RESOLVED,A+B+ADJUDICATOR,f27235b5cbd2148f78e6d7d010017b38e2807611735e9229375986a38db2db38
ad5ba0e18c8fbd11a467,SRC063,1,PAIR_BF89222C37903503F45A1DCF,VALUE_CONFLICT,114,103,source_section|source_table|subject_type|asset_class|metric_value_raw|evidence_quote|method|fee_basis,MERGE,"Verified against page-1 image. source_section is the exact printed heading above the table, shaded bar on both pages: A left it blank, B truncated it to 'Real Assets'; source_table is the full printed title naming the whole table, reprinted verbatim on page 2 where B dropped it to 'Real Assets'; asset_class 'Real Assets' from the table title, the printed grouping that governs every row; B left it blank; subject_type 'fund': the row label names a vehicle listed under the printed 'Partnership' column header, whose footnote reads 'Real Asset Partnerships'; A's 'investment' is the fund/investment split; value keeps the printed form with no gap between the currency symbol and the digits; evidence_quote is the full printed line, which proves the value; B quoted the bare figure only. Definition backfill: footnote 1 on the Partnership column states time-weighted returns net of investment expenses; ** marks the currency-hedged partnerships.",RESOLVED,A+B+ADJUDICATOR,f27235b5cbd2148f78e6d7d010017b38e2807611735e9229375986a38db2db38
b87727478e4bf5ae74f8,SRC063,2,PAIR_5CF60D321A52E1A069F02CD1,CONTEXT_CONFLICT,115,115,source_section|condition_raw,ACCEPT_B,"Both lanes read the same printed note; lane B carries the section heading the page prints, and a populated context field the page states is the correct reading.",RESOLVED,B,f27235b5cbd2148f78e6d7d010017b38e2807611735e9229375986a38db2db38
94b0c9dd91402fb73de6,SRC063,2,PAIR_025B88B1531AC5C897BB8D6C,CONTEXT_CONFLICT,116,116,source_section|condition_raw|evidence_quote,ACCEPT_B,"Both lanes read the same printed note; lane B carries the section heading the page prints, and a populated context field the page states is the correct reading.",RESOLVED,B,f27235b5cbd2148f78e6d7d010017b38e2807611735e9229375986a38db2db38
85d9571b8db3c253c5df,SRC063,2,PAIR_BF8702F484C212514C96DF6B,VALUE_CONFLICT,117,117,source_section|text_raw|condition_raw|evidence_quote,ACCEPT_B,"Both lanes read the same printed note; lane B carries the section heading the page prints, and a populated context field the page states is the correct reading.",RESOLVED,B,f27235b5cbd2148f78e6d7d010017b38e2807611735e9229375986a38db2db38
0c281831eb5a97137b3b,SRC063,2,PAIR_3A4D65F401A75AB3F78E35C0,CLASSIFICATION_CONFLICT,118,118,source_section|source_table|subject_type|asset_class|evidence_quote|value_scope,MERGE,"Verified against page-2 image. source_section is the exact printed heading above the table, shaded bar on both pages: A left it blank, B truncated it to 'Real Assets'; source_table is the full printed title naming the whole table, reprinted verbatim on page 2 where B dropped it to 'Real Assets'; asset_class 'Real Assets' from the table title, the printed grouping that governs every row; B left it blank; subject_type 'fund': the row label names a vehicle listed under the printed 'Partnership' column header, whose footnote reads 'Real Asset Partnerships'; A's 'investment' is the fund/investment split; evidence_quote is the full printed line, which proves the value; B quoted the bare figure only. Definition backfill: footnote 1 on the Partnership column states time-weighted returns net of investment expenses; ** marks the currency-hedged partnerships.",RESOLVED,A+B+ADJUDICATOR,f27235b5cbd2148f78e6d7d010017b38e2807611735e9229375986a38db2db38
df26e1393d0659d0ab2d,SRC063,2,PAIR_441539E84E91BE7806582FA8,CLASSIFICATION_CONFLICT,119,119,source_section|source_table|subject_type|asset_class|evidence_quote|value_scope,MERGE,"Verified against page-2 image. source_section is the exact printed heading above the table, shaded bar on both pages: A left it blank, B truncated it to 'Real Assets'; source_table is the full printed title naming the whole table, reprinted verbatim on page 2 where B dropped it to 'Real Assets'; asset_class 'Real Assets' from the table title, the printed grouping that governs every row; B left it blank; subject_type 'fund': the row label names a vehicle listed under the printed 'Partnership' column header, whose footnote reads 'Real Asset Partnerships'; A's 'investment' is the fund/investment split; evidence_quote is the full printed line, which proves the value; B quoted the bare figure only. Definition backfill: footnote 1 on the Partnership column states time-weighted returns net of investment expenses; ** marks the currency-hedged partnerships.",RESOLVED,A+B+ADJUDICATOR,f27235b5cbd2148f78e6d7d010017b38e2807611735e9229375986a38db2db38
81ff48ef17870851dc6a,SRC063,2,PAIR_ADE0DE8B583B9A38455A46C8,CLASSIFICATION_CONFLICT,120,120,source_section|source_table|subject_type|asset_class|evidence_quote|value_scope,MERGE,"Verified against page-2 image. source_section is the exact printed heading above the table, shaded bar on both pages: A left it blank, B truncated it to 'Real Assets'; source_table is the full printed title naming the whole table, reprinted verbatim on page 2 where B dropped it to 'Real Assets'; asset_class 'Real Assets' from the table title, the printed grouping that governs every row; B left it blank; subject_type 'fund': the row label names a vehicle listed under the printed 'Partnership' column header, whose footnote reads 'Real Asset Partnerships'; A's 'investment' is the fund/investment split; evidence_quote is the full printed line, which proves the value; B quoted the bare figure only. Definition backfill: footnote 1 on the Partnership column states time-weighted returns net of investment expenses; ** marks the currency-hedged partnerships.",RESOLVED,A+B+ADJUDICATOR,f27235b5cbd2148f78e6d7d010017b38e2807611735e9229375986a38db2db38
e4d9b7a1ee70c246eedc,SRC063,2,PAIR_FB5AC00BB988B85275585EE7,VALUE_CONFLICT,121,121,source_section|source_table|subject_type|asset_class|metric_value_raw|evidence_quote|method|fee_basis,MERGE,"Verified against page-2 image. source_section is the exact printed heading above the table, shaded bar on both pages: A left it blank, B truncated it to 'Real Assets'; source_table is the full printed title naming the whole table, reprinted verbatim on page 2 where B dropped it to 'Real Assets'; asset_class 'Real Assets' from the table title, the printed grouping that governs every row; B left it blank; subject_type 'fund': the row label names a vehicle listed under the printed 'Partnership' column header, whose footnote reads 'Real Asset Partnerships'; A's 'investment' is the fund/investment split; value keeps the printed form with no gap between the currency symbol and the digits; evidence_quote is the full printed line, which proves the value; B quoted the bare figure only. Definition backfill: footnote 1 on the Partnership column states time-weighted returns net of investment expenses; ** marks the currency-hedged partnerships.",RESOLVED,A+B+ADJUDICATOR,f27235b5cbd2148f78e6d7d010017b38e2807611735e9229375986a38db2db38
53c70a80b8297272b6ae,SRC063,2,PAIR_18CE350FF8552AC3A57C6E04,CLASSIFICATION_CONFLICT,122,122,source_section|source_table|subject_type|asset_class|evidence_quote|value_scope,MERGE,"Verified against page-2 image. source_section is the exact printed heading above the table, shaded bar on both pages: A left it blank, B truncated it to 'Real Assets'; source_table is the full printed title naming the whole table, reprinted verbatim on page 2 where B dropped it to 'Real Assets'; asset_class 'Real Assets' from the table title, the printed grouping that governs every row; B left it blank; subject_type 'fund': the row label names a vehicle listed under the printed 'Partnership' column header, whose footnote reads 'Real Asset Partnerships'; A's 'investment' is the fund/investment split; evidence_quote is the full printed line, which proves the value; B quoted the bare figure only. Definition backfill: footnote 1 on the Partnership column states time-weighted returns net of investment expenses; ** marks the currency-hedged partnerships.",RESOLVED,A+B+ADJUDICATOR,f27235b5cbd2148f78e6d7d010017b38e2807611735e9229375986a38db2db38
2d426ede345a2ce9ae29,SRC063,2,PAIR_CF77A9029766ADCF7D5F497F,CLASSIFICATION_CONFLICT,123,123,source_section|source_table|subject_type|asset_class|evidence_quote|value_scope,MERGE,"Verified against page-2 image. source_section is the exact printed heading above the table, shaded bar on both pages: A left it blank, B truncated it to 'Real Assets'; source_table is the full printed title naming the whole table, reprinted verbatim on page 2 where B dropped it to 'Real Assets'; asset_class 'Real Assets' from the table title, the printed grouping that governs every row; B left it blank; subject_type 'fund': the row label names a vehicle listed under the printed 'Partnership' column header, whose footnote reads 'Real Asset Partnerships'; A's 'investment' is the fund/investment split; evidence_quote is the full printed line, which proves the value; B quoted the bare figure only. Definition backfill: footnote 1 on the Partnership column states time-weighted returns net of investment expenses; ** marks the currency-hedged partnerships.",RESOLVED,A+B+ADJUDICATOR,f27235b5cbd2148f78e6d7d010017b38e2807611735e9229375986a38db2db38
9d61ef0219ee9aa76838,SRC063,2,PAIR_7F416C0F3F3F59512ADF5EA2,CLASSIFICATION_CONFLICT,124,124,source_section|source_table|subject_type|asset_class|evidence_quote|value_scope,MERGE,"Verified against page-2 image. source_section is the exact printed heading above the table, shaded bar on both pages: A left it blank, B truncated it to 'Real Assets'; source_table is the full printed title naming the whole table, reprinted verbatim on page 2 where B dropped it to 'Real Assets'; asset_class 'Real Assets' from the table title, the printed grouping that governs every row; B left it blank; subject_type 'fund': the row label names a vehicle listed under the printed 'Partnership' column header, whose footnote reads 'Real Asset Partnerships'; A's 'investment' is the fund/investment split; evidence_quote is the full printed line, which proves the value; B quoted the bare figure only. Definition backfill: footnote 1 on the Partnership column states time-weighted returns net of investment expenses; ** marks the currency-hedged partnerships.",RESOLVED,A+B+ADJUDICATOR,f27235b5cbd2148f78e6d7d010017b38e2807611735e9229375986a38db2db38
d85fd33da04a9fd4228d,SRC063,2,PAIR_1B2B89578A47249E5AB88213,CLASSIFICATION_CONFLICT,125,125,source_section|source_table|subject_type|asset_class|evidence_quote|value_scope,MERGE,"Verified against page-2 image. source_section is the exact printed heading above the table, shaded bar on both pages: A left it blank, B truncated it to 'Real Assets'; source_table is the full printed title naming the whole table, reprinted verbatim on page 2 where B dropped it to 'Real Assets'; asset_class 'Real Assets' from the table title, the printed grouping that governs every row; B left it blank; subject_type 'fund': the row label names a vehicle listed under the printed 'Partnership' column header, whose footnote reads 'Real Asset Partnerships'; A's 'investment' is the fund/investment split; evidence_quote is the full printed line, which proves the value; B quoted the bare figure only. Definition backfill: footnote 1 on the Partnership column states time-weighted returns net of investment expenses; ** marks the currency-hedged partnerships.",RESOLVED,A+B+ADJUDICATOR,f27235b5cbd2148f78e6d7d010017b38e2807611735e9229375986a38db2db38
dd59a0a5a1b025da5cf2,SRC063,2,PAIR_26169D859E4B79A1F538CE14,VALUE_CONFLICT,126,126,source_section|source_table|subject_type|asset_class|metric_value_raw|evidence_quote|method|fee_basis,MERGE,"Verified against page-2 image. source_section is the exact printed heading above the table, shaded bar on both pages: A left it blank, B truncated it to 'Real Assets'; source_table is the full printed title naming the whole table, reprinted verbatim on page 2 where B dropped it to 'Real Assets'; asset_class 'Real Assets' from the table title, the printed grouping that governs every row; B left it blank; subject_type 'fund': the row label names a vehicle listed under the printed 'Partnership' column header, whose footnote reads 'Real Asset Partnerships'; A's 'investment' is the fund/investment split; value keeps the printed form with no gap between the currency symbol and the digits; evidence_quote is the full printed line, which proves the value; B quoted the bare figure only. Definition backfill: footnote 1 on the Partnership column states time-weighted returns net of investment expenses; ** marks the currency-hedged partnerships.",RESOLVED,A+B+ADJUDICATOR,f27235b5cbd2148f78e6d7d010017b38e2807611735e9229375986a38db2db38
384f6f3b3854c866f49c,SRC063,2,PAIR_3A2F292B5CC4F4D36F983238,CLASSIFICATION_CONFLICT,127,127,source_section|source_table|subject_type|asset_class|evidence_quote|value_scope,MERGE,"Verified against page-2 image. source_section is the exact printed heading above the table, shaded bar on both pages: A left it blank, B truncated it to 'Real Assets'; source_table is the full printed title naming the whole table, reprinted verbatim on page 2 where B dropped it to 'Real Assets'; asset_class 'Real Assets' from the table title, the printed grouping that governs every row; B left it blank; subject_type 'fund': the row label names a vehicle listed under the printed 'Partnership' column header, whose footnote reads 'Real Asset Partnerships'; A's 'investment' is the fund/investment split; evidence_quote is the full printed line, which proves the value; B quoted the bare figure only. Definition backfill: footnote 1 on the Partnership column states time-weighted returns net of investment expenses; ** marks the currency-hedged partnerships.",RESOLVED,A+B+ADJUDICATOR,f27235b5cbd2148f78e6d7d010017b38e2807611735e9229375986a38db2db38
f3a73f5301846107cb42,SRC063,2,PAIR_C94712DB69D49A464B0F8859,CLASSIFICATION_CONFLICT,128,128,source_section|source_table|subject_type|asset_class|evidence_quote|value_scope,MERGE,"Verified against page-2 image. source_section is the exact printed heading above the table, shaded bar on both pages: A left it blank, B truncated it to 'Real Assets'; source_table is the full printed title naming the whole table, reprinted verbatim on page 2 where B dropped it to 'Real Assets'; asset_class 'Real Assets' from the table title, the printed grouping that governs every row; B left it blank; subject_type 'fund': the row label names a vehicle listed under the printed 'Partnership' column header, whose footnote reads 'Real Asset Partnerships'; A's 'investment' is the fund/investment split; evidence_quote is the full printed line, which proves the value; B quoted the bare figure only. Definition backfill: footnote 1 on the Partnership column states time-weighted returns net of investment expenses; ** marks the currency-hedged partnerships.",RESOLVED,A+B+ADJUDICATOR,f27235b5cbd2148f78e6d7d010017b38e2807611735e9229375986a38db2db38
1d04cd279f0f777cb745,SRC063,2,PAIR_0C0E96D3FBCF52B79B9F8353,VALUE_CONFLICT,129,129,source_section|source_table|subject_type|asset_class|metric_value_raw|evidence_quote|method|fee_basis,MERGE,"Verified against page-2 image. source_section is the exact printed heading above the table, shaded bar on both pages: A left it blank, B truncated it to 'Real Assets'; source_table is the full printed title naming the whole table, reprinted verbatim on page 2 where B dropped it to 'Real Assets'; asset_class 'Real Assets' from the table title, the printed grouping that governs every row; B left it blank; subject_type 'fund': the row label names a vehicle listed under the printed 'Partnership' column header, whose footnote reads 'Real Asset Partnerships'; A's 'investment' is the fund/investment split; value keeps the printed form with no gap between the currency symbol and the digits; evidence_quote is the full printed line, which proves the value; B quoted the bare figure only. Definition backfill: footnote 1 on the Partnership column states time-weighted returns net of investment expenses; ** marks the currency-hedged partnerships.",RESOLVED,A+B+ADJUDICATOR,f27235b5cbd2148f78e6d7d010017b38e2807611735e9229375986a38db2db38
a56b6e4606bf3b3d1233,SRC063,2,PAIR_10BA0A13AF56EE6D8B792020,CLASSIFICATION_CONFLICT,130,130,source_section|source_table|subject_type|asset_class|evidence_quote|value_scope,MERGE,"Verified against page-2 image. source_section is the exact printed heading above the table, shaded bar on both pages: A left it blank, B truncated it to 'Real Assets'; source_table is the full printed title naming the whole table, reprinted verbatim on page 2 where B dropped it to 'Real Assets'; asset_class 'Real Assets' from the table title, the printed grouping that governs every row; B left it blank; subject_type 'fund': the row label names a vehicle listed under the printed 'Partnership' column header, whose footnote reads 'Real Asset Partnerships'; A's 'investment' is the fund/investment split; evidence_quote is the full printed line, which proves the value; B quoted the bare figure only. Definition backfill: footnote 1 on the Partnership column states time-weighted returns net of investment expenses; ** marks the currency-hedged partnerships.",RESOLVED,A+B+ADJUDICATOR,f27235b5cbd2148f78e6d7d010017b38e2807611735e9229375986a38db2db38
9470626f0fd7b2cd29e3,SRC063,2,PAIR_B5EBE95BBD19E5732F909210,CLASSIFICATION_CONFLICT,131,131,source_section|source_table|subject_type|asset_class|evidence_quote|value_scope,MERGE,"Verified against page-2 image. source_section is the exact printed heading above the table, shaded bar on both pages: A left it blank, B truncated it to 'Real Assets'; source_table is the full printed title naming the whole table, reprinted verbatim on page 2 where B dropped it to 'Real Assets'; asset_class 'Real Assets' from the table title, the printed grouping that governs every row; B left it blank; subject_type 'fund': the row label names a vehicle listed under the printed 'Partnership' column header, whose footnote reads 'Real Asset Partnerships'; A's 'investment' is the fund/investment split; evidence_quote is the full printed line, which proves the value; B quoted the bare figure only. Definition backfill: footnote 1 on the Partnership column states time-weighted returns net of investment expenses; ** marks the currency-hedged partnerships.",RESOLVED,A+B+ADJUDICATOR,f27235b5cbd2148f78e6d7d010017b38e2807611735e9229375986a38db2db38
2a572629a25d874783b3,SRC063,2,PAIR_7EE68CF701BD71B99033417E,CLASSIFICATION_CONFLICT,132,132,source_section|source_table|subject_type|asset_class|evidence_quote|value_scope,MERGE,"Verified against page-2 image. source_section is the exact printed heading above the table, shaded bar on both pages: A left it blank, B truncated it to 'Real Assets'; source_table is the full printed title naming the whole table, reprinted verbatim on page 2 where B dropped it to 'Real Assets'; asset_class 'Real Assets' from the table title, the printed grouping that governs every row; B left it blank; subject_type 'fund': the row label names a vehicle listed under the printed 'Partnership' column header, whose footnote reads 'Real Asset Partnerships'; A's 'investment' is the fund/investment split; evidence_quote is the full printed line, which proves the value; B quoted the bare figure only. Definition backfill: footnote 1 on the Partnership column states time-weighted returns net of investment expenses; ** marks the currency-hedged partnerships.",RESOLVED,A+B+ADJUDICATOR,f27235b5cbd2148f78e6d7d010017b38e2807611735e9229375986a38db2db38
b8541ed171c9ef5ea831,SRC063,2,PAIR_85D221BC7ADFDCFC2EB5ABEF,CLASSIFICATION_CONFLICT,133,133,source_section|source_table|subject_type|asset_class|evidence_quote|value_scope,MERGE,"Verified against page-2 image. source_section is the exact printed heading above the table, shaded bar on both pages: A left it blank, B truncated it to 'Real Assets'; source_table is the full printed title naming the whole table, reprinted verbatim on page 2 where B dropped it to 'Real Assets'; asset_class 'Real Assets' from the table title, the printed grouping that governs every row; B left it blank; subject_type 'fund': the row label names a vehicle listed under the printed 'Partnership' column header, whose footnote reads 'Real Asset Partnerships'; A's 'investment' is the fund/investment split; evidence_quote is the full printed line, which proves the value; B quoted the bare figure only. Definition backfill: footnote 1 on the Partnership column states time-weighted returns net of investment expenses; ** marks the currency-hedged partnerships.",RESOLVED,A+B+ADJUDICATOR,f27235b5cbd2148f78e6d7d010017b38e2807611735e9229375986a38db2db38
a198b25c8c05b813ef86,SRC063,2,PAIR_71F8A7BCE114A377281E5482,VALUE_CONFLICT,134,134,source_section|source_table|subject_type|asset_class|metric_value_raw|evidence_quote|method|fee_basis,MERGE,"Verified against page-2 image. source_section is the exact printed heading above the table, shaded bar on both pages: A left it blank, B truncated it to 'Real Assets'; source_table is the full printed title naming the whole table, reprinted verbatim on page 2 where B dropped it to 'Real Assets'; asset_class 'Real Assets' from the table title, the printed grouping that governs every row; B left it blank; subject_type 'fund': the row label names a vehicle listed under the printed 'Partnership' column header, whose footnote reads 'Real Asset Partnerships'; A's 'investment' is the fund/investment split; value keeps the printed form with no gap between the currency symbol and the digits; evidence_quote is the full printed line, which proves the value; B quoted the bare figure only. Definition backfill: footnote 1 on the Partnership column states time-weighted returns net of investment expenses; ** marks the currency-hedged partnerships.",RESOLVED,A+B+ADJUDICATOR,f27235b5cbd2148f78e6d7d010017b38e2807611735e9229375986a38db2db38
5796567f0752cc73eea8,SRC063,2,PAIR_07DDB39912C72AAA0A5A1180,VALUE_CONFLICT,135,135,source_section|source_table|subject_type|asset_class|metric_value_raw|evidence_quote|method|fee_basis,MERGE,"Verified against page-2 image. source_section is the exact printed heading above the table, shaded bar on both pages: A left it blank, B truncated it to 'Real Assets'; source_table is the full printed title naming the whole table, reprinted verbatim on page 2 where B dropped it to 'Real Assets'; asset_class 'Real Assets' from the table title, the printed grouping that governs every row; B left it blank; subject_type 'fund': the row label names a vehicle listed under the printed 'Partnership' column header, whose footnote reads 'Real Asset Partnerships'; A's 'investment' is the fund/investment split; value keeps the printed form with no gap between the currency symbol and the digits; evidence_quote is the full printed line, which proves the value; B quoted the bare figure only. Definition backfill: footnote 1 on the Partnership column states time-weighted returns net of investment expenses; ** marks the currency-hedged partnerships.",RESOLVED,A+B+ADJUDICATOR,f27235b5cbd2148f78e6d7d010017b38e2807611735e9229375986a38db2db38
5f73dc95bc710bbaaace,SRC063,2,PAIR_84A6C9ACC539D7F6685BFCCA,CLASSIFICATION_CONFLICT,136,136,source_section|source_table|subject_type|asset_class|evidence_quote|value_scope,MERGE,"Verified against page-2 image. source_section is the exact printed heading above the table, shaded bar on both pages: A left it blank, B truncated it to 'Real Assets'; source_table is the full printed title naming the whole table, reprinted verbatim on page 2 where B dropped it to 'Real Assets'; asset_class 'Real Assets' from the table title, the printed grouping that governs every row; B left it blank; subject_type 'fund': the row label names a vehicle listed under the printed 'Partnership' column header, whose footnote reads 'Real Asset Partnerships'; A's 'investment' is the fund/investment split; evidence_quote is the full printed line, which proves the value; B quoted the bare figure only. Definition backfill: footnote 1 on the Partnership column states time-weighted returns net of investment expenses; ** marks the currency-hedged partnerships.",RESOLVED,A+B+ADJUDICATOR,f27235b5cbd2148f78e6d7d010017b38e2807611735e9229375986a38db2db38
85ad6bdba8cc7a8e2636,SRC063,2,PAIR_3046A1937A3B461C28AB8CBD,CLASSIFICATION_CONFLICT,137,137,source_section|source_table|subject_type|asset_class|evidence_quote|value_scope,MERGE,"Verified against page-2 image. source_section is the exact printed heading above the table, shaded bar on both pages: A left it blank, B truncated it to 'Real Assets'; source_table is the full printed title naming the whole table, reprinted verbatim on page 2 where B dropped it to 'Real Assets'; asset_class 'Real Assets' from the table title, the printed grouping that governs every row; B left it blank; subject_type 'fund': the row label names a vehicle listed under the printed 'Partnership' column header, whose footnote reads 'Real Asset Partnerships'; A's 'investment' is the fund/investment split; evidence_quote is the full printed line, which proves the value; B quoted the bare figure only. Definition backfill: footnote 1 on the Partnership column states time-weighted returns net of investment expenses; ** marks the currency-hedged partnerships.",RESOLVED,A+B+ADJUDICATOR,f27235b5cbd2148f78e6d7d010017b38e2807611735e9229375986a38db2db38
509315cbc83f48526719,SRC063,2,PAIR_DACE6C4204AF0A3A687E8B89,CLASSIFICATION_CONFLICT,138,138,source_section|source_table|subject_type|asset_class|evidence_quote|value_scope,MERGE,"Verified against page-2 image. source_section is the exact printed heading above the table, shaded bar on both pages: A left it blank, B truncated it to 'Real Assets'; source_table is the full printed title naming the whole table, reprinted verbatim on page 2 where B dropped it to 'Real Assets'; asset_class 'Real Assets' from the table title, the printed grouping that governs every row; B left it blank; subject_type 'fund': the row label names a vehicle listed under the printed 'Partnership' column header, whose footnote reads 'Real Asset Partnerships'; A's 'investment' is the fund/investment split; evidence_quote is the full printed line, which proves the value; B quoted the bare figure only. Definition backfill: footnote 1 on the Partnership column states time-weighted returns net of investment expenses; ** marks the currency-hedged partnerships.",RESOLVED,A+B+ADJUDICATOR,f27235b5cbd2148f78e6d7d010017b38e2807611735e9229375986a38db2db38
cdc51e94cc00c446da37,SRC063,2,PAIR_6411CDF7EC80B2E9D1E47DD6,VALUE_CONFLICT,139,139,source_section|source_table|subject_type|asset_class|metric_value_raw|evidence_quote|method|fee_basis,MERGE,"Verified against page-2 image. source_section is the exact printed heading above the table, shaded bar on both pages: A left it blank, B truncated it to 'Real Assets'; source_table is the full printed title naming the whole table, reprinted verbatim on page 2 where B dropped it to 'Real Assets'; asset_class 'Real Assets' from the table title, the printed grouping that governs every row; B left it blank; subject_type 'fund': the row label names a vehicle listed under the printed 'Partnership' column header, whose footnote reads 'Real Asset Partnerships'; A's 'investment' is the fund/investment split; value keeps the printed form with no gap between the currency symbol and the digits; evidence_quote is the full printed line, which proves the value; B quoted the bare figure only. Definition backfill: footnote 1 on the Partnership column states time-weighted returns net of investment expenses; ** marks the currency-hedged partnerships.",RESOLVED,A+B+ADJUDICATOR,f27235b5cbd2148f78e6d7d010017b38e2807611735e9229375986a38db2db38
3a5c18dbaa6d83c234f5,SRC063,2,PAIR_12E1DBD7BBEC21C4BBA7B42A,VALUE_CONFLICT,140,140,source_section|source_table|subject_type|asset_class|metric_value_raw|evidence_quote|method|fee_basis,MERGE,"Verified against page-2 image. source_section is the exact printed heading above the table, shaded bar on both pages: A left it blank, B truncated it to 'Real Assets'; source_table is the full printed title naming the whole table, reprinted verbatim on page 2 where B dropped it to 'Real Assets'; asset_class 'Real Assets' from the table title, the printed grouping that governs every row; B left it blank; subject_type 'fund': the row label names a vehicle listed under the printed 'Partnership' column header, whose footnote reads 'Real Asset Partnerships'; A's 'investment' is the fund/investment split; value keeps the printed form with no gap between the currency symbol and the digits; evidence_quote is the full printed line, which proves the value; B quoted the bare figure only. Definition backfill: footnote 1 on the Partnership column states time-weighted returns net of investment expenses; ** marks the currency-hedged partnerships.",RESOLVED,A+B+ADJUDICATOR,f27235b5cbd2148f78e6d7d010017b38e2807611735e9229375986a38db2db38
96b2f23d7a3f353a0e14,SRC063,2,PAIR_72C88054D1CCF856B7AC2832,CLASSIFICATION_CONFLICT,141,141,source_section|source_table|subject_type|asset_class|evidence_quote|value_scope,MERGE,"Verified against page-2 image. source_section is the exact printed heading above the table, shaded bar on both pages: A left it blank, B truncated it to 'Real Assets'; source_table is the full printed title naming the whole table, reprinted verbatim on page 2 where B dropped it to 'Real Assets'; asset_class 'Real Assets' from the table title, the printed grouping that governs every row; B left it blank; subject_type 'fund': the row label names a vehicle listed under the printed 'Partnership' column header, whose footnote reads 'Real Asset Partnerships'; A's 'investment' is the fund/investment split; evidence_quote is the full printed line, which proves the value; B quoted the bare figure only. Definition backfill: footnote 1 on the Partnership column states time-weighted returns net of investment expenses; ** marks the currency-hedged partnerships.",RESOLVED,A+B+ADJUDICATOR,f27235b5cbd2148f78e6d7d010017b38e2807611735e9229375986a38db2db38
92178168d4a61d7f36bd,SRC063,2,PAIR_0BA70ED0EB947631B5CEF25F,VALUE_CONFLICT,142,142,source_section|source_table|subject_type|asset_class|metric_value_raw|evidence_quote|method|fee_basis,MERGE,"Verified against page-2 image. source_section is the exact printed heading above the table, shaded bar on both pages: A left it blank, B truncated it to 'Real Assets'; source_table is the full printed title naming the whole table, reprinted verbatim on page 2 where B dropped it to 'Real Assets'; asset_class 'Real Assets' from the table title, the printed grouping that governs every row; B left it blank; subject_type 'fund': the row label names a vehicle listed under the printed 'Partnership' column header, whose footnote reads 'Real Asset Partnerships'; A's 'investment' is the fund/investment split; value keeps the printed form with no gap between the currency symbol and the digits; evidence_quote is the full printed line, which proves the value; B quoted the bare figure only. Definition backfill: footnote 1 on the Partnership column states time-weighted returns net of investment expenses; ** marks the currency-hedged partnerships.",RESOLVED,A+B+ADJUDICATOR,f27235b5cbd2148f78e6d7d010017b38e2807611735e9229375986a38db2db38
d8d93916d5a42ccb5361,SRC063,2,PAIR_0F8157509FCCC5F2C172C02D,CLASSIFICATION_CONFLICT,143,143,source_section|source_table|subject_type|asset_class|evidence_quote|value_scope,MERGE,"Verified against page-2 image. source_section is the exact printed heading above the table, shaded bar on both pages: A left it blank, B truncated it to 'Real Assets'; source_table is the full printed title naming the whole table, reprinted verbatim on page 2 where B dropped it to 'Real Assets'; asset_class 'Real Assets' from the table title, the printed grouping that governs every row; B left it blank; subject_type 'fund': the row label names a vehicle listed under the printed 'Partnership' column header, whose footnote reads 'Real Asset Partnerships'; A's 'investment' is the fund/investment split; evidence_quote is the full printed line, which proves the value; B quoted the bare figure only. Definition backfill: footnote 1 on the Partnership column states time-weighted returns net of investment expenses; ** marks the currency-hedged partnerships.",RESOLVED,A+B+ADJUDICATOR,f27235b5cbd2148f78e6d7d010017b38e2807611735e9229375986a38db2db38
6f97fdbf8f381cc0c813,SRC063,2,PAIR_B25098B1CE0081F528C55CD3,CLASSIFICATION_CONFLICT,144,144,source_section|source_table|subject_type|asset_class|evidence_quote|value_scope,MERGE,"Verified against page-2 image. source_section is the exact printed heading above the table, shaded bar on both pages: A left it blank, B truncated it to 'Real Assets'; source_table is the full printed title naming the whole table, reprinted verbatim on page 2 where B dropped it to 'Real Assets'; asset_class 'Real Assets' from the table title, the printed grouping that governs every row; B left it blank; subject_type 'fund': the row label names a vehicle listed under the printed 'Partnership' column header, whose footnote reads 'Real Asset Partnerships'; A's 'investment' is the fund/investment split; evidence_quote is the full printed line, which proves the value; B quoted the bare figure only. Definition backfill: footnote 1 on the Partnership column states time-weighted returns net of investment expenses; ** marks the currency-hedged partnerships.",RESOLVED,A+B+ADJUDICATOR,f27235b5cbd2148f78e6d7d010017b38e2807611735e9229375986a38db2db38
a55f9d6b7aeea2ef71c7,SRC063,2,PAIR_2BE8467D6F0C06B74905F734,CLASSIFICATION_CONFLICT,145,145,source_section|source_table|subject_type|asset_class|evidence_quote|value_scope,MERGE,"Verified against page-2 image. source_section is the exact printed heading above the table, shaded bar on both pages: A left it blank, B truncated it to 'Real Assets'; source_table is the full printed title naming the whole table, reprinted verbatim on page 2 where B dropped it to 'Real Assets'; asset_class 'Real Assets' from the table title, the printed grouping that governs every row; B left it blank; subject_type 'fund': the row label names a vehicle listed under the printed 'Partnership' column header, whose footnote reads 'Real Asset Partnerships'; A's 'investment' is the fund/investment split; evidence_quote is the full printed line, which proves the value; B quoted the bare figure only. Definition backfill: footnote 1 on the Partnership column states time-weighted returns net of investment expenses; ** marks the currency-hedged partnerships.",RESOLVED,A+B+ADJUDICATOR,f27235b5cbd2148f78e6d7d010017b38e2807611735e9229375986a38db2db38
1f810b119b8db2bef2bb,SRC063,2,PAIR_E988A178158B9D2498D7EEB0,CLASSIFICATION_CONFLICT,146,146,source_section|source_table|subject_type|asset_class|evidence_quote|value_scope,MERGE,"Verified against page-2 image. source_section is the exact printed heading above the table, shaded bar on both pages: A left it blank, B truncated it to 'Real Assets'; source_table is the full printed title naming the whole table, reprinted verbatim on page 2 where B dropped it to 'Real Assets'; asset_class 'Real Assets' from the table title, the printed grouping that governs every row; B left it blank; subject_type 'fund': the row label names a vehicle listed under the printed 'Partnership' column header, whose footnote reads 'Real Asset Partnerships'; A's 'investment' is the fund/investment split; evidence_quote is the full printed line, which proves the value; B quoted the bare figure only. Definition backfill: footnote 1 on the Partnership column states time-weighted returns net of investment expenses; ** marks the currency-hedged partnerships.",RESOLVED,A+B+ADJUDICATOR,f27235b5cbd2148f78e6d7d010017b38e2807611735e9229375986a38db2db38
3d061cf4a4677e521191,SRC063,2,PAIR_8C17CC97C2A1DBF1150B67D2,VALUE_CONFLICT,147,147,source_section|source_table|subject_type|asset_class|metric_value_raw|evidence_quote|method|fee_basis,MERGE,"Verified against page-2 image. source_section is the exact printed heading above the table, shaded bar on both pages: A left it blank, B truncated it to 'Real Assets'; source_table is the full printed title naming the whole table, reprinted verbatim on page 2 where B dropped it to 'Real Assets'; asset_class 'Real Assets' from the table title, the printed grouping that governs every row; B left it blank; subject_type 'fund': the row label names a vehicle listed under the printed 'Partnership' column header, whose footnote reads 'Real Asset Partnerships'; A's 'investment' is the fund/investment split; value keeps the printed form with no gap between the currency symbol and the digits; evidence_quote is the full printed line, which proves the value; B quoted the bare figure only. Definition backfill: footnote 1 on the Partnership column states time-weighted returns net of investment expenses; ** marks the currency-hedged partnerships.",RESOLVED,A+B+ADJUDICATOR,f27235b5cbd2148f78e6d7d010017b38e2807611735e9229375986a38db2db38
24d43cad1ed09a385cdd,SRC063,2,PAIR_3159CCDAC31FE4D88A1D8A72,CLASSIFICATION_CONFLICT,148,148,source_section|source_table|subject_type|asset_class|evidence_quote|value_scope,MERGE,"Verified against page-2 image. source_section is the exact printed heading above the table, shaded bar on both pages: A left it blank, B truncated it to 'Real Assets'; source_table is the full printed title naming the whole table, reprinted verbatim on page 2 where B dropped it to 'Real Assets'; asset_class 'Real Assets' from the table title, the printed grouping that governs every row; B left it blank; subject_type 'fund': the row label names a vehicle listed under the printed 'Partnership' column header, whose footnote reads 'Real Asset Partnerships'; A's 'investment' is the fund/investment split; evidence_quote is the full printed line, which proves the value; B quoted the bare figure only. Definition backfill: footnote 1 on the Partnership column states time-weighted returns net of investment expenses; ** marks the currency-hedged partnerships.",RESOLVED,A+B+ADJUDICATOR,f27235b5cbd2148f78e6d7d010017b38e2807611735e9229375986a38db2db38
ab732f8f3b654d404d97,SRC063,2,PAIR_30128A067C48E49C9F48A733,CLASSIFICATION_CONFLICT,149,149,source_section|source_table|subject_type|asset_class|evidence_quote|value_scope,MERGE,"Verified against page-2 image. source_section is the exact printed heading above the table, shaded bar on both pages: A left it blank, B truncated it to 'Real Assets'; source_table is the full printed title naming the whole table, reprinted verbatim on page 2 where B dropped it to 'Real Assets'; asset_class 'Real Assets' from the table title, the printed grouping that governs every row; B left it blank; subject_type 'fund': the row label names a vehicle listed under the printed 'Partnership' column header, whose footnote reads 'Real Asset Partnerships'; A's 'investment' is the fund/investment split; evidence_quote is the full printed line, which proves the value; B quoted the bare figure only. Definition backfill: footnote 1 on the Partnership column states time-weighted returns net of investment expenses; ** marks the currency-hedged partnerships.",RESOLVED,A+B+ADJUDICATOR,f27235b5cbd2148f78e6d7d010017b38e2807611735e9229375986a38db2db38
844e76d93b2b65706e43,SRC063,2,PAIR_0A2900AC9C78E2C9654EC6BC,CLASSIFICATION_CONFLICT,150,150,source_section|source_table|subject_type|asset_class|evidence_quote|value_scope,MERGE,"Verified against page-2 image. source_section is the exact printed heading above the table, shaded bar on both pages: A left it blank, B truncated it to 'Real Assets'; source_table is the full printed title naming the whole table, reprinted verbatim on page 2 where B dropped it to 'Real Assets'; asset_class 'Real Assets' from the table title, the printed grouping that governs every row; B left it blank; subject_type 'fund': the row label names a vehicle listed under the printed 'Partnership' column header, whose footnote reads 'Real Asset Partnerships'; A's 'investment' is the fund/investment split; evidence_quote is the full printed line, which proves the value; B quoted the bare figure only. Definition backfill: footnote 1 on the Partnership column states time-weighted returns net of investment expenses; ** marks the currency-hedged partnerships.",RESOLVED,A+B+ADJUDICATOR,f27235b5cbd2148f78e6d7d010017b38e2807611735e9229375986a38db2db38
e2d1b9c0718ac044cae4,SRC063,2,PAIR_9A988EA68C2CF72646B4B94F,CLASSIFICATION_CONFLICT,151,151,source_section|source_table|subject_type|asset_class|evidence_quote|value_scope,MERGE,"Verified against page-2 image. source_section is the exact printed heading above the table, shaded bar on both pages: A left it blank, B truncated it to 'Real Assets'; source_table is the full printed title naming the whole table, reprinted verbatim on page 2 where B dropped it to 'Real Assets'; asset_class 'Real Assets' from the table title, the printed grouping that governs every row; B left it blank; subject_type 'fund': the row label names a vehicle listed under the printed 'Partnership' column header, whose footnote reads 'Real Asset Partnerships'; A's 'investment' is the fund/investment split; evidence_quote is the full printed line, which proves the value; B quoted the bare figure only. Definition backfill: footnote 1 on the Partnership column states time-weighted returns net of investment expenses; ** marks the currency-hedged partnerships.",RESOLVED,A+B+ADJUDICATOR,f27235b5cbd2148f78e6d7d010017b38e2807611735e9229375986a38db2db38
4f02f936c43e74f04fab,SRC063,2,PAIR_9D96D9906CA1305F9FE7A28F,VALUE_CONFLICT,152,152,source_section|source_table|subject_type|asset_class|metric_value_raw|evidence_quote|method|fee_basis,MERGE,"Verified against page-2 image. source_section is the exact printed heading above the table, shaded bar on both pages: A left it blank, B truncated it to 'Real Assets'; source_table is the full printed title naming the whole table, reprinted verbatim on page 2 where B dropped it to 'Real Assets'; asset_class 'Real Assets' from the table title, the printed grouping that governs every row; B left it blank; subject_type 'fund': the row label names a vehicle listed under the printed 'Partnership' column header, whose footnote reads 'Real Asset Partnerships'; A's 'investment' is the fund/investment split; value keeps the printed form with no gap between the currency symbol and the digits; evidence_quote is the full printed line, which proves the value; B quoted the bare figure only. Definition backfill: footnote 1 on the Partnership column states time-weighted returns net of investment expenses; ** marks the currency-hedged partnerships.",RESOLVED,A+B+ADJUDICATOR,f27235b5cbd2148f78e6d7d010017b38e2807611735e9229375986a38db2db38
ee90ad3490e557a20bcf,SRC063,2,PAIR_373657725164D76B4E633A01,CLASSIFICATION_CONFLICT,153,153,source_section|source_table|subject_type|asset_class|evidence_quote|value_scope,MERGE,"Verified against page-2 image. source_section is the exact printed heading above the table, shaded bar on both pages: A left it blank, B truncated it to 'Real Assets'; source_table is the full printed title naming the whole table, reprinted verbatim on page 2 where B dropped it to 'Real Assets'; asset_class 'Real Assets' from the table title, the printed grouping that governs every row; B left it blank; subject_type 'fund': the row label names a vehicle listed under the printed 'Partnership' column header, whose footnote reads 'Real Asset Partnerships'; A's 'investment' is the fund/investment split; evidence_quote is the full printed line, which proves the value; B quoted the bare figure only. Definition backfill: footnote 1 on the Partnership column states time-weighted returns net of investment expenses; ** marks the currency-hedged partnerships.",RESOLVED,A+B+ADJUDICATOR,f27235b5cbd2148f78e6d7d010017b38e2807611735e9229375986a38db2db38
f4c8430d0111e4e7a741,SRC063,2,PAIR_89A01538DA08981EA0EACDEE,CLASSIFICATION_CONFLICT,154,154,source_section|source_table|subject_type|asset_class|evidence_quote|value_scope,MERGE,"Verified against page-2 image. source_section is the exact printed heading above the table, shaded bar on both pages: A left it blank, B truncated it to 'Real Assets'; source_table is the full printed title naming the whole table, reprinted verbatim on page 2 where B dropped it to 'Real Assets'; asset_class 'Real Assets' from the table title, the printed grouping that governs every row; B left it blank; subject_type 'fund': the row label names a vehicle listed under the printed 'Partnership' column header, whose footnote reads 'Real Asset Partnerships'; A's 'investment' is the fund/investment split; evidence_quote is the full printed line, which proves the value; B quoted the bare figure only. Definition backfill: footnote 1 on the Partnership column states time-weighted returns net of investment expenses; ** marks the currency-hedged partnerships.",RESOLVED,A+B+ADJUDICATOR,f27235b5cbd2148f78e6d7d010017b38e2807611735e9229375986a38db2db38
e99b350ad69820ba8631,SRC063,2,PAIR_CB734292ABADCBFBBDAD7180,CLASSIFICATION_CONFLICT,155,155,source_section|source_table|subject_type|asset_class|evidence_quote|value_scope,MERGE,"Verified against page-2 image. source_section is the exact printed heading above the table, shaded bar on both pages: A left it blank, B truncated it to 'Real Assets'; source_table is the full printed title naming the whole table, reprinted verbatim on page 2 where B dropped it to 'Real Assets'; asset_class 'Real Assets' from the table title, the printed grouping that governs every row; B left it blank; subject_type 'fund': the row label names a vehicle listed under the printed 'Partnership' column header, whose footnote reads 'Real Asset Partnerships'; A's 'investment' is the fund/investment split; evidence_quote is the full printed line, which proves the value; B quoted the bare figure only. Definition backfill: footnote 1 on the Partnership column states time-weighted returns net of investment expenses; ** marks the currency-hedged partnerships.",RESOLVED,A+B+ADJUDICATOR,f27235b5cbd2148f78e6d7d010017b38e2807611735e9229375986a38db2db38
598a8af45ef20f732857,SRC063,2,PAIR_5E2D4C0C66F3D2E761010BF9,VALUE_CONFLICT,156,156,source_section|source_table|subject_type|asset_class|metric_value_raw|evidence_quote|method|fee_basis,MERGE,"Verified against page-2 image. source_section is the exact printed heading above the table, shaded bar on both pages: A left it blank, B truncated it to 'Real Assets'; source_table is the full printed title naming the whole table, reprinted verbatim on page 2 where B dropped it to 'Real Assets'; asset_class 'Real Assets' from the table title, the printed grouping that governs every row; B left it blank; subject_type 'fund': the row label names a vehicle listed under the printed 'Partnership' column header, whose footnote reads 'Real Asset Partnerships'; A's 'investment' is the fund/investment split; value keeps the printed form with no gap between the currency symbol and the digits; evidence_quote is the full printed line, which proves the value; B quoted the bare figure only. Definition backfill: footnote 1 on the Partnership column states time-weighted returns net of investment expenses; ** marks the currency-hedged partnerships.",RESOLVED,A+B+ADJUDICATOR,f27235b5cbd2148f78e6d7d010017b38e2807611735e9229375986a38db2db38
c7791c091e11b357b1be,SRC063,2,PAIR_5B7ACB3BD69F903D6192D1DC,CLASSIFICATION_CONFLICT,157,157,source_section|source_table|subject_type|asset_class|evidence_quote|value_scope,MERGE,"Verified against page-2 image. source_section is the exact printed heading above the table, shaded bar on both pages: A left it blank, B truncated it to 'Real Assets'; source_table is the full printed title naming the whole table, reprinted verbatim on page 2 where B dropped it to 'Real Assets'; asset_class 'Real Assets' from the table title, the printed grouping that governs every row; B left it blank; subject_type 'fund': the row label names a vehicle listed under the printed 'Partnership' column header, whose footnote reads 'Real Asset Partnerships'; A's 'investment' is the fund/investment split; evidence_quote is the full printed line, which proves the value; B quoted the bare figure only. Definition backfill: footnote 1 on the Partnership column states time-weighted returns net of investment expenses; ** marks the currency-hedged partnerships.",RESOLVED,A+B+ADJUDICATOR,f27235b5cbd2148f78e6d7d010017b38e2807611735e9229375986a38db2db38
62da3d08122c6201bd96,SRC063,2,PAIR_321B5DE269355C58C7C05068,CLASSIFICATION_CONFLICT,158,158,source_section|source_table|subject_type|asset_class|evidence_quote|value_scope,MERGE,"Verified against page-2 image. source_section is the exact printed heading above the table, shaded bar on both pages: A left it blank, B truncated it to 'Real Assets'; source_table is the full printed title naming the whole table, reprinted verbatim on page 2 where B dropped it to 'Real Assets'; asset_class 'Real Assets' from the table title, the printed grouping that governs every row; B left it blank; subject_type 'fund': the row label names a vehicle listed under the printed 'Partnership' column header, whose footnote reads 'Real Asset Partnerships'; A's 'investment' is the fund/investment split; evidence_quote is the full printed line, which proves the value; B quoted the bare figure only. Definition backfill: footnote 1 on the Partnership column states time-weighted returns net of investment expenses; ** marks the currency-hedged partnerships.",RESOLVED,A+B+ADJUDICATOR,f27235b5cbd2148f78e6d7d010017b38e2807611735e9229375986a38db2db38
fb6c6c2a3b4aa6eb5781,SRC063,2,PAIR_A15B9BEF10D3B838C8D29EEB,VALUE_CONFLICT,159,159,source_section|source_table|subject_type|asset_class|metric_value_raw|evidence_quote|method|fee_basis,MERGE,"Verified against page-2 image. source_section is the exact printed heading above the table, shaded bar on both pages: A left it blank, B truncated it to 'Real Assets'; source_table is the full printed title naming the whole table, reprinted verbatim on page 2 where B dropped it to 'Real Assets'; asset_class 'Real Assets' from the table title, the printed grouping that governs every row; B left it blank; subject_type 'fund': the row label names a vehicle listed under the printed 'Partnership' column header, whose footnote reads 'Real Asset Partnerships'; A's 'investment' is the fund/investment split; value keeps the printed form with no gap between the currency symbol and the digits; evidence_quote is the full printed line, which proves the value; B quoted the bare figure only. Definition backfill: footnote 1 on the Partnership column states time-weighted returns net of investment expenses; ** marks the currency-hedged partnerships.",RESOLVED,A+B+ADJUDICATOR,f27235b5cbd2148f78e6d7d010017b38e2807611735e9229375986a38db2db38
2c3f1b45611f112238b8,SRC063,2,PAIR_639F71B9D195EF2E2F2E64A6,CLASSIFICATION_CONFLICT,160,160,source_section|source_table|subject_type|asset_class|evidence_quote|value_scope,MERGE,"Verified against page-2 image. source_section is the exact printed heading above the table, shaded bar on both pages: A left it blank, B truncated it to 'Real Assets'; source_table is the full printed title naming the whole table, reprinted verbatim on page 2 where B dropped it to 'Real Assets'; asset_class 'Real Assets' from the table title, the printed grouping that governs every row; B left it blank; subject_type 'fund': the row label names a vehicle listed under the printed 'Partnership' column header, whose footnote reads 'Real Asset Partnerships'; A's 'investment' is the fund/investment split; evidence_quote is the full printed line, which proves the value; B quoted the bare figure only. Definition backfill: footnote 1 on the Partnership column states time-weighted returns net of investment expenses; ** marks the currency-hedged partnerships.",RESOLVED,A+B+ADJUDICATOR,f27235b5cbd2148f78e6d7d010017b38e2807611735e9229375986a38db2db38
55f454c6c3cdf0edd370,SRC063,2,PAIR_29D2017E91E7F83A537C09BD,CLASSIFICATION_CONFLICT,161,161,source_section|source_table|subject_type|asset_class|evidence_quote|value_scope,MERGE,"Verified against page-2 image. source_section is the exact printed heading above the table, shaded bar on both pages: A left it blank, B truncated it to 'Real Assets'; source_table is the full printed title naming the whole table, reprinted verbatim on page 2 where B dropped it to 'Real Assets'; asset_class 'Real Assets' from the table title, the printed grouping that governs every row; B left it blank; subject_type 'fund': the row label names a vehicle listed under the printed 'Partnership' column header, whose footnote reads 'Real Asset Partnerships'; A's 'investment' is the fund/investment split; evidence_quote is the full printed line, which proves the value; B quoted the bare figure only. Definition backfill: footnote 1 on the Partnership column states time-weighted returns net of investment expenses; ** marks the currency-hedged partnerships.",RESOLVED,A+B+ADJUDICATOR,f27235b5cbd2148f78e6d7d010017b38e2807611735e9229375986a38db2db38
74dd094af4b315470a0c,SRC063,2,PAIR_0D95F10E25B1D5E43CBDF009,VALUE_CONFLICT,162,162,source_section|source_table|subject_type|asset_class|metric_value_raw|evidence_quote|method|fee_basis,MERGE,"Verified against page-2 image. source_section is the exact printed heading above the table, shaded bar on both pages: A left it blank, B truncated it to 'Real Assets'; source_table is the full printed title naming the whole table, reprinted verbatim on page 2 where B dropped it to 'Real Assets'; asset_class 'Real Assets' from the table title, the printed grouping that governs every row; B left it blank; subject_type 'fund': the row label names a vehicle listed under the printed 'Partnership' column header, whose footnote reads 'Real Asset Partnerships'; A's 'investment' is the fund/investment split; value keeps the printed form with no gap between the currency symbol and the digits; evidence_quote is the full printed line, which proves the value; B quoted the bare figure only. Definition backfill: footnote 1 on the Partnership column states time-weighted returns net of investment expenses; ** marks the currency-hedged partnerships.",RESOLVED,A+B+ADJUDICATOR,f27235b5cbd2148f78e6d7d010017b38e2807611735e9229375986a38db2db38
bb943a6e1bdf1850e2dc,SRC063,2,PAIR_120085AD5A059A80B69DFE0B,CLASSIFICATION_CONFLICT,163,163,source_section|source_table|subject_type|asset_class|evidence_quote|value_scope,MERGE,"Verified against page-2 image. source_section is the exact printed heading above the table, shaded bar on both pages: A left it blank, B truncated it to 'Real Assets'; source_table is the full printed title naming the whole table, reprinted verbatim on page 2 where B dropped it to 'Real Assets'; asset_class 'Real Assets' from the table title, the printed grouping that governs every row; B left it blank; subject_type 'fund': the row label names a vehicle listed under the printed 'Partnership' column header, whose footnote reads 'Real Asset Partnerships'; A's 'investment' is the fund/investment split; evidence_quote is the full printed line, which proves the value; B quoted the bare figure only. Definition backfill: footnote 1 on the Partnership column states time-weighted returns net of investment expenses; ** marks the currency-hedged partnerships.",RESOLVED,A+B+ADJUDICATOR,f27235b5cbd2148f78e6d7d010017b38e2807611735e9229375986a38db2db38
c3ec74ffdc66247a7fb7,SRC063,2,PAIR_664C453A3D3C868029901828,VALUE_CONFLICT,164,164,source_section|source_table|subject_type|asset_class|metric_value_raw|evidence_quote|method|fee_basis,MERGE,"Verified against page-2 image. source_section is the exact printed heading above the table, shaded bar on both pages: A left it blank, B truncated it to 'Real Assets'; source_table is the full printed title naming the whole table, reprinted verbatim on page 2 where B dropped it to 'Real Assets'; asset_class 'Real Assets' from the table title, the printed grouping that governs every row; B left it blank; subject_type 'fund': the row label names a vehicle listed under the printed 'Partnership' column header, whose footnote reads 'Real Asset Partnerships'; A's 'investment' is the fund/investment split; value keeps the printed form with no gap between the currency symbol and the digits; evidence_quote is the full printed line, which proves the value; B quoted the bare figure only. Definition backfill: footnote 1 on the Partnership column states time-weighted returns net of investment expenses; ** marks the currency-hedged partnerships.",RESOLVED,A+B+ADJUDICATOR,f27235b5cbd2148f78e6d7d010017b38e2807611735e9229375986a38db2db38
b9822e6b8b4afbd23908,SRC063,2,PAIR_495FE421998C6671CE510A95,CLASSIFICATION_CONFLICT,165,165,source_section|source_table|subject_type|asset_class|evidence_quote|value_scope,MERGE,"Verified against page-2 image. source_section is the exact printed heading above the table, shaded bar on both pages: A left it blank, B truncated it to 'Real Assets'; source_table is the full printed title naming the whole table, reprinted verbatim on page 2 where B dropped it to 'Real Assets'; asset_class 'Real Assets' from the table title, the printed grouping that governs every row; B left it blank; subject_type 'fund': the row label names a vehicle listed under the printed 'Partnership' column header, whose footnote reads 'Real Asset Partnerships'; A's 'investment' is the fund/investment split; evidence_quote is the full printed line, which proves the value; B quoted the bare figure only. Definition backfill: footnote 1 on the Partnership column states time-weighted returns net of investment expenses; ** marks the currency-hedged partnerships.",RESOLVED,A+B+ADJUDICATOR,f27235b5cbd2148f78e6d7d010017b38e2807611735e9229375986a38db2db38
50fd5d7d1becf2ac044f,SRC063,2,PAIR_C252E3D5E9C0B6DB9824A03F,VALUE_CONFLICT,166,166,source_section|source_table|subject_type|asset_class|metric_value_raw|evidence_quote|method|fee_basis,MERGE,"Verified against page-2 image. source_section is the exact printed heading above the table, shaded bar on both pages: A left it blank, B truncated it to 'Real Assets'; source_table is the full printed title naming the whole table, reprinted verbatim on page 2 where B dropped it to 'Real Assets'; asset_class 'Real Assets' from the table title, the printed grouping that governs every row; B left it blank; subject_type 'fund': the row label names a vehicle listed under the printed 'Partnership' column header, whose footnote reads 'Real Asset Partnerships'; A's 'investment' is the fund/investment split; value keeps the printed form with no gap between the currency symbol and the digits; evidence_quote is the full printed line, which proves the value; B quoted the bare figure only. Definition backfill: footnote 1 on the Partnership column states time-weighted returns net of investment expenses; ** marks the currency-hedged partnerships.",RESOLVED,A+B+ADJUDICATOR,f27235b5cbd2148f78e6d7d010017b38e2807611735e9229375986a38db2db38
6845d32975f58d04ee91,SRC063,2,PAIR_1BDE1538A047DFBB5CF38757,CLASSIFICATION_CONFLICT,167,167,source_section|source_table|subject_type|asset_class|evidence_quote|value_scope,MERGE,"Verified against page-2 image. source_section is the exact printed heading above the table, shaded bar on both pages: A left it blank, B truncated it to 'Real Assets'; source_table is the full printed title naming the whole table, reprinted verbatim on page 2 where B dropped it to 'Real Assets'; asset_class 'Real Assets' from the table title, the printed grouping that governs every row; B left it blank; subject_type 'fund': the row label names a vehicle listed under the printed 'Partnership' column header, whose footnote reads 'Real Asset Partnerships'; A's 'investment' is the fund/investment split; evidence_quote is the full printed line, which proves the value; B quoted the bare figure only. Definition backfill: footnote 1 on the Partnership column states time-weighted returns net of investment expenses; ** marks the currency-hedged partnerships.",RESOLVED,A+B+ADJUDICATOR,f27235b5cbd2148f78e6d7d010017b38e2807611735e9229375986a38db2db38
7e0245b355ef2882cec2,SRC063,2,PAIR_3EFC1A2F83CC4A7BF6CCC539,CLASSIFICATION_CONFLICT,168,168,source_section|source_table|subject_type|asset_class|evidence_quote|value_scope,MERGE,"Verified against page-2 image. source_section is the exact printed heading above the table, shaded bar on both pages: A left it blank, B truncated it to 'Real Assets'; source_table is the full printed title naming the whole table, reprinted verbatim on page 2 where B dropped it to 'Real Assets'; asset_class 'Real Assets' from the table title, the printed grouping that governs every row; B left it blank; subject_type 'fund': the row label names a vehicle listed under the printed 'Partnership' column header, whose footnote reads 'Real Asset Partnerships'; A's 'investment' is the fund/investment split; evidence_quote is the full printed line, which proves the value; B quoted the bare figure only. Definition backfill: footnote 1 on the Partnership column states time-weighted returns net of investment expenses; ** marks the currency-hedged partnerships.",RESOLVED,A+B+ADJUDICATOR,f27235b5cbd2148f78e6d7d010017b38e2807611735e9229375986a38db2db38
813db84d8ead3827468c,SRC063,2,PAIR_9060603D0BBC510B3E857DA3,CLASSIFICATION_CONFLICT,169,169,source_section|source_table|subject_type|asset_class|evidence_quote|value_scope,MERGE,"Verified against page-2 image. source_section is the exact printed heading above the table, shaded bar on both pages: A left it blank, B truncated it to 'Real Assets'; source_table is the full printed title naming the whole table, reprinted verbatim on page 2 where B dropped it to 'Real Assets'; asset_class 'Real Assets' from the table title, the printed grouping that governs every row; B left it blank; subject_type 'fund': the row label names a vehicle listed under the printed 'Partnership' column header, whose footnote reads 'Real Asset Partnerships'; A's 'investment' is the fund/investment split; evidence_quote is the full printed line, which proves the value; B quoted the bare figure only. Definition backfill: footnote 1 on the Partnership column states time-weighted returns net of investment expenses; ** marks the currency-hedged partnerships.",RESOLVED,A+B+ADJUDICATOR,f27235b5cbd2148f78e6d7d010017b38e2807611735e9229375986a38db2db38
d4374c47f9f4a73f2cf5,SRC063,2,PAIR_BD28E88D869E1AE93AF21FFD,CLASSIFICATION_CONFLICT,170,170,source_section|source_table|subject_type|asset_class|evidence_quote|value_scope,MERGE,"Verified against page-2 image. source_section is the exact printed heading above the table, shaded bar on both pages: A left it blank, B truncated it to 'Real Assets'; source_table is the full printed title naming the whole table, reprinted verbatim on page 2 where B dropped it to 'Real Assets'; asset_class 'Real Assets' from the table title, the printed grouping that governs every row; B left it blank; subject_type 'fund': the row label names a vehicle listed under the printed 'Partnership' column header, whose footnote reads 'Real Asset Partnerships'; A's 'investment' is the fund/investment split; evidence_quote is the full printed line, which proves the value; B quoted the bare figure only. Definition backfill: footnote 1 on the Partnership column states time-weighted returns net of investment expenses; ** marks the currency-hedged partnerships.",RESOLVED,A+B+ADJUDICATOR,f27235b5cbd2148f78e6d7d010017b38e2807611735e9229375986a38db2db38
21b33055bb0b26dcd7fd,SRC063,2,PAIR_5B435228A7EA8ECC02535D88,VALUE_CONFLICT,171,171,source_section|source_table|subject_type|asset_class|metric_value_raw|evidence_quote|method|fee_basis,MERGE,"Verified against page-2 image. source_section is the exact printed heading above the table, shaded bar on both pages: A left it blank, B truncated it to 'Real Assets'; source_table is the full printed title naming the whole table, reprinted verbatim on page 2 where B dropped it to 'Real Assets'; asset_class 'Real Assets' from the table title, the printed grouping that governs every row; B left it blank; subject_type 'fund': the row label names a vehicle listed under the printed 'Partnership' column header, whose footnote reads 'Real Asset Partnerships'; A's 'investment' is the fund/investment split; value keeps the printed form with no gap between the currency symbol and the digits; evidence_quote is the full printed line, which proves the value; B quoted the bare figure only. Definition backfill: footnote 1 on the Partnership column states time-weighted returns net of investment expenses; ** marks the currency-hedged partnerships.",RESOLVED,A+B+ADJUDICATOR,f27235b5cbd2148f78e6d7d010017b38e2807611735e9229375986a38db2db38
9d7ca1f3fa4d88c63e3c,SRC063,2,PAIR_9B8F7DA37C4A02D89DD8BAB8,VALUE_CONFLICT,172,172,source_section|source_table|subject_type|asset_class|metric_value_raw|evidence_quote|method|fee_basis,MERGE,"Verified against page-2 image. source_section is the exact printed heading above the table, shaded bar on both pages: A left it blank, B truncated it to 'Real Assets'; source_table is the full printed title naming the whole table, reprinted verbatim on page 2 where B dropped it to 'Real Assets'; asset_class 'Real Assets' from the table title, the printed grouping that governs every row; B left it blank; subject_type 'fund': the row label names a vehicle listed under the printed 'Partnership' column header, whose footnote reads 'Real Asset Partnerships'; A's 'investment' is the fund/investment split; value keeps the printed form with no gap between the currency symbol and the digits; evidence_quote is the full printed line, which proves the value; B quoted the bare figure only. Definition backfill: footnote 1 on the Partnership column states time-weighted returns net of investment expenses; ** marks the currency-hedged partnerships.",RESOLVED,A+B+ADJUDICATOR,f27235b5cbd2148f78e6d7d010017b38e2807611735e9229375986a38db2db38
9dd9a343fd291c688010,SRC063,2,PAIR_BE7B8C3892273D354E116287,CLASSIFICATION_CONFLICT,173,173,source_section|source_table|subject_type|asset_class|evidence_quote|value_scope,MERGE,"Verified against page-2 image. source_section is the exact printed heading above the table, shaded bar on both pages: A left it blank, B truncated it to 'Real Assets'; source_table is the full printed title naming the whole table, reprinted verbatim on page 2 where B dropped it to 'Real Assets'; asset_class 'Real Assets' from the table title, the printed grouping that governs every row; B left it blank; subject_type 'fund': the row label names a vehicle listed under the printed 'Partnership' column header, whose footnote reads 'Real Asset Partnerships'; A's 'investment' is the fund/investment split; evidence_quote is the full printed line, which proves the value; B quoted the bare figure only. Definition backfill: footnote 1 on the Partnership column states time-weighted returns net of investment expenses; ** marks the currency-hedged partnerships.",RESOLVED,A+B+ADJUDICATOR,f27235b5cbd2148f78e6d7d010017b38e2807611735e9229375986a38db2db38
46e276303fee684b714e,SRC063,2,PAIR_17C5294568D1CF3CB9205E50,CLASSIFICATION_CONFLICT,174,174,source_section|source_table|subject_type|asset_class|evidence_quote|value_scope,MERGE,"Verified against page-2 image. source_section is the exact printed heading above the table, shaded bar on both pages: A left it blank, B truncated it to 'Real Assets'; source_table is the full printed title naming the whole table, reprinted verbatim on page 2 where B dropped it to 'Real Assets'; asset_class 'Real Assets' from the table title, the printed grouping that governs every row; B left it blank; subject_type 'fund': the row label names a vehicle listed under the printed 'Partnership' column header, whose footnote reads 'Real Asset Partnerships'; A's 'investment' is the fund/investment split; evidence_quote is the full printed line, which proves the value; B quoted the bare figure only. Definition backfill: footnote 1 on the Partnership column states time-weighted returns net of investment expenses; ** marks the currency-hedged partnerships.",RESOLVED,A+B+ADJUDICATOR,f27235b5cbd2148f78e6d7d010017b38e2807611735e9229375986a38db2db38
037c532e3a8ed3453c8a,SRC063,2,PAIR_35707DE7CD98C1E87ED3FC97,VALUE_CONFLICT,175,175,source_section|source_table|subject_type|asset_class|metric_value_raw|evidence_quote|method|fee_basis,MERGE,"Verified against page-2 image. source_section is the exact printed heading above the table, shaded bar on both pages: A left it blank, B truncated it to 'Real Assets'; source_table is the full printed title naming the whole table, reprinted verbatim on page 2 where B dropped it to 'Real Assets'; asset_class 'Real Assets' from the table title, the printed grouping that governs every row; B left it blank; subject_type 'fund': the row label names a vehicle listed under the printed 'Partnership' column header, whose footnote reads 'Real Asset Partnerships'; A's 'investment' is the fund/investment split; value keeps the printed form with no gap between the currency symbol and the digits; evidence_quote is the full printed line, which proves the value; B quoted the bare figure only. Definition backfill: footnote 1 on the Partnership column states time-weighted returns net of investment expenses; ** marks the currency-hedged partnerships.",RESOLVED,A+B+ADJUDICATOR,f27235b5cbd2148f78e6d7d010017b38e2807611735e9229375986a38db2db38
4a74515811142f7c43e3,SRC063,2,PAIR_D7A51D23923B2313F4BE7092,CLASSIFICATION_CONFLICT,176,176,source_section|source_table|subject_type|asset_class|evidence_quote|value_scope,MERGE,"Verified against page-2 image. source_section is the exact printed heading above the table, shaded bar on both pages: A left it blank, B truncated it to 'Real Assets'; source_table is the full printed title naming the whole table, reprinted verbatim on page 2 where B dropped it to 'Real Assets'; asset_class 'Real Assets' from the table title, the printed grouping that governs every row; B left it blank; subject_type 'fund': the row label names a vehicle listed under the printed 'Partnership' column header, whose footnote reads 'Real Asset Partnerships'; A's 'investment' is the fund/investment split; evidence_quote is the full printed line, which proves the value; B quoted the bare figure only. Definition backfill: footnote 1 on the Partnership column states time-weighted returns net of investment expenses; ** marks the currency-hedged partnerships.",RESOLVED,A+B+ADJUDICATOR,f27235b5cbd2148f78e6d7d010017b38e2807611735e9229375986a38db2db38
cf9bf589c823784f4ac7,SRC063,2,PAIR_EAF300A8BE9C3BE7AFB5708A,CLASSIFICATION_CONFLICT,177,177,source_section|source_table|subject_type|asset_class|evidence_quote|value_scope,MERGE,"Verified against page-2 image. source_section is the exact printed heading above the table, shaded bar on both pages: A left it blank, B truncated it to 'Real Assets'; source_table is the full printed title naming the whole table, reprinted verbatim on page 2 where B dropped it to 'Real Assets'; asset_class 'Real Assets' from the table title, the printed grouping that governs every row; B left it blank; subject_type 'fund': the row label names a vehicle listed under the printed 'Partnership' column header, whose footnote reads 'Real Asset Partnerships'; A's 'investment' is the fund/investment split; evidence_quote is the full printed line, which proves the value; B quoted the bare figure only. Definition backfill: footnote 1 on the Partnership column states time-weighted returns net of investment expenses; ** marks the currency-hedged partnerships.",RESOLVED,A+B+ADJUDICATOR,f27235b5cbd2148f78e6d7d010017b38e2807611735e9229375986a38db2db38
ecd45906dbf69b775ea0,SRC063,2,PAIR_3DCF87BF8D199DC86B338171,CLASSIFICATION_CONFLICT,178,178,source_section|source_table|subject_type|asset_class|evidence_quote|value_scope,MERGE,"Verified against page-2 image. source_section is the exact printed heading above the table, shaded bar on both pages: A left it blank, B truncated it to 'Real Assets'; source_table is the full printed title naming the whole table, reprinted verbatim on page 2 where B dropped it to 'Real Assets'; asset_class 'Real Assets' from the table title, the printed grouping that governs every row; B left it blank; subject_type 'fund': the row label names a vehicle listed under the printed 'Partnership' column header, whose footnote reads 'Real Asset Partnerships'; A's 'investment' is the fund/investment split; evidence_quote is the full printed line, which proves the value; B quoted the bare figure only. Definition backfill: footnote 1 on the Partnership column states time-weighted returns net of investment expenses; ** marks the currency-hedged partnerships.",RESOLVED,A+B+ADJUDICATOR,f27235b5cbd2148f78e6d7d010017b38e2807611735e9229375986a38db2db38
f0ff10e426727a8dff67,SRC063,2,PAIR_75D09674B4C21149C568B3CB,CLASSIFICATION_CONFLICT,179,179,source_section|source_table|subject_type|asset_class|evidence_quote|value_scope,MERGE,"Verified against page-2 image. source_section is the exact printed heading above the table, shaded bar on both pages: A left it blank, B truncated it to 'Real Assets'; source_table is the full printed title naming the whole table, reprinted verbatim on page 2 where B dropped it to 'Real Assets'; asset_class 'Real Assets' from the table title, the printed grouping that governs every row; B left it blank; subject_type 'fund': the row label names a vehicle listed under the printed 'Partnership' column header, whose footnote reads 'Real Asset Partnerships'; A's 'investment' is the fund/investment split; evidence_quote is the full printed line, which proves the value; B quoted the bare figure only. Definition backfill: footnote 1 on the Partnership column states time-weighted returns net of investment expenses; ** marks the currency-hedged partnerships.",RESOLVED,A+B+ADJUDICATOR,f27235b5cbd2148f78e6d7d010017b38e2807611735e9229375986a38db2db38
dcdb58df0b1a63a99e23,SRC063,2,PAIR_C8C38BE48E75D303D6F8D41C,VALUE_CONFLICT,180,180,source_section|source_table|subject_type|asset_class|metric_value_raw|evidence_quote|method|fee_basis,MERGE,"Verified against page-2 image. source_section is the exact printed heading above the table, shaded bar on both pages: A left it blank, B truncated it to 'Real Assets'; source_table is the full printed title naming the whole table, reprinted verbatim on page 2 where B dropped it to 'Real Assets'; asset_class 'Real Assets' from the table title, the printed grouping that governs every row; B left it blank; subject_type 'fund': the row label names a vehicle listed under the printed 'Partnership' column header, whose footnote reads 'Real Asset Partnerships'; A's 'investment' is the fund/investment split; value keeps the printed form with no gap between the currency symbol and the digits; evidence_quote is the full printed line, which proves the value; B quoted the bare figure only. Definition backfill: footnote 1 on the Partnership column states time-weighted returns net of investment expenses; ** marks the currency-hedged partnerships.",RESOLVED,A+B+ADJUDICATOR,f27235b5cbd2148f78e6d7d010017b38e2807611735e9229375986a38db2db38
49abe3fe5ae1c813c4a1,SRC063,2,PAIR_75A408B0668AD5FD365C1D20,VALUE_CONFLICT,181,181,source_section|source_table|subject_type|asset_class|metric_value_raw|evidence_quote|method|fee_basis,MERGE,"Verified against page-2 image. source_section is the exact printed heading above the table, shaded bar on both pages: A left it blank, B truncated it to 'Real Assets'; source_table is the full printed title naming the whole table, reprinted verbatim on page 2 where B dropped it to 'Real Assets'; asset_class 'Real Assets' from the table title, the printed grouping that governs every row; B left it blank; subject_type 'fund': the row label names a vehicle listed under the printed 'Partnership' column header, whose footnote reads 'Real Asset Partnerships'; A's 'investment' is the fund/investment split; value keeps the printed form with no gap between the currency symbol and the digits; evidence_quote is the full printed line, which proves the value; B quoted the bare figure only. Definition backfill: footnote 1 on the Partnership column states time-weighted returns net of investment expenses; ** marks the currency-hedged partnerships.",RESOLVED,A+B+ADJUDICATOR,f27235b5cbd2148f78e6d7d010017b38e2807611735e9229375986a38db2db38
6d6a0aae66fb2f00b7f0,SRC063,2,PAIR_BDBFC34A126B95AD58CACEA2,CLASSIFICATION_CONFLICT,182,182,source_section|source_table|subject_type|asset_class|evidence_quote|value_scope,MERGE,"Verified against page-2 image. source_section is the exact printed heading above the table, shaded bar on both pages: A left it blank, B truncated it to 'Real Assets'; source_table is the full printed title naming the whole table, reprinted verbatim on page 2 where B dropped it to 'Real Assets'; asset_class 'Real Assets' from the table title, the printed grouping that governs every row; B left it blank; subject_type 'fund': the row label names a vehicle listed under the printed 'Partnership' column header, whose footnote reads 'Real Asset Partnerships'; A's 'investment' is the fund/investment split; evidence_quote is the full printed line, which proves the value; B quoted the bare figure only. Definition backfill: footnote 1 on the Partnership column states time-weighted returns net of investment expenses; ** marks the currency-hedged partnerships.",RESOLVED,A+B+ADJUDICATOR,f27235b5cbd2148f78e6d7d010017b38e2807611735e9229375986a38db2db38
02ae19bc8d32c4146d7f,SRC063,2,PAIR_F166FA14872C582D973A11E9,CLASSIFICATION_CONFLICT,183,183,source_section|source_table|subject_type|asset_class|evidence_quote|value_scope,MERGE,"Verified against page-2 image. source_section is the exact printed heading above the table, shaded bar on both pages: A left it blank, B truncated it to 'Real Assets'; source_table is the full printed title naming the whole table, reprinted verbatim on page 2 where B dropped it to 'Real Assets'; asset_class 'Real Assets' from the table title, the printed grouping that governs every row; B left it blank; subject_type 'fund': the row label names a vehicle listed under the printed 'Partnership' column header, whose footnote reads 'Real Asset Partnerships'; A's 'investment' is the fund/investment split; evidence_quote is the full printed line, which proves the value; B quoted the bare figure only. Definition backfill: footnote 1 on the Partnership column states time-weighted returns net of investment expenses; ** marks the currency-hedged partnerships.",RESOLVED,A+B+ADJUDICATOR,f27235b5cbd2148f78e6d7d010017b38e2807611735e9229375986a38db2db38
1dd5892a05d4510dea49,SRC063,2,PAIR_3A01C01C84E07D3A740C3CF6,CLASSIFICATION_CONFLICT,184,184,source_section|source_table|subject_type|asset_class|evidence_quote|value_scope,MERGE,"Verified against page-2 image. source_section is the exact printed heading above the table, shaded bar on both pages: A left it blank, B truncated it to 'Real Assets'; source_table is the full printed title naming the whole table, reprinted verbatim on page 2 where B dropped it to 'Real Assets'; asset_class 'Real Assets' from the table title, the printed grouping that governs every row; B left it blank; subject_type 'fund': the row label names a vehicle listed under the printed 'Partnership' column header, whose footnote reads 'Real Asset Partnerships'; A's 'investment' is the fund/investment split; evidence_quote is the full printed line, which proves the value; B quoted the bare figure only. Definition backfill: footnote 1 on the Partnership column states time-weighted returns net of investment expenses; ** marks the currency-hedged partnerships.",RESOLVED,A+B+ADJUDICATOR,f27235b5cbd2148f78e6d7d010017b38e2807611735e9229375986a38db2db38
4459e37465e639058ea9,SRC063,2,PAIR_5203F3DD802B48BA88A1BC35,CLASSIFICATION_CONFLICT,185,185,source_section|source_table|subject_type|asset_class|evidence_quote|value_scope,MERGE,"Verified against page-2 image. source_section is the exact printed heading above the table, shaded bar on both pages: A left it blank, B truncated it to 'Real Assets'; source_table is the full printed title naming the whole table, reprinted verbatim on page 2 where B dropped it to 'Real Assets'; asset_class 'Real Assets' from the table title, the printed grouping that governs every row; B left it blank; subject_type 'fund': the row label names a vehicle listed under the printed 'Partnership' column header, whose footnote reads 'Real Asset Partnerships'; A's 'investment' is the fund/investment split; evidence_quote is the full printed line, which proves the value; B quoted the bare figure only. Definition backfill: footnote 1 on the Partnership column states time-weighted returns net of investment expenses; ** marks the currency-hedged partnerships.",RESOLVED,A+B+ADJUDICATOR,f27235b5cbd2148f78e6d7d010017b38e2807611735e9229375986a38db2db38
2369816467b167d256ac,SRC063,2,PAIR_F260966A8B155F6F085124FC,VALUE_CONFLICT,186,186,source_section|source_table|subject_type|asset_class|metric_value_raw|evidence_quote|method|fee_basis,MERGE,"Verified against page-2 image. source_section is the exact printed heading above the table, shaded bar on both pages: A left it blank, B truncated it to 'Real Assets'; source_table is the full printed title naming the whole table, reprinted verbatim on page 2 where B dropped it to 'Real Assets'; asset_class 'Real Assets' from the table title, the printed grouping that governs every row; B left it blank; subject_type 'fund': the row label names a vehicle listed under the printed 'Partnership' column header, whose footnote reads 'Real Asset Partnerships'; A's 'investment' is the fund/investment split; value keeps the printed form with no gap between the currency symbol and the digits; evidence_quote is the full printed line, which proves the value; B quoted the bare figure only. Definition backfill: footnote 1 on the Partnership column states time-weighted returns net of investment expenses; ** marks the currency-hedged partnerships.",RESOLVED,A+B+ADJUDICATOR,f27235b5cbd2148f78e6d7d010017b38e2807611735e9229375986a38db2db38
4d05e2737edd6b021947,SRC063,2,PAIR_2418E574156D14C92DA336B8,CLASSIFICATION_CONFLICT,187,187,source_section|source_table|subject_type|asset_class|evidence_quote|value_scope,MERGE,"Verified against page-2 image. source_section is the exact printed heading above the table, shaded bar on both pages: A left it blank, B truncated it to 'Real Assets'; source_table is the full printed title naming the whole table, reprinted verbatim on page 2 where B dropped it to 'Real Assets'; asset_class 'Real Assets' from the table title, the printed grouping that governs every row; B left it blank; subject_type 'fund': the row label names a vehicle listed under the printed 'Partnership' column header, whose footnote reads 'Real Asset Partnerships'; A's 'investment' is the fund/investment split; evidence_quote is the full printed line, which proves the value; B quoted the bare figure only. Definition backfill: footnote 1 on the Partnership column states time-weighted returns net of investment expenses; ** marks the currency-hedged partnerships.",RESOLVED,A+B+ADJUDICATOR,f27235b5cbd2148f78e6d7d010017b38e2807611735e9229375986a38db2db38
f25082f1e303ddfa22fd,SRC063,2,PAIR_75385E6C2D695514F754C555,CLASSIFICATION_CONFLICT,188,188,source_section|source_table|subject_type|asset_class|evidence_quote|value_scope,MERGE,"Verified against page-2 image. source_section is the exact printed heading above the table, shaded bar on both pages: A left it blank, B truncated it to 'Real Assets'; source_table is the full printed title naming the whole table, reprinted verbatim on page 2 where B dropped it to 'Real Assets'; asset_class 'Real Assets' from the table title, the printed grouping that governs every row; B left it blank; subject_type 'fund': the row label names a vehicle listed under the printed 'Partnership' column header, whose footnote reads 'Real Asset Partnerships'; A's 'investment' is the fund/investment split; evidence_quote is the full printed line, which proves the value; B quoted the bare figure only. Definition backfill: footnote 1 on the Partnership column states time-weighted returns net of investment expenses; ** marks the currency-hedged partnerships.",RESOLVED,A+B+ADJUDICATOR,f27235b5cbd2148f78e6d7d010017b38e2807611735e9229375986a38db2db38
612f0bd4c9397a8e99cb,SRC063,2,PAIR_2628DAA24EAD8277DB8D8AEA,CLASSIFICATION_CONFLICT,189,189,source_section|source_table|subject_type|asset_class|evidence_quote|value_scope,MERGE,"Verified against page-2 image. source_section is the exact printed heading above the table, shaded bar on both pages: A left it blank, B truncated it to 'Real Assets'; source_table is the full printed title naming the whole table, reprinted verbatim on page 2 where B dropped it to 'Real Assets'; asset_class 'Real Assets' from the table title, the printed grouping that governs every row; B left it blank; subject_type 'fund': the row label names a vehicle listed under the printed 'Partnership' column header, whose footnote reads 'Real Asset Partnerships'; A's 'investment' is the fund/investment split; evidence_quote is the full printed line, which proves the value; B quoted the bare figure only. Definition backfill: footnote 1 on the Partnership column states time-weighted returns net of investment expenses; ** marks the currency-hedged partnerships.",RESOLVED,A+B+ADJUDICATOR,f27235b5cbd2148f78e6d7d010017b38e2807611735e9229375986a38db2db38
2e8792d1e785e2cd01c9,SRC063,2,PAIR_787DEC5EFE5D09B96AAE733B,VALUE_CONFLICT,190,190,source_section|source_table|subject_type|asset_class|metric_value_raw|evidence_quote|method|fee_basis,MERGE,"Verified against page-2 image. source_section is the exact printed heading above the table, shaded bar on both pages: A left it blank, B truncated it to 'Real Assets'; source_table is the full printed title naming the whole table, reprinted verbatim on page 2 where B dropped it to 'Real Assets'; asset_class 'Real Assets' from the table title, the printed grouping that governs every row; B left it blank; subject_type 'fund': the row label names a vehicle listed under the printed 'Partnership' column header, whose footnote reads 'Real Asset Partnerships'; A's 'investment' is the fund/investment split; value keeps the printed form with no gap between the currency symbol and the digits; evidence_quote is the full printed line, which proves the value; B quoted the bare figure only. Definition backfill: footnote 1 on the Partnership column states time-weighted returns net of investment expenses; ** marks the currency-hedged partnerships.",RESOLVED,A+B+ADJUDICATOR,f27235b5cbd2148f78e6d7d010017b38e2807611735e9229375986a38db2db38
65fb82006cc049996669,SRC063,2,PAIR_A32C4DE33EF68C8C58BA6A2D,CLASSIFICATION_CONFLICT,191,191,source_section|source_table|subject_type|asset_class|evidence_quote|value_scope,MERGE,"Verified against page-2 image. source_section is the exact printed heading above the table, shaded bar on both pages: A left it blank, B truncated it to 'Real Assets'; source_table is the full printed title naming the whole table, reprinted verbatim on page 2 where B dropped it to 'Real Assets'; asset_class 'Real Assets' from the table title, the printed grouping that governs every row; B left it blank; subject_type 'fund': the row label names a vehicle listed under the printed 'Partnership' column header, whose footnote reads 'Real Asset Partnerships'; A's 'investment' is the fund/investment split; evidence_quote is the full printed line, which proves the value; B quoted the bare figure only. Definition backfill: footnote 1 on the Partnership column states time-weighted returns net of investment expenses; ** marks the currency-hedged partnerships.",RESOLVED,A+B+ADJUDICATOR,f27235b5cbd2148f78e6d7d010017b38e2807611735e9229375986a38db2db38
29f5a65320309f83b5e0,SRC063,2,PAIR_1EA1029241BCA7BAD8AD0538,CLASSIFICATION_CONFLICT,192,192,source_section|source_table|subject_type|asset_class|evidence_quote|value_scope,MERGE,"Verified against page-2 image. source_section is the exact printed heading above the table, shaded bar on both pages: A left it blank, B truncated it to 'Real Assets'; source_table is the full printed title naming the whole table, reprinted verbatim on page 2 where B dropped it to 'Real Assets'; asset_class 'Real Assets' from the table title, the printed grouping that governs every row; B left it blank; subject_type 'fund': the row label names a vehicle listed under the printed 'Partnership' column header, whose footnote reads 'Real Asset Partnerships'; A's 'investment' is the fund/investment split; evidence_quote is the full printed line, which proves the value; B quoted the bare figure only. Definition backfill: footnote 1 on the Partnership column states time-weighted returns net of investment expenses; ** marks the currency-hedged partnerships.",RESOLVED,A+B+ADJUDICATOR,f27235b5cbd2148f78e6d7d010017b38e2807611735e9229375986a38db2db38
ff729df921ba518e31ca,SRC063,2,PAIR_1983E6F9DAE899CD44013D13,CLASSIFICATION_CONFLICT,193,193,source_section|source_table|subject_type|asset_class|evidence_quote|value_scope,MERGE,"Verified against page-2 image. source_section is the exact printed heading above the table, shaded bar on both pages: A left it blank, B truncated it to 'Real Assets'; source_table is the full printed title naming the whole table, reprinted verbatim on page 2 where B dropped it to 'Real Assets'; asset_class 'Real Assets' from the table title, the printed grouping that governs every row; B left it blank; subject_type 'fund': the row label names a vehicle listed under the printed 'Partnership' column header, whose footnote reads 'Real Asset Partnerships'; A's 'investment' is the fund/investment split; evidence_quote is the full printed line, which proves the value; B quoted the bare figure only. Definition backfill: footnote 1 on the Partnership column states time-weighted returns net of investment expenses; ** marks the currency-hedged partnerships.",RESOLVED,A+B+ADJUDICATOR,f27235b5cbd2148f78e6d7d010017b38e2807611735e9229375986a38db2db38
5dac40349ceb53450ff7,SRC063,2,PAIR_4C0A22C451F7B1D0DC2C0D3F,CLASSIFICATION_CONFLICT,194,194,source_section|source_table|subject_type|asset_class|evidence_quote|value_scope,MERGE,"Verified against page-2 image. source_section is the exact printed heading above the table, shaded bar on both pages: A left it blank, B truncated it to 'Real Assets'; source_table is the full printed title naming the whole table, reprinted verbatim on page 2 where B dropped it to 'Real Assets'; asset_class 'Real Assets' from the table title, the printed grouping that governs every row; B left it blank; subject_type 'fund': the row label names a vehicle listed under the printed 'Partnership' column header, whose footnote reads 'Real Asset Partnerships'; A's 'investment' is the fund/investment split; evidence_quote is the full printed line, which proves the value; B quoted the bare figure only. Definition backfill: footnote 1 on the Partnership column states time-weighted returns net of investment expenses; ** marks the currency-hedged partnerships.",RESOLVED,A+B+ADJUDICATOR,f27235b5cbd2148f78e6d7d010017b38e2807611735e9229375986a38db2db38
58d9ea8f3e9eb19c4201,SRC063,2,PAIR_F2547A6B5A06D6BAC3544648,VALUE_CONFLICT,195,195,source_section|source_table|subject_type|asset_class|metric_value_raw|evidence_quote|method|fee_basis,MERGE,"Verified against page-2 image. source_section is the exact printed heading above the table, shaded bar on both pages: A left it blank, B truncated it to 'Real Assets'; source_table is the full printed title naming the whole table, reprinted verbatim on page 2 where B dropped it to 'Real Assets'; asset_class 'Real Assets' from the table title, the printed grouping that governs every row; B left it blank; subject_type 'fund': the row label names a vehicle listed under the printed 'Partnership' column header, whose footnote reads 'Real Asset Partnerships'; A's 'investment' is the fund/investment split; value keeps the printed form with no gap between the currency symbol and the digits; evidence_quote is the full printed line, which proves the value; B quoted the bare figure only. Definition backfill: footnote 1 on the Partnership column states time-weighted returns net of investment expenses; ** marks the currency-hedged partnerships.",RESOLVED,A+B+ADJUDICATOR,f27235b5cbd2148f78e6d7d010017b38e2807611735e9229375986a38db2db38
660b41902ee946469231,SRC063,2,PAIR_EAA8BE73FEAEA6A40F7F3411,CLASSIFICATION_CONFLICT,196,196,source_section|source_table|subject_type|asset_class|evidence_quote|value_scope,MERGE,"Verified against page-2 image. source_section is the exact printed heading above the table, shaded bar on both pages: A left it blank, B truncated it to 'Real Assets'; source_table is the full printed title naming the whole table, reprinted verbatim on page 2 where B dropped it to 'Real Assets'; asset_class 'Real Assets' from the table title, the printed grouping that governs every row; B left it blank; subject_type 'fund': the row label names a vehicle listed under the printed 'Partnership' column header, whose footnote reads 'Real Asset Partnerships'; A's 'investment' is the fund/investment split; evidence_quote is the full printed line, which proves the value; B quoted the bare figure only. Definition backfill: footnote 1 on the Partnership column states time-weighted returns net of investment expenses; ** marks the currency-hedged partnerships.",RESOLVED,A+B+ADJUDICATOR,f27235b5cbd2148f78e6d7d010017b38e2807611735e9229375986a38db2db38
ef7d21d38a0cf3c1b261,SRC063,2,PAIR_D12866F1AD9A1E4328170BC9,CLASSIFICATION_CONFLICT,197,197,source_section|source_table|subject_type|asset_class|evidence_quote|value_scope,MERGE,"Verified against page-2 image. source_section is the exact printed heading above the table, shaded bar on both pages: A left it blank, B truncated it to 'Real Assets'; source_table is the full printed title naming the whole table, reprinted verbatim on page 2 where B dropped it to 'Real Assets'; asset_class 'Real Assets' from the table title, the printed grouping that governs every row; B left it blank; subject_type 'fund': the row label names a vehicle listed under the printed 'Partnership' column header, whose footnote reads 'Real Asset Partnerships'; A's 'investment' is the fund/investment split; evidence_quote is the full printed line, which proves the value; B quoted the bare figure only. Definition backfill: footnote 1 on the Partnership column states time-weighted returns net of investment expenses; ** marks the currency-hedged partnerships.",RESOLVED,A+B+ADJUDICATOR,f27235b5cbd2148f78e6d7d010017b38e2807611735e9229375986a38db2db38
c561c028428683b16ea9,SRC063,2,PAIR_E34D4A1922A2E08C93026D89,CLASSIFICATION_CONFLICT,198,198,source_section|source_table|subject_type|asset_class|evidence_quote|value_scope,MERGE,"Verified against page-2 image. source_section is the exact printed heading above the table, shaded bar on both pages: A left it blank, B truncated it to 'Real Assets'; source_table is the full printed title naming the whole table, reprinted verbatim on page 2 where B dropped it to 'Real Assets'; asset_class 'Real Assets' from the table title, the printed grouping that governs every row; B left it blank; subject_type 'fund': the row label names a vehicle listed under the printed 'Partnership' column header, whose footnote reads 'Real Asset Partnerships'; A's 'investment' is the fund/investment split; evidence_quote is the full printed line, which proves the value; B quoted the bare figure only. Definition backfill: footnote 1 on the Partnership column states time-weighted returns net of investment expenses; ** marks the currency-hedged partnerships.",RESOLVED,A+B+ADJUDICATOR,f27235b5cbd2148f78e6d7d010017b38e2807611735e9229375986a38db2db38
0adbf3c6bf2ce6dbeff5,SRC063,2,PAIR_D33A8EFA9BA8AE4F4D8BEC77,VALUE_CONFLICT,199,199,source_section|source_table|subject_type|asset_class|metric_value_raw|evidence_quote|method|fee_basis,MERGE,"Verified against page-2 image. source_section is the exact printed heading above the table, shaded bar on both pages: A left it blank, B truncated it to 'Real Assets'; source_table is the full printed title naming the whole table, reprinted verbatim on page 2 where B dropped it to 'Real Assets'; asset_class 'Real Assets' from the table title, the printed grouping that governs every row; B left it blank; subject_type 'fund': the row label names a vehicle listed under the printed 'Partnership' column header, whose footnote reads 'Real Asset Partnerships'; A's 'investment' is the fund/investment split; value keeps the printed form with no gap between the currency symbol and the digits; evidence_quote is the full printed line, which proves the value; B quoted the bare figure only. Definition backfill: footnote 1 on the Partnership column states time-weighted returns net of investment expenses; ** marks the currency-hedged partnerships.",RESOLVED,A+B+ADJUDICATOR,f27235b5cbd2148f78e6d7d010017b38e2807611735e9229375986a38db2db38
e03eb871b11dbef693e9,SRC063,2,PAIR_202C20870452F93562EFF2EB,CLASSIFICATION_CONFLICT,200,200,source_section|source_table|subject_type|asset_class|evidence_quote|value_scope,MERGE,"Verified against page-2 image. source_section is the exact printed heading above the table, shaded bar on both pages: A left it blank, B truncated it to 'Real Assets'; source_table is the full printed title naming the whole table, reprinted verbatim on page 2 where B dropped it to 'Real Assets'; asset_class 'Real Assets' from the table title, the printed grouping that governs every row; B left it blank; subject_type 'fund': the row label names a vehicle listed under the printed 'Partnership' column header, whose footnote reads 'Real Asset Partnerships'; A's 'investment' is the fund/investment split; evidence_quote is the full printed line, which proves the value; B quoted the bare figure only. Definition backfill: footnote 1 on the Partnership column states time-weighted returns net of investment expenses; ** marks the currency-hedged partnerships.",RESOLVED,A+B+ADJUDICATOR,f27235b5cbd2148f78e6d7d010017b38e2807611735e9229375986a38db2db38
1ef8214bb3d576597ec7,SRC063,2,PAIR_A8B8CECC0A4FA938E35837B3,CLASSIFICATION_CONFLICT,201,201,source_section|source_table|subject_type|asset_class|evidence_quote|value_scope,MERGE,"Verified against page-2 image. source_section is the exact printed heading above the table, shaded bar on both pages: A left it blank, B truncated it to 'Real Assets'; source_table is the full printed title naming the whole table, reprinted verbatim on page 2 where B dropped it to 'Real Assets'; asset_class 'Real Assets' from the table title, the printed grouping that governs every row; B left it blank; subject_type 'fund': the row label names a vehicle listed under the printed 'Partnership' column header, whose footnote reads 'Real Asset Partnerships'; A's 'investment' is the fund/investment split; evidence_quote is the full printed line, which proves the value; B quoted the bare figure only. Definition backfill: footnote 1 on the Partnership column states time-weighted returns net of investment expenses; ** marks the currency-hedged partnerships.",RESOLVED,A+B+ADJUDICATOR,f27235b5cbd2148f78e6d7d010017b38e2807611735e9229375986a38db2db38
5baecff23ef12ae9f8ce,SRC063,2,PAIR_CD2601C3FEECF1D8D0549AE8,VALUE_CONFLICT,202,202,source_section|source_table|subject_type|asset_class|metric_value_raw|evidence_quote|method|fee_basis,MERGE,"Verified against page-2 image. source_section is the exact printed heading above the table, shaded bar on both pages: A left it blank, B truncated it to 'Real Assets'; source_table is the full printed title naming the whole table, reprinted verbatim on page 2 where B dropped it to 'Real Assets'; asset_class 'Real Assets' from the table title, the printed grouping that governs every row; B left it blank; subject_type 'fund': the row label names a vehicle listed under the printed 'Partnership' column header, whose footnote reads 'Real Asset Partnerships'; A's 'investment' is the fund/investment split; value keeps the printed form with no gap between the currency symbol and the digits; evidence_quote is the full printed line, which proves the value; B quoted the bare figure only. Definition backfill: footnote 1 on the Partnership column states time-weighted returns net of investment expenses; ** marks the currency-hedged partnerships.",RESOLVED,A+B+ADJUDICATOR,f27235b5cbd2148f78e6d7d010017b38e2807611735e9229375986a38db2db38
be0062c1f80fa3043ffb,SRC063,2,PAIR_063340055FB20220683E8BA2,CLASSIFICATION_CONFLICT,203,203,source_section|source_table|subject_type|asset_class|evidence_quote|value_scope,MERGE,"Verified against page-2 image. source_section is the exact printed heading above the table, shaded bar on both pages: A left it blank, B truncated it to 'Real Assets'; source_table is the full printed title naming the whole table, reprinted verbatim on page 2 where B dropped it to 'Real Assets'; asset_class 'Real Assets' from the table title, the printed grouping that governs every row; B left it blank; subject_type 'fund': the row label names a vehicle listed under the printed 'Partnership' column header, whose footnote reads 'Real Asset Partnerships'; A's 'investment' is the fund/investment split; evidence_quote is the full printed line, which proves the value; B quoted the bare figure only. Definition backfill: footnote 1 on the Partnership column states time-weighted returns net of investment expenses; ** marks the currency-hedged partnerships.",RESOLVED,A+B+ADJUDICATOR,f27235b5cbd2148f78e6d7d010017b38e2807611735e9229375986a38db2db38
662b36c3640a9c572fbd,SRC063,2,PAIR_27FA45D486A3B36125814DC4,CLASSIFICATION_CONFLICT,204,204,source_section|source_table|subject_type|asset_class|evidence_quote|value_scope,MERGE,"Verified against page-2 image. source_section is the exact printed heading above the table, shaded bar on both pages: A left it blank, B truncated it to 'Real Assets'; source_table is the full printed title naming the whole table, reprinted verbatim on page 2 where B dropped it to 'Real Assets'; asset_class 'Real Assets' from the table title, the printed grouping that governs every row; B left it blank; subject_type 'fund': the row label names a vehicle listed under the printed 'Partnership' column header, whose footnote reads 'Real Asset Partnerships'; A's 'investment' is the fund/investment split; evidence_quote is the full printed line, which proves the value; B quoted the bare figure only. Definition backfill: footnote 1 on the Partnership column states time-weighted returns net of investment expenses; ** marks the currency-hedged partnerships.",RESOLVED,A+B+ADJUDICATOR,f27235b5cbd2148f78e6d7d010017b38e2807611735e9229375986a38db2db38
eb7e0f06c29bd90e48f1,SRC063,2,PAIR_17D151679EF471616AAE8796,VALUE_CONFLICT,205,205,source_section|source_table|subject_type|asset_class|metric_value_raw|evidence_quote|method|fee_basis,MERGE,"Verified against page-2 image. source_section is the exact printed heading above the table, shaded bar on both pages: A left it blank, B truncated it to 'Real Assets'; source_table is the full printed title naming the whole table, reprinted verbatim on page 2 where B dropped it to 'Real Assets'; asset_class 'Real Assets' from the table title, the printed grouping that governs every row; B left it blank; subject_type 'fund': the row label names a vehicle listed under the printed 'Partnership' column header, whose footnote reads 'Real Asset Partnerships'; A's 'investment' is the fund/investment split; value keeps the printed form with no gap between the currency symbol and the digits; evidence_quote is the full printed line, which proves the value; B quoted the bare figure only. Definition backfill: footnote 1 on the Partnership column states time-weighted returns net of investment expenses; ** marks the currency-hedged partnerships.",RESOLVED,A+B+ADJUDICATOR,f27235b5cbd2148f78e6d7d010017b38e2807611735e9229375986a38db2db38
b4bb4b7f2e9b2be63961,SRC063,2,PAIR_9861442E7A86FCB69EEC25AE,CLASSIFICATION_CONFLICT,206,206,source_section|source_table|subject_type|asset_class|evidence_quote|value_scope,MERGE,"Verified against page-2 image. source_section is the exact printed heading above the table, shaded bar on both pages: A left it blank, B truncated it to 'Real Assets'; source_table is the full printed title naming the whole table, reprinted verbatim on page 2 where B dropped it to 'Real Assets'; asset_class 'Real Assets' from the table title, the printed grouping that governs every row; B left it blank; subject_type 'fund': the row label names a vehicle listed under the printed 'Partnership' column header, whose footnote reads 'Real Asset Partnerships'; A's 'investment' is the fund/investment split; evidence_quote is the full printed line, which proves the value; B quoted the bare figure only. Definition backfill: footnote 1 on the Partnership column states time-weighted returns net of investment expenses; ** marks the currency-hedged partnerships.",RESOLVED,A+B+ADJUDICATOR,f27235b5cbd2148f78e6d7d010017b38e2807611735e9229375986a38db2db38
3d756b1a9e535d96616f,SRC063,2,PAIR_0CEB3F3093D1356B6985F000,CLASSIFICATION_CONFLICT,207,207,source_section|source_table|subject_type|asset_class|evidence_quote|value_scope,MERGE,"Verified against page-2 image. source_section is the exact printed heading above the table, shaded bar on both pages: A left it blank, B truncated it to 'Real Assets'; source_table is the full printed title naming the whole table, reprinted verbatim on page 2 where B dropped it to 'Real Assets'; asset_class 'Real Assets' from the table title, the printed grouping that governs every row; B left it blank; subject_type 'fund': the row label names a vehicle listed under the printed 'Partnership' column header, whose footnote reads 'Real Asset Partnerships'; A's 'investment' is the fund/investment split; evidence_quote is the full printed line, which proves the value; B quoted the bare figure only. Definition backfill: footnote 1 on the Partnership column states time-weighted returns net of investment expenses; ** marks the currency-hedged partnerships.",RESOLVED,A+B+ADJUDICATOR,f27235b5cbd2148f78e6d7d010017b38e2807611735e9229375986a38db2db38
f4420540e31ee28c43bb,SRC063,2,PAIR_798B87AB35BC8799C69C548D,VALUE_CONFLICT,208,208,source_section|source_table|subject_type|asset_class|metric_value_raw|evidence_quote|method|fee_basis,MERGE,"Verified against page-2 image. source_section is the exact printed heading above the table, shaded bar on both pages: A left it blank, B truncated it to 'Real Assets'; source_table is the full printed title naming the whole table, reprinted verbatim on page 2 where B dropped it to 'Real Assets'; asset_class 'Real Assets' from the table title, the printed grouping that governs every row; B left it blank; subject_type 'fund': the row label names a vehicle listed under the printed 'Partnership' column header, whose footnote reads 'Real Asset Partnerships'; A's 'investment' is the fund/investment split; value keeps the printed form with no gap between the currency symbol and the digits; evidence_quote is the full printed line, which proves the value; B quoted the bare figure only. Definition backfill: footnote 1 on the Partnership column states time-weighted returns net of investment expenses; ** marks the currency-hedged partnerships.",RESOLVED,A+B+ADJUDICATOR,f27235b5cbd2148f78e6d7d010017b38e2807611735e9229375986a38db2db38
2983378b479a3c793cbe,SRC063,2,PAIR_47BC6176C22B3E01C606E5C3,VALUE_CONFLICT,209,209,source_section|source_table|subject_type|asset_class|metric_value_raw|evidence_quote|method|fee_basis,MERGE,"Verified against page-2 image. source_section is the exact printed heading above the table, shaded bar on both pages: A left it blank, B truncated it to 'Real Assets'; source_table is the full printed title naming the whole table, reprinted verbatim on page 2 where B dropped it to 'Real Assets'; asset_class 'Real Assets' from the table title, the printed grouping that governs every row; B left it blank; subject_type 'fund': the row label names a vehicle listed under the printed 'Partnership' column header, whose footnote reads 'Real Asset Partnerships'; A's 'investment' is the fund/investment split; value keeps the printed form with no gap between the currency symbol and the digits; evidence_quote is the full printed line, which proves the value; B quoted the bare figure only. Definition backfill: footnote 1 on the Partnership column states time-weighted returns net of investment expenses; ** marks the currency-hedged partnerships.",RESOLVED,A+B+ADJUDICATOR,f27235b5cbd2148f78e6d7d010017b38e2807611735e9229375986a38db2db38
24d54a277de19518a89c,SRC063,2,PAIR_BDBC26665406A74714676C6E,CLASSIFICATION_CONFLICT,210,210,source_section|source_table|subject_type|asset_class|evidence_quote|value_scope,MERGE,"Verified against page-2 image. source_section is the exact printed heading above the table, shaded bar on both pages: A left it blank, B truncated it to 'Real Assets'; source_table is the full printed title naming the whole table, reprinted verbatim on page 2 where B dropped it to 'Real Assets'; asset_class 'Real Assets' from the table title, the printed grouping that governs every row; B left it blank; subject_type 'fund': the row label names a vehicle listed under the printed 'Partnership' column header, whose footnote reads 'Real Asset Partnerships'; A's 'investment' is the fund/investment split; evidence_quote is the full printed line, which proves the value; B quoted the bare figure only. Definition backfill: footnote 1 on the Partnership column states time-weighted returns net of investment expenses; ** marks the currency-hedged partnerships.",RESOLVED,A+B+ADJUDICATOR,f27235b5cbd2148f78e6d7d010017b38e2807611735e9229375986a38db2db38
d6a370410f3436fff31a,SRC063,2,PAIR_0DBBB7D31D321665ABE75256,VALUE_CONFLICT,211,211,source_section|source_table|subject_type|asset_class|metric_value_raw|evidence_quote|method|fee_basis,MERGE,"Verified against page-2 image. source_section is the exact printed heading above the table, shaded bar on both pages: A left it blank, B truncated it to 'Real Assets'; source_table is the full printed title naming the whole table, reprinted verbatim on page 2 where B dropped it to 'Real Assets'; asset_class 'Real Assets' from the table title, the printed grouping that governs every row; B left it blank; subject_type 'fund': the row label names a vehicle listed under the printed 'Partnership' column header, whose footnote reads 'Real Asset Partnerships'; A's 'investment' is the fund/investment split; value keeps the printed form with no gap between the currency symbol and the digits; evidence_quote is the full printed line, which proves the value; B quoted the bare figure only. Definition backfill: footnote 1 on the Partnership column states time-weighted returns net of investment expenses; ** marks the currency-hedged partnerships.",RESOLVED,A+B+ADJUDICATOR,f27235b5cbd2148f78e6d7d010017b38e2807611735e9229375986a38db2db38
c0b689973c0c7b02728e,SRC063,2,PAIR_E3361588484BEF11DE6EE9EE,CLASSIFICATION_CONFLICT,212,212,source_section|source_table|subject_type|asset_class|evidence_quote|value_scope,MERGE,"Verified against page-2 image. source_section is the exact printed heading above the table, shaded bar on both pages: A left it blank, B truncated it to 'Real Assets'; source_table is the full printed title naming the whole table, reprinted verbatim on page 2 where B dropped it to 'Real Assets'; asset_class 'Real Assets' from the table title, the printed grouping that governs every row; B left it blank; subject_type 'fund': the row label names a vehicle listed under the printed 'Partnership' column header, whose footnote reads 'Real Asset Partnerships'; A's 'investment' is the fund/investment split; evidence_quote is the full printed line, which proves the value; B quoted the bare figure only. Definition backfill: footnote 1 on the Partnership column states time-weighted returns net of investment expenses; ** marks the currency-hedged partnerships.",RESOLVED,A+B+ADJUDICATOR,f27235b5cbd2148f78e6d7d010017b38e2807611735e9229375986a38db2db38
b50918e30b2d805914a9,SRC063,2,PAIR_83C477854C928D76DA843024,CLASSIFICATION_CONFLICT,213,213,source_section|source_table|subject_type|asset_class|evidence_quote|value_scope,MERGE,"Verified against page-2 image. source_section is the exact printed heading above the table, shaded bar on both pages: A left it blank, B truncated it to 'Real Assets'; source_table is the full printed title naming the whole table, reprinted verbatim on page 2 where B dropped it to 'Real Assets'; asset_class 'Real Assets' from the table title, the printed grouping that governs every row; B left it blank; subject_type 'fund': the row label names a vehicle listed under the printed 'Partnership' column header, whose footnote reads 'Real Asset Partnerships'; A's 'investment' is the fund/investment split; evidence_quote is the full printed line, which proves the value; B quoted the bare figure only. Definition backfill: footnote 1 on the Partnership column states time-weighted returns net of investment expenses; ** marks the currency-hedged partnerships.",RESOLVED,A+B+ADJUDICATOR,f27235b5cbd2148f78e6d7d010017b38e2807611735e9229375986a38db2db38
a060ef4eecf0c21025c9,SRC063,2,PAIR_B267B31EC1E55D5CED8BF5E1,CLASSIFICATION_CONFLICT,214,214,source_section|source_table|subject_type|asset_class|evidence_quote|value_scope,MERGE,"Verified against page-2 image. source_section is the exact printed heading above the table, shaded bar on both pages: A left it blank, B truncated it to 'Real Assets'; source_table is the full printed title naming the whole table, reprinted verbatim on page 2 where B dropped it to 'Real Assets'; asset_class 'Real Assets' from the table title, the printed grouping that governs every row; B left it blank; subject_type 'fund': the row label names a vehicle listed under the printed 'Partnership' column header, whose footnote reads 'Real Asset Partnerships'; A's 'investment' is the fund/investment split; evidence_quote is the full printed line, which proves the value; B quoted the bare figure only. Definition backfill: footnote 1 on the Partnership column states time-weighted returns net of investment expenses; ** marks the currency-hedged partnerships.",RESOLVED,A+B+ADJUDICATOR,f27235b5cbd2148f78e6d7d010017b38e2807611735e9229375986a38db2db38
55bc9bc54fd2bc547d3b,SRC063,2,PAIR_D7B28B0A0A9EBA22A0ECE2AA,VALUE_CONFLICT,215,215,source_section|source_table|subject_type|asset_class|metric_value_raw|evidence_quote|method|fee_basis,MERGE,"Verified against page-2 image. source_section is the exact printed heading above the table, shaded bar on both pages: A left it blank, B truncated it to 'Real Assets'; source_table is the full printed title naming the whole table, reprinted verbatim on page 2 where B dropped it to 'Real Assets'; asset_class 'Real Assets' from the table title, the printed grouping that governs every row; B left it blank; subject_type 'fund': the row label names a vehicle listed under the printed 'Partnership' column header, whose footnote reads 'Real Asset Partnerships'; A's 'investment' is the fund/investment split; value keeps the printed form with no gap between the currency symbol and the digits; evidence_quote is the full printed line, which proves the value; B quoted the bare figure only. Definition backfill: footnote 1 on the Partnership column states time-weighted returns net of investment expenses; ** marks the currency-hedged partnerships.",RESOLVED,A+B+ADJUDICATOR,f27235b5cbd2148f78e6d7d010017b38e2807611735e9229375986a38db2db38
5c37a68abcd8012c931e,SRC063,2,PAIR_D60F4A66938B0FB3A8385799,CLASSIFICATION_CONFLICT,216,216,source_section|source_table|subject_type|asset_class|evidence_quote|value_scope,MERGE,"Verified against page-2 image. source_section is the exact printed heading above the table, shaded bar on both pages: A left it blank, B truncated it to 'Real Assets'; source_table is the full printed title naming the whole table, reprinted verbatim on page 2 where B dropped it to 'Real Assets'; asset_class 'Real Assets' from the table title, the printed grouping that governs every row; B left it blank; subject_type 'fund': the row label names a vehicle listed under the printed 'Partnership' column header, whose footnote reads 'Real Asset Partnerships'; A's 'investment' is the fund/investment split; evidence_quote is the full printed line, which proves the value; B quoted the bare figure only. Definition backfill: footnote 1 on the Partnership column states time-weighted returns net of investment expenses; ** marks the currency-hedged partnerships.",RESOLVED,A+B+ADJUDICATOR,f27235b5cbd2148f78e6d7d010017b38e2807611735e9229375986a38db2db38
8c8acb36881e48022056,SRC063,2,PAIR_8F40E4E845A6BD95BBF87802,CLASSIFICATION_CONFLICT,217,217,source_section|source_table|subject_type|asset_class|evidence_quote|value_scope,MERGE,"Verified against page-2 image. source_section is the exact printed heading above the table, shaded bar on both pages: A left it blank, B truncated it to 'Real Assets'; source_table is the full printed title naming the whole table, reprinted verbatim on page 2 where B dropped it to 'Real Assets'; asset_class 'Real Assets' from the table title, the printed grouping that governs every row; B left it blank; subject_type 'fund': the row label names a vehicle listed under the printed 'Partnership' column header, whose footnote reads 'Real Asset Partnerships'; A's 'investment' is the fund/investment split; evidence_quote is the full printed line, which proves the value; B quoted the bare figure only. Definition backfill: footnote 1 on the Partnership column states time-weighted returns net of investment expenses; ** marks the currency-hedged partnerships.",RESOLVED,A+B+ADJUDICATOR,f27235b5cbd2148f78e6d7d010017b38e2807611735e9229375986a38db2db38
30b41f57160f84c0b1da,SRC063,2,PAIR_A49B2065EB67F50BEB56CD7B,CLASSIFICATION_CONFLICT,218,218,source_section|source_table|subject_type|asset_class|evidence_quote|value_scope,MERGE,"Verified against page-2 image. source_section is the exact printed heading above the table, shaded bar on both pages: A left it blank, B truncated it to 'Real Assets'; source_table is the full printed title naming the whole table, reprinted verbatim on page 2 where B dropped it to 'Real Assets'; asset_class 'Real Assets' from the table title, the printed grouping that governs every row; B left it blank; subject_type 'fund': the row label names a vehicle listed under the printed 'Partnership' column header, whose footnote reads 'Real Asset Partnerships'; A's 'investment' is the fund/investment split; evidence_quote is the full printed line, which proves the value; B quoted the bare figure only. Definition backfill: footnote 1 on the Partnership column states time-weighted returns net of investment expenses; ** marks the currency-hedged partnerships.",RESOLVED,A+B+ADJUDICATOR,f27235b5cbd2148f78e6d7d010017b38e2807611735e9229375986a38db2db38
ffbfbd3710533d457a03,SRC063,2,PAIR_659105F94A515737A2278617,CLASSIFICATION_CONFLICT,219,219,source_section|source_table|subject_type|asset_class|evidence_quote|value_scope,MERGE,"Verified against page-2 image. source_section is the exact printed heading above the table, shaded bar on both pages: A left it blank, B truncated it to 'Real Assets'; source_table is the full printed title naming the whole table, reprinted verbatim on page 2 where B dropped it to 'Real Assets'; asset_class 'Real Assets' from the table title, the printed grouping that governs every row; B left it blank; subject_type 'fund': the row label names a vehicle listed under the printed 'Partnership' column header, whose footnote reads 'Real Asset Partnerships'; A's 'investment' is the fund/investment split; evidence_quote is the full printed line, which proves the value; B quoted the bare figure only. Definition backfill: footnote 1 on the Partnership column states time-weighted returns net of investment expenses; ** marks the currency-hedged partnerships.",RESOLVED,A+B+ADJUDICATOR,f27235b5cbd2148f78e6d7d010017b38e2807611735e9229375986a38db2db38
4b594f9061911e27189e,SRC063,2,PAIR_CA885B438E70952F2112A3D9,VALUE_CONFLICT,220,220,source_section|source_table|subject_type|asset_class|metric_value_raw|evidence_quote|method|fee_basis,MERGE,"Verified against page-2 image. source_section is the exact printed heading above the table, shaded bar on both pages: A left it blank, B truncated it to 'Real Assets'; source_table is the full printed title naming the whole table, reprinted verbatim on page 2 where B dropped it to 'Real Assets'; asset_class 'Real Assets' from the table title, the printed grouping that governs every row; B left it blank; subject_type 'fund': the row label names a vehicle listed under the printed 'Partnership' column header, whose footnote reads 'Real Asset Partnerships'; A's 'investment' is the fund/investment split; value keeps the printed form with no gap between the currency symbol and the digits; evidence_quote is the full printed line, which proves the value; B quoted the bare figure only. Definition backfill: footnote 1 on the Partnership column states time-weighted returns net of investment expenses; ** marks the currency-hedged partnerships.",RESOLVED,A+B+ADJUDICATOR,f27235b5cbd2148f78e6d7d010017b38e2807611735e9229375986a38db2db38
7ac31132d32a47f2932d,SRC063,2,PAIR_E9C155836DF1930CD4CF9737,CLASSIFICATION_CONFLICT,221,221,source_section|source_table|subject_type|asset_class|evidence_quote|value_scope,MERGE,"Verified against page-2 image. source_section is the exact printed heading above the table, shaded bar on both pages: A left it blank, B truncated it to 'Real Assets'; source_table is the full printed title naming the whole table, reprinted verbatim on page 2 where B dropped it to 'Real Assets'; asset_class 'Real Assets' from the table title, the printed grouping that governs every row; B left it blank; subject_type 'fund': the row label names a vehicle listed under the printed 'Partnership' column header, whose footnote reads 'Real Asset Partnerships'; A's 'investment' is the fund/investment split; evidence_quote is the full printed line, which proves the value; B quoted the bare figure only. Definition backfill: footnote 1 on the Partnership column states time-weighted returns net of investment expenses; ** marks the currency-hedged partnerships.",RESOLVED,A+B+ADJUDICATOR,f27235b5cbd2148f78e6d7d010017b38e2807611735e9229375986a38db2db38
4ec677ef4d124de94fde,SRC063,2,PAIR_97492F06559C1A16CABE9381,CLASSIFICATION_CONFLICT,222,222,source_section|source_table|subject_type|asset_class|evidence_quote|value_scope,MERGE,"Verified against page-2 image. source_section is the exact printed heading above the table, shaded bar on both pages: A left it blank, B truncated it to 'Real Assets'; source_table is the full printed title naming the whole table, reprinted verbatim on page 2 where B dropped it to 'Real Assets'; asset_class 'Real Assets' from the table title, the printed grouping that governs every row; B left it blank; subject_type 'fund': the row label names a vehicle listed under the printed 'Partnership' column header, whose footnote reads 'Real Asset Partnerships'; A's 'investment' is the fund/investment split; evidence_quote is the full printed line, which proves the value; B quoted the bare figure only. Definition backfill: footnote 1 on the Partnership column states time-weighted returns net of investment expenses; ** marks the currency-hedged partnerships.",RESOLVED,A+B+ADJUDICATOR,f27235b5cbd2148f78e6d7d010017b38e2807611735e9229375986a38db2db38
3069ac44a0a0dfd0981f,SRC063,2,PAIR_F7AB2E612DA8A3E40353A991,VALUE_CONFLICT,223,223,source_section|source_table|subject_type|asset_class|metric_value_raw|evidence_quote|method|fee_basis,MERGE,"Verified against page-2 image. source_section is the exact printed heading above the table, shaded bar on both pages: A left it blank, B truncated it to 'Real Assets'; source_table is the full printed title naming the whole table, reprinted verbatim on page 2 where B dropped it to 'Real Assets'; asset_class 'Real Assets' from the table title, the printed grouping that governs every row; B left it blank; subject_type 'fund': the row label names a vehicle listed under the printed 'Partnership' column header, whose footnote reads 'Real Asset Partnerships'; A's 'investment' is the fund/investment split; value keeps the printed form with no gap between the currency symbol and the digits; evidence_quote is the full printed line, which proves the value; B quoted the bare figure only. Definition backfill: footnote 1 on the Partnership column states time-weighted returns net of investment expenses; ** marks the currency-hedged partnerships.",RESOLVED,A+B+ADJUDICATOR,f27235b5cbd2148f78e6d7d010017b38e2807611735e9229375986a38db2db38
84cd53d5b9127687efc5,SRC063,2,PAIR_C323B2958BF71713F1980AF0,VALUE_CONFLICT,224,224,source_section|source_table|subject_name|asset_class|metric_value_raw|evidence_quote|method|fee_basis,MERGE,"Verified against page-2 image. source_section is the exact printed heading above the table, shaded bar on both pages: A left it blank, B truncated it to 'Real Assets'; source_table is the full printed title naming the whole table, reprinted verbatim on page 2 where B dropped it to 'Real Assets'; asset_class 'Real Assets' from the table title, the printed grouping that governs every row; B left it blank; subject_name is the printed row label in full; B truncated it; value keeps the printed form with no gap between the currency symbol and the digits; evidence_quote is the full printed line, which proves the value; B quoted the bare figure only. Definition backfill: footnote 1 on the Partnership column states time-weighted returns net of investment expenses; ** marks the currency-hedged partnerships.",RESOLVED,A+B+ADJUDICATOR,f27235b5cbd2148f78e6d7d010017b38e2807611735e9229375986a38db2db38
16e367ed741def5f2609,SRC063,2,PAIR_CBFFF592293DBB274908971C,CLASSIFICATION_CONFLICT,225,225,source_section|source_table|subject_type|asset_class|evidence_quote|value_scope,MERGE,"Verified against page-2 image. source_section is the exact printed heading above the table, shaded bar on both pages: A left it blank, B truncated it to 'Real Assets'; source_table is the full printed title naming the whole table, reprinted verbatim on page 2 where B dropped it to 'Real Assets'; asset_class 'Real Assets' from the table title, the printed grouping that governs every row; B left it blank; subject_type 'fund': the row label names a vehicle listed under the printed 'Partnership' column header, whose footnote reads 'Real Asset Partnerships'; A's 'investment' is the fund/investment split; evidence_quote is the full printed line, which proves the value; B quoted the bare figure only. Definition backfill: footnote 1 on the Partnership column states time-weighted returns net of investment expenses; ** marks the currency-hedged partnerships.",RESOLVED,A+B+ADJUDICATOR,f27235b5cbd2148f78e6d7d010017b38e2807611735e9229375986a38db2db38
177a84ea26b1cefa52dd,SRC063,2,PAIR_586C1373C51286080E10165A,CLASSIFICATION_CONFLICT,226,226,source_section|source_table|subject_type|asset_class|evidence_quote|value_scope,MERGE,"Verified against page-2 image. source_section is the exact printed heading above the table, shaded bar on both pages: A left it blank, B truncated it to 'Real Assets'; source_table is the full printed title naming the whole table, reprinted verbatim on page 2 where B dropped it to 'Real Assets'; asset_class 'Real Assets' from the table title, the printed grouping that governs every row; B left it blank; subject_type 'fund': the row label names a vehicle listed under the printed 'Partnership' column header, whose footnote reads 'Real Asset Partnerships'; A's 'investment' is the fund/investment split; evidence_quote is the full printed line, which proves the value; B quoted the bare figure only. Definition backfill: footnote 1 on the Partnership column states time-weighted returns net of investment expenses; ** marks the currency-hedged partnerships.",RESOLVED,A+B+ADJUDICATOR,f27235b5cbd2148f78e6d7d010017b38e2807611735e9229375986a38db2db38
b0c5517d29f67668a173,SRC063,2,PAIR_C1D30764C0F87A71F401DEA9,VALUE_CONFLICT,227,227,source_section|source_table|subject_type|asset_class|metric_value_raw|evidence_quote|method|fee_basis,MERGE,"Verified against page-2 image. source_section is the exact printed heading above the table, shaded bar on both pages: A left it blank, B truncated it to 'Real Assets'; source_table is the full printed title naming the whole table, reprinted verbatim on page 2 where B dropped it to 'Real Assets'; asset_class 'Real Assets' from the table title, the printed grouping that governs every row; B left it blank; subject_type 'fund': the row label names a vehicle listed under the printed 'Partnership' column header, whose footnote reads 'Real Asset Partnerships'; A's 'investment' is the fund/investment split; value keeps the printed form with no gap between the currency symbol and the digits; evidence_quote is the full printed line, which proves the value; B quoted the bare figure only. Definition backfill: footnote 1 on the Partnership column states time-weighted returns net of investment expenses; ** marks the currency-hedged partnerships.",RESOLVED,A+B+ADJUDICATOR,f27235b5cbd2148f78e6d7d010017b38e2807611735e9229375986a38db2db38
5bcdf1c21e75ce35ff0d,SRC363,1,PAIR_36B9079BB4C5530AA5557265,B_ONLY,,1,,MERGE,"B_ONLY confirmed against page-001.png. The page states the value in prose: 'At June 30, 2024, the distribution per share was $0.20', and the chart callout repeats $0.20 against the Distributions per Share axis. An explicitly stated distribution is a cash_flow_observation with category distribution, so B is right and A missed it. Post-extraction identity review: the document defines the University Endowment Fund as the university's unitized investment pool, so the accepted fact is scoped to a portfolio rather than a separately managed alternatives fund.; post-extraction identity review corrected subject_type, notes against the printed source grain",RESOLVED,B+ADJUDICATOR,37f3b1a46d11cdb22e38d276fda163e197904df1b0793d02a7af3ad40c050277
1256600577e3d38c1f82,SRC363,1,PAIR_410A3DA06FA3E9143DE2385D,CLASSIFICATION_CONFLICT,1,2,subject_type|subject_name|as_of_date|condition_raw|evidence_quote,MERGE,"Both lanes transcribed footnote * identically. A printed note measures nothing, so it carries no subject and no as-of date (the convention the pilot set); condition_raw names the printed row the marker sits on, and the quote keeps the printed marker.",RESOLVED,A+B+ADJUDICATOR,37f3b1a46d11cdb22e38d276fda163e197904df1b0793d02a7af3ad40c050277
83cae9d6d31ac9dfd094,SRC363,1,PAIR_9CC7821CB211E2ABEA169921,CONTEXT_CONFLICT,2,3,as_of_date|condition_raw,MERGE,"Both lanes read the Annualized banner over the 5, 10, and 20 YEARS columns. A note carries no as-of date; condition_raw lists the printed column labels it governs, pipe-joined.",RESOLVED,A+B+ADJUDICATOR,37f3b1a46d11cdb22e38d276fda163e197904df1b0793d02a7af3ad40c050277
f22e800fb2c46480ec0a,SRC363,1,PAIR_F3571CBC47740ADBF5150F29,CONTEXT_CONFLICT,3,4,as_of_date|condition_raw,MERGE,"Both lanes read the Net of Fees and Expenses header over every return column. A note carries no as-of date; condition_raw lists the printed column labels it governs, pipe-joined.",RESOLVED,A+B+ADJUDICATOR,37f3b1a46d11cdb22e38d276fda163e197904df1b0793d02a7af3ad40c050277
53c5c44cdc23d84005f2,SRC363,1,PAIR_36677726BCFEB2B5A186CC2D,CLASSIFICATION_CONFLICT,4,5,source_table|subject_name|evidence_quote,MERGE,MERGE: A and B each hold part of the row. source_table left blank (B) because the row's structure is DOCUMENT and it is not read out of a table. subject_name 'University Endowment Fund Profile' (B) is the title printed on page 1; A's 'University Endowment Fund University Long Term Portfolio' is a concatenation the page never prints as one string. evidence_quote widened across the two printed title lines so it proves the as-of date the row carries: B's quote proved the title only and A's proved the date only.,RESOLVED,A+B+ADJUDICATOR,37f3b1a46d11cdb22e38d276fda163e197904df1b0793d02a7af3ad40c050277
60569c71c440c85c20ed,SRC363,1,PAIR_5208190B3F0C86D9CD7E90B6,CLASSIFICATION_CONFLICT,5,6,subject_type|metric_name,MERGE,"The table's rows are entities and its columns are periods, so metric_name is the measure the table itself names, in its printed wording. A's 'Return' is a paraphrase the page never prints and is the exact form the extractor prompt bans; B took the right source but re-cased it. The page prints 'INVESTMENT PERFORMANCE', which is also what both lanes wrote into source_section and source_table on this row, so the merged record uses the printed casing and the same string no longer reads two ways within one row. subject_type: 'Median College and University Endowment' is a peer-universe median, and the page's own footnote calls it Cambridge Associates' survey of about 167 college and university endowments, so peer_group (B) and not benchmark (A). Backfill 2026-09-01: qualifier columns filled from the lanes' agreed reading.",RESOLVED,A+B+ADJUDICATOR,37f3b1a46d11cdb22e38d276fda163e197904df1b0793d02a7af3ad40c050277
77cffc00f09601e93f33,SRC363,1,PAIR_9A30E2A2345973AB08A7B9DD,CLASSIFICATION_CONFLICT,6,7,subject_type|metric_name,MERGE,"The table's rows are entities and its columns are periods, so metric_name is the measure the table itself names, in its printed wording. A's 'Return' is a paraphrase the page never prints and is the exact form the extractor prompt bans; B took the right source but re-cased it. The page prints 'INVESTMENT PERFORMANCE', which is also what both lanes wrote into source_section and source_table on this row, so the merged record uses the printed casing and the same string no longer reads two ways within one row. subject_type: 'Median College and University Endowment' is a peer-universe median, and the page's own footnote calls it Cambridge Associates' survey of about 167 college and university endowments, so peer_group (B) and not benchmark (A). Backfill 2026-09-01: qualifier columns filled from the lanes' agreed reading.",RESOLVED,A+B+ADJUDICATOR,37f3b1a46d11cdb22e38d276fda163e197904df1b0793d02a7af3ad40c050277
4642638be1cde5770590,SRC363,1,PAIR_FD7F9EBB53FBD977A364DA87,CLASSIFICATION_CONFLICT,7,8,subject_type|metric_name,MERGE,"The table's rows are entities and its columns are periods, so metric_name is the measure the table itself names, in its printed wording. A's 'Return' is a paraphrase the page never prints and is the exact form the extractor prompt bans; B took the right source but re-cased it. The page prints 'INVESTMENT PERFORMANCE', which is also what both lanes wrote into source_section and source_table on this row, so the merged record uses the printed casing and the same string no longer reads two ways within one row. subject_type: 'Median College and University Endowment' is a peer-universe median, and the page's own footnote calls it Cambridge Associates' survey of about 167 college and university endowments, so peer_group (B) and not benchmark (A). Backfill 2026-09-01: qualifier columns filled from the lanes' agreed reading.",RESOLVED,A+B+ADJUDICATOR,37f3b1a46d11cdb22e38d276fda163e197904df1b0793d02a7af3ad40c050277
84103faffbba51f4991e,SRC363,1,PAIR_B5961733C59A995F555A9050,CLASSIFICATION_CONFLICT,8,9,subject_type|metric_name,MERGE,"The table's rows are entities and its columns are periods, so metric_name is the measure the table itself names, in its printed wording. A's 'Return' is a paraphrase the page never prints and is the exact form the extractor prompt bans; B took the right source but re-cased it. The page prints 'INVESTMENT PERFORMANCE', which is also what both lanes wrote into source_section and source_table on this row, so the merged record uses the printed casing and the same string no longer reads two ways within one row. subject_type: 'Median College and University Endowment' is a peer-universe median, and the page's own footnote calls it Cambridge Associates' survey of about 167 college and university endowments, so peer_group (B) and not benchmark (A). Backfill 2026-09-01: qualifier columns filled from the lanes' agreed reading.",RESOLVED,A+B+ADJUDICATOR,37f3b1a46d11cdb22e38d276fda163e197904df1b0793d02a7af3ad40c050277
9d66eed2b008041e0b19,SRC363,1,PAIR_AE676E2144CF24888176F037,CONTEXT_CONFLICT,9,10,metric_name,MERGE,"The table's rows are entities and its columns are periods, so metric_name is the measure the table itself names, in its printed wording. A's 'Return' is a paraphrase the page never prints and is the exact form the extractor prompt bans; B took the right source but re-cased it. The page prints 'INVESTMENT PERFORMANCE', which is also what both lanes wrote into source_section and source_table on this row, so the merged record uses the printed casing and the same string no longer reads two ways within one row. Backfill 2026-09-01: qualifier columns filled from the lanes' agreed reading.",RESOLVED,A+B+ADJUDICATOR,37f3b1a46d11cdb22e38d276fda163e197904df1b0793d02a7af3ad40c050277
9cb5ffa47ec00bf8f7b4,SRC363,1,PAIR_A321D569454EDF780429B4C8,CONTEXT_CONFLICT,10,11,metric_name,MERGE,"The table's rows are entities and its columns are periods, so metric_name is the measure the table itself names, in its printed wording. A's 'Return' is a paraphrase the page never prints and is the exact form the extractor prompt bans; B took the right source but re-cased it. The page prints 'INVESTMENT PERFORMANCE', which is also what both lanes wrote into source_section and source_table on this row, so the merged record uses the printed casing and the same string no longer reads two ways within one row. Backfill 2026-09-01: qualifier columns filled from the lanes' agreed reading.",RESOLVED,A+B+ADJUDICATOR,37f3b1a46d11cdb22e38d276fda163e197904df1b0793d02a7af3ad40c050277
d54c65ffd5c87470e8dd,SRC363,1,PAIR_8EF85EB9CBE342A8785FD9AA,CONTEXT_CONFLICT,11,12,metric_name,MERGE,"The table's rows are entities and its columns are periods, so metric_name is the measure the table itself names, in its printed wording. A's 'Return' is a paraphrase the page never prints and is the exact form the extractor prompt bans; B took the right source but re-cased it. The page prints 'INVESTMENT PERFORMANCE', which is also what both lanes wrote into source_section and source_table on this row, so the merged record uses the printed casing and the same string no longer reads two ways within one row. Backfill 2026-09-01: qualifier columns filled from the lanes' agreed reading.",RESOLVED,A+B+ADJUDICATOR,37f3b1a46d11cdb22e38d276fda163e197904df1b0793d02a7af3ad40c050277
cd981a8d19d834835fee,SRC363,1,PAIR_EC214F842F052CEFF21B1788,CONTEXT_CONFLICT,12,13,metric_name,MERGE,"The table's rows are entities and its columns are periods, so metric_name is the measure the table itself names, in its printed wording. A's 'Return' is a paraphrase the page never prints and is the exact form the extractor prompt bans; B took the right source but re-cased it. The page prints 'INVESTMENT PERFORMANCE', which is also what both lanes wrote into source_section and source_table on this row, so the merged record uses the printed casing and the same string no longer reads two ways within one row. Backfill 2026-09-01: qualifier columns filled from the lanes' agreed reading.",RESOLVED,A+B+ADJUDICATOR,37f3b1a46d11cdb22e38d276fda163e197904df1b0793d02a7af3ad40c050277
f10e2ead22a35ad8404d,SRC363,1,PAIR_E91AFA9EF08795A8D519897F,B_ONLY,,14,,MERGE,"B_ONLY confirmed against page-001.png. The chart prints $21.80 in a callout at the end of the Share Value line, which the same section dates at June 30, 2024, so it is a printed value stated as fact about this fund. fair_value is the allowed performance_observation category for a share value. B is right and A missed it. Post-extraction identity review: the document defines the University Endowment Fund as the university's unitized investment pool, so the accepted fact is scoped to a portfolio rather than a separately managed alternatives fund.; post-extraction identity review corrected subject_type, notes against the printed source grain Backfill 2026-09-01: qualifier columns filled from the lanes' agreed reading.",RESOLVED,B+ADJUDICATOR,37f3b1a46d11cdb22e38d276fda163e197904df1b0793d02a7af3ad40c050277
faabc11fa3b2b12e78ba,SRC363,2,PAIR_4A4B0A79F5B6AE710CD2A851,B_ONLY,,15,,ACCEPT_B,The Distributions paragraph on page 2 states the distribution-rate methodology verbatim as lane B transcribed it; lane A did not transcribe it. Confirmed against the page text.,VERIFIED_ONE_SIDED,B,37f3b1a46d11cdb22e38d276fda163e197904df1b0793d02a7af3ad40c050277
fcf4123d0bf978d06c6c,SRC363,2,PAIR_A5C9A691A4379E788B5BB11C,B_ONLY,,16,,ACCEPT_B,The page-2 sentence defining the University Endowment Fund as the unitized pool is printed verbatim as lane B transcribed it; lane A did not transcribe it. Confirmed against the page text.,VERIFIED_ONE_SIDED,B,37f3b1a46d11cdb22e38d276fda163e197904df1b0793d02a7af3ad40c050277
7faa66fb92ec66ba327f,SRC363,2,PAIR_25D54F2CF800AB1CF32B52FE,B_ONLY,,17,,MERGE,"Both lanes read the same printed fact on page 2, 'Size. The University Endowment Fund was valued at $19.2 billion at June 30, 2024', but keyed it differently, so it arrived as two one-sided rows. B's key is the printed one: the paragraph is NARRATIVE with the run-in heading 'Size' as its label and no column at all. A's key invents a 'Size' column the page does not print. B is kept and A's duplicate is rejected; the fact survives once. Post-extraction identity review: the document defines the University Endowment Fund as the university's unitized investment pool, so the accepted fact is scoped to a portfolio rather than a separately managed alternatives fund.; post-extraction identity review corrected subject_type, notes against the printed source grain Backfill 2026-09-01: qualifier columns filled from the lanes' agreed reading.",RESOLVED,B+ADJUDICATOR,37f3b1a46d11cdb22e38d276fda163e197904df1b0793d02a7af3ad40c050277
c48e07bc7518dbdecc6c,SRC594,1,PAIR_276B63482000E2E8897CA0AC,CLASSIFICATION_CONFLICT,1,1,source_section|source_table|subject_name|manager_name|investor_name|period_end|as_of_date|evidence_quote,MERGE,"Page 1 prints the title on two lines and the period on a third: Statement of Investment Performance Statistics / and Independent Auditor's Report / For the Year Ended August 31, 2025. Neither lane is complete. A carries the full printed title and as_of_date but files it under source_table, and a cover page has no table; B carries period_end and correctly treats the title as the page heading but truncates it. Merged record keeps the full printed title in source_section and subject_name, leaves source_table blank, and populates period_end, as_of_date and horizon from the printed period line. Manager and investor names are kept because the document prints them in Note 1 on page 4.",RESOLVED,A+B+ADJUDICATOR,9b50469c18f58048eba427fe0b3e67dc76ecfd656d6f849979a37c5a1f72af73
94e0924b9f272a40795f,SRC594,3,PAIR_A3A5DF6EC6F935786A6EC4D8,CONTEXT_CONFLICT,2,2,source_section|strategy|as_of_date|horizon|basis_raw|method,MERGE,"Page 3 prints Commodities / Intermediate Term Fund as 11.7% and both lanes read it the same. Neither candidate is complete: A files the in-table banner NET OF FEES in source_section, which is reserved for the heading above the table, and B fills strategy with the leaf row label, a value the context-grouping map does not carry under strategy, and leaves method unstated. Merged record takes A's mapped grouping and printed dates, the page heading in source_section, and method modified_dietz with fee_basis net from note 2, which states the statistics are computed net of investment management fees using the Modified Dietz Method, corroborated by the printed NET OF FEES banner.; Source review: p3: Commodities (The row is a strategy component under a fund column; only TOTAL FUND reports the whole fund.)",RESOLVED,A+B+ADJUDICATOR,9b50469c18f58048eba427fe0b3e67dc76ecfd656d6f849979a37c5a1f72af73
8882919d9a0ffcb1435b,SRC594,3,PAIR_8F68CB2314C74409C4FB370E,CONTEXT_CONFLICT,3,3,source_section|strategy|as_of_date|horizon|basis_raw|method,MERGE,"Page 3 prints Directional Hedge Funds / General Endowment Fund as 15.4% and both lanes read it the same. Neither candidate is complete: A files the in-table banner NET OF FEES in source_section, which is reserved for the heading above the table, and B fills strategy with the leaf row label, a value the context-grouping map does not carry under strategy, and leaves method unstated. Merged record takes A's mapped grouping and printed dates, the page heading in source_section, and method modified_dietz with fee_basis net from note 2, which states the statistics are computed net of investment management fees using the Modified Dietz Method, corroborated by the printed NET OF FEES banner.; Source review: p3: Directional Hedge Funds (The row is a strategy component under a fund column; only TOTAL FUND reports the whole fund.)",RESOLVED,A+B+ADJUDICATOR,9b50469c18f58048eba427fe0b3e67dc76ecfd656d6f849979a37c5a1f72af73
aef0253a421503d38112,SRC594,3,PAIR_C2DD9BBFCA8E2AB0E7A93118,CONTEXT_CONFLICT,4,4,source_section|strategy|as_of_date|horizon|basis_raw|method,MERGE,"Page 3 prints Directional Hedge Funds / Intermediate Term Fund as 15.4% and both lanes read it the same. Neither candidate is complete: A files the in-table banner NET OF FEES in source_section, which is reserved for the heading above the table, and B fills strategy with the leaf row label, a value the context-grouping map does not carry under strategy, and leaves method unstated. Merged record takes A's mapped grouping and printed dates, the page heading in source_section, and method modified_dietz with fee_basis net from note 2, which states the statistics are computed net of investment management fees using the Modified Dietz Method, corroborated by the printed NET OF FEES banner.; Source review: p3: Directional Hedge Funds (The row is a strategy component under a fund column; only TOTAL FUND reports the whole fund.)",RESOLVED,A+B+ADJUDICATOR,9b50469c18f58048eba427fe0b3e67dc76ecfd656d6f849979a37c5a1f72af73
9afb78a8565904a29591,SRC594,3,PAIR_938D9F0665011E2931F2695E,CONTEXT_CONFLICT,5,5,source_section|strategy|as_of_date|horizon|basis_raw|method,MERGE,"Page 3 prints Directional Hedge Funds / Permanent University Fund as 15.3% and both lanes read it the same. Neither candidate is complete: A files the in-table banner NET OF FEES in source_section, which is reserved for the heading above the table, and B fills strategy with the leaf row label, a value the context-grouping map does not carry under strategy, and leaves method unstated. Merged record takes A's mapped grouping and printed dates, the page heading in source_section, and method modified_dietz with fee_basis net from note 2, which states the statistics are computed net of investment management fees using the Modified Dietz Method, corroborated by the printed NET OF FEES banner.; Source review: p3: Directional Hedge Funds (The row is a strategy component under a fund column; only TOTAL FUND reports the whole fund.)",RESOLVED,A+B+ADJUDICATOR,9b50469c18f58048eba427fe0b3e67dc76ecfd656d6f849979a37c5a1f72af73
ddea813bb0b2cd52c865,SRC594,3,PAIR_1DB2303E888672E649F35BAC,CONTEXT_CONFLICT,6,6,source_section|strategy|as_of_date|horizon|basis_raw|method,MERGE,"Page 3 prints Inflation-Linked Bonds / Intermediate Term Fund as 4.4% and both lanes read it the same. Neither candidate is complete: A files the in-table banner NET OF FEES in source_section, which is reserved for the heading above the table, and B fills strategy with the leaf row label, a value the context-grouping map does not carry under strategy, and leaves method unstated. Merged record takes A's mapped grouping and printed dates, the page heading in source_section, and method modified_dietz with fee_basis net from note 2, which states the statistics are computed net of investment management fees using the Modified Dietz Method, corroborated by the printed NET OF FEES banner.; Source review: p3: Inflation-Linked Bonds (The row is a strategy component under a fund column; only TOTAL FUND reports the whole fund.)",RESOLVED,A+B+ADJUDICATOR,9b50469c18f58048eba427fe0b3e67dc76ecfd656d6f849979a37c5a1f72af73
e8f3000f304e8b96b8b6,SRC594,3,PAIR_C19781677AB33F3FCCC16412,CONTEXT_CONFLICT,7,7,source_section|as_of_date|horizon|basis_raw|method,MERGE,"Page 3 prints Infrastructure / General Endowment Fund as 15.4% and both lanes read it the same. Neither candidate is complete: A files the in-table banner NET OF FEES in source_section, which is reserved for the heading above the table, and B leaves method unstated. Merged record keeps the split grouping both lanes gave here, asset_class Real Return over strategy Infrastructure, both carried by the context-grouping map, the page heading in source_section, the printed dates, and method modified_dietz with fee_basis net from note 2, which states the statistics are computed net of investment management fees using the Modified Dietz Method.; Source review: p3: Infrastructure (The row is a strategy component under a fund column; only TOTAL FUND reports the whole fund.)",RESOLVED,A+B+ADJUDICATOR,9b50469c18f58048eba427fe0b3e67dc76ecfd656d6f849979a37c5a1f72af73
fe3353a60b7070e70efb,SRC594,3,PAIR_E19BD3AB9B0A41FC83C0B286,CONTEXT_CONFLICT,8,8,source_section|as_of_date|horizon|basis_raw|method,MERGE,"Page 3 prints Infrastructure / Permanent University Fund as 15.4% and both lanes read it the same. Neither candidate is complete: A files the in-table banner NET OF FEES in source_section, which is reserved for the heading above the table, and B leaves method unstated. Merged record keeps the split grouping both lanes gave here, asset_class Real Return over strategy Infrastructure, both carried by the context-grouping map, the page heading in source_section, the printed dates, and method modified_dietz with fee_basis net from note 2, which states the statistics are computed net of investment management fees using the Modified Dietz Method.; Source review: p3: Infrastructure (The row is a strategy component under a fund column; only TOTAL FUND reports the whole fund.)",RESOLVED,A+B+ADJUDICATOR,9b50469c18f58048eba427fe0b3e67dc76ecfd656d6f849979a37c5a1f72af73
bc93bc313a11065b024e,SRC594,3,PAIR_9C48F5B4DDCD00BA48221318,CONTEXT_CONFLICT,9,9,source_section|strategy|as_of_date|horizon|basis_raw|method,MERGE,"Page 3 prints Innovation & Disruption / General Endowment Fund as -13.5% and both lanes read it the same. The row sits outside the three in-table groupings, so asset_class and strategy are correctly blank. Neither candidate is complete: A files the in-table banner NET OF FEES in source_section, which is reserved for the heading above the table, and B fills strategy with the leaf row label, a value the context-grouping map does not carry, and leaves method unstated. Merged record takes the page heading in source_section, the printed dates, and method modified_dietz with fee_basis net from note 2, which states the statistics are computed net of investment management fees using the Modified Dietz Method.; Source review: p3: Innovation & Disruption (The total-fund line differs from its individual strategy components.)",RESOLVED,A+B+ADJUDICATOR,9b50469c18f58048eba427fe0b3e67dc76ecfd656d6f849979a37c5a1f72af73
85a1c69bf5148970ea76,SRC594,3,PAIR_61E5CB29AFD52B59F0D6526E,CONTEXT_CONFLICT,10,10,source_section|strategy|as_of_date|horizon|basis_raw|method,MERGE,"Page 3 prints Innovation & Disruption / Permanent University Fund as -13.5% and both lanes read it the same. The row sits outside the three in-table groupings, so asset_class and strategy are correctly blank. Neither candidate is complete: A files the in-table banner NET OF FEES in source_section, which is reserved for the heading above the table, and B fills strategy with the leaf row label, a value the context-grouping map does not carry, and leaves method unstated. Merged record takes the page heading in source_section, the printed dates, and method modified_dietz with fee_basis net from note 2, which states the statistics are computed net of investment management fees using the Modified Dietz Method.; Source review: p3: Innovation & Disruption (The total-fund line differs from its individual strategy components.)",RESOLVED,A+B+ADJUDICATOR,9b50469c18f58048eba427fe0b3e67dc76ecfd656d6f849979a37c5a1f72af73
e79b2b6d4356c8760922,SRC594,3,PAIR_49342B1ED8FF72FF9919E9D9,CONTEXT_CONFLICT,11,11,source_section|strategy|as_of_date|horizon|basis_raw|method,MERGE,"Page 3 prints Investment Grade Fixed Income / Intermediate Term Fund as 3.5% and both lanes read it the same. Neither candidate is complete: A files the in-table banner NET OF FEES in source_section, which is reserved for the heading above the table, and B fills strategy with the leaf row label, a value the context-grouping map does not carry under strategy, and leaves method unstated. Merged record takes A's mapped grouping and printed dates, the page heading in source_section, and method modified_dietz with fee_basis net from note 2, which states the statistics are computed net of investment management fees using the Modified Dietz Method, corroborated by the printed NET OF FEES banner.; Source review: p3: Investment Grade Fixed Income (The row is a strategy component under a fund column; only TOTAL FUND reports the whole fund.)",RESOLVED,A+B+ADJUDICATOR,9b50469c18f58048eba427fe0b3e67dc76ecfd656d6f849979a37c5a1f72af73
26949251e666b0d0f48e,SRC594,3,PAIR_4B5E7A60A0473FA0904818E8,CONTEXT_CONFLICT,12,12,source_section|strategy|as_of_date|horizon|basis_raw|method,MERGE,"Page 3 prints Long Treasuries / General Endowment Fund as -4.0% and both lanes read it the same. Neither candidate is complete: A files the in-table banner NET OF FEES in source_section, which is reserved for the heading above the table, and B fills strategy with the leaf row label, a value the context-grouping map does not carry under strategy, and leaves method unstated. Merged record takes A's mapped grouping and printed dates, the page heading in source_section, and method modified_dietz with fee_basis net from note 2, which states the statistics are computed net of investment management fees using the Modified Dietz Method, corroborated by the printed NET OF FEES banner.; Source review: p3: Long Treasuries (The row is a strategy component under a fund column; only TOTAL FUND reports the whole fund.)",RESOLVED,A+B+ADJUDICATOR,9b50469c18f58048eba427fe0b3e67dc76ecfd656d6f849979a37c5a1f72af73
7c5271a91a73df120aab,SRC594,3,PAIR_D807248064960D5A82D6ACF1,CONTEXT_CONFLICT,13,13,source_section|strategy|as_of_date|horizon|basis_raw|method,MERGE,"Page 3 prints Long Treasuries / Intermediate Term Fund as -4.0% and both lanes read it the same. Neither candidate is complete: A files the in-table banner NET OF FEES in source_section, which is reserved for the heading above the table, and B fills strategy with the leaf row label, a value the context-grouping map does not carry under strategy, and leaves method unstated. Merged record takes A's mapped grouping and printed dates, the page heading in source_section, and method modified_dietz with fee_basis net from note 2, which states the statistics are computed net of investment management fees using the Modified Dietz Method, corroborated by the printed NET OF FEES banner.; Source review: p3: Long Treasuries (The row is a strategy component under a fund column; only TOTAL FUND reports the whole fund.)",RESOLVED,A+B+ADJUDICATOR,9b50469c18f58048eba427fe0b3e67dc76ecfd656d6f849979a37c5a1f72af73
030d120f63859ce42fc8,SRC594,3,PAIR_3226D998464ABF6B05D85DA7,CONTEXT_CONFLICT,14,14,source_section|strategy|as_of_date|horizon|basis_raw|method,MERGE,"Page 3 prints Long Treasuries / Permanent University Fund as -4.0% and both lanes read it the same. Neither candidate is complete: A files the in-table banner NET OF FEES in source_section, which is reserved for the heading above the table, and B fills strategy with the leaf row label, a value the context-grouping map does not carry under strategy, and leaves method unstated. Merged record takes A's mapped grouping and printed dates, the page heading in source_section, and method modified_dietz with fee_basis net from note 2, which states the statistics are computed net of investment management fees using the Modified Dietz Method, corroborated by the printed NET OF FEES banner.; Source review: p3: Long Treasuries (The row is a strategy component under a fund column; only TOTAL FUND reports the whole fund.)",RESOLVED,A+B+ADJUDICATOR,9b50469c18f58048eba427fe0b3e67dc76ecfd656d6f849979a37c5a1f72af73
6cde76e2cda78ac7aef5,SRC594,3,PAIR_283947C796B4AAF3268CCCF2,CONTEXT_CONFLICT,15,15,source_section|as_of_date|horizon|basis_raw|method,MERGE,"Page 3 prints Natural Resources / General Endowment Fund as -6.1% and both lanes read it the same. Neither candidate is complete: A files the in-table banner NET OF FEES in source_section, which is reserved for the heading above the table, and B leaves method unstated. Merged record keeps the split grouping both lanes gave here, asset_class Real Return over strategy Natural Resources, both carried by the context-grouping map, the page heading in source_section, the printed dates, and method modified_dietz with fee_basis net from note 2, which states the statistics are computed net of investment management fees using the Modified Dietz Method.; Source review: p3: Natural Resources (The row is a strategy component under a fund column; only TOTAL FUND reports the whole fund.)",RESOLVED,A+B+ADJUDICATOR,9b50469c18f58048eba427fe0b3e67dc76ecfd656d6f849979a37c5a1f72af73
0cd12d17e530bdfc54d5,SRC594,3,PAIR_C6F5E4428FC966FDA77E1403,CONTEXT_CONFLICT,16,16,source_section|as_of_date|horizon|basis_raw|method,MERGE,"Page 3 prints Natural Resources / Permanent University Fund as -6.1% and both lanes read it the same. Neither candidate is complete: A files the in-table banner NET OF FEES in source_section, which is reserved for the heading above the table, and B leaves method unstated. Merged record keeps the split grouping both lanes gave here, asset_class Real Return over strategy Natural Resources, both carried by the context-grouping map, the page heading in source_section, the printed dates, and method modified_dietz with fee_basis net from note 2, which states the statistics are computed net of investment management fees using the Modified Dietz Method.; Source review: p3: Natural Resources (The row is a strategy component under a fund column; only TOTAL FUND reports the whole fund.)",RESOLVED,A+B+ADJUDICATOR,9b50469c18f58048eba427fe0b3e67dc76ecfd656d6f849979a37c5a1f72af73
c2c7b11fa67127357c5d,SRC594,3,PAIR_C73E476DF28626EAAF3CD8CF,CONTEXT_CONFLICT,17,17,source_section|asset_class|strategy|as_of_date|horizon|basis_raw|method,MERGE,"Page 3 prints Private Equity / General Endowment Fund as 7.3% and both lanes read it the same. Neither candidate is complete: A files the in-table banner NET OF FEES in source_section, which is reserved for the heading above the table, and B puts Private Equity in strategy, which the context-grouping map carries as an asset_class value, and leaves method unstated. Merged record puts Private Equity in asset_class as the map requires, takes the page heading in source_section and the printed dates, and sets method modified_dietz with fee_basis net from note 2, which states the statistics are computed net of investment management fees using the Modified Dietz Method.; Source review: p3: Private Equity (The row is a strategy component under a fund column; only TOTAL FUND reports the whole fund.)",RESOLVED,A+B+ADJUDICATOR,9b50469c18f58048eba427fe0b3e67dc76ecfd656d6f849979a37c5a1f72af73
5dee72e98530e1b68033,SRC594,3,PAIR_8C95F71022954AB0AFDFD077,CONTEXT_CONFLICT,18,18,source_section|asset_class|strategy|as_of_date|horizon|basis_raw|method,MERGE,"Page 3 prints Private Equity / Permanent University Fund as 7.3% and both lanes read it the same. Neither candidate is complete: A files the in-table banner NET OF FEES in source_section, which is reserved for the heading above the table, and B puts Private Equity in strategy, which the context-grouping map carries as an asset_class value, and leaves method unstated. Merged record puts Private Equity in asset_class as the map requires, takes the page heading in source_section and the printed dates, and sets method modified_dietz with fee_basis net from note 2, which states the statistics are computed net of investment management fees using the Modified Dietz Method.; Source review: p3: Private Equity (The row is a strategy component under a fund column; only TOTAL FUND reports the whole fund.)",RESOLVED,A+B+ADJUDICATOR,9b50469c18f58048eba427fe0b3e67dc76ecfd656d6f849979a37c5a1f72af73
56f375effaa0289e1587,SRC594,3,PAIR_9972D87C35B5E34DDC89FCC0,CONTEXT_CONFLICT,19,19,source_section|strategy|as_of_date|horizon|basis_raw|method,MERGE,"Page 3 prints Public Equity / General Endowment Fund as 17.1% and both lanes read it the same. Neither candidate is complete: A files the in-table banner NET OF FEES in source_section, which is reserved for the heading above the table, and B fills strategy with the leaf row label, a value the context-grouping map does not carry under strategy, and leaves method unstated. Merged record takes A's mapped grouping and printed dates, the page heading in source_section, and method modified_dietz with fee_basis net from note 2, which states the statistics are computed net of investment management fees using the Modified Dietz Method, corroborated by the printed NET OF FEES banner.; Source review: p3: Public Equity (The row is a strategy component under a fund column; only TOTAL FUND reports the whole fund.)",RESOLVED,A+B+ADJUDICATOR,9b50469c18f58048eba427fe0b3e67dc76ecfd656d6f849979a37c5a1f72af73
144347cbb92da337bdc6,SRC594,3,PAIR_8EF89CB2CE6A3F36407F0CF1,CONTEXT_CONFLICT,20,20,source_section|strategy|as_of_date|horizon|basis_raw|method,MERGE,"Page 3 prints Public Equity / Intermediate Term Fund as 17.1% and both lanes read it the same. Neither candidate is complete: A files the in-table banner NET OF FEES in source_section, which is reserved for the heading above the table, and B fills strategy with the leaf row label, a value the context-grouping map does not carry under strategy, and leaves method unstated. Merged record takes A's mapped grouping and printed dates, the page heading in source_section, and method modified_dietz with fee_basis net from note 2, which states the statistics are computed net of investment management fees using the Modified Dietz Method, corroborated by the printed NET OF FEES banner.; Source review: p3: Public Equity (The row is a strategy component under a fund column; only TOTAL FUND reports the whole fund.)",RESOLVED,A+B+ADJUDICATOR,9b50469c18f58048eba427fe0b3e67dc76ecfd656d6f849979a37c5a1f72af73
f78b18d91f694a4ddd6f,SRC594,3,PAIR_35D39F016A5D38BE7017CA0C,CONTEXT_CONFLICT,21,21,source_section|strategy|as_of_date|horizon|basis_raw|method,MERGE,"Page 3 prints Public Equity / Permanent University Fund as 17.1% and both lanes read it the same. Neither candidate is complete: A files the in-table banner NET OF FEES in source_section, which is reserved for the heading above the table, and B fills strategy with the leaf row label, a value the context-grouping map does not carry under strategy, and leaves method unstated. Merged record takes A's mapped grouping and printed dates, the page heading in source_section, and method modified_dietz with fee_basis net from note 2, which states the statistics are computed net of investment management fees using the Modified Dietz Method, corroborated by the printed NET OF FEES banner.; Source review: p3: Public Equity (The row is a strategy component under a fund column; only TOTAL FUND reports the whole fund.)",RESOLVED,A+B+ADJUDICATOR,9b50469c18f58048eba427fe0b3e67dc76ecfd656d6f849979a37c5a1f72af73
3df50a253ce2464e6f23,SRC594,3,PAIR_D632F62914919DDC7C86FBCE,CONTEXT_CONFLICT,22,22,source_section|as_of_date|horizon|basis_raw|method,MERGE,"Page 3 prints Real Estate / General Endowment Fund as 3.1% and both lanes read it the same. Neither candidate is complete: A files the in-table banner NET OF FEES in source_section, which is reserved for the heading above the table, and B leaves method unstated. Merged record keeps the split grouping both lanes gave here, asset_class Real Return over strategy Real Estate, both carried by the context-grouping map, the page heading in source_section, the printed dates, and method modified_dietz with fee_basis net from note 2, which states the statistics are computed net of investment management fees using the Modified Dietz Method.; Source review: p3: Real Estate (The row is a strategy component under a fund column; only TOTAL FUND reports the whole fund.)",RESOLVED,A+B+ADJUDICATOR,9b50469c18f58048eba427fe0b3e67dc76ecfd656d6f849979a37c5a1f72af73
b40fe5b4f19b9eb4b042,SRC594,3,PAIR_1D5222C7A6B80CDC1BEE337A,CONTEXT_CONFLICT,23,23,source_section|as_of_date|horizon|basis_raw|method,MERGE,"Page 3 prints Real Estate / Intermediate Term Fund as -0.7% and both lanes read it the same. Neither candidate is complete: A files the in-table banner NET OF FEES in source_section, which is reserved for the heading above the table, and B leaves method unstated. Merged record keeps the split grouping both lanes gave here, asset_class Real Return over strategy Real Estate, both carried by the context-grouping map, the page heading in source_section, the printed dates, and method modified_dietz with fee_basis net from note 2, which states the statistics are computed net of investment management fees using the Modified Dietz Method.; Source review: p3: Real Estate (The row is a strategy component under a fund column; only TOTAL FUND reports the whole fund.)",RESOLVED,A+B+ADJUDICATOR,9b50469c18f58048eba427fe0b3e67dc76ecfd656d6f849979a37c5a1f72af73
8116880dce3f0e0b970e,SRC594,3,PAIR_C68A1B9B4877748CBF26BA7B,CONTEXT_CONFLICT,24,24,source_section|as_of_date|horizon|basis_raw|method,MERGE,"Page 3 prints Real Estate / Permanent University Fund as 3.1% and both lanes read it the same. Neither candidate is complete: A files the in-table banner NET OF FEES in source_section, which is reserved for the heading above the table, and B leaves method unstated. Merged record keeps the split grouping both lanes gave here, asset_class Real Return over strategy Real Estate, both carried by the context-grouping map, the page heading in source_section, the printed dates, and method modified_dietz with fee_basis net from note 2, which states the statistics are computed net of investment management fees using the Modified Dietz Method.; Source review: p3: Real Estate (The row is a strategy component under a fund column; only TOTAL FUND reports the whole fund.)",RESOLVED,A+B+ADJUDICATOR,9b50469c18f58048eba427fe0b3e67dc76ecfd656d6f849979a37c5a1f72af73
fa2631ebe8430b8325c7,SRC594,3,PAIR_AB28EE632BEBF83DE4C4D1CB,CONTEXT_CONFLICT,25,25,source_section|strategy|as_of_date|horizon|basis_raw|method,MERGE,"Page 3 prints Stable Value Hedge Funds / General Endowment Fund as 11.5% and both lanes read it the same. Neither candidate is complete: A files the in-table banner NET OF FEES in source_section, which is reserved for the heading above the table, and B fills strategy with the leaf row label, a value the context-grouping map does not carry under strategy, and leaves method unstated. Merged record takes A's mapped grouping and printed dates, the page heading in source_section, and method modified_dietz with fee_basis net from note 2, which states the statistics are computed net of investment management fees using the Modified Dietz Method, corroborated by the printed NET OF FEES banner.; Source review: p3: Stable Value Hedge Funds (The row is a strategy component under a fund column; only TOTAL FUND reports the whole fund.)",RESOLVED,A+B+ADJUDICATOR,9b50469c18f58048eba427fe0b3e67dc76ecfd656d6f849979a37c5a1f72af73
e5cdbc1dad4e5374477b,SRC594,3,PAIR_85107B04915FBAA913CF7473,CONTEXT_CONFLICT,26,26,source_section|strategy|as_of_date|horizon|basis_raw|method,MERGE,"Page 3 prints Stable Value Hedge Funds / Intermediate Term Fund as 11.5% and both lanes read it the same. Neither candidate is complete: A files the in-table banner NET OF FEES in source_section, which is reserved for the heading above the table, and B fills strategy with the leaf row label, a value the context-grouping map does not carry under strategy, and leaves method unstated. Merged record takes A's mapped grouping and printed dates, the page heading in source_section, and method modified_dietz with fee_basis net from note 2, which states the statistics are computed net of investment management fees using the Modified Dietz Method, corroborated by the printed NET OF FEES banner.; Source review: p3: Stable Value Hedge Funds (The row is a strategy component under a fund column; only TOTAL FUND reports the whole fund.)",RESOLVED,A+B+ADJUDICATOR,9b50469c18f58048eba427fe0b3e67dc76ecfd656d6f849979a37c5a1f72af73
c289595ecc958e014968,SRC594,3,PAIR_EF8ED979DA1DE2059195855C,CONTEXT_CONFLICT,27,27,source_section|strategy|as_of_date|horizon|basis_raw|method,MERGE,"Page 3 prints Stable Value Hedge Funds / Permanent University Fund as 11.7% and both lanes read it the same. Neither candidate is complete: A files the in-table banner NET OF FEES in source_section, which is reserved for the heading above the table, and B fills strategy with the leaf row label, a value the context-grouping map does not carry under strategy, and leaves method unstated. Merged record takes A's mapped grouping and printed dates, the page heading in source_section, and method modified_dietz with fee_basis net from note 2, which states the statistics are computed net of investment management fees using the Modified Dietz Method, corroborated by the printed NET OF FEES banner.; Source review: p3: Stable Value Hedge Funds (The row is a strategy component under a fund column; only TOTAL FUND reports the whole fund.)",RESOLVED,A+B+ADJUDICATOR,9b50469c18f58048eba427fe0b3e67dc76ecfd656d6f849979a37c5a1f72af73
7ca200996e9085e650b5,SRC594,3,PAIR_CF715FA313FE79FCAA1E0CC7,CONTEXT_CONFLICT,28,28,source_section|strategy|as_of_date|horizon|basis_raw|method,MERGE,"Page 3 prints Strategic Partnerships / General Endowment Fund as 11.4% and both lanes read it the same. The row sits outside the three in-table groupings, so asset_class and strategy are correctly blank. Neither candidate is complete: A files the in-table banner NET OF FEES in source_section, which is reserved for the heading above the table, and B fills strategy with the leaf row label, a value the context-grouping map does not carry, and leaves method unstated. Merged record takes the page heading in source_section, the printed dates, and method modified_dietz with fee_basis net from note 2, which states the statistics are computed net of investment management fees using the Modified Dietz Method.; Source review: p3: Strategic Partnerships (The total-fund line differs from its individual strategy components.)",RESOLVED,A+B+ADJUDICATOR,9b50469c18f58048eba427fe0b3e67dc76ecfd656d6f849979a37c5a1f72af73
159a0ec58107c96bf67f,SRC594,3,PAIR_1525F7D41649155C3C0CB226,CONTEXT_CONFLICT,29,29,source_section|strategy|as_of_date|horizon|basis_raw|method,MERGE,"Page 3 prints Strategic Partnerships / Permanent University Fund as 11.4% and both lanes read it the same. The row sits outside the three in-table groupings, so asset_class and strategy are correctly blank. Neither candidate is complete: A files the in-table banner NET OF FEES in source_section, which is reserved for the heading above the table, and B fills strategy with the leaf row label, a value the context-grouping map does not carry, and leaves method unstated. Merged record takes the page heading in source_section, the printed dates, and method modified_dietz with fee_basis net from note 2, which states the statistics are computed net of investment management fees using the Modified Dietz Method.; Source review: p3: Strategic Partnerships (The total-fund line differs from its individual strategy components.)",RESOLVED,A+B+ADJUDICATOR,9b50469c18f58048eba427fe0b3e67dc76ecfd656d6f849979a37c5a1f72af73
86eac2ceae36009cab57,SRC594,3,PAIR_49D158263FBB1C1ED9E4ED49,CONTEXT_CONFLICT,30,30,source_section|strategy|as_of_date|horizon|basis_raw|method,MERGE,"Page 3 prints TOTAL FUND (Net of fees) / General Endowment Fund as 10.0% and both lanes read it the same. The total-fund line sits outside the three in-table groupings, so asset_class and strategy are correctly blank. Neither candidate is complete: A files the in-table banner NET OF FEES in source_section, which is reserved for the heading above the table, and B fills strategy with the row label, a value the context-grouping map does not carry, and leaves method unstated. Merged record takes the page heading in source_section, the printed dates, and method modified_dietz with fee_basis net from note 2 and from the row label itself.; Source review: p3: TOTAL FUND (Net of fees) (The total-fund line differs from its individual strategy components.)",RESOLVED,A+B+ADJUDICATOR,9b50469c18f58048eba427fe0b3e67dc76ecfd656d6f849979a37c5a1f72af73
43beb63da9294b4daf38,SRC594,3,PAIR_02167033D5E04234ED675E4D,CONTEXT_CONFLICT,31,31,source_section|strategy|as_of_date|horizon|basis_raw|method,MERGE,"Page 3 prints TOTAL FUND (Net of fees) / Intermediate Term Fund as 11.3% and both lanes read it the same. The total-fund line sits outside the three in-table groupings, so asset_class and strategy are correctly blank. Neither candidate is complete: A files the in-table banner NET OF FEES in source_section, which is reserved for the heading above the table, and B fills strategy with the row label, a value the context-grouping map does not carry, and leaves method unstated. Merged record takes the page heading in source_section, the printed dates, and method modified_dietz with fee_basis net from note 2 and from the row label itself.; Source review: p3: TOTAL FUND (Net of fees) (The total-fund line differs from its individual strategy components.)",RESOLVED,A+B+ADJUDICATOR,9b50469c18f58048eba427fe0b3e67dc76ecfd656d6f849979a37c5a1f72af73
19e816387fdaaa031339,SRC594,3,PAIR_90B90F6AC1F9D98568623ACA,CONTEXT_CONFLICT,32,32,source_section|strategy|as_of_date|horizon|basis_raw|method,MERGE,"Page 3 prints TOTAL FUND (Net of fees) / Long Term Fund as 10.0% and both lanes read it the same. The total-fund line sits outside the three in-table groupings, so asset_class and strategy are correctly blank, and note 1 states the LTF is presented only in total. Neither candidate is complete: A files the in-table banner NET OF FEES in source_section, which is reserved for the heading above the table, and B fills strategy with the row label, a value the context-grouping map does not carry, and leaves method unstated. Merged record takes the page heading in source_section, the printed dates, and method modified_dietz with fee_basis net from note 2 and from the row label itself.; Source review: p3: TOTAL FUND (Net of fees) (The total-fund line differs from its individual strategy components.)",RESOLVED,A+B+ADJUDICATOR,9b50469c18f58048eba427fe0b3e67dc76ecfd656d6f849979a37c5a1f72af73
5b3412b3283c6c16bd2e,SRC594,3,PAIR_3621C32ED218492286492B24,CONTEXT_CONFLICT,33,33,source_section|strategy|as_of_date|horizon|basis_raw|method,MERGE,"Page 3 prints TOTAL FUND (Net of fees) / Permanent Health Fund as 10.0% and both lanes read it the same. The total-fund line sits outside the three in-table groupings, so asset_class and strategy are correctly blank, and note 1 states the PHF is presented only in total. Neither candidate is complete: A files the in-table banner NET OF FEES in source_section, which is reserved for the heading above the table, and B fills strategy with the row label, a value the context-grouping map does not carry, and leaves method unstated. Merged record takes the page heading in source_section, the printed dates, and method modified_dietz with fee_basis net from note 2 and from the row label itself.; Source review: p3: TOTAL FUND (Net of fees) (The total-fund line differs from its individual strategy components.)",RESOLVED,A+B+ADJUDICATOR,9b50469c18f58048eba427fe0b3e67dc76ecfd656d6f849979a37c5a1f72af73
84f656f4e11b40a92e36,SRC594,3,PAIR_7ABA5EFCBDAB213BB37882CB,CONTEXT_CONFLICT,34,34,source_section|strategy|as_of_date|horizon|basis_raw|method,MERGE,"Page 3 prints TOTAL FUND (Net of fees) / Permanent University Fund as 10.0% and both lanes read it the same. The total-fund line sits outside the three in-table groupings, so asset_class and strategy are correctly blank. Neither candidate is complete: A files the in-table banner NET OF FEES in source_section, which is reserved for the heading above the table, and B fills strategy with the row label, a value the context-grouping map does not carry, and leaves method unstated. Merged record takes the page heading in source_section, the printed dates, and method modified_dietz with fee_basis net from note 2 and from the row label itself.; Source review: p3: TOTAL FUND (Net of fees) (The total-fund line differs from its individual strategy components.)",RESOLVED,A+B+ADJUDICATOR,9b50469c18f58048eba427fe0b3e67dc76ecfd656d6f849979a37c5a1f72af73
914114b1aa2dba24aaf6,SRC594,3,PAIR_3BBE2AD99E98877D1A81D769,CONTEXT_CONFLICT,35,35,source_section|strategy|as_of_date|horizon|basis_raw|method,MERGE,"Page 3 prints Total Global Equity / General Endowment Fund as 12.4% and both lanes read it the same. The line subtotals the Global Equity block, so asset_class Global Equity with strategy blank is the correct grouping. Neither candidate is complete: A files the in-table banner NET OF FEES in source_section, which is reserved for the heading above the table, and B fills strategy with the subtotal label, a value the context-grouping map does not carry, and leaves method unstated. Merged record takes the page heading in source_section, the printed dates, and method modified_dietz with fee_basis net from note 2, which states the statistics are computed net of investment management fees using the Modified Dietz Method.; Source review: p3: Total Global Equity (The row is a strategy component under a fund column; only TOTAL FUND reports the whole fund.)",RESOLVED,A+B+ADJUDICATOR,9b50469c18f58048eba427fe0b3e67dc76ecfd656d6f849979a37c5a1f72af73
580e3757ec5f525ec0c3,SRC594,3,PAIR_1266BE0A9C2EE044EF865CB0,CONTEXT_CONFLICT,36,36,source_section|strategy|as_of_date|horizon|basis_raw|method,MERGE,"Page 3 prints Total Global Equity / Intermediate Term Fund as 15.9% and both lanes read it the same. The line subtotals the Global Equity block, so asset_class Global Equity with strategy blank is the correct grouping. Neither candidate is complete: A files the in-table banner NET OF FEES in source_section, which is reserved for the heading above the table, and B fills strategy with the subtotal label, a value the context-grouping map does not carry, and leaves method unstated. Merged record takes the page heading in source_section, the printed dates, and method modified_dietz with fee_basis net from note 2, which states the statistics are computed net of investment management fees using the Modified Dietz Method.; Source review: p3: Total Global Equity (The row is a strategy component under a fund column; only TOTAL FUND reports the whole fund.)",RESOLVED,A+B+ADJUDICATOR,9b50469c18f58048eba427fe0b3e67dc76ecfd656d6f849979a37c5a1f72af73
d7d1edd407a6b4191c0d,SRC594,3,PAIR_ECA84F650FC2CC9C9338C0DF,CONTEXT_CONFLICT,37,37,source_section|strategy|as_of_date|horizon|basis_raw|method,MERGE,"Page 3 prints Total Global Equity / Permanent University Fund as 12.4% and both lanes read it the same. The line subtotals the Global Equity block, so asset_class Global Equity with strategy blank is the correct grouping. Neither candidate is complete: A files the in-table banner NET OF FEES in source_section, which is reserved for the heading above the table, and B fills strategy with the subtotal label, a value the context-grouping map does not carry, and leaves method unstated. Merged record takes the page heading in source_section, the printed dates, and method modified_dietz with fee_basis net from note 2, which states the statistics are computed net of investment management fees using the Modified Dietz Method.; Source review: p3: Total Global Equity (The row is a strategy component under a fund column; only TOTAL FUND reports the whole fund.)",RESOLVED,A+B+ADJUDICATOR,9b50469c18f58048eba427fe0b3e67dc76ecfd656d6f849979a37c5a1f72af73
587b66f32f6c67c5ccc9,SRC594,3,PAIR_0357A96CF8180635A8D6B869,CONTEXT_CONFLICT,38,38,source_section|strategy|as_of_date|horizon|basis_raw|method,MERGE,"Page 3 prints Total Real Return / General Endowment Fund as 4.7% and both lanes read it the same. The line subtotals the Real Return block, so asset_class Real Return with strategy blank is the correct grouping. Neither candidate is complete: A files the in-table banner NET OF FEES in source_section, which is reserved for the heading above the table, and B fills strategy with the subtotal label, a value the context-grouping map does not carry, and leaves method unstated. Merged record takes the page heading in source_section, the printed dates, and method modified_dietz with fee_basis net from note 2, which states the statistics are computed net of investment management fees using the Modified Dietz Method.; Source review: p3: Total Real Return (The row is a strategy component under a fund column; only TOTAL FUND reports the whole fund.)",RESOLVED,A+B+ADJUDICATOR,9b50469c18f58048eba427fe0b3e67dc76ecfd656d6f849979a37c5a1f72af73
649939d3d981126a9ce7,SRC594,3,PAIR_96A44DC0E70A2812CAF56765,CONTEXT_CONFLICT,39,39,source_section|strategy|as_of_date|horizon|basis_raw|method,MERGE,"Page 3 prints Total Real Return / Intermediate Term Fund as 5.1% and both lanes read it the same. The line subtotals the Real Return block, so asset_class Real Return with strategy blank is the correct grouping. Neither candidate is complete: A files the in-table banner NET OF FEES in source_section, which is reserved for the heading above the table, and B fills strategy with the subtotal label, a value the context-grouping map does not carry, and leaves method unstated. Merged record takes the page heading in source_section, the printed dates, and method modified_dietz with fee_basis net from note 2, which states the statistics are computed net of investment management fees using the Modified Dietz Method.; Source review: p3: Total Real Return (The row is a strategy component under a fund column; only TOTAL FUND reports the whole fund.)",RESOLVED,A+B+ADJUDICATOR,9b50469c18f58048eba427fe0b3e67dc76ecfd656d6f849979a37c5a1f72af73
0cd57e98a7e2ef13ed1d,SRC594,3,PAIR_282EE8467CEE5D60ABE7DAA0,CONTEXT_CONFLICT,40,40,source_section|strategy|as_of_date|horizon|basis_raw|method,MERGE,"Page 3 prints Total Real Return / Permanent University Fund as 4.7% and both lanes read it the same. The line subtotals the Real Return block, so asset_class Real Return with strategy blank is the correct grouping. Neither candidate is complete: A files the in-table banner NET OF FEES in source_section, which is reserved for the heading above the table, and B fills strategy with the subtotal label, a value the context-grouping map does not carry, and leaves method unstated. Merged record takes the page heading in source_section, the printed dates, and method modified_dietz with fee_basis net from note 2, which states the statistics are computed net of investment management fees using the Modified Dietz Method.; Source review: p3: Total Real Return (The row is a strategy component under a fund column; only TOTAL FUND reports the whole fund.)",RESOLVED,A+B+ADJUDICATOR,9b50469c18f58048eba427fe0b3e67dc76ecfd656d6f849979a37c5a1f72af73
65ae318d6363b8c4bac2,SRC594,3,PAIR_ED0B83E788B28439F850032F,CONTEXT_CONFLICT,41,41,source_section|strategy|as_of_date|horizon|basis_raw|method,MERGE,"Page 3 prints Total Stable Value / General Endowment Fund as 6.6% and both lanes read it the same. The line subtotals the Stable Value block, so asset_class Stable Value with strategy blank is the correct grouping. Neither candidate is complete: A files the in-table banner NET OF FEES in source_section, which is reserved for the heading above the table, and B fills strategy with the subtotal label, a value the context-grouping map does not carry, and leaves method unstated. Merged record takes the page heading in source_section, the printed dates, and method modified_dietz with fee_basis net from note 2, which states the statistics are computed net of investment management fees using the Modified Dietz Method.; Source review: p3: Total Stable Value (The row is a strategy component under a fund column; only TOTAL FUND reports the whole fund.)",RESOLVED,A+B+ADJUDICATOR,9b50469c18f58048eba427fe0b3e67dc76ecfd656d6f849979a37c5a1f72af73
1c5f67c30ce8df9fcf3f,SRC594,3,PAIR_1992111232EAE9CF315DE9E6,CONTEXT_CONFLICT,42,42,source_section|strategy|as_of_date|horizon|basis_raw|method,MERGE,"Page 3 prints Total Stable Value / Intermediate Term Fund as 7.2% and both lanes read it the same. The line subtotals the Stable Value block, so asset_class Stable Value with strategy blank is the correct grouping. Neither candidate is complete: A files the in-table banner NET OF FEES in source_section, which is reserved for the heading above the table, and B fills strategy with the subtotal label, a value the context-grouping map does not carry, and leaves method unstated. Merged record takes the page heading in source_section, the printed dates, and method modified_dietz with fee_basis net from note 2, which states the statistics are computed net of investment management fees using the Modified Dietz Method.; Source review: p3: Total Stable Value (The row is a strategy component under a fund column; only TOTAL FUND reports the whole fund.)",RESOLVED,A+B+ADJUDICATOR,9b50469c18f58048eba427fe0b3e67dc76ecfd656d6f849979a37c5a1f72af73
9a3ff1a825be056ad366,SRC594,3,PAIR_19C117666AEECCF29008BFE5,CONTEXT_CONFLICT,43,43,source_section|strategy|as_of_date|horizon|basis_raw|method,MERGE,"Page 3 prints Total Stable Value / Permanent University Fund as 6.7% and both lanes read it the same. The line subtotals the Stable Value block, so asset_class Stable Value with strategy blank is the correct grouping. Neither candidate is complete: A files the in-table banner NET OF FEES in source_section, which is reserved for the heading above the table, and B fills strategy with the subtotal label, a value the context-grouping map does not carry, and leaves method unstated. Merged record takes the page heading in source_section, the printed dates, and method modified_dietz with fee_basis net from note 2, which states the statistics are computed net of investment management fees using the Modified Dietz Method.; Source review: p3: Total Stable Value (The row is a strategy component under a fund column; only TOTAL FUND reports the whole fund.)",RESOLVED,A+B+ADJUDICATOR,9b50469c18f58048eba427fe0b3e67dc76ecfd656d6f849979a37c5a1f72af73
f6f153c59b510fa00ed1,SRC594,4,PAIR_5806BFDC307CCE25F12D1C51,CONTEXT_CONFLICT,44,45,source_structure_type|source_row_label,ACCEPT_A,"Page 4 prints the note heading as 1. ORGANIZATION under the ruled heading NOTES TO STATEMENT OF INVESTMENT PERFORMANCE STATISTICS. A keeps the printed number in source_row_label and types the row FOOTNOTE, which is what a note to a financial statement physically is; B drops the printed number and types it NARRATIVE. Text and evidence are otherwise identical.",RESOLVED,A,9b50469c18f58048eba427fe0b3e67dc76ecfd656d6f849979a37c5a1f72af73
30d0935ce27960d824a7,SRC594,4,PAIR_69D4D542DA36D1A765367F63,A_ONLY,45,,,ACCEPT_A,"The page prints 2. BASIS OF PRESENTATION. This A_ONLY row and the B_ONLY row labelled BASIS OF PRESENTATION are the same printed note under two labels, so one row is published, not two. The A row is taken because it carries the printed number and quotes the full opening line, The accompanying investment performance statistics have been computed net of investment management fees using the Modified Dietz Method.",VERIFIED_ONE_SIDED,A,9b50469c18f58048eba427fe0b3e67dc76ecfd656d6f849979a37c5a1f72af73
df23ebc46d4847c65675,SRC594,5,PAIR_3B0B4D7298F49462E167B43E,VALUE_CONFLICT,46,46,source_structure_type|source_section|text_raw,MERGE,"Page 5 prints where CD is the total number of days in the period; and. Neither candidate is complete: A drops nothing from the wording but types the page FORM and files it under APPENDIX I, while the block is prose under the ruled heading FORMULA FOR MODIFIED DIETZ METHOD, which is the section the other lane and page 4 both use; B has the right structure and section but trims the printed semicolon and the trailing and. Merged record keeps the printed wording in full under NARRATIVE.",RESOLVED,A+B+ADJUDICATOR,9b50469c18f58048eba427fe0b3e67dc76ecfd656d6f849979a37c5a1f72af73
d94ca97e944049a97286,SRC594,5,PAIR_E937780B35317D2597547B69,B_ONLY,,47,,MERGE,"Page 5 prints D is the number of days since the beginning of the period in which cash flow F occurred, with i subscripts, and this row and the rejected A_ONLY row D_i are the same entry. Published once under the label Di; B trims the closing full stop, so the merged record restores the printed wording in full.",RESOLVED,B+ADJUDICATOR,9b50469c18f58048eba427fe0b3e67dc76ecfd656d6f849979a37c5a1f72af73
1d9564634a8434606e96,SRC594,5,PAIR_E6991DF07BACEBBE5074362A,VALUE_CONFLICT,48,48,source_structure_type|source_section|text_raw,MERGE,"Page 5 prints F is the sum of the cash flows within the period (contributions to the portfolio are positive flows, and withdrawals or distributions are negative flows);. A keeps the printed wording in full but types the page FORM under section APPENDIX I; B has the right structure and section but trims the closing semicolon. Merged record keeps the printed wording in full under NARRATIVE.",RESOLVED,A+B+ADJUDICATOR,9b50469c18f58048eba427fe0b3e67dc76ecfd656d6f849979a37c5a1f72af73
c557249c1b7ad2230e3d,SRC594,5,PAIR_DBFD9E566FA9FDE419AA1D00,VALUE_CONFLICT,49,49,source_structure_type|source_section|text_raw,MERGE,Page 5 prints FEES is the sum of investment management fees paid during the period. A keeps the printed wording in full but types the page FORM under section APPENDIX I; B has the right structure and section but trims the closing full stop. Merged record keeps the printed wording in full under NARRATIVE.,RESOLVED,A+B+ADJUDICATOR,9b50469c18f58048eba427fe0b3e67dc76ecfd656d6f849979a37c5a1f72af73
517df4e3d261f7844ca9,SRC594,5,PAIR_863B202832D126F689DF3407,B_ONLY,,50,,ACCEPT_B,"Page 5 prints the displayed formula itself under the label Net of Fees, introduced by The formula for estimating the time-weighted rate of return using the Modified Dietz Method, R DIETZ (net), is:. Only B read it; the page prints it, so the row is right and A missed it. B has it under the correct section and structure.",VERIFIED_ONE_SIDED,B,9b50469c18f58048eba427fe0b3e67dc76ecfd656d6f849979a37c5a1f72af73
011e16e1137131e96cec,SRC594,5,PAIR_96A112A393198FC6A2B05DE4,B_ONLY,,51,,ACCEPT_B,"Page 5 prints a second displayed formula, introduced by The formula for W is:, giving Wi = (CD - Di) / CD. Only B read it; the page prints it, so the row is right and A missed it.",VERIFIED_ONE_SIDED,B,9b50469c18f58048eba427fe0b3e67dc76ecfd656d6f849979a37c5a1f72af73
5add27eaecdc5e12d163,SRC594,5,PAIR_D3B04133ED8FC37AF8F38721,VALUE_CONFLICT,50,52,source_structure_type|source_section|text_raw,MERGE,"Page 5 prints FW is the sum of each cash flow, F , multiplied by its weight, W ; and, with i subscripts. A keeps the semicolon and the trailing and but types the page FORM under section APPENDIX I and writes the subscripts as F_i and W_i; B has the right structure and section but trims the semicolon and the trailing and. Merged record keeps the printed wording in full under NARRATIVE with the subscripts written flat.",RESOLVED,A+B+ADJUDICATOR,9b50469c18f58048eba427fe0b3e67dc76ecfd656d6f849979a37c5a1f72af73
c581eb7cf2e4b8799a7c,SRC594,5,PAIR_5E1AAD9DCD832D02194FB54A,VALUE_CONFLICT,51,53,source_structure_type|source_section|text_raw,MERGE,"Page 5 prints where MVB is the fair value at the beginning of the period, including accrued income from the previous period;. A keeps the printed wording in full but types the page FORM under section APPENDIX I; B has the right structure and section but trims the closing semicolon. Merged record keeps the printed wording in full under NARRATIVE.",RESOLVED,A+B+ADJUDICATOR,9b50469c18f58048eba427fe0b3e67dc76ecfd656d6f849979a37c5a1f72af73
4c33b6c9634fc3e1c989,SRC594,5,PAIR_7EC5F07E959136F433F27EE3,VALUE_CONFLICT,52,54,source_structure_type|source_section|text_raw,MERGE,"Page 5 prints MVE is the fair value at the end of the period, including accrued income for the period;. A keeps the printed wording in full but types the page FORM under section APPENDIX I; B has the right structure and section but trims the closing semicolon. Merged record keeps the printed wording in full under NARRATIVE.",RESOLVED,A+B+ADJUDICATOR,9b50469c18f58048eba427fe0b3e67dc76ecfd656d6f849979a37c5a1f72af73
6c55a3bd95983f85cac6,SRC594,5,PAIR_328930EF69A23945742571EF,VALUE_CONFLICT,53,55,source_structure_type|source_section|source_row_label|text_raw|definition_keys,MERGE,"Page 5 prints W is the proportion of the total number of days in the period that the cash flow F has been in (or out of) the portfolio, with i subscripts. The two lanes labelled the same entry W_i and Wi. Published once under Wi, which adds no character the page does not print, with A's full closing full stop and B's structure and section.",RESOLVED,A+B+ADJUDICATOR,9b50469c18f58048eba427fe0b3e67dc76ecfd656d6f849979a37c5a1f72af73
1f9670e09de5566e2c7d,SRC192,1,PAIR_9432099B8090432F0A57C40E,B_ONLY,,5,,MERGE,"neither lane is complete on this table. source_section takes the running section heading Defined Benefit Investments (Continued) printed at the top of all five pages, which A left blank on every row. source_column_label and metric_name take the printed column header in full (A), not B's truncation of Sales and Redemptions to Redemptions. as_of_date is the printed 2021; December 31 is not printed on this page. currency_scale drops the enclosing parentheses of the printed (dollars in thousands) and is blank on the percentage column, which carries no dollar scale. The Ending Fair Value Balance column closes a beginning-to-ending roll-forward, so ending_capital (B) and not nav (A). Percent of Total Fair Value is each class's share of the fund, printing the same figures the page 2 donut prints as an allocation, so allocation_observation actual_allocation and not fund_economics ownership_percentage. Values keep the printed $ and % with the gap closed; A carries them, B strips them. Totals is the fund aggregate, so subject_type portfolio.",RESOLVED,B+ADJUDICATOR,b3af59d56f279544cb25facf64f5998fc8108300a745dd3fa7a91a63ab855230
c12e47ce2513c77c92ce,SRC192,1,PAIR_D0FEFF2A727639037907E59D,B_ONLY,,11,,MERGE,"neither lane is complete on this table. source_section takes the running section heading Defined Benefit Investments (Continued) printed at the top of all five pages, which A left blank on every row. source_column_label and metric_name take the printed column header in full (A), not B's truncation of Sales and Redemptions to Redemptions. as_of_date is the printed 2021; December 31 is not printed on this page. currency_scale drops the enclosing parentheses of the printed (dollars in thousands) and is blank on the percentage column, which carries no dollar scale. The Ending Fair Value Balance column closes a beginning-to-ending roll-forward, so ending_capital (B) and not nav (A). Percent of Total Fair Value is each class's share of the fund, printing the same figures the page 2 donut prints as an allocation, so allocation_observation actual_allocation and not fund_economics ownership_percentage. Values keep the printed $ and % with the gap closed; A carries them, B strips them. Totals is the fund aggregate, so subject_type portfolio.",RESOLVED,B+ADJUDICATOR,b3af59d56f279544cb25facf64f5998fc8108300a745dd3fa7a91a63ab855230
99a33b399cf57d321a62,SRC192,1,PAIR_E5CB1E77918ADC2E7CECF43D,B_ONLY,,17,,MERGE,"neither lane is complete on this table. source_section takes the running section heading Defined Benefit Investments (Continued) printed at the top of all five pages, which A left blank on every row. source_column_label and metric_name take the printed column header in full (A), not B's truncation of Sales and Redemptions to Redemptions. as_of_date is the printed 2021; December 31 is not printed on this page. currency_scale drops the enclosing parentheses of the printed (dollars in thousands) and is blank on the percentage column, which carries no dollar scale. The Ending Fair Value Balance column closes a beginning-to-ending roll-forward, so ending_capital (B) and not nav (A). Percent of Total Fair Value is each class's share of the fund, printing the same figures the page 2 donut prints as an allocation, so allocation_observation actual_allocation and not fund_economics ownership_percentage. Values keep the printed $ and % with the gap closed; A carries them, B strips them. Totals is the fund aggregate, so subject_type portfolio.",RESOLVED,B+ADJUDICATOR,b3af59d56f279544cb25facf64f5998fc8108300a745dd3fa7a91a63ab855230
bb0ca3a2909b8d5491fa,SRC192,1,PAIR_F50064A67A6B704F111D51CD,B_ONLY,,23,,MERGE,"neither lane is complete on this table. source_section takes the running section heading Defined Benefit Investments (Continued) printed at the top of all five pages, which A left blank on every row. source_column_label and metric_name take the printed column header in full (A), not B's truncation of Sales and Redemptions to Redemptions. as_of_date is the printed 2021; December 31 is not printed on this page. currency_scale drops the enclosing parentheses of the printed (dollars in thousands) and is blank on the percentage column, which carries no dollar scale. The Ending Fair Value Balance column closes a beginning-to-ending roll-forward, so ending_capital (B) and not nav (A). Percent of Total Fair Value is each class's share of the fund, printing the same figures the page 2 donut prints as an allocation, so allocation_observation actual_allocation and not fund_economics ownership_percentage. Values keep the printed $ and % with the gap closed; A carries them, B strips them. Totals is the fund aggregate, so subject_type portfolio.",RESOLVED,B+ADJUDICATOR,b3af59d56f279544cb25facf64f5998fc8108300a745dd3fa7a91a63ab855230
e5efcabe6b6e8f23927d,SRC192,1,PAIR_DB95D87CFD4B2B399CBC2EE3,B_ONLY,,29,,MERGE,"neither lane is complete on this table. source_section takes the running section heading Defined Benefit Investments (Continued) printed at the top of all five pages, which A left blank on every row. source_column_label and metric_name take the printed column header in full (A), not B's truncation of Sales and Redemptions to Redemptions. as_of_date is the printed 2021; December 31 is not printed on this page. currency_scale drops the enclosing parentheses of the printed (dollars in thousands) and is blank on the percentage column, which carries no dollar scale. The Ending Fair Value Balance column closes a beginning-to-ending roll-forward, so ending_capital (B) and not nav (A). Percent of Total Fair Value is each class's share of the fund, printing the same figures the page 2 donut prints as an allocation, so allocation_observation actual_allocation and not fund_economics ownership_percentage. Values keep the printed $ and % with the gap closed; A carries them, B strips them. Totals is the fund aggregate, so subject_type portfolio.",RESOLVED,B+ADJUDICATOR,b3af59d56f279544cb25facf64f5998fc8108300a745dd3fa7a91a63ab855230
d867a56243933aad5595,SRC192,1,PAIR_3984ED87793690F56374E7DC,B_ONLY,,35,,MERGE,"neither lane is complete on this table. source_section takes the running section heading Defined Benefit Investments (Continued) printed at the top of all five pages, which A left blank on every row. source_column_label and metric_name take the printed column header in full (A), not B's truncation of Sales and Redemptions to Redemptions. as_of_date is the printed 2021; December 31 is not printed on this page. currency_scale drops the enclosing parentheses of the printed (dollars in thousands) and is blank on the percentage column, which carries no dollar scale. The Ending Fair Value Balance column closes a beginning-to-ending roll-forward, so ending_capital (B) and not nav (A). Percent of Total Fair Value is each class's share of the fund, printing the same figures the page 2 donut prints as an allocation, so allocation_observation actual_allocation and not fund_economics ownership_percentage. Values keep the printed $ and % with the gap closed; A carries them, B strips them. Totals is the fund aggregate, so subject_type portfolio.",RESOLVED,B+ADJUDICATOR,b3af59d56f279544cb25facf64f5998fc8108300a745dd3fa7a91a63ab855230
e207fed5780da74e7dc0,SRC192,1,PAIR_BEBE7BB06F36BA123AC6CD70,B_ONLY,,41,,MERGE,"neither lane is complete on this table. source_section takes the running section heading Defined Benefit Investments (Continued) printed at the top of all five pages, which A left blank on every row. source_column_label and metric_name take the printed column header in full (A), not B's truncation of Sales and Redemptions to Redemptions. as_of_date is the printed 2021; December 31 is not printed on this page. currency_scale drops the enclosing parentheses of the printed (dollars in thousands) and is blank on the percentage column, which carries no dollar scale. The Ending Fair Value Balance column closes a beginning-to-ending roll-forward, so ending_capital (B) and not nav (A). Percent of Total Fair Value is each class's share of the fund, printing the same figures the page 2 donut prints as an allocation, so allocation_observation actual_allocation and not fund_economics ownership_percentage. Values keep the printed $ and % with the gap closed; A carries them, B strips them. Totals is the fund aggregate, so subject_type portfolio.",RESOLVED,B+ADJUDICATOR,b3af59d56f279544cb25facf64f5998fc8108300a745dd3fa7a91a63ab855230
bbd673d3497362006dc5,SRC192,1,PAIR_6F4B3E9835CE4398D9F8EACC,VALUE_CONFLICT,1,1,source_table|subject_name|portfolio_name|text_raw,MERGE,"neither lane is complete on this table. source_section takes the running section heading Defined Benefit Investments (Continued) printed at the top of all five pages, which A left blank on every row. source_column_label and metric_name take the printed column header in full (A), not B's truncation of Sales and Redemptions to Redemptions. as_of_date is the printed 2021; December 31 is not printed on this page. currency_scale drops the enclosing parentheses of the printed (dollars in thousands) and is blank on the percentage column, which carries no dollar scale. The Ending Fair Value Balance column closes a beginning-to-ending roll-forward, so ending_capital (B) and not nav (A). Percent of Total Fair Value is each class's share of the fund, printing the same figures the page 2 donut prints as an allocation, so allocation_observation actual_allocation and not fund_economics ownership_percentage. Values keep the printed $ and % with the gap closed; A carries them, B strips them. Totals is the fund aggregate, so subject_type portfolio.",RESOLVED,A+B+ADJUDICATOR,b3af59d56f279544cb25facf64f5998fc8108300a745dd3fa7a91a63ab855230
0c108caba036e43b7074,SRC192,1,PAIR_9899034E3226F9ED7FC65ABC,CONTEXT_CONFLICT,2,2,source_section|as_of_date|currency_scale|metric_name,MERGE,"neither lane is complete on this table. source_section takes the running section heading Defined Benefit Investments (Continued) printed at the top of all five pages, which A left blank on every row. source_column_label and metric_name take the printed column header in full (A), not B's truncation of Sales and Redemptions to Redemptions. as_of_date is the printed 2021; December 31 is not printed on this page. currency_scale drops the enclosing parentheses of the printed (dollars in thousands) and is blank on the percentage column, which carries no dollar scale. The Ending Fair Value Balance column closes a beginning-to-ending roll-forward, so ending_capital (B) and not nav (A). Percent of Total Fair Value is each class's share of the fund, printing the same figures the page 2 donut prints as an allocation, so allocation_observation actual_allocation and not fund_economics ownership_percentage. Values keep the printed $ and % with the gap closed; A carries them, B strips them. Totals is the fund aggregate, so subject_type portfolio. Definition backfill: both lanes read the same qualifiers off this cell. Definition backfill: both lanes read the same qualifiers off this cell.",RESOLVED,A+B+ADJUDICATOR,b3af59d56f279544cb25facf64f5998fc8108300a745dd3fa7a91a63ab855230
405bf697ce4eff60acc0,SRC192,1,PAIR_98274A77BC407C4226956C90,CLASSIFICATION_CONFLICT,3,3,source_section|as_of_date|currency_scale|metric_category|metric_name,MERGE,"neither lane is complete on this table. source_section takes the running section heading Defined Benefit Investments (Continued) printed at the top of all five pages, which A left blank on every row. source_column_label and metric_name take the printed column header in full (A), not B's truncation of Sales and Redemptions to Redemptions. as_of_date is the printed 2021; December 31 is not printed on this page. currency_scale drops the enclosing parentheses of the printed (dollars in thousands) and is blank on the percentage column, which carries no dollar scale. The Ending Fair Value Balance column closes a beginning-to-ending roll-forward, so ending_capital (B) and not nav (A). Percent of Total Fair Value is each class's share of the fund, printing the same figures the page 2 donut prints as an allocation, so allocation_observation actual_allocation and not fund_economics ownership_percentage. Values keep the printed $ and % with the gap closed; A carries them, B strips them. Totals is the fund aggregate, so subject_type portfolio. Definition backfill: both lanes read the same qualifiers off this cell. Definition backfill: both lanes read the same qualifiers off this cell.",RESOLVED,A+B+ADJUDICATOR,b3af59d56f279544cb25facf64f5998fc8108300a745dd3fa7a91a63ab855230
f01ea32bd121f3c056bc,SRC192,1,PAIR_4792CF8E321E0340E58F1696,CONTEXT_CONFLICT,4,4,source_section|as_of_date|currency_scale,MERGE,"neither lane is complete on this table. source_section takes the running section heading Defined Benefit Investments (Continued) printed at the top of all five pages, which A left blank on every row. source_column_label and metric_name take the printed column header in full (A), not B's truncation of Sales and Redemptions to Redemptions. as_of_date is the printed 2021; December 31 is not printed on this page. currency_scale drops the enclosing parentheses of the printed (dollars in thousands) and is blank on the percentage column, which carries no dollar scale. The Ending Fair Value Balance column closes a beginning-to-ending roll-forward, so ending_capital (B) and not nav (A). Percent of Total Fair Value is each class's share of the fund, printing the same figures the page 2 donut prints as an allocation, so allocation_observation actual_allocation and not fund_economics ownership_percentage. Values keep the printed $ and % with the gap closed; A carries them, B strips them. Totals is the fund aggregate, so subject_type portfolio.",RESOLVED,A+B+ADJUDICATOR,b3af59d56f279544cb25facf64f5998fc8108300a745dd3fa7a91a63ab855230
6b66a1cb28e84433133d,SRC192,1,PAIR_6142141199BBFF4FE508D8F1,CONTEXT_CONFLICT,5,6,source_section|as_of_date|currency_scale,MERGE,"neither lane is complete on this table. source_section takes the running section heading Defined Benefit Investments (Continued) printed at the top of all five pages, which A left blank on every row. source_column_label and metric_name take the printed column header in full (A), not B's truncation of Sales and Redemptions to Redemptions. as_of_date is the printed 2021; December 31 is not printed on this page. currency_scale drops the enclosing parentheses of the printed (dollars in thousands) and is blank on the percentage column, which carries no dollar scale. The Ending Fair Value Balance column closes a beginning-to-ending roll-forward, so ending_capital (B) and not nav (A). Percent of Total Fair Value is each class's share of the fund, printing the same figures the page 2 donut prints as an allocation, so allocation_observation actual_allocation and not fund_economics ownership_percentage. Values keep the printed $ and % with the gap closed; A carries them, B strips them. Totals is the fund aggregate, so subject_type portfolio.",RESOLVED,A+B+ADJUDICATOR,b3af59d56f279544cb25facf64f5998fc8108300a745dd3fa7a91a63ab855230
1e61386f7c77429bb995,SRC192,1,PAIR_40F1F4EF1056B5582F1BB4FD,CONTEXT_CONFLICT,6,7,source_section|source_column_label|as_of_date|currency_scale|metric_name,MERGE,"neither lane is complete on this table. source_section takes the running section heading Defined Benefit Investments (Continued) printed at the top of all five pages, which A left blank on every row. source_column_label and metric_name take the printed column header in full (A), not B's truncation of Sales and Redemptions to Redemptions. as_of_date is the printed 2021; December 31 is not printed on this page. currency_scale drops the enclosing parentheses of the printed (dollars in thousands) and is blank on the percentage column, which carries no dollar scale. The Ending Fair Value Balance column closes a beginning-to-ending roll-forward, so ending_capital (B) and not nav (A). Percent of Total Fair Value is each class's share of the fund, printing the same figures the page 2 donut prints as an allocation, so allocation_observation actual_allocation and not fund_economics ownership_percentage. Values keep the printed $ and % with the gap closed; A carries them, B strips them. Totals is the fund aggregate, so subject_type portfolio.",RESOLVED,A+B+ADJUDICATOR,b3af59d56f279544cb25facf64f5998fc8108300a745dd3fa7a91a63ab855230
26f261901cf98cbcc4f1,SRC192,1,PAIR_439A350560C16CE7970D392F,CONTEXT_CONFLICT,7,8,source_section|as_of_date|currency_scale|metric_name,MERGE,"neither lane is complete on this table. source_section takes the running section heading Defined Benefit Investments (Continued) printed at the top of all five pages, which A left blank on every row. source_column_label and metric_name take the printed column header in full (A), not B's truncation of Sales and Redemptions to Redemptions. as_of_date is the printed 2021; December 31 is not printed on this page. currency_scale drops the enclosing parentheses of the printed (dollars in thousands) and is blank on the percentage column, which carries no dollar scale. The Ending Fair Value Balance column closes a beginning-to-ending roll-forward, so ending_capital (B) and not nav (A). Percent of Total Fair Value is each class's share of the fund, printing the same figures the page 2 donut prints as an allocation, so allocation_observation actual_allocation and not fund_economics ownership_percentage. Values keep the printed $ and % with the gap closed; A carries them, B strips them. Totals is the fund aggregate, so subject_type portfolio. Definition backfill: both lanes read the same qualifiers off this cell. Definition backfill: both lanes read the same qualifiers off this cell.",RESOLVED,A+B+ADJUDICATOR,b3af59d56f279544cb25facf64f5998fc8108300a745dd3fa7a91a63ab855230
f0dddba404d26813e243,SRC192,1,PAIR_A643B132108579E19D5CEFE9,CLASSIFICATION_CONFLICT,8,9,source_section|as_of_date|currency_scale|metric_category|metric_name,MERGE,"neither lane is complete on this table. source_section takes the running section heading Defined Benefit Investments (Continued) printed at the top of all five pages, which A left blank on every row. source_column_label and metric_name take the printed column header in full (A), not B's truncation of Sales and Redemptions to Redemptions. as_of_date is the printed 2021; December 31 is not printed on this page. currency_scale drops the enclosing parentheses of the printed (dollars in thousands) and is blank on the percentage column, which carries no dollar scale. The Ending Fair Value Balance column closes a beginning-to-ending roll-forward, so ending_capital (B) and not nav (A). Percent of Total Fair Value is each class's share of the fund, printing the same figures the page 2 donut prints as an allocation, so allocation_observation actual_allocation and not fund_economics ownership_percentage. Values keep the printed $ and % with the gap closed; A carries them, B strips them. Totals is the fund aggregate, so subject_type portfolio. Definition backfill: both lanes read the same qualifiers off this cell. Definition backfill: both lanes read the same qualifiers off this cell.",RESOLVED,A+B+ADJUDICATOR,b3af59d56f279544cb25facf64f5998fc8108300a745dd3fa7a91a63ab855230
0c46f84731f1244d7e5f,SRC192,1,PAIR_150DA253760207DFDC36073F,CONTEXT_CONFLICT,9,10,source_section|as_of_date|currency_scale,MERGE,"neither lane is complete on this table. source_section takes the running section heading Defined Benefit Investments (Continued) printed at the top of all five pages, which A left blank on every row. source_column_label and metric_name take the printed column header in full (A), not B's truncation of Sales and Redemptions to Redemptions. as_of_date is the printed 2021; December 31 is not printed on this page. currency_scale drops the enclosing parentheses of the printed (dollars in thousands) and is blank on the percentage column, which carries no dollar scale. The Ending Fair Value Balance column closes a beginning-to-ending roll-forward, so ending_capital (B) and not nav (A). Percent of Total Fair Value is each class's share of the fund, printing the same figures the page 2 donut prints as an allocation, so allocation_observation actual_allocation and not fund_economics ownership_percentage. Values keep the printed $ and % with the gap closed; A carries them, B strips them. Totals is the fund aggregate, so subject_type portfolio.",RESOLVED,A+B+ADJUDICATOR,b3af59d56f279544cb25facf64f5998fc8108300a745dd3fa7a91a63ab855230
dee9d8d11c79f3d4b7fe,SRC192,1,PAIR_0940897D43ABB648FE999334,CONTEXT_CONFLICT,10,12,source_section|as_of_date|currency_scale,MERGE,"neither lane is complete on this table. source_section takes the running section heading Defined Benefit Investments (Continued) printed at the top of all five pages, which A left blank on every row. source_column_label and metric_name take the printed column header in full (A), not B's truncation of Sales and Redemptions to Redemptions. as_of_date is the printed 2021; December 31 is not printed on this page. currency_scale drops the enclosing parentheses of the printed (dollars in thousands) and is blank on the percentage column, which carries no dollar scale. The Ending Fair Value Balance column closes a beginning-to-ending roll-forward, so ending_capital (B) and not nav (A). Percent of Total Fair Value is each class's share of the fund, printing the same figures the page 2 donut prints as an allocation, so allocation_observation actual_allocation and not fund_economics ownership_percentage. Values keep the printed $ and % with the gap closed; A carries them, B strips them. Totals is the fund aggregate, so subject_type portfolio.",RESOLVED,A+B+ADJUDICATOR,b3af59d56f279544cb25facf64f5998fc8108300a745dd3fa7a91a63ab855230
d43c785e18786a814ae4,SRC192,1,PAIR_82BE4FB6DFDD6EB581D7A34E,CONTEXT_CONFLICT,11,13,source_section|source_column_label|as_of_date|currency_scale|metric_name,MERGE,"neither lane is complete on this table. source_section takes the running section heading Defined Benefit Investments (Continued) printed at the top of all five pages, which A left blank on every row. source_column_label and metric_name take the printed column header in full (A), not B's truncation of Sales and Redemptions to Redemptions. as_of_date is the printed 2021; December 31 is not printed on this page. currency_scale drops the enclosing parentheses of the printed (dollars in thousands) and is blank on the percentage column, which carries no dollar scale. The Ending Fair Value Balance column closes a beginning-to-ending roll-forward, so ending_capital (B) and not nav (A). Percent of Total Fair Value is each class's share of the fund, printing the same figures the page 2 donut prints as an allocation, so allocation_observation actual_allocation and not fund_economics ownership_percentage. Values keep the printed $ and % with the gap closed; A carries them, B strips them. Totals is the fund aggregate, so subject_type portfolio.",RESOLVED,A+B+ADJUDICATOR,b3af59d56f279544cb25facf64f5998fc8108300a745dd3fa7a91a63ab855230
9e16f15866ae67cdcdaf,SRC192,1,PAIR_D981D7959E683377CA0BE3D4,CONTEXT_CONFLICT,12,14,source_section|as_of_date|currency_scale|metric_name,MERGE,"neither lane is complete on this table. source_section takes the running section heading Defined Benefit Investments (Continued) printed at the top of all five pages, which A left blank on every row. source_column_label and metric_name take the printed column header in full (A), not B's truncation of Sales and Redemptions to Redemptions. as_of_date is the printed 2021; December 31 is not printed on this page. currency_scale drops the enclosing parentheses of the printed (dollars in thousands) and is blank on the percentage column, which carries no dollar scale. The Ending Fair Value Balance column closes a beginning-to-ending roll-forward, so ending_capital (B) and not nav (A). Percent of Total Fair Value is each class's share of the fund, printing the same figures the page 2 donut prints as an allocation, so allocation_observation actual_allocation and not fund_economics ownership_percentage. Values keep the printed $ and % with the gap closed; A carries them, B strips them. Totals is the fund aggregate, so subject_type portfolio. Definition backfill: both lanes read the same qualifiers off this cell. Definition backfill: both lanes read the same qualifiers off this cell.",RESOLVED,A+B+ADJUDICATOR,b3af59d56f279544cb25facf64f5998fc8108300a745dd3fa7a91a63ab855230
c090d14aae49989b2bd8,SRC192,1,PAIR_A4B5CB1D41180976AF29BE74,CLASSIFICATION_CONFLICT,13,15,source_section|as_of_date|currency_scale|metric_category|metric_name,MERGE,"neither lane is complete on this table. source_section takes the running section heading Defined Benefit Investments (Continued) printed at the top of all five pages, which A left blank on every row. source_column_label and metric_name take the printed column header in full (A), not B's truncation of Sales and Redemptions to Redemptions. as_of_date is the printed 2021; December 31 is not printed on this page. currency_scale drops the enclosing parentheses of the printed (dollars in thousands) and is blank on the percentage column, which carries no dollar scale. The Ending Fair Value Balance column closes a beginning-to-ending roll-forward, so ending_capital (B) and not nav (A). Percent of Total Fair Value is each class's share of the fund, printing the same figures the page 2 donut prints as an allocation, so allocation_observation actual_allocation and not fund_economics ownership_percentage. Values keep the printed $ and % with the gap closed; A carries them, B strips them. Totals is the fund aggregate, so subject_type portfolio. Definition backfill: both lanes read the same qualifiers off this cell. Definition backfill: both lanes read the same qualifiers off this cell.",RESOLVED,A+B+ADJUDICATOR,b3af59d56f279544cb25facf64f5998fc8108300a745dd3fa7a91a63ab855230
b4a8d159d3818a05e1c5,SRC192,1,PAIR_C90FD23D472BA513C503F6D5,CONTEXT_CONFLICT,14,16,source_section|as_of_date|currency_scale,MERGE,"neither lane is complete on this table. source_section takes the running section heading Defined Benefit Investments (Continued) printed at the top of all five pages, which A left blank on every row. source_column_label and metric_name take the printed column header in full (A), not B's truncation of Sales and Redemptions to Redemptions. as_of_date is the printed 2021; December 31 is not printed on this page. currency_scale drops the enclosing parentheses of the printed (dollars in thousands) and is blank on the percentage column, which carries no dollar scale. The Ending Fair Value Balance column closes a beginning-to-ending roll-forward, so ending_capital (B) and not nav (A). Percent of Total Fair Value is each class's share of the fund, printing the same figures the page 2 donut prints as an allocation, so allocation_observation actual_allocation and not fund_economics ownership_percentage. Values keep the printed $ and % with the gap closed; A carries them, B strips them. Totals is the fund aggregate, so subject_type portfolio.",RESOLVED,A+B+ADJUDICATOR,b3af59d56f279544cb25facf64f5998fc8108300a745dd3fa7a91a63ab855230
2727f30b5237f170ae13,SRC192,1,PAIR_557A53D705A1608E78417DC9,CONTEXT_CONFLICT,15,18,source_section|as_of_date|currency_scale,MERGE,"neither lane is complete on this table. source_section takes the running section heading Defined Benefit Investments (Continued) printed at the top of all five pages, which A left blank on every row. source_column_label and metric_name take the printed column header in full (A), not B's truncation of Sales and Redemptions to Redemptions. as_of_date is the printed 2021; December 31 is not printed on this page. currency_scale drops the enclosing parentheses of the printed (dollars in thousands) and is blank on the percentage column, which carries no dollar scale. The Ending Fair Value Balance column closes a beginning-to-ending roll-forward, so ending_capital (B) and not nav (A). Percent of Total Fair Value is each class's share of the fund, printing the same figures the page 2 donut prints as an allocation, so allocation_observation actual_allocation and not fund_economics ownership_percentage. Values keep the printed $ and % with the gap closed; A carries them, B strips them. Totals is the fund aggregate, so subject_type portfolio.",RESOLVED,A+B+ADJUDICATOR,b3af59d56f279544cb25facf64f5998fc8108300a745dd3fa7a91a63ab855230
ff66129b6e8af2d12676,SRC192,1,PAIR_70E239B7D0A1B65CC5ED678B,CONTEXT_CONFLICT,16,19,source_section|source_column_label|as_of_date|currency_scale|metric_name,MERGE,"neither lane is complete on this table. source_section takes the running section heading Defined Benefit Investments (Continued) printed at the top of all five pages, which A left blank on every row. source_column_label and metric_name take the printed column header in full (A), not B's truncation of Sales and Redemptions to Redemptions. as_of_date is the printed 2021; December 31 is not printed on this page. currency_scale drops the enclosing parentheses of the printed (dollars in thousands) and is blank on the percentage column, which carries no dollar scale. The Ending Fair Value Balance column closes a beginning-to-ending roll-forward, so ending_capital (B) and not nav (A). Percent of Total Fair Value is each class's share of the fund, printing the same figures the page 2 donut prints as an allocation, so allocation_observation actual_allocation and not fund_economics ownership_percentage. Values keep the printed $ and % with the gap closed; A carries them, B strips them. Totals is the fund aggregate, so subject_type portfolio.",RESOLVED,A+B+ADJUDICATOR,b3af59d56f279544cb25facf64f5998fc8108300a745dd3fa7a91a63ab855230
c44dac0884ee290f05f8,SRC192,1,PAIR_130E25712C1B165BD05995F7,CONTEXT_CONFLICT,17,20,source_section|as_of_date|currency_scale|metric_name,MERGE,"neither lane is complete on this table. source_section takes the running section heading Defined Benefit Investments (Continued) printed at the top of all five pages, which A left blank on every row. source_column_label and metric_name take the printed column header in full (A), not B's truncation of Sales and Redemptions to Redemptions. as_of_date is the printed 2021; December 31 is not printed on this page. currency_scale drops the enclosing parentheses of the printed (dollars in thousands) and is blank on the percentage column, which carries no dollar scale. The Ending Fair Value Balance column closes a beginning-to-ending roll-forward, so ending_capital (B) and not nav (A). Percent of Total Fair Value is each class's share of the fund, printing the same figures the page 2 donut prints as an allocation, so allocation_observation actual_allocation and not fund_economics ownership_percentage. Values keep the printed $ and % with the gap closed; A carries them, B strips them. Totals is the fund aggregate, so subject_type portfolio. Definition backfill: both lanes read the same qualifiers off this cell. Definition backfill: both lanes read the same qualifiers off this cell.",RESOLVED,A+B+ADJUDICATOR,b3af59d56f279544cb25facf64f5998fc8108300a745dd3fa7a91a63ab855230
32e1a4c6224cf7da52c0,SRC192,1,PAIR_04CE49C8313F8B5DC7D6B620,CLASSIFICATION_CONFLICT,18,21,source_section|as_of_date|currency_scale|metric_category|metric_name,MERGE,"neither lane is complete on this table. source_section takes the running section heading Defined Benefit Investments (Continued) printed at the top of all five pages, which A left blank on every row. source_column_label and metric_name take the printed column header in full (A), not B's truncation of Sales and Redemptions to Redemptions. as_of_date is the printed 2021; December 31 is not printed on this page. currency_scale drops the enclosing parentheses of the printed (dollars in thousands) and is blank on the percentage column, which carries no dollar scale. The Ending Fair Value Balance column closes a beginning-to-ending roll-forward, so ending_capital (B) and not nav (A). Percent of Total Fair Value is each class's share of the fund, printing the same figures the page 2 donut prints as an allocation, so allocation_observation actual_allocation and not fund_economics ownership_percentage. Values keep the printed $ and % with the gap closed; A carries them, B strips them. Totals is the fund aggregate, so subject_type portfolio. Definition backfill: both lanes read the same qualifiers off this cell. Definition backfill: both lanes read the same qualifiers off this cell.",RESOLVED,A+B+ADJUDICATOR,b3af59d56f279544cb25facf64f5998fc8108300a745dd3fa7a91a63ab855230
cc2ec8d7e33af9164974,SRC192,1,PAIR_68B7B355ACED1626F0352CE2,CONTEXT_CONFLICT,19,22,source_section|as_of_date|currency_scale,MERGE,"neither lane is complete on this table. source_section takes the running section heading Defined Benefit Investments (Continued) printed at the top of all five pages, which A left blank on every row. source_column_label and metric_name take the printed column header in full (A), not B's truncation of Sales and Redemptions to Redemptions. as_of_date is the printed 2021; December 31 is not printed on this page. currency_scale drops the enclosing parentheses of the printed (dollars in thousands) and is blank on the percentage column, which carries no dollar scale. The Ending Fair Value Balance column closes a beginning-to-ending roll-forward, so ending_capital (B) and not nav (A). Percent of Total Fair Value is each class's share of the fund, printing the same figures the page 2 donut prints as an allocation, so allocation_observation actual_allocation and not fund_economics ownership_percentage. Values keep the printed $ and % with the gap closed; A carries them, B strips them. Totals is the fund aggregate, so subject_type portfolio.",RESOLVED,A+B+ADJUDICATOR,b3af59d56f279544cb25facf64f5998fc8108300a745dd3fa7a91a63ab855230
2f2b120ccea9596ee6f0,SRC192,1,PAIR_2835994523FCBC41842F125B,CONTEXT_CONFLICT,20,24,source_section|as_of_date|currency_scale,MERGE,"neither lane is complete on this table. source_section takes the running section heading Defined Benefit Investments (Continued) printed at the top of all five pages, which A left blank on every row. source_column_label and metric_name take the printed column header in full (A), not B's truncation of Sales and Redemptions to Redemptions. as_of_date is the printed 2021; December 31 is not printed on this page. currency_scale drops the enclosing parentheses of the printed (dollars in thousands) and is blank on the percentage column, which carries no dollar scale. The Ending Fair Value Balance column closes a beginning-to-ending roll-forward, so ending_capital (B) and not nav (A). Percent of Total Fair Value is each class's share of the fund, printing the same figures the page 2 donut prints as an allocation, so allocation_observation actual_allocation and not fund_economics ownership_percentage. Values keep the printed $ and % with the gap closed; A carries them, B strips them. Totals is the fund aggregate, so subject_type portfolio.",RESOLVED,A+B+ADJUDICATOR,b3af59d56f279544cb25facf64f5998fc8108300a745dd3fa7a91a63ab855230
aaca44edd3cd0f0207b4,SRC192,1,PAIR_EACEDA7F327AAFA211E1452D,CONTEXT_CONFLICT,21,25,source_section|source_column_label|as_of_date|currency_scale|metric_name,MERGE,"neither lane is complete on this table. source_section takes the running section heading Defined Benefit Investments (Continued) printed at the top of all five pages, which A left blank on every row. source_column_label and metric_name take the printed column header in full (A), not B's truncation of Sales and Redemptions to Redemptions. as_of_date is the printed 2021; December 31 is not printed on this page. currency_scale drops the enclosing parentheses of the printed (dollars in thousands) and is blank on the percentage column, which carries no dollar scale. The Ending Fair Value Balance column closes a beginning-to-ending roll-forward, so ending_capital (B) and not nav (A). Percent of Total Fair Value is each class's share of the fund, printing the same figures the page 2 donut prints as an allocation, so allocation_observation actual_allocation and not fund_economics ownership_percentage. Values keep the printed $ and % with the gap closed; A carries them, B strips them. Totals is the fund aggregate, so subject_type portfolio.",RESOLVED,A+B+ADJUDICATOR,b3af59d56f279544cb25facf64f5998fc8108300a745dd3fa7a91a63ab855230
85f3a37e24b71c213afb,SRC192,1,PAIR_D9DBB37C1C35727B81243579,CONTEXT_CONFLICT,22,26,source_section|as_of_date|currency_scale|metric_name,MERGE,"neither lane is complete on this table. source_section takes the running section heading Defined Benefit Investments (Continued) printed at the top of all five pages, which A left blank on every row. source_column_label and metric_name take the printed column header in full (A), not B's truncation of Sales and Redemptions to Redemptions. as_of_date is the printed 2021; December 31 is not printed on this page. currency_scale drops the enclosing parentheses of the printed (dollars in thousands) and is blank on the percentage column, which carries no dollar scale. The Ending Fair Value Balance column closes a beginning-to-ending roll-forward, so ending_capital (B) and not nav (A). Percent of Total Fair Value is each class's share of the fund, printing the same figures the page 2 donut prints as an allocation, so allocation_observation actual_allocation and not fund_economics ownership_percentage. Values keep the printed $ and % with the gap closed; A carries them, B strips them. Totals is the fund aggregate, so subject_type portfolio. Definition backfill: both lanes read the same qualifiers off this cell. Definition backfill: both lanes read the same qualifiers off this cell.",RESOLVED,A+B+ADJUDICATOR,b3af59d56f279544cb25facf64f5998fc8108300a745dd3fa7a91a63ab855230
3dabf82bd3a624d0ed0f,SRC192,1,PAIR_AD549349EB463CDC1930C737,CLASSIFICATION_CONFLICT,23,27,source_section|as_of_date|currency_scale|metric_category|metric_name,MERGE,"neither lane is complete on this table. source_section takes the running section heading Defined Benefit Investments (Continued) printed at the top of all five pages, which A left blank on every row. source_column_label and metric_name take the printed column header in full (A), not B's truncation of Sales and Redemptions to Redemptions. as_of_date is the printed 2021; December 31 is not printed on this page. currency_scale drops the enclosing parentheses of the printed (dollars in thousands) and is blank on the percentage column, which carries no dollar scale. The Ending Fair Value Balance column closes a beginning-to-ending roll-forward, so ending_capital (B) and not nav (A). Percent of Total Fair Value is each class's share of the fund, printing the same figures the page 2 donut prints as an allocation, so allocation_observation actual_allocation and not fund_economics ownership_percentage. Values keep the printed $ and % with the gap closed; A carries them, B strips them. Totals is the fund aggregate, so subject_type portfolio. Definition backfill: both lanes read the same qualifiers off this cell. Definition backfill: both lanes read the same qualifiers off this cell.",RESOLVED,A+B+ADJUDICATOR,b3af59d56f279544cb25facf64f5998fc8108300a745dd3fa7a91a63ab855230
005a745cfe379931763c,SRC192,1,PAIR_08D686DCD17CBFB43BA99E2C,CONTEXT_CONFLICT,24,28,source_section|as_of_date|currency_scale,MERGE,"neither lane is complete on this table. source_section takes the running section heading Defined Benefit Investments (Continued) printed at the top of all five pages, which A left blank on every row. source_column_label and metric_name take the printed column header in full (A), not B's truncation of Sales and Redemptions to Redemptions. as_of_date is the printed 2021; December 31 is not printed on this page. currency_scale drops the enclosing parentheses of the printed (dollars in thousands) and is blank on the percentage column, which carries no dollar scale. The Ending Fair Value Balance column closes a beginning-to-ending roll-forward, so ending_capital (B) and not nav (A). Percent of Total Fair Value is each class's share of the fund, printing the same figures the page 2 donut prints as an allocation, so allocation_observation actual_allocation and not fund_economics ownership_percentage. Values keep the printed $ and % with the gap closed; A carries them, B strips them. Totals is the fund aggregate, so subject_type portfolio.",RESOLVED,A+B+ADJUDICATOR,b3af59d56f279544cb25facf64f5998fc8108300a745dd3fa7a91a63ab855230
cc91e2cc2463cb484c5a,SRC192,1,PAIR_2775BF46D9C8FBEB416BD83F,CONTEXT_CONFLICT,25,30,source_section|as_of_date|currency_scale,MERGE,"neither lane is complete on this table. source_section takes the running section heading Defined Benefit Investments (Continued) printed at the top of all five pages, which A left blank on every row. source_column_label and metric_name take the printed column header in full (A), not B's truncation of Sales and Redemptions to Redemptions. as_of_date is the printed 2021; December 31 is not printed on this page. currency_scale drops the enclosing parentheses of the printed (dollars in thousands) and is blank on the percentage column, which carries no dollar scale. The Ending Fair Value Balance column closes a beginning-to-ending roll-forward, so ending_capital (B) and not nav (A). Percent of Total Fair Value is each class's share of the fund, printing the same figures the page 2 donut prints as an allocation, so allocation_observation actual_allocation and not fund_economics ownership_percentage. Values keep the printed $ and % with the gap closed; A carries them, B strips them. Totals is the fund aggregate, so subject_type portfolio.",RESOLVED,A+B+ADJUDICATOR,b3af59d56f279544cb25facf64f5998fc8108300a745dd3fa7a91a63ab855230
e42759648b7aaf0258f6,SRC192,1,PAIR_EA8388D05472BA16A0BD4445,CONTEXT_CONFLICT,26,31,source_section|source_column_label|as_of_date|currency_scale|metric_name,MERGE,"neither lane is complete on this table. source_section takes the running section heading Defined Benefit Investments (Continued) printed at the top of all five pages, which A left blank on every row. source_column_label and metric_name take the printed column header in full (A), not B's truncation of Sales and Redemptions to Redemptions. as_of_date is the printed 2021; December 31 is not printed on this page. currency_scale drops the enclosing parentheses of the printed (dollars in thousands) and is blank on the percentage column, which carries no dollar scale. The Ending Fair Value Balance column closes a beginning-to-ending roll-forward, so ending_capital (B) and not nav (A). Percent of Total Fair Value is each class's share of the fund, printing the same figures the page 2 donut prints as an allocation, so allocation_observation actual_allocation and not fund_economics ownership_percentage. Values keep the printed $ and % with the gap closed; A carries them, B strips them. Totals is the fund aggregate, so subject_type portfolio.",RESOLVED,A+B+ADJUDICATOR,b3af59d56f279544cb25facf64f5998fc8108300a745dd3fa7a91a63ab855230
b6cecdbd2808f7ba7d40,SRC192,1,PAIR_6FEA494684B4FD87A1E8D786,VALUE_CONFLICT,27,32,source_section|as_of_date|currency_scale|metric_name|metric_value_raw,MERGE,"neither lane is complete on this table. source_section takes the running section heading Defined Benefit Investments (Continued) printed at the top of all five pages, which A left blank on every row. source_column_label and metric_name take the printed column header in full (A), not B's truncation of Sales and Redemptions to Redemptions. as_of_date is the printed 2021; December 31 is not printed on this page. currency_scale drops the enclosing parentheses of the printed (dollars in thousands) and is blank on the percentage column, which carries no dollar scale. The Ending Fair Value Balance column closes a beginning-to-ending roll-forward, so ending_capital (B) and not nav (A). Percent of Total Fair Value is each class's share of the fund, printing the same figures the page 2 donut prints as an allocation, so allocation_observation actual_allocation and not fund_economics ownership_percentage. Values keep the printed $ and % with the gap closed; A carries them, B strips them. Totals is the fund aggregate, so subject_type portfolio. Definition backfill: both lanes read the same qualifiers off this cell. Definition backfill: both lanes read the same qualifiers off this cell.",RESOLVED,A+B+ADJUDICATOR,b3af59d56f279544cb25facf64f5998fc8108300a745dd3fa7a91a63ab855230
b85d92759cf72763a38d,SRC192,1,PAIR_3077156BB201206497EF7A0D,CLASSIFICATION_CONFLICT,28,33,source_section|as_of_date|currency_scale|metric_category|metric_name,MERGE,"neither lane is complete on this table. source_section takes the running section heading Defined Benefit Investments (Continued) printed at the top of all five pages, which A left blank on every row. source_column_label and metric_name take the printed column header in full (A), not B's truncation of Sales and Redemptions to Redemptions. as_of_date is the printed 2021; December 31 is not printed on this page. currency_scale drops the enclosing parentheses of the printed (dollars in thousands) and is blank on the percentage column, which carries no dollar scale. The Ending Fair Value Balance column closes a beginning-to-ending roll-forward, so ending_capital (B) and not nav (A). Percent of Total Fair Value is each class's share of the fund, printing the same figures the page 2 donut prints as an allocation, so allocation_observation actual_allocation and not fund_economics ownership_percentage. Values keep the printed $ and % with the gap closed; A carries them, B strips them. Totals is the fund aggregate, so subject_type portfolio. Definition backfill: both lanes read the same qualifiers off this cell. Definition backfill: both lanes read the same qualifiers off this cell.",RESOLVED,A+B+ADJUDICATOR,b3af59d56f279544cb25facf64f5998fc8108300a745dd3fa7a91a63ab855230
7625dcf15c3198bb700b,SRC192,1,PAIR_6B91E4ECDBABD1398C78474A,CONTEXT_CONFLICT,29,34,source_section|as_of_date|currency_scale,MERGE,"neither lane is complete on this table. source_section takes the running section heading Defined Benefit Investments (Continued) printed at the top of all five pages, which A left blank on every row. source_column_label and metric_name take the printed column header in full (A), not B's truncation of Sales and Redemptions to Redemptions. as_of_date is the printed 2021; December 31 is not printed on this page. currency_scale drops the enclosing parentheses of the printed (dollars in thousands) and is blank on the percentage column, which carries no dollar scale. The Ending Fair Value Balance column closes a beginning-to-ending roll-forward, so ending_capital (B) and not nav (A). Percent of Total Fair Value is each class's share of the fund, printing the same figures the page 2 donut prints as an allocation, so allocation_observation actual_allocation and not fund_economics ownership_percentage. Values keep the printed $ and % with the gap closed; A carries them, B strips them. Totals is the fund aggregate, so subject_type portfolio.",RESOLVED,A+B+ADJUDICATOR,b3af59d56f279544cb25facf64f5998fc8108300a745dd3fa7a91a63ab855230
c1845c9dd59db447dd40,SRC192,1,PAIR_68FE336DEAE957F3935FEC73,CONTEXT_CONFLICT,30,36,source_section|as_of_date|currency_scale,MERGE,"neither lane is complete on this table. source_section takes the running section heading Defined Benefit Investments (Continued) printed at the top of all five pages, which A left blank on every row. source_column_label and metric_name take the printed column header in full (A), not B's truncation of Sales and Redemptions to Redemptions. as_of_date is the printed 2021; December 31 is not printed on this page. currency_scale drops the enclosing parentheses of the printed (dollars in thousands) and is blank on the percentage column, which carries no dollar scale. The Ending Fair Value Balance column closes a beginning-to-ending roll-forward, so ending_capital (B) and not nav (A). Percent of Total Fair Value is each class's share of the fund, printing the same figures the page 2 donut prints as an allocation, so allocation_observation actual_allocation and not fund_economics ownership_percentage. Values keep the printed $ and % with the gap closed; A carries them, B strips them. Totals is the fund aggregate, so subject_type portfolio.",RESOLVED,A+B+ADJUDICATOR,b3af59d56f279544cb25facf64f5998fc8108300a745dd3fa7a91a63ab855230
ab11a5d0dcb60d003e44,SRC192,1,PAIR_573692F05215B522F8F04A5A,CONTEXT_CONFLICT,31,37,source_section|source_column_label|as_of_date|currency_scale|metric_name,MERGE,"neither lane is complete on this table. source_section takes the running section heading Defined Benefit Investments (Continued) printed at the top of all five pages, which A left blank on every row. source_column_label and metric_name take the printed column header in full (A), not B's truncation of Sales and Redemptions to Redemptions. as_of_date is the printed 2021; December 31 is not printed on this page. currency_scale drops the enclosing parentheses of the printed (dollars in thousands) and is blank on the percentage column, which carries no dollar scale. The Ending Fair Value Balance column closes a beginning-to-ending roll-forward, so ending_capital (B) and not nav (A). Percent of Total Fair Value is each class's share of the fund, printing the same figures the page 2 donut prints as an allocation, so allocation_observation actual_allocation and not fund_economics ownership_percentage. Values keep the printed $ and % with the gap closed; A carries them, B strips them. Totals is the fund aggregate, so subject_type portfolio.",RESOLVED,A+B+ADJUDICATOR,b3af59d56f279544cb25facf64f5998fc8108300a745dd3fa7a91a63ab855230
cda28adc1e33c19ebaa1,SRC192,1,PAIR_2D0DAFD4E431A68B976E78BB,VALUE_CONFLICT,32,38,source_section|subject_type|as_of_date|currency_scale|metric_name|metric_value_raw,MERGE,"neither lane is complete on this table. source_section takes the running section heading Defined Benefit Investments (Continued) printed at the top of all five pages, which A left blank on every row. source_column_label and metric_name take the printed column header in full (A), not B's truncation of Sales and Redemptions to Redemptions. as_of_date is the printed 2021; December 31 is not printed on this page. currency_scale drops the enclosing parentheses of the printed (dollars in thousands) and is blank on the percentage column, which carries no dollar scale. The Ending Fair Value Balance column closes a beginning-to-ending roll-forward, so ending_capital (B) and not nav (A). Percent of Total Fair Value is each class's share of the fund, printing the same figures the page 2 donut prints as an allocation, so allocation_observation actual_allocation and not fund_economics ownership_percentage. Values keep the printed $ and % with the gap closed; A carries them, B strips them. Totals is the fund aggregate, so subject_type portfolio. Definition backfill: both lanes read the same qualifiers off this cell. Definition backfill: both lanes read the same qualifiers off this cell.",RESOLVED,A+B+ADJUDICATOR,b3af59d56f279544cb25facf64f5998fc8108300a745dd3fa7a91a63ab855230
232d6d9611c7e6d361da,SRC192,1,PAIR_25D6F8FD724462EDB9F20FAC,CLASSIFICATION_CONFLICT,33,39,source_section|subject_type|as_of_date|currency_scale|metric_category|metric_name,MERGE,"neither lane is complete on this table. source_section takes the running section heading Defined Benefit Investments (Continued) printed at the top of all five pages, which A left blank on every row. source_column_label and metric_name take the printed column header in full (A), not B's truncation of Sales and Redemptions to Redemptions. as_of_date is the printed 2021; December 31 is not printed on this page. currency_scale drops the enclosing parentheses of the printed (dollars in thousands) and is blank on the percentage column, which carries no dollar scale. The Ending Fair Value Balance column closes a beginning-to-ending roll-forward, so ending_capital (B) and not nav (A). Percent of Total Fair Value is each class's share of the fund, printing the same figures the page 2 donut prints as an allocation, so allocation_observation actual_allocation and not fund_economics ownership_percentage. Values keep the printed $ and % with the gap closed; A carries them, B strips them. Totals is the fund aggregate, so subject_type portfolio. Definition backfill: both lanes read the same qualifiers off this cell. Definition backfill: both lanes read the same qualifiers off this cell.",RESOLVED,A+B+ADJUDICATOR,b3af59d56f279544cb25facf64f5998fc8108300a745dd3fa7a91a63ab855230
5e35a30289429b1db6ce,SRC192,1,PAIR_359B7504E50B7D13B410A5E3,CLASSIFICATION_CONFLICT,34,40,source_section|subject_type|as_of_date|currency_scale,MERGE,"neither lane is complete on this table. source_section takes the running section heading Defined Benefit Investments (Continued) printed at the top of all five pages, which A left blank on every row. source_column_label and metric_name take the printed column header in full (A), not B's truncation of Sales and Redemptions to Redemptions. as_of_date is the printed 2021; December 31 is not printed on this page. currency_scale drops the enclosing parentheses of the printed (dollars in thousands) and is blank on the percentage column, which carries no dollar scale. The Ending Fair Value Balance column closes a beginning-to-ending roll-forward, so ending_capital (B) and not nav (A). Percent of Total Fair Value is each class's share of the fund, printing the same figures the page 2 donut prints as an allocation, so allocation_observation actual_allocation and not fund_economics ownership_percentage. Values keep the printed $ and % with the gap closed; A carries them, B strips them. Totals is the fund aggregate, so subject_type portfolio.",RESOLVED,A+B+ADJUDICATOR,b3af59d56f279544cb25facf64f5998fc8108300a745dd3fa7a91a63ab855230
a1b14f67f759ea1b121c,SRC192,1,PAIR_D9889B944DBC2D0EAB914EF6,CLASSIFICATION_CONFLICT,35,42,source_section|subject_type|as_of_date|currency_scale,MERGE,"neither lane is complete on this table. source_section takes the running section heading Defined Benefit Investments (Continued) printed at the top of all five pages, which A left blank on every row. source_column_label and metric_name take the printed column header in full (A), not B's truncation of Sales and Redemptions to Redemptions. as_of_date is the printed 2021; December 31 is not printed on this page. currency_scale drops the enclosing parentheses of the printed (dollars in thousands) and is blank on the percentage column, which carries no dollar scale. The Ending Fair Value Balance column closes a beginning-to-ending roll-forward, so ending_capital (B) and not nav (A). Percent of Total Fair Value is each class's share of the fund, printing the same figures the page 2 donut prints as an allocation, so allocation_observation actual_allocation and not fund_economics ownership_percentage. Values keep the printed $ and % with the gap closed; A carries them, B strips them. Totals is the fund aggregate, so subject_type portfolio.",RESOLVED,A+B+ADJUDICATOR,b3af59d56f279544cb25facf64f5998fc8108300a745dd3fa7a91a63ab855230
2c92f68c282c0973212f,SRC192,1,PAIR_0A3BDCB3AD9B62B4AB4F9B4C,CLASSIFICATION_CONFLICT,36,43,source_section|source_column_label|subject_type|as_of_date|currency_scale|metric_name,MERGE,"neither lane is complete on this table. source_section takes the running section heading Defined Benefit Investments (Continued) printed at the top of all five pages, which A left blank on every row. source_column_label and metric_name take the printed column header in full (A), not B's truncation of Sales and Redemptions to Redemptions. as_of_date is the printed 2021; December 31 is not printed on this page. currency_scale drops the enclosing parentheses of the printed (dollars in thousands) and is blank on the percentage column, which carries no dollar scale. The Ending Fair Value Balance column closes a beginning-to-ending roll-forward, so ending_capital (B) and not nav (A). Percent of Total Fair Value is each class's share of the fund, printing the same figures the page 2 donut prints as an allocation, so allocation_observation actual_allocation and not fund_economics ownership_percentage. Values keep the printed $ and % with the gap closed; A carries them, B strips them. Totals is the fund aggregate, so subject_type portfolio.",RESOLVED,A+B+ADJUDICATOR,b3af59d56f279544cb25facf64f5998fc8108300a745dd3fa7a91a63ab855230
92fe196b9cf83a4d7863,SRC192,2,PAIR_7334F3B2681BBB494D9F6343,CONTEXT_CONFLICT,37,120,source_table|source_column_label|metric_name|evidence_quote,MERGE,"the sentence reports the allocation of assets as reported to the board, a different basis from the donut's fair-value percentages and a different set of numbers, so metric_name Board-Reported Allocation (A) preserves a distinction B's bare Allocation loses. The block is narrative with no printed table, so source_table falls back to the section heading; B's Investment Policy Asset Allocation is not printed. Quote is B's full printed sentence; A cited a fragment.",RESOLVED,A+B+ADJUDICATOR,b3af59d56f279544cb25facf64f5998fc8108300a745dd3fa7a91a63ab855230
45f2384984256f6e6539,SRC192,2,PAIR_1715609EE86F85D079FBD84A,CONTEXT_CONFLICT,38,121,source_table|source_column_label|metric_name|evidence_quote,MERGE,"the sentence reports the allocation of assets as reported to the board, a different basis from the donut's fair-value percentages and a different set of numbers, so metric_name Board-Reported Allocation (A) preserves a distinction B's bare Allocation loses. The block is narrative with no printed table, so source_table falls back to the section heading; B's Investment Policy Asset Allocation is not printed. Quote is B's full printed sentence; A cited a fragment.",RESOLVED,A+B+ADJUDICATOR,b3af59d56f279544cb25facf64f5998fc8108300a745dd3fa7a91a63ab855230
47e194c09629b7e4172c,SRC192,2,PAIR_D3C0BA99238CE4CA9CD5460A,CONTEXT_CONFLICT,39,122,source_table|source_column_label|metric_name|evidence_quote,MERGE,"the sentence reports the allocation of assets as reported to the board, a different basis from the donut's fair-value percentages and a different set of numbers, so metric_name Board-Reported Allocation (A) preserves a distinction B's bare Allocation loses. The block is narrative with no printed table, so source_table falls back to the section heading; B's Investment Policy Asset Allocation is not printed. Quote is B's full printed sentence; A cited a fragment.",RESOLVED,A+B+ADJUDICATOR,b3af59d56f279544cb25facf64f5998fc8108300a745dd3fa7a91a63ab855230
7f7cf0115dacbdbdd2bc,SRC192,2,PAIR_BC47600F3B88C1CAC52D970B,CONTEXT_CONFLICT,40,123,source_table|source_column_label|metric_name|evidence_quote,MERGE,"the sentence reports the allocation of assets as reported to the board, a different basis from the donut's fair-value percentages and a different set of numbers, so metric_name Board-Reported Allocation (A) preserves a distinction B's bare Allocation loses. The block is narrative with no printed table, so source_table falls back to the section heading; B's Investment Policy Asset Allocation is not printed. Quote is B's full printed sentence; A cited a fragment.",RESOLVED,A+B+ADJUDICATOR,b3af59d56f279544cb25facf64f5998fc8108300a745dd3fa7a91a63ab855230
a05e853dd8c469ab0bfe,SRC192,2,PAIR_183EE5806E06771A68006B31,CONTEXT_CONFLICT,41,124,source_table|source_column_label|metric_name|evidence_quote,MERGE,"the sentence reports the allocation of assets as reported to the board, a different basis from the donut's fair-value percentages and a different set of numbers, so metric_name Board-Reported Allocation (A) preserves a distinction B's bare Allocation loses. The block is narrative with no printed table, so source_table falls back to the section heading; B's Investment Policy Asset Allocation is not printed. Quote is B's full printed sentence; A cited a fragment.",RESOLVED,A+B+ADJUDICATOR,b3af59d56f279544cb25facf64f5998fc8108300a745dd3fa7a91a63ab855230
201a698627ff576840d9,SRC192,2,PAIR_39FACCFB7F020B6D16B188AF,A_ONLY,42,,,MERGE,"the donut is a separate structure from the untitled ten-year table beneath it, so source_table is its own printed title and source_column_label is blank, the figure having no columns; B invented Current Allocation. Its rows are asset classes under one measure, so metric_name takes the figure's own printed title. source_section takes the printed running heading, which A left blank.",RESOLVED,A+ADJUDICATOR,b3af59d56f279544cb25facf64f5998fc8108300a745dd3fa7a91a63ab855230
415c54fd1625c187e96e,SRC192,2,PAIR_72EAAE686C80717169A95811,B_ONLY,,83,,ACCEPT_B,Only lane B recorded this printed note; its evidence_quote is verbatim on the cited page.,VERIFIED_ONE_SIDED,B,b3af59d56f279544cb25facf64f5998fc8108300a745dd3fa7a91a63ab855230
b1568e87cbaecd5954ea,SRC192,2,PAIR_FBB0BFE8460B981095C4EE5A,A_ONLY,53,,,MERGE,"the donut is a separate structure from the untitled ten-year table beneath it, so source_table is its own printed title and source_column_label is blank, the figure having no columns; B invented Current Allocation. Its rows are asset classes under one measure, so metric_name takes the figure's own printed title. source_section takes the printed running heading, which A left blank.",RESOLVED,A+ADJUDICATOR,b3af59d56f279544cb25facf64f5998fc8108300a745dd3fa7a91a63ab855230
621a41acf09d4583dd0e,SRC192,2,PAIR_0AC160BCE98C1F89F267A25C,B_ONLY,,94,,ACCEPT_B,Only lane B recorded this printed note; its evidence_quote is verbatim on the cited page.,VERIFIED_ONE_SIDED,B,b3af59d56f279544cb25facf64f5998fc8108300a745dd3fa7a91a63ab855230
6acacf29c559768764a8,SRC192,2,PAIR_5F075B27B0847B0244052ED0,A_ONLY,74,,,MERGE,"the donut is a separate structure from the untitled ten-year table beneath it, so source_table is its own printed title and source_column_label is blank, the figure having no columns; B invented Current Allocation. Its rows are asset classes under one measure, so metric_name takes the figure's own printed title. source_section takes the printed running heading, which A left blank.",RESOLVED,A+ADJUDICATOR,b3af59d56f279544cb25facf64f5998fc8108300a745dd3fa7a91a63ab855230
8d0497815140ade87ed2,SRC192,2,PAIR_234E820BDEBCFC1791D68BBE,B_ONLY,,99,,ACCEPT_B,Only lane B recorded this printed note; its evidence_quote is verbatim on the cited page.,VERIFIED_ONE_SIDED,B,b3af59d56f279544cb25facf64f5998fc8108300a745dd3fa7a91a63ab855230
07f8baa34e55f45b2896,SRC192,2,PAIR_BC1E7E079D8BD9B82C721FE4,A_ONLY,75,,,MERGE,"the donut is a separate structure from the untitled ten-year table beneath it, so source_table is its own printed title and source_column_label is blank, the figure having no columns; B invented Current Allocation. Its rows are asset classes under one measure, so metric_name takes the figure's own printed title. source_section takes the printed running heading, which A left blank.",RESOLVED,A+ADJUDICATOR,b3af59d56f279544cb25facf64f5998fc8108300a745dd3fa7a91a63ab855230
dabbb945bb75ec1206c3,SRC192,2,PAIR_2CFD7DBC59097EAFE39A9E44,B_ONLY,,110,,ACCEPT_B,Only lane B recorded this printed note; its evidence_quote is verbatim on the cited page.,VERIFIED_ONE_SIDED,B,b3af59d56f279544cb25facf64f5998fc8108300a745dd3fa7a91a63ab855230
77d16572c06e61b5c0f2,SRC192,2,PAIR_FAC5C373C4B75A88EB4F8082,A_ONLY,86,,,MERGE,"the donut is a separate structure from the untitled ten-year table beneath it, so source_table is its own printed title and source_column_label is blank, the figure having no columns; B invented Current Allocation. Its rows are asset classes under one measure, so metric_name takes the figure's own printed title. source_section takes the printed running heading, which A left blank.",RESOLVED,A+ADJUDICATOR,b3af59d56f279544cb25facf64f5998fc8108300a745dd3fa7a91a63ab855230
1929525e1d78e003d0ee,SRC192,2,PAIR_9AAF74280121226B98B99FB8,B_ONLY,,118,,ACCEPT_B,Only lane B recorded this printed note; its evidence_quote is verbatim on the cited page.,VERIFIED_ONE_SIDED,B,b3af59d56f279544cb25facf64f5998fc8108300a745dd3fa7a91a63ab855230
5481bded3bacbf0c16ef,SRC192,2,PAIR_E7E83DB8FC33F6D1DA202702,A_ONLY,97,,,MERGE,"the donut is a separate structure from the untitled ten-year table beneath it, so source_table is its own printed title and source_column_label is blank, the figure having no columns; B invented Current Allocation. Its rows are asset classes under one measure, so metric_name takes the figure's own printed title. source_section takes the printed running heading, which A left blank.",RESOLVED,A+ADJUDICATOR,b3af59d56f279544cb25facf64f5998fc8108300a745dd3fa7a91a63ab855230
98296fa48e5590e83919,SRC192,2,PAIR_B060AB8FC2A6BA4C728497B7,B_ONLY,,119,,ACCEPT_B,Only lane B recorded this printed note; its evidence_quote is verbatim on the cited page.,VERIFIED_ONE_SIDED,B,b3af59d56f279544cb25facf64f5998fc8108300a745dd3fa7a91a63ab855230
af7b3c5a9eae35d3ffbc,SRC192,2,PAIR_B42DC879660672DB4FDC8432,CONTEXT_CONFLICT,43,82,source_section|metric_name,MERGE,"the ten-year allocation table prints no title of its own, so source_table is UNTITLED_TABLE_1; A applied the adjacent donut's title to both structures and B used three different section and table strings for one table on one page. source_section takes the printed running heading, which A left blank. metric_name Allocation (B); A's Fair Value Allocation is not printed anywhere. Total portfolio is the fund aggregate, so subject_type portfolio. Values keep the printed % on the 2012 column with the gap closed (A).",RESOLVED,A+B+ADJUDICATOR,b3af59d56f279544cb25facf64f5998fc8108300a745dd3fa7a91a63ab855230
ba4ebbb754c622127355,SRC192,2,PAIR_C34042EDDAC0E233ACE932E5,CONTEXT_CONFLICT,44,44,source_section|source_table|metric_name,MERGE,"the ten-year allocation table prints no title of its own, so source_table is UNTITLED_TABLE_1; A applied the adjacent donut's title to both structures and B used three different section and table strings for one table on one page. source_section takes the printed running heading, which A left blank. metric_name Allocation (B); A's Fair Value Allocation is not printed anywhere. Total portfolio is the fund aggregate, so subject_type portfolio. Values keep the printed % on the 2012 column with the gap closed (A).",RESOLVED,A+B+ADJUDICATOR,b3af59d56f279544cb25facf64f5998fc8108300a745dd3fa7a91a63ab855230
1ab3c03017920cf02e36,SRC192,2,PAIR_84DA6E57D53E9849A78815C0,CONTEXT_CONFLICT,45,45,source_section|source_table|metric_name,MERGE,"the ten-year allocation table prints no title of its own, so source_table is UNTITLED_TABLE_1; A applied the adjacent donut's title to both structures and B used three different section and table strings for one table on one page. source_section takes the printed running heading, which A left blank. metric_name Allocation (B); A's Fair Value Allocation is not printed anywhere. Total portfolio is the fund aggregate, so subject_type portfolio. Values keep the printed % on the 2012 column with the gap closed (A).",RESOLVED,A+B+ADJUDICATOR,b3af59d56f279544cb25facf64f5998fc8108300a745dd3fa7a91a63ab855230
aa87aec2e6b4a6b8e06a,SRC192,2,PAIR_B2BA7900866D7C2DE3920512,CONTEXT_CONFLICT,46,46,source_section|source_table|metric_name,MERGE,"the ten-year allocation table prints no title of its own, so source_table is UNTITLED_TABLE_1; A applied the adjacent donut's title to both structures and B used three different section and table strings for one table on one page. source_section takes the printed running heading, which A left blank. metric_name Allocation (B); A's Fair Value Allocation is not printed anywhere. Total portfolio is the fund aggregate, so subject_type portfolio. Values keep the printed % on the 2012 column with the gap closed (A).",RESOLVED,A+B+ADJUDICATOR,b3af59d56f279544cb25facf64f5998fc8108300a745dd3fa7a91a63ab855230
01ee172ff5d0e7ea2cce,SRC192,2,PAIR_885EC42C400BC7AC7331464E,CONTEXT_CONFLICT,47,47,source_section|source_table|metric_name,MERGE,"the ten-year allocation table prints no title of its own, so source_table is UNTITLED_TABLE_1; A applied the adjacent donut's title to both structures and B used three different section and table strings for one table on one page. source_section takes the printed running heading, which A left blank. metric_name Allocation (B); A's Fair Value Allocation is not printed anywhere. Total portfolio is the fund aggregate, so subject_type portfolio. Values keep the printed % on the 2012 column with the gap closed (A).",RESOLVED,A+B+ADJUDICATOR,b3af59d56f279544cb25facf64f5998fc8108300a745dd3fa7a91a63ab855230
46a59814a55066be3b5d,SRC192,2,PAIR_DA1B9127B46B2C9E9A04B788,CONTEXT_CONFLICT,48,48,source_section|source_table|metric_name,MERGE,"the ten-year allocation table prints no title of its own, so source_table is UNTITLED_TABLE_1; A applied the adjacent donut's title to both structures and B used three different section and table strings for one table on one page. source_section takes the printed running heading, which A left blank. metric_name Allocation (B); A's Fair Value Allocation is not printed anywhere. Total portfolio is the fund aggregate, so subject_type portfolio. Values keep the printed % on the 2012 column with the gap closed (A).",RESOLVED,A+B+ADJUDICATOR,b3af59d56f279544cb25facf64f5998fc8108300a745dd3fa7a91a63ab855230
0075fd513ae59ad49e14,SRC192,2,PAIR_364C40AFBABD1262F75DB658,CONTEXT_CONFLICT,49,49,source_section|source_table|metric_name,MERGE,"the ten-year allocation table prints no title of its own, so source_table is UNTITLED_TABLE_1; A applied the adjacent donut's title to both structures and B used three different section and table strings for one table on one page. source_section takes the printed running heading, which A left blank. metric_name Allocation (B); A's Fair Value Allocation is not printed anywhere. Total portfolio is the fund aggregate, so subject_type portfolio. Values keep the printed % on the 2012 column with the gap closed (A).",RESOLVED,A+B+ADJUDICATOR,b3af59d56f279544cb25facf64f5998fc8108300a745dd3fa7a91a63ab855230
5e350f3d33615cbbe5ed,SRC192,2,PAIR_671AC59FC78255039CF0CC49,CONTEXT_CONFLICT,50,50,source_section|source_table|metric_name,MERGE,"the ten-year allocation table prints no title of its own, so source_table is UNTITLED_TABLE_1; A applied the adjacent donut's title to both structures and B used three different section and table strings for one table on one page. source_section takes the printed running heading, which A left blank. metric_name Allocation (B); A's Fair Value Allocation is not printed anywhere. Total portfolio is the fund aggregate, so subject_type portfolio. Values keep the printed % on the 2012 column with the gap closed (A).",RESOLVED,A+B+ADJUDICATOR,b3af59d56f279544cb25facf64f5998fc8108300a745dd3fa7a91a63ab855230
29dd769fae32de400210,SRC192,2,PAIR_384DF9E61FB2E9171BE76D68,CONTEXT_CONFLICT,51,51,source_section|source_table|metric_name,MERGE,"the ten-year allocation table prints no title of its own, so source_table is UNTITLED_TABLE_1; A applied the adjacent donut's title to both structures and B used three different section and table strings for one table on one page. source_section takes the printed running heading, which A left blank. metric_name Allocation (B); A's Fair Value Allocation is not printed anywhere. Total portfolio is the fund aggregate, so subject_type portfolio. Values keep the printed % on the 2012 column with the gap closed (A).",RESOLVED,A+B+ADJUDICATOR,b3af59d56f279544cb25facf64f5998fc8108300a745dd3fa7a91a63ab855230
b5298326c491f4465234,SRC192,2,PAIR_D2B94E9AB4E98FBD6E4C5B06,CONTEXT_CONFLICT,52,52,source_section|source_table|metric_name,MERGE,"the ten-year allocation table prints no title of its own, so source_table is UNTITLED_TABLE_1; A applied the adjacent donut's title to both structures and B used three different section and table strings for one table on one page. source_section takes the printed running heading, which A left blank. metric_name Allocation (B); A's Fair Value Allocation is not printed anywhere. Total portfolio is the fund aggregate, so subject_type portfolio. Values keep the printed % on the 2012 column with the gap closed (A).",RESOLVED,A+B+ADJUDICATOR,b3af59d56f279544cb25facf64f5998fc8108300a745dd3fa7a91a63ab855230
8a9ee23ef55b3d430a00,SRC192,2,PAIR_620AC0B30980DF3AEAB6235D,CONTEXT_CONFLICT,54,84,source_section|metric_name,MERGE,"the ten-year allocation table prints no title of its own, so source_table is UNTITLED_TABLE_1; A applied the adjacent donut's title to both structures and B used three different section and table strings for one table on one page. source_section takes the printed running heading, which A left blank. metric_name Allocation (B); A's Fair Value Allocation is not printed anywhere. Total portfolio is the fund aggregate, so subject_type portfolio. Values keep the printed % on the 2012 column with the gap closed (A).",RESOLVED,A+B+ADJUDICATOR,b3af59d56f279544cb25facf64f5998fc8108300a745dd3fa7a91a63ab855230
f31e698a785645178749,SRC192,2,PAIR_EB5D5DD35AE8E60CB94C259F,CONTEXT_CONFLICT,55,85,source_section|metric_name,MERGE,"the ten-year allocation table prints no title of its own, so source_table is UNTITLED_TABLE_1; A applied the adjacent donut's title to both structures and B used three different section and table strings for one table on one page. source_section takes the printed running heading, which A left blank. metric_name Allocation (B); A's Fair Value Allocation is not printed anywhere. Total portfolio is the fund aggregate, so subject_type portfolio. Values keep the printed % on the 2012 column with the gap closed (A).",RESOLVED,A+B+ADJUDICATOR,b3af59d56f279544cb25facf64f5998fc8108300a745dd3fa7a91a63ab855230
54b3118e6371a8813f0f,SRC192,2,PAIR_1B9F9CE98B450FCE1945401E,CONTEXT_CONFLICT,56,86,source_section|metric_name,MERGE,"the ten-year allocation table prints no title of its own, so source_table is UNTITLED_TABLE_1; A applied the adjacent donut's title to both structures and B used three different section and table strings for one table on one page. source_section takes the printed running heading, which A left blank. metric_name Allocation (B); A's Fair Value Allocation is not printed anywhere. Total portfolio is the fund aggregate, so subject_type portfolio. Values keep the printed % on the 2012 column with the gap closed (A).",RESOLVED,A+B+ADJUDICATOR,b3af59d56f279544cb25facf64f5998fc8108300a745dd3fa7a91a63ab855230
bd8f07ca6e37de5f967f,SRC192,2,PAIR_A2E8C457618B1A52B2861387,CONTEXT_CONFLICT,57,87,source_section|metric_name,MERGE,"the ten-year allocation table prints no title of its own, so source_table is UNTITLED_TABLE_1; A applied the adjacent donut's title to both structures and B used three different section and table strings for one table on one page. source_section takes the printed running heading, which A left blank. metric_name Allocation (B); A's Fair Value Allocation is not printed anywhere. Total portfolio is the fund aggregate, so subject_type portfolio. Values keep the printed % on the 2012 column with the gap closed (A).",RESOLVED,A+B+ADJUDICATOR,b3af59d56f279544cb25facf64f5998fc8108300a745dd3fa7a91a63ab855230
aabe1049b195b3a34269,SRC192,2,PAIR_3C79DE9FCA6063FBAAA358C9,CONTEXT_CONFLICT,58,88,source_section|metric_name,MERGE,"the ten-year allocation table prints no title of its own, so source_table is UNTITLED_TABLE_1; A applied the adjacent donut's title to both structures and B used three different section and table strings for one table on one page. source_section takes the printed running heading, which A left blank. metric_name Allocation (B); A's Fair Value Allocation is not printed anywhere. Total portfolio is the fund aggregate, so subject_type portfolio. Values keep the printed % on the 2012 column with the gap closed (A).",RESOLVED,A+B+ADJUDICATOR,b3af59d56f279544cb25facf64f5998fc8108300a745dd3fa7a91a63ab855230
49059528b0c03009cbcf,SRC192,2,PAIR_DC5233BB57FCEB0F6D17A3EB,CONTEXT_CONFLICT,59,89,source_section|metric_name,MERGE,"the ten-year allocation table prints no title of its own, so source_table is UNTITLED_TABLE_1; A applied the adjacent donut's title to both structures and B used three different section and table strings for one table on one page. source_section takes the printed running heading, which A left blank. metric_name Allocation (B); A's Fair Value Allocation is not printed anywhere. Total portfolio is the fund aggregate, so subject_type portfolio. Values keep the printed % on the 2012 column with the gap closed (A).",RESOLVED,A+B+ADJUDICATOR,b3af59d56f279544cb25facf64f5998fc8108300a745dd3fa7a91a63ab855230
ba4ed25a0d3156ed8297,SRC192,2,PAIR_71309BD5EDE082EDB33A32B1,CONTEXT_CONFLICT,60,90,source_section|metric_name,MERGE,"the ten-year allocation table prints no title of its own, so source_table is UNTITLED_TABLE_1; A applied the adjacent donut's title to both structures and B used three different section and table strings for one table on one page. source_section takes the printed running heading, which A left blank. metric_name Allocation (B); A's Fair Value Allocation is not printed anywhere. Total portfolio is the fund aggregate, so subject_type portfolio. Values keep the printed % on the 2012 column with the gap closed (A).",RESOLVED,A+B+ADJUDICATOR,b3af59d56f279544cb25facf64f5998fc8108300a745dd3fa7a91a63ab855230
00505536f37541e86e68,SRC192,2,PAIR_706AE7F4139A2484C8289448,CONTEXT_CONFLICT,61,91,source_section|metric_name,MERGE,"the ten-year allocation table prints no title of its own, so source_table is UNTITLED_TABLE_1; A applied the adjacent donut's title to both structures and B used three different section and table strings for one table on one page. source_section takes the printed running heading, which A left blank. metric_name Allocation (B); A's Fair Value Allocation is not printed anywhere. Total portfolio is the fund aggregate, so subject_type portfolio. Values keep the printed % on the 2012 column with the gap closed (A).",RESOLVED,A+B+ADJUDICATOR,b3af59d56f279544cb25facf64f5998fc8108300a745dd3fa7a91a63ab855230
70b5aaa13b49154a6eab,SRC192,2,PAIR_4EEF1D2601D3EEA8C0F78FB9,CONTEXT_CONFLICT,62,92,source_section|metric_name,MERGE,"the ten-year allocation table prints no title of its own, so source_table is UNTITLED_TABLE_1; A applied the adjacent donut's title to both structures and B used three different section and table strings for one table on one page. source_section takes the printed running heading, which A left blank. metric_name Allocation (B); A's Fair Value Allocation is not printed anywhere. Total portfolio is the fund aggregate, so subject_type portfolio. Values keep the printed % on the 2012 column with the gap closed (A).",RESOLVED,A+B+ADJUDICATOR,b3af59d56f279544cb25facf64f5998fc8108300a745dd3fa7a91a63ab855230
23e0c8da53ec57b5b384,SRC192,2,PAIR_CBF1D60241419C1E7F551CA9,CONTEXT_CONFLICT,63,93,source_section|metric_name,MERGE,"the ten-year allocation table prints no title of its own, so source_table is UNTITLED_TABLE_1; A applied the adjacent donut's title to both structures and B used three different section and table strings for one table on one page. source_section takes the printed running heading, which A left blank. metric_name Allocation (B); A's Fair Value Allocation is not printed anywhere. Total portfolio is the fund aggregate, so subject_type portfolio. Values keep the printed % on the 2012 column with the gap closed (A).",RESOLVED,A+B+ADJUDICATOR,b3af59d56f279544cb25facf64f5998fc8108300a745dd3fa7a91a63ab855230
70d69c9ecb1449c97526,SRC192,2,PAIR_72E2C9A51AE87DB81DEDC801,VALUE_CONFLICT,64,95,source_section|metric_name|metric_value_raw,MERGE,"the ten-year allocation table prints no title of its own, so source_table is UNTITLED_TABLE_1; A applied the adjacent donut's title to both structures and B used three different section and table strings for one table on one page. source_section takes the printed running heading, which A left blank. metric_name Allocation (B); A's Fair Value Allocation is not printed anywhere. Total portfolio is the fund aggregate, so subject_type portfolio. Values keep the printed % on the 2012 column with the gap closed (A).",RESOLVED,A+B+ADJUDICATOR,b3af59d56f279544cb25facf64f5998fc8108300a745dd3fa7a91a63ab855230
410facb3c5a9ebef8a86,SRC192,2,PAIR_21A14D25AAE150049E8400E1,CONTEXT_CONFLICT,65,96,source_section|metric_name,MERGE,"the ten-year allocation table prints no title of its own, so source_table is UNTITLED_TABLE_1; A applied the adjacent donut's title to both structures and B used three different section and table strings for one table on one page. source_section takes the printed running heading, which A left blank. metric_name Allocation (B); A's Fair Value Allocation is not printed anywhere. Total portfolio is the fund aggregate, so subject_type portfolio. Values keep the printed % on the 2012 column with the gap closed (A).",RESOLVED,A+B+ADJUDICATOR,b3af59d56f279544cb25facf64f5998fc8108300a745dd3fa7a91a63ab855230
340ca17749f2f3ce11fd,SRC192,2,PAIR_FCC6C31BBF96CB2E573C57D0,CONTEXT_CONFLICT,66,97,source_section|metric_name,MERGE,"the ten-year allocation table prints no title of its own, so source_table is UNTITLED_TABLE_1; A applied the adjacent donut's title to both structures and B used three different section and table strings for one table on one page. source_section takes the printed running heading, which A left blank. metric_name Allocation (B); A's Fair Value Allocation is not printed anywhere. Total portfolio is the fund aggregate, so subject_type portfolio. Values keep the printed % on the 2012 column with the gap closed (A).",RESOLVED,A+B+ADJUDICATOR,b3af59d56f279544cb25facf64f5998fc8108300a745dd3fa7a91a63ab855230
d734e74ed3d83dab4380,SRC192,2,PAIR_B26D6867B03E211EE117C282,CONTEXT_CONFLICT,67,53,source_section|source_table|metric_name,MERGE,"the ten-year allocation table prints no title of its own, so source_table is UNTITLED_TABLE_1; A applied the adjacent donut's title to both structures and B used three different section and table strings for one table on one page. source_section takes the printed running heading, which A left blank. metric_name Allocation (B); A's Fair Value Allocation is not printed anywhere. Total portfolio is the fund aggregate, so subject_type portfolio. Values keep the printed % on the 2012 column with the gap closed (A).",RESOLVED,A+B+ADJUDICATOR,b3af59d56f279544cb25facf64f5998fc8108300a745dd3fa7a91a63ab855230
05329e6d24ada57b1716,SRC192,2,PAIR_635EADF2926A9C5B6C10B373,CONTEXT_CONFLICT,68,98,source_section|metric_name,MERGE,"the ten-year allocation table prints no title of its own, so source_table is UNTITLED_TABLE_1; A applied the adjacent donut's title to both structures and B used three different section and table strings for one table on one page. source_section takes the printed running heading, which A left blank. metric_name Allocation (B); A's Fair Value Allocation is not printed anywhere. Total portfolio is the fund aggregate, so subject_type portfolio. Values keep the printed % on the 2012 column with the gap closed (A).",RESOLVED,A+B+ADJUDICATOR,b3af59d56f279544cb25facf64f5998fc8108300a745dd3fa7a91a63ab855230
6006bdffbfb41819626b,SRC192,2,PAIR_93D4C849DBFA65D94068DB54,CONTEXT_CONFLICT,69,54,source_section|source_table|metric_name,MERGE,"the ten-year allocation table prints no title of its own, so source_table is UNTITLED_TABLE_1; A applied the adjacent donut's title to both structures and B used three different section and table strings for one table on one page. source_section takes the printed running heading, which A left blank. metric_name Allocation (B); A's Fair Value Allocation is not printed anywhere. Total portfolio is the fund aggregate, so subject_type portfolio. Values keep the printed % on the 2012 column with the gap closed (A).",RESOLVED,A+B+ADJUDICATOR,b3af59d56f279544cb25facf64f5998fc8108300a745dd3fa7a91a63ab855230
fef4fa17c8dcf67b68ee,SRC192,2,PAIR_14B87D257F8B864FA101280E,CONTEXT_CONFLICT,70,55,source_section|source_table|metric_name,MERGE,"the ten-year allocation table prints no title of its own, so source_table is UNTITLED_TABLE_1; A applied the adjacent donut's title to both structures and B used three different section and table strings for one table on one page. source_section takes the printed running heading, which A left blank. metric_name Allocation (B); A's Fair Value Allocation is not printed anywhere. Total portfolio is the fund aggregate, so subject_type portfolio. Values keep the printed % on the 2012 column with the gap closed (A).",RESOLVED,A+B+ADJUDICATOR,b3af59d56f279544cb25facf64f5998fc8108300a745dd3fa7a91a63ab855230
5602c9422c6a5017e166,SRC192,2,PAIR_5F4E35E8BFA124C797AEE84E,CONTEXT_CONFLICT,71,56,source_section|source_table|metric_name,MERGE,"the ten-year allocation table prints no title of its own, so source_table is UNTITLED_TABLE_1; A applied the adjacent donut's title to both structures and B used three different section and table strings for one table on one page. source_section takes the printed running heading, which A left blank. metric_name Allocation (B); A's Fair Value Allocation is not printed anywhere. Total portfolio is the fund aggregate, so subject_type portfolio. Values keep the printed % on the 2012 column with the gap closed (A).",RESOLVED,A+B+ADJUDICATOR,b3af59d56f279544cb25facf64f5998fc8108300a745dd3fa7a91a63ab855230
ae59c93051fa7f9f96ce,SRC192,2,PAIR_723B29B6583524AFF348B522,CONTEXT_CONFLICT,72,57,source_section|source_table|metric_name,MERGE,"the ten-year allocation table prints no title of its own, so source_table is UNTITLED_TABLE_1; A applied the adjacent donut's title to both structures and B used three different section and table strings for one table on one page. source_section takes the printed running heading, which A left blank. metric_name Allocation (B); A's Fair Value Allocation is not printed anywhere. Total portfolio is the fund aggregate, so subject_type portfolio. Values keep the printed % on the 2012 column with the gap closed (A).",RESOLVED,A+B+ADJUDICATOR,b3af59d56f279544cb25facf64f5998fc8108300a745dd3fa7a91a63ab855230
295d411bfd2018dca8bb,SRC192,2,PAIR_CDE8CB335CB40D14F43A0EC9,CONTEXT_CONFLICT,73,58,source_section|source_table|metric_name,MERGE,"the ten-year allocation table prints no title of its own, so source_table is UNTITLED_TABLE_1; A applied the adjacent donut's title to both structures and B used three different section and table strings for one table on one page. source_section takes the printed running heading, which A left blank. metric_name Allocation (B); A's Fair Value Allocation is not printed anywhere. Total portfolio is the fund aggregate, so subject_type portfolio. Values keep the printed % on the 2012 column with the gap closed (A).",RESOLVED,A+B+ADJUDICATOR,b3af59d56f279544cb25facf64f5998fc8108300a745dd3fa7a91a63ab855230
b8f7ed050ec18d75e265,SRC192,2,PAIR_DA8A0A1CA1ED138D32A36DA7,CONTEXT_CONFLICT,76,100,source_section|metric_name,MERGE,"the ten-year allocation table prints no title of its own, so source_table is UNTITLED_TABLE_1; A applied the adjacent donut's title to both structures and B used three different section and table strings for one table on one page. source_section takes the printed running heading, which A left blank. metric_name Allocation (B); A's Fair Value Allocation is not printed anywhere. Total portfolio is the fund aggregate, so subject_type portfolio. Values keep the printed % on the 2012 column with the gap closed (A).",RESOLVED,A+B+ADJUDICATOR,b3af59d56f279544cb25facf64f5998fc8108300a745dd3fa7a91a63ab855230
68f5d3f704e127bc7d2b,SRC192,2,PAIR_86C961176B5369A81A93EE75,CONTEXT_CONFLICT,77,101,source_section|metric_name,MERGE,"the ten-year allocation table prints no title of its own, so source_table is UNTITLED_TABLE_1; A applied the adjacent donut's title to both structures and B used three different section and table strings for one table on one page. source_section takes the printed running heading, which A left blank. metric_name Allocation (B); A's Fair Value Allocation is not printed anywhere. Total portfolio is the fund aggregate, so subject_type portfolio. Values keep the printed % on the 2012 column with the gap closed (A).",RESOLVED,A+B+ADJUDICATOR,b3af59d56f279544cb25facf64f5998fc8108300a745dd3fa7a91a63ab855230
a031ed990d4c5e6c39c0,SRC192,2,PAIR_86B3B08D3DA017DAF23B1453,CONTEXT_CONFLICT,78,102,source_section|metric_name,MERGE,"the ten-year allocation table prints no title of its own, so source_table is UNTITLED_TABLE_1; A applied the adjacent donut's title to both structures and B used three different section and table strings for one table on one page. source_section takes the printed running heading, which A left blank. metric_name Allocation (B); A's Fair Value Allocation is not printed anywhere. Total portfolio is the fund aggregate, so subject_type portfolio. Values keep the printed % on the 2012 column with the gap closed (A).",RESOLVED,A+B+ADJUDICATOR,b3af59d56f279544cb25facf64f5998fc8108300a745dd3fa7a91a63ab855230
c8037c68df6afcc5109b,SRC192,2,PAIR_50B685385744FD1D9D8DA292,CONTEXT_CONFLICT,79,103,source_section|metric_name,MERGE,"the ten-year allocation table prints no title of its own, so source_table is UNTITLED_TABLE_1; A applied the adjacent donut's title to both structures and B used three different section and table strings for one table on one page. source_section takes the printed running heading, which A left blank. metric_name Allocation (B); A's Fair Value Allocation is not printed anywhere. Total portfolio is the fund aggregate, so subject_type portfolio. Values keep the printed % on the 2012 column with the gap closed (A).",RESOLVED,A+B+ADJUDICATOR,b3af59d56f279544cb25facf64f5998fc8108300a745dd3fa7a91a63ab855230
2975bd479a0a0aae1ca7,SRC192,2,PAIR_B621F75E33922002DFDC5EF1,CONTEXT_CONFLICT,80,104,source_section|metric_name,MERGE,"the ten-year allocation table prints no title of its own, so source_table is UNTITLED_TABLE_1; A applied the adjacent donut's title to both structures and B used three different section and table strings for one table on one page. source_section takes the printed running heading, which A left blank. metric_name Allocation (B); A's Fair Value Allocation is not printed anywhere. Total portfolio is the fund aggregate, so subject_type portfolio. Values keep the printed % on the 2012 column with the gap closed (A).",RESOLVED,A+B+ADJUDICATOR,b3af59d56f279544cb25facf64f5998fc8108300a745dd3fa7a91a63ab855230
131006b633576bc6268d,SRC192,2,PAIR_D042BBFA6B10A491902B3093,CONTEXT_CONFLICT,81,105,source_section|metric_name,MERGE,"the ten-year allocation table prints no title of its own, so source_table is UNTITLED_TABLE_1; A applied the adjacent donut's title to both structures and B used three different section and table strings for one table on one page. source_section takes the printed running heading, which A left blank. metric_name Allocation (B); A's Fair Value Allocation is not printed anywhere. Total portfolio is the fund aggregate, so subject_type portfolio. Values keep the printed % on the 2012 column with the gap closed (A).",RESOLVED,A+B+ADJUDICATOR,b3af59d56f279544cb25facf64f5998fc8108300a745dd3fa7a91a63ab855230
7024ad0f22c3767dffa8,SRC192,2,PAIR_F9D501B3E6C630E08FACCFE4,CONTEXT_CONFLICT,82,106,source_section|metric_name,MERGE,"the ten-year allocation table prints no title of its own, so source_table is UNTITLED_TABLE_1; A applied the adjacent donut's title to both structures and B used three different section and table strings for one table on one page. source_section takes the printed running heading, which A left blank. metric_name Allocation (B); A's Fair Value Allocation is not printed anywhere. Total portfolio is the fund aggregate, so subject_type portfolio. Values keep the printed % on the 2012 column with the gap closed (A).",RESOLVED,A+B+ADJUDICATOR,b3af59d56f279544cb25facf64f5998fc8108300a745dd3fa7a91a63ab855230
0dc2eea4ecaa94874cb5,SRC192,2,PAIR_DFDD4D399A374D43ACA29D74,CONTEXT_CONFLICT,83,107,source_section|metric_name,MERGE,"the ten-year allocation table prints no title of its own, so source_table is UNTITLED_TABLE_1; A applied the adjacent donut's title to both structures and B used three different section and table strings for one table on one page. source_section takes the printed running heading, which A left blank. metric_name Allocation (B); A's Fair Value Allocation is not printed anywhere. Total portfolio is the fund aggregate, so subject_type portfolio. Values keep the printed % on the 2012 column with the gap closed (A).",RESOLVED,A+B+ADJUDICATOR,b3af59d56f279544cb25facf64f5998fc8108300a745dd3fa7a91a63ab855230
7535d5ed046bfe52c977,SRC192,2,PAIR_00518302D2FDFCCC0375D138,CONTEXT_CONFLICT,84,108,source_section|metric_name,MERGE,"the ten-year allocation table prints no title of its own, so source_table is UNTITLED_TABLE_1; A applied the adjacent donut's title to both structures and B used three different section and table strings for one table on one page. source_section takes the printed running heading, which A left blank. metric_name Allocation (B); A's Fair Value Allocation is not printed anywhere. Total portfolio is the fund aggregate, so subject_type portfolio. Values keep the printed % on the 2012 column with the gap closed (A).",RESOLVED,A+B+ADJUDICATOR,b3af59d56f279544cb25facf64f5998fc8108300a745dd3fa7a91a63ab855230
02b309955bce754d6f31,SRC192,2,PAIR_E5E186C0F0534206D5A707CB,CONTEXT_CONFLICT,85,109,source_section|metric_name,MERGE,"the ten-year allocation table prints no title of its own, so source_table is UNTITLED_TABLE_1; A applied the adjacent donut's title to both structures and B used three different section and table strings for one table on one page. source_section takes the printed running heading, which A left blank. metric_name Allocation (B); A's Fair Value Allocation is not printed anywhere. Total portfolio is the fund aggregate, so subject_type portfolio. Values keep the printed % on the 2012 column with the gap closed (A).",RESOLVED,A+B+ADJUDICATOR,b3af59d56f279544cb25facf64f5998fc8108300a745dd3fa7a91a63ab855230
99aabc5701dae205d33f,SRC192,2,PAIR_8DED7512983ED880681974CA,CONTEXT_CONFLICT,87,111,source_section|metric_name,MERGE,"the ten-year allocation table prints no title of its own, so source_table is UNTITLED_TABLE_1; A applied the adjacent donut's title to both structures and B used three different section and table strings for one table on one page. source_section takes the printed running heading, which A left blank. metric_name Allocation (B); A's Fair Value Allocation is not printed anywhere. Total portfolio is the fund aggregate, so subject_type portfolio. Values keep the printed % on the 2012 column with the gap closed (A).",RESOLVED,A+B+ADJUDICATOR,b3af59d56f279544cb25facf64f5998fc8108300a745dd3fa7a91a63ab855230
1689cd18988772052dce,SRC192,2,PAIR_1B8B3CF57458F04813C7D35B,CONTEXT_CONFLICT,88,112,source_section|metric_name,MERGE,"the ten-year allocation table prints no title of its own, so source_table is UNTITLED_TABLE_1; A applied the adjacent donut's title to both structures and B used three different section and table strings for one table on one page. source_section takes the printed running heading, which A left blank. metric_name Allocation (B); A's Fair Value Allocation is not printed anywhere. Total portfolio is the fund aggregate, so subject_type portfolio. Values keep the printed % on the 2012 column with the gap closed (A).",RESOLVED,A+B+ADJUDICATOR,b3af59d56f279544cb25facf64f5998fc8108300a745dd3fa7a91a63ab855230
5f32b6920920c9d6c418,SRC192,2,PAIR_F7B5B428AAE4DAE81DBFDE96,CONTEXT_CONFLICT,89,113,source_section|metric_name,MERGE,"the ten-year allocation table prints no title of its own, so source_table is UNTITLED_TABLE_1; A applied the adjacent donut's title to both structures and B used three different section and table strings for one table on one page. source_section takes the printed running heading, which A left blank. metric_name Allocation (B); A's Fair Value Allocation is not printed anywhere. Total portfolio is the fund aggregate, so subject_type portfolio. Values keep the printed % on the 2012 column with the gap closed (A).",RESOLVED,A+B+ADJUDICATOR,b3af59d56f279544cb25facf64f5998fc8108300a745dd3fa7a91a63ab855230
be515460bd60f61fb1e6,SRC192,2,PAIR_E375D785A1D47613BCF06D0A,CONTEXT_CONFLICT,90,114,source_section|metric_name,MERGE,"the ten-year allocation table prints no title of its own, so source_table is UNTITLED_TABLE_1; A applied the adjacent donut's title to both structures and B used three different section and table strings for one table on one page. source_section takes the printed running heading, which A left blank. metric_name Allocation (B); A's Fair Value Allocation is not printed anywhere. Total portfolio is the fund aggregate, so subject_type portfolio. Values keep the printed % on the 2012 column with the gap closed (A).",RESOLVED,A+B+ADJUDICATOR,b3af59d56f279544cb25facf64f5998fc8108300a745dd3fa7a91a63ab855230
811358f37cd5a803e5ff,SRC192,2,PAIR_AEE44756351CDE7792ED255D,CONTEXT_CONFLICT,91,115,source_section|metric_name,MERGE,"the ten-year allocation table prints no title of its own, so source_table is UNTITLED_TABLE_1; A applied the adjacent donut's title to both structures and B used three different section and table strings for one table on one page. source_section takes the printed running heading, which A left blank. metric_name Allocation (B); A's Fair Value Allocation is not printed anywhere. Total portfolio is the fund aggregate, so subject_type portfolio. Values keep the printed % on the 2012 column with the gap closed (A).",RESOLVED,A+B+ADJUDICATOR,b3af59d56f279544cb25facf64f5998fc8108300a745dd3fa7a91a63ab855230
08fcc0104b5d5ddadc23,SRC192,2,PAIR_6FE2FAC2F3A3FDBDB95C32FF,CONTEXT_CONFLICT,92,116,source_section|metric_name,MERGE,"the ten-year allocation table prints no title of its own, so source_table is UNTITLED_TABLE_1; A applied the adjacent donut's title to both structures and B used three different section and table strings for one table on one page. source_section takes the printed running heading, which A left blank. metric_name Allocation (B); A's Fair Value Allocation is not printed anywhere. Total portfolio is the fund aggregate, so subject_type portfolio. Values keep the printed % on the 2012 column with the gap closed (A).",RESOLVED,A+B+ADJUDICATOR,b3af59d56f279544cb25facf64f5998fc8108300a745dd3fa7a91a63ab855230
97fb254e2e6172286144,SRC192,2,PAIR_A00053B51D2E3E8CF176FD04,CONTEXT_CONFLICT,93,117,source_section|metric_name,MERGE,"the ten-year allocation table prints no title of its own, so source_table is UNTITLED_TABLE_1; A applied the adjacent donut's title to both structures and B used three different section and table strings for one table on one page. source_section takes the printed running heading, which A left blank. metric_name Allocation (B); A's Fair Value Allocation is not printed anywhere. Total portfolio is the fund aggregate, so subject_type portfolio. Values keep the printed % on the 2012 column with the gap closed (A).",RESOLVED,A+B+ADJUDICATOR,b3af59d56f279544cb25facf64f5998fc8108300a745dd3fa7a91a63ab855230
b087d8848248e6c22e93,SRC192,2,PAIR_547E80FE431EE72FDD16FDFD,CONTEXT_CONFLICT,94,59,source_section|source_table|metric_name,MERGE,"the ten-year allocation table prints no title of its own, so source_table is UNTITLED_TABLE_1; A applied the adjacent donut's title to both structures and B used three different section and table strings for one table on one page. source_section takes the printed running heading, which A left blank. metric_name Allocation (B); A's Fair Value Allocation is not printed anywhere. Total portfolio is the fund aggregate, so subject_type portfolio. Values keep the printed % on the 2012 column with the gap closed (A).",RESOLVED,A+B+ADJUDICATOR,b3af59d56f279544cb25facf64f5998fc8108300a745dd3fa7a91a63ab855230
297502a11503d1bed94a,SRC192,2,PAIR_B2635E8D6C1C6B13E979F4EF,CONTEXT_CONFLICT,95,60,source_section|source_table|metric_name,MERGE,"the ten-year allocation table prints no title of its own, so source_table is UNTITLED_TABLE_1; A applied the adjacent donut's title to both structures and B used three different section and table strings for one table on one page. source_section takes the printed running heading, which A left blank. metric_name Allocation (B); A's Fair Value Allocation is not printed anywhere. Total portfolio is the fund aggregate, so subject_type portfolio. Values keep the printed % on the 2012 column with the gap closed (A).",RESOLVED,A+B+ADJUDICATOR,b3af59d56f279544cb25facf64f5998fc8108300a745dd3fa7a91a63ab855230
7e0211dfb0acf289ed16,SRC192,2,PAIR_35106397555E479AC6E22A87,CONTEXT_CONFLICT,96,61,source_section|source_table|metric_name,MERGE,"the ten-year allocation table prints no title of its own, so source_table is UNTITLED_TABLE_1; A applied the adjacent donut's title to both structures and B used three different section and table strings for one table on one page. source_section takes the printed running heading, which A left blank. metric_name Allocation (B); A's Fair Value Allocation is not printed anywhere. Total portfolio is the fund aggregate, so subject_type portfolio. Values keep the printed % on the 2012 column with the gap closed (A).",RESOLVED,A+B+ADJUDICATOR,b3af59d56f279544cb25facf64f5998fc8108300a745dd3fa7a91a63ab855230
7a29f773a9e2593687a8,SRC192,2,PAIR_360325D0C4027F214185A971,CONTEXT_CONFLICT,98,62,source_section|source_table|metric_name,MERGE,"the ten-year allocation table prints no title of its own, so source_table is UNTITLED_TABLE_1; A applied the adjacent donut's title to both structures and B used three different section and table strings for one table on one page. source_section takes the printed running heading, which A left blank. metric_name Allocation (B); A's Fair Value Allocation is not printed anywhere. Total portfolio is the fund aggregate, so subject_type portfolio. Values keep the printed % on the 2012 column with the gap closed (A).",RESOLVED,A+B+ADJUDICATOR,b3af59d56f279544cb25facf64f5998fc8108300a745dd3fa7a91a63ab855230
a4c263fd5766fa1655a5,SRC192,2,PAIR_E148AD06CDB688E125672881,CONTEXT_CONFLICT,99,63,source_section|source_table|metric_name,MERGE,"the ten-year allocation table prints no title of its own, so source_table is UNTITLED_TABLE_1; A applied the adjacent donut's title to both structures and B used three different section and table strings for one table on one page. source_section takes the printed running heading, which A left blank. metric_name Allocation (B); A's Fair Value Allocation is not printed anywhere. Total portfolio is the fund aggregate, so subject_type portfolio. Values keep the printed % on the 2012 column with the gap closed (A).",RESOLVED,A+B+ADJUDICATOR,b3af59d56f279544cb25facf64f5998fc8108300a745dd3fa7a91a63ab855230
fdf026c27cd5a53883b1,SRC192,2,PAIR_B9A368C28B8DDD1E86B37471,CONTEXT_CONFLICT,100,64,source_section|source_table|metric_name,MERGE,"the ten-year allocation table prints no title of its own, so source_table is UNTITLED_TABLE_1; A applied the adjacent donut's title to both structures and B used three different section and table strings for one table on one page. source_section takes the printed running heading, which A left blank. metric_name Allocation (B); A's Fair Value Allocation is not printed anywhere. Total portfolio is the fund aggregate, so subject_type portfolio. Values keep the printed % on the 2012 column with the gap closed (A).",RESOLVED,A+B+ADJUDICATOR,b3af59d56f279544cb25facf64f5998fc8108300a745dd3fa7a91a63ab855230
c09d6be7d9ca64c575ba,SRC192,2,PAIR_2064B99FF0BCB54ED0F3C637,CONTEXT_CONFLICT,101,65,source_section|source_table|metric_name,MERGE,"the ten-year allocation table prints no title of its own, so source_table is UNTITLED_TABLE_1; A applied the adjacent donut's title to both structures and B used three different section and table strings for one table on one page. source_section takes the printed running heading, which A left blank. metric_name Allocation (B); A's Fair Value Allocation is not printed anywhere. Total portfolio is the fund aggregate, so subject_type portfolio. Values keep the printed % on the 2012 column with the gap closed (A).",RESOLVED,A+B+ADJUDICATOR,b3af59d56f279544cb25facf64f5998fc8108300a745dd3fa7a91a63ab855230
c89bbca3b53b2e8f0da7,SRC192,2,PAIR_5A06BB7FF68EF558CE345AF2,CONTEXT_CONFLICT,102,66,source_section|source_table|metric_name,MERGE,"the ten-year allocation table prints no title of its own, so source_table is UNTITLED_TABLE_1; A applied the adjacent donut's title to both structures and B used three different section and table strings for one table on one page. source_section takes the printed running heading, which A left blank. metric_name Allocation (B); A's Fair Value Allocation is not printed anywhere. Total portfolio is the fund aggregate, so subject_type portfolio. Values keep the printed % on the 2012 column with the gap closed (A).",RESOLVED,A+B+ADJUDICATOR,b3af59d56f279544cb25facf64f5998fc8108300a745dd3fa7a91a63ab855230
5693d8722f3c18fb1d88,SRC192,2,PAIR_F8B74B5403067B1D092F585C,CONTEXT_CONFLICT,103,67,source_section|source_table|metric_name,MERGE,"the ten-year allocation table prints no title of its own, so source_table is UNTITLED_TABLE_1; A applied the adjacent donut's title to both structures and B used three different section and table strings for one table on one page. source_section takes the printed running heading, which A left blank. metric_name Allocation (B); A's Fair Value Allocation is not printed anywhere. Total portfolio is the fund aggregate, so subject_type portfolio. Values keep the printed % on the 2012 column with the gap closed (A).",RESOLVED,A+B+ADJUDICATOR,b3af59d56f279544cb25facf64f5998fc8108300a745dd3fa7a91a63ab855230
8e8b654baff5da96a32d,SRC192,2,PAIR_C757222938D91F842AFA9D96,CONTEXT_CONFLICT,104,68,source_section|source_table|metric_name,MERGE,"the ten-year allocation table prints no title of its own, so source_table is UNTITLED_TABLE_1; A applied the adjacent donut's title to both structures and B used three different section and table strings for one table on one page. source_section takes the printed running heading, which A left blank. metric_name Allocation (B); A's Fair Value Allocation is not printed anywhere. Total portfolio is the fund aggregate, so subject_type portfolio. Values keep the printed % on the 2012 column with the gap closed (A).",RESOLVED,A+B+ADJUDICATOR,b3af59d56f279544cb25facf64f5998fc8108300a745dd3fa7a91a63ab855230
a3f9d91757960e4930ad,SRC192,2,PAIR_B5DAC17956CEF258B660E6E3,CONTEXT_CONFLICT,105,69,source_section|source_table|metric_name,MERGE,"the ten-year allocation table prints no title of its own, so source_table is UNTITLED_TABLE_1; A applied the adjacent donut's title to both structures and B used three different section and table strings for one table on one page. source_section takes the printed running heading, which A left blank. metric_name Allocation (B); A's Fair Value Allocation is not printed anywhere. Total portfolio is the fund aggregate, so subject_type portfolio. Values keep the printed % on the 2012 column with the gap closed (A).",RESOLVED,A+B+ADJUDICATOR,b3af59d56f279544cb25facf64f5998fc8108300a745dd3fa7a91a63ab855230
32e4d7b47606f8c32cdb,SRC192,2,PAIR_7EFBADF2D0F5170990C69BCF,CONTEXT_CONFLICT,106,70,source_section|source_table|metric_name,MERGE,"the ten-year allocation table prints no title of its own, so source_table is UNTITLED_TABLE_1; A applied the adjacent donut's title to both structures and B used three different section and table strings for one table on one page. source_section takes the printed running heading, which A left blank. metric_name Allocation (B); A's Fair Value Allocation is not printed anywhere. Total portfolio is the fund aggregate, so subject_type portfolio. Values keep the printed % on the 2012 column with the gap closed (A).",RESOLVED,A+B+ADJUDICATOR,b3af59d56f279544cb25facf64f5998fc8108300a745dd3fa7a91a63ab855230
78b08990227d407f6b6e,SRC192,2,PAIR_C65D89FA102946450C66DF3A,CONTEXT_CONFLICT,107,71,source_section|source_table|metric_name,MERGE,"the ten-year allocation table prints no title of its own, so source_table is UNTITLED_TABLE_1; A applied the adjacent donut's title to both structures and B used three different section and table strings for one table on one page. source_section takes the printed running heading, which A left blank. metric_name Allocation (B); A's Fair Value Allocation is not printed anywhere. Total portfolio is the fund aggregate, so subject_type portfolio. Values keep the printed % on the 2012 column with the gap closed (A).",RESOLVED,A+B+ADJUDICATOR,b3af59d56f279544cb25facf64f5998fc8108300a745dd3fa7a91a63ab855230
6ef6f3d7be0e91d48b59,SRC192,2,PAIR_4DBF5CFEA93E50E50EB2CFDD,VALUE_CONFLICT,108,72,source_section|source_table|subject_type|metric_name|metric_value_raw,MERGE,"the ten-year allocation table prints no title of its own, so source_table is UNTITLED_TABLE_1; A applied the adjacent donut's title to both structures and B used three different section and table strings for one table on one page. source_section takes the printed running heading, which A left blank. metric_name Allocation (B); A's Fair Value Allocation is not printed anywhere. Total portfolio is the fund aggregate, so subject_type portfolio. Values keep the printed % on the 2012 column with the gap closed (A).",RESOLVED,A+B+ADJUDICATOR,b3af59d56f279544cb25facf64f5998fc8108300a745dd3fa7a91a63ab855230
fb9287d88290d1ea0489,SRC192,2,PAIR_8560DB7266846BF7B8EA15F9,CLASSIFICATION_CONFLICT,109,73,source_section|source_table|subject_type|metric_name,MERGE,"the ten-year allocation table prints no title of its own, so source_table is UNTITLED_TABLE_1; A applied the adjacent donut's title to both structures and B used three different section and table strings for one table on one page. source_section takes the printed running heading, which A left blank. metric_name Allocation (B); A's Fair Value Allocation is not printed anywhere. Total portfolio is the fund aggregate, so subject_type portfolio. Values keep the printed % on the 2012 column with the gap closed (A).",RESOLVED,A+B+ADJUDICATOR,b3af59d56f279544cb25facf64f5998fc8108300a745dd3fa7a91a63ab855230
a68085adcb3d84d41cb1,SRC192,2,PAIR_F534FFBE1B91D6BE021D801B,CLASSIFICATION_CONFLICT,110,74,source_section|source_table|subject_type|metric_name,MERGE,"the ten-year allocation table prints no title of its own, so source_table is UNTITLED_TABLE_1; A applied the adjacent donut's title to both structures and B used three different section and table strings for one table on one page. source_section takes the printed running heading, which A left blank. metric_name Allocation (B); A's Fair Value Allocation is not printed anywhere. Total portfolio is the fund aggregate, so subject_type portfolio. Values keep the printed % on the 2012 column with the gap closed (A).",RESOLVED,A+B+ADJUDICATOR,b3af59d56f279544cb25facf64f5998fc8108300a745dd3fa7a91a63ab855230
6cd33d8b8ba092128cb3,SRC192,2,PAIR_2669FF9A831998D61DDAD000,CLASSIFICATION_CONFLICT,111,75,source_section|source_table|subject_type|metric_name,MERGE,"the ten-year allocation table prints no title of its own, so source_table is UNTITLED_TABLE_1; A applied the adjacent donut's title to both structures and B used three different section and table strings for one table on one page. source_section takes the printed running heading, which A left blank. metric_name Allocation (B); A's Fair Value Allocation is not printed anywhere. Total portfolio is the fund aggregate, so subject_type portfolio. Values keep the printed % on the 2012 column with the gap closed (A).",RESOLVED,A+B+ADJUDICATOR,b3af59d56f279544cb25facf64f5998fc8108300a745dd3fa7a91a63ab855230
06f337a594e3f2f704b5,SRC192,2,PAIR_C9CC4B9F7A8410E0B291D85E,CLASSIFICATION_CONFLICT,112,76,source_section|source_table|subject_type|metric_name,MERGE,"the ten-year allocation table prints no title of its own, so source_table is UNTITLED_TABLE_1; A applied the adjacent donut's title to both structures and B used three different section and table strings for one table on one page. source_section takes the printed running heading, which A left blank. metric_name Allocation (B); A's Fair Value Allocation is not printed anywhere. Total portfolio is the fund aggregate, so subject_type portfolio. Values keep the printed % on the 2012 column with the gap closed (A).",RESOLVED,A+B+ADJUDICATOR,b3af59d56f279544cb25facf64f5998fc8108300a745dd3fa7a91a63ab855230
73f9ba406504394041d3,SRC192,2,PAIR_8C51674357A818BE79B86D58,CLASSIFICATION_CONFLICT,113,77,source_section|source_table|subject_type|metric_name,MERGE,"the ten-year allocation table prints no title of its own, so source_table is UNTITLED_TABLE_1; A applied the adjacent donut's title to both structures and B used three different section and table strings for one table on one page. source_section takes the printed running heading, which A left blank. metric_name Allocation (B); A's Fair Value Allocation is not printed anywhere. Total portfolio is the fund aggregate, so subject_type portfolio. Values keep the printed % on the 2012 column with the gap closed (A).",RESOLVED,A+B+ADJUDICATOR,b3af59d56f279544cb25facf64f5998fc8108300a745dd3fa7a91a63ab855230
def190cd6de1afeb1be2,SRC192,2,PAIR_CD55C900B4C70E65A2AC7410,CLASSIFICATION_CONFLICT,114,78,source_section|source_table|subject_type|metric_name,MERGE,"the ten-year allocation table prints no title of its own, so source_table is UNTITLED_TABLE_1; A applied the adjacent donut's title to both structures and B used three different section and table strings for one table on one page. source_section takes the printed running heading, which A left blank. metric_name Allocation (B); A's Fair Value Allocation is not printed anywhere. Total portfolio is the fund aggregate, so subject_type portfolio. Values keep the printed % on the 2012 column with the gap closed (A).",RESOLVED,A+B+ADJUDICATOR,b3af59d56f279544cb25facf64f5998fc8108300a745dd3fa7a91a63ab855230
2ef6a9202b5824dbabcb,SRC192,2,PAIR_CCFF698C419363E78575C965,CLASSIFICATION_CONFLICT,115,79,source_section|source_table|subject_type|metric_name,MERGE,"the ten-year allocation table prints no title of its own, so source_table is UNTITLED_TABLE_1; A applied the adjacent donut's title to both structures and B used three different section and table strings for one table on one page. source_section takes the printed running heading, which A left blank. metric_name Allocation (B); A's Fair Value Allocation is not printed anywhere. Total portfolio is the fund aggregate, so subject_type portfolio. Values keep the printed % on the 2012 column with the gap closed (A).",RESOLVED,A+B+ADJUDICATOR,b3af59d56f279544cb25facf64f5998fc8108300a745dd3fa7a91a63ab855230
05aa5f1897fcb606ae78,SRC192,2,PAIR_7A5B17ADEB845C211B903D02,CLASSIFICATION_CONFLICT,116,80,source_section|source_table|subject_type|metric_name,MERGE,"the ten-year allocation table prints no title of its own, so source_table is UNTITLED_TABLE_1; A applied the adjacent donut's title to both structures and B used three different section and table strings for one table on one page. source_section takes the printed running heading, which A left blank. metric_name Allocation (B); A's Fair Value Allocation is not printed anywhere. Total portfolio is the fund aggregate, so subject_type portfolio. Values keep the printed % on the 2012 column with the gap closed (A).",RESOLVED,A+B+ADJUDICATOR,b3af59d56f279544cb25facf64f5998fc8108300a745dd3fa7a91a63ab855230
8658512ebf0459f9aa36,SRC192,2,PAIR_357371940A0CBCCAB7EB8A9F,CLASSIFICATION_CONFLICT,117,81,source_section|source_table|subject_type|metric_name,MERGE,"the ten-year allocation table prints no title of its own, so source_table is UNTITLED_TABLE_1; A applied the adjacent donut's title to both structures and B used three different section and table strings for one table on one page. source_section takes the printed running heading, which A left blank. metric_name Allocation (B); A's Fair Value Allocation is not printed anywhere. Total portfolio is the fund aggregate, so subject_type portfolio. Values keep the printed % on the 2012 column with the gap closed (A).",RESOLVED,A+B+ADJUDICATOR,b3af59d56f279544cb25facf64f5998fc8108300a745dd3fa7a91a63ab855230
b6e6d8cc37e3ef7c9c61,SRC192,2,PAIR_B8D2E7F07C92FA2345592B60,CONTEXT_CONFLICT,119,125,source_table,ACCEPT_B,Both lanes recorded the same wording; the lane carrying the context fields the page prints is the correct reading.,RESOLVED,B,b3af59d56f279544cb25facf64f5998fc8108300a745dd3fa7a91a63ab855230
6cf7ba3eed0a58826130,SRC192,2,PAIR_D63EAA414BEC1880CA6107EE,B_ONLY,,126,,ACCEPT_B,Only lane B recorded this printed note; its evidence_quote is verbatim on the cited page.,VERIFIED_ONE_SIDED,B,b3af59d56f279544cb25facf64f5998fc8108300a745dd3fa7a91a63ab855230
9c69f72c310c6d511f68,SRC192,2,PAIR_81FF9FF710EB3B0903700145,B_ONLY,,127,,ACCEPT_B,Only lane B recorded this printed note; its evidence_quote is verbatim on the cited page.,VERIFIED_ONE_SIDED,B,b3af59d56f279544cb25facf64f5998fc8108300a745dd3fa7a91a63ab855230
453bfb89a080dad2b915,SRC192,2,PAIR_4EEA4C55F0158531478A025F,B_ONLY,,128,,ACCEPT_B,Only lane B recorded this printed note; its evidence_quote is verbatim on the cited page.,VERIFIED_ONE_SIDED,B,b3af59d56f279544cb25facf64f5998fc8108300a745dd3fa7a91a63ab855230
7b54782a1581fbc2d974,SRC192,2,PAIR_20BB18E2B73005DE43944240,B_ONLY,,129,,ACCEPT_B,Only lane B recorded this printed note; its evidence_quote is verbatim on the cited page.,VERIFIED_ONE_SIDED,B,b3af59d56f279544cb25facf64f5998fc8108300a745dd3fa7a91a63ab855230
959bcd9809139b1e2416,SRC192,2,PAIR_B6457732763F603F11013D3D,B_ONLY,,130,,ACCEPT_B,Only lane B recorded this printed note; its evidence_quote is verbatim on the cited page.,VERIFIED_ONE_SIDED,B,b3af59d56f279544cb25facf64f5998fc8108300a745dd3fa7a91a63ab855230
7134211786b90a78e0d4,SRC192,2,PAIR_4B1DF4386D769E8A39A5C01F,B_ONLY,,131,,ACCEPT_B,Only lane B recorded this printed note; its evidence_quote is verbatim on the cited page.,VERIFIED_ONE_SIDED,B,b3af59d56f279544cb25facf64f5998fc8108300a745dd3fa7a91a63ab855230
ddd2f313222c01654b38,SRC192,2,PAIR_64D1E9D96E87C1E503993814,CONTEXT_CONFLICT,118,132,source_table|evidence_quote,ACCEPT_B,Both lanes recorded the same wording; the lane carrying the context fields the page prints is the correct reading.,RESOLVED,B,b3af59d56f279544cb25facf64f5998fc8108300a745dd3fa7a91a63ab855230
f59cb5651e3278ef9956,SRC192,3,PAIR_05332510C14CAD5A1756ACA6,VALUE_CONFLICT,120,133,source_section|text_raw|condition_raw|evidence_quote,ACCEPT_B,Both lanes recorded the note; lane B carries the fuller printed wording.,RESOLVED,B,b3af59d56f279544cb25facf64f5998fc8108300a745dd3fa7a91a63ab855230
b313b94a37769b0f91c6,SRC192,3,PAIR_BCAD2747044DC2B407984332,VALUE_CONFLICT,121,134,source_section|text_raw,ACCEPT_B,Both lanes recorded the note; lane B carries the fuller printed wording.,RESOLVED,B,b3af59d56f279544cb25facf64f5998fc8108300a745dd3fa7a91a63ab855230
e14dcb24a5815b98d031,SRC192,3,PAIR_78EF0D0D04CC659BAC6CB66A,VALUE_CONFLICT,122,135,source_section|text_raw,ACCEPT_B,Both lanes recorded the note; lane B carries the fuller printed wording.,RESOLVED,B,b3af59d56f279544cb25facf64f5998fc8108300a745dd3fa7a91a63ab855230
1c531043a2c1ff2bcea0,SRC192,3,PAIR_B6C2E9E011AC4D8D58C4C009,VALUE_CONFLICT,123,136,source_section|text_raw,ACCEPT_B,Both lanes recorded the note; lane B carries the fuller printed wording.,RESOLVED,B,b3af59d56f279544cb25facf64f5998fc8108300a745dd3fa7a91a63ab855230
ff81ca44729085a626d6,SRC192,3,PAIR_67B456FCFED1E7A9E168107E,VALUE_CONFLICT,124,137,source_section|subject_name|metric_value_raw,MERGE,"the printed column header in this table is Smooth Expected Rate of Return; B took Smoothed Expected Rate of Return from the footnote's wording instead. The Total Investment Portfolio Fair Value column is the plan's stated total assets, so aum (A), not fair_value (B). currency_scale drops the enclosing parentheses of the printed (dollars in millions). Values keep the printed % and $ with the gap closed (A). source_section and subject_name Total Investment Portfolio, the name this page's own column header prints, are B's; A imported Utah Retirement Investment Fund from page 1. Definition backfill: both lanes read the same qualifiers off this cell. Definition backfill: both lanes read the same qualifiers off this cell.",RESOLVED,A+B+ADJUDICATOR,b3af59d56f279544cb25facf64f5998fc8108300a745dd3fa7a91a63ab855230
44fe5753b3382be5044c,SRC192,3,PAIR_8BE1552835F7762A0762262B,VALUE_CONFLICT,125,138,source_section|subject_name|currency_scale|metric_category|metric_value_raw,MERGE,"the printed column header in this table is Smooth Expected Rate of Return; B took Smoothed Expected Rate of Return from the footnote's wording instead. The Total Investment Portfolio Fair Value column is the plan's stated total assets, so aum (A), not fair_value (B). currency_scale drops the enclosing parentheses of the printed (dollars in millions). Values keep the printed % and $ with the gap closed (A). source_section and subject_name Total Investment Portfolio, the name this page's own column header prints, are B's; A imported Utah Retirement Investment Fund from page 1. Definition backfill: both lanes read the same qualifiers off this cell. Definition backfill: both lanes read the same qualifiers off this cell.",RESOLVED,A+B+ADJUDICATOR,b3af59d56f279544cb25facf64f5998fc8108300a745dd3fa7a91a63ab855230
0f070f47c98549850326,SRC192,3,PAIR_D64F17F9BD117902F2BA5864,CLASSIFICATION_CONFLICT,126,139,source_section|subject_name,ACCEPT_B,"B is source-correct on both differing fields: it carries the printed running section heading that A left blank, and it names the subject Total Investment Portfolio as this table's own column header prints it, where A imported Utah Retirement Investment Fund from page 1. Value agreed by both lanes.",RESOLVED,B,b3af59d56f279544cb25facf64f5998fc8108300a745dd3fa7a91a63ab855230
48a86d86dc883e0ac3eb,SRC192,3,PAIR_97FD0E5F2DCAD0721D275AD3,VALUE_CONFLICT,127,140,source_section|subject_name|metric_value_raw,MERGE,"the printed column header in this table is Smooth Expected Rate of Return; B took Smoothed Expected Rate of Return from the footnote's wording instead. The Total Investment Portfolio Fair Value column is the plan's stated total assets, so aum (A), not fair_value (B). currency_scale drops the enclosing parentheses of the printed (dollars in millions). Values keep the printed % and $ with the gap closed (A). source_section and subject_name Total Investment Portfolio, the name this page's own column header prints, are B's; A imported Utah Retirement Investment Fund from page 1. Definition backfill: both lanes read the same qualifiers off this cell. Definition backfill: both lanes read the same qualifiers off this cell.",RESOLVED,A+B+ADJUDICATOR,b3af59d56f279544cb25facf64f5998fc8108300a745dd3fa7a91a63ab855230
31fe10e23f6f04874f37,SRC192,3,PAIR_3AAA954206D4C49F231DA477,CLASSIFICATION_CONFLICT,128,141,source_section|subject_name|currency_scale|metric_category,MERGE,"the printed column header in this table is Smooth Expected Rate of Return; B took Smoothed Expected Rate of Return from the footnote's wording instead. The Total Investment Portfolio Fair Value column is the plan's stated total assets, so aum (A), not fair_value (B). currency_scale drops the enclosing parentheses of the printed (dollars in millions). Values keep the printed % and $ with the gap closed (A). source_section and subject_name Total Investment Portfolio, the name this page's own column header prints, are B's; A imported Utah Retirement Investment Fund from page 1. Definition backfill: both lanes read the same qualifiers off this cell. Definition backfill: both lanes read the same qualifiers off this cell.",RESOLVED,A+B+ADJUDICATOR,b3af59d56f279544cb25facf64f5998fc8108300a745dd3fa7a91a63ab855230
fe4fb2750459ac7e0ff8,SRC192,3,PAIR_2C931CD57F58388A8561A534,CLASSIFICATION_CONFLICT,129,142,source_section|subject_name,ACCEPT_B,"B is source-correct on both differing fields: it carries the printed running section heading that A left blank, and it names the subject Total Investment Portfolio as this table's own column header prints it, where A imported Utah Retirement Investment Fund from page 1. Value agreed by both lanes.",RESOLVED,B,b3af59d56f279544cb25facf64f5998fc8108300a745dd3fa7a91a63ab855230
53f84a9aef6873994195,SRC192,3,PAIR_B61718DC15A74162351EAEFD,CLASSIFICATION_CONFLICT,130,143,source_section|subject_name,ACCEPT_B,"B is source-correct on both differing fields: it carries the printed running section heading that A left blank, and it names the subject Total Investment Portfolio as this table's own column header prints it, where A imported Utah Retirement Investment Fund from page 1. Value agreed by both lanes.",RESOLVED,B,b3af59d56f279544cb25facf64f5998fc8108300a745dd3fa7a91a63ab855230
5eb1306f8f9e917426e8,SRC192,3,PAIR_2EF7D1CBA9C7D554A10E4588,CLASSIFICATION_CONFLICT,131,144,source_section|subject_name|currency_scale|metric_category,MERGE,"the printed column header in this table is Smooth Expected Rate of Return; B took Smoothed Expected Rate of Return from the footnote's wording instead. The Total Investment Portfolio Fair Value column is the plan's stated total assets, so aum (A), not fair_value (B). currency_scale drops the enclosing parentheses of the printed (dollars in millions). Values keep the printed % and $ with the gap closed (A). source_section and subject_name Total Investment Portfolio, the name this page's own column header prints, are B's; A imported Utah Retirement Investment Fund from page 1. Definition backfill: both lanes read the same qualifiers off this cell. Definition backfill: both lanes read the same qualifiers off this cell.",RESOLVED,A+B+ADJUDICATOR,b3af59d56f279544cb25facf64f5998fc8108300a745dd3fa7a91a63ab855230
2e1e08fb1caab9eb6944,SRC192,3,PAIR_3EDABCDAD6C0286EFDFE73E5,CLASSIFICATION_CONFLICT,132,145,source_section|subject_name,ACCEPT_B,"B is source-correct on both differing fields: it carries the printed running section heading that A left blank, and it names the subject Total Investment Portfolio as this table's own column header prints it, where A imported Utah Retirement Investment Fund from page 1. Value agreed by both lanes.",RESOLVED,B,b3af59d56f279544cb25facf64f5998fc8108300a745dd3fa7a91a63ab855230
fe041393427678c206ca,SRC192,3,PAIR_063065903507FFD0203F5D34,CLASSIFICATION_CONFLICT,133,146,source_section|subject_name,ACCEPT_B,"B is source-correct on both differing fields: it carries the printed running section heading that A left blank, and it names the subject Total Investment Portfolio as this table's own column header prints it, where A imported Utah Retirement Investment Fund from page 1. Value agreed by both lanes.",RESOLVED,B,b3af59d56f279544cb25facf64f5998fc8108300a745dd3fa7a91a63ab855230
35bc42562eef237f78ef,SRC192,3,PAIR_4A355C1EE19E851CA7D8964C,CLASSIFICATION_CONFLICT,134,147,source_section|subject_name|currency_scale|metric_category,MERGE,"the printed column header in this table is Smooth Expected Rate of Return; B took Smoothed Expected Rate of Return from the footnote's wording instead. The Total Investment Portfolio Fair Value column is the plan's stated total assets, so aum (A), not fair_value (B). currency_scale drops the enclosing parentheses of the printed (dollars in millions). Values keep the printed % and $ with the gap closed (A). source_section and subject_name Total Investment Portfolio, the name this page's own column header prints, are B's; A imported Utah Retirement Investment Fund from page 1. Definition backfill: both lanes read the same qualifiers off this cell. Definition backfill: both lanes read the same qualifiers off this cell.",RESOLVED,A+B+ADJUDICATOR,b3af59d56f279544cb25facf64f5998fc8108300a745dd3fa7a91a63ab855230
5cf6b58ca07fa07ad505,SRC192,3,PAIR_A0FA2F2D570F27F658B0C5C5,CLASSIFICATION_CONFLICT,135,148,source_section|subject_name,ACCEPT_B,"B is source-correct on both differing fields: it carries the printed running section heading that A left blank, and it names the subject Total Investment Portfolio as this table's own column header prints it, where A imported Utah Retirement Investment Fund from page 1. Value agreed by both lanes.",RESOLVED,B,b3af59d56f279544cb25facf64f5998fc8108300a745dd3fa7a91a63ab855230
cbd7afd5f68f53281ebf,SRC192,3,PAIR_7CD6DD4007E11BD22463C51F,CLASSIFICATION_CONFLICT,136,149,source_section|subject_name,ACCEPT_B,"B is source-correct on both differing fields: it carries the printed running section heading that A left blank, and it names the subject Total Investment Portfolio as this table's own column header prints it, where A imported Utah Retirement Investment Fund from page 1. Value agreed by both lanes.",RESOLVED,B,b3af59d56f279544cb25facf64f5998fc8108300a745dd3fa7a91a63ab855230
8cfad12b125207bb58e9,SRC192,3,PAIR_5A6B75BA8C88CA8D025BF840,CLASSIFICATION_CONFLICT,137,150,source_section|subject_name|currency_scale|metric_category,MERGE,"the printed column header in this table is Smooth Expected Rate of Return; B took Smoothed Expected Rate of Return from the footnote's wording instead. The Total Investment Portfolio Fair Value column is the plan's stated total assets, so aum (A), not fair_value (B). currency_scale drops the enclosing parentheses of the printed (dollars in millions). Values keep the printed % and $ with the gap closed (A). source_section and subject_name Total Investment Portfolio, the name this page's own column header prints, are B's; A imported Utah Retirement Investment Fund from page 1. Definition backfill: both lanes read the same qualifiers off this cell. Definition backfill: both lanes read the same qualifiers off this cell.",RESOLVED,A+B+ADJUDICATOR,b3af59d56f279544cb25facf64f5998fc8108300a745dd3fa7a91a63ab855230
6cb68dc31b8c18438445,SRC192,3,PAIR_B515CAC5A55E4A814F11D9F4,CLASSIFICATION_CONFLICT,138,151,source_section|subject_name,ACCEPT_B,"B is source-correct on both differing fields: it carries the printed running section heading that A left blank, and it names the subject Total Investment Portfolio as this table's own column header prints it, where A imported Utah Retirement Investment Fund from page 1. Value agreed by both lanes.",RESOLVED,B,b3af59d56f279544cb25facf64f5998fc8108300a745dd3fa7a91a63ab855230
949b6d0d41968e88b2d9,SRC192,3,PAIR_F18D59650B3D9219007B91E9,CLASSIFICATION_CONFLICT,139,152,source_section|subject_name,ACCEPT_B,"B is source-correct on both differing fields: it carries the printed running section heading that A left blank, and it names the subject Total Investment Portfolio as this table's own column header prints it, where A imported Utah Retirement Investment Fund from page 1. Value agreed by both lanes.",RESOLVED,B,b3af59d56f279544cb25facf64f5998fc8108300a745dd3fa7a91a63ab855230
b5794af5a30c8269c71d,SRC192,3,PAIR_5BBB8CBE832E46293499998A,CLASSIFICATION_CONFLICT,140,153,source_section|subject_name|currency_scale|metric_category,MERGE,"the printed column header in this table is Smooth Expected Rate of Return; B took Smoothed Expected Rate of Return from the footnote's wording instead. The Total Investment Portfolio Fair Value column is the plan's stated total assets, so aum (A), not fair_value (B). currency_scale drops the enclosing parentheses of the printed (dollars in millions). Values keep the printed % and $ with the gap closed (A). source_section and subject_name Total Investment Portfolio, the name this page's own column header prints, are B's; A imported Utah Retirement Investment Fund from page 1. Definition backfill: both lanes read the same qualifiers off this cell. Definition backfill: both lanes read the same qualifiers off this cell.",RESOLVED,A+B+ADJUDICATOR,b3af59d56f279544cb25facf64f5998fc8108300a745dd3fa7a91a63ab855230
54f33834c32ab2061ad6,SRC192,3,PAIR_49FC2636E6FD9837805CAF36,CLASSIFICATION_CONFLICT,141,154,source_section|subject_name,ACCEPT_B,"B is source-correct on both differing fields: it carries the printed running section heading that A left blank, and it names the subject Total Investment Portfolio as this table's own column header prints it, where A imported Utah Retirement Investment Fund from page 1. Value agreed by both lanes.",RESOLVED,B,b3af59d56f279544cb25facf64f5998fc8108300a745dd3fa7a91a63ab855230
f0018b6d38b7f0c45903,SRC192,3,PAIR_2B9828E7BDEAFB2B42197DE4,CLASSIFICATION_CONFLICT,142,155,source_section|subject_name,ACCEPT_B,"B is source-correct on both differing fields: it carries the printed running section heading that A left blank, and it names the subject Total Investment Portfolio as this table's own column header prints it, where A imported Utah Retirement Investment Fund from page 1. Value agreed by both lanes.",RESOLVED,B,b3af59d56f279544cb25facf64f5998fc8108300a745dd3fa7a91a63ab855230
98e44325224809696f7a,SRC192,3,PAIR_14C37796A8186A229CE08884,CLASSIFICATION_CONFLICT,143,156,source_section|subject_name|currency_scale|metric_category,MERGE,"the printed column header in this table is Smooth Expected Rate of Return; B took Smoothed Expected Rate of Return from the footnote's wording instead. The Total Investment Portfolio Fair Value column is the plan's stated total assets, so aum (A), not fair_value (B). currency_scale drops the enclosing parentheses of the printed (dollars in millions). Values keep the printed % and $ with the gap closed (A). source_section and subject_name Total Investment Portfolio, the name this page's own column header prints, are B's; A imported Utah Retirement Investment Fund from page 1. Definition backfill: both lanes read the same qualifiers off this cell. Definition backfill: both lanes read the same qualifiers off this cell.",RESOLVED,A+B+ADJUDICATOR,b3af59d56f279544cb25facf64f5998fc8108300a745dd3fa7a91a63ab855230
fda3c2140c3d9960b930,SRC192,3,PAIR_2585A6DD05CFCE2AB6EC7B44,CLASSIFICATION_CONFLICT,144,157,source_section|subject_name,ACCEPT_B,"B is source-correct on both differing fields: it carries the printed running section heading that A left blank, and it names the subject Total Investment Portfolio as this table's own column header prints it, where A imported Utah Retirement Investment Fund from page 1. Value agreed by both lanes.",RESOLVED,B,b3af59d56f279544cb25facf64f5998fc8108300a745dd3fa7a91a63ab855230
38c51aa12125dcb0eb4d,SRC192,3,PAIR_11D63B08ED8F0A610BA48B62,CLASSIFICATION_CONFLICT,145,158,source_section|subject_name,ACCEPT_B,"B is source-correct on both differing fields: it carries the printed running section heading that A left blank, and it names the subject Total Investment Portfolio as this table's own column header prints it, where A imported Utah Retirement Investment Fund from page 1. Value agreed by both lanes.",RESOLVED,B,b3af59d56f279544cb25facf64f5998fc8108300a745dd3fa7a91a63ab855230
0a35ab06184889139f19,SRC192,3,PAIR_7EC027DCB075DB8EEFDA4727,CLASSIFICATION_CONFLICT,146,159,source_section|subject_name|currency_scale|metric_category,MERGE,"the printed column header in this table is Smooth Expected Rate of Return; B took Smoothed Expected Rate of Return from the footnote's wording instead. The Total Investment Portfolio Fair Value column is the plan's stated total assets, so aum (A), not fair_value (B). currency_scale drops the enclosing parentheses of the printed (dollars in millions). Values keep the printed % and $ with the gap closed (A). source_section and subject_name Total Investment Portfolio, the name this page's own column header prints, are B's; A imported Utah Retirement Investment Fund from page 1. Definition backfill: both lanes read the same qualifiers off this cell. Definition backfill: both lanes read the same qualifiers off this cell.",RESOLVED,A+B+ADJUDICATOR,b3af59d56f279544cb25facf64f5998fc8108300a745dd3fa7a91a63ab855230
f7fac9f3a50564b74b6b,SRC192,3,PAIR_D2F02CD8A6D5E9AE39A8C320,CLASSIFICATION_CONFLICT,147,160,source_section|subject_name,ACCEPT_B,"B is source-correct on both differing fields: it carries the printed running section heading that A left blank, and it names the subject Total Investment Portfolio as this table's own column header prints it, where A imported Utah Retirement Investment Fund from page 1. Value agreed by both lanes.",RESOLVED,B,b3af59d56f279544cb25facf64f5998fc8108300a745dd3fa7a91a63ab855230
02274a7824b9869ab8b2,SRC192,3,PAIR_861CE889B0A3DA0069C84CB3,CLASSIFICATION_CONFLICT,148,161,source_section|subject_name,ACCEPT_B,"B is source-correct on both differing fields: it carries the printed running section heading that A left blank, and it names the subject Total Investment Portfolio as this table's own column header prints it, where A imported Utah Retirement Investment Fund from page 1. Value agreed by both lanes.",RESOLVED,B,b3af59d56f279544cb25facf64f5998fc8108300a745dd3fa7a91a63ab855230
f4dbe29cbe5da3fa3949,SRC192,3,PAIR_AE9785956C7085EC7D9061BC,CLASSIFICATION_CONFLICT,149,162,source_section|subject_name|currency_scale|metric_category,MERGE,"the printed column header in this table is Smooth Expected Rate of Return; B took Smoothed Expected Rate of Return from the footnote's wording instead. The Total Investment Portfolio Fair Value column is the plan's stated total assets, so aum (A), not fair_value (B). currency_scale drops the enclosing parentheses of the printed (dollars in millions). Values keep the printed % and $ with the gap closed (A). source_section and subject_name Total Investment Portfolio, the name this page's own column header prints, are B's; A imported Utah Retirement Investment Fund from page 1. Definition backfill: both lanes read the same qualifiers off this cell. Definition backfill: both lanes read the same qualifiers off this cell.",RESOLVED,A+B+ADJUDICATOR,b3af59d56f279544cb25facf64f5998fc8108300a745dd3fa7a91a63ab855230
dc4b027505fbfb7b1cde,SRC192,3,PAIR_2C08C7DEB67C345D3BDA21A3,CLASSIFICATION_CONFLICT,150,163,source_section|subject_name,ACCEPT_B,"B is source-correct on both differing fields: it carries the printed running section heading that A left blank, and it names the subject Total Investment Portfolio as this table's own column header prints it, where A imported Utah Retirement Investment Fund from page 1. Value agreed by both lanes.",RESOLVED,B,b3af59d56f279544cb25facf64f5998fc8108300a745dd3fa7a91a63ab855230
d39cede15f10e2d45138,SRC192,3,,ADJUDICATOR_ADD,,,,ADD,"both lanes missed it. Footnote (2) on this page prints the 2021 fair value rate of return net of fees, a figure the table itself does not carry: the table's 17.46 is gross. Printed, stated as fact, and a return, so eligible. Qualifiers attached 2026-09-01: the page defines this figure in the cited footnote, so method and fee_basis are read from it.",ADDED,ADJUDICATOR,b3af59d56f279544cb25facf64f5998fc8108300a745dd3fa7a91a63ab855230
69925f43b79ca2ba7780,SRC192,3,PAIR_C4D64DF108DE1E4203777E18,CLASSIFICATION_CONFLICT,151,164,source_section|subject_name,ACCEPT_B,"B is source-correct on both differing fields: it carries the printed running section heading that A left blank, and it names the subject Total Investment Portfolio as this table's own column header prints it, where A imported Utah Retirement Investment Fund from page 1. Value agreed by both lanes.",RESOLVED,B,b3af59d56f279544cb25facf64f5998fc8108300a745dd3fa7a91a63ab855230
3fc93197a1dfb89e7136,SRC192,3,PAIR_8E5D82A7CDB983E3B58D16D7,CLASSIFICATION_CONFLICT,152,165,source_section|subject_name|currency_scale|metric_category,MERGE,"the printed column header in this table is Smooth Expected Rate of Return; B took Smoothed Expected Rate of Return from the footnote's wording instead. The Total Investment Portfolio Fair Value column is the plan's stated total assets, so aum (A), not fair_value (B). currency_scale drops the enclosing parentheses of the printed (dollars in millions). Values keep the printed % and $ with the gap closed (A). source_section and subject_name Total Investment Portfolio, the name this page's own column header prints, are B's; A imported Utah Retirement Investment Fund from page 1. Definition backfill: both lanes read the same qualifiers off this cell. Definition backfill: both lanes read the same qualifiers off this cell.",RESOLVED,A+B+ADJUDICATOR,b3af59d56f279544cb25facf64f5998fc8108300a745dd3fa7a91a63ab855230
b5c5ff499bac12108e26,SRC192,4,,ADJUDICATOR_ADD,,,,ADD,"both lanes missed it, and the same call was made on SRC389 in this route. The page prints the constituent weights of two named Fund Benchmarks under Benchmark consisting of:. A weight of a named benchmark is a target allocation of that benchmark, which allocation_observation carries as target_allocation; it is not a return and has no home in performance_observation. The subject is the benchmark whose composition it is, so subject_type benchmark and subject_name Fund Benchmark, with the constituent index in asset_class. Both blocks print the label Fund Benchmark, so source_occurrence 1 marks the Global Debt Securities benchmark and 2 the Total Fund benchmark, which is what separates the two rows that both carry Bloomberg U.S. Aggregate Bond Index and the two that both carry Bloomberg World Government Inflation-Linked Bond Index Hedged. Grouping corrected 2026-09-01: the printed value is the benchmark component named by the row label, never an asset-class grouping, so `asset_class` is blank.",ADDED,ADJUDICATOR,b3af59d56f279544cb25facf64f5998fc8108300a745dd3fa7a91a63ab855230
e4f3795d9be02f511c13,SRC192,4,,ADJUDICATOR_ADD,,,,ADD,"both lanes missed it, and the same call was made on SRC389 in this route. The page prints the constituent weights of two named Fund Benchmarks under Benchmark consisting of:. A weight of a named benchmark is a target allocation of that benchmark, which allocation_observation carries as target_allocation; it is not a return and has no home in performance_observation. The subject is the benchmark whose composition it is, so subject_type benchmark and subject_name Fund Benchmark, with the constituent index in asset_class. Both blocks print the label Fund Benchmark, so source_occurrence 1 marks the Global Debt Securities benchmark and 2 the Total Fund benchmark, which is what separates the two rows that both carry Bloomberg U.S. Aggregate Bond Index and the two that both carry Bloomberg World Government Inflation-Linked Bond Index Hedged. Grouping corrected 2026-09-01: the printed value is the benchmark component named by the row label, never an asset-class grouping, so `asset_class` is blank.",ADDED,ADJUDICATOR,b3af59d56f279544cb25facf64f5998fc8108300a745dd3fa7a91a63ab855230
aa19f3b08fcee90fd22e,SRC192,4,,ADJUDICATOR_ADD,,,,ADD,"both lanes missed it, and the same call was made on SRC389 in this route. The page prints the constituent weights of two named Fund Benchmarks under Benchmark consisting of:. A weight of a named benchmark is a target allocation of that benchmark, which allocation_observation carries as target_allocation; it is not a return and has no home in performance_observation. The subject is the benchmark whose composition it is, so subject_type benchmark and subject_name Fund Benchmark, with the constituent index in asset_class. Both blocks print the label Fund Benchmark, so source_occurrence 1 marks the Global Debt Securities benchmark and 2 the Total Fund benchmark, which is what separates the two rows that both carry Bloomberg U.S. Aggregate Bond Index and the two that both carry Bloomberg World Government Inflation-Linked Bond Index Hedged. Grouping corrected 2026-09-01: the printed value is the benchmark component named by the row label, never an asset-class grouping, so `asset_class` is blank.",ADDED,ADJUDICATOR,b3af59d56f279544cb25facf64f5998fc8108300a745dd3fa7a91a63ab855230
b063e159e76d2973613d,SRC192,4,,ADJUDICATOR_ADD,,,,ADD,"both lanes missed it, and the same call was made on SRC389 in this route. The page prints the constituent weights of two named Fund Benchmarks under Benchmark consisting of:. A weight of a named benchmark is a target allocation of that benchmark, which allocation_observation carries as target_allocation; it is not a return and has no home in performance_observation. The subject is the benchmark whose composition it is, so subject_type benchmark and subject_name Fund Benchmark, with the constituent index in asset_class. Both blocks print the label Fund Benchmark, so source_occurrence 1 marks the Global Debt Securities benchmark and 2 the Total Fund benchmark, which is what separates the two rows that both carry Bloomberg U.S. Aggregate Bond Index and the two that both carry Bloomberg World Government Inflation-Linked Bond Index Hedged. Grouping corrected 2026-09-01: the printed value is the benchmark component named by the row label, never an asset-class grouping, so `asset_class` is blank.",ADDED,ADJUDICATOR,b3af59d56f279544cb25facf64f5998fc8108300a745dd3fa7a91a63ab855230
9b90d99003456e0dd7a8,SRC192,4,,ADJUDICATOR_ADD,,,,ADD,"both lanes missed it, and the same call was made on SRC389 in this route. The page prints the constituent weights of two named Fund Benchmarks under Benchmark consisting of:. A weight of a named benchmark is a target allocation of that benchmark, which allocation_observation carries as target_allocation; it is not a return and has no home in performance_observation. The subject is the benchmark whose composition it is, so subject_type benchmark and subject_name Fund Benchmark, with the constituent index in asset_class. Both blocks print the label Fund Benchmark, so source_occurrence 1 marks the Global Debt Securities benchmark and 2 the Total Fund benchmark, which is what separates the two rows that both carry Bloomberg U.S. Aggregate Bond Index and the two that both carry Bloomberg World Government Inflation-Linked Bond Index Hedged. Grouping corrected 2026-09-01: the printed value is the benchmark component named by the row label, never an asset-class grouping, so `asset_class` is blank.",ADDED,ADJUDICATOR,b3af59d56f279544cb25facf64f5998fc8108300a745dd3fa7a91a63ab855230
02ce4764f71c8312a5b5,SRC192,4,,ADJUDICATOR_ADD,,,,ADD,"both lanes missed it, and the same call was made on SRC389 in this route. The page prints the constituent weights of two named Fund Benchmarks under Benchmark consisting of:. A weight of a named benchmark is a target allocation of that benchmark, which allocation_observation carries as target_allocation; it is not a return and has no home in performance_observation. The subject is the benchmark whose composition it is, so subject_type benchmark and subject_name Fund Benchmark, with the constituent index in asset_class. Both blocks print the label Fund Benchmark, so source_occurrence 1 marks the Global Debt Securities benchmark and 2 the Total Fund benchmark, which is what separates the two rows that both carry Bloomberg U.S. Aggregate Bond Index and the two that both carry Bloomberg World Government Inflation-Linked Bond Index Hedged. Grouping corrected 2026-09-01: the printed value is the benchmark component named by the row label, never an asset-class grouping, so `asset_class` is blank.",ADDED,ADJUDICATOR,b3af59d56f279544cb25facf64f5998fc8108300a745dd3fa7a91a63ab855230
729d04970e7a52ea8b7c,SRC192,4,,ADJUDICATOR_ADD,,,,ADD,"both lanes missed it, and the same call was made on SRC389 in this route. The page prints the constituent weights of two named Fund Benchmarks under Benchmark consisting of:. A weight of a named benchmark is a target allocation of that benchmark, which allocation_observation carries as target_allocation; it is not a return and has no home in performance_observation. The subject is the benchmark whose composition it is, so subject_type benchmark and subject_name Fund Benchmark, with the constituent index in asset_class. Both blocks print the label Fund Benchmark, so source_occurrence 1 marks the Global Debt Securities benchmark and 2 the Total Fund benchmark, which is what separates the two rows that both carry Bloomberg U.S. Aggregate Bond Index and the two that both carry Bloomberg World Government Inflation-Linked Bond Index Hedged. Grouping corrected 2026-09-01: the printed value is the benchmark component named by the row label, never an asset-class grouping, so `asset_class` is blank.",ADDED,ADJUDICATOR,b3af59d56f279544cb25facf64f5998fc8108300a745dd3fa7a91a63ab855230
9d9f67af08dde31f4751,SRC192,4,,ADJUDICATOR_ADD,,,,ADD,"both lanes missed it, and the same call was made on SRC389 in this route. The page prints the constituent weights of two named Fund Benchmarks under Benchmark consisting of:. A weight of a named benchmark is a target allocation of that benchmark, which allocation_observation carries as target_allocation; it is not a return and has no home in performance_observation. The subject is the benchmark whose composition it is, so subject_type benchmark and subject_name Fund Benchmark, with the constituent index in asset_class. Both blocks print the label Fund Benchmark, so source_occurrence 1 marks the Global Debt Securities benchmark and 2 the Total Fund benchmark, which is what separates the two rows that both carry Bloomberg U.S. Aggregate Bond Index and the two that both carry Bloomberg World Government Inflation-Linked Bond Index Hedged. Grouping corrected 2026-09-01: the printed value is the benchmark component named by the row label, never an asset-class grouping, so `asset_class` is blank.",ADDED,ADJUDICATOR,b3af59d56f279544cb25facf64f5998fc8108300a745dd3fa7a91a63ab855230
626f34e1ffde0fb5c593,SRC192,4,,ADJUDICATOR_ADD,,,,ADD,"both lanes missed it, and the same call was made on SRC389 in this route. The page prints the constituent weights of two named Fund Benchmarks under Benchmark consisting of:. A weight of a named benchmark is a target allocation of that benchmark, which allocation_observation carries as target_allocation; it is not a return and has no home in performance_observation. The subject is the benchmark whose composition it is, so subject_type benchmark and subject_name Fund Benchmark, with the constituent index in asset_class. Both blocks print the label Fund Benchmark, so source_occurrence 1 marks the Global Debt Securities benchmark and 2 the Total Fund benchmark, which is what separates the two rows that both carry Bloomberg U.S. Aggregate Bond Index and the two that both carry Bloomberg World Government Inflation-Linked Bond Index Hedged. Grouping corrected 2026-09-01: the printed value is the benchmark component named by the row label, never an asset-class grouping, so `asset_class` is blank.",ADDED,ADJUDICATOR,b3af59d56f279544cb25facf64f5998fc8108300a745dd3fa7a91a63ab855230
0d987ace2b65ad620a5e,SRC192,4,,ADJUDICATOR_ADD,,,,ADD,"both lanes missed it, and the same call was made on SRC389 in this route. The page prints the constituent weights of two named Fund Benchmarks under Benchmark consisting of:. A weight of a named benchmark is a target allocation of that benchmark, which allocation_observation carries as target_allocation; it is not a return and has no home in performance_observation. The subject is the benchmark whose composition it is, so subject_type benchmark and subject_name Fund Benchmark, with the constituent index in asset_class. Both blocks print the label Fund Benchmark, so source_occurrence 1 marks the Global Debt Securities benchmark and 2 the Total Fund benchmark, which is what separates the two rows that both carry Bloomberg U.S. Aggregate Bond Index and the two that both carry Bloomberg World Government Inflation-Linked Bond Index Hedged. Grouping corrected 2026-09-01: the printed value is the benchmark component named by the row label, never an asset-class grouping, so `asset_class` is blank.",ADDED,ADJUDICATOR,b3af59d56f279544cb25facf64f5998fc8108300a745dd3fa7a91a63ab855230
923bc36ad239d0a53043,SRC192,4,PAIR_E87E358101B173239D21EBDD,VALUE_CONFLICT,153,166,source_section|text_raw|evidence_quote,ACCEPT_B,Both lanes recorded the note; lane B carries the fuller printed wording.,RESOLVED,B,b3af59d56f279544cb25facf64f5998fc8108300a745dd3fa7a91a63ab855230
1fd4a625eb4014d6bfab,SRC192,4,PAIR_2E8E8C847A2A0DACDB4397BA,VALUE_CONFLICT,154,167,source_section|text_raw,ACCEPT_B,Both lanes recorded the note; lane B carries the fuller printed wording.,RESOLVED,B,b3af59d56f279544cb25facf64f5998fc8108300a745dd3fa7a91a63ab855230
0bdf8019d9d466903dec,SRC192,4,PAIR_07EBD1E74CE7053C76D66D87,VALUE_CONFLICT,155,168,source_section|text_raw,ACCEPT_B,Both lanes recorded the note; lane B carries the fuller printed wording.,RESOLVED,B,b3af59d56f279544cb25facf64f5998fc8108300a745dd3fa7a91a63ab855230
68f0f3651bc7ae52d35d,SRC192,4,PAIR_4780FDC0E28376A1D0174903,VALUE_CONFLICT,156,169,source_section|text_raw,ACCEPT_B,Both lanes recorded the note; lane B carries the fuller printed wording.,RESOLVED,B,b3af59d56f279544cb25facf64f5998fc8108300a745dd3fa7a91a63ab855230
8179520073faf04b5546,SRC192,4,PAIR_AB9226C6770EC80CC12E687F,VALUE_CONFLICT,157,170,source_section|text_raw,ACCEPT_B,Both lanes recorded the note; lane B carries the fuller printed wording.,RESOLVED,B,b3af59d56f279544cb25facf64f5998fc8108300a745dd3fa7a91a63ab855230
7b9fa6a7ea5bbaba767a,SRC192,4,PAIR_51154005472BFBED21C136F5,VALUE_CONFLICT,158,171,source_section|text_raw,ACCEPT_B,Both lanes recorded the note; lane B carries the fuller printed wording.,RESOLVED,B,b3af59d56f279544cb25facf64f5998fc8108300a745dd3fa7a91a63ab855230
b35ca4a1b259d63eeb7a,SRC192,4,PAIR_C5EE79B9ABB825A9608E8F73,CONTEXT_CONFLICT,159,172,source_section|metric_name,MERGE,"the table's rows are entities and its columns are periods, so metric_name takes the table's own printed title Comparative Investment Results; neither A's Return nor B's Comparative Return is printed. CAI Public Fund Very Large Database Median is a peer universe median, so peer_group (A); Inflation is a reference series rather than any row's benchmark, so market_series (A); 3 Month Treasury Bills is the comparative index for Short Term, so benchmark (B). The Global Equity row prints the % on all four of its cells and B dropped it. source_section and asset_class are B's, both printed and both blank in A. Definition backfill: both lanes read the same qualifiers off this cell. Definition backfill: both lanes read the same qualifiers off this cell.",RESOLVED,A+B+ADJUDICATOR,b3af59d56f279544cb25facf64f5998fc8108300a745dd3fa7a91a63ab855230
edc399dfcf595a53d38b,SRC192,4,PAIR_E52F953CCE0C42184FD9254E,CONTEXT_CONFLICT,160,173,source_section|metric_name,MERGE,"the table's rows are entities and its columns are periods, so metric_name takes the table's own printed title Comparative Investment Results; neither A's Return nor B's Comparative Return is printed. CAI Public Fund Very Large Database Median is a peer universe median, so peer_group (A); Inflation is a reference series rather than any row's benchmark, so market_series (A); 3 Month Treasury Bills is the comparative index for Short Term, so benchmark (B). The Global Equity row prints the % on all four of its cells and B dropped it. source_section and asset_class are B's, both printed and both blank in A. Definition backfill: both lanes read the same qualifiers off this cell. Definition backfill: both lanes read the same qualifiers off this cell.",RESOLVED,A+B+ADJUDICATOR,b3af59d56f279544cb25facf64f5998fc8108300a745dd3fa7a91a63ab855230
e07fe97bb92e6df5f987,SRC192,4,PAIR_19A149A0583A2EBD8B69B42F,CONTEXT_CONFLICT,161,174,source_section|metric_name,MERGE,"the table's rows are entities and its columns are periods, so metric_name takes the table's own printed title Comparative Investment Results; neither A's Return nor B's Comparative Return is printed. CAI Public Fund Very Large Database Median is a peer universe median, so peer_group (A); Inflation is a reference series rather than any row's benchmark, so market_series (A); 3 Month Treasury Bills is the comparative index for Short Term, so benchmark (B). The Global Equity row prints the % on all four of its cells and B dropped it. source_section and asset_class are B's, both printed and both blank in A. Definition backfill: both lanes read the same qualifiers off this cell. Definition backfill: both lanes read the same qualifiers off this cell.",RESOLVED,A+B+ADJUDICATOR,b3af59d56f279544cb25facf64f5998fc8108300a745dd3fa7a91a63ab855230
abbb626465e49e7f04f8,SRC192,4,PAIR_5F763BEEC1C5A43D333643A9,CONTEXT_CONFLICT,162,175,source_section|metric_name,MERGE,"the table's rows are entities and its columns are periods, so metric_name takes the table's own printed title Comparative Investment Results; neither A's Return nor B's Comparative Return is printed. CAI Public Fund Very Large Database Median is a peer universe median, so peer_group (A); Inflation is a reference series rather than any row's benchmark, so market_series (A); 3 Month Treasury Bills is the comparative index for Short Term, so benchmark (B). The Global Equity row prints the % on all four of its cells and B dropped it. source_section and asset_class are B's, both printed and both blank in A. Definition backfill: both lanes read the same qualifiers off this cell. Definition backfill: both lanes read the same qualifiers off this cell.",RESOLVED,A+B+ADJUDICATOR,b3af59d56f279544cb25facf64f5998fc8108300a745dd3fa7a91a63ab855230
2e282b96c8b0c3ffbfdd,SRC192,4,PAIR_73ECE376DAA025C00264D2E6,CONTEXT_CONFLICT,163,176,source_section|metric_name,MERGE,"the table's rows are entities and its columns are periods, so metric_name takes the table's own printed title Comparative Investment Results; neither A's Return nor B's Comparative Return is printed. CAI Public Fund Very Large Database Median is a peer universe median, so peer_group (A); Inflation is a reference series rather than any row's benchmark, so market_series (A); 3 Month Treasury Bills is the comparative index for Short Term, so benchmark (B). The Global Equity row prints the % on all four of its cells and B dropped it. source_section and asset_class are B's, both printed and both blank in A. Definition backfill: both lanes read the same qualifiers off this cell. Definition backfill: both lanes read the same qualifiers off this cell.",RESOLVED,A+B+ADJUDICATOR,b3af59d56f279544cb25facf64f5998fc8108300a745dd3fa7a91a63ab855230
6c65ffe90092b9b2272c,SRC192,4,PAIR_9D696D045F99F982F290E26C,CONTEXT_CONFLICT,164,177,source_section|metric_name,MERGE,"the table's rows are entities and its columns are periods, so metric_name takes the table's own printed title Comparative Investment Results; neither A's Return nor B's Comparative Return is printed. CAI Public Fund Very Large Database Median is a peer universe median, so peer_group (A); Inflation is a reference series rather than any row's benchmark, so market_series (A); 3 Month Treasury Bills is the comparative index for Short Term, so benchmark (B). The Global Equity row prints the % on all four of its cells and B dropped it. source_section and asset_class are B's, both printed and both blank in A. Definition backfill: both lanes read the same qualifiers off this cell. Definition backfill: both lanes read the same qualifiers off this cell.",RESOLVED,A+B+ADJUDICATOR,b3af59d56f279544cb25facf64f5998fc8108300a745dd3fa7a91a63ab855230
5347097509c99670837c,SRC192,4,PAIR_2AC965948B0DA410556AAA44,CONTEXT_CONFLICT,165,178,source_section|metric_name,MERGE,"the table's rows are entities and its columns are periods, so metric_name takes the table's own printed title Comparative Investment Results; neither A's Return nor B's Comparative Return is printed. CAI Public Fund Very Large Database Median is a peer universe median, so peer_group (A); Inflation is a reference series rather than any row's benchmark, so market_series (A); 3 Month Treasury Bills is the comparative index for Short Term, so benchmark (B). The Global Equity row prints the % on all four of its cells and B dropped it. source_section and asset_class are B's, both printed and both blank in A. Definition backfill: both lanes read the same qualifiers off this cell. Definition backfill: both lanes read the same qualifiers off this cell.",RESOLVED,A+B+ADJUDICATOR,b3af59d56f279544cb25facf64f5998fc8108300a745dd3fa7a91a63ab855230
ba5c659fc898118ee3c2,SRC192,4,PAIR_FA0EC2FD7D0A2D8AC454E6B4,CONTEXT_CONFLICT,166,179,source_section|metric_name,MERGE,"the table's rows are entities and its columns are periods, so metric_name takes the table's own printed title Comparative Investment Results; neither A's Return nor B's Comparative Return is printed. CAI Public Fund Very Large Database Median is a peer universe median, so peer_group (A); Inflation is a reference series rather than any row's benchmark, so market_series (A); 3 Month Treasury Bills is the comparative index for Short Term, so benchmark (B). The Global Equity row prints the % on all four of its cells and B dropped it. source_section and asset_class are B's, both printed and both blank in A. Definition backfill: both lanes read the same qualifiers off this cell. Definition backfill: both lanes read the same qualifiers off this cell.",RESOLVED,A+B+ADJUDICATOR,b3af59d56f279544cb25facf64f5998fc8108300a745dd3fa7a91a63ab855230
5ffeb42a08f0dbb647bb,SRC192,4,PAIR_0FC088B2113F0C4D69E1AE86,CONTEXT_CONFLICT,167,180,source_section|asset_class|metric_name|basis_raw,MERGE,"the table's rows are entities and its columns are periods, so metric_name takes the table's own printed title Comparative Investment Results; neither A's Return nor B's Comparative Return is printed. CAI Public Fund Very Large Database Median is a peer universe median, so peer_group (A); Inflation is a reference series rather than any row's benchmark, so market_series (A); 3 Month Treasury Bills is the comparative index for Short Term, so benchmark (B). The Global Equity row prints the % on all four of its cells and B dropped it. source_section and asset_class are B's, both printed and both blank in A. Definition backfill: both lanes read the same qualifiers off this cell. Definition backfill: both lanes read the same qualifiers off this cell.",RESOLVED,A+B+ADJUDICATOR,b3af59d56f279544cb25facf64f5998fc8108300a745dd3fa7a91a63ab855230
d1206a1ed747994d1e8e,SRC192,4,PAIR_CF5A920E4207E482350E8B10,CONTEXT_CONFLICT,168,181,source_section|asset_class|metric_name|basis_raw,MERGE,"the table's rows are entities and its columns are periods, so metric_name takes the table's own printed title Comparative Investment Results; neither A's Return nor B's Comparative Return is printed. CAI Public Fund Very Large Database Median is a peer universe median, so peer_group (A); Inflation is a reference series rather than any row's benchmark, so market_series (A); 3 Month Treasury Bills is the comparative index for Short Term, so benchmark (B). The Global Equity row prints the % on all four of its cells and B dropped it. source_section and asset_class are B's, both printed and both blank in A. Definition backfill: both lanes read the same qualifiers off this cell. Definition backfill: both lanes read the same qualifiers off this cell.",RESOLVED,A+B+ADJUDICATOR,b3af59d56f279544cb25facf64f5998fc8108300a745dd3fa7a91a63ab855230
4cadfe9e9abd7da12b3a,SRC192,4,PAIR_64861F989F4A8F31DCA9546B,CONTEXT_CONFLICT,169,182,source_section|asset_class|metric_name|basis_raw,MERGE,"the table's rows are entities and its columns are periods, so metric_name takes the table's own printed title Comparative Investment Results; neither A's Return nor B's Comparative Return is printed. CAI Public Fund Very Large Database Median is a peer universe median, so peer_group (A); Inflation is a reference series rather than any row's benchmark, so market_series (A); 3 Month Treasury Bills is the comparative index for Short Term, so benchmark (B). The Global Equity row prints the % on all four of its cells and B dropped it. source_section and asset_class are B's, both printed and both blank in A. Definition backfill: both lanes read the same qualifiers off this cell. Definition backfill: both lanes read the same qualifiers off this cell.",RESOLVED,A+B+ADJUDICATOR,b3af59d56f279544cb25facf64f5998fc8108300a745dd3fa7a91a63ab855230
77ce58028be0fff50b33,SRC192,4,PAIR_5601EEB9571CD00194611CBC,CONTEXT_CONFLICT,170,183,source_section|asset_class|metric_name|basis_raw,MERGE,"the table's rows are entities and its columns are periods, so metric_name takes the table's own printed title Comparative Investment Results; neither A's Return nor B's Comparative Return is printed. CAI Public Fund Very Large Database Median is a peer universe median, so peer_group (A); Inflation is a reference series rather than any row's benchmark, so market_series (A); 3 Month Treasury Bills is the comparative index for Short Term, so benchmark (B). The Global Equity row prints the % on all four of its cells and B dropped it. source_section and asset_class are B's, both printed and both blank in A. Definition backfill: both lanes read the same qualifiers off this cell. Definition backfill: both lanes read the same qualifiers off this cell.",RESOLVED,A+B+ADJUDICATOR,b3af59d56f279544cb25facf64f5998fc8108300a745dd3fa7a91a63ab855230
6f21dd5f76d2358753df,SRC192,4,PAIR_61F8B94B6059C85FA205F016,CLASSIFICATION_CONFLICT,171,184,source_section|subject_type|metric_name,MERGE,"the table's rows are entities and its columns are periods, so metric_name takes the table's own printed title Comparative Investment Results; neither A's Return nor B's Comparative Return is printed. CAI Public Fund Very Large Database Median is a peer universe median, so peer_group (A); Inflation is a reference series rather than any row's benchmark, so market_series (A); 3 Month Treasury Bills is the comparative index for Short Term, so benchmark (B). The Global Equity row prints the % on all four of its cells and B dropped it. source_section and asset_class are B's, both printed and both blank in A. Definition backfill: both lanes read the same qualifiers off this cell. Definition backfill: both lanes read the same qualifiers off this cell.",RESOLVED,A+B+ADJUDICATOR,b3af59d56f279544cb25facf64f5998fc8108300a745dd3fa7a91a63ab855230
246a14c73a84d16cc4ef,SRC192,4,PAIR_91B1F0945F300DB871DA79A7,CLASSIFICATION_CONFLICT,172,185,source_section|subject_type|metric_name,MERGE,"the table's rows are entities and its columns are periods, so metric_name takes the table's own printed title Comparative Investment Results; neither A's Return nor B's Comparative Return is printed. CAI Public Fund Very Large Database Median is a peer universe median, so peer_group (A); Inflation is a reference series rather than any row's benchmark, so market_series (A); 3 Month Treasury Bills is the comparative index for Short Term, so benchmark (B). The Global Equity row prints the % on all four of its cells and B dropped it. source_section and asset_class are B's, both printed and both blank in A. Definition backfill: both lanes read the same qualifiers off this cell. Definition backfill: both lanes read the same qualifiers off this cell.",RESOLVED,A+B+ADJUDICATOR,b3af59d56f279544cb25facf64f5998fc8108300a745dd3fa7a91a63ab855230
fbc047eabf76127037f0,SRC192,4,PAIR_AF1C39EFCC4227B9451C252C,CLASSIFICATION_CONFLICT,173,186,source_section|subject_type|metric_name,MERGE,"the table's rows are entities and its columns are periods, so metric_name takes the table's own printed title Comparative Investment Results; neither A's Return nor B's Comparative Return is printed. CAI Public Fund Very Large Database Median is a peer universe median, so peer_group (A); Inflation is a reference series rather than any row's benchmark, so market_series (A); 3 Month Treasury Bills is the comparative index for Short Term, so benchmark (B). The Global Equity row prints the % on all four of its cells and B dropped it. source_section and asset_class are B's, both printed and both blank in A. Definition backfill: both lanes read the same qualifiers off this cell. Definition backfill: both lanes read the same qualifiers off this cell.",RESOLVED,A+B+ADJUDICATOR,b3af59d56f279544cb25facf64f5998fc8108300a745dd3fa7a91a63ab855230
d9057d0d460512ef0107,SRC192,4,PAIR_AC62BF3EDDBF1FAB99239146,CLASSIFICATION_CONFLICT,174,187,source_section|subject_type|metric_name,MERGE,"the table's rows are entities and its columns are periods, so metric_name takes the table's own printed title Comparative Investment Results; neither A's Return nor B's Comparative Return is printed. CAI Public Fund Very Large Database Median is a peer universe median, so peer_group (A); Inflation is a reference series rather than any row's benchmark, so market_series (A); 3 Month Treasury Bills is the comparative index for Short Term, so benchmark (B). The Global Equity row prints the % on all four of its cells and B dropped it. source_section and asset_class are B's, both printed and both blank in A. Definition backfill: both lanes read the same qualifiers off this cell. Definition backfill: both lanes read the same qualifiers off this cell.",RESOLVED,A+B+ADJUDICATOR,b3af59d56f279544cb25facf64f5998fc8108300a745dd3fa7a91a63ab855230
1980fca074afe57833c5,SRC192,4,PAIR_8D65BE968916058694C8A138,CONTEXT_CONFLICT,175,188,source_section|metric_name|basis_raw,MERGE,"the table's rows are entities and its columns are periods, so metric_name takes the table's own printed title Comparative Investment Results; neither A's Return nor B's Comparative Return is printed. CAI Public Fund Very Large Database Median is a peer universe median, so peer_group (A); Inflation is a reference series rather than any row's benchmark, so market_series (A); 3 Month Treasury Bills is the comparative index for Short Term, so benchmark (B). The Global Equity row prints the % on all four of its cells and B dropped it. source_section and asset_class are B's, both printed and both blank in A. Definition backfill: both lanes read the same qualifiers off this cell. Definition backfill: both lanes read the same qualifiers off this cell.",RESOLVED,A+B+ADJUDICATOR,b3af59d56f279544cb25facf64f5998fc8108300a745dd3fa7a91a63ab855230
62b08f38b507fad19460,SRC192,4,PAIR_90922365E95FA1765D52D1FE,CONTEXT_CONFLICT,176,189,source_section|metric_name|basis_raw,MERGE,"the table's rows are entities and its columns are periods, so metric_name takes the table's own printed title Comparative Investment Results; neither A's Return nor B's Comparative Return is printed. CAI Public Fund Very Large Database Median is a peer universe median, so peer_group (A); Inflation is a reference series rather than any row's benchmark, so market_series (A); 3 Month Treasury Bills is the comparative index for Short Term, so benchmark (B). The Global Equity row prints the % on all four of its cells and B dropped it. source_section and asset_class are B's, both printed and both blank in A. Definition backfill: both lanes read the same qualifiers off this cell. Definition backfill: both lanes read the same qualifiers off this cell.",RESOLVED,A+B+ADJUDICATOR,b3af59d56f279544cb25facf64f5998fc8108300a745dd3fa7a91a63ab855230
eee978f42743f90e7b3d,SRC192,4,PAIR_2D163FE1C1BC87F6296AF933,CONTEXT_CONFLICT,177,190,source_section|metric_name|basis_raw,MERGE,"the table's rows are entities and its columns are periods, so metric_name takes the table's own printed title Comparative Investment Results; neither A's Return nor B's Comparative Return is printed. CAI Public Fund Very Large Database Median is a peer universe median, so peer_group (A); Inflation is a reference series rather than any row's benchmark, so market_series (A); 3 Month Treasury Bills is the comparative index for Short Term, so benchmark (B). The Global Equity row prints the % on all four of its cells and B dropped it. source_section and asset_class are B's, both printed and both blank in A. Definition backfill: both lanes read the same qualifiers off this cell. Definition backfill: both lanes read the same qualifiers off this cell.",RESOLVED,A+B+ADJUDICATOR,b3af59d56f279544cb25facf64f5998fc8108300a745dd3fa7a91a63ab855230
9f687b36ded4ad3d395a,SRC192,4,PAIR_FCE502A65087F294AD98A007,CONTEXT_CONFLICT,178,191,source_section|metric_name|basis_raw,MERGE,"the table's rows are entities and its columns are periods, so metric_name takes the table's own printed title Comparative Investment Results; neither A's Return nor B's Comparative Return is printed. CAI Public Fund Very Large Database Median is a peer universe median, so peer_group (A); Inflation is a reference series rather than any row's benchmark, so market_series (A); 3 Month Treasury Bills is the comparative index for Short Term, so benchmark (B). The Global Equity row prints the % on all four of its cells and B dropped it. source_section and asset_class are B's, both printed and both blank in A. Definition backfill: both lanes read the same qualifiers off this cell. Definition backfill: both lanes read the same qualifiers off this cell.",RESOLVED,A+B+ADJUDICATOR,b3af59d56f279544cb25facf64f5998fc8108300a745dd3fa7a91a63ab855230
b6b004c4ad2572648fcf,SRC192,4,PAIR_6FD4AE16A127D7DB75E7CF5F,CONTEXT_CONFLICT,179,192,source_section|metric_name|basis_raw,MERGE,"the table's rows are entities and its columns are periods, so metric_name takes the table's own printed title Comparative Investment Results; neither A's Return nor B's Comparative Return is printed. CAI Public Fund Very Large Database Median is a peer universe median, so peer_group (A); Inflation is a reference series rather than any row's benchmark, so market_series (A); 3 Month Treasury Bills is the comparative index for Short Term, so benchmark (B). The Global Equity row prints the % on all four of its cells and B dropped it. source_section and asset_class are B's, both printed and both blank in A. Definition backfill: both lanes read the same qualifiers off this cell. Definition backfill: both lanes read the same qualifiers off this cell.",RESOLVED,A+B+ADJUDICATOR,b3af59d56f279544cb25facf64f5998fc8108300a745dd3fa7a91a63ab855230
829eff4e78be38311a4f,SRC192,4,PAIR_43B1D050D5B7639ABD20642C,CONTEXT_CONFLICT,180,193,source_section|metric_name,MERGE,"the table's rows are entities and its columns are periods, so metric_name takes the table's own printed title Comparative Investment Results; neither A's Return nor B's Comparative Return is printed. CAI Public Fund Very Large Database Median is a peer universe median, so peer_group (A); Inflation is a reference series rather than any row's benchmark, so market_series (A); 3 Month Treasury Bills is the comparative index for Short Term, so benchmark (B). The Global Equity row prints the % on all four of its cells and B dropped it. source_section and asset_class are B's, both printed and both blank in A. Definition backfill: both lanes read the same qualifiers off this cell. Definition backfill: both lanes read the same qualifiers off this cell.",RESOLVED,A+B+ADJUDICATOR,b3af59d56f279544cb25facf64f5998fc8108300a745dd3fa7a91a63ab855230
5b613fd40d0f14d4dab7,SRC192,4,PAIR_C17B604868AFA33EC97DAADC,CONTEXT_CONFLICT,181,194,source_section|metric_name|basis_raw,MERGE,"the table's rows are entities and its columns are periods, so metric_name takes the table's own printed title Comparative Investment Results; neither A's Return nor B's Comparative Return is printed. CAI Public Fund Very Large Database Median is a peer universe median, so peer_group (A); Inflation is a reference series rather than any row's benchmark, so market_series (A); 3 Month Treasury Bills is the comparative index for Short Term, so benchmark (B). The Global Equity row prints the % on all four of its cells and B dropped it. source_section and asset_class are B's, both printed and both blank in A. Definition backfill: both lanes read the same qualifiers off this cell. Definition backfill: both lanes read the same qualifiers off this cell.",RESOLVED,A+B+ADJUDICATOR,b3af59d56f279544cb25facf64f5998fc8108300a745dd3fa7a91a63ab855230
cc595a8ad6624bb6ae20,SRC192,4,PAIR_ECF0BFEE5A126676CC1D1C62,CONTEXT_CONFLICT,182,195,source_section|metric_name,MERGE,"the table's rows are entities and its columns are periods, so metric_name takes the table's own printed title Comparative Investment Results; neither A's Return nor B's Comparative Return is printed. CAI Public Fund Very Large Database Median is a peer universe median, so peer_group (A); Inflation is a reference series rather than any row's benchmark, so market_series (A); 3 Month Treasury Bills is the comparative index for Short Term, so benchmark (B). The Global Equity row prints the % on all four of its cells and B dropped it. source_section and asset_class are B's, both printed and both blank in A. Definition backfill: both lanes read the same qualifiers off this cell. Definition backfill: both lanes read the same qualifiers off this cell.",RESOLVED,A+B+ADJUDICATOR,b3af59d56f279544cb25facf64f5998fc8108300a745dd3fa7a91a63ab855230
5fb04ffc98a09855a0ed,SRC192,4,PAIR_2D1EF2A1D2C5EA34A28BF0C6,CONTEXT_CONFLICT,183,196,source_section|metric_name|basis_raw,MERGE,"the table's rows are entities and its columns are periods, so metric_name takes the table's own printed title Comparative Investment Results; neither A's Return nor B's Comparative Return is printed. CAI Public Fund Very Large Database Median is a peer universe median, so peer_group (A); Inflation is a reference series rather than any row's benchmark, so market_series (A); 3 Month Treasury Bills is the comparative index for Short Term, so benchmark (B). The Global Equity row prints the % on all four of its cells and B dropped it. source_section and asset_class are B's, both printed and both blank in A. Definition backfill: both lanes read the same qualifiers off this cell. Definition backfill: both lanes read the same qualifiers off this cell.",RESOLVED,A+B+ADJUDICATOR,b3af59d56f279544cb25facf64f5998fc8108300a745dd3fa7a91a63ab855230
2b5c7f147245555eb1ef,SRC192,4,PAIR_2F22A74C75A445AAA105CE6B,CONTEXT_CONFLICT,184,197,source_section|metric_name,MERGE,"the table's rows are entities and its columns are periods, so metric_name takes the table's own printed title Comparative Investment Results; neither A's Return nor B's Comparative Return is printed. CAI Public Fund Very Large Database Median is a peer universe median, so peer_group (A); Inflation is a reference series rather than any row's benchmark, so market_series (A); 3 Month Treasury Bills is the comparative index for Short Term, so benchmark (B). The Global Equity row prints the % on all four of its cells and B dropped it. source_section and asset_class are B's, both printed and both blank in A. Definition backfill: both lanes read the same qualifiers off this cell. Definition backfill: both lanes read the same qualifiers off this cell.",RESOLVED,A+B+ADJUDICATOR,b3af59d56f279544cb25facf64f5998fc8108300a745dd3fa7a91a63ab855230
c4f4dacdb4a2126eccca,SRC192,4,PAIR_AE3BE362C132D67D279622EF,CONTEXT_CONFLICT,185,198,source_section|metric_name|basis_raw,MERGE,"the table's rows are entities and its columns are periods, so metric_name takes the table's own printed title Comparative Investment Results; neither A's Return nor B's Comparative Return is printed. CAI Public Fund Very Large Database Median is a peer universe median, so peer_group (A); Inflation is a reference series rather than any row's benchmark, so market_series (A); 3 Month Treasury Bills is the comparative index for Short Term, so benchmark (B). The Global Equity row prints the % on all four of its cells and B dropped it. source_section and asset_class are B's, both printed and both blank in A. Definition backfill: both lanes read the same qualifiers off this cell. Definition backfill: both lanes read the same qualifiers off this cell.",RESOLVED,A+B+ADJUDICATOR,b3af59d56f279544cb25facf64f5998fc8108300a745dd3fa7a91a63ab855230
27fdef583b0dcde63603,SRC192,4,PAIR_F2D13B3D12E4282801098D05,CONTEXT_CONFLICT,186,199,source_section|metric_name,MERGE,"the table's rows are entities and its columns are periods, so metric_name takes the table's own printed title Comparative Investment Results; neither A's Return nor B's Comparative Return is printed. CAI Public Fund Very Large Database Median is a peer universe median, so peer_group (A); Inflation is a reference series rather than any row's benchmark, so market_series (A); 3 Month Treasury Bills is the comparative index for Short Term, so benchmark (B). The Global Equity row prints the % on all four of its cells and B dropped it. source_section and asset_class are B's, both printed and both blank in A. Definition backfill: both lanes read the same qualifiers off this cell. Definition backfill: both lanes read the same qualifiers off this cell.",RESOLVED,A+B+ADJUDICATOR,b3af59d56f279544cb25facf64f5998fc8108300a745dd3fa7a91a63ab855230
c5f20d0e03e58eb9c8e8,SRC192,4,PAIR_915F9CA44A1F92DBB25A4F87,CONTEXT_CONFLICT,187,200,source_section|asset_class|metric_name|basis_raw,MERGE,"the table's rows are entities and its columns are periods, so metric_name takes the table's own printed title Comparative Investment Results; neither A's Return nor B's Comparative Return is printed. CAI Public Fund Very Large Database Median is a peer universe median, so peer_group (A); Inflation is a reference series rather than any row's benchmark, so market_series (A); 3 Month Treasury Bills is the comparative index for Short Term, so benchmark (B). The Global Equity row prints the % on all four of its cells and B dropped it. source_section and asset_class are B's, both printed and both blank in A. Definition backfill: both lanes read the same qualifiers off this cell. Definition backfill: both lanes read the same qualifiers off this cell.",RESOLVED,A+B+ADJUDICATOR,b3af59d56f279544cb25facf64f5998fc8108300a745dd3fa7a91a63ab855230
8d11c5592a142700d8fe,SRC192,4,PAIR_E07BE44B7E1031C3FBA8CF49,CONTEXT_CONFLICT,188,201,source_section|asset_class|metric_name|basis_raw,MERGE,"the table's rows are entities and its columns are periods, so metric_name takes the table's own printed title Comparative Investment Results; neither A's Return nor B's Comparative Return is printed. CAI Public Fund Very Large Database Median is a peer universe median, so peer_group (A); Inflation is a reference series rather than any row's benchmark, so market_series (A); 3 Month Treasury Bills is the comparative index for Short Term, so benchmark (B). The Global Equity row prints the % on all four of its cells and B dropped it. source_section and asset_class are B's, both printed and both blank in A. Definition backfill: both lanes read the same qualifiers off this cell. Definition backfill: both lanes read the same qualifiers off this cell.",RESOLVED,A+B+ADJUDICATOR,b3af59d56f279544cb25facf64f5998fc8108300a745dd3fa7a91a63ab855230
f492cd2d746b5bbeb7ee,SRC192,4,PAIR_6A23DDA09922BEAE62F559EC,CONTEXT_CONFLICT,189,202,source_section|asset_class|metric_name|basis_raw,MERGE,"the table's rows are entities and its columns are periods, so metric_name takes the table's own printed title Comparative Investment Results; neither A's Return nor B's Comparative Return is printed. CAI Public Fund Very Large Database Median is a peer universe median, so peer_group (A); Inflation is a reference series rather than any row's benchmark, so market_series (A); 3 Month Treasury Bills is the comparative index for Short Term, so benchmark (B). The Global Equity row prints the % on all four of its cells and B dropped it. source_section and asset_class are B's, both printed and both blank in A. Definition backfill: both lanes read the same qualifiers off this cell. Definition backfill: both lanes read the same qualifiers off this cell.",RESOLVED,A+B+ADJUDICATOR,b3af59d56f279544cb25facf64f5998fc8108300a745dd3fa7a91a63ab855230
03cd17d83d259a333628,SRC192,4,PAIR_950CACA531022E113565F60C,CONTEXT_CONFLICT,190,203,source_section|asset_class|metric_name|basis_raw,MERGE,"the table's rows are entities and its columns are periods, so metric_name takes the table's own printed title Comparative Investment Results; neither A's Return nor B's Comparative Return is printed. CAI Public Fund Very Large Database Median is a peer universe median, so peer_group (A); Inflation is a reference series rather than any row's benchmark, so market_series (A); 3 Month Treasury Bills is the comparative index for Short Term, so benchmark (B). The Global Equity row prints the % on all four of its cells and B dropped it. source_section and asset_class are B's, both printed and both blank in A. Definition backfill: both lanes read the same qualifiers off this cell. Definition backfill: both lanes read the same qualifiers off this cell.",RESOLVED,A+B+ADJUDICATOR,b3af59d56f279544cb25facf64f5998fc8108300a745dd3fa7a91a63ab855230
4abfc127d127b595c9cc,SRC192,4,PAIR_051BB71D5C27AD984FFEE762,VALUE_CONFLICT,191,204,source_section|asset_class|metric_name|metric_value_raw|basis_raw,MERGE,"the table's rows are entities and its columns are periods, so metric_name takes the table's own printed title Comparative Investment Results; neither A's Return nor B's Comparative Return is printed. CAI Public Fund Very Large Database Median is a peer universe median, so peer_group (A); Inflation is a reference series rather than any row's benchmark, so market_series (A); 3 Month Treasury Bills is the comparative index for Short Term, so benchmark (B). The Global Equity row prints the % on all four of its cells and B dropped it. source_section and asset_class are B's, both printed and both blank in A. Definition backfill: both lanes read the same qualifiers off this cell. Definition backfill: both lanes read the same qualifiers off this cell.",RESOLVED,A+B+ADJUDICATOR,b3af59d56f279544cb25facf64f5998fc8108300a745dd3fa7a91a63ab855230
74c0022a0650c7777999,SRC192,4,PAIR_63C4F64ED0A16B10F09066A9,VALUE_CONFLICT,192,205,source_section|asset_class|metric_name|metric_value_raw|basis_raw,MERGE,"the table's rows are entities and its columns are periods, so metric_name takes the table's own printed title Comparative Investment Results; neither A's Return nor B's Comparative Return is printed. CAI Public Fund Very Large Database Median is a peer universe median, so peer_group (A); Inflation is a reference series rather than any row's benchmark, so market_series (A); 3 Month Treasury Bills is the comparative index for Short Term, so benchmark (B). The Global Equity row prints the % on all four of its cells and B dropped it. source_section and asset_class are B's, both printed and both blank in A. Definition backfill: both lanes read the same qualifiers off this cell. Definition backfill: both lanes read the same qualifiers off this cell.",RESOLVED,A+B+ADJUDICATOR,b3af59d56f279544cb25facf64f5998fc8108300a745dd3fa7a91a63ab855230
cced6512c9914820a142,SRC192,4,PAIR_BD44A936978C2A550F683229,VALUE_CONFLICT,193,206,source_section|asset_class|metric_name|metric_value_raw|basis_raw,MERGE,"the table's rows are entities and its columns are periods, so metric_name takes the table's own printed title Comparative Investment Results; neither A's Return nor B's Comparative Return is printed. CAI Public Fund Very Large Database Median is a peer universe median, so peer_group (A); Inflation is a reference series rather than any row's benchmark, so market_series (A); 3 Month Treasury Bills is the comparative index for Short Term, so benchmark (B). The Global Equity row prints the % on all four of its cells and B dropped it. source_section and asset_class are B's, both printed and both blank in A. Definition backfill: both lanes read the same qualifiers off this cell. Definition backfill: both lanes read the same qualifiers off this cell.",RESOLVED,A+B+ADJUDICATOR,b3af59d56f279544cb25facf64f5998fc8108300a745dd3fa7a91a63ab855230
8931a63b9d8d5dff0165,SRC192,4,PAIR_B72F06AA7967E7A355DC95DE,VALUE_CONFLICT,194,207,source_section|asset_class|metric_name|metric_value_raw|basis_raw,MERGE,"the table's rows are entities and its columns are periods, so metric_name takes the table's own printed title Comparative Investment Results; neither A's Return nor B's Comparative Return is printed. CAI Public Fund Very Large Database Median is a peer universe median, so peer_group (A); Inflation is a reference series rather than any row's benchmark, so market_series (A); 3 Month Treasury Bills is the comparative index for Short Term, so benchmark (B). The Global Equity row prints the % on all four of its cells and B dropped it. source_section and asset_class are B's, both printed and both blank in A. Definition backfill: both lanes read the same qualifiers off this cell. Definition backfill: both lanes read the same qualifiers off this cell.",RESOLVED,A+B+ADJUDICATOR,b3af59d56f279544cb25facf64f5998fc8108300a745dd3fa7a91a63ab855230
4b96dff64ef85997cd9a,SRC192,4,PAIR_A8CADA6E392CA618A4FF5501,CLASSIFICATION_CONFLICT,195,208,source_section|subject_type|metric_name,MERGE,"the table's rows are entities and its columns are periods, so metric_name takes the table's own printed title Comparative Investment Results; neither A's Return nor B's Comparative Return is printed. CAI Public Fund Very Large Database Median is a peer universe median, so peer_group (A); Inflation is a reference series rather than any row's benchmark, so market_series (A); 3 Month Treasury Bills is the comparative index for Short Term, so benchmark (B). The Global Equity row prints the % on all four of its cells and B dropped it. source_section and asset_class are B's, both printed and both blank in A. Definition backfill: both lanes read the same qualifiers off this cell. Definition backfill: both lanes read the same qualifiers off this cell.",RESOLVED,A+B+ADJUDICATOR,b3af59d56f279544cb25facf64f5998fc8108300a745dd3fa7a91a63ab855230
344992a4d88dfbc934e8,SRC192,4,PAIR_49C6D6E56BEAB07F948650C8,CLASSIFICATION_CONFLICT,196,209,source_section|subject_type|metric_name,MERGE,"the table's rows are entities and its columns are periods, so metric_name takes the table's own printed title Comparative Investment Results; neither A's Return nor B's Comparative Return is printed. CAI Public Fund Very Large Database Median is a peer universe median, so peer_group (A); Inflation is a reference series rather than any row's benchmark, so market_series (A); 3 Month Treasury Bills is the comparative index for Short Term, so benchmark (B). The Global Equity row prints the % on all four of its cells and B dropped it. source_section and asset_class are B's, both printed and both blank in A. Definition backfill: both lanes read the same qualifiers off this cell. Definition backfill: both lanes read the same qualifiers off this cell.",RESOLVED,A+B+ADJUDICATOR,b3af59d56f279544cb25facf64f5998fc8108300a745dd3fa7a91a63ab855230
e8e33a66902d2c3c7e90,SRC192,4,PAIR_061CF58F70523C7F6DD2911E,CLASSIFICATION_CONFLICT,197,210,source_section|subject_type|metric_name,MERGE,"the table's rows are entities and its columns are periods, so metric_name takes the table's own printed title Comparative Investment Results; neither A's Return nor B's Comparative Return is printed. CAI Public Fund Very Large Database Median is a peer universe median, so peer_group (A); Inflation is a reference series rather than any row's benchmark, so market_series (A); 3 Month Treasury Bills is the comparative index for Short Term, so benchmark (B). The Global Equity row prints the % on all four of its cells and B dropped it. source_section and asset_class are B's, both printed and both blank in A. Definition backfill: both lanes read the same qualifiers off this cell. Definition backfill: both lanes read the same qualifiers off this cell.",RESOLVED,A+B+ADJUDICATOR,b3af59d56f279544cb25facf64f5998fc8108300a745dd3fa7a91a63ab855230
64227df6318d7cc2ae08,SRC192,4,PAIR_FFC0F266C48382B5FC6D6385,CLASSIFICATION_CONFLICT,198,211,source_section|subject_type|metric_name,MERGE,"the table's rows are entities and its columns are periods, so metric_name takes the table's own printed title Comparative Investment Results; neither A's Return nor B's Comparative Return is printed. CAI Public Fund Very Large Database Median is a peer universe median, so peer_group (A); Inflation is a reference series rather than any row's benchmark, so market_series (A); 3 Month Treasury Bills is the comparative index for Short Term, so benchmark (B). The Global Equity row prints the % on all four of its cells and B dropped it. source_section and asset_class are B's, both printed and both blank in A. Definition backfill: both lanes read the same qualifiers off this cell. Definition backfill: both lanes read the same qualifiers off this cell.",RESOLVED,A+B+ADJUDICATOR,b3af59d56f279544cb25facf64f5998fc8108300a745dd3fa7a91a63ab855230
4e72b597b5e9b87f9b79,SRC192,4,PAIR_2A2AF753657789057557C186,CONTEXT_CONFLICT,199,212,source_section|asset_class|metric_name|basis_raw,MERGE,"the table's rows are entities and its columns are periods, so metric_name takes the table's own printed title Comparative Investment Results; neither A's Return nor B's Comparative Return is printed. CAI Public Fund Very Large Database Median is a peer universe median, so peer_group (A); Inflation is a reference series rather than any row's benchmark, so market_series (A); 3 Month Treasury Bills is the comparative index for Short Term, so benchmark (B). The Global Equity row prints the % on all four of its cells and B dropped it. source_section and asset_class are B's, both printed and both blank in A. Definition backfill: both lanes read the same qualifiers off this cell. Definition backfill: both lanes read the same qualifiers off this cell.",RESOLVED,A+B+ADJUDICATOR,b3af59d56f279544cb25facf64f5998fc8108300a745dd3fa7a91a63ab855230
9b1b3a3c60031f741b2f,SRC192,4,PAIR_46F476FF191B481F9C296CB3,CONTEXT_CONFLICT,200,213,source_section|asset_class|metric_name|basis_raw,MERGE,"the table's rows are entities and its columns are periods, so metric_name takes the table's own printed title Comparative Investment Results; neither A's Return nor B's Comparative Return is printed. CAI Public Fund Very Large Database Median is a peer universe median, so peer_group (A); Inflation is a reference series rather than any row's benchmark, so market_series (A); 3 Month Treasury Bills is the comparative index for Short Term, so benchmark (B). The Global Equity row prints the % on all four of its cells and B dropped it. source_section and asset_class are B's, both printed and both blank in A. Definition backfill: both lanes read the same qualifiers off this cell. Definition backfill: both lanes read the same qualifiers off this cell.",RESOLVED,A+B+ADJUDICATOR,b3af59d56f279544cb25facf64f5998fc8108300a745dd3fa7a91a63ab855230
2bb2e15a2c8bdcd19ad8,SRC192,4,PAIR_CF5C6BDB96520ED0C9AA357D,CONTEXT_CONFLICT,201,214,source_section|asset_class|metric_name|basis_raw,MERGE,"the table's rows are entities and its columns are periods, so metric_name takes the table's own printed title Comparative Investment Results; neither A's Return nor B's Comparative Return is printed. CAI Public Fund Very Large Database Median is a peer universe median, so peer_group (A); Inflation is a reference series rather than any row's benchmark, so market_series (A); 3 Month Treasury Bills is the comparative index for Short Term, so benchmark (B). The Global Equity row prints the % on all four of its cells and B dropped it. source_section and asset_class are B's, both printed and both blank in A. Definition backfill: both lanes read the same qualifiers off this cell. Definition backfill: both lanes read the same qualifiers off this cell.",RESOLVED,A+B+ADJUDICATOR,b3af59d56f279544cb25facf64f5998fc8108300a745dd3fa7a91a63ab855230
3626e791538420d35f84,SRC192,4,PAIR_C98DDDBCC874E9C358EEFC59,CONTEXT_CONFLICT,202,215,source_section|asset_class|metric_name|basis_raw,MERGE,"the table's rows are entities and its columns are periods, so metric_name takes the table's own printed title Comparative Investment Results; neither A's Return nor B's Comparative Return is printed. CAI Public Fund Very Large Database Median is a peer universe median, so peer_group (A); Inflation is a reference series rather than any row's benchmark, so market_series (A); 3 Month Treasury Bills is the comparative index for Short Term, so benchmark (B). The Global Equity row prints the % on all four of its cells and B dropped it. source_section and asset_class are B's, both printed and both blank in A. Definition backfill: both lanes read the same qualifiers off this cell. Definition backfill: both lanes read the same qualifiers off this cell.",RESOLVED,A+B+ADJUDICATOR,b3af59d56f279544cb25facf64f5998fc8108300a745dd3fa7a91a63ab855230
1a096903a2cbe2361fab,SRC192,4,PAIR_AE599274978EC98F678EAB79,CONTEXT_CONFLICT,203,216,source_section|asset_class|metric_name|basis_raw,MERGE,"the table's rows are entities and its columns are periods, so metric_name takes the table's own printed title Comparative Investment Results; neither A's Return nor B's Comparative Return is printed. CAI Public Fund Very Large Database Median is a peer universe median, so peer_group (A); Inflation is a reference series rather than any row's benchmark, so market_series (A); 3 Month Treasury Bills is the comparative index for Short Term, so benchmark (B). The Global Equity row prints the % on all four of its cells and B dropped it. source_section and asset_class are B's, both printed and both blank in A. Definition backfill: both lanes read the same qualifiers off this cell. Definition backfill: both lanes read the same qualifiers off this cell.",RESOLVED,A+B+ADJUDICATOR,b3af59d56f279544cb25facf64f5998fc8108300a745dd3fa7a91a63ab855230
0ad2d7c8db1d5d001e89,SRC192,4,PAIR_76FE87EEFD0789A33994A490,CONTEXT_CONFLICT,204,217,source_section|asset_class|metric_name|basis_raw,MERGE,"the table's rows are entities and its columns are periods, so metric_name takes the table's own printed title Comparative Investment Results; neither A's Return nor B's Comparative Return is printed. CAI Public Fund Very Large Database Median is a peer universe median, so peer_group (A); Inflation is a reference series rather than any row's benchmark, so market_series (A); 3 Month Treasury Bills is the comparative index for Short Term, so benchmark (B). The Global Equity row prints the % on all four of its cells and B dropped it. source_section and asset_class are B's, both printed and both blank in A. Definition backfill: both lanes read the same qualifiers off this cell. Definition backfill: both lanes read the same qualifiers off this cell.",RESOLVED,A+B+ADJUDICATOR,b3af59d56f279544cb25facf64f5998fc8108300a745dd3fa7a91a63ab855230
bbabe9f047b0b4b0b64d,SRC192,4,PAIR_6F6E4D8C4CDA7577B87F5447,CONTEXT_CONFLICT,205,218,source_section|asset_class|metric_name|basis_raw,MERGE,"the table's rows are entities and its columns are periods, so metric_name takes the table's own printed title Comparative Investment Results; neither A's Return nor B's Comparative Return is printed. CAI Public Fund Very Large Database Median is a peer universe median, so peer_group (A); Inflation is a reference series rather than any row's benchmark, so market_series (A); 3 Month Treasury Bills is the comparative index for Short Term, so benchmark (B). The Global Equity row prints the % on all four of its cells and B dropped it. source_section and asset_class are B's, both printed and both blank in A. Definition backfill: both lanes read the same qualifiers off this cell. Definition backfill: both lanes read the same qualifiers off this cell.",RESOLVED,A+B+ADJUDICATOR,b3af59d56f279544cb25facf64f5998fc8108300a745dd3fa7a91a63ab855230
497e7183cf1583da75b2,SRC192,4,PAIR_0F4F56E51F3A745B4ACDA892,CONTEXT_CONFLICT,206,219,source_section|asset_class|metric_name|basis_raw,MERGE,"the table's rows are entities and its columns are periods, so metric_name takes the table's own printed title Comparative Investment Results; neither A's Return nor B's Comparative Return is printed. CAI Public Fund Very Large Database Median is a peer universe median, so peer_group (A); Inflation is a reference series rather than any row's benchmark, so market_series (A); 3 Month Treasury Bills is the comparative index for Short Term, so benchmark (B). The Global Equity row prints the % on all four of its cells and B dropped it. source_section and asset_class are B's, both printed and both blank in A. Definition backfill: both lanes read the same qualifiers off this cell. Definition backfill: both lanes read the same qualifiers off this cell.",RESOLVED,A+B+ADJUDICATOR,b3af59d56f279544cb25facf64f5998fc8108300a745dd3fa7a91a63ab855230
488db6ed2619b4b7f1b6,SRC192,4,PAIR_06AFBA9F41138ED2C2D9CA63,CONTEXT_CONFLICT,207,220,source_section|metric_name,MERGE,"the table's rows are entities and its columns are periods, so metric_name takes the table's own printed title Comparative Investment Results; neither A's Return nor B's Comparative Return is printed. CAI Public Fund Very Large Database Median is a peer universe median, so peer_group (A); Inflation is a reference series rather than any row's benchmark, so market_series (A); 3 Month Treasury Bills is the comparative index for Short Term, so benchmark (B). The Global Equity row prints the % on all four of its cells and B dropped it. source_section and asset_class are B's, both printed and both blank in A. Definition backfill: both lanes read the same qualifiers off this cell. Definition backfill: both lanes read the same qualifiers off this cell.",RESOLVED,A+B+ADJUDICATOR,b3af59d56f279544cb25facf64f5998fc8108300a745dd3fa7a91a63ab855230
fe63e573134efb74ce8d,SRC192,4,PAIR_4CD7414E876208A18856AFE1,CONTEXT_CONFLICT,208,221,source_section|metric_name,MERGE,"the table's rows are entities and its columns are periods, so metric_name takes the table's own printed title Comparative Investment Results; neither A's Return nor B's Comparative Return is printed. CAI Public Fund Very Large Database Median is a peer universe median, so peer_group (A); Inflation is a reference series rather than any row's benchmark, so market_series (A); 3 Month Treasury Bills is the comparative index for Short Term, so benchmark (B). The Global Equity row prints the % on all four of its cells and B dropped it. source_section and asset_class are B's, both printed and both blank in A. Definition backfill: both lanes read the same qualifiers off this cell. Definition backfill: both lanes read the same qualifiers off this cell.",RESOLVED,A+B+ADJUDICATOR,b3af59d56f279544cb25facf64f5998fc8108300a745dd3fa7a91a63ab855230
8a19d2a821d90a951a6f,SRC192,4,PAIR_55BB6AB0E1E52F1EC25192DB,CONTEXT_CONFLICT,209,222,source_section|metric_name,MERGE,"the table's rows are entities and its columns are periods, so metric_name takes the table's own printed title Comparative Investment Results; neither A's Return nor B's Comparative Return is printed. CAI Public Fund Very Large Database Median is a peer universe median, so peer_group (A); Inflation is a reference series rather than any row's benchmark, so market_series (A); 3 Month Treasury Bills is the comparative index for Short Term, so benchmark (B). The Global Equity row prints the % on all four of its cells and B dropped it. source_section and asset_class are B's, both printed and both blank in A. Definition backfill: both lanes read the same qualifiers off this cell. Definition backfill: both lanes read the same qualifiers off this cell.",RESOLVED,A+B+ADJUDICATOR,b3af59d56f279544cb25facf64f5998fc8108300a745dd3fa7a91a63ab855230
c5367120303499654ec5,SRC192,4,PAIR_CCAA1F72407CBE36A239AC93,CONTEXT_CONFLICT,210,223,source_section|metric_name,MERGE,"the table's rows are entities and its columns are periods, so metric_name takes the table's own printed title Comparative Investment Results; neither A's Return nor B's Comparative Return is printed. CAI Public Fund Very Large Database Median is a peer universe median, so peer_group (A); Inflation is a reference series rather than any row's benchmark, so market_series (A); 3 Month Treasury Bills is the comparative index for Short Term, so benchmark (B). The Global Equity row prints the % on all four of its cells and B dropped it. source_section and asset_class are B's, both printed and both blank in A. Definition backfill: both lanes read the same qualifiers off this cell. Definition backfill: both lanes read the same qualifiers off this cell.",RESOLVED,A+B+ADJUDICATOR,b3af59d56f279544cb25facf64f5998fc8108300a745dd3fa7a91a63ab855230
84d8bd70c8ffb50bbb1e,SRC192,4,PAIR_59F060BD245989D21D321A8F,CONTEXT_CONFLICT,211,224,source_section|asset_class|metric_name|basis_raw,MERGE,"the table's rows are entities and its columns are periods, so metric_name takes the table's own printed title Comparative Investment Results; neither A's Return nor B's Comparative Return is printed. CAI Public Fund Very Large Database Median is a peer universe median, so peer_group (A); Inflation is a reference series rather than any row's benchmark, so market_series (A); 3 Month Treasury Bills is the comparative index for Short Term, so benchmark (B). The Global Equity row prints the % on all four of its cells and B dropped it. source_section and asset_class are B's, both printed and both blank in A. Definition backfill: both lanes read the same qualifiers off this cell. Definition backfill: both lanes read the same qualifiers off this cell.",RESOLVED,A+B+ADJUDICATOR,b3af59d56f279544cb25facf64f5998fc8108300a745dd3fa7a91a63ab855230
19c38ffcca7934cc6e96,SRC192,4,PAIR_7909A3AAAF84B8866082EDA3,CONTEXT_CONFLICT,212,225,source_section|asset_class|metric_name|basis_raw,MERGE,"the table's rows are entities and its columns are periods, so metric_name takes the table's own printed title Comparative Investment Results; neither A's Return nor B's Comparative Return is printed. CAI Public Fund Very Large Database Median is a peer universe median, so peer_group (A); Inflation is a reference series rather than any row's benchmark, so market_series (A); 3 Month Treasury Bills is the comparative index for Short Term, so benchmark (B). The Global Equity row prints the % on all four of its cells and B dropped it. source_section and asset_class are B's, both printed and both blank in A. Definition backfill: both lanes read the same qualifiers off this cell. Definition backfill: both lanes read the same qualifiers off this cell.",RESOLVED,A+B+ADJUDICATOR,b3af59d56f279544cb25facf64f5998fc8108300a745dd3fa7a91a63ab855230
b9bf02938fd85bd979c1,SRC192,4,PAIR_2CFF7221D65A6CD23957AD14,CONTEXT_CONFLICT,213,226,source_section|asset_class|metric_name|basis_raw,MERGE,"the table's rows are entities and its columns are periods, so metric_name takes the table's own printed title Comparative Investment Results; neither A's Return nor B's Comparative Return is printed. CAI Public Fund Very Large Database Median is a peer universe median, so peer_group (A); Inflation is a reference series rather than any row's benchmark, so market_series (A); 3 Month Treasury Bills is the comparative index for Short Term, so benchmark (B). The Global Equity row prints the % on all four of its cells and B dropped it. source_section and asset_class are B's, both printed and both blank in A. Definition backfill: both lanes read the same qualifiers off this cell. Definition backfill: both lanes read the same qualifiers off this cell.",RESOLVED,A+B+ADJUDICATOR,b3af59d56f279544cb25facf64f5998fc8108300a745dd3fa7a91a63ab855230
e860a6a76280675c9105,SRC192,4,PAIR_BC6BB5418A0D8447A15D37F8,CONTEXT_CONFLICT,214,227,source_section|asset_class|metric_name|basis_raw,MERGE,"the table's rows are entities and its columns are periods, so metric_name takes the table's own printed title Comparative Investment Results; neither A's Return nor B's Comparative Return is printed. CAI Public Fund Very Large Database Median is a peer universe median, so peer_group (A); Inflation is a reference series rather than any row's benchmark, so market_series (A); 3 Month Treasury Bills is the comparative index for Short Term, so benchmark (B). The Global Equity row prints the % on all four of its cells and B dropped it. source_section and asset_class are B's, both printed and both blank in A. Definition backfill: both lanes read the same qualifiers off this cell. Definition backfill: both lanes read the same qualifiers off this cell.",RESOLVED,A+B+ADJUDICATOR,b3af59d56f279544cb25facf64f5998fc8108300a745dd3fa7a91a63ab855230
3e5aca3a7ffceea9c806,SRC192,4,PAIR_735F08F8C4A8CD3A902FECF3,CONTEXT_CONFLICT,215,228,source_section|metric_name|basis_raw,MERGE,"the table's rows are entities and its columns are periods, so metric_name takes the table's own printed title Comparative Investment Results; neither A's Return nor B's Comparative Return is printed. CAI Public Fund Very Large Database Median is a peer universe median, so peer_group (A); Inflation is a reference series rather than any row's benchmark, so market_series (A); 3 Month Treasury Bills is the comparative index for Short Term, so benchmark (B). The Global Equity row prints the % on all four of its cells and B dropped it. source_section and asset_class are B's, both printed and both blank in A. Definition backfill: both lanes read the same qualifiers off this cell. Definition backfill: both lanes read the same qualifiers off this cell.",RESOLVED,A+B+ADJUDICATOR,b3af59d56f279544cb25facf64f5998fc8108300a745dd3fa7a91a63ab855230
50bc4b4c1f78a8c546c4,SRC192,4,PAIR_E90A47871D666BAE327D2E05,CONTEXT_CONFLICT,216,229,source_section|metric_name|basis_raw,MERGE,"the table's rows are entities and its columns are periods, so metric_name takes the table's own printed title Comparative Investment Results; neither A's Return nor B's Comparative Return is printed. CAI Public Fund Very Large Database Median is a peer universe median, so peer_group (A); Inflation is a reference series rather than any row's benchmark, so market_series (A); 3 Month Treasury Bills is the comparative index for Short Term, so benchmark (B). The Global Equity row prints the % on all four of its cells and B dropped it. source_section and asset_class are B's, both printed and both blank in A. Definition backfill: both lanes read the same qualifiers off this cell. Definition backfill: both lanes read the same qualifiers off this cell.",RESOLVED,A+B+ADJUDICATOR,b3af59d56f279544cb25facf64f5998fc8108300a745dd3fa7a91a63ab855230
ffb41829fadba367aa44,SRC192,4,PAIR_16B8745D935C86B64CEE9493,CONTEXT_CONFLICT,217,230,source_section|metric_name|basis_raw,MERGE,"the table's rows are entities and its columns are periods, so metric_name takes the table's own printed title Comparative Investment Results; neither A's Return nor B's Comparative Return is printed. CAI Public Fund Very Large Database Median is a peer universe median, so peer_group (A); Inflation is a reference series rather than any row's benchmark, so market_series (A); 3 Month Treasury Bills is the comparative index for Short Term, so benchmark (B). The Global Equity row prints the % on all four of its cells and B dropped it. source_section and asset_class are B's, both printed and both blank in A. Definition backfill: both lanes read the same qualifiers off this cell. Definition backfill: both lanes read the same qualifiers off this cell.",RESOLVED,A+B+ADJUDICATOR,b3af59d56f279544cb25facf64f5998fc8108300a745dd3fa7a91a63ab855230
45c62f6075094c95f9f2,SRC192,4,PAIR_E6D10E62E50E7B4315986CC1,CONTEXT_CONFLICT,218,231,source_section|metric_name|basis_raw,MERGE,"the table's rows are entities and its columns are periods, so metric_name takes the table's own printed title Comparative Investment Results; neither A's Return nor B's Comparative Return is printed. CAI Public Fund Very Large Database Median is a peer universe median, so peer_group (A); Inflation is a reference series rather than any row's benchmark, so market_series (A); 3 Month Treasury Bills is the comparative index for Short Term, so benchmark (B). The Global Equity row prints the % on all four of its cells and B dropped it. source_section and asset_class are B's, both printed and both blank in A. Definition backfill: both lanes read the same qualifiers off this cell. Definition backfill: both lanes read the same qualifiers off this cell.",RESOLVED,A+B+ADJUDICATOR,b3af59d56f279544cb25facf64f5998fc8108300a745dd3fa7a91a63ab855230
113631efb40a58a19fdc,SRC192,4,,ADJUDICATOR_ADD,,,,ADD,"both lanes missed it. Footnote *** prints the total fund return net of fees for all four periods, distinct from the gross figures the Total Fund row carries. Printed, stated as fact, and a return, so eligible. The benchmark-composition weights printed on this page are excluded: they define the blended index, not a portfolio allocation. Qualifiers attached 2026-09-01: the page defines this figure in the cited footnote, so method and fee_basis are read from it.",ADDED,ADJUDICATOR,b3af59d56f279544cb25facf64f5998fc8108300a745dd3fa7a91a63ab855230
346434f91124894d84c3,SRC192,4,,ADJUDICATOR_ADD,,,,ADD,"both lanes missed it. Footnote *** prints the total fund return net of fees for all four periods, distinct from the gross figures the Total Fund row carries. Printed, stated as fact, and a return, so eligible. The benchmark-composition weights printed on this page are excluded: they define the blended index, not a portfolio allocation. Qualifiers attached 2026-09-01: the page defines this figure in the cited footnote, so method and fee_basis are read from it.",ADDED,ADJUDICATOR,b3af59d56f279544cb25facf64f5998fc8108300a745dd3fa7a91a63ab855230
9b19d42eb314e90445c5,SRC192,4,,ADJUDICATOR_ADD,,,,ADD,"both lanes missed it. Footnote *** prints the total fund return net of fees for all four periods, distinct from the gross figures the Total Fund row carries. Printed, stated as fact, and a return, so eligible. The benchmark-composition weights printed on this page are excluded: they define the blended index, not a portfolio allocation. Qualifiers attached 2026-09-01: the page defines this figure in the cited footnote, so method and fee_basis are read from it.",ADDED,ADJUDICATOR,b3af59d56f279544cb25facf64f5998fc8108300a745dd3fa7a91a63ab855230
fb77229edf050bafcb66,SRC192,4,,ADJUDICATOR_ADD,,,,ADD,"both lanes missed it. Footnote *** prints the total fund return net of fees for all four periods, distinct from the gross figures the Total Fund row carries. Printed, stated as fact, and a return, so eligible. The benchmark-composition weights printed on this page are excluded: they define the blended index, not a portfolio allocation. Qualifiers attached 2026-09-01: the page defines this figure in the cited footnote, so method and fee_basis are read from it.",ADDED,ADJUDICATOR,b3af59d56f279544cb25facf64f5998fc8108300a745dd3fa7a91a63ab855230
496b1aecfd8e87cc433c,SRC192,4,PAIR_4B0CDCB9AF66E5B3CE915F0D,CLASSIFICATION_CONFLICT,219,232,source_section|subject_type|metric_name,MERGE,"the table's rows are entities and its columns are periods, so metric_name takes the table's own printed title Comparative Investment Results; neither A's Return nor B's Comparative Return is printed. CAI Public Fund Very Large Database Median is a peer universe median, so peer_group (A); Inflation is a reference series rather than any row's benchmark, so market_series (A); 3 Month Treasury Bills is the comparative index for Short Term, so benchmark (B). The Global Equity row prints the % on all four of its cells and B dropped it. source_section and asset_class are B's, both printed and both blank in A. Definition backfill: both lanes read the same qualifiers off this cell. Definition backfill: both lanes read the same qualifiers off this cell.",RESOLVED,A+B+ADJUDICATOR,b3af59d56f279544cb25facf64f5998fc8108300a745dd3fa7a91a63ab855230
a51a77704427c499ab2b,SRC192,4,PAIR_DAD616A8D7A945BD6AD190D2,CLASSIFICATION_CONFLICT,220,233,source_section|subject_type|metric_name,MERGE,"the table's rows are entities and its columns are periods, so metric_name takes the table's own printed title Comparative Investment Results; neither A's Return nor B's Comparative Return is printed. CAI Public Fund Very Large Database Median is a peer universe median, so peer_group (A); Inflation is a reference series rather than any row's benchmark, so market_series (A); 3 Month Treasury Bills is the comparative index for Short Term, so benchmark (B). The Global Equity row prints the % on all four of its cells and B dropped it. source_section and asset_class are B's, both printed and both blank in A. Definition backfill: both lanes read the same qualifiers off this cell. Definition backfill: both lanes read the same qualifiers off this cell.",RESOLVED,A+B+ADJUDICATOR,b3af59d56f279544cb25facf64f5998fc8108300a745dd3fa7a91a63ab855230
e2fb9d8aec66f1b8b887,SRC192,4,PAIR_9D8986F742CB2294A6A41FCF,CLASSIFICATION_CONFLICT,221,234,source_section|subject_type|metric_name,MERGE,"the table's rows are entities and its columns are periods, so metric_name takes the table's own printed title Comparative Investment Results; neither A's Return nor B's Comparative Return is printed. CAI Public Fund Very Large Database Median is a peer universe median, so peer_group (A); Inflation is a reference series rather than any row's benchmark, so market_series (A); 3 Month Treasury Bills is the comparative index for Short Term, so benchmark (B). The Global Equity row prints the % on all four of its cells and B dropped it. source_section and asset_class are B's, both printed and both blank in A. Definition backfill: both lanes read the same qualifiers off this cell. Definition backfill: both lanes read the same qualifiers off this cell.",RESOLVED,A+B+ADJUDICATOR,b3af59d56f279544cb25facf64f5998fc8108300a745dd3fa7a91a63ab855230
5dde087f6c9bbfd8d891,SRC192,4,PAIR_A33C3B6EF5CDD35C5BCB47D9,CLASSIFICATION_CONFLICT,222,235,source_section|subject_type|metric_name,MERGE,"the table's rows are entities and its columns are periods, so metric_name takes the table's own printed title Comparative Investment Results; neither A's Return nor B's Comparative Return is printed. CAI Public Fund Very Large Database Median is a peer universe median, so peer_group (A); Inflation is a reference series rather than any row's benchmark, so market_series (A); 3 Month Treasury Bills is the comparative index for Short Term, so benchmark (B). The Global Equity row prints the % on all four of its cells and B dropped it. source_section and asset_class are B's, both printed and both blank in A. Definition backfill: both lanes read the same qualifiers off this cell. Definition backfill: both lanes read the same qualifiers off this cell.",RESOLVED,A+B+ADJUDICATOR,b3af59d56f279544cb25facf64f5998fc8108300a745dd3fa7a91a63ab855230
c5eb04e6e0ea199a5041,SRC192,5,PAIR_E7A4B50DF89EC9CA6928E259,VALUE_CONFLICT,223,236,source_section|text_raw,ACCEPT_B,Both lanes recorded the note; lane B carries the fuller printed wording.,RESOLVED,B,b3af59d56f279544cb25facf64f5998fc8108300a745dd3fa7a91a63ab855230
72bc1b04ef0ee32e6ef7,SRC192,5,PAIR_2958A2D1A544391C9E0EEB7A,VALUE_CONFLICT,224,237,source_section|text_raw,ACCEPT_B,Both lanes recorded the note; lane B carries the fuller printed wording.,RESOLVED,B,b3af59d56f279544cb25facf64f5998fc8108300a745dd3fa7a91a63ab855230
ff66b9b12d5f603ca39b,SRC192,5,PAIR_DEB0208F2BFF94481B7ECCDF,CLASSIFICATION_CONFLICT,225,238,source_section|subject_type|currency_scale|evidence_quote,MERGE,"source_section takes the printed running heading A left blank. asset_class takes the printed holdings heading, Largest Equity Holdings or Largest Debt Securities Holdings (B). currency_scale is dollars where the page prints $, but blank on the Shares column, which is a share count and not money; B applied dollars there. Values keep the printed $ (A), which B strips. The evidence quote is B's single printed row; A's quote runs the two side-by-side tables of this page together into one line. In the fee schedule the value column has no printed header, so metric_name takes the printed group heading Investment advisor fees or the row's own printed measure; neither A's Fees and Commissions nor B's Fee Amount is printed. subject_type is asset_class for the six class rows, fee_scope for the totals and the brokerage line, service_provider for named brokers, and other_printed_scope for the residual All others bucket.",RESOLVED,A+B+ADJUDICATOR,b3af59d56f279544cb25facf64f5998fc8108300a745dd3fa7a91a63ab855230
571d03ce8fab13ea8a1a,SRC192,5,PAIR_2F673C63F8FA252DF6E5B340,CONTEXT_CONFLICT,226,239,source_section|currency_scale|evidence_quote,ACCEPT_B,"B is source-correct on every differing field: it carries the printed running section heading Defined Benefit Investments (Continued) that A left blank, the printed holdings or fee heading in asset_class, dollars in currency_scale where the page prints $, and a quote that is this row's own printed line, where A's quote runs the page's two side-by-side tables together. Value agreed by both lanes.",RESOLVED,B,b3af59d56f279544cb25facf64f5998fc8108300a745dd3fa7a91a63ab855230
7a926bc2a9bafe37d1f6,SRC192,5,PAIR_AE65A4BCD22CC06FC5AFFB5A,CONTEXT_CONFLICT,227,240,source_section|currency_scale|evidence_quote,ACCEPT_B,"B is source-correct on every differing field: it carries the printed running section heading Defined Benefit Investments (Continued) that A left blank, the printed holdings or fee heading in asset_class, dollars in currency_scale where the page prints $, and a quote that is this row's own printed line, where A's quote runs the page's two side-by-side tables together. Value agreed by both lanes.",RESOLVED,B,b3af59d56f279544cb25facf64f5998fc8108300a745dd3fa7a91a63ab855230
aebe8d826eb8be86083a,SRC192,5,PAIR_0F90F03B4AC9A91A486EFBE7,CONTEXT_CONFLICT,228,241,source_section|currency_scale|evidence_quote,ACCEPT_B,"B is source-correct on every differing field: it carries the printed running section heading Defined Benefit Investments (Continued) that A left blank, the printed holdings or fee heading in asset_class, dollars in currency_scale where the page prints $, and a quote that is this row's own printed line, where A's quote runs the page's two side-by-side tables together. Value agreed by both lanes.",RESOLVED,B,b3af59d56f279544cb25facf64f5998fc8108300a745dd3fa7a91a63ab855230
e9627c386cd2801a1813,SRC192,5,PAIR_2B124C05CE7639517AD419A1,CONTEXT_CONFLICT,229,242,source_section|currency_scale|evidence_quote,ACCEPT_B,"B is source-correct on every differing field: it carries the printed running section heading Defined Benefit Investments (Continued) that A left blank, the printed holdings or fee heading in asset_class, dollars in currency_scale where the page prints $, and a quote that is this row's own printed line, where A's quote runs the page's two side-by-side tables together. Value agreed by both lanes.",RESOLVED,B,b3af59d56f279544cb25facf64f5998fc8108300a745dd3fa7a91a63ab855230
4433fa66c3a0ec913443,SRC192,5,PAIR_DC354B641EFA31458B778CEF,CONTEXT_CONFLICT,230,243,source_section|currency_scale|evidence_quote,ACCEPT_B,"B is source-correct on every differing field: it carries the printed running section heading Defined Benefit Investments (Continued) that A left blank, the printed holdings or fee heading in asset_class, dollars in currency_scale where the page prints $, and a quote that is this row's own printed line, where A's quote runs the page's two side-by-side tables together. Value agreed by both lanes.",RESOLVED,B,b3af59d56f279544cb25facf64f5998fc8108300a745dd3fa7a91a63ab855230
69d7c1fba2a6d73bd291,SRC192,5,PAIR_B2B5FF629EEB05F5B30EB0B3,CONTEXT_CONFLICT,231,244,source_section|currency_scale|evidence_quote,ACCEPT_B,"B is source-correct on every differing field: it carries the printed running section heading Defined Benefit Investments (Continued) that A left blank, the printed holdings or fee heading in asset_class, dollars in currency_scale where the page prints $, and a quote that is this row's own printed line, where A's quote runs the page's two side-by-side tables together. Value agreed by both lanes.",RESOLVED,B,b3af59d56f279544cb25facf64f5998fc8108300a745dd3fa7a91a63ab855230
0a4fd8e6ef867ed91d51,SRC192,5,PAIR_8D5102A2DF2F2D185CF03412,CONTEXT_CONFLICT,232,245,source_section|currency_scale|evidence_quote,ACCEPT_B,"B is source-correct on every differing field: it carries the printed running section heading Defined Benefit Investments (Continued) that A left blank, the printed holdings or fee heading in asset_class, dollars in currency_scale where the page prints $, and a quote that is this row's own printed line, where A's quote runs the page's two side-by-side tables together. Value agreed by both lanes.",RESOLVED,B,b3af59d56f279544cb25facf64f5998fc8108300a745dd3fa7a91a63ab855230
be40593713670d0fbf13,SRC192,5,PAIR_13FF1E9D979C333E921C9277,VALUE_CONFLICT,233,246,source_section|currency_scale|metric_value_raw,MERGE,"source_section takes the printed running heading A left blank. asset_class takes the printed holdings heading, Largest Equity Holdings or Largest Debt Securities Holdings (B). currency_scale is dollars where the page prints $, but blank on the Shares column, which is a share count and not money; B applied dollars there. Values keep the printed $ (A), which B strips. The evidence quote is B's single printed row; A's quote runs the two side-by-side tables of this page together into one line. In the fee schedule the value column has no printed header, so metric_name takes the printed group heading Investment advisor fees or the row's own printed measure; neither A's Fees and Commissions nor B's Fee Amount is printed. subject_type is asset_class for the six class rows, fee_scope for the totals and the brokerage line, service_provider for named brokers, and other_printed_scope for the residual All others bucket.",RESOLVED,A+B+ADJUDICATOR,b3af59d56f279544cb25facf64f5998fc8108300a745dd3fa7a91a63ab855230
94c6763c375db77ef30c,SRC192,5,PAIR_57DFD2E834BBF6875AC9BC42,CONTEXT_CONFLICT,234,247,source_section|currency_scale|evidence_quote,ACCEPT_B,"B is source-correct on every differing field: it carries the printed running section heading Defined Benefit Investments (Continued) that A left blank, the printed holdings or fee heading in asset_class, dollars in currency_scale where the page prints $, and a quote that is this row's own printed line, where A's quote runs the page's two side-by-side tables together. Value agreed by both lanes.",RESOLVED,B,b3af59d56f279544cb25facf64f5998fc8108300a745dd3fa7a91a63ab855230
6cfad82eeb5a47d68ead,SRC192,5,PAIR_0DB416DDCFBABA01F4F0EF8E,VALUE_CONFLICT,235,248,source_section|subject_type|currency_scale|metric_value_raw,MERGE,"source_section takes the printed running heading A left blank. asset_class takes the printed holdings heading, Largest Equity Holdings or Largest Debt Securities Holdings (B). currency_scale is dollars where the page prints $, but blank on the Shares column, which is a share count and not money; B applied dollars there. Values keep the printed $ (A), which B strips. The evidence quote is B's single printed row; A's quote runs the two side-by-side tables of this page together into one line. In the fee schedule the value column has no printed header, so metric_name takes the printed group heading Investment advisor fees or the row's own printed measure; neither A's Fees and Commissions nor B's Fee Amount is printed. subject_type is asset_class for the six class rows, fee_scope for the totals and the brokerage line, service_provider for named brokers, and other_printed_scope for the residual All others bucket.",RESOLVED,A+B+ADJUDICATOR,b3af59d56f279544cb25facf64f5998fc8108300a745dd3fa7a91a63ab855230
b73d28e1e98e2e6e64f8,SRC192,5,PAIR_F09BFED63BA958A318C449D5,CONTEXT_CONFLICT,236,249,source_section|currency_scale|evidence_quote,ACCEPT_B,"B is source-correct on every differing field: it carries the printed running section heading Defined Benefit Investments (Continued) that A left blank, the printed holdings or fee heading in asset_class, dollars in currency_scale where the page prints $, and a quote that is this row's own printed line, where A's quote runs the page's two side-by-side tables together. Value agreed by both lanes.",RESOLVED,B,b3af59d56f279544cb25facf64f5998fc8108300a745dd3fa7a91a63ab855230
3937ea96e4efa8f118e8,SRC192,5,PAIR_E92CB216DD20CFC7524010A2,B_ONLY,,250,,MERGE,"source_section takes the printed running heading A left blank. asset_class takes the printed holdings heading, Largest Equity Holdings or Largest Debt Securities Holdings (B). currency_scale is dollars where the page prints $, but blank on the Shares column, which is a share count and not money; B applied dollars there. Values keep the printed $ (A), which B strips. The evidence quote is B's single printed row; A's quote runs the two side-by-side tables of this page together into one line. In the fee schedule the value column has no printed header, so metric_name takes the printed group heading Investment advisor fees or the row's own printed measure; neither A's Fees and Commissions nor B's Fee Amount is printed. subject_type is asset_class for the six class rows, fee_scope for the totals and the brokerage line, service_provider for named brokers, and other_printed_scope for the residual All others bucket.",RESOLVED,B+ADJUDICATOR,b3af59d56f279544cb25facf64f5998fc8108300a745dd3fa7a91a63ab855230
40b2d365c3fab392f948,SRC192,5,PAIR_502BD3056D9F1470E4DE32AD,B_ONLY,,251,,MERGE,"source_section takes the printed running heading A left blank. asset_class takes the printed holdings heading, Largest Equity Holdings or Largest Debt Securities Holdings (B). currency_scale is dollars where the page prints $, but blank on the Shares column, which is a share count and not money; B applied dollars there. Values keep the printed $ (A), which B strips. The evidence quote is B's single printed row; A's quote runs the two side-by-side tables of this page together into one line. In the fee schedule the value column has no printed header, so metric_name takes the printed group heading Investment advisor fees or the row's own printed measure; neither A's Fees and Commissions nor B's Fee Amount is printed. subject_type is asset_class for the six class rows, fee_scope for the totals and the brokerage line, service_provider for named brokers, and other_printed_scope for the residual All others bucket.",RESOLVED,B+ADJUDICATOR,b3af59d56f279544cb25facf64f5998fc8108300a745dd3fa7a91a63ab855230
626fbfa421de908d2fec,SRC192,5,PAIR_3C5A022114EA24E29C66B371,VALUE_CONFLICT,237,252,source_section|source_column_label|subject_type|currency_scale|metric_name|metric_value_raw,MERGE,"source_section takes the printed running heading A left blank. asset_class takes the printed holdings heading, Largest Equity Holdings or Largest Debt Securities Holdings (B). currency_scale is dollars where the page prints $, but blank on the Shares column, which is a share count and not money; B applied dollars there. Values keep the printed $ (A), which B strips. The evidence quote is B's single printed row; A's quote runs the two side-by-side tables of this page together into one line. In the fee schedule the value column has no printed header, so metric_name takes the printed group heading Investment advisor fees or the row's own printed measure; neither A's Fees and Commissions nor B's Fee Amount is printed. subject_type is asset_class for the six class rows, fee_scope for the totals and the brokerage line, service_provider for named brokers, and other_printed_scope for the residual All others bucket. Definition backfill: both lanes read the same qualifiers off this cell. Definition backfill: both lanes read the same qualifiers off this cell.",RESOLVED,A+B+ADJUDICATOR,b3af59d56f279544cb25facf64f5998fc8108300a745dd3fa7a91a63ab855230
a4bd13e5f16f2c52c19a,SRC192,5,PAIR_B066C9AAF6E9B2445E4733E5,CLASSIFICATION_CONFLICT,238,253,source_section|source_column_label|subject_type|currency_scale|metric_name,MERGE,"source_section takes the printed running heading A left blank. asset_class takes the printed holdings heading, Largest Equity Holdings or Largest Debt Securities Holdings (B). currency_scale is dollars where the page prints $, but blank on the Shares column, which is a share count and not money; B applied dollars there. Values keep the printed $ (A), which B strips. The evidence quote is B's single printed row; A's quote runs the two side-by-side tables of this page together into one line. In the fee schedule the value column has no printed header, so metric_name takes the printed group heading Investment advisor fees or the row's own printed measure; neither A's Fees and Commissions nor B's Fee Amount is printed. subject_type is asset_class for the six class rows, fee_scope for the totals and the brokerage line, service_provider for named brokers, and other_printed_scope for the residual All others bucket. Definition backfill: both lanes read the same qualifiers off this cell. Definition backfill: both lanes read the same qualifiers off this cell.",RESOLVED,A+B+ADJUDICATOR,b3af59d56f279544cb25facf64f5998fc8108300a745dd3fa7a91a63ab855230
1929c091238d2a8aa844,SRC192,5,PAIR_DDCE2ADF06D0D9B4C568EE79,CLASSIFICATION_CONFLICT,239,254,source_section|source_column_label|subject_type|currency_scale|metric_name|evidence_quote,MERGE,"source_section takes the printed running heading A left blank. asset_class takes the printed holdings heading, Largest Equity Holdings or Largest Debt Securities Holdings (B). currency_scale is dollars where the page prints $, but blank on the Shares column, which is a share count and not money; B applied dollars there. Values keep the printed $ (A), which B strips. The evidence quote is B's single printed row; A's quote runs the two side-by-side tables of this page together into one line. In the fee schedule the value column has no printed header, so metric_name takes the printed group heading Investment advisor fees or the row's own printed measure; neither A's Fees and Commissions nor B's Fee Amount is printed. subject_type is asset_class for the six class rows, fee_scope for the totals and the brokerage line, service_provider for named brokers, and other_printed_scope for the residual All others bucket. Definition backfill: both lanes read the same qualifiers off this cell. Definition backfill: both lanes read the same qualifiers off this cell.",RESOLVED,A+B+ADJUDICATOR,b3af59d56f279544cb25facf64f5998fc8108300a745dd3fa7a91a63ab855230
dc657916f9282914afc3,SRC192,5,PAIR_2F9FDB49FF7D962AF0E2996C,CONTEXT_CONFLICT,240,255,source_section|source_column_label|currency_scale|metric_name|evidence_quote,MERGE,"source_section takes the printed running heading A left blank. asset_class takes the printed holdings heading, Largest Equity Holdings or Largest Debt Securities Holdings (B). currency_scale is dollars where the page prints $, but blank on the Shares column, which is a share count and not money; B applied dollars there. Values keep the printed $ (A), which B strips. The evidence quote is B's single printed row; A's quote runs the two side-by-side tables of this page together into one line. In the fee schedule the value column has no printed header, so metric_name takes the printed group heading Investment advisor fees or the row's own printed measure; neither A's Fees and Commissions nor B's Fee Amount is printed. subject_type is asset_class for the six class rows, fee_scope for the totals and the brokerage line, service_provider for named brokers, and other_printed_scope for the residual All others bucket.",RESOLVED,A+B+ADJUDICATOR,b3af59d56f279544cb25facf64f5998fc8108300a745dd3fa7a91a63ab855230
1a629a6e5d137dfe5076,SRC192,5,PAIR_21C1A656B9E26624EF2BDBB8,CLASSIFICATION_CONFLICT,241,256,source_section|source_column_label|subject_type|currency_scale|metric_name|evidence_quote,MERGE,"source_section takes the printed running heading A left blank. asset_class takes the printed holdings heading, Largest Equity Holdings or Largest Debt Securities Holdings (B). currency_scale is dollars where the page prints $, but blank on the Shares column, which is a share count and not money; B applied dollars there. Values keep the printed $ (A), which B strips. The evidence quote is B's single printed row; A's quote runs the two side-by-side tables of this page together into one line. In the fee schedule the value column has no printed header, so metric_name takes the printed group heading Investment advisor fees or the row's own printed measure; neither A's Fees and Commissions nor B's Fee Amount is printed. subject_type is asset_class for the six class rows, fee_scope for the totals and the brokerage line, service_provider for named brokers, and other_printed_scope for the residual All others bucket. Definition backfill: both lanes read the same qualifiers off this cell. Definition backfill: both lanes read the same qualifiers off this cell.",RESOLVED,A+B+ADJUDICATOR,b3af59d56f279544cb25facf64f5998fc8108300a745dd3fa7a91a63ab855230
c4513aaa26fd220772a5,SRC192,5,PAIR_AB0B08A8AA27976F15C8C185,CLASSIFICATION_CONFLICT,242,257,source_section|source_column_label|subject_type|currency_scale|metric_name|evidence_quote,MERGE,"source_section takes the printed running heading A left blank. asset_class takes the printed holdings heading, Largest Equity Holdings or Largest Debt Securities Holdings (B). currency_scale is dollars where the page prints $, but blank on the Shares column, which is a share count and not money; B applied dollars there. Values keep the printed $ (A), which B strips. The evidence quote is B's single printed row; A's quote runs the two side-by-side tables of this page together into one line. In the fee schedule the value column has no printed header, so metric_name takes the printed group heading Investment advisor fees or the row's own printed measure; neither A's Fees and Commissions nor B's Fee Amount is printed. subject_type is asset_class for the six class rows, fee_scope for the totals and the brokerage line, service_provider for named brokers, and other_printed_scope for the residual All others bucket. Definition backfill: both lanes read the same qualifiers off this cell. Definition backfill: both lanes read the same qualifiers off this cell.",RESOLVED,A+B+ADJUDICATOR,b3af59d56f279544cb25facf64f5998fc8108300a745dd3fa7a91a63ab855230
a0f3cd26de088df4495a,SRC192,5,PAIR_264F54AE94736AB3DE577B90,CLASSIFICATION_CONFLICT,243,258,source_section|source_column_label|subject_type|currency_scale|metric_name|evidence_quote,MERGE,"source_section takes the printed running heading A left blank. asset_class takes the printed holdings heading, Largest Equity Holdings or Largest Debt Securities Holdings (B). currency_scale is dollars where the page prints $, but blank on the Shares column, which is a share count and not money; B applied dollars there. Values keep the printed $ (A), which B strips. The evidence quote is B's single printed row; A's quote runs the two side-by-side tables of this page together into one line. In the fee schedule the value column has no printed header, so metric_name takes the printed group heading Investment advisor fees or the row's own printed measure; neither A's Fees and Commissions nor B's Fee Amount is printed. subject_type is asset_class for the six class rows, fee_scope for the totals and the brokerage line, service_provider for named brokers, and other_printed_scope for the residual All others bucket. Definition backfill: both lanes read the same qualifiers off this cell. Definition backfill: both lanes read the same qualifiers off this cell.",RESOLVED,A+B+ADJUDICATOR,b3af59d56f279544cb25facf64f5998fc8108300a745dd3fa7a91a63ab855230
e6126cbc78efacfbe62b,SRC192,5,PAIR_E77C11A2D179F7E596D4585C,VALUE_CONFLICT,244,259,source_section|source_column_label|subject_type|currency_scale|metric_name|metric_value_raw|evidence_quote,MERGE,"source_section takes the printed running heading A left blank. asset_class takes the printed holdings heading, Largest Equity Holdings or Largest Debt Securities Holdings (B). currency_scale is dollars where the page prints $, but blank on the Shares column, which is a share count and not money; B applied dollars there. Values keep the printed $ (A), which B strips. The evidence quote is B's single printed row; A's quote runs the two side-by-side tables of this page together into one line. In the fee schedule the value column has no printed header, so metric_name takes the printed group heading Investment advisor fees or the row's own printed measure; neither A's Fees and Commissions nor B's Fee Amount is printed. subject_type is asset_class for the six class rows, fee_scope for the totals and the brokerage line, service_provider for named brokers, and other_printed_scope for the residual All others bucket.",RESOLVED,A+B+ADJUDICATOR,b3af59d56f279544cb25facf64f5998fc8108300a745dd3fa7a91a63ab855230
4727275d4163fa735ec6,SRC192,5,PAIR_7DB47CA0D0197969011DC495,CONTEXT_CONFLICT,245,260,source_section|source_column_label|currency_scale|metric_name|evidence_quote,MERGE,"source_section takes the printed running heading A left blank. asset_class takes the printed holdings heading, Largest Equity Holdings or Largest Debt Securities Holdings (B). currency_scale is dollars where the page prints $, but blank on the Shares column, which is a share count and not money; B applied dollars there. Values keep the printed $ (A), which B strips. The evidence quote is B's single printed row; A's quote runs the two side-by-side tables of this page together into one line. In the fee schedule the value column has no printed header, so metric_name takes the printed group heading Investment advisor fees or the row's own printed measure; neither A's Fees and Commissions nor B's Fee Amount is printed. subject_type is asset_class for the six class rows, fee_scope for the totals and the brokerage line, service_provider for named brokers, and other_printed_scope for the residual All others bucket. Definition backfill: both lanes read the same qualifiers off this cell. Definition backfill: both lanes read the same qualifiers off this cell.",RESOLVED,A+B+ADJUDICATOR,b3af59d56f279544cb25facf64f5998fc8108300a745dd3fa7a91a63ab855230
85456ca8b97b4717594d,SRC192,5,PAIR_C7512244EC5A54CB501DA425,CONTEXT_CONFLICT,246,261,source_section|asset_class|currency_scale|evidence_quote,MERGE,"B is source-correct on every differing field: it carries the printed running section heading Defined Benefit Investments (Continued) that A left blank, the printed holdings or fee heading in asset_class, dollars in currency_scale where the page prints $, and a quote that is this row's own printed line, where A's quote runs the page's two side-by-side tables together. Value agreed by both lanes.; Source review: p5: Largest Debt Securities Holdings; Fair Value (The source states Fair Value as the measurement basis; the entity or table heading remains in source context.)",RESOLVED,A+B+ADJUDICATOR,b3af59d56f279544cb25facf64f5998fc8108300a745dd3fa7a91a63ab855230
2f373ec19545cbf73762,SRC192,5,PAIR_B7E1D39788CE9460A6AC786B,CONTEXT_CONFLICT,247,262,source_section|asset_class|currency_scale|evidence_quote,ACCEPT_B,"B is source-correct on every differing field: it carries the printed running section heading Defined Benefit Investments (Continued) that A left blank, the printed holdings or fee heading in asset_class, dollars in currency_scale where the page prints $, and a quote that is this row's own printed line, where A's quote runs the page's two side-by-side tables together. Value agreed by both lanes.",RESOLVED,B,b3af59d56f279544cb25facf64f5998fc8108300a745dd3fa7a91a63ab855230
7b5c4077b4a119861b87,SRC192,5,PAIR_7417655C384F50D42A25BA97,CONTEXT_CONFLICT,248,263,source_section|asset_class|currency_scale,MERGE,"B is source-correct on every differing field: it carries the printed running section heading Defined Benefit Investments (Continued) that A left blank, the printed holdings or fee heading in asset_class, dollars in currency_scale where the page prints $, and a quote that is this row's own printed line, where A's quote runs the page's two side-by-side tables together. Value agreed by both lanes.; Source review: p5: Largest Debt Securities Holdings; Fair Value (The source states Fair Value as the measurement basis; the entity or table heading remains in source context.)",RESOLVED,A+B+ADJUDICATOR,b3af59d56f279544cb25facf64f5998fc8108300a745dd3fa7a91a63ab855230
c4b5f7b311381d08f4cd,SRC192,5,PAIR_10E32726BDBD9105E268E941,CONTEXT_CONFLICT,249,264,source_section|asset_class|currency_scale,ACCEPT_B,"B is source-correct on every differing field: it carries the printed running section heading Defined Benefit Investments (Continued) that A left blank, the printed holdings or fee heading in asset_class, dollars in currency_scale where the page prints $, and a quote that is this row's own printed line, where A's quote runs the page's two side-by-side tables together. Value agreed by both lanes.",RESOLVED,B,b3af59d56f279544cb25facf64f5998fc8108300a745dd3fa7a91a63ab855230
ea9a2f62bd264b7eae75,SRC192,5,PAIR_CEDECBF794288DD14ADF9FB8,VALUE_CONFLICT,250,265,source_section|asset_class|currency_scale|metric_value_raw|evidence_quote,MERGE,"source_section takes the printed running heading A left blank. asset_class takes the printed holdings heading, Largest Equity Holdings or Largest Debt Securities Holdings (B). currency_scale is dollars where the page prints $, but blank on the Shares column, which is a share count and not money; B applied dollars there. Values keep the printed $ (A), which B strips. The evidence quote is B's single printed row; A's quote runs the two side-by-side tables of this page together into one line. In the fee schedule the value column has no printed header, so metric_name takes the printed group heading Investment advisor fees or the row's own printed measure; neither A's Fees and Commissions nor B's Fee Amount is printed. subject_type is asset_class for the six class rows, fee_scope for the totals and the brokerage line, service_provider for named brokers, and other_printed_scope for the residual All others bucket. Definition backfill: both lanes read the same qualifiers off this cell. Definition backfill: both lanes read the same qualifiers off this cell.; Source review: p5: Largest Debt Securities Holdings; Fair Value (The source states Fair Value as the measurement basis; the entity or table heading remains in source context.)",RESOLVED,A+B+ADJUDICATOR,b3af59d56f279544cb25facf64f5998fc8108300a745dd3fa7a91a63ab855230
ae4968202f19578a1b23,SRC192,5,PAIR_035CAAB65C8ADC8B1397AA2E,VALUE_CONFLICT,251,266,source_section|asset_class|currency_scale|metric_value_raw|evidence_quote,MERGE,"source_section takes the printed running heading A left blank. asset_class takes the printed holdings heading, Largest Equity Holdings or Largest Debt Securities Holdings (B). currency_scale is dollars where the page prints $, but blank on the Shares column, which is a share count and not money; B applied dollars there. Values keep the printed $ (A), which B strips. The evidence quote is B's single printed row; A's quote runs the two side-by-side tables of this page together into one line. In the fee schedule the value column has no printed header, so metric_name takes the printed group heading Investment advisor fees or the row's own printed measure; neither A's Fees and Commissions nor B's Fee Amount is printed. subject_type is asset_class for the six class rows, fee_scope for the totals and the brokerage line, service_provider for named brokers, and other_printed_scope for the residual All others bucket.",RESOLVED,A+B+ADJUDICATOR,b3af59d56f279544cb25facf64f5998fc8108300a745dd3fa7a91a63ab855230
dca6d858d23e6a7521da,SRC192,5,PAIR_0139D66068D3402640CF0809,CONTEXT_CONFLICT,252,267,source_section|asset_class|currency_scale,MERGE,"B is source-correct on every differing field: it carries the printed running section heading Defined Benefit Investments (Continued) that A left blank, the printed holdings or fee heading in asset_class, dollars in currency_scale where the page prints $, and a quote that is this row's own printed line, where A's quote runs the page's two side-by-side tables together. Value agreed by both lanes.; Source review: p5: Largest Debt Securities Holdings; Fair Value (The source states Fair Value as the measurement basis; the entity or table heading remains in source context.)",RESOLVED,A+B+ADJUDICATOR,b3af59d56f279544cb25facf64f5998fc8108300a745dd3fa7a91a63ab855230
205f198cc258d074f437,SRC192,5,PAIR_5DDAA51056CB76D6A142B2F0,CONTEXT_CONFLICT,253,268,source_section|asset_class|currency_scale,ACCEPT_B,"B is source-correct on every differing field: it carries the printed running section heading Defined Benefit Investments (Continued) that A left blank, the printed holdings or fee heading in asset_class, dollars in currency_scale where the page prints $, and a quote that is this row's own printed line, where A's quote runs the page's two side-by-side tables together. Value agreed by both lanes.",RESOLVED,B,b3af59d56f279544cb25facf64f5998fc8108300a745dd3fa7a91a63ab855230
c4b53c24d9c3ed9ac465,SRC192,5,PAIR_631BCE15EF16F26726F9F77B,CONTEXT_CONFLICT,254,269,source_section|asset_class|currency_scale,MERGE,"B is source-correct on every differing field: it carries the printed running section heading Defined Benefit Investments (Continued) that A left blank, the printed holdings or fee heading in asset_class, dollars in currency_scale where the page prints $, and a quote that is this row's own printed line, where A's quote runs the page's two side-by-side tables together. Value agreed by both lanes.; Source review: p5: Largest Debt Securities Holdings; Fair Value (The source states Fair Value as the measurement basis; the entity or table heading remains in source context.)",RESOLVED,A+B+ADJUDICATOR,b3af59d56f279544cb25facf64f5998fc8108300a745dd3fa7a91a63ab855230
6e6936d915929b7d004f,SRC192,5,PAIR_89E9EA95B0DD7432063C336D,CONTEXT_CONFLICT,255,270,source_section|asset_class|currency_scale,ACCEPT_B,"B is source-correct on every differing field: it carries the printed running section heading Defined Benefit Investments (Continued) that A left blank, the printed holdings or fee heading in asset_class, dollars in currency_scale where the page prints $, and a quote that is this row's own printed line, where A's quote runs the page's two side-by-side tables together. Value agreed by both lanes.",RESOLVED,B,b3af59d56f279544cb25facf64f5998fc8108300a745dd3fa7a91a63ab855230
8d990bcbef76479cf43a,SRC192,5,PAIR_FBE2C3691A9E809219EC6A11,CONTEXT_CONFLICT,256,271,source_section|asset_class|currency_scale|evidence_quote,MERGE,"B is source-correct on every differing field: it carries the printed running section heading Defined Benefit Investments (Continued) that A left blank, the printed holdings or fee heading in asset_class, dollars in currency_scale where the page prints $, and a quote that is this row's own printed line, where A's quote runs the page's two side-by-side tables together. Value agreed by both lanes.; Source review: p5: Largest Debt Securities Holdings; Fair Value (The source states Fair Value as the measurement basis; the entity or table heading remains in source context.)",RESOLVED,A+B+ADJUDICATOR,b3af59d56f279544cb25facf64f5998fc8108300a745dd3fa7a91a63ab855230
01461f3ec45bbeae4466,SRC192,5,PAIR_F5051515D35466C1C57CEBE7,CONTEXT_CONFLICT,257,272,source_section|asset_class|currency_scale|evidence_quote,ACCEPT_B,"B is source-correct on every differing field: it carries the printed running section heading Defined Benefit Investments (Continued) that A left blank, the printed holdings or fee heading in asset_class, dollars in currency_scale where the page prints $, and a quote that is this row's own printed line, where A's quote runs the page's two side-by-side tables together. Value agreed by both lanes.",RESOLVED,B,b3af59d56f279544cb25facf64f5998fc8108300a745dd3fa7a91a63ab855230
7a75f7b8cb01b34af471,SRC192,5,PAIR_8B292E23F41C1347F6A232F4,CONTEXT_CONFLICT,258,273,source_section|asset_class|currency_scale|evidence_quote,MERGE,"B is source-correct on every differing field: it carries the printed running section heading Defined Benefit Investments (Continued) that A left blank, the printed holdings or fee heading in asset_class, dollars in currency_scale where the page prints $, and a quote that is this row's own printed line, where A's quote runs the page's two side-by-side tables together. Value agreed by both lanes.; Source review: p5: Largest Debt Securities Holdings; Fair Value (The source states Fair Value as the measurement basis; the entity or table heading remains in source context.)",RESOLVED,A+B+ADJUDICATOR,b3af59d56f279544cb25facf64f5998fc8108300a745dd3fa7a91a63ab855230
efe38236fddcc81eb2c0,SRC192,5,PAIR_C3B27CCF676F1F031395158D,CONTEXT_CONFLICT,259,274,source_section|asset_class|currency_scale|evidence_quote,ACCEPT_B,"B is source-correct on every differing field: it carries the printed running section heading Defined Benefit Investments (Continued) that A left blank, the printed holdings or fee heading in asset_class, dollars in currency_scale where the page prints $, and a quote that is this row's own printed line, where A's quote runs the page's two side-by-side tables together. Value agreed by both lanes.",RESOLVED,B,b3af59d56f279544cb25facf64f5998fc8108300a745dd3fa7a91a63ab855230
dc4175398df4de2ff70a,SRC192,5,PAIR_2FD902D18FAAFBF6FC456047,CONTEXT_CONFLICT,260,275,source_section|asset_class|currency_scale|evidence_quote,MERGE,"B is source-correct on every differing field: it carries the printed running section heading Defined Benefit Investments (Continued) that A left blank, the printed holdings or fee heading in asset_class, dollars in currency_scale where the page prints $, and a quote that is this row's own printed line, where A's quote runs the page's two side-by-side tables together. Value agreed by both lanes.; Source review: p5: Largest Debt Securities Holdings; Fair Value (The source states Fair Value as the measurement basis; the entity or table heading remains in source context.)",RESOLVED,A+B+ADJUDICATOR,b3af59d56f279544cb25facf64f5998fc8108300a745dd3fa7a91a63ab855230
91c3e7192d52207efecd,SRC192,5,PAIR_C8E415AA5097C24CF0A7FF06,CONTEXT_CONFLICT,261,276,source_section|asset_class|currency_scale|evidence_quote,ACCEPT_B,"B is source-correct on every differing field: it carries the printed running section heading Defined Benefit Investments (Continued) that A left blank, the printed holdings or fee heading in asset_class, dollars in currency_scale where the page prints $, and a quote that is this row's own printed line, where A's quote runs the page's two side-by-side tables together. Value agreed by both lanes.",RESOLVED,B,b3af59d56f279544cb25facf64f5998fc8108300a745dd3fa7a91a63ab855230
79c377f8abfc157ad38a,SRC192,5,PAIR_5ABA5BB39F6419BB547D50ED,CONTEXT_CONFLICT,262,277,source_section|asset_class|currency_scale,MERGE,"B is source-correct on every differing field: it carries the printed running section heading Defined Benefit Investments (Continued) that A left blank, the printed holdings or fee heading in asset_class, dollars in currency_scale where the page prints $, and a quote that is this row's own printed line, where A's quote runs the page's two side-by-side tables together. Value agreed by both lanes.; Source review: p5: Largest Debt Securities Holdings; Fair Value (The source states Fair Value as the measurement basis; the entity or table heading remains in source context.)",RESOLVED,A+B+ADJUDICATOR,b3af59d56f279544cb25facf64f5998fc8108300a745dd3fa7a91a63ab855230
3a81af8b411c028b1a16,SRC192,5,PAIR_40ECFA5499224F6CA752FA67,CONTEXT_CONFLICT,263,278,source_section|asset_class|currency_scale,ACCEPT_B,"B is source-correct on every differing field: it carries the printed running section heading Defined Benefit Investments (Continued) that A left blank, the printed holdings or fee heading in asset_class, dollars in currency_scale where the page prints $, and a quote that is this row's own printed line, where A's quote runs the page's two side-by-side tables together. Value agreed by both lanes.",RESOLVED,B,b3af59d56f279544cb25facf64f5998fc8108300a745dd3fa7a91a63ab855230
b4ff086ed3149452556a,SRC192,5,PAIR_5F334F55C0B0A25F7C7DAA10,CONTEXT_CONFLICT,264,279,source_section|asset_class|currency_scale,MERGE,"B is source-correct on every differing field: it carries the printed running section heading Defined Benefit Investments (Continued) that A left blank, the printed holdings or fee heading in asset_class, dollars in currency_scale where the page prints $, and a quote that is this row's own printed line, where A's quote runs the page's two side-by-side tables together. Value agreed by both lanes.; Source review: p5: Largest Debt Securities Holdings; Fair Value (The source states Fair Value as the measurement basis; the entity or table heading remains in source context.)",RESOLVED,A+B+ADJUDICATOR,b3af59d56f279544cb25facf64f5998fc8108300a745dd3fa7a91a63ab855230
2be7e07f2e02586d6eed,SRC192,5,PAIR_2A56A1FD03441D287C068E2A,CONTEXT_CONFLICT,265,280,source_section|asset_class|currency_scale,ACCEPT_B,"B is source-correct on every differing field: it carries the printed running section heading Defined Benefit Investments (Continued) that A left blank, the printed holdings or fee heading in asset_class, dollars in currency_scale where the page prints $, and a quote that is this row's own printed line, where A's quote runs the page's two side-by-side tables together. Value agreed by both lanes.",RESOLVED,B,b3af59d56f279544cb25facf64f5998fc8108300a745dd3fa7a91a63ab855230
3532ed3dafb5a259fc5e,SRC192,5,PAIR_19704A9F230F41743B4A2154,CONTEXT_CONFLICT,266,281,source_section|asset_class|currency_scale|evidence_quote,MERGE,"B is source-correct on every differing field: it carries the printed running section heading Defined Benefit Investments (Continued) that A left blank, the printed holdings or fee heading in asset_class, dollars in currency_scale where the page prints $, and a quote that is this row's own printed line, where A's quote runs the page's two side-by-side tables together. Value agreed by both lanes.; Source review: p5: Largest Equity Holdings; Fair Value (The source states Fair Value as the measurement basis; the entity or table heading remains in source context.)",RESOLVED,A+B+ADJUDICATOR,b3af59d56f279544cb25facf64f5998fc8108300a745dd3fa7a91a63ab855230
4bec33b36dbdf86f73e3,SRC192,5,PAIR_03D40A5E127979EF58FEA37E,CONTEXT_CONFLICT,267,282,source_section|asset_class|currency_scale|evidence_quote,MERGE,"B is source-correct on every differing field: it carries the printed running section heading Defined Benefit Investments (Continued) that A left blank, the printed holdings or fee heading in asset_class, dollars in currency_scale where the page prints $, and a quote that is this row's own printed line, where A's quote runs the page's two side-by-side tables together. Value agreed by both lanes.; Source review: p5: Largest Equity Holdings; Fair Value (The source states Fair Value as the measurement basis; the entity or table heading remains in source context.)",RESOLVED,A+B+ADJUDICATOR,b3af59d56f279544cb25facf64f5998fc8108300a745dd3fa7a91a63ab855230
288f2b94e9a99535bdf3,SRC192,5,PAIR_7393AB7DA9C2375F630186B9,CONTEXT_CONFLICT,268,283,source_section|asset_class|currency_scale|evidence_quote,MERGE,"source_section takes the printed running heading A left blank. asset_class takes the printed holdings heading, Largest Equity Holdings or Largest Debt Securities Holdings (B). currency_scale is dollars where the page prints $, but blank on the Shares column, which is a share count and not money; B applied dollars there. Values keep the printed $ (A), which B strips. The evidence quote is B's single printed row; A's quote runs the two side-by-side tables of this page together into one line. In the fee schedule the value column has no printed header, so metric_name takes the printed group heading Investment advisor fees or the row's own printed measure; neither A's Fees and Commissions nor B's Fee Amount is printed. subject_type is asset_class for the six class rows, fee_scope for the totals and the brokerage line, service_provider for named brokers, and other_printed_scope for the residual All others bucket.",RESOLVED,A+B+ADJUDICATOR,b3af59d56f279544cb25facf64f5998fc8108300a745dd3fa7a91a63ab855230
2338ca407660af246576,SRC192,5,PAIR_49F0CE1E53321200E90F758A,CONTEXT_CONFLICT,269,284,source_section|asset_class|currency_scale|evidence_quote,MERGE,"source_section takes the printed running heading A left blank. asset_class takes the printed holdings heading, Largest Equity Holdings or Largest Debt Securities Holdings (B). currency_scale is dollars where the page prints $, but blank on the Shares column, which is a share count and not money; B applied dollars there. Values keep the printed $ (A), which B strips. The evidence quote is B's single printed row; A's quote runs the two side-by-side tables of this page together into one line. In the fee schedule the value column has no printed header, so metric_name takes the printed group heading Investment advisor fees or the row's own printed measure; neither A's Fees and Commissions nor B's Fee Amount is printed. subject_type is asset_class for the six class rows, fee_scope for the totals and the brokerage line, service_provider for named brokers, and other_printed_scope for the residual All others bucket.",RESOLVED,A+B+ADJUDICATOR,b3af59d56f279544cb25facf64f5998fc8108300a745dd3fa7a91a63ab855230
6670cfb43186eed6c117,SRC192,5,PAIR_D6388C92A1E3C5E1DF751511,CONTEXT_CONFLICT,270,285,source_section|asset_class|currency_scale|evidence_quote,MERGE,"B is source-correct on every differing field: it carries the printed running section heading Defined Benefit Investments (Continued) that A left blank, the printed holdings or fee heading in asset_class, dollars in currency_scale where the page prints $, and a quote that is this row's own printed line, where A's quote runs the page's two side-by-side tables together. Value agreed by both lanes.; Source review: p5: Largest Equity Holdings; Fair Value (The source states Fair Value as the measurement basis; the entity or table heading remains in source context.)",RESOLVED,A+B+ADJUDICATOR,b3af59d56f279544cb25facf64f5998fc8108300a745dd3fa7a91a63ab855230
6312b050c4e463390d6f,SRC192,5,PAIR_598D50D665FE1D3611C6CFFE,CONTEXT_CONFLICT,271,286,source_section|asset_class|currency_scale|evidence_quote,MERGE,"source_section takes the printed running heading A left blank. asset_class takes the printed holdings heading, Largest Equity Holdings or Largest Debt Securities Holdings (B). currency_scale is dollars where the page prints $, but blank on the Shares column, which is a share count and not money; B applied dollars there. Values keep the printed $ (A), which B strips. The evidence quote is B's single printed row; A's quote runs the two side-by-side tables of this page together into one line. In the fee schedule the value column has no printed header, so metric_name takes the printed group heading Investment advisor fees or the row's own printed measure; neither A's Fees and Commissions nor B's Fee Amount is printed. subject_type is asset_class for the six class rows, fee_scope for the totals and the brokerage line, service_provider for named brokers, and other_printed_scope for the residual All others bucket.",RESOLVED,A+B+ADJUDICATOR,b3af59d56f279544cb25facf64f5998fc8108300a745dd3fa7a91a63ab855230
9934728139a9e044a952,SRC192,5,PAIR_7AFF46F5E98486C26A2BE0AB,VALUE_CONFLICT,272,287,source_section|asset_class|currency_scale|metric_value_raw|evidence_quote,MERGE,"source_section takes the printed running heading A left blank. asset_class takes the printed holdings heading, Largest Equity Holdings or Largest Debt Securities Holdings (B). currency_scale is dollars where the page prints $, but blank on the Shares column, which is a share count and not money; B applied dollars there. Values keep the printed $ (A), which B strips. The evidence quote is B's single printed row; A's quote runs the two side-by-side tables of this page together into one line. In the fee schedule the value column has no printed header, so metric_name takes the printed group heading Investment advisor fees or the row's own printed measure; neither A's Fees and Commissions nor B's Fee Amount is printed. subject_type is asset_class for the six class rows, fee_scope for the totals and the brokerage line, service_provider for named brokers, and other_printed_scope for the residual All others bucket. Definition backfill: both lanes read the same qualifiers off this cell. Definition backfill: both lanes read the same qualifiers off this cell.; Source review: p5: Largest Equity Holdings; Fair Value (The source states Fair Value as the measurement basis; the entity or table heading remains in source context.)",RESOLVED,A+B+ADJUDICATOR,b3af59d56f279544cb25facf64f5998fc8108300a745dd3fa7a91a63ab855230
c608dea9e9d97c3371ed,SRC192,5,PAIR_383C9AB7D994A5861055E801,CONTEXT_CONFLICT,273,288,source_section|asset_class|currency_scale|evidence_quote,MERGE,"source_section takes the printed running heading A left blank. asset_class takes the printed holdings heading, Largest Equity Holdings or Largest Debt Securities Holdings (B). currency_scale is dollars where the page prints $, but blank on the Shares column, which is a share count and not money; B applied dollars there. Values keep the printed $ (A), which B strips. The evidence quote is B's single printed row; A's quote runs the two side-by-side tables of this page together into one line. In the fee schedule the value column has no printed header, so metric_name takes the printed group heading Investment advisor fees or the row's own printed measure; neither A's Fees and Commissions nor B's Fee Amount is printed. subject_type is asset_class for the six class rows, fee_scope for the totals and the brokerage line, service_provider for named brokers, and other_printed_scope for the residual All others bucket.",RESOLVED,A+B+ADJUDICATOR,b3af59d56f279544cb25facf64f5998fc8108300a745dd3fa7a91a63ab855230
315df34b76713e83ff8a,SRC192,5,PAIR_9F3D9092E17C8022751BD485,CONTEXT_CONFLICT,274,289,source_section|asset_class|currency_scale|evidence_quote,MERGE,"B is source-correct on every differing field: it carries the printed running section heading Defined Benefit Investments (Continued) that A left blank, the printed holdings or fee heading in asset_class, dollars in currency_scale where the page prints $, and a quote that is this row's own printed line, where A's quote runs the page's two side-by-side tables together. Value agreed by both lanes.; Source review: p5: Largest Equity Holdings; Fair Value (The source states Fair Value as the measurement basis; the entity or table heading remains in source context.)",RESOLVED,A+B+ADJUDICATOR,b3af59d56f279544cb25facf64f5998fc8108300a745dd3fa7a91a63ab855230
e9fdf706f7798bab1903,SRC192,5,PAIR_02FB68082F27579B2EF38511,CONTEXT_CONFLICT,275,290,source_section|asset_class|currency_scale|evidence_quote,MERGE,"source_section takes the printed running heading A left blank. asset_class takes the printed holdings heading, Largest Equity Holdings or Largest Debt Securities Holdings (B). currency_scale is dollars where the page prints $, but blank on the Shares column, which is a share count and not money; B applied dollars there. Values keep the printed $ (A), which B strips. The evidence quote is B's single printed row; A's quote runs the two side-by-side tables of this page together into one line. In the fee schedule the value column has no printed header, so metric_name takes the printed group heading Investment advisor fees or the row's own printed measure; neither A's Fees and Commissions nor B's Fee Amount is printed. subject_type is asset_class for the six class rows, fee_scope for the totals and the brokerage line, service_provider for named brokers, and other_printed_scope for the residual All others bucket.",RESOLVED,A+B+ADJUDICATOR,b3af59d56f279544cb25facf64f5998fc8108300a745dd3fa7a91a63ab855230
fbf802628508b9215ac0,SRC192,5,PAIR_2424C8FDB1D52F6B04AC0542,CONTEXT_CONFLICT,276,291,source_section|asset_class|currency_scale|evidence_quote,MERGE,"B is source-correct on every differing field: it carries the printed running section heading Defined Benefit Investments (Continued) that A left blank, the printed holdings or fee heading in asset_class, dollars in currency_scale where the page prints $, and a quote that is this row's own printed line, where A's quote runs the page's two side-by-side tables together. Value agreed by both lanes.; Source review: p5: Largest Equity Holdings; Fair Value (The source states Fair Value as the measurement basis; the entity or table heading remains in source context.)",RESOLVED,A+B+ADJUDICATOR,b3af59d56f279544cb25facf64f5998fc8108300a745dd3fa7a91a63ab855230
ca75be76c2b00939d5ab,SRC192,5,PAIR_AD0A86BA6C8A7BF0DA48A6AC,CONTEXT_CONFLICT,277,292,source_section|asset_class|currency_scale|evidence_quote,MERGE,"source_section takes the printed running heading A left blank. asset_class takes the printed holdings heading, Largest Equity Holdings or Largest Debt Securities Holdings (B). currency_scale is dollars where the page prints $, but blank on the Shares column, which is a share count and not money; B applied dollars there. Values keep the printed $ (A), which B strips. The evidence quote is B's single printed row; A's quote runs the two side-by-side tables of this page together into one line. In the fee schedule the value column has no printed header, so metric_name takes the printed group heading Investment advisor fees or the row's own printed measure; neither A's Fees and Commissions nor B's Fee Amount is printed. subject_type is asset_class for the six class rows, fee_scope for the totals and the brokerage line, service_provider for named brokers, and other_printed_scope for the residual All others bucket.",RESOLVED,A+B+ADJUDICATOR,b3af59d56f279544cb25facf64f5998fc8108300a745dd3fa7a91a63ab855230
304512a4078d7b2852a3,SRC192,5,PAIR_A42142530E3D8911EFE9D9E5,CONTEXT_CONFLICT,278,293,source_section|asset_class|currency_scale|evidence_quote,MERGE,"B is source-correct on every differing field: it carries the printed running section heading Defined Benefit Investments (Continued) that A left blank, the printed holdings or fee heading in asset_class, dollars in currency_scale where the page prints $, and a quote that is this row's own printed line, where A's quote runs the page's two side-by-side tables together. Value agreed by both lanes.; Source review: p5: Largest Equity Holdings; Fair Value (The source states Fair Value as the measurement basis; the entity or table heading remains in source context.)",RESOLVED,A+B+ADJUDICATOR,b3af59d56f279544cb25facf64f5998fc8108300a745dd3fa7a91a63ab855230
a37e37e9481db3f4af23,SRC192,5,PAIR_482EBF138383BAE36AE764A1,CONTEXT_CONFLICT,279,294,source_section|asset_class|currency_scale|evidence_quote,MERGE,"source_section takes the printed running heading A left blank. asset_class takes the printed holdings heading, Largest Equity Holdings or Largest Debt Securities Holdings (B). currency_scale is dollars where the page prints $, but blank on the Shares column, which is a share count and not money; B applied dollars there. Values keep the printed $ (A), which B strips. The evidence quote is B's single printed row; A's quote runs the two side-by-side tables of this page together into one line. In the fee schedule the value column has no printed header, so metric_name takes the printed group heading Investment advisor fees or the row's own printed measure; neither A's Fees and Commissions nor B's Fee Amount is printed. subject_type is asset_class for the six class rows, fee_scope for the totals and the brokerage line, service_provider for named brokers, and other_printed_scope for the residual All others bucket.",RESOLVED,A+B+ADJUDICATOR,b3af59d56f279544cb25facf64f5998fc8108300a745dd3fa7a91a63ab855230
5219853bb09092178186,SRC192,5,PAIR_039D733CC0B7CB38B1FE1352,CONTEXT_CONFLICT,280,295,source_section|asset_class|currency_scale|evidence_quote,MERGE,"B is source-correct on every differing field: it carries the printed running section heading Defined Benefit Investments (Continued) that A left blank, the printed holdings or fee heading in asset_class, dollars in currency_scale where the page prints $, and a quote that is this row's own printed line, where A's quote runs the page's two side-by-side tables together. Value agreed by both lanes.; Source review: p5: Largest Equity Holdings; Fair Value (The source states Fair Value as the measurement basis; the entity or table heading remains in source context.)",RESOLVED,A+B+ADJUDICATOR,b3af59d56f279544cb25facf64f5998fc8108300a745dd3fa7a91a63ab855230
ef1776c65b5e47223707,SRC192,5,PAIR_862FB2CC46B3768309B8FE88,CONTEXT_CONFLICT,281,296,source_section|asset_class|currency_scale|evidence_quote,MERGE,"source_section takes the printed running heading A left blank. asset_class takes the printed holdings heading, Largest Equity Holdings or Largest Debt Securities Holdings (B). currency_scale is dollars where the page prints $, but blank on the Shares column, which is a share count and not money; B applied dollars there. Values keep the printed $ (A), which B strips. The evidence quote is B's single printed row; A's quote runs the two side-by-side tables of this page together into one line. In the fee schedule the value column has no printed header, so metric_name takes the printed group heading Investment advisor fees or the row's own printed measure; neither A's Fees and Commissions nor B's Fee Amount is printed. subject_type is asset_class for the six class rows, fee_scope for the totals and the brokerage line, service_provider for named brokers, and other_printed_scope for the residual All others bucket.",RESOLVED,A+B+ADJUDICATOR,b3af59d56f279544cb25facf64f5998fc8108300a745dd3fa7a91a63ab855230
3029059e167d86c0fa79,SRC192,5,PAIR_CDD1B350AA97D1FED4509003,CONTEXT_CONFLICT,282,297,source_section|asset_class|currency_scale|evidence_quote,MERGE,"B is source-correct on every differing field: it carries the printed running section heading Defined Benefit Investments (Continued) that A left blank, the printed holdings or fee heading in asset_class, dollars in currency_scale where the page prints $, and a quote that is this row's own printed line, where A's quote runs the page's two side-by-side tables together. Value agreed by both lanes.; Source review: p5: Largest Equity Holdings; Fair Value (The source states Fair Value as the measurement basis; the entity or table heading remains in source context.)",RESOLVED,A+B+ADJUDICATOR,b3af59d56f279544cb25facf64f5998fc8108300a745dd3fa7a91a63ab855230
36fafbf9af81b05967e0,SRC192,5,PAIR_D91512ABFAAFCF651FA9ADA1,CONTEXT_CONFLICT,283,298,source_section|asset_class|currency_scale|evidence_quote,MERGE,"source_section takes the printed running heading A left blank. asset_class takes the printed holdings heading, Largest Equity Holdings or Largest Debt Securities Holdings (B). currency_scale is dollars where the page prints $, but blank on the Shares column, which is a share count and not money; B applied dollars there. Values keep the printed $ (A), which B strips. The evidence quote is B's single printed row; A's quote runs the two side-by-side tables of this page together into one line. In the fee schedule the value column has no printed header, so metric_name takes the printed group heading Investment advisor fees or the row's own printed measure; neither A's Fees and Commissions nor B's Fee Amount is printed. subject_type is asset_class for the six class rows, fee_scope for the totals and the brokerage line, service_provider for named brokers, and other_printed_scope for the residual All others bucket.",RESOLVED,A+B+ADJUDICATOR,b3af59d56f279544cb25facf64f5998fc8108300a745dd3fa7a91a63ab855230
bb0a31feea7631132a06,SRC192,5,PAIR_37B82D0E127D206C255006A9,CONTEXT_CONFLICT,284,299,source_section|asset_class|currency_scale|evidence_quote,MERGE,"B is source-correct on every differing field: it carries the printed running section heading Defined Benefit Investments (Continued) that A left blank, the printed holdings or fee heading in asset_class, dollars in currency_scale where the page prints $, and a quote that is this row's own printed line, where A's quote runs the page's two side-by-side tables together. Value agreed by both lanes.; Source review: p5: Largest Equity Holdings; Fair Value (The source states Fair Value as the measurement basis; the entity or table heading remains in source context.)",RESOLVED,A+B+ADJUDICATOR,b3af59d56f279544cb25facf64f5998fc8108300a745dd3fa7a91a63ab855230
2150c1bc2e521f5829e1,SRC192,5,PAIR_E5839743B4D4B58E6D1C94AC,CONTEXT_CONFLICT,285,300,source_section|asset_class|currency_scale|evidence_quote,MERGE,"source_section takes the printed running heading A left blank. asset_class takes the printed holdings heading, Largest Equity Holdings or Largest Debt Securities Holdings (B). currency_scale is dollars where the page prints $, but blank on the Shares column, which is a share count and not money; B applied dollars there. Values keep the printed $ (A), which B strips. The evidence quote is B's single printed row; A's quote runs the two side-by-side tables of this page together into one line. In the fee schedule the value column has no printed header, so metric_name takes the printed group heading Investment advisor fees or the row's own printed measure; neither A's Fees and Commissions nor B's Fee Amount is printed. subject_type is asset_class for the six class rows, fee_scope for the totals and the brokerage line, service_provider for named brokers, and other_printed_scope for the residual All others bucket.",RESOLVED,A+B+ADJUDICATOR,b3af59d56f279544cb25facf64f5998fc8108300a745dd3fa7a91a63ab855230
020601f15bd2748e52a7,SRC216,1,PAIR_6D6692C143D21ECDB56629BD,VALUE_CONFLICT,1,1,source_table|subject_name|text_raw|evidence_quote,ACCEPT_A,"subject_type is document on both lanes, so subject_name names the document: page 1 prints MONTHLY TRANSACTION REPORT as the document title, while NEW YORK STATE COMMON RETIREMENT FUND is the reporting entity and both lanes already carry it in investor_name. Page 1 prints no table, so source_table is correctly blank with source_section carrying the printed heading (B put the heading in both). A evidence_quote is the printed title line that proves its subject_name; B text_raw only restates the title.",RESOLVED,A,5c03d8f73453f799cd0bff82f0d4a880e783247918a72dd35e8cdd352a6d2a50
4e9e9cbe4aa8e1d9b5e2,SRC216,1,PAIR_B082EBB16B0F017E2495A902,CONTEXT_CONFLICT,2,2,source_row_label|metric_name,MERGE,"Neither lane complete. source_row_label is the printed entity the value measures, so the fund name alone (A), not fund plus manager (B); manager_name is a document-level field and cannot sit on an observation row anyway. metric_name takes the printed wording in full: the page prints new commitments (B), while Commitment (A) is the metric_category title-cased and appears nowhere on page 1. asset_class filled from the printed section heading Private Equity that governs both commitment lines, which both lanes left blank. Value kept as the printed € 150 with the magnitude word in currency_scale.",RESOLVED,A+B+ADJUDICATOR,5c03d8f73453f799cd0bff82f0d4a880e783247918a72dd35e8cdd352a6d2a50
7f502225c1c8dcaacee8,SRC216,1,PAIR_9624BD25C46A31E2CD2B5CC3,CONTEXT_CONFLICT,3,3,source_row_label|metric_name,MERGE,"Same ruling as the Main Capital IX line on this page: source_row_label is the fund name alone (A), metric_name is the printed wording new commitments (B), and asset_class is filled from the governing printed section heading Private Equity that both lanes left blank.",RESOLVED,A+B+ADJUDICATOR,5c03d8f73453f799cd0bff82f0d4a880e783247918a72dd35e8cdd352a6d2a50
81cdfbb4ece89b995dc8,SRC356,2,PAIR_A8D776A0177853E721834D31,EXACT,1,1,,CONFIRM,"Sampled exact pair: both lanes agree on the cell and, after the backfill, on its qualifiers.",AGREED,A+B,bce1cc0f3cc4e5824307fdad05b63b448110f6218011c115af879665eca07ba5
4a1f10286d106aa91aea,SRC356,2,PAIR_80DAF4E1A6C48FC93D8FBC74,CONTEXT_CONFLICT,2,2,as_of_date|definition_keys,MERGE,Both lanes transcribed the page-2 sentence stating the PUF market and book value exclusive of land acreage. One key names it; a printed note carries no as-of date.,RESOLVED,A+B+ADJUDICATOR,bce1cc0f3cc4e5824307fdad05b63b448110f6218011c115af879665eca07ba5
cb8b983be1fc5e33904a,SRC356,2,PAIR_967E8F7FA079CF1387F814E8,VALUE_CONFLICT,3,3,source_section|source_table|subject_name|investor_name|text_raw|evidence_quote,ACCEPT_A,"subject_type is document on both lanes, so subject_name names the document, and page 1 prints the document title Report on Certain Specified Data while Permanent University Fund is the fund itself, already carried by both lanes in portfolio_name. investor_name is the asset owner: page 2 prints The University of Texas System (A), whereas B repeats the fund name. No table exists on page 2, so source_table is correctly blank and B text_raw only restates a section heading. The row stays on page 2 and not page 1 because page 1 is a cover carrying no observation, and the contract rejects any page whose only record is the document_context row.",RESOLVED,A,bce1cc0f3cc4e5824307fdad05b63b448110f6218011c115af879665eca07ba5
17f27753f8a38c985de7,SRC356,2,PAIR_D4CA5C7E42FC3C309C8E0A3F,A_ONLY,4,,,ACCEPT_A,"One-sided row checked against page-002.png: the sentence On June 30, 2025 the market value and book value of the PUF was $39.5 billion and $33.6 billion is printed under the heading Market Value and Book Value of the PUF, so the cell is real and eligible. Book value is the fund capital balance at period end, so ending_capital, and the row label is the entity measured. B holds the same cell under a section-heading row label and is rejected.",VERIFIED_ONE_SIDED,A,bce1cc0f3cc4e5824307fdad05b63b448110f6218011c115af879665eca07ba5
e9f7bee701c83557cc33,SRC356,2,PAIR_895B6C14D8A391AA5DE14680,A_ONLY,5,,,MERGE,"One-sided row confirmed printed on page-002.png. Corrected on family and category: the market value and the book value are one printed sentence under one heading and belong to one family, so both are fund_economics_observation, and a fund market value in that family is nav, not aum. aum is reserved for a manager or plan stated assets under management. Row label, subject, scale and value are A readings; the nav category follows B. Backfill 2026-09-01: qualifier columns filled from the lanes' agreed reading.",RESOLVED,A+ADJUDICATOR,bce1cc0f3cc4e5824307fdad05b63b448110f6218011c115af879665eca07ba5
290131bd33fd3b3c7d00,SRC356,3,PAIR_BB365A5ECC0CB33F2E479F67,VALUE_CONFLICT,6,6,source_section|source_table|source_row_label|as_of_date|text_raw|definition_keys,MERGE,Both lanes captured the table title that states the measurement period of the ten stock returns. The short heading key stands on the note and on every cell that cites it; a printed note carries no as-of date.,RESOLVED,A+B+ADJUDICATOR,bce1cc0f3cc4e5824307fdad05b63b448110f6218011c115af879665eca07ba5
1986a7866b6d4bef5a87,SRC356,3,PAIR_254C2D90F96C5B910A1AFD2C,CONTEXT_CONFLICT,7,9,source_section|source_table|source_column_label|definition_keys,MERGE,Same page 3 ruling as the ISHARES Market Value row. Backfill 2026-09-01: both lanes cite the table title; the short heading key stands so the citation matches the note row.,RESOLVED,A+B+ADJUDICATOR,bce1cc0f3cc4e5824307fdad05b63b448110f6218011c115af879665eca07ba5
b69a7d3384d4a67e6c82,SRC356,3,PAIR_E1C8C3621522991E50F7417B,CONTEXT_CONFLICT,8,8,source_section|source_table|source_column_label|period_start|period_end|horizon|definition_keys,MERGE,Same page 3 ruling as the ISHARES Total Return row. Backfill 2026-09-01: both lanes cite the table title; the short heading key stands so the citation matches the note row.,RESOLVED,A+B+ADJUDICATOR,bce1cc0f3cc4e5824307fdad05b63b448110f6218011c115af879665eca07ba5
8d51d85b3f2e0a53ecd2,SRC356,3,PAIR_5A38C1A6B9F12649884A096F,CONTEXT_CONFLICT,9,12,source_section|source_table|source_column_label|definition_keys,MERGE,Same page 3 ruling as the ISHARES Market Value row. Backfill 2026-09-01: both lanes cite the table title; the short heading key stands so the citation matches the note row.,RESOLVED,A+B+ADJUDICATOR,bce1cc0f3cc4e5824307fdad05b63b448110f6218011c115af879665eca07ba5
026d89cce62107fbaa82,SRC356,3,PAIR_5AA0786721DB1E3A84FBD570,CONTEXT_CONFLICT,10,11,source_section|source_table|source_column_label|period_start|period_end|horizon|definition_keys,MERGE,Same page 3 ruling as the ISHARES Total Return row. Backfill 2026-09-01: both lanes cite the table title; the short heading key stands so the citation matches the note row.,RESOLVED,A+B+ADJUDICATOR,bce1cc0f3cc4e5824307fdad05b63b448110f6218011c115af879665eca07ba5
c184e30e05de16584449,SRC356,3,PAIR_C299E88216F42EA317732D38,CONTEXT_CONFLICT,11,15,source_section|source_table|source_column_label|definition_keys,MERGE,"Neither lane complete, ruled once for page 3 and applied to all twenty rows. source_column_label is the full two-line printed header Market Value (A); B kept only its second line, Value. source_table is the full printed caption including the date range (B); A trimmed it. source_section stays blank (A): the only heading above the table is the running entity title PERMANENT UNIVERSITY FUND, and the reporting entity name is never a section heading. Confirmed against page-003.png. Backfill 2026-09-01: both lanes cite the table title; the short heading key stands so the citation matches the note row.",RESOLVED,A+B+ADJUDICATOR,bce1cc0f3cc4e5824307fdad05b63b448110f6218011c115af879665eca07ba5
ae6c9ae8fb9510f20c9b,SRC356,3,PAIR_60943BF7FFA2712471295320,CONTEXT_CONFLICT,12,14,source_section|source_table|source_column_label|period_start|period_end|horizon|definition_keys,MERGE,"Same header and caption ruling as the Market Value rows, plus the period fields. The caption prints the measurement window July 1, 2024 through June 30, 2025, so period_start and period_end take the printed endpoint dates (B) and horizon takes the printed window as rendered (A); the page prints both forms, so each populated side is right. Backfill 2026-09-01: both lanes cite the table title; the short heading key stands so the citation matches the note row.",RESOLVED,A+B+ADJUDICATOR,bce1cc0f3cc4e5824307fdad05b63b448110f6218011c115af879665eca07ba5
08e1d40e36917b732406,SRC356,3,PAIR_3709F66B0280B6BA6DC6F110,CONTEXT_CONFLICT,13,18,source_section|source_table|source_column_label|definition_keys,MERGE,Same page 3 ruling as the ISHARES Market Value row. Backfill 2026-09-01: both lanes cite the table title; the short heading key stands so the citation matches the note row.,RESOLVED,A+B+ADJUDICATOR,bce1cc0f3cc4e5824307fdad05b63b448110f6218011c115af879665eca07ba5
48f1174963f735e9e7ab,SRC356,3,PAIR_1EC7C803718FDE9632829407,CONTEXT_CONFLICT,14,17,source_section|source_table|source_column_label|period_start|period_end|horizon|definition_keys,MERGE,Same page 3 ruling as the ISHARES Total Return row. Backfill 2026-09-01: both lanes cite the table title; the short heading key stands so the citation matches the note row.,RESOLVED,A+B+ADJUDICATOR,bce1cc0f3cc4e5824307fdad05b63b448110f6218011c115af879665eca07ba5
98715e1824a2447aa684,SRC356,3,PAIR_11C4A3B603D669BCA54055EF,CONTEXT_CONFLICT,15,21,source_section|source_table|source_column_label|definition_keys,MERGE,Same page 3 ruling as the ISHARES Market Value row. Backfill 2026-09-01: both lanes cite the table title; the short heading key stands so the citation matches the note row.,RESOLVED,A+B+ADJUDICATOR,bce1cc0f3cc4e5824307fdad05b63b448110f6218011c115af879665eca07ba5
f03a485a62ac7255787d,SRC356,3,PAIR_48F0CCB97474F6F53F273586,CONTEXT_CONFLICT,16,20,source_section|source_table|source_column_label|period_start|period_end|horizon|definition_keys,MERGE,Same page 3 ruling as the ISHARES Total Return row. Backfill 2026-09-01: both lanes cite the table title; the short heading key stands so the citation matches the note row.,RESOLVED,A+B+ADJUDICATOR,bce1cc0f3cc4e5824307fdad05b63b448110f6218011c115af879665eca07ba5
0c533403b98d2ccdb415,SRC356,3,PAIR_B5F803D0DE81C92E2BCD07DC,CONTEXT_CONFLICT,17,24,source_section|source_table|source_column_label|definition_keys,MERGE,Same page 3 ruling as the ISHARES Market Value row. Backfill 2026-09-01: both lanes cite the table title; the short heading key stands so the citation matches the note row.,RESOLVED,A+B+ADJUDICATOR,bce1cc0f3cc4e5824307fdad05b63b448110f6218011c115af879665eca07ba5
18a56d98ff15d794e420,SRC356,3,PAIR_8D3F84D59F5351892539A465,CONTEXT_CONFLICT,18,23,source_section|source_table|source_column_label|period_start|period_end|horizon|definition_keys,MERGE,Same page 3 ruling as the ISHARES Total Return row. Backfill 2026-09-01: both lanes cite the table title; the short heading key stands so the citation matches the note row.,RESOLVED,A+B+ADJUDICATOR,bce1cc0f3cc4e5824307fdad05b63b448110f6218011c115af879665eca07ba5
f75b633b548954b0bc63,SRC356,3,PAIR_E0D1DA19B562409297610A92,CONTEXT_CONFLICT,19,27,source_section|source_table|source_column_label|definition_keys,MERGE,Same page 3 ruling as the ISHARES Market Value row. Backfill 2026-09-01: both lanes cite the table title; the short heading key stands so the citation matches the note row.,RESOLVED,A+B+ADJUDICATOR,bce1cc0f3cc4e5824307fdad05b63b448110f6218011c115af879665eca07ba5
a8b242fe1f5aa621822b,SRC356,3,PAIR_6C03711DAB1A51F8ED83B241,CONTEXT_CONFLICT,20,26,source_section|source_table|source_column_label|period_start|period_end|horizon|definition_keys,MERGE,Same page 3 ruling as the ISHARES Total Return row. Backfill 2026-09-01: both lanes cite the table title; the short heading key stands so the citation matches the note row.,RESOLVED,A+B+ADJUDICATOR,bce1cc0f3cc4e5824307fdad05b63b448110f6218011c115af879665eca07ba5
03e368ec76041bab9eda,SRC356,3,PAIR_A42C69F2F583F267DA248E58,CONTEXT_CONFLICT,21,30,source_section|source_table|source_column_label|definition_keys,MERGE,Same page 3 ruling as the ISHARES Market Value row. Backfill 2026-09-01: both lanes cite the table title; the short heading key stands so the citation matches the note row.,RESOLVED,A+B+ADJUDICATOR,bce1cc0f3cc4e5824307fdad05b63b448110f6218011c115af879665eca07ba5
7ea96d0e2b787f4058f5,SRC356,3,PAIR_A64C4CC2429840A536EBFCBC,CONTEXT_CONFLICT,22,29,source_section|source_table|source_column_label|period_start|period_end|horizon|definition_keys,MERGE,Same page 3 ruling as the ISHARES Total Return row; the printed value is negative and is copied with its sign. Backfill 2026-09-01: both lanes cite the table title; the short heading key stands so the citation matches the note row.,RESOLVED,A+B+ADJUDICATOR,bce1cc0f3cc4e5824307fdad05b63b448110f6218011c115af879665eca07ba5
e8fc2ddad7a0f3ee303c,SRC356,3,PAIR_F19A4B82B965F55AF7AFBA18,CONTEXT_CONFLICT,23,33,source_section|source_table|source_column_label|definition_keys,MERGE,Same page 3 ruling as the ISHARES Market Value row. Backfill 2026-09-01: both lanes cite the table title; the short heading key stands so the citation matches the note row.,RESOLVED,A+B+ADJUDICATOR,bce1cc0f3cc4e5824307fdad05b63b448110f6218011c115af879665eca07ba5
b5da2e4e654b63cf4b67,SRC356,3,PAIR_CEB5188DCFDA791D3C11D9C6,CONTEXT_CONFLICT,24,32,source_section|source_table|source_column_label|period_start|period_end|horizon|definition_keys,MERGE,Same page 3 ruling as the ISHARES Total Return row. Backfill 2026-09-01: both lanes cite the table title; the short heading key stands so the citation matches the note row.,RESOLVED,A+B+ADJUDICATOR,bce1cc0f3cc4e5824307fdad05b63b448110f6218011c115af879665eca07ba5
96d230abc10fa1e8c060,SRC356,3,PAIR_3C41E033BA4AC0BBD4868862,CONTEXT_CONFLICT,25,36,source_section|source_table|source_column_label|definition_keys,MERGE,Same page 3 ruling as the ISHARES Market Value row. Backfill 2026-09-01: both lanes cite the table title; the short heading key stands so the citation matches the note row.,RESOLVED,A+B+ADJUDICATOR,bce1cc0f3cc4e5824307fdad05b63b448110f6218011c115af879665eca07ba5
ddbd8edb32651a7b084a,SRC356,3,PAIR_47B13F577E0E2104A123C4E2,CONTEXT_CONFLICT,26,35,source_section|source_table|source_column_label|period_start|period_end|horizon|definition_keys,MERGE,Same page 3 ruling as the ISHARES Total Return row. Backfill 2026-09-01: both lanes cite the table title; the short heading key stands so the citation matches the note row.,RESOLVED,A+B+ADJUDICATOR,bce1cc0f3cc4e5824307fdad05b63b448110f6218011c115af879665eca07ba5
98810b6ca30e36709735,SRC356,4,PAIR_FAEBEBB3A750C95A86590417,CONTEXT_CONFLICT,27,37,source_section|asset_class|strategy,ACCEPT_B,"Same page 4 ruling: printed section heading, and the governing Stable Value heading belongs in asset_class.",RESOLVED,B,bce1cc0f3cc4e5824307fdad05b63b448110f6218011c115af879665eca07ba5
205a12a6177b19ceb625,SRC356,4,PAIR_D8063C526E25DFFDAF3B8902,CONTEXT_CONFLICT,28,38,source_section|asset_class|strategy,ACCEPT_B,"Same page 4 ruling: printed section heading, and the governing Stable Value heading belongs in asset_class.",RESOLVED,B,bce1cc0f3cc4e5824307fdad05b63b448110f6218011c115af879665eca07ba5
f4bc71268e76e81b23e5,SRC356,4,PAIR_62BEA4B462865763A6B2DF14,CONTEXT_CONFLICT,29,39,source_section|asset_class|strategy,ACCEPT_B,"Ruled once for page 4 and applied to all twenty-one rows. source_section is the printed bold heading Asset Allocation above the table (B); A left it blank. The in-table headings Global Equity:, Stable Value: and Real Return: govern the rows beneath them and name asset classes, the column header being literally Asset Class, so they belong in asset_class (B) and not in strategy (A); the narrower level is the row label itself, which is already subject_name, so strategy stays blank. Confirmed against page-004.png.",RESOLVED,B,bce1cc0f3cc4e5824307fdad05b63b448110f6218011c115af879665eca07ba5
07a2f8102a00a21704a8,SRC356,4,PAIR_EADDECE7E68762E871076EB7,CONTEXT_CONFLICT,30,40,source_section|asset_class|strategy,ACCEPT_B,"Same page 4 ruling: printed section heading, and the governing Global Equity heading belongs in asset_class.",RESOLVED,B,bce1cc0f3cc4e5824307fdad05b63b448110f6218011c115af879665eca07ba5
ded847f3d1f7a71ae131,SRC356,4,PAIR_81C45678F5813B6CDD397F58,CONTEXT_CONFLICT,31,41,source_section|asset_class|strategy,ACCEPT_B,"Same page 4 ruling: printed section heading, and the governing Global Equity heading belongs in asset_class.",RESOLVED,B,bce1cc0f3cc4e5824307fdad05b63b448110f6218011c115af879665eca07ba5
406adc167c22d93aa0fc,SRC356,4,PAIR_324C4A5977768C477D6D9A16,CONTEXT_CONFLICT,32,42,source_section|asset_class|strategy,ACCEPT_B,"Same page 4 ruling: printed section heading, and the governing Real Return heading belongs in asset_class.",RESOLVED,B,bce1cc0f3cc4e5824307fdad05b63b448110f6218011c115af879665eca07ba5
bc84f215a71416d2cd72,SRC356,4,PAIR_64DA1CFF10C82B7A1697D90C,CONTEXT_CONFLICT,33,43,source_section|asset_class|strategy,ACCEPT_B,"Same page 4 ruling: printed section heading, and the governing Real Return heading belongs in asset_class.",RESOLVED,B,bce1cc0f3cc4e5824307fdad05b63b448110f6218011c115af879665eca07ba5
4dd68a1ac7f5ebb5f7f6,SRC356,4,PAIR_11446307378BDA14660C45A0,CONTEXT_CONFLICT,34,44,source_section,ACCEPT_B,"Page 4 section-heading ruling only. This row sits below the last governing heading, so both lanes correctly leave asset_class and strategy blank.",RESOLVED,B,bce1cc0f3cc4e5824307fdad05b63b448110f6218011c115af879665eca07ba5
092cc62a5649c11f9e0b,SRC356,4,PAIR_53FE6B503297867C4D438A12,CONTEXT_CONFLICT,35,45,source_section|asset_class|strategy,ACCEPT_B,"Same page 4 ruling: printed section heading, and the governing Stable Value heading belongs in asset_class.",RESOLVED,B,bce1cc0f3cc4e5824307fdad05b63b448110f6218011c115af879665eca07ba5
32adc976d17a37dc91d6,SRC356,4,PAIR_5EF7AA627578EC1037FC653E,CONTEXT_CONFLICT,36,46,source_section|asset_class|strategy,ACCEPT_B,"Same page 4 ruling: printed section heading, and the governing Stable Value heading belongs in asset_class.",RESOLVED,B,bce1cc0f3cc4e5824307fdad05b63b448110f6218011c115af879665eca07ba5
7aa5562e7a74301f5c2b,SRC356,4,PAIR_3029FCEECEB3F2EF63654EFA,CONTEXT_CONFLICT,37,47,source_section|asset_class|strategy,ACCEPT_B,"Same page 4 ruling: printed section heading, and the governing Real Return heading belongs in asset_class.",RESOLVED,B,bce1cc0f3cc4e5824307fdad05b63b448110f6218011c115af879665eca07ba5
079e6d003bc476795468,SRC356,4,PAIR_B7AF105C4A34413C38F459E0,CONTEXT_CONFLICT,38,48,source_section|asset_class|strategy,ACCEPT_B,"Same page 4 ruling: printed section heading, and the governing Global Equity heading belongs in asset_class.",RESOLVED,B,bce1cc0f3cc4e5824307fdad05b63b448110f6218011c115af879665eca07ba5
6e50f0c06b45f92a0516,SRC356,4,PAIR_4F62D58A75F2472F558A3BC2,CONTEXT_CONFLICT,39,49,source_section|asset_class|strategy,ACCEPT_B,"Same page 4 ruling: printed section heading, and the governing Real Return heading belongs in asset_class.",RESOLVED,B,bce1cc0f3cc4e5824307fdad05b63b448110f6218011c115af879665eca07ba5
65021fb95950ccd39abb,SRC356,4,PAIR_1DFD244539C1809D7D62838A,CONTEXT_CONFLICT,40,50,source_section|asset_class|strategy,ACCEPT_B,"Same page 4 ruling: printed section heading, and the governing Stable Value heading belongs in asset_class.",RESOLVED,B,bce1cc0f3cc4e5824307fdad05b63b448110f6218011c115af879665eca07ba5
9ceb0473e2b96078c57b,SRC356,4,PAIR_C495134302483B3F3D3097E1,CONTEXT_CONFLICT,41,51,source_section,ACCEPT_B,"Page 4 section-heading ruling only. This row sits below the last governing heading, so both lanes correctly leave asset_class and strategy blank.",RESOLVED,B,bce1cc0f3cc4e5824307fdad05b63b448110f6218011c115af879665eca07ba5
1105cc19c7f26ac2eff9,SRC356,4,PAIR_BD4FDF1F914E1FEC53684CE3,CLASSIFICATION_CONFLICT,42,52,source_section|subject_type,ACCEPT_B,"Page 4 section-heading ruling, plus subject_type: the closing 100.0% row is the fund own aggregate across all asset classes, which the contract types portfolio (B), not the reporting_entity form reserved for a statement total-net-assets line (A).",RESOLVED,B,bce1cc0f3cc4e5824307fdad05b63b448110f6218011c115af879665eca07ba5
4aad8e97470c4ae56d39,SRC356,4,PAIR_F43F2789CD8344EAA03B0C61,CONTEXT_CONFLICT,43,53,source_section|asset_class|strategy,ACCEPT_B,"Same page 4 ruling: printed section heading, and the governing Stable Value heading belongs in asset_class.",RESOLVED,B,bce1cc0f3cc4e5824307fdad05b63b448110f6218011c115af879665eca07ba5
e437970011084061cfda,SRC356,4,PAIR_0E0EB83994EC7917BF4C102E,CONTEXT_CONFLICT,44,54,source_section|asset_class|strategy,ACCEPT_B,"Same page 4 ruling: printed section heading, and the governing Global Equity heading belongs in asset_class.",RESOLVED,B,bce1cc0f3cc4e5824307fdad05b63b448110f6218011c115af879665eca07ba5
df7613dbf53130e5203f,SRC356,4,PAIR_40974CB33CE9606DD83FAA8C,CONTEXT_CONFLICT,45,55,source_section|asset_class|strategy,ACCEPT_B,"Same page 4 ruling: printed section heading, and the governing Global Equity heading belongs in asset_class.",RESOLVED,B,bce1cc0f3cc4e5824307fdad05b63b448110f6218011c115af879665eca07ba5
8ed411bea88f36af4d8e,SRC356,4,PAIR_882FA3CE2C950C76436AA1C2,CONTEXT_CONFLICT,46,56,source_section|asset_class|strategy,ACCEPT_B,"Same page 4 ruling: printed section heading, and the governing Real Return heading belongs in asset_class.",RESOLVED,B,bce1cc0f3cc4e5824307fdad05b63b448110f6218011c115af879665eca07ba5
f0dc19cecf343509ba15,SRC356,4,PAIR_D0397D8505A18BAC5CBD27E3,CONTEXT_CONFLICT,47,57,source_section|asset_class|strategy,ACCEPT_B,"Same page 4 ruling: printed section heading, and the governing Stable Value heading belongs in asset_class.",RESOLVED,B,bce1cc0f3cc4e5824307fdad05b63b448110f6218011c115af879665eca07ba5
afbfd6caf2756606f60d,SRC356,5,PAIR_51714AB960578CC25E580F6A,CONTEXT_CONFLICT,48,58,evidence_quote|definition_keys,MERGE,"Both lanes transcribed the printed definition of economically targeted investments. The named key stands, and the quote starts at the defined term instead of the tail of the previous sentence.",RESOLVED,A+B+ADJUDICATOR,bce1cc0f3cc4e5824307fdad05b63b448110f6218011c115af879665eca07ba5
f2e1e861affe3789ae81,SRC356,5,PAIR_8AAD7355C304B8574722BC67,CONTEXT_CONFLICT,49,59,definition_keys,MERGE,Both lanes transcribed the page-5 statement that the values are the PUF's proportionate share of the investments. One key names it on the note and on every cell that cites it.,RESOLVED,A+B+ADJUDICATOR,bce1cc0f3cc4e5824307fdad05b63b448110f6218011c115af879665eca07ba5
ae8551a4d7325ce23847,SRC356,5,PAIR_EC7379AC5DE56DF3E74F3CD0,VALUE_CONFLICT,50,60,source_section|subject_type|asset_class|currency_scale|metric_value_raw|definition_keys|value_scope,MERGE,"Ruled once for page 5 and applied to all its rows. source_section is the printed bold heading Economically Targeted Investments (B); A left it blank. asset_class is Private Equity (B): the paragraph directly above the table states the PUF invests in various private equity funds and that these private equity investments are made through internally created investment pools, which is the document-level statement of what the table covers. currency_scale is the $ printed at the head of the Market Value column and again at the total (B); a symbol printed once governs every value under it. subject_type is fund (A): the row label names a vehicle, an LP or an SCSP, not a security held inside one. The value conflict resolves to the printed form with its symbol (A), since this is one of the two rows where the page prints the $ against the figure. Backfill 2026-09-01: the row is the PUF's proportionate share of one named fund, which is a fund position, so lane A's reading stands; the citation key follows the note row.",RESOLVED,A+B+ADJUDICATOR,bce1cc0f3cc4e5824307fdad05b63b448110f6218011c115af879665eca07ba5
1b4625f860c3242983bc,SRC356,5,PAIR_0E989503C82D024CF3F1A11B,CLASSIFICATION_CONFLICT,51,61,source_section|subject_type|asset_class|currency_scale|definition_keys|value_scope,MERGE,"Same page 5 ruling: printed section heading and Private Equity asset class and $ scale from B, subject_type fund from A. Backfill 2026-09-01: the row is the PUF's proportionate share of one named fund, which is a fund position, so lane A's reading stands; the citation key follows the note row.",RESOLVED,A+B+ADJUDICATOR,bce1cc0f3cc4e5824307fdad05b63b448110f6218011c115af879665eca07ba5
f8c976d2b675d8e8cf88,SRC356,5,PAIR_36835444685A7E09CF58AF9D,CLASSIFICATION_CONFLICT,52,62,source_section|subject_type|asset_class|currency_scale|definition_keys|value_scope,MERGE,"Page 5 ruling, and here B is right on every differing field including subject_type: a row labelled DIRECT INVESTMENT is a holding the PUF owns directly, not a named fund vehicle, so investment is correct where the LP rows take fund. Backfill 2026-09-01: a direct investment is one holding, so lane B's single_holding stands; the citation key follows the note row.",RESOLVED,A+B+ADJUDICATOR,bce1cc0f3cc4e5824307fdad05b63b448110f6218011c115af879665eca07ba5
ae4e4a0c053cd5f60e28,SRC356,5,PAIR_7C641BB3E55F432D59B456B3,CLASSIFICATION_CONFLICT,53,63,source_section|subject_type|asset_class|currency_scale|definition_keys|value_scope,MERGE,"Page 5 ruling; DIRECT INVESTMENT rows are holdings, not fund vehicles, so B subject_type investment is right along with its section, asset class and scale. Backfill 2026-09-01: a direct investment is one holding, so lane B's single_holding stands; the citation key follows the note row.",RESOLVED,A+B+ADJUDICATOR,bce1cc0f3cc4e5824307fdad05b63b448110f6218011c115af879665eca07ba5
78d8439fdf29f1f07397,SRC356,5,PAIR_010DDD5DDE837A4EF945035D,CLASSIFICATION_CONFLICT,54,64,source_section|subject_type|asset_class|currency_scale|definition_keys|value_scope,MERGE,"Page 5 ruling; DIRECT INVESTMENT rows are holdings, not fund vehicles, so B subject_type investment is right along with its section, asset class and scale. Backfill 2026-09-01: a direct investment is one holding, so lane B's single_holding stands; the citation key follows the note row.",RESOLVED,A+B+ADJUDICATOR,bce1cc0f3cc4e5824307fdad05b63b448110f6218011c115af879665eca07ba5
13400e6c1b41d37e56df,SRC356,5,PAIR_43C7413A9AE81ED3A52360EA,CLASSIFICATION_CONFLICT,55,65,source_section|subject_type|asset_class|currency_scale|definition_keys|value_scope,MERGE,"Same page 5 ruling: printed section heading and Private Equity asset class and $ scale from B, subject_type fund from A. Backfill 2026-09-01: the row is the PUF's proportionate share of one named fund, which is a fund position, so lane A's reading stands; the citation key follows the note row.",RESOLVED,A+B+ADJUDICATOR,bce1cc0f3cc4e5824307fdad05b63b448110f6218011c115af879665eca07ba5
54b882d3a044e8c31d98,SRC356,5,PAIR_F4B6D10D5E22AD6DB495A409,CLASSIFICATION_CONFLICT,56,66,source_section|subject_type|asset_class|currency_scale|definition_keys|value_scope,MERGE,"Same page 5 ruling: printed section heading and Private Equity asset class and $ scale from B, subject_type fund from A. Backfill 2026-09-01: the row is the PUF's proportionate share of one named fund, which is a fund position, so lane A's reading stands; the citation key follows the note row.",RESOLVED,A+B+ADJUDICATOR,bce1cc0f3cc4e5824307fdad05b63b448110f6218011c115af879665eca07ba5
a033c68a9d57a38f947c,SRC356,5,PAIR_4976BB2679F0901FBE34DB93,CLASSIFICATION_CONFLICT,57,67,source_section|subject_type|asset_class|currency_scale|definition_keys|value_scope,MERGE,"Same page 5 ruling: printed section heading and Private Equity asset class and $ scale from B, subject_type fund from A. Backfill 2026-09-01: the row is the PUF's proportionate share of one named fund, which is a fund position, so lane A's reading stands; the citation key follows the note row.",RESOLVED,A+B+ADJUDICATOR,bce1cc0f3cc4e5824307fdad05b63b448110f6218011c115af879665eca07ba5
cb7aadee914d7c25c272,SRC356,5,PAIR_E7D65E84CF7624E811FAFA06,CLASSIFICATION_CONFLICT,58,68,source_section|subject_type|asset_class|currency_scale|definition_keys|value_scope,MERGE,"Same page 5 ruling: printed section heading and Private Equity asset class and $ scale from B, subject_type fund from A. Backfill 2026-09-01: the row is the PUF's proportionate share of one named fund, which is a fund position, so lane A's reading stands; the citation key follows the note row.",RESOLVED,A+B+ADJUDICATOR,bce1cc0f3cc4e5824307fdad05b63b448110f6218011c115af879665eca07ba5
d726f2c96474ccdd2af8,SRC356,5,PAIR_40207A9C1DF8638F35CC1C87,CLASSIFICATION_CONFLICT,59,69,source_section|subject_type|asset_class|currency_scale|definition_keys|value_scope,MERGE,"Same page 5 ruling: printed section heading and Private Equity asset class and $ scale from B, subject_type fund from A. Backfill 2026-09-01: the row is the PUF's proportionate share of one named fund, which is a fund position, so lane A's reading stands; the citation key follows the note row.",RESOLVED,A+B+ADJUDICATOR,bce1cc0f3cc4e5824307fdad05b63b448110f6218011c115af879665eca07ba5
ea3aaa9120281fccb646,SRC356,5,PAIR_E0B7648BAC0CAB2F79A84D62,CLASSIFICATION_CONFLICT,60,70,source_section|subject_type|asset_class|currency_scale|definition_keys|value_scope,MERGE,"Same page 5 ruling: printed section heading and Private Equity asset class and $ scale from B, subject_type fund from A. Backfill 2026-09-01: the row is the PUF's proportionate share of one named fund, which is a fund position, so lane A's reading stands; the citation key follows the note row.",RESOLVED,A+B+ADJUDICATOR,bce1cc0f3cc4e5824307fdad05b63b448110f6218011c115af879665eca07ba5
7a259a7910ab848aab8d,SRC356,5,PAIR_472D011BD79A1C121397A55F,CLASSIFICATION_CONFLICT,61,71,source_section|subject_type|asset_class|currency_scale|definition_keys|value_scope,MERGE,"Same page 5 ruling: printed section heading and Private Equity asset class and $ scale from B, subject_type fund from A. Backfill 2026-09-01: the row is the PUF's proportionate share of one named fund, which is a fund position, so lane A's reading stands; the citation key follows the note row.",RESOLVED,A+B+ADJUDICATOR,bce1cc0f3cc4e5824307fdad05b63b448110f6218011c115af879665eca07ba5
4f3b922c742ac2a7dd9f,SRC356,5,PAIR_0849EE4BC86F3AEED5F856F2,CLASSIFICATION_CONFLICT,62,72,source_section|subject_type|asset_class|currency_scale|definition_keys|value_scope,MERGE,"Same page 5 ruling: printed section heading and Private Equity asset class and $ scale from B, subject_type fund from A. Backfill 2026-09-01: the row is the PUF's proportionate share of one named fund, which is a fund position, so lane A's reading stands; the citation key follows the note row.",RESOLVED,A+B+ADJUDICATOR,bce1cc0f3cc4e5824307fdad05b63b448110f6218011c115af879665eca07ba5
c7ae89356d9956cb8153,SRC356,5,PAIR_82FE8D7125F06ABF54176439,CLASSIFICATION_CONFLICT,63,73,source_section|subject_type|asset_class|currency_scale|definition_keys|value_scope,MERGE,"Same page 5 ruling: printed section heading and Private Equity asset class and $ scale from B, subject_type fund from A. Backfill 2026-09-01: the row is the PUF's proportionate share of one named fund, which is a fund position, so lane A's reading stands; the citation key follows the note row.",RESOLVED,A+B+ADJUDICATOR,bce1cc0f3cc4e5824307fdad05b63b448110f6218011c115af879665eca07ba5
bd37f806edf70ff02609,SRC356,5,PAIR_4EC3D0F21A88A0C146F8C30D,CLASSIFICATION_CONFLICT,64,74,source_section|subject_type|asset_class|currency_scale|definition_keys|value_scope,MERGE,"Same page 5 ruling: printed section heading and Private Equity asset class and $ scale from B, subject_type fund from A. Backfill 2026-09-01: the row is the PUF's proportionate share of one named fund, which is a fund position, so lane A's reading stands; the citation key follows the note row.",RESOLVED,A+B+ADJUDICATOR,bce1cc0f3cc4e5824307fdad05b63b448110f6218011c115af879665eca07ba5
9451aa8360f94dab3087,SRC356,5,PAIR_0AF9C27701E13523C796B9BB,CLASSIFICATION_CONFLICT,65,75,source_section|subject_type|asset_class|currency_scale|definition_keys|value_scope,MERGE,"Same page 5 ruling: printed section heading and Private Equity asset class and $ scale from B, subject_type fund from A. Backfill 2026-09-01: the row is the PUF's proportionate share of one named fund, which is a fund position, so lane A's reading stands; the citation key follows the note row.",RESOLVED,A+B+ADJUDICATOR,bce1cc0f3cc4e5824307fdad05b63b448110f6218011c115af879665eca07ba5
d8aeb79cac4cf7dd251a,SRC356,5,PAIR_5075D8EE4DDF429423BF4ED8,CLASSIFICATION_CONFLICT,66,76,source_section|subject_type|asset_class|currency_scale|definition_keys|value_scope,MERGE,"Same page 5 ruling: printed section heading and Private Equity asset class and $ scale from B, subject_type fund from A. Backfill 2026-09-01: the row is the PUF's proportionate share of one named fund, which is a fund position, so lane A's reading stands; the citation key follows the note row.",RESOLVED,A+B+ADJUDICATOR,bce1cc0f3cc4e5824307fdad05b63b448110f6218011c115af879665eca07ba5
964be37a18f53a111611,SRC356,5,PAIR_2E3B54F3F31693142595EC88,CLASSIFICATION_CONFLICT,67,77,source_section|subject_type|asset_class|currency_scale|definition_keys|value_scope,MERGE,"Same page 5 ruling: printed section heading and Private Equity asset class and $ scale from B, subject_type fund from A. Backfill 2026-09-01: the row is the PUF's proportionate share of one named fund, which is a fund position, so lane A's reading stands; the citation key follows the note row.",RESOLVED,A+B+ADJUDICATOR,bce1cc0f3cc4e5824307fdad05b63b448110f6218011c115af879665eca07ba5
c5a87ae1ac948e00650e,SRC356,5,PAIR_16B8D26AC1B1B69590E74209,CLASSIFICATION_CONFLICT,68,78,source_section|subject_type|asset_class|currency_scale|definition_keys|value_scope,MERGE,"Same page 5 ruling: printed section heading and Private Equity asset class and $ scale from B, subject_type fund from A. Backfill 2026-09-01: the row is the PUF's proportionate share of one named fund, which is a fund position, so lane A's reading stands; the citation key follows the note row.",RESOLVED,A+B+ADJUDICATOR,bce1cc0f3cc4e5824307fdad05b63b448110f6218011c115af879665eca07ba5
b284f4a05e2ae74a8ec9,SRC356,5,PAIR_83E9A5699E7662935FCB1227,CLASSIFICATION_CONFLICT,69,79,source_section|subject_type|asset_class|currency_scale|definition_keys|value_scope,MERGE,"Same page 5 ruling: printed section heading and Private Equity asset class and $ scale from B, subject_type fund from A. Backfill 2026-09-01: the row is the PUF's proportionate share of one named fund, which is a fund position, so lane A's reading stands; the citation key follows the note row.",RESOLVED,A+B+ADJUDICATOR,bce1cc0f3cc4e5824307fdad05b63b448110f6218011c115af879665eca07ba5
2c502898787ca8ad25c4,SRC356,5,PAIR_60EE8871F6BEF22FC7321EFE,CLASSIFICATION_CONFLICT,70,80,source_section|subject_type|asset_class|currency_scale|definition_keys|value_scope,MERGE,"Same page 5 ruling: printed section heading and Private Equity asset class and $ scale from B, subject_type fund from A. Backfill 2026-09-01: the row is the PUF's proportionate share of one named fund, which is a fund position, so lane A's reading stands; the citation key follows the note row.",RESOLVED,A+B+ADJUDICATOR,bce1cc0f3cc4e5824307fdad05b63b448110f6218011c115af879665eca07ba5
ba7a1b6782d6103ab5b6,SRC356,5,PAIR_D82BECD19F15DB7C74AE123E,CLASSIFICATION_CONFLICT,71,81,source_section|subject_type|asset_class|currency_scale|definition_keys|value_scope,MERGE,"Same page 5 ruling: printed section heading and Private Equity asset class and $ scale from B, subject_type fund from A. Backfill 2026-09-01: the row is the PUF's proportionate share of one named fund, which is a fund position, so lane A's reading stands; the citation key follows the note row.",RESOLVED,A+B+ADJUDICATOR,bce1cc0f3cc4e5824307fdad05b63b448110f6218011c115af879665eca07ba5
c47de9309fb59ae68732,SRC356,5,PAIR_11CD04E785308DED72B3FDDC,VALUE_CONFLICT,72,82,source_section|subject_type|currency_scale|metric_value_raw|definition_keys,MERGE,"Page 5 ruling, and the two lanes split on the closing total. The value keeps the $ the page prints against it (A). subject_type is portfolio (B): the row is the aggregate of the listed positions, not a statement total-net-assets line. asset_class stays blank on the total, as both lanes had it, and the printed section heading and $ scale come from B. Backfill 2026-09-01: the Total row aggregates the PUF's proportionate share across every listed investment; both lanes read it as the aggregate.",RESOLVED,A+B+ADJUDICATOR,bce1cc0f3cc4e5824307fdad05b63b448110f6218011c115af879665eca07ba5
4e7abce2ec9b7c5d9e8c,SRC356,5,PAIR_8AC0EAEC4A44DA5E4A4B2656,CLASSIFICATION_CONFLICT,73,83,source_section|subject_type|asset_class|currency_scale|definition_keys|value_scope,MERGE,"Same page 5 ruling: printed section heading and Private Equity asset class and $ scale from B, subject_type fund from A. Backfill 2026-09-01: the row is the PUF's proportionate share of one named fund, which is a fund position, so lane A's reading stands; the citation key follows the note row.",RESOLVED,A+B+ADJUDICATOR,bce1cc0f3cc4e5824307fdad05b63b448110f6218011c115af879665eca07ba5
7527f8db864bfceb824b,SRC356,5,PAIR_DF0B9D101419270517E9B3B2,CLASSIFICATION_CONFLICT,74,84,source_section|subject_type|asset_class|currency_scale|definition_keys|value_scope,MERGE,"Same page 5 ruling: printed section heading and Private Equity asset class and $ scale from B, subject_type fund from A. Backfill 2026-09-01: the row is the PUF's proportionate share of one named fund, which is a fund position, so lane A's reading stands; the citation key follows the note row.",RESOLVED,A+B+ADJUDICATOR,bce1cc0f3cc4e5824307fdad05b63b448110f6218011c115af879665eca07ba5
3c189e8fbd85ae806e3a,SRC375,1,PAIR_A3246A1F9D434BA0C19BF73C,CONTEXT_CONFLICT,1,1,source_section|source_table,ACCEPT_B,"context field printed on the page: the section heading Serving the University governs this figure and B populates source_section; source_table takes the printed figure title Investor Composition, the GRAPH 1 prefix being the figure number and not part of the title. Value 51% agreed.",RESOLVED,B,f61eeefaffa1b3e41935961142f563d3887f3c3e621e726449d5826821bce017
e8d5534fae1e4a9a2dbc,SRC375,1,PAIR_60E26FB3776477F6FB8F2647,CONTEXT_CONFLICT,2,2,source_section|source_table,ACCEPT_B,same source_section and source_table ruling as the other Investor Composition slices. Value 13% agreed.,RESOLVED,B,f61eeefaffa1b3e41935961142f563d3887f3c3e621e726449d5826821bce017
49223bbc808bcb275201,SRC375,1,PAIR_87E32C744A3CCE3AA3112CC9,CONTEXT_CONFLICT,3,3,source_section|source_table,ACCEPT_B,same source_section and source_table ruling as the other Investor Composition slices. Value 14% agreed.,RESOLVED,B,f61eeefaffa1b3e41935961142f563d3887f3c3e621e726449d5826821bce017
682a4c28a442e1a19e62,SRC375,1,PAIR_CC73253379BE9F31F59CF81A,CONTEXT_CONFLICT,4,4,source_section|source_table,ACCEPT_B,same source_section and source_table ruling as the other Investor Composition slices. Value 23% agreed.,RESOLVED,B,f61eeefaffa1b3e41935961142f563d3887f3c3e621e726449d5826821bce017
38eddca2c59c28f4be12,SRC375,1,PAIR_13F3F45AA52A11B1D5FB5DC3,B_ONLY,,5,,ACCEPT_B,printed on page 1: the Short Term Pool donut prints a single 100% slice labelled University-Associated Organizations. B carries the correct section and figure title and cites the printed 100% directly; A cites a jumbled two-column TXT line.,VERIFIED_ONE_SIDED,B,f61eeefaffa1b3e41935961142f563d3887f3c3e621e726449d5826821bce017
3fa7605a2c75164f8b30,SRC375,1,PAIR_5694DE1B05B9E9F812CF5EF1,A_ONLY,6,,,ACCEPT_A,"printed and eligible: the sentence states $7.9 billion represents the Rector and Visitors endowment, the same bucket the Investor Composition donut prints at 51%. A files it as allocation_observation market_value for that bucket, which is the family its percentage counterpart already uses.",VERIFIED_ONE_SIDED,A,f61eeefaffa1b3e41935961142f563d3887f3c3e621e726449d5826821bce017
2625dd944c8b0a6678ba,SRC375,1,PAIR_8C2640499E19702D1F45A378,A_ONLY,7,,,ACCEPT_A,"printed and eligible: $2.0 billion of other University long-term assets, the bucket the donut prints at 13%. Same family ruling as the other three component amounts.",VERIFIED_ONE_SIDED,A,f61eeefaffa1b3e41935961142f563d3887f3c3e621e726449d5826821bce017
af6e364e03be7a27c157,SRC375,1,PAIR_AF57DE5D1375056B5D7911F3,A_ONLY,8,,,ACCEPT_A,"printed and eligible: $2.1 billion Strategic Investment Fund, the bucket the donut prints at 14%. Same family ruling as the other three component amounts.",VERIFIED_ONE_SIDED,A,f61eeefaffa1b3e41935961142f563d3887f3c3e621e726449d5826821bce017
a375df6b7d405fe72df1,SRC375,1,PAIR_1C3DEDFAC50D2D5151CFF4CA,A_ONLY,9,,,ACCEPT_A,"printed and eligible: $3.5 billion held by University-associated organizations, the bucket the donut prints at 23%. Same family ruling as the other three component amounts.",VERIFIED_ONE_SIDED,A,f61eeefaffa1b3e41935961142f563d3887f3c3e621e726449d5826821bce017
2b5da3462dedfb31e8d7,SRC375,1,PAIR_A0B031FDF2AE6775A535910E,CONTEXT_CONFLICT,10,6,source_section|source_table|source_row_label|source_occurrence,MERGE,Both lanes transcribed footnote (1) under the investor-composition graph. The row keeps the printed marker as its label; the section heading lane B recorded is printed above the graph; a printed note measures nothing and carries no subject.,RESOLVED,A+B+ADJUDICATOR,f61eeefaffa1b3e41935961142f563d3887f3c3e621e726449d5826821bce017
35f6bc1cda389f7ac3a8,SRC375,1,PAIR_00DC49E8BC999E3304A5326A,VALUE_CONFLICT,11,7,source_section|source_table|subject_name|text_raw,MERGE,"neither is complete. The row describes the whole document so it sits under no section: source_section is blank and the document title carries source_table. subject_type is document, so subject_name is the document's printed title (A), not the issuer's name (B) which already occupies manager_name. Quote widened to the printed masthead so it evidences the title it names.",RESOLVED,A+B+ADJUDICATOR,f61eeefaffa1b3e41935961142f563d3887f3c3e621e726449d5826821bce017
21652c69929cb2dd0137,SRC375,1,PAIR_A08628CE2084FB4937DD8B2B,CONTEXT_CONFLICT,12,8,source_section|source_table|metric_name|basis_raw|value_scope,MERGE,"metric_name from printed wording: page 1 states UVIMCO assets under management were $15.5 billion in the Long Term Pool, so assets under management is printed and Market Value is not. Section and figure title as ruled for this document. Backfill 2026-09-01: the Long Term Pool market value is the pool's own total, which lane A backed with the printed phrase and lane B left unstated; the backed reading stands.",RESOLVED,A+B+ADJUDICATOR,f61eeefaffa1b3e41935961142f563d3887f3c3e621e726449d5826821bce017
fbc50864912e4b0ef1df,SRC375,1,PAIR_9DF94200072EDE7A70D7FC6A,CONTEXT_CONFLICT,13,9,source_section|source_table|metric_name|evidence_quote,ACCEPT_B,same printed-wording ruling as the Long Term Pool donut centre; B quote is the clean printed amount while A quote carries two-column bleed from the TXT.,RESOLVED,B,f61eeefaffa1b3e41935961142f563d3887f3c3e621e726449d5826821bce017
83c18160e538a3d88aeb,SRC375,1,PAIR_DEE1BA868B5A687AF15D2584,CLASSIFICATION_CONFLICT,14,10,source_section|source_table|currency_scale|metric_category|basis_raw|value_scope,MERGE,"grid x-coordinate 111 and the page image confirm the bar labels. Neither lane is complete: B carries the printed section heading and figure title, A carries the printed scale label In billions and the correct category. Market Value here is the plan's stated total assets under management, which the same page says in words (assets under management have grown from $13.6 billion to $15.5 billion (Graph 2)), so aum and not fair_value. Backfill 2026-09-01: the Long Term Pool market value is the pool's own total, which lane A backed with the printed phrase and lane B left unstated; the backed reading stands.; Source review: p1: Long Term Pool Market Value; 2022 (The source states Market Value as the measurement basis; the entity or table heading remains in source context.)",RESOLVED,A+B+ADJUDICATOR,f61eeefaffa1b3e41935961142f563d3887f3c3e621e726449d5826821bce017
1bba7f5c40c0245c3a76,SRC375,1,PAIR_73338E0673EDC381C4FB09B6,CLASSIFICATION_CONFLICT,15,11,source_section|source_table|currency_scale|metric_category|basis_raw|value_scope,MERGE,"grid x-coordinate 111 and the page image confirm the bar labels. Neither lane is complete: B carries the printed section heading and figure title, A carries the printed scale label In billions and the correct category. Market Value here is the plan's stated total assets under management, which the same page says in words (assets under management have grown from $13.6 billion to $15.5 billion (Graph 2)), so aum and not fair_value. Backfill 2026-09-01: the Long Term Pool market value is the pool's own total, which lane A backed with the printed phrase and lane B left unstated; the backed reading stands.; Source review: p1: Long Term Pool Market Value; 2023 (The source states Market Value as the measurement basis; the entity or table heading remains in source context.)",RESOLVED,A+B+ADJUDICATOR,f61eeefaffa1b3e41935961142f563d3887f3c3e621e726449d5826821bce017
129c17eb5ef327f8201b,SRC375,1,PAIR_40E4946BBACD6494B082A069,CLASSIFICATION_CONFLICT,16,12,source_section|source_table|currency_scale|metric_category|basis_raw|value_scope,MERGE,"grid x-coordinate 111 and the page image confirm the bar labels. Neither lane is complete: B carries the printed section heading and figure title, A carries the printed scale label In billions and the correct category. Market Value here is the plan's stated total assets under management, which the same page says in words (assets under management have grown from $13.6 billion to $15.5 billion (Graph 2)), so aum and not fair_value. Backfill 2026-09-01: the Long Term Pool market value is the pool's own total, which lane A backed with the printed phrase and lane B left unstated; the backed reading stands.; Source review: p1: Long Term Pool Market Value; 2024 (The source states Market Value as the measurement basis; the entity or table heading remains in source context.)",RESOLVED,A+B+ADJUDICATOR,f61eeefaffa1b3e41935961142f563d3887f3c3e621e726449d5826821bce017
56a6acb40a2e54ad4978,SRC375,1,PAIR_5522EB88F6AA33284A4A5652,CLASSIFICATION_CONFLICT,17,13,source_section|source_table|currency_scale|metric_category|basis_raw|value_scope,MERGE,"grid x-coordinate 111 and the page image confirm the bar labels. Neither lane is complete: B carries the printed section heading and figure title, A carries the printed scale label In billions and the correct category. Market Value here is the plan's stated total assets under management, which the same page says in words (assets under management have grown from $13.6 billion to $15.5 billion (Graph 2)), so aum and not fair_value. Backfill 2026-09-01: the Long Term Pool market value is the pool's own total, which lane A backed with the printed phrase and lane B left unstated; the backed reading stands.; Source review: p1: Long Term Pool Market Value; 2025 (The source states Market Value as the measurement basis; the entity or table heading remains in source context.)",RESOLVED,A+B+ADJUDICATOR,f61eeefaffa1b3e41935961142f563d3887f3c3e621e726449d5826821bce017
3033a4211fcc099d5c2c,SRC375,1,PAIR_07158E0AC8885FA35E5919EC,B_ONLY,,14,,ACCEPT_B,"printed and eligible: the narrative states the Long Term Pool AUM figure in its own sentence, a printed cell distinct from the donut centre. A missed the narrative block entirely.",VERIFIED_ONE_SIDED,B,f61eeefaffa1b3e41935961142f563d3887f3c3e621e726449d5826821bce017
c270d0bd1b213bb5d8a7,SRC375,1,PAIR_882F2F1F182045A16DD0730C,B_ONLY,,15,,ACCEPT_B,"printed and eligible: the narrative states the Short Term Pool AUM figure in its own sentence, distinct from the donut centre. A missed the narrative block.",VERIFIED_ONE_SIDED,B,f61eeefaffa1b3e41935961142f563d3887f3c3e621e726449d5826821bce017
145031bd5bdf10a6fe74,SRC375,1,PAIR_DB785F0D9DF6713563CFB187,B_ONLY,,20,,ACCEPT_B,printed and eligible: the sentence Since 2022 UVIMCO assets under management have grown from $13.6 billion is a printed narrative cell distinct from the Graph 2 bar. A missed the narrative block.,VERIFIED_ONE_SIDED,B,f61eeefaffa1b3e41935961142f563d3887f3c3e621e726449d5826821bce017
94cd2e2e11765dc65835,SRC375,1,PAIR_9426CACB4A36C585D52742C3,B_ONLY,,21,,ACCEPT_B,"printed and eligible: the closing figure of the same printed sentence, distinct from the Graph 2 bar. A missed the narrative block.",VERIFIED_ONE_SIDED,B,f61eeefaffa1b3e41935961142f563d3887f3c3e621e726449d5826821bce017
e0eddc7216c5b8f2a160,SRC375,2,PAIR_12656AADBBBE8BE506E68A3E,CONTEXT_CONFLICT,18,22,source_section|source_table|metric_name|evidence_quote,ACCEPT_B,"printed and eligible. The 2025 stack prints seven labels that sum to 100 (28+9+28+16+9+4+6) and A omitted Fixed Income & Cash. B carries the printed section heading Asset Allocation, the printed figure title, and the IMAGE_ONLY convention for a chart label whose TXT glyphs are duplicated.",RESOLVED,B,f61eeefaffa1b3e41935961142f563d3887f3c3e621e726449d5826821bce017
eb92f337c65309ceb8f1,SRC375,2,PAIR_284937CB8F8186E9C3376D45,CONTEXT_CONFLICT,19,23,source_section|source_table|metric_name|evidence_quote,ACCEPT_B,"printed and eligible. The 2025 stack prints seven labels that sum to 100 (28+9+28+16+9+4+6) and A omitted Fixed Income & Cash. B carries the printed section heading Asset Allocation, the printed figure title, and the IMAGE_ONLY convention for a chart label whose TXT glyphs are duplicated.",RESOLVED,B,f61eeefaffa1b3e41935961142f563d3887f3c3e621e726449d5826821bce017
da1eadbe204dfd7433b3,SRC375,2,PAIR_13551A163C5194820EEE3FA5,CLASSIFICATION_CONFLICT,20,24,source_section|source_table|subject_type|subject_name|asset_class|metric_name|evidence_quote,MERGE,"neither is complete. The Policy Portfolio bar is a policy line, so subject_type is benchmark and subject_name is Policy Portfolio with the bucket in asset_class (A), not the bucket promoted to subject (B); B carries the printed section heading and figure title. Category corrected on both lanes: the page says the Board establishes this policy portfolio allocation, so it is the target allocation, not an actual one.",RESOLVED,A+B+ADJUDICATOR,f61eeefaffa1b3e41935961142f563d3887f3c3e621e726449d5826821bce017
4c705c45fc8ab2323684,SRC375,2,PAIR_9247952099718A0AE7F9A94F,CLASSIFICATION_CONFLICT,21,25,source_section|source_table|subject_type|subject_name|asset_class|metric_name|evidence_quote,MERGE,"neither is complete. The Policy Portfolio bar is a policy line, so subject_type is benchmark and subject_name is Policy Portfolio with the bucket in asset_class (A), not the bucket promoted to subject (B); B carries the printed section heading and figure title. Category corrected on both lanes: the page says the Board establishes this policy portfolio allocation, so it is the target allocation, not an actual one.",RESOLVED,A+B+ADJUDICATOR,f61eeefaffa1b3e41935961142f563d3887f3c3e621e726449d5826821bce017
4ba622d750499f81520a,SRC375,2,PAIR_7F689F9D2EA12B3F82989CFC,B_ONLY,,26,,ACCEPT_B,"printed and eligible. The 2025 stack prints seven labels that sum to 100 (28+9+28+16+9+4+6) and A omitted Fixed Income & Cash. B carries the printed section heading Asset Allocation, the printed figure title, and the IMAGE_ONLY convention for a chart label whose TXT glyphs are duplicated.",VERIFIED_ONE_SIDED,B,f61eeefaffa1b3e41935961142f563d3887f3c3e621e726449d5826821bce017
5f0877eddb32321b67ee,SRC375,2,PAIR_430E0FC0E108486D9D3C9FAD,CONTEXT_CONFLICT,22,27,source_section|source_table|metric_name|evidence_quote,ACCEPT_B,"printed and eligible. The 2025 stack prints seven labels that sum to 100 (28+9+28+16+9+4+6) and A omitted Fixed Income & Cash. B carries the printed section heading Asset Allocation, the printed figure title, and the IMAGE_ONLY convention for a chart label whose TXT glyphs are duplicated.",RESOLVED,B,f61eeefaffa1b3e41935961142f563d3887f3c3e621e726449d5826821bce017
b6a1a62cadf3abd2ee1b,SRC375,2,PAIR_8AE2C961CC16A95120354FA9,CONTEXT_CONFLICT,23,28,source_section|source_table|metric_name,ACCEPT_B,"printed and eligible. The 2025 stack prints seven labels that sum to 100 (28+9+28+16+9+4+6) and A omitted Fixed Income & Cash. B carries the printed section heading Asset Allocation, the printed figure title, and the IMAGE_ONLY convention for a chart label whose TXT glyphs are duplicated.",RESOLVED,B,f61eeefaffa1b3e41935961142f563d3887f3c3e621e726449d5826821bce017
6736b1a3e209eadf7733,SRC375,2,PAIR_DECD2E154B597F0A9D8B4822,CONTEXT_CONFLICT,24,29,source_section|source_table|metric_name,ACCEPT_B,"printed and eligible. The 2025 stack prints seven labels that sum to 100 (28+9+28+16+9+4+6) and A omitted Fixed Income & Cash. B carries the printed section heading Asset Allocation, the printed figure title, and the IMAGE_ONLY convention for a chart label whose TXT glyphs are duplicated.",RESOLVED,B,f61eeefaffa1b3e41935961142f563d3887f3c3e621e726449d5826821bce017
77e329d7825674bd8962,SRC375,2,PAIR_B848E76F7BA194F5C93289F6,CONTEXT_CONFLICT,25,30,source_section|source_table|metric_name,ACCEPT_B,"printed and eligible. The 2025 stack prints seven labels that sum to 100 (28+9+28+16+9+4+6) and A omitted Fixed Income & Cash. B carries the printed section heading Asset Allocation, the printed figure title, and the IMAGE_ONLY convention for a chart label whose TXT glyphs are duplicated.",RESOLVED,B,f61eeefaffa1b3e41935961142f563d3887f3c3e621e726449d5826821bce017
ac11b8bb67d7d9966476,SRC375,2,,ADJUDICATOR_ADD,,,,ADD,"both lanes missed the table's first value column. TABLE 1 prints Allocation(1) ahead of the period columns, footnoted Percent of Long Term Pool net asset value, and the grid lists it at column_index 1 (x=111) on nine of the ten body rows; the Policy Benchmark row prints no allocation and yields none. A percentage of net asset value per bucket is allocation_observation actual_allocation, performance_observation carrying no allocation category.",ADDED,ADJUDICATOR,f61eeefaffa1b3e41935961142f563d3887f3c3e621e726449d5826821bce017
3169c87597e7a360a701,SRC375,2,,ADJUDICATOR_ADD,,,,ADD,"both lanes missed it, and the same call was made on SRC192 and SRC389 in this route. Footnote (3) prints the Policy Benchmark as a geometrically linked monthly average of two weighted constituents. A weight of a named benchmark is that benchmark's target allocation, which allocation_observation carries as target_allocation. The subject is the benchmark whose composition it is, so subject_type benchmark and subject_name Policy Benchmark, with the constituent index in asset_class. The same footnote's policy portfolio weights are printed only as the compound tokens 65/10/25 and 60/10/30 for prior periods, not as per-bucket cells, so they are not extracted. Grouping corrected 2026-09-01: the printed value is the benchmark component named by the row label, never an asset-class grouping, so `asset_class` is blank.",ADDED,ADJUDICATOR,f61eeefaffa1b3e41935961142f563d3887f3c3e621e726449d5826821bce017
e9b882fb3a0152373b22,SRC375,2,,ADJUDICATOR_ADD,,,,ADD,"both lanes missed the table's first value column. TABLE 1 prints Allocation(1) ahead of the period columns, footnoted Percent of Long Term Pool net asset value, and the grid lists it at column_index 1 (x=111) on nine of the ten body rows; the Policy Benchmark row prints no allocation and yields none. A percentage of net asset value per bucket is allocation_observation actual_allocation, performance_observation carrying no allocation category.",ADDED,ADJUDICATOR,f61eeefaffa1b3e41935961142f563d3887f3c3e621e726449d5826821bce017
f75ee1ca9d7749ef100f,SRC375,2,,ADJUDICATOR_ADD,,,,ADD,"both lanes missed the table's first value column. TABLE 1 prints Allocation(1) ahead of the period columns, footnoted Percent of Long Term Pool net asset value, and the grid lists it at column_index 1 (x=111) on nine of the ten body rows; the Policy Benchmark row prints no allocation and yields none. A percentage of net asset value per bucket is allocation_observation actual_allocation, performance_observation carrying no allocation category.",ADDED,ADJUDICATOR,f61eeefaffa1b3e41935961142f563d3887f3c3e621e726449d5826821bce017
82e1ae6b0617da8c8e2e,SRC375,2,,ADJUDICATOR_ADD,,,,ADD,"both lanes missed the table's first value column. TABLE 1 prints Allocation(1) ahead of the period columns, footnoted Percent of Long Term Pool net asset value, and the grid lists it at column_index 1 (x=111) on nine of the ten body rows; the Policy Benchmark row prints no allocation and yields none. A percentage of net asset value per bucket is allocation_observation actual_allocation, performance_observation carrying no allocation category.",ADDED,ADJUDICATOR,f61eeefaffa1b3e41935961142f563d3887f3c3e621e726449d5826821bce017
f067bf2ef3dcc770f835,SRC375,2,,ADJUDICATOR_ADD,,,,ADD,"both lanes missed the table's first value column. TABLE 1 prints Allocation(1) ahead of the period columns, footnoted Percent of Long Term Pool net asset value, and the grid lists it at column_index 1 (x=111) on nine of the ten body rows; the Policy Benchmark row prints no allocation and yields none. A percentage of net asset value per bucket is allocation_observation actual_allocation, performance_observation carrying no allocation category.",ADDED,ADJUDICATOR,f61eeefaffa1b3e41935961142f563d3887f3c3e621e726449d5826821bce017
fd46341ec20207b1d19a,SRC375,2,,ADJUDICATOR_ADD,,,,ADD,"both lanes missed the table's first value column. TABLE 1 prints Allocation(1) ahead of the period columns, footnoted Percent of Long Term Pool net asset value, and the grid lists it at column_index 1 (x=111) on nine of the ten body rows; the Policy Benchmark row prints no allocation and yields none. A percentage of net asset value per bucket is allocation_observation actual_allocation, performance_observation carrying no allocation category.",ADDED,ADJUDICATOR,f61eeefaffa1b3e41935961142f563d3887f3c3e621e726449d5826821bce017
dbcddf8f54eb501694c2,SRC375,2,,ADJUDICATOR_ADD,,,,ADD,"both lanes missed it, and the same call was made on SRC192 and SRC389 in this route. Footnote (3) prints the Policy Benchmark as a geometrically linked monthly average of two weighted constituents. A weight of a named benchmark is that benchmark's target allocation, which allocation_observation carries as target_allocation. The subject is the benchmark whose composition it is, so subject_type benchmark and subject_name Policy Benchmark, with the constituent index in asset_class. The same footnote's policy portfolio weights are printed only as the compound tokens 65/10/25 and 60/10/30 for prior periods, not as per-bucket cells, so they are not extracted. Grouping corrected 2026-09-01: the printed value is the benchmark component named by the row label, never an asset-class grouping, so `asset_class` is blank.",ADDED,ADJUDICATOR,f61eeefaffa1b3e41935961142f563d3887f3c3e621e726449d5826821bce017
fb0381c8e376c71c10e9,SRC375,2,,ADJUDICATOR_ADD,,,,ADD,"both lanes missed the table's first value column. TABLE 1 prints Allocation(1) ahead of the period columns, footnoted Percent of Long Term Pool net asset value, and the grid lists it at column_index 1 (x=111) on nine of the ten body rows; the Policy Benchmark row prints no allocation and yields none. A percentage of net asset value per bucket is allocation_observation actual_allocation, performance_observation carrying no allocation category.",ADDED,ADJUDICATOR,f61eeefaffa1b3e41935961142f563d3887f3c3e621e726449d5826821bce017
36048105438a366a8f08,SRC375,2,,ADJUDICATOR_ADD,,,,ADD,"both lanes missed the table's first value column. TABLE 1 prints Allocation(1) ahead of the period columns, footnoted Percent of Long Term Pool net asset value, and the grid lists it at column_index 1 (x=111) on nine of the ten body rows; the Policy Benchmark row prints no allocation and yields none. A percentage of net asset value per bucket is allocation_observation actual_allocation, performance_observation carrying no allocation category.",ADDED,ADJUDICATOR,f61eeefaffa1b3e41935961142f563d3887f3c3e621e726449d5826821bce017
1de8ed402e94d524df75,SRC375,2,,ADJUDICATOR_ADD,,,,ADD,"both lanes missed the table's first value column. TABLE 1 prints Allocation(1) ahead of the period columns, footnoted Percent of Long Term Pool net asset value, and the grid lists it at column_index 1 (x=111) on nine of the ten body rows; the Policy Benchmark row prints no allocation and yields none. A percentage of net asset value per bucket is allocation_observation actual_allocation, performance_observation carrying no allocation category.",ADDED,ADJUDICATOR,f61eeefaffa1b3e41935961142f563d3887f3c3e621e726449d5826821bce017
be6d5b09a5efbfa4899e,SRC375,2,PAIR_75E984354180E38F991271FF,B_ONLY,,31,,ACCEPT_B,"Graph 3 prints the line Annualized through June 30, 2025 over its bars; lane B captured it as the note the bars cite and lane A copied the phrase into basis_raw instead. The note is verbatim on the page.",VERIFIED_ONE_SIDED,B,f61eeefaffa1b3e41935961142f563d3887f3c3e621e726449d5826821bce017
726194d371bf851766ba,SRC375,2,PAIR_BF0EC702E51C6D0C4CA7A23F,B_ONLY,,33,,ACCEPT_B,Table 1 prints the banner Annualized over its 3YR to 20YR columns; lane B captured it as the note those cells cite and lane A copied the word into basis_raw instead. The banner is verbatim on the page.,VERIFIED_ONE_SIDED,B,f61eeefaffa1b3e41935961142f563d3887f3c3e621e726449d5826821bce017
6342541326d6bcc2636f,SRC375,2,PAIR_FC6332620361E6A23C78C6E2,CLASSIFICATION_CONFLICT,26,32,source_section|source_table|source_row_label|subject_type|subject_name|condition_raw,MERGE,Both lanes transcribed footnote (1) of Table 1. The row keeps the printed marker as its label and the section heading printed above the table; a printed note carries no subject.,RESOLVED,A+B+ADJUDICATOR,f61eeefaffa1b3e41935961142f563d3887f3c3e621e726449d5826821bce017
80608b79f0af46d0a55f,SRC375,2,PAIR_A66ED17D76E43A557C856742,CONTEXT_CONFLICT,27,34,source_section|source_table|source_row_label|source_occurrence|condition_raw,MERGE,"Both lanes transcribed footnote (2) of Table 1, the gross-of-UVIMCO-fees, net-of-manager-fees statement. The row keeps the printed marker as its label and the section heading printed above the table.",RESOLVED,A+B+ADJUDICATOR,f61eeefaffa1b3e41935961142f563d3887f3c3e621e726449d5826821bce017
4c3508f5e6dc262ed9ba,SRC375,2,PAIR_443330989F62CDD38E437584,CONTEXT_CONFLICT,28,35,source_section|source_table|source_row_label|condition_raw,MERGE,"Both lanes transcribed footnote (3) of Table 1, the policy-benchmark composition. The row keeps the printed marker as its label and the section heading printed above the table.",RESOLVED,A+B+ADJUDICATOR,f61eeefaffa1b3e41935961142f563d3887f3c3e621e726449d5826821bce017
07341612a23bd8f0812a,SRC375,2,PAIR_6AD00528E871C38CAE9CA349,B_ONLY,,36,,ACCEPT_B,"printed and eligible: the narrative states this figure in its own sentence, a printed cell distinct from the table or chart that also carries it. A extracted no narrative on this page.",VERIFIED_ONE_SIDED,B,f61eeefaffa1b3e41935961142f563d3887f3c3e621e726449d5826821bce017
a5294f7e337b3e233c08,SRC375,2,PAIR_46D3C1F493B2894DDD763DB3,B_ONLY,,37,,ACCEPT_B,"printed and eligible: the narrative states this figure in its own sentence, a printed cell distinct from the table or chart that also carries it. A extracted no narrative on this page.",VERIFIED_ONE_SIDED,B,f61eeefaffa1b3e41935961142f563d3887f3c3e621e726449d5826821bce017
1953ca37ffacc9f5eeae,SRC375,2,PAIR_645C490900EDEA134B8DA25D,B_ONLY,,38,,ACCEPT_B,"printed and eligible: the narrative states this figure in its own sentence, a printed cell distinct from the table or chart that also carries it. A extracted no narrative on this page.",VERIFIED_ONE_SIDED,B,f61eeefaffa1b3e41935961142f563d3887f3c3e621e726449d5826821bce017
e05628ddc058e944b147,SRC375,2,PAIR_4BE5CB3ACEF7F21F60A3FAD5,B_ONLY,,39,,ACCEPT_B,"printed and eligible: the narrative states this figure in its own sentence, a printed cell distinct from the table or chart that also carries it. A extracted no narrative on this page.",VERIFIED_ONE_SIDED,B,f61eeefaffa1b3e41935961142f563d3887f3c3e621e726449d5826821bce017
fadf2e4a3e893771d54e,SRC375,2,PAIR_B9A473554FAF5801F6167E69,B_ONLY,,41,,ACCEPT_B,"printed and eligible: the narrative states this figure in its own sentence, a printed cell distinct from the table or chart that also carries it. A extracted no narrative on this page.",VERIFIED_ONE_SIDED,B,f61eeefaffa1b3e41935961142f563d3887f3c3e621e726449d5826821bce017
6a8b3fa3c416a3ae8b86,SRC375,2,PAIR_6BE64AB70250F8B639567C38,B_ONLY,,42,,ACCEPT_B,"printed and eligible: the narrative states this figure in its own sentence, a printed cell distinct from the table or chart that also carries it. A extracted no narrative on this page.",VERIFIED_ONE_SIDED,B,f61eeefaffa1b3e41935961142f563d3887f3c3e621e726449d5826821bce017
52aae8d6586295ef1d79,SRC375,2,PAIR_87EA058C7894E65E8FB7B6FC,B_ONLY,,43,,ACCEPT_B,"printed and eligible. Graph 3 prints nine bar labels, three series across three period groups, and A extracted only the TUCS median series. B carries the printed section heading Long Term Pool Performance, the printed figure title, and the sanctioned IMAGE_ONLY convention for a chart label whose TXT glyphs are duplicated. Values cross-check against Table 1: the Long Term Pool bars equal its 5YR, 10YR and 20YR cells and the Policy Portfolio bars equal the Policy Benchmark row.",VERIFIED_ONE_SIDED,B,f61eeefaffa1b3e41935961142f563d3887f3c3e621e726449d5826821bce017
d2c1f01d106fa6acaaec,SRC375,2,PAIR_71EC420180B2E8E2A16EA906,B_ONLY,,44,,ACCEPT_B,"printed and eligible. Graph 3 prints nine bar labels, three series across three period groups, and A extracted only the TUCS median series. B carries the printed section heading Long Term Pool Performance, the printed figure title, and the sanctioned IMAGE_ONLY convention for a chart label whose TXT glyphs are duplicated. Values cross-check against Table 1: the Long Term Pool bars equal its 5YR, 10YR and 20YR cells and the Policy Portfolio bars equal the Policy Benchmark row.",VERIFIED_ONE_SIDED,B,f61eeefaffa1b3e41935961142f563d3887f3c3e621e726449d5826821bce017
aafee3900c22a86c2428,SRC375,2,PAIR_CA130346A84E8C53A867C07E,B_ONLY,,45,,ACCEPT_B,"printed and eligible. Graph 3 prints nine bar labels, three series across three period groups, and A extracted only the TUCS median series. B carries the printed section heading Long Term Pool Performance, the printed figure title, and the sanctioned IMAGE_ONLY convention for a chart label whose TXT glyphs are duplicated. Values cross-check against Table 1: the Long Term Pool bars equal its 5YR, 10YR and 20YR cells and the Policy Portfolio bars equal the Policy Benchmark row.",VERIFIED_ONE_SIDED,B,f61eeefaffa1b3e41935961142f563d3887f3c3e621e726449d5826821bce017
caee772d2e87b888c8a8,SRC375,2,PAIR_CB1E99FF999FBADB7BC3261D,B_ONLY,,46,,ACCEPT_B,"printed and eligible. Graph 3 prints nine bar labels, three series across three period groups, and A extracted only the TUCS median series. B carries the printed section heading Long Term Pool Performance, the printed figure title, and the sanctioned IMAGE_ONLY convention for a chart label whose TXT glyphs are duplicated. Values cross-check against Table 1: the Long Term Pool bars equal its 5YR, 10YR and 20YR cells and the Policy Portfolio bars equal the Policy Benchmark row.",VERIFIED_ONE_SIDED,B,f61eeefaffa1b3e41935961142f563d3887f3c3e621e726449d5826821bce017
f209c38950d08441d3f6,SRC375,2,PAIR_CA0B1E62A60ADAF021C44355,B_ONLY,,47,,ACCEPT_B,"printed and eligible. Graph 3 prints nine bar labels, three series across three period groups, and A extracted only the TUCS median series. B carries the printed section heading Long Term Pool Performance, the printed figure title, and the sanctioned IMAGE_ONLY convention for a chart label whose TXT glyphs are duplicated. Values cross-check against Table 1: the Long Term Pool bars equal its 5YR, 10YR and 20YR cells and the Policy Portfolio bars equal the Policy Benchmark row.",VERIFIED_ONE_SIDED,B,f61eeefaffa1b3e41935961142f563d3887f3c3e621e726449d5826821bce017
190ba9f83ae44f2323f8,SRC375,2,PAIR_124731030B2BACAEC1AAA6B9,B_ONLY,,48,,ACCEPT_B,"printed and eligible. Graph 3 prints nine bar labels, three series across three period groups, and A extracted only the TUCS median series. B carries the printed section heading Long Term Pool Performance, the printed figure title, and the sanctioned IMAGE_ONLY convention for a chart label whose TXT glyphs are duplicated. Values cross-check against Table 1: the Long Term Pool bars equal its 5YR, 10YR and 20YR cells and the Policy Portfolio bars equal the Policy Benchmark row.",VERIFIED_ONE_SIDED,B,f61eeefaffa1b3e41935961142f563d3887f3c3e621e726449d5826821bce017
a9e02e2bebba944af8d9,SRC375,2,PAIR_5FA8AC7C8C48CBE89C765C15,CONTEXT_CONFLICT,29,49,source_section|source_table|metric_name|basis_raw|evidence_quote|definition_keys,MERGE,"printed and eligible. Graph 3 prints nine bar labels, three series across three period groups, and A extracted only the TUCS median series. B carries the printed section heading Long Term Pool Performance, the printed figure title, and the sanctioned IMAGE_ONLY convention for a chart label whose TXT glyphs are duplicated. Values cross-check against Table 1: the Long Term Pool bars equal its 5YR, 10YR and 20YR cells and the Policy Portfolio bars equal the Policy Benchmark row. Backfill 2026-09-01: the qualifier columns the other lane filled are carried, the lanes agreeing on every filled cell.",RESOLVED,A+B+ADJUDICATOR,f61eeefaffa1b3e41935961142f563d3887f3c3e621e726449d5826821bce017
daa5af593e2ac10dafd4,SRC375,2,PAIR_2425F4F618FA79527573F830,CONTEXT_CONFLICT,30,50,source_section|source_table|metric_name|basis_raw|evidence_quote|definition_keys,MERGE,"printed and eligible. Graph 3 prints nine bar labels, three series across three period groups, and A extracted only the TUCS median series. B carries the printed section heading Long Term Pool Performance, the printed figure title, and the sanctioned IMAGE_ONLY convention for a chart label whose TXT glyphs are duplicated. Values cross-check against Table 1: the Long Term Pool bars equal its 5YR, 10YR and 20YR cells and the Policy Portfolio bars equal the Policy Benchmark row. Backfill 2026-09-01: the qualifier columns the other lane filled are carried, the lanes agreeing on every filled cell.",RESOLVED,A+B+ADJUDICATOR,f61eeefaffa1b3e41935961142f563d3887f3c3e621e726449d5826821bce017
198ab74726f1d4b92fe1,SRC375,2,PAIR_B5341D9F3CA932DD2D137F9B,CONTEXT_CONFLICT,31,51,source_section|source_table|metric_name|basis_raw|evidence_quote|definition_keys,MERGE,"printed and eligible. Graph 3 prints nine bar labels, three series across three period groups, and A extracted only the TUCS median series. B carries the printed section heading Long Term Pool Performance, the printed figure title, and the sanctioned IMAGE_ONLY convention for a chart label whose TXT glyphs are duplicated. Values cross-check against Table 1: the Long Term Pool bars equal its 5YR, 10YR and 20YR cells and the Policy Portfolio bars equal the Policy Benchmark row. Backfill 2026-09-01: the qualifier columns the other lane filled are carried, the lanes agreeing on every filled cell.",RESOLVED,A+B+ADJUDICATOR,f61eeefaffa1b3e41935961142f563d3887f3c3e621e726449d5826821bce017
f2f73c52a1e14ee2eb65,SRC375,2,PAIR_DDE6097955FAE314D4FB9B67,VALUE_CONFLICT,32,52,source_section|source_table|metric_name|metric_value_raw|basis_raw|definition_keys,MERGE,"same number, different column. B swapped the 5YR and 10YR readings on this and six other body rows while reading its own Long Term Pool and Policy Benchmark rows in printed order, so B is internally inconsistent. The grid assigns the fourth numeric cell to column_index 6 (x=260) and the fifth to column_index 7 (x=303) on every row of this table, and the page's own narrative fixes column 6 as 5YR by stating 11.8% over five years and 9.2% over ten years for the Long Term Pool row. A holds the printed value; B holds the printed section, table title and metric_name. Backfill 2026-09-01: qualifier columns filled from the lanes' agreed reading.",RESOLVED,A+B+ADJUDICATOR,f61eeefaffa1b3e41935961142f563d3887f3c3e621e726449d5826821bce017
c27d88fe7ab7cf1bfa72,SRC375,2,PAIR_4EEA40961EF1A7409581622B,CONTEXT_CONFLICT,33,53,source_section|source_table|metric_name,ACCEPT_B,"B is source-correct on all three differing fields. The page prints the section heading Long Term Pool Performance above this table and A left source_section blank; source_table takes the printed table title, the TABLE 1 prefix being the figure number; and metric_name Investment Returns is the measure the printed title names, a period column header never being a metric name. Value agreed by both lanes and confirmed against the grid column x-coordinate.",RESOLVED,B,f61eeefaffa1b3e41935961142f563d3887f3c3e621e726449d5826821bce017
038601dd48efab1691bc,SRC375,2,PAIR_1FDA69DA174AE7AC0E0A16CC,CONTEXT_CONFLICT,34,54,source_section|source_table|metric_name|basis_raw|definition_keys,MERGE,"B is source-correct on all three differing fields. The page prints the section heading Long Term Pool Performance above this table and A left source_section blank; source_table takes the printed table title, the TABLE 1 prefix being the figure number; and metric_name Investment Returns is the measure the printed title names, a period column header never being a metric name. Value agreed by both lanes and confirmed against the grid column x-coordinate. Backfill 2026-09-01: the qualifier columns the other lane filled are carried, the lanes agreeing on every filled cell.",RESOLVED,A+B+ADJUDICATOR,f61eeefaffa1b3e41935961142f563d3887f3c3e621e726449d5826821bce017
f699fd5a4589246fb54e,SRC375,2,PAIR_20DED5F08002351E741D1CD9,CONTEXT_CONFLICT,35,55,source_section|source_table|metric_name|basis_raw|definition_keys,MERGE,"B is source-correct on all three differing fields. The page prints the section heading Long Term Pool Performance above this table and A left source_section blank; source_table takes the printed table title, the TABLE 1 prefix being the figure number; and metric_name Investment Returns is the measure the printed title names, a period column header never being a metric name. Value agreed by both lanes and confirmed against the grid column x-coordinate. Backfill 2026-09-01: the qualifier columns the other lane filled are carried, the lanes agreeing on every filled cell.",RESOLVED,A+B+ADJUDICATOR,f61eeefaffa1b3e41935961142f563d3887f3c3e621e726449d5826821bce017
03a91018e7d6c1da5f0d,SRC375,2,PAIR_EF6733403E3CC24663A265F2,VALUE_CONFLICT,36,56,source_section|source_table|metric_name|metric_value_raw|basis_raw|definition_keys,MERGE,"same number, different column. B swapped the 5YR and 10YR readings on this and six other body rows while reading its own Long Term Pool and Policy Benchmark rows in printed order, so B is internally inconsistent. The grid assigns the fourth numeric cell to column_index 6 (x=260) and the fifth to column_index 7 (x=303) on every row of this table, and the page's own narrative fixes column 6 as 5YR by stating 11.8% over five years and 9.2% over ten years for the Long Term Pool row. A holds the printed value; B holds the printed section, table title and metric_name. Backfill 2026-09-01: qualifier columns filled from the lanes' agreed reading.",RESOLVED,A+B+ADJUDICATOR,f61eeefaffa1b3e41935961142f563d3887f3c3e621e726449d5826821bce017
04637084c170c640daf9,SRC375,2,PAIR_A0DFC1AD8B0621A4E1A35A31,VALUE_CONFLICT,37,57,source_section|source_table|metric_name|metric_value_raw|basis_raw|definition_keys,MERGE,"same number, different column. B swapped the 5YR and 10YR readings on this and six other body rows while reading its own Long Term Pool and Policy Benchmark rows in printed order, so B is internally inconsistent. The grid assigns the fourth numeric cell to column_index 6 (x=260) and the fifth to column_index 7 (x=303) on every row of this table, and the page's own narrative fixes column 6 as 5YR by stating 11.8% over five years and 9.2% over ten years for the Long Term Pool row. A holds the printed value; B holds the printed section, table title and metric_name. Backfill 2026-09-01: qualifier columns filled from the lanes' agreed reading.",RESOLVED,A+B+ADJUDICATOR,f61eeefaffa1b3e41935961142f563d3887f3c3e621e726449d5826821bce017
8c623c3ff149b7e14cd8,SRC375,2,PAIR_FE758AACD40071D2C088FBBD,CONTEXT_CONFLICT,38,58,source_section|source_table|metric_name,ACCEPT_B,"B is source-correct on all three differing fields. The page prints the section heading Long Term Pool Performance above this table and A left source_section blank; source_table takes the printed table title, the TABLE 1 prefix being the figure number; and metric_name Investment Returns is the measure the printed title names, a period column header never being a metric name. Value agreed by both lanes and confirmed against the grid column x-coordinate.",RESOLVED,B,f61eeefaffa1b3e41935961142f563d3887f3c3e621e726449d5826821bce017
26c6bdf5646388eac7ba,SRC375,2,PAIR_FBA1A69A52EC6F3DFA8305AE,CONTEXT_CONFLICT,39,59,source_section|source_table|metric_name|basis_raw|definition_keys,MERGE,"B is source-correct on all three differing fields. The page prints the section heading Long Term Pool Performance above this table and A left source_section blank; source_table takes the printed table title, the TABLE 1 prefix being the figure number; and metric_name Investment Returns is the measure the printed title names, a period column header never being a metric name. Value agreed by both lanes and confirmed against the grid column x-coordinate. Backfill 2026-09-01: the qualifier columns the other lane filled are carried, the lanes agreeing on every filled cell.",RESOLVED,A+B+ADJUDICATOR,f61eeefaffa1b3e41935961142f563d3887f3c3e621e726449d5826821bce017
3b19264a7389cee20fc2,SRC375,2,PAIR_806487CE21113924DCB29968,VALUE_CONFLICT,40,60,source_section|source_table|metric_name|metric_value_raw|basis_raw|definition_keys,MERGE,"same number, different column. B swapped the 5YR and 10YR readings on this and six other body rows while reading its own Long Term Pool and Policy Benchmark rows in printed order, so B is internally inconsistent. The grid assigns the fourth numeric cell to column_index 6 (x=260) and the fifth to column_index 7 (x=303) on every row of this table, and the page's own narrative fixes column 6 as 5YR by stating 11.8% over five years and 9.2% over ten years for the Long Term Pool row. A holds the printed value; B holds the printed section, table title and metric_name. Backfill 2026-09-01: qualifier columns filled from the lanes' agreed reading.",RESOLVED,A+B+ADJUDICATOR,f61eeefaffa1b3e41935961142f563d3887f3c3e621e726449d5826821bce017
efd5968e8b670b7de91c,SRC375,2,PAIR_69E118D0AF5666CDA5AFD780,VALUE_CONFLICT,41,61,source_section|source_table|metric_name|metric_value_raw|basis_raw|definition_keys,MERGE,"same number, different column. B swapped the 5YR and 10YR readings on this and six other body rows while reading its own Long Term Pool and Policy Benchmark rows in printed order, so B is internally inconsistent. The grid assigns the fourth numeric cell to column_index 6 (x=260) and the fifth to column_index 7 (x=303) on every row of this table, and the page's own narrative fixes column 6 as 5YR by stating 11.8% over five years and 9.2% over ten years for the Long Term Pool row. A holds the printed value; B holds the printed section, table title and metric_name. Backfill 2026-09-01: qualifier columns filled from the lanes' agreed reading.",RESOLVED,A+B+ADJUDICATOR,f61eeefaffa1b3e41935961142f563d3887f3c3e621e726449d5826821bce017
e6dd493559c23da65aad,SRC375,2,PAIR_81973F7B93BBA1F78E40DFE9,CONTEXT_CONFLICT,42,62,source_section|source_table|metric_name,ACCEPT_B,"B is source-correct on all three differing fields. The page prints the section heading Long Term Pool Performance above this table and A left source_section blank; source_table takes the printed table title, the TABLE 1 prefix being the figure number; and metric_name Investment Returns is the measure the printed title names, a period column header never being a metric name. Value agreed by both lanes and confirmed against the grid column x-coordinate.",RESOLVED,B,f61eeefaffa1b3e41935961142f563d3887f3c3e621e726449d5826821bce017
80431008b54598b0f9fe,SRC375,2,PAIR_AB524392BD9980D79936ADCC,CONTEXT_CONFLICT,43,63,source_section|source_table|metric_name|basis_raw|definition_keys,MERGE,"B is source-correct on all three differing fields. The page prints the section heading Long Term Pool Performance above this table and A left source_section blank; source_table takes the printed table title, the TABLE 1 prefix being the figure number; and metric_name Investment Returns is the measure the printed title names, a period column header never being a metric name. Value agreed by both lanes and confirmed against the grid column x-coordinate. Backfill 2026-09-01: the qualifier columns the other lane filled are carried, the lanes agreeing on every filled cell.",RESOLVED,A+B+ADJUDICATOR,f61eeefaffa1b3e41935961142f563d3887f3c3e621e726449d5826821bce017
c6093141275c07dc143c,SRC375,2,PAIR_D59F047F24508B1C6B18E776,CONTEXT_CONFLICT,44,64,source_section|source_table|metric_name|basis_raw|definition_keys,MERGE,"B is source-correct on all three differing fields. The page prints the section heading Long Term Pool Performance above this table and A left source_section blank; source_table takes the printed table title, the TABLE 1 prefix being the figure number; and metric_name Investment Returns is the measure the printed title names, a period column header never being a metric name. Value agreed by both lanes and confirmed against the grid column x-coordinate. Backfill 2026-09-01: the qualifier columns the other lane filled are carried, the lanes agreeing on every filled cell.",RESOLVED,A+B+ADJUDICATOR,f61eeefaffa1b3e41935961142f563d3887f3c3e621e726449d5826821bce017
1db88a91e783dc134765,SRC375,2,PAIR_82C59A0464FDFE6112D1E80A,VALUE_CONFLICT,45,65,source_section|source_table|metric_name|metric_value_raw|basis_raw|definition_keys,MERGE,"same number, different column. B swapped the 5YR and 10YR readings on this and six other body rows while reading its own Long Term Pool and Policy Benchmark rows in printed order, so B is internally inconsistent. The grid assigns the fourth numeric cell to column_index 6 (x=260) and the fifth to column_index 7 (x=303) on every row of this table, and the page's own narrative fixes column 6 as 5YR by stating 11.8% over five years and 9.2% over ten years for the Long Term Pool row. A holds the printed value; B holds the printed section, table title and metric_name. Backfill 2026-09-01: qualifier columns filled from the lanes' agreed reading.",RESOLVED,A+B+ADJUDICATOR,f61eeefaffa1b3e41935961142f563d3887f3c3e621e726449d5826821bce017
65f79fbe6fe2183d77c8,SRC375,2,PAIR_C556B34A86E9D7A529C405F2,CONTEXT_CONFLICT,46,66,source_section|source_table|metric_name|basis_raw|definition_keys,MERGE,"B is source-correct on all three differing fields. The page prints the section heading Long Term Pool Performance above this table and A left source_section blank; source_table takes the printed table title, the TABLE 1 prefix being the figure number; and metric_name Investment Returns is the measure the printed title names, a period column header never being a metric name. Value agreed by both lanes and confirmed against the grid column x-coordinate. Backfill 2026-09-01: the qualifier columns the other lane filled are carried, the lanes agreeing on every filled cell.",RESOLVED,A+B+ADJUDICATOR,f61eeefaffa1b3e41935961142f563d3887f3c3e621e726449d5826821bce017
ba0d68cd82922af94d75,SRC375,2,PAIR_378879FDBDFD3D068B1D95C7,CONTEXT_CONFLICT,47,67,source_section|source_table|metric_name,ACCEPT_B,"B is source-correct on all three differing fields. The page prints the section heading Long Term Pool Performance above this table and A left source_section blank; source_table takes the printed table title, the TABLE 1 prefix being the figure number; and metric_name Investment Returns is the measure the printed title names, a period column header never being a metric name. Value agreed by both lanes and confirmed against the grid column x-coordinate.",RESOLVED,B,f61eeefaffa1b3e41935961142f563d3887f3c3e621e726449d5826821bce017
c034b33e8155f2dd37de,SRC375,2,PAIR_AD5CEFF62D66A40A66285CC5,CONTEXT_CONFLICT,48,68,source_section|source_table|metric_name|basis_raw|definition_keys,MERGE,"B is source-correct on all three differing fields. The page prints the section heading Long Term Pool Performance above this table and A left source_section blank; source_table takes the printed table title, the TABLE 1 prefix being the figure number; and metric_name Investment Returns is the measure the printed title names, a period column header never being a metric name. Value agreed by both lanes and confirmed against the grid column x-coordinate. Backfill 2026-09-01: the qualifier columns the other lane filled are carried, the lanes agreeing on every filled cell.",RESOLVED,A+B+ADJUDICATOR,f61eeefaffa1b3e41935961142f563d3887f3c3e621e726449d5826821bce017
65666c0366dcbb92b6ba,SRC375,2,PAIR_530DA1ACEC3C7C9AA1FEF617,CONTEXT_CONFLICT,49,69,source_section|source_table|metric_name|basis_raw|definition_keys,MERGE,"B is source-correct on all three differing fields. The page prints the section heading Long Term Pool Performance above this table and A left source_section blank; source_table takes the printed table title, the TABLE 1 prefix being the figure number; and metric_name Investment Returns is the measure the printed title names, a period column header never being a metric name. Value agreed by both lanes and confirmed against the grid column x-coordinate. Backfill 2026-09-01: the qualifier columns the other lane filled are carried, the lanes agreeing on every filled cell.",RESOLVED,A+B+ADJUDICATOR,f61eeefaffa1b3e41935961142f563d3887f3c3e621e726449d5826821bce017
16e5c71d65b9e6b02458,SRC375,2,PAIR_33C8DB65C58EA89EF5B934DD,CONTEXT_CONFLICT,50,70,source_section|source_table|metric_name|basis_raw|definition_keys,MERGE,"B is source-correct on all three differing fields. The page prints the section heading Long Term Pool Performance above this table and A left source_section blank; source_table takes the printed table title, the TABLE 1 prefix being the figure number; and metric_name Investment Returns is the measure the printed title names, a period column header never being a metric name. Value agreed by both lanes and confirmed against the grid column x-coordinate. Backfill 2026-09-01: the qualifier columns the other lane filled are carried, the lanes agreeing on every filled cell.",RESOLVED,A+B+ADJUDICATOR,f61eeefaffa1b3e41935961142f563d3887f3c3e621e726449d5826821bce017
8a977d239ea2b60e4d28,SRC375,2,PAIR_3F3F36FC55FE206DA6749129,CONTEXT_CONFLICT,51,71,source_section|source_table|metric_name|basis_raw|definition_keys,MERGE,"B is source-correct on all three differing fields. The page prints the section heading Long Term Pool Performance above this table and A left source_section blank; source_table takes the printed table title, the TABLE 1 prefix being the figure number; and metric_name Investment Returns is the measure the printed title names, a period column header never being a metric name. Value agreed by both lanes and confirmed against the grid column x-coordinate. Backfill 2026-09-01: lane B cites both the footnote and the Annualized banner the cell sits under; lane A cited the footnote alone and carried the banner in basis_raw. The fuller citation stands and every other qualifier agrees.",RESOLVED,A+B+ADJUDICATOR,f61eeefaffa1b3e41935961142f563d3887f3c3e621e726449d5826821bce017
104cdb59d6ebf718b34b,SRC375,2,PAIR_25F94A8840A4D45659DC2B92,CONTEXT_CONFLICT,52,72,source_section|source_table|metric_name,ACCEPT_B,"B is source-correct on all three differing fields. The page prints the section heading Long Term Pool Performance above this table and A left source_section blank; source_table takes the printed table title, the TABLE 1 prefix being the figure number; and metric_name Investment Returns is the measure the printed title names, a period column header never being a metric name. Value agreed by both lanes and confirmed against the grid column x-coordinate.",RESOLVED,B,f61eeefaffa1b3e41935961142f563d3887f3c3e621e726449d5826821bce017
da0753dc62179a360ef2,SRC375,2,PAIR_8ED68473EFB380A6F9FC0098,CONTEXT_CONFLICT,53,73,source_section|source_table|metric_name|basis_raw|definition_keys,MERGE,"B is source-correct on all three differing fields. The page prints the section heading Long Term Pool Performance above this table and A left source_section blank; source_table takes the printed table title, the TABLE 1 prefix being the figure number; and metric_name Investment Returns is the measure the printed title names, a period column header never being a metric name. Value agreed by both lanes and confirmed against the grid column x-coordinate. Backfill 2026-09-01: lane B cites both the footnote and the Annualized banner the cell sits under; lane A cited the footnote alone and carried the banner in basis_raw. The fuller citation stands and every other qualifier agrees.",RESOLVED,A+B+ADJUDICATOR,f61eeefaffa1b3e41935961142f563d3887f3c3e621e726449d5826821bce017
5df679d85cbbe13f3b9b,SRC375,2,PAIR_90354A46554BEE277D26F117,CONTEXT_CONFLICT,54,74,source_section|source_table|metric_name|basis_raw|definition_keys,MERGE,"B is source-correct on all three differing fields. The page prints the section heading Long Term Pool Performance above this table and A left source_section blank; source_table takes the printed table title, the TABLE 1 prefix being the figure number; and metric_name Investment Returns is the measure the printed title names, a period column header never being a metric name. Value agreed by both lanes and confirmed against the grid column x-coordinate. Backfill 2026-09-01: lane B cites both the footnote and the Annualized banner the cell sits under; lane A cited the footnote alone and carried the banner in basis_raw. The fuller citation stands and every other qualifier agrees.",RESOLVED,A+B+ADJUDICATOR,f61eeefaffa1b3e41935961142f563d3887f3c3e621e726449d5826821bce017
db1c8ef862dc7f9fa229,SRC375,2,PAIR_3D0B1B7880C14139DD422EBE,CONTEXT_CONFLICT,55,75,source_section|source_table|metric_name|basis_raw|definition_keys,MERGE,"B is source-correct on all three differing fields. The page prints the section heading Long Term Pool Performance above this table and A left source_section blank; source_table takes the printed table title, the TABLE 1 prefix being the figure number; and metric_name Investment Returns is the measure the printed title names, a period column header never being a metric name. Value agreed by both lanes and confirmed against the grid column x-coordinate. Backfill 2026-09-01: lane B cites both the footnote and the Annualized banner the cell sits under; lane A cited the footnote alone and carried the banner in basis_raw. The fuller citation stands and every other qualifier agrees.",RESOLVED,A+B+ADJUDICATOR,f61eeefaffa1b3e41935961142f563d3887f3c3e621e726449d5826821bce017
b6b420bfce84784cfc5d,SRC375,2,PAIR_EA25918C8FBBD7871FCC5A24,VALUE_CONFLICT,56,76,source_section|source_table|metric_name|metric_value_raw|basis_raw|definition_keys,MERGE,"same number, different column. B swapped the 5YR and 10YR readings on this and six other body rows while reading its own Long Term Pool and Policy Benchmark rows in printed order, so B is internally inconsistent. The grid assigns the fourth numeric cell to column_index 6 (x=260) and the fifth to column_index 7 (x=303) on every row of this table, and the page's own narrative fixes column 6 as 5YR by stating 11.8% over five years and 9.2% over ten years for the Long Term Pool row. A holds the printed value; B holds the printed section, table title and metric_name. Backfill 2026-09-01: qualifier columns filled from the lanes' agreed reading.",RESOLVED,A+B+ADJUDICATOR,f61eeefaffa1b3e41935961142f563d3887f3c3e621e726449d5826821bce017
427da032f950eff9f5a5,SRC375,2,PAIR_4DEE7898F353FCAB33155509,CONTEXT_CONFLICT,57,77,source_section|source_table|metric_name,ACCEPT_B,"B is source-correct on all three differing fields. The page prints the section heading Long Term Pool Performance above this table and A left source_section blank; source_table takes the printed table title, the TABLE 1 prefix being the figure number; and metric_name Investment Returns is the measure the printed title names, a period column header never being a metric name. Value agreed by both lanes and confirmed against the grid column x-coordinate.",RESOLVED,B,f61eeefaffa1b3e41935961142f563d3887f3c3e621e726449d5826821bce017
a909e0d880460122c6d9,SRC375,2,PAIR_7D87E618CC8F9FC3F0C0E210,CONTEXT_CONFLICT,58,78,source_section|source_table|metric_name|basis_raw|definition_keys,MERGE,"B is source-correct on all three differing fields. The page prints the section heading Long Term Pool Performance above this table and A left source_section blank; source_table takes the printed table title, the TABLE 1 prefix being the figure number; and metric_name Investment Returns is the measure the printed title names, a period column header never being a metric name. Value agreed by both lanes and confirmed against the grid column x-coordinate. Backfill 2026-09-01: the qualifier columns the other lane filled are carried, the lanes agreeing on every filled cell.",RESOLVED,A+B+ADJUDICATOR,f61eeefaffa1b3e41935961142f563d3887f3c3e621e726449d5826821bce017
4ff9277775c8298e0fa2,SRC375,2,PAIR_9CE24BD383E41DDED6747468,CONTEXT_CONFLICT,59,79,source_section|source_table|metric_name|basis_raw|definition_keys,MERGE,"B is source-correct on all three differing fields. The page prints the section heading Long Term Pool Performance above this table and A left source_section blank; source_table takes the printed table title, the TABLE 1 prefix being the figure number; and metric_name Investment Returns is the measure the printed title names, a period column header never being a metric name. Value agreed by both lanes and confirmed against the grid column x-coordinate. Backfill 2026-09-01: the qualifier columns the other lane filled are carried, the lanes agreeing on every filled cell.",RESOLVED,A+B+ADJUDICATOR,f61eeefaffa1b3e41935961142f563d3887f3c3e621e726449d5826821bce017
d37141409951c5d52235,SRC375,2,PAIR_6A64C3D950E8DAA2C6069C41,VALUE_CONFLICT,60,80,source_section|source_table|metric_name|metric_value_raw|basis_raw|definition_keys,MERGE,"same number, different column. B swapped the 5YR and 10YR readings on this and six other body rows while reading its own Long Term Pool and Policy Benchmark rows in printed order, so B is internally inconsistent. The grid assigns the fourth numeric cell to column_index 6 (x=260) and the fifth to column_index 7 (x=303) on every row of this table, and the page's own narrative fixes column 6 as 5YR by stating 11.8% over five years and 9.2% over ten years for the Long Term Pool row. A holds the printed value; B holds the printed section, table title and metric_name. Backfill 2026-09-01: qualifier columns filled from the lanes' agreed reading.",RESOLVED,A+B+ADJUDICATOR,f61eeefaffa1b3e41935961142f563d3887f3c3e621e726449d5826821bce017
972b950c39c33b8fb448,SRC375,2,PAIR_83549BCC56FF8669B01960F0,CONTEXT_CONFLICT,61,81,source_section|source_table|metric_name|basis_raw|definition_keys,MERGE,"B is source-correct on all three differing fields. The page prints the section heading Long Term Pool Performance above this table and A left source_section blank; source_table takes the printed table title, the TABLE 1 prefix being the figure number; and metric_name Investment Returns is the measure the printed title names, a period column header never being a metric name. Value agreed by both lanes and confirmed against the grid column x-coordinate. Backfill 2026-09-01: lane B cites both the footnote and the Annualized banner the cell sits under; lane A cited the footnote alone and carried the banner in basis_raw. The fuller citation stands and every other qualifier agrees.",RESOLVED,A+B+ADJUDICATOR,f61eeefaffa1b3e41935961142f563d3887f3c3e621e726449d5826821bce017
052cfa5808d9e84735be,SRC375,2,PAIR_FA84EC9C1F1A898D04D48541,CONTEXT_CONFLICT,62,82,source_section|source_table|metric_name,ACCEPT_B,"B is source-correct on all three differing fields. The page prints the section heading Long Term Pool Performance above this table and A left source_section blank; source_table takes the printed table title, the TABLE 1 prefix being the figure number; and metric_name Investment Returns is the measure the printed title names, a period column header never being a metric name. Value agreed by both lanes and confirmed against the grid column x-coordinate.",RESOLVED,B,f61eeefaffa1b3e41935961142f563d3887f3c3e621e726449d5826821bce017
e4da0a5d7b980f69c93c,SRC375,2,PAIR_18E93B181746DE5D192C9211,CONTEXT_CONFLICT,63,83,source_section|source_table|metric_name|basis_raw|definition_keys,MERGE,"B is source-correct on all three differing fields. The page prints the section heading Long Term Pool Performance above this table and A left source_section blank; source_table takes the printed table title, the TABLE 1 prefix being the figure number; and metric_name Investment Returns is the measure the printed title names, a period column header never being a metric name. Value agreed by both lanes and confirmed against the grid column x-coordinate. Backfill 2026-09-01: lane B cites both the footnote and the Annualized banner the cell sits under; lane A cited the footnote alone and carried the banner in basis_raw. The fuller citation stands and every other qualifier agrees.",RESOLVED,A+B+ADJUDICATOR,f61eeefaffa1b3e41935961142f563d3887f3c3e621e726449d5826821bce017
7e9fefd51ff6bd18c953,SRC375,2,PAIR_D9E94B98582538F455A34202,CONTEXT_CONFLICT,64,84,source_section|source_table|metric_name|basis_raw|definition_keys,MERGE,"B is source-correct on all three differing fields. The page prints the section heading Long Term Pool Performance above this table and A left source_section blank; source_table takes the printed table title, the TABLE 1 prefix being the figure number; and metric_name Investment Returns is the measure the printed title names, a period column header never being a metric name. Value agreed by both lanes and confirmed against the grid column x-coordinate. Backfill 2026-09-01: lane B cites both the footnote and the Annualized banner the cell sits under; lane A cited the footnote alone and carried the banner in basis_raw. The fuller citation stands and every other qualifier agrees.",RESOLVED,A+B+ADJUDICATOR,f61eeefaffa1b3e41935961142f563d3887f3c3e621e726449d5826821bce017
b81c339690b9f906cd77,SRC375,2,PAIR_74859E416382F80C903D0D8C,CONTEXT_CONFLICT,65,85,source_section|source_table|metric_name|basis_raw|definition_keys,MERGE,"B is source-correct on all three differing fields. The page prints the section heading Long Term Pool Performance above this table and A left source_section blank; source_table takes the printed table title, the TABLE 1 prefix being the figure number; and metric_name Investment Returns is the measure the printed title names, a period column header never being a metric name. Value agreed by both lanes and confirmed against the grid column x-coordinate. Backfill 2026-09-01: lane B cites both the footnote and the Annualized banner the cell sits under; lane A cited the footnote alone and carried the banner in basis_raw. The fuller citation stands and every other qualifier agrees.",RESOLVED,A+B+ADJUDICATOR,f61eeefaffa1b3e41935961142f563d3887f3c3e621e726449d5826821bce017
50298c93367812425c22,SRC375,2,PAIR_4618479D09E469CD024C84F2,VALUE_CONFLICT,66,86,source_section|source_table|metric_name|metric_value_raw|basis_raw|definition_keys,MERGE,"same number, different column. B swapped the 5YR and 10YR readings on this and six other body rows while reading its own Long Term Pool and Policy Benchmark rows in printed order, so B is internally inconsistent. The grid assigns the fourth numeric cell to column_index 6 (x=260) and the fifth to column_index 7 (x=303) on every row of this table, and the page's own narrative fixes column 6 as 5YR by stating 11.8% over five years and 9.2% over ten years for the Long Term Pool row. A holds the printed value; B holds the printed section, table title and metric_name. Backfill 2026-09-01: qualifier columns filled from the lanes' agreed reading.",RESOLVED,A+B+ADJUDICATOR,f61eeefaffa1b3e41935961142f563d3887f3c3e621e726449d5826821bce017
3fce7cc6ad3fa4d36186,SRC375,2,PAIR_4A7688B2AE7B2054A342846F,CONTEXT_CONFLICT,67,87,source_section|source_table|metric_name,ACCEPT_B,"B is source-correct on all three differing fields. The page prints the section heading Long Term Pool Performance above this table and A left source_section blank; source_table takes the printed table title, the TABLE 1 prefix being the figure number; and metric_name Investment Returns is the measure the printed title names, a period column header never being a metric name. Value agreed by both lanes and confirmed against the grid column x-coordinate.",RESOLVED,B,f61eeefaffa1b3e41935961142f563d3887f3c3e621e726449d5826821bce017
79163fe97654b95d2222,SRC375,2,PAIR_E20767491182F846976370A2,CONTEXT_CONFLICT,68,88,source_section|source_table|metric_name|basis_raw|definition_keys,MERGE,"B is source-correct on all three differing fields. The page prints the section heading Long Term Pool Performance above this table and A left source_section blank; source_table takes the printed table title, the TABLE 1 prefix being the figure number; and metric_name Investment Returns is the measure the printed title names, a period column header never being a metric name. Value agreed by both lanes and confirmed against the grid column x-coordinate. Backfill 2026-09-01: the qualifier columns the other lane filled are carried, the lanes agreeing on every filled cell.",RESOLVED,A+B+ADJUDICATOR,f61eeefaffa1b3e41935961142f563d3887f3c3e621e726449d5826821bce017
c3c43d3477e76759ab9a,SRC375,2,PAIR_DE7B6204E46E86E94052694D,CONTEXT_CONFLICT,69,89,source_section|source_table|metric_name|basis_raw|definition_keys,MERGE,"B is source-correct on all three differing fields. The page prints the section heading Long Term Pool Performance above this table and A left source_section blank; source_table takes the printed table title, the TABLE 1 prefix being the figure number; and metric_name Investment Returns is the measure the printed title names, a period column header never being a metric name. Value agreed by both lanes and confirmed against the grid column x-coordinate. Backfill 2026-09-01: the qualifier columns the other lane filled are carried, the lanes agreeing on every filled cell.",RESOLVED,A+B+ADJUDICATOR,f61eeefaffa1b3e41935961142f563d3887f3c3e621e726449d5826821bce017
7fe4a9d5945b09c3c1bb,SRC375,2,PAIR_E6C1436567A5DACCEDBAF752,VALUE_CONFLICT,70,90,source_section|source_table|metric_name|metric_value_raw|basis_raw|definition_keys,MERGE,"same number, different column. B swapped the 5YR and 10YR readings on this and six other body rows while reading its own Long Term Pool and Policy Benchmark rows in printed order, so B is internally inconsistent. The grid assigns the fourth numeric cell to column_index 6 (x=260) and the fifth to column_index 7 (x=303) on every row of this table, and the page's own narrative fixes column 6 as 5YR by stating 11.8% over five years and 9.2% over ten years for the Long Term Pool row. A holds the printed value; B holds the printed section, table title and metric_name. Backfill 2026-09-01: qualifier columns filled from the lanes' agreed reading.",RESOLVED,A+B+ADJUDICATOR,f61eeefaffa1b3e41935961142f563d3887f3c3e621e726449d5826821bce017
61b522e91e117bd1a217,SRC375,2,PAIR_14F07A6BCD2F872CDB05BAA8,VALUE_CONFLICT,71,91,source_section|source_table|metric_name|metric_value_raw|basis_raw|definition_keys,MERGE,"same number, different column. B swapped the 5YR and 10YR readings on this and six other body rows while reading its own Long Term Pool and Policy Benchmark rows in printed order, so B is internally inconsistent. The grid assigns the fourth numeric cell to column_index 6 (x=260) and the fifth to column_index 7 (x=303) on every row of this table, and the page's own narrative fixes column 6 as 5YR by stating 11.8% over five years and 9.2% over ten years for the Long Term Pool row. A holds the printed value; B holds the printed section, table title and metric_name. Backfill 2026-09-01: qualifier columns filled from the lanes' agreed reading.",RESOLVED,A+B+ADJUDICATOR,f61eeefaffa1b3e41935961142f563d3887f3c3e621e726449d5826821bce017
8a3cb56a512a6f9790ae,SRC375,2,PAIR_964BE8837BCF0A51AA6C3C59,CONTEXT_CONFLICT,72,92,source_section|source_table|metric_name,ACCEPT_B,"B is source-correct on all three differing fields. The page prints the section heading Long Term Pool Performance above this table and A left source_section blank; source_table takes the printed table title, the TABLE 1 prefix being the figure number; and metric_name Investment Returns is the measure the printed title names, a period column header never being a metric name. Value agreed by both lanes and confirmed against the grid column x-coordinate.",RESOLVED,B,f61eeefaffa1b3e41935961142f563d3887f3c3e621e726449d5826821bce017
8d1d26e0960a8cda9efc,SRC375,2,PAIR_E624DCB95075FE5EEC5B3C57,CONTEXT_CONFLICT,73,93,source_section|source_table|metric_name|basis_raw|definition_keys,MERGE,"B is source-correct on all three differing fields. The page prints the section heading Long Term Pool Performance above this table and A left source_section blank; source_table takes the printed table title, the TABLE 1 prefix being the figure number; and metric_name Investment Returns is the measure the printed title names, a period column header never being a metric name. Value agreed by both lanes and confirmed against the grid column x-coordinate. Backfill 2026-09-01: the qualifier columns the other lane filled are carried, the lanes agreeing on every filled cell.",RESOLVED,A+B+ADJUDICATOR,f61eeefaffa1b3e41935961142f563d3887f3c3e621e726449d5826821bce017
b5ed604e5d054912c1ab,SRC375,2,PAIR_76A88FFFF95924A9B2F9B0F2,CONTEXT_CONFLICT,74,94,source_section|source_table|metric_name|basis_raw|definition_keys,MERGE,"B is source-correct on all three differing fields. The page prints the section heading Long Term Pool Performance above this table and A left source_section blank; source_table takes the printed table title, the TABLE 1 prefix being the figure number; and metric_name Investment Returns is the measure the printed title names, a period column header never being a metric name. Value agreed by both lanes and confirmed against the grid column x-coordinate. Backfill 2026-09-01: the qualifier columns the other lane filled are carried, the lanes agreeing on every filled cell.",RESOLVED,A+B+ADJUDICATOR,f61eeefaffa1b3e41935961142f563d3887f3c3e621e726449d5826821bce017
ec1b098a8bcad8721474,SRC375,2,PAIR_86DEE24A2B3D7857FA7C67BF,VALUE_CONFLICT,75,95,source_section|source_table|metric_name|metric_value_raw|basis_raw|definition_keys,MERGE,"same number, different column. B swapped the 5YR and 10YR readings on this and six other body rows while reading its own Long Term Pool and Policy Benchmark rows in printed order, so B is internally inconsistent. The grid assigns the fourth numeric cell to column_index 6 (x=260) and the fifth to column_index 7 (x=303) on every row of this table, and the page's own narrative fixes column 6 as 5YR by stating 11.8% over five years and 9.2% over ten years for the Long Term Pool row. A holds the printed value; B holds the printed section, table title and metric_name. Backfill 2026-09-01: qualifier columns filled from the lanes' agreed reading.",RESOLVED,A+B+ADJUDICATOR,f61eeefaffa1b3e41935961142f563d3887f3c3e621e726449d5826821bce017
dfe2b95eda58e1a71934,SRC375,2,PAIR_D0B0ABE5F924100A88F6BB3E,VALUE_CONFLICT,76,96,source_section|source_table|metric_name|metric_value_raw|basis_raw|definition_keys,MERGE,"same number, different column. B swapped the 5YR and 10YR readings on this and six other body rows while reading its own Long Term Pool and Policy Benchmark rows in printed order, so B is internally inconsistent. The grid assigns the fourth numeric cell to column_index 6 (x=260) and the fifth to column_index 7 (x=303) on every row of this table, and the page's own narrative fixes column 6 as 5YR by stating 11.8% over five years and 9.2% over ten years for the Long Term Pool row. A holds the printed value; B holds the printed section, table title and metric_name. Backfill 2026-09-01: qualifier columns filled from the lanes' agreed reading.",RESOLVED,A+B+ADJUDICATOR,f61eeefaffa1b3e41935961142f563d3887f3c3e621e726449d5826821bce017
f0d0880af5d60fdc9dea,SRC375,2,PAIR_90577A04AFAF02163EC0FC25,CONTEXT_CONFLICT,77,97,source_section|source_table|metric_name,ACCEPT_B,"B is source-correct on all three differing fields. The page prints the section heading Long Term Pool Performance above this table and A left source_section blank; source_table takes the printed table title, the TABLE 1 prefix being the figure number; and metric_name Investment Returns is the measure the printed title names, a period column header never being a metric name. Value agreed by both lanes and confirmed against the grid column x-coordinate.",RESOLVED,B,f61eeefaffa1b3e41935961142f563d3887f3c3e621e726449d5826821bce017
2222e0a767d483218c97,SRC375,2,PAIR_ABBB02977F60C7235128D2B4,CONTEXT_CONFLICT,78,98,source_section|source_table|metric_name|basis_raw|definition_keys,MERGE,"B is source-correct on all three differing fields. The page prints the section heading Long Term Pool Performance above this table and A left source_section blank; source_table takes the printed table title, the TABLE 1 prefix being the figure number; and metric_name Investment Returns is the measure the printed title names, a period column header never being a metric name. Value agreed by both lanes and confirmed against the grid column x-coordinate. Backfill 2026-09-01: the qualifier columns the other lane filled are carried, the lanes agreeing on every filled cell.",RESOLVED,A+B+ADJUDICATOR,f61eeefaffa1b3e41935961142f563d3887f3c3e621e726449d5826821bce017
ef36a14a21391ffbe9ca,SRC375,2,PAIR_C86C303F3F9CB1241DC7D040,CONTEXT_CONFLICT,79,99,source_section|source_table|metric_name|basis_raw|definition_keys,MERGE,"B is source-correct on all three differing fields. The page prints the section heading Long Term Pool Performance above this table and A left source_section blank; source_table takes the printed table title, the TABLE 1 prefix being the figure number; and metric_name Investment Returns is the measure the printed title names, a period column header never being a metric name. Value agreed by both lanes and confirmed against the grid column x-coordinate. Backfill 2026-09-01: the qualifier columns the other lane filled are carried, the lanes agreeing on every filled cell.",RESOLVED,A+B+ADJUDICATOR,f61eeefaffa1b3e41935961142f563d3887f3c3e621e726449d5826821bce017
797650d68bef05a4c5b9,SRC375,2,PAIR_29AA3BD7F3E4AE0C06E94ED6,VALUE_CONFLICT,80,100,source_section|source_table|metric_name|metric_value_raw|basis_raw|definition_keys,MERGE,"same number, different column. B swapped the 5YR and 10YR readings on this and six other body rows while reading its own Long Term Pool and Policy Benchmark rows in printed order, so B is internally inconsistent. The grid assigns the fourth numeric cell to column_index 6 (x=260) and the fifth to column_index 7 (x=303) on every row of this table, and the page's own narrative fixes column 6 as 5YR by stating 11.8% over five years and 9.2% over ten years for the Long Term Pool row. A holds the printed value; B holds the printed section, table title and metric_name. Backfill 2026-09-01: qualifier columns filled from the lanes' agreed reading.",RESOLVED,A+B+ADJUDICATOR,f61eeefaffa1b3e41935961142f563d3887f3c3e621e726449d5826821bce017
6db46fdc79cd783080b5,SRC389,2,PAIR_CDEE12B88C044B47AD5B915C,A_ONLY,1,,,ACCEPT_A,"printed and eligible, and neither lane is complete on this page. source_section takes the printed block heading Letter from the President & CEO. The consolidated portfolio total and the endowment values are the reporting entity's stated totals, so performance_observation aum with subject_type portfolio, the endowment being the owner's aggregate rather than a reporting entity. A holds the 79% share of the portfolio that B missed; B holds the three stated rates of return that A missed. B's duplicate rows for the two endowment values are rejected separately, one printed cell being one row.",VERIFIED_ONE_SIDED,A,9feb74eb228530f7459be60b41936bff0ac6688d0c051cfa56b339d238282017
59cd0900868da007ab85,SRC389,2,PAIR_44351553C48DFF75AB71CC34,CLASSIFICATION_CONFLICT,2,1,subject_type|subject_name|condition_raw|evidence_quote,MERGE,Both lanes transcribed the page-2 sentence stating what the endowment comprises. A printed note carries no subject; the quote starts at the sentence instead of the tail of the previous one.,RESOLVED,A+B+ADJUDICATOR,9feb74eb228530f7459be60b41936bff0ac6688d0c051cfa56b339d238282017
f36af63abccf1de33bc9,SRC389,2,PAIR_50961D4F2DAAEC4972ED7507,CONTEXT_CONFLICT,3,2,source_section|source_table,MERGE,"neither is complete. The row describes the whole document, so it sits under no section: source_section is blank and the document's printed title carries source_table, where A put the title in source_section and B filed the row under the letter's heading. subject_type is document, so subject_name is that printed title.",RESOLVED,A+B+ADJUDICATOR,9feb74eb228530f7459be60b41936bff0ac6688d0c051cfa56b339d238282017
a883603b531f029b96f9,SRC389,2,PAIR_64B283114A09CC0E1F25BC1F,CLASSIFICATION_CONFLICT,4,3,record_family|metric_category|metric_name|basis_raw|evidence_quote|value_scope,MERGE,"printed and eligible, and neither lane is complete on this page. source_section takes the printed block heading Letter from the President & CEO. The consolidated portfolio total and the endowment values are the reporting entity's stated totals, so performance_observation aum with subject_type portfolio, the endowment being the owner's aggregate rather than a reporting entity. A holds the 79% share of the portfolio that B missed; B holds the three stated rates of return that A missed. B's duplicate rows for the two endowment values are rejected separately, one printed cell being one row. Backfill 2026-09-01: the row is the consolidated portfolio's own total, which lane B backed with the printed phrase and lane A left unstated; the backed reading stands.; Source review: p2: consolidated investment portfolio (The printed label identifies the entity or table rather than a measurement basis; source labels retain its scope.)",RESOLVED,A+B+ADJUDICATOR,9feb74eb228530f7459be60b41936bff0ac6688d0c051cfa56b339d238282017
4f8d4a211df760038142,SRC389,2,PAIR_418F47077C3EB8F7825CFC90,B_ONLY,,6,,ACCEPT_B,"printed and eligible: the letter states the one, five and ten year rates of return in its own sentences and A extracted no return from this page. B's section, table, subject and horizon are all printed wording. These figures also appear as bars on page 4, but a printed cell in the letter is its own cell.",VERIFIED_ONE_SIDED,B,9feb74eb228530f7459be60b41936bff0ac6688d0c051cfa56b339d238282017
00eca125b04ca15b3da0,SRC389,2,PAIR_37FDB7B2C21E6945E57B6956,B_ONLY,,7,,ACCEPT_B,"printed and eligible: the letter states the one, five and ten year rates of return in its own sentences and A extracted no return from this page. B's section, table, subject and horizon are all printed wording. These figures also appear as bars on page 4, but a printed cell in the letter is its own cell.",VERIFIED_ONE_SIDED,B,9feb74eb228530f7459be60b41936bff0ac6688d0c051cfa56b339d238282017
e34b5abd6680cd6f5d2c,SRC389,2,PAIR_F48454A322AEB9E627092838,B_ONLY,,8,,ACCEPT_B,"printed and eligible: the letter states the one, five and ten year rates of return in its own sentences and A extracted no return from this page. B's section, table, subject and horizon are all printed wording. These figures also appear as bars on page 4, but a printed cell in the letter is its own cell.",VERIFIED_ONE_SIDED,B,9feb74eb228530f7459be60b41936bff0ac6688d0c051cfa56b339d238282017
df0be0f99ba870ff57c0,SRC389,2,PAIR_A17D78C9612EB77AC938A492,A_ONLY,5,,,MERGE,"printed and eligible, and neither lane is complete on this page. source_section takes the printed block heading Letter from the President & CEO. The consolidated portfolio total and the endowment values are the reporting entity's stated totals, so performance_observation aum with subject_type portfolio, the endowment being the owner's aggregate rather than a reporting entity. A holds the 79% share of the portfolio that B missed; B holds the three stated rates of return that A missed. B's duplicate rows for the two endowment values are rejected separately, one printed cell being one row. Backfill 2026-09-01: qualifier columns filled from the lanes' agreed reading.",RESOLVED,A+ADJUDICATOR,9feb74eb228530f7459be60b41936bff0ac6688d0c051cfa56b339d238282017
310e0cdb2b7ab19fd028,SRC389,2,PAIR_4236619C8C45827DA8A0C12E,A_ONLY,6,,,MERGE,"printed and eligible, and neither lane is complete on this page. source_section takes the printed block heading Letter from the President & CEO. The consolidated portfolio total and the endowment values are the reporting entity's stated totals, so performance_observation aum with subject_type portfolio, the endowment being the owner's aggregate rather than a reporting entity. A holds the 79% share of the portfolio that B missed; B holds the three stated rates of return that A missed. B's duplicate rows for the two endowment values are rejected separately, one printed cell being one row. Backfill 2026-09-01: qualifier columns filled from the lanes' agreed reading.",RESOLVED,A+ADJUDICATOR,9feb74eb228530f7459be60b41936bff0ac6688d0c051cfa56b339d238282017
c6f542d090a1900c40b1,SRC389,3,PAIR_3EE07D776E565F1529F76414,VALUE_CONFLICT,7,9,source_section|metric_name|metric_value_raw|basis_raw|evidence_quote|value_scope,MERGE,"value conflict on the pie labels, and A is right on all ten that conflict. The two lanes assigned the same label set to the slices in opposite order. The page image settles it: the Educational Foundation slice is the large one at $721,152,871, which the page 2 letter independently confirms at approximately 79% of the $912 million total, and in the Allocation Summary the label leader lines run Large Cap $424,211,105, International $187,384,863, Fixed Income $178,939,851, Small Cap $41,446,840, Hedge Fund $64,937,812 and Private Equity/Other $14,785,505, whose slice areas match those shares. source_section takes the printed block heading A left blank; metric_name takes the figure's own printed title, its rows being buckets under a single measure. The Total Investments row is the fund aggregate, so performance_observation aum with subject_type portfolio. Backfill 2026-09-01: the row is one bucket of an allocation summary, which lane B backed with the table's own title and lane A left unstated; the backed reading stands.; Source review: p3: Allocation Summary (The printed label identifies the entity or table rather than a measurement basis; source labels retain its scope.)",RESOLVED,A+B+ADJUDICATOR,9feb74eb228530f7459be60b41936bff0ac6688d0c051cfa56b339d238282017
adc372ec5803402fb604,SRC389,3,PAIR_96B61B35A4F4158A2BD3E616,VALUE_CONFLICT,8,10,source_section|metric_name|metric_value_raw|basis_raw|evidence_quote|value_scope,MERGE,"value conflict on the pie labels, and A is right on all ten that conflict. The two lanes assigned the same label set to the slices in opposite order. The page image settles it: the Educational Foundation slice is the large one at $721,152,871, which the page 2 letter independently confirms at approximately 79% of the $912 million total, and in the Allocation Summary the label leader lines run Large Cap $424,211,105, International $187,384,863, Fixed Income $178,939,851, Small Cap $41,446,840, Hedge Fund $64,937,812 and Private Equity/Other $14,785,505, whose slice areas match those shares. source_section takes the printed block heading A left blank; metric_name takes the figure's own printed title, its rows being buckets under a single measure. The Total Investments row is the fund aggregate, so performance_observation aum with subject_type portfolio. Backfill 2026-09-01: the row is one bucket of an allocation summary, which lane B backed with the table's own title and lane A left unstated; the backed reading stands.; Source review: p3: Allocation Summary (The printed label identifies the entity or table rather than a measurement basis; source labels retain its scope.)",RESOLVED,A+B+ADJUDICATOR,9feb74eb228530f7459be60b41936bff0ac6688d0c051cfa56b339d238282017
5d1a5a6f964ff53c6580,SRC389,3,PAIR_B8F6F27DE1135039D67E8F0C,VALUE_CONFLICT,9,11,source_section|metric_name|metric_value_raw|basis_raw|evidence_quote|value_scope,MERGE,"value conflict on the pie labels, and A is right on all ten that conflict. The two lanes assigned the same label set to the slices in opposite order. The page image settles it: the Educational Foundation slice is the large one at $721,152,871, which the page 2 letter independently confirms at approximately 79% of the $912 million total, and in the Allocation Summary the label leader lines run Large Cap $424,211,105, International $187,384,863, Fixed Income $178,939,851, Small Cap $41,446,840, Hedge Fund $64,937,812 and Private Equity/Other $14,785,505, whose slice areas match those shares. source_section takes the printed block heading A left blank; metric_name takes the figure's own printed title, its rows being buckets under a single measure. The Total Investments row is the fund aggregate, so performance_observation aum with subject_type portfolio. Backfill 2026-09-01: the row is one bucket of an allocation summary, which lane B backed with the table's own title and lane A left unstated; the backed reading stands.; Source review: p3: Allocation Summary (The printed label identifies the entity or table rather than a measurement basis; source labels retain its scope.)",RESOLVED,A+B+ADJUDICATOR,9feb74eb228530f7459be60b41936bff0ac6688d0c051cfa56b339d238282017
d21df01e1f4d336c65ae,SRC389,3,PAIR_862D02A816FEEB77C7C291F4,CONTEXT_CONFLICT,10,12,source_section|metric_name|basis_raw|value_scope,MERGE,"value conflict on the pie labels, and A is right on all ten that conflict. The two lanes assigned the same label set to the slices in opposite order. The page image settles it: the Educational Foundation slice is the large one at $721,152,871, which the page 2 letter independently confirms at approximately 79% of the $912 million total, and in the Allocation Summary the label leader lines run Large Cap $424,211,105, International $187,384,863, Fixed Income $178,939,851, Small Cap $41,446,840, Hedge Fund $64,937,812 and Private Equity/Other $14,785,505, whose slice areas match those shares. source_section takes the printed block heading A left blank; metric_name takes the figure's own printed title, its rows being buckets under a single measure. The Total Investments row is the fund aggregate, so performance_observation aum with subject_type portfolio. Backfill 2026-09-01: the row is one bucket of an allocation summary, which lane B backed with the table's own title and lane A left unstated; the backed reading stands.; Source review: p3: Allocation Summary (The printed label identifies the entity or table rather than a measurement basis; source labels retain its scope.)",RESOLVED,A+B+ADJUDICATOR,9feb74eb228530f7459be60b41936bff0ac6688d0c051cfa56b339d238282017
4d851438f897a9f4175e,SRC389,3,PAIR_BF232A508A87BD9B0A42C3CF,VALUE_CONFLICT,11,13,source_section|metric_name|metric_value_raw|basis_raw|evidence_quote|value_scope,MERGE,"value conflict on the pie labels, and A is right on all ten that conflict. The two lanes assigned the same label set to the slices in opposite order. The page image settles it: the Educational Foundation slice is the large one at $721,152,871, which the page 2 letter independently confirms at approximately 79% of the $912 million total, and in the Allocation Summary the label leader lines run Large Cap $424,211,105, International $187,384,863, Fixed Income $178,939,851, Small Cap $41,446,840, Hedge Fund $64,937,812 and Private Equity/Other $14,785,505, whose slice areas match those shares. source_section takes the printed block heading A left blank; metric_name takes the figure's own printed title, its rows being buckets under a single measure. The Total Investments row is the fund aggregate, so performance_observation aum with subject_type portfolio. Backfill 2026-09-01: the row is one bucket of an allocation summary, which lane B backed with the table's own title and lane A left unstated; the backed reading stands.; Source review: p3: Allocation Summary (The printed label identifies the entity or table rather than a measurement basis; source labels retain its scope.)",RESOLVED,A+B+ADJUDICATOR,9feb74eb228530f7459be60b41936bff0ac6688d0c051cfa56b339d238282017
955b6734b3a31f37982f,SRC389,3,PAIR_38229F7B038253E272F1C1A4,VALUE_CONFLICT,12,14,source_section|metric_name|metric_value_raw|basis_raw|evidence_quote|value_scope,MERGE,"value conflict on the pie labels, and A is right on all ten that conflict. The two lanes assigned the same label set to the slices in opposite order. The page image settles it: the Educational Foundation slice is the large one at $721,152,871, which the page 2 letter independently confirms at approximately 79% of the $912 million total, and in the Allocation Summary the label leader lines run Large Cap $424,211,105, International $187,384,863, Fixed Income $178,939,851, Small Cap $41,446,840, Hedge Fund $64,937,812 and Private Equity/Other $14,785,505, whose slice areas match those shares. source_section takes the printed block heading A left blank; metric_name takes the figure's own printed title, its rows being buckets under a single measure. The Total Investments row is the fund aggregate, so performance_observation aum with subject_type portfolio. Backfill 2026-09-01: the row is one bucket of an allocation summary, which lane B backed with the table's own title and lane A left unstated; the backed reading stands.; Source review: p3: Allocation Summary (The printed label identifies the entity or table rather than a measurement basis; source labels retain its scope.)",RESOLVED,A+B+ADJUDICATOR,9feb74eb228530f7459be60b41936bff0ac6688d0c051cfa56b339d238282017
1f55f3e2ceacfccfc5a0,SRC389,3,PAIR_ECA73FB558B9B0BC1CBA3724,VALUE_CONFLICT,13,15,record_family|source_section|metric_category|metric_name|metric_value_raw|evidence_quote,MERGE,"value conflict on the pie labels, and A is right on all ten that conflict. The two lanes assigned the same label set to the slices in opposite order. The page image settles it: the Educational Foundation slice is the large one at $721,152,871, which the page 2 letter independently confirms at approximately 79% of the $912 million total, and in the Allocation Summary the label leader lines run Large Cap $424,211,105, International $187,384,863, Fixed Income $178,939,851, Small Cap $41,446,840, Hedge Fund $64,937,812 and Private Equity/Other $14,785,505, whose slice areas match those shares. source_section takes the printed block heading A left blank; metric_name takes the figure's own printed title, its rows being buckets under a single measure. The Total Investments row is the fund aggregate, so performance_observation aum with subject_type portfolio. Backfill 2026-09-01: qualifier columns filled from the lanes' agreed reading.",RESOLVED,A+B+ADJUDICATOR,9feb74eb228530f7459be60b41936bff0ac6688d0c051cfa56b339d238282017
d27c4f9d58d189471903,SRC389,3,PAIR_5C9A9041254F2A2DBC6C6C0B,VALUE_CONFLICT,14,16,record_family|source_section|metric_category|metric_name|metric_value_raw|evidence_quote,MERGE,"value conflict on the pie labels, and A is right on all ten that conflict. The two lanes assigned the same label set to the slices in opposite order. The page image settles it: the Educational Foundation slice is the large one at $721,152,871, which the page 2 letter independently confirms at approximately 79% of the $912 million total, and in the Allocation Summary the label leader lines run Large Cap $424,211,105, International $187,384,863, Fixed Income $178,939,851, Small Cap $41,446,840, Hedge Fund $64,937,812 and Private Equity/Other $14,785,505, whose slice areas match those shares. source_section takes the printed block heading A left blank; metric_name takes the figure's own printed title, its rows being buckets under a single measure. The Total Investments row is the fund aggregate, so performance_observation aum with subject_type portfolio. Backfill 2026-09-01: qualifier columns filled from the lanes' agreed reading.",RESOLVED,A+B+ADJUDICATOR,9feb74eb228530f7459be60b41936bff0ac6688d0c051cfa56b339d238282017
1f17bd28925ba2e08494,SRC389,3,PAIR_B6C8D69D17292DA123097FF1,VALUE_CONFLICT,15,17,record_family|source_section|metric_category|metric_name|metric_value_raw|evidence_quote,MERGE,"value conflict on the pie labels, and A is right on all ten that conflict. The two lanes assigned the same label set to the slices in opposite order. The page image settles it: the Educational Foundation slice is the large one at $721,152,871, which the page 2 letter independently confirms at approximately 79% of the $912 million total, and in the Allocation Summary the label leader lines run Large Cap $424,211,105, International $187,384,863, Fixed Income $178,939,851, Small Cap $41,446,840, Hedge Fund $64,937,812 and Private Equity/Other $14,785,505, whose slice areas match those shares. source_section takes the printed block heading A left blank; metric_name takes the figure's own printed title, its rows being buckets under a single measure. The Total Investments row is the fund aggregate, so performance_observation aum with subject_type portfolio. Backfill 2026-09-01: qualifier columns filled from the lanes' agreed reading.",RESOLVED,A+B+ADJUDICATOR,9feb74eb228530f7459be60b41936bff0ac6688d0c051cfa56b339d238282017
2121767268a4609ae09f,SRC389,3,PAIR_7ADAD3B7216B2D878E613D97,VALUE_CONFLICT,16,18,record_family|source_section|metric_category|metric_name|metric_value_raw|evidence_quote,MERGE,"value conflict on the pie labels, and A is right on all ten that conflict. The two lanes assigned the same label set to the slices in opposite order. The page image settles it: the Educational Foundation slice is the large one at $721,152,871, which the page 2 letter independently confirms at approximately 79% of the $912 million total, and in the Allocation Summary the label leader lines run Large Cap $424,211,105, International $187,384,863, Fixed Income $178,939,851, Small Cap $41,446,840, Hedge Fund $64,937,812 and Private Equity/Other $14,785,505, whose slice areas match those shares. source_section takes the printed block heading A left blank; metric_name takes the figure's own printed title, its rows being buckets under a single measure. The Total Investments row is the fund aggregate, so performance_observation aum with subject_type portfolio. Backfill 2026-09-01: qualifier columns filled from the lanes' agreed reading.",RESOLVED,A+B+ADJUDICATOR,9feb74eb228530f7459be60b41936bff0ac6688d0c051cfa56b339d238282017
0c9b40d78853cf1d184d,SRC389,3,PAIR_55E4D9A831D82334C0768011,CLASSIFICATION_CONFLICT,17,19,record_family|source_section|subject_type|metric_category|metric_name|basis_raw|evidence_quote|value_scope,MERGE,"value conflict on the pie labels, and A is right on all ten that conflict. The two lanes assigned the same label set to the slices in opposite order. The page image settles it: the Educational Foundation slice is the large one at $721,152,871, which the page 2 letter independently confirms at approximately 79% of the $912 million total, and in the Allocation Summary the label leader lines run Large Cap $424,211,105, International $187,384,863, Fixed Income $178,939,851, Small Cap $41,446,840, Hedge Fund $64,937,812 and Private Equity/Other $14,785,505, whose slice areas match those shares. source_section takes the printed block heading A left blank; metric_name takes the figure's own printed title, its rows being buckets under a single measure. The Total Investments row is the fund aggregate, so performance_observation aum with subject_type portfolio. Backfill 2026-09-01: the row is the consolidated portfolio's own total, which lane B backed with the printed phrase and lane A left unstated; the backed reading stands.; Source review: p3: Total Investments (The printed label identifies the entity or table rather than a measurement basis; source labels retain its scope.)",RESOLVED,A+B+ADJUDICATOR,9feb74eb228530f7459be60b41936bff0ac6688d0c051cfa56b339d238282017
4c09be113d058b7898e8,SRC389,4,PAIR_467AE7CAAE49909EB2B8B951,B_ONLY,,20,,MERGE,"printed and eligible, and A missed it. The page prints the Target Weighted Index composition as four weighted constituents, which is a target allocation of the policy benchmark and not a return: allocation_observation target_allocation. The subject is the benchmark whose composition this is, so subject_type benchmark and subject_name Target Weighted Index, with the constituent index in asset_class; B made each constituent index the subject and typed it market_series, which loses which benchmark the weight belongs to. Grouping corrected 2026-09-01: the printed value is the benchmark component named by the row label, never an asset-class grouping, so `asset_class` is blank. Backfill 2026-09-01: qualifier columns filled from the lanes' agreed reading.",RESOLVED,B+ADJUDICATOR,9feb74eb228530f7459be60b41936bff0ac6688d0c051cfa56b339d238282017
494177c6c1c080c1ebea,SRC389,4,PAIR_73CA3EF36273C968B392BABA,B_ONLY,,21,,MERGE,"printed and eligible, and A missed it. The page prints the Target Weighted Index composition as four weighted constituents, which is a target allocation of the policy benchmark and not a return: allocation_observation target_allocation. The subject is the benchmark whose composition this is, so subject_type benchmark and subject_name Target Weighted Index, with the constituent index in asset_class; B made each constituent index the subject and typed it market_series, which loses which benchmark the weight belongs to. Grouping corrected 2026-09-01: the printed value is the benchmark component named by the row label, never an asset-class grouping, so `asset_class` is blank. Backfill 2026-09-01: qualifier columns filled from the lanes' agreed reading.",RESOLVED,B+ADJUDICATOR,9feb74eb228530f7459be60b41936bff0ac6688d0c051cfa56b339d238282017
24b111dc1e2534aba581,SRC389,4,PAIR_FBD5A6A4F338F82362A75035,B_ONLY,,22,,MERGE,"printed and eligible, and A missed it. The page prints the Target Weighted Index composition as four weighted constituents, which is a target allocation of the policy benchmark and not a return: allocation_observation target_allocation. The subject is the benchmark whose composition this is, so subject_type benchmark and subject_name Target Weighted Index, with the constituent index in asset_class; B made each constituent index the subject and typed it market_series, which loses which benchmark the weight belongs to. Grouping corrected 2026-09-01: the printed value is the benchmark component named by the row label, never an asset-class grouping, so `asset_class` is blank. Backfill 2026-09-01: qualifier columns filled from the lanes' agreed reading.",RESOLVED,B+ADJUDICATOR,9feb74eb228530f7459be60b41936bff0ac6688d0c051cfa56b339d238282017
79d7f4342305677948d9,SRC389,4,PAIR_3CCF535CC6BE194EF008089F,B_ONLY,,23,,MERGE,"printed and eligible, and A missed it. The page prints the Target Weighted Index composition as four weighted constituents, which is a target allocation of the policy benchmark and not a return: allocation_observation target_allocation. The subject is the benchmark whose composition this is, so subject_type benchmark and subject_name Target Weighted Index, with the constituent index in asset_class; B made each constituent index the subject and typed it market_series, which loses which benchmark the weight belongs to. Grouping corrected 2026-09-01: the printed value is the benchmark component named by the row label, never an asset-class grouping, so `asset_class` is blank. Backfill 2026-09-01: qualifier columns filled from the lanes' agreed reading.",RESOLVED,B+ADJUDICATOR,9feb74eb228530f7459be60b41936bff0ac6688d0c051cfa56b339d238282017
d67920e15d89b2b21bce,SRC389,4,PAIR_EBAD3B21F86BEAA101ED23D4,CLASSIFICATION_CONFLICT,18,24,source_section|subject_name,MERGE,Both lanes transcribed the benchmark-composition note under the Investment Returns chart. The section heading printed above it is kept; a printed note carries no subject.,RESOLVED,A+B+ADJUDICATOR,9feb74eb228530f7459be60b41936bff0ac6688d0c051cfa56b339d238282017
cd25be1cc0af5adbe60f,SRC389,4,PAIR_CF909FA1E96BE61510FCEEA8,B_ONLY,,25,,ACCEPT_B,The Investment Strategy section on page 4 defines Cash in the words lane B transcribed; lane A did not transcribe it. Confirmed against the page text.,VERIFIED_ONE_SIDED,B,9feb74eb228530f7459be60b41936bff0ac6688d0c051cfa56b339d238282017
b0a5ab741bb954024b4c,SRC389,4,PAIR_8634732097F68873965EB43F,B_ONLY,,26,,ACCEPT_B,The Investment Strategy section on page 4 defines Diversifying Strategies in the words lane B transcribed; lane A did not transcribe it. Confirmed against the page text.,VERIFIED_ONE_SIDED,B,9feb74eb228530f7459be60b41936bff0ac6688d0c051cfa56b339d238282017
a5282bd6cc1513c3d00d,SRC389,4,PAIR_DE50263E123FE2F25A3210B6,CONTEXT_CONFLICT,19,27,source_section,MERGE,"the chart's rows are two series and its columns are periods, so metric_name takes the chart's own printed title Investment Returns; neither lane's bare Return is printed. source_section takes the printed block heading, which A left blank. Values agreed by both lanes and confirmed against the printed bar labels. Backfill 2026-09-01: qualifier columns filled from the lanes' agreed reading.",RESOLVED,A+B+ADJUDICATOR,9feb74eb228530f7459be60b41936bff0ac6688d0c051cfa56b339d238282017
7cc2a7fdffad227e0d08,SRC389,4,PAIR_CA40B3BAA1D1BAB1DAF0CBF3,CONTEXT_CONFLICT,20,28,source_section,MERGE,"the chart's rows are two series and its columns are periods, so metric_name takes the chart's own printed title Investment Returns; neither lane's bare Return is printed. source_section takes the printed block heading, which A left blank. Values agreed by both lanes and confirmed against the printed bar labels. Backfill 2026-09-01: qualifier columns filled from the lanes' agreed reading.",RESOLVED,A+B+ADJUDICATOR,9feb74eb228530f7459be60b41936bff0ac6688d0c051cfa56b339d238282017
c22e20adbed32a6403d5,SRC389,4,PAIR_6A3FC024116536FE46E9AF3B,CONTEXT_CONFLICT,21,29,source_section,MERGE,"the chart's rows are two series and its columns are periods, so metric_name takes the chart's own printed title Investment Returns; neither lane's bare Return is printed. source_section takes the printed block heading, which A left blank. Values agreed by both lanes and confirmed against the printed bar labels. Backfill 2026-09-01: qualifier columns filled from the lanes' agreed reading.",RESOLVED,A+B+ADJUDICATOR,9feb74eb228530f7459be60b41936bff0ac6688d0c051cfa56b339d238282017
355afc3986123223f145,SRC389,4,PAIR_C9F32C0EFF49B39F16E3CC74,CONTEXT_CONFLICT,22,30,source_section|evidence_quote,MERGE,"the chart's rows are two series and its columns are periods, so metric_name takes the chart's own printed title Investment Returns; neither lane's bare Return is printed. source_section takes the printed block heading, which A left blank. Values agreed by both lanes and confirmed against the printed bar labels. Backfill 2026-09-01: qualifier columns filled from the lanes' agreed reading.",RESOLVED,A+B+ADJUDICATOR,9feb74eb228530f7459be60b41936bff0ac6688d0c051cfa56b339d238282017
d443ec5f12d0ea25758a,SRC389,4,PAIR_C8B4D9D5FDD49CC87D9F153F,CONTEXT_CONFLICT,23,31,source_section,MERGE,"the chart's rows are two series and its columns are periods, so metric_name takes the chart's own printed title Investment Returns; neither lane's bare Return is printed. source_section takes the printed block heading, which A left blank. Values agreed by both lanes and confirmed against the printed bar labels. Backfill 2026-09-01: qualifier columns filled from the lanes' agreed reading.",RESOLVED,A+B+ADJUDICATOR,9feb74eb228530f7459be60b41936bff0ac6688d0c051cfa56b339d238282017
b298fdf482c278572ecf,SRC389,4,PAIR_BFE746AC508EB0416EDE5E1B,CONTEXT_CONFLICT,24,32,source_section,MERGE,"the chart's rows are two series and its columns are periods, so metric_name takes the chart's own printed title Investment Returns; neither lane's bare Return is printed. source_section takes the printed block heading, which A left blank. Values agreed by both lanes and confirmed against the printed bar labels. Backfill 2026-09-01: qualifier columns filled from the lanes' agreed reading.",RESOLVED,A+B+ADJUDICATOR,9feb74eb228530f7459be60b41936bff0ac6688d0c051cfa56b339d238282017
846870043ec106f84dfe,SRC389,4,PAIR_3CD11BE13EF2B89E7F9AE692,CONTEXT_CONFLICT,25,33,source_section,MERGE,"the chart's rows are two series and its columns are periods, so metric_name takes the chart's own printed title Investment Returns; neither lane's bare Return is printed. source_section takes the printed block heading, which A left blank. Values agreed by both lanes and confirmed against the printed bar labels. Backfill 2026-09-01: qualifier columns filled from the lanes' agreed reading.",RESOLVED,A+B+ADJUDICATOR,9feb74eb228530f7459be60b41936bff0ac6688d0c051cfa56b339d238282017
8e93606dc36a8d47c2ea,SRC389,4,PAIR_1480E04C03D91A0251AB9302,CONTEXT_CONFLICT,26,34,source_section,MERGE,"the chart's rows are two series and its columns are periods, so metric_name takes the chart's own printed title Investment Returns; neither lane's bare Return is printed. source_section takes the printed block heading, which A left blank. Values agreed by both lanes and confirmed against the printed bar labels. Backfill 2026-09-01: qualifier columns filled from the lanes' agreed reading.",RESOLVED,A+B+ADJUDICATOR,9feb74eb228530f7459be60b41936bff0ac6688d0c051cfa56b339d238282017
f7dd737faaa1cc1b7111,SRC389,5,PAIR_1006C6F368B673F24C04B243,CONTEXT_CONFLICT,27,35,source_section|metric_name|basis_raw|definition_keys|value_scope,MERGE,"source_section takes the printed block heading A left blank, and metric_name takes the block's own printed title, its rows being buckets or years under a single measure. The Total Endowment figure and the historical series are the endowment's stated totals, so performance_observation aum with subject_type portfolio, not fund_economics nav. source_table is the printed block heading Historical Endowment Data rather than the chart's internal all-capitals label, matching how every other block on these pages is named. Both lanes carry the IMAGE_ONLY note the reversed TXT chart labels require. Backfill 2026-09-01: the row is one bucket of an allocation summary, which lane B backed with the table's own title and lane A left unstated; the backed reading stands.; Source review: p5: Endowment Composition (The printed label identifies the entity or table rather than a measurement basis; source labels retain its scope.)",RESOLVED,A+B+ADJUDICATOR,9feb74eb228530f7459be60b41936bff0ac6688d0c051cfa56b339d238282017
ad11990d45bdfca2df83,SRC389,5,PAIR_66AD1EE26DA7FDC8A0091FE6,CONTEXT_CONFLICT,28,36,source_section|metric_name|basis_raw|definition_keys|value_scope,MERGE,"source_section takes the printed block heading A left blank, and metric_name takes the block's own printed title, its rows being buckets or years under a single measure. The Total Endowment figure and the historical series are the endowment's stated totals, so performance_observation aum with subject_type portfolio, not fund_economics nav. source_table is the printed block heading Historical Endowment Data rather than the chart's internal all-capitals label, matching how every other block on these pages is named. Both lanes carry the IMAGE_ONLY note the reversed TXT chart labels require. Backfill 2026-09-01: the row is one bucket of an allocation summary, which lane B backed with the table's own title and lane A left unstated; the backed reading stands.; Source review: p5: Endowment Composition (The printed label identifies the entity or table rather than a measurement basis; source labels retain its scope.)",RESOLVED,A+B+ADJUDICATOR,9feb74eb228530f7459be60b41936bff0ac6688d0c051cfa56b339d238282017
2f4f0e699df792134d8a,SRC389,5,PAIR_B59A6F13957D81E9254F6AA2,CONTEXT_CONFLICT,29,37,source_section|metric_name|basis_raw|definition_keys|value_scope,MERGE,"source_section takes the printed block heading A left blank, and metric_name takes the block's own printed title, its rows being buckets or years under a single measure. The Total Endowment figure and the historical series are the endowment's stated totals, so performance_observation aum with subject_type portfolio, not fund_economics nav. source_table is the printed block heading Historical Endowment Data rather than the chart's internal all-capitals label, matching how every other block on these pages is named. Both lanes carry the IMAGE_ONLY note the reversed TXT chart labels require. Backfill 2026-09-01: the row is one bucket of an allocation summary, which lane B backed with the table's own title and lane A left unstated; the backed reading stands.; Source review: p5: Endowment Composition (The printed label identifies the entity or table rather than a measurement basis; source labels retain its scope.)",RESOLVED,A+B+ADJUDICATOR,9feb74eb228530f7459be60b41936bff0ac6688d0c051cfa56b339d238282017
b8825c9d08005a53232f,SRC389,5,PAIR_87E9BDA0134C841ADC506C93,CONTEXT_CONFLICT,30,39,source_section|metric_name|basis_raw|definition_keys|value_scope,MERGE,"source_section takes the printed block heading A left blank, and metric_name takes the block's own printed title, its rows being buckets or years under a single measure. The Total Endowment figure and the historical series are the endowment's stated totals, so performance_observation aum with subject_type portfolio, not fund_economics nav. source_table is the printed block heading Historical Endowment Data rather than the chart's internal all-capitals label, matching how every other block on these pages is named. Both lanes carry the IMAGE_ONLY note the reversed TXT chart labels require. Backfill 2026-09-01: the row is one bucket of an allocation summary, which lane B backed with the table's own title and lane A left unstated; the backed reading stands.; Source review: p5: Endowment Composition (The printed label identifies the entity or table rather than a measurement basis; source labels retain its scope.)",RESOLVED,A+B+ADJUDICATOR,9feb74eb228530f7459be60b41936bff0ac6688d0c051cfa56b339d238282017
9e42bbd1778bd819e120,SRC389,5,PAIR_A8DFC6068E7C59D3855E7D13,CLASSIFICATION_CONFLICT,31,38,record_family|source_section|subject_type|metric_category|metric_name|basis_raw,MERGE,"source_section takes the printed block heading A left blank, and metric_name takes the block's own printed title, its rows being buckets or years under a single measure. The Total Endowment figure and the historical series are the endowment's stated totals, so performance_observation aum with subject_type portfolio, not fund_economics nav. source_table is the printed block heading Historical Endowment Data rather than the chart's internal all-capitals label, matching how every other block on these pages is named. Both lanes carry the IMAGE_ONLY note the reversed TXT chart labels require. Backfill 2026-09-01: qualifier columns filled from the lanes' agreed reading.; Source review: p5: Total Endowment (The printed label identifies the entity or table rather than a measurement basis; source labels retain its scope.)",RESOLVED,A+B+ADJUDICATOR,9feb74eb228530f7459be60b41936bff0ac6688d0c051cfa56b339d238282017
f242c8878c3e9dc51267,SRC389,5,PAIR_74C3F7A4A573EB89603753A5,CLASSIFICATION_CONFLICT,32,40,record_family|source_section|source_table|source_row_label|subject_type|subject_name|metric_category|metric_name,MERGE,"source_section takes the printed block heading A left blank, and metric_name takes the block's own printed title, its rows being buckets or years under a single measure. The Total Endowment figure and the historical series are the endowment's stated totals, so performance_observation aum with subject_type portfolio, not fund_economics nav. source_table is the printed block heading Historical Endowment Data rather than the chart's internal all-capitals label, matching how every other block on these pages is named. Both lanes carry the IMAGE_ONLY note the reversed TXT chart labels require. Backfill 2026-09-01: qualifier columns filled from the lanes' agreed reading.",RESOLVED,A+B+ADJUDICATOR,9feb74eb228530f7459be60b41936bff0ac6688d0c051cfa56b339d238282017
b482fdc20c9b6be9e4ac,SRC389,5,PAIR_CE8A27036D2670FE06D22EFA,CLASSIFICATION_CONFLICT,33,41,record_family|source_section|source_table|source_row_label|subject_type|subject_name|metric_category|metric_name,MERGE,"source_section takes the printed block heading A left blank, and metric_name takes the block's own printed title, its rows being buckets or years under a single measure. The Total Endowment figure and the historical series are the endowment's stated totals, so performance_observation aum with subject_type portfolio, not fund_economics nav. source_table is the printed block heading Historical Endowment Data rather than the chart's internal all-capitals label, matching how every other block on these pages is named. Both lanes carry the IMAGE_ONLY note the reversed TXT chart labels require. Backfill 2026-09-01: qualifier columns filled from the lanes' agreed reading.",RESOLVED,A+B+ADJUDICATOR,9feb74eb228530f7459be60b41936bff0ac6688d0c051cfa56b339d238282017
9c2f9e0e494b71a2403d,SRC389,5,PAIR_0EADB34BE54F6DF7D554570E,CLASSIFICATION_CONFLICT,34,42,record_family|source_section|source_table|source_row_label|subject_type|subject_name|metric_category|metric_name,MERGE,"source_section takes the printed block heading A left blank, and metric_name takes the block's own printed title, its rows being buckets or years under a single measure. The Total Endowment figure and the historical series are the endowment's stated totals, so performance_observation aum with subject_type portfolio, not fund_economics nav. source_table is the printed block heading Historical Endowment Data rather than the chart's internal all-capitals label, matching how every other block on these pages is named. Both lanes carry the IMAGE_ONLY note the reversed TXT chart labels require. Backfill 2026-09-01: qualifier columns filled from the lanes' agreed reading.",RESOLVED,A+B+ADJUDICATOR,9feb74eb228530f7459be60b41936bff0ac6688d0c051cfa56b339d238282017
35a7fdd21b176afb7b96,SRC389,5,PAIR_DC890BC897DC9C5BAF55E748,CLASSIFICATION_CONFLICT,35,43,record_family|source_section|source_table|source_row_label|subject_type|subject_name|metric_category|metric_name,MERGE,"source_section takes the printed block heading A left blank, and metric_name takes the block's own printed title, its rows being buckets or years under a single measure. The Total Endowment figure and the historical series are the endowment's stated totals, so performance_observation aum with subject_type portfolio, not fund_economics nav. source_table is the printed block heading Historical Endowment Data rather than the chart's internal all-capitals label, matching how every other block on these pages is named. Both lanes carry the IMAGE_ONLY note the reversed TXT chart labels require. Backfill 2026-09-01: qualifier columns filled from the lanes' agreed reading.",RESOLVED,A+B+ADJUDICATOR,9feb74eb228530f7459be60b41936bff0ac6688d0c051cfa56b339d238282017
b1b7841bd81cc931db14,SRC389,5,PAIR_404241D2C52A28CA1AE9EE5E,CLASSIFICATION_CONFLICT,36,44,record_family|source_section|source_table|source_row_label|subject_type|subject_name|metric_category|metric_name,MERGE,"source_section takes the printed block heading A left blank, and metric_name takes the block's own printed title, its rows being buckets or years under a single measure. The Total Endowment figure and the historical series are the endowment's stated totals, so performance_observation aum with subject_type portfolio, not fund_economics nav. source_table is the printed block heading Historical Endowment Data rather than the chart's internal all-capitals label, matching how every other block on these pages is named. Both lanes carry the IMAGE_ONLY note the reversed TXT chart labels require. Backfill 2026-09-01: qualifier columns filled from the lanes' agreed reading.",RESOLVED,A+B+ADJUDICATOR,9feb74eb228530f7459be60b41936bff0ac6688d0c051cfa56b339d238282017
3d8162a6d528513b9f7b,SRC389,5,PAIR_ACF122E0C2E1C24A478A9E9A,CLASSIFICATION_CONFLICT,37,45,record_family|source_section|source_table|source_row_label|subject_type|subject_name|metric_category|metric_name,MERGE,"source_section takes the printed block heading A left blank, and metric_name takes the block's own printed title, its rows being buckets or years under a single measure. The Total Endowment figure and the historical series are the endowment's stated totals, so performance_observation aum with subject_type portfolio, not fund_economics nav. source_table is the printed block heading Historical Endowment Data rather than the chart's internal all-capitals label, matching how every other block on these pages is named. Both lanes carry the IMAGE_ONLY note the reversed TXT chart labels require. Backfill 2026-09-01: qualifier columns filled from the lanes' agreed reading.",RESOLVED,A+B+ADJUDICATOR,9feb74eb228530f7459be60b41936bff0ac6688d0c051cfa56b339d238282017
fbef0e9cfea016133c49,SRC389,5,PAIR_0F2BA640F31624CA4C904D7D,CLASSIFICATION_CONFLICT,38,46,record_family|source_section|source_table|source_row_label|subject_type|subject_name|metric_category|metric_name,MERGE,"source_section takes the printed block heading A left blank, and metric_name takes the block's own printed title, its rows being buckets or years under a single measure. The Total Endowment figure and the historical series are the endowment's stated totals, so performance_observation aum with subject_type portfolio, not fund_economics nav. source_table is the printed block heading Historical Endowment Data rather than the chart's internal all-capitals label, matching how every other block on these pages is named. Both lanes carry the IMAGE_ONLY note the reversed TXT chart labels require. Backfill 2026-09-01: qualifier columns filled from the lanes' agreed reading.",RESOLVED,A+B+ADJUDICATOR,9feb74eb228530f7459be60b41936bff0ac6688d0c051cfa56b339d238282017
f461f6acc961afa86c11,SRC389,5,PAIR_C3A6BE6188BC60BC7C67DCD6,CLASSIFICATION_CONFLICT,39,47,record_family|source_section|source_table|source_row_label|subject_type|subject_name|metric_category|metric_name,MERGE,"source_section takes the printed block heading A left blank, and metric_name takes the block's own printed title, its rows being buckets or years under a single measure. The Total Endowment figure and the historical series are the endowment's stated totals, so performance_observation aum with subject_type portfolio, not fund_economics nav. source_table is the printed block heading Historical Endowment Data rather than the chart's internal all-capitals label, matching how every other block on these pages is named. Both lanes carry the IMAGE_ONLY note the reversed TXT chart labels require. Backfill 2026-09-01: qualifier columns filled from the lanes' agreed reading.",RESOLVED,A+B+ADJUDICATOR,9feb74eb228530f7459be60b41936bff0ac6688d0c051cfa56b339d238282017
39d535e093be5896155a,SRC389,5,PAIR_67AEF8E58A6A58B12F9DB0B6,CLASSIFICATION_CONFLICT,40,48,record_family|source_section|source_table|source_row_label|subject_type|subject_name|metric_category|metric_name,MERGE,"source_section takes the printed block heading A left blank, and metric_name takes the block's own printed title, its rows being buckets or years under a single measure. The Total Endowment figure and the historical series are the endowment's stated totals, so performance_observation aum with subject_type portfolio, not fund_economics nav. source_table is the printed block heading Historical Endowment Data rather than the chart's internal all-capitals label, matching how every other block on these pages is named. Both lanes carry the IMAGE_ONLY note the reversed TXT chart labels require. Backfill 2026-09-01: qualifier columns filled from the lanes' agreed reading.",RESOLVED,A+B+ADJUDICATOR,9feb74eb228530f7459be60b41936bff0ac6688d0c051cfa56b339d238282017
f1aa5a5c55882b96e0d7,SRC389,5,PAIR_9D4607C6D29FC8F67DB0C835,CLASSIFICATION_CONFLICT,41,49,record_family|source_section|source_table|source_row_label|subject_type|subject_name|metric_category|metric_name,MERGE,"source_section takes the printed block heading A left blank, and metric_name takes the block's own printed title, its rows being buckets or years under a single measure. The Total Endowment figure and the historical series are the endowment's stated totals, so performance_observation aum with subject_type portfolio, not fund_economics nav. source_table is the printed block heading Historical Endowment Data rather than the chart's internal all-capitals label, matching how every other block on these pages is named. Both lanes carry the IMAGE_ONLY note the reversed TXT chart labels require. Backfill 2026-09-01: qualifier columns filled from the lanes' agreed reading.",RESOLVED,A+B+ADJUDICATOR,9feb74eb228530f7459be60b41936bff0ac6688d0c051cfa56b339d238282017
0f46438925c3a8a9e7ed,SRC389,5,PAIR_DFCD4549ABDD40F51871DAE7,CLASSIFICATION_CONFLICT,42,50,record_family|source_section|source_table|source_row_label|subject_type|subject_name|metric_category|metric_name,MERGE,"source_section takes the printed block heading A left blank, and metric_name takes the block's own printed title, its rows being buckets or years under a single measure. The Total Endowment figure and the historical series are the endowment's stated totals, so performance_observation aum with subject_type portfolio, not fund_economics nav. source_table is the printed block heading Historical Endowment Data rather than the chart's internal all-capitals label, matching how every other block on these pages is named. Both lanes carry the IMAGE_ONLY note the reversed TXT chart labels require. Backfill 2026-09-01: qualifier columns filled from the lanes' agreed reading.",RESOLVED,A+B+ADJUDICATOR,9feb74eb228530f7459be60b41936bff0ac6688d0c051cfa56b339d238282017
f7a241b816c4c942b95e,SRC389,6,PAIR_19FF0ED22C82108888D1C3FE,CONTEXT_CONFLICT,43,51,source_section|source_row_label|as_of_date|horizon|metric_name,MERGE,"source_section takes the printed chart title A left blank, and metric_name takes that same printed title, the chart being one series across fiscal-year columns. The fiscal year is recorded in as_of_date as on page 5's historical chart, not in horizon, so one convention covers both charts of this document. Values agreed by both lanes and confirmed against the printed bar labels, which the TXT lists in descending value order rather than fiscal-year order: FY23 is the peak at $18.4 million and FY24 falls back to $17.4 million.",RESOLVED,A+B+ADJUDICATOR,9feb74eb228530f7459be60b41936bff0ac6688d0c051cfa56b339d238282017
d98f4cfba3ab342dcaa6,SRC389,6,PAIR_941FA769A2321BB5E12623B8,CONTEXT_CONFLICT,44,52,source_section|source_row_label|as_of_date|horizon|metric_name,MERGE,"source_section takes the printed chart title A left blank, and metric_name takes that same printed title, the chart being one series across fiscal-year columns. The fiscal year is recorded in as_of_date as on page 5's historical chart, not in horizon, so one convention covers both charts of this document. Values agreed by both lanes and confirmed against the printed bar labels, which the TXT lists in descending value order rather than fiscal-year order: FY23 is the peak at $18.4 million and FY24 falls back to $17.4 million.",RESOLVED,A+B+ADJUDICATOR,9feb74eb228530f7459be60b41936bff0ac6688d0c051cfa56b339d238282017
310d1be9277c2547e731,SRC389,6,PAIR_70AC060C42DEEC42FB0E4D8F,CONTEXT_CONFLICT,45,53,source_section|source_row_label|as_of_date|horizon|metric_name,MERGE,"source_section takes the printed chart title A left blank, and metric_name takes that same printed title, the chart being one series across fiscal-year columns. The fiscal year is recorded in as_of_date as on page 5's historical chart, not in horizon, so one convention covers both charts of this document. Values agreed by both lanes and confirmed against the printed bar labels, which the TXT lists in descending value order rather than fiscal-year order: FY23 is the peak at $18.4 million and FY24 falls back to $17.4 million.",RESOLVED,A+B+ADJUDICATOR,9feb74eb228530f7459be60b41936bff0ac6688d0c051cfa56b339d238282017
c3f97c6e5927a6e559c7,SRC389,6,PAIR_D9BC050FAE746359D0AA51D3,CONTEXT_CONFLICT,46,54,source_section|source_row_label|as_of_date|horizon|metric_name,MERGE,"source_section takes the printed chart title A left blank, and metric_name takes that same printed title, the chart being one series across fiscal-year columns. The fiscal year is recorded in as_of_date as on page 5's historical chart, not in horizon, so one convention covers both charts of this document. Values agreed by both lanes and confirmed against the printed bar labels, which the TXT lists in descending value order rather than fiscal-year order: FY23 is the peak at $18.4 million and FY24 falls back to $17.4 million.",RESOLVED,A+B+ADJUDICATOR,9feb74eb228530f7459be60b41936bff0ac6688d0c051cfa56b339d238282017
c8cbe9da9161e5b172ef,SRC389,6,PAIR_05D4BA881A6A7EE3D2767E32,CONTEXT_CONFLICT,47,55,source_section|source_row_label|as_of_date|horizon|metric_name,MERGE,"source_section takes the printed chart title A left blank, and metric_name takes that same printed title, the chart being one series across fiscal-year columns. The fiscal year is recorded in as_of_date as on page 5's historical chart, not in horizon, so one convention covers both charts of this document. Values agreed by both lanes and confirmed against the printed bar labels, which the TXT lists in descending value order rather than fiscal-year order: FY23 is the peak at $18.4 million and FY24 falls back to $17.4 million.",RESOLVED,A+B+ADJUDICATOR,9feb74eb228530f7459be60b41936bff0ac6688d0c051cfa56b339d238282017
93542027b5fd028dc6bc,SRC389,6,PAIR_841A0E0A8D581D924C667DEF,CONTEXT_CONFLICT,48,56,source_section|source_row_label|as_of_date|horizon|metric_name,MERGE,"source_section takes the printed chart title A left blank, and metric_name takes that same printed title, the chart being one series across fiscal-year columns. The fiscal year is recorded in as_of_date as on page 5's historical chart, not in horizon, so one convention covers both charts of this document. Values agreed by both lanes and confirmed against the printed bar labels, which the TXT lists in descending value order rather than fiscal-year order: FY23 is the peak at $18.4 million and FY24 falls back to $17.4 million.",RESOLVED,A+B+ADJUDICATOR,9feb74eb228530f7459be60b41936bff0ac6688d0c051cfa56b339d238282017
2ba7c5ed2aa7144e0c09,SRC389,6,PAIR_E3CE993A1A74EDC8413C7562,CONTEXT_CONFLICT,49,57,source_section|source_row_label|source_occurrence|as_of_date|horizon|metric_name,MERGE,"source_section takes the printed chart title A left blank, and metric_name takes that same printed title, the chart being one series across fiscal-year columns. The fiscal year is recorded in as_of_date as on page 5's historical chart, not in horizon, so one convention covers both charts of this document. Values agreed by both lanes and confirmed against the printed bar labels, which the TXT lists in descending value order rather than fiscal-year order: FY23 is the peak at $18.4 million and FY24 falls back to $17.4 million.",RESOLVED,A+B+ADJUDICATOR,9feb74eb228530f7459be60b41936bff0ac6688d0c051cfa56b339d238282017
a0318d8093421fc934b7,SRC389,6,PAIR_01F3487AD8E5FBD75661366C,CONTEXT_CONFLICT,50,58,source_section|source_row_label|source_occurrence|as_of_date|horizon|metric_name,MERGE,"source_section takes the printed chart title A left blank, and metric_name takes that same printed title, the chart being one series across fiscal-year columns. The fiscal year is recorded in as_of_date as on page 5's historical chart, not in horizon, so one convention covers both charts of this document. Values agreed by both lanes and confirmed against the printed bar labels, which the TXT lists in descending value order rather than fiscal-year order: FY23 is the peak at $18.4 million and FY24 falls back to $17.4 million.",RESOLVED,A+B+ADJUDICATOR,9feb74eb228530f7459be60b41936bff0ac6688d0c051cfa56b339d238282017
7c4e2d3ca850643b2837,SRC389,6,PAIR_A5C862719C83F2CC2423DF10,CONTEXT_CONFLICT,51,59,source_section|source_row_label|source_occurrence|as_of_date|horizon|metric_name,MERGE,"source_section takes the printed chart title A left blank, and metric_name takes that same printed title, the chart being one series across fiscal-year columns. The fiscal year is recorded in as_of_date as on page 5's historical chart, not in horizon, so one convention covers both charts of this document. Values agreed by both lanes and confirmed against the printed bar labels, which the TXT lists in descending value order rather than fiscal-year order: FY23 is the peak at $18.4 million and FY24 falls back to $17.4 million.",RESOLVED,A+B+ADJUDICATOR,9feb74eb228530f7459be60b41936bff0ac6688d0c051cfa56b339d238282017
0cf1b0dc7d7250d7f74c,SRC389,6,PAIR_DED03F15E3B26AFE77C70F58,CONTEXT_CONFLICT,52,60,source_section|source_row_label|source_occurrence|as_of_date|horizon|metric_name,MERGE,"source_section takes the printed chart title A left blank, and metric_name takes that same printed title, the chart being one series across fiscal-year columns. The fiscal year is recorded in as_of_date as on page 5's historical chart, not in horizon, so one convention covers both charts of this document. Values agreed by both lanes and confirmed against the printed bar labels, which the TXT lists in descending value order rather than fiscal-year order: FY23 is the peak at $18.4 million and FY24 falls back to $17.4 million.",RESOLVED,A+B+ADJUDICATOR,9feb74eb228530f7459be60b41936bff0ac6688d0c051cfa56b339d238282017
780d70a23ab5be14fdfa,SRC389,6,PAIR_BF11863AB99B604EEC80ADF3,CONTEXT_CONFLICT,53,61,source_section|source_row_label|source_occurrence|as_of_date|horizon|metric_name,MERGE,"source_section takes the printed chart title A left blank, and metric_name takes that same printed title, the chart being one series across fiscal-year columns. The fiscal year is recorded in as_of_date as on page 5's historical chart, not in horizon, so one convention covers both charts of this document. Values agreed by both lanes and confirmed against the printed bar labels, which the TXT lists in descending value order rather than fiscal-year order: FY23 is the peak at $18.4 million and FY24 falls back to $17.4 million.",RESOLVED,A+B+ADJUDICATOR,9feb74eb228530f7459be60b41936bff0ac6688d0c051cfa56b339d238282017
42b784c6dadb09be55d5,SRC389,6,PAIR_2ECEFFA6DA8934927C78A918,CONTEXT_CONFLICT,54,62,source_section|source_row_label|source_occurrence|as_of_date|horizon|metric_name,MERGE,"source_section takes the printed chart title A left blank, and metric_name takes that same printed title, the chart being one series across fiscal-year columns. The fiscal year is recorded in as_of_date as on page 5's historical chart, not in horizon, so one convention covers both charts of this document. Values agreed by both lanes and confirmed against the printed bar labels, which the TXT lists in descending value order rather than fiscal-year order: FY23 is the peak at $18.4 million and FY24 falls back to $17.4 million.",RESOLVED,A+B+ADJUDICATOR,9feb74eb228530f7459be60b41936bff0ac6688d0c051cfa56b339d238282017
6d8afb655301e8b70aaf,SRC602,1,PAIR_CA95E4CE12451E2E1BA32939,CLASSIFICATION_CONFLICT,1,1,source_table|subject_name|asset_class|manager_name|portfolio_name|as_of_date,ACCEPT_A,"Cover prints the MEKETA logo, 'California State Teachers Retirement System (CalSTRS)', 'September 3, 2025' and 'Semi-Annual Private Equity Executive Summary (Open Session)'. A carries manager_name MEKETA, the printed cover date and the printed document title as source_table; B leaves manager_name blank and adds portfolio_name 'CalSTRS PE Program', which the cover does not print.",RESOLVED,A,2ed0fcbdba2e9190c119988a53fc7336f39f37d2a2126c4d16706021ebba7db8
5f293da0c8c01f4aaff4,SRC602,2,PAIR_0CAC35765D0561D7CF81B4BC,CLASSIFICATION_CONFLICT,2,2,source_row_label|subject_type,ACCEPT_A,"The footnote is printed with the marker '1' beside its text. A's row label is that printed marker and matches the definition_keys the data rows carry; B labels it with the sentence the marker sits in, which is not the footnote's printed name.",RESOLVED,A,2ed0fcbdba2e9190c119988a53fc7336f39f37d2a2126c4d16706021ebba7db8
6f752de8982af44eb934,SRC602,2,PAIR_4113283BF043D216A6D46725,CLASSIFICATION_CONFLICT,3,3,source_row_label|subject_type,ACCEPT_A,"The footnote is printed with the marker '2' beside its text. A's row label is that printed marker and matches the definition_keys the data rows carry; B labels it with the sentence the marker sits in, which is not the footnote's printed name.",RESOLVED,A,2ed0fcbdba2e9190c119988a53fc7336f39f37d2a2126c4d16706021ebba7db8
3d7e30e00af6027fe3b9,SRC602,2,PAIR_AC72557D0A164924EAA74275,CONTEXT_CONFLICT,4,4,asset_class|as_of_date|metric_name,MERGE,"Printed cell: 'CalSTRS portfolio returned over 13% per year since program inception.' asset_class 'Private Equity' from the printed banner 'Semi-Annual Private Equity Executive Summary (Open Session)' (A); as_of_date blanked because page 2 prints no as-of date and A carried the cover date 'September 3, 2025' (B blank is right); metric_name 'return' rather than B's verb 'returned'.",RESOLVED,A+B+ADJUDICATOR,2ed0fcbdba2e9190c119988a53fc7336f39f37d2a2126c4d16706021ebba7db8
a49b7a6aa43d303d7ea7,SRC602,3,PAIR_940765B9B78D83AA03EDEB18,CLASSIFICATION_CONFLICT,5,5,source_section|source_table|source_row_label|subject_type,MERGE,"Printed heading is 'Industry Trends' with a superscript footnote marker; the marker is a reference mark, not part of the title, so it is stripped from source_section and source_table (B's form) while the row keeps A's printed marker '1' as its label and definition key.",RESOLVED,A+B+ADJUDICATOR,2ed0fcbdba2e9190c119988a53fc7336f39f37d2a2126c4d16706021ebba7db8
b830b99e3974847c3146,SRC602,3,PAIR_C5F773AECCF247C67E623FEE,CLASSIFICATION_CONFLICT,6,6,source_section|source_table|source_row_label|subject_type,MERGE,"Printed heading is 'Industry Trends' with a superscript footnote marker; the marker is a reference mark, not part of the title, so it is stripped from source_section and source_table (B's form) while the row keeps A's printed marker '2' as its label and definition key.",RESOLVED,A+B+ADJUDICATOR,2ed0fcbdba2e9190c119988a53fc7336f39f37d2a2126c4d16706021ebba7db8
74a16d5a07f0cca3cc5d,SRC602,5,PAIR_39F9E0CA7FCFD9081FFD563C,A_ONLY,7,,,ACCEPT_A,The footnote is printed with the marker '1'; A's label is that printed marker and resolves against the definition_keys on the data rows.,VERIFIED_ONE_SIDED,A,2ed0fcbdba2e9190c119988a53fc7336f39f37d2a2126c4d16706021ebba7db8
0c74b6c4044514cc23fb,SRC602,5,PAIR_20170B38DCFAB8500E6B8977,A_ONLY,8,,,ACCEPT_A,The footnote is printed with the marker '2'; A's label is that printed marker and resolves against the definition_keys on the data rows.,VERIFIED_ONE_SIDED,A,2ed0fcbdba2e9190c119988a53fc7336f39f37d2a2126c4d16706021ebba7db8
767878610854ed18df89,SRC602,5,PAIR_75D596F462B2F59A1A91A2A3,CLASSIFICATION_CONFLICT,9,8,source_row_label|subject_type,ACCEPT_A,The footnote is printed with the marker '3'; A's label is that printed marker and resolves against the definition_keys on the data rows.,RESOLVED,A,2ed0fcbdba2e9190c119988a53fc7336f39f37d2a2126c4d16706021ebba7db8
1db2c4ab86274263102c,SRC602,5,PAIR_DDEA6DE570BB0628C566CF23,CONTEXT_CONFLICT,10,10,asset_class,ACCEPT_A,"Printed cell 'CalSTRS PE Program' / '1 Year (%)'. Rows agree except asset_class: the page banner prints 'Semi-Annual Private Equity Executive Summary (Open Session)', so A's populated 'Private Equity' is right and B's blank is wrong. as_of_date 'March 31, 2025' is the printed table title on both sides.",RESOLVED,A,2ed0fcbdba2e9190c119988a53fc7336f39f37d2a2126c4d16706021ebba7db8
b4c24c4c7e85b8d6b82d,SRC602,5,PAIR_0D80F24AB0CC9ED3C500F33A,CONTEXT_CONFLICT,11,11,asset_class,ACCEPT_A,"Printed cell 'CalSTRS PE Program' / '10 Year (%)'. Rows agree except asset_class: the page banner prints 'Semi-Annual Private Equity Executive Summary (Open Session)', so A's populated 'Private Equity' is right and B's blank is wrong. as_of_date 'March 31, 2025' is the printed table title on both sides.",RESOLVED,A,2ed0fcbdba2e9190c119988a53fc7336f39f37d2a2126c4d16706021ebba7db8
8acf0aa15e41f3b724a9,SRC602,5,PAIR_A03425D495A9017A50524F92,CONTEXT_CONFLICT,12,12,asset_class,ACCEPT_A,"Printed cell 'CalSTRS PE Program' / '3 Year (%)'. Rows agree except asset_class: the page banner prints 'Semi-Annual Private Equity Executive Summary (Open Session)', so A's populated 'Private Equity' is right and B's blank is wrong. as_of_date 'March 31, 2025' is the printed table title on both sides.",RESOLVED,A,2ed0fcbdba2e9190c119988a53fc7336f39f37d2a2126c4d16706021ebba7db8
5e7841f503e9aa0d9b4c,SRC602,5,PAIR_81CFE29651ABCBD6E09974B9,CONTEXT_CONFLICT,13,13,asset_class,ACCEPT_A,"Printed cell 'CalSTRS PE Program' / '5 Year (%)'. Rows agree except asset_class: the page banner prints 'Semi-Annual Private Equity Executive Summary (Open Session)', so A's populated 'Private Equity' is right and B's blank is wrong. as_of_date 'March 31, 2025' is the printed table title on both sides.",RESOLVED,A,2ed0fcbdba2e9190c119988a53fc7336f39f37d2a2126c4d16706021ebba7db8
739af784bbf8d9fcd8ab,SRC602,5,PAIR_D63A45A188502EC64CBDD7AF,CONTEXT_CONFLICT,14,14,asset_class,ACCEPT_A,"Printed cell 'CalSTRS PE Program' / 'Since Inception (%)'. Rows agree except asset_class: the page banner prints 'Semi-Annual Private Equity Executive Summary (Open Session)', so A's populated 'Private Equity' is right and B's blank is wrong. as_of_date 'March 31, 2025' is the printed table title on both sides.",RESOLVED,A,2ed0fcbdba2e9190c119988a53fc7336f39f37d2a2126c4d16706021ebba7db8
94e9114466326d8228ae,SRC602,5,PAIR_7E83EE5C0394109685AA368F,CONTEXT_CONFLICT,15,15,asset_class,ACCEPT_A,"Printed cell 'Custom Benchmark' / '1 Year (%)'. Rows agree except asset_class: the page banner prints 'Semi-Annual Private Equity Executive Summary (Open Session)', so A's populated 'Private Equity' is right and B's blank is wrong. as_of_date 'March 31, 2025' is the printed table title on both sides.",RESOLVED,A,2ed0fcbdba2e9190c119988a53fc7336f39f37d2a2126c4d16706021ebba7db8
fd797e3176f86cf0399c,SRC602,5,PAIR_F72570165F6088053FA6F407,CONTEXT_CONFLICT,16,16,asset_class,ACCEPT_A,"Printed cell 'Custom Benchmark' / '10 Year (%)'. Rows agree except asset_class: the page banner prints 'Semi-Annual Private Equity Executive Summary (Open Session)', so A's populated 'Private Equity' is right and B's blank is wrong. as_of_date 'March 31, 2025' is the printed table title on both sides.",RESOLVED,A,2ed0fcbdba2e9190c119988a53fc7336f39f37d2a2126c4d16706021ebba7db8
9e44a79d7fd7cded8723,SRC602,5,PAIR_0A585D2E4FE14E61D56A762A,CONTEXT_CONFLICT,17,17,asset_class,ACCEPT_A,"Printed cell 'Custom Benchmark' / '3 Year (%)'. Rows agree except asset_class: the page banner prints 'Semi-Annual Private Equity Executive Summary (Open Session)', so A's populated 'Private Equity' is right and B's blank is wrong. as_of_date 'March 31, 2025' is the printed table title on both sides.",RESOLVED,A,2ed0fcbdba2e9190c119988a53fc7336f39f37d2a2126c4d16706021ebba7db8
5a42fb9d43f2a57363ca,SRC602,5,PAIR_AFDD6E769233138A59F6F39C,CONTEXT_CONFLICT,18,18,asset_class,ACCEPT_A,"Printed cell 'Custom Benchmark' / '5 Year (%)'. Rows agree except asset_class: the page banner prints 'Semi-Annual Private Equity Executive Summary (Open Session)', so A's populated 'Private Equity' is right and B's blank is wrong. as_of_date 'March 31, 2025' is the printed table title on both sides.",RESOLVED,A,2ed0fcbdba2e9190c119988a53fc7336f39f37d2a2126c4d16706021ebba7db8
e182fd2636bb1632ef20,SRC602,5,PAIR_E7E1CA5BADACF3B721E2988D,CONTEXT_CONFLICT,19,19,asset_class,ACCEPT_A,"Printed cell 'Custom State Street Index' / '1 Year (%)'. Rows agree except asset_class: the page banner prints 'Semi-Annual Private Equity Executive Summary (Open Session)', so A's populated 'Private Equity' is right and B's blank is wrong. as_of_date 'March 31, 2025' is the printed table title on both sides.",RESOLVED,A,2ed0fcbdba2e9190c119988a53fc7336f39f37d2a2126c4d16706021ebba7db8
fcb2b15e39896dbf8a26,SRC602,5,PAIR_0DD619861E3FFE3D09B09599,CONTEXT_CONFLICT,20,20,asset_class,ACCEPT_A,"Printed cell 'Custom State Street Index' / '10 Year (%)'. Rows agree except asset_class: the page banner prints 'Semi-Annual Private Equity Executive Summary (Open Session)', so A's populated 'Private Equity' is right and B's blank is wrong. as_of_date 'March 31, 2025' is the printed table title on both sides.",RESOLVED,A,2ed0fcbdba2e9190c119988a53fc7336f39f37d2a2126c4d16706021ebba7db8
cde170a8befc9c2dfa6d,SRC602,5,PAIR_7A62F9EC5C1A8DFEB5FA8E0D,CONTEXT_CONFLICT,21,21,asset_class,ACCEPT_A,"Printed cell 'Custom State Street Index' / '3 Year (%)'. Rows agree except asset_class: the page banner prints 'Semi-Annual Private Equity Executive Summary (Open Session)', so A's populated 'Private Equity' is right and B's blank is wrong. as_of_date 'March 31, 2025' is the printed table title on both sides.",RESOLVED,A,2ed0fcbdba2e9190c119988a53fc7336f39f37d2a2126c4d16706021ebba7db8
ddb65067fc33fa070403,SRC602,5,PAIR_1C5E277B23745ABC19356050,CONTEXT_CONFLICT,22,22,asset_class,ACCEPT_A,"Printed cell 'Custom State Street Index' / '5 Year (%)'. Rows agree except asset_class: the page banner prints 'Semi-Annual Private Equity Executive Summary (Open Session)', so A's populated 'Private Equity' is right and B's blank is wrong. as_of_date 'March 31, 2025' is the printed table title on both sides.",RESOLVED,A,2ed0fcbdba2e9190c119988a53fc7336f39f37d2a2126c4d16706021ebba7db8
5eece82b1ff01a6b5727,SRC602,5,PAIR_086B592F49579DE5B4EA9A95,CONTEXT_CONFLICT,23,23,asset_class,ACCEPT_A,"Printed cell 'Custom State Street Index' / 'Since Inception (%)'. Rows agree except asset_class: the page banner prints 'Semi-Annual Private Equity Executive Summary (Open Session)', so A's populated 'Private Equity' is right and B's blank is wrong. as_of_date 'March 31, 2025' is the printed table title on both sides.",RESOLVED,A,2ed0fcbdba2e9190c119988a53fc7336f39f37d2a2126c4d16706021ebba7db8
6702a9a76da6136c09a8,SRC602,5,PAIR_F7EE0DEFC9CF81A9DB6EB58D,CLASSIFICATION_CONFLICT,24,24,subject_type|subject_name|asset_class|method|fee_basis,ACCEPT_A,"Printed row 'Excess vs. Custom Benchmark' under column '1 Year (%)'. The row is the program's return minus its benchmark's, so its subject is the portfolio: A's subject_type 'portfolio' / subject_name 'CalSTRS PE Program' is right and B's 'other_printed_scope' with the difference line as the entity is not. A also carries asset_class 'Private Equity' from the printed banner.",RESOLVED,A,2ed0fcbdba2e9190c119988a53fc7336f39f37d2a2126c4d16706021ebba7db8
d3a1e488a6cc7ef9169c,SRC602,5,PAIR_1085ADD9500201BE4E03A9F3,CLASSIFICATION_CONFLICT,25,25,subject_type|subject_name|asset_class|method|fee_basis,ACCEPT_A,"Printed row 'Excess vs. Custom Benchmark' under column '10 Year (%)'. The row is the program's return minus its benchmark's, so its subject is the portfolio: A's subject_type 'portfolio' / subject_name 'CalSTRS PE Program' is right and B's 'other_printed_scope' with the difference line as the entity is not. A also carries asset_class 'Private Equity' from the printed banner.",RESOLVED,A,2ed0fcbdba2e9190c119988a53fc7336f39f37d2a2126c4d16706021ebba7db8
a56d0e8283c867f21b52,SRC602,5,PAIR_319DFB1E104FCACA7C17D9AA,CLASSIFICATION_CONFLICT,26,26,subject_type|subject_name|asset_class|method|fee_basis,ACCEPT_A,"Printed row 'Excess vs. Custom Benchmark' under column '3 Year (%)'. The row is the program's return minus its benchmark's, so its subject is the portfolio: A's subject_type 'portfolio' / subject_name 'CalSTRS PE Program' is right and B's 'other_printed_scope' with the difference line as the entity is not. A also carries asset_class 'Private Equity' from the printed banner.",RESOLVED,A,2ed0fcbdba2e9190c119988a53fc7336f39f37d2a2126c4d16706021ebba7db8
dec60cdcba4255f2cb4e,SRC602,5,PAIR_08DB2770394E9136E5ACE5EB,CLASSIFICATION_CONFLICT,27,27,subject_type|subject_name|asset_class|method|fee_basis,ACCEPT_A,"Printed row 'Excess vs. Custom Benchmark' under column '5 Year (%)'. The row is the program's return minus its benchmark's, so its subject is the portfolio: A's subject_type 'portfolio' / subject_name 'CalSTRS PE Program' is right and B's 'other_printed_scope' with the difference line as the entity is not. A also carries asset_class 'Private Equity' from the printed banner.",RESOLVED,A,2ed0fcbdba2e9190c119988a53fc7336f39f37d2a2126c4d16706021ebba7db8
e36c4a187d044ea28b0f,SRC602,5,PAIR_5FC85EA2C47DE3F1FC96DE02,CLASSIFICATION_CONFLICT,28,28,subject_type|subject_name|asset_class|method|fee_basis,ACCEPT_A,"Printed row 'Excess vs. Custom State Street Index' under column '1 Year (%)'. The row is the program's return minus its benchmark's, so its subject is the portfolio: A's subject_type 'portfolio' / subject_name 'CalSTRS PE Program' is right and B's 'other_printed_scope' with the difference line as the entity is not. A also carries asset_class 'Private Equity' from the printed banner.",RESOLVED,A,2ed0fcbdba2e9190c119988a53fc7336f39f37d2a2126c4d16706021ebba7db8
e34754904094ea20c440,SRC602,5,PAIR_E9B0B4ABEF9482EEE4CC2455,CLASSIFICATION_CONFLICT,29,29,subject_type|subject_name|asset_class|method|fee_basis,ACCEPT_A,"Printed row 'Excess vs. Custom State Street Index' under column '10 Year (%)'. The row is the program's return minus its benchmark's, so its subject is the portfolio: A's subject_type 'portfolio' / subject_name 'CalSTRS PE Program' is right and B's 'other_printed_scope' with the difference line as the entity is not. A also carries asset_class 'Private Equity' from the printed banner.",RESOLVED,A,2ed0fcbdba2e9190c119988a53fc7336f39f37d2a2126c4d16706021ebba7db8
37d792b5edb4e7bd8fab,SRC602,5,PAIR_A0866745CC2B09B847C61045,CLASSIFICATION_CONFLICT,30,30,subject_type|subject_name|asset_class|method|fee_basis,ACCEPT_A,"Printed row 'Excess vs. Custom State Street Index' under column '3 Year (%)'. The row is the program's return minus its benchmark's, so its subject is the portfolio: A's subject_type 'portfolio' / subject_name 'CalSTRS PE Program' is right and B's 'other_printed_scope' with the difference line as the entity is not. A also carries asset_class 'Private Equity' from the printed banner.",RESOLVED,A,2ed0fcbdba2e9190c119988a53fc7336f39f37d2a2126c4d16706021ebba7db8
f7826aa573693895e10e,SRC602,5,PAIR_2B6BBD6B8C75171320593C22,CLASSIFICATION_CONFLICT,31,31,subject_type|subject_name|asset_class|method|fee_basis,ACCEPT_A,"Printed row 'Excess vs. Custom State Street Index' under column '5 Year (%)'. The row is the program's return minus its benchmark's, so its subject is the portfolio: A's subject_type 'portfolio' / subject_name 'CalSTRS PE Program' is right and B's 'other_printed_scope' with the difference line as the entity is not. A also carries asset_class 'Private Equity' from the printed banner.",RESOLVED,A,2ed0fcbdba2e9190c119988a53fc7336f39f37d2a2126c4d16706021ebba7db8
9fbef562c52ee1185e88,SRC602,5,PAIR_F61EFFD2D8C404A5C850BA88,CLASSIFICATION_CONFLICT,32,32,subject_type|subject_name|asset_class|method|fee_basis,ACCEPT_A,"Printed row 'Excess vs. Custom State Street Index' under column 'Since Inception (%)'. The row is the program's return minus its benchmark's, so its subject is the portfolio: A's subject_type 'portfolio' / subject_name 'CalSTRS PE Program' is right and B's 'other_printed_scope' with the difference line as the entity is not. A also carries asset_class 'Private Equity' from the printed banner.",RESOLVED,A,2ed0fcbdba2e9190c119988a53fc7336f39f37d2a2126c4d16706021ebba7db8
678e971b970d6780c0a1,SRC602,6,,ADJUDICATOR_ADD,,,,ADD,"Page 6 prints '77%' as a share of program NAV in its own narrative and neither lane extracted it; the same share is tabulated on page 10 ('Buyouts ... 77%'), so the figure is stated as fact, not illustrative.",ADDED,ADJUDICATOR,2ed0fcbdba2e9190c119988a53fc7336f39f37d2a2126c4d16706021ebba7db8
1bf3bb39becdda4b90e0,SRC602,6,,ADJUDICATOR_ADD,,,,ADD,"Page 6 prints '4%' as a share of program NAV in its own narrative and neither lane extracted it; the same share is tabulated on page 10 ('Special Mandates ... 4%'), so the figure is stated as fact, not illustrative.",ADDED,ADJUDICATOR,2ed0fcbdba2e9190c119988a53fc7336f39f37d2a2126c4d16706021ebba7db8
35234c75582782db5a01,SRC602,6,,ADJUDICATOR_ADD,,,,ADD,"Page 6 prints '8%' as a share of program NAV in its own narrative and neither lane extracted it; the same share is tabulated on page 10 ('Venture ... 8%'), so the figure is stated as fact, not illustrative.",ADDED,ADJUDICATOR,2ed0fcbdba2e9190c119988a53fc7336f39f37d2a2126c4d16706021ebba7db8
1d68ffda219a4e65cd3c,SRC602,6,PAIR_A2ACF295AEBD9BF78D4D7F9D,CLASSIFICATION_CONFLICT,33,33,source_section|source_table|source_row_label|subject_type,MERGE,"Printed title is 'Performance by Strategy' with superscript markers 1,2; the markers are reference marks and are stripped from the title (B's form) while the footnote keeps A's printed marker '1' as its label and definition key.",RESOLVED,A+B+ADJUDICATOR,2ed0fcbdba2e9190c119988a53fc7336f39f37d2a2126c4d16706021ebba7db8
c9d5ad797b87411f2f50,SRC602,6,PAIR_2169CD6211F7DA84AD3E3AAB,CLASSIFICATION_CONFLICT,34,34,source_section|source_table|source_row_label|source_occurrence|subject_type,MERGE,"Printed title is 'Performance by Strategy' with superscript markers 1,2; the markers are reference marks and are stripped from the title (B's form) while the footnote keeps A's printed marker '2' as its label and definition key.",RESOLVED,A+B+ADJUDICATOR,2ed0fcbdba2e9190c119988a53fc7336f39f37d2a2126c4d16706021ebba7db8
2039501d4a9db6438659,SRC602,6,PAIR_CA9628B56B2FC5BFFB5BAC4A,CLASSIFICATION_CONFLICT,35,35,source_section|source_table|source_row_label|subject_type,MERGE,"Printed title is 'Performance by Strategy' with superscript markers 1,2; the markers are reference marks and are stripped from the title (B's form) while the footnote keeps A's printed marker '3' as its label and definition key.",RESOLVED,A+B+ADJUDICATOR,2ed0fcbdba2e9190c119988a53fc7336f39f37d2a2126c4d16706021ebba7db8
a83e4d8d0db1fbd932d9,SRC602,6,PAIR_C68926F45279EB0A5E9D994D,CLASSIFICATION_CONFLICT,36,36,source_section|source_table|source_row_label|subject_type,MERGE,"Printed title is 'Performance by Strategy' with superscript markers 1,2; the markers are reference marks and are stripped from the title (B's form) while the footnote keeps A's printed marker '4' as its label and definition key.",RESOLVED,A+B+ADJUDICATOR,2ed0fcbdba2e9190c119988a53fc7336f39f37d2a2126c4d16706021ebba7db8
21e875d4fb3d22e55b24,SRC602,6,PAIR_BE6FB5886B6E037A1D8D2A36,CLASSIFICATION_CONFLICT,37,37,source_section|source_table|subject_type|asset_class|as_of_date|definition_keys,MERGE,"Printed cell 'Buyouts' / '1 Year (%)' = 8.8. Title stripped to 'Performance by Strategy'; asset_class 'Private Equity' kept from the printed banner; as_of_date blanked because page 6 prints no as-of date and A carried the cover date 'September 3, 2025'; definition_keys keep the printed table markers A recorded. subject_type 'other_printed_scope' because the row names a strategy under the printed title 'Performance by Strategy', not an asset class.",RESOLVED,A+B+ADJUDICATOR,2ed0fcbdba2e9190c119988a53fc7336f39f37d2a2126c4d16706021ebba7db8
0a7ba77f64a8a911eb62,SRC602,6,PAIR_31FB7FCE56EBBFB5FA1CD4B9,CLASSIFICATION_CONFLICT,38,38,source_section|source_table|subject_type|asset_class|as_of_date|definition_keys,MERGE,"Printed cell 'Buyouts' / '10 Year (%)' = 13.5. Title stripped to 'Performance by Strategy'; asset_class 'Private Equity' kept from the printed banner; as_of_date blanked because page 6 prints no as-of date and A carried the cover date 'September 3, 2025'; definition_keys keep the printed table markers A recorded. subject_type 'other_printed_scope' because the row names a strategy under the printed title 'Performance by Strategy', not an asset class.",RESOLVED,A+B+ADJUDICATOR,2ed0fcbdba2e9190c119988a53fc7336f39f37d2a2126c4d16706021ebba7db8
50ec051f5905807ed394,SRC602,6,PAIR_3E8858723614D5DE8697B87F,CLASSIFICATION_CONFLICT,39,39,source_section|source_table|subject_type|asset_class|as_of_date|definition_keys,MERGE,"Printed cell 'Buyouts' / '3 Year (%)' = 6.2. Title stripped to 'Performance by Strategy'; asset_class 'Private Equity' kept from the printed banner; as_of_date blanked because page 6 prints no as-of date and A carried the cover date 'September 3, 2025'; definition_keys keep the printed table markers A recorded. subject_type 'other_printed_scope' because the row names a strategy under the printed title 'Performance by Strategy', not an asset class.",RESOLVED,A+B+ADJUDICATOR,2ed0fcbdba2e9190c119988a53fc7336f39f37d2a2126c4d16706021ebba7db8
27273cd94f034f3d45f7,SRC602,6,PAIR_3721E33B3C91AAAFD992A936,CLASSIFICATION_CONFLICT,40,40,source_section|source_table|subject_type|asset_class|as_of_date|definition_keys,MERGE,"Printed cell 'Buyouts' / '5 Year (%)' = 17.8. Title stripped to 'Performance by Strategy'; asset_class 'Private Equity' kept from the printed banner; as_of_date blanked because page 6 prints no as-of date and A carried the cover date 'September 3, 2025'; definition_keys keep the printed table markers A recorded. subject_type 'other_printed_scope' because the row names a strategy under the printed title 'Performance by Strategy', not an asset class.",RESOLVED,A+B+ADJUDICATOR,2ed0fcbdba2e9190c119988a53fc7336f39f37d2a2126c4d16706021ebba7db8
be4b50db6904de5f4b8a,SRC602,6,PAIR_75ACEDAF2A50475475C6DFEF,CLASSIFICATION_CONFLICT,41,41,source_section|source_table|subject_type|asset_class|as_of_date|definition_keys,MERGE,"Printed cell 'Buyouts' / 'Since Inception (%)' = 12.8. Title stripped to 'Performance by Strategy'; asset_class 'Private Equity' kept from the printed banner; as_of_date blanked because page 6 prints no as-of date and A carried the cover date 'September 3, 2025'; definition_keys keep the printed table markers A recorded. subject_type 'other_printed_scope' because the row names a strategy under the printed title 'Performance by Strategy', not an asset class.",RESOLVED,A+B+ADJUDICATOR,2ed0fcbdba2e9190c119988a53fc7336f39f37d2a2126c4d16706021ebba7db8
63d2638f592c6f5de5cb,SRC602,6,PAIR_91BC4449368F81B785EF9F14,CONTEXT_CONFLICT,42,42,source_section|source_table|asset_class|as_of_date|definition_keys,MERGE,"Printed cell 'CalSTRS PE Program' / '1 Year (%)' = 8.5. Title stripped to 'Performance by Strategy'; asset_class 'Private Equity' kept from the printed banner; as_of_date blanked because page 6 prints no as-of date and A carried the cover date 'September 3, 2025'; definition_keys keep the printed table markers A recorded.",RESOLVED,A+B+ADJUDICATOR,2ed0fcbdba2e9190c119988a53fc7336f39f37d2a2126c4d16706021ebba7db8
21023cafa437e36a0c67,SRC602,6,PAIR_02C2CF928027B73F84B0999E,CONTEXT_CONFLICT,43,43,source_section|source_table|asset_class|as_of_date|definition_keys,MERGE,"Printed cell 'CalSTRS PE Program' / '10 Year (%)' = 12.6. Title stripped to 'Performance by Strategy'; asset_class 'Private Equity' kept from the printed banner; as_of_date blanked because page 6 prints no as-of date and A carried the cover date 'September 3, 2025'; definition_keys keep the printed table markers A recorded.",RESOLVED,A+B+ADJUDICATOR,2ed0fcbdba2e9190c119988a53fc7336f39f37d2a2126c4d16706021ebba7db8
f29d3b43e997c4dcbe7e,SRC602,6,PAIR_A7366601233A2C9C36B3E991,CONTEXT_CONFLICT,44,44,source_section|source_table|asset_class|as_of_date|definition_keys,MERGE,"Printed cell 'CalSTRS PE Program' / '3 Year (%)' = 5.2. Title stripped to 'Performance by Strategy'; asset_class 'Private Equity' kept from the printed banner; as_of_date blanked because page 6 prints no as-of date and A carried the cover date 'September 3, 2025'; definition_keys keep the printed table markers A recorded.",RESOLVED,A+B+ADJUDICATOR,2ed0fcbdba2e9190c119988a53fc7336f39f37d2a2126c4d16706021ebba7db8
4d01e2282bce4314aba1,SRC602,6,PAIR_B6716D76C439ACD42F5D3E43,CONTEXT_CONFLICT,45,45,source_section|source_table|asset_class|as_of_date|definition_keys,MERGE,"Printed cell 'CalSTRS PE Program' / '5 Year (%)' = 16.6. Title stripped to 'Performance by Strategy'; asset_class 'Private Equity' kept from the printed banner; as_of_date blanked because page 6 prints no as-of date and A carried the cover date 'September 3, 2025'; definition_keys keep the printed table markers A recorded.",RESOLVED,A+B+ADJUDICATOR,2ed0fcbdba2e9190c119988a53fc7336f39f37d2a2126c4d16706021ebba7db8
1a14c51be37bcfe9ef8c,SRC602,6,PAIR_CA50A57D35438A760B2B9322,CONTEXT_CONFLICT,46,46,source_section|source_table|asset_class|as_of_date|definition_keys,MERGE,"Printed cell 'CalSTRS PE Program' / 'Since Inception (%)' = 13.1. Title stripped to 'Performance by Strategy'; asset_class 'Private Equity' kept from the printed banner; as_of_date blanked because page 6 prints no as-of date and A carried the cover date 'September 3, 2025'; definition_keys keep the printed table markers A recorded.",RESOLVED,A+B+ADJUDICATOR,2ed0fcbdba2e9190c119988a53fc7336f39f37d2a2126c4d16706021ebba7db8
264328e94ddb1dced5f5,SRC602,6,PAIR_5268B9E80917BE9C8A1175E4,CLASSIFICATION_CONFLICT,47,47,source_section|source_table|subject_type|asset_class|as_of_date|definition_keys,MERGE,"Printed cell 'Debt Related' / '1 Year (%)' = 10.8. Title stripped to 'Performance by Strategy'; asset_class 'Private Equity' kept from the printed banner; as_of_date blanked because page 6 prints no as-of date and A carried the cover date 'September 3, 2025'; definition_keys keep the printed table markers A recorded. subject_type 'other_printed_scope' because the row names a strategy under the printed title 'Performance by Strategy', not an asset class.",RESOLVED,A+B+ADJUDICATOR,2ed0fcbdba2e9190c119988a53fc7336f39f37d2a2126c4d16706021ebba7db8
3403d1a8c3f6acbd7e3b,SRC602,6,PAIR_42ED7C40BF725B8275929387,CLASSIFICATION_CONFLICT,48,48,source_section|source_table|subject_type|asset_class|as_of_date|definition_keys,MERGE,"Printed cell 'Debt Related' / '10 Year (%)' = 8.0. Title stripped to 'Performance by Strategy'; asset_class 'Private Equity' kept from the printed banner; as_of_date blanked because page 6 prints no as-of date and A carried the cover date 'September 3, 2025'; definition_keys keep the printed table markers A recorded. subject_type 'other_printed_scope' because the row names a strategy under the printed title 'Performance by Strategy', not an asset class.",RESOLVED,A+B+ADJUDICATOR,2ed0fcbdba2e9190c119988a53fc7336f39f37d2a2126c4d16706021ebba7db8
d7f00aeee5f506546b4f,SRC602,6,PAIR_E1A2BE4B57DDB5968A90A010,CLASSIFICATION_CONFLICT,49,49,source_section|source_table|subject_type|asset_class|as_of_date|definition_keys,MERGE,"Printed cell 'Debt Related' / '3 Year (%)' = 7.7. Title stripped to 'Performance by Strategy'; asset_class 'Private Equity' kept from the printed banner; as_of_date blanked because page 6 prints no as-of date and A carried the cover date 'September 3, 2025'; definition_keys keep the printed table markers A recorded. subject_type 'other_printed_scope' because the row names a strategy under the printed title 'Performance by Strategy', not an asset class.",RESOLVED,A+B+ADJUDICATOR,2ed0fcbdba2e9190c119988a53fc7336f39f37d2a2126c4d16706021ebba7db8
2ac68206848167c5f2dc,SRC602,6,PAIR_53BBBA547470FE2732FC1C4E,CLASSIFICATION_CONFLICT,50,50,source_section|source_table|subject_type|asset_class|as_of_date|definition_keys,MERGE,"Printed cell 'Debt Related' / '5 Year (%)' = 12.7. Title stripped to 'Performance by Strategy'; asset_class 'Private Equity' kept from the printed banner; as_of_date blanked because page 6 prints no as-of date and A carried the cover date 'September 3, 2025'; definition_keys keep the printed table markers A recorded. subject_type 'other_printed_scope' because the row names a strategy under the printed title 'Performance by Strategy', not an asset class.",RESOLVED,A+B+ADJUDICATOR,2ed0fcbdba2e9190c119988a53fc7336f39f37d2a2126c4d16706021ebba7db8
de87134546aab6eb3ae4,SRC602,6,PAIR_79BF39B26B3E1F79FC008032,CLASSIFICATION_CONFLICT,51,51,source_section|source_table|subject_type|asset_class|as_of_date|definition_keys,MERGE,"Printed cell 'Debt Related' / 'Since Inception (%)' = 10.0. Title stripped to 'Performance by Strategy'; asset_class 'Private Equity' kept from the printed banner; as_of_date blanked because page 6 prints no as-of date and A carried the cover date 'September 3, 2025'; definition_keys keep the printed table markers A recorded. subject_type 'other_printed_scope' because the row names a strategy under the printed title 'Performance by Strategy', not an asset class.",RESOLVED,A+B+ADJUDICATOR,2ed0fcbdba2e9190c119988a53fc7336f39f37d2a2126c4d16706021ebba7db8
694bf8ed3a4de37de63f,SRC602,6,PAIR_E13AD2830B0EF18E93F2F9A6,CLASSIFICATION_CONFLICT,52,52,source_section|source_table|subject_type|asset_class|as_of_date|definition_keys,MERGE,"Printed cell 'Special Mandates' / '1 Year (%)' = 3.9. Title stripped to 'Performance by Strategy'; asset_class 'Private Equity' kept from the printed banner; as_of_date blanked because page 6 prints no as-of date and A carried the cover date 'September 3, 2025'; definition_keys keep the printed table markers A recorded. subject_type 'other_printed_scope' because the row names a strategy under the printed title 'Performance by Strategy', not an asset class.",RESOLVED,A+B+ADJUDICATOR,2ed0fcbdba2e9190c119988a53fc7336f39f37d2a2126c4d16706021ebba7db8
e9651a953817707700ca,SRC602,6,PAIR_7C9BED3DE32952DF11AA9772,CLASSIFICATION_CONFLICT,53,53,source_section|source_table|subject_type|asset_class|as_of_date|definition_keys,MERGE,"Printed cell 'Special Mandates' / '10 Year (%)' = 9.1. Title stripped to 'Performance by Strategy'; asset_class 'Private Equity' kept from the printed banner; as_of_date blanked because page 6 prints no as-of date and A carried the cover date 'September 3, 2025'; definition_keys keep the printed table markers A recorded. subject_type 'other_printed_scope' because the row names a strategy under the printed title 'Performance by Strategy', not an asset class.",RESOLVED,A+B+ADJUDICATOR,2ed0fcbdba2e9190c119988a53fc7336f39f37d2a2126c4d16706021ebba7db8
62cfc25f9bd81350fdb8,SRC602,6,PAIR_6753555F61F4D2CC74F401D6,CLASSIFICATION_CONFLICT,54,54,source_section|source_table|subject_type|asset_class|as_of_date|definition_keys,MERGE,"Printed cell 'Special Mandates' / '3 Year (%)' = 0.5. Title stripped to 'Performance by Strategy'; asset_class 'Private Equity' kept from the printed banner; as_of_date blanked because page 6 prints no as-of date and A carried the cover date 'September 3, 2025'; definition_keys keep the printed table markers A recorded. subject_type 'other_printed_scope' because the row names a strategy under the printed title 'Performance by Strategy', not an asset class.",RESOLVED,A+B+ADJUDICATOR,2ed0fcbdba2e9190c119988a53fc7336f39f37d2a2126c4d16706021ebba7db8
1e36c906931a41f755c1,SRC602,6,PAIR_98D518638520EE4FAAF3D062,CLASSIFICATION_CONFLICT,55,55,source_section|source_table|subject_type|asset_class|as_of_date|definition_keys,MERGE,"Printed cell 'Special Mandates' / '5 Year (%)' = 15.6. Title stripped to 'Performance by Strategy'; asset_class 'Private Equity' kept from the printed banner; as_of_date blanked because page 6 prints no as-of date and A carried the cover date 'September 3, 2025'; definition_keys keep the printed table markers A recorded. subject_type 'other_printed_scope' because the row names a strategy under the printed title 'Performance by Strategy', not an asset class.",RESOLVED,A+B+ADJUDICATOR,2ed0fcbdba2e9190c119988a53fc7336f39f37d2a2126c4d16706021ebba7db8
3c8beda0b3c87cf5fe8f,SRC602,6,PAIR_986B22A3E6F85BC16EDB59F0,CLASSIFICATION_CONFLICT,56,56,source_section|source_table|subject_type|asset_class|as_of_date|definition_keys,MERGE,"Printed cell 'Special Mandates' / 'Since Inception (%)' = 6.3. Title stripped to 'Performance by Strategy'; asset_class 'Private Equity' kept from the printed banner; as_of_date blanked because page 6 prints no as-of date and A carried the cover date 'September 3, 2025'; definition_keys keep the printed table markers A recorded. subject_type 'other_printed_scope' because the row names a strategy under the printed title 'Performance by Strategy', not an asset class.",RESOLVED,A+B+ADJUDICATOR,2ed0fcbdba2e9190c119988a53fc7336f39f37d2a2126c4d16706021ebba7db8
334bd78ffaa364d511e7,SRC602,6,PAIR_7607664D8205B0ED54D0A583,CONTEXT_CONFLICT,57,57,source_section|source_table|asset_class|as_of_date|definition_keys,MERGE,"Printed cell 'SSGX – Custom Buyouts' / '1 Year (%)' = 7.1. Title stripped to 'Performance by Strategy'; asset_class 'Private Equity' kept from the printed banner; as_of_date blanked because page 6 prints no as-of date and A carried the cover date 'September 3, 2025'; definition_keys keep the printed table markers A recorded.",RESOLVED,A+B+ADJUDICATOR,2ed0fcbdba2e9190c119988a53fc7336f39f37d2a2126c4d16706021ebba7db8
a3b8691a80e18ddfca0c,SRC602,6,PAIR_657053F8D479D2608B2E443B,CONTEXT_CONFLICT,58,58,source_section|source_table|asset_class|as_of_date|definition_keys,MERGE,"Printed cell 'SSGX – Custom Buyouts' / '10 Year (%)' = 12.4. Title stripped to 'Performance by Strategy'; asset_class 'Private Equity' kept from the printed banner; as_of_date blanked because page 6 prints no as-of date and A carried the cover date 'September 3, 2025'; definition_keys keep the printed table markers A recorded.",RESOLVED,A+B+ADJUDICATOR,2ed0fcbdba2e9190c119988a53fc7336f39f37d2a2126c4d16706021ebba7db8
abb0de92c222d188edb3,SRC602,6,PAIR_51BC44FCAE70798110FBD422,CONTEXT_CONFLICT,59,59,source_section|source_table|asset_class|as_of_date|definition_keys,MERGE,"Printed cell 'SSGX – Custom Buyouts' / '3 Year (%)' = 5.5. Title stripped to 'Performance by Strategy'; asset_class 'Private Equity' kept from the printed banner; as_of_date blanked because page 6 prints no as-of date and A carried the cover date 'September 3, 2025'; definition_keys keep the printed table markers A recorded.",RESOLVED,A+B+ADJUDICATOR,2ed0fcbdba2e9190c119988a53fc7336f39f37d2a2126c4d16706021ebba7db8
4c253a3cb1bcf0c1120b,SRC602,6,PAIR_DB1D9D45AF2DB1335E022ADB,CONTEXT_CONFLICT,60,60,source_section|source_table|asset_class|as_of_date|definition_keys,MERGE,"Printed cell 'SSGX – Custom Buyouts' / '5 Year (%)' = 16.0. Title stripped to 'Performance by Strategy'; asset_class 'Private Equity' kept from the printed banner; as_of_date blanked because page 6 prints no as-of date and A carried the cover date 'September 3, 2025'; definition_keys keep the printed table markers A recorded.",RESOLVED,A+B+ADJUDICATOR,2ed0fcbdba2e9190c119988a53fc7336f39f37d2a2126c4d16706021ebba7db8
04e364d9b8826ce14d57,SRC602,6,PAIR_5F140952B5C14D496B7A6F1C,CONTEXT_CONFLICT,61,61,source_section|source_table|asset_class|as_of_date|definition_keys,MERGE,"Printed cell 'SSGX – Custom Buyouts' / 'Since Inception (%)' = 12.1. Title stripped to 'Performance by Strategy'; asset_class 'Private Equity' kept from the printed banner; as_of_date blanked because page 6 prints no as-of date and A carried the cover date 'September 3, 2025'; definition_keys keep the printed table markers A recorded.",RESOLVED,A+B+ADJUDICATOR,2ed0fcbdba2e9190c119988a53fc7336f39f37d2a2126c4d16706021ebba7db8
afe8ba506dacb0601e00,SRC602,6,PAIR_2E6B99BC0F66B5DF96677797,CONTEXT_CONFLICT,62,62,source_section|source_table|asset_class|as_of_date|definition_keys,MERGE,"Printed cell 'SSGX – Custom Debt Related' / '1 Year (%)' = 8.6. Title stripped to 'Performance by Strategy'; asset_class 'Private Equity' kept from the printed banner; as_of_date blanked because page 6 prints no as-of date and A carried the cover date 'September 3, 2025'; definition_keys keep the printed table markers A recorded.",RESOLVED,A+B+ADJUDICATOR,2ed0fcbdba2e9190c119988a53fc7336f39f37d2a2126c4d16706021ebba7db8
b8bca7538cdb73f40621,SRC602,6,PAIR_432181BF44DD8C88272D08FA,CONTEXT_CONFLICT,63,63,source_section|source_table|asset_class|as_of_date|definition_keys,MERGE,"Printed cell 'SSGX – Custom Debt Related' / '10 Year (%)' = 8.6. Title stripped to 'Performance by Strategy'; asset_class 'Private Equity' kept from the printed banner; as_of_date blanked because page 6 prints no as-of date and A carried the cover date 'September 3, 2025'; definition_keys keep the printed table markers A recorded.",RESOLVED,A+B+ADJUDICATOR,2ed0fcbdba2e9190c119988a53fc7336f39f37d2a2126c4d16706021ebba7db8
2579160cf71d7b9730a1,SRC602,6,PAIR_3B8053EF4A3EAF781933917A,CONTEXT_CONFLICT,64,64,source_section|source_table|asset_class|as_of_date|definition_keys,MERGE,"Printed cell 'SSGX – Custom Debt Related' / '3 Year (%)' = 7.8. Title stripped to 'Performance by Strategy'; asset_class 'Private Equity' kept from the printed banner; as_of_date blanked because page 6 prints no as-of date and A carried the cover date 'September 3, 2025'; definition_keys keep the printed table markers A recorded.",RESOLVED,A+B+ADJUDICATOR,2ed0fcbdba2e9190c119988a53fc7336f39f37d2a2126c4d16706021ebba7db8
3c956bf6a9337d0f0c08,SRC602,6,PAIR_7E1898B43E09D7905EE2BBD2,CONTEXT_CONFLICT,65,65,source_section|source_table|asset_class|as_of_date|definition_keys,MERGE,"Printed cell 'SSGX – Custom Debt Related' / '5 Year (%)' = 12.6. Title stripped to 'Performance by Strategy'; asset_class 'Private Equity' kept from the printed banner; as_of_date blanked because page 6 prints no as-of date and A carried the cover date 'September 3, 2025'; definition_keys keep the printed table markers A recorded.",RESOLVED,A+B+ADJUDICATOR,2ed0fcbdba2e9190c119988a53fc7336f39f37d2a2126c4d16706021ebba7db8
88816526fcfae49ee483,SRC602,6,PAIR_C904C3E5C09F66A3CEEBA474,CONTEXT_CONFLICT,66,66,source_section|source_table|asset_class|as_of_date|definition_keys,MERGE,"Printed cell 'SSGX – Custom Debt Related' / 'Since Inception (%)' = 10.2. Title stripped to 'Performance by Strategy'; asset_class 'Private Equity' kept from the printed banner; as_of_date blanked because page 6 prints no as-of date and A carried the cover date 'September 3, 2025'; definition_keys keep the printed table markers A recorded.",RESOLVED,A+B+ADJUDICATOR,2ed0fcbdba2e9190c119988a53fc7336f39f37d2a2126c4d16706021ebba7db8
618e49735b0a2db55ac2,SRC602,6,PAIR_9D1C7730EE083CD742DF2C0E,CONTEXT_CONFLICT,67,67,source_section|source_table|asset_class|as_of_date|definition_keys,MERGE,"Printed cell 'SSGX – Custom Venture Capital' / '1 Year (%)' = 5.6. Title stripped to 'Performance by Strategy'; asset_class 'Private Equity' kept from the printed banner; as_of_date blanked because page 6 prints no as-of date and A carried the cover date 'September 3, 2025'; definition_keys keep the printed table markers A recorded.",RESOLVED,A+B+ADJUDICATOR,2ed0fcbdba2e9190c119988a53fc7336f39f37d2a2126c4d16706021ebba7db8
f453bb9cccaa47df7d21,SRC602,6,PAIR_E182EB7AC6F84AA204E92B28,CONTEXT_CONFLICT,68,68,source_section|source_table|asset_class|as_of_date|definition_keys,MERGE,"Printed cell 'SSGX – Custom Venture Capital' / '10 Year (%)' = 13.2. Title stripped to 'Performance by Strategy'; asset_class 'Private Equity' kept from the printed banner; as_of_date blanked because page 6 prints no as-of date and A carried the cover date 'September 3, 2025'; definition_keys keep the printed table markers A recorded.",RESOLVED,A+B+ADJUDICATOR,2ed0fcbdba2e9190c119988a53fc7336f39f37d2a2126c4d16706021ebba7db8
7a779e6995a9ce75f732,SRC602,6,PAIR_10521B25324A3A5957933660,CONTEXT_CONFLICT,69,69,source_section|source_table|asset_class|as_of_date|definition_keys,MERGE,"Printed cell 'SSGX – Custom Venture Capital' / '3 Year (%)' = -4.8. Title stripped to 'Performance by Strategy'; asset_class 'Private Equity' kept from the printed banner; as_of_date blanked because page 6 prints no as-of date and A carried the cover date 'September 3, 2025'; definition_keys keep the printed table markers A recorded.",RESOLVED,A+B+ADJUDICATOR,2ed0fcbdba2e9190c119988a53fc7336f39f37d2a2126c4d16706021ebba7db8
28663d5c571949e1fd17,SRC602,6,PAIR_9E64239883AC89CF1749F007,CONTEXT_CONFLICT,70,70,source_section|source_table|asset_class|as_of_date|definition_keys,MERGE,"Printed cell 'SSGX – Custom Venture Capital' / '5 Year (%)' = 15.6. Title stripped to 'Performance by Strategy'; asset_class 'Private Equity' kept from the printed banner; as_of_date blanked because page 6 prints no as-of date and A carried the cover date 'September 3, 2025'; definition_keys keep the printed table markers A recorded.",RESOLVED,A+B+ADJUDICATOR,2ed0fcbdba2e9190c119988a53fc7336f39f37d2a2126c4d16706021ebba7db8
fa5c43b41f6685ad782b,SRC602,6,PAIR_E7B91D78A6B75F36BC6FD74A,CONTEXT_CONFLICT,71,71,source_section|source_table|asset_class|as_of_date|definition_keys,MERGE,"Printed cell 'SSGX – Custom Venture Capital' / 'Since Inception (%)' = 34.5. Title stripped to 'Performance by Strategy'; asset_class 'Private Equity' kept from the printed banner; as_of_date blanked because page 6 prints no as-of date and A carried the cover date 'September 3, 2025'; definition_keys keep the printed table markers A recorded.",RESOLVED,A+B+ADJUDICATOR,2ed0fcbdba2e9190c119988a53fc7336f39f37d2a2126c4d16706021ebba7db8
0add8256bfd2dcd3ff8e,SRC602,6,PAIR_5598B2B0C35DDA7C82651208,CONTEXT_CONFLICT,72,72,source_section|source_table|asset_class|as_of_date|definition_keys,MERGE,"Printed cell 'SSGX –Special Mandates' / '1 Year (%)' = 5.1. Title stripped to 'Performance by Strategy'; asset_class 'Private Equity' kept from the printed banner; as_of_date blanked because page 6 prints no as-of date and A carried the cover date 'September 3, 2025'; definition_keys keep the printed table markers A recorded.",RESOLVED,A+B+ADJUDICATOR,2ed0fcbdba2e9190c119988a53fc7336f39f37d2a2126c4d16706021ebba7db8
0d8427d76abb3e7b20bc,SRC602,6,PAIR_9F824AF94B99BBFE940C9E58,CONTEXT_CONFLICT,73,73,source_section|source_table|asset_class|as_of_date|definition_keys,MERGE,"Printed cell 'SSGX –Special Mandates' / '10 Year (%)' = 10.9. Title stripped to 'Performance by Strategy'; asset_class 'Private Equity' kept from the printed banner; as_of_date blanked because page 6 prints no as-of date and A carried the cover date 'September 3, 2025'; definition_keys keep the printed table markers A recorded.",RESOLVED,A+B+ADJUDICATOR,2ed0fcbdba2e9190c119988a53fc7336f39f37d2a2126c4d16706021ebba7db8
6aea02a68241acad4d7b,SRC602,6,PAIR_63D6302026F3E1BD123162DA,CONTEXT_CONFLICT,74,74,source_section|source_table|asset_class|as_of_date|definition_keys,MERGE,"Printed cell 'SSGX –Special Mandates' / '3 Year (%)' = 3.4. Title stripped to 'Performance by Strategy'; asset_class 'Private Equity' kept from the printed banner; as_of_date blanked because page 6 prints no as-of date and A carried the cover date 'September 3, 2025'; definition_keys keep the printed table markers A recorded.",RESOLVED,A+B+ADJUDICATOR,2ed0fcbdba2e9190c119988a53fc7336f39f37d2a2126c4d16706021ebba7db8
6e8b2239c663f610d59a,SRC602,6,PAIR_3A6CE06DB5B77232396F134E,CONTEXT_CONFLICT,75,75,source_section|source_table|asset_class|as_of_date|definition_keys,MERGE,"Printed cell 'SSGX –Special Mandates' / '5 Year (%)' = 14.1. Title stripped to 'Performance by Strategy'; asset_class 'Private Equity' kept from the printed banner; as_of_date blanked because page 6 prints no as-of date and A carried the cover date 'September 3, 2025'; definition_keys keep the printed table markers A recorded.",RESOLVED,A+B+ADJUDICATOR,2ed0fcbdba2e9190c119988a53fc7336f39f37d2a2126c4d16706021ebba7db8
897315736a103140f8f9,SRC602,6,PAIR_E1AA3A5B3C481DB7621A6499,CONTEXT_CONFLICT,76,76,source_section|source_table|asset_class|as_of_date|definition_keys,MERGE,"Printed cell 'SSGX –Special Mandates' / 'Since Inception (%)' = 10.8. Title stripped to 'Performance by Strategy'; asset_class 'Private Equity' kept from the printed banner; as_of_date blanked because page 6 prints no as-of date and A carried the cover date 'September 3, 2025'; definition_keys keep the printed table markers A recorded.",RESOLVED,A+B+ADJUDICATOR,2ed0fcbdba2e9190c119988a53fc7336f39f37d2a2126c4d16706021ebba7db8
2dd5e2168f977856319a,SRC602,6,PAIR_ACF626C5BB41F2EC532D1171,CLASSIFICATION_CONFLICT,77,77,source_section|source_table|subject_type|asset_class|as_of_date|definition_keys,MERGE,"Printed cell 'Venture' / '1 Year (%)' = 5.5. Title stripped to 'Performance by Strategy'; asset_class 'Private Equity' kept from the printed banner; as_of_date blanked because page 6 prints no as-of date and A carried the cover date 'September 3, 2025'; definition_keys keep the printed table markers A recorded. subject_type 'other_printed_scope' because the row names a strategy under the printed title 'Performance by Strategy', not an asset class.",RESOLVED,A+B+ADJUDICATOR,2ed0fcbdba2e9190c119988a53fc7336f39f37d2a2126c4d16706021ebba7db8
f61adde3144a6afb7e55,SRC602,6,PAIR_5C67EA3E07DBF9D9F2C64C39,CLASSIFICATION_CONFLICT,78,78,source_section|source_table|subject_type|asset_class|as_of_date|definition_keys,MERGE,"Printed cell 'Venture' / '10 Year (%)' = 12.1. Title stripped to 'Performance by Strategy'; asset_class 'Private Equity' kept from the printed banner; as_of_date blanked because page 6 prints no as-of date and A carried the cover date 'September 3, 2025'; definition_keys keep the printed table markers A recorded. subject_type 'other_printed_scope' because the row names a strategy under the printed title 'Performance by Strategy', not an asset class.",RESOLVED,A+B+ADJUDICATOR,2ed0fcbdba2e9190c119988a53fc7336f39f37d2a2126c4d16706021ebba7db8
203b91513532fe299c14,SRC602,6,PAIR_3A4232DA74CFEAE4AE45D5F3,CLASSIFICATION_CONFLICT,79,79,source_section|source_table|subject_type|asset_class|as_of_date|definition_keys,MERGE,"Printed cell 'Venture' / '3 Year (%)' = -3.3. Title stripped to 'Performance by Strategy'; asset_class 'Private Equity' kept from the printed banner; as_of_date blanked because page 6 prints no as-of date and A carried the cover date 'September 3, 2025'; definition_keys keep the printed table markers A recorded. subject_type 'other_printed_scope' because the row names a strategy under the printed title 'Performance by Strategy', not an asset class.",RESOLVED,A+B+ADJUDICATOR,2ed0fcbdba2e9190c119988a53fc7336f39f37d2a2126c4d16706021ebba7db8
392f540f069013a8e281,SRC602,6,PAIR_36301A37362753F890CC257D,CLASSIFICATION_CONFLICT,80,80,source_section|source_table|subject_type|asset_class|as_of_date|definition_keys,MERGE,"Printed cell 'Venture' / '5 Year (%)' = 11.4. Title stripped to 'Performance by Strategy'; asset_class 'Private Equity' kept from the printed banner; as_of_date blanked because page 6 prints no as-of date and A carried the cover date 'September 3, 2025'; definition_keys keep the printed table markers A recorded. subject_type 'other_printed_scope' because the row names a strategy under the printed title 'Performance by Strategy', not an asset class.",RESOLVED,A+B+ADJUDICATOR,2ed0fcbdba2e9190c119988a53fc7336f39f37d2a2126c4d16706021ebba7db8
35fd713f19fb44afda96,SRC602,6,PAIR_91C49913E3FADA73FE58F630,CLASSIFICATION_CONFLICT,81,81,source_section|source_table|subject_type|asset_class|as_of_date|definition_keys,MERGE,"Printed cell 'Venture' / 'Since Inception (%)' = 23.9. Title stripped to 'Performance by Strategy'; asset_class 'Private Equity' kept from the printed banner; as_of_date blanked because page 6 prints no as-of date and A carried the cover date 'September 3, 2025'; definition_keys keep the printed table markers A recorded. subject_type 'other_printed_scope' because the row names a strategy under the printed title 'Performance by Strategy', not an asset class.",RESOLVED,A+B+ADJUDICATOR,2ed0fcbdba2e9190c119988a53fc7336f39f37d2a2126c4d16706021ebba7db8
517b9f6f3ce0f4880d6a,SRC602,7,PAIR_DBF0ABA41294E3FD409909B2,B_ONLY,,82,,MERGE,Printed sentence: 'Co-Investment exposure grew from 22% one year ago to 24% currently.' B's actual_allocation typing is kept; asset_class 'Private Equity' added from the printed banner 'Semi-Annual Private Equity Executive Summary (Open Session)'.,RESOLVED,B+ADJUDICATOR,2ed0fcbdba2e9190c119988a53fc7336f39f37d2a2126c4d16706021ebba7db8
3a5450295a84d2b3a909,SRC602,7,PAIR_727A252A9EE210F30630C09F,B_ONLY,,83,,MERGE,Printed sentence: 'Co-Investment exposure grew from 22% one year ago to 24% currently.' B's actual_allocation typing is kept; asset_class 'Private Equity' added from the printed banner 'Semi-Annual Private Equity Executive Summary (Open Session)'.,RESOLVED,B+ADJUDICATOR,2ed0fcbdba2e9190c119988a53fc7336f39f37d2a2126c4d16706021ebba7db8
52ca59da0bf304839f9a,SRC602,7,PAIR_2DAB8E8D4E0C58704DEB69F7,CONTEXT_CONFLICT,84,84,asset_class|as_of_date,MERGE,"Printed cell 'CalSTRS PE Program' / '1 Year (%)' = 8.5. asset_class 'Private Equity' from the printed banner (A); as_of_date blanked because page 7 prints no as-of date and A carried the cover date 'September 3, 2025' (B).",RESOLVED,A+B+ADJUDICATOR,2ed0fcbdba2e9190c119988a53fc7336f39f37d2a2126c4d16706021ebba7db8
d564cc6b1c571e1dbf51,SRC602,7,PAIR_41F446517C6DF3776A375EEC,CONTEXT_CONFLICT,85,85,asset_class|as_of_date,MERGE,"Printed cell 'CalSTRS PE Program' / '10 Year (%)' = 12.6. asset_class 'Private Equity' from the printed banner (A); as_of_date blanked because page 7 prints no as-of date and A carried the cover date 'September 3, 2025' (B).",RESOLVED,A+B+ADJUDICATOR,2ed0fcbdba2e9190c119988a53fc7336f39f37d2a2126c4d16706021ebba7db8
1737235ee3c4f051bdfa,SRC602,7,PAIR_2632735540C1C108941321F1,CONTEXT_CONFLICT,86,86,asset_class|as_of_date,MERGE,"Printed cell 'CalSTRS PE Program' / '3 Year (%)' = 5.2. asset_class 'Private Equity' from the printed banner (A); as_of_date blanked because page 7 prints no as-of date and A carried the cover date 'September 3, 2025' (B).",RESOLVED,A+B+ADJUDICATOR,2ed0fcbdba2e9190c119988a53fc7336f39f37d2a2126c4d16706021ebba7db8
7be9568149349edc1daa,SRC602,7,PAIR_81A661170C1A279A9906B919,CONTEXT_CONFLICT,87,87,asset_class|as_of_date,MERGE,"Printed cell 'CalSTRS PE Program' / '5 Year (%)' = 16.6. asset_class 'Private Equity' from the printed banner (A); as_of_date blanked because page 7 prints no as-of date and A carried the cover date 'September 3, 2025' (B).",RESOLVED,A+B+ADJUDICATOR,2ed0fcbdba2e9190c119988a53fc7336f39f37d2a2126c4d16706021ebba7db8
dfb5df2da145e0b7e0ee,SRC602,7,PAIR_18E4FFBA7A63AF251F4ECB64,CONTEXT_CONFLICT,88,88,asset_class|as_of_date,MERGE,"Printed cell 'CalSTRS PE Program' / 'Since Inception (%)' = 13.1. asset_class 'Private Equity' from the printed banner (A); as_of_date blanked because page 7 prints no as-of date and A carried the cover date 'September 3, 2025' (B).",RESOLVED,A+B+ADJUDICATOR,2ed0fcbdba2e9190c119988a53fc7336f39f37d2a2126c4d16706021ebba7db8
7233962a6fca7937c9d8,SRC602,7,PAIR_24FF1AFF9289F1D8E54CE5E2,CLASSIFICATION_CONFLICT,89,89,subject_type|asset_class|as_of_date,MERGE,"Printed cell 'Co-Investments' / '1 Year (%)' = 12.7. asset_class 'Private Equity' from the printed banner (A); as_of_date blanked because page 7 prints no as-of date and A carried the cover date 'September 3, 2025' (B). subject_type 'other_printed_scope' because 'Co-Investments' is an investment structure inside the program, not the owner's aggregate.",RESOLVED,A+B+ADJUDICATOR,2ed0fcbdba2e9190c119988a53fc7336f39f37d2a2126c4d16706021ebba7db8
0b3f61c56f9c1cf7f5d4,SRC602,7,PAIR_9FF89C102895C2219EE94613,CLASSIFICATION_CONFLICT,90,90,subject_type|asset_class|as_of_date,MERGE,"Printed cell 'Co-Investments' / '10 Year (%)' = 15.4. asset_class 'Private Equity' from the printed banner (A); as_of_date blanked because page 7 prints no as-of date and A carried the cover date 'September 3, 2025' (B). subject_type 'other_printed_scope' because 'Co-Investments' is an investment structure inside the program, not the owner's aggregate.",RESOLVED,A+B+ADJUDICATOR,2ed0fcbdba2e9190c119988a53fc7336f39f37d2a2126c4d16706021ebba7db8
06fdcf464f9ce437a146,SRC602,7,PAIR_6503ADB5A6167BF5342CBC44,CLASSIFICATION_CONFLICT,91,91,subject_type|asset_class|as_of_date,MERGE,"Printed cell 'Co-Investments' / '3 Year (%)' = 8.4. asset_class 'Private Equity' from the printed banner (A); as_of_date blanked because page 7 prints no as-of date and A carried the cover date 'September 3, 2025' (B). subject_type 'other_printed_scope' because 'Co-Investments' is an investment structure inside the program, not the owner's aggregate.",RESOLVED,A+B+ADJUDICATOR,2ed0fcbdba2e9190c119988a53fc7336f39f37d2a2126c4d16706021ebba7db8
25021f7322970463a5cc,SRC602,7,PAIR_D8E361E152AA92064C113EE9,CLASSIFICATION_CONFLICT,92,92,subject_type|asset_class|as_of_date,MERGE,"Printed cell 'Co-Investments' / '5 Year (%)' = 17.0. asset_class 'Private Equity' from the printed banner (A); as_of_date blanked because page 7 prints no as-of date and A carried the cover date 'September 3, 2025' (B). subject_type 'other_printed_scope' because 'Co-Investments' is an investment structure inside the program, not the owner's aggregate.",RESOLVED,A+B+ADJUDICATOR,2ed0fcbdba2e9190c119988a53fc7336f39f37d2a2126c4d16706021ebba7db8
f0ab4baa991f9e7db764,SRC602,7,PAIR_5671CE5368ED99D4C638E14A,CLASSIFICATION_CONFLICT,93,93,subject_type|asset_class|as_of_date,MERGE,"Printed cell 'Co-Investments' / 'Since Inception (%)' = 11.6. asset_class 'Private Equity' from the printed banner (A); as_of_date blanked because page 7 prints no as-of date and A carried the cover date 'September 3, 2025' (B). subject_type 'other_printed_scope' because 'Co-Investments' is an investment structure inside the program, not the owner's aggregate.",RESOLVED,A+B+ADJUDICATOR,2ed0fcbdba2e9190c119988a53fc7336f39f37d2a2126c4d16706021ebba7db8
f6430d369a147c6d6319,SRC602,7,PAIR_F46A2FB43BB7DA8F7426C50E,CLASSIFICATION_CONFLICT,94,94,subject_type|asset_class|as_of_date,MERGE,"Printed cell 'Fund Investments' / '1 Year (%)' = 7.3. asset_class 'Private Equity' from the printed banner (A); as_of_date blanked because page 7 prints no as-of date and A carried the cover date 'September 3, 2025' (B). subject_type 'other_printed_scope' because 'Fund Investments' is an investment structure inside the program, not the owner's aggregate.",RESOLVED,A+B+ADJUDICATOR,2ed0fcbdba2e9190c119988a53fc7336f39f37d2a2126c4d16706021ebba7db8
b8f98ac79467c200c9b5,SRC602,7,PAIR_7F1D10C7143CAF1C6028E156,CLASSIFICATION_CONFLICT,95,95,subject_type|asset_class|as_of_date,MERGE,"Printed cell 'Fund Investments' / '10 Year (%)' = 12.2. asset_class 'Private Equity' from the printed banner (A); as_of_date blanked because page 7 prints no as-of date and A carried the cover date 'September 3, 2025' (B). subject_type 'other_printed_scope' because 'Fund Investments' is an investment structure inside the program, not the owner's aggregate.",RESOLVED,A+B+ADJUDICATOR,2ed0fcbdba2e9190c119988a53fc7336f39f37d2a2126c4d16706021ebba7db8
aa9904578531c57b9059,SRC602,7,PAIR_905BCE3F4E08AF843741CCE4,CLASSIFICATION_CONFLICT,96,96,subject_type|asset_class|as_of_date,MERGE,"Printed cell 'Fund Investments' / '3 Year (%)' = 4.4. asset_class 'Private Equity' from the printed banner (A); as_of_date blanked because page 7 prints no as-of date and A carried the cover date 'September 3, 2025' (B). subject_type 'other_printed_scope' because 'Fund Investments' is an investment structure inside the program, not the owner's aggregate.",RESOLVED,A+B+ADJUDICATOR,2ed0fcbdba2e9190c119988a53fc7336f39f37d2a2126c4d16706021ebba7db8
e92f5a80ea0d23a052fa,SRC602,7,PAIR_D659DD7F9EC34B46C6EACD7B,CLASSIFICATION_CONFLICT,97,97,subject_type|asset_class|as_of_date,MERGE,"Printed cell 'Fund Investments' / '5 Year (%)' = 16.5. asset_class 'Private Equity' from the printed banner (A); as_of_date blanked because page 7 prints no as-of date and A carried the cover date 'September 3, 2025' (B). subject_type 'other_printed_scope' because 'Fund Investments' is an investment structure inside the program, not the owner's aggregate.",RESOLVED,A+B+ADJUDICATOR,2ed0fcbdba2e9190c119988a53fc7336f39f37d2a2126c4d16706021ebba7db8
826571df5773cc4a031f,SRC602,7,PAIR_17D9226AA7906B877B182799,CLASSIFICATION_CONFLICT,98,98,subject_type|asset_class|as_of_date,MERGE,"Printed cell 'Fund Investments' / 'Since Inception (%)' = 13.3. asset_class 'Private Equity' from the printed banner (A); as_of_date blanked because page 7 prints no as-of date and A carried the cover date 'September 3, 2025' (B). subject_type 'other_printed_scope' because 'Fund Investments' is an investment structure inside the program, not the owner's aggregate.",RESOLVED,A+B+ADJUDICATOR,2ed0fcbdba2e9190c119988a53fc7336f39f37d2a2126c4d16706021ebba7db8
e1b1a5aa0ce7b19b4f3c,SRC602,8,PAIR_E8B39FA70CF6446E6584750F,A_ONLY,99,,,ACCEPT_A,The footnote is printed with the marker '1'; A's label is that printed marker and resolves against the definition_keys on the SSGX rows.,VERIFIED_ONE_SIDED,A,2ed0fcbdba2e9190c119988a53fc7336f39f37d2a2126c4d16706021ebba7db8
ff196da3eed9d40bb55a,SRC602,8,PAIR_274BB6B04FBB04B294CA1427,CONTEXT_CONFLICT,100,100,asset_class|as_of_date,MERGE,"Printed cell 'CalSTRS PE Program' / '1 Year (%)' = 8.5. asset_class 'Private Equity' from the printed banner (A); as_of_date blanked because page 8 prints no as-of date and A carried the cover date 'September 3, 2025' (B).",RESOLVED,A+B+ADJUDICATOR,2ed0fcbdba2e9190c119988a53fc7336f39f37d2a2126c4d16706021ebba7db8
baa86f1db5f731943397,SRC602,8,PAIR_1414AA12785D4F990F386510,CONTEXT_CONFLICT,101,101,asset_class|as_of_date,MERGE,"Printed cell 'CalSTRS PE Program' / '10 Year (%)' = 12.6. asset_class 'Private Equity' from the printed banner (A); as_of_date blanked because page 8 prints no as-of date and A carried the cover date 'September 3, 2025' (B).",RESOLVED,A+B+ADJUDICATOR,2ed0fcbdba2e9190c119988a53fc7336f39f37d2a2126c4d16706021ebba7db8
0fc99ee0df1525c621ef,SRC602,8,PAIR_B81A4CAA42923A5664D56335,CONTEXT_CONFLICT,102,102,asset_class|as_of_date,MERGE,"Printed cell 'CalSTRS PE Program' / '3 Year (%)' = 5.2. asset_class 'Private Equity' from the printed banner (A); as_of_date blanked because page 8 prints no as-of date and A carried the cover date 'September 3, 2025' (B).",RESOLVED,A+B+ADJUDICATOR,2ed0fcbdba2e9190c119988a53fc7336f39f37d2a2126c4d16706021ebba7db8
87e61447258b11665f84,SRC602,8,PAIR_57916256579FC4B1DC15AED9,CONTEXT_CONFLICT,103,103,asset_class|as_of_date,MERGE,"Printed cell 'CalSTRS PE Program' / '5 Year (%)' = 16.6. asset_class 'Private Equity' from the printed banner (A); as_of_date blanked because page 8 prints no as-of date and A carried the cover date 'September 3, 2025' (B).",RESOLVED,A+B+ADJUDICATOR,2ed0fcbdba2e9190c119988a53fc7336f39f37d2a2126c4d16706021ebba7db8
42312a286cd632039c7d,SRC602,8,PAIR_EA25D00ABD286F154C6ECDE4,CONTEXT_CONFLICT,104,104,asset_class|as_of_date,MERGE,"Printed cell 'CalSTRS PE Program' / 'Since Inception (%)' = 13.1. asset_class 'Private Equity' from the printed banner (A); as_of_date blanked because page 8 prints no as-of date and A carried the cover date 'September 3, 2025' (B).",RESOLVED,A+B+ADJUDICATOR,2ed0fcbdba2e9190c119988a53fc7336f39f37d2a2126c4d16706021ebba7db8
d7201b972042df00bbbd,SRC602,8,PAIR_73FE69636706A456C3590267,CONTEXT_CONFLICT,105,105,asset_class|as_of_date,MERGE,"Printed cell 'Non-North America' / '1 Year (%)' = 8.4. asset_class 'Private Equity' from the printed banner (A); as_of_date blanked because page 8 prints no as-of date and A carried the cover date 'September 3, 2025' (B).",RESOLVED,A+B+ADJUDICATOR,2ed0fcbdba2e9190c119988a53fc7336f39f37d2a2126c4d16706021ebba7db8
c71dd6b8aa370ef987da,SRC602,8,PAIR_6C783126D2A6C7AB3FE80142,CONTEXT_CONFLICT,106,106,asset_class|as_of_date,MERGE,"Printed cell 'Non-North America' / '10 Year (%)' = 14.1. asset_class 'Private Equity' from the printed banner (A); as_of_date blanked because page 8 prints no as-of date and A carried the cover date 'September 3, 2025' (B).",RESOLVED,A+B+ADJUDICATOR,2ed0fcbdba2e9190c119988a53fc7336f39f37d2a2126c4d16706021ebba7db8
614c30640d433f0cf47e,SRC602,8,PAIR_4AF030C3FE6031668C2E5C57,CONTEXT_CONFLICT,107,107,asset_class|as_of_date,MERGE,"Printed cell 'Non-North America' / '3 Year (%)' = 5.1. asset_class 'Private Equity' from the printed banner (A); as_of_date blanked because page 8 prints no as-of date and A carried the cover date 'September 3, 2025' (B).",RESOLVED,A+B+ADJUDICATOR,2ed0fcbdba2e9190c119988a53fc7336f39f37d2a2126c4d16706021ebba7db8
45f1063dedb6a0966d02,SRC602,8,PAIR_C5CA6690B42A5FDA27F0D043,CONTEXT_CONFLICT,108,108,asset_class|as_of_date,MERGE,"Printed cell 'Non-North America' / '5 Year (%)' = 14.8. asset_class 'Private Equity' from the printed banner (A); as_of_date blanked because page 8 prints no as-of date and A carried the cover date 'September 3, 2025' (B).",RESOLVED,A+B+ADJUDICATOR,2ed0fcbdba2e9190c119988a53fc7336f39f37d2a2126c4d16706021ebba7db8
a704580b9b7b7933c25e,SRC602,8,PAIR_8EC4D556186C2FFDE2CA84C4,CONTEXT_CONFLICT,109,109,asset_class|as_of_date,MERGE,"Printed cell 'Non-North America' / 'Since Inception (%)' = 13.9. asset_class 'Private Equity' from the printed banner (A); as_of_date blanked because page 8 prints no as-of date and A carried the cover date 'September 3, 2025' (B).",RESOLVED,A+B+ADJUDICATOR,2ed0fcbdba2e9190c119988a53fc7336f39f37d2a2126c4d16706021ebba7db8
5fc904c36df5fe9469b7,SRC602,8,PAIR_5F777BD8C2394C4D11FC10D4,CONTEXT_CONFLICT,110,110,asset_class|as_of_date,MERGE,"Printed cell 'North America' / '1 Year (%)' = 8.5. asset_class 'Private Equity' from the printed banner (A); as_of_date blanked because page 8 prints no as-of date and A carried the cover date 'September 3, 2025' (B).",RESOLVED,A+B+ADJUDICATOR,2ed0fcbdba2e9190c119988a53fc7336f39f37d2a2126c4d16706021ebba7db8
af51fbf3c49902ef8fe2,SRC602,8,PAIR_7D0282C9DB793D2D21F6DF06,CONTEXT_CONFLICT,111,111,asset_class|as_of_date,MERGE,"Printed cell 'North America' / '10 Year (%)' = 12.2. asset_class 'Private Equity' from the printed banner (A); as_of_date blanked because page 8 prints no as-of date and A carried the cover date 'September 3, 2025' (B).",RESOLVED,A+B+ADJUDICATOR,2ed0fcbdba2e9190c119988a53fc7336f39f37d2a2126c4d16706021ebba7db8
2b1195c6500e8d14a778,SRC602,8,PAIR_440D79A02463517C657401DB,CONTEXT_CONFLICT,112,112,asset_class|as_of_date,MERGE,"Printed cell 'North America' / '3 Year (%)' = 5.3. asset_class 'Private Equity' from the printed banner (A); as_of_date blanked because page 8 prints no as-of date and A carried the cover date 'September 3, 2025' (B).",RESOLVED,A+B+ADJUDICATOR,2ed0fcbdba2e9190c119988a53fc7336f39f37d2a2126c4d16706021ebba7db8
3fb41e848e34e15b91c1,SRC602,8,PAIR_A6871507BB98334ABE851323,CONTEXT_CONFLICT,113,113,asset_class|as_of_date,MERGE,"Printed cell 'North America' / '5 Year (%)' = 17.2. asset_class 'Private Equity' from the printed banner (A); as_of_date blanked because page 8 prints no as-of date and A carried the cover date 'September 3, 2025' (B).",RESOLVED,A+B+ADJUDICATOR,2ed0fcbdba2e9190c119988a53fc7336f39f37d2a2126c4d16706021ebba7db8
33c3eb3e1251ba554e6e,SRC602,8,PAIR_4003E17CC26FAA00FE7D7A6F,CONTEXT_CONFLICT,114,114,asset_class|as_of_date,MERGE,"Printed cell 'North America' / 'Since Inception (%)' = 12.9. asset_class 'Private Equity' from the printed banner (A); as_of_date blanked because page 8 prints no as-of date and A carried the cover date 'September 3, 2025' (B).",RESOLVED,A+B+ADJUDICATOR,2ed0fcbdba2e9190c119988a53fc7336f39f37d2a2126c4d16706021ebba7db8
18e4437d6bb8f09d9916,SRC602,8,PAIR_185B36AD5673837CAEE41C43,CONTEXT_CONFLICT,115,115,asset_class|as_of_date,MERGE,"Printed cell 'SSGX – Non-US' / '1 Year (%)' = 6.4. asset_class 'Private Equity' from the printed banner (A); as_of_date blanked because page 8 prints no as-of date and A carried the cover date 'September 3, 2025' (B).",RESOLVED,A+B+ADJUDICATOR,2ed0fcbdba2e9190c119988a53fc7336f39f37d2a2126c4d16706021ebba7db8
1fd03f2267b2f441b3c8,SRC602,8,PAIR_AB9778842E343CD24B54CBFC,CONTEXT_CONFLICT,116,116,asset_class|as_of_date,MERGE,"Printed cell 'SSGX – Non-US' / '10 Year (%)' = 12.7. asset_class 'Private Equity' from the printed banner (A); as_of_date blanked because page 8 prints no as-of date and A carried the cover date 'September 3, 2025' (B).",RESOLVED,A+B+ADJUDICATOR,2ed0fcbdba2e9190c119988a53fc7336f39f37d2a2126c4d16706021ebba7db8
5a39763a6a62fd0682d8,SRC602,8,PAIR_CC2BAA6A2CB26A42AC4D0AF2,CONTEXT_CONFLICT,117,117,asset_class|as_of_date,MERGE,"Printed cell 'SSGX – Non-US' / '3 Year (%)' = 3.0. asset_class 'Private Equity' from the printed banner (A); as_of_date blanked because page 8 prints no as-of date and A carried the cover date 'September 3, 2025' (B).",RESOLVED,A+B+ADJUDICATOR,2ed0fcbdba2e9190c119988a53fc7336f39f37d2a2126c4d16706021ebba7db8
b67123b0c1dc3b2200d2,SRC602,8,PAIR_E14821E7187D592A409D05BF,CONTEXT_CONFLICT,118,118,asset_class|as_of_date,MERGE,"Printed cell 'SSGX – Non-US' / '5 Year (%)' = 12.7. asset_class 'Private Equity' from the printed banner (A); as_of_date blanked because page 8 prints no as-of date and A carried the cover date 'September 3, 2025' (B).",RESOLVED,A+B+ADJUDICATOR,2ed0fcbdba2e9190c119988a53fc7336f39f37d2a2126c4d16706021ebba7db8
6d2cab9f70566856241d,SRC602,8,PAIR_20E517AA2FC5B3F5F957B0F2,CONTEXT_CONFLICT,119,119,asset_class|as_of_date,MERGE,"Printed cell 'SSGX – Non-US' / 'Since Inception (%)' = 11.4. asset_class 'Private Equity' from the printed banner (A); as_of_date blanked because page 8 prints no as-of date and A carried the cover date 'September 3, 2025' (B).",RESOLVED,A+B+ADJUDICATOR,2ed0fcbdba2e9190c119988a53fc7336f39f37d2a2126c4d16706021ebba7db8
65d4166a96b30a3d55bf,SRC602,8,PAIR_056249535BE9168876795EEA,CONTEXT_CONFLICT,120,120,asset_class|as_of_date,MERGE,"Printed cell 'SSGX – US Funds' / '1 Year (%)' = 7.6. asset_class 'Private Equity' from the printed banner (A); as_of_date blanked because page 8 prints no as-of date and A carried the cover date 'September 3, 2025' (B).",RESOLVED,A+B+ADJUDICATOR,2ed0fcbdba2e9190c119988a53fc7336f39f37d2a2126c4d16706021ebba7db8
42717e24d7c91f818ec8,SRC602,8,PAIR_97A346C0A5743F5B9CD638B0,CONTEXT_CONFLICT,121,121,asset_class|as_of_date,MERGE,"Printed cell 'SSGX – US Funds' / '10 Year (%)' = 12.7. asset_class 'Private Equity' from the printed banner (A); as_of_date blanked because page 8 prints no as-of date and A carried the cover date 'September 3, 2025' (B).",RESOLVED,A+B+ADJUDICATOR,2ed0fcbdba2e9190c119988a53fc7336f39f37d2a2126c4d16706021ebba7db8
dbae68f3e7312864958c,SRC602,8,PAIR_900CBC31772FDAF78C591473,CONTEXT_CONFLICT,122,122,asset_class|as_of_date,MERGE,"Printed cell 'SSGX – US Funds' / '3 Year (%)' = 4.1. asset_class 'Private Equity' from the printed banner (A); as_of_date blanked because page 8 prints no as-of date and A carried the cover date 'September 3, 2025' (B).",RESOLVED,A+B+ADJUDICATOR,2ed0fcbdba2e9190c119988a53fc7336f39f37d2a2126c4d16706021ebba7db8
2557c4a741f29a913c0a,SRC602,8,PAIR_A843CA8AEABA64EAFE5C5CD1,CONTEXT_CONFLICT,123,123,asset_class|as_of_date,MERGE,"Printed cell 'SSGX – US Funds' / '5 Year (%)' = 16.7. asset_class 'Private Equity' from the printed banner (A); as_of_date blanked because page 8 prints no as-of date and A carried the cover date 'September 3, 2025' (B).",RESOLVED,A+B+ADJUDICATOR,2ed0fcbdba2e9190c119988a53fc7336f39f37d2a2126c4d16706021ebba7db8
068f8c55c9431f600679,SRC602,8,PAIR_14CE65896985A8B1206CD5F7,CONTEXT_CONFLICT,124,124,asset_class|as_of_date,MERGE,"Printed cell 'SSGX – US Funds' / 'Since Inception (%)' = 13.1. asset_class 'Private Equity' from the printed banner (A); as_of_date blanked because page 8 prints no as-of date and A carried the cover date 'September 3, 2025' (B).",RESOLVED,A+B+ADJUDICATOR,2ed0fcbdba2e9190c119988a53fc7336f39f37d2a2126c4d16706021ebba7db8
16d0db474e5e91628e50,SRC602,9,PAIR_8DA050828BB959740ACD4D91,A_ONLY,125,,,MERGE,"Printed bullet: 'The Private Equity Team aims for one-fourth of 2025 deployment to be in co-investments.' Kept from A, whose definition_keys 'IMPLEMENTATION' names the printed section heading because the bullet carries no footnote marker and the field is required. B declared the page NO_ELIGIBLE_DATA, which the printed chart refutes.",RESOLVED,A+ADJUDICATOR,2ed0fcbdba2e9190c119988a53fc7336f39f37d2a2126c4d16706021ebba7db8
33ddd336a6c2099a7675,SRC602,9,PAIR_3D6B093DC303B090D1D9B557,A_ONLY,126,,,MERGE,"Printed bar label '$6.9' over vintage year 2006 on the chart whose printed axis reads 'Commitments ($B)'. B declared page 9 NO_ELIGIBLE_DATA; the chart prints twenty commitment amounts as fact, so A's rows are right. as_of_date blanked because page 9 prints no as-of date and A carried the cover date 'September 3, 2025'.",RESOLVED,A+ADJUDICATOR,2ed0fcbdba2e9190c119988a53fc7336f39f37d2a2126c4d16706021ebba7db8
5ccdca82c76e6dac6f56,SRC602,9,PAIR_EACB2DB88708ADC38FE56001,A_ONLY,127,,,MERGE,"Printed bar label '$7.0' over vintage year 2007 on the chart whose printed axis reads 'Commitments ($B)'. B declared page 9 NO_ELIGIBLE_DATA; the chart prints twenty commitment amounts as fact, so A's rows are right. as_of_date blanked because page 9 prints no as-of date and A carried the cover date 'September 3, 2025'.",RESOLVED,A+ADJUDICATOR,2ed0fcbdba2e9190c119988a53fc7336f39f37d2a2126c4d16706021ebba7db8
7a9d78cab837b98c523b,SRC602,9,PAIR_5D0BC46EC9BE5F728ED6CB87,A_ONLY,128,,,MERGE,"Printed bar label '$5.4' over vintage year 2008 on the chart whose printed axis reads 'Commitments ($B)'. B declared page 9 NO_ELIGIBLE_DATA; the chart prints twenty commitment amounts as fact, so A's rows are right. as_of_date blanked because page 9 prints no as-of date and A carried the cover date 'September 3, 2025'.",RESOLVED,A+ADJUDICATOR,2ed0fcbdba2e9190c119988a53fc7336f39f37d2a2126c4d16706021ebba7db8
97d392e4e5ae38c0c921,SRC602,9,PAIR_71BA1CB24D2D68D591450138,A_ONLY,129,,,MERGE,"Printed bar label '$1.1' over vintage year 2009 on the chart whose printed axis reads 'Commitments ($B)'. B declared page 9 NO_ELIGIBLE_DATA; the chart prints twenty commitment amounts as fact, so A's rows are right. as_of_date blanked because page 9 prints no as-of date and A carried the cover date 'September 3, 2025'.",RESOLVED,A+ADJUDICATOR,2ed0fcbdba2e9190c119988a53fc7336f39f37d2a2126c4d16706021ebba7db8
6c8d7dda707542ea137e,SRC602,9,PAIR_85B800760CECD9F68CB98F4C,A_ONLY,130,,,MERGE,"Printed bar label '$1.0' over vintage year 2010 on the chart whose printed axis reads 'Commitments ($B)'. B declared page 9 NO_ELIGIBLE_DATA; the chart prints twenty commitment amounts as fact, so A's rows are right. as_of_date blanked because page 9 prints no as-of date and A carried the cover date 'September 3, 2025'.",RESOLVED,A+ADJUDICATOR,2ed0fcbdba2e9190c119988a53fc7336f39f37d2a2126c4d16706021ebba7db8
3c018f196fcb81941f78,SRC602,9,PAIR_6C5DC3E81610894AC18031B4,A_ONLY,131,,,MERGE,"Printed bar label '$2.3' over vintage year 2011 on the chart whose printed axis reads 'Commitments ($B)'. B declared page 9 NO_ELIGIBLE_DATA; the chart prints twenty commitment amounts as fact, so A's rows are right. as_of_date blanked because page 9 prints no as-of date and A carried the cover date 'September 3, 2025'.",RESOLVED,A+ADJUDICATOR,2ed0fcbdba2e9190c119988a53fc7336f39f37d2a2126c4d16706021ebba7db8
58b997f36758209153e6,SRC602,9,PAIR_48998AB56FAA65CF7DE5BB35,A_ONLY,132,,,MERGE,"Printed bar label '$1.9' over vintage year 2012 on the chart whose printed axis reads 'Commitments ($B)'. B declared page 9 NO_ELIGIBLE_DATA; the chart prints twenty commitment amounts as fact, so A's rows are right. as_of_date blanked because page 9 prints no as-of date and A carried the cover date 'September 3, 2025'.",RESOLVED,A+ADJUDICATOR,2ed0fcbdba2e9190c119988a53fc7336f39f37d2a2126c4d16706021ebba7db8
95ff65482da99664641c,SRC602,9,PAIR_96068E0218A04CDB64B65013,A_ONLY,133,,,MERGE,"Printed bar label '$1.3' over vintage year 2013 on the chart whose printed axis reads 'Commitments ($B)'. B declared page 9 NO_ELIGIBLE_DATA; the chart prints twenty commitment amounts as fact, so A's rows are right. as_of_date blanked because page 9 prints no as-of date and A carried the cover date 'September 3, 2025'.",RESOLVED,A+ADJUDICATOR,2ed0fcbdba2e9190c119988a53fc7336f39f37d2a2126c4d16706021ebba7db8
bb1fb1bcbdb8c84ab000,SRC602,9,PAIR_E5248EEBB28590133B31043B,A_ONLY,134,,,MERGE,"Printed bar label '$3.0' over vintage year 2014 on the chart whose printed axis reads 'Commitments ($B)'. B declared page 9 NO_ELIGIBLE_DATA; the chart prints twenty commitment amounts as fact, so A's rows are right. as_of_date blanked because page 9 prints no as-of date and A carried the cover date 'September 3, 2025'.",RESOLVED,A+ADJUDICATOR,2ed0fcbdba2e9190c119988a53fc7336f39f37d2a2126c4d16706021ebba7db8
9069f8bf022a950b459c,SRC602,9,PAIR_1F4FEA1E1CCF3BF5EB4D2DEA,A_ONLY,135,,,MERGE,"Printed bar label '$3.2' over vintage year 2015 on the chart whose printed axis reads 'Commitments ($B)'. B declared page 9 NO_ELIGIBLE_DATA; the chart prints twenty commitment amounts as fact, so A's rows are right. as_of_date blanked because page 9 prints no as-of date and A carried the cover date 'September 3, 2025'.",RESOLVED,A+ADJUDICATOR,2ed0fcbdba2e9190c119988a53fc7336f39f37d2a2126c4d16706021ebba7db8
9e0d51888559954de582,SRC602,9,PAIR_A8C1A1EFA451CA515ABBA9A1,A_ONLY,136,,,MERGE,"Printed bar label '$3.2' over vintage year 2016 on the chart whose printed axis reads 'Commitments ($B)'. B declared page 9 NO_ELIGIBLE_DATA; the chart prints twenty commitment amounts as fact, so A's rows are right. as_of_date blanked because page 9 prints no as-of date and A carried the cover date 'September 3, 2025'.",RESOLVED,A+ADJUDICATOR,2ed0fcbdba2e9190c119988a53fc7336f39f37d2a2126c4d16706021ebba7db8
dc669b9fa3a5388bcab8,SRC602,9,PAIR_132DF1112FCE92029E12794E,A_ONLY,137,,,MERGE,"Printed bar label '$5.0' over vintage year 2017 on the chart whose printed axis reads 'Commitments ($B)'. B declared page 9 NO_ELIGIBLE_DATA; the chart prints twenty commitment amounts as fact, so A's rows are right. as_of_date blanked because page 9 prints no as-of date and A carried the cover date 'September 3, 2025'.",RESOLVED,A+ADJUDICATOR,2ed0fcbdba2e9190c119988a53fc7336f39f37d2a2126c4d16706021ebba7db8
26887f36cf66f2bf84d0,SRC602,9,PAIR_47D84C04BD12AFC98BD7EAC6,A_ONLY,138,,,MERGE,"Printed bar label '$6.8' over vintage year 2018 on the chart whose printed axis reads 'Commitments ($B)'. B declared page 9 NO_ELIGIBLE_DATA; the chart prints twenty commitment amounts as fact, so A's rows are right. as_of_date blanked because page 9 prints no as-of date and A carried the cover date 'September 3, 2025'.",RESOLVED,A+ADJUDICATOR,2ed0fcbdba2e9190c119988a53fc7336f39f37d2a2126c4d16706021ebba7db8
fba471cb5f3b1fd29e63,SRC602,9,PAIR_1D6E03641EC4E40C9B85F687,A_ONLY,139,,,MERGE,"Printed bar label '$7.5' over vintage year 2019 on the chart whose printed axis reads 'Commitments ($B)'. B declared page 9 NO_ELIGIBLE_DATA; the chart prints twenty commitment amounts as fact, so A's rows are right. as_of_date blanked because page 9 prints no as-of date and A carried the cover date 'September 3, 2025'.",RESOLVED,A+ADJUDICATOR,2ed0fcbdba2e9190c119988a53fc7336f39f37d2a2126c4d16706021ebba7db8
7126e7c7d731aa09bdb6,SRC602,9,PAIR_4E9BC97CD5C93E28BF152DB5,A_ONLY,140,,,MERGE,"Printed bar label '$7.1' over vintage year 2020 on the chart whose printed axis reads 'Commitments ($B)'. B declared page 9 NO_ELIGIBLE_DATA; the chart prints twenty commitment amounts as fact, so A's rows are right. as_of_date blanked because page 9 prints no as-of date and A carried the cover date 'September 3, 2025'.",RESOLVED,A+ADJUDICATOR,2ed0fcbdba2e9190c119988a53fc7336f39f37d2a2126c4d16706021ebba7db8
d44dd31481163121944b,SRC602,9,PAIR_0A6B9C892EC1F1E4D655D0BC,A_ONLY,141,,,MERGE,"Printed bar label '$12.9' over vintage year 2021 on the chart whose printed axis reads 'Commitments ($B)'. B declared page 9 NO_ELIGIBLE_DATA; the chart prints twenty commitment amounts as fact, so A's rows are right. as_of_date blanked because page 9 prints no as-of date and A carried the cover date 'September 3, 2025'.",RESOLVED,A+ADJUDICATOR,2ed0fcbdba2e9190c119988a53fc7336f39f37d2a2126c4d16706021ebba7db8
935c4cef65558dd2b640,SRC602,9,PAIR_77C2AA0CF730F700D2E52655,A_ONLY,142,,,MERGE,"Printed bar label '$5.9' over vintage year 2022 on the chart whose printed axis reads 'Commitments ($B)'. B declared page 9 NO_ELIGIBLE_DATA; the chart prints twenty commitment amounts as fact, so A's rows are right. as_of_date blanked because page 9 prints no as-of date and A carried the cover date 'September 3, 2025'.",RESOLVED,A+ADJUDICATOR,2ed0fcbdba2e9190c119988a53fc7336f39f37d2a2126c4d16706021ebba7db8
0b188550e97a40235575,SRC602,9,PAIR_A2E195FED20A64813468E904,A_ONLY,143,,,MERGE,"Printed bar label '$3.9' over vintage year 2023 on the chart whose printed axis reads 'Commitments ($B)'. B declared page 9 NO_ELIGIBLE_DATA; the chart prints twenty commitment amounts as fact, so A's rows are right. as_of_date blanked because page 9 prints no as-of date and A carried the cover date 'September 3, 2025'.",RESOLVED,A+ADJUDICATOR,2ed0fcbdba2e9190c119988a53fc7336f39f37d2a2126c4d16706021ebba7db8
69073cc4bc868a9d0464,SRC602,9,PAIR_DADED2B2719C135DD88F9BEF,A_ONLY,144,,,MERGE,"Printed bar label '$5.8' over vintage year 2024 on the chart whose printed axis reads 'Commitments ($B)'. B declared page 9 NO_ELIGIBLE_DATA; the chart prints twenty commitment amounts as fact, so A's rows are right. as_of_date blanked because page 9 prints no as-of date and A carried the cover date 'September 3, 2025'.",RESOLVED,A+ADJUDICATOR,2ed0fcbdba2e9190c119988a53fc7336f39f37d2a2126c4d16706021ebba7db8
be9cd5127839185ea7cd,SRC602,9,PAIR_0800D77932D7B1F81EE5B728,A_ONLY,145,,,MERGE,"Printed bar label '$5.3' over vintage year 2025 on the chart whose printed axis reads 'Commitments ($B)'. B declared page 9 NO_ELIGIBLE_DATA; the chart prints twenty commitment amounts as fact, so A's rows are right. as_of_date blanked because page 9 prints no as-of date and A carried the cover date 'September 3, 2025'.",RESOLVED,A+ADJUDICATOR,2ed0fcbdba2e9190c119988a53fc7336f39f37d2a2126c4d16706021ebba7db8
a192210b6b98dab1c3fb,SRC602,10,PAIR_AFA2FDC152E693A10E5B59C7,CLASSIFICATION_CONFLICT,146,125,subject_type|asset_class|as_of_date|metric_name|definition_keys,MERGE,"Printed cell 'Buyouts' / 'CalSTRS Interim Target (%)' = 75. metric_name keeps the full printed column header including '(%)' (A) over B's trimmed form; asset_class 'Private Equity' from the printed banner (A); definition_keys keep the markers on the printed stub 'Strategy1,2' (A). as_of_date blanked because page 10 prints no as-of date for this cell and A carried the cover date 'September 3, 2025'.",RESOLVED,A+B+ADJUDICATOR,2ed0fcbdba2e9190c119988a53fc7336f39f37d2a2126c4d16706021ebba7db8
30b310331b39501ed409,SRC602,10,PAIR_8D317FF653F4C0EA66B93B01,CLASSIFICATION_CONFLICT,147,127,subject_type|asset_class|as_of_date|metric_name|definition_keys,MERGE,"Printed cell 'Buyouts' / 'Percent of Total NAV (%)' = 77.2. metric_name keeps the full printed column header including '(%)' (A) over B's trimmed form; asset_class 'Private Equity' from the printed banner (A); definition_keys keep the markers on the printed stub 'Strategy1,2' (A). as_of_date blanked because page 10 prints no as-of date for this cell and A carried the cover date 'September 3, 2025'.",RESOLVED,A+B+ADJUDICATOR,2ed0fcbdba2e9190c119988a53fc7336f39f37d2a2126c4d16706021ebba7db8
123d9af47da88b768c56,SRC602,10,PAIR_480168D5E0DA3FB2F55EF0A7,CLASSIFICATION_CONFLICT,148,128,subject_type|asset_class|as_of_date|metric_name|definition_keys,MERGE,"Printed cell 'Buyouts' / 'Target Range (%)' = 60-85. metric_name keeps the full printed column header including '(%)' (A) over B's trimmed form; asset_class 'Private Equity' from the printed banner (A); definition_keys keep the markers on the printed stub 'Strategy1,2' (A). as_of_date blanked because page 10 prints no as-of date for this cell and A carried the cover date 'September 3, 2025'.",RESOLVED,A+B+ADJUDICATOR,2ed0fcbdba2e9190c119988a53fc7336f39f37d2a2126c4d16706021ebba7db8
5803e24a87e10597637d,SRC602,10,PAIR_A6CDFDB83D8231E8938146DE,CLASSIFICATION_CONFLICT,149,129,subject_type|asset_class|as_of_date|metric_name|definition_keys,MERGE,"Printed cell 'Debt Related' / 'CalSTRS Interim Target (%)' = 6. metric_name keeps the full printed column header including '(%)' (A) over B's trimmed form; asset_class 'Private Equity' from the printed banner (A); definition_keys keep the markers on the printed stub 'Strategy1,2' (A). as_of_date blanked because page 10 prints no as-of date for this cell and A carried the cover date 'September 3, 2025'.",RESOLVED,A+B+ADJUDICATOR,2ed0fcbdba2e9190c119988a53fc7336f39f37d2a2126c4d16706021ebba7db8
c8fb016a9a85a280b2b2,SRC602,10,PAIR_EA6F01513FCDDDFDCE3EA9BE,CLASSIFICATION_CONFLICT,150,131,subject_type|asset_class|as_of_date|metric_name|definition_keys,MERGE,"Printed cell 'Debt Related' / 'Percent of Total NAV (%)' = 5.7. metric_name keeps the full printed column header including '(%)' (A) over B's trimmed form; asset_class 'Private Equity' from the printed banner (A); definition_keys keep the markers on the printed stub 'Strategy1,2' (A). as_of_date blanked because page 10 prints no as-of date for this cell and A carried the cover date 'September 3, 2025'.",RESOLVED,A+B+ADJUDICATOR,2ed0fcbdba2e9190c119988a53fc7336f39f37d2a2126c4d16706021ebba7db8
d455e83c7af825c59c06,SRC602,10,PAIR_234E1C76B9E21876A521C3D3,CLASSIFICATION_CONFLICT,151,132,subject_type|asset_class|as_of_date|metric_name|definition_keys,MERGE,"Printed cell 'Debt Related' / 'Target Range (%)' = 5-20. metric_name keeps the full printed column header including '(%)' (A) over B's trimmed form; asset_class 'Private Equity' from the printed banner (A); definition_keys keep the markers on the printed stub 'Strategy1,2' (A). as_of_date blanked because page 10 prints no as-of date for this cell and A carried the cover date 'September 3, 2025'.",RESOLVED,A+B+ADJUDICATOR,2ed0fcbdba2e9190c119988a53fc7336f39f37d2a2126c4d16706021ebba7db8
4ff37b293446f67a6c8a,SRC602,10,PAIR_0A6497A9F998050D89D61E98,CLASSIFICATION_CONFLICT,152,133,subject_type|asset_class|as_of_date|metric_name|definition_keys,MERGE,"Printed cell 'Longer-Term Strategy' / 'CalSTRS Interim Target (%)' = 2. metric_name keeps the full printed column header including '(%)' (A) over B's trimmed form; asset_class 'Private Equity' from the printed banner (A); definition_keys keep the markers on the printed stub 'Strategy1,2' (A). as_of_date blanked because page 10 prints no as-of date for this cell and A carried the cover date 'September 3, 2025'.",RESOLVED,A+B+ADJUDICATOR,2ed0fcbdba2e9190c119988a53fc7336f39f37d2a2126c4d16706021ebba7db8
7532c27c0d264ac2ccda,SRC602,10,PAIR_56690E3F00C8255A55CDB68B,CLASSIFICATION_CONFLICT,153,135,subject_type|asset_class|as_of_date|metric_name|definition_keys,MERGE,"Printed cell 'Longer-Term Strategy' / 'Percent of Total NAV (%)' = 2.9. metric_name keeps the full printed column header including '(%)' (A) over B's trimmed form; asset_class 'Private Equity' from the printed banner (A); definition_keys keep the markers on the printed stub 'Strategy1,2' (A). as_of_date blanked because page 10 prints no as-of date for this cell and A carried the cover date 'September 3, 2025'.",RESOLVED,A+B+ADJUDICATOR,2ed0fcbdba2e9190c119988a53fc7336f39f37d2a2126c4d16706021ebba7db8
1bc9da9b65bfe4b6a49b,SRC602,10,PAIR_C3559ED491DCE4DB712FB24B,CLASSIFICATION_CONFLICT,154,136,subject_type|asset_class|as_of_date|metric_name|definition_keys,MERGE,"Printed cell 'Longer-Term Strategy' / 'Target Range (%)' = 0-10. metric_name keeps the full printed column header including '(%)' (A) over B's trimmed form; asset_class 'Private Equity' from the printed banner (A); definition_keys keep the markers on the printed stub 'Strategy1,2' (A). as_of_date blanked because page 10 prints no as-of date for this cell and A carried the cover date 'September 3, 2025'.",RESOLVED,A+B+ADJUDICATOR,2ed0fcbdba2e9190c119988a53fc7336f39f37d2a2126c4d16706021ebba7db8
caac0eaf259ea15f951b,SRC602,10,PAIR_64D9A7A856CA77DB49D757C7,CLASSIFICATION_CONFLICT,155,137,subject_type|asset_class|as_of_date|metric_name|definition_keys,MERGE,"Printed cell 'Multi-Strategy' / 'CalSTRS Interim Target (%)' = 3. metric_name keeps the full printed column header including '(%)' (A) over B's trimmed form; asset_class 'Private Equity' from the printed banner (A); definition_keys keep the markers on the printed stub 'Strategy1,2' (A). as_of_date blanked because page 10 prints no as-of date for this cell and A carried the cover date 'September 3, 2025'.",RESOLVED,A+B+ADJUDICATOR,2ed0fcbdba2e9190c119988a53fc7336f39f37d2a2126c4d16706021ebba7db8
cb77882fc2fe24e47e7f,SRC602,10,PAIR_A98D24F8BDCBF3C817186C96,CLASSIFICATION_CONFLICT,156,139,subject_type|asset_class|as_of_date|metric_name|definition_keys,MERGE,"Printed cell 'Multi-Strategy' / 'Percent of Total NAV (%)' = 2.7. metric_name keeps the full printed column header including '(%)' (A) over B's trimmed form; asset_class 'Private Equity' from the printed banner (A); definition_keys keep the markers on the printed stub 'Strategy1,2' (A). as_of_date blanked because page 10 prints no as-of date for this cell and A carried the cover date 'September 3, 2025'.",RESOLVED,A+B+ADJUDICATOR,2ed0fcbdba2e9190c119988a53fc7336f39f37d2a2126c4d16706021ebba7db8
15c1bc58246de1e9e14d,SRC602,10,PAIR_DA304E74AC8AD43E7EB862D8,CLASSIFICATION_CONFLICT,157,140,subject_type|asset_class|as_of_date|metric_name|definition_keys,MERGE,"Printed cell 'Multi-Strategy' / 'Target Range (%)' = 0-5. metric_name keeps the full printed column header including '(%)' (A) over B's trimmed form; asset_class 'Private Equity' from the printed banner (A); definition_keys keep the markers on the printed stub 'Strategy1,2' (A). as_of_date blanked because page 10 prints no as-of date for this cell and A carried the cover date 'September 3, 2025'.",RESOLVED,A+B+ADJUDICATOR,2ed0fcbdba2e9190c119988a53fc7336f39f37d2a2126c4d16706021ebba7db8
3cf5d50f400bd543f6c7,SRC602,10,PAIR_FFF76E4170A9DE51D92DDB83,CLASSIFICATION_CONFLICT,158,141,subject_type|asset_class|as_of_date|metric_name|definition_keys,MERGE,"Printed cell 'Special Mandates' / 'CalSTRS Interim Target (%)' = 4. metric_name keeps the full printed column header including '(%)' (A) over B's trimmed form; asset_class 'Private Equity' from the printed banner (A); definition_keys keep the markers on the printed stub 'Strategy1,2' (A). as_of_date blanked because page 10 prints no as-of date for this cell and A carried the cover date 'September 3, 2025'.",RESOLVED,A+B+ADJUDICATOR,2ed0fcbdba2e9190c119988a53fc7336f39f37d2a2126c4d16706021ebba7db8
56673159b433fef8bac5,SRC602,10,PAIR_6274DDE3E54AA9C966E26A48,CLASSIFICATION_CONFLICT,159,143,subject_type|asset_class|as_of_date|metric_name|definition_keys,MERGE,"Printed cell 'Special Mandates' / 'Percent of Total NAV (%)' = 3.9. metric_name keeps the full printed column header including '(%)' (A) over B's trimmed form; asset_class 'Private Equity' from the printed banner (A); definition_keys keep the markers on the printed stub 'Strategy1,2' (A). as_of_date blanked because page 10 prints no as-of date for this cell and A carried the cover date 'September 3, 2025'.",RESOLVED,A+B+ADJUDICATOR,2ed0fcbdba2e9190c119988a53fc7336f39f37d2a2126c4d16706021ebba7db8
3e11ef64d1599b847804,SRC602,10,PAIR_1A467A39E9E19AAD5B0137BB,CLASSIFICATION_CONFLICT,160,144,subject_type|asset_class|as_of_date|metric_name|definition_keys,MERGE,"Printed cell 'Special Mandates' / 'Target Range (%)' = 0-8. metric_name keeps the full printed column header including '(%)' (A) over B's trimmed form; asset_class 'Private Equity' from the printed banner (A); definition_keys keep the markers on the printed stub 'Strategy1,2' (A). as_of_date blanked because page 10 prints no as-of date for this cell and A carried the cover date 'September 3, 2025'.",RESOLVED,A+B+ADJUDICATOR,2ed0fcbdba2e9190c119988a53fc7336f39f37d2a2126c4d16706021ebba7db8
c6b75d0552ff6fca8cf6,SRC602,10,PAIR_541A1F183C10F3D21566AEBB,CONTEXT_CONFLICT,161,145,asset_class|as_of_date|metric_name|definition_keys,MERGE,"Upstream review: the Total Program values were checked against page-010.png and its footnotes; retained values with explicit visual evidence. Printed cell 'Total Program' / 'CalSTRS Interim Target (%)' = 14. metric_name keeps the full printed column header including '(%)' (A) over B's trimmed form; asset_class 'Private Equity' from the printed banner (A); definition_keys keep the markers on the printed stub 'Strategy1,2' (A). as_of_date blanked because page 10 prints no as-of date for this cell and A carried the cover date 'September 3, 2025'.",RESOLVED,A+B+ADJUDICATOR,2ed0fcbdba2e9190c119988a53fc7336f39f37d2a2126c4d16706021ebba7db8
c9a15290a17a9d8d8d6c,SRC602,10,PAIR_1CC492E996F7091AABA11B0A,CONTEXT_CONFLICT,162,147,asset_class|as_of_date|metric_name|definition_keys,MERGE,"Upstream review: the Total Program values were checked against page-010.png and its footnotes; retained values with explicit visual evidence. Printed cell 'Total Program' / 'Percent of Total NAV (%)' = 16.1. metric_name keeps the full printed column header including '(%)' (A) over B's trimmed form; asset_class 'Private Equity' from the printed banner (A); definition_keys keep the markers on the printed stub 'Strategy1,2' (A). as_of_date 'March 31, 2025' from printed footnote 3, 'Estimated PE exposure as of March 31, 2025.'.",RESOLVED,A+B+ADJUDICATOR,2ed0fcbdba2e9190c119988a53fc7336f39f37d2a2126c4d16706021ebba7db8
cc67198f3149d162e220,SRC602,10,PAIR_1A45E193EDA31173929D0D8C,CLASSIFICATION_CONFLICT,163,148,subject_type|asset_class|as_of_date|metric_name|definition_keys,MERGE,"Printed cell 'Venture Capital' / 'CalSTRS Interim Target (%)' = 10. metric_name keeps the full printed column header including '(%)' (A) over B's trimmed form; asset_class 'Private Equity' from the printed banner (A); definition_keys keep the markers on the printed stub 'Strategy1,2' (A). as_of_date blanked because page 10 prints no as-of date for this cell and A carried the cover date 'September 3, 2025'.",RESOLVED,A+B+ADJUDICATOR,2ed0fcbdba2e9190c119988a53fc7336f39f37d2a2126c4d16706021ebba7db8
36f14492b6cc264e21ff,SRC602,10,PAIR_5A8016DDB49C787BC54DDA69,CLASSIFICATION_CONFLICT,164,150,subject_type|asset_class|as_of_date|metric_name|definition_keys,MERGE,"Printed cell 'Venture Capital' / 'Percent of Total NAV (%)' = 7.7. metric_name keeps the full printed column header including '(%)' (A) over B's trimmed form; asset_class 'Private Equity' from the printed banner (A); definition_keys keep the markers on the printed stub 'Strategy1,2' (A). as_of_date blanked because page 10 prints no as-of date for this cell and A carried the cover date 'September 3, 2025'.",RESOLVED,A+B+ADJUDICATOR,2ed0fcbdba2e9190c119988a53fc7336f39f37d2a2126c4d16706021ebba7db8
c7d6db65b9774a325d22,SRC602,10,PAIR_5526E6B68802B4B3033BC755,CLASSIFICATION_CONFLICT,165,151,subject_type|asset_class|as_of_date|metric_name|definition_keys,MERGE,"Printed cell 'Venture Capital' / 'Target Range (%)' = 0-15. metric_name keeps the full printed column header including '(%)' (A) over B's trimmed form; asset_class 'Private Equity' from the printed banner (A); definition_keys keep the markers on the printed stub 'Strategy1,2' (A). as_of_date blanked because page 10 prints no as-of date for this cell and A carried the cover date 'September 3, 2025'.",RESOLVED,A+B+ADJUDICATOR,2ed0fcbdba2e9190c119988a53fc7336f39f37d2a2126c4d16706021ebba7db8
ac99f9baa9fe7d292873,SRC602,10,PAIR_413C05B77153EC4D5D4315DB,CLASSIFICATION_CONFLICT,166,152,source_row_label|subject_type,ACCEPT_A,"The footnote is printed with the marker '1'; A's label is that printed marker and resolves against the definition_keys on the table rows, while B labels two different footnotes 'Strategy' and two more 'Total Program'.",RESOLVED,A,2ed0fcbdba2e9190c119988a53fc7336f39f37d2a2126c4d16706021ebba7db8
466fe7688035d58eb43c,SRC602,10,PAIR_5D3267AA6585D39FC845435A,CLASSIFICATION_CONFLICT,167,153,source_row_label|source_occurrence|subject_type,ACCEPT_A,"The footnote is printed with the marker '2'; A's label is that printed marker and resolves against the definition_keys on the table rows, while B labels two different footnotes 'Strategy' and two more 'Total Program'.",RESOLVED,A,2ed0fcbdba2e9190c119988a53fc7336f39f37d2a2126c4d16706021ebba7db8
e5cb5c04c53380067d2a,SRC602,10,PAIR_6B64250E431A023F944DD7E0,CLASSIFICATION_CONFLICT,168,154,source_row_label|subject_type,ACCEPT_A,"The footnote is printed with the marker '3'; A's label is that printed marker and resolves against the definition_keys on the table rows, while B labels two different footnotes 'Strategy' and two more 'Total Program'.",RESOLVED,A,2ed0fcbdba2e9190c119988a53fc7336f39f37d2a2126c4d16706021ebba7db8
2be1c9869bea2abe944a,SRC602,10,PAIR_60CB9F52D58511009172A31E,CLASSIFICATION_CONFLICT,169,155,source_row_label|source_occurrence|subject_type,ACCEPT_A,"The footnote is printed with the marker '4'; A's label is that printed marker and resolves against the definition_keys on the table rows, while B labels two different footnotes 'Strategy' and two more 'Total Program'.",RESOLVED,A,2ed0fcbdba2e9190c119988a53fc7336f39f37d2a2126c4d16706021ebba7db8
b04c373350b542d8347d,SRC602,10,PAIR_9A1BA721281377F85A983C1A,B_ONLY,,126,,MERGE,"Printed cell 'Buyouts' under the printed column header 'NAV ($M)' = 43,371. A skipped the whole NAV column, so the row is B's alone and the page shows it is real. Retyped from B's allocation_observation/aum to fund_economics_observation/nav: the column prints NAV and aum is reserved for a manager's or plan's stated total assets. value_scope 'allocation_bucket' from the printed stub header 'Strategy'.",RESOLVED,B+ADJUDICATOR,2ed0fcbdba2e9190c119988a53fc7336f39f37d2a2126c4d16706021ebba7db8
1456650a162951045999,SRC602,10,PAIR_2EA66CCFC18418DDF7575833,B_ONLY,,130,,MERGE,"Printed cell 'Debt Related' under the printed column header 'NAV ($M)' = 3,222. A skipped the whole NAV column, so the row is B's alone and the page shows it is real. Retyped from B's allocation_observation/aum to fund_economics_observation/nav: the column prints NAV and aum is reserved for a manager's or plan's stated total assets. value_scope 'allocation_bucket' from the printed stub header 'Strategy'.",RESOLVED,B+ADJUDICATOR,2ed0fcbdba2e9190c119988a53fc7336f39f37d2a2126c4d16706021ebba7db8
b02060a71de7fad35ffb,SRC602,10,PAIR_9DFC616B7216832ABAC10AE0,B_ONLY,,134,,MERGE,"Printed cell 'Longer-Term Strategy' under the printed column header 'NAV ($M)' = 1,609. A skipped the whole NAV column, so the row is B's alone and the page shows it is real. Retyped from B's allocation_observation/aum to fund_economics_observation/nav: the column prints NAV and aum is reserved for a manager's or plan's stated total assets. value_scope 'allocation_bucket' from the printed stub header 'Strategy'.",RESOLVED,B+ADJUDICATOR,2ed0fcbdba2e9190c119988a53fc7336f39f37d2a2126c4d16706021ebba7db8
9ec70fb41c03e022a6e4,SRC602,10,PAIR_DCFFF3131E8F1D785A32EDB5,B_ONLY,,138,,MERGE,"Printed cell 'Multi-Strategy' under the printed column header 'NAV ($M)' = 1,492. A skipped the whole NAV column, so the row is B's alone and the page shows it is real. Retyped from B's allocation_observation/aum to fund_economics_observation/nav: the column prints NAV and aum is reserved for a manager's or plan's stated total assets. value_scope 'allocation_bucket' from the printed stub header 'Strategy'.",RESOLVED,B+ADJUDICATOR,2ed0fcbdba2e9190c119988a53fc7336f39f37d2a2126c4d16706021ebba7db8
ee26340aadaa416c8e41,SRC602,10,PAIR_3F02821E965DA7D5B3D66E27,B_ONLY,,142,,MERGE,"Printed cell 'Special Mandates' under the printed column header 'NAV ($M)' = 2,208. A skipped the whole NAV column, so the row is B's alone and the page shows it is real. Retyped from B's allocation_observation/aum to fund_economics_observation/nav: the column prints NAV and aum is reserved for a manager's or plan's stated total assets. value_scope 'allocation_bucket' from the printed stub header 'Strategy'.",RESOLVED,B+ADJUDICATOR,2ed0fcbdba2e9190c119988a53fc7336f39f37d2a2126c4d16706021ebba7db8
b0064ec3b15e9fd3292a,SRC602,10,PAIR_7B29BB7E455036016A195660,B_ONLY,,146,,MERGE,"Printed cell 'Total Program' under the printed column header 'NAV ($M)' = 56,204. A skipped the whole NAV column, so the row is B's alone and the page shows it is real. Retyped from B's allocation_observation/aum to fund_economics_observation/nav: the column prints NAV and aum is reserved for a manager's or plan's stated total assets. value_scope 'portfolio_total' from the printed row label 'Total Program'.; Source review: p10: Total Program (The printed label identifies the entity or table rather than a measurement basis; source labels retain its scope.)",RESOLVED,B+ADJUDICATOR,2ed0fcbdba2e9190c119988a53fc7336f39f37d2a2126c4d16706021ebba7db8
46e6396591c1b11424b6,SRC602,10,PAIR_8B25D11DDA147AF58529B254,B_ONLY,,149,,MERGE,"Printed cell 'Venture Capital' under the printed column header 'NAV ($M)' = 4,301. A skipped the whole NAV column, so the row is B's alone and the page shows it is real. Retyped from B's allocation_observation/aum to fund_economics_observation/nav: the column prints NAV and aum is reserved for a manager's or plan's stated total assets. value_scope 'allocation_bucket' from the printed stub header 'Strategy'.",RESOLVED,B+ADJUDICATOR,2ed0fcbdba2e9190c119988a53fc7336f39f37d2a2126c4d16706021ebba7db8
e8f35231d3f61898ffce,SRC602,11,PAIR_F0F83AE7DFF8CFBE6FE20D18,A_ONLY,170,,,MERGE,"Printed sentence: 'Current NAV ($56.2 billion) is 16.1% of the Total Fund, versus the long-term target of 14%.' A names each value with the phrase the page prints beside it; as_of_date blanked because page 11 prints no as-of date and A carried the cover date 'September 3, 2025'.",RESOLVED,A+ADJUDICATOR,2ed0fcbdba2e9190c119988a53fc7336f39f37d2a2126c4d16706021ebba7db8
b9e5ff3bb3bd81801e85,SRC602,11,PAIR_D2169DB5C064C67D89CD6A12,A_ONLY,171,,,MERGE,"Printed sentence: 'Current NAV ($56.2 billion) is 16.1% of the Total Fund, versus the long-term target of 14%.' A names each value with the phrase the page prints beside it; as_of_date blanked because page 11 prints no as-of date and A carried the cover date 'September 3, 2025'.",RESOLVED,A+ADJUDICATOR,2ed0fcbdba2e9190c119988a53fc7336f39f37d2a2126c4d16706021ebba7db8
316a6628e33af4326f8e,SRC602,11,PAIR_D8D40ED0656F0ED5CA5158BB,A_ONLY,172,,,MERGE,"Printed sentence: 'Current NAV ($56.2 billion) is 16.1% of the Total Fund, versus the long-term target of 14%.' A names each value with the phrase the page prints beside it; as_of_date blanked because page 11 prints no as-of date and A carried the cover date 'September 3, 2025'.; Source review: p11: CalSTRS Private Equity program (The printed label identifies the entity or table rather than a measurement basis; source labels retain its scope.)",RESOLVED,A+ADJUDICATOR,2ed0fcbdba2e9190c119988a53fc7336f39f37d2a2126c4d16706021ebba7db8
fcd7f60a6ca0a6e6268e,SRC099,1,PAIR_BD8DA068644D91A45CCEA90B,CLASSIFICATION_CONFLICT,1,1,source_section|source_table|subject_name|asset_class|investor_name|portfolio_name|period_end|evidence_quote,MERGE,"Cover prints Real Estate and PUBLIC SCHOOL EMPLOYEES RETIREMENT SYSTEM on separate lines; A quote is one verbatim line, B quote joins two. Kept A keying and added the printed period_end Second Quarter 2017.",RESOLVED,A+B+ADJUDICATOR,9431fea2def509ff0b86747dfb06cd7dfc1531dc86350d120f2fb4ef252e4c66
07366776ec37f636b044,SRC099,3,PAIR_51533909A099EA1FB4F9E4B6,CONTEXT_CONFLICT,2,2,source_section|strategy,MERGE,"Same table and same reason as the Ares row: A printed section heading kept, Value Added left out of strategy because context-grouping-map.csv carries no strategy row for it.",RESOLVED,A+B+ADJUDICATOR,9431fea2def509ff0b86747dfb06cd7dfc1531dc86350d120f2fb4ef252e4c66
7cbf8f57f872d73f7b13,SRC099,3,PAIR_7086F4549D08CE674FBF2696,CONTEXT_CONFLICT,3,3,source_section|strategy,MERGE,"Same table and same reason: A printed section heading kept, Value Added left out of strategy because context-grouping-map.csv carries no strategy row for it.",RESOLVED,A+B+ADJUDICATOR,9431fea2def509ff0b86747dfb06cd7dfc1531dc86350d120f2fb4ef252e4c66
ae2d8dd99db47f9fe8cb,SRC099,3,PAIR_3A8645A3D3B04B2A35F87390,CONTEXT_CONFLICT,4,4,source_section|strategy,MERGE,"Page prints the heading Commitments Approved and Executed Since April 1, 2017 above the table, so A section is right; the Type column prints Value Added, which has no row under context strategy in context-grouping-map.csv, so strategy stays blank and the printed word remains in the evidence quote.",RESOLVED,A+B+ADJUDICATOR,9431fea2def509ff0b86747dfb06cd7dfc1531dc86350d120f2fb4ef252e4c66
2d8c2423ceab4025a9ba,SRC099,3,PAIR_16B6E2AD54F846578F2C519B,CONTEXT_CONFLICT,5,5,source_section|strategy,MERGE,"A printed section heading kept; here the Type column prints Opportunistic, which does have a strategy row in context-grouping-map.csv, so B strategy is carried through.",RESOLVED,A+B+ADJUDICATOR,9431fea2def509ff0b86747dfb06cd7dfc1531dc86350d120f2fb4ef252e4c66
7bcf72ab26747a48d8ef,SRC099,5,PAIR_60FCDD6F98AAB45A3BB63723,CONTEXT_CONFLICT,6,6,source_section,ACCEPT_A,"Only difference is source_section; the page prints the heading Portfolio Snapshot for Real Estate above the table, and blank there while the page prints a title is a defect.",RESOLVED,A,9431fea2def509ff0b86747dfb06cd7dfc1531dc86350d120f2fb4ef252e4c66
5a49bb59c484ef7df0c9,SRC099,5,PAIR_61326E2C36C61BA340E06EF0,CONTEXT_CONFLICT,7,7,source_section|condition_raw,ACCEPT_A,"A carries the printed section heading; B also put Market Value in condition_raw, but the row a note annotates is not a condition on the note.",RESOLVED,A,9431fea2def509ff0b86747dfb06cd7dfc1531dc86350d120f2fb4ef252e4c66
2dd228ac1bd0adc29776,SRC099,5,PAIR_DCF3F85F95E1640294DF2BF6,CONTEXT_CONFLICT,8,8,source_section|asset_class|as_of_date|horizon|definition_keys,MERGE,"Neither lane complete: A carries the printed heading and asset_class Real Estate from the stub Real Estate ($M), B carries as_of_date 1Q17 and the printed marker. The label prints Capital Committed with superscript (1), so definition_keys is 1 as printed even though the page footnotes are keyed a and b.",RESOLVED,A+B+ADJUDICATOR,9431fea2def509ff0b86747dfb06cd7dfc1531dc86350d120f2fb4ef252e4c66
cbc6bb30a1b38ec0ae3d,SRC099,5,PAIR_B98A495CA03ED3E54F62FD87,CONTEXT_CONFLICT,9,9,source_section|asset_class|as_of_date|horizon,MERGE,"Same table and same split as the 1Q17 cell: A heading and asset_class, B as_of_date 2Q17 and printed marker 1.",RESOLVED,A+B+ADJUDICATOR,9431fea2def509ff0b86747dfb06cd7dfc1531dc86350d120f2fb4ef252e4c66
0b44c8095f19a5853137,SRC099,5,PAIR_CDFDFBAF6332560399F3D18A,CONTEXT_CONFLICT,10,10,source_section|asset_class|horizon,MERGE,"Change column names no date and no measurement window, so as_of_date and horizon are both blank and the printed column stays in source_column_label; A heading and asset_class kept, printed marker 1 kept.",RESOLVED,A+B+ADJUDICATOR,9431fea2def509ff0b86747dfb06cd7dfc1531dc86350d120f2fb4ef252e4c66
944f3e8a76b3dd28a2d9,SRC099,5,PAIR_7F779D44218AB62CDEF44A35,CONTEXT_CONFLICT,11,11,source_section|asset_class|as_of_date|horizon,MERGE,"A heading and asset_class, B as_of_date.",RESOLVED,A+B+ADJUDICATOR,9431fea2def509ff0b86747dfb06cd7dfc1531dc86350d120f2fb4ef252e4c66
92973e37ff9448369f4f,SRC099,5,PAIR_40FEAB3991B3C88412610C81,CONTEXT_CONFLICT,12,12,source_section|asset_class|as_of_date|horizon,MERGE,"A heading and asset_class, B as_of_date.",RESOLVED,A+B+ADJUDICATOR,9431fea2def509ff0b86747dfb06cd7dfc1531dc86350d120f2fb4ef252e4c66
75212df55e177a15c6b7,SRC099,5,PAIR_CB4108EA08669FDF67564212,CONTEXT_CONFLICT,13,13,source_section|asset_class|horizon,MERGE,Change column names no date and no window; A heading and asset_class kept.,RESOLVED,A+B+ADJUDICATOR,9431fea2def509ff0b86747dfb06cd7dfc1531dc86350d120f2fb4ef252e4c66
90350eae69033ef49505,SRC099,5,PAIR_9C853F22F36EFADE642986AF,CONTEXT_CONFLICT,14,14,source_section|asset_class|as_of_date|horizon|value_scope,MERGE,"A heading and asset_class, B as_of_date; distribution is not a qualified category, so the value_scope A wrote is dropped.",RESOLVED,A+B+ADJUDICATOR,9431fea2def509ff0b86747dfb06cd7dfc1531dc86350d120f2fb4ef252e4c66
dc1b804603f34ae10b86,SRC099,5,PAIR_CA92DC611D17F18F1FE7D143,CONTEXT_CONFLICT,15,15,source_section|asset_class|as_of_date|horizon|value_scope,MERGE,"A heading and asset_class, B as_of_date; distribution is not a qualified category.",RESOLVED,A+B+ADJUDICATOR,9431fea2def509ff0b86747dfb06cd7dfc1531dc86350d120f2fb4ef252e4c66
1f8be81902a048be2190,SRC099,5,PAIR_4550AC47A81E46C98306556C,CONTEXT_CONFLICT,16,16,source_section|asset_class|horizon|value_scope,MERGE,Change column names no date and no window; distribution is not a qualified category.,RESOLVED,A+B+ADJUDICATOR,9431fea2def509ff0b86747dfb06cd7dfc1531dc86350d120f2fb4ef252e4c66
369386733513dfea4663,SRC099,5,PAIR_8F7D5B299DDF214DAFE406D5,CONTEXT_CONFLICT,17,17,source_section|asset_class|as_of_date|horizon,MERGE,"A heading and asset_class, B as_of_date; nav is qualified and footnote b Includes Gross PTRES Exposure is printed on the label, so value_scope portfolio_total is backed by a cited key.",RESOLVED,A+B+ADJUDICATOR,9431fea2def509ff0b86747dfb06cd7dfc1531dc86350d120f2fb4ef252e4c66
556dd82d626387d8ae24,SRC099,5,PAIR_9109C399BD02F56BD976A007,CONTEXT_CONFLICT,18,18,source_section|asset_class|as_of_date|horizon,MERGE,"A heading and asset_class, B as_of_date; value_scope backed by cited footnote b.",RESOLVED,A+B+ADJUDICATOR,9431fea2def509ff0b86747dfb06cd7dfc1531dc86350d120f2fb4ef252e4c66
816b3d51cf5e8cb16793,SRC099,5,PAIR_D904686C424DEE11B9BADEBC,CONTEXT_CONFLICT,19,19,source_section|asset_class|horizon,MERGE,Change column names no date and no window; value_scope backed by cited footnote b.,RESOLVED,A+B+ADJUDICATOR,9431fea2def509ff0b86747dfb06cd7dfc1531dc86350d120f2fb4ef252e4c66
ef741b082106f971a534,SRC099,5,PAIR_743A0B33FA5E2BC2F9EB3825,CONTEXT_CONFLICT,20,20,source_section|asset_class|as_of_date|horizon,MERGE,"A heading and asset_class, B as_of_date; the row prints IRR so the category is irr, and the page states no fee treatment, so fee_basis is unstated.",RESOLVED,A+B+ADJUDICATOR,9431fea2def509ff0b86747dfb06cd7dfc1531dc86350d120f2fb4ef252e4c66
6dbf8c30eb487439a40a,SRC099,5,PAIR_60956C940E001DA5B8D7AA6B,CONTEXT_CONFLICT,21,21,source_section|asset_class|as_of_date|horizon,MERGE,"A heading and asset_class, B as_of_date; irr with fee_basis unstated.",RESOLVED,A+B+ADJUDICATOR,9431fea2def509ff0b86747dfb06cd7dfc1531dc86350d120f2fb4ef252e4c66
0be41301a03a5989b917,SRC099,5,PAIR_30898160BE1F35F01005C8C0,CONTEXT_CONFLICT,22,22,source_section|asset_class|horizon,MERGE,Change column names no date and no window; irr with fee_basis unstated.,RESOLVED,A+B+ADJUDICATOR,9431fea2def509ff0b86747dfb06cd7dfc1531dc86350d120f2fb4ef252e4c66
c2b271179fa5924d2c8f,SRC099,5,PAIR_18DD0C4C39251714F64CBC4E,CONTEXT_CONFLICT,23,23,source_section|asset_class|as_of_date|horizon,MERGE,"A heading and asset_class, B as_of_date; the printed x stays on the value and in unit, and the multiple column prints no currency scale.",RESOLVED,A+B+ADJUDICATOR,9431fea2def509ff0b86747dfb06cd7dfc1531dc86350d120f2fb4ef252e4c66
ad90a5e31bf3db430084,SRC099,5,PAIR_F28F0F01E518321E403A9DE5,CONTEXT_CONFLICT,24,24,source_section|asset_class|as_of_date|horizon,MERGE,"A heading and asset_class, B as_of_date; printed x kept on value and in unit.",RESOLVED,A+B+ADJUDICATOR,9431fea2def509ff0b86747dfb06cd7dfc1531dc86350d120f2fb4ef252e4c66
c009d98686a36c8e0390,SRC099,5,PAIR_0CF5C2C409258831744C9E29,CONTEXT_CONFLICT,25,25,source_section|asset_class|horizon,MERGE,Change column names no date and no window; printed x kept on value and in unit.,RESOLVED,A+B+ADJUDICATOR,9431fea2def509ff0b86747dfb06cd7dfc1531dc86350d120f2fb4ef252e4c66
674ad93651c1d495bb72,SRC099,5,PAIR_AE2FEF8210BEF77B7CCDFD19,CONTEXT_CONFLICT,26,26,source_section|asset_class|as_of_date|horizon,MERGE,"A heading and asset_class, B as_of_date; the row carries no printed marker.",RESOLVED,A+B+ADJUDICATOR,9431fea2def509ff0b86747dfb06cd7dfc1531dc86350d120f2fb4ef252e4c66
ceb6eab898e69914eeb7,SRC099,5,PAIR_185FD21230FC073491668234,CONTEXT_CONFLICT,27,27,source_section|asset_class|as_of_date|horizon,MERGE,"A heading and asset_class, B as_of_date.",RESOLVED,A+B+ADJUDICATOR,9431fea2def509ff0b86747dfb06cd7dfc1531dc86350d120f2fb4ef252e4c66
47e290fddb3bf0905505,SRC099,5,PAIR_9F8A9D627A569FF86BAF2ECF,CONTEXT_CONFLICT,28,28,source_section|asset_class|horizon,MERGE,Change column names no date and no window; A heading and asset_class kept.,RESOLVED,A+B+ADJUDICATOR,9431fea2def509ff0b86747dfb06cd7dfc1531dc86350d120f2fb4ef252e4c66
d6113f78d5b3560898f8,SRC099,6,PAIR_05657BECC13C6153E618C7C8,A_ONLY,29,,,MERGE,One-sided A row for a printed cell B skipped: the % of PSERS Market Value column prints 6% on the Direct Investments row. Added the period_end 2Q17 the title prints and A left blank.,RESOLVED,A+ADJUDICATOR,9431fea2def509ff0b86747dfb06cd7dfc1531dc86350d120f2fb4ef252e4c66
3292e2d00175ed720c4d,SRC099,6,PAIR_E7F8B84A91F7263092639091,A_ONLY,30,,,MERGE,One-sided A row for a printed cell B skipped; added the printed period_end 2Q17.,RESOLVED,A+ADJUDICATOR,9431fea2def509ff0b86747dfb06cd7dfc1531dc86350d120f2fb4ef252e4c66
02a389e334b0d6236dea,SRC099,6,PAIR_3C031F9EAB593209A3736192,A_ONLY,31,,,MERGE,One-sided A row for a printed cell B skipped; added the printed period_end 2Q17.,RESOLVED,A+ADJUDICATOR,9431fea2def509ff0b86747dfb06cd7dfc1531dc86350d120f2fb4ef252e4c66
3d96bd746ea52e2bc172,SRC099,6,PAIR_49F03A44FFE6FC571D4874FF,A_ONLY,32,,,MERGE,One-sided A row for a printed cell B skipped; added the printed period_end 2Q17.,RESOLVED,A+ADJUDICATOR,9431fea2def509ff0b86747dfb06cd7dfc1531dc86350d120f2fb4ef252e4c66
ce9b7c685e0601b18521,SRC099,6,PAIR_994C19476202C0500E70FF8C,A_ONLY,33,,,MERGE,One-sided A row for a printed cell B skipped; added the printed period_end 2Q17.,RESOLVED,A+ADJUDICATOR,9431fea2def509ff0b86747dfb06cd7dfc1531dc86350d120f2fb4ef252e4c66
1cc4fbfa7a7bfad89a78,SRC099,6,PAIR_F5271D29C1916F239AF98857,A_ONLY,34,,,MERGE,"One-sided A row for a printed cell B skipped; added the printed period_end 2Q17. The label prints Total Portfolio with marker d, kept in definition_keys.",RESOLVED,A+ADJUDICATOR,9431fea2def509ff0b86747dfb06cd7dfc1531dc86350d120f2fb4ef252e4c66
7629435e5fa75a508da8,SRC099,6,PAIR_698CE24722074667B3102D42,CONTEXT_CONFLICT,35,29,source_section,ACCEPT_A,Only difference is source_section; the page prints RE Performance by Investment Structure - 2Q17 above the table.,RESOLVED,A,9431fea2def509ff0b86747dfb06cd7dfc1531dc86350d120f2fb4ef252e4c66
7d0fd8fa0d7240d6bfce,SRC099,6,PAIR_31C9253EA2121098DF5322E2,CONTEXT_CONFLICT,36,30,source_section,ACCEPT_A,Only difference is source_section; the printed page heading is never correctly blank.,RESOLVED,A,9431fea2def509ff0b86747dfb06cd7dfc1531dc86350d120f2fb4ef252e4c66
d15229f329b74940ff50,SRC099,6,PAIR_89C35A5EB976337EF4640BA5,CONTEXT_CONFLICT,37,31,source_section,ACCEPT_A,Only difference is source_section; the printed page heading is never correctly blank.,RESOLVED,A,9431fea2def509ff0b86747dfb06cd7dfc1531dc86350d120f2fb4ef252e4c66
b90740ded29b48db5370,SRC099,6,PAIR_4AC0EA21F89C38D6ECBB7393,CONTEXT_CONFLICT,38,32,source_section,ACCEPT_A,Only difference is source_section; the printed page heading is never correctly blank.,RESOLVED,A,9431fea2def509ff0b86747dfb06cd7dfc1531dc86350d120f2fb4ef252e4c66
a9764a771e9639a39b54,SRC099,6,PAIR_8476172816AA7B6771CE87DA,CLASSIFICATION_CONFLICT,39,33,source_section|source_column_label|period_end|metric_category|method,MERGE,"Blended Benchmark (2), 1-Year: marker (c) Dollar-weighted (IRR) gives irr, so B category is right; A heading and stripped label kept, B period_end kept.",RESOLVED,A+B+ADJUDICATOR,9431fea2def509ff0b86747dfb06cd7dfc1531dc86350d120f2fb4ef252e4c66
bdce6c4df3eed4b635d1,SRC099,6,PAIR_EA8C8F462486BC267DE0AACC,CLASSIFICATION_CONFLICT,40,34,source_section|source_column_label|period_end|metric_category|method,MERGE,"Blended Benchmark (3), 1-Year: marker (c) Dollar-weighted (IRR) gives irr; A heading and stripped label, B period_end.",RESOLVED,A+B+ADJUDICATOR,9431fea2def509ff0b86747dfb06cd7dfc1531dc86350d120f2fb4ef252e4c66
821717270f8ddd4d3e18,SRC099,6,PAIR_0AC0705ADDC88C32FE95AB31,CLASSIFICATION_CONFLICT,41,35,source_section|source_column_label|period_end|metric_category|method,MERGE,"Blended Benchmark (4), 1-Year: marker (c) Dollar-weighted (IRR) gives irr; A heading and stripped label, B period_end.",RESOLVED,A+B+ADJUDICATOR,9431fea2def509ff0b86747dfb06cd7dfc1531dc86350d120f2fb4ef252e4c66
5d9f7a5227205877111c,SRC099,6,PAIR_7F980013C298407FCB8F79BC,CLASSIFICATION_CONFLICT,42,36,source_section|source_column_label|period_end|metric_category|method,MERGE,"Blended Benchmark (5), 1-Year: marker (c) Dollar-weighted (IRR) gives irr; A heading and stripped label, B period_end.",RESOLVED,A+B+ADJUDICATOR,9431fea2def509ff0b86747dfb06cd7dfc1531dc86350d120f2fb4ef252e4c66
f6876333bf51b3bc037b,SRC099,6,PAIR_511CE8D542009265C3F13559,CLASSIFICATION_CONFLICT,43,37,source_section|source_column_label|period_end|metric_category|method,MERGE,"Blended Benchmark (2), 10-Year: marker (c) Dollar-weighted (IRR) gives irr; A heading and stripped label, B period_end.",RESOLVED,A+B+ADJUDICATOR,9431fea2def509ff0b86747dfb06cd7dfc1531dc86350d120f2fb4ef252e4c66
bc820e281eb2d024649e,SRC099,6,PAIR_DCEA1F2939BEA003889AF995,A_ONLY,44,,,MERGE,"Blended Benchmark (4), 10-Year: marker (c) Dollar-weighted (IRR) gives irr. Published from the A keying because the label rule drops (c) from the column label; the matching B row is rejected as the same cell.",RESOLVED,A+ADJUDICATOR,9431fea2def509ff0b86747dfb06cd7dfc1531dc86350d120f2fb4ef252e4c66
c7fd7a97628d4218a346,SRC099,6,PAIR_8B2EA4ADF32E77F5A42181FB,CLASSIFICATION_CONFLICT,45,39,source_section|source_column_label|period_end|metric_category|method,MERGE,"Blended Benchmark (5), 10-Year: marker (c) Dollar-weighted (IRR) gives irr; A heading and stripped label, B period_end.",RESOLVED,A+B+ADJUDICATOR,9431fea2def509ff0b86747dfb06cd7dfc1531dc86350d120f2fb4ef252e4c66
4a1c82550cc69f8a1c39,SRC099,6,PAIR_294FD1835A2359FB6712B38D,CLASSIFICATION_CONFLICT,46,40,source_section|source_column_label|period_end|metric_category|method,MERGE,"Blended Benchmark (2), 3-Year: marker (c) Dollar-weighted (IRR) gives irr; A heading and stripped label, B period_end.",RESOLVED,A+B+ADJUDICATOR,9431fea2def509ff0b86747dfb06cd7dfc1531dc86350d120f2fb4ef252e4c66
8869bcc5edc4cb36f0f7,SRC099,6,PAIR_18682FD386BA54406006CDF4,CLASSIFICATION_CONFLICT,47,41,source_section|source_column_label|period_end|metric_category|method,MERGE,"Blended Benchmark (3), 3-Year: marker (c) Dollar-weighted (IRR) gives irr; A heading and stripped label, B period_end.",RESOLVED,A+B+ADJUDICATOR,9431fea2def509ff0b86747dfb06cd7dfc1531dc86350d120f2fb4ef252e4c66
6f317cf3167e273f546c,SRC099,6,PAIR_3410FE47ABE3F21577B36F3C,CLASSIFICATION_CONFLICT,48,42,source_section|source_column_label|period_end|metric_category|method,MERGE,"Blended Benchmark (4), 3-Year: marker (c) Dollar-weighted (IRR) gives irr; A heading and stripped label, B period_end.",RESOLVED,A+B+ADJUDICATOR,9431fea2def509ff0b86747dfb06cd7dfc1531dc86350d120f2fb4ef252e4c66
d0fa980a0a1eb9a5c14e,SRC099,6,PAIR_E3740D21CA9E71D36679ABD5,CLASSIFICATION_CONFLICT,49,43,source_section|source_column_label|period_end|metric_category|method,MERGE,"Blended Benchmark (5), 3-Year: marker (c) Dollar-weighted (IRR) gives irr; A heading and stripped label, B period_end.",RESOLVED,A+B+ADJUDICATOR,9431fea2def509ff0b86747dfb06cd7dfc1531dc86350d120f2fb4ef252e4c66
6e071f64e44b3ec9d75f,SRC099,6,PAIR_DA6A07604300A77BE65B7A49,CLASSIFICATION_CONFLICT,50,44,source_section|source_column_label|period_end|metric_category|method,MERGE,"Blended Benchmark (2), 5-Year: marker (c) Dollar-weighted (IRR) gives irr; A heading and stripped label, B period_end.",RESOLVED,A+B+ADJUDICATOR,9431fea2def509ff0b86747dfb06cd7dfc1531dc86350d120f2fb4ef252e4c66
0058827cdb9461afd8ba,SRC099,6,PAIR_938DF81D2C19BD80643CA582,CLASSIFICATION_CONFLICT,51,45,source_section|source_column_label|period_end|metric_category|method,MERGE,"Blended Benchmark (4), 5-Year: marker (c) Dollar-weighted (IRR) gives irr; A heading and stripped label, B period_end.",RESOLVED,A+B+ADJUDICATOR,9431fea2def509ff0b86747dfb06cd7dfc1531dc86350d120f2fb4ef252e4c66
c2d0468fc012e5f21b80,SRC099,6,PAIR_0A546CF2C4F2BEA81DAC822F,CLASSIFICATION_CONFLICT,52,46,source_section|source_column_label|period_end|metric_category|method,MERGE,"Blended Benchmark (5), 5-Year: marker (c) Dollar-weighted (IRR) gives irr; A heading and stripped label, B period_end.",RESOLVED,A+B+ADJUDICATOR,9431fea2def509ff0b86747dfb06cd7dfc1531dc86350d120f2fb4ef252e4c66
feff65ccc7ca9a637a73,SRC099,6,PAIR_2738618A7C19D3E0097AFD7C,CLASSIFICATION_CONFLICT,53,47,source_section|source_column_label|period_end|metric_category|method,MERGE,"Blended Benchmark (2), Inception: markers (a,c) give irr with both keys cited; A heading and stripped label, B period_end.",RESOLVED,A+B+ADJUDICATOR,9431fea2def509ff0b86747dfb06cd7dfc1531dc86350d120f2fb4ef252e4c66
80ccd236f796f656d69b,SRC099,6,PAIR_93C3250CAADDA46B62FA777C,CLASSIFICATION_CONFLICT,54,48,source_section|source_column_label|period_end|metric_category|method,MERGE,"Blended Benchmark (3), Inception: markers (a,c) give irr with both keys cited; A heading and stripped label, B period_end.",RESOLVED,A+B+ADJUDICATOR,9431fea2def509ff0b86747dfb06cd7dfc1531dc86350d120f2fb4ef252e4c66
12aa2381b6e0603006bc,SRC099,6,PAIR_8A81E1295AD00B425820B2F0,CLASSIFICATION_CONFLICT,55,49,source_section|source_column_label|period_end|metric_category|method,MERGE,"Blended Benchmark (4), Inception: markers (a,c) give irr with both keys cited; A heading and stripped label, B period_end.",RESOLVED,A+B+ADJUDICATOR,9431fea2def509ff0b86747dfb06cd7dfc1531dc86350d120f2fb4ef252e4c66
099645938de9bf8c99e2,SRC099,6,PAIR_A3A9F696D2AE858FB4D06ACF,CLASSIFICATION_CONFLICT,56,50,source_section|source_column_label|period_end|metric_category|method,MERGE,"Blended Benchmark (5), Inception: markers (a,c) give irr with both keys cited; A heading and stripped label, B period_end.",RESOLVED,A+B+ADJUDICATOR,9431fea2def509ff0b86747dfb06cd7dfc1531dc86350d120f2fb4ef252e4c66
36781a5dd7d0972af392,SRC099,6,PAIR_C86A8B19B1C0BCFD1955DC0A,CONTEXT_CONFLICT,57,51,source_section|source_column_label|period_end,MERGE,"Blended Benchmark row carrying marker (2), Quarter column: marker (b) Time-weighted gives return with method time_weighted; A heading and stripped label, B period_end. Marker 2 resolves to the page 7 benchmark footnote block.",RESOLVED,A+B+ADJUDICATOR,9431fea2def509ff0b86747dfb06cd7dfc1531dc86350d120f2fb4ef252e4c66
0382db7eee338f0a7fb2,SRC099,6,PAIR_B894452013E52746F3E1953B,CONTEXT_CONFLICT,58,52,source_section|source_column_label|period_end,MERGE,"Blended Benchmark row carrying marker (3), Quarter: marker (b) Time-weighted gives return with method time_weighted. The 5-Year and 10-Year cells on this row print N/A and take no row.",RESOLVED,A+B+ADJUDICATOR,9431fea2def509ff0b86747dfb06cd7dfc1531dc86350d120f2fb4ef252e4c66
ee99fdbbebaf668e3ca1,SRC099,6,PAIR_F36960CEFEF5131110DEE3B6,CONTEXT_CONFLICT,59,53,source_section|source_column_label|period_end,MERGE,"Blended Benchmark row carrying marker (4), Quarter: marker (b) Time-weighted gives return with method time_weighted.",RESOLVED,A+B+ADJUDICATOR,9431fea2def509ff0b86747dfb06cd7dfc1531dc86350d120f2fb4ef252e4c66
97892ad3533dea3a978c,SRC099,6,PAIR_D20139C583796E9B8CB76BAB,CONTEXT_CONFLICT,60,54,source_section|source_column_label|period_end,MERGE,"Blended Benchmark row carrying marker (5), Quarter: marker (b) Time-weighted gives return with method time_weighted.",RESOLVED,A+B+ADJUDICATOR,9431fea2def509ff0b86747dfb06cd7dfc1531dc86350d120f2fb4ef252e4c66
a8600f70425922b11f95,SRC099,6,PAIR_4C3513BD4BBAB2CE22BD2719,CONTEXT_CONFLICT,61,55,source_section|source_column_label|period_end,MERGE,"Blended Benchmark (2), Y-T-D: marker (b) Time-weighted gives return with method time_weighted; A heading and stripped label, B period_end.",RESOLVED,A+B+ADJUDICATOR,9431fea2def509ff0b86747dfb06cd7dfc1531dc86350d120f2fb4ef252e4c66
c81b32a4722720bf77e4,SRC099,6,PAIR_33D826A86304EE1BE76A3F28,A_ONLY,62,,,MERGE,"Blended Benchmark (3), Y-T-D: marker (b) Time-weighted gives return with method time_weighted. Published from the A keying because the label rule drops (b) from the column label; the matching B row is rejected as the same cell.",RESOLVED,A+ADJUDICATOR,9431fea2def509ff0b86747dfb06cd7dfc1531dc86350d120f2fb4ef252e4c66
be03f777054198a358f9,SRC099,6,PAIR_081F6DBEB64B85C6C6B25E07,CONTEXT_CONFLICT,63,57,source_section|source_column_label|period_end,MERGE,"Blended Benchmark (4), Y-T-D: marker (b) Time-weighted gives return with method time_weighted; A heading and stripped label, B period_end.",RESOLVED,A+B+ADJUDICATOR,9431fea2def509ff0b86747dfb06cd7dfc1531dc86350d120f2fb4ef252e4c66
87377e62aa8140760b03,SRC099,6,PAIR_B7F4B4C5F1866527EA28F80D,CONTEXT_CONFLICT,64,58,source_section|source_column_label|period_end,MERGE,"Blended Benchmark (5), Y-T-D: marker (b) Time-weighted gives return with method time_weighted; A heading and stripped label, B period_end.",RESOLVED,A+B+ADJUDICATOR,9431fea2def509ff0b86747dfb06cd7dfc1531dc86350d120f2fb4ef252e4c66
3ee796a94f02cb8eec7c,SRC099,6,PAIR_6AC7F15AC5376CEBB6617665,CLASSIFICATION_CONFLICT,65,59,source_section|source_column_label|subject_type|period_end|metric_category|method,MERGE,"1-Year prints marker (c) and footnote (c) reads Dollar-weighted (IRR), so B category irr is right; A heading and stripped column label kept, B period_end 2Q17 kept, fee_basis unstated because the page states no fee treatment.",RESOLVED,A+B+ADJUDICATOR,9431fea2def509ff0b86747dfb06cd7dfc1531dc86350d120f2fb4ef252e4c66
346666ee3a1935704520,SRC099,6,PAIR_C3543805FE893CD035AF5ABD,CLASSIFICATION_CONFLICT,66,60,source_section|source_column_label|subject_type|period_end|metric_category|method,MERGE,"10-Year prints marker (c) Dollar-weighted (IRR), so irr; A heading and stripped label, B period_end.",RESOLVED,A+B+ADJUDICATOR,9431fea2def509ff0b86747dfb06cd7dfc1531dc86350d120f2fb4ef252e4c66
f43f5c8a622613b73b67,SRC099,6,PAIR_831473EA122CCAC94838123E,CLASSIFICATION_CONFLICT,67,61,source_section|source_column_label|subject_type|period_end|metric_category|method,MERGE,"3-Year prints marker (c) Dollar-weighted (IRR), so irr; A heading and stripped label, B period_end.",RESOLVED,A+B+ADJUDICATOR,9431fea2def509ff0b86747dfb06cd7dfc1531dc86350d120f2fb4ef252e4c66
4b4ebc11b6bd20f0425a,SRC099,6,PAIR_FE86A69971F036BB0440C971,CLASSIFICATION_CONFLICT,68,62,source_section|source_column_label|subject_type|period_end|metric_category|method,MERGE,"5-Year prints marker (c) Dollar-weighted (IRR), so irr; A heading and stripped label, B period_end.",RESOLVED,A+B+ADJUDICATOR,9431fea2def509ff0b86747dfb06cd7dfc1531dc86350d120f2fb4ef252e4c66
740b787af13a40e99844,SRC099,6,PAIR_07CB24965C5492B5BC9373F9,CLASSIFICATION_CONFLICT,69,63,source_section|source_column_label|subject_type|period_end|metric_category|method,MERGE,"Inception prints markers (a,c): (c) Dollar-weighted (IRR) gives irr and (a) names the inception dates, so both keys are cited; A heading and stripped label, B period_end.",RESOLVED,A+B+ADJUDICATOR,9431fea2def509ff0b86747dfb06cd7dfc1531dc86350d120f2fb4ef252e4c66
491ef2bbe778562e5ad6,SRC099,6,PAIR_31026BC805F61E241DC64258,CLASSIFICATION_CONFLICT,70,64,source_section|source_column_label|subject_type|period_end,MERGE,"Quarter prints marker (b) and footnote (b) reads Time-weighted, so return with method time_weighted and fee_basis unstated. A kept the printed heading and the stripped column label, B supplied the printed period_end 2Q17; A subject_type is right because a structure bucket is not the owner aggregate.",RESOLVED,A+B+ADJUDICATOR,9431fea2def509ff0b86747dfb06cd7dfc1531dc86350d120f2fb4ef252e4c66
e1590f8ad2695d695be7,SRC099,6,PAIR_8D119392C19B21F1BF9E2790,CLASSIFICATION_CONFLICT,71,65,source_section|source_column_label|subject_type|period_end,MERGE,"Y-T-D prints marker (b) Time-weighted, so return with method time_weighted; A heading and stripped label, B period_end.",RESOLVED,A+B+ADJUDICATOR,9431fea2def509ff0b86747dfb06cd7dfc1531dc86350d120f2fb4ef252e4c66
c4cd77020192bedafaa6,SRC099,6,PAIR_86E94D4F15B628CFC15D1DAD,CLASSIFICATION_CONFLICT,72,66,source_section|source_column_label|subject_type|period_end|metric_category|method,MERGE,"1-Year prints marker (c) Dollar-weighted (IRR), so irr; A heading and stripped label, B period_end.",RESOLVED,A+B+ADJUDICATOR,9431fea2def509ff0b86747dfb06cd7dfc1531dc86350d120f2fb4ef252e4c66
b4e46a3b13ae130e8d1c,SRC099,6,PAIR_6B94C6EAD855D482C3B6BE37,CLASSIFICATION_CONFLICT,73,67,source_section|source_column_label|subject_type|period_end|metric_category|method,MERGE,"10-Year prints marker (c) Dollar-weighted (IRR), so irr; A heading and stripped label, B period_end.",RESOLVED,A+B+ADJUDICATOR,9431fea2def509ff0b86747dfb06cd7dfc1531dc86350d120f2fb4ef252e4c66
65f07b881dd293138d49,SRC099,6,PAIR_DC42A28D0CC71331C16998ED,CLASSIFICATION_CONFLICT,74,68,source_section|source_column_label|subject_type|period_end|metric_category|method,MERGE,"3-Year prints marker (c) Dollar-weighted (IRR), so irr; A heading and stripped label, B period_end.",RESOLVED,A+B+ADJUDICATOR,9431fea2def509ff0b86747dfb06cd7dfc1531dc86350d120f2fb4ef252e4c66
a2bb412072bceb213d2a,SRC099,6,PAIR_D2B9A350188DDAECC5908298,CLASSIFICATION_CONFLICT,75,69,source_section|source_column_label|subject_type|period_end|metric_category|method,MERGE,"5-Year prints marker (c) Dollar-weighted (IRR), so irr; A heading and stripped label, B period_end.",RESOLVED,A+B+ADJUDICATOR,9431fea2def509ff0b86747dfb06cd7dfc1531dc86350d120f2fb4ef252e4c66
d34a1b074e41fd92843b,SRC099,6,PAIR_6EA5D1E385FA0E197F0D3E62,CLASSIFICATION_CONFLICT,76,70,source_section|source_column_label|subject_type|period_end|metric_category|method,MERGE,"Inception prints markers (a,c), so irr with both keys cited; A heading and stripped label, B period_end.",RESOLVED,A+B+ADJUDICATOR,9431fea2def509ff0b86747dfb06cd7dfc1531dc86350d120f2fb4ef252e4c66
b8718a4be691fb871015,SRC099,6,PAIR_D2B8113714F8313F4795D5E1,CLASSIFICATION_CONFLICT,77,71,source_section|source_column_label|subject_type|period_end,MERGE,"Quarter prints marker (b) Time-weighted, so return with method time_weighted; A heading and stripped label, B period_end.",RESOLVED,A+B+ADJUDICATOR,9431fea2def509ff0b86747dfb06cd7dfc1531dc86350d120f2fb4ef252e4c66
bcdd5e5c63aab92eefb5,SRC099,6,PAIR_A43DE3D65266C8270FA860E3,CLASSIFICATION_CONFLICT,78,72,source_section|source_column_label|subject_type|period_end,MERGE,"Y-T-D prints marker (b) Time-weighted, so return with method time_weighted; A heading and stripped label, B period_end.",RESOLVED,A+B+ADJUDICATOR,9431fea2def509ff0b86747dfb06cd7dfc1531dc86350d120f2fb4ef252e4c66
5a6846cf445971b5b04a,SRC099,6,PAIR_7AA4F26A49E9D01DED001A7E,CLASSIFICATION_CONFLICT,79,73,source_section|source_column_label|subject_type|period_end|metric_category|method,MERGE,"1-Year prints marker (c) Dollar-weighted (IRR), so irr; A heading and stripped label, B period_end.",RESOLVED,A+B+ADJUDICATOR,9431fea2def509ff0b86747dfb06cd7dfc1531dc86350d120f2fb4ef252e4c66
69b631f1f4fd30eb703e,SRC099,6,PAIR_610ECBA6A32C2F0A68A351B0,CLASSIFICATION_CONFLICT,80,74,source_section|source_column_label|subject_type|period_end|metric_category|method,MERGE,"10-Year prints marker (c) Dollar-weighted (IRR), so irr; A heading and stripped label, B period_end.",RESOLVED,A+B+ADJUDICATOR,9431fea2def509ff0b86747dfb06cd7dfc1531dc86350d120f2fb4ef252e4c66
63ecc2b31cacdcf63c99,SRC099,6,PAIR_E73AB29DC803AF6E023D6976,CLASSIFICATION_CONFLICT,81,75,source_section|source_column_label|subject_type|period_end|metric_category|method,MERGE,"3-Year prints marker (c) Dollar-weighted (IRR), so irr; A heading and stripped label, B period_end.",RESOLVED,A+B+ADJUDICATOR,9431fea2def509ff0b86747dfb06cd7dfc1531dc86350d120f2fb4ef252e4c66
673cd129427499e6617c,SRC099,6,PAIR_6A410459AEA2941682022689,CLASSIFICATION_CONFLICT,82,76,source_section|source_column_label|subject_type|period_end|metric_category|method,MERGE,"5-Year prints marker (c) Dollar-weighted (IRR), so irr; A heading and stripped label, B period_end.",RESOLVED,A+B+ADJUDICATOR,9431fea2def509ff0b86747dfb06cd7dfc1531dc86350d120f2fb4ef252e4c66
f4639455fcbcae4faabb,SRC099,6,PAIR_317421E89D5657A4EFCEA4BC,CLASSIFICATION_CONFLICT,83,77,source_section|source_column_label|subject_type|period_end|metric_category|method,MERGE,"Inception prints markers (a,c), so irr with both keys cited; A heading and stripped label, B period_end.",RESOLVED,A+B+ADJUDICATOR,9431fea2def509ff0b86747dfb06cd7dfc1531dc86350d120f2fb4ef252e4c66
0702a1195cc33c2485b4,SRC099,6,PAIR_C711234A21A7F610487021DC,CLASSIFICATION_CONFLICT,84,78,source_section|source_column_label|subject_type|period_end,MERGE,"Quarter prints marker (b) Time-weighted, so return with method time_weighted; A heading and stripped label, B period_end.",RESOLVED,A+B+ADJUDICATOR,9431fea2def509ff0b86747dfb06cd7dfc1531dc86350d120f2fb4ef252e4c66
7d4ecf11799f6835303e,SRC099,6,PAIR_1951B96C706A335D4828A64F,CLASSIFICATION_CONFLICT,85,79,source_section|source_column_label|subject_type|period_end,MERGE,"Y-T-D prints marker (b) Time-weighted, so return with method time_weighted; A heading and stripped label, B period_end.",RESOLVED,A+B+ADJUDICATOR,9431fea2def509ff0b86747dfb06cd7dfc1531dc86350d120f2fb4ef252e4c66
323badc7d936e12f0e02,SRC099,6,PAIR_70EB7B3743A039FA14AB1859,CLASSIFICATION_CONFLICT,86,80,source_section|source_column_label|subject_type|period_end|metric_category|method,MERGE,"1-Year prints marker (c) Dollar-weighted (IRR), so irr; A heading and stripped label, B period_end. The 5-Year and 10-Year cells on this row print N/A and take no row.",RESOLVED,A+B+ADJUDICATOR,9431fea2def509ff0b86747dfb06cd7dfc1531dc86350d120f2fb4ef252e4c66
d0af3329c38fb491925e,SRC099,6,PAIR_E35C584CA988FA946E4653E8,CLASSIFICATION_CONFLICT,87,81,source_section|source_column_label|subject_type|period_end|metric_category|method,MERGE,"3-Year prints marker (c) Dollar-weighted (IRR), so irr; A heading and stripped label, B period_end.",RESOLVED,A+B+ADJUDICATOR,9431fea2def509ff0b86747dfb06cd7dfc1531dc86350d120f2fb4ef252e4c66
6a9d40646c5b08533054,SRC099,6,PAIR_3809072BCA417FF798863FBC,CLASSIFICATION_CONFLICT,88,82,source_section|source_column_label|subject_type|period_end|metric_category|method,MERGE,"Inception prints markers (a,c), so irr with both keys cited; A heading and stripped label, B period_end.",RESOLVED,A+B+ADJUDICATOR,9431fea2def509ff0b86747dfb06cd7dfc1531dc86350d120f2fb4ef252e4c66
cb845776926418acdeb1,SRC099,6,PAIR_AD7A61BC40380BB35B6903D1,CLASSIFICATION_CONFLICT,89,83,source_section|source_column_label|subject_type|period_end,MERGE,"Quarter prints marker (b) Time-weighted, so return with method time_weighted; A heading and stripped label, B period_end.",RESOLVED,A+B+ADJUDICATOR,9431fea2def509ff0b86747dfb06cd7dfc1531dc86350d120f2fb4ef252e4c66
c2816fb0f008b95dd759,SRC099,6,PAIR_46D8C4E2CA253051DF571FAC,CLASSIFICATION_CONFLICT,90,84,source_section|source_column_label|subject_type|period_end,MERGE,"Y-T-D prints marker (b) Time-weighted, so return with method time_weighted; A heading and stripped label, B period_end.",RESOLVED,A+B+ADJUDICATOR,9431fea2def509ff0b86747dfb06cd7dfc1531dc86350d120f2fb4ef252e4c66
16f74362e6a9ae5d1283,SRC099,6,PAIR_C82BAFE8E881FE80B77FA5AC,A_ONLY,91,,,MERGE,"First NFI-ODCE row, 1-Year: marker (c) Dollar-weighted (IRR) gives irr; the matching B row is rejected as the same cell.",RESOLVED,A+ADJUDICATOR,9431fea2def509ff0b86747dfb06cd7dfc1531dc86350d120f2fb4ef252e4c66
3a4ad4e0e537f9ed8a71,SRC099,6,PAIR_4CDD966A52E7DD4A43B1B940,A_ONLY,92,,,MERGE,"Second NFI-ODCE row, 1-Year: marker (c) Dollar-weighted (IRR) gives irr; the matching B row is rejected as the same cell.",RESOLVED,A+ADJUDICATOR,9431fea2def509ff0b86747dfb06cd7dfc1531dc86350d120f2fb4ef252e4c66
973d6ef7a19c48f6b55a,SRC099,6,PAIR_BEE1ECDE9EF7568D7AE8C5CF,A_ONLY,93,,,MERGE,"First NFI-ODCE row, 10-Year: marker (c) Dollar-weighted (IRR) gives irr; the matching B row is rejected as the same cell.",RESOLVED,A+ADJUDICATOR,9431fea2def509ff0b86747dfb06cd7dfc1531dc86350d120f2fb4ef252e4c66
159f73fc7db7709dcf7c,SRC099,6,PAIR_AB32BDA109384D87D403C98C,A_ONLY,94,,,MERGE,"Second NFI-ODCE row, 10-Year: marker (c) Dollar-weighted (IRR) gives irr; the matching B row is rejected as the same cell.",RESOLVED,A+ADJUDICATOR,9431fea2def509ff0b86747dfb06cd7dfc1531dc86350d120f2fb4ef252e4c66
cd0e2b8563ac15ce006a,SRC099,6,PAIR_9B5EAC33D6C8DD8EF8A7B846,A_ONLY,95,,,MERGE,"First NFI-ODCE row, 3-Year: marker (c) Dollar-weighted (IRR) gives irr; the matching B row is rejected as the same cell.",RESOLVED,A+ADJUDICATOR,9431fea2def509ff0b86747dfb06cd7dfc1531dc86350d120f2fb4ef252e4c66
98829c4384fa2a87347e,SRC099,6,PAIR_561AEE0253F2C7B895CA931B,A_ONLY,96,,,MERGE,"Second NFI-ODCE row, 3-Year: marker (c) Dollar-weighted (IRR) gives irr; the matching B row is rejected as the same cell.",RESOLVED,A+ADJUDICATOR,9431fea2def509ff0b86747dfb06cd7dfc1531dc86350d120f2fb4ef252e4c66
8a548c1182ccdc593d41,SRC099,6,PAIR_DDB0F17893120827C8CAA604,A_ONLY,97,,,MERGE,"First NFI-ODCE row, 5-Year: marker (c) Dollar-weighted (IRR) gives irr; the matching B row is rejected as the same cell.",RESOLVED,A+ADJUDICATOR,9431fea2def509ff0b86747dfb06cd7dfc1531dc86350d120f2fb4ef252e4c66
bc82ebd7fffe07e6e1ff,SRC099,6,PAIR_CC1578DD0AF11F7E0EEDCED8,A_ONLY,98,,,MERGE,"Second NFI-ODCE row, 5-Year: marker (c) Dollar-weighted (IRR) gives irr; the matching B row is rejected as the same cell.",RESOLVED,A+ADJUDICATOR,9431fea2def509ff0b86747dfb06cd7dfc1531dc86350d120f2fb4ef252e4c66
d3567083692a4cb5bd53,SRC099,6,PAIR_9F2EEFAF09639CEFE7C53822,CLASSIFICATION_CONFLICT,99,93,source_section|source_column_label|period_end|metric_category|method,MERGE,"First NFI-ODCE row, Inception: markers (a,c) give irr with both keys cited; A heading and stripped label, B period_end.",RESOLVED,A+B+ADJUDICATOR,9431fea2def509ff0b86747dfb06cd7dfc1531dc86350d120f2fb4ef252e4c66
b460e9b5819dd0a1a612,SRC099,6,PAIR_7C3275DECBB4D8BCEA357A03,CLASSIFICATION_CONFLICT,100,94,source_section|source_column_label|period_end|metric_category|method,MERGE,"Second NFI-ODCE row, Inception: markers (a,c) give irr with both keys cited; A heading and stripped label, B period_end.",RESOLVED,A+B+ADJUDICATOR,9431fea2def509ff0b86747dfb06cd7dfc1531dc86350d120f2fb4ef252e4c66
3b9aa88c41c7ed36ae92,SRC099,6,PAIR_51679B98E86636F509C7CD4B,A_ONLY,101,,,MERGE,"First NFI-ODCE VW Benchmark row, Quarter column: marker (b) Time-weighted gives return with method time_weighted. Published from the A keying because the label rule drops (b) from the column label; the matching B row is rejected as the same cell.",RESOLVED,A+ADJUDICATOR,9431fea2def509ff0b86747dfb06cd7dfc1531dc86350d120f2fb4ef252e4c66
ef8f34132cd6378e9c8f,SRC099,6,PAIR_41C2B92C47445F4F8C97B27F,A_ONLY,102,,,MERGE,"Second NFI-ODCE VW Benchmark row, Quarter: marker (b) Time-weighted gives return with method time_weighted; the matching B row is rejected as the same cell.",RESOLVED,A+ADJUDICATOR,9431fea2def509ff0b86747dfb06cd7dfc1531dc86350d120f2fb4ef252e4c66
43cd8f6670045527ec48,SRC099,6,PAIR_AF09EC313F300676A753B7D4,A_ONLY,103,,,MERGE,"First NFI-ODCE row, Y-T-D: marker (b) Time-weighted gives return with method time_weighted; the matching B row is rejected as the same cell.",RESOLVED,A+ADJUDICATOR,9431fea2def509ff0b86747dfb06cd7dfc1531dc86350d120f2fb4ef252e4c66
029ba9f646c0a33bd3f1,SRC099,6,PAIR_95BCAF48A6F663AEE87A52EB,A_ONLY,104,,,MERGE,"Second NFI-ODCE row, Y-T-D: marker (b) Time-weighted gives return with method time_weighted; the matching B row is rejected as the same cell.",RESOLVED,A+ADJUDICATOR,9431fea2def509ff0b86747dfb06cd7dfc1531dc86350d120f2fb4ef252e4c66
8354adaae9921ac52201,SRC099,6,PAIR_853B99435A44E09ACC92CDDE,CLASSIFICATION_CONFLICT,105,99,source_section|source_column_label|subject_type|period_end|metric_category|method,MERGE,"1-Year prints marker (c) Dollar-weighted (IRR), so irr; A heading and stripped label, B period_end.",RESOLVED,A+B+ADJUDICATOR,9431fea2def509ff0b86747dfb06cd7dfc1531dc86350d120f2fb4ef252e4c66
90e65f50df22466fea6c,SRC099,6,PAIR_7A7A02DDD21AE8F1454619E8,CLASSIFICATION_CONFLICT,106,100,source_section|source_column_label|subject_type|period_end|metric_category|method,MERGE,"10-Year prints marker (c) Dollar-weighted (IRR), so irr; A heading and stripped label, B period_end.",RESOLVED,A+B+ADJUDICATOR,9431fea2def509ff0b86747dfb06cd7dfc1531dc86350d120f2fb4ef252e4c66
bb0eb70e62311c61898f,SRC099,6,PAIR_CA63B832009933A341404A2A,CLASSIFICATION_CONFLICT,107,101,source_section|source_column_label|subject_type|period_end|metric_category|method,MERGE,"3-Year prints marker (c) Dollar-weighted (IRR), so irr; A heading and stripped label, B period_end.",RESOLVED,A+B+ADJUDICATOR,9431fea2def509ff0b86747dfb06cd7dfc1531dc86350d120f2fb4ef252e4c66
4537f3006a52c9b59839,SRC099,6,PAIR_91A7CEB6F2090638DC444AC9,CLASSIFICATION_CONFLICT,108,102,source_section|source_column_label|subject_type|period_end|metric_category|method,MERGE,"5-Year prints marker (c) Dollar-weighted (IRR), so irr; A heading and stripped label, B period_end.",RESOLVED,A+B+ADJUDICATOR,9431fea2def509ff0b86747dfb06cd7dfc1531dc86350d120f2fb4ef252e4c66
cec2e59103eee926f859,SRC099,6,PAIR_F788CB4DA1F28B5A79317145,CLASSIFICATION_CONFLICT,109,103,source_section|source_column_label|subject_type|period_end|metric_category|method,MERGE,"Inception prints markers (a,c), so irr with both keys cited; A heading and stripped label, B period_end.",RESOLVED,A+B+ADJUDICATOR,9431fea2def509ff0b86747dfb06cd7dfc1531dc86350d120f2fb4ef252e4c66
214bb48a1b92a4b5e356,SRC099,6,PAIR_A6A604967216CC267CBB392C,CLASSIFICATION_CONFLICT,110,104,source_section|source_column_label|subject_type|period_end,MERGE,"Quarter prints marker (b) Time-weighted, so return with method time_weighted; A heading and stripped label, B period_end.",RESOLVED,A+B+ADJUDICATOR,9431fea2def509ff0b86747dfb06cd7dfc1531dc86350d120f2fb4ef252e4c66
58390f66eaf0c4c69164,SRC099,6,PAIR_07401E74588F8C1BACA2FABE,CLASSIFICATION_CONFLICT,111,105,source_section|source_column_label|subject_type|period_end,MERGE,"Y-T-D prints marker (b) Time-weighted, so return with method time_weighted; A heading and stripped label, B period_end.",RESOLVED,A+B+ADJUDICATOR,9431fea2def509ff0b86747dfb06cd7dfc1531dc86350d120f2fb4ef252e4c66
9e555c5b13a4948e56a8,SRC099,6,PAIR_93539011813102E15EF2CBBD,CLASSIFICATION_CONFLICT,112,106,source_section|source_column_label|period_end|metric_category|definition_keys|method,MERGE,"1-Year prints marker (c) Dollar-weighted (IRR), so irr; row marker d kept; A heading and stripped label, B period_end.",RESOLVED,A+B+ADJUDICATOR,9431fea2def509ff0b86747dfb06cd7dfc1531dc86350d120f2fb4ef252e4c66
285f3eaab3920a59e4af,SRC099,6,PAIR_19A5D1F549DDC6E3C5AE15C9,CLASSIFICATION_CONFLICT,113,107,source_section|source_column_label|period_end|metric_category|definition_keys|method,MERGE,"10-Year prints marker (c) Dollar-weighted (IRR), so irr; row marker d kept; A heading and stripped label, B period_end.",RESOLVED,A+B+ADJUDICATOR,9431fea2def509ff0b86747dfb06cd7dfc1531dc86350d120f2fb4ef252e4c66
0a0888fdec75d4415cde,SRC099,6,PAIR_43C17A2F83572C25706BAF2C,CLASSIFICATION_CONFLICT,114,108,source_section|source_column_label|period_end|metric_category|definition_keys|method,MERGE,"3-Year prints marker (c) Dollar-weighted (IRR), so irr; row marker d kept; A heading and stripped label, B period_end.",RESOLVED,A+B+ADJUDICATOR,9431fea2def509ff0b86747dfb06cd7dfc1531dc86350d120f2fb4ef252e4c66
a441898161cb4e283dea,SRC099,6,PAIR_9DC279B57D552E97B2F4B5BA,CLASSIFICATION_CONFLICT,115,109,source_section|source_column_label|period_end|metric_category|definition_keys|method,MERGE,"5-Year prints marker (c) Dollar-weighted (IRR), so irr; row marker d kept; A heading and stripped label, B period_end.",RESOLVED,A+B+ADJUDICATOR,9431fea2def509ff0b86747dfb06cd7dfc1531dc86350d120f2fb4ef252e4c66
54c43486e6d161b01a93,SRC099,6,PAIR_9C796FA0D3E7D38F0050EF78,CLASSIFICATION_CONFLICT,116,110,source_section|source_column_label|period_end|metric_category|method,MERGE,"Inception prints markers (a,c), so irr; row marker d kept alongside; A heading and stripped label, B period_end.",RESOLVED,A+B+ADJUDICATOR,9431fea2def509ff0b86747dfb06cd7dfc1531dc86350d120f2fb4ef252e4c66
cf626f8482530dce3c89,SRC099,6,PAIR_FD0CC7218316E03040585BD4,CONTEXT_CONFLICT,117,111,source_section|source_column_label|period_end,MERGE,"Quarter prints marker (b) Time-weighted, so return with method time_weighted; the row label prints Total Portfolio with marker d, kept in definition_keys; A heading and stripped label, B period_end.",RESOLVED,A+B+ADJUDICATOR,9431fea2def509ff0b86747dfb06cd7dfc1531dc86350d120f2fb4ef252e4c66
fbf9fdcbf08f7567c05e,SRC099,6,PAIR_57C5C6B723D18AA45BD83C5D,CONTEXT_CONFLICT,118,112,source_section|source_column_label|period_end,MERGE,"Y-T-D prints marker (b) Time-weighted, so return with method time_weighted; row marker d kept; A heading and stripped label, B period_end.",RESOLVED,A+B+ADJUDICATOR,9431fea2def509ff0b86747dfb06cd7dfc1531dc86350d120f2fb4ef252e4c66
e98a61ca40984b3e008b,SRC099,7,PAIR_E79AB726941D659BBC684B71,CONTEXT_CONFLICT,119,113,source_section,ACCEPT_A,Only difference is source_section; the page prints Benchmark Footnotes for Performance Returns above the notes.,RESOLVED,A,9431fea2def509ff0b86747dfb06cd7dfc1531dc86350d120f2fb4ef252e4c66
ed5e8660d5e2e3ee8b42,SRC099,7,PAIR_3D13C6D81CB162C49C56A550,CONTEXT_CONFLICT,120,114,source_section|evidence_quote,ACCEPT_A,A carries the printed section heading and quotes the whole note; B quote stops mid-word at Opportu.,RESOLVED,A,9431fea2def509ff0b86747dfb06cd7dfc1531dc86350d120f2fb4ef252e4c66
4a9440bb76f71f4a9530,SRC099,7,PAIR_1E25AE4DF5BF39ABA1819D2E,CONTEXT_CONFLICT,121,115,source_section|evidence_quote,ACCEPT_A,A carries the printed section heading and quotes the whole note; B quote stops mid-word at qu.,RESOLVED,A,9431fea2def509ff0b86747dfb06cd7dfc1531dc86350d120f2fb4ef252e4c66
37eb9a8a38367a45b4b0,SRC099,7,PAIR_1B739D01387E3D3B39A011DA,CONTEXT_CONFLICT,122,116,source_section,ACCEPT_A,Only difference is source_section; the page prints the heading above the notes.,RESOLVED,A,9431fea2def509ff0b86747dfb06cd7dfc1531dc86350d120f2fb4ef252e4c66
5b6da332078c8f11088a,SRC099,7,PAIR_83D24C4AD367A996B38E1C29,VALUE_CONFLICT,123,117,source_section|text_raw|evidence_quote,MERGE,"Value conflict on the note text: A stops at differing weights (Private vs. Public) and drops the closing clause, B carries the whole note but truncates its quote. Footnote 5 runs to the end of the sentence about NCREIF/NTFI, so the full printed note is stored in text_raw and quoted; A printed section heading kept.",RESOLVED,A+B+ADJUDICATOR,9431fea2def509ff0b86747dfb06cd7dfc1531dc86350d120f2fb4ef252e4c66
133a9bce2f2e666c9e79,SRC099,8,PAIR_48C9EEF97CF5B71515710BCA,CLASSIFICATION_CONFLICT,124,118,source_section|subject_type|asset_class|period_end|horizon,MERGE,"A heading and asset_class, B period_end; subject_type other_printed_scope for a structure bucket.",RESOLVED,A+B+ADJUDICATOR,9431fea2def509ff0b86747dfb06cd7dfc1531dc86350d120f2fb4ef252e4c66
9aab4ff7e7d5cfb7fe4f,SRC099,8,PAIR_65E9E4A843CF194ACEB54A86,CLASSIFICATION_CONFLICT,125,119,source_section|subject_type|asset_class|period_end|horizon,MERGE,"A carries the printed heading and asset_class Real Estate from the title, B carries period_end 2Q17; a structure bucket is not the owner aggregate, so subject_type is other_printed_scope, not portfolio.",RESOLVED,A+B+ADJUDICATOR,9431fea2def509ff0b86747dfb06cd7dfc1531dc86350d120f2fb4ef252e4c66
932454fd99c549ef3adc,SRC099,8,PAIR_0E6BDAAD3640D132E3EC1E02,CLASSIFICATION_CONFLICT,126,120,source_section|subject_type|asset_class|period_end|horizon,MERGE,"A heading and asset_class, B period_end; subject_type other_printed_scope for a structure bucket.",RESOLVED,A+B+ADJUDICATOR,9431fea2def509ff0b86747dfb06cd7dfc1531dc86350d120f2fb4ef252e4c66
2823ceabd6e33c1e6eb1,SRC099,8,PAIR_3F091D7F8D4CFD49BF5FA04B,CLASSIFICATION_CONFLICT,127,121,source_section|subject_type|asset_class|period_end|horizon,MERGE,"A heading and asset_class, B period_end; subject_type other_printed_scope for a structure bucket.",RESOLVED,A+B+ADJUDICATOR,9431fea2def509ff0b86747dfb06cd7dfc1531dc86350d120f2fb4ef252e4c66
099916d6762a6594506d,SRC099,8,PAIR_008B7F81E5B17CAD1CDF4B7D,CLASSIFICATION_CONFLICT,128,122,source_section|subject_type|asset_class|period_end|horizon,MERGE,"A heading and asset_class, B period_end; the label prints PTRES with markers a and b, kept in definition_keys.",RESOLVED,A+B+ADJUDICATOR,9431fea2def509ff0b86747dfb06cd7dfc1531dc86350d120f2fb4ef252e4c66
0c3859fc80d531f01850,SRC099,8,PAIR_58C4DDCA479455AAA3280392,CONTEXT_CONFLICT,129,123,source_section|asset_class|period_end|horizon,MERGE,"A heading and asset_class, B period_end; Total Portfolio is the owner aggregate, so subject_type portfolio.",RESOLVED,A+B+ADJUDICATOR,9431fea2def509ff0b86747dfb06cd7dfc1531dc86350d120f2fb4ef252e4c66
ca428ab57d3d606c4c96,SRC099,8,PAIR_06FC6BE62FD4BC0D6E2EB92F,CONTEXT_CONFLICT,130,124,source_section|condition_raw,ACCEPT_A,"A carries the printed section heading; B also put PTRES in condition_raw, but the label a note annotates is not a condition on the note.",RESOLVED,A,9431fea2def509ff0b86747dfb06cd7dfc1531dc86350d120f2fb4ef252e4c66
051710ed539ba5702d8a,SRC099,8,PAIR_992333F9599F5A5D2B4CD857,CONTEXT_CONFLICT,131,125,source_section|condition_raw,ACCEPT_A,"A carries the printed section heading; B also put PTRES in condition_raw, which is not a condition on the note.",RESOLVED,A,9431fea2def509ff0b86747dfb06cd7dfc1531dc86350d120f2fb4ef252e4c66
b5293a0e4e4547c4963a,SRC099,8,PAIR_C8BD2970D1ADA7D0873AB49E,A_ONLY,132,,,MERGE,One-sided A row for a printed Market Value cell B skipped; value_scope unstated because the label prints no scope.,RESOLVED,A+ADJUDICATOR,9431fea2def509ff0b86747dfb06cd7dfc1531dc86350d120f2fb4ef252e4c66
e3bd7e42d76b24d830b2,SRC099,8,PAIR_2454EB17E799E11E999321DE,A_ONLY,133,,,MERGE,"One-sided A row for a printed cell B skipped: B took only the % column and left the whole Market Value column unread. Market Value at this grain is nav in a fund_economics table; the label prints no marker and no scope phrase, so value_scope is unstated. Added the printed period_end 2Q17.",RESOLVED,A+ADJUDICATOR,9431fea2def509ff0b86747dfb06cd7dfc1531dc86350d120f2fb4ef252e4c66
a13f02577479bddf0cd5,SRC099,8,PAIR_1AE8B0FEF306CE4E9CCDB8AB,A_ONLY,134,,,MERGE,One-sided A row for a printed Market Value cell B skipped; value_scope unstated.,RESOLVED,A+ADJUDICATOR,9431fea2def509ff0b86747dfb06cd7dfc1531dc86350d120f2fb4ef252e4c66
b190be49e0963036074e,SRC099,8,PAIR_0B9E9BA505B829765357E531,A_ONLY,135,,,MERGE,One-sided A row for a printed Market Value cell B skipped; value_scope unstated.,RESOLVED,A+ADJUDICATOR,9431fea2def509ff0b86747dfb06cd7dfc1531dc86350d120f2fb4ef252e4c66
ffe4fa327a1d74d1350a,SRC099,8,PAIR_DE386FD9B29FF202593C4B6D,A_ONLY,136,,,MERGE,"One-sided A row for a printed Market Value cell B skipped; the label prints markers a and b, and footnote b Includes Gross PTRES Exposure states what the bucket contains, so value_scope allocation_bucket is backed by a cited key.",RESOLVED,A+ADJUDICATOR,9431fea2def509ff0b86747dfb06cd7dfc1531dc86350d120f2fb4ef252e4c66
847fddfe680d686c4b47,SRC099,8,PAIR_302218F54B1FCCFDA1466C73,A_ONLY,137,,,MERGE,"One-sided A row for a printed Market Value cell B skipped; the Total Portfolio label prints no marker, so no key is cited and value_scope is unstated rather than the portfolio_total A inferred.",RESOLVED,A+ADJUDICATOR,9431fea2def509ff0b86747dfb06cd7dfc1531dc86350d120f2fb4ef252e4c66
63bc4e90ad9aa6a9a0ac,SRC099,9,PAIR_3A4EEC7D1571896F89988033,CONTEXT_CONFLICT,138,126,source_section,ACCEPT_A,Only difference is source_section; the page prints RE Performance by Strategic Asset Allocation - 2Q17 above the table.,RESOLVED,A,9431fea2def509ff0b86747dfb06cd7dfc1531dc86350d120f2fb4ef252e4c66
057e7bf0f9f76e654d04,SRC099,9,PAIR_738FF14F6125BDA04FE479CD,CONTEXT_CONFLICT,139,127,source_section,ACCEPT_A,Only difference is source_section; the printed page heading is never correctly blank.,RESOLVED,A,9431fea2def509ff0b86747dfb06cd7dfc1531dc86350d120f2fb4ef252e4c66
e5933e5a508ea54a3707,SRC099,9,PAIR_C0EED27F606BE19B336EF8BC,VALUE_CONFLICT,140,128,source_section|text_raw|evidence_quote,MERGE,"Value conflict on the note text: A repeats the printed marker (c) at the front of text_raw where the marker already sits in definition_keys, and B truncates its quote. Stored the note without the repeated marker and quoted it whole; A printed section heading kept.",RESOLVED,A+B+ADJUDICATOR,9431fea2def509ff0b86747dfb06cd7dfc1531dc86350d120f2fb4ef252e4c66
f628ebb50bb09323e2a8,SRC099,9,PAIR_45C3DCCB609A8C3C74B2A704,CLASSIFICATION_CONFLICT,141,129,source_section|source_column_label|period_end|metric_category|method,MERGE,"Benchmark row under Core, 1-Year: marker (b) Dollar-weighted (IRR) gives irr; A heading and stripped label, B period_end.",RESOLVED,A+B+ADJUDICATOR,9431fea2def509ff0b86747dfb06cd7dfc1531dc86350d120f2fb4ef252e4c66
ec9a0fdf8ca9453a510e,SRC099,9,PAIR_F16D8E6C560879ABE83EBAAE,CLASSIFICATION_CONFLICT,142,130,source_section|source_column_label|period_end|metric_category|method,MERGE,"Benchmark row under Value Added, 1-Year: marker (b) Dollar-weighted (IRR) gives irr.",RESOLVED,A+B+ADJUDICATOR,9431fea2def509ff0b86747dfb06cd7dfc1531dc86350d120f2fb4ef252e4c66
4f84f4e580476adea58b,SRC099,9,PAIR_184348080196597C82DC5703,CLASSIFICATION_CONFLICT,143,131,source_section|source_column_label|period_end|metric_category|method,MERGE,"Benchmark row under Opportunistic, 1-Year: marker (b) Dollar-weighted (IRR) gives irr.",RESOLVED,A+B+ADJUDICATOR,9431fea2def509ff0b86747dfb06cd7dfc1531dc86350d120f2fb4ef252e4c66
c1ce24aa3bd1cbf15d33,SRC099,9,PAIR_930210E577BC647CCC5BF360,CLASSIFICATION_CONFLICT,144,132,source_section|source_column_label|period_end|metric_category|method,MERGE,"Benchmark row under Core, 10-Year: marker (b) Dollar-weighted (IRR) gives irr.",RESOLVED,A+B+ADJUDICATOR,9431fea2def509ff0b86747dfb06cd7dfc1531dc86350d120f2fb4ef252e4c66
f5578b7492e0ba8ebea3,SRC099,9,PAIR_51179B4503B1063BFB3064DE,CLASSIFICATION_CONFLICT,145,133,source_section|source_column_label|period_end|metric_category|method,MERGE,"Benchmark row under Value Added, 10-Year: marker (b) Dollar-weighted (IRR) gives irr.",RESOLVED,A+B+ADJUDICATOR,9431fea2def509ff0b86747dfb06cd7dfc1531dc86350d120f2fb4ef252e4c66
37924f73a44f37381e09,SRC099,9,PAIR_DFB616857780E24263710754,CLASSIFICATION_CONFLICT,146,134,source_section|source_column_label|period_end|metric_category|method,MERGE,"Benchmark row under Opportunistic, 10-Year: marker (b) Dollar-weighted (IRR) gives irr.",RESOLVED,A+B+ADJUDICATOR,9431fea2def509ff0b86747dfb06cd7dfc1531dc86350d120f2fb4ef252e4c66
68657d5f1367e3508aa7,SRC099,9,PAIR_2CFE5B084A322BDF64B6857C,CLASSIFICATION_CONFLICT,147,135,source_section|source_column_label|period_end|metric_category|method,MERGE,"Benchmark row under Core, 3-Year: marker (b) Dollar-weighted (IRR) gives irr.",RESOLVED,A+B+ADJUDICATOR,9431fea2def509ff0b86747dfb06cd7dfc1531dc86350d120f2fb4ef252e4c66
ad099f32b354a53848d1,SRC099,9,PAIR_325AEAC44D54AD4EBF80CD75,CLASSIFICATION_CONFLICT,148,136,source_section|source_column_label|period_end|metric_category|method,MERGE,"Benchmark row under Value Added, 3-Year: marker (b) Dollar-weighted (IRR) gives irr.",RESOLVED,A+B+ADJUDICATOR,9431fea2def509ff0b86747dfb06cd7dfc1531dc86350d120f2fb4ef252e4c66
9b4fb1d1ce1f7b14c9c1,SRC099,9,PAIR_70E7A172C4740117BA2C1071,CLASSIFICATION_CONFLICT,149,137,source_section|source_column_label|period_end|metric_category|method,MERGE,"Benchmark row under Opportunistic, 3-Year: marker (b) Dollar-weighted (IRR) gives irr.",RESOLVED,A+B+ADJUDICATOR,9431fea2def509ff0b86747dfb06cd7dfc1531dc86350d120f2fb4ef252e4c66
6e786ad58ff14226d4fc,SRC099,9,PAIR_EE32E74C39986CD58D1A2A08,CLASSIFICATION_CONFLICT,150,138,source_section|source_column_label|period_end|metric_category|method,MERGE,"Benchmark row under Core, 5-Year: marker (b) Dollar-weighted (IRR) gives irr.",RESOLVED,A+B+ADJUDICATOR,9431fea2def509ff0b86747dfb06cd7dfc1531dc86350d120f2fb4ef252e4c66
90049d267bfbb82407ac,SRC099,9,PAIR_AF7BBA055FFE485E69F12CE2,CLASSIFICATION_CONFLICT,151,139,source_section|source_column_label|period_end|metric_category|method,MERGE,"Benchmark row under Value Added, 5-Year: marker (b) Dollar-weighted (IRR) gives irr.",RESOLVED,A+B+ADJUDICATOR,9431fea2def509ff0b86747dfb06cd7dfc1531dc86350d120f2fb4ef252e4c66
9f389f089d0696097977,SRC099,9,PAIR_D075BD5FAA40E7AE1754D308,CLASSIFICATION_CONFLICT,152,140,source_section|source_column_label|period_end|metric_category|method,MERGE,"Benchmark row under Opportunistic, 5-Year: marker (b) Dollar-weighted (IRR) gives irr.",RESOLVED,A+B+ADJUDICATOR,9431fea2def509ff0b86747dfb06cd7dfc1531dc86350d120f2fb4ef252e4c66
d55964d6237fc77279e1,SRC099,9,PAIR_53B4D1CD00A77D766896441B,CLASSIFICATION_CONFLICT,153,141,source_section|source_column_label|period_end|metric_category|method,MERGE,"Benchmark row under Core, Inception: marker (b) Dollar-weighted (IRR) gives irr.",RESOLVED,A+B+ADJUDICATOR,9431fea2def509ff0b86747dfb06cd7dfc1531dc86350d120f2fb4ef252e4c66
b56b29899b93eac887eb,SRC099,9,PAIR_DFF5D416ED8C7137094219CF,CLASSIFICATION_CONFLICT,154,142,source_section|source_column_label|period_end|metric_category|method,MERGE,"Benchmark row under Value Added, Inception: marker (b) Dollar-weighted (IRR) gives irr.",RESOLVED,A+B+ADJUDICATOR,9431fea2def509ff0b86747dfb06cd7dfc1531dc86350d120f2fb4ef252e4c66
40b6f4bf3ad041b5e3f5,SRC099,9,PAIR_B35D86C0CB2D3AB8CAA4D747,CLASSIFICATION_CONFLICT,155,143,source_section|source_column_label|period_end|metric_category|method,MERGE,"Benchmark row under Opportunistic, Inception: marker (b) Dollar-weighted (IRR) gives irr.",RESOLVED,A+B+ADJUDICATOR,9431fea2def509ff0b86747dfb06cd7dfc1531dc86350d120f2fb4ef252e4c66
830a8437222f3ca6466d,SRC099,9,PAIR_23EC7E77AFAC9BC88A3019AB,CONTEXT_CONFLICT,156,144,source_section|source_column_label|period_end,MERGE,"Benchmark row printed under Core, Quarter column: marker (a) Time-weighted gives return with method time_weighted; A heading and stripped label, B period_end.",RESOLVED,A+B+ADJUDICATOR,9431fea2def509ff0b86747dfb06cd7dfc1531dc86350d120f2fb4ef252e4c66
453769e3b3a8b0ebbd60,SRC099,9,PAIR_0E3B12E184D1539494EEEA46,CONTEXT_CONFLICT,157,145,source_section|source_column_label|period_end,MERGE,"Benchmark row printed under Value Added, Quarter: marker (a) Time-weighted gives return with method time_weighted.",RESOLVED,A+B+ADJUDICATOR,9431fea2def509ff0b86747dfb06cd7dfc1531dc86350d120f2fb4ef252e4c66
d6c8724a26cab6ec12eb,SRC099,9,PAIR_48615F0792B8003D4F3B633E,CONTEXT_CONFLICT,158,146,source_section|source_column_label|period_end,MERGE,"Benchmark row printed under Opportunistic, Quarter: marker (a) Time-weighted gives return with method time_weighted.",RESOLVED,A+B+ADJUDICATOR,9431fea2def509ff0b86747dfb06cd7dfc1531dc86350d120f2fb4ef252e4c66
b30ecce2929fecbff142,SRC099,9,PAIR_FDC85D5EFF2594EE11C68935,CONTEXT_CONFLICT,159,147,source_section|source_column_label|period_end,MERGE,"Benchmark row under Core, Y-T-D: marker (a) Time-weighted gives return with method time_weighted.",RESOLVED,A+B+ADJUDICATOR,9431fea2def509ff0b86747dfb06cd7dfc1531dc86350d120f2fb4ef252e4c66
0a3579648c72e5a1ac6f,SRC099,9,PAIR_014798F548812214BC245960,CONTEXT_CONFLICT,160,148,source_section|source_column_label|period_end,MERGE,"Benchmark row under Value Added, Y-T-D: marker (a) Time-weighted gives return with method time_weighted.",RESOLVED,A+B+ADJUDICATOR,9431fea2def509ff0b86747dfb06cd7dfc1531dc86350d120f2fb4ef252e4c66
f3256cc860772ebcec00,SRC099,9,PAIR_B573BD9A30F08A3ADDB7284B,CONTEXT_CONFLICT,161,149,source_section|source_column_label|period_end,MERGE,"Benchmark row under Opportunistic, Y-T-D: marker (a) Time-weighted gives return with method time_weighted.",RESOLVED,A+B+ADJUDICATOR,9431fea2def509ff0b86747dfb06cd7dfc1531dc86350d120f2fb4ef252e4c66
8d17d1d4033d0881d3e1,SRC099,9,PAIR_D1BA50444FB7B89F45834E4D,CLASSIFICATION_CONFLICT,162,150,source_section|source_column_label|subject_type|period_end|metric_category|method,MERGE,"Blended Return (c), 1-Year: marker (b) Dollar-weighted (IRR) gives irr; subject_type benchmark because the row is an index line.",RESOLVED,A+B+ADJUDICATOR,9431fea2def509ff0b86747dfb06cd7dfc1531dc86350d120f2fb4ef252e4c66
91d7a95af2b670120c58,SRC099,9,PAIR_603E6B96CD6372E7C9CB745E,CLASSIFICATION_CONFLICT,163,151,source_section|source_column_label|subject_type|period_end|metric_category|method,MERGE,"Blended Return (c), 10-Year: marker (b) Dollar-weighted (IRR) gives irr.",RESOLVED,A+B+ADJUDICATOR,9431fea2def509ff0b86747dfb06cd7dfc1531dc86350d120f2fb4ef252e4c66
fb4f3b7f28ca41023606,SRC099,9,PAIR_1294A7A334BB6BC0B0E6CB7A,CLASSIFICATION_CONFLICT,164,152,source_section|source_column_label|subject_type|period_end|metric_category|method,MERGE,"Blended Return (c), 3-Year: marker (b) Dollar-weighted (IRR) gives irr.",RESOLVED,A+B+ADJUDICATOR,9431fea2def509ff0b86747dfb06cd7dfc1531dc86350d120f2fb4ef252e4c66
5d036b979e19d4460976,SRC099,9,PAIR_E21163BC877A5918C09AF968,CLASSIFICATION_CONFLICT,165,153,source_section|source_column_label|subject_type|period_end|metric_category|method,MERGE,"Blended Return (c), 5-Year: marker (b) Dollar-weighted (IRR) gives irr.",RESOLVED,A+B+ADJUDICATOR,9431fea2def509ff0b86747dfb06cd7dfc1531dc86350d120f2fb4ef252e4c66
f4d5980480db6f26c4a2,SRC099,9,PAIR_EFE5AD6476B0B02D3DFCF368,CLASSIFICATION_CONFLICT,166,154,source_section|source_column_label|subject_type|period_end|metric_category|method,MERGE,"Blended Return (c), Inception: marker (b) Dollar-weighted (IRR) gives irr.",RESOLVED,A+B+ADJUDICATOR,9431fea2def509ff0b86747dfb06cd7dfc1531dc86350d120f2fb4ef252e4c66
cf6aa8ec8119a7e9898a,SRC099,9,PAIR_912E17CCE419DF71222650EE,CLASSIFICATION_CONFLICT,167,155,source_section|source_column_label|subject_type|period_end,MERGE,"Blended Return row carrying marker (c), Quarter: marker (a) Time-weighted gives return with method time_weighted; the row is an index line, so subject_type benchmark.",RESOLVED,A+B+ADJUDICATOR,9431fea2def509ff0b86747dfb06cd7dfc1531dc86350d120f2fb4ef252e4c66
91cc636706f89d735fe3,SRC099,9,PAIR_D45CF296CDB58CBDCC574637,CLASSIFICATION_CONFLICT,168,156,source_section|source_column_label|subject_type|period_end,MERGE,"Blended Return (c), Y-T-D: marker (a) Time-weighted gives return with method time_weighted.",RESOLVED,A+B+ADJUDICATOR,9431fea2def509ff0b86747dfb06cd7dfc1531dc86350d120f2fb4ef252e4c66
c05b0ea4b7d8cb4a9cc9,SRC099,9,PAIR_314A49D2BB3383025BDB18BC,CLASSIFICATION_CONFLICT,169,157,source_section|source_column_label|subject_type|strategy|period_end|metric_category|method,MERGE,"1-Year prints marker (b) and footnote (b) reads Dollar-weighted (IRR), so B category irr is right; A heading and stripped label kept, printed strategy Core carried, fee_basis unstated.",RESOLVED,A+B+ADJUDICATOR,9431fea2def509ff0b86747dfb06cd7dfc1531dc86350d120f2fb4ef252e4c66
8c1f0402090c946f5c0a,SRC099,9,PAIR_93F63E215C3AF9B30C22DB42,CLASSIFICATION_CONFLICT,170,158,source_section|source_column_label|subject_type|strategy|period_end|metric_category|method,MERGE,"10-Year prints marker (b) Dollar-weighted (IRR), so irr; printed strategy Core carried.",RESOLVED,A+B+ADJUDICATOR,9431fea2def509ff0b86747dfb06cd7dfc1531dc86350d120f2fb4ef252e4c66
6ada76d289da0691f3f1,SRC099,9,PAIR_93C914D2E5EFE1B8BA3E58FE,CLASSIFICATION_CONFLICT,171,159,source_section|source_column_label|subject_type|strategy|period_end|metric_category|method,MERGE,"3-Year prints marker (b) Dollar-weighted (IRR), so irr; printed strategy Core carried.",RESOLVED,A+B+ADJUDICATOR,9431fea2def509ff0b86747dfb06cd7dfc1531dc86350d120f2fb4ef252e4c66
d1caec9b4bb6ba99a2ec,SRC099,9,PAIR_9823ADA8B8F0DD6B3AABCDEF,CLASSIFICATION_CONFLICT,172,160,source_section|source_column_label|subject_type|strategy|period_end|metric_category|method,MERGE,"5-Year prints marker (b) Dollar-weighted (IRR), so irr; printed strategy Core carried.",RESOLVED,A+B+ADJUDICATOR,9431fea2def509ff0b86747dfb06cd7dfc1531dc86350d120f2fb4ef252e4c66
c0f561d7421373afea4e,SRC099,9,PAIR_4982EC84B263BBB45668E45E,CLASSIFICATION_CONFLICT,173,161,source_section|source_column_label|subject_type|strategy|period_end|metric_category|method,MERGE,"Inception prints marker (b) Dollar-weighted (IRR), so irr; printed strategy Core carried.",RESOLVED,A+B+ADJUDICATOR,9431fea2def509ff0b86747dfb06cd7dfc1531dc86350d120f2fb4ef252e4c66
8ae1fa5e30f8e6fb644d,SRC099,9,PAIR_83544CA65894E62AFFAC7D52,CLASSIFICATION_CONFLICT,174,162,source_section|source_column_label|subject_type|strategy|period_end,MERGE,"Quarter prints marker (a) and footnote (a) reads Time-weighted, so return with method time_weighted; A heading and stripped column label kept, B period_end 2Q17 kept. Core has a strategy row in context-grouping-map.csv, so the printed style is carried in strategy.",RESOLVED,A+B+ADJUDICATOR,9431fea2def509ff0b86747dfb06cd7dfc1531dc86350d120f2fb4ef252e4c66
1ae2590463768c7e0eea,SRC099,9,PAIR_20AD16430571309DDE2B8BF6,CLASSIFICATION_CONFLICT,175,163,source_section|source_column_label|subject_type|strategy|period_end,MERGE,"Y-T-D prints marker (a) Time-weighted, so return with method time_weighted; printed strategy Core carried.",RESOLVED,A+B+ADJUDICATOR,9431fea2def509ff0b86747dfb06cd7dfc1531dc86350d120f2fb4ef252e4c66
b4b38ac9c02126adc25c,SRC099,9,PAIR_0C714CBB730838511C31C063,CLASSIFICATION_CONFLICT,176,164,source_section|source_column_label|subject_type|strategy|period_end|metric_category|method,MERGE,"1-Year prints marker (b) Dollar-weighted (IRR), so irr; printed strategy Opportunistic carried.",RESOLVED,A+B+ADJUDICATOR,9431fea2def509ff0b86747dfb06cd7dfc1531dc86350d120f2fb4ef252e4c66
fcdec66f31964b77cb90,SRC099,9,PAIR_E6C05DA3AE10E6797F81C0F7,CLASSIFICATION_CONFLICT,177,165,source_section|source_column_label|subject_type|strategy|period_end|metric_category|method,MERGE,"10-Year prints marker (b) Dollar-weighted (IRR), so irr; printed strategy Opportunistic carried.",RESOLVED,A+B+ADJUDICATOR,9431fea2def509ff0b86747dfb06cd7dfc1531dc86350d120f2fb4ef252e4c66
8a37e2e5a619b2f12d69,SRC099,9,PAIR_425DF60963EE3879ADFD7456,CLASSIFICATION_CONFLICT,178,166,source_section|source_column_label|subject_type|strategy|period_end|metric_category|method,MERGE,"3-Year prints marker (b) Dollar-weighted (IRR), so irr; printed strategy Opportunistic carried.",RESOLVED,A+B+ADJUDICATOR,9431fea2def509ff0b86747dfb06cd7dfc1531dc86350d120f2fb4ef252e4c66
dded8c1eb66490fe3e2d,SRC099,9,PAIR_52B8F0247E59B3BF13A02757,CLASSIFICATION_CONFLICT,179,167,source_section|source_column_label|subject_type|strategy|period_end|metric_category|method,MERGE,"5-Year prints marker (b) Dollar-weighted (IRR), so irr; printed strategy Opportunistic carried.",RESOLVED,A+B+ADJUDICATOR,9431fea2def509ff0b86747dfb06cd7dfc1531dc86350d120f2fb4ef252e4c66
00bd1015798cebc6541d,SRC099,9,PAIR_3151D29B9ACCF442D5DF377A,CLASSIFICATION_CONFLICT,180,168,source_section|source_column_label|subject_type|strategy|period_end|metric_category|method,MERGE,"Inception prints marker (b) Dollar-weighted (IRR), so irr; printed strategy Opportunistic carried.",RESOLVED,A+B+ADJUDICATOR,9431fea2def509ff0b86747dfb06cd7dfc1531dc86350d120f2fb4ef252e4c66
5b0c67a113c0016171c8,SRC099,9,PAIR_708228F17D8E223521E39E17,CLASSIFICATION_CONFLICT,181,169,source_section|source_column_label|subject_type|strategy|period_end,MERGE,"Quarter prints marker (a) Time-weighted, so return with method time_weighted; Opportunistic has a strategy row in the grouping map, so the printed style is carried.",RESOLVED,A+B+ADJUDICATOR,9431fea2def509ff0b86747dfb06cd7dfc1531dc86350d120f2fb4ef252e4c66
ae49d623c857f94e1fdf,SRC099,9,PAIR_17BF90DEA823814F9D9525A2,CLASSIFICATION_CONFLICT,182,170,source_section|source_column_label|subject_type|strategy|period_end,MERGE,"Y-T-D prints marker (a) Time-weighted, so return; printed strategy Opportunistic carried.",RESOLVED,A+B+ADJUDICATOR,9431fea2def509ff0b86747dfb06cd7dfc1531dc86350d120f2fb4ef252e4c66
e1015e9efb10df02534d,SRC099,9,PAIR_1BFAF68228093E406DCC6E1F,CLASSIFICATION_CONFLICT,183,171,source_section|source_column_label|period_end|metric_category|method,MERGE,"1-Year prints marker (b) Dollar-weighted (IRR), so irr.",RESOLVED,A+B+ADJUDICATOR,9431fea2def509ff0b86747dfb06cd7dfc1531dc86350d120f2fb4ef252e4c66
8e61966aea95855b6bd8,SRC099,9,PAIR_22F3D3F1CDA18D337DADEE3E,CLASSIFICATION_CONFLICT,184,172,source_section|source_column_label|period_end|metric_category|method,MERGE,"10-Year prints marker (b) Dollar-weighted (IRR), so irr.",RESOLVED,A+B+ADJUDICATOR,9431fea2def509ff0b86747dfb06cd7dfc1531dc86350d120f2fb4ef252e4c66
fa4dd4c65876ee024b48,SRC099,9,PAIR_E0709CE6491925BF4DDAE4CD,CLASSIFICATION_CONFLICT,185,173,source_section|source_column_label|period_end|metric_category|method,MERGE,"3-Year prints marker (b) Dollar-weighted (IRR), so irr.",RESOLVED,A+B+ADJUDICATOR,9431fea2def509ff0b86747dfb06cd7dfc1531dc86350d120f2fb4ef252e4c66
52e0b3e9fae207f43fe0,SRC099,9,PAIR_FC696B06141239ADF8EC5658,CLASSIFICATION_CONFLICT,186,174,source_section|source_column_label|period_end|metric_category|method,MERGE,"5-Year prints marker (b) Dollar-weighted (IRR), so irr.",RESOLVED,A+B+ADJUDICATOR,9431fea2def509ff0b86747dfb06cd7dfc1531dc86350d120f2fb4ef252e4c66
f15778bc94f7afd94494,SRC099,9,PAIR_6884BA12A401994A2C9CAF6C,CLASSIFICATION_CONFLICT,187,175,source_section|source_column_label|period_end|metric_category|method,MERGE,"Inception prints marker (b) Dollar-weighted (IRR), so irr.",RESOLVED,A+B+ADJUDICATOR,9431fea2def509ff0b86747dfb06cd7dfc1531dc86350d120f2fb4ef252e4c66
f54d60265e6cbd346712,SRC099,9,PAIR_29717B86C335822A2631F676,CONTEXT_CONFLICT,188,176,source_section|source_column_label|period_end,MERGE,"Quarter prints marker (a) Time-weighted, so return with method time_weighted; Total Portfolio is the owner aggregate, so subject_type portfolio.",RESOLVED,A+B+ADJUDICATOR,9431fea2def509ff0b86747dfb06cd7dfc1531dc86350d120f2fb4ef252e4c66
ed75026de9622b81ed79,SRC099,9,PAIR_3AF67B7EAB99DBE89FA9CEF2,CONTEXT_CONFLICT,189,177,source_section|source_column_label|period_end,MERGE,"Y-T-D prints marker (a) Time-weighted, so return with method time_weighted.",RESOLVED,A+B+ADJUDICATOR,9431fea2def509ff0b86747dfb06cd7dfc1531dc86350d120f2fb4ef252e4c66
c01add420137196a1cb8,SRC099,9,PAIR_68F0CFAEBDE3303E19208B2F,CLASSIFICATION_CONFLICT,190,178,source_section|source_column_label|subject_type|strategy|period_end|metric_category|method,MERGE,"1-Year prints marker (b) Dollar-weighted (IRR), so irr; Value Added left out of strategy because the grouping map carries no row for it.",RESOLVED,A+B+ADJUDICATOR,9431fea2def509ff0b86747dfb06cd7dfc1531dc86350d120f2fb4ef252e4c66
6a988f9be8f8ee62cb66,SRC099,9,PAIR_821BC22F5C09513D53283A74,CLASSIFICATION_CONFLICT,191,179,source_section|source_column_label|subject_type|strategy|period_end|metric_category|method,MERGE,"10-Year prints marker (b) Dollar-weighted (IRR), so irr; strategy blank for Value Added.",RESOLVED,A+B+ADJUDICATOR,9431fea2def509ff0b86747dfb06cd7dfc1531dc86350d120f2fb4ef252e4c66
d4837d68a4a56d67003a,SRC099,9,PAIR_070362277EA55465FEEEBC38,CLASSIFICATION_CONFLICT,192,180,source_section|source_column_label|subject_type|strategy|period_end|metric_category|method,MERGE,"3-Year prints marker (b) Dollar-weighted (IRR), so irr; strategy blank for Value Added.",RESOLVED,A+B+ADJUDICATOR,9431fea2def509ff0b86747dfb06cd7dfc1531dc86350d120f2fb4ef252e4c66
8606ed11404837bb8d89,SRC099,9,PAIR_2B63E06402E6D9AC53C4EE3A,CLASSIFICATION_CONFLICT,193,181,source_section|source_column_label|subject_type|strategy|period_end|metric_category|method,MERGE,"5-Year prints marker (b) Dollar-weighted (IRR), so irr; strategy blank for Value Added.",RESOLVED,A+B+ADJUDICATOR,9431fea2def509ff0b86747dfb06cd7dfc1531dc86350d120f2fb4ef252e4c66
6b0b634795e58b0b39e0,SRC099,9,PAIR_19DA58CD02341D49930EB265,CLASSIFICATION_CONFLICT,194,182,source_section|source_column_label|subject_type|strategy|period_end|metric_category|method,MERGE,"Inception prints marker (b) Dollar-weighted (IRR), so irr; strategy blank for Value Added.",RESOLVED,A+B+ADJUDICATOR,9431fea2def509ff0b86747dfb06cd7dfc1531dc86350d120f2fb4ef252e4c66
aadc64f9d8e2bae73158,SRC099,9,PAIR_D1AB46DEC30E38AA17571406,CLASSIFICATION_CONFLICT,195,183,source_section|source_column_label|subject_type|strategy|period_end,MERGE,"Quarter prints marker (a) Time-weighted, so return with method time_weighted. The row label Value Added has no row under context strategy in context-grouping-map.csv, so strategy stays blank and the printed words stay in the row label and quote.",RESOLVED,A+B+ADJUDICATOR,9431fea2def509ff0b86747dfb06cd7dfc1531dc86350d120f2fb4ef252e4c66
374436d4b2dca1413883,SRC099,9,PAIR_D14D101044A6D2ED1B44FB4A,CLASSIFICATION_CONFLICT,196,184,source_section|source_column_label|subject_type|strategy|period_end,MERGE,"Y-T-D prints marker (a) Time-weighted, so return; Value Added left out of strategy because the grouping map carries no row for it.",RESOLVED,A+B+ADJUDICATOR,9431fea2def509ff0b86747dfb06cd7dfc1531dc86350d120f2fb4ef252e4c66
55c502719071207d3a21,SRC099,10,PAIR_9A7ADFBCBA38D2EE58E7478C,CLASSIFICATION_CONFLICT,197,185,source_section|subject_type|asset_class|strategy|period_end|horizon|evidence_quote,MERGE,"A heading and asset_class, B period_end; the % column prints the actual share, so actual_allocation. Printed strategy Core carried, marker (a) kept.",RESOLVED,A+B+ADJUDICATOR,9431fea2def509ff0b86747dfb06cd7dfc1531dc86350d120f2fb4ef252e4c66
0078ae102dd3eaf7ec71,SRC099,10,PAIR_78147677855293D48923AE5E,CLASSIFICATION_CONFLICT,198,186,source_section|subject_type|asset_class|strategy|period_end|horizon|evidence_quote,MERGE,"A carries the printed heading and asset_class Real Estate from the title, B carries period_end 2Q17; the Target column prints the policy target, so target_allocation. Core has a strategy row in context-grouping-map.csv, and the label prints marker (a).",RESOLVED,A+B+ADJUDICATOR,9431fea2def509ff0b86747dfb06cd7dfc1531dc86350d120f2fb4ef252e4c66
c19b1eddd7e7474cbad9,SRC099,10,PAIR_4A095312D87A635D2DD1341B,CLASSIFICATION_CONFLICT,199,187,source_section|subject_type|asset_class|strategy|period_end|horizon,MERGE,"A heading and asset_class, B period_end; % column gives actual_allocation; printed strategy Opportunistic carried.",RESOLVED,A+B+ADJUDICATOR,9431fea2def509ff0b86747dfb06cd7dfc1531dc86350d120f2fb4ef252e4c66
cf834c09ac7d222c6873,SRC099,10,PAIR_C3E8BD42B772FC8EE10E5ADB,CLASSIFICATION_CONFLICT,200,188,source_section|subject_type|asset_class|strategy|period_end|horizon,MERGE,"A heading and asset_class, B period_end; Target column gives target_allocation; Opportunistic has a strategy row in the grouping map.",RESOLVED,A+B+ADJUDICATOR,9431fea2def509ff0b86747dfb06cd7dfc1531dc86350d120f2fb4ef252e4c66
531ca85f469e0496e3b0,SRC099,10,PAIR_B104D49D4C8DF25D9BE31FF8,CONTEXT_CONFLICT,201,189,source_section|asset_class|period_end|horizon,MERGE,"A heading and asset_class, B period_end; % column gives actual_allocation.",RESOLVED,A+B+ADJUDICATOR,9431fea2def509ff0b86747dfb06cd7dfc1531dc86350d120f2fb4ef252e4c66
e907eb08dfdb26d675db,SRC099,10,PAIR_6C83D95326B941E7230E3415,CONTEXT_CONFLICT,202,190,source_section|asset_class|period_end|horizon,MERGE,"A heading and asset_class, B period_end; Target column gives target_allocation; Total Portfolio is the owner aggregate, so subject_type portfolio and no strategy.",RESOLVED,A+B+ADJUDICATOR,9431fea2def509ff0b86747dfb06cd7dfc1531dc86350d120f2fb4ef252e4c66
f6314777cd3df72c6370,SRC099,10,PAIR_9EBE106DC11ECDC3EC713FF2,CLASSIFICATION_CONFLICT,203,191,source_section|subject_type|asset_class|period_end|horizon,MERGE,"A heading and asset_class, B period_end; % column gives actual_allocation; strategy blank because Value has no grouping-map row.",RESOLVED,A+B+ADJUDICATOR,9431fea2def509ff0b86747dfb06cd7dfc1531dc86350d120f2fb4ef252e4c66
20576ba39c4f6a07694e,SRC099,10,PAIR_2793EBE9A6ECBC41F73E8603,CLASSIFICATION_CONFLICT,204,192,source_section|subject_type|asset_class|period_end|horizon,MERGE,"A heading and asset_class, B period_end; Target column gives target_allocation. The row label Value has no row under context strategy in context-grouping-map.csv, so strategy stays blank.",RESOLVED,A+B+ADJUDICATOR,9431fea2def509ff0b86747dfb06cd7dfc1531dc86350d120f2fb4ef252e4c66
04ffad8fd92efb018b58,SRC099,10,PAIR_12710974CA5228266BA6DF78,CONTEXT_CONFLICT,205,193,source_section|condition_raw,ACCEPT_A,"A carries the printed section heading; B also put a row name in condition_raw, which is not a condition on the note.",RESOLVED,A,9431fea2def509ff0b86747dfb06cd7dfc1531dc86350d120f2fb4ef252e4c66
3ef6e698e14f7ecfc060,SRC099,10,PAIR_C4C9FB5ADBDA9B2F33F38D3A,A_ONLY,206,,,MERGE,"One-sided A row for a printed cell B skipped: B took Target and % and left the whole Market Value column unread. Market Value at bucket grain in this table is nav; footnote (a) Includes Gross PTRES Exposure is cited on the label, so value_scope allocation_bucket is backed. Added period_end 2Q17.",RESOLVED,A+ADJUDICATOR,9431fea2def509ff0b86747dfb06cd7dfc1531dc86350d120f2fb4ef252e4c66
4bbe83874b6a280baac9,SRC099,10,PAIR_C3C275BF3DD8760FF0408D61,A_ONLY,207,,,MERGE,One-sided A row for a printed Market Value cell B skipped; value_scope unstated because the label prints no scope.,RESOLVED,A+ADJUDICATOR,9431fea2def509ff0b86747dfb06cd7dfc1531dc86350d120f2fb4ef252e4c66
5e2f3bdf87c199bd7bc8,SRC099,10,PAIR_DC94C4111B7B299B72C2CACB,A_ONLY,208,,,MERGE,One-sided A row for a printed Market Value cell B skipped; value_scope unstated because the Total Portfolio label prints no marker.,RESOLVED,A+ADJUDICATOR,9431fea2def509ff0b86747dfb06cd7dfc1531dc86350d120f2fb4ef252e4c66
839a873d056448df8e46,SRC099,10,PAIR_D2841B161CF2C0344AEACDE8,A_ONLY,209,,,MERGE,"One-sided A row for a printed Market Value cell B skipped; the label prints no marker and no scope phrase, so value_scope is unstated. Added period_end 2Q17.",RESOLVED,A+ADJUDICATOR,9431fea2def509ff0b86747dfb06cd7dfc1531dc86350d120f2fb4ef252e4c66
b95db47efc6d633b3874,SRC099,11,PAIR_7F18F5711D7BC5A204966575,A_ONLY,210,,,MERGE,"One-sided A row for a printed cell B skipped: B took only the Quarter column and left the whole Market Value share column unread. The column prints a percent share of the portfolio, so actual_allocation. Added period_end 3Q17.",RESOLVED,A+ADJUDICATOR,9431fea2def509ff0b86747dfb06cd7dfc1531dc86350d120f2fb4ef252e4c66
1babf1c9bb6fa6682c1f,SRC099,11,PAIR_26E2D83FD37241318454CF8E,A_ONLY,211,,,MERGE,One-sided A row for a printed share cell B skipped; added period_end 3Q17.,RESOLVED,A+ADJUDICATOR,9431fea2def509ff0b86747dfb06cd7dfc1531dc86350d120f2fb4ef252e4c66
ea619275c8362113621a,SRC099,11,PAIR_68EA1AC8DCDB77330742F339,A_ONLY,212,,,MERGE,One-sided A row for a printed share cell B skipped; added period_end 3Q17.,RESOLVED,A+ADJUDICATOR,9431fea2def509ff0b86747dfb06cd7dfc1531dc86350d120f2fb4ef252e4c66
4c7e8a249e54346e510e,SRC099,11,PAIR_3B85B8A78481026CCCCDCC67,A_ONLY,213,,,MERGE,One-sided A row for a printed share cell B skipped; added period_end 3Q17.,RESOLVED,A+ADJUDICATOR,9431fea2def509ff0b86747dfb06cd7dfc1531dc86350d120f2fb4ef252e4c66
d0b6e728704e1125d972,SRC099,11,PAIR_B4B1373A9A8F5674F5699264,A_ONLY,214,,,MERGE,One-sided A row for a printed share cell B skipped; added period_end 3Q17.,RESOLVED,A+ADJUDICATOR,9431fea2def509ff0b86747dfb06cd7dfc1531dc86350d120f2fb4ef252e4c66
1bb007091ee1445ee640,SRC099,11,PAIR_815E0400BC23B114B71A5C00,A_ONLY,215,,,MERGE,One-sided A row for a printed share cell B skipped; added period_end 3Q17.,RESOLVED,A+ADJUDICATOR,9431fea2def509ff0b86747dfb06cd7dfc1531dc86350d120f2fb4ef252e4c66
3231b8e965689c8e165b,SRC099,11,PAIR_97ABD347C3A05A4954B5335D,CONTEXT_CONFLICT,216,194,source_section,ACCEPT_A,Only difference is source_section; the page prints Preliminary Real Estate Performance - 3Q17 above the table.,RESOLVED,A,9431fea2def509ff0b86747dfb06cd7dfc1531dc86350d120f2fb4ef252e4c66
fd49df044978d459962d,SRC099,11,PAIR_D4A39EE0508EFE6E4925BDFA,CLASSIFICATION_CONFLICT,217,195,source_section|source_column_label|subject_type|asset_class|period_end,MERGE,"Quarter prints marker (a) and footnote (a) reads Time-weighted, so return with method time_weighted and fee_basis unstated; A kept the printed heading, asset_class Real Estate and the stripped column label, B supplied period_end 3Q17 from the title.",RESOLVED,A+B+ADJUDICATOR,9431fea2def509ff0b86747dfb06cd7dfc1531dc86350d120f2fb4ef252e4c66
95cecc6196b771c1c3e8,SRC099,11,PAIR_1E0E71D967E709B546C30A69,CLASSIFICATION_CONFLICT,218,196,source_section|source_column_label|subject_type|asset_class|period_end,MERGE,"Quarter prints marker (a) Time-weighted, so return with method time_weighted; A heading, asset_class and stripped label, B period_end 3Q17.",RESOLVED,A+B+ADJUDICATOR,9431fea2def509ff0b86747dfb06cd7dfc1531dc86350d120f2fb4ef252e4c66
89e1fd6fa3744fea3cb0,SRC099,11,PAIR_2D3D2FDA40030EBC8C5EBD8E,CLASSIFICATION_CONFLICT,219,197,source_section|source_column_label|subject_type|asset_class|period_end,MERGE,"Quarter prints marker (a) Time-weighted, so return with method time_weighted; A heading, asset_class and stripped label, B period_end 3Q17.",RESOLVED,A+B+ADJUDICATOR,9431fea2def509ff0b86747dfb06cd7dfc1531dc86350d120f2fb4ef252e4c66
e1ee5f59f6f790946483,SRC099,11,PAIR_B4C860601FFA40214273866D,CLASSIFICATION_CONFLICT,220,198,source_section|source_column_label|subject_type|asset_class|period_end,MERGE,"Quarter prints marker (a) Time-weighted, so return with method time_weighted; A heading, asset_class and stripped label, B period_end 3Q17.",RESOLVED,A+B+ADJUDICATOR,9431fea2def509ff0b86747dfb06cd7dfc1531dc86350d120f2fb4ef252e4c66
5515a630d70f135100c9,SRC099,11,PAIR_767514F08DCC7B58CFB843B0,CLASSIFICATION_CONFLICT,221,199,source_section|source_column_label|subject_type|asset_class|period_end,MERGE,"Quarter prints marker (a) Time-weighted, so return with method time_weighted; A heading, asset_class and stripped label, B period_end 3Q17.",RESOLVED,A+B+ADJUDICATOR,9431fea2def509ff0b86747dfb06cd7dfc1531dc86350d120f2fb4ef252e4c66
d2a893c626573204782f,SRC099,11,PAIR_26C8AB3943AE8E783C567AB0,CONTEXT_CONFLICT,222,200,source_section|source_column_label|asset_class|period_end,MERGE,"Quarter prints marker (a) Time-weighted, so return with method time_weighted; Total Portfolio is the owner aggregate, so subject_type portfolio. A heading, asset_class and stripped label, B period_end 3Q17.",RESOLVED,A+B+ADJUDICATOR,9431fea2def509ff0b86747dfb06cd7dfc1531dc86350d120f2fb4ef252e4c66
f9ad8cb3ab2795febec7,SRC099,13,PAIR_AAEF8671E63B92D5330809F5,CONTEXT_CONFLICT,223,201,source_section|condition_raw,ACCEPT_A,"A carries the printed section heading Cash Flow Activity; B also put a row name in condition_raw, which is not a condition on the note.",RESOLVED,A,9431fea2def509ff0b86747dfb06cd7dfc1531dc86350d120f2fb4ef252e4c66
08b279a3cea1973aaed1,SRC099,13,PAIR_594932F6FED2F704805A722E,CONTEXT_CONFLICT,224,202,source_section|source_table|period_end,MERGE,"A heading and full printed banner, B period_end 2Q17.",RESOLVED,A+B+ADJUDICATOR,9431fea2def509ff0b86747dfb06cd7dfc1531dc86350d120f2fb4ef252e4c66
89c994a1f982bfa7c658,SRC099,13,PAIR_50C9AF62DBBB172D2A0DE5E6,CONTEXT_CONFLICT,225,203,source_section|source_table|period_end,MERGE,"A heading and full printed banner, B period_end 2Q17.",RESOLVED,A+B+ADJUDICATOR,9431fea2def509ff0b86747dfb06cd7dfc1531dc86350d120f2fb4ef252e4c66
6cef1f96d7735541094f,SRC099,13,PAIR_B7200F29740BA05AA364E535,CONTEXT_CONFLICT,226,204,source_section|source_table|period_end,MERGE,"A heading and full printed banner, B period_end 2Q17.",RESOLVED,A+B+ADJUDICATOR,9431fea2def509ff0b86747dfb06cd7dfc1531dc86350d120f2fb4ef252e4c66
18c59c765354ae2e2a55,SRC099,13,PAIR_15FA56FD1CD83E72E28834B8,CONTEXT_CONFLICT,227,205,source_section|source_table|source_column_label|period_end,MERGE,"A heading, full printed banner and the stripped column label; the printed header is Residual Value with marker (a), so the marker goes to definition_keys and footnote a Includes Gross PTRES Exposure backs value_scope portfolio_total.",RESOLVED,A+B+ADJUDICATOR,9431fea2def509ff0b86747dfb06cd7dfc1531dc86350d120f2fb4ef252e4c66
af3e746041db14195e1f,SRC099,13,PAIR_0121F12E73D02E4DEC9DCAD3,CONTEXT_CONFLICT,228,206,source_section|source_table|period_end,MERGE,"A heading and full printed banner, B period_end 2Q17.",RESOLVED,A+B+ADJUDICATOR,9431fea2def509ff0b86747dfb06cd7dfc1531dc86350d120f2fb4ef252e4c66
5d7ac250f4ce2735e954,SRC099,13,PAIR_87185BA2F6357DC4DEE5678B,CONTEXT_CONFLICT,229,207,source_section|source_table|period_end,MERGE,"A heading and full printed banner, B period_end 2Q17.",RESOLVED,A+B+ADJUDICATOR,9431fea2def509ff0b86747dfb06cd7dfc1531dc86350d120f2fb4ef252e4c66
c735bc7390802ce0a7fc,SRC099,13,PAIR_0363A2DAF44B871E43BFC4A2,CONTEXT_CONFLICT,230,208,source_section|source_table|period_end,MERGE,"A heading and full printed banner, B period_end 2Q17.",RESOLVED,A+B+ADJUDICATOR,9431fea2def509ff0b86747dfb06cd7dfc1531dc86350d120f2fb4ef252e4c66
843e893aae4c63cc8ac9,SRC099,13,PAIR_0C3AB44C0767E1B126DDDCDB,CONTEXT_CONFLICT,231,209,source_section|source_table|period_end,MERGE,"A carries the printed page heading and the full printed banner Final -2Q17 ($M) that names the table, B carries the period the banner states. Rows are periods and columns are measures, so the leaf column header names the metric.",RESOLVED,A+B+ADJUDICATOR,9431fea2def509ff0b86747dfb06cd7dfc1531dc86350d120f2fb4ef252e4c66
9416865c79f602c36adb,SRC099,13,PAIR_8C601F90CC9BEA760A3DF6FF,CONTEXT_CONFLICT,232,210,source_section|source_table|period_end,MERGE,"A heading and full printed banner, B period_end 2Q17.",RESOLVED,A+B+ADJUDICATOR,9431fea2def509ff0b86747dfb06cd7dfc1531dc86350d120f2fb4ef252e4c66
6f1fd1a968a29d883c5d,SRC099,13,PAIR_F2F393F0A2E304B258441AA1,CONTEXT_CONFLICT,233,211,source_section|source_table|period_end,MERGE,"A heading and full printed banner, B period_end 2Q17.",RESOLVED,A+B+ADJUDICATOR,9431fea2def509ff0b86747dfb06cd7dfc1531dc86350d120f2fb4ef252e4c66
b89132804f2a042900a7,SRC099,13,PAIR_5503CD9F36CCF09465114E28,CONTEXT_CONFLICT,234,212,source_section|source_table|period_end,MERGE,"A heading and full printed banner, B period_end 2Q17.",RESOLVED,A+B+ADJUDICATOR,9431fea2def509ff0b86747dfb06cd7dfc1531dc86350d120f2fb4ef252e4c66
dfa9484503036690f695,SRC099,13,PAIR_4E3746619B804BE1A193FB29,CONTEXT_CONFLICT,235,213,source_section|source_table|period_end,MERGE,"A heading and full printed banner, B period_end 3Q17.",RESOLVED,A+B+ADJUDICATOR,9431fea2def509ff0b86747dfb06cd7dfc1531dc86350d120f2fb4ef252e4c66
91a13d8690a62b475060,SRC099,13,PAIR_5464433AEC3279A3D7909E4A,CONTEXT_CONFLICT,236,214,source_section|source_table|period_end,MERGE,"A heading and full printed banner, B period_end 3Q17.",RESOLVED,A+B+ADJUDICATOR,9431fea2def509ff0b86747dfb06cd7dfc1531dc86350d120f2fb4ef252e4c66
206473fb81bdf5b6b671,SRC099,13,PAIR_93393302AEA90CC97A6A0A8E,CONTEXT_CONFLICT,237,215,source_section|source_table|period_end,MERGE,"A heading and full printed banner, B period_end 3Q17.",RESOLVED,A+B+ADJUDICATOR,9431fea2def509ff0b86747dfb06cd7dfc1531dc86350d120f2fb4ef252e4c66
b1e4a991091262b3d4fc,SRC099,13,PAIR_DAF7CC6AEE391971EADAE8F2,CONTEXT_CONFLICT,238,216,source_section|source_table|source_column_label|period_end,MERGE,"A heading, full printed banner and the stripped column label; Residual Value carries marker (a), which backs value_scope portfolio_total.",RESOLVED,A+B+ADJUDICATOR,9431fea2def509ff0b86747dfb06cd7dfc1531dc86350d120f2fb4ef252e4c66
31e0ace1448aed92c7e2,SRC099,13,PAIR_5D6B2E649270381B228B40C2,CONTEXT_CONFLICT,239,217,source_section|source_table|period_end,MERGE,"A heading and full printed banner, B period_end 3Q17.",RESOLVED,A+B+ADJUDICATOR,9431fea2def509ff0b86747dfb06cd7dfc1531dc86350d120f2fb4ef252e4c66
4d08334f3cf89709fa79,SRC099,13,PAIR_44AAEBDC6E5CD11F8BE5FE5B,CONTEXT_CONFLICT,240,218,source_section|source_table|period_end,MERGE,"A heading and full printed banner, B period_end 3Q17.",RESOLVED,A+B+ADJUDICATOR,9431fea2def509ff0b86747dfb06cd7dfc1531dc86350d120f2fb4ef252e4c66
ba5ff4cc7c99296fc6b1,SRC099,13,PAIR_60B1ED2E0671966025C58A41,CONTEXT_CONFLICT,241,219,source_section|source_table|period_end,MERGE,"A heading and full printed banner, B period_end 3Q17.",RESOLVED,A+B+ADJUDICATOR,9431fea2def509ff0b86747dfb06cd7dfc1531dc86350d120f2fb4ef252e4c66
f64c6c8cf118f5457e4d,SRC099,13,PAIR_42F6D0ED0D8BF4F29CAEBA39,CONTEXT_CONFLICT,242,220,source_section|source_table|period_end,MERGE,"Second table on the page; A carries the printed heading and the full printed banner Prelim -3Q17 ($M), B carries the period the banner states.",RESOLVED,A+B+ADJUDICATOR,9431fea2def509ff0b86747dfb06cd7dfc1531dc86350d120f2fb4ef252e4c66
1386fab1b63f43a3a6e0,SRC099,13,PAIR_98F4859F33DF39D1FA316DF8,CONTEXT_CONFLICT,243,221,source_section|source_table|period_end,MERGE,"A heading and full printed banner, B period_end 3Q17.",RESOLVED,A+B+ADJUDICATOR,9431fea2def509ff0b86747dfb06cd7dfc1531dc86350d120f2fb4ef252e4c66
8ff57b10e8f55f6f9149,SRC099,13,PAIR_F4C113209FCCE19CA9B969D5,CONTEXT_CONFLICT,244,222,source_section|source_table|period_end,MERGE,"A heading and full printed banner, B period_end 3Q17.",RESOLVED,A+B+ADJUDICATOR,9431fea2def509ff0b86747dfb06cd7dfc1531dc86350d120f2fb4ef252e4c66
eb78546e044e22f65efe,SRC099,13,PAIR_1EB15374F1ED8B4762006962,CONTEXT_CONFLICT,245,223,source_section|source_table|period_end,MERGE,"A heading and full printed banner, B period_end 3Q17.",RESOLVED,A+B+ADJUDICATOR,9431fea2def509ff0b86747dfb06cd7dfc1531dc86350d120f2fb4ef252e4c66
8fed011a267d4227a4bc,SRC099,14,PAIR_7D4522E0F1EE4BA36D123A9A,CONTEXT_CONFLICT,246,224,source_section|condition_raw,ACCEPT_A,"A carries the printed section heading Portfolio Summary for Real Estate; B also put a row name in condition_raw, which is not a condition on the note.",RESOLVED,A,9431fea2def509ff0b86747dfb06cd7dfc1531dc86350d120f2fb4ef252e4c66
1953cf6c085785835121,SRC099,14,PAIR_A6C8F296B510ABE40FFA1F3E,CONTEXT_CONFLICT,247,225,source_section|source_column_label|asset_class|as_of_date|horizon,MERGE,"Banner plus leaf column label; period_end from the leaf quarter, marker (a) backs value_scope portfolio_total.",RESOLVED,A+B+ADJUDICATOR,9431fea2def509ff0b86747dfb06cd7dfc1531dc86350d120f2fb4ef252e4c66
9bb83365ed745ee2d9ba,SRC099,14,PAIR_308CEDBBFA49056E26982BA0,CONTEXT_CONFLICT,248,228,source_section|asset_class|as_of_date|horizon,MERGE,"Banner plus leaf column label; period_end from the leaf quarter, marker (a) backs value_scope portfolio_total.",RESOLVED,A+B+ADJUDICATOR,9431fea2def509ff0b86747dfb06cd7dfc1531dc86350d120f2fb4ef252e4c66
17938a261cfca2109411,SRC099,14,PAIR_E5ACEECE376B49956D178D81,CONTEXT_CONFLICT,249,226,source_section|source_column_label|asset_class|as_of_date|horizon,MERGE,"The two 2Q17 columns are told apart only by their banners, so the column label keeps the banner and its leaf; the banner reads Quarter Ended, which names a period end, so period_end carries the leaf quarter and horizon the banner. Beginning Market Value prints marker (a), which backs value_scope portfolio_total.",RESOLVED,A+B+ADJUDICATOR,9431fea2def509ff0b86747dfb06cd7dfc1531dc86350d120f2fb4ef252e4c66
fadccd6740de5b6905c4,SRC099,14,PAIR_076F15E6FCFD1C969DB26B32,CONTEXT_CONFLICT,250,227,source_section|source_column_label|asset_class|as_of_date|horizon,MERGE,"Banner plus leaf column label; period_end from the leaf quarter, marker (a) backs value_scope portfolio_total.",RESOLVED,A+B+ADJUDICATOR,9431fea2def509ff0b86747dfb06cd7dfc1531dc86350d120f2fb4ef252e4c66
a41bb4c5a9992ea3ce86,SRC099,14,PAIR_C359546EC3E640E467155F2F,CONTEXT_CONFLICT,251,229,source_section|asset_class|as_of_date|horizon,MERGE,"The Year Ended column shares its leaf 2Q17 with a Quarter Ended column, so the banner stays in the column label and in horizon; marker (a) backs value_scope portfolio_total.",RESOLVED,A+B+ADJUDICATOR,9431fea2def509ff0b86747dfb06cd7dfc1531dc86350d120f2fb4ef252e4c66
973af9122395eeb68925,SRC099,14,PAIR_DDF9812C38F1EB12DEF8C9A3,CONTEXT_CONFLICT,252,230,source_section|source_column_label|asset_class|as_of_date|horizon,MERGE,Banner plus leaf column label; period_end from the leaf quarter.,RESOLVED,A+B+ADJUDICATOR,9431fea2def509ff0b86747dfb06cd7dfc1531dc86350d120f2fb4ef252e4c66
e1c45849986b83894a2e,SRC099,14,PAIR_B49AA41EF39B97219DB7DF7C,CONTEXT_CONFLICT,253,233,source_section|asset_class|as_of_date|horizon,MERGE,Banner plus leaf column label; period_end from the leaf quarter.,RESOLVED,A+B+ADJUDICATOR,9431fea2def509ff0b86747dfb06cd7dfc1531dc86350d120f2fb4ef252e4c66
0aa18485a27778003f1d,SRC099,14,PAIR_5EA99EF79F9DDD8E4C12FBC8,CONTEXT_CONFLICT,254,231,source_section|source_column_label|asset_class|as_of_date|horizon,MERGE,"Banner plus leaf column label; period_end from the leaf quarter. The Contributions row prints its figures without a currency symbol, so the value is kept as printed and the scale stays in currency_scale.",RESOLVED,A+B+ADJUDICATOR,9431fea2def509ff0b86747dfb06cd7dfc1531dc86350d120f2fb4ef252e4c66
0472443d43e49d73a6b5,SRC099,14,PAIR_1DBBE922ACD266ACFD667F96,CONTEXT_CONFLICT,255,232,source_section|source_column_label|asset_class|as_of_date|horizon,MERGE,Banner plus leaf column label; period_end from the leaf quarter.,RESOLVED,A+B+ADJUDICATOR,9431fea2def509ff0b86747dfb06cd7dfc1531dc86350d120f2fb4ef252e4c66
52a04c82b7735017f6c0,SRC099,14,PAIR_640763F2986A5FC990B41D46,CONTEXT_CONFLICT,256,234,source_section|asset_class|as_of_date|horizon,MERGE,Year Ended column; banner kept in the column label and in horizon.,RESOLVED,A+B+ADJUDICATOR,9431fea2def509ff0b86747dfb06cd7dfc1531dc86350d120f2fb4ef252e4c66
8537bd54f9d1ce741735,SRC099,14,PAIR_0A25BD6B29F821A271C12912,CONTEXT_CONFLICT,257,235,source_section|source_column_label|asset_class|as_of_date|horizon,MERGE,Banner plus leaf column label; printed parentheses kept.,RESOLVED,A+B+ADJUDICATOR,9431fea2def509ff0b86747dfb06cd7dfc1531dc86350d120f2fb4ef252e4c66
0c3e523b9bdddf3d9836,SRC099,14,PAIR_B8A491CA40F427F7AF742259,CONTEXT_CONFLICT,258,238,source_section|asset_class|as_of_date|horizon,MERGE,Banner plus leaf column label; printed parentheses kept.,RESOLVED,A+B+ADJUDICATOR,9431fea2def509ff0b86747dfb06cd7dfc1531dc86350d120f2fb4ef252e4c66
628368c0063041c51c1f,SRC099,14,PAIR_DF197427D63F1FCE12C354FD,CONTEXT_CONFLICT,259,236,source_section|source_column_label|asset_class|as_of_date|horizon,MERGE,"Banner plus leaf column label; the Distributions row prints its figures in parentheses, which is kept as printed.",RESOLVED,A+B+ADJUDICATOR,9431fea2def509ff0b86747dfb06cd7dfc1531dc86350d120f2fb4ef252e4c66
d3dc8a8d6daa42e1ff9b,SRC099,14,PAIR_1E34A3FA9DE3B9D6C1BDF5E5,CONTEXT_CONFLICT,260,237,source_section|source_column_label|asset_class|as_of_date|horizon,MERGE,Banner plus leaf column label; printed parentheses kept.,RESOLVED,A+B+ADJUDICATOR,9431fea2def509ff0b86747dfb06cd7dfc1531dc86350d120f2fb4ef252e4c66
ede4337deade948727ec,SRC099,14,PAIR_0E3D5A4A96E54EF49DCD958A,CONTEXT_CONFLICT,261,239,source_section|asset_class|as_of_date|horizon,MERGE,Year Ended column; banner kept in the column label and in horizon; printed parentheses kept.,RESOLVED,A+B+ADJUDICATOR,9431fea2def509ff0b86747dfb06cd7dfc1531dc86350d120f2fb4ef252e4c66
7a611e6f47695a7f93a8,SRC099,14,PAIR_CE1318A9BCBA0A75958D479D,CONTEXT_CONFLICT,262,240,source_section|source_column_label|asset_class|as_of_date|horizon,MERGE,Banner plus leaf column label; marker (a) backs value_scope portfolio_total.,RESOLVED,A+B+ADJUDICATOR,9431fea2def509ff0b86747dfb06cd7dfc1531dc86350d120f2fb4ef252e4c66
db78eedcbeac5c510272,SRC099,14,PAIR_F3D52DD6F5C484B010CFCE9D,CONTEXT_CONFLICT,263,243,source_section|asset_class|as_of_date|horizon,MERGE,Banner plus leaf column label; marker (a) backs value_scope portfolio_total.,RESOLVED,A+B+ADJUDICATOR,9431fea2def509ff0b86747dfb06cd7dfc1531dc86350d120f2fb4ef252e4c66
225a59007811a6c7ccc3,SRC099,14,PAIR_D27D254E48519A9AD726059C,CONTEXT_CONFLICT,264,241,source_section|source_column_label|asset_class|as_of_date|horizon,MERGE,"Banner plus leaf column label; Ending Market Value prints marker (a), which backs value_scope portfolio_total.",RESOLVED,A+B+ADJUDICATOR,9431fea2def509ff0b86747dfb06cd7dfc1531dc86350d120f2fb4ef252e4c66
75f1b0add09907b1084a,SRC099,14,PAIR_9D7F5595B4AF00D0AB5F8BC6,CONTEXT_CONFLICT,265,242,source_section|source_column_label|asset_class|as_of_date|horizon,MERGE,Banner plus leaf column label; marker (a) backs value_scope portfolio_total.,RESOLVED,A+B+ADJUDICATOR,9431fea2def509ff0b86747dfb06cd7dfc1531dc86350d120f2fb4ef252e4c66
3370816a15716851c10a,SRC099,14,PAIR_37D10788A6F5C29F8860E91B,CONTEXT_CONFLICT,266,244,source_section|asset_class|as_of_date|horizon,MERGE,Year Ended column; banner kept in the column label and in horizon; marker (a) backs value_scope portfolio_total.,RESOLVED,A+B+ADJUDICATOR,9431fea2def509ff0b86747dfb06cd7dfc1531dc86350d120f2fb4ef252e4c66
a81a167c2dc7d2f868a3,SRC099,14,PAIR_FAF2C1106211DF1C94A8F4DE,CONTEXT_CONFLICT,267,245,source_section|source_column_label|asset_class|as_of_date|horizon|currency_scale,MERGE,Banner plus leaf column label; irr with fee_basis unstated and no currency scale on a percent column.,RESOLVED,A+B+ADJUDICATOR,9431fea2def509ff0b86747dfb06cd7dfc1531dc86350d120f2fb4ef252e4c66
c2959ed79d09eec4e9b7,SRC099,14,PAIR_3439752D53A073773F2D931B,CONTEXT_CONFLICT,268,248,source_section|asset_class|as_of_date|horizon|currency_scale,MERGE,Banner plus leaf column label; irr with fee_basis unstated and no currency scale on a percent column.,RESOLVED,A+B+ADJUDICATOR,9431fea2def509ff0b86747dfb06cd7dfc1531dc86350d120f2fb4ef252e4c66
c70d97a2928e1793d884,SRC099,14,PAIR_5A4530E4446F034AF6F03984,CONTEXT_CONFLICT,269,246,source_section|source_column_label|asset_class|as_of_date|horizon|currency_scale,MERGE,"Banner plus leaf column label; the row prints IRR so the category is irr, the page states no fee treatment so fee_basis is unstated, and the percent column prints no currency scale.",RESOLVED,A+B+ADJUDICATOR,9431fea2def509ff0b86747dfb06cd7dfc1531dc86350d120f2fb4ef252e4c66
a33a527e330f18f13a00,SRC099,14,PAIR_CCFB01472BBEBA08D3E6080B,CONTEXT_CONFLICT,270,247,source_section|source_column_label|asset_class|as_of_date|horizon|currency_scale,MERGE,Banner plus leaf column label; irr with fee_basis unstated and no currency scale on a percent column.,RESOLVED,A+B+ADJUDICATOR,9431fea2def509ff0b86747dfb06cd7dfc1531dc86350d120f2fb4ef252e4c66
5942dce51c17674082e7,SRC099,14,PAIR_503E9C021F3B85E99CB089A0,CONTEXT_CONFLICT,271,249,source_section|asset_class|as_of_date|horizon|currency_scale,MERGE,Year Ended column; banner kept in the column label and in horizon; irr with fee_basis unstated.,RESOLVED,A+B+ADJUDICATOR,9431fea2def509ff0b86747dfb06cd7dfc1531dc86350d120f2fb4ef252e4c66
be179e927ddcedf9bdce,SRC099,14,PAIR_98B6B07912D39D8211A2471B,A_ONLY,272,,,MERGE,Banner plus leaf column label; irr with fee_basis unstated. Published from the A keying; the B row keyed on the bare leaf 1Q17 is the same cell and is rejected.,RESOLVED,A+ADJUDICATOR,9431fea2def509ff0b86747dfb06cd7dfc1531dc86350d120f2fb4ef252e4c66
59821e4823bf47528e3e,SRC099,14,PAIR_5E4A5760B1413626A9A154DA,CONTEXT_CONFLICT,273,253,source_section|asset_class|as_of_date|horizon|currency_scale,MERGE,Banner plus leaf column label; irr with fee_basis unstated.,RESOLVED,A+B+ADJUDICATOR,9431fea2def509ff0b86747dfb06cd7dfc1531dc86350d120f2fb4ef252e4c66
470511559e9332425a34,SRC099,14,PAIR_664E104D0E31A45519F1C6F2,A_ONLY,274,,,MERGE,"Banner plus leaf column label; irr with fee_basis unstated. Published from the A keying, which keeps the banner that tells the two 2Q17 columns apart; the B row keyed on the bare leaf 3Q16 is the same cell and is rejected.",RESOLVED,A+ADJUDICATOR,9431fea2def509ff0b86747dfb06cd7dfc1531dc86350d120f2fb4ef252e4c66
0cbeef86cd05a2d4045a,SRC099,14,PAIR_B05DBBFEB18371B605C7D180,CONTEXT_CONFLICT,275,252,source_section|source_column_label|asset_class|as_of_date|horizon|currency_scale,MERGE,Banner plus leaf column label; irr with fee_basis unstated.,RESOLVED,A+B+ADJUDICATOR,9431fea2def509ff0b86747dfb06cd7dfc1531dc86350d120f2fb4ef252e4c66
b118b922499a7991bbb8,SRC099,14,PAIR_B4E36A03ED7C714291CB05B1,CONTEXT_CONFLICT,276,254,source_section|asset_class|as_of_date|horizon|currency_scale,MERGE,Year Ended column; banner kept in the column label and in horizon; irr with fee_basis unstated.,RESOLVED,A+B+ADJUDICATOR,9431fea2def509ff0b86747dfb06cd7dfc1531dc86350d120f2fb4ef252e4c66
9b4b9662ac0802187dd7,SRC099,14,PAIR_CE4DA4ED323F1DB9696E9BD5,CONTEXT_CONFLICT,277,255,source_section|source_column_label|asset_class|as_of_date|horizon,MERGE,Banner plus leaf column label.,RESOLVED,A+B+ADJUDICATOR,9431fea2def509ff0b86747dfb06cd7dfc1531dc86350d120f2fb4ef252e4c66
ffb334a0926bdd79acc4,SRC099,14,PAIR_EA811EF1E76985D153F54CD1,CONTEXT_CONFLICT,278,258,source_section|asset_class|as_of_date|horizon,MERGE,Banner plus leaf column label.,RESOLVED,A+B+ADJUDICATOR,9431fea2def509ff0b86747dfb06cd7dfc1531dc86350d120f2fb4ef252e4c66
792919ceb1e0d3f9b95f,SRC099,14,PAIR_9F76FB09C6E3BF3E2F3E6377,CONTEXT_CONFLICT,279,256,source_section|source_column_label|asset_class|as_of_date|horizon,MERGE,Banner plus leaf column label; the Unfunded Commitment row prints no marker.,RESOLVED,A+B+ADJUDICATOR,9431fea2def509ff0b86747dfb06cd7dfc1531dc86350d120f2fb4ef252e4c66
1f3e467e84cb143d70c4,SRC099,14,PAIR_A4D416ACC46ED1674B3DAD1D,CONTEXT_CONFLICT,280,257,source_section|source_column_label|asset_class|as_of_date|horizon,MERGE,Banner plus leaf column label.,RESOLVED,A+B+ADJUDICATOR,9431fea2def509ff0b86747dfb06cd7dfc1531dc86350d120f2fb4ef252e4c66
6ad93aef81dc0a4813cb,SRC099,14,PAIR_12E4FF933735FC7F6336A473,CONTEXT_CONFLICT,281,259,source_section|asset_class|as_of_date|horizon,MERGE,Year Ended column; banner kept in the column label and in horizon.,RESOLVED,A+B+ADJUDICATOR,9431fea2def509ff0b86747dfb06cd7dfc1531dc86350d120f2fb4ef252e4c66
cd1f58d9c6b210339980,SRC099,15,PAIR_8A952FDFC0272E386E43BF68,A_ONLY,282,,,MERGE,"Value corrected from the page image. The chart labels are scrambled in the linearised text and A carried that order, putting -$851.4 on 08; the image prints -$2,082.6 under 08 and B read the same value. Published on the A keying, where the year is the row and the legend series is the column, matching how page 13 prints the same data; the B row is rejected as the same cell.",RESOLVED,A+ADJUDICATOR,9431fea2def509ff0b86747dfb06cd7dfc1531dc86350d120f2fb4ef252e4c66
d5e5e99c943c6f6da830,SRC099,15,PAIR_2B208A56451EB72BE121DFB6,A_ONLY,283,,,MERGE,"Value corrected from the image: A carried the scrambled text order and put $360.6 on 08, while the image prints $685.6 above the 08 distribution bar.",RESOLVED,A+ADJUDICATOR,9431fea2def509ff0b86747dfb06cd7dfc1531dc86350d120f2fb4ef252e4c66
30600293c26a52cbac50,SRC099,15,PAIR_AA934CEC2AEA354CE56665F4,A_ONLY,284,,,MERGE,"Value corrected from the image: the 09 contribution bar is labelled -$1,156.2.",RESOLVED,A+ADJUDICATOR,9431fea2def509ff0b86747dfb06cd7dfc1531dc86350d120f2fb4ef252e4c66
b705884f7247207fb786,SRC099,15,PAIR_989F5CA540C2983FC5D11A89,A_ONLY,285,,,MERGE,Value corrected from the image: the 09 distribution bar is labelled $360.6.,RESOLVED,A+ADJUDICATOR,9431fea2def509ff0b86747dfb06cd7dfc1531dc86350d120f2fb4ef252e4c66
101dc0868e0f5ff4586f,SRC099,15,PAIR_752B71E0421B1FA282A95717,A_ONLY,286,,,MERGE,"Value corrected from the image: the 10 contribution bar is labelled -$1,016.5.",RESOLVED,A+ADJUDICATOR,9431fea2def509ff0b86747dfb06cd7dfc1531dc86350d120f2fb4ef252e4c66
d0be8a9ab316662d4c42,SRC099,15,PAIR_BBFF97656881EB762D48FBFC,A_ONLY,287,,,MERGE,Value corrected from the image: the 10 distribution bar is labelled $915.8.,RESOLVED,A+ADJUDICATOR,9431fea2def509ff0b86747dfb06cd7dfc1531dc86350d120f2fb4ef252e4c66
bb125c7e4e1f14d7322b,SRC099,15,PAIR_72BB0B7546C001B8D701FBD9,A_ONLY,288,,,MERGE,"Value corrected from the image: the 11 contribution bar is labelled -$851.4, the figure A had placed on 08.",RESOLVED,A+ADJUDICATOR,9431fea2def509ff0b86747dfb06cd7dfc1531dc86350d120f2fb4ef252e4c66
382e36b6c215c72bd380,SRC099,15,PAIR_87AAFEC369A5467386327756,A_ONLY,289,,,MERGE,Value corrected from the image: the 11 distribution bar is labelled $471.0.,RESOLVED,A+ADJUDICATOR,9431fea2def509ff0b86747dfb06cd7dfc1531dc86350d120f2fb4ef252e4c66
aee154eee99556f002dc,SRC099,15,PAIR_4E113F96CE3108ADCCC61035,A_ONLY,290,,,MERGE,"Value corrected from the image: the 12 contribution bar is labelled -$1,049.6.",RESOLVED,A+ADJUDICATOR,9431fea2def509ff0b86747dfb06cd7dfc1531dc86350d120f2fb4ef252e4c66
ec954a585e23235f3e4f,SRC099,15,PAIR_E434CE9C3170354E4E5F2ECE,A_ONLY,291,,,MERGE,Value corrected from the image: the 12 distribution bar is labelled $848.2.,RESOLVED,A+ADJUDICATOR,9431fea2def509ff0b86747dfb06cd7dfc1531dc86350d120f2fb4ef252e4c66
fff72f21fd88946f6dbf,SRC099,15,PAIR_8A2F2BEF5E8901CBED13C9CE,A_ONLY,292,,,MERGE,Value corrected from the image: the 13 contribution bar is labelled -$865.3.,RESOLVED,A+ADJUDICATOR,9431fea2def509ff0b86747dfb06cd7dfc1531dc86350d120f2fb4ef252e4c66
2cd3d1b39a9ecbdecb4c,SRC099,15,PAIR_D9E8286AE3053F3ED69F1A96,A_ONLY,293,,,MERGE,"Value corrected from the image: the 13 distribution bar is labelled $1,174.0.",RESOLVED,A+ADJUDICATOR,9431fea2def509ff0b86747dfb06cd7dfc1531dc86350d120f2fb4ef252e4c66
1ec013eade36912df86c,SRC099,15,PAIR_F2E5462C3EA9DFD987B54397,A_ONLY,294,,,MERGE,"Value corrected from the image: the 14 contribution bar is labelled -$712.7, not the -$2,082.6 A placed there.",RESOLVED,A+ADJUDICATOR,9431fea2def509ff0b86747dfb06cd7dfc1531dc86350d120f2fb4ef252e4c66
c94534938fbf7f013776,SRC099,15,PAIR_3DB88B31341CA20B682F30DA,A_ONLY,295,,,MERGE,"Value corrected from the image: the 14 distribution bar is labelled $2,011.6.",RESOLVED,A+ADJUDICATOR,9431fea2def509ff0b86747dfb06cd7dfc1531dc86350d120f2fb4ef252e4c66
c788260653ddaf436a3c,SRC099,15,PAIR_D6D9684426C0A9BD93B69AF8,A_ONLY,296,,,MERGE,Value corrected from the image: the 15 contribution bar is labelled -$790.9.,RESOLVED,A+ADJUDICATOR,9431fea2def509ff0b86747dfb06cd7dfc1531dc86350d120f2fb4ef252e4c66
b2f8a319cc15899ff463,SRC099,15,PAIR_FB58A0F857BEAA664F3B5469,A_ONLY,297,,,MERGE,"Value corrected from the image: the 15 distribution bar is labelled $2,898.4.",RESOLVED,A+ADJUDICATOR,9431fea2def509ff0b86747dfb06cd7dfc1531dc86350d120f2fb4ef252e4c66
a33a0c73df8e1019795d,SRC099,15,PAIR_4B32CE592932ED8BD5233928,A_ONLY,298,,,MERGE,"Value corrected from the image: the 16 contribution bar is labelled -$1,080.7.",RESOLVED,A+ADJUDICATOR,9431fea2def509ff0b86747dfb06cd7dfc1531dc86350d120f2fb4ef252e4c66
2ee5f95375ad16e2ab93,SRC099,15,PAIR_4CF87D0C917E8BF48486358F,A_ONLY,299,,,MERGE,"Value corrected from the image: the 16 distribution bar is labelled $1,302.9.",RESOLVED,A+ADJUDICATOR,9431fea2def509ff0b86747dfb06cd7dfc1531dc86350d120f2fb4ef252e4c66
5a5ac2b3469c99fe9839,SRC099,15,PAIR_538C78D874379FFB88F5A86F,A_ONLY,300,,,MERGE,"The 17 contribution bar is labelled -$480.1, which both lanes read; page 13 confirms it as the year-to-date preliminary contribution figure.",RESOLVED,A+ADJUDICATOR,9431fea2def509ff0b86747dfb06cd7dfc1531dc86350d120f2fb4ef252e4c66
66d030091ccdf56ea6ca,SRC099,15,PAIR_DE0F29F716E01ADE71EA5820,A_ONLY,301,,,MERGE,"The 17 distribution bar is labelled $895.8, which both lanes read; page 13 confirms it as the year-to-date preliminary distribution figure.",RESOLVED,A+ADJUDICATOR,9431fea2def509ff0b86747dfb06cd7dfc1531dc86350d120f2fb4ef252e4c66
6a4a32e0bd0b5b288a0d,SRC099,17,PAIR_C8EC0F26E040D0970221B94D,CLASSIFICATION_CONFLICT,302,280,source_section|subject_type|subject_name|asset_class|as_of_date|horizon,MERGE,"A heading and asset_class, B as_of date 6/30/17; the bar prints the real-estate share of the total fund, so actual_allocation, and the star is the printed marker.",RESOLVED,A+B+ADJUDICATOR,9431fea2def509ff0b86747dfb06cd7dfc1531dc86350d120f2fb4ef252e4c66
e83dc738f8c15492b383,SRC099,17,PAIR_2DEB17A434F1492391ED218C,CLASSIFICATION_CONFLICT,303,281,source_section|subject_type|subject_name|asset_class|as_of_date|horizon,MERGE,"A heading and asset_class, B as_of date 9/30/17.",RESOLVED,A+B+ADJUDICATOR,9431fea2def509ff0b86747dfb06cd7dfc1531dc86350d120f2fb4ef252e4c66
5fb111e8ef336b032fae,SRC099,17,,ADJUDICATOR_ADD,,,,ADD,"Neither lane read the Potential Exposure bars, though the chart prints a labelled value on each. The group is headed Potential Exposure (NAV + Unfunded)* and prints 16.46% for 2017 Q2 Final; the star is the printed marker.",ADDED,ADJUDICATOR,9431fea2def509ff0b86747dfb06cd7dfc1531dc86350d120f2fb4ef252e4c66
fa3e7e99d2138dd4f636,SRC099,17,,ADJUDICATOR_ADD,,,,ADD,Neither lane read the Potential Exposure bars; the chart prints 16.03% for 2017 Q3 Preliminary.,ADDED,ADJUDICATOR,9431fea2def509ff0b86747dfb06cd7dfc1531dc86350d120f2fb4ef252e4c66
bcff368285d25cc681e9,SRC099,17,PAIR_CC51E9C0DFBEE761B6CD0687,CLASSIFICATION_CONFLICT,304,282,source_section|subject_type|subject_name|asset_class|as_of_date|horizon|metric_category,MERGE,"The bar is printed under the heading Target*, so the category is target_allocation and B actual_allocation is wrong; A carries the printed page heading and asset_class Real Estate, B carries the as_of date 6/30/17 the page prints above the chart. The star is the printed marker.",RESOLVED,A+B+ADJUDICATOR,9431fea2def509ff0b86747dfb06cd7dfc1531dc86350d120f2fb4ef252e4c66
54996fe2c0e0f508c434,SRC099,17,PAIR_CAE5254B4F5A40E1695D641F,CLASSIFICATION_CONFLICT,305,283,source_section|subject_type|subject_name|asset_class|as_of_date|horizon|metric_category,MERGE,"Target* gives target_allocation; A heading and asset_class, B as_of date 9/30/17.",RESOLVED,A+B+ADJUDICATOR,9431fea2def509ff0b86747dfb06cd7dfc1531dc86350d120f2fb4ef252e4c66
18d570ab546f64c7b772,SRC099,17,,ADJUDICATOR_ADD,,,,ADD,"Neither lane read the Unfunded Commitments bars, though the chart prints a labelled value on each. The bar group is headed Unfunded Commitments and prints 4.73% for 2017 Q2 Final.",ADDED,ADJUDICATOR,9431fea2def509ff0b86747dfb06cd7dfc1531dc86350d120f2fb4ef252e4c66
f6163d00d0c0daa5fa6c,SRC099,17,,ADJUDICATOR_ADD,,,,ADD,Neither lane read the Unfunded Commitments bars; the chart prints 4.45% for 2017 Q3 Preliminary.,ADDED,ADJUDICATOR,9431fea2def509ff0b86747dfb06cd7dfc1531dc86350d120f2fb4ef252e4c66
4a31f5b0dd5b935df9af,SRC099,17,PAIR_B87EE09DAB0B077991F1A642,CONTEXT_CONFLICT,306,284,source_section,ACCEPT_A,Only difference is source_section; the page prints Real Estate Portfolio Asset Allocation above the chart.,RESOLVED,A,9431fea2def509ff0b86747dfb06cd7dfc1531dc86350d120f2fb4ef252e4c66
3126e0f72ad8886f1bad,SRC099,17,PAIR_D66A7D6282ECAE2ECB7A0513,B_ONLY,,285,,MERGE,"One-sided B row for a printed line A skipped: the page states the plan total above the chart, and a plan total is aum, not nav. Kept B reading and added the printed section heading A supplies. The magnitude word B stays in currency_scale, not in the value.; Source review: p17: PSERS’ Total Fund (The printed label identifies the entity or table rather than a measurement basis; source labels retain its scope.)",RESOLVED,B+ADJUDICATOR,9431fea2def509ff0b86747dfb06cd7dfc1531dc86350d120f2fb4ef252e4c66
e4fc6332ae4c29fa6b98,SRC099,17,PAIR_1633E532DE0A0E37732925B4,B_ONLY,,286,,MERGE,One-sided B row for the second printed plan total; kept B reading and added the printed section heading.; Source review: p17: PSERS’ Total Fund (The printed label identifies the entity or table rather than a measurement basis; source labels retain its scope.),RESOLVED,B+ADJUDICATOR,9431fea2def509ff0b86747dfb06cd7dfc1531dc86350d120f2fb4ef252e4c66
5c70a80a971afbacc219,SRC099,18,PAIR_CC1CF07DED066E4B8025F44C,A_ONLY,307,,,MERGE,"A heading, asset_class and printed banner column, B period_end.",RESOLVED,A+ADJUDICATOR,9431fea2def509ff0b86747dfb06cd7dfc1531dc86350d120f2fb4ef252e4c66
ae8542855b402c443677,SRC099,18,PAIR_90F00BD39F452966EE920345,A_ONLY,308,,,MERGE,"A heading, asset_class and printed banner column, B period_end.",RESOLVED,A+ADJUDICATOR,9431fea2def509ff0b86747dfb06cd7dfc1531dc86350d120f2fb4ef252e4c66
b85f267cba31fae7064f,SRC099,18,PAIR_6697FDEDA9DE251F1C6E1A2F,A_ONLY,309,,,MERGE,"A heading, asset_class and printed banner column, B period_end.",RESOLVED,A+ADJUDICATOR,9431fea2def509ff0b86747dfb06cd7dfc1531dc86350d120f2fb4ef252e4c66
96b193fa9b27817d85dd,SRC099,18,PAIR_80C8173740FA4688CD6DD73B,A_ONLY,310,,,MERGE,"A heading, asset_class and printed banner column, B period_end; the slice label prints East with a star, kept in definition_keys.",RESOLVED,A+ADJUDICATOR,9431fea2def509ff0b86747dfb06cd7dfc1531dc86350d120f2fb4ef252e4c66
bb834f4619f2b970a5cc,SRC099,18,PAIR_7CD7A7E97077C311DDBF590B,A_ONLY,311,,,MERGE,"A heading, asset_class and printed banner column, B period_end.",RESOLVED,A+ADJUDICATOR,9431fea2def509ff0b86747dfb06cd7dfc1531dc86350d120f2fb4ef252e4c66
37de5b2bd729ce6327ce,SRC099,18,PAIR_82EC555281DB0ECBCABB67CE,A_ONLY,312,,,MERGE,"A heading, asset_class and printed banner column, B period_end.",RESOLVED,A+ADJUDICATOR,9431fea2def509ff0b86747dfb06cd7dfc1531dc86350d120f2fb4ef252e4c66
db5e62cbc7c961cccb0e,SRC099,18,PAIR_977CA78F7073BDE76E7321B1,A_ONLY,313,,,MERGE,"A carries the printed page heading, asset_class Real Estate and the printed banner % By Market Value as the column, which B left blank; B carries period_end 2Q17. The printed region stays in the row label because context-grouping-map.csv holds no geography rows. The B row for this slice is the same cell and is rejected.",RESOLVED,A+ADJUDICATOR,9431fea2def509ff0b86747dfb06cd7dfc1531dc86350d120f2fb4ef252e4c66
087e81b63bfb9a29dea2,SRC099,18,PAIR_FC6B6A616D156DC8B94488FD,A_ONLY,314,,,MERGE,"A heading, asset_class and printed banner column, B period_end.",RESOLVED,A+ADJUDICATOR,9431fea2def509ff0b86747dfb06cd7dfc1531dc86350d120f2fb4ef252e4c66
f70b2e903c66176b9f50,SRC099,18,PAIR_46ECFDBAD3BBB3F5164A35D8,A_ONLY,315,,,MERGE,"A heading, asset_class and printed banner column, B period_end.",RESOLVED,A+ADJUDICATOR,9431fea2def509ff0b86747dfb06cd7dfc1531dc86350d120f2fb4ef252e4c66
eed48cf7db36a195a0bd,SRC099,18,PAIR_582F7B3CDAD65639E62CA069,B_ONLY,,296,,MERGE,"One-sided B row that is right: the starred note prints three shares for Pennsylvania and A took none of them. Kept B reading with its printed denominator in condition_raw, and added the section heading, asset_class and printed banner column that A supplies.",RESOLVED,B+ADJUDICATOR,9431fea2def509ff0b86747dfb06cd7dfc1531dc86350d120f2fb4ef252e4c66
4457c8523f8ce5edfdb8,SRC099,18,PAIR_90C38C13CFD3174284B684E7,B_ONLY,,297,,MERGE,"Second Pennsylvania share from the starred note, with its printed denominator kept in condition_raw.",RESOLVED,B+ADJUDICATOR,9431fea2def509ff0b86747dfb06cd7dfc1531dc86350d120f2fb4ef252e4c66
677fa5a57ab94dee4ac6,SRC099,18,PAIR_4A2873C2D41F93F356554CEE,B_ONLY,,298,,MERGE,"Third Pennsylvania share from the starred note, with its printed denominator kept in condition_raw.",RESOLVED,B+ADJUDICATOR,9431fea2def509ff0b86747dfb06cd7dfc1531dc86350d120f2fb4ef252e4c66
089795635720d22393dc,SRC099,18,PAIR_EC1A2EE2D075910FA9DD4E56,A_ONLY,316,,,MERGE,"A heading, asset_class and printed banner column, B period_end.",RESOLVED,A+ADJUDICATOR,9431fea2def509ff0b86747dfb06cd7dfc1531dc86350d120f2fb4ef252e4c66
bd12bd6b66dd1314ec73,SRC099,18,PAIR_05D2A52E37B3A8AA5917CAC2,A_ONLY,317,,,MERGE,"A heading, asset_class and printed banner column, B period_end; the slice label prints U.S. with a star, kept in definition_keys.",RESOLVED,A+ADJUDICATOR,9431fea2def509ff0b86747dfb06cd7dfc1531dc86350d120f2fb4ef252e4c66
559c8ee544f6a2084320,SRC099,18,PAIR_2E9D8124B32D59E8A9D39714,A_ONLY,318,,,MERGE,"A heading, asset_class and printed banner column, B period_end.",RESOLVED,A+ADJUDICATOR,9431fea2def509ff0b86747dfb06cd7dfc1531dc86350d120f2fb4ef252e4c66
d8d4f094e9a2188e0112,SRC099,18,PAIR_D9A304DD360D64E854F920B8,A_ONLY,319,,,MERGE,"A heading, asset_class and printed banner column, B period_end.",RESOLVED,A+ADJUDICATOR,9431fea2def509ff0b86747dfb06cd7dfc1531dc86350d120f2fb4ef252e4c66
672cd728b47786827a15,SRC099,18,PAIR_E0AC3034509D76050CE816FE,CONTEXT_CONFLICT,320,303,source_section|source_row_label|source_occurrence,ACCEPT_A,"A carries the printed section heading and keys the note on the printed marker star; B keyed it on the word Pennsylvania at occurrence 4, which is not the printed marker.",RESOLVED,A,9431fea2def509ff0b86747dfb06cd7dfc1531dc86350d120f2fb4ef252e4c66
c23deaf82a7daa620662,SRC099,19,PAIR_F99CEED0C200C2608CB9878C,CLASSIFICATION_CONFLICT,321,304,source_section|source_column_label|subject_type|asset_class|period_end|horizon,MERGE,"A heading, asset_class and printed banner column, B period_end.",RESOLVED,A+B+ADJUDICATOR,9431fea2def509ff0b86747dfb06cd7dfc1531dc86350d120f2fb4ef252e4c66
8fb1f02949ddc64e2aab,SRC099,19,PAIR_4BE675BE586F6CCCC52FFE5D,CLASSIFICATION_CONFLICT,322,305,source_section|source_column_label|subject_type|asset_class|period_end|horizon,MERGE,"A heading, asset_class and printed banner column, B period_end.",RESOLVED,A+B+ADJUDICATOR,9431fea2def509ff0b86747dfb06cd7dfc1531dc86350d120f2fb4ef252e4c66
43d5d0f75aaf397bd84e,SRC099,19,PAIR_BD851DF71E2A146948AD9C00,CLASSIFICATION_CONFLICT,323,306,source_section|source_column_label|subject_type|asset_class|period_end|horizon,MERGE,"A heading, asset_class and printed banner column, B period_end.",RESOLVED,A+B+ADJUDICATOR,9431fea2def509ff0b86747dfb06cd7dfc1531dc86350d120f2fb4ef252e4c66
e15ede03fa3d8a496eb7,SRC099,19,PAIR_F5B023A2FEACEEF7F3699254,CLASSIFICATION_CONFLICT,324,307,source_section|source_column_label|subject_type|asset_class|period_end|horizon,MERGE,"A heading, asset_class and printed banner column, B period_end.",RESOLVED,A+B+ADJUDICATOR,9431fea2def509ff0b86747dfb06cd7dfc1531dc86350d120f2fb4ef252e4c66
63e47a086532e26757a7,SRC099,19,PAIR_880EADDAC0C4FFAD006F72D3,CLASSIFICATION_CONFLICT,325,308,source_section|source_column_label|subject_type|asset_class|period_end|horizon,MERGE,"A heading, asset_class and printed banner column, B period_end.",RESOLVED,A+B+ADJUDICATOR,9431fea2def509ff0b86747dfb06cd7dfc1531dc86350d120f2fb4ef252e4c66
1db977b226bf8f7a1b6d,SRC099,19,PAIR_BEC7FBE35056397B0234DFFD,CLASSIFICATION_CONFLICT,326,309,source_section|source_column_label|subject_type|asset_class|period_end|horizon,MERGE,"A heading, asset_class and printed banner column, B period_end.",RESOLVED,A+B+ADJUDICATOR,9431fea2def509ff0b86747dfb06cd7dfc1531dc86350d120f2fb4ef252e4c66
c1298eee72ad0ad1c3e0,SRC099,19,PAIR_EB1F8366CBB20336DAB1DEB3,CLASSIFICATION_CONFLICT,327,310,source_section|source_column_label|subject_type|asset_class|period_end|horizon,MERGE,"A heading, asset_class and printed banner column, B period_end.",RESOLVED,A+B+ADJUDICATOR,9431fea2def509ff0b86747dfb06cd7dfc1531dc86350d120f2fb4ef252e4c66
fd943fe7dbc43d01544a,SRC099,19,PAIR_9F27C52915E33B5E8032F056,CLASSIFICATION_CONFLICT,328,311,source_section|source_column_label|subject_type|asset_class|period_end|horizon,MERGE,"A heading, asset_class and printed banner column, B period_end; property type stays in the row label.",RESOLVED,A+B+ADJUDICATOR,9431fea2def509ff0b86747dfb06cd7dfc1531dc86350d120f2fb4ef252e4c66
f23b59d0d62b016283c7,SRC099,19,PAIR_DEE50572AB5BF5FD2CB961DC,CLASSIFICATION_CONFLICT,329,312,source_section|source_column_label|subject_type|asset_class|period_end|horizon,MERGE,"A heading, asset_class and printed banner column, B period_end.",RESOLVED,A+B+ADJUDICATOR,9431fea2def509ff0b86747dfb06cd7dfc1531dc86350d120f2fb4ef252e4c66
109a63cda5dbbe413ec7,SRC099,19,PAIR_E9C0B20E722A6C0C6BFE9002,CLASSIFICATION_CONFLICT,330,313,source_section|source_column_label|subject_type|asset_class|period_end|horizon,MERGE,"A heading, asset_class and printed banner column, B period_end.",RESOLVED,A+B+ADJUDICATOR,9431fea2def509ff0b86747dfb06cd7dfc1531dc86350d120f2fb4ef252e4c66
247410dde3c32ab77b99,SRC099,19,PAIR_6B72D006F4D8D9AD0D54895F,CLASSIFICATION_CONFLICT,331,314,source_section|source_column_label|subject_type|asset_class|period_end|horizon,MERGE,"A heading, asset_class and printed banner column, B period_end.",RESOLVED,A+B+ADJUDICATOR,9431fea2def509ff0b86747dfb06cd7dfc1531dc86350d120f2fb4ef252e4c66
c766797bde5e879384dc,SRC099,19,PAIR_198E6DD5F6A8082CE40E15B9,CLASSIFICATION_CONFLICT,332,315,source_section|source_column_label|subject_type|asset_class|period_end|horizon,MERGE,"A carries the printed page heading, asset_class Real Estate and the printed banner % By Market Value as the column; B carries period_end 2Q17. The printed property type stays in the row label: sector in context-grouping-map.csv holds only company industries, so a property type has no row there.",RESOLVED,A+B+ADJUDICATOR,9431fea2def509ff0b86747dfb06cd7dfc1531dc86350d120f2fb4ef252e4c66
b2dd96ee6d0b2377a1e1,SRC099,19,PAIR_9C8EEB3E132B2D7C6817BBD1,CLASSIFICATION_CONFLICT,333,316,source_section|source_column_label|subject_type|asset_class|period_end|horizon,MERGE,"A heading, asset_class and printed banner column, B period_end.",RESOLVED,A+B+ADJUDICATOR,9431fea2def509ff0b86747dfb06cd7dfc1531dc86350d120f2fb4ef252e4c66
9d2665d92f6e47d65ce4,SRC099,19,PAIR_215D67062ED8B8C2F60C531C,CLASSIFICATION_CONFLICT,334,317,source_section|source_column_label|subject_type|asset_class|period_end|horizon,MERGE,"A heading, asset_class and printed banner column, B period_end.",RESOLVED,A+B+ADJUDICATOR,9431fea2def509ff0b86747dfb06cd7dfc1531dc86350d120f2fb4ef252e4c66
3704192dac066866b165,SRC099,20,PAIR_E4AD09980F2DE5CF5D96C51D,CONTEXT_CONFLICT,335,318,source_section|source_table|asset_class|horizon|metric_name|basis_raw,MERGE,A heading and printed table header; the row names the metric; value_scope unstated because the page states no scope.,RESOLVED,A+B+ADJUDICATOR,9431fea2def509ff0b86747dfb06cd7dfc1531dc86350d120f2fb4ef252e4c66
11854e57b190e935b3a9,SRC099,20,PAIR_DE0CFA6B7F376FAAE65705CA,CLASSIFICATION_CONFLICT,336,319,source_section|source_table|subject_name|asset_class|horizon|metric_name,MERGE,A heading and printed table header; the row names the metric and the line prints a commitment.,RESOLVED,A+B+ADJUDICATOR,9431fea2def509ff0b86747dfb06cd7dfc1531dc86350d120f2fb4ef252e4c66
538a4818acda4d368793,SRC099,20,PAIR_49211A85647586D7E5EE9A31,CLASSIFICATION_CONFLICT,337,320,source_section|source_table|subject_name|asset_class|horizon|metric_name|basis_raw,MERGE,"A carries the page heading Real Estate Portfolio Impact on Pennsylvania and the printed table header June 30, 2017 Real Estate ($M) as the table; the rows are the measures here, so the row label names the metric and A column header does not. The page states no scope for the value, so value_scope is unstated.",RESOLVED,A+B+ADJUDICATOR,9431fea2def509ff0b86747dfb06cd7dfc1531dc86350d120f2fb4ef252e4c66
b32875a093fe2708f38c,SRC099,20,PAIR_40DADC0B40480C86332299BA,CLASSIFICATION_CONFLICT,338,321,source_section|source_table|subject_name|asset_class|horizon|metric_name|basis_raw,MERGE,A heading and printed table header; the row names the metric; value_scope unstated.,RESOLVED,A+B+ADJUDICATOR,9431fea2def509ff0b86747dfb06cd7dfc1531dc86350d120f2fb4ef252e4c66
ee28e5925658e6042993,SRC099,20,PAIR_21E673DEFDADAE104ECD491E,CLASSIFICATION_CONFLICT,339,322,source_section|source_table|subject_name|asset_class|horizon|metric_name|basis_raw,MERGE,A heading and printed table header; the row names the metric; value_scope unstated.,RESOLVED,A+B+ADJUDICATOR,9431fea2def509ff0b86747dfb06cd7dfc1531dc86350d120f2fb4ef252e4c66
b8f7e7acca766296a942,SRC384,1,PAIR_10F435BD311C4344DD5773CB,CLASSIFICATION_CONFLICT,1,1,source_table|subject_name|manager_name|investor_name,MERGE,"document_context: subject_name is the printed report title, manager_name the full printed 'Office of the Chief Investment Officer of the Regents (UC Investments)' rather than its parenthesised short form, investor_name the asset owner the page names, and source_table blank because a DOCUMENT row is not read out of a table.",RESOLVED,A+B+ADJUDICATOR,b2e06d492dceca8b867aac1fe20a93724668dd623d6f3a714882afac32b4c59e
bac1a1a0ad1c3be76c28,SRC384,1,,ADJUDICATOR_ADD,,,,ADD,"Recovered: the page states a distribution the endowment paid out over a printed period, an allowed fund_economics category neither lane extracted. Occurrence 3 because the page prints this subject twice already on rows 1 and 2.",ADDED,ADJUDICATOR,b2e06d492dceca8b867aac1fe20a93724668dd623d6f3a714882afac32b4c59e
1af8a61937a2cea11851,SRC384,1,PAIR_4C4F0C09B27AEEC5A46288CD,CLASSIFICATION_CONFLICT,2,2,record_family|source_section|subject_type|metric_category|metric_name|basis_raw|value_scope,MERGE,"Narrative figures stated as fact for a named pool are eligible on every page of this document (both lanes extracted them on page 1); a pool's or plan's stated total assets is aum under performance_observation, never nav, which belongs to a capital-account table. subject_type: a pool or the owner's plan-level aggregate is portfolio, matching how both lanes typed Endowment, Blue & Gold, Pension, Total Plan and Short Term in the figures. Backfill 2026-09-01: the lanes agree on the reading and differ on the key name or on which lane backed a scope; the citation follows the accepted note rows' keys, the narrative net readings lane B backed stand, and the scope lane A backed with the printed phrase stands.",RESOLVED,A+B+ADJUDICATOR,b2e06d492dceca8b867aac1fe20a93724668dd623d6f3a714882afac32b4c59e
fdcdf1b8a42b843aff61,SRC384,1,,ADJUDICATOR_ADD,,,,ADD,"Recovered: the pool's stated value at a printed date. Occurrence 2 because the pool's March 31, 2025 balance already holds occurrence 1 on this page.  Scope 2026-09-02: the launch amount is the pool's own total at launch; phrase carried in basis_raw.",ADDED,ADJUDICATOR,b2e06d492dceca8b867aac1fe20a93724668dd623d6f3a714882afac32b4c59e
9fc48cf4850ba88aed20,SRC384,1,PAIR_A519FF6200F73FA8FAB75DB6,B_ONLY,,8,,MERGE,"subject_type: a pool or the owner's plan-level aggregate is portfolio, matching how both lanes typed Endowment, Blue & Gold, Pension, Total Plan and Short Term in the figures. Backfill 2026-09-01: qualifier columns filled from the lanes' agreed reading.",RESOLVED,B+ADJUDICATOR,b2e06d492dceca8b867aac1fe20a93724668dd623d6f3a714882afac32b4c59e
65980535bbe314d3f16f,SRC384,1,PAIR_88AC9F8FE75D588D5B96622F,B_ONLY,,3,,MERGE,"Narrative figures stated as fact for a named pool are eligible on every page of this document (both lanes extracted them on page 1); a pool's or plan's stated total assets is aum under performance_observation, never nav, which belongs to a capital-account table. subject_type: a pool or the owner's plan-level aggregate is portfolio, matching how both lanes typed Endowment, Blue & Gold, Pension, Total Plan and Short Term in the figures. Backfill 2026-09-01: qualifier columns filled from the lanes' agreed reading.",RESOLVED,B+ADJUDICATOR,b2e06d492dceca8b867aac1fe20a93724668dd623d6f3a714882afac32b4c59e
1d252ddda0f3b6722cd5,SRC384,1,PAIR_2FBFE555524C0139AE2D5C3C,VALUE_CONFLICT,5,9,source_section|subject_type|horizon|currency_scale|metric_category|metric_name|metric_value_raw|unit|basis_raw|evidence_quote|method|fee_basis|value_scope,MERGE,"subject_type: a pool or the owner's plan-level aggregate is portfolio, matching how both lanes typed Endowment, Blue & Gold, Pension, Total Plan and Short Term in the figures. Backfill 2026-09-01: qualifier columns filled from the lanes' agreed reading.",RESOLVED,A+B+ADJUDICATOR,b2e06d492dceca8b867aac1fe20a93724668dd623d6f3a714882afac32b4c59e
ba19411b8331110a5897,SRC384,1,PAIR_64A908349FCF78DF94D29270,B_ONLY,,4,,MERGE,"Narrative figures stated as fact for a named pool are eligible on every page of this document (both lanes extracted them on page 1); a pool's or plan's stated total assets is aum under performance_observation, never nav, which belongs to a capital-account table. subject_type: a pool or the owner's plan-level aggregate is portfolio, matching how both lanes typed Endowment, Blue & Gold, Pension, Total Plan and Short Term in the figures. Backfill 2026-09-01: qualifier columns filled from the lanes' agreed reading.",RESOLVED,B+ADJUDICATOR,b2e06d492dceca8b867aac1fe20a93724668dd623d6f3a714882afac32b4c59e
b4a0520556b0688d246e,SRC384,1,PAIR_9E3CA05075EF6138A50DA0E9,CLASSIFICATION_CONFLICT,4,7,record_family|source_section|source_row_label|subject_type|subject_name|metric_category|metric_name|basis_raw|value_scope,MERGE,"Narrative figures stated as fact for a named pool are eligible on every page of this document (both lanes extracted them on page 1); a pool's or plan's stated total assets is aum under performance_observation, never nav, which belongs to a capital-account table. Backfill 2026-09-01: the lanes agree on the reading and differ on the key name or on which lane backed a scope; the citation follows the accepted note rows' keys, the narrative net readings lane B backed stand, and the scope lane A backed with the printed phrase stands.",RESOLVED,A+B+ADJUDICATOR,b2e06d492dceca8b867aac1fe20a93724668dd623d6f3a714882afac32b4c59e
9767260c0104668f5dda,SRC384,1,PAIR_1273F7D98C036DA37D0F31B1,CLASSIFICATION_CONFLICT,6,6,record_family|source_section|source_row_label|subject_type|subject_name|metric_category|metric_name|basis_raw|value_scope,MERGE,"subject_name and source_row_label take the wording the page prints: the sentence reads ""UC's retirement assets"", so the possessive stays. Narrative figures stated as fact for a named pool are eligible on every page of this document (both lanes extracted them on page 1); a pool's or plan's stated total assets is aum under performance_observation, never nav, which belongs to a capital-account table. Backfill 2026-09-01: the lanes agree on the reading and differ on the key name or on which lane backed a scope; the citation follows the accepted note rows' keys, the narrative net readings lane B backed stand, and the scope lane A backed with the printed phrase stands.",RESOLVED,A+B+ADJUDICATOR,b2e06d492dceca8b867aac1fe20a93724668dd623d6f3a714882afac32b4c59e
cdf0fc1f6f10e6518120,SRC384,1,,ADJUDICATOR_ADD,,,,ADD,"Recovered: a stated total for this subject at a date the page prints (2014). Kept where the undated 'in the fiscal year before' comparatives are not, because a value the page gives no date for cannot be placed in time.  Scope 2026-09-02: the sentence totals UC's retirement assets as a whole, so the earlier figure is a plan total; phrase carried in basis_raw.",ADDED,ADJUDICATOR,b2e06d492dceca8b867aac1fe20a93724668dd623d6f3a714882afac32b4c59e
49d153425218e765ccd6,SRC384,1,PAIR_FCE76B4323A3A8B5F3631DDD,A_ONLY,7,,,MERGE,"source_section: pages 2-4 print no section heading (only the running header 'INVESTMENTS COMMITTEE -n- I1 / May 13, 2025' and the figure captions), so blank is right there; page 1 prints EXECUTIVE SUMMARY. Confirmed on the page images. as_of_date: the page states 'As of March 31, 2025', and a date printed once governs every value under it, so a blank here is a defect. subject_type: a pool or the owner's plan-level aggregate is portfolio, matching how both lanes typed Endowment, Blue & Gold, Pension, Total Plan and Short Term in the figures. subject_name takes the full printed name: the page prints 'University of California's investment portfolios', never the abbreviation 'UC investment portfolios'. metric_name takes the printed wording that introduces the value ('ended ... at'), never an invented label such as 'Total Investment Portfolios'. Backfill 2026-09-01: qualifier columns filled from the lanes' agreed reading.",RESOLVED,A+ADJUDICATOR,b2e06d492dceca8b867aac1fe20a93724668dd623d6f3a714882afac32b4c59e
c35294021ca59f5409f1,SRC384,1,PAIR_D9FA1DEA18401CE6A4967BF1,B_ONLY,,10,,ACCEPT_B,B matches the printed cell on every field.,VERIFIED_ONE_SIDED,B,b2e06d492dceca8b867aac1fe20a93724668dd623d6f3a714882afac32b4c59e
5b04b0617db9b5a34c34,SRC384,2,PAIR_8F07C2DFFAD97D1BE563944B,B_ONLY,,11,,MERGE,"The page-2 sentence naming the Blue and Gold Endowment Pool's one-year return as net, verbatim; lane A's copy sits at a colliding key and is superseded. The page-2 sentence naming the Blue and Gold Endowment Pool's one-year return as net, verbatim from lane B; lane A's copy sits at a colliding key and is superseded. Occurrence 4 at this label is the adjudicator-added $200 million relaunch value, which lane B never saw, so the note takes the next occurrence. The page-2 sentence naming the Blue and Gold Endowment Pool's one-year return as net, verbatim from lane B; lane A's copy sits at a colliding key and is superseded. Occurrence 4 at this label is the adjudicator-added $200 million relaunch value, which lane B never saw, so the note takes the next occurrence. Corrected 2026-09-02: the note names the pool the way every sibling row does, subject_type portfolio; lane B's fund label left three printed names unresolved in the entity tables. The page-2 sentence naming the Blue and Gold Endowment Pool's one-year return as net, verbatim from lane B; lane A's copy sits at a colliding key and is superseded. Occurrence 4 at this label is the adjudicator-added $200 million relaunch value, which lane B never saw, so the note takes the next occurrence. Corrected 2026-09-02: the note names the pool the way every sibling row does, subject_type portfolio; lane B's fund label left three printed names unresolved in the entity tables.",RESOLVED,B+ADJUDICATOR,b2e06d492dceca8b867aac1fe20a93724668dd623d6f3a714882afac32b4c59e
c12c75f772a3675c6489,SRC384,2,PAIR_54B9C8942D830C46C8E687D5,B_ONLY,,12,,MERGE,"The page-2 sentence naming the General Endowment Pool's one-year return as net, verbatim; lane A's copy sits at a colliding key and is superseded. The page-2 sentence naming the General Endowment Pool's one-year return as net, verbatim; lane A's copy sits at a colliding key and is superseded. The page-2 sentence naming the General Endowment Pool's one-year return as net, verbatim; lane A's copy sits at a colliding key and is superseded. Corrected 2026-09-02: the note names the pool the way every sibling row does, subject_type portfolio; lane B's fund label left three printed names unresolved in the entity tables. The page-2 sentence naming the General Endowment Pool's one-year return as net, verbatim; lane A's copy sits at a colliding key and is superseded. Corrected 2026-09-02: the note names the pool the way every sibling row does, subject_type portfolio; lane B's fund label left three printed names unresolved in the entity tables.",RESOLVED,B+ADJUDICATOR,b2e06d492dceca8b867aac1fe20a93724668dd623d6f3a714882afac32b4c59e
92f20ff36225ed1e4298,SRC384,2,PAIR_F8D56E91F3DD241716110CCE,CLASSIFICATION_CONFLICT,10,13,source_section|subject_type|subject_name|condition_raw|definition_keys,MERGE,"Both lanes captured the Annualized Returns banner of Figure 1. The rule under the banner starts at the 3 Year column, so lane A's condition_raw (3 Year to 30 Year) stands and the 1 Year column is outside it; the key follows lane B's naming, which the value rows cite; a printed note carries no subject. Both lanes captured the Annualized Returns banner of Figure 1. The rule under the banner starts at the 3 Year column, so lane A's condition_raw (3 Year to 30 Year) stands and the 1 Year column is outside it; the key follows lane B's naming, which the value rows cite; a printed note carries no subject. Both lanes captured the Annualized Returns banner of Figure 1. The rule under the banner starts at the 3 Year column, so lane A's condition_raw (3 Year to 30 Year) stands and the 1 Year column is outside it; the key follows lane B's naming, which the value rows cite; a printed note carries no subject. Both lanes captured the Annualized Returns banner of Figure 1. The rule under the banner starts at the 3 Year column, so lane A's condition_raw (3 Year to 30 Year) stands and the 1 Year column is outside it; the key follows lane B's naming, which the value rows cite; a printed note carries no subject.",RESOLVED,A+B+ADJUDICATOR,b2e06d492dceca8b867aac1fe20a93724668dd623d6f3a714882afac32b4c59e
0cca2c4a56651a92b9e8,SRC384,2,,ADJUDICATOR_ADD,,,,ADD,"Recovered: page 2 prints the plan's management fee, an allowed fund_economics category, in the sentence carried over from page 1. Neither lane extracted it here.",ADDED,ADJUDICATOR,b2e06d492dceca8b867aac1fe20a93724668dd623d6f3a714882afac32b4c59e
f5b0bd554a4e8f3a0bd8,SRC384,2,PAIR_12F1FC33FBB2C7793CE9DC0E,VALUE_CONFLICT,8,14,contract_version|record_family|source_section|subject_type|subject_name|currency_scale|metric_category|metric_name|metric_value_raw|text_raw|condition_raw|evidence_quote|definition_keys|value_scope,MERGE,"source_section: pages 2-4 print no section heading (only the running header 'INVESTMENTS COMMITTEE -n- I1 / May 13, 2025' and the figure captions), so blank is right there; page 1 prints EXECUTIVE SUMMARY. Confirmed on the page images. Narrative figures stated as fact for a named pool are eligible on every page of this document (both lanes extracted them on page 1); a pool's or plan's stated total assets is aum under performance_observation, never nav, which belongs to a capital-account table. subject_type: a pool or the owner's plan-level aggregate is portfolio, matching how both lanes typed Endowment, Blue & Gold, Pension, Total Plan and Short Term in the figures. Lane A filed its narrative net-return note at the physical key of this pool-balance sentence, so the pair holds A's note against B's balance row; the adjudicated balance row stands, the note is taken from lane B's own row, and the balance is the pool's own total as the sentence states. Lane A filed its narrative net-return note at the physical key of this pool-balance sentence, so the pair holds A's note against B's balance row; the adjudicated balance row stands, the note is taken from lane B's own row, and the balance is the pool's own total as the sentence states. Lane A filed its narrative net-return note at the physical key of this pool-balance sentence, so the pair holds A's note against B's balance row; the adjudicated balance row stands, the note is taken from lane B's own row, and the balance is the pool's own total as the sentence states. Lane A filed its narrative net-return note at the physical key of this pool-balance sentence, so the pair holds A's note against B's balance row; the adjudicated balance row stands, the note is taken from lane B's own row, and the balance is the pool's own total as the sentence states.",RESOLVED,A+B+ADJUDICATOR,b2e06d492dceca8b867aac1fe20a93724668dd623d6f3a714882afac32b4c59e
a2833e223ba04ee7d990,SRC384,2,PAIR_8DF78241458038D94F16B639,B_ONLY,,16,,MERGE,"source_section: pages 2-4 print no section heading (only the running header 'INVESTMENTS COMMITTEE -n- I1 / May 13, 2025' and the figure captions), so blank is right there; page 1 prints EXECUTIVE SUMMARY. Confirmed on the page images. subject_type: a pool or the owner's plan-level aggregate is portfolio, matching how both lanes typed Endowment, Blue & Gold, Pension, Total Plan and Short Term in the figures. Backfill 2026-09-01: qualifier columns filled from the lanes' agreed reading.",RESOLVED,B+ADJUDICATOR,b2e06d492dceca8b867aac1fe20a93724668dd623d6f3a714882afac32b4c59e
daee995ba4fba9e2a08e,SRC384,2,PAIR_15FE9B456534FD6C70561337,B_ONLY,,17,,MERGE,"source_section: pages 2-4 print no section heading (only the running header 'INVESTMENTS COMMITTEE -n- I1 / May 13, 2025' and the figure captions), so blank is right there; page 1 prints EXECUTIVE SUMMARY. Confirmed on the page images. subject_type: a pool or the owner's plan-level aggregate is portfolio, matching how both lanes typed Endowment, Blue & Gold, Pension, Total Plan and Short Term in the figures. Backfill 2026-09-01: qualifier columns filled from the lanes' agreed reading.",RESOLVED,B+ADJUDICATOR,b2e06d492dceca8b867aac1fe20a93724668dd623d6f3a714882afac32b4c59e
bf5196c432525200d6a8,SRC384,2,,ADJUDICATOR_ADD,,,,ADD,Recovered: the pool's stated value at a printed date. Occurrence 4 because this page already prints this subject on occurrences 1 to 3.  Scope 2026-09-02: the relaunch amount is the pool's own total at relaunch; phrase carried in basis_raw.,ADDED,ADJUDICATOR,b2e06d492dceca8b867aac1fe20a93724668dd623d6f3a714882afac32b4c59e
99be158fddf883331d28,SRC384,2,PAIR_786B9F6F8E1A6380454D9787,VALUE_CONFLICT,9,15,contract_version|record_family|source_section|subject_type|subject_name|currency_scale|metric_category|metric_name|metric_value_raw|text_raw|condition_raw|evidence_quote|definition_keys|value_scope,MERGE,"source_section: pages 2-4 print no section heading (only the running header 'INVESTMENTS COMMITTEE -n- I1 / May 13, 2025' and the figure captions), so blank is right there; page 1 prints EXECUTIVE SUMMARY. Confirmed on the page images. Narrative figures stated as fact for a named pool are eligible on every page of this document (both lanes extracted them on page 1); a pool's or plan's stated total assets is aum under performance_observation, never nav, which belongs to a capital-account table. subject_type: a pool or the owner's plan-level aggregate is portfolio, matching how both lanes typed Endowment, Blue & Gold, Pension, Total Plan and Short Term in the figures. Lane A filed its narrative net-return note at the physical key of this pool-balance sentence, so the pair holds A's note against B's balance row; the adjudicated balance row stands, the note is taken from lane B's own row, and the balance is the pool's own total as the sentence states. Lane A filed its narrative net-return note at the physical key of this pool-balance sentence, so the pair holds A's note against B's balance row; the adjudicated balance row stands, the note is taken from lane B's own row, and the balance is the pool's own total as the sentence states. Lane A filed its narrative net-return note at the physical key of this pool-balance sentence, so the pair holds A's note against B's balance row; the adjudicated balance row stands, the note is taken from lane B's own row, and the balance is the pool's own total as the sentence states. Lane A filed its narrative net-return note at the physical key of this pool-balance sentence, so the pair holds A's note against B's balance row; the adjudicated balance row stands, the note is taken from lane B's own row, and the balance is the pool's own total as the sentence states.",RESOLVED,A+B+ADJUDICATOR,b2e06d492dceca8b867aac1fe20a93724668dd623d6f3a714882afac32b4c59e
b10bfe8e0e806fe78588,SRC384,2,PAIR_B60E393EFA0035D59D856620,B_ONLY,,18,,MERGE,"source_section: pages 2-4 print no section heading (only the running header 'INVESTMENTS COMMITTEE -n- I1 / May 13, 2025' and the figure captions), so blank is right there; page 1 prints EXECUTIVE SUMMARY. Confirmed on the page images. subject_type: a pool or the owner's plan-level aggregate is portfolio, matching how both lanes typed Endowment, Blue & Gold, Pension, Total Plan and Short Term in the figures. Backfill 2026-09-01: qualifier columns filled from the lanes' agreed reading.",RESOLVED,B+ADJUDICATOR,b2e06d492dceca8b867aac1fe20a93724668dd623d6f3a714882afac32b4c59e
40c1f8beb48eac62fb3a,SRC384,2,PAIR_4B63CA9D6D94BD35A432B8F8,B_ONLY,,19,,MERGE,"source_section: pages 2-4 print no section heading (only the running header 'INVESTMENTS COMMITTEE -n- I1 / May 13, 2025' and the figure captions), so blank is right there; page 1 prints EXECUTIVE SUMMARY. Confirmed on the page images. subject_type: a pool or the owner's plan-level aggregate is portfolio, matching how both lanes typed Endowment, Blue & Gold, Pension, Total Plan and Short Term in the figures. Backfill 2026-09-01: qualifier columns filled from the lanes' agreed reading.",RESOLVED,B+ADJUDICATOR,b2e06d492dceca8b867aac1fe20a93724668dd623d6f3a714882afac32b4c59e
0c36db3d64dccd7acb22,SRC384,2,PAIR_8E15165C1BF74326D657E446,B_ONLY,,20,,MERGE,"source_section: pages 2-4 print no section heading (only the running header 'INVESTMENTS COMMITTEE -n- I1 / May 13, 2025' and the figure captions), so blank is right there; page 1 prints EXECUTIVE SUMMARY. Confirmed on the page images. subject_type: a pool or the owner's plan-level aggregate is portfolio, matching how both lanes typed Endowment, Blue & Gold, Pension, Total Plan and Short Term in the figures. Backfill 2026-09-01: qualifier columns filled from the lanes' agreed reading.",RESOLVED,B+ADJUDICATOR,b2e06d492dceca8b867aac1fe20a93724668dd623d6f3a714882afac32b4c59e
5ef0cb86f189c408318e,SRC384,2,PAIR_04EA89BAC269F450AE14EB1E,B_ONLY,,21,,MERGE,"source_section: pages 2-4 print no section heading (only the running header 'INVESTMENTS COMMITTEE -n- I1 / May 13, 2025' and the figure captions), so blank is right there; page 1 prints EXECUTIVE SUMMARY. Confirmed on the page images. subject_type: a pool or the owner's plan-level aggregate is portfolio, matching how both lanes typed Endowment, Blue & Gold, Pension, Total Plan and Short Term in the figures. Backfill 2026-09-01: qualifier columns filled from the lanes' agreed reading.",RESOLVED,B+ADJUDICATOR,b2e06d492dceca8b867aac1fe20a93724668dd623d6f3a714882afac32b4c59e
185a413f9c37509c5009,SRC384,2,PAIR_64857FAE23DD54963AC0E2DE,B_ONLY,,22,,MERGE,"source_section: pages 2-4 print no section heading (only the running header 'INVESTMENTS COMMITTEE -n- I1 / May 13, 2025' and the figure captions), so blank is right there; page 1 prints EXECUTIVE SUMMARY. Confirmed on the page images. subject_type: a pool or the owner's plan-level aggregate is portfolio, matching how both lanes typed Endowment, Blue & Gold, Pension, Total Plan and Short Term in the figures. Backfill 2026-09-01: qualifier columns filled from the lanes' agreed reading.",RESOLVED,B+ADJUDICATOR,b2e06d492dceca8b867aac1fe20a93724668dd623d6f3a714882afac32b4c59e
65c72e1d6c98aea662e3,SRC384,2,PAIR_3524C5D260ACACB25D12277B,CONTEXT_CONFLICT,11,23,source_section|metric_name|definition_keys|method,MERGE,"source_section: pages 2-4 print no section heading (only the running header 'INVESTMENTS COMMITTEE -n- I1 / May 13, 2025' and the figure captions), so blank is right there; page 1 prints EXECUTIVE SUMMARY. Confirmed on the page images. Backfill 2026-09-01: the 1 Year column sits left of the rule under the Annualized Returns banner on every figure, so the page states no method for it and it cites no banner; lane A's reading stands. Backfill 2026-09-01: qualifier columns filled from the lanes' agreed reading.",RESOLVED,A+B+ADJUDICATOR,b2e06d492dceca8b867aac1fe20a93724668dd623d6f3a714882afac32b4c59e
9f76e4c5a047a9cb33a1,SRC384,2,PAIR_9468D7771ED0FDDB47CE0D97,CONTEXT_CONFLICT,12,24,source_section|metric_name|definition_keys,MERGE,"source_section: pages 2-4 print no section heading (only the running header 'INVESTMENTS COMMITTEE -n- I1 / May 13, 2025' and the figure captions), so blank is right there; page 1 prints EXECUTIVE SUMMARY. Confirmed on the page images. Backfill 2026-09-01: the lanes agree on the reading and differ on the key name or on which lane backed a scope; the citation follows the accepted note rows' keys, the narrative net readings lane B backed stand, and the scope lane A backed with the printed phrase stands.",RESOLVED,A+B+ADJUDICATOR,b2e06d492dceca8b867aac1fe20a93724668dd623d6f3a714882afac32b4c59e
a38fd04b53bfa51ee8c7,SRC384,2,PAIR_B54970A37EFDB79CCCDB855C,CONTEXT_CONFLICT,13,25,source_section|metric_name|definition_keys,MERGE,"source_section: pages 2-4 print no section heading (only the running header 'INVESTMENTS COMMITTEE -n- I1 / May 13, 2025' and the figure captions), so blank is right there; page 1 prints EXECUTIVE SUMMARY. Confirmed on the page images. Backfill 2026-09-01: the lanes agree on the reading and differ on the key name or on which lane backed a scope; the citation follows the accepted note rows' keys, the narrative net readings lane B backed stand, and the scope lane A backed with the printed phrase stands.",RESOLVED,A+B+ADJUDICATOR,b2e06d492dceca8b867aac1fe20a93724668dd623d6f3a714882afac32b4c59e
7a1b1f6e42396b1b8144,SRC384,2,PAIR_3B8974EAA80C4D1A1246360B,CONTEXT_CONFLICT,14,26,source_section|metric_name|definition_keys,MERGE,"source_section: pages 2-4 print no section heading (only the running header 'INVESTMENTS COMMITTEE -n- I1 / May 13, 2025' and the figure captions), so blank is right there; page 1 prints EXECUTIVE SUMMARY. Confirmed on the page images. Backfill 2026-09-01: the lanes agree on the reading and differ on the key name or on which lane backed a scope; the citation follows the accepted note rows' keys, the narrative net readings lane B backed stand, and the scope lane A backed with the printed phrase stands.",RESOLVED,A+B+ADJUDICATOR,b2e06d492dceca8b867aac1fe20a93724668dd623d6f3a714882afac32b4c59e
936242daedc37d0f0209,SRC384,2,PAIR_AE744E08C9EC226005B5BFF4,CONTEXT_CONFLICT,15,27,source_section|metric_name|definition_keys,MERGE,"source_section: pages 2-4 print no section heading (only the running header 'INVESTMENTS COMMITTEE -n- I1 / May 13, 2025' and the figure captions), so blank is right there; page 1 prints EXECUTIVE SUMMARY. Confirmed on the page images. Backfill 2026-09-01: the lanes agree on the reading and differ on the key name or on which lane backed a scope; the citation follows the accepted note rows' keys, the narrative net readings lane B backed stand, and the scope lane A backed with the printed phrase stands.",RESOLVED,A+B+ADJUDICATOR,b2e06d492dceca8b867aac1fe20a93724668dd623d6f3a714882afac32b4c59e
7a35c1ff54e1199b01e7,SRC384,2,PAIR_72EC70351FE2FAD62BC836FC,CONTEXT_CONFLICT,16,28,source_section|metric_name|definition_keys,MERGE,"source_section: pages 2-4 print no section heading (only the running header 'INVESTMENTS COMMITTEE -n- I1 / May 13, 2025' and the figure captions), so blank is right there; page 1 prints EXECUTIVE SUMMARY. Confirmed on the page images. Backfill 2026-09-01: the lanes agree on the reading and differ on the key name or on which lane backed a scope; the citation follows the accepted note rows' keys, the narrative net readings lane B backed stand, and the scope lane A backed with the printed phrase stands.",RESOLVED,A+B+ADJUDICATOR,b2e06d492dceca8b867aac1fe20a93724668dd623d6f3a714882afac32b4c59e
223f06a04876ffdd942a,SRC384,2,PAIR_622164D52AC070384527A87D,CONTEXT_CONFLICT,17,29,source_section|metric_name,MERGE,"source_section: pages 2-4 print no section heading (only the running header 'INVESTMENTS COMMITTEE -n- I1 / May 13, 2025' and the figure captions), so blank is right there; page 1 prints EXECUTIVE SUMMARY. Confirmed on the page images. Backfill 2026-09-01: qualifier columns filled from the lanes' agreed reading.",RESOLVED,A+B+ADJUDICATOR,b2e06d492dceca8b867aac1fe20a93724668dd623d6f3a714882afac32b4c59e
c29e3c541bf8195c22e3,SRC384,2,PAIR_9FAE1D2CD76019066500674C,CLASSIFICATION_CONFLICT,18,30,source_section|metric_category|basis_raw|value_scope,MERGE,"source_section: pages 2-4 print no section heading (only the running header 'INVESTMENTS COMMITTEE -n- I1 / May 13, 2025' and the figure captions), so blank is right there; page 1 prints EXECUTIVE SUMMARY. Confirmed on the page images. Backfill 2026-09-01: the lanes agree on the reading and differ on the key name or on which lane backed a scope; the citation follows the accepted note rows' keys, the narrative net readings lane B backed stand, and the scope lane A backed with the printed phrase stands.; Source review: p2: Figure 1. General Endowment Pool as of March 31, 2025; Market Value in Millions ($) (The source states Market Value as the measurement basis; the entity or table heading remains in source context.)",RESOLVED,A+B+ADJUDICATOR,b2e06d492dceca8b867aac1fe20a93724668dd623d6f3a714882afac32b4c59e
e6daaf5aa0051b916fa9,SRC384,2,PAIR_21C1C265B205B040AA8DE407,CONTEXT_CONFLICT,19,31,source_section|metric_name|definition_keys|method,MERGE,"source_section: pages 2-4 print no section heading (only the running header 'INVESTMENTS COMMITTEE -n- I1 / May 13, 2025' and the figure captions), so blank is right there; page 1 prints EXECUTIVE SUMMARY. Confirmed on the page images. Backfill 2026-09-01: the 1 Year column sits left of the rule under the Annualized Returns banner on every figure, so the page states no method for it and it cites no banner; lane A's reading stands. Backfill 2026-09-01: qualifier columns filled from the lanes' agreed reading.",RESOLVED,A+B+ADJUDICATOR,b2e06d492dceca8b867aac1fe20a93724668dd623d6f3a714882afac32b4c59e
9eca53e919759588d4b1,SRC384,2,PAIR_2BAEF9DD1D0A11408A6EC175,CONTEXT_CONFLICT,20,32,source_section|metric_name|definition_keys,MERGE,"source_section: pages 2-4 print no section heading (only the running header 'INVESTMENTS COMMITTEE -n- I1 / May 13, 2025' and the figure captions), so blank is right there; page 1 prints EXECUTIVE SUMMARY. Confirmed on the page images. Backfill 2026-09-01: the lanes agree on the reading and differ on the key name or on which lane backed a scope; the citation follows the accepted note rows' keys, the narrative net readings lane B backed stand, and the scope lane A backed with the printed phrase stands.",RESOLVED,A+B+ADJUDICATOR,b2e06d492dceca8b867aac1fe20a93724668dd623d6f3a714882afac32b4c59e
9a7c094f89f2bb024382,SRC384,2,PAIR_514C1B875EB0F852E05926A4,CONTEXT_CONFLICT,21,33,source_section|metric_name|definition_keys,MERGE,"source_section: pages 2-4 print no section heading (only the running header 'INVESTMENTS COMMITTEE -n- I1 / May 13, 2025' and the figure captions), so blank is right there; page 1 prints EXECUTIVE SUMMARY. Confirmed on the page images. Backfill 2026-09-01: the lanes agree on the reading and differ on the key name or on which lane backed a scope; the citation follows the accepted note rows' keys, the narrative net readings lane B backed stand, and the scope lane A backed with the printed phrase stands.",RESOLVED,A+B+ADJUDICATOR,b2e06d492dceca8b867aac1fe20a93724668dd623d6f3a714882afac32b4c59e
dd65553de7794913ea57,SRC384,2,PAIR_ED609B9F0B7D18A4BE559DE7,CONTEXT_CONFLICT,22,34,source_section|metric_name|definition_keys,MERGE,"source_section: pages 2-4 print no section heading (only the running header 'INVESTMENTS COMMITTEE -n- I1 / May 13, 2025' and the figure captions), so blank is right there; page 1 prints EXECUTIVE SUMMARY. Confirmed on the page images. Backfill 2026-09-01: the lanes agree on the reading and differ on the key name or on which lane backed a scope; the citation follows the accepted note rows' keys, the narrative net readings lane B backed stand, and the scope lane A backed with the printed phrase stands.",RESOLVED,A+B+ADJUDICATOR,b2e06d492dceca8b867aac1fe20a93724668dd623d6f3a714882afac32b4c59e
cd7a82c2297cf46ba38a,SRC384,2,PAIR_5AFC8BF88DBF1E6E41AB29A0,CONTEXT_CONFLICT,23,35,source_section|metric_name|definition_keys,MERGE,"source_section: pages 2-4 print no section heading (only the running header 'INVESTMENTS COMMITTEE -n- I1 / May 13, 2025' and the figure captions), so blank is right there; page 1 prints EXECUTIVE SUMMARY. Confirmed on the page images. Backfill 2026-09-01: the lanes agree on the reading and differ on the key name or on which lane backed a scope; the citation follows the accepted note rows' keys, the narrative net readings lane B backed stand, and the scope lane A backed with the printed phrase stands.",RESOLVED,A+B+ADJUDICATOR,b2e06d492dceca8b867aac1fe20a93724668dd623d6f3a714882afac32b4c59e
d2c0d57d231fe40e7e3d,SRC384,2,PAIR_11674A6C715E546DB516746F,CONTEXT_CONFLICT,24,36,source_section|metric_name|definition_keys,MERGE,"source_section: pages 2-4 print no section heading (only the running header 'INVESTMENTS COMMITTEE -n- I1 / May 13, 2025' and the figure captions), so blank is right there; page 1 prints EXECUTIVE SUMMARY. Confirmed on the page images. Backfill 2026-09-01: the lanes agree on the reading and differ on the key name or on which lane backed a scope; the citation follows the accepted note rows' keys, the narrative net readings lane B backed stand, and the scope lane A backed with the printed phrase stands.",RESOLVED,A+B+ADJUDICATOR,b2e06d492dceca8b867aac1fe20a93724668dd623d6f3a714882afac32b4c59e
db9558dc4c2ec30603aa,SRC384,2,PAIR_6A4DA6AA78F77A0FE7F60E08,CONTEXT_CONFLICT,25,37,source_section|metric_name,MERGE,"source_section: pages 2-4 print no section heading (only the running header 'INVESTMENTS COMMITTEE -n- I1 / May 13, 2025' and the figure captions), so blank is right there; page 1 prints EXECUTIVE SUMMARY. Confirmed on the page images. Backfill 2026-09-01: qualifier columns filled from the lanes' agreed reading.",RESOLVED,A+B+ADJUDICATOR,b2e06d492dceca8b867aac1fe20a93724668dd623d6f3a714882afac32b4c59e
ac4a6faf83e4672375b7,SRC384,2,PAIR_E759C47C0DE4F58477CF078C,CONTEXT_CONFLICT,26,38,source_section|metric_name|definition_keys|method,MERGE,"source_section: pages 2-4 print no section heading (only the running header 'INVESTMENTS COMMITTEE -n- I1 / May 13, 2025' and the figure captions), so blank is right there; page 1 prints EXECUTIVE SUMMARY. Confirmed on the page images. Backfill 2026-09-01: the 1 Year column sits left of the rule under the Annualized Returns banner on every figure, so the page states no method for it and it cites no banner; lane A's reading stands. Backfill 2026-09-01: qualifier columns filled from the lanes' agreed reading.",RESOLVED,A+B+ADJUDICATOR,b2e06d492dceca8b867aac1fe20a93724668dd623d6f3a714882afac32b4c59e
2fd5528ad559631bc1bd,SRC384,2,PAIR_744A3DED6B2DFB584D903522,CONTEXT_CONFLICT,27,39,source_section|metric_name|definition_keys,MERGE,"source_section: pages 2-4 print no section heading (only the running header 'INVESTMENTS COMMITTEE -n- I1 / May 13, 2025' and the figure captions), so blank is right there; page 1 prints EXECUTIVE SUMMARY. Confirmed on the page images. Backfill 2026-09-01: the lanes agree on the reading and differ on the key name or on which lane backed a scope; the citation follows the accepted note rows' keys, the narrative net readings lane B backed stand, and the scope lane A backed with the printed phrase stands.",RESOLVED,A+B+ADJUDICATOR,b2e06d492dceca8b867aac1fe20a93724668dd623d6f3a714882afac32b4c59e
416990c7b0563417964e,SRC384,2,PAIR_EA517ED097A57737B17B6537,CONTEXT_CONFLICT,28,40,source_section|metric_name,MERGE,"source_section: pages 2-4 print no section heading (only the running header 'INVESTMENTS COMMITTEE -n- I1 / May 13, 2025' and the figure captions), so blank is right there; page 1 prints EXECUTIVE SUMMARY. Confirmed on the page images. Backfill 2026-09-01: qualifier columns filled from the lanes' agreed reading.",RESOLVED,A+B+ADJUDICATOR,b2e06d492dceca8b867aac1fe20a93724668dd623d6f3a714882afac32b4c59e
afba1c512af41bf3a67f,SRC384,2,PAIR_2C2111248A9FD01ED8CEFAE1,CLASSIFICATION_CONFLICT,29,41,source_section|metric_category|basis_raw|value_scope,MERGE,"source_section: pages 2-4 print no section heading (only the running header 'INVESTMENTS COMMITTEE -n- I1 / May 13, 2025' and the figure captions), so blank is right there; page 1 prints EXECUTIVE SUMMARY. Confirmed on the page images. Backfill 2026-09-01: the lanes agree on the reading and differ on the key name or on which lane backed a scope; the citation follows the accepted note rows' keys, the narrative net readings lane B backed stand, and the scope lane A backed with the printed phrase stands.; Source review: p2: Figure 1. General Endowment Pool as of March 31, 2025; Market Value in Millions ($) (The source states Market Value as the measurement basis; the entity or table heading remains in source context.)",RESOLVED,A+B+ADJUDICATOR,b2e06d492dceca8b867aac1fe20a93724668dd623d6f3a714882afac32b4c59e
0b61d7c4dccd39e88218,SRC384,2,PAIR_DE38A895999C90E9CDF00C6A,CONTEXT_CONFLICT,30,42,source_section|metric_name|definition_keys|method,MERGE,"source_section: pages 2-4 print no section heading (only the running header 'INVESTMENTS COMMITTEE -n- I1 / May 13, 2025' and the figure captions), so blank is right there; page 1 prints EXECUTIVE SUMMARY. Confirmed on the page images. Backfill 2026-09-01: the 1 Year column sits left of the rule under the Annualized Returns banner on every figure, so the page states no method for it and it cites no banner; lane A's reading stands. Backfill 2026-09-01: qualifier columns filled from the lanes' agreed reading.",RESOLVED,A+B+ADJUDICATOR,b2e06d492dceca8b867aac1fe20a93724668dd623d6f3a714882afac32b4c59e
976f7a9440c0b5192f14,SRC384,2,PAIR_877DA0BD1BBBE035D4ACC406,CONTEXT_CONFLICT,31,43,source_section|metric_name|definition_keys,MERGE,"source_section: pages 2-4 print no section heading (only the running header 'INVESTMENTS COMMITTEE -n- I1 / May 13, 2025' and the figure captions), so blank is right there; page 1 prints EXECUTIVE SUMMARY. Confirmed on the page images. Backfill 2026-09-01: the lanes agree on the reading and differ on the key name or on which lane backed a scope; the citation follows the accepted note rows' keys, the narrative net readings lane B backed stand, and the scope lane A backed with the printed phrase stands.",RESOLVED,A+B+ADJUDICATOR,b2e06d492dceca8b867aac1fe20a93724668dd623d6f3a714882afac32b4c59e
04f743e8e89e61fa6226,SRC384,2,PAIR_F244C4DC005888431A060FF2,CONTEXT_CONFLICT,32,44,source_section|metric_name,MERGE,"source_section: pages 2-4 print no section heading (only the running header 'INVESTMENTS COMMITTEE -n- I1 / May 13, 2025' and the figure captions), so blank is right there; page 1 prints EXECUTIVE SUMMARY. Confirmed on the page images. Backfill 2026-09-01: qualifier columns filled from the lanes' agreed reading.",RESOLVED,A+B+ADJUDICATOR,b2e06d492dceca8b867aac1fe20a93724668dd623d6f3a714882afac32b4c59e
4584a389c0b25af46e56,SRC384,2,PAIR_8FD3B9AF4CC9BFBDB761BE21,CONTEXT_CONFLICT,33,45,source_section|metric_name|definition_keys|method,MERGE,"source_section: pages 2-4 print no section heading (only the running header 'INVESTMENTS COMMITTEE -n- I1 / May 13, 2025' and the figure captions), so blank is right there; page 1 prints EXECUTIVE SUMMARY. Confirmed on the page images. Backfill 2026-09-01: the 1 Year column sits left of the Annualized Returns rule, so no method is stated; the narrative names this one-year figure a net return, which the cited note carries.",RESOLVED,A+B+ADJUDICATOR,b2e06d492dceca8b867aac1fe20a93724668dd623d6f3a714882afac32b4c59e
f3fe95ec1bc22418f600,SRC384,2,PAIR_D851F8D6BE97FA3494955FFF,CONTEXT_CONFLICT,34,46,source_section|metric_name|definition_keys,MERGE,"source_section: pages 2-4 print no section heading (only the running header 'INVESTMENTS COMMITTEE -n- I1 / May 13, 2025' and the figure captions), so blank is right there; page 1 prints EXECUTIVE SUMMARY. Confirmed on the page images. Backfill 2026-09-01: the lanes agree on the reading and differ on the key name or on which lane backed a scope; the citation follows the accepted note rows' keys, the narrative net readings lane B backed stand, and the scope lane A backed with the printed phrase stands.",RESOLVED,A+B+ADJUDICATOR,b2e06d492dceca8b867aac1fe20a93724668dd623d6f3a714882afac32b4c59e
062cb42cf5ee28eb8861,SRC384,2,PAIR_6288880C56E626846197F926,CONTEXT_CONFLICT,35,47,source_section|metric_name|definition_keys,MERGE,"source_section: pages 2-4 print no section heading (only the running header 'INVESTMENTS COMMITTEE -n- I1 / May 13, 2025' and the figure captions), so blank is right there; page 1 prints EXECUTIVE SUMMARY. Confirmed on the page images. Backfill 2026-09-01: the lanes agree on the reading and differ on the key name or on which lane backed a scope; the citation follows the accepted note rows' keys, the narrative net readings lane B backed stand, and the scope lane A backed with the printed phrase stands.",RESOLVED,A+B+ADJUDICATOR,b2e06d492dceca8b867aac1fe20a93724668dd623d6f3a714882afac32b4c59e
5db74b625c506cf99c31,SRC384,2,PAIR_10490C4B4885CA06A32A9EEB,CONTEXT_CONFLICT,36,48,source_section|metric_name|definition_keys,MERGE,"source_section: pages 2-4 print no section heading (only the running header 'INVESTMENTS COMMITTEE -n- I1 / May 13, 2025' and the figure captions), so blank is right there; page 1 prints EXECUTIVE SUMMARY. Confirmed on the page images. Backfill 2026-09-01: the lanes agree on the reading and differ on the key name or on which lane backed a scope; the citation follows the accepted note rows' keys, the narrative net readings lane B backed stand, and the scope lane A backed with the printed phrase stands.",RESOLVED,A+B+ADJUDICATOR,b2e06d492dceca8b867aac1fe20a93724668dd623d6f3a714882afac32b4c59e
31d18e64fe0444385702,SRC384,2,PAIR_C0A11BB332A14F76C56D2493,CONTEXT_CONFLICT,37,49,source_section|metric_name|definition_keys,MERGE,"source_section: pages 2-4 print no section heading (only the running header 'INVESTMENTS COMMITTEE -n- I1 / May 13, 2025' and the figure captions), so blank is right there; page 1 prints EXECUTIVE SUMMARY. Confirmed on the page images. Backfill 2026-09-01: the lanes agree on the reading and differ on the key name or on which lane backed a scope; the citation follows the accepted note rows' keys, the narrative net readings lane B backed stand, and the scope lane A backed with the printed phrase stands.",RESOLVED,A+B+ADJUDICATOR,b2e06d492dceca8b867aac1fe20a93724668dd623d6f3a714882afac32b4c59e
67d3809698219c3d29d5,SRC384,2,PAIR_57E289279718D9FAE0C5D11F,CONTEXT_CONFLICT,38,50,source_section|metric_name|definition_keys,MERGE,"source_section: pages 2-4 print no section heading (only the running header 'INVESTMENTS COMMITTEE -n- I1 / May 13, 2025' and the figure captions), so blank is right there; page 1 prints EXECUTIVE SUMMARY. Confirmed on the page images. Backfill 2026-09-01: the lanes agree on the reading and differ on the key name or on which lane backed a scope; the citation follows the accepted note rows' keys, the narrative net readings lane B backed stand, and the scope lane A backed with the printed phrase stands.",RESOLVED,A+B+ADJUDICATOR,b2e06d492dceca8b867aac1fe20a93724668dd623d6f3a714882afac32b4c59e
69297cfe59121c2527ef,SRC384,2,PAIR_3ED15DB641A3D87ABE631603,CONTEXT_CONFLICT,39,51,source_section|metric_name|definition_keys,MERGE,"source_section: pages 2-4 print no section heading (only the running header 'INVESTMENTS COMMITTEE -n- I1 / May 13, 2025' and the figure captions), so blank is right there; page 1 prints EXECUTIVE SUMMARY. Confirmed on the page images. Backfill 2026-09-01: the lanes agree on the reading and differ on the key name or on which lane backed a scope; the citation follows the accepted note rows' keys, the narrative net readings lane B backed stand, and the scope lane A backed with the printed phrase stands.",RESOLVED,A+B+ADJUDICATOR,b2e06d492dceca8b867aac1fe20a93724668dd623d6f3a714882afac32b4c59e
d3bd03536e1a89312325,SRC384,2,PAIR_D7591328EC61AB2349906834,CONTEXT_CONFLICT,40,52,source_section|metric_name|definition_keys,MERGE,"source_section: pages 2-4 print no section heading (only the running header 'INVESTMENTS COMMITTEE -n- I1 / May 13, 2025' and the figure captions), so blank is right there; page 1 prints EXECUTIVE SUMMARY. Confirmed on the page images. Backfill 2026-09-01: the lanes agree on the reading and differ on the key name or on which lane backed a scope; the citation follows the accepted note rows' keys, the narrative net readings lane B backed stand, and the scope lane A backed with the printed phrase stands.",RESOLVED,A+B+ADJUDICATOR,b2e06d492dceca8b867aac1fe20a93724668dd623d6f3a714882afac32b4c59e
24c431d0c4ceff87c28e,SRC384,2,PAIR_53866C272FFB1798AD24F044,CONTEXT_CONFLICT,41,53,source_section|metric_name,MERGE,"source_section: pages 2-4 print no section heading (only the running header 'INVESTMENTS COMMITTEE -n- I1 / May 13, 2025' and the figure captions), so blank is right there; page 1 prints EXECUTIVE SUMMARY. Confirmed on the page images. Backfill 2026-09-01: qualifier columns filled from the lanes' agreed reading.",RESOLVED,A+B+ADJUDICATOR,b2e06d492dceca8b867aac1fe20a93724668dd623d6f3a714882afac32b4c59e
51fad79e1897cacd2523,SRC384,2,PAIR_BA04CC201F1CEA678C9FB2E5,CLASSIFICATION_CONFLICT,42,54,source_section|metric_category|basis_raw|value_scope,MERGE,"source_section: pages 2-4 print no section heading (only the running header 'INVESTMENTS COMMITTEE -n- I1 / May 13, 2025' and the figure captions), so blank is right there; page 1 prints EXECUTIVE SUMMARY. Confirmed on the page images. Market Value column on the total-plan row is the plan's stated total assets, so aum. Backfill 2026-09-01: the lanes agree on the reading and differ on the key name or on which lane backed a scope; the citation follows the accepted note rows' keys, the narrative net readings lane B backed stand, and the scope lane A backed with the printed phrase stands.; Source review: p2: Figure 1. General Endowment Pool as of March 31, 2025; Market Value in Millions ($) (The source states Market Value as the measurement basis; the entity or table heading remains in source context.)",RESOLVED,A+B+ADJUDICATOR,b2e06d492dceca8b867aac1fe20a93724668dd623d6f3a714882afac32b4c59e
b37f1ff6cab3c1726da4,SRC384,2,PAIR_C4E171193104B8BC88A9C579,CONTEXT_CONFLICT,43,55,source_section|metric_name|definition_keys|method,MERGE,"source_section: pages 2-4 print no section heading (only the running header 'INVESTMENTS COMMITTEE -n- I1 / May 13, 2025' and the figure captions), so blank is right there; page 1 prints EXECUTIVE SUMMARY. Confirmed on the page images. Backfill 2026-09-01: the 1 Year column sits left of the rule under the Annualized Returns banner on every figure, so the page states no method for it and it cites no banner; lane A's reading stands. Backfill 2026-09-01: qualifier columns filled from the lanes' agreed reading.",RESOLVED,A+B+ADJUDICATOR,b2e06d492dceca8b867aac1fe20a93724668dd623d6f3a714882afac32b4c59e
7cac8ba15f55ef2dbb92,SRC384,2,PAIR_C5C567292A44B2DC3027EABA,CONTEXT_CONFLICT,44,56,source_section|metric_name|definition_keys,MERGE,"source_section: pages 2-4 print no section heading (only the running header 'INVESTMENTS COMMITTEE -n- I1 / May 13, 2025' and the figure captions), so blank is right there; page 1 prints EXECUTIVE SUMMARY. Confirmed on the page images. Backfill 2026-09-01: the lanes agree on the reading and differ on the key name or on which lane backed a scope; the citation follows the accepted note rows' keys, the narrative net readings lane B backed stand, and the scope lane A backed with the printed phrase stands.",RESOLVED,A+B+ADJUDICATOR,b2e06d492dceca8b867aac1fe20a93724668dd623d6f3a714882afac32b4c59e
7fcd6ec70a6c17d4fab2,SRC384,2,PAIR_B3E37E21FEA8A367C1704BFA,CONTEXT_CONFLICT,45,57,source_section|metric_name|definition_keys,MERGE,"source_section: pages 2-4 print no section heading (only the running header 'INVESTMENTS COMMITTEE -n- I1 / May 13, 2025' and the figure captions), so blank is right there; page 1 prints EXECUTIVE SUMMARY. Confirmed on the page images. Backfill 2026-09-01: the lanes agree on the reading and differ on the key name or on which lane backed a scope; the citation follows the accepted note rows' keys, the narrative net readings lane B backed stand, and the scope lane A backed with the printed phrase stands.",RESOLVED,A+B+ADJUDICATOR,b2e06d492dceca8b867aac1fe20a93724668dd623d6f3a714882afac32b4c59e
e292814eef7422d1d6fe,SRC384,2,PAIR_14F196ED4112FD890C812CB0,CONTEXT_CONFLICT,46,58,source_section|metric_name|definition_keys,MERGE,"source_section: pages 2-4 print no section heading (only the running header 'INVESTMENTS COMMITTEE -n- I1 / May 13, 2025' and the figure captions), so blank is right there; page 1 prints EXECUTIVE SUMMARY. Confirmed on the page images. Backfill 2026-09-01: the lanes agree on the reading and differ on the key name or on which lane backed a scope; the citation follows the accepted note rows' keys, the narrative net readings lane B backed stand, and the scope lane A backed with the printed phrase stands.",RESOLVED,A+B+ADJUDICATOR,b2e06d492dceca8b867aac1fe20a93724668dd623d6f3a714882afac32b4c59e
b7affdf5e70bfa7a6d0b,SRC384,2,PAIR_C581816A5E60E3DE0CE14F5E,CONTEXT_CONFLICT,47,59,source_section|metric_name|definition_keys,MERGE,"source_section: pages 2-4 print no section heading (only the running header 'INVESTMENTS COMMITTEE -n- I1 / May 13, 2025' and the figure captions), so blank is right there; page 1 prints EXECUTIVE SUMMARY. Confirmed on the page images. Backfill 2026-09-01: the lanes agree on the reading and differ on the key name or on which lane backed a scope; the citation follows the accepted note rows' keys, the narrative net readings lane B backed stand, and the scope lane A backed with the printed phrase stands.",RESOLVED,A+B+ADJUDICATOR,b2e06d492dceca8b867aac1fe20a93724668dd623d6f3a714882afac32b4c59e
73c550b7b87725143730,SRC384,2,PAIR_699567B4AC3C2FD07B0BBB30,CONTEXT_CONFLICT,48,60,source_section|metric_name|definition_keys,MERGE,"source_section: pages 2-4 print no section heading (only the running header 'INVESTMENTS COMMITTEE -n- I1 / May 13, 2025' and the figure captions), so blank is right there; page 1 prints EXECUTIVE SUMMARY. Confirmed on the page images. Backfill 2026-09-01: the lanes agree on the reading and differ on the key name or on which lane backed a scope; the citation follows the accepted note rows' keys, the narrative net readings lane B backed stand, and the scope lane A backed with the printed phrase stands.",RESOLVED,A+B+ADJUDICATOR,b2e06d492dceca8b867aac1fe20a93724668dd623d6f3a714882afac32b4c59e
9672d0ee36347ccd3de2,SRC384,2,PAIR_87E6A7AF89FF25318913CC0B,CONTEXT_CONFLICT,49,61,source_section|metric_name|definition_keys,MERGE,"source_section: pages 2-4 print no section heading (only the running header 'INVESTMENTS COMMITTEE -n- I1 / May 13, 2025' and the figure captions), so blank is right there; page 1 prints EXECUTIVE SUMMARY. Confirmed on the page images. Backfill 2026-09-01: the lanes agree on the reading and differ on the key name or on which lane backed a scope; the citation follows the accepted note rows' keys, the narrative net readings lane B backed stand, and the scope lane A backed with the printed phrase stands.",RESOLVED,A+B+ADJUDICATOR,b2e06d492dceca8b867aac1fe20a93724668dd623d6f3a714882afac32b4c59e
9adbccdeee3f763fef9e,SRC384,2,PAIR_92B1CE2D72C50F1B254FFA5F,CONTEXT_CONFLICT,50,62,source_section|metric_name|definition_keys,MERGE,"source_section: pages 2-4 print no section heading (only the running header 'INVESTMENTS COMMITTEE -n- I1 / May 13, 2025' and the figure captions), so blank is right there; page 1 prints EXECUTIVE SUMMARY. Confirmed on the page images. Backfill 2026-09-01: the lanes agree on the reading and differ on the key name or on which lane backed a scope; the citation follows the accepted note rows' keys, the narrative net readings lane B backed stand, and the scope lane A backed with the printed phrase stands.",RESOLVED,A+B+ADJUDICATOR,b2e06d492dceca8b867aac1fe20a93724668dd623d6f3a714882afac32b4c59e
11a66d47cd9c1767f049,SRC384,2,PAIR_C3AB2EC550C394448A93AF4A,CONTEXT_CONFLICT,51,63,source_section|metric_name,MERGE,"source_section: pages 2-4 print no section heading (only the running header 'INVESTMENTS COMMITTEE -n- I1 / May 13, 2025' and the figure captions), so blank is right there; page 1 prints EXECUTIVE SUMMARY. Confirmed on the page images. Backfill 2026-09-01: qualifier columns filled from the lanes' agreed reading.",RESOLVED,A+B+ADJUDICATOR,b2e06d492dceca8b867aac1fe20a93724668dd623d6f3a714882afac32b4c59e
6f8349864662d2158440,SRC384,2,PAIR_8887155AE1D8227A3B72D204,CONTEXT_CONFLICT,52,64,source_section|metric_name|definition_keys|method,MERGE,"source_section: pages 2-4 print no section heading (only the running header 'INVESTMENTS COMMITTEE -n- I1 / May 13, 2025' and the figure captions), so blank is right there; page 1 prints EXECUTIVE SUMMARY. Confirmed on the page images. Backfill 2026-09-01: the 1 Year column sits left of the rule under the Annualized Returns banner on every figure, so the page states no method for it and it cites no banner; lane A's reading stands. Backfill 2026-09-01: qualifier columns filled from the lanes' agreed reading.",RESOLVED,A+B+ADJUDICATOR,b2e06d492dceca8b867aac1fe20a93724668dd623d6f3a714882afac32b4c59e
0ae2cbc2e3341bf0329b,SRC384,2,PAIR_C9880BB668CCFB6A90BBCAB7,CONTEXT_CONFLICT,53,65,source_section|metric_name|definition_keys,MERGE,"source_section: pages 2-4 print no section heading (only the running header 'INVESTMENTS COMMITTEE -n- I1 / May 13, 2025' and the figure captions), so blank is right there; page 1 prints EXECUTIVE SUMMARY. Confirmed on the page images. Backfill 2026-09-01: the lanes agree on the reading and differ on the key name or on which lane backed a scope; the citation follows the accepted note rows' keys, the narrative net readings lane B backed stand, and the scope lane A backed with the printed phrase stands.",RESOLVED,A+B+ADJUDICATOR,b2e06d492dceca8b867aac1fe20a93724668dd623d6f3a714882afac32b4c59e
85745e9263cf202273eb,SRC384,2,PAIR_E03B56825F4C41CAB588C95E,CONTEXT_CONFLICT,54,66,source_section|metric_name,MERGE,"source_section: pages 2-4 print no section heading (only the running header 'INVESTMENTS COMMITTEE -n- I1 / May 13, 2025' and the figure captions), so blank is right there; page 1 prints EXECUTIVE SUMMARY. Confirmed on the page images. Backfill 2026-09-01: qualifier columns filled from the lanes' agreed reading.",RESOLVED,A+B+ADJUDICATOR,b2e06d492dceca8b867aac1fe20a93724668dd623d6f3a714882afac32b4c59e
291e2e01b91e249065eb,SRC384,2,PAIR_6D80026CFACD14B76A5748E9,CLASSIFICATION_CONFLICT,55,67,source_section|metric_category|basis_raw|value_scope,MERGE,"source_section: pages 2-4 print no section heading (only the running header 'INVESTMENTS COMMITTEE -n- I1 / May 13, 2025' and the figure captions), so blank is right there; page 1 prints EXECUTIVE SUMMARY. Confirmed on the page images. Backfill 2026-09-01: the lanes agree on the reading and differ on the key name or on which lane backed a scope; the citation follows the accepted note rows' keys, the narrative net readings lane B backed stand, and the scope lane A backed with the printed phrase stands.; Source review: p2: Figure 1. General Endowment Pool as of March 31, 2025; Market Value in Millions ($) (The source states Market Value as the measurement basis; the entity or table heading remains in source context.)",RESOLVED,A+B+ADJUDICATOR,b2e06d492dceca8b867aac1fe20a93724668dd623d6f3a714882afac32b4c59e
81791cb939d83d64a76a,SRC384,2,PAIR_260BE3EB822E6E1396B6F619,CONTEXT_CONFLICT,56,68,source_section|metric_name|definition_keys|method,MERGE,"source_section: pages 2-4 print no section heading (only the running header 'INVESTMENTS COMMITTEE -n- I1 / May 13, 2025' and the figure captions), so blank is right there; page 1 prints EXECUTIVE SUMMARY. Confirmed on the page images. Backfill 2026-09-01: the 1 Year column sits left of the rule under the Annualized Returns banner on every figure, so the page states no method for it and it cites no banner; lane A's reading stands. Backfill 2026-09-01: qualifier columns filled from the lanes' agreed reading.",RESOLVED,A+B+ADJUDICATOR,b2e06d492dceca8b867aac1fe20a93724668dd623d6f3a714882afac32b4c59e
67ec698b8bb2b0a99bf3,SRC384,2,PAIR_7C2546E5D19BFB9FB88728C2,CONTEXT_CONFLICT,57,69,source_section|metric_name|definition_keys,MERGE,"source_section: pages 2-4 print no section heading (only the running header 'INVESTMENTS COMMITTEE -n- I1 / May 13, 2025' and the figure captions), so blank is right there; page 1 prints EXECUTIVE SUMMARY. Confirmed on the page images. Backfill 2026-09-01: the lanes agree on the reading and differ on the key name or on which lane backed a scope; the citation follows the accepted note rows' keys, the narrative net readings lane B backed stand, and the scope lane A backed with the printed phrase stands.",RESOLVED,A+B+ADJUDICATOR,b2e06d492dceca8b867aac1fe20a93724668dd623d6f3a714882afac32b4c59e
28c6c5edf3714a31e336,SRC384,2,PAIR_AC23FE5B13CB27D5EF849CCF,CONTEXT_CONFLICT,58,70,source_section|metric_name,MERGE,"source_section: pages 2-4 print no section heading (only the running header 'INVESTMENTS COMMITTEE -n- I1 / May 13, 2025' and the figure captions), so blank is right there; page 1 prints EXECUTIVE SUMMARY. Confirmed on the page images. Backfill 2026-09-01: qualifier columns filled from the lanes' agreed reading.",RESOLVED,A+B+ADJUDICATOR,b2e06d492dceca8b867aac1fe20a93724668dd623d6f3a714882afac32b4c59e
fa7b1d8e188a78b07668,SRC384,2,PAIR_C54A84ED6797FF143F173A86,CONTEXT_CONFLICT,59,71,source_section|metric_name|definition_keys|method,MERGE,"source_section: pages 2-4 print no section heading (only the running header 'INVESTMENTS COMMITTEE -n- I1 / May 13, 2025' and the figure captions), so blank is right there; page 1 prints EXECUTIVE SUMMARY. Confirmed on the page images. Backfill 2026-09-01: the 1 Year column sits left of the rule under the Annualized Returns banner on every figure, so the page states no method for it and it cites no banner; lane A's reading stands. Backfill 2026-09-01: qualifier columns filled from the lanes' agreed reading.",RESOLVED,A+B+ADJUDICATOR,b2e06d492dceca8b867aac1fe20a93724668dd623d6f3a714882afac32b4c59e
07e12eefd5ebdd5d7de7,SRC384,2,PAIR_94CA4733A491DD11ACABCA0B,CONTEXT_CONFLICT,60,72,source_section|metric_name|definition_keys,MERGE,"source_section: pages 2-4 print no section heading (only the running header 'INVESTMENTS COMMITTEE -n- I1 / May 13, 2025' and the figure captions), so blank is right there; page 1 prints EXECUTIVE SUMMARY. Confirmed on the page images. Backfill 2026-09-01: the lanes agree on the reading and differ on the key name or on which lane backed a scope; the citation follows the accepted note rows' keys, the narrative net readings lane B backed stand, and the scope lane A backed with the printed phrase stands.",RESOLVED,A+B+ADJUDICATOR,b2e06d492dceca8b867aac1fe20a93724668dd623d6f3a714882afac32b4c59e
5aae9aaf6b7a5fa77d25,SRC384,2,PAIR_B1CB88672FA3F0FE831AB264,CONTEXT_CONFLICT,61,73,source_section|metric_name|definition_keys,MERGE,"source_section: pages 2-4 print no section heading (only the running header 'INVESTMENTS COMMITTEE -n- I1 / May 13, 2025' and the figure captions), so blank is right there; page 1 prints EXECUTIVE SUMMARY. Confirmed on the page images. Backfill 2026-09-01: the lanes agree on the reading and differ on the key name or on which lane backed a scope; the citation follows the accepted note rows' keys, the narrative net readings lane B backed stand, and the scope lane A backed with the printed phrase stands.",RESOLVED,A+B+ADJUDICATOR,b2e06d492dceca8b867aac1fe20a93724668dd623d6f3a714882afac32b4c59e
66ab6257fedee2d4962b,SRC384,2,PAIR_24213C9B1C0C66F1D24859E9,CONTEXT_CONFLICT,62,74,source_section|metric_name|definition_keys,MERGE,"source_section: pages 2-4 print no section heading (only the running header 'INVESTMENTS COMMITTEE -n- I1 / May 13, 2025' and the figure captions), so blank is right there; page 1 prints EXECUTIVE SUMMARY. Confirmed on the page images. Backfill 2026-09-01: the lanes agree on the reading and differ on the key name or on which lane backed a scope; the citation follows the accepted note rows' keys, the narrative net readings lane B backed stand, and the scope lane A backed with the printed phrase stands.",RESOLVED,A+B+ADJUDICATOR,b2e06d492dceca8b867aac1fe20a93724668dd623d6f3a714882afac32b4c59e
60f2c01512552df8f070,SRC384,2,PAIR_F4D86F258E7DEF847BC21CCB,CONTEXT_CONFLICT,63,75,source_section|metric_name|definition_keys,MERGE,"source_section: pages 2-4 print no section heading (only the running header 'INVESTMENTS COMMITTEE -n- I1 / May 13, 2025' and the figure captions), so blank is right there; page 1 prints EXECUTIVE SUMMARY. Confirmed on the page images. Backfill 2026-09-01: the lanes agree on the reading and differ on the key name or on which lane backed a scope; the citation follows the accepted note rows' keys, the narrative net readings lane B backed stand, and the scope lane A backed with the printed phrase stands.",RESOLVED,A+B+ADJUDICATOR,b2e06d492dceca8b867aac1fe20a93724668dd623d6f3a714882afac32b4c59e
52cee7e1b8cc4527b736,SRC384,2,PAIR_068C32DCF2CC666151EB4A15,CONTEXT_CONFLICT,64,76,source_section|metric_name|definition_keys,MERGE,"source_section: pages 2-4 print no section heading (only the running header 'INVESTMENTS COMMITTEE -n- I1 / May 13, 2025' and the figure captions), so blank is right there; page 1 prints EXECUTIVE SUMMARY. Confirmed on the page images. Backfill 2026-09-01: the lanes agree on the reading and differ on the key name or on which lane backed a scope; the citation follows the accepted note rows' keys, the narrative net readings lane B backed stand, and the scope lane A backed with the printed phrase stands.",RESOLVED,A+B+ADJUDICATOR,b2e06d492dceca8b867aac1fe20a93724668dd623d6f3a714882afac32b4c59e
df54bfc9e2646214dcde,SRC384,2,PAIR_124D27076957D4EE2251E29C,CONTEXT_CONFLICT,65,77,source_section|metric_name|definition_keys,MERGE,"source_section: pages 2-4 print no section heading (only the running header 'INVESTMENTS COMMITTEE -n- I1 / May 13, 2025' and the figure captions), so blank is right there; page 1 prints EXECUTIVE SUMMARY. Confirmed on the page images. Backfill 2026-09-01: the lanes agree on the reading and differ on the key name or on which lane backed a scope; the citation follows the accepted note rows' keys, the narrative net readings lane B backed stand, and the scope lane A backed with the printed phrase stands.",RESOLVED,A+B+ADJUDICATOR,b2e06d492dceca8b867aac1fe20a93724668dd623d6f3a714882afac32b4c59e
ba51d8081d7e053edb3b,SRC384,2,PAIR_A4F662E962783CF0B89766BE,CONTEXT_CONFLICT,66,78,source_section|metric_name|definition_keys,MERGE,"source_section: pages 2-4 print no section heading (only the running header 'INVESTMENTS COMMITTEE -n- I1 / May 13, 2025' and the figure captions), so blank is right there; page 1 prints EXECUTIVE SUMMARY. Confirmed on the page images. Backfill 2026-09-01: the lanes agree on the reading and differ on the key name or on which lane backed a scope; the citation follows the accepted note rows' keys, the narrative net readings lane B backed stand, and the scope lane A backed with the printed phrase stands.",RESOLVED,A+B+ADJUDICATOR,b2e06d492dceca8b867aac1fe20a93724668dd623d6f3a714882afac32b4c59e
df30a4c4224223fdc408,SRC384,2,PAIR_EB703DA7D585EFA7516995EA,CONTEXT_CONFLICT,67,79,source_section|metric_name,MERGE,"source_section: pages 2-4 print no section heading (only the running header 'INVESTMENTS COMMITTEE -n- I1 / May 13, 2025' and the figure captions), so blank is right there; page 1 prints EXECUTIVE SUMMARY. Confirmed on the page images. Backfill 2026-09-01: qualifier columns filled from the lanes' agreed reading.",RESOLVED,A+B+ADJUDICATOR,b2e06d492dceca8b867aac1fe20a93724668dd623d6f3a714882afac32b4c59e
91f6cbe907301bafc9f3,SRC384,2,PAIR_D7B18BB7D863E98FD9553BD7,CLASSIFICATION_CONFLICT,68,80,source_section|metric_category|basis_raw|value_scope,MERGE,"source_section: pages 2-4 print no section heading (only the running header 'INVESTMENTS COMMITTEE -n- I1 / May 13, 2025' and the figure captions), so blank is right there; page 1 prints EXECUTIVE SUMMARY. Confirmed on the page images. Backfill 2026-09-01: the lanes agree on the reading and differ on the key name or on which lane backed a scope; the citation follows the accepted note rows' keys, the narrative net readings lane B backed stand, and the scope lane A backed with the printed phrase stands.; Source review: p2: Figure 1. General Endowment Pool as of March 31, 2025; Market Value in Millions ($) (The source states Market Value as the measurement basis; the entity or table heading remains in source context.)",RESOLVED,A+B+ADJUDICATOR,b2e06d492dceca8b867aac1fe20a93724668dd623d6f3a714882afac32b4c59e
5329187e1277ad288e59,SRC384,2,PAIR_1FF2F8F838E1D01CCBB1807A,CONTEXT_CONFLICT,69,81,source_section|metric_name|definition_keys|method,MERGE,"source_section: pages 2-4 print no section heading (only the running header 'INVESTMENTS COMMITTEE -n- I1 / May 13, 2025' and the figure captions), so blank is right there; page 1 prints EXECUTIVE SUMMARY. Confirmed on the page images. Backfill 2026-09-01: the 1 Year column sits left of the rule under the Annualized Returns banner on every figure, so the page states no method for it and it cites no banner; lane A's reading stands. Backfill 2026-09-01: qualifier columns filled from the lanes' agreed reading.",RESOLVED,A+B+ADJUDICATOR,b2e06d492dceca8b867aac1fe20a93724668dd623d6f3a714882afac32b4c59e
5584740520ef665a27da,SRC384,2,PAIR_D8F8E5E83E032BEA48A561A8,CONTEXT_CONFLICT,70,82,source_section|metric_name|definition_keys,MERGE,"source_section: pages 2-4 print no section heading (only the running header 'INVESTMENTS COMMITTEE -n- I1 / May 13, 2025' and the figure captions), so blank is right there; page 1 prints EXECUTIVE SUMMARY. Confirmed on the page images. Backfill 2026-09-01: the lanes agree on the reading and differ on the key name or on which lane backed a scope; the citation follows the accepted note rows' keys, the narrative net readings lane B backed stand, and the scope lane A backed with the printed phrase stands.",RESOLVED,A+B+ADJUDICATOR,b2e06d492dceca8b867aac1fe20a93724668dd623d6f3a714882afac32b4c59e
15dfa948db6e024d2bf7,SRC384,2,PAIR_D097CD507D8960487A223444,CONTEXT_CONFLICT,71,83,source_section|metric_name|definition_keys,MERGE,"source_section: pages 2-4 print no section heading (only the running header 'INVESTMENTS COMMITTEE -n- I1 / May 13, 2025' and the figure captions), so blank is right there; page 1 prints EXECUTIVE SUMMARY. Confirmed on the page images. Backfill 2026-09-01: the lanes agree on the reading and differ on the key name or on which lane backed a scope; the citation follows the accepted note rows' keys, the narrative net readings lane B backed stand, and the scope lane A backed with the printed phrase stands.",RESOLVED,A+B+ADJUDICATOR,b2e06d492dceca8b867aac1fe20a93724668dd623d6f3a714882afac32b4c59e
2365921b25b8b59c9793,SRC384,2,PAIR_220E347E1D92C9927407FD55,CONTEXT_CONFLICT,72,84,source_section|metric_name|definition_keys,MERGE,"source_section: pages 2-4 print no section heading (only the running header 'INVESTMENTS COMMITTEE -n- I1 / May 13, 2025' and the figure captions), so blank is right there; page 1 prints EXECUTIVE SUMMARY. Confirmed on the page images. Backfill 2026-09-01: the lanes agree on the reading and differ on the key name or on which lane backed a scope; the citation follows the accepted note rows' keys, the narrative net readings lane B backed stand, and the scope lane A backed with the printed phrase stands.",RESOLVED,A+B+ADJUDICATOR,b2e06d492dceca8b867aac1fe20a93724668dd623d6f3a714882afac32b4c59e
c20e35103b6d1d0d3767,SRC384,2,PAIR_67C8803F95DA231A383A4DEC,CONTEXT_CONFLICT,73,85,source_section|metric_name|definition_keys,MERGE,"source_section: pages 2-4 print no section heading (only the running header 'INVESTMENTS COMMITTEE -n- I1 / May 13, 2025' and the figure captions), so blank is right there; page 1 prints EXECUTIVE SUMMARY. Confirmed on the page images. Backfill 2026-09-01: the lanes agree on the reading and differ on the key name or on which lane backed a scope; the citation follows the accepted note rows' keys, the narrative net readings lane B backed stand, and the scope lane A backed with the printed phrase stands.",RESOLVED,A+B+ADJUDICATOR,b2e06d492dceca8b867aac1fe20a93724668dd623d6f3a714882afac32b4c59e
db14024c6591d4994d35,SRC384,2,PAIR_1EDEFBC32C65AA8FF0140E33,CONTEXT_CONFLICT,74,86,source_section|metric_name|definition_keys,MERGE,"source_section: pages 2-4 print no section heading (only the running header 'INVESTMENTS COMMITTEE -n- I1 / May 13, 2025' and the figure captions), so blank is right there; page 1 prints EXECUTIVE SUMMARY. Confirmed on the page images. Backfill 2026-09-01: the lanes agree on the reading and differ on the key name or on which lane backed a scope; the citation follows the accepted note rows' keys, the narrative net readings lane B backed stand, and the scope lane A backed with the printed phrase stands.",RESOLVED,A+B+ADJUDICATOR,b2e06d492dceca8b867aac1fe20a93724668dd623d6f3a714882afac32b4c59e
21f3adba050f661303c9,SRC384,2,PAIR_B82229F8DE1E7BEBA51376ED,CONTEXT_CONFLICT,75,87,source_section|metric_name|definition_keys,MERGE,"source_section: pages 2-4 print no section heading (only the running header 'INVESTMENTS COMMITTEE -n- I1 / May 13, 2025' and the figure captions), so blank is right there; page 1 prints EXECUTIVE SUMMARY. Confirmed on the page images. Backfill 2026-09-01: the lanes agree on the reading and differ on the key name or on which lane backed a scope; the citation follows the accepted note rows' keys, the narrative net readings lane B backed stand, and the scope lane A backed with the printed phrase stands.",RESOLVED,A+B+ADJUDICATOR,b2e06d492dceca8b867aac1fe20a93724668dd623d6f3a714882afac32b4c59e
6a2c4f75b732703d73be,SRC384,2,PAIR_E15AEF82CDE0E1D05A93EE54,CONTEXT_CONFLICT,76,88,source_section|metric_name|definition_keys,MERGE,"source_section: pages 2-4 print no section heading (only the running header 'INVESTMENTS COMMITTEE -n- I1 / May 13, 2025' and the figure captions), so blank is right there; page 1 prints EXECUTIVE SUMMARY. Confirmed on the page images. Backfill 2026-09-01: the lanes agree on the reading and differ on the key name or on which lane backed a scope; the citation follows the accepted note rows' keys, the narrative net readings lane B backed stand, and the scope lane A backed with the printed phrase stands.",RESOLVED,A+B+ADJUDICATOR,b2e06d492dceca8b867aac1fe20a93724668dd623d6f3a714882afac32b4c59e
46c942b26dccabaf921b,SRC384,2,PAIR_3208559DC453E66A08E9BAA5,CONTEXT_CONFLICT,77,89,source_section|metric_name,MERGE,"source_section: pages 2-4 print no section heading (only the running header 'INVESTMENTS COMMITTEE -n- I1 / May 13, 2025' and the figure captions), so blank is right there; page 1 prints EXECUTIVE SUMMARY. Confirmed on the page images. Backfill 2026-09-01: qualifier columns filled from the lanes' agreed reading.",RESOLVED,A+B+ADJUDICATOR,b2e06d492dceca8b867aac1fe20a93724668dd623d6f3a714882afac32b4c59e
b475d5497a3fa0f75c21,SRC384,2,PAIR_33BB1CF134D2902198A2E700,CONTEXT_CONFLICT,78,90,source_section|metric_name|definition_keys|method,MERGE,"source_section: pages 2-4 print no section heading (only the running header 'INVESTMENTS COMMITTEE -n- I1 / May 13, 2025' and the figure captions), so blank is right there; page 1 prints EXECUTIVE SUMMARY. Confirmed on the page images. Backfill 2026-09-01: the 1 Year column sits left of the rule under the Annualized Returns banner on every figure, so the page states no method for it and it cites no banner; lane A's reading stands. Backfill 2026-09-01: qualifier columns filled from the lanes' agreed reading.",RESOLVED,A+B+ADJUDICATOR,b2e06d492dceca8b867aac1fe20a93724668dd623d6f3a714882afac32b4c59e
e96965adc4a2473671e2,SRC384,2,PAIR_FC02B3190B050671B1D84CDD,CONTEXT_CONFLICT,79,91,source_section|metric_name|definition_keys,MERGE,"source_section: pages 2-4 print no section heading (only the running header 'INVESTMENTS COMMITTEE -n- I1 / May 13, 2025' and the figure captions), so blank is right there; page 1 prints EXECUTIVE SUMMARY. Confirmed on the page images. Backfill 2026-09-01: the lanes agree on the reading and differ on the key name or on which lane backed a scope; the citation follows the accepted note rows' keys, the narrative net readings lane B backed stand, and the scope lane A backed with the printed phrase stands.",RESOLVED,A+B+ADJUDICATOR,b2e06d492dceca8b867aac1fe20a93724668dd623d6f3a714882afac32b4c59e
c7b07ddaea525245cead,SRC384,2,PAIR_074F3B306729943905656EB4,CONTEXT_CONFLICT,80,92,source_section|metric_name|definition_keys,MERGE,"source_section: pages 2-4 print no section heading (only the running header 'INVESTMENTS COMMITTEE -n- I1 / May 13, 2025' and the figure captions), so blank is right there; page 1 prints EXECUTIVE SUMMARY. Confirmed on the page images. Backfill 2026-09-01: the lanes agree on the reading and differ on the key name or on which lane backed a scope; the citation follows the accepted note rows' keys, the narrative net readings lane B backed stand, and the scope lane A backed with the printed phrase stands.",RESOLVED,A+B+ADJUDICATOR,b2e06d492dceca8b867aac1fe20a93724668dd623d6f3a714882afac32b4c59e
e02ef48e866e52824232,SRC384,2,PAIR_93CBA7597A960DDB9EBF8E9B,CONTEXT_CONFLICT,81,93,source_section|metric_name|definition_keys,MERGE,"source_section: pages 2-4 print no section heading (only the running header 'INVESTMENTS COMMITTEE -n- I1 / May 13, 2025' and the figure captions), so blank is right there; page 1 prints EXECUTIVE SUMMARY. Confirmed on the page images. Backfill 2026-09-01: the lanes agree on the reading and differ on the key name or on which lane backed a scope; the citation follows the accepted note rows' keys, the narrative net readings lane B backed stand, and the scope lane A backed with the printed phrase stands.",RESOLVED,A+B+ADJUDICATOR,b2e06d492dceca8b867aac1fe20a93724668dd623d6f3a714882afac32b4c59e
1a92f17a6557ee0001f6,SRC384,2,PAIR_3CFAA362BD4D0EBF4CCA84B1,CONTEXT_CONFLICT,82,94,source_section|metric_name|definition_keys,MERGE,"source_section: pages 2-4 print no section heading (only the running header 'INVESTMENTS COMMITTEE -n- I1 / May 13, 2025' and the figure captions), so blank is right there; page 1 prints EXECUTIVE SUMMARY. Confirmed on the page images. Backfill 2026-09-01: the lanes agree on the reading and differ on the key name or on which lane backed a scope; the citation follows the accepted note rows' keys, the narrative net readings lane B backed stand, and the scope lane A backed with the printed phrase stands.",RESOLVED,A+B+ADJUDICATOR,b2e06d492dceca8b867aac1fe20a93724668dd623d6f3a714882afac32b4c59e
4a841102548343661ea6,SRC384,2,PAIR_0BC177FF1FA3E1B671DDA487,CONTEXT_CONFLICT,83,95,source_section|metric_name|definition_keys,MERGE,"source_section: pages 2-4 print no section heading (only the running header 'INVESTMENTS COMMITTEE -n- I1 / May 13, 2025' and the figure captions), so blank is right there; page 1 prints EXECUTIVE SUMMARY. Confirmed on the page images. Backfill 2026-09-01: the lanes agree on the reading and differ on the key name or on which lane backed a scope; the citation follows the accepted note rows' keys, the narrative net readings lane B backed stand, and the scope lane A backed with the printed phrase stands.",RESOLVED,A+B+ADJUDICATOR,b2e06d492dceca8b867aac1fe20a93724668dd623d6f3a714882afac32b4c59e
9eaf924f9563059ce168,SRC384,2,PAIR_AF138478C79FCC6FD6E8BAF4,CONTEXT_CONFLICT,84,96,source_section|metric_name|definition_keys,MERGE,"source_section: pages 2-4 print no section heading (only the running header 'INVESTMENTS COMMITTEE -n- I1 / May 13, 2025' and the figure captions), so blank is right there; page 1 prints EXECUTIVE SUMMARY. Confirmed on the page images. Backfill 2026-09-01: the lanes agree on the reading and differ on the key name or on which lane backed a scope; the citation follows the accepted note rows' keys, the narrative net readings lane B backed stand, and the scope lane A backed with the printed phrase stands.",RESOLVED,A+B+ADJUDICATOR,b2e06d492dceca8b867aac1fe20a93724668dd623d6f3a714882afac32b4c59e
c8b15cd4527fca708bf0,SRC384,2,PAIR_E3BD98D4E7AFC25BC599BE62,CONTEXT_CONFLICT,85,97,source_section|metric_name|definition_keys,MERGE,"source_section: pages 2-4 print no section heading (only the running header 'INVESTMENTS COMMITTEE -n- I1 / May 13, 2025' and the figure captions), so blank is right there; page 1 prints EXECUTIVE SUMMARY. Confirmed on the page images. Backfill 2026-09-01: the lanes agree on the reading and differ on the key name or on which lane backed a scope; the citation follows the accepted note rows' keys, the narrative net readings lane B backed stand, and the scope lane A backed with the printed phrase stands.",RESOLVED,A+B+ADJUDICATOR,b2e06d492dceca8b867aac1fe20a93724668dd623d6f3a714882afac32b4c59e
fb2c25b462027c308e7c,SRC384,2,PAIR_6A47736A35F5699BB07D4B97,CONTEXT_CONFLICT,86,98,source_section|metric_name,MERGE,"source_section: pages 2-4 print no section heading (only the running header 'INVESTMENTS COMMITTEE -n- I1 / May 13, 2025' and the figure captions), so blank is right there; page 1 prints EXECUTIVE SUMMARY. Confirmed on the page images. Backfill 2026-09-01: qualifier columns filled from the lanes' agreed reading.",RESOLVED,A+B+ADJUDICATOR,b2e06d492dceca8b867aac1fe20a93724668dd623d6f3a714882afac32b4c59e
420668d562fb693b0c0b,SRC384,2,PAIR_0729716212E62840FF48F661,CLASSIFICATION_CONFLICT,87,99,source_section|metric_category|basis_raw|value_scope,MERGE,"source_section: pages 2-4 print no section heading (only the running header 'INVESTMENTS COMMITTEE -n- I1 / May 13, 2025' and the figure captions), so blank is right there; page 1 prints EXECUTIVE SUMMARY. Confirmed on the page images. Backfill 2026-09-01: the lanes agree on the reading and differ on the key name or on which lane backed a scope; the citation follows the accepted note rows' keys, the narrative net readings lane B backed stand, and the scope lane A backed with the printed phrase stands.; Source review: p2: Figure 1. General Endowment Pool as of March 31, 2025; Market Value in Millions ($) (The source states Market Value as the measurement basis; the entity or table heading remains in source context.)",RESOLVED,A+B+ADJUDICATOR,b2e06d492dceca8b867aac1fe20a93724668dd623d6f3a714882afac32b4c59e
3536954612ba0575a57a,SRC384,2,PAIR_65CD4EA5CF4D3AD3836B612E,CONTEXT_CONFLICT,88,100,source_section|metric_name|definition_keys|method,MERGE,"source_section: pages 2-4 print no section heading (only the running header 'INVESTMENTS COMMITTEE -n- I1 / May 13, 2025' and the figure captions), so blank is right there; page 1 prints EXECUTIVE SUMMARY. Confirmed on the page images. Backfill 2026-09-01: the 1 Year column sits left of the rule under the Annualized Returns banner on every figure, so the page states no method for it and it cites no banner; lane A's reading stands. Backfill 2026-09-01: qualifier columns filled from the lanes' agreed reading.",RESOLVED,A+B+ADJUDICATOR,b2e06d492dceca8b867aac1fe20a93724668dd623d6f3a714882afac32b4c59e
1048d586a414e7823a4b,SRC384,2,PAIR_70AFC6CA1BAB0664C7AF1112,CONTEXT_CONFLICT,89,101,source_section|metric_name|definition_keys,MERGE,"source_section: pages 2-4 print no section heading (only the running header 'INVESTMENTS COMMITTEE -n- I1 / May 13, 2025' and the figure captions), so blank is right there; page 1 prints EXECUTIVE SUMMARY. Confirmed on the page images. Backfill 2026-09-01: the lanes agree on the reading and differ on the key name or on which lane backed a scope; the citation follows the accepted note rows' keys, the narrative net readings lane B backed stand, and the scope lane A backed with the printed phrase stands.",RESOLVED,A+B+ADJUDICATOR,b2e06d492dceca8b867aac1fe20a93724668dd623d6f3a714882afac32b4c59e
7e35268043fa0b76b1ee,SRC384,2,PAIR_5DA56CB1802B7E2CE525307C,CONTEXT_CONFLICT,90,102,source_section|metric_name|definition_keys,MERGE,"source_section: pages 2-4 print no section heading (only the running header 'INVESTMENTS COMMITTEE -n- I1 / May 13, 2025' and the figure captions), so blank is right there; page 1 prints EXECUTIVE SUMMARY. Confirmed on the page images. Backfill 2026-09-01: the lanes agree on the reading and differ on the key name or on which lane backed a scope; the citation follows the accepted note rows' keys, the narrative net readings lane B backed stand, and the scope lane A backed with the printed phrase stands.",RESOLVED,A+B+ADJUDICATOR,b2e06d492dceca8b867aac1fe20a93724668dd623d6f3a714882afac32b4c59e
bc2a95998e8b7d241008,SRC384,2,PAIR_4F70F39B07749356523E46AE,CONTEXT_CONFLICT,91,103,source_section|metric_name|definition_keys,MERGE,"source_section: pages 2-4 print no section heading (only the running header 'INVESTMENTS COMMITTEE -n- I1 / May 13, 2025' and the figure captions), so blank is right there; page 1 prints EXECUTIVE SUMMARY. Confirmed on the page images. Backfill 2026-09-01: the lanes agree on the reading and differ on the key name or on which lane backed a scope; the citation follows the accepted note rows' keys, the narrative net readings lane B backed stand, and the scope lane A backed with the printed phrase stands.",RESOLVED,A+B+ADJUDICATOR,b2e06d492dceca8b867aac1fe20a93724668dd623d6f3a714882afac32b4c59e
b2a99c5997f38ce5a7cb,SRC384,2,PAIR_6C3CCA88E37038B3C1B540E4,CONTEXT_CONFLICT,92,104,source_section|metric_name|definition_keys,MERGE,"source_section: pages 2-4 print no section heading (only the running header 'INVESTMENTS COMMITTEE -n- I1 / May 13, 2025' and the figure captions), so blank is right there; page 1 prints EXECUTIVE SUMMARY. Confirmed on the page images. Backfill 2026-09-01: the lanes agree on the reading and differ on the key name or on which lane backed a scope; the citation follows the accepted note rows' keys, the narrative net readings lane B backed stand, and the scope lane A backed with the printed phrase stands.",RESOLVED,A+B+ADJUDICATOR,b2e06d492dceca8b867aac1fe20a93724668dd623d6f3a714882afac32b4c59e
f316375df15ec3ce5821,SRC384,2,PAIR_CFC5000FB149FF9DA236F31B,CONTEXT_CONFLICT,93,105,source_section|metric_name|definition_keys,MERGE,"source_section: pages 2-4 print no section heading (only the running header 'INVESTMENTS COMMITTEE -n- I1 / May 13, 2025' and the figure captions), so blank is right there; page 1 prints EXECUTIVE SUMMARY. Confirmed on the page images. Backfill 2026-09-01: the lanes agree on the reading and differ on the key name or on which lane backed a scope; the citation follows the accepted note rows' keys, the narrative net readings lane B backed stand, and the scope lane A backed with the printed phrase stands.",RESOLVED,A+B+ADJUDICATOR,b2e06d492dceca8b867aac1fe20a93724668dd623d6f3a714882afac32b4c59e
33c61b48d3ac640d656c,SRC384,2,PAIR_9EB3976C1A2CADA3BA5E7F39,CONTEXT_CONFLICT,94,106,source_section|metric_name|definition_keys,MERGE,"source_section: pages 2-4 print no section heading (only the running header 'INVESTMENTS COMMITTEE -n- I1 / May 13, 2025' and the figure captions), so blank is right there; page 1 prints EXECUTIVE SUMMARY. Confirmed on the page images. Backfill 2026-09-01: the lanes agree on the reading and differ on the key name or on which lane backed a scope; the citation follows the accepted note rows' keys, the narrative net readings lane B backed stand, and the scope lane A backed with the printed phrase stands.",RESOLVED,A+B+ADJUDICATOR,b2e06d492dceca8b867aac1fe20a93724668dd623d6f3a714882afac32b4c59e
e2b7b8e8ee5b1359549b,SRC384,2,PAIR_8BD2CFEF1E791C178D23EFD6,CONTEXT_CONFLICT,95,107,source_section|metric_name|definition_keys,MERGE,"source_section: pages 2-4 print no section heading (only the running header 'INVESTMENTS COMMITTEE -n- I1 / May 13, 2025' and the figure captions), so blank is right there; page 1 prints EXECUTIVE SUMMARY. Confirmed on the page images. Backfill 2026-09-01: the lanes agree on the reading and differ on the key name or on which lane backed a scope; the citation follows the accepted note rows' keys, the narrative net readings lane B backed stand, and the scope lane A backed with the printed phrase stands.",RESOLVED,A+B+ADJUDICATOR,b2e06d492dceca8b867aac1fe20a93724668dd623d6f3a714882afac32b4c59e
ad3f19c2dac7178d4b26,SRC384,2,PAIR_B62883D4F374F5A54B005039,CONTEXT_CONFLICT,96,108,source_section|metric_name,MERGE,"source_section: pages 2-4 print no section heading (only the running header 'INVESTMENTS COMMITTEE -n- I1 / May 13, 2025' and the figure captions), so blank is right there; page 1 prints EXECUTIVE SUMMARY. Confirmed on the page images. Backfill 2026-09-01: qualifier columns filled from the lanes' agreed reading.",RESOLVED,A+B+ADJUDICATOR,b2e06d492dceca8b867aac1fe20a93724668dd623d6f3a714882afac32b4c59e
4fa4ce6853ee01741130,SRC384,2,PAIR_AC8C83655D765AC944D8928A,CONTEXT_CONFLICT,97,109,source_section|metric_name|definition_keys|method,MERGE,"source_section: pages 2-4 print no section heading (only the running header 'INVESTMENTS COMMITTEE -n- I1 / May 13, 2025' and the figure captions), so blank is right there; page 1 prints EXECUTIVE SUMMARY. Confirmed on the page images. Backfill 2026-09-01: the 1 Year column sits left of the rule under the Annualized Returns banner on every figure, so the page states no method for it and it cites no banner; lane A's reading stands. Backfill 2026-09-01: qualifier columns filled from the lanes' agreed reading.",RESOLVED,A+B+ADJUDICATOR,b2e06d492dceca8b867aac1fe20a93724668dd623d6f3a714882afac32b4c59e
ba2bf22115ca1cf5c3f8,SRC384,2,PAIR_026294F9C84E79E944AB3600,CONTEXT_CONFLICT,98,110,source_section|metric_name|definition_keys,MERGE,"source_section: pages 2-4 print no section heading (only the running header 'INVESTMENTS COMMITTEE -n- I1 / May 13, 2025' and the figure captions), so blank is right there; page 1 prints EXECUTIVE SUMMARY. Confirmed on the page images. Backfill 2026-09-01: the lanes agree on the reading and differ on the key name or on which lane backed a scope; the citation follows the accepted note rows' keys, the narrative net readings lane B backed stand, and the scope lane A backed with the printed phrase stands.",RESOLVED,A+B+ADJUDICATOR,b2e06d492dceca8b867aac1fe20a93724668dd623d6f3a714882afac32b4c59e
4d727149b88fd5d1afbf,SRC384,2,PAIR_8B740C558D5D46173022D3AA,CONTEXT_CONFLICT,99,111,source_section|metric_name|definition_keys,MERGE,"source_section: pages 2-4 print no section heading (only the running header 'INVESTMENTS COMMITTEE -n- I1 / May 13, 2025' and the figure captions), so blank is right there; page 1 prints EXECUTIVE SUMMARY. Confirmed on the page images. Backfill 2026-09-01: the lanes agree on the reading and differ on the key name or on which lane backed a scope; the citation follows the accepted note rows' keys, the narrative net readings lane B backed stand, and the scope lane A backed with the printed phrase stands.",RESOLVED,A+B+ADJUDICATOR,b2e06d492dceca8b867aac1fe20a93724668dd623d6f3a714882afac32b4c59e
df67f94f05943c77803b,SRC384,2,PAIR_591CACF1C0AF85157989C3D6,CONTEXT_CONFLICT,100,112,source_section|metric_name|definition_keys,MERGE,"source_section: pages 2-4 print no section heading (only the running header 'INVESTMENTS COMMITTEE -n- I1 / May 13, 2025' and the figure captions), so blank is right there; page 1 prints EXECUTIVE SUMMARY. Confirmed on the page images. Backfill 2026-09-01: the lanes agree on the reading and differ on the key name or on which lane backed a scope; the citation follows the accepted note rows' keys, the narrative net readings lane B backed stand, and the scope lane A backed with the printed phrase stands.",RESOLVED,A+B+ADJUDICATOR,b2e06d492dceca8b867aac1fe20a93724668dd623d6f3a714882afac32b4c59e
edff180fa9b4cd1fe3d2,SRC384,2,PAIR_29567DCA6E34DAA15A7B0220,CONTEXT_CONFLICT,101,113,source_section|metric_name|definition_keys,MERGE,"source_section: pages 2-4 print no section heading (only the running header 'INVESTMENTS COMMITTEE -n- I1 / May 13, 2025' and the figure captions), so blank is right there; page 1 prints EXECUTIVE SUMMARY. Confirmed on the page images. Backfill 2026-09-01: the lanes agree on the reading and differ on the key name or on which lane backed a scope; the citation follows the accepted note rows' keys, the narrative net readings lane B backed stand, and the scope lane A backed with the printed phrase stands.",RESOLVED,A+B+ADJUDICATOR,b2e06d492dceca8b867aac1fe20a93724668dd623d6f3a714882afac32b4c59e
9733d9afc7a3c63c8225,SRC384,2,PAIR_98BC02C026304642A4D7AB5E,CONTEXT_CONFLICT,102,114,source_section|metric_name,MERGE,"source_section: pages 2-4 print no section heading (only the running header 'INVESTMENTS COMMITTEE -n- I1 / May 13, 2025' and the figure captions), so blank is right there; page 1 prints EXECUTIVE SUMMARY. Confirmed on the page images. Backfill 2026-09-01: qualifier columns filled from the lanes' agreed reading.",RESOLVED,A+B+ADJUDICATOR,b2e06d492dceca8b867aac1fe20a93724668dd623d6f3a714882afac32b4c59e
fb0effd0d42e7bbc44bc,SRC384,2,PAIR_F3CBD73175EC88F311AF9A00,CLASSIFICATION_CONFLICT,103,115,source_section|metric_category|basis_raw|value_scope,MERGE,"source_section: pages 2-4 print no section heading (only the running header 'INVESTMENTS COMMITTEE -n- I1 / May 13, 2025' and the figure captions), so blank is right there; page 1 prints EXECUTIVE SUMMARY. Confirmed on the page images. Backfill 2026-09-01: the lanes agree on the reading and differ on the key name or on which lane backed a scope; the citation follows the accepted note rows' keys, the narrative net readings lane B backed stand, and the scope lane A backed with the printed phrase stands.; Source review: p2: Figure 1. General Endowment Pool as of March 31, 2025; Market Value in Millions ($) (The source states Market Value as the measurement basis; the entity or table heading remains in source context.)",RESOLVED,A+B+ADJUDICATOR,b2e06d492dceca8b867aac1fe20a93724668dd623d6f3a714882afac32b4c59e
8f9a11254853e106de73,SRC384,2,PAIR_7FDF2EC1E85EE66D71B48505,CONTEXT_CONFLICT,104,116,source_section|metric_name|definition_keys|method,MERGE,"source_section: pages 2-4 print no section heading (only the running header 'INVESTMENTS COMMITTEE -n- I1 / May 13, 2025' and the figure captions), so blank is right there; page 1 prints EXECUTIVE SUMMARY. Confirmed on the page images. Backfill 2026-09-01: the 1 Year column sits left of the rule under the Annualized Returns banner on every figure, so the page states no method for it and it cites no banner; lane A's reading stands. Backfill 2026-09-01: qualifier columns filled from the lanes' agreed reading.",RESOLVED,A+B+ADJUDICATOR,b2e06d492dceca8b867aac1fe20a93724668dd623d6f3a714882afac32b4c59e
b70e589af6669c1a19e8,SRC384,2,PAIR_2A212DACE41D3208CC32F5F9,CONTEXT_CONFLICT,105,117,source_section|metric_name|definition_keys,MERGE,"source_section: pages 2-4 print no section heading (only the running header 'INVESTMENTS COMMITTEE -n- I1 / May 13, 2025' and the figure captions), so blank is right there; page 1 prints EXECUTIVE SUMMARY. Confirmed on the page images. Backfill 2026-09-01: the lanes agree on the reading and differ on the key name or on which lane backed a scope; the citation follows the accepted note rows' keys, the narrative net readings lane B backed stand, and the scope lane A backed with the printed phrase stands.",RESOLVED,A+B+ADJUDICATOR,b2e06d492dceca8b867aac1fe20a93724668dd623d6f3a714882afac32b4c59e
4307a486fa5cfe39f754,SRC384,2,PAIR_F912633A629A8F7C26E16DFE,CONTEXT_CONFLICT,106,118,source_section|metric_name|definition_keys,MERGE,"source_section: pages 2-4 print no section heading (only the running header 'INVESTMENTS COMMITTEE -n- I1 / May 13, 2025' and the figure captions), so blank is right there; page 1 prints EXECUTIVE SUMMARY. Confirmed on the page images. Backfill 2026-09-01: the lanes agree on the reading and differ on the key name or on which lane backed a scope; the citation follows the accepted note rows' keys, the narrative net readings lane B backed stand, and the scope lane A backed with the printed phrase stands.",RESOLVED,A+B+ADJUDICATOR,b2e06d492dceca8b867aac1fe20a93724668dd623d6f3a714882afac32b4c59e
d15a7a7c96aaa9dd8810,SRC384,2,PAIR_A00D1605E3DFCB5EB99D88DF,CONTEXT_CONFLICT,107,119,source_section|metric_name|definition_keys,MERGE,"source_section: pages 2-4 print no section heading (only the running header 'INVESTMENTS COMMITTEE -n- I1 / May 13, 2025' and the figure captions), so blank is right there; page 1 prints EXECUTIVE SUMMARY. Confirmed on the page images. Backfill 2026-09-01: the lanes agree on the reading and differ on the key name or on which lane backed a scope; the citation follows the accepted note rows' keys, the narrative net readings lane B backed stand, and the scope lane A backed with the printed phrase stands.",RESOLVED,A+B+ADJUDICATOR,b2e06d492dceca8b867aac1fe20a93724668dd623d6f3a714882afac32b4c59e
12382826cf48a75085b0,SRC384,2,PAIR_8D59DB9DEBD19201B80BD343,CONTEXT_CONFLICT,108,120,source_section|metric_name|definition_keys,MERGE,"source_section: pages 2-4 print no section heading (only the running header 'INVESTMENTS COMMITTEE -n- I1 / May 13, 2025' and the figure captions), so blank is right there; page 1 prints EXECUTIVE SUMMARY. Confirmed on the page images. Backfill 2026-09-01: the lanes agree on the reading and differ on the key name or on which lane backed a scope; the citation follows the accepted note rows' keys, the narrative net readings lane B backed stand, and the scope lane A backed with the printed phrase stands.",RESOLVED,A+B+ADJUDICATOR,b2e06d492dceca8b867aac1fe20a93724668dd623d6f3a714882afac32b4c59e
2aa00d8d68083b3fbf1e,SRC384,2,PAIR_5BC4C9CF6F8CCF96C0C0FD05,CONTEXT_CONFLICT,109,121,source_section|metric_name|definition_keys,MERGE,"source_section: pages 2-4 print no section heading (only the running header 'INVESTMENTS COMMITTEE -n- I1 / May 13, 2025' and the figure captions), so blank is right there; page 1 prints EXECUTIVE SUMMARY. Confirmed on the page images. Backfill 2026-09-01: the lanes agree on the reading and differ on the key name or on which lane backed a scope; the citation follows the accepted note rows' keys, the narrative net readings lane B backed stand, and the scope lane A backed with the printed phrase stands.",RESOLVED,A+B+ADJUDICATOR,b2e06d492dceca8b867aac1fe20a93724668dd623d6f3a714882afac32b4c59e
5dbfdfe0cb39078f36a0,SRC384,2,PAIR_D23927DE9F57526E93DECB7A,CONTEXT_CONFLICT,110,122,source_section|metric_name,MERGE,"source_section: pages 2-4 print no section heading (only the running header 'INVESTMENTS COMMITTEE -n- I1 / May 13, 2025' and the figure captions), so blank is right there; page 1 prints EXECUTIVE SUMMARY. Confirmed on the page images. Backfill 2026-09-01: qualifier columns filled from the lanes' agreed reading.",RESOLVED,A+B+ADJUDICATOR,b2e06d492dceca8b867aac1fe20a93724668dd623d6f3a714882afac32b4c59e
93251fa964828fc2fbc5,SRC384,2,PAIR_AC8AA22915B0C24C1CDCDD99,CLASSIFICATION_CONFLICT,111,123,source_section|metric_category|basis_raw|value_scope,MERGE,"source_section: pages 2-4 print no section heading (only the running header 'INVESTMENTS COMMITTEE -n- I1 / May 13, 2025' and the figure captions), so blank is right there; page 1 prints EXECUTIVE SUMMARY. Confirmed on the page images. Backfill 2026-09-01: the lanes agree on the reading and differ on the key name or on which lane backed a scope; the citation follows the accepted note rows' keys, the narrative net readings lane B backed stand, and the scope lane A backed with the printed phrase stands.; Source review: p2: Figure 1. General Endowment Pool as of March 31, 2025; Market Value in Millions ($) (The source states Market Value as the measurement basis; the entity or table heading remains in source context.)",RESOLVED,A+B+ADJUDICATOR,b2e06d492dceca8b867aac1fe20a93724668dd623d6f3a714882afac32b4c59e
660712baa40c2aa5c022,SRC384,2,PAIR_2F41588BDDB7458386C297F2,CONTEXT_CONFLICT,112,124,source_section|metric_name|definition_keys|method,MERGE,"source_section: pages 2-4 print no section heading (only the running header 'INVESTMENTS COMMITTEE -n- I1 / May 13, 2025' and the figure captions), so blank is right there; page 1 prints EXECUTIVE SUMMARY. Confirmed on the page images. Backfill 2026-09-01: the 1 Year column sits left of the rule under the Annualized Returns banner on every figure, so the page states no method for it and it cites no banner; lane A's reading stands. Backfill 2026-09-01: qualifier columns filled from the lanes' agreed reading.",RESOLVED,A+B+ADJUDICATOR,b2e06d492dceca8b867aac1fe20a93724668dd623d6f3a714882afac32b4c59e
667d95b60b22f9f2314f,SRC384,2,PAIR_112F5E9A8F2750D3696D0363,CONTEXT_CONFLICT,113,125,source_section|metric_name|definition_keys,MERGE,"source_section: pages 2-4 print no section heading (only the running header 'INVESTMENTS COMMITTEE -n- I1 / May 13, 2025' and the figure captions), so blank is right there; page 1 prints EXECUTIVE SUMMARY. Confirmed on the page images. Backfill 2026-09-01: the lanes agree on the reading and differ on the key name or on which lane backed a scope; the citation follows the accepted note rows' keys, the narrative net readings lane B backed stand, and the scope lane A backed with the printed phrase stands.",RESOLVED,A+B+ADJUDICATOR,b2e06d492dceca8b867aac1fe20a93724668dd623d6f3a714882afac32b4c59e
8986299bebcde717c4f2,SRC384,2,PAIR_1A58AE35C51AA151DCD39E3A,CONTEXT_CONFLICT,114,126,source_section|metric_name|definition_keys,MERGE,"source_section: pages 2-4 print no section heading (only the running header 'INVESTMENTS COMMITTEE -n- I1 / May 13, 2025' and the figure captions), so blank is right there; page 1 prints EXECUTIVE SUMMARY. Confirmed on the page images. Backfill 2026-09-01: the lanes agree on the reading and differ on the key name or on which lane backed a scope; the citation follows the accepted note rows' keys, the narrative net readings lane B backed stand, and the scope lane A backed with the printed phrase stands.",RESOLVED,A+B+ADJUDICATOR,b2e06d492dceca8b867aac1fe20a93724668dd623d6f3a714882afac32b4c59e
a10b8d0584c22a9007b8,SRC384,2,PAIR_9F43AD47A90AFBC82AEED9F7,CONTEXT_CONFLICT,115,127,source_section|metric_name|definition_keys,MERGE,"source_section: pages 2-4 print no section heading (only the running header 'INVESTMENTS COMMITTEE -n- I1 / May 13, 2025' and the figure captions), so blank is right there; page 1 prints EXECUTIVE SUMMARY. Confirmed on the page images. Backfill 2026-09-01: the lanes agree on the reading and differ on the key name or on which lane backed a scope; the citation follows the accepted note rows' keys, the narrative net readings lane B backed stand, and the scope lane A backed with the printed phrase stands.",RESOLVED,A+B+ADJUDICATOR,b2e06d492dceca8b867aac1fe20a93724668dd623d6f3a714882afac32b4c59e
4f0cd84ee4300e155368,SRC384,2,PAIR_933455EEA073AE459FD05EDE,CONTEXT_CONFLICT,116,128,source_section|metric_name|definition_keys,MERGE,"source_section: pages 2-4 print no section heading (only the running header 'INVESTMENTS COMMITTEE -n- I1 / May 13, 2025' and the figure captions), so blank is right there; page 1 prints EXECUTIVE SUMMARY. Confirmed on the page images. Backfill 2026-09-01: the lanes agree on the reading and differ on the key name or on which lane backed a scope; the citation follows the accepted note rows' keys, the narrative net readings lane B backed stand, and the scope lane A backed with the printed phrase stands.",RESOLVED,A+B+ADJUDICATOR,b2e06d492dceca8b867aac1fe20a93724668dd623d6f3a714882afac32b4c59e
232b83fa3d1251da7d02,SRC384,2,PAIR_D59399496E22427623B98071,CONTEXT_CONFLICT,117,129,source_section|metric_name|definition_keys,MERGE,"source_section: pages 2-4 print no section heading (only the running header 'INVESTMENTS COMMITTEE -n- I1 / May 13, 2025' and the figure captions), so blank is right there; page 1 prints EXECUTIVE SUMMARY. Confirmed on the page images. Backfill 2026-09-01: the lanes agree on the reading and differ on the key name or on which lane backed a scope; the citation follows the accepted note rows' keys, the narrative net readings lane B backed stand, and the scope lane A backed with the printed phrase stands.",RESOLVED,A+B+ADJUDICATOR,b2e06d492dceca8b867aac1fe20a93724668dd623d6f3a714882afac32b4c59e
8bd84fc7d0798a7ebdc7,SRC384,2,PAIR_9660C0EA3312DC4D8C752D41,CONTEXT_CONFLICT,118,130,source_section|metric_name,MERGE,"source_section: pages 2-4 print no section heading (only the running header 'INVESTMENTS COMMITTEE -n- I1 / May 13, 2025' and the figure captions), so blank is right there; page 1 prints EXECUTIVE SUMMARY. Confirmed on the page images. Backfill 2026-09-01: qualifier columns filled from the lanes' agreed reading.",RESOLVED,A+B+ADJUDICATOR,b2e06d492dceca8b867aac1fe20a93724668dd623d6f3a714882afac32b4c59e
b31df7d7a3407ad19cfb,SRC384,2,PAIR_870A5F44DBEF0D1910FA2609,CONTEXT_CONFLICT,119,131,source_section|metric_name|definition_keys|method,MERGE,"source_section: pages 2-4 print no section heading (only the running header 'INVESTMENTS COMMITTEE -n- I1 / May 13, 2025' and the figure captions), so blank is right there; page 1 prints EXECUTIVE SUMMARY. Confirmed on the page images. Backfill 2026-09-01: the 1 Year column sits left of the rule under the Annualized Returns banner on every figure, so the page states no method for it and it cites no banner; lane A's reading stands. Backfill 2026-09-01: qualifier columns filled from the lanes' agreed reading.",RESOLVED,A+B+ADJUDICATOR,b2e06d492dceca8b867aac1fe20a93724668dd623d6f3a714882afac32b4c59e
49a0414bbc968f52ff5e,SRC384,2,PAIR_34C15A2715B0843303E46256,CONTEXT_CONFLICT,120,132,source_section|metric_name|definition_keys,MERGE,"source_section: pages 2-4 print no section heading (only the running header 'INVESTMENTS COMMITTEE -n- I1 / May 13, 2025' and the figure captions), so blank is right there; page 1 prints EXECUTIVE SUMMARY. Confirmed on the page images. Backfill 2026-09-01: the lanes agree on the reading and differ on the key name or on which lane backed a scope; the citation follows the accepted note rows' keys, the narrative net readings lane B backed stand, and the scope lane A backed with the printed phrase stands.",RESOLVED,A+B+ADJUDICATOR,b2e06d492dceca8b867aac1fe20a93724668dd623d6f3a714882afac32b4c59e
37fb6b209746989bad28,SRC384,2,PAIR_464C17EC47E45015657E1DAE,CONTEXT_CONFLICT,121,133,source_section|metric_name|definition_keys,MERGE,"source_section: pages 2-4 print no section heading (only the running header 'INVESTMENTS COMMITTEE -n- I1 / May 13, 2025' and the figure captions), so blank is right there; page 1 prints EXECUTIVE SUMMARY. Confirmed on the page images. Backfill 2026-09-01: the lanes agree on the reading and differ on the key name or on which lane backed a scope; the citation follows the accepted note rows' keys, the narrative net readings lane B backed stand, and the scope lane A backed with the printed phrase stands.",RESOLVED,A+B+ADJUDICATOR,b2e06d492dceca8b867aac1fe20a93724668dd623d6f3a714882afac32b4c59e
16fcd96bac3b002b190d,SRC384,2,PAIR_FFCB36A18D7E945AE736114C,CONTEXT_CONFLICT,122,134,source_section|metric_name|definition_keys,MERGE,"source_section: pages 2-4 print no section heading (only the running header 'INVESTMENTS COMMITTEE -n- I1 / May 13, 2025' and the figure captions), so blank is right there; page 1 prints EXECUTIVE SUMMARY. Confirmed on the page images. Backfill 2026-09-01: the lanes agree on the reading and differ on the key name or on which lane backed a scope; the citation follows the accepted note rows' keys, the narrative net readings lane B backed stand, and the scope lane A backed with the printed phrase stands.",RESOLVED,A+B+ADJUDICATOR,b2e06d492dceca8b867aac1fe20a93724668dd623d6f3a714882afac32b4c59e
c271fd4f103b04895470,SRC384,2,PAIR_7A624F2A42A03A82209BCCC9,CONTEXT_CONFLICT,123,135,source_section|metric_name|definition_keys,MERGE,"source_section: pages 2-4 print no section heading (only the running header 'INVESTMENTS COMMITTEE -n- I1 / May 13, 2025' and the figure captions), so blank is right there; page 1 prints EXECUTIVE SUMMARY. Confirmed on the page images. Backfill 2026-09-01: the lanes agree on the reading and differ on the key name or on which lane backed a scope; the citation follows the accepted note rows' keys, the narrative net readings lane B backed stand, and the scope lane A backed with the printed phrase stands.",RESOLVED,A+B+ADJUDICATOR,b2e06d492dceca8b867aac1fe20a93724668dd623d6f3a714882afac32b4c59e
78d7f1832cd3559a357a,SRC384,2,PAIR_0BF00C47DD49CE733A152906,CONTEXT_CONFLICT,124,136,source_section|metric_name|definition_keys,MERGE,"source_section: pages 2-4 print no section heading (only the running header 'INVESTMENTS COMMITTEE -n- I1 / May 13, 2025' and the figure captions), so blank is right there; page 1 prints EXECUTIVE SUMMARY. Confirmed on the page images. Backfill 2026-09-01: the lanes agree on the reading and differ on the key name or on which lane backed a scope; the citation follows the accepted note rows' keys, the narrative net readings lane B backed stand, and the scope lane A backed with the printed phrase stands.",RESOLVED,A+B+ADJUDICATOR,b2e06d492dceca8b867aac1fe20a93724668dd623d6f3a714882afac32b4c59e
269805f498e75a4cfe06,SRC384,2,PAIR_09BDBD44DD1B9BAFB88F9476,CONTEXT_CONFLICT,125,137,source_section|metric_name|definition_keys,MERGE,"source_section: pages 2-4 print no section heading (only the running header 'INVESTMENTS COMMITTEE -n- I1 / May 13, 2025' and the figure captions), so blank is right there; page 1 prints EXECUTIVE SUMMARY. Confirmed on the page images. Backfill 2026-09-01: the lanes agree on the reading and differ on the key name or on which lane backed a scope; the citation follows the accepted note rows' keys, the narrative net readings lane B backed stand, and the scope lane A backed with the printed phrase stands.",RESOLVED,A+B+ADJUDICATOR,b2e06d492dceca8b867aac1fe20a93724668dd623d6f3a714882afac32b4c59e
0df6cd8475f1371c1097,SRC384,2,PAIR_CD0B0574CD03838EB309F6DC,CONTEXT_CONFLICT,126,138,source_section|metric_name|definition_keys,MERGE,"source_section: pages 2-4 print no section heading (only the running header 'INVESTMENTS COMMITTEE -n- I1 / May 13, 2025' and the figure captions), so blank is right there; page 1 prints EXECUTIVE SUMMARY. Confirmed on the page images. Backfill 2026-09-01: the lanes agree on the reading and differ on the key name or on which lane backed a scope; the citation follows the accepted note rows' keys, the narrative net readings lane B backed stand, and the scope lane A backed with the printed phrase stands.",RESOLVED,A+B+ADJUDICATOR,b2e06d492dceca8b867aac1fe20a93724668dd623d6f3a714882afac32b4c59e
96086ba1025d650cd389,SRC384,2,PAIR_A43D131A93D6C2B510F7DCB3,CONTEXT_CONFLICT,127,139,source_section|metric_name,MERGE,"source_section: pages 2-4 print no section heading (only the running header 'INVESTMENTS COMMITTEE -n- I1 / May 13, 2025' and the figure captions), so blank is right there; page 1 prints EXECUTIVE SUMMARY. Confirmed on the page images. Backfill 2026-09-01: qualifier columns filled from the lanes' agreed reading.",RESOLVED,A+B+ADJUDICATOR,b2e06d492dceca8b867aac1fe20a93724668dd623d6f3a714882afac32b4c59e
b5acd10e2dbf6eb4c3d9,SRC384,2,PAIR_0BFF255017AC92F849C923E8,CLASSIFICATION_CONFLICT,128,140,source_section|metric_category|basis_raw|value_scope,MERGE,"source_section: pages 2-4 print no section heading (only the running header 'INVESTMENTS COMMITTEE -n- I1 / May 13, 2025' and the figure captions), so blank is right there; page 1 prints EXECUTIVE SUMMARY. Confirmed on the page images. Backfill 2026-09-01: the lanes agree on the reading and differ on the key name or on which lane backed a scope; the citation follows the accepted note rows' keys, the narrative net readings lane B backed stand, and the scope lane A backed with the printed phrase stands.; Source review: p2: Figure 1. General Endowment Pool as of March 31, 2025; Market Value in Millions ($) (The source states Market Value as the measurement basis; the entity or table heading remains in source context.)",RESOLVED,A+B+ADJUDICATOR,b2e06d492dceca8b867aac1fe20a93724668dd623d6f3a714882afac32b4c59e
5b8fb9e0096b4054f594,SRC384,2,PAIR_92B58058E854383EDC4E2EB3,CONTEXT_CONFLICT,129,141,source_section|metric_name|definition_keys|method,MERGE,"source_section: pages 2-4 print no section heading (only the running header 'INVESTMENTS COMMITTEE -n- I1 / May 13, 2025' and the figure captions), so blank is right there; page 1 prints EXECUTIVE SUMMARY. Confirmed on the page images. Backfill 2026-09-01: the 1 Year column sits left of the rule under the Annualized Returns banner on every figure, so the page states no method for it and it cites no banner; lane A's reading stands. Backfill 2026-09-01: qualifier columns filled from the lanes' agreed reading.",RESOLVED,A+B+ADJUDICATOR,b2e06d492dceca8b867aac1fe20a93724668dd623d6f3a714882afac32b4c59e
298e37261feb10ea6987,SRC384,2,PAIR_CB1E2A0AC8F3896D3604CC99,CONTEXT_CONFLICT,130,142,source_section|metric_name|definition_keys,MERGE,"source_section: pages 2-4 print no section heading (only the running header 'INVESTMENTS COMMITTEE -n- I1 / May 13, 2025' and the figure captions), so blank is right there; page 1 prints EXECUTIVE SUMMARY. Confirmed on the page images. Backfill 2026-09-01: the lanes agree on the reading and differ on the key name or on which lane backed a scope; the citation follows the accepted note rows' keys, the narrative net readings lane B backed stand, and the scope lane A backed with the printed phrase stands.",RESOLVED,A+B+ADJUDICATOR,b2e06d492dceca8b867aac1fe20a93724668dd623d6f3a714882afac32b4c59e
3ca96f1a650ac0a28402,SRC384,2,PAIR_3DD8859B1D5C7A047E9FDC19,CONTEXT_CONFLICT,131,143,source_section|metric_name|definition_keys,MERGE,"source_section: pages 2-4 print no section heading (only the running header 'INVESTMENTS COMMITTEE -n- I1 / May 13, 2025' and the figure captions), so blank is right there; page 1 prints EXECUTIVE SUMMARY. Confirmed on the page images. Backfill 2026-09-01: the lanes agree on the reading and differ on the key name or on which lane backed a scope; the citation follows the accepted note rows' keys, the narrative net readings lane B backed stand, and the scope lane A backed with the printed phrase stands.",RESOLVED,A+B+ADJUDICATOR,b2e06d492dceca8b867aac1fe20a93724668dd623d6f3a714882afac32b4c59e
fc8213e87072b79cbf06,SRC384,2,PAIR_2F61BDF7C3A7B2A662362B48,CONTEXT_CONFLICT,132,144,source_section|metric_name|definition_keys,MERGE,"source_section: pages 2-4 print no section heading (only the running header 'INVESTMENTS COMMITTEE -n- I1 / May 13, 2025' and the figure captions), so blank is right there; page 1 prints EXECUTIVE SUMMARY. Confirmed on the page images. Backfill 2026-09-01: the lanes agree on the reading and differ on the key name or on which lane backed a scope; the citation follows the accepted note rows' keys, the narrative net readings lane B backed stand, and the scope lane A backed with the printed phrase stands.",RESOLVED,A+B+ADJUDICATOR,b2e06d492dceca8b867aac1fe20a93724668dd623d6f3a714882afac32b4c59e
2775b705f7b17904bd0b,SRC384,2,PAIR_615421E386FD3056F7670B30,CONTEXT_CONFLICT,133,145,source_section|metric_name|definition_keys,MERGE,"source_section: pages 2-4 print no section heading (only the running header 'INVESTMENTS COMMITTEE -n- I1 / May 13, 2025' and the figure captions), so blank is right there; page 1 prints EXECUTIVE SUMMARY. Confirmed on the page images. Backfill 2026-09-01: the lanes agree on the reading and differ on the key name or on which lane backed a scope; the citation follows the accepted note rows' keys, the narrative net readings lane B backed stand, and the scope lane A backed with the printed phrase stands.",RESOLVED,A+B+ADJUDICATOR,b2e06d492dceca8b867aac1fe20a93724668dd623d6f3a714882afac32b4c59e
45744bdf320e8173ce95,SRC384,2,PAIR_94D506052A795908E78A52B0,CONTEXT_CONFLICT,134,146,source_section|metric_name|definition_keys,MERGE,"source_section: pages 2-4 print no section heading (only the running header 'INVESTMENTS COMMITTEE -n- I1 / May 13, 2025' and the figure captions), so blank is right there; page 1 prints EXECUTIVE SUMMARY. Confirmed on the page images. Backfill 2026-09-01: the lanes agree on the reading and differ on the key name or on which lane backed a scope; the citation follows the accepted note rows' keys, the narrative net readings lane B backed stand, and the scope lane A backed with the printed phrase stands.",RESOLVED,A+B+ADJUDICATOR,b2e06d492dceca8b867aac1fe20a93724668dd623d6f3a714882afac32b4c59e
f10b15031cd5edcdedbb,SRC384,2,PAIR_E53720CCFB706A16F02A015F,CONTEXT_CONFLICT,135,147,source_section|metric_name|definition_keys,MERGE,"source_section: pages 2-4 print no section heading (only the running header 'INVESTMENTS COMMITTEE -n- I1 / May 13, 2025' and the figure captions), so blank is right there; page 1 prints EXECUTIVE SUMMARY. Confirmed on the page images. Backfill 2026-09-01: the lanes agree on the reading and differ on the key name or on which lane backed a scope; the citation follows the accepted note rows' keys, the narrative net readings lane B backed stand, and the scope lane A backed with the printed phrase stands.",RESOLVED,A+B+ADJUDICATOR,b2e06d492dceca8b867aac1fe20a93724668dd623d6f3a714882afac32b4c59e
f57c2855907b7e263837,SRC384,2,PAIR_B2AF8C8EEA1091286F62C4B9,CONTEXT_CONFLICT,136,148,source_section|metric_name|definition_keys,MERGE,"source_section: pages 2-4 print no section heading (only the running header 'INVESTMENTS COMMITTEE -n- I1 / May 13, 2025' and the figure captions), so blank is right there; page 1 prints EXECUTIVE SUMMARY. Confirmed on the page images. Backfill 2026-09-01: the lanes agree on the reading and differ on the key name or on which lane backed a scope; the citation follows the accepted note rows' keys, the narrative net readings lane B backed stand, and the scope lane A backed with the printed phrase stands.",RESOLVED,A+B+ADJUDICATOR,b2e06d492dceca8b867aac1fe20a93724668dd623d6f3a714882afac32b4c59e
ae8e539cb6c7bba3d3df,SRC384,2,PAIR_CF7252BCE0576CC3F683BA2D,CONTEXT_CONFLICT,137,149,source_section|metric_name,MERGE,"source_section: pages 2-4 print no section heading (only the running header 'INVESTMENTS COMMITTEE -n- I1 / May 13, 2025' and the figure captions), so blank is right there; page 1 prints EXECUTIVE SUMMARY. Confirmed on the page images. Backfill 2026-09-01: qualifier columns filled from the lanes' agreed reading.",RESOLVED,A+B+ADJUDICATOR,b2e06d492dceca8b867aac1fe20a93724668dd623d6f3a714882afac32b4c59e
ce0914deb93d6242143a,SRC384,2,PAIR_4E1916F22B6532C9BA55A785,CLASSIFICATION_CONFLICT,138,150,source_section|metric_category|metric_name|definition_keys|method|fee_basis,MERGE,"source_section: pages 2-4 print no section heading (only the running header 'INVESTMENTS COMMITTEE -n- I1 / May 13, 2025' and the figure captions), so blank is right there; page 1 prints EXECUTIVE SUMMARY. Confirmed on the page images. Value Added is the portfolio's return minus its benchmark's, so metric_category is alpha, and it is a measure row, so metric_name is the printed row label 'Value Added'. Backfill 2026-09-01: the qualifier columns the other lane filled are carried, the lanes agreeing on every filled cell.",RESOLVED,A+B+ADJUDICATOR,b2e06d492dceca8b867aac1fe20a93724668dd623d6f3a714882afac32b4c59e
9fc5c99a41f10f77a518,SRC384,2,PAIR_50B9BC183633F268E83038C3,CLASSIFICATION_CONFLICT,139,151,source_section|metric_category|metric_name|definition_keys|method|fee_basis,MERGE,"source_section: pages 2-4 print no section heading (only the running header 'INVESTMENTS COMMITTEE -n- I1 / May 13, 2025' and the figure captions), so blank is right there; page 1 prints EXECUTIVE SUMMARY. Confirmed on the page images. Value Added is the portfolio's return minus its benchmark's, so metric_category is alpha, and it is a measure row, so metric_name is the printed row label 'Value Added'. Backfill 2026-09-01: the qualifier columns the other lane filled are carried, the lanes agreeing on every filled cell.",RESOLVED,A+B+ADJUDICATOR,b2e06d492dceca8b867aac1fe20a93724668dd623d6f3a714882afac32b4c59e
38b86ba3d3522c388090,SRC384,2,PAIR_036C73550649D4786FAF95DC,CLASSIFICATION_CONFLICT,140,152,source_section|metric_category|metric_name|definition_keys|method|fee_basis,MERGE,"source_section: pages 2-4 print no section heading (only the running header 'INVESTMENTS COMMITTEE -n- I1 / May 13, 2025' and the figure captions), so blank is right there; page 1 prints EXECUTIVE SUMMARY. Confirmed on the page images. Value Added is the portfolio's return minus its benchmark's, so metric_category is alpha, and it is a measure row, so metric_name is the printed row label 'Value Added'. Backfill 2026-09-01: the qualifier columns the other lane filled are carried, the lanes agreeing on every filled cell.",RESOLVED,A+B+ADJUDICATOR,b2e06d492dceca8b867aac1fe20a93724668dd623d6f3a714882afac32b4c59e
e5047ee2aa1a3277af86,SRC384,2,PAIR_C94C914E118A7C579E0511D4,CLASSIFICATION_CONFLICT,141,153,source_section|metric_category|metric_name|definition_keys|method|fee_basis,MERGE,"source_section: pages 2-4 print no section heading (only the running header 'INVESTMENTS COMMITTEE -n- I1 / May 13, 2025' and the figure captions), so blank is right there; page 1 prints EXECUTIVE SUMMARY. Confirmed on the page images. Value Added is the portfolio's return minus its benchmark's, so metric_category is alpha, and it is a measure row, so metric_name is the printed row label 'Value Added'. Backfill 2026-09-01: the qualifier columns the other lane filled are carried, the lanes agreeing on every filled cell.",RESOLVED,A+B+ADJUDICATOR,b2e06d492dceca8b867aac1fe20a93724668dd623d6f3a714882afac32b4c59e
e0a3a51391e69479256d,SRC384,2,PAIR_44D97275DCE166D65BE67B68,CLASSIFICATION_CONFLICT,142,154,source_section|metric_category|metric_name|definition_keys|method|fee_basis,MERGE,"source_section: pages 2-4 print no section heading (only the running header 'INVESTMENTS COMMITTEE -n- I1 / May 13, 2025' and the figure captions), so blank is right there; page 1 prints EXECUTIVE SUMMARY. Confirmed on the page images. Value Added is the portfolio's return minus its benchmark's, so metric_category is alpha, and it is a measure row, so metric_name is the printed row label 'Value Added'. Backfill 2026-09-01: the qualifier columns the other lane filled are carried, the lanes agreeing on every filled cell.",RESOLVED,A+B+ADJUDICATOR,b2e06d492dceca8b867aac1fe20a93724668dd623d6f3a714882afac32b4c59e
0f8521c8ded2a3afc229,SRC384,2,PAIR_ECF701E1EDAAC6FAC9785A14,CLASSIFICATION_CONFLICT,143,155,source_section|metric_category|metric_name|definition_keys|method|fee_basis,MERGE,"source_section: pages 2-4 print no section heading (only the running header 'INVESTMENTS COMMITTEE -n- I1 / May 13, 2025' and the figure captions), so blank is right there; page 1 prints EXECUTIVE SUMMARY. Confirmed on the page images. Value Added is the portfolio's return minus its benchmark's, so metric_category is alpha, and it is a measure row, so metric_name is the printed row label 'Value Added'. Backfill 2026-09-01: the qualifier columns the other lane filled are carried, the lanes agreeing on every filled cell.",RESOLVED,A+B+ADJUDICATOR,b2e06d492dceca8b867aac1fe20a93724668dd623d6f3a714882afac32b4c59e
bf86006440b46743848d,SRC384,2,PAIR_0C550E69FF05AD1D4F7FDF8F,CLASSIFICATION_CONFLICT,144,156,source_section|metric_category|metric_name|definition_keys|method|fee_basis,MERGE,"source_section: pages 2-4 print no section heading (only the running header 'INVESTMENTS COMMITTEE -n- I1 / May 13, 2025' and the figure captions), so blank is right there; page 1 prints EXECUTIVE SUMMARY. Confirmed on the page images. Value Added is the portfolio's return minus its benchmark's, so metric_category is alpha, and it is a measure row, so metric_name is the printed row label 'Value Added'. Backfill 2026-09-01: the qualifier columns the other lane filled are carried, the lanes agreeing on every filled cell.",RESOLVED,A+B+ADJUDICATOR,b2e06d492dceca8b867aac1fe20a93724668dd623d6f3a714882afac32b4c59e
057707983223765fbd07,SRC384,2,PAIR_04AA72E54B082CC2CE3FCC55,CLASSIFICATION_CONFLICT,145,157,source_section|metric_category|metric_name|definition_keys|method|fee_basis,MERGE,"source_section: pages 2-4 print no section heading (only the running header 'INVESTMENTS COMMITTEE -n- I1 / May 13, 2025' and the figure captions), so blank is right there; page 1 prints EXECUTIVE SUMMARY. Confirmed on the page images. Value Added is the portfolio's return minus its benchmark's, so metric_category is alpha, and it is a measure row, so metric_name is the printed row label 'Value Added'. Backfill 2026-09-01: the qualifier columns the other lane filled are carried, the lanes agreeing on every filled cell.",RESOLVED,A+B+ADJUDICATOR,b2e06d492dceca8b867aac1fe20a93724668dd623d6f3a714882afac32b4c59e
5338c008d159375cd14e,SRC384,2,PAIR_59573F1CF503155CEA843628,CLASSIFICATION_CONFLICT,146,158,source_section|metric_category|metric_name|definition_keys|method|fee_basis,MERGE,"source_section: pages 2-4 print no section heading (only the running header 'INVESTMENTS COMMITTEE -n- I1 / May 13, 2025' and the figure captions), so blank is right there; page 1 prints EXECUTIVE SUMMARY. Confirmed on the page images. Value Added is the portfolio's return minus its benchmark's, so metric_category is alpha, and it is a measure row, so metric_name is the printed row label 'Value Added'. Backfill 2026-09-01: the lanes agree on the reading and differ on the key name or on which lane backed a scope; the citation follows the accepted note rows' keys, the narrative net readings lane B backed stand, and the scope lane A backed with the printed phrase stands.",RESOLVED,A+B+ADJUDICATOR,b2e06d492dceca8b867aac1fe20a93724668dd623d6f3a714882afac32b4c59e
4aeebcf27983e0b33c01,SRC384,2,PAIR_5B2EC3BD8B3CE8719951951A,CLASSIFICATION_CONFLICT,147,159,source_section|metric_category|metric_name|definition_keys|method|fee_basis,MERGE,"source_section: pages 2-4 print no section heading (only the running header 'INVESTMENTS COMMITTEE -n- I1 / May 13, 2025' and the figure captions), so blank is right there; page 1 prints EXECUTIVE SUMMARY. Confirmed on the page images. Value Added is the portfolio's return minus its benchmark's, so metric_category is alpha, and it is a measure row, so metric_name is the printed row label 'Value Added'. Backfill 2026-09-01: the lanes agree on the reading and differ on the key name or on which lane backed a scope; the citation follows the accepted note rows' keys, the narrative net readings lane B backed stand, and the scope lane A backed with the printed phrase stands.",RESOLVED,A+B+ADJUDICATOR,b2e06d492dceca8b867aac1fe20a93724668dd623d6f3a714882afac32b4c59e
653c03bc45e614587fb2,SRC384,2,PAIR_C7F251CB697EB85F0C2C73F1,CLASSIFICATION_CONFLICT,148,160,source_section|metric_category|metric_name|definition_keys|method|fee_basis,MERGE,"source_section: pages 2-4 print no section heading (only the running header 'INVESTMENTS COMMITTEE -n- I1 / May 13, 2025' and the figure captions), so blank is right there; page 1 prints EXECUTIVE SUMMARY. Confirmed on the page images. Value Added is the portfolio's return minus its benchmark's, so metric_category is alpha, and it is a measure row, so metric_name is the printed row label 'Value Added'. Backfill 2026-09-01: the lanes agree on the reading and differ on the key name or on which lane backed a scope; the citation follows the accepted note rows' keys, the narrative net readings lane B backed stand, and the scope lane A backed with the printed phrase stands.",RESOLVED,A+B+ADJUDICATOR,b2e06d492dceca8b867aac1fe20a93724668dd623d6f3a714882afac32b4c59e
bc27c156e8e93934bfac,SRC384,2,PAIR_968FC5126961DA7AA60AA6CE,CLASSIFICATION_CONFLICT,149,161,source_section|metric_category|metric_name|definition_keys|method|fee_basis,MERGE,"source_section: pages 2-4 print no section heading (only the running header 'INVESTMENTS COMMITTEE -n- I1 / May 13, 2025' and the figure captions), so blank is right there; page 1 prints EXECUTIVE SUMMARY. Confirmed on the page images. Value Added is the portfolio's return minus its benchmark's, so metric_category is alpha, and it is a measure row, so metric_name is the printed row label 'Value Added'. Backfill 2026-09-01: the lanes agree on the reading and differ on the key name or on which lane backed a scope; the citation follows the accepted note rows' keys, the narrative net readings lane B backed stand, and the scope lane A backed with the printed phrase stands.",RESOLVED,A+B+ADJUDICATOR,b2e06d492dceca8b867aac1fe20a93724668dd623d6f3a714882afac32b4c59e
d78748bc231f2f248095,SRC384,2,PAIR_21CABA3F5024BF9FD4747C24,CLASSIFICATION_CONFLICT,150,162,source_section|metric_category|metric_name|definition_keys|method|fee_basis,MERGE,"source_section: pages 2-4 print no section heading (only the running header 'INVESTMENTS COMMITTEE -n- I1 / May 13, 2025' and the figure captions), so blank is right there; page 1 prints EXECUTIVE SUMMARY. Confirmed on the page images. Value Added is the portfolio's return minus its benchmark's, so metric_category is alpha, and it is a measure row, so metric_name is the printed row label 'Value Added'. Backfill 2026-09-01: the lanes agree on the reading and differ on the key name or on which lane backed a scope; the citation follows the accepted note rows' keys, the narrative net readings lane B backed stand, and the scope lane A backed with the printed phrase stands.",RESOLVED,A+B+ADJUDICATOR,b2e06d492dceca8b867aac1fe20a93724668dd623d6f3a714882afac32b4c59e
1c587da1cba3541156b8,SRC384,2,PAIR_FDD24022926142DBB0AE334D,CLASSIFICATION_CONFLICT,151,163,source_section|metric_category|metric_name|definition_keys|method|fee_basis,MERGE,"source_section: pages 2-4 print no section heading (only the running header 'INVESTMENTS COMMITTEE -n- I1 / May 13, 2025' and the figure captions), so blank is right there; page 1 prints EXECUTIVE SUMMARY. Confirmed on the page images. Value Added is the portfolio's return minus its benchmark's, so metric_category is alpha, and it is a measure row, so metric_name is the printed row label 'Value Added'. Backfill 2026-09-01: the lanes agree on the reading and differ on the key name or on which lane backed a scope; the citation follows the accepted note rows' keys, the narrative net readings lane B backed stand, and the scope lane A backed with the printed phrase stands.",RESOLVED,A+B+ADJUDICATOR,b2e06d492dceca8b867aac1fe20a93724668dd623d6f3a714882afac32b4c59e
51393d2d4a374982a59a,SRC384,2,PAIR_9BE0A1CF98B8AA2461952863,CLASSIFICATION_CONFLICT,152,164,source_section|metric_category|metric_name|definition_keys|method|fee_basis,MERGE,"source_section: pages 2-4 print no section heading (only the running header 'INVESTMENTS COMMITTEE -n- I1 / May 13, 2025' and the figure captions), so blank is right there; page 1 prints EXECUTIVE SUMMARY. Confirmed on the page images. Value Added is the portfolio's return minus its benchmark's, so metric_category is alpha, and it is a measure row, so metric_name is the printed row label 'Value Added'. Backfill 2026-09-01: the lanes agree on the reading and differ on the key name or on which lane backed a scope; the citation follows the accepted note rows' keys, the narrative net readings lane B backed stand, and the scope lane A backed with the printed phrase stands.",RESOLVED,A+B+ADJUDICATOR,b2e06d492dceca8b867aac1fe20a93724668dd623d6f3a714882afac32b4c59e
e5338dc45e874ec850d0,SRC384,2,PAIR_CD6F08D1BFA1FFEE2DEA7121,CLASSIFICATION_CONFLICT,153,165,source_section|metric_category|metric_name|definition_keys|method|fee_basis,MERGE,"source_section: pages 2-4 print no section heading (only the running header 'INVESTMENTS COMMITTEE -n- I1 / May 13, 2025' and the figure captions), so blank is right there; page 1 prints EXECUTIVE SUMMARY. Confirmed on the page images. Value Added is the portfolio's return minus its benchmark's, so metric_category is alpha, and it is a measure row, so metric_name is the printed row label 'Value Added'. Backfill 2026-09-01: the lanes agree on the reading and differ on the key name or on which lane backed a scope; the citation follows the accepted note rows' keys, the narrative net readings lane B backed stand, and the scope lane A backed with the printed phrase stands.",RESOLVED,A+B+ADJUDICATOR,b2e06d492dceca8b867aac1fe20a93724668dd623d6f3a714882afac32b4c59e
ab9ec404f789747110a1,SRC384,2,PAIR_48A69248516E4AB184183D11,CLASSIFICATION_CONFLICT,154,166,source_section|metric_category|metric_name|definition_keys|method|fee_basis,MERGE,"source_section: pages 2-4 print no section heading (only the running header 'INVESTMENTS COMMITTEE -n- I1 / May 13, 2025' and the figure captions), so blank is right there; page 1 prints EXECUTIVE SUMMARY. Confirmed on the page images. Value Added is the portfolio's return minus its benchmark's, so metric_category is alpha, and it is a measure row, so metric_name is the printed row label 'Value Added'. Backfill 2026-09-01: the lanes agree on the reading and differ on the key name or on which lane backed a scope; the citation follows the accepted note rows' keys, the narrative net readings lane B backed stand, and the scope lane A backed with the printed phrase stands.",RESOLVED,A+B+ADJUDICATOR,b2e06d492dceca8b867aac1fe20a93724668dd623d6f3a714882afac32b4c59e
109de716795c24938c45,SRC384,2,PAIR_B6D9F855F451A54C82B6147E,CLASSIFICATION_CONFLICT,155,167,source_section|metric_category|metric_name|definition_keys|method|fee_basis,MERGE,"source_section: pages 2-4 print no section heading (only the running header 'INVESTMENTS COMMITTEE -n- I1 / May 13, 2025' and the figure captions), so blank is right there; page 1 prints EXECUTIVE SUMMARY. Confirmed on the page images. Value Added is the portfolio's return minus its benchmark's, so metric_category is alpha, and it is a measure row, so metric_name is the printed row label 'Value Added'. Backfill 2026-09-01: the lanes agree on the reading and differ on the key name or on which lane backed a scope; the citation follows the accepted note rows' keys, the narrative net readings lane B backed stand, and the scope lane A backed with the printed phrase stands.",RESOLVED,A+B+ADJUDICATOR,b2e06d492dceca8b867aac1fe20a93724668dd623d6f3a714882afac32b4c59e
c165e732af703a876cf6,SRC384,2,PAIR_F8218E2D6131B1704A13DD87,CLASSIFICATION_CONFLICT,156,168,source_section|metric_category|metric_name|definition_keys|method|fee_basis,MERGE,"source_section: pages 2-4 print no section heading (only the running header 'INVESTMENTS COMMITTEE -n- I1 / May 13, 2025' and the figure captions), so blank is right there; page 1 prints EXECUTIVE SUMMARY. Confirmed on the page images. Value Added is the portfolio's return minus its benchmark's, so metric_category is alpha, and it is a measure row, so metric_name is the printed row label 'Value Added'. Backfill 2026-09-01: the lanes agree on the reading and differ on the key name or on which lane backed a scope; the citation follows the accepted note rows' keys, the narrative net readings lane B backed stand, and the scope lane A backed with the printed phrase stands.",RESOLVED,A+B+ADJUDICATOR,b2e06d492dceca8b867aac1fe20a93724668dd623d6f3a714882afac32b4c59e
a8b43a1d8154b592b846,SRC384,2,PAIR_2418348285CD8BFE60CAA966,CLASSIFICATION_CONFLICT,157,169,source_section|metric_category|metric_name|definition_keys|method|fee_basis,MERGE,"source_section: pages 2-4 print no section heading (only the running header 'INVESTMENTS COMMITTEE -n- I1 / May 13, 2025' and the figure captions), so blank is right there; page 1 prints EXECUTIVE SUMMARY. Confirmed on the page images. Value Added is the portfolio's return minus its benchmark's, so metric_category is alpha, and it is a measure row, so metric_name is the printed row label 'Value Added'. Backfill 2026-09-01: the lanes agree on the reading and differ on the key name or on which lane backed a scope; the citation follows the accepted note rows' keys, the narrative net readings lane B backed stand, and the scope lane A backed with the printed phrase stands.",RESOLVED,A+B+ADJUDICATOR,b2e06d492dceca8b867aac1fe20a93724668dd623d6f3a714882afac32b4c59e
7f8e309896360066d67d,SRC384,2,PAIR_5567D6BD33C203005AC06B18,CLASSIFICATION_CONFLICT,158,170,source_section|metric_category|metric_name|definition_keys|method|fee_basis,MERGE,"source_section: pages 2-4 print no section heading (only the running header 'INVESTMENTS COMMITTEE -n- I1 / May 13, 2025' and the figure captions), so blank is right there; page 1 prints EXECUTIVE SUMMARY. Confirmed on the page images. Value Added is the portfolio's return minus its benchmark's, so metric_category is alpha, and it is a measure row, so metric_name is the printed row label 'Value Added'. Backfill 2026-09-01: the lanes agree on the reading and differ on the key name or on which lane backed a scope; the citation follows the accepted note rows' keys, the narrative net readings lane B backed stand, and the scope lane A backed with the printed phrase stands.",RESOLVED,A+B+ADJUDICATOR,b2e06d492dceca8b867aac1fe20a93724668dd623d6f3a714882afac32b4c59e
f09cfcd0ced22272d22d,SRC384,2,PAIR_2826B1E447FE4B87D6B8977B,CLASSIFICATION_CONFLICT,159,171,source_section|metric_category|metric_name|definition_keys|method|fee_basis,MERGE,"source_section: pages 2-4 print no section heading (only the running header 'INVESTMENTS COMMITTEE -n- I1 / May 13, 2025' and the figure captions), so blank is right there; page 1 prints EXECUTIVE SUMMARY. Confirmed on the page images. Value Added is the portfolio's return minus its benchmark's, so metric_category is alpha, and it is a measure row, so metric_name is the printed row label 'Value Added'. Backfill 2026-09-01: the lanes agree on the reading and differ on the key name or on which lane backed a scope; the citation follows the accepted note rows' keys, the narrative net readings lane B backed stand, and the scope lane A backed with the printed phrase stands.",RESOLVED,A+B+ADJUDICATOR,b2e06d492dceca8b867aac1fe20a93724668dd623d6f3a714882afac32b4c59e
143e85d9c7fdeffe9935,SRC384,2,PAIR_831F315DA7DD31A5C36CC60D,CLASSIFICATION_CONFLICT,160,172,source_section|metric_category|metric_name|definition_keys|method|fee_basis,MERGE,"source_section: pages 2-4 print no section heading (only the running header 'INVESTMENTS COMMITTEE -n- I1 / May 13, 2025' and the figure captions), so blank is right there; page 1 prints EXECUTIVE SUMMARY. Confirmed on the page images. Value Added is the portfolio's return minus its benchmark's, so metric_category is alpha, and it is a measure row, so metric_name is the printed row label 'Value Added'. Backfill 2026-09-01: the lanes agree on the reading and differ on the key name or on which lane backed a scope; the citation follows the accepted note rows' keys, the narrative net readings lane B backed stand, and the scope lane A backed with the printed phrase stands.",RESOLVED,A+B+ADJUDICATOR,b2e06d492dceca8b867aac1fe20a93724668dd623d6f3a714882afac32b4c59e
5b6249461adca91181b3,SRC384,2,PAIR_82ACFF2713B722047F7765DB,CLASSIFICATION_CONFLICT,161,173,source_section|metric_category|metric_name|definition_keys|method|fee_basis,MERGE,"source_section: pages 2-4 print no section heading (only the running header 'INVESTMENTS COMMITTEE -n- I1 / May 13, 2025' and the figure captions), so blank is right there; page 1 prints EXECUTIVE SUMMARY. Confirmed on the page images. Value Added is the portfolio's return minus its benchmark's, so metric_category is alpha, and it is a measure row, so metric_name is the printed row label 'Value Added'. Backfill 2026-09-01: the lanes agree on the reading and differ on the key name or on which lane backed a scope; the citation follows the accepted note rows' keys, the narrative net readings lane B backed stand, and the scope lane A backed with the printed phrase stands.",RESOLVED,A+B+ADJUDICATOR,b2e06d492dceca8b867aac1fe20a93724668dd623d6f3a714882afac32b4c59e
51054acc95431b4a9865,SRC384,2,PAIR_A6F6F3A1D4D8C11482A66D27,CLASSIFICATION_CONFLICT,162,174,source_section|metric_category|metric_name|definition_keys|method|fee_basis,MERGE,"source_section: pages 2-4 print no section heading (only the running header 'INVESTMENTS COMMITTEE -n- I1 / May 13, 2025' and the figure captions), so blank is right there; page 1 prints EXECUTIVE SUMMARY. Confirmed on the page images. Value Added is the portfolio's return minus its benchmark's, so metric_category is alpha, and it is a measure row, so metric_name is the printed row label 'Value Added'. Backfill 2026-09-01: the lanes agree on the reading and differ on the key name or on which lane backed a scope; the citation follows the accepted note rows' keys, the narrative net readings lane B backed stand, and the scope lane A backed with the printed phrase stands.",RESOLVED,A+B+ADJUDICATOR,b2e06d492dceca8b867aac1fe20a93724668dd623d6f3a714882afac32b4c59e
e43053ea0043b10ad0f4,SRC384,2,PAIR_94A29C16397352BCD862D762,CLASSIFICATION_CONFLICT,163,175,source_section|metric_category|metric_name|definition_keys|method|fee_basis,MERGE,"source_section: pages 2-4 print no section heading (only the running header 'INVESTMENTS COMMITTEE -n- I1 / May 13, 2025' and the figure captions), so blank is right there; page 1 prints EXECUTIVE SUMMARY. Confirmed on the page images. Value Added is the portfolio's return minus its benchmark's, so metric_category is alpha, and it is a measure row, so metric_name is the printed row label 'Value Added'. Backfill 2026-09-01: the lanes agree on the reading and differ on the key name or on which lane backed a scope; the citation follows the accepted note rows' keys, the narrative net readings lane B backed stand, and the scope lane A backed with the printed phrase stands.",RESOLVED,A+B+ADJUDICATOR,b2e06d492dceca8b867aac1fe20a93724668dd623d6f3a714882afac32b4c59e
d7bfcee852e02db0d0fb,SRC384,2,PAIR_5FF560C2FC33F6579F9F34F2,CLASSIFICATION_CONFLICT,164,176,source_section|metric_category|metric_name|definition_keys|method|fee_basis,MERGE,"source_section: pages 2-4 print no section heading (only the running header 'INVESTMENTS COMMITTEE -n- I1 / May 13, 2025' and the figure captions), so blank is right there; page 1 prints EXECUTIVE SUMMARY. Confirmed on the page images. Value Added is the portfolio's return minus its benchmark's, so metric_category is alpha, and it is a measure row, so metric_name is the printed row label 'Value Added'. Backfill 2026-09-01: the lanes agree on the reading and differ on the key name or on which lane backed a scope; the citation follows the accepted note rows' keys, the narrative net readings lane B backed stand, and the scope lane A backed with the printed phrase stands.",RESOLVED,A+B+ADJUDICATOR,b2e06d492dceca8b867aac1fe20a93724668dd623d6f3a714882afac32b4c59e
0818ca1d2ce66ce64b88,SRC384,2,PAIR_A992984E78661F53A0F5549D,CLASSIFICATION_CONFLICT,165,177,source_section|metric_category|metric_name|definition_keys|method|fee_basis,MERGE,"source_section: pages 2-4 print no section heading (only the running header 'INVESTMENTS COMMITTEE -n- I1 / May 13, 2025' and the figure captions), so blank is right there; page 1 prints EXECUTIVE SUMMARY. Confirmed on the page images. Value Added is the portfolio's return minus its benchmark's, so metric_category is alpha, and it is a measure row, so metric_name is the printed row label 'Value Added'. Backfill 2026-09-01: the lanes agree on the reading and differ on the key name or on which lane backed a scope; the citation follows the accepted note rows' keys, the narrative net readings lane B backed stand, and the scope lane A backed with the printed phrase stands.",RESOLVED,A+B+ADJUDICATOR,b2e06d492dceca8b867aac1fe20a93724668dd623d6f3a714882afac32b4c59e
310b118723517f82eeec,SRC384,2,PAIR_A0C04E7E30AF55189836AE56,CLASSIFICATION_CONFLICT,166,178,source_section|metric_category|metric_name|definition_keys|method|fee_basis,MERGE,"source_section: pages 2-4 print no section heading (only the running header 'INVESTMENTS COMMITTEE -n- I1 / May 13, 2025' and the figure captions), so blank is right there; page 1 prints EXECUTIVE SUMMARY. Confirmed on the page images. Value Added is the portfolio's return minus its benchmark's, so metric_category is alpha, and it is a measure row, so metric_name is the printed row label 'Value Added'. Backfill 2026-09-01: the lanes agree on the reading and differ on the key name or on which lane backed a scope; the citation follows the accepted note rows' keys, the narrative net readings lane B backed stand, and the scope lane A backed with the printed phrase stands.",RESOLVED,A+B+ADJUDICATOR,b2e06d492dceca8b867aac1fe20a93724668dd623d6f3a714882afac32b4c59e
b2e04715a5fc22b5867f,SRC384,2,PAIR_6A4835E48AAFEE0AFCD80CBB,CLASSIFICATION_CONFLICT,167,179,source_section|metric_category|metric_name|definition_keys|method|fee_basis,MERGE,"source_section: pages 2-4 print no section heading (only the running header 'INVESTMENTS COMMITTEE -n- I1 / May 13, 2025' and the figure captions), so blank is right there; page 1 prints EXECUTIVE SUMMARY. Confirmed on the page images. Value Added is the portfolio's return minus its benchmark's, so metric_category is alpha, and it is a measure row, so metric_name is the printed row label 'Value Added'. Backfill 2026-09-01: the lanes agree on the reading and differ on the key name or on which lane backed a scope; the citation follows the accepted note rows' keys, the narrative net readings lane B backed stand, and the scope lane A backed with the printed phrase stands.",RESOLVED,A+B+ADJUDICATOR,b2e06d492dceca8b867aac1fe20a93724668dd623d6f3a714882afac32b4c59e
1df93667832ac64e7647,SRC384,2,PAIR_E9C794E4AE622F12BD864913,CLASSIFICATION_CONFLICT,168,180,source_section|metric_category|metric_name|definition_keys|method|fee_basis,MERGE,"source_section: pages 2-4 print no section heading (only the running header 'INVESTMENTS COMMITTEE -n- I1 / May 13, 2025' and the figure captions), so blank is right there; page 1 prints EXECUTIVE SUMMARY. Confirmed on the page images. Value Added is the portfolio's return minus its benchmark's, so metric_category is alpha, and it is a measure row, so metric_name is the printed row label 'Value Added'. Backfill 2026-09-01: the lanes agree on the reading and differ on the key name or on which lane backed a scope; the citation follows the accepted note rows' keys, the narrative net readings lane B backed stand, and the scope lane A backed with the printed phrase stands.",RESOLVED,A+B+ADJUDICATOR,b2e06d492dceca8b867aac1fe20a93724668dd623d6f3a714882afac32b4c59e
6f45f7abd64cbcc84ad5,SRC384,2,PAIR_EC4D4B6DDE396A93150FE7B3,CLASSIFICATION_CONFLICT,169,181,source_section|metric_category|metric_name|definition_keys|method|fee_basis,MERGE,"source_section: pages 2-4 print no section heading (only the running header 'INVESTMENTS COMMITTEE -n- I1 / May 13, 2025' and the figure captions), so blank is right there; page 1 prints EXECUTIVE SUMMARY. Confirmed on the page images. Value Added is the portfolio's return minus its benchmark's, so metric_category is alpha, and it is a measure row, so metric_name is the printed row label 'Value Added'. Backfill 2026-09-01: the lanes agree on the reading and differ on the key name or on which lane backed a scope; the citation follows the accepted note rows' keys, the narrative net readings lane B backed stand, and the scope lane A backed with the printed phrase stands.",RESOLVED,A+B+ADJUDICATOR,b2e06d492dceca8b867aac1fe20a93724668dd623d6f3a714882afac32b4c59e
87694e5246ea1dcc4d61,SRC384,2,PAIR_9FBD999DA19123AA6BE5443C,CLASSIFICATION_CONFLICT,170,182,source_section|metric_category|metric_name|definition_keys|method|fee_basis,MERGE,"source_section: pages 2-4 print no section heading (only the running header 'INVESTMENTS COMMITTEE -n- I1 / May 13, 2025' and the figure captions), so blank is right there; page 1 prints EXECUTIVE SUMMARY. Confirmed on the page images. Value Added is the portfolio's return minus its benchmark's, so metric_category is alpha, and it is a measure row, so metric_name is the printed row label 'Value Added'. Backfill 2026-09-01: the lanes agree on the reading and differ on the key name or on which lane backed a scope; the citation follows the accepted note rows' keys, the narrative net readings lane B backed stand, and the scope lane A backed with the printed phrase stands.",RESOLVED,A+B+ADJUDICATOR,b2e06d492dceca8b867aac1fe20a93724668dd623d6f3a714882afac32b4c59e
cea0cc5edae82d0c2281,SRC384,2,PAIR_E4BA4DA816C3C99013CC0F50,CLASSIFICATION_CONFLICT,171,183,source_section|metric_category|metric_name|definition_keys|method|fee_basis,MERGE,"source_section: pages 2-4 print no section heading (only the running header 'INVESTMENTS COMMITTEE -n- I1 / May 13, 2025' and the figure captions), so blank is right there; page 1 prints EXECUTIVE SUMMARY. Confirmed on the page images. Value Added is the portfolio's return minus its benchmark's, so metric_category is alpha, and it is a measure row, so metric_name is the printed row label 'Value Added'. Backfill 2026-09-01: the lanes agree on the reading and differ on the key name or on which lane backed a scope; the citation follows the accepted note rows' keys, the narrative net readings lane B backed stand, and the scope lane A backed with the printed phrase stands.",RESOLVED,A+B+ADJUDICATOR,b2e06d492dceca8b867aac1fe20a93724668dd623d6f3a714882afac32b4c59e
f83d79cd4880483ea9c1,SRC384,2,PAIR_48A08F51794E84D0BC2F9A85,CLASSIFICATION_CONFLICT,172,184,source_section|metric_category|metric_name|definition_keys|method|fee_basis,MERGE,"source_section: pages 2-4 print no section heading (only the running header 'INVESTMENTS COMMITTEE -n- I1 / May 13, 2025' and the figure captions), so blank is right there; page 1 prints EXECUTIVE SUMMARY. Confirmed on the page images. Value Added is the portfolio's return minus its benchmark's, so metric_category is alpha, and it is a measure row, so metric_name is the printed row label 'Value Added'. Backfill 2026-09-01: the lanes agree on the reading and differ on the key name or on which lane backed a scope; the citation follows the accepted note rows' keys, the narrative net readings lane B backed stand, and the scope lane A backed with the printed phrase stands.",RESOLVED,A+B+ADJUDICATOR,b2e06d492dceca8b867aac1fe20a93724668dd623d6f3a714882afac32b4c59e
3975f9840cc72dd47057,SRC384,2,PAIR_1AB99ECA1A726EE7EF1D6D64,CLASSIFICATION_CONFLICT,173,185,source_section|metric_category|metric_name|definition_keys|method|fee_basis,MERGE,"source_section: pages 2-4 print no section heading (only the running header 'INVESTMENTS COMMITTEE -n- I1 / May 13, 2025' and the figure captions), so blank is right there; page 1 prints EXECUTIVE SUMMARY. Confirmed on the page images. Value Added is the portfolio's return minus its benchmark's, so metric_category is alpha, and it is a measure row, so metric_name is the printed row label 'Value Added'. Backfill 2026-09-01: the lanes agree on the reading and differ on the key name or on which lane backed a scope; the citation follows the accepted note rows' keys, the narrative net readings lane B backed stand, and the scope lane A backed with the printed phrase stands.",RESOLVED,A+B+ADJUDICATOR,b2e06d492dceca8b867aac1fe20a93724668dd623d6f3a714882afac32b4c59e
3b0947b5d518fdce523d,SRC384,2,PAIR_9B099242AE698C47C2FEBFE6,CLASSIFICATION_CONFLICT,174,186,source_section|metric_category|metric_name|definition_keys|method|fee_basis,MERGE,"source_section: pages 2-4 print no section heading (only the running header 'INVESTMENTS COMMITTEE -n- I1 / May 13, 2025' and the figure captions), so blank is right there; page 1 prints EXECUTIVE SUMMARY. Confirmed on the page images. Value Added is the portfolio's return minus its benchmark's, so metric_category is alpha, and it is a measure row, so metric_name is the printed row label 'Value Added'. Backfill 2026-09-01: the lanes agree on the reading and differ on the key name or on which lane backed a scope; the citation follows the accepted note rows' keys, the narrative net readings lane B backed stand, and the scope lane A backed with the printed phrase stands.",RESOLVED,A+B+ADJUDICATOR,b2e06d492dceca8b867aac1fe20a93724668dd623d6f3a714882afac32b4c59e
2f06f4468b8dc82d8083,SRC384,2,PAIR_04281374B75F501CF2B65A9C,CLASSIFICATION_CONFLICT,175,187,source_section|metric_category|metric_name|definition_keys|method|fee_basis,MERGE,"source_section: pages 2-4 print no section heading (only the running header 'INVESTMENTS COMMITTEE -n- I1 / May 13, 2025' and the figure captions), so blank is right there; page 1 prints EXECUTIVE SUMMARY. Confirmed on the page images. Value Added is the portfolio's return minus its benchmark's, so metric_category is alpha, and it is a measure row, so metric_name is the printed row label 'Value Added'. Backfill 2026-09-01: the lanes agree on the reading and differ on the key name or on which lane backed a scope; the citation follows the accepted note rows' keys, the narrative net readings lane B backed stand, and the scope lane A backed with the printed phrase stands.",RESOLVED,A+B+ADJUDICATOR,b2e06d492dceca8b867aac1fe20a93724668dd623d6f3a714882afac32b4c59e
efaa279211581b27869d,SRC384,2,PAIR_5C897D8694F37CD2CEB5F16A,CLASSIFICATION_CONFLICT,176,188,source_section|metric_category|metric_name|definition_keys|method|fee_basis,MERGE,"source_section: pages 2-4 print no section heading (only the running header 'INVESTMENTS COMMITTEE -n- I1 / May 13, 2025' and the figure captions), so blank is right there; page 1 prints EXECUTIVE SUMMARY. Confirmed on the page images. Value Added is the portfolio's return minus its benchmark's, so metric_category is alpha, and it is a measure row, so metric_name is the printed row label 'Value Added'. Backfill 2026-09-01: the lanes agree on the reading and differ on the key name or on which lane backed a scope; the citation follows the accepted note rows' keys, the narrative net readings lane B backed stand, and the scope lane A backed with the printed phrase stands.",RESOLVED,A+B+ADJUDICATOR,b2e06d492dceca8b867aac1fe20a93724668dd623d6f3a714882afac32b4c59e
9d3853d1894c546bb164,SRC384,2,PAIR_A45EC5C71DA6593358319766,CLASSIFICATION_CONFLICT,177,189,source_section|metric_category|metric_name|definition_keys|method|fee_basis,MERGE,"source_section: pages 2-4 print no section heading (only the running header 'INVESTMENTS COMMITTEE -n- I1 / May 13, 2025' and the figure captions), so blank is right there; page 1 prints EXECUTIVE SUMMARY. Confirmed on the page images. Value Added is the portfolio's return minus its benchmark's, so metric_category is alpha, and it is a measure row, so metric_name is the printed row label 'Value Added'. Backfill 2026-09-01: the lanes agree on the reading and differ on the key name or on which lane backed a scope; the citation follows the accepted note rows' keys, the narrative net readings lane B backed stand, and the scope lane A backed with the printed phrase stands.",RESOLVED,A+B+ADJUDICATOR,b2e06d492dceca8b867aac1fe20a93724668dd623d6f3a714882afac32b4c59e
2085440c54b04d678271,SRC384,2,PAIR_09FDCDA21A37C32723A0DFB6,CLASSIFICATION_CONFLICT,178,190,source_section|metric_category|metric_name|definition_keys|method|fee_basis,MERGE,"source_section: pages 2-4 print no section heading (only the running header 'INVESTMENTS COMMITTEE -n- I1 / May 13, 2025' and the figure captions), so blank is right there; page 1 prints EXECUTIVE SUMMARY. Confirmed on the page images. Value Added is the portfolio's return minus its benchmark's, so metric_category is alpha, and it is a measure row, so metric_name is the printed row label 'Value Added'. Backfill 2026-09-01: the lanes agree on the reading and differ on the key name or on which lane backed a scope; the citation follows the accepted note rows' keys, the narrative net readings lane B backed stand, and the scope lane A backed with the printed phrase stands.",RESOLVED,A+B+ADJUDICATOR,b2e06d492dceca8b867aac1fe20a93724668dd623d6f3a714882afac32b4c59e
263137603e9bc2cf087d,SRC384,2,PAIR_CD8F7C02530F2D693144BD6F,CLASSIFICATION_CONFLICT,179,191,source_section|metric_category|metric_name|definition_keys|method|fee_basis,MERGE,"source_section: pages 2-4 print no section heading (only the running header 'INVESTMENTS COMMITTEE -n- I1 / May 13, 2025' and the figure captions), so blank is right there; page 1 prints EXECUTIVE SUMMARY. Confirmed on the page images. Value Added is the portfolio's return minus its benchmark's, so metric_category is alpha, and it is a measure row, so metric_name is the printed row label 'Value Added'. Backfill 2026-09-01: the lanes agree on the reading and differ on the key name or on which lane backed a scope; the citation follows the accepted note rows' keys, the narrative net readings lane B backed stand, and the scope lane A backed with the printed phrase stands.",RESOLVED,A+B+ADJUDICATOR,b2e06d492dceca8b867aac1fe20a93724668dd623d6f3a714882afac32b4c59e
60003d23d51ae8fcc590,SRC384,2,PAIR_593E12C5BE06F8B3AED80729,CLASSIFICATION_CONFLICT,180,192,source_section|metric_category|metric_name|definition_keys|method|fee_basis,MERGE,"source_section: pages 2-4 print no section heading (only the running header 'INVESTMENTS COMMITTEE -n- I1 / May 13, 2025' and the figure captions), so blank is right there; page 1 prints EXECUTIVE SUMMARY. Confirmed on the page images. Value Added is the portfolio's return minus its benchmark's, so metric_category is alpha, and it is a measure row, so metric_name is the printed row label 'Value Added'. Backfill 2026-09-01: the lanes agree on the reading and differ on the key name or on which lane backed a scope; the citation follows the accepted note rows' keys, the narrative net readings lane B backed stand, and the scope lane A backed with the printed phrase stands.",RESOLVED,A+B+ADJUDICATOR,b2e06d492dceca8b867aac1fe20a93724668dd623d6f3a714882afac32b4c59e
171145e6b3b7096906ad,SRC384,2,PAIR_F49E0072BFD0995E6CD04CB9,CLASSIFICATION_CONFLICT,181,193,source_section|metric_category|metric_name|definition_keys|method|fee_basis,MERGE,"source_section: pages 2-4 print no section heading (only the running header 'INVESTMENTS COMMITTEE -n- I1 / May 13, 2025' and the figure captions), so blank is right there; page 1 prints EXECUTIVE SUMMARY. Confirmed on the page images. Value Added is the portfolio's return minus its benchmark's, so metric_category is alpha, and it is a measure row, so metric_name is the printed row label 'Value Added'. Backfill 2026-09-01: the lanes agree on the reading and differ on the key name or on which lane backed a scope; the citation follows the accepted note rows' keys, the narrative net readings lane B backed stand, and the scope lane A backed with the printed phrase stands.",RESOLVED,A+B+ADJUDICATOR,b2e06d492dceca8b867aac1fe20a93724668dd623d6f3a714882afac32b4c59e
2265e03675e56972d303,SRC384,2,PAIR_83B4787F8CA9A3635E7EB367,CLASSIFICATION_CONFLICT,182,194,source_section|metric_category|metric_name|definition_keys|method|fee_basis,MERGE,"source_section: pages 2-4 print no section heading (only the running header 'INVESTMENTS COMMITTEE -n- I1 / May 13, 2025' and the figure captions), so blank is right there; page 1 prints EXECUTIVE SUMMARY. Confirmed on the page images. Value Added is the portfolio's return minus its benchmark's, so metric_category is alpha, and it is a measure row, so metric_name is the printed row label 'Value Added'. Backfill 2026-09-01: the lanes agree on the reading and differ on the key name or on which lane backed a scope; the citation follows the accepted note rows' keys, the narrative net readings lane B backed stand, and the scope lane A backed with the printed phrase stands.",RESOLVED,A+B+ADJUDICATOR,b2e06d492dceca8b867aac1fe20a93724668dd623d6f3a714882afac32b4c59e
1273f02c48509004317e,SRC384,2,PAIR_1BBBB181C74294CE4F86DE0E,CLASSIFICATION_CONFLICT,183,195,source_section|metric_category|metric_name|definition_keys|method|fee_basis,MERGE,"source_section: pages 2-4 print no section heading (only the running header 'INVESTMENTS COMMITTEE -n- I1 / May 13, 2025' and the figure captions), so blank is right there; page 1 prints EXECUTIVE SUMMARY. Confirmed on the page images. Value Added is the portfolio's return minus its benchmark's, so metric_category is alpha, and it is a measure row, so metric_name is the printed row label 'Value Added'. Backfill 2026-09-01: the lanes agree on the reading and differ on the key name or on which lane backed a scope; the citation follows the accepted note rows' keys, the narrative net readings lane B backed stand, and the scope lane A backed with the printed phrase stands.",RESOLVED,A+B+ADJUDICATOR,b2e06d492dceca8b867aac1fe20a93724668dd623d6f3a714882afac32b4c59e
505f03de217b59c6db25,SRC384,2,PAIR_1BE738B8EF1B02470BA3EBFF,CLASSIFICATION_CONFLICT,184,196,source_section|metric_category|metric_name|definition_keys|method|fee_basis,MERGE,"source_section: pages 2-4 print no section heading (only the running header 'INVESTMENTS COMMITTEE -n- I1 / May 13, 2025' and the figure captions), so blank is right there; page 1 prints EXECUTIVE SUMMARY. Confirmed on the page images. Value Added is the portfolio's return minus its benchmark's, so metric_category is alpha, and it is a measure row, so metric_name is the printed row label 'Value Added'. Backfill 2026-09-01: the lanes agree on the reading and differ on the key name or on which lane backed a scope; the citation follows the accepted note rows' keys, the narrative net readings lane B backed stand, and the scope lane A backed with the printed phrase stands.",RESOLVED,A+B+ADJUDICATOR,b2e06d492dceca8b867aac1fe20a93724668dd623d6f3a714882afac32b4c59e
d66018ea5eecf0306ce3,SRC384,2,PAIR_02D187A451CC196FE67E55BC,CLASSIFICATION_CONFLICT,185,197,source_section|metric_category|metric_name|definition_keys|method|fee_basis,MERGE,"source_section: pages 2-4 print no section heading (only the running header 'INVESTMENTS COMMITTEE -n- I1 / May 13, 2025' and the figure captions), so blank is right there; page 1 prints EXECUTIVE SUMMARY. Confirmed on the page images. Value Added is the portfolio's return minus its benchmark's, so metric_category is alpha, and it is a measure row, so metric_name is the printed row label 'Value Added'. Backfill 2026-09-01: the lanes agree on the reading and differ on the key name or on which lane backed a scope; the citation follows the accepted note rows' keys, the narrative net readings lane B backed stand, and the scope lane A backed with the printed phrase stands.",RESOLVED,A+B+ADJUDICATOR,b2e06d492dceca8b867aac1fe20a93724668dd623d6f3a714882afac32b4c59e
765c3d91e1fb1e5723e4,SRC384,2,PAIR_08E32A80946E51E48530D082,CLASSIFICATION_CONFLICT,186,198,source_section|metric_category|metric_name|method|fee_basis,MERGE,"source_section: pages 2-4 print no section heading (only the running header 'INVESTMENTS COMMITTEE -n- I1 / May 13, 2025' and the figure captions), so blank is right there; page 1 prints EXECUTIVE SUMMARY. Confirmed on the page images. Value Added is the portfolio's return minus its benchmark's, so metric_category is alpha, and it is a measure row, so metric_name is the printed row label 'Value Added'. Backfill 2026-09-01: the qualifier columns the other lane filled are carried, the lanes agreeing on every filled cell.",RESOLVED,A+B+ADJUDICATOR,b2e06d492dceca8b867aac1fe20a93724668dd623d6f3a714882afac32b4c59e
dcfb1f6ea6d8d5bda3a0,SRC384,2,PAIR_AF3F4B380F1BAA9D492E2C55,CLASSIFICATION_CONFLICT,187,199,source_section|metric_category|metric_name|method|fee_basis,MERGE,"source_section: pages 2-4 print no section heading (only the running header 'INVESTMENTS COMMITTEE -n- I1 / May 13, 2025' and the figure captions), so blank is right there; page 1 prints EXECUTIVE SUMMARY. Confirmed on the page images. Value Added is the portfolio's return minus its benchmark's, so metric_category is alpha, and it is a measure row, so metric_name is the printed row label 'Value Added'. Backfill 2026-09-01: the qualifier columns the other lane filled are carried, the lanes agreeing on every filled cell.",RESOLVED,A+B+ADJUDICATOR,b2e06d492dceca8b867aac1fe20a93724668dd623d6f3a714882afac32b4c59e
bc4985d4a2beec6a2e8b,SRC384,2,PAIR_71ABAFE27E7D66060B03E617,CLASSIFICATION_CONFLICT,188,200,source_section|metric_category|metric_name|method|fee_basis,MERGE,"source_section: pages 2-4 print no section heading (only the running header 'INVESTMENTS COMMITTEE -n- I1 / May 13, 2025' and the figure captions), so blank is right there; page 1 prints EXECUTIVE SUMMARY. Confirmed on the page images. Value Added is the portfolio's return minus its benchmark's, so metric_category is alpha, and it is a measure row, so metric_name is the printed row label 'Value Added'. Backfill 2026-09-01: the qualifier columns the other lane filled are carried, the lanes agreeing on every filled cell.",RESOLVED,A+B+ADJUDICATOR,b2e06d492dceca8b867aac1fe20a93724668dd623d6f3a714882afac32b4c59e
47c04a3bffce3a16aa84,SRC384,2,PAIR_CFE0A77FAB3320BB0351E9F6,CLASSIFICATION_CONFLICT,189,201,source_section|metric_category|metric_name|method|fee_basis,MERGE,"source_section: pages 2-4 print no section heading (only the running header 'INVESTMENTS COMMITTEE -n- I1 / May 13, 2025' and the figure captions), so blank is right there; page 1 prints EXECUTIVE SUMMARY. Confirmed on the page images. Value Added is the portfolio's return minus its benchmark's, so metric_category is alpha, and it is a measure row, so metric_name is the printed row label 'Value Added'. Backfill 2026-09-01: the qualifier columns the other lane filled are carried, the lanes agreeing on every filled cell.",RESOLVED,A+B+ADJUDICATOR,b2e06d492dceca8b867aac1fe20a93724668dd623d6f3a714882afac32b4c59e
9a3224c764fe6638eae2,SRC384,2,PAIR_ED5C2A936B84FE0A957CC85E,CLASSIFICATION_CONFLICT,190,202,source_section|metric_category|metric_name|method|fee_basis,MERGE,"source_section: pages 2-4 print no section heading (only the running header 'INVESTMENTS COMMITTEE -n- I1 / May 13, 2025' and the figure captions), so blank is right there; page 1 prints EXECUTIVE SUMMARY. Confirmed on the page images. Value Added is the portfolio's return minus its benchmark's, so metric_category is alpha, and it is a measure row, so metric_name is the printed row label 'Value Added'. Backfill 2026-09-01: the qualifier columns the other lane filled are carried, the lanes agreeing on every filled cell.",RESOLVED,A+B+ADJUDICATOR,b2e06d492dceca8b867aac1fe20a93724668dd623d6f3a714882afac32b4c59e
ddaf1eb8fed166c8dcc3,SRC384,2,PAIR_F250A2B80AA63C605F2812FD,CLASSIFICATION_CONFLICT,191,203,source_section|metric_category|metric_name|method|fee_basis,MERGE,"source_section: pages 2-4 print no section heading (only the running header 'INVESTMENTS COMMITTEE -n- I1 / May 13, 2025' and the figure captions), so blank is right there; page 1 prints EXECUTIVE SUMMARY. Confirmed on the page images. Value Added is the portfolio's return minus its benchmark's, so metric_category is alpha, and it is a measure row, so metric_name is the printed row label 'Value Added'. Backfill 2026-09-01: the qualifier columns the other lane filled are carried, the lanes agreeing on every filled cell.",RESOLVED,A+B+ADJUDICATOR,b2e06d492dceca8b867aac1fe20a93724668dd623d6f3a714882afac32b4c59e
5f215caf9c8b01e1b3a2,SRC384,2,PAIR_963C75D71B4D918F4DC6AD18,CLASSIFICATION_CONFLICT,192,204,source_section|metric_category|metric_name|method|fee_basis,MERGE,"source_section: pages 2-4 print no section heading (only the running header 'INVESTMENTS COMMITTEE -n- I1 / May 13, 2025' and the figure captions), so blank is right there; page 1 prints EXECUTIVE SUMMARY. Confirmed on the page images. Value Added is the portfolio's return minus its benchmark's, so metric_category is alpha, and it is a measure row, so metric_name is the printed row label 'Value Added'. Backfill 2026-09-01: the qualifier columns the other lane filled are carried, the lanes agreeing on every filled cell.",RESOLVED,A+B+ADJUDICATOR,b2e06d492dceca8b867aac1fe20a93724668dd623d6f3a714882afac32b4c59e
8889e652de22c3e81a15,SRC384,2,PAIR_9A5E402773FA3D4803095176,CLASSIFICATION_CONFLICT,193,205,source_section|metric_category|metric_name|method|fee_basis,MERGE,"source_section: pages 2-4 print no section heading (only the running header 'INVESTMENTS COMMITTEE -n- I1 / May 13, 2025' and the figure captions), so blank is right there; page 1 prints EXECUTIVE SUMMARY. Confirmed on the page images. Value Added is the portfolio's return minus its benchmark's, so metric_category is alpha, and it is a measure row, so metric_name is the printed row label 'Value Added'. Backfill 2026-09-01: the qualifier columns the other lane filled are carried, the lanes agreeing on every filled cell.",RESOLVED,A+B+ADJUDICATOR,b2e06d492dceca8b867aac1fe20a93724668dd623d6f3a714882afac32b4c59e
6f2860bf8b4dd8a2106a,SRC384,3,PAIR_69625BC52640BC5EA0D13556,B_ONLY,,206,,MERGE,"The page-3 sentence naming the pension's one-year return as net, verbatim; lane A's copy is rejected as a duplicate. The page-3 sentence naming the pension's one-year return as net, verbatim; lane A's copy is rejected as a duplicate. The page-3 sentence naming the pension's one-year return as net, verbatim; lane A's copy is rejected as a duplicate. Corrected 2026-09-02: the note names the pool the way every sibling row does, subject_type portfolio; lane B's fund label left three printed names unresolved in the entity tables. The page-3 sentence naming the pension's one-year return as net, verbatim; lane A's copy is rejected as a duplicate. Corrected 2026-09-02: the note names the pool the way every sibling row does, subject_type portfolio; lane B's fund label left three printed names unresolved in the entity tables.",RESOLVED,B+ADJUDICATOR,b2e06d492dceca8b867aac1fe20a93724668dd623d6f3a714882afac32b4c59e
ceec5af3a054051984bb,SRC384,3,PAIR_936345E81AB7DA9BFF90036D,CLASSIFICATION_CONFLICT,195,207,source_section|subject_type|subject_name|condition_raw|definition_keys,MERGE,"Both lanes captured the Annualized Returns banner of Figure 2. The rule under the banner starts at the 3 Year column, so lane A's condition_raw stands; the key follows lane B's naming, which the value rows cite; a printed note carries no subject. Both lanes captured the Annualized Returns banner of Figure 2. The rule under the banner starts at the 3 Year column, so lane A's condition_raw stands; the key follows lane B's naming, which the value rows cite; a printed note carries no subject. Both lanes captured the Annualized Returns banner of Figure 2. The rule under the banner starts at the 3 Year column, so lane A's condition_raw stands; the key follows lane B's naming, which the value rows cite; a printed note carries no subject. Both lanes captured the Annualized Returns banner of Figure 2. The rule under the banner starts at the 3 Year column, so lane A's condition_raw stands; the key follows lane B's naming, which the value rows cite; a printed note carries no subject.",RESOLVED,A+B+ADJUDICATOR,b2e06d492dceca8b867aac1fe20a93724668dd623d6f3a714882afac32b4c59e
a7d739bdeea283a21d50,SRC384,3,PAIR_AFD4658A5453DB813123D9C4,CLASSIFICATION_CONFLICT,196,208,source_section|subject_type|subject_name|condition_raw|definition_keys,MERGE,"Both lanes captured the Annualized Returns banner of Figure 3. The rule under the banner starts at the 3 Year column, so lane A's condition_raw stands; the key follows lane B's naming, which the value rows cite; a printed note carries no subject. Both lanes captured the Annualized Returns banner of Figure 3. The rule under the banner starts at the 3 Year column, so lane A's condition_raw stands; the key follows lane B's naming, which the value rows cite; a printed note carries no subject. Both lanes captured the Annualized Returns banner of Figure 3. The rule under the banner starts at the 3 Year column, so lane A's condition_raw stands; the key follows lane B's naming, which the value rows cite; a printed note carries no subject. Both lanes captured the Annualized Returns banner of Figure 3. The rule under the banner starts at the 3 Year column, so lane A's condition_raw stands; the key follows lane B's naming, which the value rows cite; a printed note carries no subject.",RESOLVED,A+B+ADJUDICATOR,b2e06d492dceca8b867aac1fe20a93724668dd623d6f3a714882afac32b4c59e
aeab99da0599403e5825,SRC384,3,PAIR_15D9A6519432066D58441CAD,B_ONLY,,209,,MERGE,"source_section: pages 2-4 print no section heading (only the running header 'INVESTMENTS COMMITTEE -n- I1 / May 13, 2025' and the figure captions), so blank is right there; page 1 prints EXECUTIVE SUMMARY. Confirmed on the page images. Narrative figures stated as fact for a named pool are eligible on every page of this document (both lanes extracted them on page 1); a pool's or plan's stated total assets is aum under performance_observation, never nav, which belongs to a capital-account table. subject_type: a pool or the owner's plan-level aggregate is portfolio, matching how both lanes typed Endowment, Blue & Gold, Pension, Total Plan and Short Term in the figures. Backfill 2026-09-01: qualifier columns filled from the lanes' agreed reading.",RESOLVED,B+ADJUDICATOR,b2e06d492dceca8b867aac1fe20a93724668dd623d6f3a714882afac32b4c59e
e86b8efd705423227aea,SRC384,3,PAIR_D7E6A90FFA54A0993E776042,B_ONLY,,210,,MERGE,"Upstream review: native page prints the number as a word; the raw word is retained and the number-word matrix supplies the same analytic number. source_section: pages 2-4 print no section heading (only the running header 'INVESTMENTS COMMITTEE -n- I1 / May 13, 2025' and the figure captions), so blank is right there; page 1 prints EXECUTIVE SUMMARY. Confirmed on the page images. subject_type: a pool or the owner's plan-level aggregate is portfolio, matching how both lanes typed Endowment, Blue & Gold, Pension, Total Plan and Short Term in the figures. Backfill 2026-09-01: qualifier columns filled from the lanes' agreed reading.",RESOLVED,B+ADJUDICATOR,b2e06d492dceca8b867aac1fe20a93724668dd623d6f3a714882afac32b4c59e
12174029617c83e1b34d,SRC384,3,PAIR_D926351B02B658DE173DB58C,B_ONLY,,211,,MERGE,"source_section: pages 2-4 print no section heading (only the running header 'INVESTMENTS COMMITTEE -n- I1 / May 13, 2025' and the figure captions), so blank is right there; page 1 prints EXECUTIVE SUMMARY. Confirmed on the page images. subject_type: a pool or the owner's plan-level aggregate is portfolio, matching how both lanes typed Endowment, Blue & Gold, Pension, Total Plan and Short Term in the figures. Backfill 2026-09-01: qualifier columns filled from the lanes' agreed reading.",RESOLVED,B+ADJUDICATOR,b2e06d492dceca8b867aac1fe20a93724668dd623d6f3a714882afac32b4c59e
5d28bb10c9e5f9af773e,SRC384,3,PAIR_18F557AB524C7A4176141356,B_ONLY,,212,,MERGE,"source_section: pages 2-4 print no section heading (only the running header 'INVESTMENTS COMMITTEE -n- I1 / May 13, 2025' and the figure captions), so blank is right there; page 1 prints EXECUTIVE SUMMARY. Confirmed on the page images. subject_type: a pool or the owner's plan-level aggregate is portfolio, matching how both lanes typed Endowment, Blue & Gold, Pension, Total Plan and Short Term in the figures. Backfill 2026-09-01: qualifier columns filled from the lanes' agreed reading.",RESOLVED,B+ADJUDICATOR,b2e06d492dceca8b867aac1fe20a93724668dd623d6f3a714882afac32b4c59e
2a3908dd4239801af7c8,SRC384,3,PAIR_445644EE105084A8097DD570,B_ONLY,,213,,MERGE,"source_section: pages 2-4 print no section heading (only the running header 'INVESTMENTS COMMITTEE -n- I1 / May 13, 2025' and the figure captions), so blank is right there; page 1 prints EXECUTIVE SUMMARY. Confirmed on the page images. subject_type: a pool or the owner's plan-level aggregate is portfolio, matching how both lanes typed Endowment, Blue & Gold, Pension, Total Plan and Short Term in the figures. Backfill 2026-09-01: qualifier columns filled from the lanes' agreed reading.",RESOLVED,B+ADJUDICATOR,b2e06d492dceca8b867aac1fe20a93724668dd623d6f3a714882afac32b4c59e
5caec2e6d9ce91332b46,SRC384,3,PAIR_D6B85269F152FDA542CA13C8,B_ONLY,,214,,MERGE,"source_section: pages 2-4 print no section heading (only the running header 'INVESTMENTS COMMITTEE -n- I1 / May 13, 2025' and the figure captions), so blank is right there; page 1 prints EXECUTIVE SUMMARY. Confirmed on the page images. subject_type: a pool or the owner's plan-level aggregate is portfolio, matching how both lanes typed Endowment, Blue & Gold, Pension, Total Plan and Short Term in the figures. Backfill 2026-09-01: qualifier columns filled from the lanes' agreed reading.",RESOLVED,B+ADJUDICATOR,b2e06d492dceca8b867aac1fe20a93724668dd623d6f3a714882afac32b4c59e
7e46a7e13c831a8f6300,SRC384,3,PAIR_4ACDF2845D1DF60217B5847E,CONTEXT_CONFLICT,197,215,source_section|metric_name|definition_keys|method,MERGE,"source_section: pages 2-4 print no section heading (only the running header 'INVESTMENTS COMMITTEE -n- I1 / May 13, 2025' and the figure captions), so blank is right there; page 1 prints EXECUTIVE SUMMARY. Confirmed on the page images. Backfill 2026-09-01: the 1 Year column sits left of the Annualized Returns rule, so no method is stated; the narrative names this one-year figure a net return, which the cited note carries.",RESOLVED,A+B+ADJUDICATOR,b2e06d492dceca8b867aac1fe20a93724668dd623d6f3a714882afac32b4c59e
6d25c188d0d13d78e47a,SRC384,3,PAIR_3B0BB4D029B9C5759C3D2DB7,CONTEXT_CONFLICT,198,216,source_section|metric_name|definition_keys,MERGE,"source_section: pages 2-4 print no section heading (only the running header 'INVESTMENTS COMMITTEE -n- I1 / May 13, 2025' and the figure captions), so blank is right there; page 1 prints EXECUTIVE SUMMARY. Confirmed on the page images. Backfill 2026-09-01: the lanes agree on the reading and differ on the key name or on which lane backed a scope; the citation follows the accepted note rows' keys, the narrative net readings lane B backed stand, and the scope lane A backed with the printed phrase stands.",RESOLVED,A+B+ADJUDICATOR,b2e06d492dceca8b867aac1fe20a93724668dd623d6f3a714882afac32b4c59e
1cbe0565f673100ff721,SRC384,3,PAIR_383DB955CC9D06BDAEC3CF54,CONTEXT_CONFLICT,199,217,source_section|metric_name,MERGE,"source_section: pages 2-4 print no section heading (only the running header 'INVESTMENTS COMMITTEE -n- I1 / May 13, 2025' and the figure captions), so blank is right there; page 1 prints EXECUTIVE SUMMARY. Confirmed on the page images. Backfill 2026-09-01: qualifier columns filled from the lanes' agreed reading.",RESOLVED,A+B+ADJUDICATOR,b2e06d492dceca8b867aac1fe20a93724668dd623d6f3a714882afac32b4c59e
adfa07ce928c1256a2a3,SRC384,3,PAIR_7C0ACB9DD03833C29ADB0349,CLASSIFICATION_CONFLICT,200,218,source_section|metric_category|basis_raw|value_scope,MERGE,"source_section: pages 2-4 print no section heading (only the running header 'INVESTMENTS COMMITTEE -n- I1 / May 13, 2025' and the figure captions), so blank is right there; page 1 prints EXECUTIVE SUMMARY. Confirmed on the page images. Market Value column on the total-plan row is the plan's stated total assets, so aum. Backfill 2026-09-01: the lanes agree on the reading and differ on the key name or on which lane backed a scope; the citation follows the accepted note rows' keys, the narrative net readings lane B backed stand, and the scope lane A backed with the printed phrase stands.; Source review: p3: Figure 2. Blue and Gold Endowment Pool as of March 31, 2025; Market Value in Millions ($) (The source states Market Value as the measurement basis; the entity or table heading remains in source context.)",RESOLVED,A+B+ADJUDICATOR,b2e06d492dceca8b867aac1fe20a93724668dd623d6f3a714882afac32b4c59e
72453b4771a3441c35db,SRC384,3,PAIR_B3A45A91ADA59692357922E8,CONTEXT_CONFLICT,201,219,source_section|metric_name|definition_keys|method,MERGE,"source_section: pages 2-4 print no section heading (only the running header 'INVESTMENTS COMMITTEE -n- I1 / May 13, 2025' and the figure captions), so blank is right there; page 1 prints EXECUTIVE SUMMARY. Confirmed on the page images. Backfill 2026-09-01: the 1 Year column sits left of the rule under the Annualized Returns banner on every figure, so the page states no method for it and it cites no banner; lane A's reading stands. Backfill 2026-09-01: qualifier columns filled from the lanes' agreed reading.",RESOLVED,A+B+ADJUDICATOR,b2e06d492dceca8b867aac1fe20a93724668dd623d6f3a714882afac32b4c59e
34b7737c8ceb25692e93,SRC384,3,PAIR_EC87BA3C600B8C1F52923741,CONTEXT_CONFLICT,202,220,source_section|metric_name|definition_keys,MERGE,"source_section: pages 2-4 print no section heading (only the running header 'INVESTMENTS COMMITTEE -n- I1 / May 13, 2025' and the figure captions), so blank is right there; page 1 prints EXECUTIVE SUMMARY. Confirmed on the page images. Backfill 2026-09-01: the lanes agree on the reading and differ on the key name or on which lane backed a scope; the citation follows the accepted note rows' keys, the narrative net readings lane B backed stand, and the scope lane A backed with the printed phrase stands.",RESOLVED,A+B+ADJUDICATOR,b2e06d492dceca8b867aac1fe20a93724668dd623d6f3a714882afac32b4c59e
56d92e03e77212b949ed,SRC384,3,PAIR_00CEFF579F1895B59287E1B8,CONTEXT_CONFLICT,203,221,source_section|metric_name,MERGE,"source_section: pages 2-4 print no section heading (only the running header 'INVESTMENTS COMMITTEE -n- I1 / May 13, 2025' and the figure captions), so blank is right there; page 1 prints EXECUTIVE SUMMARY. Confirmed on the page images. Backfill 2026-09-01: qualifier columns filled from the lanes' agreed reading.",RESOLVED,A+B+ADJUDICATOR,b2e06d492dceca8b867aac1fe20a93724668dd623d6f3a714882afac32b4c59e
a603679109e784e1d634,SRC384,3,PAIR_16C3C7FBF690A3CB30356A63,CLASSIFICATION_CONFLICT,204,222,source_section|metric_category|basis_raw|value_scope,MERGE,"source_section: pages 2-4 print no section heading (only the running header 'INVESTMENTS COMMITTEE -n- I1 / May 13, 2025' and the figure captions), so blank is right there; page 1 prints EXECUTIVE SUMMARY. Confirmed on the page images. Backfill 2026-09-01: the lanes agree on the reading and differ on the key name or on which lane backed a scope; the citation follows the accepted note rows' keys, the narrative net readings lane B backed stand, and the scope lane A backed with the printed phrase stands.; Source review: p3: Figure 2. Blue and Gold Endowment Pool as of March 31, 2025; Market Value in Millions ($) (The source states Market Value as the measurement basis; the entity or table heading remains in source context.)",RESOLVED,A+B+ADJUDICATOR,b2e06d492dceca8b867aac1fe20a93724668dd623d6f3a714882afac32b4c59e
984ad1e4366f4e7d8ece,SRC384,3,PAIR_18455E4F21F6DA6DF21C3AFB,CONTEXT_CONFLICT,205,223,source_section|metric_name|definition_keys|method,MERGE,"source_section: pages 2-4 print no section heading (only the running header 'INVESTMENTS COMMITTEE -n- I1 / May 13, 2025' and the figure captions), so blank is right there; page 1 prints EXECUTIVE SUMMARY. Confirmed on the page images. Backfill 2026-09-01: the 1 Year column sits left of the rule under the Annualized Returns banner on every figure, so the page states no method for it and it cites no banner; lane A's reading stands. Backfill 2026-09-01: qualifier columns filled from the lanes' agreed reading.",RESOLVED,A+B+ADJUDICATOR,b2e06d492dceca8b867aac1fe20a93724668dd623d6f3a714882afac32b4c59e
d463c19dace114262ab7,SRC384,3,PAIR_FCFFBD62A68253A7233DAFDF,CONTEXT_CONFLICT,206,224,source_section|metric_name|definition_keys,MERGE,"source_section: pages 2-4 print no section heading (only the running header 'INVESTMENTS COMMITTEE -n- I1 / May 13, 2025' and the figure captions), so blank is right there; page 1 prints EXECUTIVE SUMMARY. Confirmed on the page images. Backfill 2026-09-01: the lanes agree on the reading and differ on the key name or on which lane backed a scope; the citation follows the accepted note rows' keys, the narrative net readings lane B backed stand, and the scope lane A backed with the printed phrase stands.",RESOLVED,A+B+ADJUDICATOR,b2e06d492dceca8b867aac1fe20a93724668dd623d6f3a714882afac32b4c59e
897e310fb121481659b3,SRC384,3,PAIR_842381E2CF28D78AFDEE4930,CONTEXT_CONFLICT,207,225,source_section|metric_name,MERGE,"source_section: pages 2-4 print no section heading (only the running header 'INVESTMENTS COMMITTEE -n- I1 / May 13, 2025' and the figure captions), so blank is right there; page 1 prints EXECUTIVE SUMMARY. Confirmed on the page images. Backfill 2026-09-01: qualifier columns filled from the lanes' agreed reading.",RESOLVED,A+B+ADJUDICATOR,b2e06d492dceca8b867aac1fe20a93724668dd623d6f3a714882afac32b4c59e
1b08cc73218fb42f197d,SRC384,3,PAIR_B4A8F7BF49DD131AA6C02A5D,CONTEXT_CONFLICT,208,226,source_section|metric_name|definition_keys|method,MERGE,"source_section: pages 2-4 print no section heading (only the running header 'INVESTMENTS COMMITTEE -n- I1 / May 13, 2025' and the figure captions), so blank is right there; page 1 prints EXECUTIVE SUMMARY. Confirmed on the page images. Backfill 2026-09-01: the 1 Year column sits left of the rule under the Annualized Returns banner on every figure, so the page states no method for it and it cites no banner; lane A's reading stands. Backfill 2026-09-01: qualifier columns filled from the lanes' agreed reading.",RESOLVED,A+B+ADJUDICATOR,b2e06d492dceca8b867aac1fe20a93724668dd623d6f3a714882afac32b4c59e
1c8972d170a496d7d0ca,SRC384,3,PAIR_F2F42D2FD024BE2B72C4BFBD,CONTEXT_CONFLICT,209,227,source_section|metric_name|definition_keys,MERGE,"source_section: pages 2-4 print no section heading (only the running header 'INVESTMENTS COMMITTEE -n- I1 / May 13, 2025' and the figure captions), so blank is right there; page 1 prints EXECUTIVE SUMMARY. Confirmed on the page images. Backfill 2026-09-01: the lanes agree on the reading and differ on the key name or on which lane backed a scope; the citation follows the accepted note rows' keys, the narrative net readings lane B backed stand, and the scope lane A backed with the printed phrase stands.",RESOLVED,A+B+ADJUDICATOR,b2e06d492dceca8b867aac1fe20a93724668dd623d6f3a714882afac32b4c59e
6fe6b867ca36452f7f0d,SRC384,3,PAIR_D1EBA246C04FC7EDABAA7A53,CONTEXT_CONFLICT,210,228,source_section|metric_name,MERGE,"source_section: pages 2-4 print no section heading (only the running header 'INVESTMENTS COMMITTEE -n- I1 / May 13, 2025' and the figure captions), so blank is right there; page 1 prints EXECUTIVE SUMMARY. Confirmed on the page images. Backfill 2026-09-01: qualifier columns filled from the lanes' agreed reading.",RESOLVED,A+B+ADJUDICATOR,b2e06d492dceca8b867aac1fe20a93724668dd623d6f3a714882afac32b4c59e
d879b1bb19efa469499a,SRC384,3,PAIR_85FC3044636E711E48DA03AF,CLASSIFICATION_CONFLICT,211,229,source_section|metric_category|basis_raw|value_scope,MERGE,"source_section: pages 2-4 print no section heading (only the running header 'INVESTMENTS COMMITTEE -n- I1 / May 13, 2025' and the figure captions), so blank is right there; page 1 prints EXECUTIVE SUMMARY. Confirmed on the page images. Backfill 2026-09-01: the lanes agree on the reading and differ on the key name or on which lane backed a scope; the citation follows the accepted note rows' keys, the narrative net readings lane B backed stand, and the scope lane A backed with the printed phrase stands.; Source review: p3: Figure 2. Blue and Gold Endowment Pool as of March 31, 2025; Market Value in Millions ($) (The source states Market Value as the measurement basis; the entity or table heading remains in source context.)",RESOLVED,A+B+ADJUDICATOR,b2e06d492dceca8b867aac1fe20a93724668dd623d6f3a714882afac32b4c59e
818408b945f0bb2bff03,SRC384,3,PAIR_52D15440A47D391D10CC24C7,CONTEXT_CONFLICT,212,230,source_section|metric_name|definition_keys|method,MERGE,"source_section: pages 2-4 print no section heading (only the running header 'INVESTMENTS COMMITTEE -n- I1 / May 13, 2025' and the figure captions), so blank is right there; page 1 prints EXECUTIVE SUMMARY. Confirmed on the page images. Backfill 2026-09-01: the 1 Year column sits left of the rule under the Annualized Returns banner on every figure, so the page states no method for it and it cites no banner; lane A's reading stands. Backfill 2026-09-01: qualifier columns filled from the lanes' agreed reading.",RESOLVED,A+B+ADJUDICATOR,b2e06d492dceca8b867aac1fe20a93724668dd623d6f3a714882afac32b4c59e
00eb6eb727f659260a84,SRC384,3,PAIR_110C70331E0114CD83E655F3,CONTEXT_CONFLICT,213,231,source_section|metric_name|definition_keys,MERGE,"source_section: pages 2-4 print no section heading (only the running header 'INVESTMENTS COMMITTEE -n- I1 / May 13, 2025' and the figure captions), so blank is right there; page 1 prints EXECUTIVE SUMMARY. Confirmed on the page images. Backfill 2026-09-01: the lanes agree on the reading and differ on the key name or on which lane backed a scope; the citation follows the accepted note rows' keys, the narrative net readings lane B backed stand, and the scope lane A backed with the printed phrase stands.",RESOLVED,A+B+ADJUDICATOR,b2e06d492dceca8b867aac1fe20a93724668dd623d6f3a714882afac32b4c59e
9f1d6b3d8b795568aeb2,SRC384,3,PAIR_73CAD7E8EF28A7E8FA09C2E2,CONTEXT_CONFLICT,214,232,source_section|metric_name,MERGE,"source_section: pages 2-4 print no section heading (only the running header 'INVESTMENTS COMMITTEE -n- I1 / May 13, 2025' and the figure captions), so blank is right there; page 1 prints EXECUTIVE SUMMARY. Confirmed on the page images. Backfill 2026-09-01: qualifier columns filled from the lanes' agreed reading.",RESOLVED,A+B+ADJUDICATOR,b2e06d492dceca8b867aac1fe20a93724668dd623d6f3a714882afac32b4c59e
ce62fbef30f50d27cdfd,SRC384,3,PAIR_6253352EA418BC979F84BE72,CONTEXT_CONFLICT,215,233,source_section|metric_name|definition_keys|method,MERGE,"source_section: pages 2-4 print no section heading (only the running header 'INVESTMENTS COMMITTEE -n- I1 / May 13, 2025' and the figure captions), so blank is right there; page 1 prints EXECUTIVE SUMMARY. Confirmed on the page images. Backfill 2026-09-01: the 1 Year column sits left of the rule under the Annualized Returns banner on every figure, so the page states no method for it and it cites no banner; lane A's reading stands. Backfill 2026-09-01: qualifier columns filled from the lanes' agreed reading.",RESOLVED,A+B+ADJUDICATOR,b2e06d492dceca8b867aac1fe20a93724668dd623d6f3a714882afac32b4c59e
cce6b35200b2f1351d05,SRC384,3,PAIR_5E650BB2B24EBEB4466CCC3B,CONTEXT_CONFLICT,216,234,source_section|metric_name|definition_keys,MERGE,"source_section: pages 2-4 print no section heading (only the running header 'INVESTMENTS COMMITTEE -n- I1 / May 13, 2025' and the figure captions), so blank is right there; page 1 prints EXECUTIVE SUMMARY. Confirmed on the page images. Backfill 2026-09-01: the lanes agree on the reading and differ on the key name or on which lane backed a scope; the citation follows the accepted note rows' keys, the narrative net readings lane B backed stand, and the scope lane A backed with the printed phrase stands.",RESOLVED,A+B+ADJUDICATOR,b2e06d492dceca8b867aac1fe20a93724668dd623d6f3a714882afac32b4c59e
bcd189fb75c93450f243,SRC384,3,PAIR_AB8D89FB5FEB6CE89435E8C0,CONTEXT_CONFLICT,217,235,source_section|metric_name,MERGE,"source_section: pages 2-4 print no section heading (only the running header 'INVESTMENTS COMMITTEE -n- I1 / May 13, 2025' and the figure captions), so blank is right there; page 1 prints EXECUTIVE SUMMARY. Confirmed on the page images. Backfill 2026-09-01: qualifier columns filled from the lanes' agreed reading.",RESOLVED,A+B+ADJUDICATOR,b2e06d492dceca8b867aac1fe20a93724668dd623d6f3a714882afac32b4c59e
f2fd8a9363c565adbc9c,SRC384,3,PAIR_DBB525DBC14F76EBDFB3022E,CLASSIFICATION_CONFLICT,218,236,source_section|metric_category|metric_name|definition_keys|method|fee_basis,MERGE,"source_section: pages 2-4 print no section heading (only the running header 'INVESTMENTS COMMITTEE -n- I1 / May 13, 2025' and the figure captions), so blank is right there; page 1 prints EXECUTIVE SUMMARY. Confirmed on the page images. Value Added is the portfolio's return minus its benchmark's, so metric_category is alpha, and it is a measure row, so metric_name is the printed row label 'Value Added'. Backfill 2026-09-01: the qualifier columns the other lane filled are carried, the lanes agreeing on every filled cell.",RESOLVED,A+B+ADJUDICATOR,b2e06d492dceca8b867aac1fe20a93724668dd623d6f3a714882afac32b4c59e
5d0faa996b38453da3da,SRC384,3,PAIR_F83E810C150D34C68A2FBE3E,CLASSIFICATION_CONFLICT,219,237,source_section|metric_category|metric_name|definition_keys|method|fee_basis,MERGE,"source_section: pages 2-4 print no section heading (only the running header 'INVESTMENTS COMMITTEE -n- I1 / May 13, 2025' and the figure captions), so blank is right there; page 1 prints EXECUTIVE SUMMARY. Confirmed on the page images. Value Added is the portfolio's return minus its benchmark's, so metric_category is alpha, and it is a measure row, so metric_name is the printed row label 'Value Added'. Backfill 2026-09-01: the qualifier columns the other lane filled are carried, the lanes agreeing on every filled cell.",RESOLVED,A+B+ADJUDICATOR,b2e06d492dceca8b867aac1fe20a93724668dd623d6f3a714882afac32b4c59e
ca8df299c0796b3cbd00,SRC384,3,PAIR_C37C8478EE484244EC295332,CLASSIFICATION_CONFLICT,220,238,source_section|metric_category|metric_name|definition_keys|method|fee_basis,MERGE,"source_section: pages 2-4 print no section heading (only the running header 'INVESTMENTS COMMITTEE -n- I1 / May 13, 2025' and the figure captions), so blank is right there; page 1 prints EXECUTIVE SUMMARY. Confirmed on the page images. Value Added is the portfolio's return minus its benchmark's, so metric_category is alpha, and it is a measure row, so metric_name is the printed row label 'Value Added'. Backfill 2026-09-01: the qualifier columns the other lane filled are carried, the lanes agreeing on every filled cell.",RESOLVED,A+B+ADJUDICATOR,b2e06d492dceca8b867aac1fe20a93724668dd623d6f3a714882afac32b4c59e
5ffcee8576f5857526ef,SRC384,3,PAIR_3BAE7599711EF15ED3195A82,CLASSIFICATION_CONFLICT,221,239,source_section|metric_category|metric_name|definition_keys|method|fee_basis,MERGE,"source_section: pages 2-4 print no section heading (only the running header 'INVESTMENTS COMMITTEE -n- I1 / May 13, 2025' and the figure captions), so blank is right there; page 1 prints EXECUTIVE SUMMARY. Confirmed on the page images. Value Added is the portfolio's return minus its benchmark's, so metric_category is alpha, and it is a measure row, so metric_name is the printed row label 'Value Added'. Backfill 2026-09-01: the lanes agree on the reading and differ on the key name or on which lane backed a scope; the citation follows the accepted note rows' keys, the narrative net readings lane B backed stand, and the scope lane A backed with the printed phrase stands.",RESOLVED,A+B+ADJUDICATOR,b2e06d492dceca8b867aac1fe20a93724668dd623d6f3a714882afac32b4c59e
8f5408e183bd7e8d6de4,SRC384,3,PAIR_26CE6D55CE6609A3A8D66BDA,CLASSIFICATION_CONFLICT,222,240,source_section|metric_category|metric_name|definition_keys|method|fee_basis,MERGE,"source_section: pages 2-4 print no section heading (only the running header 'INVESTMENTS COMMITTEE -n- I1 / May 13, 2025' and the figure captions), so blank is right there; page 1 prints EXECUTIVE SUMMARY. Confirmed on the page images. Value Added is the portfolio's return minus its benchmark's, so metric_category is alpha, and it is a measure row, so metric_name is the printed row label 'Value Added'. Backfill 2026-09-01: the lanes agree on the reading and differ on the key name or on which lane backed a scope; the citation follows the accepted note rows' keys, the narrative net readings lane B backed stand, and the scope lane A backed with the printed phrase stands.",RESOLVED,A+B+ADJUDICATOR,b2e06d492dceca8b867aac1fe20a93724668dd623d6f3a714882afac32b4c59e
2e92b83db2f54236b099,SRC384,3,PAIR_A88923064AAC80C7461C2A75,CLASSIFICATION_CONFLICT,223,241,source_section|metric_category|metric_name|definition_keys|method|fee_basis,MERGE,"source_section: pages 2-4 print no section heading (only the running header 'INVESTMENTS COMMITTEE -n- I1 / May 13, 2025' and the figure captions), so blank is right there; page 1 prints EXECUTIVE SUMMARY. Confirmed on the page images. Value Added is the portfolio's return minus its benchmark's, so metric_category is alpha, and it is a measure row, so metric_name is the printed row label 'Value Added'. Backfill 2026-09-01: the lanes agree on the reading and differ on the key name or on which lane backed a scope; the citation follows the accepted note rows' keys, the narrative net readings lane B backed stand, and the scope lane A backed with the printed phrase stands.",RESOLVED,A+B+ADJUDICATOR,b2e06d492dceca8b867aac1fe20a93724668dd623d6f3a714882afac32b4c59e
3873d1c287b1660f9438,SRC384,3,PAIR_EE5BF878685403AD98C0D055,CLASSIFICATION_CONFLICT,224,242,source_section|metric_category|metric_name|method|fee_basis,MERGE,"source_section: pages 2-4 print no section heading (only the running header 'INVESTMENTS COMMITTEE -n- I1 / May 13, 2025' and the figure captions), so blank is right there; page 1 prints EXECUTIVE SUMMARY. Confirmed on the page images. Value Added is the portfolio's return minus its benchmark's, so metric_category is alpha, and it is a measure row, so metric_name is the printed row label 'Value Added'. Backfill 2026-09-01: the qualifier columns the other lane filled are carried, the lanes agreeing on every filled cell.",RESOLVED,A+B+ADJUDICATOR,b2e06d492dceca8b867aac1fe20a93724668dd623d6f3a714882afac32b4c59e
faef0ce54338611ed895,SRC384,3,PAIR_AB292DC58FC9BCB500C9405C,CLASSIFICATION_CONFLICT,225,243,source_section|metric_category|metric_name|method|fee_basis,MERGE,"source_section: pages 2-4 print no section heading (only the running header 'INVESTMENTS COMMITTEE -n- I1 / May 13, 2025' and the figure captions), so blank is right there; page 1 prints EXECUTIVE SUMMARY. Confirmed on the page images. Value Added is the portfolio's return minus its benchmark's, so metric_category is alpha, and it is a measure row, so metric_name is the printed row label 'Value Added'. Backfill 2026-09-01: the qualifier columns the other lane filled are carried, the lanes agreeing on every filled cell.",RESOLVED,A+B+ADJUDICATOR,b2e06d492dceca8b867aac1fe20a93724668dd623d6f3a714882afac32b4c59e
1fc30b5aa736ddbf9247,SRC384,3,PAIR_699A678729F24EDF74030431,CLASSIFICATION_CONFLICT,226,244,source_section|metric_category|metric_name|method|fee_basis,MERGE,"source_section: pages 2-4 print no section heading (only the running header 'INVESTMENTS COMMITTEE -n- I1 / May 13, 2025' and the figure captions), so blank is right there; page 1 prints EXECUTIVE SUMMARY. Confirmed on the page images. Value Added is the portfolio's return minus its benchmark's, so metric_category is alpha, and it is a measure row, so metric_name is the printed row label 'Value Added'. Backfill 2026-09-01: the qualifier columns the other lane filled are carried, the lanes agreeing on every filled cell.",RESOLVED,A+B+ADJUDICATOR,b2e06d492dceca8b867aac1fe20a93724668dd623d6f3a714882afac32b4c59e
9b9af0e73c9174877ba0,SRC384,3,PAIR_C43B8209DD0CDB78E64559D7,CONTEXT_CONFLICT,227,245,source_section|metric_name|definition_keys|method,MERGE,"source_section: pages 2-4 print no section heading (only the running header 'INVESTMENTS COMMITTEE -n- I1 / May 13, 2025' and the figure captions), so blank is right there; page 1 prints EXECUTIVE SUMMARY. Confirmed on the page images. Backfill 2026-09-01: the 1 Year column sits left of the rule under the Annualized Returns banner on every figure, so the page states no method for it and it cites no banner; lane A's reading stands. Backfill 2026-09-01: qualifier columns filled from the lanes' agreed reading.",RESOLVED,A+B+ADJUDICATOR,b2e06d492dceca8b867aac1fe20a93724668dd623d6f3a714882afac32b4c59e
65bf7d900f92eb79098f,SRC384,3,PAIR_345A808930AB4A2F41090A97,CONTEXT_CONFLICT,228,246,source_section|metric_name|definition_keys,MERGE,"source_section: pages 2-4 print no section heading (only the running header 'INVESTMENTS COMMITTEE -n- I1 / May 13, 2025' and the figure captions), so blank is right there; page 1 prints EXECUTIVE SUMMARY. Confirmed on the page images. Backfill 2026-09-01: the lanes agree on the reading and differ on the key name or on which lane backed a scope; the citation follows the accepted note rows' keys, the narrative net readings lane B backed stand, and the scope lane A backed with the printed phrase stands.",RESOLVED,A+B+ADJUDICATOR,b2e06d492dceca8b867aac1fe20a93724668dd623d6f3a714882afac32b4c59e
41294261a647ee73dd3c,SRC384,3,PAIR_432CE00E8F7D8AFF2AF72FB8,CONTEXT_CONFLICT,229,247,source_section|metric_name|definition_keys,MERGE,"source_section: pages 2-4 print no section heading (only the running header 'INVESTMENTS COMMITTEE -n- I1 / May 13, 2025' and the figure captions), so blank is right there; page 1 prints EXECUTIVE SUMMARY. Confirmed on the page images. Backfill 2026-09-01: the lanes agree on the reading and differ on the key name or on which lane backed a scope; the citation follows the accepted note rows' keys, the narrative net readings lane B backed stand, and the scope lane A backed with the printed phrase stands.",RESOLVED,A+B+ADJUDICATOR,b2e06d492dceca8b867aac1fe20a93724668dd623d6f3a714882afac32b4c59e
377d5871448f254f7db6,SRC384,3,PAIR_9E99474219C03DFF60C5021A,CONTEXT_CONFLICT,230,248,source_section|metric_name|definition_keys,MERGE,"source_section: pages 2-4 print no section heading (only the running header 'INVESTMENTS COMMITTEE -n- I1 / May 13, 2025' and the figure captions), so blank is right there; page 1 prints EXECUTIVE SUMMARY. Confirmed on the page images. Backfill 2026-09-01: the lanes agree on the reading and differ on the key name or on which lane backed a scope; the citation follows the accepted note rows' keys, the narrative net readings lane B backed stand, and the scope lane A backed with the printed phrase stands.",RESOLVED,A+B+ADJUDICATOR,b2e06d492dceca8b867aac1fe20a93724668dd623d6f3a714882afac32b4c59e
2bfdc18fa82723f575bd,SRC384,3,PAIR_20DA1324EC5B3B7CCC651662,CONTEXT_CONFLICT,231,249,source_section|metric_name|definition_keys,MERGE,"source_section: pages 2-4 print no section heading (only the running header 'INVESTMENTS COMMITTEE -n- I1 / May 13, 2025' and the figure captions), so blank is right there; page 1 prints EXECUTIVE SUMMARY. Confirmed on the page images. Backfill 2026-09-01: the lanes agree on the reading and differ on the key name or on which lane backed a scope; the citation follows the accepted note rows' keys, the narrative net readings lane B backed stand, and the scope lane A backed with the printed phrase stands.",RESOLVED,A+B+ADJUDICATOR,b2e06d492dceca8b867aac1fe20a93724668dd623d6f3a714882afac32b4c59e
827400402b307806ffdf,SRC384,3,PAIR_3327880A8D43D11D0DCD07FE,CONTEXT_CONFLICT,232,250,source_section|metric_name,MERGE,"source_section: pages 2-4 print no section heading (only the running header 'INVESTMENTS COMMITTEE -n- I1 / May 13, 2025' and the figure captions), so blank is right there; page 1 prints EXECUTIVE SUMMARY. Confirmed on the page images. Backfill 2026-09-01: qualifier columns filled from the lanes' agreed reading.",RESOLVED,A+B+ADJUDICATOR,b2e06d492dceca8b867aac1fe20a93724668dd623d6f3a714882afac32b4c59e
41a27be812850158ba1f,SRC384,3,PAIR_56718AC4D2BB2FC33A9B1779,CLASSIFICATION_CONFLICT,233,251,source_section|metric_category|basis_raw|value_scope,MERGE,"source_section: pages 2-4 print no section heading (only the running header 'INVESTMENTS COMMITTEE -n- I1 / May 13, 2025' and the figure captions), so blank is right there; page 1 prints EXECUTIVE SUMMARY. Confirmed on the page images. Backfill 2026-09-01: the lanes agree on the reading and differ on the key name or on which lane backed a scope; the citation follows the accepted note rows' keys, the narrative net readings lane B backed stand, and the scope lane A backed with the printed phrase stands.; Source review: p3: Figure 3. Pension as of March 31, 2025; Market Value in Millions ($) (The source states Market Value as the measurement basis; the entity or table heading remains in source context.)",RESOLVED,A+B+ADJUDICATOR,b2e06d492dceca8b867aac1fe20a93724668dd623d6f3a714882afac32b4c59e
2785ef4f6eb3d9c23c49,SRC384,3,PAIR_3D0F306189C5C093C109D255,CONTEXT_CONFLICT,234,252,source_section|metric_name|definition_keys|method,MERGE,"source_section: pages 2-4 print no section heading (only the running header 'INVESTMENTS COMMITTEE -n- I1 / May 13, 2025' and the figure captions), so blank is right there; page 1 prints EXECUTIVE SUMMARY. Confirmed on the page images. Backfill 2026-09-01: the 1 Year column sits left of the rule under the Annualized Returns banner on every figure, so the page states no method for it and it cites no banner; lane A's reading stands. Backfill 2026-09-01: qualifier columns filled from the lanes' agreed reading.",RESOLVED,A+B+ADJUDICATOR,b2e06d492dceca8b867aac1fe20a93724668dd623d6f3a714882afac32b4c59e
e23efdf3ef2b6e94f08d,SRC384,3,PAIR_574A43EEAF917095EA59E86A,CONTEXT_CONFLICT,235,253,source_section|metric_name|definition_keys,MERGE,"source_section: pages 2-4 print no section heading (only the running header 'INVESTMENTS COMMITTEE -n- I1 / May 13, 2025' and the figure captions), so blank is right there; page 1 prints EXECUTIVE SUMMARY. Confirmed on the page images. Backfill 2026-09-01: the lanes agree on the reading and differ on the key name or on which lane backed a scope; the citation follows the accepted note rows' keys, the narrative net readings lane B backed stand, and the scope lane A backed with the printed phrase stands.",RESOLVED,A+B+ADJUDICATOR,b2e06d492dceca8b867aac1fe20a93724668dd623d6f3a714882afac32b4c59e
90731b5e72e6d96e7849,SRC384,3,PAIR_4E140D85588102DB2C104977,CONTEXT_CONFLICT,236,254,source_section|metric_name|definition_keys,MERGE,"source_section: pages 2-4 print no section heading (only the running header 'INVESTMENTS COMMITTEE -n- I1 / May 13, 2025' and the figure captions), so blank is right there; page 1 prints EXECUTIVE SUMMARY. Confirmed on the page images. Backfill 2026-09-01: the lanes agree on the reading and differ on the key name or on which lane backed a scope; the citation follows the accepted note rows' keys, the narrative net readings lane B backed stand, and the scope lane A backed with the printed phrase stands.",RESOLVED,A+B+ADJUDICATOR,b2e06d492dceca8b867aac1fe20a93724668dd623d6f3a714882afac32b4c59e
1d9b97ea98bcc61b28df,SRC384,3,PAIR_095BFE039D7E3A1AC90BF0AF,CONTEXT_CONFLICT,237,255,source_section|metric_name|definition_keys,MERGE,"source_section: pages 2-4 print no section heading (only the running header 'INVESTMENTS COMMITTEE -n- I1 / May 13, 2025' and the figure captions), so blank is right there; page 1 prints EXECUTIVE SUMMARY. Confirmed on the page images. Backfill 2026-09-01: the lanes agree on the reading and differ on the key name or on which lane backed a scope; the citation follows the accepted note rows' keys, the narrative net readings lane B backed stand, and the scope lane A backed with the printed phrase stands.",RESOLVED,A+B+ADJUDICATOR,b2e06d492dceca8b867aac1fe20a93724668dd623d6f3a714882afac32b4c59e
b842429f87a975000eb0,SRC384,3,PAIR_C6931749F9745FC4963CE4BA,CONTEXT_CONFLICT,238,256,source_section|metric_name|definition_keys,MERGE,"source_section: pages 2-4 print no section heading (only the running header 'INVESTMENTS COMMITTEE -n- I1 / May 13, 2025' and the figure captions), so blank is right there; page 1 prints EXECUTIVE SUMMARY. Confirmed on the page images. Backfill 2026-09-01: the lanes agree on the reading and differ on the key name or on which lane backed a scope; the citation follows the accepted note rows' keys, the narrative net readings lane B backed stand, and the scope lane A backed with the printed phrase stands.",RESOLVED,A+B+ADJUDICATOR,b2e06d492dceca8b867aac1fe20a93724668dd623d6f3a714882afac32b4c59e
69d7bc90a77924434183,SRC384,3,PAIR_AA02DC277B950E67272C5B16,CONTEXT_CONFLICT,239,257,source_section|metric_name,MERGE,"source_section: pages 2-4 print no section heading (only the running header 'INVESTMENTS COMMITTEE -n- I1 / May 13, 2025' and the figure captions), so blank is right there; page 1 prints EXECUTIVE SUMMARY. Confirmed on the page images. Backfill 2026-09-01: qualifier columns filled from the lanes' agreed reading.",RESOLVED,A+B+ADJUDICATOR,b2e06d492dceca8b867aac1fe20a93724668dd623d6f3a714882afac32b4c59e
aaba88e52601b088e9c6,SRC384,3,PAIR_51CE132AF60F9B50E1A98361,CONTEXT_CONFLICT,240,258,source_section|metric_name|definition_keys|method,MERGE,"source_section: pages 2-4 print no section heading (only the running header 'INVESTMENTS COMMITTEE -n- I1 / May 13, 2025' and the figure captions), so blank is right there; page 1 prints EXECUTIVE SUMMARY. Confirmed on the page images. Backfill 2026-09-01: the 1 Year column sits left of the rule under the Annualized Returns banner on every figure, so the page states no method for it and it cites no banner; lane A's reading stands. Backfill 2026-09-01: qualifier columns filled from the lanes' agreed reading.",RESOLVED,A+B+ADJUDICATOR,b2e06d492dceca8b867aac1fe20a93724668dd623d6f3a714882afac32b4c59e
21fcd930c4049fcdc499,SRC384,3,PAIR_16B2610C6E82099CE931CAD9,CONTEXT_CONFLICT,241,259,source_section|metric_name|definition_keys,MERGE,"source_section: pages 2-4 print no section heading (only the running header 'INVESTMENTS COMMITTEE -n- I1 / May 13, 2025' and the figure captions), so blank is right there; page 1 prints EXECUTIVE SUMMARY. Confirmed on the page images. Backfill 2026-09-01: the lanes agree on the reading and differ on the key name or on which lane backed a scope; the citation follows the accepted note rows' keys, the narrative net readings lane B backed stand, and the scope lane A backed with the printed phrase stands.",RESOLVED,A+B+ADJUDICATOR,b2e06d492dceca8b867aac1fe20a93724668dd623d6f3a714882afac32b4c59e
b22a2fab25b7a97a4a97,SRC384,3,PAIR_017E9CE3EA39D5E16848AB29,CONTEXT_CONFLICT,242,260,source_section|metric_name,MERGE,"source_section: pages 2-4 print no section heading (only the running header 'INVESTMENTS COMMITTEE -n- I1 / May 13, 2025' and the figure captions), so blank is right there; page 1 prints EXECUTIVE SUMMARY. Confirmed on the page images. Backfill 2026-09-01: qualifier columns filled from the lanes' agreed reading.",RESOLVED,A+B+ADJUDICATOR,b2e06d492dceca8b867aac1fe20a93724668dd623d6f3a714882afac32b4c59e
87f439fb7c064c6e5c03,SRC384,3,PAIR_05239BEFB7E1DE2B341B8F82,CLASSIFICATION_CONFLICT,243,261,source_section|metric_category|basis_raw|value_scope,MERGE,"source_section: pages 2-4 print no section heading (only the running header 'INVESTMENTS COMMITTEE -n- I1 / May 13, 2025' and the figure captions), so blank is right there; page 1 prints EXECUTIVE SUMMARY. Confirmed on the page images. Backfill 2026-09-01: the lanes agree on the reading and differ on the key name or on which lane backed a scope; the citation follows the accepted note rows' keys, the narrative net readings lane B backed stand, and the scope lane A backed with the printed phrase stands.; Source review: p3: Figure 3. Pension as of March 31, 2025; Market Value in Millions ($) (The source states Market Value as the measurement basis; the entity or table heading remains in source context.)",RESOLVED,A+B+ADJUDICATOR,b2e06d492dceca8b867aac1fe20a93724668dd623d6f3a714882afac32b4c59e
1ab8e7e2e7e47c2b1b85,SRC384,3,PAIR_85E23A597F8E3AC092867EEF,CONTEXT_CONFLICT,244,262,source_section|metric_name|definition_keys|method,MERGE,"source_section: pages 2-4 print no section heading (only the running header 'INVESTMENTS COMMITTEE -n- I1 / May 13, 2025' and the figure captions), so blank is right there; page 1 prints EXECUTIVE SUMMARY. Confirmed on the page images. Backfill 2026-09-01: the 1 Year column sits left of the rule under the Annualized Returns banner on every figure, so the page states no method for it and it cites no banner; lane A's reading stands. Backfill 2026-09-01: qualifier columns filled from the lanes' agreed reading.",RESOLVED,A+B+ADJUDICATOR,b2e06d492dceca8b867aac1fe20a93724668dd623d6f3a714882afac32b4c59e
88bb802ca327b47506b5,SRC384,3,PAIR_076485ACBEBF91E8BFFE96A9,CONTEXT_CONFLICT,245,263,source_section|metric_name|definition_keys,MERGE,"source_section: pages 2-4 print no section heading (only the running header 'INVESTMENTS COMMITTEE -n- I1 / May 13, 2025' and the figure captions), so blank is right there; page 1 prints EXECUTIVE SUMMARY. Confirmed on the page images. Backfill 2026-09-01: the lanes agree on the reading and differ on the key name or on which lane backed a scope; the citation follows the accepted note rows' keys, the narrative net readings lane B backed stand, and the scope lane A backed with the printed phrase stands.",RESOLVED,A+B+ADJUDICATOR,b2e06d492dceca8b867aac1fe20a93724668dd623d6f3a714882afac32b4c59e
4dd07d9ece39c97d4534,SRC384,3,PAIR_06520030E29166205D8D40A0,CONTEXT_CONFLICT,246,264,source_section|metric_name|definition_keys,MERGE,"source_section: pages 2-4 print no section heading (only the running header 'INVESTMENTS COMMITTEE -n- I1 / May 13, 2025' and the figure captions), so blank is right there; page 1 prints EXECUTIVE SUMMARY. Confirmed on the page images. Backfill 2026-09-01: the lanes agree on the reading and differ on the key name or on which lane backed a scope; the citation follows the accepted note rows' keys, the narrative net readings lane B backed stand, and the scope lane A backed with the printed phrase stands.",RESOLVED,A+B+ADJUDICATOR,b2e06d492dceca8b867aac1fe20a93724668dd623d6f3a714882afac32b4c59e
807a633f9b700c87e58a,SRC384,3,PAIR_3C8F08D820D17F3F18D23C84,CONTEXT_CONFLICT,247,265,source_section|metric_name|definition_keys,MERGE,"source_section: pages 2-4 print no section heading (only the running header 'INVESTMENTS COMMITTEE -n- I1 / May 13, 2025' and the figure captions), so blank is right there; page 1 prints EXECUTIVE SUMMARY. Confirmed on the page images. Backfill 2026-09-01: the lanes agree on the reading and differ on the key name or on which lane backed a scope; the citation follows the accepted note rows' keys, the narrative net readings lane B backed stand, and the scope lane A backed with the printed phrase stands.",RESOLVED,A+B+ADJUDICATOR,b2e06d492dceca8b867aac1fe20a93724668dd623d6f3a714882afac32b4c59e
cf0381f04eb035c1f7cc,SRC384,3,PAIR_BDA7438A8B46EC51D03E5E66,CONTEXT_CONFLICT,248,266,source_section|metric_name|definition_keys,MERGE,"source_section: pages 2-4 print no section heading (only the running header 'INVESTMENTS COMMITTEE -n- I1 / May 13, 2025' and the figure captions), so blank is right there; page 1 prints EXECUTIVE SUMMARY. Confirmed on the page images. Backfill 2026-09-01: the lanes agree on the reading and differ on the key name or on which lane backed a scope; the citation follows the accepted note rows' keys, the narrative net readings lane B backed stand, and the scope lane A backed with the printed phrase stands.",RESOLVED,A+B+ADJUDICATOR,b2e06d492dceca8b867aac1fe20a93724668dd623d6f3a714882afac32b4c59e
380d1f322472ce6bce4c,SRC384,3,PAIR_3AD7103BA2B062B5E08BCDFD,CONTEXT_CONFLICT,249,267,source_section|metric_name|definition_keys,MERGE,"source_section: pages 2-4 print no section heading (only the running header 'INVESTMENTS COMMITTEE -n- I1 / May 13, 2025' and the figure captions), so blank is right there; page 1 prints EXECUTIVE SUMMARY. Confirmed on the page images. Backfill 2026-09-01: the lanes agree on the reading and differ on the key name or on which lane backed a scope; the citation follows the accepted note rows' keys, the narrative net readings lane B backed stand, and the scope lane A backed with the printed phrase stands.",RESOLVED,A+B+ADJUDICATOR,b2e06d492dceca8b867aac1fe20a93724668dd623d6f3a714882afac32b4c59e
9318cca8dc0fc86547df,SRC384,3,PAIR_89508836C467DF7A930A009C,CONTEXT_CONFLICT,250,268,source_section|metric_name|definition_keys,MERGE,"source_section: pages 2-4 print no section heading (only the running header 'INVESTMENTS COMMITTEE -n- I1 / May 13, 2025' and the figure captions), so blank is right there; page 1 prints EXECUTIVE SUMMARY. Confirmed on the page images. Backfill 2026-09-01: the lanes agree on the reading and differ on the key name or on which lane backed a scope; the citation follows the accepted note rows' keys, the narrative net readings lane B backed stand, and the scope lane A backed with the printed phrase stands.",RESOLVED,A+B+ADJUDICATOR,b2e06d492dceca8b867aac1fe20a93724668dd623d6f3a714882afac32b4c59e
91c6fc001c2c1c50ea35,SRC384,3,PAIR_2C4DFF9809FDCE5D7E9550EC,CONTEXT_CONFLICT,251,269,source_section|metric_name|definition_keys,MERGE,"source_section: pages 2-4 print no section heading (only the running header 'INVESTMENTS COMMITTEE -n- I1 / May 13, 2025' and the figure captions), so blank is right there; page 1 prints EXECUTIVE SUMMARY. Confirmed on the page images. Backfill 2026-09-01: the lanes agree on the reading and differ on the key name or on which lane backed a scope; the citation follows the accepted note rows' keys, the narrative net readings lane B backed stand, and the scope lane A backed with the printed phrase stands.",RESOLVED,A+B+ADJUDICATOR,b2e06d492dceca8b867aac1fe20a93724668dd623d6f3a714882afac32b4c59e
39614ac32a3e3e486e59,SRC384,3,PAIR_521436CED38C1985313F8853,CONTEXT_CONFLICT,252,270,source_section|metric_name,MERGE,"source_section: pages 2-4 print no section heading (only the running header 'INVESTMENTS COMMITTEE -n- I1 / May 13, 2025' and the figure captions), so blank is right there; page 1 prints EXECUTIVE SUMMARY. Confirmed on the page images. Backfill 2026-09-01: qualifier columns filled from the lanes' agreed reading.",RESOLVED,A+B+ADJUDICATOR,b2e06d492dceca8b867aac1fe20a93724668dd623d6f3a714882afac32b4c59e
dfd23ec1bd0f5aef64ef,SRC384,3,PAIR_940B1D1561C0744593466EC8,CLASSIFICATION_CONFLICT,253,271,source_section|metric_category|basis_raw|value_scope,MERGE,"source_section: pages 2-4 print no section heading (only the running header 'INVESTMENTS COMMITTEE -n- I1 / May 13, 2025' and the figure captions), so blank is right there; page 1 prints EXECUTIVE SUMMARY. Confirmed on the page images. Backfill 2026-09-01: the lanes agree on the reading and differ on the key name or on which lane backed a scope; the citation follows the accepted note rows' keys, the narrative net readings lane B backed stand, and the scope lane A backed with the printed phrase stands.; Source review: p3: Figure 3. Pension as of March 31, 2025; Market Value in Millions ($) (The source states Market Value as the measurement basis; the entity or table heading remains in source context.)",RESOLVED,A+B+ADJUDICATOR,b2e06d492dceca8b867aac1fe20a93724668dd623d6f3a714882afac32b4c59e
3a6d33f958f563863646,SRC384,3,PAIR_A8403996CA626E010451F866,CONTEXT_CONFLICT,254,272,source_section|metric_name|definition_keys|method,MERGE,"source_section: pages 2-4 print no section heading (only the running header 'INVESTMENTS COMMITTEE -n- I1 / May 13, 2025' and the figure captions), so blank is right there; page 1 prints EXECUTIVE SUMMARY. Confirmed on the page images. Backfill 2026-09-01: the 1 Year column sits left of the rule under the Annualized Returns banner on every figure, so the page states no method for it and it cites no banner; lane A's reading stands. Backfill 2026-09-01: qualifier columns filled from the lanes' agreed reading.",RESOLVED,A+B+ADJUDICATOR,b2e06d492dceca8b867aac1fe20a93724668dd623d6f3a714882afac32b4c59e
aa88ba92bbfbc6893a06,SRC384,3,PAIR_2CFA68580805679C60DB8C4F,CONTEXT_CONFLICT,255,273,source_section|metric_name|definition_keys,MERGE,"source_section: pages 2-4 print no section heading (only the running header 'INVESTMENTS COMMITTEE -n- I1 / May 13, 2025' and the figure captions), so blank is right there; page 1 prints EXECUTIVE SUMMARY. Confirmed on the page images. Backfill 2026-09-01: the lanes agree on the reading and differ on the key name or on which lane backed a scope; the citation follows the accepted note rows' keys, the narrative net readings lane B backed stand, and the scope lane A backed with the printed phrase stands.",RESOLVED,A+B+ADJUDICATOR,b2e06d492dceca8b867aac1fe20a93724668dd623d6f3a714882afac32b4c59e
44d72be4b68ab317cbbf,SRC384,3,PAIR_1DBD1040A6C8D09A5B29C6E4,CONTEXT_CONFLICT,256,274,source_section|metric_name|definition_keys,MERGE,"source_section: pages 2-4 print no section heading (only the running header 'INVESTMENTS COMMITTEE -n- I1 / May 13, 2025' and the figure captions), so blank is right there; page 1 prints EXECUTIVE SUMMARY. Confirmed on the page images. Backfill 2026-09-01: the lanes agree on the reading and differ on the key name or on which lane backed a scope; the citation follows the accepted note rows' keys, the narrative net readings lane B backed stand, and the scope lane A backed with the printed phrase stands.",RESOLVED,A+B+ADJUDICATOR,b2e06d492dceca8b867aac1fe20a93724668dd623d6f3a714882afac32b4c59e
3949ef1a200bc3ad3cff,SRC384,3,PAIR_04623A27D35DCBE5433985F3,CONTEXT_CONFLICT,257,275,source_section|metric_name|definition_keys,MERGE,"source_section: pages 2-4 print no section heading (only the running header 'INVESTMENTS COMMITTEE -n- I1 / May 13, 2025' and the figure captions), so blank is right there; page 1 prints EXECUTIVE SUMMARY. Confirmed on the page images. Backfill 2026-09-01: the lanes agree on the reading and differ on the key name or on which lane backed a scope; the citation follows the accepted note rows' keys, the narrative net readings lane B backed stand, and the scope lane A backed with the printed phrase stands.",RESOLVED,A+B+ADJUDICATOR,b2e06d492dceca8b867aac1fe20a93724668dd623d6f3a714882afac32b4c59e
d0dc127754471e49e182,SRC384,3,PAIR_DA6F2DC69AEC344C56A1E862,CONTEXT_CONFLICT,258,276,source_section|metric_name|definition_keys,MERGE,"source_section: pages 2-4 print no section heading (only the running header 'INVESTMENTS COMMITTEE -n- I1 / May 13, 2025' and the figure captions), so blank is right there; page 1 prints EXECUTIVE SUMMARY. Confirmed on the page images. Backfill 2026-09-01: the lanes agree on the reading and differ on the key name or on which lane backed a scope; the citation follows the accepted note rows' keys, the narrative net readings lane B backed stand, and the scope lane A backed with the printed phrase stands.",RESOLVED,A+B+ADJUDICATOR,b2e06d492dceca8b867aac1fe20a93724668dd623d6f3a714882afac32b4c59e
bc1455003901ada67671,SRC384,3,PAIR_49313DD6F1CAE1269D96560F,CONTEXT_CONFLICT,259,277,source_section|metric_name|definition_keys,MERGE,"source_section: pages 2-4 print no section heading (only the running header 'INVESTMENTS COMMITTEE -n- I1 / May 13, 2025' and the figure captions), so blank is right there; page 1 prints EXECUTIVE SUMMARY. Confirmed on the page images. Backfill 2026-09-01: the lanes agree on the reading and differ on the key name or on which lane backed a scope; the citation follows the accepted note rows' keys, the narrative net readings lane B backed stand, and the scope lane A backed with the printed phrase stands.",RESOLVED,A+B+ADJUDICATOR,b2e06d492dceca8b867aac1fe20a93724668dd623d6f3a714882afac32b4c59e
74e7b55907542a52b8f7,SRC384,3,PAIR_52F89868AE71BFE25B623E14,CONTEXT_CONFLICT,260,278,source_section|metric_name|definition_keys,MERGE,"source_section: pages 2-4 print no section heading (only the running header 'INVESTMENTS COMMITTEE -n- I1 / May 13, 2025' and the figure captions), so blank is right there; page 1 prints EXECUTIVE SUMMARY. Confirmed on the page images. Backfill 2026-09-01: the lanes agree on the reading and differ on the key name or on which lane backed a scope; the citation follows the accepted note rows' keys, the narrative net readings lane B backed stand, and the scope lane A backed with the printed phrase stands.",RESOLVED,A+B+ADJUDICATOR,b2e06d492dceca8b867aac1fe20a93724668dd623d6f3a714882afac32b4c59e
7015c3048a7270750ff3,SRC384,3,PAIR_466A04E88E087BC2F07877B8,CONTEXT_CONFLICT,261,279,source_section|metric_name|definition_keys,MERGE,"source_section: pages 2-4 print no section heading (only the running header 'INVESTMENTS COMMITTEE -n- I1 / May 13, 2025' and the figure captions), so blank is right there; page 1 prints EXECUTIVE SUMMARY. Confirmed on the page images. Backfill 2026-09-01: the lanes agree on the reading and differ on the key name or on which lane backed a scope; the citation follows the accepted note rows' keys, the narrative net readings lane B backed stand, and the scope lane A backed with the printed phrase stands.",RESOLVED,A+B+ADJUDICATOR,b2e06d492dceca8b867aac1fe20a93724668dd623d6f3a714882afac32b4c59e
1d80183fb6add5a5c9b2,SRC384,3,PAIR_4CA6CE83809E81CDFAF4C211,CONTEXT_CONFLICT,262,280,source_section|metric_name,MERGE,"source_section: pages 2-4 print no section heading (only the running header 'INVESTMENTS COMMITTEE -n- I1 / May 13, 2025' and the figure captions), so blank is right there; page 1 prints EXECUTIVE SUMMARY. Confirmed on the page images. Backfill 2026-09-01: qualifier columns filled from the lanes' agreed reading.",RESOLVED,A+B+ADJUDICATOR,b2e06d492dceca8b867aac1fe20a93724668dd623d6f3a714882afac32b4c59e
e96c0573d8c440f395b8,SRC384,3,PAIR_02530292D408A01ADC455325,CONTEXT_CONFLICT,263,281,source_section|metric_name|definition_keys|method,MERGE,"source_section: pages 2-4 print no section heading (only the running header 'INVESTMENTS COMMITTEE -n- I1 / May 13, 2025' and the figure captions), so blank is right there; page 1 prints EXECUTIVE SUMMARY. Confirmed on the page images. Backfill 2026-09-01: the 1 Year column sits left of the rule under the Annualized Returns banner on every figure, so the page states no method for it and it cites no banner; lane A's reading stands. Backfill 2026-09-01: qualifier columns filled from the lanes' agreed reading.",RESOLVED,A+B+ADJUDICATOR,b2e06d492dceca8b867aac1fe20a93724668dd623d6f3a714882afac32b4c59e
7bfe442ea145fcca5dfd,SRC384,3,PAIR_7797ECB8F522A7574C1FC5A1,CONTEXT_CONFLICT,264,282,source_section|source_occurrence|metric_name|definition_keys,MERGE,"source_section: pages 2-4 print no section heading (only the running header 'INVESTMENTS COMMITTEE -n- I1 / May 13, 2025' and the figure captions), so blank is right there; page 1 prints EXECUTIVE SUMMARY. Confirmed on the page images. Backfill 2026-09-01: the lanes agree on the reading and differ on the key name or on which lane backed a scope; the citation follows the accepted note rows' keys, the narrative net readings lane B backed stand, and the scope lane A backed with the printed phrase stands.",RESOLVED,A+B+ADJUDICATOR,b2e06d492dceca8b867aac1fe20a93724668dd623d6f3a714882afac32b4c59e
eab249a47cbe4dfa918b,SRC384,3,PAIR_1E5C8E315040DF8E9647FEF3,CONTEXT_CONFLICT,265,283,source_section|source_occurrence|metric_name|definition_keys,MERGE,"source_section: pages 2-4 print no section heading (only the running header 'INVESTMENTS COMMITTEE -n- I1 / May 13, 2025' and the figure captions), so blank is right there; page 1 prints EXECUTIVE SUMMARY. Confirmed on the page images. Backfill 2026-09-01: the lanes agree on the reading and differ on the key name or on which lane backed a scope; the citation follows the accepted note rows' keys, the narrative net readings lane B backed stand, and the scope lane A backed with the printed phrase stands.",RESOLVED,A+B+ADJUDICATOR,b2e06d492dceca8b867aac1fe20a93724668dd623d6f3a714882afac32b4c59e
3ef7838cf334caa4d2fb,SRC384,3,PAIR_DA4E72FC30AC27E149BEFE0A,CONTEXT_CONFLICT,266,284,source_section|source_occurrence|metric_name|definition_keys,MERGE,"source_section: pages 2-4 print no section heading (only the running header 'INVESTMENTS COMMITTEE -n- I1 / May 13, 2025' and the figure captions), so blank is right there; page 1 prints EXECUTIVE SUMMARY. Confirmed on the page images. Backfill 2026-09-01: the lanes agree on the reading and differ on the key name or on which lane backed a scope; the citation follows the accepted note rows' keys, the narrative net readings lane B backed stand, and the scope lane A backed with the printed phrase stands.",RESOLVED,A+B+ADJUDICATOR,b2e06d492dceca8b867aac1fe20a93724668dd623d6f3a714882afac32b4c59e
cf64a12a0c44517307ee,SRC384,3,PAIR_4371B5C360E45E7333BAD106,CONTEXT_CONFLICT,267,285,source_section|source_occurrence|metric_name|definition_keys,MERGE,"source_section: pages 2-4 print no section heading (only the running header 'INVESTMENTS COMMITTEE -n- I1 / May 13, 2025' and the figure captions), so blank is right there; page 1 prints EXECUTIVE SUMMARY. Confirmed on the page images. Backfill 2026-09-01: the lanes agree on the reading and differ on the key name or on which lane backed a scope; the citation follows the accepted note rows' keys, the narrative net readings lane B backed stand, and the scope lane A backed with the printed phrase stands.",RESOLVED,A+B+ADJUDICATOR,b2e06d492dceca8b867aac1fe20a93724668dd623d6f3a714882afac32b4c59e
429338bf4910025e1a6e,SRC384,3,PAIR_F5E3891162F7D926DD89886E,CONTEXT_CONFLICT,268,286,source_section|metric_name|definition_keys,MERGE,"source_section: pages 2-4 print no section heading (only the running header 'INVESTMENTS COMMITTEE -n- I1 / May 13, 2025' and the figure captions), so blank is right there; page 1 prints EXECUTIVE SUMMARY. Confirmed on the page images. Backfill 2026-09-01: the lanes agree on the reading and differ on the key name or on which lane backed a scope; the citation follows the accepted note rows' keys, the narrative net readings lane B backed stand, and the scope lane A backed with the printed phrase stands.",RESOLVED,A+B+ADJUDICATOR,b2e06d492dceca8b867aac1fe20a93724668dd623d6f3a714882afac32b4c59e
478669eadb1dad1b8ac8,SRC384,3,PAIR_4266FF2C93CE7716A4C9560E,CONTEXT_CONFLICT,269,287,source_section|source_occurrence|metric_name|definition_keys,MERGE,"source_section: pages 2-4 print no section heading (only the running header 'INVESTMENTS COMMITTEE -n- I1 / May 13, 2025' and the figure captions), so blank is right there; page 1 prints EXECUTIVE SUMMARY. Confirmed on the page images. Backfill 2026-09-01: the lanes agree on the reading and differ on the key name or on which lane backed a scope; the citation follows the accepted note rows' keys, the narrative net readings lane B backed stand, and the scope lane A backed with the printed phrase stands.",RESOLVED,A+B+ADJUDICATOR,b2e06d492dceca8b867aac1fe20a93724668dd623d6f3a714882afac32b4c59e
c6e9247d5a71dac4d1ab,SRC384,3,PAIR_237EEBB708124094FA34E63C,CONTEXT_CONFLICT,270,288,source_section|source_occurrence|metric_name|definition_keys,MERGE,"source_section: pages 2-4 print no section heading (only the running header 'INVESTMENTS COMMITTEE -n- I1 / May 13, 2025' and the figure captions), so blank is right there; page 1 prints EXECUTIVE SUMMARY. Confirmed on the page images. Backfill 2026-09-01: the lanes agree on the reading and differ on the key name or on which lane backed a scope; the citation follows the accepted note rows' keys, the narrative net readings lane B backed stand, and the scope lane A backed with the printed phrase stands.",RESOLVED,A+B+ADJUDICATOR,b2e06d492dceca8b867aac1fe20a93724668dd623d6f3a714882afac32b4c59e
2a747b60328f77f1e0f4,SRC384,3,PAIR_D95567CAD8157F2429E75FF9,CONTEXT_CONFLICT,271,289,source_section|metric_name,MERGE,"source_section: pages 2-4 print no section heading (only the running header 'INVESTMENTS COMMITTEE -n- I1 / May 13, 2025' and the figure captions), so blank is right there; page 1 prints EXECUTIVE SUMMARY. Confirmed on the page images. Backfill 2026-09-01: qualifier columns filled from the lanes' agreed reading.",RESOLVED,A+B+ADJUDICATOR,b2e06d492dceca8b867aac1fe20a93724668dd623d6f3a714882afac32b4c59e
8477dd45c69ea0adeeb3,SRC384,3,PAIR_31F62A208A730BC32D72E9AF,CLASSIFICATION_CONFLICT,272,290,source_section|metric_category|basis_raw|value_scope,MERGE,"source_section: pages 2-4 print no section heading (only the running header 'INVESTMENTS COMMITTEE -n- I1 / May 13, 2025' and the figure captions), so blank is right there; page 1 prints EXECUTIVE SUMMARY. Confirmed on the page images. Backfill 2026-09-01: the lanes agree on the reading and differ on the key name or on which lane backed a scope; the citation follows the accepted note rows' keys, the narrative net readings lane B backed stand, and the scope lane A backed with the printed phrase stands.; Source review: p3: Figure 3. Pension as of March 31, 2025; Market Value in Millions ($) (The source states Market Value as the measurement basis; the entity or table heading remains in source context.)",RESOLVED,A+B+ADJUDICATOR,b2e06d492dceca8b867aac1fe20a93724668dd623d6f3a714882afac32b4c59e
54f94fd7bf2e0038901b,SRC384,3,PAIR_14AB169A7727E8EEF9907B7B,CONTEXT_CONFLICT,273,291,source_section|metric_name|definition_keys|method,MERGE,"source_section: pages 2-4 print no section heading (only the running header 'INVESTMENTS COMMITTEE -n- I1 / May 13, 2025' and the figure captions), so blank is right there; page 1 prints EXECUTIVE SUMMARY. Confirmed on the page images. Backfill 2026-09-01: the 1 Year column sits left of the rule under the Annualized Returns banner on every figure, so the page states no method for it and it cites no banner; lane A's reading stands. Backfill 2026-09-01: qualifier columns filled from the lanes' agreed reading.",RESOLVED,A+B+ADJUDICATOR,b2e06d492dceca8b867aac1fe20a93724668dd623d6f3a714882afac32b4c59e
372f3482c8c1b3d18be2,SRC384,3,PAIR_0BD9B57F026DD6D81B4ECDE2,CONTEXT_CONFLICT,274,292,source_section|source_occurrence|metric_name|definition_keys,MERGE,"source_section: pages 2-4 print no section heading (only the running header 'INVESTMENTS COMMITTEE -n- I1 / May 13, 2025' and the figure captions), so blank is right there; page 1 prints EXECUTIVE SUMMARY. Confirmed on the page images. Backfill 2026-09-01: the lanes agree on the reading and differ on the key name or on which lane backed a scope; the citation follows the accepted note rows' keys, the narrative net readings lane B backed stand, and the scope lane A backed with the printed phrase stands.",RESOLVED,A+B+ADJUDICATOR,b2e06d492dceca8b867aac1fe20a93724668dd623d6f3a714882afac32b4c59e
dc203e17e73f9a73c3c2,SRC384,3,PAIR_FBF4C79E18389F12487C3606,CONTEXT_CONFLICT,275,293,source_section|source_occurrence|metric_name|definition_keys,MERGE,"source_section: pages 2-4 print no section heading (only the running header 'INVESTMENTS COMMITTEE -n- I1 / May 13, 2025' and the figure captions), so blank is right there; page 1 prints EXECUTIVE SUMMARY. Confirmed on the page images. Backfill 2026-09-01: the lanes agree on the reading and differ on the key name or on which lane backed a scope; the citation follows the accepted note rows' keys, the narrative net readings lane B backed stand, and the scope lane A backed with the printed phrase stands.",RESOLVED,A+B+ADJUDICATOR,b2e06d492dceca8b867aac1fe20a93724668dd623d6f3a714882afac32b4c59e
10917ec9d7493455a474,SRC384,3,PAIR_955EB30142B743DCF6859BC5,CONTEXT_CONFLICT,276,294,source_section|source_occurrence|metric_name|definition_keys,MERGE,"source_section: pages 2-4 print no section heading (only the running header 'INVESTMENTS COMMITTEE -n- I1 / May 13, 2025' and the figure captions), so blank is right there; page 1 prints EXECUTIVE SUMMARY. Confirmed on the page images. Backfill 2026-09-01: the lanes agree on the reading and differ on the key name or on which lane backed a scope; the citation follows the accepted note rows' keys, the narrative net readings lane B backed stand, and the scope lane A backed with the printed phrase stands.",RESOLVED,A+B+ADJUDICATOR,b2e06d492dceca8b867aac1fe20a93724668dd623d6f3a714882afac32b4c59e
1988f9658afce66d47a0,SRC384,3,PAIR_A818C5320C321822EE10927B,CONTEXT_CONFLICT,277,295,source_section|source_occurrence|metric_name|definition_keys,MERGE,"source_section: pages 2-4 print no section heading (only the running header 'INVESTMENTS COMMITTEE -n- I1 / May 13, 2025' and the figure captions), so blank is right there; page 1 prints EXECUTIVE SUMMARY. Confirmed on the page images. Backfill 2026-09-01: the lanes agree on the reading and differ on the key name or on which lane backed a scope; the citation follows the accepted note rows' keys, the narrative net readings lane B backed stand, and the scope lane A backed with the printed phrase stands.",RESOLVED,A+B+ADJUDICATOR,b2e06d492dceca8b867aac1fe20a93724668dd623d6f3a714882afac32b4c59e
c0757f3687870e32f122,SRC384,3,PAIR_EFC81BF99F9DB7D477545A8C,CONTEXT_CONFLICT,278,296,source_section|metric_name|definition_keys,MERGE,"source_section: pages 2-4 print no section heading (only the running header 'INVESTMENTS COMMITTEE -n- I1 / May 13, 2025' and the figure captions), so blank is right there; page 1 prints EXECUTIVE SUMMARY. Confirmed on the page images. Backfill 2026-09-01: the lanes agree on the reading and differ on the key name or on which lane backed a scope; the citation follows the accepted note rows' keys, the narrative net readings lane B backed stand, and the scope lane A backed with the printed phrase stands.",RESOLVED,A+B+ADJUDICATOR,b2e06d492dceca8b867aac1fe20a93724668dd623d6f3a714882afac32b4c59e
c08b7278f73b5b73ab8d,SRC384,3,PAIR_972598BF2A3765D1C7FB0364,CONTEXT_CONFLICT,279,297,source_section|source_occurrence|metric_name|definition_keys,MERGE,"source_section: pages 2-4 print no section heading (only the running header 'INVESTMENTS COMMITTEE -n- I1 / May 13, 2025' and the figure captions), so blank is right there; page 1 prints EXECUTIVE SUMMARY. Confirmed on the page images. Backfill 2026-09-01: the lanes agree on the reading and differ on the key name or on which lane backed a scope; the citation follows the accepted note rows' keys, the narrative net readings lane B backed stand, and the scope lane A backed with the printed phrase stands.",RESOLVED,A+B+ADJUDICATOR,b2e06d492dceca8b867aac1fe20a93724668dd623d6f3a714882afac32b4c59e
a2c4e44e41926542ca1d,SRC384,3,PAIR_64E830732D6280151BF60743,CONTEXT_CONFLICT,280,298,source_section|source_occurrence|metric_name|definition_keys,MERGE,"source_section: pages 2-4 print no section heading (only the running header 'INVESTMENTS COMMITTEE -n- I1 / May 13, 2025' and the figure captions), so blank is right there; page 1 prints EXECUTIVE SUMMARY. Confirmed on the page images. Backfill 2026-09-01: the lanes agree on the reading and differ on the key name or on which lane backed a scope; the citation follows the accepted note rows' keys, the narrative net readings lane B backed stand, and the scope lane A backed with the printed phrase stands.",RESOLVED,A+B+ADJUDICATOR,b2e06d492dceca8b867aac1fe20a93724668dd623d6f3a714882afac32b4c59e
53435430651c7e083c8d,SRC384,3,PAIR_6118890318E3859E189E7BA1,CONTEXT_CONFLICT,281,299,source_section|metric_name,MERGE,"source_section: pages 2-4 print no section heading (only the running header 'INVESTMENTS COMMITTEE -n- I1 / May 13, 2025' and the figure captions), so blank is right there; page 1 prints EXECUTIVE SUMMARY. Confirmed on the page images. Backfill 2026-09-01: qualifier columns filled from the lanes' agreed reading.",RESOLVED,A+B+ADJUDICATOR,b2e06d492dceca8b867aac1fe20a93724668dd623d6f3a714882afac32b4c59e
7ee53c65cf5e3ad8cd5f,SRC384,3,PAIR_46C4BA58CAC0C74BB7C59AA7,CONTEXT_CONFLICT,282,300,source_section|metric_name|definition_keys|method,MERGE,"source_section: pages 2-4 print no section heading (only the running header 'INVESTMENTS COMMITTEE -n- I1 / May 13, 2025' and the figure captions), so blank is right there; page 1 prints EXECUTIVE SUMMARY. Confirmed on the page images. Backfill 2026-09-01: the 1 Year column sits left of the rule under the Annualized Returns banner on every figure, so the page states no method for it and it cites no banner; lane A's reading stands. Backfill 2026-09-01: qualifier columns filled from the lanes' agreed reading.",RESOLVED,A+B+ADJUDICATOR,b2e06d492dceca8b867aac1fe20a93724668dd623d6f3a714882afac32b4c59e
c3bb501a341c7d92bebf,SRC384,3,PAIR_1EE644A0B7D8305157104CEB,CONTEXT_CONFLICT,283,301,source_section|metric_name|definition_keys,MERGE,"source_section: pages 2-4 print no section heading (only the running header 'INVESTMENTS COMMITTEE -n- I1 / May 13, 2025' and the figure captions), so blank is right there; page 1 prints EXECUTIVE SUMMARY. Confirmed on the page images. Backfill 2026-09-01: the lanes agree on the reading and differ on the key name or on which lane backed a scope; the citation follows the accepted note rows' keys, the narrative net readings lane B backed stand, and the scope lane A backed with the printed phrase stands.",RESOLVED,A+B+ADJUDICATOR,b2e06d492dceca8b867aac1fe20a93724668dd623d6f3a714882afac32b4c59e
1ad7aee8f97533ae363c,SRC384,3,PAIR_D47352DF9761F465E0FB9349,CONTEXT_CONFLICT,284,302,source_section|metric_name|definition_keys,MERGE,"source_section: pages 2-4 print no section heading (only the running header 'INVESTMENTS COMMITTEE -n- I1 / May 13, 2025' and the figure captions), so blank is right there; page 1 prints EXECUTIVE SUMMARY. Confirmed on the page images. Backfill 2026-09-01: the lanes agree on the reading and differ on the key name or on which lane backed a scope; the citation follows the accepted note rows' keys, the narrative net readings lane B backed stand, and the scope lane A backed with the printed phrase stands.",RESOLVED,A+B+ADJUDICATOR,b2e06d492dceca8b867aac1fe20a93724668dd623d6f3a714882afac32b4c59e
d689ae73e478031a7853,SRC384,3,PAIR_0BBA33F266ACE40BD9DFECDA,CONTEXT_CONFLICT,285,303,source_section|metric_name|definition_keys,MERGE,"source_section: pages 2-4 print no section heading (only the running header 'INVESTMENTS COMMITTEE -n- I1 / May 13, 2025' and the figure captions), so blank is right there; page 1 prints EXECUTIVE SUMMARY. Confirmed on the page images. Backfill 2026-09-01: the lanes agree on the reading and differ on the key name or on which lane backed a scope; the citation follows the accepted note rows' keys, the narrative net readings lane B backed stand, and the scope lane A backed with the printed phrase stands.",RESOLVED,A+B+ADJUDICATOR,b2e06d492dceca8b867aac1fe20a93724668dd623d6f3a714882afac32b4c59e
c0633aafee471d484e3a,SRC384,3,PAIR_4EC9AA432440AD039BE6ACA9,CONTEXT_CONFLICT,286,304,source_section|metric_name|definition_keys,MERGE,"source_section: pages 2-4 print no section heading (only the running header 'INVESTMENTS COMMITTEE -n- I1 / May 13, 2025' and the figure captions), so blank is right there; page 1 prints EXECUTIVE SUMMARY. Confirmed on the page images. Backfill 2026-09-01: the lanes agree on the reading and differ on the key name or on which lane backed a scope; the citation follows the accepted note rows' keys, the narrative net readings lane B backed stand, and the scope lane A backed with the printed phrase stands.",RESOLVED,A+B+ADJUDICATOR,b2e06d492dceca8b867aac1fe20a93724668dd623d6f3a714882afac32b4c59e
bd95241f6605027c1010,SRC384,3,PAIR_48029DD58C2F1BFBC8AD59C5,CONTEXT_CONFLICT,287,305,source_section|metric_name,MERGE,"source_section: pages 2-4 print no section heading (only the running header 'INVESTMENTS COMMITTEE -n- I1 / May 13, 2025' and the figure captions), so blank is right there; page 1 prints EXECUTIVE SUMMARY. Confirmed on the page images. Backfill 2026-09-01: qualifier columns filled from the lanes' agreed reading.",RESOLVED,A+B+ADJUDICATOR,b2e06d492dceca8b867aac1fe20a93724668dd623d6f3a714882afac32b4c59e
db5f89d18cfaeac34eb1,SRC384,3,PAIR_4EA14836DC8435BFE5A85220,CLASSIFICATION_CONFLICT,288,306,source_section|metric_category|basis_raw|value_scope,MERGE,"source_section: pages 2-4 print no section heading (only the running header 'INVESTMENTS COMMITTEE -n- I1 / May 13, 2025' and the figure captions), so blank is right there; page 1 prints EXECUTIVE SUMMARY. Confirmed on the page images. Backfill 2026-09-01: the lanes agree on the reading and differ on the key name or on which lane backed a scope; the citation follows the accepted note rows' keys, the narrative net readings lane B backed stand, and the scope lane A backed with the printed phrase stands.; Source review: p3: Figure 3. Pension as of March 31, 2025; Market Value in Millions ($) (The source states Market Value as the measurement basis; the entity or table heading remains in source context.)",RESOLVED,A+B+ADJUDICATOR,b2e06d492dceca8b867aac1fe20a93724668dd623d6f3a714882afac32b4c59e
caa11f83642d6569c1a4,SRC384,3,PAIR_83267DE4708C0E8A391726DA,CONTEXT_CONFLICT,289,307,source_section|metric_name|definition_keys|method,MERGE,"source_section: pages 2-4 print no section heading (only the running header 'INVESTMENTS COMMITTEE -n- I1 / May 13, 2025' and the figure captions), so blank is right there; page 1 prints EXECUTIVE SUMMARY. Confirmed on the page images. Backfill 2026-09-01: the 1 Year column sits left of the rule under the Annualized Returns banner on every figure, so the page states no method for it and it cites no banner; lane A's reading stands. Backfill 2026-09-01: qualifier columns filled from the lanes' agreed reading.",RESOLVED,A+B+ADJUDICATOR,b2e06d492dceca8b867aac1fe20a93724668dd623d6f3a714882afac32b4c59e
fd7c532383742a436b2d,SRC384,3,PAIR_3E098B74219D3E5696553942,CONTEXT_CONFLICT,290,308,source_section|metric_name|definition_keys,MERGE,"source_section: pages 2-4 print no section heading (only the running header 'INVESTMENTS COMMITTEE -n- I1 / May 13, 2025' and the figure captions), so blank is right there; page 1 prints EXECUTIVE SUMMARY. Confirmed on the page images. Backfill 2026-09-01: the lanes agree on the reading and differ on the key name or on which lane backed a scope; the citation follows the accepted note rows' keys, the narrative net readings lane B backed stand, and the scope lane A backed with the printed phrase stands.",RESOLVED,A+B+ADJUDICATOR,b2e06d492dceca8b867aac1fe20a93724668dd623d6f3a714882afac32b4c59e
856401c32ed52d1aa58f,SRC384,3,PAIR_A613ADAF32F259926715C7A8,CONTEXT_CONFLICT,291,309,source_section|metric_name|definition_keys,MERGE,"source_section: pages 2-4 print no section heading (only the running header 'INVESTMENTS COMMITTEE -n- I1 / May 13, 2025' and the figure captions), so blank is right there; page 1 prints EXECUTIVE SUMMARY. Confirmed on the page images. Backfill 2026-09-01: the lanes agree on the reading and differ on the key name or on which lane backed a scope; the citation follows the accepted note rows' keys, the narrative net readings lane B backed stand, and the scope lane A backed with the printed phrase stands.",RESOLVED,A+B+ADJUDICATOR,b2e06d492dceca8b867aac1fe20a93724668dd623d6f3a714882afac32b4c59e
b7a8c39d4879e31782da,SRC384,3,PAIR_4A0C20FDDB91863EE43293CF,CONTEXT_CONFLICT,292,310,source_section|metric_name|definition_keys,MERGE,"source_section: pages 2-4 print no section heading (only the running header 'INVESTMENTS COMMITTEE -n- I1 / May 13, 2025' and the figure captions), so blank is right there; page 1 prints EXECUTIVE SUMMARY. Confirmed on the page images. Backfill 2026-09-01: the lanes agree on the reading and differ on the key name or on which lane backed a scope; the citation follows the accepted note rows' keys, the narrative net readings lane B backed stand, and the scope lane A backed with the printed phrase stands.",RESOLVED,A+B+ADJUDICATOR,b2e06d492dceca8b867aac1fe20a93724668dd623d6f3a714882afac32b4c59e
444ce800f9e57a82a16b,SRC384,3,PAIR_34DA4131A9EC2C7ABF45E6A0,CONTEXT_CONFLICT,293,311,source_section|metric_name|definition_keys,MERGE,"source_section: pages 2-4 print no section heading (only the running header 'INVESTMENTS COMMITTEE -n- I1 / May 13, 2025' and the figure captions), so blank is right there; page 1 prints EXECUTIVE SUMMARY. Confirmed on the page images. Backfill 2026-09-01: the lanes agree on the reading and differ on the key name or on which lane backed a scope; the citation follows the accepted note rows' keys, the narrative net readings lane B backed stand, and the scope lane A backed with the printed phrase stands.",RESOLVED,A+B+ADJUDICATOR,b2e06d492dceca8b867aac1fe20a93724668dd623d6f3a714882afac32b4c59e
39f21efd2786e79e8dac,SRC384,3,PAIR_2874E31ED09A898935CFC92E,CONTEXT_CONFLICT,294,312,source_section|metric_name,MERGE,"source_section: pages 2-4 print no section heading (only the running header 'INVESTMENTS COMMITTEE -n- I1 / May 13, 2025' and the figure captions), so blank is right there; page 1 prints EXECUTIVE SUMMARY. Confirmed on the page images. Backfill 2026-09-01: qualifier columns filled from the lanes' agreed reading.",RESOLVED,A+B+ADJUDICATOR,b2e06d492dceca8b867aac1fe20a93724668dd623d6f3a714882afac32b4c59e
b80be6b9c87f9d785e06,SRC384,3,PAIR_D2C45390D37CF3F741DE9651,CONTEXT_CONFLICT,295,313,source_section|metric_name|definition_keys|method,MERGE,"source_section: pages 2-4 print no section heading (only the running header 'INVESTMENTS COMMITTEE -n- I1 / May 13, 2025' and the figure captions), so blank is right there; page 1 prints EXECUTIVE SUMMARY. Confirmed on the page images. Backfill 2026-09-01: the 1 Year column sits left of the Annualized Returns rule, so no method is stated; the narrative names this one-year figure a net return, which the cited note carries.",RESOLVED,A+B+ADJUDICATOR,b2e06d492dceca8b867aac1fe20a93724668dd623d6f3a714882afac32b4c59e
b04386022e5785c263c7,SRC384,3,PAIR_6AFBF1053B343E6421789D53,CONTEXT_CONFLICT,296,314,source_section|metric_name|definition_keys,MERGE,"source_section: pages 2-4 print no section heading (only the running header 'INVESTMENTS COMMITTEE -n- I1 / May 13, 2025' and the figure captions), so blank is right there; page 1 prints EXECUTIVE SUMMARY. Confirmed on the page images. Backfill 2026-09-01: the lanes agree on the reading and differ on the key name or on which lane backed a scope; the citation follows the accepted note rows' keys, the narrative net readings lane B backed stand, and the scope lane A backed with the printed phrase stands.",RESOLVED,A+B+ADJUDICATOR,b2e06d492dceca8b867aac1fe20a93724668dd623d6f3a714882afac32b4c59e
5d42b74a1461a4b86a4c,SRC384,3,PAIR_C758BB716B68BCEC8E098A90,CONTEXT_CONFLICT,297,315,source_section|metric_name|definition_keys,MERGE,"source_section: pages 2-4 print no section heading (only the running header 'INVESTMENTS COMMITTEE -n- I1 / May 13, 2025' and the figure captions), so blank is right there; page 1 prints EXECUTIVE SUMMARY. Confirmed on the page images. Backfill 2026-09-01: the lanes agree on the reading and differ on the key name or on which lane backed a scope; the citation follows the accepted note rows' keys, the narrative net readings lane B backed stand, and the scope lane A backed with the printed phrase stands.",RESOLVED,A+B+ADJUDICATOR,b2e06d492dceca8b867aac1fe20a93724668dd623d6f3a714882afac32b4c59e
7465ec37903eac972848,SRC384,3,PAIR_087E7CD306472A42C7040A66,CONTEXT_CONFLICT,298,316,source_section|metric_name|definition_keys,MERGE,"source_section: pages 2-4 print no section heading (only the running header 'INVESTMENTS COMMITTEE -n- I1 / May 13, 2025' and the figure captions), so blank is right there; page 1 prints EXECUTIVE SUMMARY. Confirmed on the page images. Backfill 2026-09-01: the lanes agree on the reading and differ on the key name or on which lane backed a scope; the citation follows the accepted note rows' keys, the narrative net readings lane B backed stand, and the scope lane A backed with the printed phrase stands.",RESOLVED,A+B+ADJUDICATOR,b2e06d492dceca8b867aac1fe20a93724668dd623d6f3a714882afac32b4c59e
3905c8bc88a283df71f2,SRC384,3,PAIR_5B41A51006F007752BC9F7FD,CONTEXT_CONFLICT,299,317,source_section|metric_name|definition_keys,MERGE,"source_section: pages 2-4 print no section heading (only the running header 'INVESTMENTS COMMITTEE -n- I1 / May 13, 2025' and the figure captions), so blank is right there; page 1 prints EXECUTIVE SUMMARY. Confirmed on the page images. Backfill 2026-09-01: the lanes agree on the reading and differ on the key name or on which lane backed a scope; the citation follows the accepted note rows' keys, the narrative net readings lane B backed stand, and the scope lane A backed with the printed phrase stands.",RESOLVED,A+B+ADJUDICATOR,b2e06d492dceca8b867aac1fe20a93724668dd623d6f3a714882afac32b4c59e
a2c7a6666931872d4d28,SRC384,3,PAIR_2DB78F01C21971158C552FDD,CONTEXT_CONFLICT,300,318,source_section|metric_name|definition_keys,MERGE,"source_section: pages 2-4 print no section heading (only the running header 'INVESTMENTS COMMITTEE -n- I1 / May 13, 2025' and the figure captions), so blank is right there; page 1 prints EXECUTIVE SUMMARY. Confirmed on the page images. Backfill 2026-09-01: the lanes agree on the reading and differ on the key name or on which lane backed a scope; the citation follows the accepted note rows' keys, the narrative net readings lane B backed stand, and the scope lane A backed with the printed phrase stands.",RESOLVED,A+B+ADJUDICATOR,b2e06d492dceca8b867aac1fe20a93724668dd623d6f3a714882afac32b4c59e
9863d950a01fd1cfefbf,SRC384,3,PAIR_E7596D9B565D1FC66A193564,CONTEXT_CONFLICT,301,319,source_section|metric_name|definition_keys,MERGE,"source_section: pages 2-4 print no section heading (only the running header 'INVESTMENTS COMMITTEE -n- I1 / May 13, 2025' and the figure captions), so blank is right there; page 1 prints EXECUTIVE SUMMARY. Confirmed on the page images. Backfill 2026-09-01: the lanes agree on the reading and differ on the key name or on which lane backed a scope; the citation follows the accepted note rows' keys, the narrative net readings lane B backed stand, and the scope lane A backed with the printed phrase stands.",RESOLVED,A+B+ADJUDICATOR,b2e06d492dceca8b867aac1fe20a93724668dd623d6f3a714882afac32b4c59e
8cb8d0d07f934067c030,SRC384,3,PAIR_D4CE740402345DDA31BB7CE3,CONTEXT_CONFLICT,302,320,source_section|metric_name|definition_keys,MERGE,"source_section: pages 2-4 print no section heading (only the running header 'INVESTMENTS COMMITTEE -n- I1 / May 13, 2025' and the figure captions), so blank is right there; page 1 prints EXECUTIVE SUMMARY. Confirmed on the page images. Backfill 2026-09-01: the lanes agree on the reading and differ on the key name or on which lane backed a scope; the citation follows the accepted note rows' keys, the narrative net readings lane B backed stand, and the scope lane A backed with the printed phrase stands.",RESOLVED,A+B+ADJUDICATOR,b2e06d492dceca8b867aac1fe20a93724668dd623d6f3a714882afac32b4c59e
832f58ed52bcd184c049,SRC384,3,PAIR_490F829678716E1353E17965,CONTEXT_CONFLICT,303,321,source_section|metric_name,MERGE,"source_section: pages 2-4 print no section heading (only the running header 'INVESTMENTS COMMITTEE -n- I1 / May 13, 2025' and the figure captions), so blank is right there; page 1 prints EXECUTIVE SUMMARY. Confirmed on the page images. Backfill 2026-09-01: qualifier columns filled from the lanes' agreed reading.",RESOLVED,A+B+ADJUDICATOR,b2e06d492dceca8b867aac1fe20a93724668dd623d6f3a714882afac32b4c59e
ace7c04a74b53c2b6ca8,SRC384,3,PAIR_4B9F5A73DC7ADB3FFAD84F65,CLASSIFICATION_CONFLICT,304,322,source_section|metric_category|basis_raw|value_scope,MERGE,"source_section: pages 2-4 print no section heading (only the running header 'INVESTMENTS COMMITTEE -n- I1 / May 13, 2025' and the figure captions), so blank is right there; page 1 prints EXECUTIVE SUMMARY. Confirmed on the page images. Market Value column on the total-plan row is the plan's stated total assets, so aum. Backfill 2026-09-01: the lanes agree on the reading and differ on the key name or on which lane backed a scope; the citation follows the accepted note rows' keys, the narrative net readings lane B backed stand, and the scope lane A backed with the printed phrase stands.; Source review: p3: Figure 3. Pension as of March 31, 2025; Market Value in Millions ($) (The source states Market Value as the measurement basis; the entity or table heading remains in source context.)",RESOLVED,A+B+ADJUDICATOR,b2e06d492dceca8b867aac1fe20a93724668dd623d6f3a714882afac32b4c59e
a6ec52f720fefac6995a,SRC384,3,PAIR_7C3BBB752B7AA5AEB4E39BE4,CONTEXT_CONFLICT,305,323,source_section|metric_name|definition_keys|method,MERGE,"source_section: pages 2-4 print no section heading (only the running header 'INVESTMENTS COMMITTEE -n- I1 / May 13, 2025' and the figure captions), so blank is right there; page 1 prints EXECUTIVE SUMMARY. Confirmed on the page images. Backfill 2026-09-01: the 1 Year column sits left of the rule under the Annualized Returns banner on every figure, so the page states no method for it and it cites no banner; lane A's reading stands. Backfill 2026-09-01: qualifier columns filled from the lanes' agreed reading.",RESOLVED,A+B+ADJUDICATOR,b2e06d492dceca8b867aac1fe20a93724668dd623d6f3a714882afac32b4c59e
6dc0f1f39a5a899af8af,SRC384,3,PAIR_728C965B948411C8A4040F7C,CONTEXT_CONFLICT,306,324,source_section|metric_name|definition_keys,MERGE,"source_section: pages 2-4 print no section heading (only the running header 'INVESTMENTS COMMITTEE -n- I1 / May 13, 2025' and the figure captions), so blank is right there; page 1 prints EXECUTIVE SUMMARY. Confirmed on the page images. Backfill 2026-09-01: the lanes agree on the reading and differ on the key name or on which lane backed a scope; the citation follows the accepted note rows' keys, the narrative net readings lane B backed stand, and the scope lane A backed with the printed phrase stands.",RESOLVED,A+B+ADJUDICATOR,b2e06d492dceca8b867aac1fe20a93724668dd623d6f3a714882afac32b4c59e
160a7880276637592f09,SRC384,3,PAIR_56C8088375F778181CD032E6,CONTEXT_CONFLICT,307,325,source_section|metric_name,MERGE,"source_section: pages 2-4 print no section heading (only the running header 'INVESTMENTS COMMITTEE -n- I1 / May 13, 2025' and the figure captions), so blank is right there; page 1 prints EXECUTIVE SUMMARY. Confirmed on the page images. Backfill 2026-09-01: qualifier columns filled from the lanes' agreed reading.",RESOLVED,A+B+ADJUDICATOR,b2e06d492dceca8b867aac1fe20a93724668dd623d6f3a714882afac32b4c59e
bba0daaaad2be9011524,SRC384,3,PAIR_FCE2A8919CE49CB43727413A,CLASSIFICATION_CONFLICT,308,326,source_section|metric_category|basis_raw|value_scope,MERGE,"source_section: pages 2-4 print no section heading (only the running header 'INVESTMENTS COMMITTEE -n- I1 / May 13, 2025' and the figure captions), so blank is right there; page 1 prints EXECUTIVE SUMMARY. Confirmed on the page images. Backfill 2026-09-01: the lanes agree on the reading and differ on the key name or on which lane backed a scope; the citation follows the accepted note rows' keys, the narrative net readings lane B backed stand, and the scope lane A backed with the printed phrase stands.; Source review: p3: Figure 3. Pension as of March 31, 2025; Market Value in Millions ($) (The source states Market Value as the measurement basis; the entity or table heading remains in source context.)",RESOLVED,A+B+ADJUDICATOR,b2e06d492dceca8b867aac1fe20a93724668dd623d6f3a714882afac32b4c59e
287f8606b1d302b58177,SRC384,3,PAIR_E126ED4C862786BC18221E3B,CONTEXT_CONFLICT,309,327,source_section|metric_name|definition_keys|method,MERGE,"source_section: pages 2-4 print no section heading (only the running header 'INVESTMENTS COMMITTEE -n- I1 / May 13, 2025' and the figure captions), so blank is right there; page 1 prints EXECUTIVE SUMMARY. Confirmed on the page images. Backfill 2026-09-01: the 1 Year column sits left of the rule under the Annualized Returns banner on every figure, so the page states no method for it and it cites no banner; lane A's reading stands. Backfill 2026-09-01: qualifier columns filled from the lanes' agreed reading.",RESOLVED,A+B+ADJUDICATOR,b2e06d492dceca8b867aac1fe20a93724668dd623d6f3a714882afac32b4c59e
bf452699a07b1410f81a,SRC384,3,PAIR_B1ACB49E70C59BE00EAE3EB6,CONTEXT_CONFLICT,310,328,source_section|metric_name|definition_keys,MERGE,"source_section: pages 2-4 print no section heading (only the running header 'INVESTMENTS COMMITTEE -n- I1 / May 13, 2025' and the figure captions), so blank is right there; page 1 prints EXECUTIVE SUMMARY. Confirmed on the page images. Backfill 2026-09-01: the lanes agree on the reading and differ on the key name or on which lane backed a scope; the citation follows the accepted note rows' keys, the narrative net readings lane B backed stand, and the scope lane A backed with the printed phrase stands.",RESOLVED,A+B+ADJUDICATOR,b2e06d492dceca8b867aac1fe20a93724668dd623d6f3a714882afac32b4c59e
4de7ababb8415e02f039,SRC384,3,PAIR_2B1F536EBEF76C7DC3D04009,CONTEXT_CONFLICT,311,329,source_section|metric_name,MERGE,"source_section: pages 2-4 print no section heading (only the running header 'INVESTMENTS COMMITTEE -n- I1 / May 13, 2025' and the figure captions), so blank is right there; page 1 prints EXECUTIVE SUMMARY. Confirmed on the page images. Backfill 2026-09-01: qualifier columns filled from the lanes' agreed reading.",RESOLVED,A+B+ADJUDICATOR,b2e06d492dceca8b867aac1fe20a93724668dd623d6f3a714882afac32b4c59e
7bba41ce372c51f8a03c,SRC384,3,PAIR_DAED259CCF1426B4C0E7F0EE,CONTEXT_CONFLICT,312,330,source_section|metric_name|definition_keys|method,MERGE,"source_section: pages 2-4 print no section heading (only the running header 'INVESTMENTS COMMITTEE -n- I1 / May 13, 2025' and the figure captions), so blank is right there; page 1 prints EXECUTIVE SUMMARY. Confirmed on the page images. Backfill 2026-09-01: the 1 Year column sits left of the rule under the Annualized Returns banner on every figure, so the page states no method for it and it cites no banner; lane A's reading stands. Backfill 2026-09-01: qualifier columns filled from the lanes' agreed reading.",RESOLVED,A+B+ADJUDICATOR,b2e06d492dceca8b867aac1fe20a93724668dd623d6f3a714882afac32b4c59e
e0eddd43983df66accdd,SRC384,3,PAIR_26E410C39AB0061B8330C44D,CONTEXT_CONFLICT,313,331,source_section|metric_name|definition_keys,MERGE,"source_section: pages 2-4 print no section heading (only the running header 'INVESTMENTS COMMITTEE -n- I1 / May 13, 2025' and the figure captions), so blank is right there; page 1 prints EXECUTIVE SUMMARY. Confirmed on the page images. Backfill 2026-09-01: the lanes agree on the reading and differ on the key name or on which lane backed a scope; the citation follows the accepted note rows' keys, the narrative net readings lane B backed stand, and the scope lane A backed with the printed phrase stands.",RESOLVED,A+B+ADJUDICATOR,b2e06d492dceca8b867aac1fe20a93724668dd623d6f3a714882afac32b4c59e
d421feb59cc5bbc6434b,SRC384,3,PAIR_F1E9030EA348BF12BACA2F29,CONTEXT_CONFLICT,314,332,source_section|metric_name|definition_keys,MERGE,"source_section: pages 2-4 print no section heading (only the running header 'INVESTMENTS COMMITTEE -n- I1 / May 13, 2025' and the figure captions), so blank is right there; page 1 prints EXECUTIVE SUMMARY. Confirmed on the page images. Backfill 2026-09-01: the lanes agree on the reading and differ on the key name or on which lane backed a scope; the citation follows the accepted note rows' keys, the narrative net readings lane B backed stand, and the scope lane A backed with the printed phrase stands.",RESOLVED,A+B+ADJUDICATOR,b2e06d492dceca8b867aac1fe20a93724668dd623d6f3a714882afac32b4c59e
8ab976f0c8a2ebbd29a1,SRC384,3,PAIR_0D9E49D8D003EDA226BDC53D,CONTEXT_CONFLICT,315,333,source_section|metric_name|definition_keys,MERGE,"source_section: pages 2-4 print no section heading (only the running header 'INVESTMENTS COMMITTEE -n- I1 / May 13, 2025' and the figure captions), so blank is right there; page 1 prints EXECUTIVE SUMMARY. Confirmed on the page images. Backfill 2026-09-01: the lanes agree on the reading and differ on the key name or on which lane backed a scope; the citation follows the accepted note rows' keys, the narrative net readings lane B backed stand, and the scope lane A backed with the printed phrase stands.",RESOLVED,A+B+ADJUDICATOR,b2e06d492dceca8b867aac1fe20a93724668dd623d6f3a714882afac32b4c59e
71d91ada0078f85b0105,SRC384,3,PAIR_760FA80CF5B075DF196F059B,CONTEXT_CONFLICT,316,334,source_section|metric_name|definition_keys,MERGE,"source_section: pages 2-4 print no section heading (only the running header 'INVESTMENTS COMMITTEE -n- I1 / May 13, 2025' and the figure captions), so blank is right there; page 1 prints EXECUTIVE SUMMARY. Confirmed on the page images. Backfill 2026-09-01: the lanes agree on the reading and differ on the key name or on which lane backed a scope; the citation follows the accepted note rows' keys, the narrative net readings lane B backed stand, and the scope lane A backed with the printed phrase stands.",RESOLVED,A+B+ADJUDICATOR,b2e06d492dceca8b867aac1fe20a93724668dd623d6f3a714882afac32b4c59e
5a2abac9d17fd2571aee,SRC384,3,PAIR_D135E4C145B0FCF2A82ACAC9,CONTEXT_CONFLICT,317,335,source_section|metric_name|definition_keys,MERGE,"source_section: pages 2-4 print no section heading (only the running header 'INVESTMENTS COMMITTEE -n- I1 / May 13, 2025' and the figure captions), so blank is right there; page 1 prints EXECUTIVE SUMMARY. Confirmed on the page images. Backfill 2026-09-01: the lanes agree on the reading and differ on the key name or on which lane backed a scope; the citation follows the accepted note rows' keys, the narrative net readings lane B backed stand, and the scope lane A backed with the printed phrase stands.",RESOLVED,A+B+ADJUDICATOR,b2e06d492dceca8b867aac1fe20a93724668dd623d6f3a714882afac32b4c59e
41a71d2f64cd2f8ffc98,SRC384,3,PAIR_BD658A4F0872D0CEA2EB9F62,CONTEXT_CONFLICT,318,336,source_section|metric_name|definition_keys,MERGE,"source_section: pages 2-4 print no section heading (only the running header 'INVESTMENTS COMMITTEE -n- I1 / May 13, 2025' and the figure captions), so blank is right there; page 1 prints EXECUTIVE SUMMARY. Confirmed on the page images. Backfill 2026-09-01: the lanes agree on the reading and differ on the key name or on which lane backed a scope; the citation follows the accepted note rows' keys, the narrative net readings lane B backed stand, and the scope lane A backed with the printed phrase stands.",RESOLVED,A+B+ADJUDICATOR,b2e06d492dceca8b867aac1fe20a93724668dd623d6f3a714882afac32b4c59e
58f6ef167893add30507,SRC384,3,PAIR_DA96D8B4E0B4E6F6947FFACB,CONTEXT_CONFLICT,319,337,source_section|metric_name|definition_keys,MERGE,"source_section: pages 2-4 print no section heading (only the running header 'INVESTMENTS COMMITTEE -n- I1 / May 13, 2025' and the figure captions), so blank is right there; page 1 prints EXECUTIVE SUMMARY. Confirmed on the page images. Backfill 2026-09-01: the lanes agree on the reading and differ on the key name or on which lane backed a scope; the citation follows the accepted note rows' keys, the narrative net readings lane B backed stand, and the scope lane A backed with the printed phrase stands.",RESOLVED,A+B+ADJUDICATOR,b2e06d492dceca8b867aac1fe20a93724668dd623d6f3a714882afac32b4c59e
7e3a9c863a38e116ec4a,SRC384,3,PAIR_E382ECE8A609BBE841CF764A,CONTEXT_CONFLICT,320,338,source_section|metric_name,MERGE,"source_section: pages 2-4 print no section heading (only the running header 'INVESTMENTS COMMITTEE -n- I1 / May 13, 2025' and the figure captions), so blank is right there; page 1 prints EXECUTIVE SUMMARY. Confirmed on the page images. Backfill 2026-09-01: qualifier columns filled from the lanes' agreed reading.",RESOLVED,A+B+ADJUDICATOR,b2e06d492dceca8b867aac1fe20a93724668dd623d6f3a714882afac32b4c59e
bddfeafa65150272f902,SRC384,3,PAIR_9CC7582D852651752D7DA90B,CLASSIFICATION_CONFLICT,321,339,source_section|metric_category|basis_raw|value_scope,MERGE,"source_section: pages 2-4 print no section heading (only the running header 'INVESTMENTS COMMITTEE -n- I1 / May 13, 2025' and the figure captions), so blank is right there; page 1 prints EXECUTIVE SUMMARY. Confirmed on the page images. Backfill 2026-09-01: the lanes agree on the reading and differ on the key name or on which lane backed a scope; the citation follows the accepted note rows' keys, the narrative net readings lane B backed stand, and the scope lane A backed with the printed phrase stands.; Source review: p3: Figure 3. Pension as of March 31, 2025; Market Value in Millions ($) (The source states Market Value as the measurement basis; the entity or table heading remains in source context.)",RESOLVED,A+B+ADJUDICATOR,b2e06d492dceca8b867aac1fe20a93724668dd623d6f3a714882afac32b4c59e
38b9090ad42ab4a0de72,SRC384,3,PAIR_0F730F41524B2AC8D097AEA0,CONTEXT_CONFLICT,322,340,source_section|metric_name|definition_keys|method,MERGE,"source_section: pages 2-4 print no section heading (only the running header 'INVESTMENTS COMMITTEE -n- I1 / May 13, 2025' and the figure captions), so blank is right there; page 1 prints EXECUTIVE SUMMARY. Confirmed on the page images. Backfill 2026-09-01: the 1 Year column sits left of the rule under the Annualized Returns banner on every figure, so the page states no method for it and it cites no banner; lane A's reading stands. Backfill 2026-09-01: qualifier columns filled from the lanes' agreed reading.",RESOLVED,A+B+ADJUDICATOR,b2e06d492dceca8b867aac1fe20a93724668dd623d6f3a714882afac32b4c59e
e2c1917d9bb6a06844d1,SRC384,3,PAIR_41B3552BB57066781C43DD75,CONTEXT_CONFLICT,323,341,source_section|metric_name|definition_keys,MERGE,"source_section: pages 2-4 print no section heading (only the running header 'INVESTMENTS COMMITTEE -n- I1 / May 13, 2025' and the figure captions), so blank is right there; page 1 prints EXECUTIVE SUMMARY. Confirmed on the page images. Backfill 2026-09-01: the lanes agree on the reading and differ on the key name or on which lane backed a scope; the citation follows the accepted note rows' keys, the narrative net readings lane B backed stand, and the scope lane A backed with the printed phrase stands.",RESOLVED,A+B+ADJUDICATOR,b2e06d492dceca8b867aac1fe20a93724668dd623d6f3a714882afac32b4c59e
b9163b74e106ddf30879,SRC384,3,PAIR_19D4071C6E944DB66CC1D2CB,CONTEXT_CONFLICT,324,342,source_section|metric_name|definition_keys,MERGE,"source_section: pages 2-4 print no section heading (only the running header 'INVESTMENTS COMMITTEE -n- I1 / May 13, 2025' and the figure captions), so blank is right there; page 1 prints EXECUTIVE SUMMARY. Confirmed on the page images. Backfill 2026-09-01: the lanes agree on the reading and differ on the key name or on which lane backed a scope; the citation follows the accepted note rows' keys, the narrative net readings lane B backed stand, and the scope lane A backed with the printed phrase stands.",RESOLVED,A+B+ADJUDICATOR,b2e06d492dceca8b867aac1fe20a93724668dd623d6f3a714882afac32b4c59e
94d4a6ba0ea3e58a49ae,SRC384,3,PAIR_BC9CE2057E8804F62BE31DC6,CONTEXT_CONFLICT,325,343,source_section|metric_name|definition_keys,MERGE,"source_section: pages 2-4 print no section heading (only the running header 'INVESTMENTS COMMITTEE -n- I1 / May 13, 2025' and the figure captions), so blank is right there; page 1 prints EXECUTIVE SUMMARY. Confirmed on the page images. Backfill 2026-09-01: the lanes agree on the reading and differ on the key name or on which lane backed a scope; the citation follows the accepted note rows' keys, the narrative net readings lane B backed stand, and the scope lane A backed with the printed phrase stands.",RESOLVED,A+B+ADJUDICATOR,b2e06d492dceca8b867aac1fe20a93724668dd623d6f3a714882afac32b4c59e
75235b754852f4c667ee,SRC384,3,PAIR_A29179858B74101337022C36,CONTEXT_CONFLICT,326,344,source_section|metric_name|definition_keys,MERGE,"source_section: pages 2-4 print no section heading (only the running header 'INVESTMENTS COMMITTEE -n- I1 / May 13, 2025' and the figure captions), so blank is right there; page 1 prints EXECUTIVE SUMMARY. Confirmed on the page images. Backfill 2026-09-01: the lanes agree on the reading and differ on the key name or on which lane backed a scope; the citation follows the accepted note rows' keys, the narrative net readings lane B backed stand, and the scope lane A backed with the printed phrase stands.",RESOLVED,A+B+ADJUDICATOR,b2e06d492dceca8b867aac1fe20a93724668dd623d6f3a714882afac32b4c59e
f0074100c11f24cebe20,SRC384,3,PAIR_189622FD4B1C4A75C6D0D678,CONTEXT_CONFLICT,327,345,source_section|metric_name|definition_keys,MERGE,"source_section: pages 2-4 print no section heading (only the running header 'INVESTMENTS COMMITTEE -n- I1 / May 13, 2025' and the figure captions), so blank is right there; page 1 prints EXECUTIVE SUMMARY. Confirmed on the page images. Backfill 2026-09-01: the lanes agree on the reading and differ on the key name or on which lane backed a scope; the citation follows the accepted note rows' keys, the narrative net readings lane B backed stand, and the scope lane A backed with the printed phrase stands.",RESOLVED,A+B+ADJUDICATOR,b2e06d492dceca8b867aac1fe20a93724668dd623d6f3a714882afac32b4c59e
dc158c55f07d0d8df553,SRC384,3,PAIR_D36523AC58F0FADB2B2C9CB4,CONTEXT_CONFLICT,328,346,source_section|metric_name|definition_keys,MERGE,"source_section: pages 2-4 print no section heading (only the running header 'INVESTMENTS COMMITTEE -n- I1 / May 13, 2025' and the figure captions), so blank is right there; page 1 prints EXECUTIVE SUMMARY. Confirmed on the page images. Backfill 2026-09-01: the lanes agree on the reading and differ on the key name or on which lane backed a scope; the citation follows the accepted note rows' keys, the narrative net readings lane B backed stand, and the scope lane A backed with the printed phrase stands.",RESOLVED,A+B+ADJUDICATOR,b2e06d492dceca8b867aac1fe20a93724668dd623d6f3a714882afac32b4c59e
5bdb6f534c4f1b51633c,SRC384,3,PAIR_9D34263A80389D50CE497638,CONTEXT_CONFLICT,329,347,source_section|metric_name|definition_keys,MERGE,"source_section: pages 2-4 print no section heading (only the running header 'INVESTMENTS COMMITTEE -n- I1 / May 13, 2025' and the figure captions), so blank is right there; page 1 prints EXECUTIVE SUMMARY. Confirmed on the page images. Backfill 2026-09-01: the lanes agree on the reading and differ on the key name or on which lane backed a scope; the citation follows the accepted note rows' keys, the narrative net readings lane B backed stand, and the scope lane A backed with the printed phrase stands.",RESOLVED,A+B+ADJUDICATOR,b2e06d492dceca8b867aac1fe20a93724668dd623d6f3a714882afac32b4c59e
a756d9e7c71e353fc3c2,SRC384,3,PAIR_1BE25B3F1C77385C7BE4E42A,CONTEXT_CONFLICT,330,348,source_section|metric_name,MERGE,"source_section: pages 2-4 print no section heading (only the running header 'INVESTMENTS COMMITTEE -n- I1 / May 13, 2025' and the figure captions), so blank is right there; page 1 prints EXECUTIVE SUMMARY. Confirmed on the page images. Backfill 2026-09-01: qualifier columns filled from the lanes' agreed reading.",RESOLVED,A+B+ADJUDICATOR,b2e06d492dceca8b867aac1fe20a93724668dd623d6f3a714882afac32b4c59e
7b480c02542b391b4ec2,SRC384,3,PAIR_342870625211922E350B2338,CONTEXT_CONFLICT,331,349,source_section|metric_name|definition_keys|method,MERGE,"source_section: pages 2-4 print no section heading (only the running header 'INVESTMENTS COMMITTEE -n- I1 / May 13, 2025' and the figure captions), so blank is right there; page 1 prints EXECUTIVE SUMMARY. Confirmed on the page images. Backfill 2026-09-01: the 1 Year column sits left of the rule under the Annualized Returns banner on every figure, so the page states no method for it and it cites no banner; lane A's reading stands. Backfill 2026-09-01: qualifier columns filled from the lanes' agreed reading.",RESOLVED,A+B+ADJUDICATOR,b2e06d492dceca8b867aac1fe20a93724668dd623d6f3a714882afac32b4c59e
0e1376cb798e399eeb0f,SRC384,3,PAIR_8614B79D895F5DDF2EA12B98,CONTEXT_CONFLICT,332,350,source_section|source_occurrence|metric_name|definition_keys,MERGE,"source_section: pages 2-4 print no section heading (only the running header 'INVESTMENTS COMMITTEE -n- I1 / May 13, 2025' and the figure captions), so blank is right there; page 1 prints EXECUTIVE SUMMARY. Confirmed on the page images. Backfill 2026-09-01: the lanes agree on the reading and differ on the key name or on which lane backed a scope; the citation follows the accepted note rows' keys, the narrative net readings lane B backed stand, and the scope lane A backed with the printed phrase stands.",RESOLVED,A+B+ADJUDICATOR,b2e06d492dceca8b867aac1fe20a93724668dd623d6f3a714882afac32b4c59e
2dea1605a2bbbc6fb6c0,SRC384,3,PAIR_FEDA924A050DBE1A91FE5E7B,CONTEXT_CONFLICT,333,351,source_section|source_occurrence|metric_name|definition_keys,MERGE,"source_section: pages 2-4 print no section heading (only the running header 'INVESTMENTS COMMITTEE -n- I1 / May 13, 2025' and the figure captions), so blank is right there; page 1 prints EXECUTIVE SUMMARY. Confirmed on the page images. Backfill 2026-09-01: the lanes agree on the reading and differ on the key name or on which lane backed a scope; the citation follows the accepted note rows' keys, the narrative net readings lane B backed stand, and the scope lane A backed with the printed phrase stands.",RESOLVED,A+B+ADJUDICATOR,b2e06d492dceca8b867aac1fe20a93724668dd623d6f3a714882afac32b4c59e
31f8d874bd9b6604d6df,SRC384,3,PAIR_F1AE413F07B7FFBFBA4B2C9B,CONTEXT_CONFLICT,334,352,source_section|source_occurrence|metric_name|definition_keys,MERGE,"source_section: pages 2-4 print no section heading (only the running header 'INVESTMENTS COMMITTEE -n- I1 / May 13, 2025' and the figure captions), so blank is right there; page 1 prints EXECUTIVE SUMMARY. Confirmed on the page images. Backfill 2026-09-01: the lanes agree on the reading and differ on the key name or on which lane backed a scope; the citation follows the accepted note rows' keys, the narrative net readings lane B backed stand, and the scope lane A backed with the printed phrase stands.",RESOLVED,A+B+ADJUDICATOR,b2e06d492dceca8b867aac1fe20a93724668dd623d6f3a714882afac32b4c59e
174e86698d75aff115c5,SRC384,3,PAIR_7C99D002C3EACFA463693F07,CONTEXT_CONFLICT,335,353,source_section|source_occurrence|metric_name|definition_keys,MERGE,"source_section: pages 2-4 print no section heading (only the running header 'INVESTMENTS COMMITTEE -n- I1 / May 13, 2025' and the figure captions), so blank is right there; page 1 prints EXECUTIVE SUMMARY. Confirmed on the page images. Backfill 2026-09-01: the lanes agree on the reading and differ on the key name or on which lane backed a scope; the citation follows the accepted note rows' keys, the narrative net readings lane B backed stand, and the scope lane A backed with the printed phrase stands.",RESOLVED,A+B+ADJUDICATOR,b2e06d492dceca8b867aac1fe20a93724668dd623d6f3a714882afac32b4c59e
29aee94f0148ad75a6db,SRC384,3,PAIR_0C30E1B39981ABB895A6C976,CONTEXT_CONFLICT,336,354,source_section|metric_name|definition_keys,MERGE,"source_section: pages 2-4 print no section heading (only the running header 'INVESTMENTS COMMITTEE -n- I1 / May 13, 2025' and the figure captions), so blank is right there; page 1 prints EXECUTIVE SUMMARY. Confirmed on the page images. Backfill 2026-09-01: the lanes agree on the reading and differ on the key name or on which lane backed a scope; the citation follows the accepted note rows' keys, the narrative net readings lane B backed stand, and the scope lane A backed with the printed phrase stands.",RESOLVED,A+B+ADJUDICATOR,b2e06d492dceca8b867aac1fe20a93724668dd623d6f3a714882afac32b4c59e
59b0165650231f243a6a,SRC384,3,PAIR_A1D803FFEB864D4E89FA46AA,CONTEXT_CONFLICT,337,355,source_section|source_occurrence|metric_name|definition_keys,MERGE,"source_section: pages 2-4 print no section heading (only the running header 'INVESTMENTS COMMITTEE -n- I1 / May 13, 2025' and the figure captions), so blank is right there; page 1 prints EXECUTIVE SUMMARY. Confirmed on the page images. Backfill 2026-09-01: the lanes agree on the reading and differ on the key name or on which lane backed a scope; the citation follows the accepted note rows' keys, the narrative net readings lane B backed stand, and the scope lane A backed with the printed phrase stands.",RESOLVED,A+B+ADJUDICATOR,b2e06d492dceca8b867aac1fe20a93724668dd623d6f3a714882afac32b4c59e
8ad22c0de70ace39e7e2,SRC384,3,PAIR_05BD88FF30CF5C0C9CFFF107,CONTEXT_CONFLICT,338,356,source_section|source_occurrence|metric_name|definition_keys,MERGE,"source_section: pages 2-4 print no section heading (only the running header 'INVESTMENTS COMMITTEE -n- I1 / May 13, 2025' and the figure captions), so blank is right there; page 1 prints EXECUTIVE SUMMARY. Confirmed on the page images. Backfill 2026-09-01: the lanes agree on the reading and differ on the key name or on which lane backed a scope; the citation follows the accepted note rows' keys, the narrative net readings lane B backed stand, and the scope lane A backed with the printed phrase stands.",RESOLVED,A+B+ADJUDICATOR,b2e06d492dceca8b867aac1fe20a93724668dd623d6f3a714882afac32b4c59e
d853c8f937463827e204,SRC384,3,PAIR_BE7E18551E8BAA036EE993EC,CONTEXT_CONFLICT,339,357,source_section|metric_name,MERGE,"source_section: pages 2-4 print no section heading (only the running header 'INVESTMENTS COMMITTEE -n- I1 / May 13, 2025' and the figure captions), so blank is right there; page 1 prints EXECUTIVE SUMMARY. Confirmed on the page images. Backfill 2026-09-01: qualifier columns filled from the lanes' agreed reading.",RESOLVED,A+B+ADJUDICATOR,b2e06d492dceca8b867aac1fe20a93724668dd623d6f3a714882afac32b4c59e
87f29581ccabffa58a26,SRC384,3,PAIR_1EDB361D2CF5A220BC6E8A71,CLASSIFICATION_CONFLICT,340,358,source_section|metric_category|basis_raw|value_scope,MERGE,"source_section: pages 2-4 print no section heading (only the running header 'INVESTMENTS COMMITTEE -n- I1 / May 13, 2025' and the figure captions), so blank is right there; page 1 prints EXECUTIVE SUMMARY. Confirmed on the page images. Backfill 2026-09-01: the lanes agree on the reading and differ on the key name or on which lane backed a scope; the citation follows the accepted note rows' keys, the narrative net readings lane B backed stand, and the scope lane A backed with the printed phrase stands.; Source review: p3: Figure 3. Pension as of March 31, 2025; Market Value in Millions ($) (The source states Market Value as the measurement basis; the entity or table heading remains in source context.)",RESOLVED,A+B+ADJUDICATOR,b2e06d492dceca8b867aac1fe20a93724668dd623d6f3a714882afac32b4c59e
b6dbbaabb21dd970585f,SRC384,3,PAIR_AB80DBB4D2DA73DD330DE576,CONTEXT_CONFLICT,341,359,source_section|metric_name|definition_keys|method,MERGE,"source_section: pages 2-4 print no section heading (only the running header 'INVESTMENTS COMMITTEE -n- I1 / May 13, 2025' and the figure captions), so blank is right there; page 1 prints EXECUTIVE SUMMARY. Confirmed on the page images. Backfill 2026-09-01: the 1 Year column sits left of the rule under the Annualized Returns banner on every figure, so the page states no method for it and it cites no banner; lane A's reading stands. Backfill 2026-09-01: qualifier columns filled from the lanes' agreed reading.",RESOLVED,A+B+ADJUDICATOR,b2e06d492dceca8b867aac1fe20a93724668dd623d6f3a714882afac32b4c59e
ae7e02d66cd50619f262,SRC384,3,PAIR_5052DA5CE5BCCBDD9A5D9F0E,CONTEXT_CONFLICT,342,360,source_section|source_occurrence|metric_name|definition_keys,MERGE,"source_section: pages 2-4 print no section heading (only the running header 'INVESTMENTS COMMITTEE -n- I1 / May 13, 2025' and the figure captions), so blank is right there; page 1 prints EXECUTIVE SUMMARY. Confirmed on the page images. Backfill 2026-09-01: the lanes agree on the reading and differ on the key name or on which lane backed a scope; the citation follows the accepted note rows' keys, the narrative net readings lane B backed stand, and the scope lane A backed with the printed phrase stands.",RESOLVED,A+B+ADJUDICATOR,b2e06d492dceca8b867aac1fe20a93724668dd623d6f3a714882afac32b4c59e
2886d6d147bac3bf7cbe,SRC384,3,PAIR_56E6B15F2EABDCF04DFDD081,CONTEXT_CONFLICT,343,361,source_section|source_occurrence|metric_name|definition_keys,MERGE,"source_section: pages 2-4 print no section heading (only the running header 'INVESTMENTS COMMITTEE -n- I1 / May 13, 2025' and the figure captions), so blank is right there; page 1 prints EXECUTIVE SUMMARY. Confirmed on the page images. Backfill 2026-09-01: the lanes agree on the reading and differ on the key name or on which lane backed a scope; the citation follows the accepted note rows' keys, the narrative net readings lane B backed stand, and the scope lane A backed with the printed phrase stands.",RESOLVED,A+B+ADJUDICATOR,b2e06d492dceca8b867aac1fe20a93724668dd623d6f3a714882afac32b4c59e
4018c36495da50f56f7b,SRC384,3,PAIR_1974652D35B858664B6AB122,CONTEXT_CONFLICT,344,362,source_section|source_occurrence|metric_name|definition_keys,MERGE,"source_section: pages 2-4 print no section heading (only the running header 'INVESTMENTS COMMITTEE -n- I1 / May 13, 2025' and the figure captions), so blank is right there; page 1 prints EXECUTIVE SUMMARY. Confirmed on the page images. Backfill 2026-09-01: the lanes agree on the reading and differ on the key name or on which lane backed a scope; the citation follows the accepted note rows' keys, the narrative net readings lane B backed stand, and the scope lane A backed with the printed phrase stands.",RESOLVED,A+B+ADJUDICATOR,b2e06d492dceca8b867aac1fe20a93724668dd623d6f3a714882afac32b4c59e
0e98371ccf6e9bc34eee,SRC384,3,PAIR_10C136F8FD07B71639BADAAA,CONTEXT_CONFLICT,345,363,source_section|source_occurrence|metric_name|definition_keys,MERGE,"source_section: pages 2-4 print no section heading (only the running header 'INVESTMENTS COMMITTEE -n- I1 / May 13, 2025' and the figure captions), so blank is right there; page 1 prints EXECUTIVE SUMMARY. Confirmed on the page images. Backfill 2026-09-01: the lanes agree on the reading and differ on the key name or on which lane backed a scope; the citation follows the accepted note rows' keys, the narrative net readings lane B backed stand, and the scope lane A backed with the printed phrase stands.",RESOLVED,A+B+ADJUDICATOR,b2e06d492dceca8b867aac1fe20a93724668dd623d6f3a714882afac32b4c59e
1cc3d1600c6122327626,SRC384,3,PAIR_AC047B74C9B83D150226BB57,CONTEXT_CONFLICT,346,364,source_section|metric_name|definition_keys,MERGE,"source_section: pages 2-4 print no section heading (only the running header 'INVESTMENTS COMMITTEE -n- I1 / May 13, 2025' and the figure captions), so blank is right there; page 1 prints EXECUTIVE SUMMARY. Confirmed on the page images. Backfill 2026-09-01: the lanes agree on the reading and differ on the key name or on which lane backed a scope; the citation follows the accepted note rows' keys, the narrative net readings lane B backed stand, and the scope lane A backed with the printed phrase stands.",RESOLVED,A+B+ADJUDICATOR,b2e06d492dceca8b867aac1fe20a93724668dd623d6f3a714882afac32b4c59e
befa3e639af797414274,SRC384,3,PAIR_699770B3E26EB5E421AE0356,CONTEXT_CONFLICT,347,365,source_section|source_occurrence|metric_name|definition_keys,MERGE,"source_section: pages 2-4 print no section heading (only the running header 'INVESTMENTS COMMITTEE -n- I1 / May 13, 2025' and the figure captions), so blank is right there; page 1 prints EXECUTIVE SUMMARY. Confirmed on the page images. Backfill 2026-09-01: the lanes agree on the reading and differ on the key name or on which lane backed a scope; the citation follows the accepted note rows' keys, the narrative net readings lane B backed stand, and the scope lane A backed with the printed phrase stands.",RESOLVED,A+B+ADJUDICATOR,b2e06d492dceca8b867aac1fe20a93724668dd623d6f3a714882afac32b4c59e
6da0d7e89940ff126722,SRC384,3,PAIR_46BB09AB70806170B3F4CDF6,CONTEXT_CONFLICT,348,366,source_section|source_occurrence|metric_name|definition_keys,MERGE,"source_section: pages 2-4 print no section heading (only the running header 'INVESTMENTS COMMITTEE -n- I1 / May 13, 2025' and the figure captions), so blank is right there; page 1 prints EXECUTIVE SUMMARY. Confirmed on the page images. Backfill 2026-09-01: the lanes agree on the reading and differ on the key name or on which lane backed a scope; the citation follows the accepted note rows' keys, the narrative net readings lane B backed stand, and the scope lane A backed with the printed phrase stands.",RESOLVED,A+B+ADJUDICATOR,b2e06d492dceca8b867aac1fe20a93724668dd623d6f3a714882afac32b4c59e
5af36ef48d7ec97ccdea,SRC384,3,PAIR_248A7F9FA31F599AE22614ED,CONTEXT_CONFLICT,349,367,source_section|metric_name,MERGE,"source_section: pages 2-4 print no section heading (only the running header 'INVESTMENTS COMMITTEE -n- I1 / May 13, 2025' and the figure captions), so blank is right there; page 1 prints EXECUTIVE SUMMARY. Confirmed on the page images. Backfill 2026-09-01: qualifier columns filled from the lanes' agreed reading.",RESOLVED,A+B+ADJUDICATOR,b2e06d492dceca8b867aac1fe20a93724668dd623d6f3a714882afac32b4c59e
616d249d6dbd89d72857,SRC384,3,PAIR_DFE1601C14A66748BF730509,CONTEXT_CONFLICT,350,368,source_section|metric_name|definition_keys|method,MERGE,"source_section: pages 2-4 print no section heading (only the running header 'INVESTMENTS COMMITTEE -n- I1 / May 13, 2025' and the figure captions), so blank is right there; page 1 prints EXECUTIVE SUMMARY. Confirmed on the page images. Backfill 2026-09-01: the 1 Year column sits left of the rule under the Annualized Returns banner on every figure, so the page states no method for it and it cites no banner; lane A's reading stands. Backfill 2026-09-01: qualifier columns filled from the lanes' agreed reading.",RESOLVED,A+B+ADJUDICATOR,b2e06d492dceca8b867aac1fe20a93724668dd623d6f3a714882afac32b4c59e
da2b811855f1b4f2b2b8,SRC384,3,PAIR_3F90E0F3FCE6CE4AE0C27E6F,CONTEXT_CONFLICT,351,369,source_section|metric_name|definition_keys,MERGE,"source_section: pages 2-4 print no section heading (only the running header 'INVESTMENTS COMMITTEE -n- I1 / May 13, 2025' and the figure captions), so blank is right there; page 1 prints EXECUTIVE SUMMARY. Confirmed on the page images. Backfill 2026-09-01: the lanes agree on the reading and differ on the key name or on which lane backed a scope; the citation follows the accepted note rows' keys, the narrative net readings lane B backed stand, and the scope lane A backed with the printed phrase stands.",RESOLVED,A+B+ADJUDICATOR,b2e06d492dceca8b867aac1fe20a93724668dd623d6f3a714882afac32b4c59e
1bd9e676fd98a0b20435,SRC384,3,PAIR_6EE9201F5B23E7E16A37989C,CONTEXT_CONFLICT,352,370,source_section|metric_name|definition_keys,MERGE,"source_section: pages 2-4 print no section heading (only the running header 'INVESTMENTS COMMITTEE -n- I1 / May 13, 2025' and the figure captions), so blank is right there; page 1 prints EXECUTIVE SUMMARY. Confirmed on the page images. Backfill 2026-09-01: the lanes agree on the reading and differ on the key name or on which lane backed a scope; the citation follows the accepted note rows' keys, the narrative net readings lane B backed stand, and the scope lane A backed with the printed phrase stands.",RESOLVED,A+B+ADJUDICATOR,b2e06d492dceca8b867aac1fe20a93724668dd623d6f3a714882afac32b4c59e
43cc4b35ce41ae123378,SRC384,3,PAIR_6D3AFFECC200C521013D7D7D,CONTEXT_CONFLICT,353,371,source_section|metric_name|definition_keys,MERGE,"source_section: pages 2-4 print no section heading (only the running header 'INVESTMENTS COMMITTEE -n- I1 / May 13, 2025' and the figure captions), so blank is right there; page 1 prints EXECUTIVE SUMMARY. Confirmed on the page images. Backfill 2026-09-01: the lanes agree on the reading and differ on the key name or on which lane backed a scope; the citation follows the accepted note rows' keys, the narrative net readings lane B backed stand, and the scope lane A backed with the printed phrase stands.",RESOLVED,A+B+ADJUDICATOR,b2e06d492dceca8b867aac1fe20a93724668dd623d6f3a714882afac32b4c59e
5ed79a78178b0ea763d7,SRC384,3,PAIR_0494539496DE17356401068E,CONTEXT_CONFLICT,354,372,source_section|metric_name|definition_keys,MERGE,"source_section: pages 2-4 print no section heading (only the running header 'INVESTMENTS COMMITTEE -n- I1 / May 13, 2025' and the figure captions), so blank is right there; page 1 prints EXECUTIVE SUMMARY. Confirmed on the page images. Backfill 2026-09-01: the lanes agree on the reading and differ on the key name or on which lane backed a scope; the citation follows the accepted note rows' keys, the narrative net readings lane B backed stand, and the scope lane A backed with the printed phrase stands.",RESOLVED,A+B+ADJUDICATOR,b2e06d492dceca8b867aac1fe20a93724668dd623d6f3a714882afac32b4c59e
73b4ce335b3646101dd4,SRC384,3,PAIR_4E6F549BBCABDE79B7786928,CONTEXT_CONFLICT,355,373,source_section|metric_name,MERGE,"source_section: pages 2-4 print no section heading (only the running header 'INVESTMENTS COMMITTEE -n- I1 / May 13, 2025' and the figure captions), so blank is right there; page 1 prints EXECUTIVE SUMMARY. Confirmed on the page images. Backfill 2026-09-01: qualifier columns filled from the lanes' agreed reading.",RESOLVED,A+B+ADJUDICATOR,b2e06d492dceca8b867aac1fe20a93724668dd623d6f3a714882afac32b4c59e
1b78a1b3f974cd23b9b4,SRC384,3,PAIR_B1665BD7A2CA9B4ACC68E452,CLASSIFICATION_CONFLICT,356,374,source_section|metric_category|basis_raw|value_scope,MERGE,"source_section: pages 2-4 print no section heading (only the running header 'INVESTMENTS COMMITTEE -n- I1 / May 13, 2025' and the figure captions), so blank is right there; page 1 prints EXECUTIVE SUMMARY. Confirmed on the page images. Backfill 2026-09-01: the lanes agree on the reading and differ on the key name or on which lane backed a scope; the citation follows the accepted note rows' keys, the narrative net readings lane B backed stand, and the scope lane A backed with the printed phrase stands.; Source review: p3: Figure 3. Pension as of March 31, 2025; Market Value in Millions ($) (The source states Market Value as the measurement basis; the entity or table heading remains in source context.)",RESOLVED,A+B+ADJUDICATOR,b2e06d492dceca8b867aac1fe20a93724668dd623d6f3a714882afac32b4c59e
12c24e0f067b67a49b31,SRC384,3,PAIR_86E27AD1BE8E4E7A06DA61C6,CONTEXT_CONFLICT,357,375,source_section|metric_name|definition_keys|method,MERGE,"source_section: pages 2-4 print no section heading (only the running header 'INVESTMENTS COMMITTEE -n- I1 / May 13, 2025' and the figure captions), so blank is right there; page 1 prints EXECUTIVE SUMMARY. Confirmed on the page images. Backfill 2026-09-01: the 1 Year column sits left of the rule under the Annualized Returns banner on every figure, so the page states no method for it and it cites no banner; lane A's reading stands. Backfill 2026-09-01: qualifier columns filled from the lanes' agreed reading.",RESOLVED,A+B+ADJUDICATOR,b2e06d492dceca8b867aac1fe20a93724668dd623d6f3a714882afac32b4c59e
5d192d5cd47172c80a4f,SRC384,3,PAIR_8AF86F466F1E41DF8B2CA6A2,CONTEXT_CONFLICT,358,376,source_section|metric_name|definition_keys,MERGE,"source_section: pages 2-4 print no section heading (only the running header 'INVESTMENTS COMMITTEE -n- I1 / May 13, 2025' and the figure captions), so blank is right there; page 1 prints EXECUTIVE SUMMARY. Confirmed on the page images. Backfill 2026-09-01: the lanes agree on the reading and differ on the key name or on which lane backed a scope; the citation follows the accepted note rows' keys, the narrative net readings lane B backed stand, and the scope lane A backed with the printed phrase stands.",RESOLVED,A+B+ADJUDICATOR,b2e06d492dceca8b867aac1fe20a93724668dd623d6f3a714882afac32b4c59e
3cddb8f1ab4dff50d943,SRC384,3,PAIR_5EECE79452697440F7E11CA5,CONTEXT_CONFLICT,359,377,source_section|metric_name|definition_keys,MERGE,"source_section: pages 2-4 print no section heading (only the running header 'INVESTMENTS COMMITTEE -n- I1 / May 13, 2025' and the figure captions), so blank is right there; page 1 prints EXECUTIVE SUMMARY. Confirmed on the page images. Backfill 2026-09-01: the lanes agree on the reading and differ on the key name or on which lane backed a scope; the citation follows the accepted note rows' keys, the narrative net readings lane B backed stand, and the scope lane A backed with the printed phrase stands.",RESOLVED,A+B+ADJUDICATOR,b2e06d492dceca8b867aac1fe20a93724668dd623d6f3a714882afac32b4c59e
88638dcb46e846cf3c10,SRC384,3,PAIR_72672FA3668A2F69315CC675,CONTEXT_CONFLICT,360,378,source_section|metric_name|definition_keys,MERGE,"source_section: pages 2-4 print no section heading (only the running header 'INVESTMENTS COMMITTEE -n- I1 / May 13, 2025' and the figure captions), so blank is right there; page 1 prints EXECUTIVE SUMMARY. Confirmed on the page images. Backfill 2026-09-01: the lanes agree on the reading and differ on the key name or on which lane backed a scope; the citation follows the accepted note rows' keys, the narrative net readings lane B backed stand, and the scope lane A backed with the printed phrase stands.",RESOLVED,A+B+ADJUDICATOR,b2e06d492dceca8b867aac1fe20a93724668dd623d6f3a714882afac32b4c59e
aaefbdc5b0964fe49cb5,SRC384,3,PAIR_A9C0AE7A4E8B3E2764AE907F,CONTEXT_CONFLICT,361,379,source_section|metric_name|definition_keys,MERGE,"source_section: pages 2-4 print no section heading (only the running header 'INVESTMENTS COMMITTEE -n- I1 / May 13, 2025' and the figure captions), so blank is right there; page 1 prints EXECUTIVE SUMMARY. Confirmed on the page images. Backfill 2026-09-01: the lanes agree on the reading and differ on the key name or on which lane backed a scope; the citation follows the accepted note rows' keys, the narrative net readings lane B backed stand, and the scope lane A backed with the printed phrase stands.",RESOLVED,A+B+ADJUDICATOR,b2e06d492dceca8b867aac1fe20a93724668dd623d6f3a714882afac32b4c59e
2137637c421e222fb7b9,SRC384,3,PAIR_B8671BE597AF96F57268E5F8,CONTEXT_CONFLICT,362,380,source_section|metric_name|definition_keys,MERGE,"source_section: pages 2-4 print no section heading (only the running header 'INVESTMENTS COMMITTEE -n- I1 / May 13, 2025' and the figure captions), so blank is right there; page 1 prints EXECUTIVE SUMMARY. Confirmed on the page images. Backfill 2026-09-01: the lanes agree on the reading and differ on the key name or on which lane backed a scope; the citation follows the accepted note rows' keys, the narrative net readings lane B backed stand, and the scope lane A backed with the printed phrase stands.",RESOLVED,A+B+ADJUDICATOR,b2e06d492dceca8b867aac1fe20a93724668dd623d6f3a714882afac32b4c59e
103407a4b43e3e6c3462,SRC384,3,PAIR_3931F90A37AECB716827DE0A,CONTEXT_CONFLICT,363,381,source_section|metric_name,MERGE,"source_section: pages 2-4 print no section heading (only the running header 'INVESTMENTS COMMITTEE -n- I1 / May 13, 2025' and the figure captions), so blank is right there; page 1 prints EXECUTIVE SUMMARY. Confirmed on the page images. Backfill 2026-09-01: qualifier columns filled from the lanes' agreed reading.",RESOLVED,A+B+ADJUDICATOR,b2e06d492dceca8b867aac1fe20a93724668dd623d6f3a714882afac32b4c59e
e98331a7632c1601a1ff,SRC384,3,PAIR_DCB795EB88CC743EB05C310B,CLASSIFICATION_CONFLICT,364,382,source_section|metric_category|basis_raw|value_scope,MERGE,"source_section: pages 2-4 print no section heading (only the running header 'INVESTMENTS COMMITTEE -n- I1 / May 13, 2025' and the figure captions), so blank is right there; page 1 prints EXECUTIVE SUMMARY. Confirmed on the page images. Backfill 2026-09-01: the lanes agree on the reading and differ on the key name or on which lane backed a scope; the citation follows the accepted note rows' keys, the narrative net readings lane B backed stand, and the scope lane A backed with the printed phrase stands.; Source review: p3: Figure 3. Pension as of March 31, 2025; Market Value in Millions ($) (The source states Market Value as the measurement basis; the entity or table heading remains in source context.)",RESOLVED,A+B+ADJUDICATOR,b2e06d492dceca8b867aac1fe20a93724668dd623d6f3a714882afac32b4c59e
8b1e56e6fdcba7102671,SRC384,3,PAIR_4854D67100CFB9DAEC65965F,CONTEXT_CONFLICT,365,383,source_section|metric_name|definition_keys|method,MERGE,"source_section: pages 2-4 print no section heading (only the running header 'INVESTMENTS COMMITTEE -n- I1 / May 13, 2025' and the figure captions), so blank is right there; page 1 prints EXECUTIVE SUMMARY. Confirmed on the page images. Backfill 2026-09-01: the 1 Year column sits left of the rule under the Annualized Returns banner on every figure, so the page states no method for it and it cites no banner; lane A's reading stands. Backfill 2026-09-01: qualifier columns filled from the lanes' agreed reading.",RESOLVED,A+B+ADJUDICATOR,b2e06d492dceca8b867aac1fe20a93724668dd623d6f3a714882afac32b4c59e
be1ddad832b099ffec0f,SRC384,3,PAIR_3D3B91107579FD94BF775274,CONTEXT_CONFLICT,366,384,source_section|metric_name|definition_keys,MERGE,"source_section: pages 2-4 print no section heading (only the running header 'INVESTMENTS COMMITTEE -n- I1 / May 13, 2025' and the figure captions), so blank is right there; page 1 prints EXECUTIVE SUMMARY. Confirmed on the page images. Backfill 2026-09-01: the lanes agree on the reading and differ on the key name or on which lane backed a scope; the citation follows the accepted note rows' keys, the narrative net readings lane B backed stand, and the scope lane A backed with the printed phrase stands.",RESOLVED,A+B+ADJUDICATOR,b2e06d492dceca8b867aac1fe20a93724668dd623d6f3a714882afac32b4c59e
9aa5183732bd076ae1c6,SRC384,3,PAIR_BC115BAF194A13D52A02EDF0,CONTEXT_CONFLICT,367,385,source_section|metric_name|definition_keys,MERGE,"source_section: pages 2-4 print no section heading (only the running header 'INVESTMENTS COMMITTEE -n- I1 / May 13, 2025' and the figure captions), so blank is right there; page 1 prints EXECUTIVE SUMMARY. Confirmed on the page images. Backfill 2026-09-01: the lanes agree on the reading and differ on the key name or on which lane backed a scope; the citation follows the accepted note rows' keys, the narrative net readings lane B backed stand, and the scope lane A backed with the printed phrase stands.",RESOLVED,A+B+ADJUDICATOR,b2e06d492dceca8b867aac1fe20a93724668dd623d6f3a714882afac32b4c59e
fc262ad685241263bcd1,SRC384,3,PAIR_9B5D5B729EFF6C3AD92ECAF1,CONTEXT_CONFLICT,368,386,source_section|metric_name|definition_keys,MERGE,"source_section: pages 2-4 print no section heading (only the running header 'INVESTMENTS COMMITTEE -n- I1 / May 13, 2025' and the figure captions), so blank is right there; page 1 prints EXECUTIVE SUMMARY. Confirmed on the page images. Backfill 2026-09-01: the lanes agree on the reading and differ on the key name or on which lane backed a scope; the citation follows the accepted note rows' keys, the narrative net readings lane B backed stand, and the scope lane A backed with the printed phrase stands.",RESOLVED,A+B+ADJUDICATOR,b2e06d492dceca8b867aac1fe20a93724668dd623d6f3a714882afac32b4c59e
6b4ccc17e58cace0f647,SRC384,3,PAIR_C1A7DD080168B6902A826538,CONTEXT_CONFLICT,369,387,source_section|metric_name|definition_keys,MERGE,"source_section: pages 2-4 print no section heading (only the running header 'INVESTMENTS COMMITTEE -n- I1 / May 13, 2025' and the figure captions), so blank is right there; page 1 prints EXECUTIVE SUMMARY. Confirmed on the page images. Backfill 2026-09-01: the lanes agree on the reading and differ on the key name or on which lane backed a scope; the citation follows the accepted note rows' keys, the narrative net readings lane B backed stand, and the scope lane A backed with the printed phrase stands.",RESOLVED,A+B+ADJUDICATOR,b2e06d492dceca8b867aac1fe20a93724668dd623d6f3a714882afac32b4c59e
398161794272c3f22c49,SRC384,3,PAIR_F1E06C6E5716BFA3B14E7932,CONTEXT_CONFLICT,370,388,source_section|metric_name|definition_keys,MERGE,"source_section: pages 2-4 print no section heading (only the running header 'INVESTMENTS COMMITTEE -n- I1 / May 13, 2025' and the figure captions), so blank is right there; page 1 prints EXECUTIVE SUMMARY. Confirmed on the page images. Backfill 2026-09-01: the lanes agree on the reading and differ on the key name or on which lane backed a scope; the citation follows the accepted note rows' keys, the narrative net readings lane B backed stand, and the scope lane A backed with the printed phrase stands.",RESOLVED,A+B+ADJUDICATOR,b2e06d492dceca8b867aac1fe20a93724668dd623d6f3a714882afac32b4c59e
96d7941dc137ca255f33,SRC384,3,PAIR_F4D1D270AF3AF302FDAD0CAB,CONTEXT_CONFLICT,371,389,source_section|metric_name,MERGE,"source_section: pages 2-4 print no section heading (only the running header 'INVESTMENTS COMMITTEE -n- I1 / May 13, 2025' and the figure captions), so blank is right there; page 1 prints EXECUTIVE SUMMARY. Confirmed on the page images. Backfill 2026-09-01: qualifier columns filled from the lanes' agreed reading.",RESOLVED,A+B+ADJUDICATOR,b2e06d492dceca8b867aac1fe20a93724668dd623d6f3a714882afac32b4c59e
2628bdfabed43cf34023,SRC384,3,PAIR_763AD65ACD2B1F276DB766E7,CONTEXT_CONFLICT,372,390,source_section|metric_name|definition_keys|method,MERGE,"source_section: pages 2-4 print no section heading (only the running header 'INVESTMENTS COMMITTEE -n- I1 / May 13, 2025' and the figure captions), so blank is right there; page 1 prints EXECUTIVE SUMMARY. Confirmed on the page images. Backfill 2026-09-01: the 1 Year column sits left of the rule under the Annualized Returns banner on every figure, so the page states no method for it and it cites no banner; lane A's reading stands. Backfill 2026-09-01: qualifier columns filled from the lanes' agreed reading.",RESOLVED,A+B+ADJUDICATOR,b2e06d492dceca8b867aac1fe20a93724668dd623d6f3a714882afac32b4c59e
5b97b61549f89166a6ae,SRC384,3,PAIR_BE61F3F7AF774D8CE6A7B09A,CONTEXT_CONFLICT,373,391,source_section|source_occurrence|metric_name|definition_keys,MERGE,"source_section: pages 2-4 print no section heading (only the running header 'INVESTMENTS COMMITTEE -n- I1 / May 13, 2025' and the figure captions), so blank is right there; page 1 prints EXECUTIVE SUMMARY. Confirmed on the page images. Backfill 2026-09-01: the lanes agree on the reading and differ on the key name or on which lane backed a scope; the citation follows the accepted note rows' keys, the narrative net readings lane B backed stand, and the scope lane A backed with the printed phrase stands.",RESOLVED,A+B+ADJUDICATOR,b2e06d492dceca8b867aac1fe20a93724668dd623d6f3a714882afac32b4c59e
df6588324779d899de3f,SRC384,3,PAIR_A39F7894CCE196583315F04C,CONTEXT_CONFLICT,374,392,source_section|source_occurrence|metric_name|definition_keys,MERGE,"source_section: pages 2-4 print no section heading (only the running header 'INVESTMENTS COMMITTEE -n- I1 / May 13, 2025' and the figure captions), so blank is right there; page 1 prints EXECUTIVE SUMMARY. Confirmed on the page images. Backfill 2026-09-01: the lanes agree on the reading and differ on the key name or on which lane backed a scope; the citation follows the accepted note rows' keys, the narrative net readings lane B backed stand, and the scope lane A backed with the printed phrase stands.",RESOLVED,A+B+ADJUDICATOR,b2e06d492dceca8b867aac1fe20a93724668dd623d6f3a714882afac32b4c59e
b83137919528fa42d75e,SRC384,3,PAIR_552069BCDEFEEEED1BAB4845,CONTEXT_CONFLICT,375,393,source_section|source_occurrence|metric_name|definition_keys,MERGE,"source_section: pages 2-4 print no section heading (only the running header 'INVESTMENTS COMMITTEE -n- I1 / May 13, 2025' and the figure captions), so blank is right there; page 1 prints EXECUTIVE SUMMARY. Confirmed on the page images. Backfill 2026-09-01: the lanes agree on the reading and differ on the key name or on which lane backed a scope; the citation follows the accepted note rows' keys, the narrative net readings lane B backed stand, and the scope lane A backed with the printed phrase stands.",RESOLVED,A+B+ADJUDICATOR,b2e06d492dceca8b867aac1fe20a93724668dd623d6f3a714882afac32b4c59e
03d6bb7a608abf65e4e9,SRC384,3,PAIR_268C1A5033D661DD908CE476,CONTEXT_CONFLICT,376,394,source_section|source_occurrence|metric_name|definition_keys,MERGE,"source_section: pages 2-4 print no section heading (only the running header 'INVESTMENTS COMMITTEE -n- I1 / May 13, 2025' and the figure captions), so blank is right there; page 1 prints EXECUTIVE SUMMARY. Confirmed on the page images. Backfill 2026-09-01: the lanes agree on the reading and differ on the key name or on which lane backed a scope; the citation follows the accepted note rows' keys, the narrative net readings lane B backed stand, and the scope lane A backed with the printed phrase stands.",RESOLVED,A+B+ADJUDICATOR,b2e06d492dceca8b867aac1fe20a93724668dd623d6f3a714882afac32b4c59e
65ead2b35729018e59b2,SRC384,3,PAIR_8381892893A24B7EC03EA458,CONTEXT_CONFLICT,377,395,source_section|metric_name|definition_keys,MERGE,"source_section: pages 2-4 print no section heading (only the running header 'INVESTMENTS COMMITTEE -n- I1 / May 13, 2025' and the figure captions), so blank is right there; page 1 prints EXECUTIVE SUMMARY. Confirmed on the page images. Backfill 2026-09-01: the lanes agree on the reading and differ on the key name or on which lane backed a scope; the citation follows the accepted note rows' keys, the narrative net readings lane B backed stand, and the scope lane A backed with the printed phrase stands.",RESOLVED,A+B+ADJUDICATOR,b2e06d492dceca8b867aac1fe20a93724668dd623d6f3a714882afac32b4c59e
fee14f30ad931aa4edc7,SRC384,3,PAIR_BDA6664E967EBF6D43531D35,CONTEXT_CONFLICT,378,396,source_section|source_occurrence|metric_name|definition_keys,MERGE,"source_section: pages 2-4 print no section heading (only the running header 'INVESTMENTS COMMITTEE -n- I1 / May 13, 2025' and the figure captions), so blank is right there; page 1 prints EXECUTIVE SUMMARY. Confirmed on the page images. Backfill 2026-09-01: the lanes agree on the reading and differ on the key name or on which lane backed a scope; the citation follows the accepted note rows' keys, the narrative net readings lane B backed stand, and the scope lane A backed with the printed phrase stands.",RESOLVED,A+B+ADJUDICATOR,b2e06d492dceca8b867aac1fe20a93724668dd623d6f3a714882afac32b4c59e
c1b270442dc7a640afa1,SRC384,3,PAIR_9FDBE93EDF2AB9BAF1786780,CONTEXT_CONFLICT,379,397,source_section|source_occurrence|metric_name|definition_keys,MERGE,"source_section: pages 2-4 print no section heading (only the running header 'INVESTMENTS COMMITTEE -n- I1 / May 13, 2025' and the figure captions), so blank is right there; page 1 prints EXECUTIVE SUMMARY. Confirmed on the page images. Backfill 2026-09-01: the lanes agree on the reading and differ on the key name or on which lane backed a scope; the citation follows the accepted note rows' keys, the narrative net readings lane B backed stand, and the scope lane A backed with the printed phrase stands.",RESOLVED,A+B+ADJUDICATOR,b2e06d492dceca8b867aac1fe20a93724668dd623d6f3a714882afac32b4c59e
b9e2cb04c887923f5918,SRC384,3,PAIR_3262332D995DB73979F6CEA7,CONTEXT_CONFLICT,380,398,source_section|metric_name,MERGE,"source_section: pages 2-4 print no section heading (only the running header 'INVESTMENTS COMMITTEE -n- I1 / May 13, 2025' and the figure captions), so blank is right there; page 1 prints EXECUTIVE SUMMARY. Confirmed on the page images. Backfill 2026-09-01: qualifier columns filled from the lanes' agreed reading.",RESOLVED,A+B+ADJUDICATOR,b2e06d492dceca8b867aac1fe20a93724668dd623d6f3a714882afac32b4c59e
6d355f591564faf8bf8a,SRC384,3,PAIR_C0BA600E35874CDEEE524357,CLASSIFICATION_CONFLICT,381,399,source_section|metric_category|metric_name|definition_keys|method|fee_basis,MERGE,"source_section: pages 2-4 print no section heading (only the running header 'INVESTMENTS COMMITTEE -n- I1 / May 13, 2025' and the figure captions), so blank is right there; page 1 prints EXECUTIVE SUMMARY. Confirmed on the page images. Value Added is the portfolio's return minus its benchmark's, so metric_category is alpha, and it is a measure row, so metric_name is the printed row label 'Value Added'. Backfill 2026-09-01: the qualifier columns the other lane filled are carried, the lanes agreeing on every filled cell.",RESOLVED,A+B+ADJUDICATOR,b2e06d492dceca8b867aac1fe20a93724668dd623d6f3a714882afac32b4c59e
0b8877fef647cfaf7bc2,SRC384,3,PAIR_1D0E26F3760EF12443A808FC,CLASSIFICATION_CONFLICT,382,400,source_section|metric_category|metric_name|definition_keys|method|fee_basis,MERGE,"source_section: pages 2-4 print no section heading (only the running header 'INVESTMENTS COMMITTEE -n- I1 / May 13, 2025' and the figure captions), so blank is right there; page 1 prints EXECUTIVE SUMMARY. Confirmed on the page images. Value Added is the portfolio's return minus its benchmark's, so metric_category is alpha, and it is a measure row, so metric_name is the printed row label 'Value Added'. Backfill 2026-09-01: the qualifier columns the other lane filled are carried, the lanes agreeing on every filled cell.",RESOLVED,A+B+ADJUDICATOR,b2e06d492dceca8b867aac1fe20a93724668dd623d6f3a714882afac32b4c59e
84587c1e3189bfe55cfe,SRC384,3,PAIR_3C86DF5A8C9665CE8C0356D0,CLASSIFICATION_CONFLICT,383,401,source_section|metric_category|metric_name|definition_keys|method|fee_basis,MERGE,"source_section: pages 2-4 print no section heading (only the running header 'INVESTMENTS COMMITTEE -n- I1 / May 13, 2025' and the figure captions), so blank is right there; page 1 prints EXECUTIVE SUMMARY. Confirmed on the page images. Value Added is the portfolio's return minus its benchmark's, so metric_category is alpha, and it is a measure row, so metric_name is the printed row label 'Value Added'. Backfill 2026-09-01: the qualifier columns the other lane filled are carried, the lanes agreeing on every filled cell.",RESOLVED,A+B+ADJUDICATOR,b2e06d492dceca8b867aac1fe20a93724668dd623d6f3a714882afac32b4c59e
ef8ce170e6f1e33b15f8,SRC384,3,PAIR_EB71460EC9F9640B0A4BF3DA,CLASSIFICATION_CONFLICT,384,402,source_section|metric_category|metric_name|definition_keys|method|fee_basis,MERGE,"source_section: pages 2-4 print no section heading (only the running header 'INVESTMENTS COMMITTEE -n- I1 / May 13, 2025' and the figure captions), so blank is right there; page 1 prints EXECUTIVE SUMMARY. Confirmed on the page images. Value Added is the portfolio's return minus its benchmark's, so metric_category is alpha, and it is a measure row, so metric_name is the printed row label 'Value Added'. Backfill 2026-09-01: the qualifier columns the other lane filled are carried, the lanes agreeing on every filled cell.",RESOLVED,A+B+ADJUDICATOR,b2e06d492dceca8b867aac1fe20a93724668dd623d6f3a714882afac32b4c59e
e25627e2fff2ea4191d6,SRC384,3,PAIR_D4C4732542E7763BD2B7BBB3,CLASSIFICATION_CONFLICT,385,403,source_section|metric_category|metric_name|definition_keys|method|fee_basis,MERGE,"source_section: pages 2-4 print no section heading (only the running header 'INVESTMENTS COMMITTEE -n- I1 / May 13, 2025' and the figure captions), so blank is right there; page 1 prints EXECUTIVE SUMMARY. Confirmed on the page images. Value Added is the portfolio's return minus its benchmark's, so metric_category is alpha, and it is a measure row, so metric_name is the printed row label 'Value Added'. Backfill 2026-09-01: the qualifier columns the other lane filled are carried, the lanes agreeing on every filled cell.",RESOLVED,A+B+ADJUDICATOR,b2e06d492dceca8b867aac1fe20a93724668dd623d6f3a714882afac32b4c59e
b9612ed7edd308255a16,SRC384,3,PAIR_2DBE1FA962185060CC424F2C,CLASSIFICATION_CONFLICT,386,404,source_section|metric_category|metric_name|definition_keys|method|fee_basis,MERGE,"source_section: pages 2-4 print no section heading (only the running header 'INVESTMENTS COMMITTEE -n- I1 / May 13, 2025' and the figure captions), so blank is right there; page 1 prints EXECUTIVE SUMMARY. Confirmed on the page images. Value Added is the portfolio's return minus its benchmark's, so metric_category is alpha, and it is a measure row, so metric_name is the printed row label 'Value Added'. Backfill 2026-09-01: the qualifier columns the other lane filled are carried, the lanes agreeing on every filled cell.",RESOLVED,A+B+ADJUDICATOR,b2e06d492dceca8b867aac1fe20a93724668dd623d6f3a714882afac32b4c59e
87eaeefeb60d820ce29b,SRC384,3,PAIR_46FB09FA1529BCF6A1CEB8F6,CLASSIFICATION_CONFLICT,387,405,source_section|metric_category|metric_name|definition_keys|method|fee_basis,MERGE,"source_section: pages 2-4 print no section heading (only the running header 'INVESTMENTS COMMITTEE -n- I1 / May 13, 2025' and the figure captions), so blank is right there; page 1 prints EXECUTIVE SUMMARY. Confirmed on the page images. Value Added is the portfolio's return minus its benchmark's, so metric_category is alpha, and it is a measure row, so metric_name is the printed row label 'Value Added'. Backfill 2026-09-01: the qualifier columns the other lane filled are carried, the lanes agreeing on every filled cell.",RESOLVED,A+B+ADJUDICATOR,b2e06d492dceca8b867aac1fe20a93724668dd623d6f3a714882afac32b4c59e
62c8b7bfa3c03f0a287e,SRC384,3,PAIR_6A1E0ADDCB92F1DF13FDF174,CLASSIFICATION_CONFLICT,388,406,source_section|metric_category|metric_name|definition_keys|method|fee_basis,MERGE,"source_section: pages 2-4 print no section heading (only the running header 'INVESTMENTS COMMITTEE -n- I1 / May 13, 2025' and the figure captions), so blank is right there; page 1 prints EXECUTIVE SUMMARY. Confirmed on the page images. Value Added is the portfolio's return minus its benchmark's, so metric_category is alpha, and it is a measure row, so metric_name is the printed row label 'Value Added'. Backfill 2026-09-01: the qualifier columns the other lane filled are carried, the lanes agreeing on every filled cell.",RESOLVED,A+B+ADJUDICATOR,b2e06d492dceca8b867aac1fe20a93724668dd623d6f3a714882afac32b4c59e
cb1d4472444edb6045fd,SRC384,3,PAIR_ECC75EF8C9842B05855E515E,CLASSIFICATION_CONFLICT,389,407,source_section|metric_category|metric_name|definition_keys|method|fee_basis,MERGE,"source_section: pages 2-4 print no section heading (only the running header 'INVESTMENTS COMMITTEE -n- I1 / May 13, 2025' and the figure captions), so blank is right there; page 1 prints EXECUTIVE SUMMARY. Confirmed on the page images. Value Added is the portfolio's return minus its benchmark's, so metric_category is alpha, and it is a measure row, so metric_name is the printed row label 'Value Added'. Backfill 2026-09-01: the qualifier columns the other lane filled are carried, the lanes agreeing on every filled cell.",RESOLVED,A+B+ADJUDICATOR,b2e06d492dceca8b867aac1fe20a93724668dd623d6f3a714882afac32b4c59e
b652c8bae31965e54cb0,SRC384,3,PAIR_CE577A554FE8807BB761CA24,VALUE_CONFLICT,393,408,source_section|metric_category|metric_name|metric_value_raw|evidence_quote|definition_keys|method|fee_basis,MERGE,"source_section: pages 2-4 print no section heading (only the running header 'INVESTMENTS COMMITTEE -n- I1 / May 13, 2025' and the figure captions), so blank is right there; page 1 prints EXECUTIVE SUMMARY. Confirmed on the page images. Value Added is the portfolio's return minus its benchmark's, so metric_category is alpha, and it is a measure row, so metric_name is the printed row label 'Value Added'. source_occurrence: counted by position on the page alone, so every printed occurrence of the row label counts whether or not that column is populated. A's numbering restarts per column on populated cells only, which gives one printed row different numbers under different columns (Private Equity Value Added is 5 under 20 Year and 6 under 15 Year), so B's page-order numbering is the correct key and B's value belongs at it. Backfill 2026-09-01: the lanes agree on the reading and differ on the key name or on which lane backed a scope; the citation follows the accepted note rows' keys, the narrative net readings lane B backed stand, and the scope lane A backed with the printed phrase stands.",RESOLVED,A+B+ADJUDICATOR,b2e06d492dceca8b867aac1fe20a93724668dd623d6f3a714882afac32b4c59e
1d449f7e6823e980c448,SRC384,3,PAIR_7766B385CB82432132D7C4A0,VALUE_CONFLICT,394,409,source_section|metric_category|metric_name|metric_value_raw|evidence_quote|definition_keys|method|fee_basis,MERGE,"source_section: pages 2-4 print no section heading (only the running header 'INVESTMENTS COMMITTEE -n- I1 / May 13, 2025' and the figure captions), so blank is right there; page 1 prints EXECUTIVE SUMMARY. Confirmed on the page images. Value Added is the portfolio's return minus its benchmark's, so metric_category is alpha, and it is a measure row, so metric_name is the printed row label 'Value Added'. source_occurrence: counted by position on the page alone, so every printed occurrence of the row label counts whether or not that column is populated. A's numbering restarts per column on populated cells only, which gives one printed row different numbers under different columns (Private Equity Value Added is 5 under 20 Year and 6 under 15 Year), so B's page-order numbering is the correct key and B's value belongs at it. Backfill 2026-09-01: the lanes agree on the reading and differ on the key name or on which lane backed a scope; the citation follows the accepted note rows' keys, the narrative net readings lane B backed stand, and the scope lane A backed with the printed phrase stands.",RESOLVED,A+B+ADJUDICATOR,b2e06d492dceca8b867aac1fe20a93724668dd623d6f3a714882afac32b4c59e
3f7b20c248d2a649ab7e,SRC384,3,PAIR_BCA27AA341B5E59B8E1F655D,VALUE_CONFLICT,395,410,source_section|asset_class|metric_category|metric_name|metric_value_raw|evidence_quote|definition_keys|method|fee_basis,MERGE,"source_section: pages 2-4 print no section heading (only the running header 'INVESTMENTS COMMITTEE -n- I1 / May 13, 2025' and the figure captions), so blank is right there; page 1 prints EXECUTIVE SUMMARY. Confirmed on the page images. Value Added is the portfolio's return minus its benchmark's, so metric_category is alpha, and it is a measure row, so metric_name is the printed row label 'Value Added'. source_occurrence: counted by position on the page alone, so every printed occurrence of the row label counts whether or not that column is populated. A's numbering restarts per column on populated cells only, which gives one printed row different numbers under different columns (Private Equity Value Added is 5 under 20 Year and 6 under 15 Year), so B's page-order numbering is the correct key and B's value belongs at it. Backfill 2026-09-01: the lanes agree on the reading and differ on the key name or on which lane backed a scope; the citation follows the accepted note rows' keys, the narrative net readings lane B backed stand, and the scope lane A backed with the printed phrase stands.",RESOLVED,A+B+ADJUDICATOR,b2e06d492dceca8b867aac1fe20a93724668dd623d6f3a714882afac32b4c59e
964bb9c2c6ab49527717,SRC384,3,PAIR_EC0EDD4D6AE3DA5E8DE55B21,VALUE_CONFLICT,396,411,source_section|asset_class|metric_category|metric_name|metric_value_raw|evidence_quote|definition_keys|method|fee_basis,MERGE,"source_section: pages 2-4 print no section heading (only the running header 'INVESTMENTS COMMITTEE -n- I1 / May 13, 2025' and the figure captions), so blank is right there; page 1 prints EXECUTIVE SUMMARY. Confirmed on the page images. Value Added is the portfolio's return minus its benchmark's, so metric_category is alpha, and it is a measure row, so metric_name is the printed row label 'Value Added'. source_occurrence: counted by position on the page alone, so every printed occurrence of the row label counts whether or not that column is populated. A's numbering restarts per column on populated cells only, which gives one printed row different numbers under different columns (Private Equity Value Added is 5 under 20 Year and 6 under 15 Year), so B's page-order numbering is the correct key and B's value belongs at it. Backfill 2026-09-01: the lanes agree on the reading and differ on the key name or on which lane backed a scope; the citation follows the accepted note rows' keys, the narrative net readings lane B backed stand, and the scope lane A backed with the printed phrase stands.",RESOLVED,A+B+ADJUDICATOR,b2e06d492dceca8b867aac1fe20a93724668dd623d6f3a714882afac32b4c59e
1eece6b17e8cbfe50414,SRC384,3,PAIR_35CC531730CFB8F9EE1CB076,VALUE_CONFLICT,397,412,source_section|asset_class|metric_category|metric_name|metric_value_raw|evidence_quote|definition_keys|method|fee_basis,MERGE,"source_section: pages 2-4 print no section heading (only the running header 'INVESTMENTS COMMITTEE -n- I1 / May 13, 2025' and the figure captions), so blank is right there; page 1 prints EXECUTIVE SUMMARY. Confirmed on the page images. Value Added is the portfolio's return minus its benchmark's, so metric_category is alpha, and it is a measure row, so metric_name is the printed row label 'Value Added'. source_occurrence: counted by position on the page alone, so every printed occurrence of the row label counts whether or not that column is populated. A's numbering restarts per column on populated cells only, which gives one printed row different numbers under different columns (Private Equity Value Added is 5 under 20 Year and 6 under 15 Year), so B's page-order numbering is the correct key and B's value belongs at it. Backfill 2026-09-01: the lanes agree on the reading and differ on the key name or on which lane backed a scope; the citation follows the accepted note rows' keys, the narrative net readings lane B backed stand, and the scope lane A backed with the printed phrase stands.",RESOLVED,A+B+ADJUDICATOR,b2e06d492dceca8b867aac1fe20a93724668dd623d6f3a714882afac32b4c59e
2c62fe7da9647c7fa817,SRC384,3,PAIR_81E28EF6E86A3C3B2CAD9574,B_ONLY,,413,,MERGE,"source_section: pages 2-4 print no section heading (only the running header 'INVESTMENTS COMMITTEE -n- I1 / May 13, 2025' and the figure captions), so blank is right there; page 1 prints EXECUTIVE SUMMARY. Confirmed on the page images. Value Added is the portfolio's return minus its benchmark's, so metric_category is alpha, and it is a measure row, so metric_name is the printed row label 'Value Added'. Backfill 2026-09-01: qualifier columns filled from the lanes' agreed reading.",RESOLVED,B+ADJUDICATOR,b2e06d492dceca8b867aac1fe20a93724668dd623d6f3a714882afac32b4c59e
f0c5832d13bce489fc53,SRC384,3,PAIR_17BB63DD1E3C87461FEE4894,B_ONLY,,414,,MERGE,"source_section: pages 2-4 print no section heading (only the running header 'INVESTMENTS COMMITTEE -n- I1 / May 13, 2025' and the figure captions), so blank is right there; page 1 prints EXECUTIVE SUMMARY. Confirmed on the page images. Value Added is the portfolio's return minus its benchmark's, so metric_category is alpha, and it is a measure row, so metric_name is the printed row label 'Value Added'. Backfill 2026-09-01: qualifier columns filled from the lanes' agreed reading.",RESOLVED,B+ADJUDICATOR,b2e06d492dceca8b867aac1fe20a93724668dd623d6f3a714882afac32b4c59e
ff741418c4a3b82175d1,SRC384,3,PAIR_CB76130E5267D63154AD18BE,B_ONLY,,415,,MERGE,"source_section: pages 2-4 print no section heading (only the running header 'INVESTMENTS COMMITTEE -n- I1 / May 13, 2025' and the figure captions), so blank is right there; page 1 prints EXECUTIVE SUMMARY. Confirmed on the page images. Value Added is the portfolio's return minus its benchmark's, so metric_category is alpha, and it is a measure row, so metric_name is the printed row label 'Value Added'. Backfill 2026-09-01: qualifier columns filled from the lanes' agreed reading.",RESOLVED,B+ADJUDICATOR,b2e06d492dceca8b867aac1fe20a93724668dd623d6f3a714882afac32b4c59e
e9404f303387be9d7f10,SRC384,3,PAIR_9A8E0ACE92A9565D54CF645F,CLASSIFICATION_CONFLICT,401,416,source_section|metric_category|metric_name|evidence_quote|definition_keys|method|fee_basis,MERGE,"source_section: pages 2-4 print no section heading (only the running header 'INVESTMENTS COMMITTEE -n- I1 / May 13, 2025' and the figure captions), so blank is right there; page 1 prints EXECUTIVE SUMMARY. Confirmed on the page images. Value Added is the portfolio's return minus its benchmark's, so metric_category is alpha, and it is a measure row, so metric_name is the printed row label 'Value Added'. Backfill 2026-09-01: the lanes agree on the reading and differ on the key name or on which lane backed a scope; the citation follows the accepted note rows' keys, the narrative net readings lane B backed stand, and the scope lane A backed with the printed phrase stands.",RESOLVED,A+B+ADJUDICATOR,b2e06d492dceca8b867aac1fe20a93724668dd623d6f3a714882afac32b4c59e
100f249222dc2f9adac9,SRC384,3,PAIR_F675E5E458F6717E2C8DC4AD,VALUE_CONFLICT,402,417,source_section|metric_category|metric_name|metric_value_raw|evidence_quote|definition_keys|method|fee_basis,MERGE,"source_section: pages 2-4 print no section heading (only the running header 'INVESTMENTS COMMITTEE -n- I1 / May 13, 2025' and the figure captions), so blank is right there; page 1 prints EXECUTIVE SUMMARY. Confirmed on the page images. Value Added is the portfolio's return minus its benchmark's, so metric_category is alpha, and it is a measure row, so metric_name is the printed row label 'Value Added'. source_occurrence: counted by position on the page alone, so every printed occurrence of the row label counts whether or not that column is populated. A's numbering restarts per column on populated cells only, which gives one printed row different numbers under different columns (Private Equity Value Added is 5 under 20 Year and 6 under 15 Year), so B's page-order numbering is the correct key and B's value belongs at it. Backfill 2026-09-01: the lanes agree on the reading and differ on the key name or on which lane backed a scope; the citation follows the accepted note rows' keys, the narrative net readings lane B backed stand, and the scope lane A backed with the printed phrase stands.",RESOLVED,A+B+ADJUDICATOR,b2e06d492dceca8b867aac1fe20a93724668dd623d6f3a714882afac32b4c59e
57bba0f880a6fd33ee9d,SRC384,3,PAIR_5227865014B068D5699D1721,VALUE_CONFLICT,403,418,source_section|asset_class|metric_category|metric_name|metric_value_raw|evidence_quote|definition_keys|method|fee_basis,MERGE,"source_section: pages 2-4 print no section heading (only the running header 'INVESTMENTS COMMITTEE -n- I1 / May 13, 2025' and the figure captions), so blank is right there; page 1 prints EXECUTIVE SUMMARY. Confirmed on the page images. Value Added is the portfolio's return minus its benchmark's, so metric_category is alpha, and it is a measure row, so metric_name is the printed row label 'Value Added'. source_occurrence: counted by position on the page alone, so every printed occurrence of the row label counts whether or not that column is populated. A's numbering restarts per column on populated cells only, which gives one printed row different numbers under different columns (Private Equity Value Added is 5 under 20 Year and 6 under 15 Year), so B's page-order numbering is the correct key and B's value belongs at it. Backfill 2026-09-01: the lanes agree on the reading and differ on the key name or on which lane backed a scope; the citation follows the accepted note rows' keys, the narrative net readings lane B backed stand, and the scope lane A backed with the printed phrase stands.",RESOLVED,A+B+ADJUDICATOR,b2e06d492dceca8b867aac1fe20a93724668dd623d6f3a714882afac32b4c59e
0a3e11333b90a6eb3ae5,SRC384,3,PAIR_94ED6C9F2DE28A7EDE788DBD,VALUE_CONFLICT,404,419,source_section|asset_class|metric_category|metric_name|metric_value_raw|evidence_quote|definition_keys|method|fee_basis,MERGE,"source_section: pages 2-4 print no section heading (only the running header 'INVESTMENTS COMMITTEE -n- I1 / May 13, 2025' and the figure captions), so blank is right there; page 1 prints EXECUTIVE SUMMARY. Confirmed on the page images. Value Added is the portfolio's return minus its benchmark's, so metric_category is alpha, and it is a measure row, so metric_name is the printed row label 'Value Added'. source_occurrence: counted by position on the page alone, so every printed occurrence of the row label counts whether or not that column is populated. A's numbering restarts per column on populated cells only, which gives one printed row different numbers under different columns (Private Equity Value Added is 5 under 20 Year and 6 under 15 Year), so B's page-order numbering is the correct key and B's value belongs at it. Backfill 2026-09-01: the lanes agree on the reading and differ on the key name or on which lane backed a scope; the citation follows the accepted note rows' keys, the narrative net readings lane B backed stand, and the scope lane A backed with the printed phrase stands.",RESOLVED,A+B+ADJUDICATOR,b2e06d492dceca8b867aac1fe20a93724668dd623d6f3a714882afac32b4c59e
c3632a658f40a16e966d,SRC384,3,PAIR_CA3A144FD89622E51D3FA6EF,VALUE_CONFLICT,405,420,source_section|asset_class|metric_category|metric_name|metric_value_raw|evidence_quote|definition_keys|method|fee_basis,MERGE,"source_section: pages 2-4 print no section heading (only the running header 'INVESTMENTS COMMITTEE -n- I1 / May 13, 2025' and the figure captions), so blank is right there; page 1 prints EXECUTIVE SUMMARY. Confirmed on the page images. Value Added is the portfolio's return minus its benchmark's, so metric_category is alpha, and it is a measure row, so metric_name is the printed row label 'Value Added'. source_occurrence: counted by position on the page alone, so every printed occurrence of the row label counts whether or not that column is populated. A's numbering restarts per column on populated cells only, which gives one printed row different numbers under different columns (Private Equity Value Added is 5 under 20 Year and 6 under 15 Year), so B's page-order numbering is the correct key and B's value belongs at it. Backfill 2026-09-01: the lanes agree on the reading and differ on the key name or on which lane backed a scope; the citation follows the accepted note rows' keys, the narrative net readings lane B backed stand, and the scope lane A backed with the printed phrase stands.",RESOLVED,A+B+ADJUDICATOR,b2e06d492dceca8b867aac1fe20a93724668dd623d6f3a714882afac32b4c59e
2f2f3b88737ba3ae4c9f,SRC384,3,PAIR_8B537E8B357AC0E1C0E48F14,B_ONLY,,421,,MERGE,"source_section: pages 2-4 print no section heading (only the running header 'INVESTMENTS COMMITTEE -n- I1 / May 13, 2025' and the figure captions), so blank is right there; page 1 prints EXECUTIVE SUMMARY. Confirmed on the page images. Value Added is the portfolio's return minus its benchmark's, so metric_category is alpha, and it is a measure row, so metric_name is the printed row label 'Value Added'. Backfill 2026-09-01: qualifier columns filled from the lanes' agreed reading.",RESOLVED,B+ADJUDICATOR,b2e06d492dceca8b867aac1fe20a93724668dd623d6f3a714882afac32b4c59e
9aeb6eb1aaec67394301,SRC384,3,PAIR_3173C6FE53609952ABFF5376,B_ONLY,,422,,MERGE,"source_section: pages 2-4 print no section heading (only the running header 'INVESTMENTS COMMITTEE -n- I1 / May 13, 2025' and the figure captions), so blank is right there; page 1 prints EXECUTIVE SUMMARY. Confirmed on the page images. Value Added is the portfolio's return minus its benchmark's, so metric_category is alpha, and it is a measure row, so metric_name is the printed row label 'Value Added'. Backfill 2026-09-01: qualifier columns filled from the lanes' agreed reading.",RESOLVED,B+ADJUDICATOR,b2e06d492dceca8b867aac1fe20a93724668dd623d6f3a714882afac32b4c59e
77e90d8bb2e9a9145538,SRC384,3,PAIR_C192F6DDFC65DF29312E5189,B_ONLY,,423,,MERGE,"source_section: pages 2-4 print no section heading (only the running header 'INVESTMENTS COMMITTEE -n- I1 / May 13, 2025' and the figure captions), so blank is right there; page 1 prints EXECUTIVE SUMMARY. Confirmed on the page images. Value Added is the portfolio's return minus its benchmark's, so metric_category is alpha, and it is a measure row, so metric_name is the printed row label 'Value Added'. Backfill 2026-09-01: qualifier columns filled from the lanes' agreed reading.",RESOLVED,B+ADJUDICATOR,b2e06d492dceca8b867aac1fe20a93724668dd623d6f3a714882afac32b4c59e
b405080d31c012a9005a,SRC384,3,PAIR_F8A0DD134C74CC471DD8744F,VALUE_CONFLICT,409,424,source_section|metric_category|metric_name|metric_value_raw|evidence_quote|definition_keys|method|fee_basis,MERGE,"source_section: pages 2-4 print no section heading (only the running header 'INVESTMENTS COMMITTEE -n- I1 / May 13, 2025' and the figure captions), so blank is right there; page 1 prints EXECUTIVE SUMMARY. Confirmed on the page images. Value Added is the portfolio's return minus its benchmark's, so metric_category is alpha, and it is a measure row, so metric_name is the printed row label 'Value Added'. source_occurrence: counted by position on the page alone, so every printed occurrence of the row label counts whether or not that column is populated. A's numbering restarts per column on populated cells only, which gives one printed row different numbers under different columns (Private Equity Value Added is 5 under 20 Year and 6 under 15 Year), so B's page-order numbering is the correct key and B's value belongs at it. Backfill 2026-09-01: the lanes agree on the reading and differ on the key name or on which lane backed a scope; the citation follows the accepted note rows' keys, the narrative net readings lane B backed stand, and the scope lane A backed with the printed phrase stands.",RESOLVED,A+B+ADJUDICATOR,b2e06d492dceca8b867aac1fe20a93724668dd623d6f3a714882afac32b4c59e
60174459669eb6ac3f9c,SRC384,3,PAIR_16AB9837C78A4C1A50D3B550,VALUE_CONFLICT,410,425,source_section|asset_class|metric_category|metric_name|metric_value_raw|evidence_quote|definition_keys|method|fee_basis,MERGE,"source_section: pages 2-4 print no section heading (only the running header 'INVESTMENTS COMMITTEE -n- I1 / May 13, 2025' and the figure captions), so blank is right there; page 1 prints EXECUTIVE SUMMARY. Confirmed on the page images. Value Added is the portfolio's return minus its benchmark's, so metric_category is alpha, and it is a measure row, so metric_name is the printed row label 'Value Added'. source_occurrence: counted by position on the page alone, so every printed occurrence of the row label counts whether or not that column is populated. A's numbering restarts per column on populated cells only, which gives one printed row different numbers under different columns (Private Equity Value Added is 5 under 20 Year and 6 under 15 Year), so B's page-order numbering is the correct key and B's value belongs at it. Backfill 2026-09-01: the lanes agree on the reading and differ on the key name or on which lane backed a scope; the citation follows the accepted note rows' keys, the narrative net readings lane B backed stand, and the scope lane A backed with the printed phrase stands.",RESOLVED,A+B+ADJUDICATOR,b2e06d492dceca8b867aac1fe20a93724668dd623d6f3a714882afac32b4c59e
37c492c6e8ee2c169c87,SRC384,3,PAIR_85B6090BF2C0CC99A897E57F,VALUE_CONFLICT,411,426,source_section|asset_class|metric_category|metric_name|metric_value_raw|evidence_quote|definition_keys|method|fee_basis,MERGE,"source_section: pages 2-4 print no section heading (only the running header 'INVESTMENTS COMMITTEE -n- I1 / May 13, 2025' and the figure captions), so blank is right there; page 1 prints EXECUTIVE SUMMARY. Confirmed on the page images. Value Added is the portfolio's return minus its benchmark's, so metric_category is alpha, and it is a measure row, so metric_name is the printed row label 'Value Added'. source_occurrence: counted by position on the page alone, so every printed occurrence of the row label counts whether or not that column is populated. A's numbering restarts per column on populated cells only, which gives one printed row different numbers under different columns (Private Equity Value Added is 5 under 20 Year and 6 under 15 Year), so B's page-order numbering is the correct key and B's value belongs at it. Backfill 2026-09-01: the lanes agree on the reading and differ on the key name or on which lane backed a scope; the citation follows the accepted note rows' keys, the narrative net readings lane B backed stand, and the scope lane A backed with the printed phrase stands.",RESOLVED,A+B+ADJUDICATOR,b2e06d492dceca8b867aac1fe20a93724668dd623d6f3a714882afac32b4c59e
48bf92fcef3df7690167,SRC384,3,PAIR_574232D6256079911B1CE9F3,B_ONLY,,427,,MERGE,"source_section: pages 2-4 print no section heading (only the running header 'INVESTMENTS COMMITTEE -n- I1 / May 13, 2025' and the figure captions), so blank is right there; page 1 prints EXECUTIVE SUMMARY. Confirmed on the page images. Value Added is the portfolio's return minus its benchmark's, so metric_category is alpha, and it is a measure row, so metric_name is the printed row label 'Value Added'. Backfill 2026-09-01: qualifier columns filled from the lanes' agreed reading.",RESOLVED,B+ADJUDICATOR,b2e06d492dceca8b867aac1fe20a93724668dd623d6f3a714882afac32b4c59e
d057e5b3051184a6b2f3,SRC384,3,PAIR_DCFD64098542ED5E16854C7D,B_ONLY,,428,,MERGE,"source_section: pages 2-4 print no section heading (only the running header 'INVESTMENTS COMMITTEE -n- I1 / May 13, 2025' and the figure captions), so blank is right there; page 1 prints EXECUTIVE SUMMARY. Confirmed on the page images. Value Added is the portfolio's return minus its benchmark's, so metric_category is alpha, and it is a measure row, so metric_name is the printed row label 'Value Added'. Backfill 2026-09-01: qualifier columns filled from the lanes' agreed reading.",RESOLVED,B+ADJUDICATOR,b2e06d492dceca8b867aac1fe20a93724668dd623d6f3a714882afac32b4c59e
73093833aae2f1831b1e,SRC384,3,PAIR_10C17EE8933B180B2114B161,B_ONLY,,429,,MERGE,"source_section: pages 2-4 print no section heading (only the running header 'INVESTMENTS COMMITTEE -n- I1 / May 13, 2025' and the figure captions), so blank is right there; page 1 prints EXECUTIVE SUMMARY. Confirmed on the page images. Value Added is the portfolio's return minus its benchmark's, so metric_category is alpha, and it is a measure row, so metric_name is the printed row label 'Value Added'. Backfill 2026-09-01: qualifier columns filled from the lanes' agreed reading.",RESOLVED,B+ADJUDICATOR,b2e06d492dceca8b867aac1fe20a93724668dd623d6f3a714882afac32b4c59e
0c65b96d191232173770,SRC384,3,PAIR_9464A5EE26A55BBF6DCA21FD,VALUE_CONFLICT,415,430,source_section|metric_category|metric_name|metric_value_raw|evidence_quote|definition_keys|method|fee_basis,MERGE,"source_section: pages 2-4 print no section heading (only the running header 'INVESTMENTS COMMITTEE -n- I1 / May 13, 2025' and the figure captions), so blank is right there; page 1 prints EXECUTIVE SUMMARY. Confirmed on the page images. Value Added is the portfolio's return minus its benchmark's, so metric_category is alpha, and it is a measure row, so metric_name is the printed row label 'Value Added'. source_occurrence: counted by position on the page alone, so every printed occurrence of the row label counts whether or not that column is populated. A's numbering restarts per column on populated cells only, which gives one printed row different numbers under different columns (Private Equity Value Added is 5 under 20 Year and 6 under 15 Year), so B's page-order numbering is the correct key and B's value belongs at it. Backfill 2026-09-01: the lanes agree on the reading and differ on the key name or on which lane backed a scope; the citation follows the accepted note rows' keys, the narrative net readings lane B backed stand, and the scope lane A backed with the printed phrase stands.",RESOLVED,A+B+ADJUDICATOR,b2e06d492dceca8b867aac1fe20a93724668dd623d6f3a714882afac32b4c59e
b0ae8167e717a5919234,SRC384,3,PAIR_B0BF45A0140DAAB13BF938F5,VALUE_CONFLICT,416,431,source_section|asset_class|metric_category|metric_name|metric_value_raw|evidence_quote|definition_keys|method|fee_basis,MERGE,"source_section: pages 2-4 print no section heading (only the running header 'INVESTMENTS COMMITTEE -n- I1 / May 13, 2025' and the figure captions), so blank is right there; page 1 prints EXECUTIVE SUMMARY. Confirmed on the page images. Value Added is the portfolio's return minus its benchmark's, so metric_category is alpha, and it is a measure row, so metric_name is the printed row label 'Value Added'. source_occurrence: counted by position on the page alone, so every printed occurrence of the row label counts whether or not that column is populated. A's numbering restarts per column on populated cells only, which gives one printed row different numbers under different columns (Private Equity Value Added is 5 under 20 Year and 6 under 15 Year), so B's page-order numbering is the correct key and B's value belongs at it. Backfill 2026-09-01: the lanes agree on the reading and differ on the key name or on which lane backed a scope; the citation follows the accepted note rows' keys, the narrative net readings lane B backed stand, and the scope lane A backed with the printed phrase stands.",RESOLVED,A+B+ADJUDICATOR,b2e06d492dceca8b867aac1fe20a93724668dd623d6f3a714882afac32b4c59e
dace494aabf28decd206,SRC384,3,PAIR_C2DB29B9EE255BAC4FA103F7,CLASSIFICATION_CONFLICT,414,432,source_section|source_occurrence|metric_category|metric_name|definition_keys|method|fee_basis,MERGE,"source_section: pages 2-4 print no section heading (only the running header 'INVESTMENTS COMMITTEE -n- I1 / May 13, 2025' and the figure captions), so blank is right there; page 1 prints EXECUTIVE SUMMARY. Confirmed on the page images. Value Added is the portfolio's return minus its benchmark's, so metric_category is alpha, and it is a measure row, so metric_name is the printed row label 'Value Added'. Backfill 2026-09-01: the lanes agree on the reading and differ on the key name or on which lane backed a scope; the citation follows the accepted note rows' keys, the narrative net readings lane B backed stand, and the scope lane A backed with the printed phrase stands.",RESOLVED,A+B+ADJUDICATOR,b2e06d492dceca8b867aac1fe20a93724668dd623d6f3a714882afac32b4c59e
a7d3c39967c892d598bf,SRC384,3,PAIR_159A1692F892EBCC38F31F19,B_ONLY,,433,,MERGE,"source_section: pages 2-4 print no section heading (only the running header 'INVESTMENTS COMMITTEE -n- I1 / May 13, 2025' and the figure captions), so blank is right there; page 1 prints EXECUTIVE SUMMARY. Confirmed on the page images. Value Added is the portfolio's return minus its benchmark's, so metric_category is alpha, and it is a measure row, so metric_name is the printed row label 'Value Added'. Backfill 2026-09-01: qualifier columns filled from the lanes' agreed reading.",RESOLVED,B+ADJUDICATOR,b2e06d492dceca8b867aac1fe20a93724668dd623d6f3a714882afac32b4c59e
c823e22b57126c5538b8,SRC384,3,PAIR_70810553C25697C84BD0D220,B_ONLY,,434,,MERGE,"source_section: pages 2-4 print no section heading (only the running header 'INVESTMENTS COMMITTEE -n- I1 / May 13, 2025' and the figure captions), so blank is right there; page 1 prints EXECUTIVE SUMMARY. Confirmed on the page images. Value Added is the portfolio's return minus its benchmark's, so metric_category is alpha, and it is a measure row, so metric_name is the printed row label 'Value Added'. Backfill 2026-09-01: qualifier columns filled from the lanes' agreed reading.",RESOLVED,B+ADJUDICATOR,b2e06d492dceca8b867aac1fe20a93724668dd623d6f3a714882afac32b4c59e
c9e9554f10c1ad08187e,SRC384,3,PAIR_97B167AF36937C4C3CDDF209,CLASSIFICATION_CONFLICT,417,435,source_section|metric_category|metric_name|definition_keys|method|fee_basis,MERGE,"source_section: pages 2-4 print no section heading (only the running header 'INVESTMENTS COMMITTEE -n- I1 / May 13, 2025' and the figure captions), so blank is right there; page 1 prints EXECUTIVE SUMMARY. Confirmed on the page images. Value Added is the portfolio's return minus its benchmark's, so metric_category is alpha, and it is a measure row, so metric_name is the printed row label 'Value Added'. Backfill 2026-09-01: the lanes agree on the reading and differ on the key name or on which lane backed a scope; the citation follows the accepted note rows' keys, the narrative net readings lane B backed stand, and the scope lane A backed with the printed phrase stands.",RESOLVED,A+B+ADJUDICATOR,b2e06d492dceca8b867aac1fe20a93724668dd623d6f3a714882afac32b4c59e
88030d47d495c422ce22,SRC384,3,PAIR_79FEE037F09711814D242C62,CLASSIFICATION_CONFLICT,418,436,source_section|metric_category|metric_name|definition_keys|method|fee_basis,MERGE,"source_section: pages 2-4 print no section heading (only the running header 'INVESTMENTS COMMITTEE -n- I1 / May 13, 2025' and the figure captions), so blank is right there; page 1 prints EXECUTIVE SUMMARY. Confirmed on the page images. Value Added is the portfolio's return minus its benchmark's, so metric_category is alpha, and it is a measure row, so metric_name is the printed row label 'Value Added'. Backfill 2026-09-01: the lanes agree on the reading and differ on the key name or on which lane backed a scope; the citation follows the accepted note rows' keys, the narrative net readings lane B backed stand, and the scope lane A backed with the printed phrase stands.",RESOLVED,A+B+ADJUDICATOR,b2e06d492dceca8b867aac1fe20a93724668dd623d6f3a714882afac32b4c59e
4a8946602cd6068b9323,SRC384,3,PAIR_B894BA48B0CD8B2F9C855248,CLASSIFICATION_CONFLICT,419,437,source_section|metric_category|metric_name|definition_keys|method|fee_basis,MERGE,"source_section: pages 2-4 print no section heading (only the running header 'INVESTMENTS COMMITTEE -n- I1 / May 13, 2025' and the figure captions), so blank is right there; page 1 prints EXECUTIVE SUMMARY. Confirmed on the page images. Value Added is the portfolio's return minus its benchmark's, so metric_category is alpha, and it is a measure row, so metric_name is the printed row label 'Value Added'. Backfill 2026-09-01: the lanes agree on the reading and differ on the key name or on which lane backed a scope; the citation follows the accepted note rows' keys, the narrative net readings lane B backed stand, and the scope lane A backed with the printed phrase stands.",RESOLVED,A+B+ADJUDICATOR,b2e06d492dceca8b867aac1fe20a93724668dd623d6f3a714882afac32b4c59e
a5e41d6476995d33a480,SRC384,3,PAIR_F199D9236BDEF25D24B136E0,CLASSIFICATION_CONFLICT,420,438,source_section|metric_category|metric_name|definition_keys|method|fee_basis,MERGE,"source_section: pages 2-4 print no section heading (only the running header 'INVESTMENTS COMMITTEE -n- I1 / May 13, 2025' and the figure captions), so blank is right there; page 1 prints EXECUTIVE SUMMARY. Confirmed on the page images. Value Added is the portfolio's return minus its benchmark's, so metric_category is alpha, and it is a measure row, so metric_name is the printed row label 'Value Added'. Backfill 2026-09-01: the lanes agree on the reading and differ on the key name or on which lane backed a scope; the citation follows the accepted note rows' keys, the narrative net readings lane B backed stand, and the scope lane A backed with the printed phrase stands.",RESOLVED,A+B+ADJUDICATOR,b2e06d492dceca8b867aac1fe20a93724668dd623d6f3a714882afac32b4c59e
7f759652d9538bd5d290,SRC384,3,PAIR_2D920C138D9D673C9685C6E2,CLASSIFICATION_CONFLICT,421,439,source_section|metric_category|metric_name|definition_keys|method|fee_basis,MERGE,"source_section: pages 2-4 print no section heading (only the running header 'INVESTMENTS COMMITTEE -n- I1 / May 13, 2025' and the figure captions), so blank is right there; page 1 prints EXECUTIVE SUMMARY. Confirmed on the page images. Value Added is the portfolio's return minus its benchmark's, so metric_category is alpha, and it is a measure row, so metric_name is the printed row label 'Value Added'. Backfill 2026-09-01: the lanes agree on the reading and differ on the key name or on which lane backed a scope; the citation follows the accepted note rows' keys, the narrative net readings lane B backed stand, and the scope lane A backed with the printed phrase stands.",RESOLVED,A+B+ADJUDICATOR,b2e06d492dceca8b867aac1fe20a93724668dd623d6f3a714882afac32b4c59e
29bb832023605adc4602,SRC384,3,PAIR_9E24F0F872CF930F77BCD4B5,CLASSIFICATION_CONFLICT,422,440,source_section|metric_category|metric_name|definition_keys|method|fee_basis,MERGE,"source_section: pages 2-4 print no section heading (only the running header 'INVESTMENTS COMMITTEE -n- I1 / May 13, 2025' and the figure captions), so blank is right there; page 1 prints EXECUTIVE SUMMARY. Confirmed on the page images. Value Added is the portfolio's return minus its benchmark's, so metric_category is alpha, and it is a measure row, so metric_name is the printed row label 'Value Added'. Backfill 2026-09-01: the lanes agree on the reading and differ on the key name or on which lane backed a scope; the citation follows the accepted note rows' keys, the narrative net readings lane B backed stand, and the scope lane A backed with the printed phrase stands.",RESOLVED,A+B+ADJUDICATOR,b2e06d492dceca8b867aac1fe20a93724668dd623d6f3a714882afac32b4c59e
986b27fecaaf33b8a18b,SRC384,3,PAIR_13D1D5CE61184B3B1B12B03F,CLASSIFICATION_CONFLICT,423,441,source_section|metric_category|metric_name|definition_keys|method|fee_basis,MERGE,"source_section: pages 2-4 print no section heading (only the running header 'INVESTMENTS COMMITTEE -n- I1 / May 13, 2025' and the figure captions), so blank is right there; page 1 prints EXECUTIVE SUMMARY. Confirmed on the page images. Value Added is the portfolio's return minus its benchmark's, so metric_category is alpha, and it is a measure row, so metric_name is the printed row label 'Value Added'. Backfill 2026-09-01: the lanes agree on the reading and differ on the key name or on which lane backed a scope; the citation follows the accepted note rows' keys, the narrative net readings lane B backed stand, and the scope lane A backed with the printed phrase stands.",RESOLVED,A+B+ADJUDICATOR,b2e06d492dceca8b867aac1fe20a93724668dd623d6f3a714882afac32b4c59e
44853bda71733b3612c2,SRC384,3,PAIR_7ED027E5368CFB861B61B05C,CLASSIFICATION_CONFLICT,424,442,source_section|metric_category|metric_name|definition_keys|method|fee_basis,MERGE,"source_section: pages 2-4 print no section heading (only the running header 'INVESTMENTS COMMITTEE -n- I1 / May 13, 2025' and the figure captions), so blank is right there; page 1 prints EXECUTIVE SUMMARY. Confirmed on the page images. Value Added is the portfolio's return minus its benchmark's, so metric_category is alpha, and it is a measure row, so metric_name is the printed row label 'Value Added'. Backfill 2026-09-01: the lanes agree on the reading and differ on the key name or on which lane backed a scope; the citation follows the accepted note rows' keys, the narrative net readings lane B backed stand, and the scope lane A backed with the printed phrase stands.",RESOLVED,A+B+ADJUDICATOR,b2e06d492dceca8b867aac1fe20a93724668dd623d6f3a714882afac32b4c59e
2830a4e7f29bd9424511,SRC384,3,PAIR_DF532368A690285B274274BA,CLASSIFICATION_CONFLICT,425,443,source_section|metric_category|metric_name|definition_keys|method|fee_basis,MERGE,"source_section: pages 2-4 print no section heading (only the running header 'INVESTMENTS COMMITTEE -n- I1 / May 13, 2025' and the figure captions), so blank is right there; page 1 prints EXECUTIVE SUMMARY. Confirmed on the page images. Value Added is the portfolio's return minus its benchmark's, so metric_category is alpha, and it is a measure row, so metric_name is the printed row label 'Value Added'. Backfill 2026-09-01: the lanes agree on the reading and differ on the key name or on which lane backed a scope; the citation follows the accepted note rows' keys, the narrative net readings lane B backed stand, and the scope lane A backed with the printed phrase stands.",RESOLVED,A+B+ADJUDICATOR,b2e06d492dceca8b867aac1fe20a93724668dd623d6f3a714882afac32b4c59e
bc112d81ffebc31e844b,SRC384,3,PAIR_0FBBCE2A249D4D2FC6368328,VALUE_CONFLICT,429,444,source_section|metric_category|metric_name|metric_value_raw|evidence_quote|definition_keys|method|fee_basis,MERGE,"source_section: pages 2-4 print no section heading (only the running header 'INVESTMENTS COMMITTEE -n- I1 / May 13, 2025' and the figure captions), so blank is right there; page 1 prints EXECUTIVE SUMMARY. Confirmed on the page images. Value Added is the portfolio's return minus its benchmark's, so metric_category is alpha, and it is a measure row, so metric_name is the printed row label 'Value Added'. source_occurrence: counted by position on the page alone, so every printed occurrence of the row label counts whether or not that column is populated. A's numbering restarts per column on populated cells only, which gives one printed row different numbers under different columns (Private Equity Value Added is 5 under 20 Year and 6 under 15 Year), so B's page-order numbering is the correct key and B's value belongs at it. Backfill 2026-09-01: the lanes agree on the reading and differ on the key name or on which lane backed a scope; the citation follows the accepted note rows' keys, the narrative net readings lane B backed stand, and the scope lane A backed with the printed phrase stands.",RESOLVED,A+B+ADJUDICATOR,b2e06d492dceca8b867aac1fe20a93724668dd623d6f3a714882afac32b4c59e
2a781fdf3d40c35651ed,SRC384,3,PAIR_388F74EAF955FA4AB2598E6D,VALUE_CONFLICT,430,445,source_section|asset_class|metric_category|metric_name|metric_value_raw|evidence_quote|definition_keys|method|fee_basis,MERGE,"source_section: pages 2-4 print no section heading (only the running header 'INVESTMENTS COMMITTEE -n- I1 / May 13, 2025' and the figure captions), so blank is right there; page 1 prints EXECUTIVE SUMMARY. Confirmed on the page images. Value Added is the portfolio's return minus its benchmark's, so metric_category is alpha, and it is a measure row, so metric_name is the printed row label 'Value Added'. source_occurrence: counted by position on the page alone, so every printed occurrence of the row label counts whether or not that column is populated. A's numbering restarts per column on populated cells only, which gives one printed row different numbers under different columns (Private Equity Value Added is 5 under 20 Year and 6 under 15 Year), so B's page-order numbering is the correct key and B's value belongs at it. Backfill 2026-09-01: the lanes agree on the reading and differ on the key name or on which lane backed a scope; the citation follows the accepted note rows' keys, the narrative net readings lane B backed stand, and the scope lane A backed with the printed phrase stands.",RESOLVED,A+B+ADJUDICATOR,b2e06d492dceca8b867aac1fe20a93724668dd623d6f3a714882afac32b4c59e
e028f4e6d379997388e8,SRC384,3,PAIR_775F878ACE536BFC42B26F58,CLASSIFICATION_CONFLICT,428,446,source_section|source_occurrence|metric_category|metric_name|definition_keys|method|fee_basis,MERGE,"source_section: pages 2-4 print no section heading (only the running header 'INVESTMENTS COMMITTEE -n- I1 / May 13, 2025' and the figure captions), so blank is right there; page 1 prints EXECUTIVE SUMMARY. Confirmed on the page images. Value Added is the portfolio's return minus its benchmark's, so metric_category is alpha, and it is a measure row, so metric_name is the printed row label 'Value Added'. Backfill 2026-09-01: the lanes agree on the reading and differ on the key name or on which lane backed a scope; the citation follows the accepted note rows' keys, the narrative net readings lane B backed stand, and the scope lane A backed with the printed phrase stands.",RESOLVED,A+B+ADJUDICATOR,b2e06d492dceca8b867aac1fe20a93724668dd623d6f3a714882afac32b4c59e
8acd2dd040bd3b12744e,SRC384,3,PAIR_A7F112466A7A838638131709,B_ONLY,,447,,MERGE,"source_section: pages 2-4 print no section heading (only the running header 'INVESTMENTS COMMITTEE -n- I1 / May 13, 2025' and the figure captions), so blank is right there; page 1 prints EXECUTIVE SUMMARY. Confirmed on the page images. Value Added is the portfolio's return minus its benchmark's, so metric_category is alpha, and it is a measure row, so metric_name is the printed row label 'Value Added'. Backfill 2026-09-01: qualifier columns filled from the lanes' agreed reading.",RESOLVED,B+ADJUDICATOR,b2e06d492dceca8b867aac1fe20a93724668dd623d6f3a714882afac32b4c59e
6b98c51ee2899aa27545,SRC384,3,PAIR_D0B79B4E69621D106D4ADBD1,B_ONLY,,448,,MERGE,"source_section: pages 2-4 print no section heading (only the running header 'INVESTMENTS COMMITTEE -n- I1 / May 13, 2025' and the figure captions), so blank is right there; page 1 prints EXECUTIVE SUMMARY. Confirmed on the page images. Value Added is the portfolio's return minus its benchmark's, so metric_category is alpha, and it is a measure row, so metric_name is the printed row label 'Value Added'. Backfill 2026-09-01: qualifier columns filled from the lanes' agreed reading.",RESOLVED,B+ADJUDICATOR,b2e06d492dceca8b867aac1fe20a93724668dd623d6f3a714882afac32b4c59e
cd5dfe4c435627fbc82f,SRC384,3,PAIR_C5C06A0B37950B5EB436996D,VALUE_CONFLICT,434,449,source_section|metric_category|metric_name|metric_value_raw|evidence_quote|definition_keys|method|fee_basis,MERGE,"source_section: pages 2-4 print no section heading (only the running header 'INVESTMENTS COMMITTEE -n- I1 / May 13, 2025' and the figure captions), so blank is right there; page 1 prints EXECUTIVE SUMMARY. Confirmed on the page images. Value Added is the portfolio's return minus its benchmark's, so metric_category is alpha, and it is a measure row, so metric_name is the printed row label 'Value Added'. source_occurrence: counted by position on the page alone, so every printed occurrence of the row label counts whether or not that column is populated. A's numbering restarts per column on populated cells only, which gives one printed row different numbers under different columns (Private Equity Value Added is 5 under 20 Year and 6 under 15 Year), so B's page-order numbering is the correct key and B's value belongs at it. Backfill 2026-09-01: the lanes agree on the reading and differ on the key name or on which lane backed a scope; the citation follows the accepted note rows' keys, the narrative net readings lane B backed stand, and the scope lane A backed with the printed phrase stands.",RESOLVED,A+B+ADJUDICATOR,b2e06d492dceca8b867aac1fe20a93724668dd623d6f3a714882afac32b4c59e
7be2da9c3dc7f4dfa9b3,SRC384,3,PAIR_0557856A55F39113383A24EA,VALUE_CONFLICT,435,450,source_section|metric_category|metric_name|metric_value_raw|evidence_quote|definition_keys|method|fee_basis,MERGE,"source_section: pages 2-4 print no section heading (only the running header 'INVESTMENTS COMMITTEE -n- I1 / May 13, 2025' and the figure captions), so blank is right there; page 1 prints EXECUTIVE SUMMARY. Confirmed on the page images. Value Added is the portfolio's return minus its benchmark's, so metric_category is alpha, and it is a measure row, so metric_name is the printed row label 'Value Added'. source_occurrence: counted by position on the page alone, so every printed occurrence of the row label counts whether or not that column is populated. A's numbering restarts per column on populated cells only, which gives one printed row different numbers under different columns (Private Equity Value Added is 5 under 20 Year and 6 under 15 Year), so B's page-order numbering is the correct key and B's value belongs at it. Backfill 2026-09-01: the lanes agree on the reading and differ on the key name or on which lane backed a scope; the citation follows the accepted note rows' keys, the narrative net readings lane B backed stand, and the scope lane A backed with the printed phrase stands.",RESOLVED,A+B+ADJUDICATOR,b2e06d492dceca8b867aac1fe20a93724668dd623d6f3a714882afac32b4c59e
a764a586ebd0e49853ea,SRC384,3,PAIR_D99C15DD4633DE2A1D0EE49E,VALUE_CONFLICT,436,451,source_section|asset_class|metric_category|metric_name|metric_value_raw|evidence_quote|definition_keys|method|fee_basis,MERGE,"source_section: pages 2-4 print no section heading (only the running header 'INVESTMENTS COMMITTEE -n- I1 / May 13, 2025' and the figure captions), so blank is right there; page 1 prints EXECUTIVE SUMMARY. Confirmed on the page images. Value Added is the portfolio's return minus its benchmark's, so metric_category is alpha, and it is a measure row, so metric_name is the printed row label 'Value Added'. source_occurrence: counted by position on the page alone, so every printed occurrence of the row label counts whether or not that column is populated. A's numbering restarts per column on populated cells only, which gives one printed row different numbers under different columns (Private Equity Value Added is 5 under 20 Year and 6 under 15 Year), so B's page-order numbering is the correct key and B's value belongs at it. Backfill 2026-09-01: the lanes agree on the reading and differ on the key name or on which lane backed a scope; the citation follows the accepted note rows' keys, the narrative net readings lane B backed stand, and the scope lane A backed with the printed phrase stands.",RESOLVED,A+B+ADJUDICATOR,b2e06d492dceca8b867aac1fe20a93724668dd623d6f3a714882afac32b4c59e
78c1eb56ce65e7e62ac9,SRC384,3,PAIR_1BAAA5D0177CEAE5FDCE9BBF,VALUE_CONFLICT,437,452,source_section|asset_class|metric_category|metric_name|metric_value_raw|evidence_quote|definition_keys|method|fee_basis,MERGE,"source_section: pages 2-4 print no section heading (only the running header 'INVESTMENTS COMMITTEE -n- I1 / May 13, 2025' and the figure captions), so blank is right there; page 1 prints EXECUTIVE SUMMARY. Confirmed on the page images. Value Added is the portfolio's return minus its benchmark's, so metric_category is alpha, and it is a measure row, so metric_name is the printed row label 'Value Added'. source_occurrence: counted by position on the page alone, so every printed occurrence of the row label counts whether or not that column is populated. A's numbering restarts per column on populated cells only, which gives one printed row different numbers under different columns (Private Equity Value Added is 5 under 20 Year and 6 under 15 Year), so B's page-order numbering is the correct key and B's value belongs at it. Backfill 2026-09-01: the lanes agree on the reading and differ on the key name or on which lane backed a scope; the citation follows the accepted note rows' keys, the narrative net readings lane B backed stand, and the scope lane A backed with the printed phrase stands.",RESOLVED,A+B+ADJUDICATOR,b2e06d492dceca8b867aac1fe20a93724668dd623d6f3a714882afac32b4c59e
7f22e85fd5035c34af1f,SRC384,3,PAIR_D22E305BB1989F91F34329EC,VALUE_CONFLICT,438,453,source_section|asset_class|metric_category|metric_name|metric_value_raw|evidence_quote|definition_keys|method|fee_basis,MERGE,"source_section: pages 2-4 print no section heading (only the running header 'INVESTMENTS COMMITTEE -n- I1 / May 13, 2025' and the figure captions), so blank is right there; page 1 prints EXECUTIVE SUMMARY. Confirmed on the page images. Value Added is the portfolio's return minus its benchmark's, so metric_category is alpha, and it is a measure row, so metric_name is the printed row label 'Value Added'. source_occurrence: counted by position on the page alone, so every printed occurrence of the row label counts whether or not that column is populated. A's numbering restarts per column on populated cells only, which gives one printed row different numbers under different columns (Private Equity Value Added is 5 under 20 Year and 6 under 15 Year), so B's page-order numbering is the correct key and B's value belongs at it. Backfill 2026-09-01: the lanes agree on the reading and differ on the key name or on which lane backed a scope; the citation follows the accepted note rows' keys, the narrative net readings lane B backed stand, and the scope lane A backed with the printed phrase stands.",RESOLVED,A+B+ADJUDICATOR,b2e06d492dceca8b867aac1fe20a93724668dd623d6f3a714882afac32b4c59e
38c07f05bd36f4747633,SRC384,3,PAIR_2F07F002A5DA424FF6E26F91,B_ONLY,,454,,MERGE,"source_section: pages 2-4 print no section heading (only the running header 'INVESTMENTS COMMITTEE -n- I1 / May 13, 2025' and the figure captions), so blank is right there; page 1 prints EXECUTIVE SUMMARY. Confirmed on the page images. Value Added is the portfolio's return minus its benchmark's, so metric_category is alpha, and it is a measure row, so metric_name is the printed row label 'Value Added'. Backfill 2026-09-01: qualifier columns filled from the lanes' agreed reading.",RESOLVED,B+ADJUDICATOR,b2e06d492dceca8b867aac1fe20a93724668dd623d6f3a714882afac32b4c59e
cc9837f9929894d6eb06,SRC384,3,PAIR_FD2531609D89BDCAA5A42117,B_ONLY,,455,,MERGE,"source_section: pages 2-4 print no section heading (only the running header 'INVESTMENTS COMMITTEE -n- I1 / May 13, 2025' and the figure captions), so blank is right there; page 1 prints EXECUTIVE SUMMARY. Confirmed on the page images. Value Added is the portfolio's return minus its benchmark's, so metric_category is alpha, and it is a measure row, so metric_name is the printed row label 'Value Added'. Backfill 2026-09-01: qualifier columns filled from the lanes' agreed reading.",RESOLVED,B+ADJUDICATOR,b2e06d492dceca8b867aac1fe20a93724668dd623d6f3a714882afac32b4c59e
b9fcc268c97b2efb0702,SRC384,3,PAIR_997EA4FBF4638206E5973167,B_ONLY,,456,,MERGE,"source_section: pages 2-4 print no section heading (only the running header 'INVESTMENTS COMMITTEE -n- I1 / May 13, 2025' and the figure captions), so blank is right there; page 1 prints EXECUTIVE SUMMARY. Confirmed on the page images. Value Added is the portfolio's return minus its benchmark's, so metric_category is alpha, and it is a measure row, so metric_name is the printed row label 'Value Added'. Backfill 2026-09-01: qualifier columns filled from the lanes' agreed reading.",RESOLVED,B+ADJUDICATOR,b2e06d492dceca8b867aac1fe20a93724668dd623d6f3a714882afac32b4c59e
fe6323ecdd518a7ead8b,SRC384,3,PAIR_2D6CA00E32A3866DDA651225,CLASSIFICATION_CONFLICT,439,457,source_section|metric_category|metric_name|method|fee_basis,MERGE,"source_section: pages 2-4 print no section heading (only the running header 'INVESTMENTS COMMITTEE -n- I1 / May 13, 2025' and the figure captions), so blank is right there; page 1 prints EXECUTIVE SUMMARY. Confirmed on the page images. Value Added is the portfolio's return minus its benchmark's, so metric_category is alpha, and it is a measure row, so metric_name is the printed row label 'Value Added'. Backfill 2026-09-01: the qualifier columns the other lane filled are carried, the lanes agreeing on every filled cell.",RESOLVED,A+B+ADJUDICATOR,b2e06d492dceca8b867aac1fe20a93724668dd623d6f3a714882afac32b4c59e
a79012b9676a2dd461ae,SRC384,3,PAIR_03BF2D2B2B016A3F511B6B2B,CLASSIFICATION_CONFLICT,440,458,source_section|metric_category|metric_name|method|fee_basis,MERGE,"source_section: pages 2-4 print no section heading (only the running header 'INVESTMENTS COMMITTEE -n- I1 / May 13, 2025' and the figure captions), so blank is right there; page 1 prints EXECUTIVE SUMMARY. Confirmed on the page images. Value Added is the portfolio's return minus its benchmark's, so metric_category is alpha, and it is a measure row, so metric_name is the printed row label 'Value Added'. Backfill 2026-09-01: the qualifier columns the other lane filled are carried, the lanes agreeing on every filled cell.",RESOLVED,A+B+ADJUDICATOR,b2e06d492dceca8b867aac1fe20a93724668dd623d6f3a714882afac32b4c59e
5082e6ef25f919b64ff7,SRC384,3,PAIR_62DA913DE13EC530FA47B72E,CLASSIFICATION_CONFLICT,441,459,source_section|metric_category|metric_name|method|fee_basis,MERGE,"source_section: pages 2-4 print no section heading (only the running header 'INVESTMENTS COMMITTEE -n- I1 / May 13, 2025' and the figure captions), so blank is right there; page 1 prints EXECUTIVE SUMMARY. Confirmed on the page images. Value Added is the portfolio's return minus its benchmark's, so metric_category is alpha, and it is a measure row, so metric_name is the printed row label 'Value Added'. Backfill 2026-09-01: the qualifier columns the other lane filled are carried, the lanes agreeing on every filled cell.",RESOLVED,A+B+ADJUDICATOR,b2e06d492dceca8b867aac1fe20a93724668dd623d6f3a714882afac32b4c59e
2de538da935cfe4e6f73,SRC384,3,PAIR_A235C061CF8059520ED1A897,CLASSIFICATION_CONFLICT,442,460,source_section|metric_category|metric_name|method|fee_basis,MERGE,"source_section: pages 2-4 print no section heading (only the running header 'INVESTMENTS COMMITTEE -n- I1 / May 13, 2025' and the figure captions), so blank is right there; page 1 prints EXECUTIVE SUMMARY. Confirmed on the page images. Value Added is the portfolio's return minus its benchmark's, so metric_category is alpha, and it is a measure row, so metric_name is the printed row label 'Value Added'. Backfill 2026-09-01: the qualifier columns the other lane filled are carried, the lanes agreeing on every filled cell.",RESOLVED,A+B+ADJUDICATOR,b2e06d492dceca8b867aac1fe20a93724668dd623d6f3a714882afac32b4c59e
4efe9335d09dc02683f6,SRC384,3,PAIR_21E5E54B1784E86C0ACE4AEF,CLASSIFICATION_CONFLICT,443,461,source_section|metric_category|metric_name|method|fee_basis,MERGE,"source_section: pages 2-4 print no section heading (only the running header 'INVESTMENTS COMMITTEE -n- I1 / May 13, 2025' and the figure captions), so blank is right there; page 1 prints EXECUTIVE SUMMARY. Confirmed on the page images. Value Added is the portfolio's return minus its benchmark's, so metric_category is alpha, and it is a measure row, so metric_name is the printed row label 'Value Added'. Backfill 2026-09-01: the qualifier columns the other lane filled are carried, the lanes agreeing on every filled cell.",RESOLVED,A+B+ADJUDICATOR,b2e06d492dceca8b867aac1fe20a93724668dd623d6f3a714882afac32b4c59e
b191663d749a1afa70eb,SRC384,3,PAIR_6B8A9C3932A6D429B2EA5750,CLASSIFICATION_CONFLICT,444,462,source_section|metric_category|metric_name|method|fee_basis,MERGE,"source_section: pages 2-4 print no section heading (only the running header 'INVESTMENTS COMMITTEE -n- I1 / May 13, 2025' and the figure captions), so blank is right there; page 1 prints EXECUTIVE SUMMARY. Confirmed on the page images. Value Added is the portfolio's return minus its benchmark's, so metric_category is alpha, and it is a measure row, so metric_name is the printed row label 'Value Added'. Backfill 2026-09-01: the qualifier columns the other lane filled are carried, the lanes agreeing on every filled cell.",RESOLVED,A+B+ADJUDICATOR,b2e06d492dceca8b867aac1fe20a93724668dd623d6f3a714882afac32b4c59e
976f0e77d8f1d6f64fcc,SRC384,3,PAIR_E14817420577E6FB7B5DF948,CLASSIFICATION_CONFLICT,445,463,source_section|metric_category|metric_name|method|fee_basis,MERGE,"source_section: pages 2-4 print no section heading (only the running header 'INVESTMENTS COMMITTEE -n- I1 / May 13, 2025' and the figure captions), so blank is right there; page 1 prints EXECUTIVE SUMMARY. Confirmed on the page images. Value Added is the portfolio's return minus its benchmark's, so metric_category is alpha, and it is a measure row, so metric_name is the printed row label 'Value Added'. Backfill 2026-09-01: the qualifier columns the other lane filled are carried, the lanes agreeing on every filled cell.",RESOLVED,A+B+ADJUDICATOR,b2e06d492dceca8b867aac1fe20a93724668dd623d6f3a714882afac32b4c59e
4b67c227c7f612fad699,SRC384,3,PAIR_DBDC8D8C77A8D02EB305AD30,CLASSIFICATION_CONFLICT,446,464,source_section|metric_category|metric_name|method|fee_basis,MERGE,"source_section: pages 2-4 print no section heading (only the running header 'INVESTMENTS COMMITTEE -n- I1 / May 13, 2025' and the figure captions), so blank is right there; page 1 prints EXECUTIVE SUMMARY. Confirmed on the page images. Value Added is the portfolio's return minus its benchmark's, so metric_category is alpha, and it is a measure row, so metric_name is the printed row label 'Value Added'. Backfill 2026-09-01: the qualifier columns the other lane filled are carried, the lanes agreeing on every filled cell.",RESOLVED,A+B+ADJUDICATOR,b2e06d492dceca8b867aac1fe20a93724668dd623d6f3a714882afac32b4c59e
e227817a8c4cfe9b4394,SRC384,3,PAIR_EB8934BA8846C731FB9D2EA3,CLASSIFICATION_CONFLICT,447,465,source_section|metric_category|metric_name|method|fee_basis,MERGE,"source_section: pages 2-4 print no section heading (only the running header 'INVESTMENTS COMMITTEE -n- I1 / May 13, 2025' and the figure captions), so blank is right there; page 1 prints EXECUTIVE SUMMARY. Confirmed on the page images. Value Added is the portfolio's return minus its benchmark's, so metric_category is alpha, and it is a measure row, so metric_name is the printed row label 'Value Added'. Backfill 2026-09-01: the qualifier columns the other lane filled are carried, the lanes agreeing on every filled cell.",RESOLVED,A+B+ADJUDICATOR,b2e06d492dceca8b867aac1fe20a93724668dd623d6f3a714882afac32b4c59e
20145c1a46cdf777cca2,SRC384,4,PAIR_7EEA291024A1D8C08BE84818,B_ONLY,,466,,ACCEPT_B,"The page-4 sentence naming the Short-Term Investment Pool's one-year return as net, verbatim; lane A's copy sits at a colliding key and is superseded. The page-4 sentence naming the Short-Term Investment Pool's one-year return as net, verbatim; lane A's copy sits at a colliding key and is superseded. The page-4 sentence naming the Short-Term Investment Pool's one-year return as net, verbatim; lane A's copy sits at a colliding key and is superseded. The page-4 sentence naming the Short-Term Investment Pool's one-year return as net, verbatim; lane A's copy sits at a colliding key and is superseded.",VERIFIED_ONE_SIDED,B,b2e06d492dceca8b867aac1fe20a93724668dd623d6f3a714882afac32b4c59e
0b0d8e476b3522a2cf76,SRC384,4,PAIR_9B1B72C63C54BE4BA8C932EB,B_ONLY,,467,,ACCEPT_B,"The page-4 sentence naming the Total Return Investment Pool's one-year return as net, verbatim; lane A's copy sits at a colliding key and is superseded. The page-4 sentence naming the Total Return Investment Pool's one-year return as net, verbatim; lane A's copy sits at a colliding key and is superseded. The page-4 sentence naming the Total Return Investment Pool's one-year return as net, verbatim; lane A's copy sits at a colliding key and is superseded. The page-4 sentence naming the Total Return Investment Pool's one-year return as net, verbatim; lane A's copy sits at a colliding key and is superseded.",VERIFIED_ONE_SIDED,B,b2e06d492dceca8b867aac1fe20a93724668dd623d6f3a714882afac32b4c59e
54beffb63f10a54dec4c,SRC384,4,PAIR_D9CB1585565B822E63B15A15,CLASSIFICATION_CONFLICT,450,468,source_section|subject_type|subject_name|condition_raw|definition_keys,MERGE,"Both lanes captured the Annualized Returns banner of the Total Plan table in Figure 4. The rule under the banner starts at the 3 Year column, so lane A's condition_raw stands; the key follows lane B's naming, which the value rows cite; a printed note carries no subject. Both lanes captured the Annualized Returns banner of the Total Plan table in Figure 4. The rule under the banner starts at the 3 Year column, so lane A's condition_raw stands; the key follows lane B's naming, which the value rows cite; a printed note carries no subject. Both lanes captured the Annualized Returns banner of the Total Plan table in Figure 4. The rule under the banner starts at the 3 Year column, so lane A's condition_raw stands; the key follows lane B's naming, which the value rows cite; a printed note carries no subject. Both lanes captured the Annualized Returns banner of the Total Plan table in Figure 4. The rule under the banner starts at the 3 Year column, so lane A's condition_raw stands; the key follows lane B's naming, which the value rows cite; a printed note carries no subject.",RESOLVED,A+B+ADJUDICATOR,b2e06d492dceca8b867aac1fe20a93724668dd623d6f3a714882afac32b4c59e
2b9b4a771d25d39dec8f,SRC384,4,PAIR_A7B3E5EA0F175C63E6EBE17B,CLASSIFICATION_CONFLICT,451,469,source_section|subject_type|subject_name|condition_raw|definition_keys,MERGE,"Both lanes captured the Annualized Returns banner of the Short Term table in Figure 4. The rule under the banner starts at the 3 Year column, so lane A's condition_raw stands; the key follows lane B's naming, which the value rows cite; a printed note carries no subject. Both lanes captured the Annualized Returns banner of the Short Term table in Figure 4. The rule under the banner starts at the 3 Year column, so lane A's condition_raw stands; the key follows lane B's naming, which the value rows cite; a printed note carries no subject. Both lanes captured the Annualized Returns banner of the Short Term table in Figure 4. The rule under the banner starts at the 3 Year column, so lane A's condition_raw stands; the key follows lane B's naming, which the value rows cite; a printed note carries no subject. Both lanes captured the Annualized Returns banner of the Short Term table in Figure 4. The rule under the banner starts at the 3 Year column, so lane A's condition_raw stands; the key follows lane B's naming, which the value rows cite; a printed note carries no subject.",RESOLVED,A+B+ADJUDICATOR,b2e06d492dceca8b867aac1fe20a93724668dd623d6f3a714882afac32b4c59e
6d0fdcc7c721213ca9c4,SRC384,4,PAIR_6C7EE02A2EF895C8F9F692C9,B_ONLY,,473,,MERGE,"source_section: pages 2-4 print no section heading (only the running header 'INVESTMENTS COMMITTEE -n- I1 / May 13, 2025' and the figure captions), so blank is right there; page 1 prints EXECUTIVE SUMMARY. Confirmed on the page images.",RESOLVED,B+ADJUDICATOR,b2e06d492dceca8b867aac1fe20a93724668dd623d6f3a714882afac32b4c59e
03b42b65509e13f64288,SRC384,4,PAIR_FF48BAC5C0B6DA97C2CE3B29,VALUE_CONFLICT,448,470,contract_version|record_family|source_section|subject_type|subject_name|currency_scale|metric_category|metric_name|metric_value_raw|text_raw|condition_raw|evidence_quote|definition_keys|value_scope,MERGE,"source_section: pages 2-4 print no section heading (only the running header 'INVESTMENTS COMMITTEE -n- I1 / May 13, 2025' and the figure captions), so blank is right there; page 1 prints EXECUTIVE SUMMARY. Confirmed on the page images. Narrative figures stated as fact for a named pool are eligible on every page of this document (both lanes extracted them on page 1); a pool's or plan's stated total assets is aum under performance_observation, never nav, which belongs to a capital-account table. Lane A filed its narrative net-return note at the physical key of this pool-balance sentence, so the pair holds A's note against B's balance row; the adjudicated balance row stands, the note is taken from lane B's own row, and the balance is the pool's own total as the sentence states. Lane A filed its narrative net-return note at the physical key of this pool-balance sentence, so the pair holds A's note against B's balance row; the adjudicated balance row stands, the note is taken from lane B's own row, and the balance is the pool's own total as the sentence states. Lane A filed its narrative net-return note at the physical key of this pool-balance sentence, so the pair holds A's note against B's balance row; the adjudicated balance row stands, the note is taken from lane B's own row, and the balance is the pool's own total as the sentence states. Lane A filed its narrative net-return note at the physical key of this pool-balance sentence, so the pair holds A's note against B's balance row; the adjudicated balance row stands, the note is taken from lane B's own row, and the balance is the pool's own total as the sentence states.",RESOLVED,A+B+ADJUDICATOR,b2e06d492dceca8b867aac1fe20a93724668dd623d6f3a714882afac32b4c59e
563171eac5b341fa183d,SRC384,4,PAIR_84008A1AB87221BF3AA8A991,B_ONLY,,475,,MERGE,"source_section: pages 2-4 print no section heading (only the running header 'INVESTMENTS COMMITTEE -n- I1 / May 13, 2025' and the figure captions), so blank is right there; page 1 prints EXECUTIVE SUMMARY. Confirmed on the page images. Backfill 2026-09-01: qualifier columns filled from the lanes' agreed reading.",RESOLVED,B+ADJUDICATOR,b2e06d492dceca8b867aac1fe20a93724668dd623d6f3a714882afac32b4c59e
b741465e97cf0c87c29f,SRC384,4,PAIR_61000FEF85EC9DBE9CC61B7B,B_ONLY,,476,,MERGE,"source_section: pages 2-4 print no section heading (only the running header 'INVESTMENTS COMMITTEE -n- I1 / May 13, 2025' and the figure captions), so blank is right there; page 1 prints EXECUTIVE SUMMARY. Confirmed on the page images. Backfill 2026-09-01: qualifier columns filled from the lanes' agreed reading.",RESOLVED,B+ADJUDICATOR,b2e06d492dceca8b867aac1fe20a93724668dd623d6f3a714882afac32b4c59e
1da7fd700f1deda6d14c,SRC384,4,PAIR_AD80CC45FE53F6E00591BB12,B_ONLY,,477,,MERGE,"source_section: pages 2-4 print no section heading (only the running header 'INVESTMENTS COMMITTEE -n- I1 / May 13, 2025' and the figure captions), so blank is right there; page 1 prints EXECUTIVE SUMMARY. Confirmed on the page images. Backfill 2026-09-01: qualifier columns filled from the lanes' agreed reading.",RESOLVED,B+ADJUDICATOR,b2e06d492dceca8b867aac1fe20a93724668dd623d6f3a714882afac32b4c59e
a33da4b4ac2a799e3547,SRC384,4,PAIR_25AE734901CF55A51E1368EA,B_ONLY,,478,,MERGE,"source_section: pages 2-4 print no section heading (only the running header 'INVESTMENTS COMMITTEE -n- I1 / May 13, 2025' and the figure captions), so blank is right there; page 1 prints EXECUTIVE SUMMARY. Confirmed on the page images. Backfill 2026-09-01: qualifier columns filled from the lanes' agreed reading.",RESOLVED,B+ADJUDICATOR,b2e06d492dceca8b867aac1fe20a93724668dd623d6f3a714882afac32b4c59e
4f5a18ec3869063da883,SRC384,4,PAIR_6489A6512E633B5DD1BA288F,B_ONLY,,479,,MERGE,"Upstream review: native page prints the number as a word; the raw word is retained and the number-word matrix supplies the same analytic number. source_section: pages 2-4 print no section heading (only the running header 'INVESTMENTS COMMITTEE -n- I1 / May 13, 2025' and the figure captions), so blank is right there; page 1 prints EXECUTIVE SUMMARY. Confirmed on the page images. Backfill 2026-09-01: qualifier columns filled from the lanes' agreed reading.",RESOLVED,B+ADJUDICATOR,b2e06d492dceca8b867aac1fe20a93724668dd623d6f3a714882afac32b4c59e
d325fb376a795b377a8e,SRC384,4,PAIR_528ADF268A5A7BFB0648A080,B_ONLY,,480,,MERGE,"source_section: pages 2-4 print no section heading (only the running header 'INVESTMENTS COMMITTEE -n- I1 / May 13, 2025' and the figure captions), so blank is right there; page 1 prints EXECUTIVE SUMMARY. Confirmed on the page images. Backfill 2026-09-01: qualifier columns filled from the lanes' agreed reading.",RESOLVED,B+ADJUDICATOR,b2e06d492dceca8b867aac1fe20a93724668dd623d6f3a714882afac32b4c59e
2d8887d15ed07ef7cbff,SRC384,4,PAIR_0A8D3625F87FDE502C05FC50,VALUE_CONFLICT,449,471,contract_version|record_family|source_section|subject_type|subject_name|currency_scale|metric_category|metric_name|metric_value_raw|text_raw|condition_raw|evidence_quote|definition_keys|value_scope,MERGE,"source_section: pages 2-4 print no section heading (only the running header 'INVESTMENTS COMMITTEE -n- I1 / May 13, 2025' and the figure captions), so blank is right there; page 1 prints EXECUTIVE SUMMARY. Confirmed on the page images. Narrative figures stated as fact for a named pool are eligible on every page of this document (both lanes extracted them on page 1); a pool's or plan's stated total assets is aum under performance_observation, never nav, which belongs to a capital-account table. Lane A filed its narrative net-return note at the physical key of this pool-balance sentence, so the pair holds A's note against B's balance row; the adjudicated balance row stands, the note is taken from lane B's own row, and the balance is the pool's own total as the sentence states. Lane A filed its narrative net-return note at the physical key of this pool-balance sentence, so the pair holds A's note against B's balance row; the adjudicated balance row stands, the note is taken from lane B's own row, and the balance is the pool's own total as the sentence states. Lane A filed its narrative net-return note at the physical key of this pool-balance sentence, so the pair holds A's note against B's balance row; the adjudicated balance row stands, the note is taken from lane B's own row, and the balance is the pool's own total as the sentence states. Lane A filed its narrative net-return note at the physical key of this pool-balance sentence, so the pair holds A's note against B's balance row; the adjudicated balance row stands, the note is taken from lane B's own row, and the balance is the pool's own total as the sentence states.",RESOLVED,A+B+ADJUDICATOR,b2e06d492dceca8b867aac1fe20a93724668dd623d6f3a714882afac32b4c59e
391fa7f19fdfad17f110,SRC384,4,PAIR_B0193E72A301D8268AE8AEDD,B_ONLY,,481,,MERGE,"source_section: pages 2-4 print no section heading (only the running header 'INVESTMENTS COMMITTEE -n- I1 / May 13, 2025' and the figure captions), so blank is right there; page 1 prints EXECUTIVE SUMMARY. Confirmed on the page images. Backfill 2026-09-01: qualifier columns filled from the lanes' agreed reading.",RESOLVED,B+ADJUDICATOR,b2e06d492dceca8b867aac1fe20a93724668dd623d6f3a714882afac32b4c59e
4c3bf3ae7b6f2916ded5,SRC384,4,PAIR_18DA80BEBAF80ABE980539E2,B_ONLY,,482,,MERGE,"source_section: pages 2-4 print no section heading (only the running header 'INVESTMENTS COMMITTEE -n- I1 / May 13, 2025' and the figure captions), so blank is right there; page 1 prints EXECUTIVE SUMMARY. Confirmed on the page images. Backfill 2026-09-01: qualifier columns filled from the lanes' agreed reading.",RESOLVED,B+ADJUDICATOR,b2e06d492dceca8b867aac1fe20a93724668dd623d6f3a714882afac32b4c59e
be8c35884f23fd402c55,SRC384,4,PAIR_F69372FA1ED5DB80C50ACFB3,B_ONLY,,483,,MERGE,"source_section: pages 2-4 print no section heading (only the running header 'INVESTMENTS COMMITTEE -n- I1 / May 13, 2025' and the figure captions), so blank is right there; page 1 prints EXECUTIVE SUMMARY. Confirmed on the page images. Backfill 2026-09-01: qualifier columns filled from the lanes' agreed reading.",RESOLVED,B+ADJUDICATOR,b2e06d492dceca8b867aac1fe20a93724668dd623d6f3a714882afac32b4c59e
f105d9445cda3657cc77,SRC384,4,PAIR_86ADA566B6B7854DF10F93FC,B_ONLY,,484,,MERGE,"source_section: pages 2-4 print no section heading (only the running header 'INVESTMENTS COMMITTEE -n- I1 / May 13, 2025' and the figure captions), so blank is right there; page 1 prints EXECUTIVE SUMMARY. Confirmed on the page images. Backfill 2026-09-01: qualifier columns filled from the lanes' agreed reading.",RESOLVED,B+ADJUDICATOR,b2e06d492dceca8b867aac1fe20a93724668dd623d6f3a714882afac32b4c59e
0365a7ec8d1968b8b349,SRC384,4,PAIR_36D28388F59BE7D239852C8B,CLASSIFICATION_CONFLICT,452,472,record_family|source_section|source_row_label|source_occurrence|subject_type|subject_name|metric_category|metric_name|basis_raw|value_scope,MERGE,"source_section: pages 2-4 print no section heading (only the running header 'INVESTMENTS COMMITTEE -n- I1 / May 13, 2025' and the figure captions), so blank is right there; page 1 prints EXECUTIVE SUMMARY. Confirmed on the page images. Narrative figures stated as fact for a named pool are eligible on every page of this document (both lanes extracted them on page 1); a pool's or plan's stated total assets is aum under performance_observation, never nav, which belongs to a capital-account table. Backfill 2026-09-01: the lanes agree on the reading and differ on the key name or on which lane backed a scope; the citation follows the accepted note rows' keys, the narrative net readings lane B backed stand, and the scope lane A backed with the printed phrase stands.",RESOLVED,A+B+ADJUDICATOR,b2e06d492dceca8b867aac1fe20a93724668dd623d6f3a714882afac32b4c59e
9178bd7fc161164c01b1,SRC384,4,,ADJUDICATOR_ADD,,,,ADD,Recovered: a stated total for this subject at a date the page prints (2014). The $39 billion beside it is left out because the page dates it only as 'the fiscal year before'.  Scope 2026-09-02: the sentence states the savings program's total assets in 2014; phrase carried in basis_raw.,ADDED,ADJUDICATOR,b2e06d492dceca8b867aac1fe20a93724668dd623d6f3a714882afac32b4c59e
4d981b209813a493ae73,SRC384,4,PAIR_F50B00EDBE2F827AD7FA6AC0,CLASSIFICATION_CONFLICT,453,474,record_family|source_section|subject_type|subject_name|metric_category|metric_name|basis_raw|evidence_quote|value_scope,MERGE,"source_section: pages 2-4 print no section heading (only the running header 'INVESTMENTS COMMITTEE -n- I1 / May 13, 2025' and the figure captions), so blank is right there; page 1 prints EXECUTIVE SUMMARY. Confirmed on the page images. Narrative figures stated as fact for a named pool are eligible on every page of this document (both lanes extracted them on page 1); a pool's or plan's stated total assets is aum under performance_observation, never nav, which belongs to a capital-account table. Backfill 2026-09-01: the lanes agree on the reading and differ on the key name or on which lane backed a scope; the citation follows the accepted note rows' keys, the narrative net readings lane B backed stand, and the scope lane A backed with the printed phrase stands.",RESOLVED,A+B+ADJUDICATOR,b2e06d492dceca8b867aac1fe20a93724668dd623d6f3a714882afac32b4c59e
8a7769d8cb87c49fe17f,SRC384,4,PAIR_4CD084C70E9202B8E697D183,CONTEXT_CONFLICT,454,485,source_section|metric_name|definition_keys|method,MERGE,"source_section: pages 2-4 print no section heading (only the running header 'INVESTMENTS COMMITTEE -n- I1 / May 13, 2025' and the figure captions), so blank is right there; page 1 prints EXECUTIVE SUMMARY. Confirmed on the page images. Backfill 2026-09-01: the 1 Year column sits left of the rule under the Annualized Returns banner on every figure, so the page states no method for it and it cites no banner; lane A's reading stands. Backfill 2026-09-01: qualifier columns filled from the lanes' agreed reading.",RESOLVED,A+B+ADJUDICATOR,b2e06d492dceca8b867aac1fe20a93724668dd623d6f3a714882afac32b4c59e
61e65490140cdd6a9622,SRC384,4,PAIR_BB3B198BE842DDA90C30D8B0,CONTEXT_CONFLICT,455,486,source_section|metric_name|definition_keys,MERGE,"source_section: pages 2-4 print no section heading (only the running header 'INVESTMENTS COMMITTEE -n- I1 / May 13, 2025' and the figure captions), so blank is right there; page 1 prints EXECUTIVE SUMMARY. Confirmed on the page images. Backfill 2026-09-01: the lanes agree on the reading and differ on the key name or on which lane backed a scope; the citation follows the accepted note rows' keys, the narrative net readings lane B backed stand, and the scope lane A backed with the printed phrase stands.",RESOLVED,A+B+ADJUDICATOR,b2e06d492dceca8b867aac1fe20a93724668dd623d6f3a714882afac32b4c59e
6535708a5fd18fc60018,SRC384,4,PAIR_E8E52B60B37764FE66BA97A6,CONTEXT_CONFLICT,456,487,source_section|metric_name|definition_keys,MERGE,"source_section: pages 2-4 print no section heading (only the running header 'INVESTMENTS COMMITTEE -n- I1 / May 13, 2025' and the figure captions), so blank is right there; page 1 prints EXECUTIVE SUMMARY. Confirmed on the page images. Backfill 2026-09-01: the lanes agree on the reading and differ on the key name or on which lane backed a scope; the citation follows the accepted note rows' keys, the narrative net readings lane B backed stand, and the scope lane A backed with the printed phrase stands.",RESOLVED,A+B+ADJUDICATOR,b2e06d492dceca8b867aac1fe20a93724668dd623d6f3a714882afac32b4c59e
b1fc5aa1b3d2f577487f,SRC384,4,PAIR_30F71BBEA013EF131D5DB4D6,CONTEXT_CONFLICT,457,488,source_section|metric_name|definition_keys,MERGE,"source_section: pages 2-4 print no section heading (only the running header 'INVESTMENTS COMMITTEE -n- I1 / May 13, 2025' and the figure captions), so blank is right there; page 1 prints EXECUTIVE SUMMARY. Confirmed on the page images. Backfill 2026-09-01: the lanes agree on the reading and differ on the key name or on which lane backed a scope; the citation follows the accepted note rows' keys, the narrative net readings lane B backed stand, and the scope lane A backed with the printed phrase stands.",RESOLVED,A+B+ADJUDICATOR,b2e06d492dceca8b867aac1fe20a93724668dd623d6f3a714882afac32b4c59e
6e1b3201414d3ff61c42,SRC384,4,PAIR_4179C9661730AF07AB3652BA,CONTEXT_CONFLICT,458,489,source_section|metric_name|definition_keys,MERGE,"source_section: pages 2-4 print no section heading (only the running header 'INVESTMENTS COMMITTEE -n- I1 / May 13, 2025' and the figure captions), so blank is right there; page 1 prints EXECUTIVE SUMMARY. Confirmed on the page images. Backfill 2026-09-01: the lanes agree on the reading and differ on the key name or on which lane backed a scope; the citation follows the accepted note rows' keys, the narrative net readings lane B backed stand, and the scope lane A backed with the printed phrase stands.",RESOLVED,A+B+ADJUDICATOR,b2e06d492dceca8b867aac1fe20a93724668dd623d6f3a714882afac32b4c59e
aa46e2995c3fb04b323e,SRC384,4,PAIR_1CD3CF6A826E8699151AFCF6,CONTEXT_CONFLICT,459,490,source_section|metric_name,MERGE,"source_section: pages 2-4 print no section heading (only the running header 'INVESTMENTS COMMITTEE -n- I1 / May 13, 2025' and the figure captions), so blank is right there; page 1 prints EXECUTIVE SUMMARY. Confirmed on the page images. Backfill 2026-09-01: qualifier columns filled from the lanes' agreed reading.",RESOLVED,A+B+ADJUDICATOR,b2e06d492dceca8b867aac1fe20a93724668dd623d6f3a714882afac32b4c59e
ac84a36a977754970649,SRC384,4,PAIR_884871640F3ABE5A05C5D808,CLASSIFICATION_CONFLICT,460,491,source_section|metric_category|basis_raw|value_scope,MERGE,"source_section: pages 2-4 print no section heading (only the running header 'INVESTMENTS COMMITTEE -n- I1 / May 13, 2025' and the figure captions), so blank is right there; page 1 prints EXECUTIVE SUMMARY. Confirmed on the page images. Backfill 2026-09-01: the lanes agree on the reading and differ on the key name or on which lane backed a scope; the citation follows the accepted note rows' keys, the narrative net readings lane B backed stand, and the scope lane A backed with the printed phrase stands.; Source review: p4: Figure 4. Working Capital as of March 31, 2025; Market Value in Millions ($) (The source states Market Value as the measurement basis; the entity or table heading remains in source context.)",RESOLVED,A+B+ADJUDICATOR,b2e06d492dceca8b867aac1fe20a93724668dd623d6f3a714882afac32b4c59e
99ac83c7a333e0a4c1a8,SRC384,4,PAIR_5F2B611AF0B0067E13A6507A,CONTEXT_CONFLICT,461,492,source_section|metric_name|definition_keys|method,MERGE,"source_section: pages 2-4 print no section heading (only the running header 'INVESTMENTS COMMITTEE -n- I1 / May 13, 2025' and the figure captions), so blank is right there; page 1 prints EXECUTIVE SUMMARY. Confirmed on the page images. Backfill 2026-09-01: the 1 Year column sits left of the rule under the Annualized Returns banner on every figure, so the page states no method for it and it cites no banner; lane A's reading stands. Backfill 2026-09-01: qualifier columns filled from the lanes' agreed reading.",RESOLVED,A+B+ADJUDICATOR,b2e06d492dceca8b867aac1fe20a93724668dd623d6f3a714882afac32b4c59e
78be99c1c4f2e95ce707,SRC384,4,PAIR_6ED0819F5C314413445882AE,CONTEXT_CONFLICT,462,493,source_section|metric_name|definition_keys,MERGE,"source_section: pages 2-4 print no section heading (only the running header 'INVESTMENTS COMMITTEE -n- I1 / May 13, 2025' and the figure captions), so blank is right there; page 1 prints EXECUTIVE SUMMARY. Confirmed on the page images. Backfill 2026-09-01: the lanes agree on the reading and differ on the key name or on which lane backed a scope; the citation follows the accepted note rows' keys, the narrative net readings lane B backed stand, and the scope lane A backed with the printed phrase stands.",RESOLVED,A+B+ADJUDICATOR,b2e06d492dceca8b867aac1fe20a93724668dd623d6f3a714882afac32b4c59e
cc08b423c0445836c678,SRC384,4,PAIR_0B1A31A8175BAB1009AD7F57,CONTEXT_CONFLICT,463,494,source_section|metric_name|definition_keys,MERGE,"source_section: pages 2-4 print no section heading (only the running header 'INVESTMENTS COMMITTEE -n- I1 / May 13, 2025' and the figure captions), so blank is right there; page 1 prints EXECUTIVE SUMMARY. Confirmed on the page images. Backfill 2026-09-01: the lanes agree on the reading and differ on the key name or on which lane backed a scope; the citation follows the accepted note rows' keys, the narrative net readings lane B backed stand, and the scope lane A backed with the printed phrase stands.",RESOLVED,A+B+ADJUDICATOR,b2e06d492dceca8b867aac1fe20a93724668dd623d6f3a714882afac32b4c59e
b023066c773b6bebd0fb,SRC384,4,PAIR_FD3595E2817576EB22097E35,CONTEXT_CONFLICT,464,495,source_section|metric_name|definition_keys,MERGE,"source_section: pages 2-4 print no section heading (only the running header 'INVESTMENTS COMMITTEE -n- I1 / May 13, 2025' and the figure captions), so blank is right there; page 1 prints EXECUTIVE SUMMARY. Confirmed on the page images. Backfill 2026-09-01: the lanes agree on the reading and differ on the key name or on which lane backed a scope; the citation follows the accepted note rows' keys, the narrative net readings lane B backed stand, and the scope lane A backed with the printed phrase stands.",RESOLVED,A+B+ADJUDICATOR,b2e06d492dceca8b867aac1fe20a93724668dd623d6f3a714882afac32b4c59e
708828e9b42a66ece58a,SRC384,4,PAIR_01F1272E328138E86D48E121,CONTEXT_CONFLICT,465,496,source_section|metric_name|definition_keys,MERGE,"source_section: pages 2-4 print no section heading (only the running header 'INVESTMENTS COMMITTEE -n- I1 / May 13, 2025' and the figure captions), so blank is right there; page 1 prints EXECUTIVE SUMMARY. Confirmed on the page images. Backfill 2026-09-01: the lanes agree on the reading and differ on the key name or on which lane backed a scope; the citation follows the accepted note rows' keys, the narrative net readings lane B backed stand, and the scope lane A backed with the printed phrase stands.",RESOLVED,A+B+ADJUDICATOR,b2e06d492dceca8b867aac1fe20a93724668dd623d6f3a714882afac32b4c59e
b4ab5fe4bde0ff9144a0,SRC384,4,PAIR_12C8D68BB4EE5BDE56EFF680,CONTEXT_CONFLICT,466,497,source_section|metric_name,MERGE,"source_section: pages 2-4 print no section heading (only the running header 'INVESTMENTS COMMITTEE -n- I1 / May 13, 2025' and the figure captions), so blank is right there; page 1 prints EXECUTIVE SUMMARY. Confirmed on the page images. Backfill 2026-09-01: qualifier columns filled from the lanes' agreed reading.",RESOLVED,A+B+ADJUDICATOR,b2e06d492dceca8b867aac1fe20a93724668dd623d6f3a714882afac32b4c59e
0a0eca52ae4c3ecb5f32,SRC384,4,PAIR_0163BCA74433DBA48E92CF9D,CLASSIFICATION_CONFLICT,467,498,source_section|metric_category|basis_raw|value_scope,MERGE,"source_section: pages 2-4 print no section heading (only the running header 'INVESTMENTS COMMITTEE -n- I1 / May 13, 2025' and the figure captions), so blank is right there; page 1 prints EXECUTIVE SUMMARY. Confirmed on the page images. Backfill 2026-09-01: the lanes agree on the reading and differ on the key name or on which lane backed a scope; the citation follows the accepted note rows' keys, the narrative net readings lane B backed stand, and the scope lane A backed with the printed phrase stands.; Source review: p4: Figure 4. Working Capital as of March 31, 2025; Market Value in Millions ($) (The source states Market Value as the measurement basis; the entity or table heading remains in source context.)",RESOLVED,A+B+ADJUDICATOR,b2e06d492dceca8b867aac1fe20a93724668dd623d6f3a714882afac32b4c59e
f5fa4f5786fc732296ec,SRC384,4,PAIR_422A0751D507EA9BEC448951,CONTEXT_CONFLICT,468,499,source_section|metric_name|definition_keys|method,MERGE,"source_section: pages 2-4 print no section heading (only the running header 'INVESTMENTS COMMITTEE -n- I1 / May 13, 2025' and the figure captions), so blank is right there; page 1 prints EXECUTIVE SUMMARY. Confirmed on the page images. Backfill 2026-09-01: the 1 Year column sits left of the rule under the Annualized Returns banner on every figure, so the page states no method for it and it cites no banner; lane A's reading stands. Backfill 2026-09-01: qualifier columns filled from the lanes' agreed reading.",RESOLVED,A+B+ADJUDICATOR,b2e06d492dceca8b867aac1fe20a93724668dd623d6f3a714882afac32b4c59e
3995b0ad66eb0af0f7a4,SRC384,4,PAIR_ED1638D4DB4D569949372237,CONTEXT_CONFLICT,469,500,source_section|metric_name|definition_keys,MERGE,"source_section: pages 2-4 print no section heading (only the running header 'INVESTMENTS COMMITTEE -n- I1 / May 13, 2025' and the figure captions), so blank is right there; page 1 prints EXECUTIVE SUMMARY. Confirmed on the page images. Backfill 2026-09-01: the lanes agree on the reading and differ on the key name or on which lane backed a scope; the citation follows the accepted note rows' keys, the narrative net readings lane B backed stand, and the scope lane A backed with the printed phrase stands.",RESOLVED,A+B+ADJUDICATOR,b2e06d492dceca8b867aac1fe20a93724668dd623d6f3a714882afac32b4c59e
5414e2684fdd61fc15c1,SRC384,4,PAIR_B285421E7DD4258F42DF0CDD,CONTEXT_CONFLICT,470,501,source_section|metric_name|definition_keys,MERGE,"source_section: pages 2-4 print no section heading (only the running header 'INVESTMENTS COMMITTEE -n- I1 / May 13, 2025' and the figure captions), so blank is right there; page 1 prints EXECUTIVE SUMMARY. Confirmed on the page images. Backfill 2026-09-01: the lanes agree on the reading and differ on the key name or on which lane backed a scope; the citation follows the accepted note rows' keys, the narrative net readings lane B backed stand, and the scope lane A backed with the printed phrase stands.",RESOLVED,A+B+ADJUDICATOR,b2e06d492dceca8b867aac1fe20a93724668dd623d6f3a714882afac32b4c59e
a96aaa45a45c6cb37c29,SRC384,4,PAIR_434798A4769FC7ABA1F64E76,CONTEXT_CONFLICT,471,502,source_section|metric_name|definition_keys,MERGE,"source_section: pages 2-4 print no section heading (only the running header 'INVESTMENTS COMMITTEE -n- I1 / May 13, 2025' and the figure captions), so blank is right there; page 1 prints EXECUTIVE SUMMARY. Confirmed on the page images. Backfill 2026-09-01: the lanes agree on the reading and differ on the key name or on which lane backed a scope; the citation follows the accepted note rows' keys, the narrative net readings lane B backed stand, and the scope lane A backed with the printed phrase stands.",RESOLVED,A+B+ADJUDICATOR,b2e06d492dceca8b867aac1fe20a93724668dd623d6f3a714882afac32b4c59e
2f7ce52280390f653988,SRC384,4,PAIR_4ACBB5F638C8862FA7F9003A,CONTEXT_CONFLICT,472,503,source_section|metric_name|definition_keys,MERGE,"source_section: pages 2-4 print no section heading (only the running header 'INVESTMENTS COMMITTEE -n- I1 / May 13, 2025' and the figure captions), so blank is right there; page 1 prints EXECUTIVE SUMMARY. Confirmed on the page images. Backfill 2026-09-01: the lanes agree on the reading and differ on the key name or on which lane backed a scope; the citation follows the accepted note rows' keys, the narrative net readings lane B backed stand, and the scope lane A backed with the printed phrase stands.",RESOLVED,A+B+ADJUDICATOR,b2e06d492dceca8b867aac1fe20a93724668dd623d6f3a714882afac32b4c59e
55a4c3f36650dd3d4348,SRC384,4,PAIR_B44D78827D14A02E6B3B1B2D,CONTEXT_CONFLICT,473,504,source_section|metric_name,MERGE,"source_section: pages 2-4 print no section heading (only the running header 'INVESTMENTS COMMITTEE -n- I1 / May 13, 2025' and the figure captions), so blank is right there; page 1 prints EXECUTIVE SUMMARY. Confirmed on the page images. Backfill 2026-09-01: qualifier columns filled from the lanes' agreed reading.",RESOLVED,A+B+ADJUDICATOR,b2e06d492dceca8b867aac1fe20a93724668dd623d6f3a714882afac32b4c59e
d55db840b1e221098960,SRC384,4,PAIR_D914811434463DAF83ACE2C9,CONTEXT_CONFLICT,474,505,source_section|metric_name|definition_keys|method,MERGE,"source_section: pages 2-4 print no section heading (only the running header 'INVESTMENTS COMMITTEE -n- I1 / May 13, 2025' and the figure captions), so blank is right there; page 1 prints EXECUTIVE SUMMARY. Confirmed on the page images. Backfill 2026-09-01: the 1 Year column sits left of the rule under the Annualized Returns banner on every figure, so the page states no method for it and it cites no banner; lane A's reading stands. Backfill 2026-09-01: qualifier columns filled from the lanes' agreed reading.",RESOLVED,A+B+ADJUDICATOR,b2e06d492dceca8b867aac1fe20a93724668dd623d6f3a714882afac32b4c59e
d3c19a01f607d720bcd9,SRC384,4,PAIR_8A664AFF420C8C5EC7135FD6,CONTEXT_CONFLICT,475,506,source_section|metric_name|definition_keys,MERGE,"source_section: pages 2-4 print no section heading (only the running header 'INVESTMENTS COMMITTEE -n- I1 / May 13, 2025' and the figure captions), so blank is right there; page 1 prints EXECUTIVE SUMMARY. Confirmed on the page images. Backfill 2026-09-01: the lanes agree on the reading and differ on the key name or on which lane backed a scope; the citation follows the accepted note rows' keys, the narrative net readings lane B backed stand, and the scope lane A backed with the printed phrase stands.",RESOLVED,A+B+ADJUDICATOR,b2e06d492dceca8b867aac1fe20a93724668dd623d6f3a714882afac32b4c59e
695783077e98fff597cb,SRC384,4,PAIR_99B1856614F887AD650618D1,CONTEXT_CONFLICT,476,507,source_section|metric_name|definition_keys,MERGE,"source_section: pages 2-4 print no section heading (only the running header 'INVESTMENTS COMMITTEE -n- I1 / May 13, 2025' and the figure captions), so blank is right there; page 1 prints EXECUTIVE SUMMARY. Confirmed on the page images. Backfill 2026-09-01: the lanes agree on the reading and differ on the key name or on which lane backed a scope; the citation follows the accepted note rows' keys, the narrative net readings lane B backed stand, and the scope lane A backed with the printed phrase stands.",RESOLVED,A+B+ADJUDICATOR,b2e06d492dceca8b867aac1fe20a93724668dd623d6f3a714882afac32b4c59e
36c83dcb45ec77a0d469,SRC384,4,PAIR_F61FABA1647E65BB6258598E,CONTEXT_CONFLICT,477,508,source_section|metric_name|definition_keys,MERGE,"source_section: pages 2-4 print no section heading (only the running header 'INVESTMENTS COMMITTEE -n- I1 / May 13, 2025' and the figure captions), so blank is right there; page 1 prints EXECUTIVE SUMMARY. Confirmed on the page images. Backfill 2026-09-01: the lanes agree on the reading and differ on the key name or on which lane backed a scope; the citation follows the accepted note rows' keys, the narrative net readings lane B backed stand, and the scope lane A backed with the printed phrase stands.",RESOLVED,A+B+ADJUDICATOR,b2e06d492dceca8b867aac1fe20a93724668dd623d6f3a714882afac32b4c59e
214e3bb900acf3327bc0,SRC384,4,PAIR_2B8BEF14013E7AE628535D75,CONTEXT_CONFLICT,478,509,source_section|metric_name|definition_keys,MERGE,"source_section: pages 2-4 print no section heading (only the running header 'INVESTMENTS COMMITTEE -n- I1 / May 13, 2025' and the figure captions), so blank is right there; page 1 prints EXECUTIVE SUMMARY. Confirmed on the page images. Backfill 2026-09-01: the lanes agree on the reading and differ on the key name or on which lane backed a scope; the citation follows the accepted note rows' keys, the narrative net readings lane B backed stand, and the scope lane A backed with the printed phrase stands.",RESOLVED,A+B+ADJUDICATOR,b2e06d492dceca8b867aac1fe20a93724668dd623d6f3a714882afac32b4c59e
3c516c26f039c71fb5c3,SRC384,4,PAIR_E6B334813DF91282AEFDFE25,CONTEXT_CONFLICT,479,510,source_section|metric_name,MERGE,"source_section: pages 2-4 print no section heading (only the running header 'INVESTMENTS COMMITTEE -n- I1 / May 13, 2025' and the figure captions), so blank is right there; page 1 prints EXECUTIVE SUMMARY. Confirmed on the page images. Backfill 2026-09-01: qualifier columns filled from the lanes' agreed reading.",RESOLVED,A+B+ADJUDICATOR,b2e06d492dceca8b867aac1fe20a93724668dd623d6f3a714882afac32b4c59e
259874e534213958e245,SRC384,4,PAIR_A48B954C8603CA40E5D0BCFF,CONTEXT_CONFLICT,480,511,source_section|metric_name|definition_keys|method,MERGE,"source_section: pages 2-4 print no section heading (only the running header 'INVESTMENTS COMMITTEE -n- I1 / May 13, 2025' and the figure captions), so blank is right there; page 1 prints EXECUTIVE SUMMARY. Confirmed on the page images. Backfill 2026-09-01: the 1 Year column sits left of the rule under the Annualized Returns banner on every figure, so the page states no method for it and it cites no banner; lane A's reading stands. Backfill 2026-09-01: qualifier columns filled from the lanes' agreed reading.",RESOLVED,A+B+ADJUDICATOR,b2e06d492dceca8b867aac1fe20a93724668dd623d6f3a714882afac32b4c59e
cfab2add2a88489e0b3f,SRC384,4,PAIR_AFA0E4E88F3E3D1F496A8C60,CONTEXT_CONFLICT,481,512,source_section|metric_name|definition_keys,MERGE,"source_section: pages 2-4 print no section heading (only the running header 'INVESTMENTS COMMITTEE -n- I1 / May 13, 2025' and the figure captions), so blank is right there; page 1 prints EXECUTIVE SUMMARY. Confirmed on the page images. Backfill 2026-09-01: the lanes agree on the reading and differ on the key name or on which lane backed a scope; the citation follows the accepted note rows' keys, the narrative net readings lane B backed stand, and the scope lane A backed with the printed phrase stands.",RESOLVED,A+B+ADJUDICATOR,b2e06d492dceca8b867aac1fe20a93724668dd623d6f3a714882afac32b4c59e
b5f5049b69216db80be5,SRC384,4,PAIR_ED1B77053E74C8DC60785922,CONTEXT_CONFLICT,482,513,source_section|metric_name|definition_keys,MERGE,"source_section: pages 2-4 print no section heading (only the running header 'INVESTMENTS COMMITTEE -n- I1 / May 13, 2025' and the figure captions), so blank is right there; page 1 prints EXECUTIVE SUMMARY. Confirmed on the page images. Backfill 2026-09-01: the lanes agree on the reading and differ on the key name or on which lane backed a scope; the citation follows the accepted note rows' keys, the narrative net readings lane B backed stand, and the scope lane A backed with the printed phrase stands.",RESOLVED,A+B+ADJUDICATOR,b2e06d492dceca8b867aac1fe20a93724668dd623d6f3a714882afac32b4c59e
a79cdaf0a3c5bf25f692,SRC384,4,PAIR_43BE623AC19AE82EFD1AB42C,CONTEXT_CONFLICT,483,514,source_section|metric_name|definition_keys,MERGE,"source_section: pages 2-4 print no section heading (only the running header 'INVESTMENTS COMMITTEE -n- I1 / May 13, 2025' and the figure captions), so blank is right there; page 1 prints EXECUTIVE SUMMARY. Confirmed on the page images. Backfill 2026-09-01: the lanes agree on the reading and differ on the key name or on which lane backed a scope; the citation follows the accepted note rows' keys, the narrative net readings lane B backed stand, and the scope lane A backed with the printed phrase stands.",RESOLVED,A+B+ADJUDICATOR,b2e06d492dceca8b867aac1fe20a93724668dd623d6f3a714882afac32b4c59e
1b1b1f523ed83be27724,SRC384,4,PAIR_29AC5C7711D22446842503F0,CONTEXT_CONFLICT,484,515,source_section|metric_name|definition_keys,MERGE,"source_section: pages 2-4 print no section heading (only the running header 'INVESTMENTS COMMITTEE -n- I1 / May 13, 2025' and the figure captions), so blank is right there; page 1 prints EXECUTIVE SUMMARY. Confirmed on the page images. Backfill 2026-09-01: the lanes agree on the reading and differ on the key name or on which lane backed a scope; the citation follows the accepted note rows' keys, the narrative net readings lane B backed stand, and the scope lane A backed with the printed phrase stands.",RESOLVED,A+B+ADJUDICATOR,b2e06d492dceca8b867aac1fe20a93724668dd623d6f3a714882afac32b4c59e
8fe65f594726210a10d9,SRC384,4,PAIR_3E2940045E932BAF00753546,CONTEXT_CONFLICT,485,516,source_section|metric_name,MERGE,"source_section: pages 2-4 print no section heading (only the running header 'INVESTMENTS COMMITTEE -n- I1 / May 13, 2025' and the figure captions), so blank is right there; page 1 prints EXECUTIVE SUMMARY. Confirmed on the page images. Backfill 2026-09-01: qualifier columns filled from the lanes' agreed reading.",RESOLVED,A+B+ADJUDICATOR,b2e06d492dceca8b867aac1fe20a93724668dd623d6f3a714882afac32b4c59e
8e8e23aace7497a8bbcf,SRC384,4,PAIR_D69D63FCDF101FA2F2C7CEA0,CLASSIFICATION_CONFLICT,486,517,source_section|metric_category|basis_raw|value_scope,MERGE,"source_section: pages 2-4 print no section heading (only the running header 'INVESTMENTS COMMITTEE -n- I1 / May 13, 2025' and the figure captions), so blank is right there; page 1 prints EXECUTIVE SUMMARY. Confirmed on the page images. Backfill 2026-09-01: the lanes agree on the reading and differ on the key name or on which lane backed a scope; the citation follows the accepted note rows' keys, the narrative net readings lane B backed stand, and the scope lane A backed with the printed phrase stands.; Source review: p4: Figure 4. Working Capital as of March 31, 2025; Market Value in Millions ($) (The source states Market Value as the measurement basis; the entity or table heading remains in source context.)",RESOLVED,A+B+ADJUDICATOR,b2e06d492dceca8b867aac1fe20a93724668dd623d6f3a714882afac32b4c59e
06501d01a56a342961fc,SRC384,4,PAIR_10463242525C7F1457296231,CONTEXT_CONFLICT,487,518,source_section|metric_name|definition_keys|method,MERGE,"source_section: pages 2-4 print no section heading (only the running header 'INVESTMENTS COMMITTEE -n- I1 / May 13, 2025' and the figure captions), so blank is right there; page 1 prints EXECUTIVE SUMMARY. Confirmed on the page images. Backfill 2026-09-01: the 1 Year column sits left of the rule under the Annualized Returns banner on every figure, so the page states no method for it and it cites no banner; lane A's reading stands. Backfill 2026-09-01: qualifier columns filled from the lanes' agreed reading.",RESOLVED,A+B+ADJUDICATOR,b2e06d492dceca8b867aac1fe20a93724668dd623d6f3a714882afac32b4c59e
fd2eb8d57f5c0694443b,SRC384,4,PAIR_669F0622227D09B54CAC5166,CONTEXT_CONFLICT,488,519,source_section|metric_name|definition_keys,MERGE,"source_section: pages 2-4 print no section heading (only the running header 'INVESTMENTS COMMITTEE -n- I1 / May 13, 2025' and the figure captions), so blank is right there; page 1 prints EXECUTIVE SUMMARY. Confirmed on the page images. Backfill 2026-09-01: the lanes agree on the reading and differ on the key name or on which lane backed a scope; the citation follows the accepted note rows' keys, the narrative net readings lane B backed stand, and the scope lane A backed with the printed phrase stands.",RESOLVED,A+B+ADJUDICATOR,b2e06d492dceca8b867aac1fe20a93724668dd623d6f3a714882afac32b4c59e
3eba0bc2e6b86b6e92ab,SRC384,4,PAIR_4E8C592EDDDD1B2E4187C114,CONTEXT_CONFLICT,489,520,source_section|metric_name|definition_keys,MERGE,"source_section: pages 2-4 print no section heading (only the running header 'INVESTMENTS COMMITTEE -n- I1 / May 13, 2025' and the figure captions), so blank is right there; page 1 prints EXECUTIVE SUMMARY. Confirmed on the page images. Backfill 2026-09-01: the lanes agree on the reading and differ on the key name or on which lane backed a scope; the citation follows the accepted note rows' keys, the narrative net readings lane B backed stand, and the scope lane A backed with the printed phrase stands.",RESOLVED,A+B+ADJUDICATOR,b2e06d492dceca8b867aac1fe20a93724668dd623d6f3a714882afac32b4c59e
6fc002a0514081a4f09d,SRC384,4,PAIR_C36DC1515603089379DF8B14,CONTEXT_CONFLICT,490,521,source_section|metric_name|definition_keys,MERGE,"source_section: pages 2-4 print no section heading (only the running header 'INVESTMENTS COMMITTEE -n- I1 / May 13, 2025' and the figure captions), so blank is right there; page 1 prints EXECUTIVE SUMMARY. Confirmed on the page images. Backfill 2026-09-01: the lanes agree on the reading and differ on the key name or on which lane backed a scope; the citation follows the accepted note rows' keys, the narrative net readings lane B backed stand, and the scope lane A backed with the printed phrase stands.",RESOLVED,A+B+ADJUDICATOR,b2e06d492dceca8b867aac1fe20a93724668dd623d6f3a714882afac32b4c59e
8a650bf120867e93a157,SRC384,4,PAIR_21D0F2E10003F7F36A25381C,CONTEXT_CONFLICT,491,522,source_section|metric_name|definition_keys,MERGE,"source_section: pages 2-4 print no section heading (only the running header 'INVESTMENTS COMMITTEE -n- I1 / May 13, 2025' and the figure captions), so blank is right there; page 1 prints EXECUTIVE SUMMARY. Confirmed on the page images. Backfill 2026-09-01: the lanes agree on the reading and differ on the key name or on which lane backed a scope; the citation follows the accepted note rows' keys, the narrative net readings lane B backed stand, and the scope lane A backed with the printed phrase stands.",RESOLVED,A+B+ADJUDICATOR,b2e06d492dceca8b867aac1fe20a93724668dd623d6f3a714882afac32b4c59e
0ce6bb7733e28c15b0b5,SRC384,4,PAIR_9A346683C6967557BBF67836,CONTEXT_CONFLICT,492,523,source_section|metric_name,MERGE,"source_section: pages 2-4 print no section heading (only the running header 'INVESTMENTS COMMITTEE -n- I1 / May 13, 2025' and the figure captions), so blank is right there; page 1 prints EXECUTIVE SUMMARY. Confirmed on the page images. Backfill 2026-09-01: qualifier columns filled from the lanes' agreed reading.",RESOLVED,A+B+ADJUDICATOR,b2e06d492dceca8b867aac1fe20a93724668dd623d6f3a714882afac32b4c59e
d89856bfeb59d364ae9b,SRC384,4,PAIR_7CEF37C1A603BA4566B94312,CONTEXT_CONFLICT,493,524,source_section|metric_name|definition_keys|method,MERGE,"source_section: pages 2-4 print no section heading (only the running header 'INVESTMENTS COMMITTEE -n- I1 / May 13, 2025' and the figure captions), so blank is right there; page 1 prints EXECUTIVE SUMMARY. Confirmed on the page images. Backfill 2026-09-01: the 1 Year column sits left of the Annualized Returns rule, so no method is stated; the narrative names this one-year figure a net return, which the cited note carries.",RESOLVED,A+B+ADJUDICATOR,b2e06d492dceca8b867aac1fe20a93724668dd623d6f3a714882afac32b4c59e
7ad9d84b3cd476a1574e,SRC384,4,PAIR_2DF64F68901E992D25EAF9BD,CONTEXT_CONFLICT,494,525,source_section|metric_name|definition_keys,MERGE,"source_section: pages 2-4 print no section heading (only the running header 'INVESTMENTS COMMITTEE -n- I1 / May 13, 2025' and the figure captions), so blank is right there; page 1 prints EXECUTIVE SUMMARY. Confirmed on the page images. Backfill 2026-09-01: the lanes agree on the reading and differ on the key name or on which lane backed a scope; the citation follows the accepted note rows' keys, the narrative net readings lane B backed stand, and the scope lane A backed with the printed phrase stands.",RESOLVED,A+B+ADJUDICATOR,b2e06d492dceca8b867aac1fe20a93724668dd623d6f3a714882afac32b4c59e
ef73119cb9e5dde88108,SRC384,4,PAIR_60B2AF390DD93204101F9C90,CONTEXT_CONFLICT,495,526,source_section|metric_name|definition_keys,MERGE,"source_section: pages 2-4 print no section heading (only the running header 'INVESTMENTS COMMITTEE -n- I1 / May 13, 2025' and the figure captions), so blank is right there; page 1 prints EXECUTIVE SUMMARY. Confirmed on the page images. Backfill 2026-09-01: the lanes agree on the reading and differ on the key name or on which lane backed a scope; the citation follows the accepted note rows' keys, the narrative net readings lane B backed stand, and the scope lane A backed with the printed phrase stands.",RESOLVED,A+B+ADJUDICATOR,b2e06d492dceca8b867aac1fe20a93724668dd623d6f3a714882afac32b4c59e
77c90aa31f76480251c1,SRC384,4,PAIR_9DBA6A4CBAA9D887F61FEE47,CONTEXT_CONFLICT,496,527,source_section|metric_name|definition_keys,MERGE,"source_section: pages 2-4 print no section heading (only the running header 'INVESTMENTS COMMITTEE -n- I1 / May 13, 2025' and the figure captions), so blank is right there; page 1 prints EXECUTIVE SUMMARY. Confirmed on the page images. Backfill 2026-09-01: the lanes agree on the reading and differ on the key name or on which lane backed a scope; the citation follows the accepted note rows' keys, the narrative net readings lane B backed stand, and the scope lane A backed with the printed phrase stands.",RESOLVED,A+B+ADJUDICATOR,b2e06d492dceca8b867aac1fe20a93724668dd623d6f3a714882afac32b4c59e
7d2c6f40f0bbe1aeffc0,SRC384,4,PAIR_1EE9E30674B78969826ABBB8,CONTEXT_CONFLICT,497,528,source_section|metric_name|definition_keys,MERGE,"source_section: pages 2-4 print no section heading (only the running header 'INVESTMENTS COMMITTEE -n- I1 / May 13, 2025' and the figure captions), so blank is right there; page 1 prints EXECUTIVE SUMMARY. Confirmed on the page images. Backfill 2026-09-01: the lanes agree on the reading and differ on the key name or on which lane backed a scope; the citation follows the accepted note rows' keys, the narrative net readings lane B backed stand, and the scope lane A backed with the printed phrase stands.",RESOLVED,A+B+ADJUDICATOR,b2e06d492dceca8b867aac1fe20a93724668dd623d6f3a714882afac32b4c59e
4abc82f45c5ee867d675,SRC384,4,PAIR_BBABE27621797A5B8A691D5E,CONTEXT_CONFLICT,498,529,source_section|metric_name|definition_keys,MERGE,"source_section: pages 2-4 print no section heading (only the running header 'INVESTMENTS COMMITTEE -n- I1 / May 13, 2025' and the figure captions), so blank is right there; page 1 prints EXECUTIVE SUMMARY. Confirmed on the page images. Backfill 2026-09-01: the lanes agree on the reading and differ on the key name or on which lane backed a scope; the citation follows the accepted note rows' keys, the narrative net readings lane B backed stand, and the scope lane A backed with the printed phrase stands.",RESOLVED,A+B+ADJUDICATOR,b2e06d492dceca8b867aac1fe20a93724668dd623d6f3a714882afac32b4c59e
2ec484b715566715a6d6,SRC384,4,PAIR_B510C153F8139D668B8A028E,CONTEXT_CONFLICT,499,530,source_section|metric_name|definition_keys,MERGE,"source_section: pages 2-4 print no section heading (only the running header 'INVESTMENTS COMMITTEE -n- I1 / May 13, 2025' and the figure captions), so blank is right there; page 1 prints EXECUTIVE SUMMARY. Confirmed on the page images. Backfill 2026-09-01: the lanes agree on the reading and differ on the key name or on which lane backed a scope; the citation follows the accepted note rows' keys, the narrative net readings lane B backed stand, and the scope lane A backed with the printed phrase stands.",RESOLVED,A+B+ADJUDICATOR,b2e06d492dceca8b867aac1fe20a93724668dd623d6f3a714882afac32b4c59e
da1ef3a283eb73b63613,SRC384,4,PAIR_510F4ABE5ED5550128867B72,CONTEXT_CONFLICT,500,531,source_section|metric_name|definition_keys,MERGE,"source_section: pages 2-4 print no section heading (only the running header 'INVESTMENTS COMMITTEE -n- I1 / May 13, 2025' and the figure captions), so blank is right there; page 1 prints EXECUTIVE SUMMARY. Confirmed on the page images. Backfill 2026-09-01: the lanes agree on the reading and differ on the key name or on which lane backed a scope; the citation follows the accepted note rows' keys, the narrative net readings lane B backed stand, and the scope lane A backed with the printed phrase stands.",RESOLVED,A+B+ADJUDICATOR,b2e06d492dceca8b867aac1fe20a93724668dd623d6f3a714882afac32b4c59e
8653094c9364e8589c9c,SRC384,4,PAIR_B50E9D8904B1600280BCBCA1,CONTEXT_CONFLICT,501,532,source_section|metric_name,MERGE,"source_section: pages 2-4 print no section heading (only the running header 'INVESTMENTS COMMITTEE -n- I1 / May 13, 2025' and the figure captions), so blank is right there; page 1 prints EXECUTIVE SUMMARY. Confirmed on the page images. Backfill 2026-09-01: qualifier columns filled from the lanes' agreed reading.",RESOLVED,A+B+ADJUDICATOR,b2e06d492dceca8b867aac1fe20a93724668dd623d6f3a714882afac32b4c59e
97e87394bf5d8554e53d,SRC384,4,PAIR_C27705558A98DB88B80C2690,CLASSIFICATION_CONFLICT,502,533,source_section|metric_category|basis_raw|value_scope,MERGE,"source_section: pages 2-4 print no section heading (only the running header 'INVESTMENTS COMMITTEE -n- I1 / May 13, 2025' and the figure captions), so blank is right there; page 1 prints EXECUTIVE SUMMARY. Confirmed on the page images. Market Value column on the total-plan row is the plan's stated total assets, so aum. Backfill 2026-09-01: the lanes agree on the reading and differ on the key name or on which lane backed a scope; the citation follows the accepted note rows' keys, the narrative net readings lane B backed stand, and the scope lane A backed with the printed phrase stands.; Source review: p4: Figure 4. Working Capital as of March 31, 2025; Market Value in Millions ($) (The source states Market Value as the measurement basis; the entity or table heading remains in source context.)",RESOLVED,A+B+ADJUDICATOR,b2e06d492dceca8b867aac1fe20a93724668dd623d6f3a714882afac32b4c59e
f3fd3aa2445697891f8b,SRC384,4,PAIR_8678A36CCA2324C03F6A99F7,CONTEXT_CONFLICT,503,534,source_section|metric_name|definition_keys|method,MERGE,"source_section: pages 2-4 print no section heading (only the running header 'INVESTMENTS COMMITTEE -n- I1 / May 13, 2025' and the figure captions), so blank is right there; page 1 prints EXECUTIVE SUMMARY. Confirmed on the page images. Backfill 2026-09-01: the 1 Year column sits left of the Annualized Returns rule, so no method is stated; the narrative names this one-year figure a net return, which the cited note carries.",RESOLVED,A+B+ADJUDICATOR,b2e06d492dceca8b867aac1fe20a93724668dd623d6f3a714882afac32b4c59e
7a2f1f6544cc92f6e797,SRC384,4,PAIR_96A99157ECA92D6A7011FB62,CONTEXT_CONFLICT,504,535,source_section|metric_name|definition_keys,MERGE,"source_section: pages 2-4 print no section heading (only the running header 'INVESTMENTS COMMITTEE -n- I1 / May 13, 2025' and the figure captions), so blank is right there; page 1 prints EXECUTIVE SUMMARY. Confirmed on the page images. Backfill 2026-09-01: the lanes agree on the reading and differ on the key name or on which lane backed a scope; the citation follows the accepted note rows' keys, the narrative net readings lane B backed stand, and the scope lane A backed with the printed phrase stands.",RESOLVED,A+B+ADJUDICATOR,b2e06d492dceca8b867aac1fe20a93724668dd623d6f3a714882afac32b4c59e
4ba64612235f3cc88ac7,SRC384,4,PAIR_62FACAB3AFFCF83BA318DA25,CONTEXT_CONFLICT,505,536,source_section|metric_name|definition_keys,MERGE,"source_section: pages 2-4 print no section heading (only the running header 'INVESTMENTS COMMITTEE -n- I1 / May 13, 2025' and the figure captions), so blank is right there; page 1 prints EXECUTIVE SUMMARY. Confirmed on the page images. Backfill 2026-09-01: the lanes agree on the reading and differ on the key name or on which lane backed a scope; the citation follows the accepted note rows' keys, the narrative net readings lane B backed stand, and the scope lane A backed with the printed phrase stands.",RESOLVED,A+B+ADJUDICATOR,b2e06d492dceca8b867aac1fe20a93724668dd623d6f3a714882afac32b4c59e
57be777da5998ac20f06,SRC384,4,PAIR_16CB2516E29E88009CB63292,CONTEXT_CONFLICT,506,537,source_section|metric_name|definition_keys,MERGE,"source_section: pages 2-4 print no section heading (only the running header 'INVESTMENTS COMMITTEE -n- I1 / May 13, 2025' and the figure captions), so blank is right there; page 1 prints EXECUTIVE SUMMARY. Confirmed on the page images. Backfill 2026-09-01: the lanes agree on the reading and differ on the key name or on which lane backed a scope; the citation follows the accepted note rows' keys, the narrative net readings lane B backed stand, and the scope lane A backed with the printed phrase stands.",RESOLVED,A+B+ADJUDICATOR,b2e06d492dceca8b867aac1fe20a93724668dd623d6f3a714882afac32b4c59e
63f02152039754dc1bcc,SRC384,4,PAIR_15F64F7C804884904997F415,CONTEXT_CONFLICT,507,538,source_section|metric_name|definition_keys,MERGE,"source_section: pages 2-4 print no section heading (only the running header 'INVESTMENTS COMMITTEE -n- I1 / May 13, 2025' and the figure captions), so blank is right there; page 1 prints EXECUTIVE SUMMARY. Confirmed on the page images. Backfill 2026-09-01: the lanes agree on the reading and differ on the key name or on which lane backed a scope; the citation follows the accepted note rows' keys, the narrative net readings lane B backed stand, and the scope lane A backed with the printed phrase stands.",RESOLVED,A+B+ADJUDICATOR,b2e06d492dceca8b867aac1fe20a93724668dd623d6f3a714882afac32b4c59e
5b918ae6ab444a864757,SRC384,4,PAIR_09918CA2D08AC160DC66D921,CONTEXT_CONFLICT,508,539,source_section|metric_name,MERGE,"source_section: pages 2-4 print no section heading (only the running header 'INVESTMENTS COMMITTEE -n- I1 / May 13, 2025' and the figure captions), so blank is right there; page 1 prints EXECUTIVE SUMMARY. Confirmed on the page images. Backfill 2026-09-01: qualifier columns filled from the lanes' agreed reading.",RESOLVED,A+B+ADJUDICATOR,b2e06d492dceca8b867aac1fe20a93724668dd623d6f3a714882afac32b4c59e
ad39ef4bce1d747f4cb8,SRC384,4,PAIR_28EF60F8DB38073FA3FEFA76,CLASSIFICATION_CONFLICT,509,540,source_section|metric_category|basis_raw|value_scope,MERGE,"source_section: pages 2-4 print no section heading (only the running header 'INVESTMENTS COMMITTEE -n- I1 / May 13, 2025' and the figure captions), so blank is right there; page 1 prints EXECUTIVE SUMMARY. Confirmed on the page images. Market Value column on the total-plan row is the plan's stated total assets, so aum. Backfill 2026-09-01: the lanes agree on the reading and differ on the key name or on which lane backed a scope; the citation follows the accepted note rows' keys, the narrative net readings lane B backed stand, and the scope lane A backed with the printed phrase stands.; Source review: p4: Figure 4. Working Capital as of March 31, 2025; Market Value in Millions ($) (The source states Market Value as the measurement basis; the entity or table heading remains in source context.)",RESOLVED,A+B+ADJUDICATOR,b2e06d492dceca8b867aac1fe20a93724668dd623d6f3a714882afac32b4c59e
7dddbe02c56ec0d9ddc7,SRC384,4,PAIR_F787E774DA09BD42A89B198D,CONTEXT_CONFLICT,510,541,source_section|metric_name|definition_keys|method,MERGE,"source_section: pages 2-4 print no section heading (only the running header 'INVESTMENTS COMMITTEE -n- I1 / May 13, 2025' and the figure captions), so blank is right there; page 1 prints EXECUTIVE SUMMARY. Confirmed on the page images. Backfill 2026-09-01: the 1 Year column sits left of the rule under the Annualized Returns banner on every figure, so the page states no method for it and it cites no banner; lane A's reading stands. Backfill 2026-09-01: qualifier columns filled from the lanes' agreed reading.",RESOLVED,A+B+ADJUDICATOR,b2e06d492dceca8b867aac1fe20a93724668dd623d6f3a714882afac32b4c59e
5d0a18015ff344cb9d5b,SRC384,4,PAIR_E786FD70DC46805DC24AE407,CONTEXT_CONFLICT,511,542,source_section|metric_name|definition_keys,MERGE,"source_section: pages 2-4 print no section heading (only the running header 'INVESTMENTS COMMITTEE -n- I1 / May 13, 2025' and the figure captions), so blank is right there; page 1 prints EXECUTIVE SUMMARY. Confirmed on the page images. Backfill 2026-09-01: the lanes agree on the reading and differ on the key name or on which lane backed a scope; the citation follows the accepted note rows' keys, the narrative net readings lane B backed stand, and the scope lane A backed with the printed phrase stands.",RESOLVED,A+B+ADJUDICATOR,b2e06d492dceca8b867aac1fe20a93724668dd623d6f3a714882afac32b4c59e
19a3c1e249cdf63c9898,SRC384,4,PAIR_E1DF65717E54769C46B91AA8,CONTEXT_CONFLICT,512,543,source_section|metric_name|definition_keys,MERGE,"source_section: pages 2-4 print no section heading (only the running header 'INVESTMENTS COMMITTEE -n- I1 / May 13, 2025' and the figure captions), so blank is right there; page 1 prints EXECUTIVE SUMMARY. Confirmed on the page images. Backfill 2026-09-01: the lanes agree on the reading and differ on the key name or on which lane backed a scope; the citation follows the accepted note rows' keys, the narrative net readings lane B backed stand, and the scope lane A backed with the printed phrase stands.",RESOLVED,A+B+ADJUDICATOR,b2e06d492dceca8b867aac1fe20a93724668dd623d6f3a714882afac32b4c59e
1f020b824d861373a907,SRC384,4,PAIR_D7450D2FD822D090093B170D,CONTEXT_CONFLICT,513,544,source_section|metric_name|definition_keys,MERGE,"source_section: pages 2-4 print no section heading (only the running header 'INVESTMENTS COMMITTEE -n- I1 / May 13, 2025' and the figure captions), so blank is right there; page 1 prints EXECUTIVE SUMMARY. Confirmed on the page images. Backfill 2026-09-01: the lanes agree on the reading and differ on the key name or on which lane backed a scope; the citation follows the accepted note rows' keys, the narrative net readings lane B backed stand, and the scope lane A backed with the printed phrase stands.",RESOLVED,A+B+ADJUDICATOR,b2e06d492dceca8b867aac1fe20a93724668dd623d6f3a714882afac32b4c59e
fd258f8553c20371e787,SRC384,4,PAIR_060F6FDB56C696CE986B9BC8,CONTEXT_CONFLICT,514,545,source_section|metric_name|definition_keys,MERGE,"source_section: pages 2-4 print no section heading (only the running header 'INVESTMENTS COMMITTEE -n- I1 / May 13, 2025' and the figure captions), so blank is right there; page 1 prints EXECUTIVE SUMMARY. Confirmed on the page images. Backfill 2026-09-01: the lanes agree on the reading and differ on the key name or on which lane backed a scope; the citation follows the accepted note rows' keys, the narrative net readings lane B backed stand, and the scope lane A backed with the printed phrase stands.",RESOLVED,A+B+ADJUDICATOR,b2e06d492dceca8b867aac1fe20a93724668dd623d6f3a714882afac32b4c59e
240107f64744f8294a4e,SRC384,4,PAIR_386EB704365EC80B6161D6E6,CONTEXT_CONFLICT,515,546,source_section|metric_name|definition_keys,MERGE,"source_section: pages 2-4 print no section heading (only the running header 'INVESTMENTS COMMITTEE -n- I1 / May 13, 2025' and the figure captions), so blank is right there; page 1 prints EXECUTIVE SUMMARY. Confirmed on the page images. Backfill 2026-09-01: the lanes agree on the reading and differ on the key name or on which lane backed a scope; the citation follows the accepted note rows' keys, the narrative net readings lane B backed stand, and the scope lane A backed with the printed phrase stands.",RESOLVED,A+B+ADJUDICATOR,b2e06d492dceca8b867aac1fe20a93724668dd623d6f3a714882afac32b4c59e
786a57725037e4e12265,SRC384,4,PAIR_1736F2A966F778F62C427F05,CONTEXT_CONFLICT,516,547,source_section|metric_name|definition_keys,MERGE,"source_section: pages 2-4 print no section heading (only the running header 'INVESTMENTS COMMITTEE -n- I1 / May 13, 2025' and the figure captions), so blank is right there; page 1 prints EXECUTIVE SUMMARY. Confirmed on the page images. Backfill 2026-09-01: the lanes agree on the reading and differ on the key name or on which lane backed a scope; the citation follows the accepted note rows' keys, the narrative net readings lane B backed stand, and the scope lane A backed with the printed phrase stands.",RESOLVED,A+B+ADJUDICATOR,b2e06d492dceca8b867aac1fe20a93724668dd623d6f3a714882afac32b4c59e
b0b1337865665eff80c2,SRC384,4,PAIR_E819FD9FE10BEE4980046600,CONTEXT_CONFLICT,517,548,source_section|metric_name|definition_keys,MERGE,"source_section: pages 2-4 print no section heading (only the running header 'INVESTMENTS COMMITTEE -n- I1 / May 13, 2025' and the figure captions), so blank is right there; page 1 prints EXECUTIVE SUMMARY. Confirmed on the page images. Backfill 2026-09-01: the lanes agree on the reading and differ on the key name or on which lane backed a scope; the citation follows the accepted note rows' keys, the narrative net readings lane B backed stand, and the scope lane A backed with the printed phrase stands.",RESOLVED,A+B+ADJUDICATOR,b2e06d492dceca8b867aac1fe20a93724668dd623d6f3a714882afac32b4c59e
010a32cffca7fa014a5c,SRC384,4,PAIR_ADE0AE84896BE0537A1AAF77,CONTEXT_CONFLICT,518,549,source_section|metric_name,MERGE,"source_section: pages 2-4 print no section heading (only the running header 'INVESTMENTS COMMITTEE -n- I1 / May 13, 2025' and the figure captions), so blank is right there; page 1 prints EXECUTIVE SUMMARY. Confirmed on the page images. Backfill 2026-09-01: qualifier columns filled from the lanes' agreed reading.",RESOLVED,A+B+ADJUDICATOR,b2e06d492dceca8b867aac1fe20a93724668dd623d6f3a714882afac32b4c59e
ea11fcb4ce2920a17687,SRC384,4,PAIR_3573C5369105C9B92329B901,CLASSIFICATION_CONFLICT,519,550,source_section|metric_category|metric_name|definition_keys|method|fee_basis,MERGE,"source_section: pages 2-4 print no section heading (only the running header 'INVESTMENTS COMMITTEE -n- I1 / May 13, 2025' and the figure captions), so blank is right there; page 1 prints EXECUTIVE SUMMARY. Confirmed on the page images. Value Added is the portfolio's return minus its benchmark's, so metric_category is alpha, and it is a measure row, so metric_name is the printed row label 'Value Added'. Backfill 2026-09-01: the qualifier columns the other lane filled are carried, the lanes agreeing on every filled cell.",RESOLVED,A+B+ADJUDICATOR,b2e06d492dceca8b867aac1fe20a93724668dd623d6f3a714882afac32b4c59e
3f970447c1f082461181,SRC384,4,PAIR_80595A9005665D27EC3CE02B,CLASSIFICATION_CONFLICT,520,551,source_section|metric_category|metric_name|definition_keys|method|fee_basis,MERGE,"source_section: pages 2-4 print no section heading (only the running header 'INVESTMENTS COMMITTEE -n- I1 / May 13, 2025' and the figure captions), so blank is right there; page 1 prints EXECUTIVE SUMMARY. Confirmed on the page images. Value Added is the portfolio's return minus its benchmark's, so metric_category is alpha, and it is a measure row, so metric_name is the printed row label 'Value Added'. Backfill 2026-09-01: the qualifier columns the other lane filled are carried, the lanes agreeing on every filled cell.",RESOLVED,A+B+ADJUDICATOR,b2e06d492dceca8b867aac1fe20a93724668dd623d6f3a714882afac32b4c59e
da0db88c7a05f4ef7d3e,SRC384,4,PAIR_AE1E914DF729D1E60DFAB123,CLASSIFICATION_CONFLICT,521,552,source_section|metric_category|metric_name|definition_keys|method|fee_basis,MERGE,"source_section: pages 2-4 print no section heading (only the running header 'INVESTMENTS COMMITTEE -n- I1 / May 13, 2025' and the figure captions), so blank is right there; page 1 prints EXECUTIVE SUMMARY. Confirmed on the page images. Value Added is the portfolio's return minus its benchmark's, so metric_category is alpha, and it is a measure row, so metric_name is the printed row label 'Value Added'. Backfill 2026-09-01: the qualifier columns the other lane filled are carried, the lanes agreeing on every filled cell.",RESOLVED,A+B+ADJUDICATOR,b2e06d492dceca8b867aac1fe20a93724668dd623d6f3a714882afac32b4c59e
70ac8fcd37a2108d85e6,SRC384,4,PAIR_932418E472C7D337E76B409C,CLASSIFICATION_CONFLICT,522,553,source_section|metric_category|metric_name|definition_keys|method|fee_basis,MERGE,"source_section: pages 2-4 print no section heading (only the running header 'INVESTMENTS COMMITTEE -n- I1 / May 13, 2025' and the figure captions), so blank is right there; page 1 prints EXECUTIVE SUMMARY. Confirmed on the page images. Value Added is the portfolio's return minus its benchmark's, so metric_category is alpha, and it is a measure row, so metric_name is the printed row label 'Value Added'. Backfill 2026-09-01: the qualifier columns the other lane filled are carried, the lanes agreeing on every filled cell.",RESOLVED,A+B+ADJUDICATOR,b2e06d492dceca8b867aac1fe20a93724668dd623d6f3a714882afac32b4c59e
96eff21918d8401acde7,SRC384,4,PAIR_5A3CE70895EE16A50D26204F,CLASSIFICATION_CONFLICT,523,554,source_section|metric_category|metric_name|definition_keys|method|fee_basis,MERGE,"source_section: pages 2-4 print no section heading (only the running header 'INVESTMENTS COMMITTEE -n- I1 / May 13, 2025' and the figure captions), so blank is right there; page 1 prints EXECUTIVE SUMMARY. Confirmed on the page images. Value Added is the portfolio's return minus its benchmark's, so metric_category is alpha, and it is a measure row, so metric_name is the printed row label 'Value Added'. Backfill 2026-09-01: the lanes agree on the reading and differ on the key name or on which lane backed a scope; the citation follows the accepted note rows' keys, the narrative net readings lane B backed stand, and the scope lane A backed with the printed phrase stands.",RESOLVED,A+B+ADJUDICATOR,b2e06d492dceca8b867aac1fe20a93724668dd623d6f3a714882afac32b4c59e
1399b16a3a810710f6dd,SRC384,4,PAIR_1401147DE5C8A549C91114E9,CLASSIFICATION_CONFLICT,524,555,source_section|metric_category|metric_name|definition_keys|method|fee_basis,MERGE,"source_section: pages 2-4 print no section heading (only the running header 'INVESTMENTS COMMITTEE -n- I1 / May 13, 2025' and the figure captions), so blank is right there; page 1 prints EXECUTIVE SUMMARY. Confirmed on the page images. Value Added is the portfolio's return minus its benchmark's, so metric_category is alpha, and it is a measure row, so metric_name is the printed row label 'Value Added'. Backfill 2026-09-01: the lanes agree on the reading and differ on the key name or on which lane backed a scope; the citation follows the accepted note rows' keys, the narrative net readings lane B backed stand, and the scope lane A backed with the printed phrase stands.",RESOLVED,A+B+ADJUDICATOR,b2e06d492dceca8b867aac1fe20a93724668dd623d6f3a714882afac32b4c59e
11247d506883ff4da170,SRC384,4,PAIR_6F6550C5EEC487C552B5C223,CLASSIFICATION_CONFLICT,525,556,source_section|metric_category|metric_name|definition_keys|method|fee_basis,MERGE,"source_section: pages 2-4 print no section heading (only the running header 'INVESTMENTS COMMITTEE -n- I1 / May 13, 2025' and the figure captions), so blank is right there; page 1 prints EXECUTIVE SUMMARY. Confirmed on the page images. Value Added is the portfolio's return minus its benchmark's, so metric_category is alpha, and it is a measure row, so metric_name is the printed row label 'Value Added'. Backfill 2026-09-01: the lanes agree on the reading and differ on the key name or on which lane backed a scope; the citation follows the accepted note rows' keys, the narrative net readings lane B backed stand, and the scope lane A backed with the printed phrase stands.",RESOLVED,A+B+ADJUDICATOR,b2e06d492dceca8b867aac1fe20a93724668dd623d6f3a714882afac32b4c59e
b4e7e48e1d77e52379f5,SRC384,4,PAIR_60D7451C140B06D76768684B,CLASSIFICATION_CONFLICT,526,557,source_section|metric_category|metric_name|definition_keys|method|fee_basis,MERGE,"source_section: pages 2-4 print no section heading (only the running header 'INVESTMENTS COMMITTEE -n- I1 / May 13, 2025' and the figure captions), so blank is right there; page 1 prints EXECUTIVE SUMMARY. Confirmed on the page images. Value Added is the portfolio's return minus its benchmark's, so metric_category is alpha, and it is a measure row, so metric_name is the printed row label 'Value Added'. Backfill 2026-09-01: the lanes agree on the reading and differ on the key name or on which lane backed a scope; the citation follows the accepted note rows' keys, the narrative net readings lane B backed stand, and the scope lane A backed with the printed phrase stands.",RESOLVED,A+B+ADJUDICATOR,b2e06d492dceca8b867aac1fe20a93724668dd623d6f3a714882afac32b4c59e
2ebb03455f9a2315630e,SRC384,4,PAIR_0FC02B706D34EB666AB042D9,CLASSIFICATION_CONFLICT,527,558,source_section|metric_category|metric_name|definition_keys|method|fee_basis,MERGE,"source_section: pages 2-4 print no section heading (only the running header 'INVESTMENTS COMMITTEE -n- I1 / May 13, 2025' and the figure captions), so blank is right there; page 1 prints EXECUTIVE SUMMARY. Confirmed on the page images. Value Added is the portfolio's return minus its benchmark's, so metric_category is alpha, and it is a measure row, so metric_name is the printed row label 'Value Added'. Backfill 2026-09-01: the lanes agree on the reading and differ on the key name or on which lane backed a scope; the citation follows the accepted note rows' keys, the narrative net readings lane B backed stand, and the scope lane A backed with the printed phrase stands.",RESOLVED,A+B+ADJUDICATOR,b2e06d492dceca8b867aac1fe20a93724668dd623d6f3a714882afac32b4c59e
57e9fa11d124431a31c4,SRC384,4,PAIR_634A8C054E0253F2CB8A23B8,CLASSIFICATION_CONFLICT,528,559,source_section|metric_category|metric_name|definition_keys|method|fee_basis,MERGE,"source_section: pages 2-4 print no section heading (only the running header 'INVESTMENTS COMMITTEE -n- I1 / May 13, 2025' and the figure captions), so blank is right there; page 1 prints EXECUTIVE SUMMARY. Confirmed on the page images. Value Added is the portfolio's return minus its benchmark's, so metric_category is alpha, and it is a measure row, so metric_name is the printed row label 'Value Added'. Backfill 2026-09-01: the lanes agree on the reading and differ on the key name or on which lane backed a scope; the citation follows the accepted note rows' keys, the narrative net readings lane B backed stand, and the scope lane A backed with the printed phrase stands.",RESOLVED,A+B+ADJUDICATOR,b2e06d492dceca8b867aac1fe20a93724668dd623d6f3a714882afac32b4c59e
e22952b79b600fc9247d,SRC384,4,PAIR_D57EE779349D20EB8E22D2EE,CLASSIFICATION_CONFLICT,529,560,source_section|metric_category|metric_name|definition_keys|method|fee_basis,MERGE,"source_section: pages 2-4 print no section heading (only the running header 'INVESTMENTS COMMITTEE -n- I1 / May 13, 2025' and the figure captions), so blank is right there; page 1 prints EXECUTIVE SUMMARY. Confirmed on the page images. Value Added is the portfolio's return minus its benchmark's, so metric_category is alpha, and it is a measure row, so metric_name is the printed row label 'Value Added'. Backfill 2026-09-01: the lanes agree on the reading and differ on the key name or on which lane backed a scope; the citation follows the accepted note rows' keys, the narrative net readings lane B backed stand, and the scope lane A backed with the printed phrase stands.",RESOLVED,A+B+ADJUDICATOR,b2e06d492dceca8b867aac1fe20a93724668dd623d6f3a714882afac32b4c59e
bd766774f700a3e3f133,SRC384,4,PAIR_C901E9A2293D9E87CE5CF1A8,CLASSIFICATION_CONFLICT,530,561,source_section|metric_category|metric_name|definition_keys|method|fee_basis,MERGE,"source_section: pages 2-4 print no section heading (only the running header 'INVESTMENTS COMMITTEE -n- I1 / May 13, 2025' and the figure captions), so blank is right there; page 1 prints EXECUTIVE SUMMARY. Confirmed on the page images. Value Added is the portfolio's return minus its benchmark's, so metric_category is alpha, and it is a measure row, so metric_name is the printed row label 'Value Added'. Backfill 2026-09-01: the lanes agree on the reading and differ on the key name or on which lane backed a scope; the citation follows the accepted note rows' keys, the narrative net readings lane B backed stand, and the scope lane A backed with the printed phrase stands.",RESOLVED,A+B+ADJUDICATOR,b2e06d492dceca8b867aac1fe20a93724668dd623d6f3a714882afac32b4c59e
8fdeb1f956c3a0754145,SRC384,4,PAIR_99A7C1FE2B85239493AEC91E,CLASSIFICATION_CONFLICT,531,562,source_section|source_occurrence|metric_category|metric_name|definition_keys|method|fee_basis,MERGE,"source_section: pages 2-4 print no section heading (only the running header 'INVESTMENTS COMMITTEE -n- I1 / May 13, 2025' and the figure captions), so blank is right there; page 1 prints EXECUTIVE SUMMARY. Confirmed on the page images. Value Added is the portfolio's return minus its benchmark's, so metric_category is alpha, and it is a measure row, so metric_name is the printed row label 'Value Added'. Backfill 2026-09-01: the lanes agree on the reading and differ on the key name or on which lane backed a scope; the citation follows the accepted note rows' keys, the narrative net readings lane B backed stand, and the scope lane A backed with the printed phrase stands.",RESOLVED,A+B+ADJUDICATOR,b2e06d492dceca8b867aac1fe20a93724668dd623d6f3a714882afac32b4c59e
feb616136c9d41411326,SRC384,4,PAIR_68C3A51B83039721BEEE0766,CLASSIFICATION_CONFLICT,532,563,source_section|source_occurrence|metric_category|metric_name|definition_keys|method|fee_basis,MERGE,"source_section: pages 2-4 print no section heading (only the running header 'INVESTMENTS COMMITTEE -n- I1 / May 13, 2025' and the figure captions), so blank is right there; page 1 prints EXECUTIVE SUMMARY. Confirmed on the page images. Value Added is the portfolio's return minus its benchmark's, so metric_category is alpha, and it is a measure row, so metric_name is the printed row label 'Value Added'. Backfill 2026-09-01: the lanes agree on the reading and differ on the key name or on which lane backed a scope; the citation follows the accepted note rows' keys, the narrative net readings lane B backed stand, and the scope lane A backed with the printed phrase stands.",RESOLVED,A+B+ADJUDICATOR,b2e06d492dceca8b867aac1fe20a93724668dd623d6f3a714882afac32b4c59e
2cb2643e877cbfee345f,SRC384,4,PAIR_0C2D07C804F67FC16A08AD7A,CLASSIFICATION_CONFLICT,533,564,source_section|metric_category|metric_name|definition_keys|method|fee_basis,MERGE,"source_section: pages 2-4 print no section heading (only the running header 'INVESTMENTS COMMITTEE -n- I1 / May 13, 2025' and the figure captions), so blank is right there; page 1 prints EXECUTIVE SUMMARY. Confirmed on the page images. Value Added is the portfolio's return minus its benchmark's, so metric_category is alpha, and it is a measure row, so metric_name is the printed row label 'Value Added'. Backfill 2026-09-01: the lanes agree on the reading and differ on the key name or on which lane backed a scope; the citation follows the accepted note rows' keys, the narrative net readings lane B backed stand, and the scope lane A backed with the printed phrase stands.",RESOLVED,A+B+ADJUDICATOR,b2e06d492dceca8b867aac1fe20a93724668dd623d6f3a714882afac32b4c59e
b905df6bc80925fa1bdf,SRC384,4,PAIR_DC5841A8D71AC495CBCC77C4,CLASSIFICATION_CONFLICT,534,565,source_section|metric_category|metric_name|definition_keys|method|fee_basis,MERGE,"source_section: pages 2-4 print no section heading (only the running header 'INVESTMENTS COMMITTEE -n- I1 / May 13, 2025' and the figure captions), so blank is right there; page 1 prints EXECUTIVE SUMMARY. Confirmed on the page images. Value Added is the portfolio's return minus its benchmark's, so metric_category is alpha, and it is a measure row, so metric_name is the printed row label 'Value Added'. Backfill 2026-09-01: the lanes agree on the reading and differ on the key name or on which lane backed a scope; the citation follows the accepted note rows' keys, the narrative net readings lane B backed stand, and the scope lane A backed with the printed phrase stands.",RESOLVED,A+B+ADJUDICATOR,b2e06d492dceca8b867aac1fe20a93724668dd623d6f3a714882afac32b4c59e
e23e62ec2f4f31edfa52,SRC384,4,PAIR_1CDFB0A366A94B3BC4B7C912,CLASSIFICATION_CONFLICT,535,566,source_section|metric_category|metric_name|definition_keys|method|fee_basis,MERGE,"source_section: pages 2-4 print no section heading (only the running header 'INVESTMENTS COMMITTEE -n- I1 / May 13, 2025' and the figure captions), so blank is right there; page 1 prints EXECUTIVE SUMMARY. Confirmed on the page images. Value Added is the portfolio's return minus its benchmark's, so metric_category is alpha, and it is a measure row, so metric_name is the printed row label 'Value Added'. Backfill 2026-09-01: the lanes agree on the reading and differ on the key name or on which lane backed a scope; the citation follows the accepted note rows' keys, the narrative net readings lane B backed stand, and the scope lane A backed with the printed phrase stands.",RESOLVED,A+B+ADJUDICATOR,b2e06d492dceca8b867aac1fe20a93724668dd623d6f3a714882afac32b4c59e
be86f10ffe617608e56e,SRC384,4,PAIR_E574754451B476AA565944CB,CLASSIFICATION_CONFLICT,536,567,source_section|metric_category|metric_name|definition_keys|method|fee_basis,MERGE,"source_section: pages 2-4 print no section heading (only the running header 'INVESTMENTS COMMITTEE -n- I1 / May 13, 2025' and the figure captions), so blank is right there; page 1 prints EXECUTIVE SUMMARY. Confirmed on the page images. Value Added is the portfolio's return minus its benchmark's, so metric_category is alpha, and it is a measure row, so metric_name is the printed row label 'Value Added'. Backfill 2026-09-01: the lanes agree on the reading and differ on the key name or on which lane backed a scope; the citation follows the accepted note rows' keys, the narrative net readings lane B backed stand, and the scope lane A backed with the printed phrase stands.",RESOLVED,A+B+ADJUDICATOR,b2e06d492dceca8b867aac1fe20a93724668dd623d6f3a714882afac32b4c59e
fcff85d8324ad2096730,SRC384,4,PAIR_F39EECD87B5FFBF626C675B4,CLASSIFICATION_CONFLICT,537,568,source_section|source_occurrence|metric_category|metric_name|definition_keys|method|fee_basis,MERGE,"source_section: pages 2-4 print no section heading (only the running header 'INVESTMENTS COMMITTEE -n- I1 / May 13, 2025' and the figure captions), so blank is right there; page 1 prints EXECUTIVE SUMMARY. Confirmed on the page images. Value Added is the portfolio's return minus its benchmark's, so metric_category is alpha, and it is a measure row, so metric_name is the printed row label 'Value Added'. Backfill 2026-09-01: the lanes agree on the reading and differ on the key name or on which lane backed a scope; the citation follows the accepted note rows' keys, the narrative net readings lane B backed stand, and the scope lane A backed with the printed phrase stands.",RESOLVED,A+B+ADJUDICATOR,b2e06d492dceca8b867aac1fe20a93724668dd623d6f3a714882afac32b4c59e
98a3d88bd9ab7ac24017,SRC384,4,PAIR_7AF965D6A8820120EEBE521C,CLASSIFICATION_CONFLICT,538,569,source_section|metric_category|metric_name|definition_keys|method|fee_basis,MERGE,"source_section: pages 2-4 print no section heading (only the running header 'INVESTMENTS COMMITTEE -n- I1 / May 13, 2025' and the figure captions), so blank is right there; page 1 prints EXECUTIVE SUMMARY. Confirmed on the page images. Value Added is the portfolio's return minus its benchmark's, so metric_category is alpha, and it is a measure row, so metric_name is the printed row label 'Value Added'. Backfill 2026-09-01: the lanes agree on the reading and differ on the key name or on which lane backed a scope; the citation follows the accepted note rows' keys, the narrative net readings lane B backed stand, and the scope lane A backed with the printed phrase stands.",RESOLVED,A+B+ADJUDICATOR,b2e06d492dceca8b867aac1fe20a93724668dd623d6f3a714882afac32b4c59e
c6981cb4f4b37a53e84d,SRC384,4,PAIR_D0365BEBDEBFCCB34CAB3E73,CLASSIFICATION_CONFLICT,539,570,source_section|metric_category|metric_name|definition_keys|method|fee_basis,MERGE,"source_section: pages 2-4 print no section heading (only the running header 'INVESTMENTS COMMITTEE -n- I1 / May 13, 2025' and the figure captions), so blank is right there; page 1 prints EXECUTIVE SUMMARY. Confirmed on the page images. Value Added is the portfolio's return minus its benchmark's, so metric_category is alpha, and it is a measure row, so metric_name is the printed row label 'Value Added'. Backfill 2026-09-01: the lanes agree on the reading and differ on the key name or on which lane backed a scope; the citation follows the accepted note rows' keys, the narrative net readings lane B backed stand, and the scope lane A backed with the printed phrase stands.",RESOLVED,A+B+ADJUDICATOR,b2e06d492dceca8b867aac1fe20a93724668dd623d6f3a714882afac32b4c59e
945e6111c9c865185cc6,SRC384,4,PAIR_A63A6BDE36D5D52EA61F749F,CLASSIFICATION_CONFLICT,540,571,source_section|metric_category|metric_name|definition_keys|method|fee_basis,MERGE,"source_section: pages 2-4 print no section heading (only the running header 'INVESTMENTS COMMITTEE -n- I1 / May 13, 2025' and the figure captions), so blank is right there; page 1 prints EXECUTIVE SUMMARY. Confirmed on the page images. Value Added is the portfolio's return minus its benchmark's, so metric_category is alpha, and it is a measure row, so metric_name is the printed row label 'Value Added'. Backfill 2026-09-01: the lanes agree on the reading and differ on the key name or on which lane backed a scope; the citation follows the accepted note rows' keys, the narrative net readings lane B backed stand, and the scope lane A backed with the printed phrase stands.",RESOLVED,A+B+ADJUDICATOR,b2e06d492dceca8b867aac1fe20a93724668dd623d6f3a714882afac32b4c59e
68cc956bdf65ac10125d,SRC384,4,PAIR_C9FF1580B2504E3900ACC481,CLASSIFICATION_CONFLICT,541,572,source_section|metric_category|metric_name|definition_keys|method|fee_basis,MERGE,"source_section: pages 2-4 print no section heading (only the running header 'INVESTMENTS COMMITTEE -n- I1 / May 13, 2025' and the figure captions), so blank is right there; page 1 prints EXECUTIVE SUMMARY. Confirmed on the page images. Value Added is the portfolio's return minus its benchmark's, so metric_category is alpha, and it is a measure row, so metric_name is the printed row label 'Value Added'. Backfill 2026-09-01: the lanes agree on the reading and differ on the key name or on which lane backed a scope; the citation follows the accepted note rows' keys, the narrative net readings lane B backed stand, and the scope lane A backed with the printed phrase stands.",RESOLVED,A+B+ADJUDICATOR,b2e06d492dceca8b867aac1fe20a93724668dd623d6f3a714882afac32b4c59e
2e78620d1379e1748175,SRC384,4,PAIR_7D6F29057FD1606144F50E40,CLASSIFICATION_CONFLICT,542,573,source_section|metric_category|metric_name|method|fee_basis,MERGE,"source_section: pages 2-4 print no section heading (only the running header 'INVESTMENTS COMMITTEE -n- I1 / May 13, 2025' and the figure captions), so blank is right there; page 1 prints EXECUTIVE SUMMARY. Confirmed on the page images. Value Added is the portfolio's return minus its benchmark's, so metric_category is alpha, and it is a measure row, so metric_name is the printed row label 'Value Added'. Backfill 2026-09-01: the qualifier columns the other lane filled are carried, the lanes agreeing on every filled cell.",RESOLVED,A+B+ADJUDICATOR,b2e06d492dceca8b867aac1fe20a93724668dd623d6f3a714882afac32b4c59e
360711b2f9d9a9d51fb8,SRC384,4,PAIR_E37E0CCEF8263207A300D637,CLASSIFICATION_CONFLICT,543,574,source_section|metric_category|metric_name|method|fee_basis,MERGE,"source_section: pages 2-4 print no section heading (only the running header 'INVESTMENTS COMMITTEE -n- I1 / May 13, 2025' and the figure captions), so blank is right there; page 1 prints EXECUTIVE SUMMARY. Confirmed on the page images. Value Added is the portfolio's return minus its benchmark's, so metric_category is alpha, and it is a measure row, so metric_name is the printed row label 'Value Added'. Backfill 2026-09-01: the qualifier columns the other lane filled are carried, the lanes agreeing on every filled cell.",RESOLVED,A+B+ADJUDICATOR,b2e06d492dceca8b867aac1fe20a93724668dd623d6f3a714882afac32b4c59e
895c11a2a4136a9a3f02,SRC384,4,PAIR_F30C5459BAAC463F09041588,CLASSIFICATION_CONFLICT,544,575,source_section|metric_category|metric_name|method|fee_basis,MERGE,"source_section: pages 2-4 print no section heading (only the running header 'INVESTMENTS COMMITTEE -n- I1 / May 13, 2025' and the figure captions), so blank is right there; page 1 prints EXECUTIVE SUMMARY. Confirmed on the page images. Value Added is the portfolio's return minus its benchmark's, so metric_category is alpha, and it is a measure row, so metric_name is the printed row label 'Value Added'. Backfill 2026-09-01: the qualifier columns the other lane filled are carried, the lanes agreeing on every filled cell.",RESOLVED,A+B+ADJUDICATOR,b2e06d492dceca8b867aac1fe20a93724668dd623d6f3a714882afac32b4c59e
b22501a7e7ba5dd5b209,SRC384,4,PAIR_413278BC8C34560C28E338D1,CLASSIFICATION_CONFLICT,545,576,source_section|metric_category|metric_name|method|fee_basis,MERGE,"source_section: pages 2-4 print no section heading (only the running header 'INVESTMENTS COMMITTEE -n- I1 / May 13, 2025' and the figure captions), so blank is right there; page 1 prints EXECUTIVE SUMMARY. Confirmed on the page images. Value Added is the portfolio's return minus its benchmark's, so metric_category is alpha, and it is a measure row, so metric_name is the printed row label 'Value Added'. Backfill 2026-09-01: the qualifier columns the other lane filled are carried, the lanes agreeing on every filled cell.",RESOLVED,A+B+ADJUDICATOR,b2e06d492dceca8b867aac1fe20a93724668dd623d6f3a714882afac32b4c59e
bb0d6708bd09cb490787,SRC457,2,PAIR_C10B370A04E63066F57C2306,CONTEXT_CONFLICT,1,1,source_section|source_column_label|asset_class|metric_name,ACCEPT_B,B matches the printed cell on every field.,RESOLVED,B,8783ef3e2dc6cf061218360ff1c3db121d172543d661901b2d74131021935dc1
1b12c2eefd4309f4ad19,SRC457,2,PAIR_A768CEFC579D9933BBD191CA,CONTEXT_CONFLICT,2,2,source_section|source_column_label|asset_class|metric_name,ACCEPT_B,B matches the printed cell on every field.,RESOLVED,B,8783ef3e2dc6cf061218360ff1c3db121d172543d661901b2d74131021935dc1
0bb56781492fcb27dee7,SRC457,2,PAIR_053E6D6256484D2D2BA551C3,CONTEXT_CONFLICT,3,3,source_section|source_column_label|asset_class|metric_name,ACCEPT_B,B matches the printed cell on every field.,RESOLVED,B,8783ef3e2dc6cf061218360ff1c3db121d172543d661901b2d74131021935dc1
48161994188f6367503e,SRC457,2,PAIR_F67BB7D0A29FAAF7CDCD2E3A,CONTEXT_CONFLICT,4,4,source_section|source_column_label|asset_class|metric_name,ACCEPT_B,B matches the printed cell on every field.,RESOLVED,B,8783ef3e2dc6cf061218360ff1c3db121d172543d661901b2d74131021935dc1
5147746c591fae40f547,SRC457,2,PAIR_B02F216214B3DB1754851A27,EXACT,5,5,,ACCEPT_B,Both lanes recorded the same wording; the lane carrying the context fields the page prints is the correct reading.,RESOLVED,B,8783ef3e2dc6cf061218360ff1c3db121d172543d661901b2d74131021935dc1
c875ec7ee9114606bf4a,SRC457,2,PAIR_B39F8F3EF353AEC4D0BFEF13,CLASSIFICATION_CONFLICT,6,6,source_table|subject_name|manager_name|investor_name|period_end,ACCEPT_A,"document_context: A carries the printed report title as subject_name, the adviser whose name is printed on every page as manager_name and the asset owner the cover names as investor_name, where B names the institution as the document and puts the literal 'DOCUMENT' in source_table, which the page never prints. Both lanes filed the row on page 2 and it stays there: page 1 is a bare cover carrying no observation, and a page whose only row is the context row cannot be marked ELIGIBLE_DATA_EXTRACTED.",RESOLVED,A,8783ef3e2dc6cf061218360ff1c3db121d172543d661901b2d74131021935dc1
2cf549bd71ae26bfaf67,SRC457,2,PAIR_093D5878D446581D41FC8935,CLASSIFICATION_CONFLICT,7,7,source_section|source_table|subject_name,ACCEPT_B,B matches the printed cell on every field.,RESOLVED,B,8783ef3e2dc6cf061218360ff1c3db121d172543d661901b2d74131021935dc1
8380de90e394b3424110,SRC457,2,PAIR_8AA79B18D2CAF84B8AC950CB,CLASSIFICATION_CONFLICT,8,8,source_section|source_table|subject_name,ACCEPT_B,B matches the printed cell on every field.,RESOLVED,B,8783ef3e2dc6cf061218360ff1c3db121d172543d661901b2d74131021935dc1
5e304f06772db7da2ebf,SRC457,2,PAIR_10FA6F14375628760597748A,B_ONLY,,9,,MERGE,"The Change column spans the two dated columns the page prints, so it takes period_start 12/31/2019 and as_of_date 12/31/2020; a number with no date cannot be placed in time.",RESOLVED,B+ADJUDICATOR,8783ef3e2dc6cf061218360ff1c3db121d172543d661901b2d74131021935dc1
bc53ded2071434567b2e,SRC457,2,PAIR_101187A9350CD75B371B0484,CLASSIFICATION_CONFLICT,9,10,source_section|source_table|subject_name,ACCEPT_B,B matches the printed cell on every field.,RESOLVED,B,8783ef3e2dc6cf061218360ff1c3db121d172543d661901b2d74131021935dc1
ce5682f57c4f349d9258,SRC457,2,PAIR_A9A64A4ECC7FABADB2BADC8A,CLASSIFICATION_CONFLICT,10,11,source_section|source_table|subject_name,ACCEPT_B,B matches the printed cell on every field.,RESOLVED,B,8783ef3e2dc6cf061218360ff1c3db121d172543d661901b2d74131021935dc1
7ec9edb293a970c3312f,SRC457,2,PAIR_789D35BBBBBBE61BFAD7764D,B_ONLY,,12,,MERGE,"The Change column spans the two dated columns the page prints, so it takes period_start 12/31/2019 and as_of_date 12/31/2020; a number with no date cannot be placed in time.",RESOLVED,B+ADJUDICATOR,8783ef3e2dc6cf061218360ff1c3db121d172543d661901b2d74131021935dc1
ea741ff729c8ef52566c,SRC457,2,PAIR_81278F6BE64477266EF23E65,CLASSIFICATION_CONFLICT,11,13,source_section|source_table|subject_name,ACCEPT_B,B matches the printed cell on every field.,RESOLVED,B,8783ef3e2dc6cf061218360ff1c3db121d172543d661901b2d74131021935dc1
9c62fe147d12ff55f070,SRC457,2,PAIR_97B458F233B249AB459192A0,CLASSIFICATION_CONFLICT,12,14,source_section|source_table|subject_name,ACCEPT_B,B matches the printed cell on every field.,RESOLVED,B,8783ef3e2dc6cf061218360ff1c3db121d172543d661901b2d74131021935dc1
7f1a79b749015beb986f,SRC457,2,PAIR_8694B3116CED721E6F651038,B_ONLY,,15,,MERGE,"The Change column spans the two dated columns the page prints, so it takes period_start 12/31/2019 and as_of_date 12/31/2020; a number with no date cannot be placed in time. Definition backfill: both lanes read the same qualifiers off this cell. Definition backfill: both lanes read the same qualifiers off this cell.",RESOLVED,B+ADJUDICATOR,8783ef3e2dc6cf061218360ff1c3db121d172543d661901b2d74131021935dc1
5e825b962c7f1db8fbc5,SRC457,2,PAIR_BF5EFEFCC47FC4C9CCA864E6,CLASSIFICATION_CONFLICT,13,16,source_section|source_table|subject_name,ACCEPT_B,B matches the printed cell on every field.,RESOLVED,B,8783ef3e2dc6cf061218360ff1c3db121d172543d661901b2d74131021935dc1
c96d830fd3155eaff9bc,SRC457,2,PAIR_625F4DF35D462EB9BF3BF7AC,CLASSIFICATION_CONFLICT,14,17,source_section|source_table|subject_name,ACCEPT_B,B matches the printed cell on every field.,RESOLVED,B,8783ef3e2dc6cf061218360ff1c3db121d172543d661901b2d74131021935dc1
0ff945b9af386a96a0a7,SRC457,2,PAIR_936B5DD9CF8ED08674DDDAD5,B_ONLY,,18,,MERGE,"The Change column spans the two dated columns the page prints, so it takes period_start 12/31/2019 and as_of_date 12/31/2020; a number with no date cannot be placed in time.",RESOLVED,B+ADJUDICATOR,8783ef3e2dc6cf061218360ff1c3db121d172543d661901b2d74131021935dc1
21f1209a820e6e90b888,SRC457,2,PAIR_36CBBA0832F2535AF4A8714B,CLASSIFICATION_CONFLICT,20,19,record_family|source_section|source_table|subject_name|evidence_quote,MERGE,"evidence_quote takes the full printed line over the bare value: the line proves this number, the bare digits prove only that they occur somewhere on the page. Definition backfill: both lanes read the same qualifiers off this cell. Definition backfill: both lanes read the same qualifiers off this cell.",RESOLVED,A+B+ADJUDICATOR,8783ef3e2dc6cf061218360ff1c3db121d172543d661901b2d74131021935dc1
4222ec8b8a778395e082,SRC457,2,PAIR_59B0BDB085BFB5D44BA8CF10,CLASSIFICATION_CONFLICT,21,20,record_family|source_section|source_table|subject_name|evidence_quote,MERGE,"evidence_quote takes the full printed line over the bare value: the line proves this number, the bare digits prove only that they occur somewhere on the page. Definition backfill: both lanes read the same qualifiers off this cell. Definition backfill: both lanes read the same qualifiers off this cell.",RESOLVED,A+B+ADJUDICATOR,8783ef3e2dc6cf061218360ff1c3db121d172543d661901b2d74131021935dc1
12bf928353543e3739bb,SRC457,2,PAIR_17D48CD1D8EA65A50AD95AC0,B_ONLY,,21,,MERGE,"The Change column spans the two dated columns the page prints, so it takes period_start 12/31/2019 and as_of_date 12/31/2020; a number with no date cannot be placed in time. evidence_quote takes the full printed line over the bare value: the line proves this number, the bare digits prove only that they occur somewhere on the page. Definition backfill: both lanes read the same qualifiers off this cell. Definition backfill: both lanes read the same qualifiers off this cell.",RESOLVED,B+ADJUDICATOR,8783ef3e2dc6cf061218360ff1c3db121d172543d661901b2d74131021935dc1
8225fb05d3e667c0051b,SRC457,2,PAIR_73B49FAF7D5C98FA2FD7903D,CLASSIFICATION_CONFLICT,16,22,source_section|source_table|subject_name|currency_scale|unit,ACCEPT_B,B matches the printed cell on every field.,RESOLVED,B,8783ef3e2dc6cf061218360ff1c3db121d172543d661901b2d74131021935dc1
bddd4d7c58f37a899266,SRC457,2,PAIR_276197F557D2EBBB81A89EF3,CLASSIFICATION_CONFLICT,17,23,source_section|source_table|subject_name|currency_scale|unit,ACCEPT_B,B matches the printed cell on every field.,RESOLVED,B,8783ef3e2dc6cf061218360ff1c3db121d172543d661901b2d74131021935dc1
accba78cbcfed7134b40,SRC457,2,PAIR_6C5C9FFA3D07604DAE13C08B,B_ONLY,,24,,MERGE,"The Change column spans the two dated columns the page prints, so it takes period_start 12/31/2019 and as_of_date 12/31/2020; a number with no date cannot be placed in time.",RESOLVED,B+ADJUDICATOR,8783ef3e2dc6cf061218360ff1c3db121d172543d661901b2d74131021935dc1
5f90ca85df61ab8fdd70,SRC457,2,PAIR_83B4F981C63C6A7DA2F27DD6,CLASSIFICATION_CONFLICT,18,25,source_section|source_table|subject_name,ACCEPT_B,B matches the printed cell on every field.,RESOLVED,B,8783ef3e2dc6cf061218360ff1c3db121d172543d661901b2d74131021935dc1
29f6c9039116f731f36c,SRC457,2,PAIR_A53B5F39AEAC27C559787290,CLASSIFICATION_CONFLICT,19,26,source_section|source_table|subject_name,ACCEPT_B,B matches the printed cell on every field.,RESOLVED,B,8783ef3e2dc6cf061218360ff1c3db121d172543d661901b2d74131021935dc1
d4c6f04c81fa78844640,SRC457,2,PAIR_EA674343B7C72ADC6B88079B,B_ONLY,,27,,MERGE,"The Change column spans the two dated columns the page prints, so it takes period_start 12/31/2019 and as_of_date 12/31/2020; a number with no date cannot be placed in time.",RESOLVED,B+ADJUDICATOR,8783ef3e2dc6cf061218360ff1c3db121d172543d661901b2d74131021935dc1
9bd5fe9f1b4efb0b7c79,SRC457,2,PAIR_9FA696A8FD49F47663828F78,A_ONLY,15,,,MERGE,"source_section: the page prints its own heading (Portfolio Snapshot); a heading INSIDE the table that governs the rows beneath it is those rows' asset_class, never source_section. A plan's stated total size is aum under performance_observation, not nav, which belongs to a capital-account table. subject_name takes the name printed on the cited page, in full and at the most specific level; a name assembled from the institution is not printed there. Page 2 prints no name for the plan, so the subject takes the printed heading of the panel the row sits in. Definition backfill: both lanes read the same qualifiers off this cell. Definition backfill: both lanes read the same qualifiers off this cell.",RESOLVED,A+ADJUDICATOR,8783ef3e2dc6cf061218360ff1c3db121d172543d661901b2d74131021935dc1
17404ed2964027fa1c80,SRC457,3,PAIR_89151B75E8727A5C40A55FAA,CLASSIFICATION_CONFLICT,22,28,source_section|source_table|subject_type|asset_class,MERGE,"source_table is the printed banner that captions the table, and it carries no parenthetical the page does not print. asset_class and strategy: the broader printed grouping is asset_class and the narrower is strategy, so the bare heading rows split into Real Estate / Value Add rather than collapsing onto one field. The page prints Strategy 'Real Estate', Risk Category 'Value-Added' / 'Core' and Geographic Focus 'North America' for these funds, and all three are core analytical dimensions that must be filled whenever the page states them.",RESOLVED,A+B+ADJUDICATOR,8783ef3e2dc6cf061218360ff1c3db121d172543d661901b2d74131021935dc1
de7984e2bc00b78a475e,SRC457,3,PAIR_BC7031A2D5015E3143434E46,CLASSIFICATION_CONFLICT,23,29,source_section|source_table|subject_type|asset_class,MERGE,"source_table is the printed banner that captions the table, and it carries no parenthetical the page does not print. asset_class and strategy: the broader printed grouping is asset_class and the narrower is strategy, so the bare heading rows split into Real Estate / Value Add rather than collapsing onto one field. The page prints Strategy 'Real Estate', Risk Category 'Value-Added' / 'Core' and Geographic Focus 'North America' for these funds, and all three are core analytical dimensions that must be filled whenever the page states them.",RESOLVED,A+B+ADJUDICATOR,8783ef3e2dc6cf061218360ff1c3db121d172543d661901b2d74131021935dc1
1c3c1c85f4cafdcb2c69,SRC457,4,PAIR_838276C00D24A412A211CB02,CONTEXT_CONFLICT,24,32,source_section|condition_raw,ACCEPT_B,Both lanes recorded the same wording; the lane carrying the context fields the page prints is the correct reading.,RESOLVED,B,8783ef3e2dc6cf061218360ff1c3db121d172543d661901b2d74131021935dc1
15ffab1960331e75edda,SRC457,4,PAIR_C1EDC468EE884D7D080531E7,CONTEXT_CONFLICT,25,33,source_section|condition_raw,ACCEPT_B,Both lanes recorded the same wording; the lane carrying the context fields the page prints is the correct reading.,RESOLVED,B,8783ef3e2dc6cf061218360ff1c3db121d172543d661901b2d74131021935dc1
111093be0a4657ee25dc,SRC457,4,PAIR_C25F8620C63B66958E77E78C,CONTEXT_CONFLICT,26,34,source_section|condition_raw,ACCEPT_B,Both lanes recorded the same wording; the lane carrying the context fields the page prints is the correct reading.,RESOLVED,B,8783ef3e2dc6cf061218360ff1c3db121d172543d661901b2d74131021935dc1
597e93591155d7bea6f6,SRC457,4,PAIR_C4D420FB74D8A78AC8830FE6,CLASSIFICATION_CONFLICT,27,35,record_family|source_section|asset_class|metric_name,MERGE,"asset_class: this page prints no bare grouping heading, and a row already labelled 'Real Estate (Net)' is itself the grouping, so the field stays blank rather than repeating subject_name. metric_name: rows are entities and columns are periods, so the metric is the measure the table itself names in its printed wording, 'Net Time Weighted Returns' — never the period (which is the horizon) and never a singularised trim of the banner. Definition backfill: both lanes read the same qualifiers off this cell. Definition backfill: both lanes read the same qualifiers off this cell.",RESOLVED,A+B+ADJUDICATOR,8783ef3e2dc6cf061218360ff1c3db121d172543d661901b2d74131021935dc1
83b59c8970421633021d,SRC457,4,PAIR_8ABB6FC2ED60682FBF09D86B,CLASSIFICATION_CONFLICT,28,36,record_family|source_section|asset_class|metric_name,MERGE,"asset_class: this page prints no bare grouping heading, and a row already labelled 'Real Estate (Net)' is itself the grouping, so the field stays blank rather than repeating subject_name. metric_name: rows are entities and columns are periods, so the metric is the measure the table itself names in its printed wording, 'Net Time Weighted Returns' — never the period (which is the horizon) and never a singularised trim of the banner. Definition backfill: both lanes read the same qualifiers off this cell. Definition backfill: both lanes read the same qualifiers off this cell.",RESOLVED,A+B+ADJUDICATOR,8783ef3e2dc6cf061218360ff1c3db121d172543d661901b2d74131021935dc1
c6f10364098888c9e432,SRC457,4,PAIR_857A409E490F04312CD34129,CLASSIFICATION_CONFLICT,29,37,record_family|source_section|asset_class|metric_name,MERGE,"asset_class: this page prints no bare grouping heading, and a row already labelled 'Real Estate (Net)' is itself the grouping, so the field stays blank rather than repeating subject_name. metric_name: rows are entities and columns are periods, so the metric is the measure the table itself names in its printed wording, 'Net Time Weighted Returns' — never the period (which is the horizon) and never a singularised trim of the banner. Definition backfill: both lanes read the same qualifiers off this cell. Definition backfill: both lanes read the same qualifiers off this cell.",RESOLVED,A+B+ADJUDICATOR,8783ef3e2dc6cf061218360ff1c3db121d172543d661901b2d74131021935dc1
edab611584ee3da5f598,SRC457,4,PAIR_AD0A0E848C6E08F235D27739,CLASSIFICATION_CONFLICT,30,38,record_family|source_section|asset_class|metric_name,MERGE,"asset_class: this page prints no bare grouping heading, and a row already labelled 'Real Estate (Net)' is itself the grouping, so the field stays blank rather than repeating subject_name. metric_name: rows are entities and columns are periods, so the metric is the measure the table itself names in its printed wording, 'Net Time Weighted Returns' — never the period (which is the horizon) and never a singularised trim of the banner. Definition backfill: both lanes read the same qualifiers off this cell. Definition backfill: both lanes read the same qualifiers off this cell.",RESOLVED,A+B+ADJUDICATOR,8783ef3e2dc6cf061218360ff1c3db121d172543d661901b2d74131021935dc1
c3d307f217756d1bd82f,SRC457,4,PAIR_085B8E1BADE3AB42C33335A3,CLASSIFICATION_CONFLICT,31,39,record_family|source_section|asset_class|metric_name,MERGE,"asset_class: this page prints no bare grouping heading, and a row already labelled 'Real Estate (Net)' is itself the grouping, so the field stays blank rather than repeating subject_name. metric_name: rows are entities and columns are periods, so the metric is the measure the table itself names in its printed wording, 'Net Time Weighted Returns' — never the period (which is the horizon) and never a singularised trim of the banner. Definition backfill: both lanes read the same qualifiers off this cell. Definition backfill: both lanes read the same qualifiers off this cell.",RESOLVED,A+B+ADJUDICATOR,8783ef3e2dc6cf061218360ff1c3db121d172543d661901b2d74131021935dc1
6360418b00e06814d373,SRC457,4,PAIR_90CED1FCF8863E7197092F09,CLASSIFICATION_CONFLICT,32,40,record_family|source_section|asset_class|metric_name,MERGE,"asset_class: this page prints no bare grouping heading, and a row already labelled 'Real Estate (Net)' is itself the grouping, so the field stays blank rather than repeating subject_name. metric_name: rows are entities and columns are periods, so the metric is the measure the table itself names in its printed wording, 'Net Time Weighted Returns' — never the period (which is the horizon) and never a singularised trim of the banner. Definition backfill: both lanes read the same qualifiers off this cell. Definition backfill: both lanes read the same qualifiers off this cell.",RESOLVED,A+B+ADJUDICATOR,8783ef3e2dc6cf061218360ff1c3db121d172543d661901b2d74131021935dc1
6593cf8f99f142e4c25a,SRC457,4,PAIR_BAC257FAEA774E5FBCBEC03E,VALUE_CONFLICT,33,41,record_family|source_section|asset_class|metric_value_raw,MERGE,"asset_class: this page prints no bare grouping heading, and a row already labelled 'Real Estate (Net)' is itself the grouping, so the field stays blank rather than repeating subject_name. metric_name: rows are entities and columns are periods, so the metric is the measure the table itself names in its printed wording, 'Net Time Weighted Returns' — never the period (which is the horizon) and never a singularised trim of the banner. Definition backfill: both lanes read the same qualifiers off this cell. Definition backfill: both lanes read the same qualifiers off this cell.",RESOLVED,A+B+ADJUDICATOR,8783ef3e2dc6cf061218360ff1c3db121d172543d661901b2d74131021935dc1
b907d168b32be2637198,SRC457,4,PAIR_13BBA2ECF4B72C1FE832DAA8,VALUE_CONFLICT,34,42,record_family|source_section|asset_class|metric_value_raw,MERGE,"asset_class: this page prints no bare grouping heading, and a row already labelled 'Real Estate (Net)' is itself the grouping, so the field stays blank rather than repeating subject_name. metric_name: rows are entities and columns are periods, so the metric is the measure the table itself names in its printed wording, 'Net Time Weighted Returns' — never the period (which is the horizon) and never a singularised trim of the banner. Definition backfill: both lanes read the same qualifiers off this cell. Definition backfill: both lanes read the same qualifiers off this cell.",RESOLVED,A+B+ADJUDICATOR,8783ef3e2dc6cf061218360ff1c3db121d172543d661901b2d74131021935dc1
36a290747b25cf5e8455,SRC457,4,PAIR_09D1758BCE8CD96766F9E39A,CLASSIFICATION_CONFLICT,35,43,record_family|source_section|asset_class,MERGE,"asset_class: this page prints no bare grouping heading, and a row already labelled 'Real Estate (Net)' is itself the grouping, so the field stays blank rather than repeating subject_name. metric_name: rows are entities and columns are periods, so the metric is the measure the table itself names in its printed wording, 'Net Time Weighted Returns' — never the period (which is the horizon) and never a singularised trim of the banner. Definition backfill: both lanes read the same qualifiers off this cell. Definition backfill: both lanes read the same qualifiers off this cell.",RESOLVED,A+B+ADJUDICATOR,8783ef3e2dc6cf061218360ff1c3db121d172543d661901b2d74131021935dc1
1618c35c86a38579647a,SRC457,4,PAIR_C00A462943894A3BF714EBB0,VALUE_CONFLICT,36,44,record_family|source_section|asset_class|metric_value_raw,MERGE,"asset_class: this page prints no bare grouping heading, and a row already labelled 'Real Estate (Net)' is itself the grouping, so the field stays blank rather than repeating subject_name. metric_name: rows are entities and columns are periods, so the metric is the measure the table itself names in its printed wording, 'Net Time Weighted Returns' — never the period (which is the horizon) and never a singularised trim of the banner. Definition backfill: both lanes read the same qualifiers off this cell. Definition backfill: both lanes read the same qualifiers off this cell.",RESOLVED,A+B+ADJUDICATOR,8783ef3e2dc6cf061218360ff1c3db121d172543d661901b2d74131021935dc1
902b3b39cadfe9357b50,SRC457,4,PAIR_AD7215B437D165B312C0EAAB,CLASSIFICATION_CONFLICT,37,45,record_family|source_section|asset_class,MERGE,"asset_class: this page prints no bare grouping heading, and a row already labelled 'Real Estate (Net)' is itself the grouping, so the field stays blank rather than repeating subject_name. metric_name: rows are entities and columns are periods, so the metric is the measure the table itself names in its printed wording, 'Net Time Weighted Returns' — never the period (which is the horizon) and never a singularised trim of the banner. Definition backfill: both lanes read the same qualifiers off this cell. Definition backfill: both lanes read the same qualifiers off this cell.",RESOLVED,A+B+ADJUDICATOR,8783ef3e2dc6cf061218360ff1c3db121d172543d661901b2d74131021935dc1
f4759bb5f7e739800235,SRC457,4,PAIR_4857881CA8BFCD08A7C01EF9,CLASSIFICATION_CONFLICT,38,46,record_family|source_section|asset_class,MERGE,"asset_class: this page prints no bare grouping heading, and a row already labelled 'Real Estate (Net)' is itself the grouping, so the field stays blank rather than repeating subject_name. metric_name: rows are entities and columns are periods, so the metric is the measure the table itself names in its printed wording, 'Net Time Weighted Returns' — never the period (which is the horizon) and never a singularised trim of the banner. Definition backfill: both lanes read the same qualifiers off this cell. Definition backfill: both lanes read the same qualifiers off this cell.",RESOLVED,A+B+ADJUDICATOR,8783ef3e2dc6cf061218360ff1c3db121d172543d661901b2d74131021935dc1
1f5056fba466773a402d,SRC457,4,PAIR_5FE74D58BD4A9AAA572EFF4E,CLASSIFICATION_CONFLICT,39,47,record_family|source_section|asset_class,MERGE,"asset_class: this page prints no bare grouping heading, and a row already labelled 'Real Estate (Net)' is itself the grouping, so the field stays blank rather than repeating subject_name. metric_name: rows are entities and columns are periods, so the metric is the measure the table itself names in its printed wording, 'Net Time Weighted Returns' — never the period (which is the horizon) and never a singularised trim of the banner. Definition backfill: both lanes read the same qualifiers off this cell. Definition backfill: both lanes read the same qualifiers off this cell.",RESOLVED,A+B+ADJUDICATOR,8783ef3e2dc6cf061218360ff1c3db121d172543d661901b2d74131021935dc1
c38834de71d5ab893abb,SRC457,4,PAIR_2769808CB5CADE3C4C48ABF6,CLASSIFICATION_CONFLICT,40,48,record_family|source_section|asset_class,MERGE,"asset_class: this page prints no bare grouping heading, and a row already labelled 'Real Estate (Net)' is itself the grouping, so the field stays blank rather than repeating subject_name. metric_name: rows are entities and columns are periods, so the metric is the measure the table itself names in its printed wording, 'Net Time Weighted Returns' — never the period (which is the horizon) and never a singularised trim of the banner. Definition backfill: both lanes read the same qualifiers off this cell. Definition backfill: both lanes read the same qualifiers off this cell.",RESOLVED,A+B+ADJUDICATOR,8783ef3e2dc6cf061218360ff1c3db121d172543d661901b2d74131021935dc1
7314ce6c3e334a312b5b,SRC457,4,PAIR_3FC45619AF10F99B27365628,CLASSIFICATION_CONFLICT,41,49,record_family|source_section|asset_class,MERGE,"asset_class: this page prints no bare grouping heading, and a row already labelled 'Real Estate (Net)' is itself the grouping, so the field stays blank rather than repeating subject_name. metric_name: rows are entities and columns are periods, so the metric is the measure the table itself names in its printed wording, 'Net Time Weighted Returns' — never the period (which is the horizon) and never a singularised trim of the banner. Definition backfill: both lanes read the same qualifiers off this cell. Definition backfill: both lanes read the same qualifiers off this cell.",RESOLVED,A+B+ADJUDICATOR,8783ef3e2dc6cf061218360ff1c3db121d172543d661901b2d74131021935dc1
032a87e8d09f6d96895f,SRC457,4,PAIR_653779CD0879519E7AE4BA3E,CLASSIFICATION_CONFLICT,42,50,record_family|source_section|asset_class,MERGE,"asset_class: this page prints no bare grouping heading, and a row already labelled 'Real Estate (Net)' is itself the grouping, so the field stays blank rather than repeating subject_name. metric_name: rows are entities and columns are periods, so the metric is the measure the table itself names in its printed wording, 'Net Time Weighted Returns' — never the period (which is the horizon) and never a singularised trim of the banner. Definition backfill: both lanes read the same qualifiers off this cell. Definition backfill: both lanes read the same qualifiers off this cell.",RESOLVED,A+B+ADJUDICATOR,8783ef3e2dc6cf061218360ff1c3db121d172543d661901b2d74131021935dc1
0e182ee24110615b38e0,SRC457,4,PAIR_029AD2831AA720D1C9D196D9,CLASSIFICATION_CONFLICT,43,51,record_family|source_section|asset_class,MERGE,"asset_class: this page prints no bare grouping heading, and a row already labelled 'Real Estate (Net)' is itself the grouping, so the field stays blank rather than repeating subject_name. metric_name: rows are entities and columns are periods, so the metric is the measure the table itself names in its printed wording, 'Net Time Weighted Returns' — never the period (which is the horizon) and never a singularised trim of the banner. Definition backfill: both lanes read the same qualifiers off this cell. Definition backfill: both lanes read the same qualifiers off this cell.",RESOLVED,A+B+ADJUDICATOR,8783ef3e2dc6cf061218360ff1c3db121d172543d661901b2d74131021935dc1
c69bb8a38d5169bcd104,SRC457,4,PAIR_F288AE718FA72BBC054EFF98,VALUE_CONFLICT,44,52,record_family|source_section|asset_class|metric_value_raw,MERGE,"asset_class: this page prints no bare grouping heading, and a row already labelled 'Real Estate (Net)' is itself the grouping, so the field stays blank rather than repeating subject_name. metric_name: rows are entities and columns are periods, so the metric is the measure the table itself names in its printed wording, 'Net Time Weighted Returns' — never the period (which is the horizon) and never a singularised trim of the banner. Definition backfill: both lanes read the same qualifiers off this cell. Definition backfill: both lanes read the same qualifiers off this cell.",RESOLVED,A+B+ADJUDICATOR,8783ef3e2dc6cf061218360ff1c3db121d172543d661901b2d74131021935dc1
b16589127063d945c804,SRC457,4,PAIR_2222E148B8FB2B84F1E436A8,VALUE_CONFLICT,45,53,record_family|source_section|subject_type|asset_class|period_start|metric_name|metric_value_raw,MERGE,"subject_type classifies what subject_name names: a named vehicle ('... , L.P.', an SMA, an LLC) is fund; a total or subtotal line is the owner's aggregate, so portfolio; an index is benchmark. A whole schedule typed investment means the label was not read. asset_class: this page prints no bare grouping heading, and a row already labelled 'Real Estate (Net)' is itself the grouping, so the field stays blank rather than repeating subject_name. metric_name: rows are entities and columns are periods, so the metric is the measure the table itself names in its printed wording, 'Net Time Weighted Returns' — never the period (which is the horizon) and never a singularised trim of the banner. Post-extraction identity review: the printed row is an aggregate or account scope, not a separately named investment fund. Definition backfill: both lanes read the same qualifiers off this cell. Definition backfill: both lanes read the same qualifiers off this cell. The identity-review note an earlier pass wrote straight into the final now lives here in the ledger, so a rebuild can never drop it again.",RESOLVED,A+B+ADJUDICATOR,8783ef3e2dc6cf061218360ff1c3db121d172543d661901b2d74131021935dc1
0ac95ead8e102a7ceea9,SRC457,4,PAIR_FB936FA946363FCF24E58EB7,CLASSIFICATION_CONFLICT,46,54,record_family|source_section|subject_type|asset_class|period_start|metric_name,MERGE,"subject_type classifies what subject_name names: a named vehicle ('... , L.P.', an SMA, an LLC) is fund; a total or subtotal line is the owner's aggregate, so portfolio; an index is benchmark. A whole schedule typed investment means the label was not read. asset_class: this page prints no bare grouping heading, and a row already labelled 'Real Estate (Net)' is itself the grouping, so the field stays blank rather than repeating subject_name. metric_name: rows are entities and columns are periods, so the metric is the measure the table itself names in its printed wording, 'Net Time Weighted Returns' — never the period (which is the horizon) and never a singularised trim of the banner. Post-extraction identity review: the printed row is an aggregate or account scope, not a separately named investment fund. Definition backfill: both lanes read the same qualifiers off this cell. Definition backfill: both lanes read the same qualifiers off this cell. The identity-review note an earlier pass wrote straight into the final now lives here in the ledger, so a rebuild can never drop it again.",RESOLVED,A+B+ADJUDICATOR,8783ef3e2dc6cf061218360ff1c3db121d172543d661901b2d74131021935dc1
c75d7a268c3aedba3de8,SRC457,4,PAIR_E4BB455EAAE114DB9AB7FBFB,CLASSIFICATION_CONFLICT,47,55,record_family|source_section|subject_type|asset_class|period_start|metric_name,MERGE,"subject_type classifies what subject_name names: a named vehicle ('... , L.P.', an SMA, an LLC) is fund; a total or subtotal line is the owner's aggregate, so portfolio; an index is benchmark. A whole schedule typed investment means the label was not read. asset_class: this page prints no bare grouping heading, and a row already labelled 'Real Estate (Net)' is itself the grouping, so the field stays blank rather than repeating subject_name. metric_name: rows are entities and columns are periods, so the metric is the measure the table itself names in its printed wording, 'Net Time Weighted Returns' — never the period (which is the horizon) and never a singularised trim of the banner. Post-extraction identity review: the printed row is an aggregate or account scope, not a separately named investment fund. Definition backfill: both lanes read the same qualifiers off this cell. Definition backfill: both lanes read the same qualifiers off this cell. The identity-review note an earlier pass wrote straight into the final now lives here in the ledger, so a rebuild can never drop it again.",RESOLVED,A+B+ADJUDICATOR,8783ef3e2dc6cf061218360ff1c3db121d172543d661901b2d74131021935dc1
2853687cad160ca08783,SRC457,4,PAIR_8F04A19F4F19FE7575DB4E5B,CLASSIFICATION_CONFLICT,48,56,record_family|source_section|subject_type|asset_class|period_start|metric_name,MERGE,"subject_type classifies what subject_name names: a named vehicle ('... , L.P.', an SMA, an LLC) is fund; a total or subtotal line is the owner's aggregate, so portfolio; an index is benchmark. A whole schedule typed investment means the label was not read. asset_class: this page prints no bare grouping heading, and a row already labelled 'Real Estate (Net)' is itself the grouping, so the field stays blank rather than repeating subject_name. metric_name: rows are entities and columns are periods, so the metric is the measure the table itself names in its printed wording, 'Net Time Weighted Returns' — never the period (which is the horizon) and never a singularised trim of the banner. Post-extraction identity review: the printed row is an aggregate or account scope, not a separately named investment fund. Definition backfill: both lanes read the same qualifiers off this cell. Definition backfill: both lanes read the same qualifiers off this cell. The identity-review note an earlier pass wrote straight into the final now lives here in the ledger, so a rebuild can never drop it again.",RESOLVED,A+B+ADJUDICATOR,8783ef3e2dc6cf061218360ff1c3db121d172543d661901b2d74131021935dc1
3d2016c71a0435906a29,SRC457,4,PAIR_93DA49FF9CD2A6ED766A3E6D,B_ONLY,,57,,MERGE,"subject_type classifies what subject_name names: a named vehicle ('... , L.P.', an SMA, an LLC) is fund; a total or subtotal line is the owner's aggregate, so portfolio; an index is benchmark. A whole schedule typed investment means the label was not read. asset_class: this page prints no bare grouping heading, and a row already labelled 'Real Estate (Net)' is itself the grouping, so the field stays blank rather than repeating subject_name. Post-extraction identity review: the printed row is an aggregate or account scope, not a separately named investment fund. The identity-review note an earlier pass wrote straight into the final now lives here in the ledger, so a rebuild can never drop it again.",RESOLVED,B+ADJUDICATOR,8783ef3e2dc6cf061218360ff1c3db121d172543d661901b2d74131021935dc1
62f7eb15dd6dafa19f70,SRC457,4,PAIR_C23682A26F76FAD35B069487,B_ONLY,,58,,MERGE,"subject_type classifies what subject_name names: a named vehicle ('... , L.P.', an SMA, an LLC) is fund; a total or subtotal line is the owner's aggregate, so portfolio; an index is benchmark. A whole schedule typed investment means the label was not read. asset_class: this page prints no bare grouping heading, and a row already labelled 'Real Estate (Net)' is itself the grouping, so the field stays blank rather than repeating subject_name. Post-extraction identity review: the printed row is an aggregate or account scope, not a separately named investment fund. Definition backfill: both lanes read the same qualifiers off this cell. Definition backfill: both lanes read the same qualifiers off this cell. The identity-review note an earlier pass wrote straight into the final now lives here in the ledger, so a rebuild can never drop it again.",RESOLVED,B+ADJUDICATOR,8783ef3e2dc6cf061218360ff1c3db121d172543d661901b2d74131021935dc1
47fd3556d72bb6e5bc10,SRC457,4,PAIR_4EFBA00E73BB787D1758329F,CLASSIFICATION_CONFLICT,49,59,record_family|source_section|subject_type|asset_class|period_start,MERGE,"subject_type classifies what subject_name names: a named vehicle ('... , L.P.', an SMA, an LLC) is fund; a total or subtotal line is the owner's aggregate, so portfolio; an index is benchmark. A whole schedule typed investment means the label was not read. asset_class: this page prints no bare grouping heading, and a row already labelled 'Real Estate (Net)' is itself the grouping, so the field stays blank rather than repeating subject_name. unit: this page prints the multiples bare (1.44, 0.39), with no x anywhere in the cell, the column header or the banner, so unit stays blank; do not infer a unit. Post-extraction identity review: the printed row is an aggregate or account scope, not a separately named investment fund. Definition backfill: both lanes read the same qualifiers off this cell. Definition backfill: both lanes read the same qualifiers off this cell. The identity-review note an earlier pass wrote straight into the final now lives here in the ledger, so a rebuild can never drop it again.",RESOLVED,A+B+ADJUDICATOR,8783ef3e2dc6cf061218360ff1c3db121d172543d661901b2d74131021935dc1
d577be54689db6f63542,SRC457,4,PAIR_2C2D169EFEF2021269D54168,B_ONLY,,60,,MERGE,"subject_type classifies what subject_name names: a named vehicle ('... , L.P.', an SMA, an LLC) is fund; a total or subtotal line is the owner's aggregate, so portfolio; an index is benchmark. A whole schedule typed investment means the label was not read. asset_class: this page prints no bare grouping heading, and a row already labelled 'Real Estate (Net)' is itself the grouping, so the field stays blank rather than repeating subject_name. Market Value is nav in a fund_economics_observation table, not aum: aum is only a manager's or plan's stated total assets under management. Post-extraction identity review: the printed row is an aggregate or account scope, not a separately named investment fund. The identity-review note an earlier pass wrote straight into the final now lives here in the ledger, so a rebuild can never drop it again.",RESOLVED,B+ADJUDICATOR,8783ef3e2dc6cf061218360ff1c3db121d172543d661901b2d74131021935dc1
b77a17375b9249cf34b7,SRC457,4,PAIR_EC5CA2D83D059760AF082AAF,CLASSIFICATION_CONFLICT,50,61,record_family|source_section|subject_type|asset_class|period_start|metric_category|metric_name,MERGE,"subject_type classifies what subject_name names: a named vehicle ('... , L.P.', an SMA, an LLC) is fund; a total or subtotal line is the owner's aggregate, so portfolio; an index is benchmark. A whole schedule typed investment means the label was not read. asset_class: this page prints no bare grouping heading, and a row already labelled 'Real Estate (Net)' is itself the grouping, so the field stays blank rather than repeating subject_name. Post-extraction identity review: the printed row is an aggregate or account scope, not a separately named investment fund. Definition backfill: both lanes read the same qualifiers off this cell. Definition backfill: both lanes read the same qualifiers off this cell. The identity-review note an earlier pass wrote straight into the final now lives here in the ledger, so a rebuild can never drop it again.",RESOLVED,A+B+ADJUDICATOR,8783ef3e2dc6cf061218360ff1c3db121d172543d661901b2d74131021935dc1
c7ab90c9f8526da85274,SRC457,4,PAIR_023FF72B82B9BF2D75418E22,B_ONLY,,62,,MERGE,"subject_type classifies what subject_name names: a named vehicle ('... , L.P.', an SMA, an LLC) is fund; a total or subtotal line is the owner's aggregate, so portfolio; an index is benchmark. A whole schedule typed investment means the label was not read. asset_class: this page prints no bare grouping heading, and a row already labelled 'Real Estate (Net)' is itself the grouping, so the field stays blank rather than repeating subject_name. PIC is paid_in_capital, never moic: the disambiguation table names the printed label PIC explicitly. The page prints it under a Multiples banner, which is why one lane typed it a multiple. unit: this page prints the multiples bare (1.44, 0.39), with no x anywhere in the cell, the column header or the banner, so unit stays blank; do not infer a unit. Post-extraction identity review: the printed row is an aggregate or account scope, not a separately named investment fund. Definition backfill: both lanes read the same qualifiers off this cell. Definition backfill: both lanes read the same qualifiers off this cell. The identity-review note an earlier pass wrote straight into the final now lives here in the ledger, so a rebuild can never drop it again.; the PIC column sits in the multiples block beside TVPI, RVPI, and DPI and its footnote states that PIC multiples may exceed 1.00 due to recycling, so the printed value is a multiple of commitment rather than an amount",RESOLVED,B+ADJUDICATOR,8783ef3e2dc6cf061218360ff1c3db121d172543d661901b2d74131021935dc1
2d3c1960468d967fd93e,SRC457,4,PAIR_EE4CCC0F4DBB0D5898CF8DC5,CLASSIFICATION_CONFLICT,51,63,record_family|source_section|subject_type|asset_class|period_start|metric_name,MERGE,"subject_type classifies what subject_name names: a named vehicle ('... , L.P.', an SMA, an LLC) is fund; a total or subtotal line is the owner's aggregate, so portfolio; an index is benchmark. A whole schedule typed investment means the label was not read. asset_class: this page prints no bare grouping heading, and a row already labelled 'Real Estate (Net)' is itself the grouping, so the field stays blank rather than repeating subject_name. metric_name: rows are entities and columns are periods, so the metric is the measure the table itself names in its printed wording, 'Net Time Weighted Returns' — never the period (which is the horizon) and never a singularised trim of the banner. Post-extraction identity review: the printed row is an aggregate or account scope, not a separately named investment fund. Definition backfill: both lanes read the same qualifiers off this cell. Definition backfill: both lanes read the same qualifiers off this cell. The identity-review note an earlier pass wrote straight into the final now lives here in the ledger, so a rebuild can never drop it again.",RESOLVED,A+B+ADJUDICATOR,8783ef3e2dc6cf061218360ff1c3db121d172543d661901b2d74131021935dc1
0554777c3a2a9b25b5c3,SRC457,4,PAIR_52D6743BFCD44916810ADADA,CLASSIFICATION_CONFLICT,52,64,record_family|source_section|subject_type|asset_class|period_start,MERGE,"subject_type classifies what subject_name names: a named vehicle ('... , L.P.', an SMA, an LLC) is fund; a total or subtotal line is the owner's aggregate, so portfolio; an index is benchmark. A whole schedule typed investment means the label was not read. asset_class: this page prints no bare grouping heading, and a row already labelled 'Real Estate (Net)' is itself the grouping, so the field stays blank rather than repeating subject_name. unit: this page prints the multiples bare (1.44, 0.39), with no x anywhere in the cell, the column header or the banner, so unit stays blank; do not infer a unit. Post-extraction identity review: the printed row is an aggregate or account scope, not a separately named investment fund. Definition backfill: both lanes read the same qualifiers off this cell. Definition backfill: both lanes read the same qualifiers off this cell. The identity-review note an earlier pass wrote straight into the final now lives here in the ledger, so a rebuild can never drop it again.",RESOLVED,A+B+ADJUDICATOR,8783ef3e2dc6cf061218360ff1c3db121d172543d661901b2d74131021935dc1
aae8d9f96bc51d6459c6,SRC457,4,PAIR_729B0148172F37CE6C6F3D0F,CLASSIFICATION_CONFLICT,54,65,record_family|source_section|source_column_label|subject_type|asset_class|period_start|metric_name|basis_raw,MERGE,"subject_type classifies what subject_name names: a named vehicle ('... , L.P.', an SMA, an LLC) is fund; a total or subtotal line is the owner's aggregate, so portfolio; an index is benchmark. A whole schedule typed investment means the label was not read. asset_class: this page prints no bare grouping heading, and a row already labelled 'Real Estate (Net)' is itself the grouping, so the field stays blank rather than repeating subject_name. Post-extraction identity review: the printed row is an aggregate or account scope, not a separately named investment fund. Definition backfill: both lanes read the same qualifiers off this cell. Definition backfill: both lanes read the same qualifiers off this cell. The identity-review note an earlier pass wrote straight into the final now lives here in the ledger, so a rebuild can never drop it again.",RESOLVED,A+B+ADJUDICATOR,8783ef3e2dc6cf061218360ff1c3db121d172543d661901b2d74131021935dc1
0ab5e8dc126244bf0135,SRC457,4,PAIR_E0D3B42011A4FC9E97EF10E0,CLASSIFICATION_CONFLICT,53,66,record_family|source_section|subject_type|asset_class|period_start|metric_name,MERGE,"subject_type classifies what subject_name names: a named vehicle ('... , L.P.', an SMA, an LLC) is fund; a total or subtotal line is the owner's aggregate, so portfolio; an index is benchmark. A whole schedule typed investment means the label was not read. asset_class: this page prints no bare grouping heading, and a row already labelled 'Real Estate (Net)' is itself the grouping, so the field stays blank rather than repeating subject_name. metric_name: rows are entities and columns are periods, so the metric is the measure the table itself names in its printed wording, 'Net Time Weighted Returns' — never the period (which is the horizon) and never a singularised trim of the banner. Post-extraction identity review: the printed row is an aggregate or account scope, not a separately named investment fund. Definition backfill: both lanes read the same qualifiers off this cell. Definition backfill: both lanes read the same qualifiers off this cell. The identity-review note an earlier pass wrote straight into the final now lives here in the ledger, so a rebuild can never drop it again.",RESOLVED,A+B+ADJUDICATOR,8783ef3e2dc6cf061218360ff1c3db121d172543d661901b2d74131021935dc1
d0adfe2145d15460c3ae,SRC457,4,PAIR_C11CF17D48DEC266DA74453E,CLASSIFICATION_CONFLICT,55,67,record_family|source_section|subject_type|asset_class|period_start,MERGE,"subject_type classifies what subject_name names: a named vehicle ('... , L.P.', an SMA, an LLC) is fund; a total or subtotal line is the owner's aggregate, so portfolio; an index is benchmark. A whole schedule typed investment means the label was not read. asset_class: this page prints no bare grouping heading, and a row already labelled 'Real Estate (Net)' is itself the grouping, so the field stays blank rather than repeating subject_name. unit: this page prints the multiples bare (1.44, 0.39), with no x anywhere in the cell, the column header or the banner, so unit stays blank; do not infer a unit. Post-extraction identity review: the printed row is an aggregate or account scope, not a separately named investment fund. Definition backfill: both lanes read the same qualifiers off this cell. Definition backfill: both lanes read the same qualifiers off this cell. The identity-review note an earlier pass wrote straight into the final now lives here in the ledger, so a rebuild can never drop it again.",RESOLVED,A+B+ADJUDICATOR,8783ef3e2dc6cf061218360ff1c3db121d172543d661901b2d74131021935dc1
d90b35afd03bb5ed3c97,SRC457,4,PAIR_66F947100D4D87218263D0BC,B_ONLY,,68,,MERGE,"subject_type classifies what subject_name names: a named vehicle ('... , L.P.', an SMA, an LLC) is fund; a total or subtotal line is the owner's aggregate, so portfolio; an index is benchmark. A whole schedule typed investment means the label was not read. asset_class: this page prints no bare grouping heading, and a row already labelled 'Real Estate (Net)' is itself the grouping, so the field stays blank rather than repeating subject_name. Post-extraction identity review: the printed row is an aggregate or account scope, not a separately named investment fund. The identity-review note an earlier pass wrote straight into the final now lives here in the ledger, so a rebuild can never drop it again.",RESOLVED,B+ADJUDICATOR,8783ef3e2dc6cf061218360ff1c3db121d172543d661901b2d74131021935dc1
27ec1d518199e481648b,SRC457,4,PAIR_AADEB8E3113ED20B39656C3C,CLASSIFICATION_CONFLICT,56,69,record_family|source_section|asset_class|metric_name,MERGE,"asset_class: this page prints no bare grouping heading, and a row already labelled 'Real Estate (Net)' is itself the grouping, so the field stays blank rather than repeating subject_name. metric_name: rows are entities and columns are periods, so the metric is the measure the table itself names in its printed wording, 'Net Time Weighted Returns' — never the period (which is the horizon) and never a singularised trim of the banner. Definition backfill: both lanes read the same qualifiers off this cell. Definition backfill: both lanes read the same qualifiers off this cell.",RESOLVED,A+B+ADJUDICATOR,8783ef3e2dc6cf061218360ff1c3db121d172543d661901b2d74131021935dc1
f5efb5a470d0c6c709df,SRC457,4,PAIR_6222420476758E224515936C,CLASSIFICATION_CONFLICT,57,70,record_family|source_section|asset_class|metric_name,MERGE,"asset_class: this page prints no bare grouping heading, and a row already labelled 'Real Estate (Net)' is itself the grouping, so the field stays blank rather than repeating subject_name. metric_name: rows are entities and columns are periods, so the metric is the measure the table itself names in its printed wording, 'Net Time Weighted Returns' — never the period (which is the horizon) and never a singularised trim of the banner. Definition backfill: both lanes read the same qualifiers off this cell. Definition backfill: both lanes read the same qualifiers off this cell.",RESOLVED,A+B+ADJUDICATOR,8783ef3e2dc6cf061218360ff1c3db121d172543d661901b2d74131021935dc1
687f72abfa7cdaf23844,SRC457,4,PAIR_77293ADEDE550311042B129F,CLASSIFICATION_CONFLICT,58,71,record_family|source_section|asset_class|metric_name,MERGE,"asset_class: this page prints no bare grouping heading, and a row already labelled 'Real Estate (Net)' is itself the grouping, so the field stays blank rather than repeating subject_name. metric_name: rows are entities and columns are periods, so the metric is the measure the table itself names in its printed wording, 'Net Time Weighted Returns' — never the period (which is the horizon) and never a singularised trim of the banner. Definition backfill: both lanes read the same qualifiers off this cell. Definition backfill: both lanes read the same qualifiers off this cell.",RESOLVED,A+B+ADJUDICATOR,8783ef3e2dc6cf061218360ff1c3db121d172543d661901b2d74131021935dc1
e4a541eb933c10a54f69,SRC457,4,PAIR_C9ECAC65E042A618CE984881,CLASSIFICATION_CONFLICT,59,72,record_family|source_section|asset_class|metric_name,MERGE,"asset_class: this page prints no bare grouping heading, and a row already labelled 'Real Estate (Net)' is itself the grouping, so the field stays blank rather than repeating subject_name. metric_name: rows are entities and columns are periods, so the metric is the measure the table itself names in its printed wording, 'Net Time Weighted Returns' — never the period (which is the horizon) and never a singularised trim of the banner. Definition backfill: both lanes read the same qualifiers off this cell. Definition backfill: both lanes read the same qualifiers off this cell.",RESOLVED,A+B+ADJUDICATOR,8783ef3e2dc6cf061218360ff1c3db121d172543d661901b2d74131021935dc1
b23c143465f827844152,SRC457,4,PAIR_799525B1F701E3A2CA250EDA,CLASSIFICATION_CONFLICT,60,73,record_family|source_section|asset_class|metric_name,MERGE,"asset_class: this page prints no bare grouping heading, and a row already labelled 'Real Estate (Net)' is itself the grouping, so the field stays blank rather than repeating subject_name. metric_name: rows are entities and columns are periods, so the metric is the measure the table itself names in its printed wording, 'Net Time Weighted Returns' — never the period (which is the horizon) and never a singularised trim of the banner. Definition backfill: both lanes read the same qualifiers off this cell. Definition backfill: both lanes read the same qualifiers off this cell.",RESOLVED,A+B+ADJUDICATOR,8783ef3e2dc6cf061218360ff1c3db121d172543d661901b2d74131021935dc1
ebc0e6aa32a9cd66bbf7,SRC457,4,PAIR_88E36EDCE6D7CC3A38D13329,CLASSIFICATION_CONFLICT,61,74,record_family|source_section|asset_class|metric_name,MERGE,"asset_class: this page prints no bare grouping heading, and a row already labelled 'Real Estate (Net)' is itself the grouping, so the field stays blank rather than repeating subject_name. metric_name: rows are entities and columns are periods, so the metric is the measure the table itself names in its printed wording, 'Net Time Weighted Returns' — never the period (which is the horizon) and never a singularised trim of the banner. Definition backfill: both lanes read the same qualifiers off this cell. Definition backfill: both lanes read the same qualifiers off this cell.",RESOLVED,A+B+ADJUDICATOR,8783ef3e2dc6cf061218360ff1c3db121d172543d661901b2d74131021935dc1
d901320e6163ff493a3f,SRC457,4,PAIR_3E7EFC5AFC61C622E1BE02EB,VALUE_CONFLICT,62,75,record_family|source_section|period_start|metric_name|metric_value_raw,MERGE,"subject_type classifies what subject_name names: a named vehicle ('... , L.P.', an SMA, an LLC) is fund; a total or subtotal line is the owner's aggregate, so portfolio; an index is benchmark. A whole schedule typed investment means the label was not read. metric_name: rows are entities and columns are periods, so the metric is the measure the table itself names in its printed wording, 'Net Time Weighted Returns' — never the period (which is the horizon) and never a singularised trim of the banner. Post-extraction identity review: the printed row is an aggregate or account scope, not a separately named investment fund. Definition backfill: both lanes read the same qualifiers off this cell. Definition backfill: both lanes read the same qualifiers off this cell. The identity-review note an earlier pass wrote straight into the final now lives here in the ledger, so a rebuild can never drop it again.",RESOLVED,A+B+ADJUDICATOR,8783ef3e2dc6cf061218360ff1c3db121d172543d661901b2d74131021935dc1
3d35c77fad522fd097e4,SRC457,4,PAIR_283AB8A65C615B48FA667C11,CLASSIFICATION_CONFLICT,63,76,record_family|source_section|period_start|metric_name,MERGE,"subject_type classifies what subject_name names: a named vehicle ('... , L.P.', an SMA, an LLC) is fund; a total or subtotal line is the owner's aggregate, so portfolio; an index is benchmark. A whole schedule typed investment means the label was not read. metric_name: rows are entities and columns are periods, so the metric is the measure the table itself names in its printed wording, 'Net Time Weighted Returns' — never the period (which is the horizon) and never a singularised trim of the banner. Post-extraction identity review: the printed row is an aggregate or account scope, not a separately named investment fund. Definition backfill: both lanes read the same qualifiers off this cell. Definition backfill: both lanes read the same qualifiers off this cell. The identity-review note an earlier pass wrote straight into the final now lives here in the ledger, so a rebuild can never drop it again.",RESOLVED,A+B+ADJUDICATOR,8783ef3e2dc6cf061218360ff1c3db121d172543d661901b2d74131021935dc1
64db8dbf3aac37c6325c,SRC457,4,PAIR_D95109EF5F05C4B885700777,CLASSIFICATION_CONFLICT,64,77,record_family|source_section|period_start|metric_name,MERGE,"subject_type classifies what subject_name names: a named vehicle ('... , L.P.', an SMA, an LLC) is fund; a total or subtotal line is the owner's aggregate, so portfolio; an index is benchmark. A whole schedule typed investment means the label was not read. metric_name: rows are entities and columns are periods, so the metric is the measure the table itself names in its printed wording, 'Net Time Weighted Returns' — never the period (which is the horizon) and never a singularised trim of the banner. Post-extraction identity review: the printed row is an aggregate or account scope, not a separately named investment fund. Definition backfill: both lanes read the same qualifiers off this cell. Definition backfill: both lanes read the same qualifiers off this cell. The identity-review note an earlier pass wrote straight into the final now lives here in the ledger, so a rebuild can never drop it again.",RESOLVED,A+B+ADJUDICATOR,8783ef3e2dc6cf061218360ff1c3db121d172543d661901b2d74131021935dc1
3ef80dc52e37826611b7,SRC457,4,PAIR_C608B0FE50B434A4022D4C5E,CLASSIFICATION_CONFLICT,65,78,record_family|source_section|period_start|metric_name,MERGE,"subject_type classifies what subject_name names: a named vehicle ('... , L.P.', an SMA, an LLC) is fund; a total or subtotal line is the owner's aggregate, so portfolio; an index is benchmark. A whole schedule typed investment means the label was not read. metric_name: rows are entities and columns are periods, so the metric is the measure the table itself names in its printed wording, 'Net Time Weighted Returns' — never the period (which is the horizon) and never a singularised trim of the banner. Post-extraction identity review: the printed row is an aggregate or account scope, not a separately named investment fund. Definition backfill: both lanes read the same qualifiers off this cell. Definition backfill: both lanes read the same qualifiers off this cell. The identity-review note an earlier pass wrote straight into the final now lives here in the ledger, so a rebuild can never drop it again.",RESOLVED,A+B+ADJUDICATOR,8783ef3e2dc6cf061218360ff1c3db121d172543d661901b2d74131021935dc1
86ecda68b156bb5ba886,SRC457,4,PAIR_E6BD23434110AD0C26B626DF,B_ONLY,,79,,MERGE,"subject_type classifies what subject_name names: a named vehicle ('... , L.P.', an SMA, an LLC) is fund; a total or subtotal line is the owner's aggregate, so portfolio; an index is benchmark. A whole schedule typed investment means the label was not read. Post-extraction identity review: the printed row is an aggregate or account scope, not a separately named investment fund. The identity-review note an earlier pass wrote straight into the final now lives here in the ledger, so a rebuild can never drop it again.",RESOLVED,B+ADJUDICATOR,8783ef3e2dc6cf061218360ff1c3db121d172543d661901b2d74131021935dc1
9dc9c133c5382b6aadb7,SRC457,4,PAIR_6DD0DF90B495D622A318FCCC,B_ONLY,,80,,MERGE,"subject_type classifies what subject_name names: a named vehicle ('... , L.P.', an SMA, an LLC) is fund; a total or subtotal line is the owner's aggregate, so portfolio; an index is benchmark. A whole schedule typed investment means the label was not read. Post-extraction identity review: the printed row is an aggregate or account scope, not a separately named investment fund. Definition backfill: both lanes read the same qualifiers off this cell. Definition backfill: both lanes read the same qualifiers off this cell. The identity-review note an earlier pass wrote straight into the final now lives here in the ledger, so a rebuild can never drop it again.",RESOLVED,B+ADJUDICATOR,8783ef3e2dc6cf061218360ff1c3db121d172543d661901b2d74131021935dc1
cb47957692270e8a5e3c,SRC457,4,PAIR_D2F36189C42CC0EEB69F2481,CLASSIFICATION_CONFLICT,66,81,record_family|source_section|period_start,MERGE,"subject_type classifies what subject_name names: a named vehicle ('... , L.P.', an SMA, an LLC) is fund; a total or subtotal line is the owner's aggregate, so portfolio; an index is benchmark. A whole schedule typed investment means the label was not read. unit: this page prints the multiples bare (1.44, 0.39), with no x anywhere in the cell, the column header or the banner, so unit stays blank; do not infer a unit. Post-extraction identity review: the printed row is an aggregate or account scope, not a separately named investment fund. Definition backfill: both lanes read the same qualifiers off this cell. Definition backfill: both lanes read the same qualifiers off this cell. The identity-review note an earlier pass wrote straight into the final now lives here in the ledger, so a rebuild can never drop it again.",RESOLVED,A+B+ADJUDICATOR,8783ef3e2dc6cf061218360ff1c3db121d172543d661901b2d74131021935dc1
6b5cf4027eea589e2d47,SRC457,4,PAIR_A6B73C5BF8054F76CA6B559E,B_ONLY,,82,,MERGE,"subject_type classifies what subject_name names: a named vehicle ('... , L.P.', an SMA, an LLC) is fund; a total or subtotal line is the owner's aggregate, so portfolio; an index is benchmark. A whole schedule typed investment means the label was not read. Market Value is nav in a fund_economics_observation table, not aum: aum is only a manager's or plan's stated total assets under management. Post-extraction identity review: the printed row is an aggregate or account scope, not a separately named investment fund. The identity-review note an earlier pass wrote straight into the final now lives here in the ledger, so a rebuild can never drop it again.",RESOLVED,B+ADJUDICATOR,8783ef3e2dc6cf061218360ff1c3db121d172543d661901b2d74131021935dc1
368478c989cb96e62574,SRC457,4,PAIR_95A70634E0EAABC46ED47903,CLASSIFICATION_CONFLICT,67,83,record_family|source_section|period_start|metric_category|metric_name,MERGE,"subject_type classifies what subject_name names: a named vehicle ('... , L.P.', an SMA, an LLC) is fund; a total or subtotal line is the owner's aggregate, so portfolio; an index is benchmark. A whole schedule typed investment means the label was not read. Post-extraction identity review: the printed row is an aggregate or account scope, not a separately named investment fund. Definition backfill: both lanes read the same qualifiers off this cell. Definition backfill: both lanes read the same qualifiers off this cell. The identity-review note an earlier pass wrote straight into the final now lives here in the ledger, so a rebuild can never drop it again.",RESOLVED,A+B+ADJUDICATOR,8783ef3e2dc6cf061218360ff1c3db121d172543d661901b2d74131021935dc1
71b00375d6b6ceeb5b04,SRC457,4,PAIR_F783E53CBC1F84A9E5226EEA,B_ONLY,,84,,MERGE,"subject_type classifies what subject_name names: a named vehicle ('... , L.P.', an SMA, an LLC) is fund; a total or subtotal line is the owner's aggregate, so portfolio; an index is benchmark. A whole schedule typed investment means the label was not read. PIC is paid_in_capital, never moic: the disambiguation table names the printed label PIC explicitly. The page prints it under a Multiples banner, which is why one lane typed it a multiple. unit: this page prints the multiples bare (1.44, 0.39), with no x anywhere in the cell, the column header or the banner, so unit stays blank; do not infer a unit. Post-extraction identity review: the printed row is an aggregate or account scope, not a separately named investment fund. Definition backfill: both lanes read the same qualifiers off this cell. Definition backfill: both lanes read the same qualifiers off this cell. The identity-review note an earlier pass wrote straight into the final now lives here in the ledger, so a rebuild can never drop it again.; the PIC column sits in the multiples block beside TVPI, RVPI, and DPI and its footnote states that PIC multiples may exceed 1.00 due to recycling, so the printed value is a multiple of commitment rather than an amount",RESOLVED,B+ADJUDICATOR,8783ef3e2dc6cf061218360ff1c3db121d172543d661901b2d74131021935dc1
7eed7c38c25901ef04c2,SRC457,4,PAIR_EC11C9CD60A56F4F5AB7FDE4,CLASSIFICATION_CONFLICT,68,85,record_family|source_section|period_start|metric_name,MERGE,"subject_type classifies what subject_name names: a named vehicle ('... , L.P.', an SMA, an LLC) is fund; a total or subtotal line is the owner's aggregate, so portfolio; an index is benchmark. A whole schedule typed investment means the label was not read. metric_name: rows are entities and columns are periods, so the metric is the measure the table itself names in its printed wording, 'Net Time Weighted Returns' — never the period (which is the horizon) and never a singularised trim of the banner. Post-extraction identity review: the printed row is an aggregate or account scope, not a separately named investment fund. Definition backfill: both lanes read the same qualifiers off this cell. Definition backfill: both lanes read the same qualifiers off this cell. The identity-review note an earlier pass wrote straight into the final now lives here in the ledger, so a rebuild can never drop it again.",RESOLVED,A+B+ADJUDICATOR,8783ef3e2dc6cf061218360ff1c3db121d172543d661901b2d74131021935dc1
6ba58ff86e2e789a6922,SRC457,4,PAIR_B729C6EA0F513DE457EC1AE9,CLASSIFICATION_CONFLICT,69,86,record_family|source_section|period_start,MERGE,"subject_type classifies what subject_name names: a named vehicle ('... , L.P.', an SMA, an LLC) is fund; a total or subtotal line is the owner's aggregate, so portfolio; an index is benchmark. A whole schedule typed investment means the label was not read. unit: this page prints the multiples bare (1.44, 0.39), with no x anywhere in the cell, the column header or the banner, so unit stays blank; do not infer a unit. Post-extraction identity review: the printed row is an aggregate or account scope, not a separately named investment fund. Definition backfill: both lanes read the same qualifiers off this cell. Definition backfill: both lanes read the same qualifiers off this cell. The identity-review note an earlier pass wrote straight into the final now lives here in the ledger, so a rebuild can never drop it again.",RESOLVED,A+B+ADJUDICATOR,8783ef3e2dc6cf061218360ff1c3db121d172543d661901b2d74131021935dc1
d00162926769bac46711,SRC457,4,PAIR_D68E40ACD2C89CFA4AC93CA7,CLASSIFICATION_CONFLICT,71,87,record_family|source_section|source_column_label|period_start|metric_name|basis_raw,MERGE,"subject_type classifies what subject_name names: a named vehicle ('... , L.P.', an SMA, an LLC) is fund; a total or subtotal line is the owner's aggregate, so portfolio; an index is benchmark. A whole schedule typed investment means the label was not read. Post-extraction identity review: the printed row is an aggregate or account scope, not a separately named investment fund. Definition backfill: both lanes read the same qualifiers off this cell. Definition backfill: both lanes read the same qualifiers off this cell. The identity-review note an earlier pass wrote straight into the final now lives here in the ledger, so a rebuild can never drop it again.",RESOLVED,A+B+ADJUDICATOR,8783ef3e2dc6cf061218360ff1c3db121d172543d661901b2d74131021935dc1
999056d34d3b883b7ff8,SRC457,4,PAIR_BA3EE173E32F9986C96AC521,CLASSIFICATION_CONFLICT,70,88,record_family|source_section|period_start|metric_name,MERGE,"subject_type classifies what subject_name names: a named vehicle ('... , L.P.', an SMA, an LLC) is fund; a total or subtotal line is the owner's aggregate, so portfolio; an index is benchmark. A whole schedule typed investment means the label was not read. metric_name: rows are entities and columns are periods, so the metric is the measure the table itself names in its printed wording, 'Net Time Weighted Returns' — never the period (which is the horizon) and never a singularised trim of the banner. Post-extraction identity review: the printed row is an aggregate or account scope, not a separately named investment fund. Definition backfill: both lanes read the same qualifiers off this cell. Definition backfill: both lanes read the same qualifiers off this cell. The identity-review note an earlier pass wrote straight into the final now lives here in the ledger, so a rebuild can never drop it again.",RESOLVED,A+B+ADJUDICATOR,8783ef3e2dc6cf061218360ff1c3db121d172543d661901b2d74131021935dc1
358c31fce2a4b931907c,SRC457,4,PAIR_50869D30884B6607769E7022,CLASSIFICATION_CONFLICT,72,89,record_family|source_section|period_start,MERGE,"subject_type classifies what subject_name names: a named vehicle ('... , L.P.', an SMA, an LLC) is fund; a total or subtotal line is the owner's aggregate, so portfolio; an index is benchmark. A whole schedule typed investment means the label was not read. unit: this page prints the multiples bare (1.44, 0.39), with no x anywhere in the cell, the column header or the banner, so unit stays blank; do not infer a unit. Post-extraction identity review: the printed row is an aggregate or account scope, not a separately named investment fund. Definition backfill: both lanes read the same qualifiers off this cell. Definition backfill: both lanes read the same qualifiers off this cell. The identity-review note an earlier pass wrote straight into the final now lives here in the ledger, so a rebuild can never drop it again.",RESOLVED,A+B+ADJUDICATOR,8783ef3e2dc6cf061218360ff1c3db121d172543d661901b2d74131021935dc1
04d5a03f19ab652dc0c8,SRC457,4,PAIR_F77C987D6F469176947D1D23,B_ONLY,,90,,MERGE,"subject_type classifies what subject_name names: a named vehicle ('... , L.P.', an SMA, an LLC) is fund; a total or subtotal line is the owner's aggregate, so portfolio; an index is benchmark. A whole schedule typed investment means the label was not read. Post-extraction identity review: the printed row is an aggregate or account scope, not a separately named investment fund. The identity-review note an earlier pass wrote straight into the final now lives here in the ledger, so a rebuild can never drop it again.",RESOLVED,B+ADJUDICATOR,8783ef3e2dc6cf061218360ff1c3db121d172543d661901b2d74131021935dc1
eaefd0d3c92205ec5a3f,SRC457,4,PAIR_79716FDF86AE4D24498AFB9E,VALUE_CONFLICT,73,91,record_family|source_section|subject_type|asset_class|period_start|metric_name|metric_value_raw,MERGE,"subject_type classifies what subject_name names: a named vehicle ('... , L.P.', an SMA, an LLC) is fund; a total or subtotal line is the owner's aggregate, so portfolio; an index is benchmark. A whole schedule typed investment means the label was not read. asset_class: this page prints no bare grouping heading, and a row already labelled 'Real Estate (Net)' is itself the grouping, so the field stays blank rather than repeating subject_name. metric_name: rows are entities and columns are periods, so the metric is the measure the table itself names in its printed wording, 'Net Time Weighted Returns' — never the period (which is the horizon) and never a singularised trim of the banner. Post-extraction identity review: the printed row is an aggregate or account scope, not a separately named investment fund. Definition backfill: both lanes read the same qualifiers off this cell. Definition backfill: both lanes read the same qualifiers off this cell. The identity-review note an earlier pass wrote straight into the final now lives here in the ledger, so a rebuild can never drop it again.",RESOLVED,A+B+ADJUDICATOR,8783ef3e2dc6cf061218360ff1c3db121d172543d661901b2d74131021935dc1
3d1db734faa668c8deed,SRC457,4,PAIR_ED6916082C7ECB83FB72D1E0,CLASSIFICATION_CONFLICT,74,92,record_family|source_section|subject_type|asset_class|period_start|metric_name,MERGE,"subject_type classifies what subject_name names: a named vehicle ('... , L.P.', an SMA, an LLC) is fund; a total or subtotal line is the owner's aggregate, so portfolio; an index is benchmark. A whole schedule typed investment means the label was not read. asset_class: this page prints no bare grouping heading, and a row already labelled 'Real Estate (Net)' is itself the grouping, so the field stays blank rather than repeating subject_name. metric_name: rows are entities and columns are periods, so the metric is the measure the table itself names in its printed wording, 'Net Time Weighted Returns' — never the period (which is the horizon) and never a singularised trim of the banner. Post-extraction identity review: the printed row is an aggregate or account scope, not a separately named investment fund. Definition backfill: both lanes read the same qualifiers off this cell. Definition backfill: both lanes read the same qualifiers off this cell. The identity-review note an earlier pass wrote straight into the final now lives here in the ledger, so a rebuild can never drop it again.",RESOLVED,A+B+ADJUDICATOR,8783ef3e2dc6cf061218360ff1c3db121d172543d661901b2d74131021935dc1
919f5bcc0a1a1dcc6a92,SRC457,4,PAIR_C37B2E9649E509A51F74FCC2,CLASSIFICATION_CONFLICT,75,93,record_family|source_section|subject_type|asset_class|period_start|metric_name,MERGE,"subject_type classifies what subject_name names: a named vehicle ('... , L.P.', an SMA, an LLC) is fund; a total or subtotal line is the owner's aggregate, so portfolio; an index is benchmark. A whole schedule typed investment means the label was not read. asset_class: this page prints no bare grouping heading, and a row already labelled 'Real Estate (Net)' is itself the grouping, so the field stays blank rather than repeating subject_name. metric_name: rows are entities and columns are periods, so the metric is the measure the table itself names in its printed wording, 'Net Time Weighted Returns' — never the period (which is the horizon) and never a singularised trim of the banner. Post-extraction identity review: the printed row is an aggregate or account scope, not a separately named investment fund. Definition backfill: both lanes read the same qualifiers off this cell. Definition backfill: both lanes read the same qualifiers off this cell. The identity-review note an earlier pass wrote straight into the final now lives here in the ledger, so a rebuild can never drop it again.",RESOLVED,A+B+ADJUDICATOR,8783ef3e2dc6cf061218360ff1c3db121d172543d661901b2d74131021935dc1
f911cd22e59c81789167,SRC457,4,PAIR_7850AA5EE24F4112543C9FC3,CLASSIFICATION_CONFLICT,76,94,record_family|source_section|subject_type|asset_class|period_start|metric_name,MERGE,"subject_type classifies what subject_name names: a named vehicle ('... , L.P.', an SMA, an LLC) is fund; a total or subtotal line is the owner's aggregate, so portfolio; an index is benchmark. A whole schedule typed investment means the label was not read. asset_class: this page prints no bare grouping heading, and a row already labelled 'Real Estate (Net)' is itself the grouping, so the field stays blank rather than repeating subject_name. metric_name: rows are entities and columns are periods, so the metric is the measure the table itself names in its printed wording, 'Net Time Weighted Returns' — never the period (which is the horizon) and never a singularised trim of the banner. Post-extraction identity review: the printed row is an aggregate or account scope, not a separately named investment fund. Definition backfill: both lanes read the same qualifiers off this cell. Definition backfill: both lanes read the same qualifiers off this cell. The identity-review note an earlier pass wrote straight into the final now lives here in the ledger, so a rebuild can never drop it again.",RESOLVED,A+B+ADJUDICATOR,8783ef3e2dc6cf061218360ff1c3db121d172543d661901b2d74131021935dc1
da0ef1203cd1de8aadfe,SRC457,4,PAIR_DBE68A85BE326483277D4087,B_ONLY,,95,,MERGE,"subject_type classifies what subject_name names: a named vehicle ('... , L.P.', an SMA, an LLC) is fund; a total or subtotal line is the owner's aggregate, so portfolio; an index is benchmark. A whole schedule typed investment means the label was not read. asset_class: this page prints no bare grouping heading, and a row already labelled 'Real Estate (Net)' is itself the grouping, so the field stays blank rather than repeating subject_name. Post-extraction identity review: the printed row is an aggregate or account scope, not a separately named investment fund. The identity-review note an earlier pass wrote straight into the final now lives here in the ledger, so a rebuild can never drop it again.",RESOLVED,B+ADJUDICATOR,8783ef3e2dc6cf061218360ff1c3db121d172543d661901b2d74131021935dc1
f3844ea482997f310335,SRC457,4,PAIR_53AEDCD1463302C56B37777A,B_ONLY,,96,,MERGE,"subject_type classifies what subject_name names: a named vehicle ('... , L.P.', an SMA, an LLC) is fund; a total or subtotal line is the owner's aggregate, so portfolio; an index is benchmark. A whole schedule typed investment means the label was not read. asset_class: this page prints no bare grouping heading, and a row already labelled 'Real Estate (Net)' is itself the grouping, so the field stays blank rather than repeating subject_name. Post-extraction identity review: the printed row is an aggregate or account scope, not a separately named investment fund. Definition backfill: both lanes read the same qualifiers off this cell. Definition backfill: both lanes read the same qualifiers off this cell. The identity-review note an earlier pass wrote straight into the final now lives here in the ledger, so a rebuild can never drop it again.",RESOLVED,B+ADJUDICATOR,8783ef3e2dc6cf061218360ff1c3db121d172543d661901b2d74131021935dc1
75fb80abfcd7d5ac6471,SRC457,4,PAIR_06FADB24601C4E9550BAB23C,CLASSIFICATION_CONFLICT,77,97,record_family|source_section|subject_type|asset_class|period_start,MERGE,"subject_type classifies what subject_name names: a named vehicle ('... , L.P.', an SMA, an LLC) is fund; a total or subtotal line is the owner's aggregate, so portfolio; an index is benchmark. A whole schedule typed investment means the label was not read. asset_class: this page prints no bare grouping heading, and a row already labelled 'Real Estate (Net)' is itself the grouping, so the field stays blank rather than repeating subject_name. unit: this page prints the multiples bare (1.44, 0.39), with no x anywhere in the cell, the column header or the banner, so unit stays blank; do not infer a unit. Post-extraction identity review: the printed row is an aggregate or account scope, not a separately named investment fund. Definition backfill: both lanes read the same qualifiers off this cell. Definition backfill: both lanes read the same qualifiers off this cell. The identity-review note an earlier pass wrote straight into the final now lives here in the ledger, so a rebuild can never drop it again.",RESOLVED,A+B+ADJUDICATOR,8783ef3e2dc6cf061218360ff1c3db121d172543d661901b2d74131021935dc1
191d8b62b16c3913172d,SRC457,4,PAIR_CBEE504F14668C9EF31C1D5A,B_ONLY,,98,,MERGE,"subject_type classifies what subject_name names: a named vehicle ('... , L.P.', an SMA, an LLC) is fund; a total or subtotal line is the owner's aggregate, so portfolio; an index is benchmark. A whole schedule typed investment means the label was not read. asset_class: this page prints no bare grouping heading, and a row already labelled 'Real Estate (Net)' is itself the grouping, so the field stays blank rather than repeating subject_name. Market Value is nav in a fund_economics_observation table, not aum: aum is only a manager's or plan's stated total assets under management. Post-extraction identity review: the printed row is an aggregate or account scope, not a separately named investment fund. The identity-review note an earlier pass wrote straight into the final now lives here in the ledger, so a rebuild can never drop it again.",RESOLVED,B+ADJUDICATOR,8783ef3e2dc6cf061218360ff1c3db121d172543d661901b2d74131021935dc1
d81e3d949c95e2a0155d,SRC457,4,PAIR_07F06E838B3ED748838D5B66,CLASSIFICATION_CONFLICT,78,99,record_family|source_section|subject_type|asset_class|period_start|metric_category|metric_name,MERGE,"subject_type classifies what subject_name names: a named vehicle ('... , L.P.', an SMA, an LLC) is fund; a total or subtotal line is the owner's aggregate, so portfolio; an index is benchmark. A whole schedule typed investment means the label was not read. asset_class: this page prints no bare grouping heading, and a row already labelled 'Real Estate (Net)' is itself the grouping, so the field stays blank rather than repeating subject_name. Post-extraction identity review: the printed row is an aggregate or account scope, not a separately named investment fund. Definition backfill: both lanes read the same qualifiers off this cell. Definition backfill: both lanes read the same qualifiers off this cell. The identity-review note an earlier pass wrote straight into the final now lives here in the ledger, so a rebuild can never drop it again.",RESOLVED,A+B+ADJUDICATOR,8783ef3e2dc6cf061218360ff1c3db121d172543d661901b2d74131021935dc1
597dea9d5e6f5341b427,SRC457,4,PAIR_7D4414DCED335F80E0446FE4,B_ONLY,,100,,MERGE,"subject_type classifies what subject_name names: a named vehicle ('... , L.P.', an SMA, an LLC) is fund; a total or subtotal line is the owner's aggregate, so portfolio; an index is benchmark. A whole schedule typed investment means the label was not read. asset_class: this page prints no bare grouping heading, and a row already labelled 'Real Estate (Net)' is itself the grouping, so the field stays blank rather than repeating subject_name. PIC is paid_in_capital, never moic: the disambiguation table names the printed label PIC explicitly. The page prints it under a Multiples banner, which is why one lane typed it a multiple. unit: this page prints the multiples bare (1.44, 0.39), with no x anywhere in the cell, the column header or the banner, so unit stays blank; do not infer a unit. Post-extraction identity review: the printed row is an aggregate or account scope, not a separately named investment fund. Definition backfill: both lanes read the same qualifiers off this cell. Definition backfill: both lanes read the same qualifiers off this cell. The identity-review note an earlier pass wrote straight into the final now lives here in the ledger, so a rebuild can never drop it again.; the PIC column sits in the multiples block beside TVPI, RVPI, and DPI and its footnote states that PIC multiples may exceed 1.00 due to recycling, so the printed value is a multiple of commitment rather than an amount",RESOLVED,B+ADJUDICATOR,8783ef3e2dc6cf061218360ff1c3db121d172543d661901b2d74131021935dc1
d7ff70d19699d0b972c5,SRC457,4,PAIR_11BD82FC59EFC860D6C5FE5F,CLASSIFICATION_CONFLICT,79,101,record_family|source_section|subject_type|asset_class|period_start|metric_name,MERGE,"subject_type classifies what subject_name names: a named vehicle ('... , L.P.', an SMA, an LLC) is fund; a total or subtotal line is the owner's aggregate, so portfolio; an index is benchmark. A whole schedule typed investment means the label was not read. asset_class: this page prints no bare grouping heading, and a row already labelled 'Real Estate (Net)' is itself the grouping, so the field stays blank rather than repeating subject_name. metric_name: rows are entities and columns are periods, so the metric is the measure the table itself names in its printed wording, 'Net Time Weighted Returns' — never the period (which is the horizon) and never a singularised trim of the banner. Post-extraction identity review: the printed row is an aggregate or account scope, not a separately named investment fund. Definition backfill: both lanes read the same qualifiers off this cell. Definition backfill: both lanes read the same qualifiers off this cell. The identity-review note an earlier pass wrote straight into the final now lives here in the ledger, so a rebuild can never drop it again.",RESOLVED,A+B+ADJUDICATOR,8783ef3e2dc6cf061218360ff1c3db121d172543d661901b2d74131021935dc1
611dd69b72183a698dc2,SRC457,4,PAIR_094425EA82FD7F446951C61A,CLASSIFICATION_CONFLICT,80,102,record_family|source_section|subject_type|asset_class|period_start,MERGE,"subject_type classifies what subject_name names: a named vehicle ('... , L.P.', an SMA, an LLC) is fund; a total or subtotal line is the owner's aggregate, so portfolio; an index is benchmark. A whole schedule typed investment means the label was not read. asset_class: this page prints no bare grouping heading, and a row already labelled 'Real Estate (Net)' is itself the grouping, so the field stays blank rather than repeating subject_name. unit: this page prints the multiples bare (1.44, 0.39), with no x anywhere in the cell, the column header or the banner, so unit stays blank; do not infer a unit. Post-extraction identity review: the printed row is an aggregate or account scope, not a separately named investment fund. Definition backfill: both lanes read the same qualifiers off this cell. Definition backfill: both lanes read the same qualifiers off this cell. The identity-review note an earlier pass wrote straight into the final now lives here in the ledger, so a rebuild can never drop it again.",RESOLVED,A+B+ADJUDICATOR,8783ef3e2dc6cf061218360ff1c3db121d172543d661901b2d74131021935dc1
69cab9a23120cc543d2b,SRC457,4,PAIR_5F50FAE46138AE2AA0742A01,CLASSIFICATION_CONFLICT,82,103,record_family|source_section|source_column_label|subject_type|asset_class|period_start|metric_name|basis_raw,MERGE,"subject_type classifies what subject_name names: a named vehicle ('... , L.P.', an SMA, an LLC) is fund; a total or subtotal line is the owner's aggregate, so portfolio; an index is benchmark. A whole schedule typed investment means the label was not read. asset_class: this page prints no bare grouping heading, and a row already labelled 'Real Estate (Net)' is itself the grouping, so the field stays blank rather than repeating subject_name. Post-extraction identity review: the printed row is an aggregate or account scope, not a separately named investment fund. Definition backfill: both lanes read the same qualifiers off this cell. Definition backfill: both lanes read the same qualifiers off this cell. The identity-review note an earlier pass wrote straight into the final now lives here in the ledger, so a rebuild can never drop it again.",RESOLVED,A+B+ADJUDICATOR,8783ef3e2dc6cf061218360ff1c3db121d172543d661901b2d74131021935dc1
f787118a61de879871cc,SRC457,4,PAIR_6267D6DAF171953466FFF3C4,CLASSIFICATION_CONFLICT,81,104,record_family|source_section|subject_type|asset_class|period_start|metric_name,MERGE,"subject_type classifies what subject_name names: a named vehicle ('... , L.P.', an SMA, an LLC) is fund; a total or subtotal line is the owner's aggregate, so portfolio; an index is benchmark. A whole schedule typed investment means the label was not read. asset_class: this page prints no bare grouping heading, and a row already labelled 'Real Estate (Net)' is itself the grouping, so the field stays blank rather than repeating subject_name. metric_name: rows are entities and columns are periods, so the metric is the measure the table itself names in its printed wording, 'Net Time Weighted Returns' — never the period (which is the horizon) and never a singularised trim of the banner. Post-extraction identity review: the printed row is an aggregate or account scope, not a separately named investment fund. Definition backfill: both lanes read the same qualifiers off this cell. Definition backfill: both lanes read the same qualifiers off this cell. The identity-review note an earlier pass wrote straight into the final now lives here in the ledger, so a rebuild can never drop it again.",RESOLVED,A+B+ADJUDICATOR,8783ef3e2dc6cf061218360ff1c3db121d172543d661901b2d74131021935dc1
9f671cb7c498eca330b8,SRC457,4,PAIR_FBF5DC961E2065036098CB2F,CLASSIFICATION_CONFLICT,83,105,record_family|source_section|subject_type|asset_class|period_start,MERGE,"subject_type classifies what subject_name names: a named vehicle ('... , L.P.', an SMA, an LLC) is fund; a total or subtotal line is the owner's aggregate, so portfolio; an index is benchmark. A whole schedule typed investment means the label was not read. asset_class: this page prints no bare grouping heading, and a row already labelled 'Real Estate (Net)' is itself the grouping, so the field stays blank rather than repeating subject_name. unit: this page prints the multiples bare (1.44, 0.39), with no x anywhere in the cell, the column header or the banner, so unit stays blank; do not infer a unit. Post-extraction identity review: the printed row is an aggregate or account scope, not a separately named investment fund. Definition backfill: both lanes read the same qualifiers off this cell. Definition backfill: both lanes read the same qualifiers off this cell. The identity-review note an earlier pass wrote straight into the final now lives here in the ledger, so a rebuild can never drop it again.",RESOLVED,A+B+ADJUDICATOR,8783ef3e2dc6cf061218360ff1c3db121d172543d661901b2d74131021935dc1
c4c944f6b7a371635b7b,SRC457,4,PAIR_0BEB53935107BB1A96BE763A,B_ONLY,,106,,MERGE,"subject_type classifies what subject_name names: a named vehicle ('... , L.P.', an SMA, an LLC) is fund; a total or subtotal line is the owner's aggregate, so portfolio; an index is benchmark. A whole schedule typed investment means the label was not read. asset_class: this page prints no bare grouping heading, and a row already labelled 'Real Estate (Net)' is itself the grouping, so the field stays blank rather than repeating subject_name. Post-extraction identity review: the printed row is an aggregate or account scope, not a separately named investment fund. The identity-review note an earlier pass wrote straight into the final now lives here in the ledger, so a rebuild can never drop it again.",RESOLVED,B+ADJUDICATOR,8783ef3e2dc6cf061218360ff1c3db121d172543d661901b2d74131021935dc1
d941eb6973412bf53006,SRC457,5,PAIR_C0CDD459F39BB3FA5344B290,VALUE_CONFLICT,84,107,source_section|source_table|source_column_label|subject_name|metric_name|metric_value_raw,MERGE,"subject_name takes the name printed on the cited page, in full and at the most specific level; a name assembled from the institution is not printed there. The chart legend and the column header both print 'New Mexico Educational Retirement Board Portfolio IRR', so the subject is the Portfolio and the measure is the rest of that header. Definition backfill: both lanes read the same qualifiers off this cell. Definition backfill: both lanes read the same qualifiers off this cell.",RESOLVED,A+B+ADJUDICATOR,8783ef3e2dc6cf061218360ff1c3db121d172543d661901b2d74131021935dc1
567a8ee2f1b83fd486d1,SRC457,5,PAIR_F468EC183BE3FF86E6FA34E9,VALUE_CONFLICT,85,108,source_section|source_table|source_column_label|subject_name|metric_name|metric_value_raw|basis_raw,MERGE,"subject_name takes the name printed on the cited page, in full and at the most specific level; a name assembled from the institution is not printed there. The chart legend and the column header both print 'New Mexico Educational Retirement Board Portfolio IRR', so the subject is the Portfolio and the measure is the rest of that header. Definition backfill: both lanes read the same qualifiers off this cell. Definition backfill: both lanes read the same qualifiers off this cell.",RESOLVED,A+B+ADJUDICATOR,8783ef3e2dc6cf061218360ff1c3db121d172543d661901b2d74131021935dc1
ed0eabff1fa3dd82408d,SRC457,5,PAIR_5AC571DA54660E3C505098B0,CLASSIFICATION_CONFLICT,86,109,source_section|source_table|source_column_label|subject_name|metric_name,MERGE,"subject_name takes the name printed on the cited page, in full and at the most specific level; a name assembled from the institution is not printed there. The chart legend and the column header both print 'New Mexico Educational Retirement Board Portfolio IRR', so the subject is the Portfolio and the measure is the rest of that header. Definition backfill: both lanes read the same qualifiers off this cell. Definition backfill: both lanes read the same qualifiers off this cell.",RESOLVED,A+B+ADJUDICATOR,8783ef3e2dc6cf061218360ff1c3db121d172543d661901b2d74131021935dc1
0ad383dbba5046ec79df,SRC457,5,PAIR_B7B239D7276E990CF2A6CEE9,CLASSIFICATION_CONFLICT,87,110,source_section|source_table|source_column_label|subject_name|metric_name|basis_raw,MERGE,"subject_name takes the name printed on the cited page, in full and at the most specific level; a name assembled from the institution is not printed there. The chart legend and the column header both print 'New Mexico Educational Retirement Board Portfolio IRR', so the subject is the Portfolio and the measure is the rest of that header. Definition backfill: both lanes read the same qualifiers off this cell. Definition backfill: both lanes read the same qualifiers off this cell.",RESOLVED,A+B+ADJUDICATOR,8783ef3e2dc6cf061218360ff1c3db121d172543d661901b2d74131021935dc1
9db3b3395086c03efad2,SRC457,5,PAIR_FD5DBAE7FF4948552C30BF81,CLASSIFICATION_CONFLICT,88,111,source_section|source_table|source_column_label|subject_name|metric_name,MERGE,"subject_name takes the name printed on the cited page, in full and at the most specific level; a name assembled from the institution is not printed there. The chart legend and the column header both print 'New Mexico Educational Retirement Board Portfolio IRR', so the subject is the Portfolio and the measure is the rest of that header. Definition backfill: both lanes read the same qualifiers off this cell. Definition backfill: both lanes read the same qualifiers off this cell.",RESOLVED,A+B+ADJUDICATOR,8783ef3e2dc6cf061218360ff1c3db121d172543d661901b2d74131021935dc1
ac88324601094951eedc,SRC457,5,PAIR_6FCA7644286410DE07AE7F1D,CLASSIFICATION_CONFLICT,89,112,source_section|source_table|source_column_label|subject_name|metric_name|basis_raw,MERGE,"subject_name takes the name printed on the cited page, in full and at the most specific level; a name assembled from the institution is not printed there. The chart legend and the column header both print 'New Mexico Educational Retirement Board Portfolio IRR', so the subject is the Portfolio and the measure is the rest of that header. Definition backfill: both lanes read the same qualifiers off this cell. Definition backfill: both lanes read the same qualifiers off this cell.",RESOLVED,A+B+ADJUDICATOR,8783ef3e2dc6cf061218360ff1c3db121d172543d661901b2d74131021935dc1
95d8ecc91743a36d43fa,SRC457,5,PAIR_4801FF36651CB25798300C99,CLASSIFICATION_CONFLICT,90,113,source_section|source_table|source_column_label|subject_name|metric_name,MERGE,"subject_name takes the name printed on the cited page, in full and at the most specific level; a name assembled from the institution is not printed there. The chart legend and the column header both print 'New Mexico Educational Retirement Board Portfolio IRR', so the subject is the Portfolio and the measure is the rest of that header. Definition backfill: both lanes read the same qualifiers off this cell. Definition backfill: both lanes read the same qualifiers off this cell.",RESOLVED,A+B+ADJUDICATOR,8783ef3e2dc6cf061218360ff1c3db121d172543d661901b2d74131021935dc1
93e9e4a2abfe4fa668f1,SRC457,5,PAIR_674C9E3BB09FDB561ABED4F7,CLASSIFICATION_CONFLICT,91,114,source_section|source_table|source_column_label|subject_name|metric_name|basis_raw,MERGE,"subject_name takes the name printed on the cited page, in full and at the most specific level; a name assembled from the institution is not printed there. The chart legend and the column header both print 'New Mexico Educational Retirement Board Portfolio IRR', so the subject is the Portfolio and the measure is the rest of that header. Definition backfill: both lanes read the same qualifiers off this cell. Definition backfill: both lanes read the same qualifiers off this cell.",RESOLVED,A+B+ADJUDICATOR,8783ef3e2dc6cf061218360ff1c3db121d172543d661901b2d74131021935dc1
6aa60bf9b795d884b6c1,SRC457,5,PAIR_D5DEC5FBD62FB2EE6BB0346A,CLASSIFICATION_CONFLICT,92,115,source_section|source_table|source_column_label|subject_name|metric_name,MERGE,"subject_name takes the name printed on the cited page, in full and at the most specific level; a name assembled from the institution is not printed there. The chart legend and the column header both print 'New Mexico Educational Retirement Board Portfolio IRR', so the subject is the Portfolio and the measure is the rest of that header. Definition backfill: both lanes read the same qualifiers off this cell. Definition backfill: both lanes read the same qualifiers off this cell.",RESOLVED,A+B+ADJUDICATOR,8783ef3e2dc6cf061218360ff1c3db121d172543d661901b2d74131021935dc1
21f91b915979374eb378,SRC457,5,PAIR_9612F838F067F11252328748,CLASSIFICATION_CONFLICT,93,116,source_section|source_table|source_column_label|subject_name|metric_name|basis_raw,MERGE,"subject_name takes the name printed on the cited page, in full and at the most specific level; a name assembled from the institution is not printed there. The chart legend and the column header both print 'New Mexico Educational Retirement Board Portfolio IRR', so the subject is the Portfolio and the measure is the rest of that header. Definition backfill: both lanes read the same qualifiers off this cell. Definition backfill: both lanes read the same qualifiers off this cell.",RESOLVED,A+B+ADJUDICATOR,8783ef3e2dc6cf061218360ff1c3db121d172543d661901b2d74131021935dc1
7b91465f088d10abb10a,SRC457,6,PAIR_32EBABA42C852013DDE91B8C,CONTEXT_CONFLICT,94,117,source_section|metric_name,ACCEPT_B,B matches the printed cell on every field.,RESOLVED,B,8783ef3e2dc6cf061218360ff1c3db121d172543d661901b2d74131021935dc1
d004455e5641d7117dac,SRC457,6,PAIR_07E42C44791201B7CFFB1BFB,CONTEXT_CONFLICT,95,118,source_section|metric_name,ACCEPT_B,B matches the printed cell on every field.,RESOLVED,B,8783ef3e2dc6cf061218360ff1c3db121d172543d661901b2d74131021935dc1
511b105a1b4696675466,SRC457,6,PAIR_DB694C73DBBB38837CA4A2A5,CONTEXT_CONFLICT,96,119,source_section|metric_name,ACCEPT_B,B matches the printed cell on every field.,RESOLVED,B,8783ef3e2dc6cf061218360ff1c3db121d172543d661901b2d74131021935dc1
d32087dd1587225040a0,SRC457,6,PAIR_B4AEAC17E134289912D99A72,CONTEXT_CONFLICT,97,120,source_section|metric_name,ACCEPT_B,B matches the printed cell on every field.,RESOLVED,B,8783ef3e2dc6cf061218360ff1c3db121d172543d661901b2d74131021935dc1
ed01ada4809e43a73b28,SRC457,6,PAIR_FF58E598DBAC395F9DD62A56,CONTEXT_CONFLICT,98,121,source_section|metric_name,ACCEPT_B,B matches the printed cell on every field.,RESOLVED,B,8783ef3e2dc6cf061218360ff1c3db121d172543d661901b2d74131021935dc1
e46d93c5e94011f6cad1,SRC457,6,PAIR_D3177100471973B02E58F158,CONTEXT_CONFLICT,99,122,source_section|metric_name,ACCEPT_B,B matches the printed cell on every field.,RESOLVED,B,8783ef3e2dc6cf061218360ff1c3db121d172543d661901b2d74131021935dc1
657406214e98986aec40,SRC457,6,PAIR_DF476ED38E70ACE004167036,CONTEXT_CONFLICT,100,123,source_section|metric_name,ACCEPT_B,B matches the printed cell on every field.,RESOLVED,B,8783ef3e2dc6cf061218360ff1c3db121d172543d661901b2d74131021935dc1
73a1c3537d14b238bdff,SRC457,6,PAIR_46742BD33AF1FBA4A75E9059,CONTEXT_CONFLICT,101,124,source_section|metric_name,ACCEPT_B,B matches the printed cell on every field.,RESOLVED,B,8783ef3e2dc6cf061218360ff1c3db121d172543d661901b2d74131021935dc1
be42e5efe7526ad0a89e,SRC457,6,PAIR_ADEA809E4118BDB67FB504F2,CONTEXT_CONFLICT,102,125,source_section|metric_name,ACCEPT_B,B matches the printed cell on every field.,RESOLVED,B,8783ef3e2dc6cf061218360ff1c3db121d172543d661901b2d74131021935dc1
72f3466e4ca7df7e6a28,SRC457,6,PAIR_118465B2EC7617760A121038,CONTEXT_CONFLICT,103,126,source_section|metric_name,ACCEPT_B,B matches the printed cell on every field.,RESOLVED,B,8783ef3e2dc6cf061218360ff1c3db121d172543d661901b2d74131021935dc1
924f9b3383e100d55a42,SRC457,6,PAIR_62C5C0FED32D6E2669BE997F,CONTEXT_CONFLICT,104,127,source_section|metric_name,ACCEPT_B,B matches the printed cell on every field.,RESOLVED,B,8783ef3e2dc6cf061218360ff1c3db121d172543d661901b2d74131021935dc1
6af0ef2cb9f6815c4f42,SRC457,6,PAIR_D7BBC89CCE6FCCF15EE65ABD,CONTEXT_CONFLICT,105,128,source_section|metric_name,ACCEPT_B,B matches the printed cell on every field.,RESOLVED,B,8783ef3e2dc6cf061218360ff1c3db121d172543d661901b2d74131021935dc1
5b12f9d3636f4ae4c511,SRC457,6,PAIR_D6790F4195D71E1366899C92,CONTEXT_CONFLICT,106,129,source_section|metric_name,ACCEPT_B,B matches the printed cell on every field.,RESOLVED,B,8783ef3e2dc6cf061218360ff1c3db121d172543d661901b2d74131021935dc1
e0e321fe03546b83602d,SRC457,6,PAIR_A7A8BD436B511EECA7D6B0B0,CONTEXT_CONFLICT,107,130,source_section|metric_name,ACCEPT_B,B matches the printed cell on every field.,RESOLVED,B,8783ef3e2dc6cf061218360ff1c3db121d172543d661901b2d74131021935dc1
4dda544b44c649384409,SRC457,6,PAIR_AD48DEF75B467FC2B388AC01,CONTEXT_CONFLICT,108,131,source_section|metric_name,ACCEPT_B,B matches the printed cell on every field.,RESOLVED,B,8783ef3e2dc6cf061218360ff1c3db121d172543d661901b2d74131021935dc1
2d009dcd69ecd69bd420,SRC457,6,PAIR_0AF573FB7913A6C27BB82AA8,CONTEXT_CONFLICT,109,132,source_section|metric_name,ACCEPT_B,B matches the printed cell on every field.,RESOLVED,B,8783ef3e2dc6cf061218360ff1c3db121d172543d661901b2d74131021935dc1
36a0617cba18b3a68ecd,SRC457,6,PAIR_521C12918E86AEFBDAEDC04D,CONTEXT_CONFLICT,110,133,source_section|metric_name,ACCEPT_B,B matches the printed cell on every field.,RESOLVED,B,8783ef3e2dc6cf061218360ff1c3db121d172543d661901b2d74131021935dc1
3e55f53de0ee10252581,SRC457,6,PAIR_EA3201AC7A3C131BC38AF5DF,CONTEXT_CONFLICT,111,134,source_section|metric_name,ACCEPT_B,B matches the printed cell on every field.,RESOLVED,B,8783ef3e2dc6cf061218360ff1c3db121d172543d661901b2d74131021935dc1
cf22e7935d3a94d85df9,SRC457,6,PAIR_1756225CD77550BFC23EC896,CONTEXT_CONFLICT,112,135,source_section|vintage_year|metric_name,ACCEPT_B,B matches the printed cell on every field.,RESOLVED,B,8783ef3e2dc6cf061218360ff1c3db121d172543d661901b2d74131021935dc1
7b00e0f3946a596919a2,SRC457,6,PAIR_DEBB406465CFED800A714F55,CONTEXT_CONFLICT,113,136,source_section|vintage_year|metric_name,ACCEPT_B,B matches the printed cell on every field.,RESOLVED,B,8783ef3e2dc6cf061218360ff1c3db121d172543d661901b2d74131021935dc1
90e3c28348eaa4b15527,SRC457,6,PAIR_27AC4E94B145629B1C23924E,CONTEXT_CONFLICT,114,137,source_section|vintage_year|metric_name,ACCEPT_B,B matches the printed cell on every field.,RESOLVED,B,8783ef3e2dc6cf061218360ff1c3db121d172543d661901b2d74131021935dc1
2bb905487675f6a10b12,SRC457,6,PAIR_1B7D6AE53B52C82F43C48E6F,CONTEXT_CONFLICT,115,138,source_section|vintage_year|metric_name,ACCEPT_B,B matches the printed cell on every field.,RESOLVED,B,8783ef3e2dc6cf061218360ff1c3db121d172543d661901b2d74131021935dc1
a9bf6d17ba17b30d8fe3,SRC457,6,PAIR_727D48C014004A16592D9898,CONTEXT_CONFLICT,116,139,source_section|vintage_year|metric_name,ACCEPT_B,B matches the printed cell on every field.,RESOLVED,B,8783ef3e2dc6cf061218360ff1c3db121d172543d661901b2d74131021935dc1
d12b11415332129ec4dd,SRC457,6,PAIR_F73C1FDD90083EEB1865D0E8,CONTEXT_CONFLICT,117,140,source_section|vintage_year|metric_name,ACCEPT_B,B matches the printed cell on every field.,RESOLVED,B,8783ef3e2dc6cf061218360ff1c3db121d172543d661901b2d74131021935dc1
c65f79e82b6cb15047d4,SRC457,6,PAIR_9F2B962561153B6396794857,CONTEXT_CONFLICT,118,141,source_section|vintage_year|metric_name,ACCEPT_B,B matches the printed cell on every field.,RESOLVED,B,8783ef3e2dc6cf061218360ff1c3db121d172543d661901b2d74131021935dc1
47742c6ae9b6a2d697b3,SRC457,6,PAIR_3F296A595B65CB8C15F22869,CONTEXT_CONFLICT,119,142,source_section|vintage_year|metric_name,ACCEPT_B,B matches the printed cell on every field.,RESOLVED,B,8783ef3e2dc6cf061218360ff1c3db121d172543d661901b2d74131021935dc1
e225525a5073dbbb1bca,SRC457,6,PAIR_1FBDB1BBED2A44F8E4E3BC4B,CONTEXT_CONFLICT,120,143,source_section|vintage_year|metric_name,ACCEPT_B,B matches the printed cell on every field.,RESOLVED,B,8783ef3e2dc6cf061218360ff1c3db121d172543d661901b2d74131021935dc1
4a8f7e9dbaa06750f6ff,SRC457,6,PAIR_29A56FCF1C3C9E9A0AC799E1,CONTEXT_CONFLICT,121,144,source_section|vintage_year|metric_name,ACCEPT_B,B matches the printed cell on every field.,RESOLVED,B,8783ef3e2dc6cf061218360ff1c3db121d172543d661901b2d74131021935dc1
472b24f50ea8bf5c5de1,SRC457,6,PAIR_C66E5CD045FAF4DAFE8609DB,CONTEXT_CONFLICT,122,145,source_section|vintage_year|metric_name,ACCEPT_B,B matches the printed cell on every field.,RESOLVED,B,8783ef3e2dc6cf061218360ff1c3db121d172543d661901b2d74131021935dc1
7ccc995fb59fccfe32d3,SRC457,6,PAIR_54C0B2F4617B5DF9FA9D2BCF,CONTEXT_CONFLICT,123,146,source_section|vintage_year|metric_name,ACCEPT_B,B matches the printed cell on every field.,RESOLVED,B,8783ef3e2dc6cf061218360ff1c3db121d172543d661901b2d74131021935dc1
d64d3bc6d7d5b266cbc9,SRC457,6,PAIR_21106157B46131FAD171F26B,CONTEXT_CONFLICT,124,147,source_section|vintage_year|metric_name,ACCEPT_B,B matches the printed cell on every field.,RESOLVED,B,8783ef3e2dc6cf061218360ff1c3db121d172543d661901b2d74131021935dc1
f32402ba8d307163768c,SRC457,6,PAIR_5EA5F00B9ACC83AAFCD98BAF,CONTEXT_CONFLICT,125,148,condition_raw,ACCEPT_B,Both lanes recorded the same wording; the lane carrying the context fields the page prints is the correct reading.,RESOLVED,B,8783ef3e2dc6cf061218360ff1c3db121d172543d661901b2d74131021935dc1
82252275876b1fdae4e1,SRC457,7,PAIR_F2AC461207276D4C880588C1,CONTEXT_CONFLICT,126,149,source_section|source_table|metric_name,ACCEPT_B,B matches the printed cell on every field.,RESOLVED,B,8783ef3e2dc6cf061218360ff1c3db121d172543d661901b2d74131021935dc1
ec3322da810b46669311,SRC457,7,PAIR_05C1592801EBF351B0FB4992,CONTEXT_CONFLICT,127,150,source_section|source_table|metric_name,ACCEPT_B,B matches the printed cell on every field.,RESOLVED,B,8783ef3e2dc6cf061218360ff1c3db121d172543d661901b2d74131021935dc1
74b42465716ceab53803,SRC457,7,PAIR_A3877F9AF9843E4ECFC5BA47,CONTEXT_CONFLICT,128,151,source_section|source_table|metric_name,ACCEPT_B,B matches the printed cell on every field.,RESOLVED,B,8783ef3e2dc6cf061218360ff1c3db121d172543d661901b2d74131021935dc1
8322a15d4ec5506799a0,SRC457,7,PAIR_9F4117AC675F6AD596523AFA,CONTEXT_CONFLICT,129,152,source_section|source_table|metric_name,ACCEPT_B,B matches the printed cell on every field.,RESOLVED,B,8783ef3e2dc6cf061218360ff1c3db121d172543d661901b2d74131021935dc1
ffea2bed47b782cbe266,SRC457,7,PAIR_F6CE7BDCA90B0D5A63652F01,CONTEXT_CONFLICT,130,153,source_section|source_table|metric_name,ACCEPT_B,B matches the printed cell on every field.,RESOLVED,B,8783ef3e2dc6cf061218360ff1c3db121d172543d661901b2d74131021935dc1
48f45a880be70547a0ef,SRC457,7,PAIR_4505CB597E0F61FDCAB939FC,CONTEXT_CONFLICT,131,154,source_section|source_table|metric_name|evidence_quote,ACCEPT_B,B matches the printed cell on every field.,RESOLVED,B,8783ef3e2dc6cf061218360ff1c3db121d172543d661901b2d74131021935dc1
ab9400a1a3681b541f9c,SRC457,7,PAIR_548E3407EC41665FCBED5890,CONTEXT_CONFLICT,132,155,source_section|source_table|metric_name,ACCEPT_B,B matches the printed cell on every field.,RESOLVED,B,8783ef3e2dc6cf061218360ff1c3db121d172543d661901b2d74131021935dc1
ff9901f3d8aad1c01fba,SRC457,7,PAIR_3807E06FC701D60F5CEEC0D1,CONTEXT_CONFLICT,133,156,source_section|source_table|metric_name,ACCEPT_B,B matches the printed cell on every field.,RESOLVED,B,8783ef3e2dc6cf061218360ff1c3db121d172543d661901b2d74131021935dc1
ffe2695ffa7a1ea2bec4,SRC457,7,PAIR_84CB7535EC7D2A974834583D,CONTEXT_CONFLICT,134,157,source_section|source_table|metric_name,ACCEPT_B,B matches the printed cell on every field.,RESOLVED,B,8783ef3e2dc6cf061218360ff1c3db121d172543d661901b2d74131021935dc1
3f7f9e35193300da6518,SRC457,7,PAIR_7C996A2470D098ACAC6C6EDC,CONTEXT_CONFLICT,135,158,source_section|source_table|metric_name,ACCEPT_B,B matches the printed cell on every field.,RESOLVED,B,8783ef3e2dc6cf061218360ff1c3db121d172543d661901b2d74131021935dc1
1112c56469ac0ce97827,SRC457,7,PAIR_90C0E943208ACBE999C3A434,CONTEXT_CONFLICT,136,159,source_section|source_table|metric_name,ACCEPT_B,B matches the printed cell on every field.,RESOLVED,B,8783ef3e2dc6cf061218360ff1c3db121d172543d661901b2d74131021935dc1
53e6f408b3a7ac3c68a8,SRC457,7,PAIR_AF7D1B067BCD185047E4B46D,CONTEXT_CONFLICT,137,160,source_section|source_table|metric_name,ACCEPT_B,B matches the printed cell on every field.,RESOLVED,B,8783ef3e2dc6cf061218360ff1c3db121d172543d661901b2d74131021935dc1
dc4512de0a139b2ccdaf,SRC457,7,PAIR_F00452398056D6C8E7F94CDF,CONTEXT_CONFLICT,138,161,source_section|source_table|metric_name,ACCEPT_B,B matches the printed cell on every field.,RESOLVED,B,8783ef3e2dc6cf061218360ff1c3db121d172543d661901b2d74131021935dc1
41dc5e1b3e510f53893c,SRC457,7,PAIR_8E3D02CC5F0883101317808A,CONTEXT_CONFLICT,139,162,source_section|source_table|metric_name,ACCEPT_B,B matches the printed cell on every field.,RESOLVED,B,8783ef3e2dc6cf061218360ff1c3db121d172543d661901b2d74131021935dc1
5945aa919000028668c8,SRC457,7,PAIR_A5207E5FBD9F86B616628EF8,CONTEXT_CONFLICT,140,163,source_section|source_table|metric_name,ACCEPT_B,B matches the printed cell on every field.,RESOLVED,B,8783ef3e2dc6cf061218360ff1c3db121d172543d661901b2d74131021935dc1
53e71512697d88d3c4d3,SRC457,7,PAIR_83DD9138863601CCD43740B1,CONTEXT_CONFLICT,141,164,source_section|source_table|metric_name,ACCEPT_B,B matches the printed cell on every field.,RESOLVED,B,8783ef3e2dc6cf061218360ff1c3db121d172543d661901b2d74131021935dc1
a9e57e99f9b779776886,SRC457,7,PAIR_3AE1189AD6D22EBA8B4855D4,CONTEXT_CONFLICT,142,165,source_section|source_table|metric_name,ACCEPT_B,B matches the printed cell on every field.,RESOLVED,B,8783ef3e2dc6cf061218360ff1c3db121d172543d661901b2d74131021935dc1
a9c3e50632c6518ceb59,SRC457,7,PAIR_46216FAAFD23296006F9C064,CONTEXT_CONFLICT,143,166,source_section|source_table|metric_name,ACCEPT_B,B matches the printed cell on every field.,RESOLVED,B,8783ef3e2dc6cf061218360ff1c3db121d172543d661901b2d74131021935dc1
7bb42076f8c49e749a6c,SRC457,7,PAIR_4C16FA3926914CE06F80CDDA,CONTEXT_CONFLICT,144,167,source_section|source_table|metric_name,ACCEPT_B,B matches the printed cell on every field.,RESOLVED,B,8783ef3e2dc6cf061218360ff1c3db121d172543d661901b2d74131021935dc1
fceb4e91da382d44d461,SRC457,7,PAIR_C3F0F125B56E667E3AC1C221,CONTEXT_CONFLICT,145,168,source_section|source_table|metric_name,ACCEPT_B,B matches the printed cell on every field.,RESOLVED,B,8783ef3e2dc6cf061218360ff1c3db121d172543d661901b2d74131021935dc1
f98cbb39d8634b58f336,SRC457,7,PAIR_A30446436CF00429EAE25E85,CONTEXT_CONFLICT,146,169,source_section|source_table|metric_name,ACCEPT_B,B matches the printed cell on every field.,RESOLVED,B,8783ef3e2dc6cf061218360ff1c3db121d172543d661901b2d74131021935dc1
6a84d69551feb03ad20b,SRC457,7,PAIR_F519571FEC0F4304BEB4D965,CONTEXT_CONFLICT,147,170,source_section|source_table|metric_name,ACCEPT_B,B matches the printed cell on every field.,RESOLVED,B,8783ef3e2dc6cf061218360ff1c3db121d172543d661901b2d74131021935dc1
574f42e547fecbe95253,SRC457,7,PAIR_22C3ACD7FA46EC60B38B921D,CONTEXT_CONFLICT,148,171,source_section|source_table|metric_name,ACCEPT_B,B matches the printed cell on every field.,RESOLVED,B,8783ef3e2dc6cf061218360ff1c3db121d172543d661901b2d74131021935dc1
ed6e111c867a43bf630e,SRC457,7,PAIR_93ED23F627758BB3B653F56C,CONTEXT_CONFLICT,149,172,source_section|source_table|vintage_year|metric_name,ACCEPT_B,B matches the printed cell on every field.,RESOLVED,B,8783ef3e2dc6cf061218360ff1c3db121d172543d661901b2d74131021935dc1
fa7372d6bcd0a3eb08c9,SRC457,7,PAIR_FD2B26C10DC64CBE23DC32DE,CONTEXT_CONFLICT,150,173,source_section|source_table|vintage_year|metric_name,ACCEPT_B,B matches the printed cell on every field.,RESOLVED,B,8783ef3e2dc6cf061218360ff1c3db121d172543d661901b2d74131021935dc1
c19d0f6ba6eeb0e015c1,SRC457,7,PAIR_A1DE321C17F6C9A2CFB28B9D,CONTEXT_CONFLICT,151,174,source_section|source_table|vintage_year|metric_name,ACCEPT_B,B matches the printed cell on every field.,RESOLVED,B,8783ef3e2dc6cf061218360ff1c3db121d172543d661901b2d74131021935dc1
6ffcca52d87be99b1008,SRC457,7,PAIR_00CA1813488792C9FBEDB628,CONTEXT_CONFLICT,152,175,source_section|source_table|vintage_year|metric_name,ACCEPT_B,B matches the printed cell on every field.,RESOLVED,B,8783ef3e2dc6cf061218360ff1c3db121d172543d661901b2d74131021935dc1
1eaf9aa55eabce4a31bd,SRC457,7,PAIR_E7DAEB9BA3587FB487AE5BFF,CONTEXT_CONFLICT,153,176,source_section|source_table|vintage_year|metric_name,ACCEPT_B,B matches the printed cell on every field.,RESOLVED,B,8783ef3e2dc6cf061218360ff1c3db121d172543d661901b2d74131021935dc1
c3a2bccb80e57e8722d4,SRC457,7,PAIR_F887BBA5FC5B020E1EC06D3E,CONTEXT_CONFLICT,154,177,source_section|source_table|vintage_year|metric_name,ACCEPT_B,B matches the printed cell on every field.,RESOLVED,B,8783ef3e2dc6cf061218360ff1c3db121d172543d661901b2d74131021935dc1
11845009ba06b23d4ede,SRC457,7,PAIR_1F073AD8571020D4DB6D3347,CONTEXT_CONFLICT,155,178,source_section|source_table|vintage_year|metric_name,ACCEPT_B,B matches the printed cell on every field.,RESOLVED,B,8783ef3e2dc6cf061218360ff1c3db121d172543d661901b2d74131021935dc1
d14f986100e4f06ad213,SRC457,7,PAIR_36B500105499D5F8D8510B08,CONTEXT_CONFLICT,156,179,source_section|source_table|vintage_year|metric_name,ACCEPT_B,B matches the printed cell on every field.,RESOLVED,B,8783ef3e2dc6cf061218360ff1c3db121d172543d661901b2d74131021935dc1
0bb7ec74f3d8a178664c,SRC457,7,PAIR_C6F0DFB62D375293401B82E2,CONTEXT_CONFLICT,157,180,source_section|source_table|vintage_year|metric_name,ACCEPT_B,B matches the printed cell on every field.,RESOLVED,B,8783ef3e2dc6cf061218360ff1c3db121d172543d661901b2d74131021935dc1
1c6c3badd4fcccccb8cf,SRC457,7,PAIR_139D65DE538FD42E74AA35B6,CONTEXT_CONFLICT,158,181,source_section|source_table|vintage_year|metric_name,ACCEPT_B,B matches the printed cell on every field.,RESOLVED,B,8783ef3e2dc6cf061218360ff1c3db121d172543d661901b2d74131021935dc1
d8dc8e4993c777a07e45,SRC457,7,PAIR_E5EAE96D8255DD26C080997E,CONTEXT_CONFLICT,159,182,source_section|source_table|vintage_year|metric_name,ACCEPT_B,B matches the printed cell on every field.,RESOLVED,B,8783ef3e2dc6cf061218360ff1c3db121d172543d661901b2d74131021935dc1
122a882e5685d52bca27,SRC457,7,PAIR_086864E144879698D7166DD7,CONTEXT_CONFLICT,160,183,source_section|source_table|vintage_year|metric_name,ACCEPT_B,B matches the printed cell on every field.,RESOLVED,B,8783ef3e2dc6cf061218360ff1c3db121d172543d661901b2d74131021935dc1
bae97683b8775b318a8f,SRC457,7,PAIR_6B52C3372F1702FC682A69CC,CONTEXT_CONFLICT,161,184,source_section|source_table|vintage_year|metric_name,ACCEPT_B,B matches the printed cell on every field.,RESOLVED,B,8783ef3e2dc6cf061218360ff1c3db121d172543d661901b2d74131021935dc1
8334258a6655a8fb45b9,SRC457,7,PAIR_DE4B5FA70241295360806425,CONTEXT_CONFLICT,162,185,condition_raw,ACCEPT_B,Both lanes recorded the same wording; the lane carrying the context fields the page prints is the correct reading.,RESOLVED,B,8783ef3e2dc6cf061218360ff1c3db121d172543d661901b2d74131021935dc1
f65e4d38d832269973c3,SRC457,7,PAIR_1F1A67F78B7AD84EFC0EC7A5,CONTEXT_CONFLICT,163,186,source_table|condition_raw,ACCEPT_B,Both lanes recorded the same wording; the lane carrying the context fields the page prints is the correct reading.,RESOLVED,B,8783ef3e2dc6cf061218360ff1c3db121d172543d661901b2d74131021935dc1
fd20cfc010335fb35c0b,SRC457,8,PAIR_E6B1519746EB4FAE082858EA,CONTEXT_CONFLICT,164,187,source_section|source_table|metric_name,ACCEPT_B,B matches the printed cell on every field.,RESOLVED,B,8783ef3e2dc6cf061218360ff1c3db121d172543d661901b2d74131021935dc1
eac507da013e03b97e72,SRC457,8,PAIR_01FE1C6B18090619EBBDD33D,CONTEXT_CONFLICT,165,188,source_section|source_table|metric_name,ACCEPT_B,B matches the printed cell on every field.,RESOLVED,B,8783ef3e2dc6cf061218360ff1c3db121d172543d661901b2d74131021935dc1
af169cafa813517eb931,SRC457,8,PAIR_7713A55DAFF5D2EDE040BB9C,CONTEXT_CONFLICT,166,189,source_section|source_table|metric_name,ACCEPT_B,B matches the printed cell on every field.,RESOLVED,B,8783ef3e2dc6cf061218360ff1c3db121d172543d661901b2d74131021935dc1
1c13bd8422506304cca9,SRC457,8,PAIR_CE477960273364CB95F8BF51,CONTEXT_CONFLICT,167,190,source_section|source_table|metric_name,ACCEPT_B,B matches the printed cell on every field.,RESOLVED,B,8783ef3e2dc6cf061218360ff1c3db121d172543d661901b2d74131021935dc1
6b5f2f8eea9e6ea719f0,SRC457,8,PAIR_67ADE8A4EEC958846AEB6976,CONTEXT_CONFLICT,168,191,source_section|source_table|metric_name,ACCEPT_B,B matches the printed cell on every field.,RESOLVED,B,8783ef3e2dc6cf061218360ff1c3db121d172543d661901b2d74131021935dc1
2d86be759a802f7fa7d8,SRC457,8,PAIR_6EC9DFD8916C0353B862F218,CONTEXT_CONFLICT,169,192,source_section|source_table|metric_name|evidence_quote,ACCEPT_B,B matches the printed cell on every field.,RESOLVED,B,8783ef3e2dc6cf061218360ff1c3db121d172543d661901b2d74131021935dc1
1dbe2a2ff3f1666d05c1,SRC457,8,PAIR_B87B366913BF7266A6CB6BAC,CONTEXT_CONFLICT,170,193,source_section|source_table|metric_name|evidence_quote,ACCEPT_B,B matches the printed cell on every field.,RESOLVED,B,8783ef3e2dc6cf061218360ff1c3db121d172543d661901b2d74131021935dc1
760ba6a9741535f510b9,SRC457,8,PAIR_73760CAFDF9D7499B1644BBD,CONTEXT_CONFLICT,171,194,source_section|source_table|metric_name,ACCEPT_B,B matches the printed cell on every field.,RESOLVED,B,8783ef3e2dc6cf061218360ff1c3db121d172543d661901b2d74131021935dc1
83fb27bf159e175c6d2d,SRC457,8,PAIR_4B9E7194AA0A90D81176C94B,CONTEXT_CONFLICT,172,195,source_section|source_table|metric_name|evidence_quote,ACCEPT_B,B matches the printed cell on every field.,RESOLVED,B,8783ef3e2dc6cf061218360ff1c3db121d172543d661901b2d74131021935dc1
8f93699938f4fc0c9ee0,SRC457,8,PAIR_4FEE432CBBCF173815FD82C7,CONTEXT_CONFLICT,173,196,source_section|source_table|metric_name|evidence_quote,ACCEPT_B,B matches the printed cell on every field.,RESOLVED,B,8783ef3e2dc6cf061218360ff1c3db121d172543d661901b2d74131021935dc1
c1a3c152b20cda6a28ca,SRC457,8,PAIR_81097A9105C2B0B1AA1CFCAC,CONTEXT_CONFLICT,174,197,source_section|source_table|metric_name|evidence_quote,ACCEPT_B,B matches the printed cell on every field.,RESOLVED,B,8783ef3e2dc6cf061218360ff1c3db121d172543d661901b2d74131021935dc1
44080ae001321ee3f5e1,SRC457,8,PAIR_15F9C09A7BAFF92FE094F62C,CONTEXT_CONFLICT,175,198,source_section|source_table|metric_name|evidence_quote,ACCEPT_B,B matches the printed cell on every field.,RESOLVED,B,8783ef3e2dc6cf061218360ff1c3db121d172543d661901b2d74131021935dc1
ba9862eb94f0ab115f1e,SRC457,8,PAIR_D370768483CD604EED4BFC08,CONTEXT_CONFLICT,176,199,source_section|source_table|metric_name|evidence_quote,ACCEPT_B,B matches the printed cell on every field.,RESOLVED,B,8783ef3e2dc6cf061218360ff1c3db121d172543d661901b2d74131021935dc1
f1b7cb2f837c8ca81328,SRC457,8,PAIR_344E5277ABF184319E786B2F,CONTEXT_CONFLICT,177,200,source_section|source_table|metric_name,ACCEPT_B,B matches the printed cell on every field.,RESOLVED,B,8783ef3e2dc6cf061218360ff1c3db121d172543d661901b2d74131021935dc1
1a3b5afdbdcf1bfd67ec,SRC457,8,PAIR_3ABE28240DFF6C6AEBF8A5C1,CONTEXT_CONFLICT,178,201,source_section|source_table|metric_name,ACCEPT_B,B matches the printed cell on every field.,RESOLVED,B,8783ef3e2dc6cf061218360ff1c3db121d172543d661901b2d74131021935dc1
a12f1ff4e4b6d357dade,SRC457,8,PAIR_11F57C3957D228B2DE29BE50,CONTEXT_CONFLICT,179,202,source_section|source_table|metric_name,ACCEPT_B,B matches the printed cell on every field.,RESOLVED,B,8783ef3e2dc6cf061218360ff1c3db121d172543d661901b2d74131021935dc1
0b5f86a59f5527ae2e60,SRC457,8,PAIR_C3A38289E36F9FC7AF4C6475,CONTEXT_CONFLICT,180,203,source_section|source_table|metric_name,ACCEPT_B,B matches the printed cell on every field.,RESOLVED,B,8783ef3e2dc6cf061218360ff1c3db121d172543d661901b2d74131021935dc1
659f8410be4adb6d6775,SRC457,8,PAIR_C9733BA9F1E9DBBAAC46B884,CONTEXT_CONFLICT,181,204,source_section|source_table|metric_name,ACCEPT_B,B matches the printed cell on every field.,RESOLVED,B,8783ef3e2dc6cf061218360ff1c3db121d172543d661901b2d74131021935dc1
c61a84dd55034a1af8a4,SRC457,8,PAIR_E201F83AAE7E34DB1C488EAB,CONTEXT_CONFLICT,182,205,source_section|source_table|metric_name,ACCEPT_B,B matches the printed cell on every field.,RESOLVED,B,8783ef3e2dc6cf061218360ff1c3db121d172543d661901b2d74131021935dc1
981aee1e24a2b5c100fc,SRC457,8,PAIR_3DDEC084F64EDF13375FA6B5,CONTEXT_CONFLICT,183,206,source_section|source_table|metric_name,ACCEPT_B,B matches the printed cell on every field.,RESOLVED,B,8783ef3e2dc6cf061218360ff1c3db121d172543d661901b2d74131021935dc1
70c85db53d6e49c8802e,SRC457,8,PAIR_A087A0E6202A47085219CF64,CONTEXT_CONFLICT,184,207,source_section|source_table|vintage_year|metric_name,ACCEPT_B,B matches the printed cell on every field.,RESOLVED,B,8783ef3e2dc6cf061218360ff1c3db121d172543d661901b2d74131021935dc1
7678c905f6e33ab29b13,SRC457,8,PAIR_E211B86247BC58DD49ED00D0,CONTEXT_CONFLICT,185,208,source_section|source_table|vintage_year|metric_name,ACCEPT_B,B matches the printed cell on every field.,RESOLVED,B,8783ef3e2dc6cf061218360ff1c3db121d172543d661901b2d74131021935dc1
e4c738e1bcc9354a051d,SRC457,8,PAIR_ECF22B637630AB33493D7B2A,CONTEXT_CONFLICT,186,209,source_section|source_table|vintage_year|metric_name,ACCEPT_B,B matches the printed cell on every field.,RESOLVED,B,8783ef3e2dc6cf061218360ff1c3db121d172543d661901b2d74131021935dc1
05494a767f30f73b06ef,SRC457,8,PAIR_D40385C74CA2C47C2169527F,CONTEXT_CONFLICT,187,210,source_section|source_table|vintage_year|metric_name,ACCEPT_B,B matches the printed cell on every field.,RESOLVED,B,8783ef3e2dc6cf061218360ff1c3db121d172543d661901b2d74131021935dc1
a2463ef0592b24f7239b,SRC457,8,PAIR_7313396DF72B32DD01568B44,CONTEXT_CONFLICT,188,211,source_section|source_table|vintage_year|metric_name,ACCEPT_B,B matches the printed cell on every field.,RESOLVED,B,8783ef3e2dc6cf061218360ff1c3db121d172543d661901b2d74131021935dc1
0280440e60347b876a7e,SRC457,8,PAIR_4E6CE3C3715C0B387C1A39BE,CONTEXT_CONFLICT,189,212,source_section|source_table|vintage_year|metric_name,ACCEPT_B,B matches the printed cell on every field.,RESOLVED,B,8783ef3e2dc6cf061218360ff1c3db121d172543d661901b2d74131021935dc1
000940c8639da674c3c5,SRC457,8,PAIR_238459EFF5684DF51B15D7F4,CONTEXT_CONFLICT,190,213,source_section|source_table|vintage_year|metric_name,ACCEPT_B,B matches the printed cell on every field.,RESOLVED,B,8783ef3e2dc6cf061218360ff1c3db121d172543d661901b2d74131021935dc1
135527fb9e5700cd3fe2,SRC457,8,PAIR_E8A0621BDCC4CB5234D8A512,CONTEXT_CONFLICT,191,214,source_section|source_table|vintage_year|metric_name,ACCEPT_B,B matches the printed cell on every field.,RESOLVED,B,8783ef3e2dc6cf061218360ff1c3db121d172543d661901b2d74131021935dc1
836add669d2194080cf8,SRC457,8,PAIR_50F477772836B8779AF013A1,CONTEXT_CONFLICT,192,215,source_section|source_table|vintage_year|metric_name,ACCEPT_B,B matches the printed cell on every field.,RESOLVED,B,8783ef3e2dc6cf061218360ff1c3db121d172543d661901b2d74131021935dc1
8092b303f56b6a7b9d4d,SRC457,8,PAIR_D041946B0667059B105358E3,CONTEXT_CONFLICT,193,216,source_section|source_table|vintage_year|metric_name,ACCEPT_B,B matches the printed cell on every field.,RESOLVED,B,8783ef3e2dc6cf061218360ff1c3db121d172543d661901b2d74131021935dc1
b6440769713a54f02584,SRC457,8,PAIR_C1B7A6FA041239CF14E6143A,CONTEXT_CONFLICT,194,217,condition_raw,ACCEPT_B,Both lanes recorded the same wording; the lane carrying the context fields the page prints is the correct reading.,RESOLVED,B,8783ef3e2dc6cf061218360ff1c3db121d172543d661901b2d74131021935dc1
ee89c159667e45a6fd14,SRC457,8,PAIR_A1E4F73350884ED8EDF48923,CONTEXT_CONFLICT,195,218,source_table|condition_raw,ACCEPT_B,Both lanes recorded the same wording; the lane carrying the context fields the page prints is the correct reading.,RESOLVED,B,8783ef3e2dc6cf061218360ff1c3db121d172543d661901b2d74131021935dc1
6617edf8cb10f40f9d46,SRC457,9,PAIR_0E9F25AA49F8D7410BDFBE09,CONTEXT_CONFLICT,196,219,condition_raw,ACCEPT_B,Both lanes recorded the same wording; the lane carrying the context fields the page prints is the correct reading.,RESOLVED,B,8783ef3e2dc6cf061218360ff1c3db121d172543d661901b2d74131021935dc1
d346958c9510fb7e5f1c,SRC457,9,PAIR_BC6E3582DC8E418AA0008D60,CONTEXT_CONFLICT,197,220,condition_raw,ACCEPT_B,Both lanes recorded the same wording; the lane carrying the context fields the page prints is the correct reading.,RESOLVED,B,8783ef3e2dc6cf061218360ff1c3db121d172543d661901b2d74131021935dc1
7070342f54cffc552046,SRC457,9,PAIR_7AB5F5852F2B4F6EA58E49EE,CONTEXT_CONFLICT,198,221,condition_raw,ACCEPT_B,Both lanes recorded the same wording; the lane carrying the context fields the page prints is the correct reading.,RESOLVED,B,8783ef3e2dc6cf061218360ff1c3db121d172543d661901b2d74131021935dc1
52bdf9345f38ccb2404d,SRC457,9,PAIR_54236D824B727BC05AFC8617,CONTEXT_CONFLICT,199,222,condition_raw,ACCEPT_B,Both lanes recorded the same wording; the lane carrying the context fields the page prints is the correct reading.,RESOLVED,B,8783ef3e2dc6cf061218360ff1c3db121d172543d661901b2d74131021935dc1
beec2e4b1c1f8ad4e333,SRC457,9,PAIR_31672C5030E04E52F42CF014,B_ONLY,,223,,MERGE,"subject_type classifies what subject_name names: a named vehicle ('... , L.P.', an SMA, an LLC) is fund; a total or subtotal line is the owner's aggregate, so portfolio; an index is benchmark. A whole schedule typed investment means the label was not read. evidence_quote takes the full printed line over the bare value: the line proves this number, the bare digits prove only that they occur somewhere on the page.",RESOLVED,B+ADJUDICATOR,8783ef3e2dc6cf061218360ff1c3db121d172543d661901b2d74131021935dc1
5c9ccfab81a24d34e4f9,SRC457,9,PAIR_62EA71ACE70C029E99C272D2,B_ONLY,,224,,MERGE,"subject_type classifies what subject_name names: a named vehicle ('... , L.P.', an SMA, an LLC) is fund; a total or subtotal line is the owner's aggregate, so portfolio; an index is benchmark. A whole schedule typed investment means the label was not read. PIC is paid_in_capital, never moic: the disambiguation table names the printed label PIC explicitly. The page prints it under a Multiples banner, which is why one lane typed it a multiple. evidence_quote takes the full printed line over the bare value: the line proves this number, the bare digits prove only that they occur somewhere on the page. Definition backfill: both lanes read the same qualifiers off this cell. Definition backfill: both lanes read the same qualifiers off this cell.; the PIC column sits in the multiples block beside TVPI, RVPI, and DPI and its footnote states that PIC multiples may exceed 1.00 due to recycling, so the printed value is a multiple of commitment rather than an amount",RESOLVED,B+ADJUDICATOR,8783ef3e2dc6cf061218360ff1c3db121d172543d661901b2d74131021935dc1
f0ac231c6d1271bdc32b,SRC457,9,PAIR_8A9A744C0C429903213F1054,VALUE_CONFLICT,200,225,record_family|source_section|asset_class|strategy|metric_name|metric_value_raw|evidence_quote,MERGE,"subject_type classifies what subject_name names: a named vehicle ('... , L.P.', an SMA, an LLC) is fund; a total or subtotal line is the owner's aggregate, so portfolio; an index is benchmark. A whole schedule typed investment means the label was not read. metric_name: rows are entities and columns are periods, so the metric is the measure the table itself names in its printed wording, 'Net Time Weighted Returns' — never the period (which is the horizon) and never a singularised trim of the banner. evidence_quote takes the full printed line over the bare value: the line proves this number, the bare digits prove only that they occur somewhere on the page. Definition backfill: both lanes read the same qualifiers off this cell. Definition backfill: both lanes read the same qualifiers off this cell.",RESOLVED,A+B+ADJUDICATOR,8783ef3e2dc6cf061218360ff1c3db121d172543d661901b2d74131021935dc1
61a6b0c4b5520d096847,SRC457,9,PAIR_0EDA1CA403C549598BF0018B,B_ONLY,,226,,MERGE,"subject_type classifies what subject_name names: a named vehicle ('... , L.P.', an SMA, an LLC) is fund; a total or subtotal line is the owner's aggregate, so portfolio; an index is benchmark. A whole schedule typed investment means the label was not read. evidence_quote takes the full printed line over the bare value: the line proves this number, the bare digits prove only that they occur somewhere on the page.",RESOLVED,B+ADJUDICATOR,8783ef3e2dc6cf061218360ff1c3db121d172543d661901b2d74131021935dc1
29ad5f873afa845b4bdb,SRC457,9,PAIR_B29F2F28748D325FF8833AEF,VALUE_CONFLICT,201,227,record_family|source_section|asset_class|strategy|period_start|metric_name|metric_value_raw|evidence_quote,MERGE,"subject_type classifies what subject_name names: a named vehicle ('... , L.P.', an SMA, an LLC) is fund; a total or subtotal line is the owner's aggregate, so portfolio; an index is benchmark. A whole schedule typed investment means the label was not read. metric_name: rows are entities and columns are periods, so the metric is the measure the table itself names in its printed wording, 'Net Time Weighted Returns' — never the period (which is the horizon) and never a singularised trim of the banner. evidence_quote takes the full printed line over the bare value: the line proves this number, the bare digits prove only that they occur somewhere on the page. Definition backfill: both lanes read the same qualifiers off this cell. Definition backfill: both lanes read the same qualifiers off this cell.",RESOLVED,A+B+ADJUDICATOR,8783ef3e2dc6cf061218360ff1c3db121d172543d661901b2d74131021935dc1
06800cf58a62378af7c4,SRC457,9,PAIR_2A2CF671941E816BEC916946,CLASSIFICATION_CONFLICT,202,228,record_family|source_section|asset_class|strategy|period_start|metric_name|evidence_quote,MERGE,"subject_type classifies what subject_name names: a named vehicle ('... , L.P.', an SMA, an LLC) is fund; a total or subtotal line is the owner's aggregate, so portfolio; an index is benchmark. A whole schedule typed investment means the label was not read. metric_name: rows are entities and columns are periods, so the metric is the measure the table itself names in its printed wording, 'Net Time Weighted Returns' — never the period (which is the horizon) and never a singularised trim of the banner. evidence_quote takes the full printed line over the bare value: the line proves this number, the bare digits prove only that they occur somewhere on the page. Definition backfill: both lanes read the same qualifiers off this cell. Definition backfill: both lanes read the same qualifiers off this cell.",RESOLVED,A+B+ADJUDICATOR,8783ef3e2dc6cf061218360ff1c3db121d172543d661901b2d74131021935dc1
7923ab361193c7d3ee9a,SRC457,9,PAIR_0B615EBD6850EB3987B0253A,CLASSIFICATION_CONFLICT,203,229,record_family|source_section|asset_class|strategy|period_start|metric_name|evidence_quote,MERGE,"subject_type classifies what subject_name names: a named vehicle ('... , L.P.', an SMA, an LLC) is fund; a total or subtotal line is the owner's aggregate, so portfolio; an index is benchmark. A whole schedule typed investment means the label was not read. metric_name: rows are entities and columns are periods, so the metric is the measure the table itself names in its printed wording, 'Net Time Weighted Returns' — never the period (which is the horizon) and never a singularised trim of the banner. evidence_quote takes the full printed line over the bare value: the line proves this number, the bare digits prove only that they occur somewhere on the page. Definition backfill: both lanes read the same qualifiers off this cell. Definition backfill: both lanes read the same qualifiers off this cell.",RESOLVED,A+B+ADJUDICATOR,8783ef3e2dc6cf061218360ff1c3db121d172543d661901b2d74131021935dc1
18d881dafe4570235620,SRC457,9,PAIR_385DC4ED2D0FDBDC50505497,CLASSIFICATION_CONFLICT,204,230,record_family|source_section|asset_class|strategy|period_start|metric_name|evidence_quote,MERGE,"subject_type classifies what subject_name names: a named vehicle ('... , L.P.', an SMA, an LLC) is fund; a total or subtotal line is the owner's aggregate, so portfolio; an index is benchmark. A whole schedule typed investment means the label was not read. metric_name: rows are entities and columns are periods, so the metric is the measure the table itself names in its printed wording, 'Net Time Weighted Returns' — never the period (which is the horizon) and never a singularised trim of the banner. evidence_quote takes the full printed line over the bare value: the line proves this number, the bare digits prove only that they occur somewhere on the page. Definition backfill: both lanes read the same qualifiers off this cell. Definition backfill: both lanes read the same qualifiers off this cell.",RESOLVED,A+B+ADJUDICATOR,8783ef3e2dc6cf061218360ff1c3db121d172543d661901b2d74131021935dc1
e29f33c6727bed91cb21,SRC457,9,PAIR_3A97178F295138CEC95308A7,B_ONLY,,231,,MERGE,"subject_type classifies what subject_name names: a named vehicle ('... , L.P.', an SMA, an LLC) is fund; a total or subtotal line is the owner's aggregate, so portfolio; an index is benchmark. A whole schedule typed investment means the label was not read. evidence_quote takes the full printed line over the bare value: the line proves this number, the bare digits prove only that they occur somewhere on the page.",RESOLVED,B+ADJUDICATOR,8783ef3e2dc6cf061218360ff1c3db121d172543d661901b2d74131021935dc1
0ac4d84be1a41f3dc0c5,SRC457,9,PAIR_1BFF9F136E563D70F2C16305,CLASSIFICATION_CONFLICT,205,232,record_family|source_section|asset_class|strategy|period_start|unit|evidence_quote,MERGE,"subject_type classifies what subject_name names: a named vehicle ('... , L.P.', an SMA, an LLC) is fund; a total or subtotal line is the owner's aggregate, so portfolio; an index is benchmark. A whole schedule typed investment means the label was not read. evidence_quote takes the full printed line over the bare value: the line proves this number, the bare digits prove only that they occur somewhere on the page. Definition backfill: both lanes read the same qualifiers off this cell. Definition backfill: both lanes read the same qualifiers off this cell.",RESOLVED,A+B+ADJUDICATOR,8783ef3e2dc6cf061218360ff1c3db121d172543d661901b2d74131021935dc1
2176593da5a97afbd334,SRC457,9,PAIR_2C2AC537A73BC6D1584D96D1,CLASSIFICATION_CONFLICT,206,233,record_family|source_section|source_column_label|asset_class|strategy|period_start|currency_scale|metric_category|evidence_quote,MERGE,"subject_type classifies what subject_name names: a named vehicle ('... , L.P.', an SMA, an LLC) is fund; a total or subtotal line is the owner's aggregate, so portfolio; an index is benchmark. A whole schedule typed investment means the label was not read. evidence_quote takes the full printed line over the bare value: the line proves this number, the bare digits prove only that they occur somewhere on the page. Definition backfill: both lanes read the same qualifiers off this cell. Definition backfill: both lanes read the same qualifiers off this cell.",RESOLVED,A+B+ADJUDICATOR,8783ef3e2dc6cf061218360ff1c3db121d172543d661901b2d74131021935dc1
55d4ef6ee982ee35d7b6,SRC457,9,PAIR_80C7A824EA6D7C49194C40E5,B_ONLY,,234,,MERGE,"subject_type classifies what subject_name names: a named vehicle ('... , L.P.', an SMA, an LLC) is fund; a total or subtotal line is the owner's aggregate, so portfolio; an index is benchmark. A whole schedule typed investment means the label was not read. PIC is paid_in_capital, never moic: the disambiguation table names the printed label PIC explicitly. The page prints it under a Multiples banner, which is why one lane typed it a multiple. evidence_quote takes the full printed line over the bare value: the line proves this number, the bare digits prove only that they occur somewhere on the page. Definition backfill: both lanes read the same qualifiers off this cell. Definition backfill: both lanes read the same qualifiers off this cell.; the PIC column sits in the multiples block beside TVPI, RVPI, and DPI and its footnote states that PIC multiples may exceed 1.00 due to recycling, so the printed value is a multiple of commitment rather than an amount",RESOLVED,B+ADJUDICATOR,8783ef3e2dc6cf061218360ff1c3db121d172543d661901b2d74131021935dc1
f7618b52525aec316679,SRC457,9,PAIR_F18F962B396A416E94F56DB9,CLASSIFICATION_CONFLICT,207,235,record_family|source_section|asset_class|strategy|period_start|metric_name|evidence_quote,MERGE,"subject_type classifies what subject_name names: a named vehicle ('... , L.P.', an SMA, an LLC) is fund; a total or subtotal line is the owner's aggregate, so portfolio; an index is benchmark. A whole schedule typed investment means the label was not read. metric_name: rows are entities and columns are periods, so the metric is the measure the table itself names in its printed wording, 'Net Time Weighted Returns' — never the period (which is the horizon) and never a singularised trim of the banner. evidence_quote takes the full printed line over the bare value: the line proves this number, the bare digits prove only that they occur somewhere on the page. Definition backfill: both lanes read the same qualifiers off this cell. Definition backfill: both lanes read the same qualifiers off this cell.",RESOLVED,A+B+ADJUDICATOR,8783ef3e2dc6cf061218360ff1c3db121d172543d661901b2d74131021935dc1
9c83916f309b6642eeda,SRC457,9,PAIR_92DF60A863C4DA39210A07E5,CLASSIFICATION_CONFLICT,208,236,record_family|source_section|asset_class|strategy|period_start|unit|evidence_quote,MERGE,"subject_type classifies what subject_name names: a named vehicle ('... , L.P.', an SMA, an LLC) is fund; a total or subtotal line is the owner's aggregate, so portfolio; an index is benchmark. A whole schedule typed investment means the label was not read. evidence_quote takes the full printed line over the bare value: the line proves this number, the bare digits prove only that they occur somewhere on the page. Definition backfill: both lanes read the same qualifiers off this cell. Definition backfill: both lanes read the same qualifiers off this cell.",RESOLVED,A+B+ADJUDICATOR,8783ef3e2dc6cf061218360ff1c3db121d172543d661901b2d74131021935dc1
81429c9cd076fe787b41,SRC457,9,PAIR_8E6F3180AB640A8BB9D9CE61,CLASSIFICATION_CONFLICT,210,237,record_family|source_section|source_column_label|asset_class|strategy|period_start|metric_name|evidence_quote,MERGE,"subject_type classifies what subject_name names: a named vehicle ('... , L.P.', an SMA, an LLC) is fund; a total or subtotal line is the owner's aggregate, so portfolio; an index is benchmark. A whole schedule typed investment means the label was not read. evidence_quote takes the full printed line over the bare value: the line proves this number, the bare digits prove only that they occur somewhere on the page. Definition backfill: both lanes read the same qualifiers off this cell. Definition backfill: both lanes read the same qualifiers off this cell.",RESOLVED,A+B+ADJUDICATOR,8783ef3e2dc6cf061218360ff1c3db121d172543d661901b2d74131021935dc1
41748d31e9ab94ef90c2,SRC457,9,PAIR_062EEF5AA40316232E1144E5,CLASSIFICATION_CONFLICT,209,238,record_family|source_section|asset_class|strategy|period_start|metric_name|evidence_quote,MERGE,"subject_type classifies what subject_name names: a named vehicle ('... , L.P.', an SMA, an LLC) is fund; a total or subtotal line is the owner's aggregate, so portfolio; an index is benchmark. A whole schedule typed investment means the label was not read. metric_name: rows are entities and columns are periods, so the metric is the measure the table itself names in its printed wording, 'Net Time Weighted Returns' — never the period (which is the horizon) and never a singularised trim of the banner. evidence_quote takes the full printed line over the bare value: the line proves this number, the bare digits prove only that they occur somewhere on the page. Definition backfill: both lanes read the same qualifiers off this cell. Definition backfill: both lanes read the same qualifiers off this cell.",RESOLVED,A+B+ADJUDICATOR,8783ef3e2dc6cf061218360ff1c3db121d172543d661901b2d74131021935dc1
46d39cbc5ce145240d4f,SRC457,9,PAIR_9630D5A9B0516BCBB8529254,CLASSIFICATION_CONFLICT,211,239,record_family|source_section|asset_class|strategy|period_start|unit|evidence_quote,MERGE,"subject_type classifies what subject_name names: a named vehicle ('... , L.P.', an SMA, an LLC) is fund; a total or subtotal line is the owner's aggregate, so portfolio; an index is benchmark. A whole schedule typed investment means the label was not read. evidence_quote takes the full printed line over the bare value: the line proves this number, the bare digits prove only that they occur somewhere on the page. Definition backfill: both lanes read the same qualifiers off this cell. Definition backfill: both lanes read the same qualifiers off this cell.",RESOLVED,A+B+ADJUDICATOR,8783ef3e2dc6cf061218360ff1c3db121d172543d661901b2d74131021935dc1
657ad1ae03af8be4ab3d,SRC457,9,PAIR_34F76F7A413451238A0CAC1D,B_ONLY,,240,,MERGE,"subject_type classifies what subject_name names: a named vehicle ('... , L.P.', an SMA, an LLC) is fund; a total or subtotal line is the owner's aggregate, so portfolio; an index is benchmark. A whole schedule typed investment means the label was not read. evidence_quote takes the full printed line over the bare value: the line proves this number, the bare digits prove only that they occur somewhere on the page.",RESOLVED,B+ADJUDICATOR,8783ef3e2dc6cf061218360ff1c3db121d172543d661901b2d74131021935dc1
db0b690f019268fd5359,SRC457,9,PAIR_6270CB784D0451F1522BE23B,CLASSIFICATION_CONFLICT,212,241,record_family|source_section|asset_class|strategy|period_start|metric_name|evidence_quote,MERGE,"subject_type classifies what subject_name names: a named vehicle ('... , L.P.', an SMA, an LLC) is fund; a total or subtotal line is the owner's aggregate, so portfolio; an index is benchmark. A whole schedule typed investment means the label was not read. metric_name: rows are entities and columns are periods, so the metric is the measure the table itself names in its printed wording, 'Net Time Weighted Returns' — never the period (which is the horizon) and never a singularised trim of the banner. evidence_quote takes the full printed line over the bare value: the line proves this number, the bare digits prove only that they occur somewhere on the page. Definition backfill: both lanes read the same qualifiers off this cell. Definition backfill: both lanes read the same qualifiers off this cell.",RESOLVED,A+B+ADJUDICATOR,8783ef3e2dc6cf061218360ff1c3db121d172543d661901b2d74131021935dc1
e559c6e07581fd7be521,SRC457,9,PAIR_99842353D4093448CD1D2A5D,CLASSIFICATION_CONFLICT,213,242,record_family|source_section|asset_class|strategy|period_start|metric_name|evidence_quote,MERGE,"subject_type classifies what subject_name names: a named vehicle ('... , L.P.', an SMA, an LLC) is fund; a total or subtotal line is the owner's aggregate, so portfolio; an index is benchmark. A whole schedule typed investment means the label was not read. metric_name: rows are entities and columns are periods, so the metric is the measure the table itself names in its printed wording, 'Net Time Weighted Returns' — never the period (which is the horizon) and never a singularised trim of the banner. evidence_quote takes the full printed line over the bare value: the line proves this number, the bare digits prove only that they occur somewhere on the page. Definition backfill: both lanes read the same qualifiers off this cell. Definition backfill: both lanes read the same qualifiers off this cell.",RESOLVED,A+B+ADJUDICATOR,8783ef3e2dc6cf061218360ff1c3db121d172543d661901b2d74131021935dc1
2fe9a83530e1765cd440,SRC457,9,PAIR_E7B1058D8C21E629F11662CF,B_ONLY,,243,,MERGE,"subject_type classifies what subject_name names: a named vehicle ('... , L.P.', an SMA, an LLC) is fund; a total or subtotal line is the owner's aggregate, so portfolio; an index is benchmark. A whole schedule typed investment means the label was not read. evidence_quote takes the full printed line over the bare value: the line proves this number, the bare digits prove only that they occur somewhere on the page.",RESOLVED,B+ADJUDICATOR,8783ef3e2dc6cf061218360ff1c3db121d172543d661901b2d74131021935dc1
25414b8db08731446f00,SRC457,9,PAIR_6648ED57CEE03396A43D94DB,CLASSIFICATION_CONFLICT,214,244,record_family|source_section|asset_class|strategy|period_start|unit|evidence_quote,MERGE,"subject_type classifies what subject_name names: a named vehicle ('... , L.P.', an SMA, an LLC) is fund; a total or subtotal line is the owner's aggregate, so portfolio; an index is benchmark. A whole schedule typed investment means the label was not read. evidence_quote takes the full printed line over the bare value: the line proves this number, the bare digits prove only that they occur somewhere on the page. Definition backfill: both lanes read the same qualifiers off this cell. Definition backfill: both lanes read the same qualifiers off this cell.",RESOLVED,A+B+ADJUDICATOR,8783ef3e2dc6cf061218360ff1c3db121d172543d661901b2d74131021935dc1
73f2a9844d34cae1e04a,SRC457,9,PAIR_69D55CAEB4E2CE87C3DEDC28,CLASSIFICATION_CONFLICT,215,245,record_family|source_section|source_column_label|asset_class|strategy|period_start|currency_scale|metric_category|evidence_quote,MERGE,"subject_type classifies what subject_name names: a named vehicle ('... , L.P.', an SMA, an LLC) is fund; a total or subtotal line is the owner's aggregate, so portfolio; an index is benchmark. A whole schedule typed investment means the label was not read. evidence_quote takes the full printed line over the bare value: the line proves this number, the bare digits prove only that they occur somewhere on the page. Definition backfill: both lanes read the same qualifiers off this cell. Definition backfill: both lanes read the same qualifiers off this cell.",RESOLVED,A+B+ADJUDICATOR,8783ef3e2dc6cf061218360ff1c3db121d172543d661901b2d74131021935dc1
08f89b6c02154394781b,SRC457,9,PAIR_E4BDC37DA2FB81B71C123436,B_ONLY,,246,,MERGE,"subject_type classifies what subject_name names: a named vehicle ('... , L.P.', an SMA, an LLC) is fund; a total or subtotal line is the owner's aggregate, so portfolio; an index is benchmark. A whole schedule typed investment means the label was not read. PIC is paid_in_capital, never moic: the disambiguation table names the printed label PIC explicitly. The page prints it under a Multiples banner, which is why one lane typed it a multiple. evidence_quote takes the full printed line over the bare value: the line proves this number, the bare digits prove only that they occur somewhere on the page. Definition backfill: both lanes read the same qualifiers off this cell. Definition backfill: both lanes read the same qualifiers off this cell.; the PIC column sits in the multiples block beside TVPI, RVPI, and DPI and its footnote states that PIC multiples may exceed 1.00 due to recycling, so the printed value is a multiple of commitment rather than an amount",RESOLVED,B+ADJUDICATOR,8783ef3e2dc6cf061218360ff1c3db121d172543d661901b2d74131021935dc1
02a1e6a21e8aa54783dc,SRC457,9,PAIR_10104EA1946915DE579CEBCE,CLASSIFICATION_CONFLICT,216,247,record_family|source_section|asset_class|strategy|period_start|metric_name|evidence_quote,MERGE,"subject_type classifies what subject_name names: a named vehicle ('... , L.P.', an SMA, an LLC) is fund; a total or subtotal line is the owner's aggregate, so portfolio; an index is benchmark. A whole schedule typed investment means the label was not read. metric_name: rows are entities and columns are periods, so the metric is the measure the table itself names in its printed wording, 'Net Time Weighted Returns' — never the period (which is the horizon) and never a singularised trim of the banner. evidence_quote takes the full printed line over the bare value: the line proves this number, the bare digits prove only that they occur somewhere on the page. Definition backfill: both lanes read the same qualifiers off this cell. Definition backfill: both lanes read the same qualifiers off this cell.",RESOLVED,A+B+ADJUDICATOR,8783ef3e2dc6cf061218360ff1c3db121d172543d661901b2d74131021935dc1
6b4dbc24ac9ba789aeef,SRC457,9,PAIR_046FC20C2384C93F8D61D7DD,CLASSIFICATION_CONFLICT,217,248,record_family|source_section|asset_class|strategy|period_start|unit|evidence_quote,MERGE,"subject_type classifies what subject_name names: a named vehicle ('... , L.P.', an SMA, an LLC) is fund; a total or subtotal line is the owner's aggregate, so portfolio; an index is benchmark. A whole schedule typed investment means the label was not read. evidence_quote takes the full printed line over the bare value: the line proves this number, the bare digits prove only that they occur somewhere on the page. Definition backfill: both lanes read the same qualifiers off this cell. Definition backfill: both lanes read the same qualifiers off this cell.",RESOLVED,A+B+ADJUDICATOR,8783ef3e2dc6cf061218360ff1c3db121d172543d661901b2d74131021935dc1
55b4014f616da1186427,SRC457,9,PAIR_DF5AF2F5CF690083E18F1C4E,CLASSIFICATION_CONFLICT,219,249,record_family|source_section|source_column_label|asset_class|strategy|period_start|metric_name|evidence_quote,MERGE,"subject_type classifies what subject_name names: a named vehicle ('... , L.P.', an SMA, an LLC) is fund; a total or subtotal line is the owner's aggregate, so portfolio; an index is benchmark. A whole schedule typed investment means the label was not read. evidence_quote takes the full printed line over the bare value: the line proves this number, the bare digits prove only that they occur somewhere on the page. Definition backfill: both lanes read the same qualifiers off this cell. Definition backfill: both lanes read the same qualifiers off this cell.",RESOLVED,A+B+ADJUDICATOR,8783ef3e2dc6cf061218360ff1c3db121d172543d661901b2d74131021935dc1
6c19c992f1aed407bf7e,SRC457,9,PAIR_18F248BBA8426CC9F82B46DB,CLASSIFICATION_CONFLICT,218,250,record_family|source_section|asset_class|strategy|period_start|metric_name|evidence_quote,MERGE,"subject_type classifies what subject_name names: a named vehicle ('... , L.P.', an SMA, an LLC) is fund; a total or subtotal line is the owner's aggregate, so portfolio; an index is benchmark. A whole schedule typed investment means the label was not read. metric_name: rows are entities and columns are periods, so the metric is the measure the table itself names in its printed wording, 'Net Time Weighted Returns' — never the period (which is the horizon) and never a singularised trim of the banner. evidence_quote takes the full printed line over the bare value: the line proves this number, the bare digits prove only that they occur somewhere on the page. Definition backfill: both lanes read the same qualifiers off this cell. Definition backfill: both lanes read the same qualifiers off this cell.",RESOLVED,A+B+ADJUDICATOR,8783ef3e2dc6cf061218360ff1c3db121d172543d661901b2d74131021935dc1
d2a7252f5d8565bcc5c7,SRC457,9,PAIR_A851E505104A6D7CD7624F9E,CLASSIFICATION_CONFLICT,220,251,record_family|source_section|asset_class|strategy|period_start|unit|evidence_quote,MERGE,"subject_type classifies what subject_name names: a named vehicle ('... , L.P.', an SMA, an LLC) is fund; a total or subtotal line is the owner's aggregate, so portfolio; an index is benchmark. A whole schedule typed investment means the label was not read. evidence_quote takes the full printed line over the bare value: the line proves this number, the bare digits prove only that they occur somewhere on the page. Definition backfill: both lanes read the same qualifiers off this cell. Definition backfill: both lanes read the same qualifiers off this cell.",RESOLVED,A+B+ADJUDICATOR,8783ef3e2dc6cf061218360ff1c3db121d172543d661901b2d74131021935dc1
22f71084cdbfaf01bea8,SRC457,9,PAIR_B496AF19486872EB6D916E3D,B_ONLY,,252,,MERGE,"subject_type classifies what subject_name names: a named vehicle ('... , L.P.', an SMA, an LLC) is fund; a total or subtotal line is the owner's aggregate, so portfolio; an index is benchmark. A whole schedule typed investment means the label was not read. evidence_quote takes the full printed line over the bare value: the line proves this number, the bare digits prove only that they occur somewhere on the page.",RESOLVED,B+ADJUDICATOR,8783ef3e2dc6cf061218360ff1c3db121d172543d661901b2d74131021935dc1
860298ce8c85ed4d0237,SRC457,9,PAIR_1ED6CB07047E935856AAF4B2,VALUE_CONFLICT,221,253,record_family|source_section|asset_class|strategy|period_start|metric_name|metric_value_raw|evidence_quote,MERGE,"subject_type classifies what subject_name names: a named vehicle ('... , L.P.', an SMA, an LLC) is fund; a total or subtotal line is the owner's aggregate, so portfolio; an index is benchmark. A whole schedule typed investment means the label was not read. metric_name: rows are entities and columns are periods, so the metric is the measure the table itself names in its printed wording, 'Net Time Weighted Returns' — never the period (which is the horizon) and never a singularised trim of the banner. evidence_quote takes the full printed line over the bare value: the line proves this number, the bare digits prove only that they occur somewhere on the page. Definition backfill: both lanes read the same qualifiers off this cell. Definition backfill: both lanes read the same qualifiers off this cell.",RESOLVED,A+B+ADJUDICATOR,8783ef3e2dc6cf061218360ff1c3db121d172543d661901b2d74131021935dc1
678e1badff64235a22bf,SRC457,9,PAIR_E6E1295E3952D7F68B08F965,CLASSIFICATION_CONFLICT,222,254,record_family|source_section|asset_class|strategy|period_start|metric_name|evidence_quote,MERGE,"subject_type classifies what subject_name names: a named vehicle ('... , L.P.', an SMA, an LLC) is fund; a total or subtotal line is the owner's aggregate, so portfolio; an index is benchmark. A whole schedule typed investment means the label was not read. metric_name: rows are entities and columns are periods, so the metric is the measure the table itself names in its printed wording, 'Net Time Weighted Returns' — never the period (which is the horizon) and never a singularised trim of the banner. evidence_quote takes the full printed line over the bare value: the line proves this number, the bare digits prove only that they occur somewhere on the page. Definition backfill: both lanes read the same qualifiers off this cell. Definition backfill: both lanes read the same qualifiers off this cell.",RESOLVED,A+B+ADJUDICATOR,8783ef3e2dc6cf061218360ff1c3db121d172543d661901b2d74131021935dc1
926aa4a1e3df89ad5290,SRC457,9,PAIR_B9B76CA778CA6221F27826CC,B_ONLY,,255,,MERGE,"subject_type classifies what subject_name names: a named vehicle ('... , L.P.', an SMA, an LLC) is fund; a total or subtotal line is the owner's aggregate, so portfolio; an index is benchmark. A whole schedule typed investment means the label was not read. evidence_quote takes the full printed line over the bare value: the line proves this number, the bare digits prove only that they occur somewhere on the page.",RESOLVED,B+ADJUDICATOR,8783ef3e2dc6cf061218360ff1c3db121d172543d661901b2d74131021935dc1
b163b64d50699d3a11a6,SRC457,9,PAIR_00B76C0898F5E897150C487A,CLASSIFICATION_CONFLICT,223,256,record_family|source_section|asset_class|strategy|period_start|unit|evidence_quote,MERGE,"subject_type classifies what subject_name names: a named vehicle ('... , L.P.', an SMA, an LLC) is fund; a total or subtotal line is the owner's aggregate, so portfolio; an index is benchmark. A whole schedule typed investment means the label was not read. evidence_quote takes the full printed line over the bare value: the line proves this number, the bare digits prove only that they occur somewhere on the page. Definition backfill: both lanes read the same qualifiers off this cell. Definition backfill: both lanes read the same qualifiers off this cell.",RESOLVED,A+B+ADJUDICATOR,8783ef3e2dc6cf061218360ff1c3db121d172543d661901b2d74131021935dc1
0292ae48e73ec3744e1f,SRC457,9,PAIR_7E4E303497100BE62BBDD955,CLASSIFICATION_CONFLICT,224,257,record_family|source_section|source_column_label|asset_class|strategy|period_start|currency_scale|metric_category|evidence_quote,MERGE,"subject_type classifies what subject_name names: a named vehicle ('... , L.P.', an SMA, an LLC) is fund; a total or subtotal line is the owner's aggregate, so portfolio; an index is benchmark. A whole schedule typed investment means the label was not read. evidence_quote takes the full printed line over the bare value: the line proves this number, the bare digits prove only that they occur somewhere on the page. Definition backfill: both lanes read the same qualifiers off this cell. Definition backfill: both lanes read the same qualifiers off this cell.",RESOLVED,A+B+ADJUDICATOR,8783ef3e2dc6cf061218360ff1c3db121d172543d661901b2d74131021935dc1
b84cf730a10ab4a907c9,SRC457,9,PAIR_AF6A59846DFFAA2D92332C00,B_ONLY,,258,,MERGE,"subject_type classifies what subject_name names: a named vehicle ('... , L.P.', an SMA, an LLC) is fund; a total or subtotal line is the owner's aggregate, so portfolio; an index is benchmark. A whole schedule typed investment means the label was not read. PIC is paid_in_capital, never moic: the disambiguation table names the printed label PIC explicitly. The page prints it under a Multiples banner, which is why one lane typed it a multiple. evidence_quote takes the full printed line over the bare value: the line proves this number, the bare digits prove only that they occur somewhere on the page. Definition backfill: both lanes read the same qualifiers off this cell. Definition backfill: both lanes read the same qualifiers off this cell.; the PIC column sits in the multiples block beside TVPI, RVPI, and DPI and its footnote states that PIC multiples may exceed 1.00 due to recycling, so the printed value is a multiple of commitment rather than an amount",RESOLVED,B+ADJUDICATOR,8783ef3e2dc6cf061218360ff1c3db121d172543d661901b2d74131021935dc1
e29c47be971cb6ef4bb7,SRC457,9,PAIR_512C347207CDA8AB6FB5ADD2,CLASSIFICATION_CONFLICT,225,259,record_family|source_section|asset_class|strategy|period_start|metric_name|evidence_quote,MERGE,"subject_type classifies what subject_name names: a named vehicle ('... , L.P.', an SMA, an LLC) is fund; a total or subtotal line is the owner's aggregate, so portfolio; an index is benchmark. A whole schedule typed investment means the label was not read. metric_name: rows are entities and columns are periods, so the metric is the measure the table itself names in its printed wording, 'Net Time Weighted Returns' — never the period (which is the horizon) and never a singularised trim of the banner. evidence_quote takes the full printed line over the bare value: the line proves this number, the bare digits prove only that they occur somewhere on the page. Definition backfill: both lanes read the same qualifiers off this cell. Definition backfill: both lanes read the same qualifiers off this cell.",RESOLVED,A+B+ADJUDICATOR,8783ef3e2dc6cf061218360ff1c3db121d172543d661901b2d74131021935dc1
875ae6a74d6943cee16b,SRC457,9,PAIR_81745317EB259C661A539041,CLASSIFICATION_CONFLICT,226,260,record_family|source_section|asset_class|strategy|period_start|unit|evidence_quote,MERGE,"subject_type classifies what subject_name names: a named vehicle ('... , L.P.', an SMA, an LLC) is fund; a total or subtotal line is the owner's aggregate, so portfolio; an index is benchmark. A whole schedule typed investment means the label was not read. evidence_quote takes the full printed line over the bare value: the line proves this number, the bare digits prove only that they occur somewhere on the page. Definition backfill: both lanes read the same qualifiers off this cell. Definition backfill: both lanes read the same qualifiers off this cell.",RESOLVED,A+B+ADJUDICATOR,8783ef3e2dc6cf061218360ff1c3db121d172543d661901b2d74131021935dc1
c0b5da5fb31f4481d58f,SRC457,9,PAIR_7F783B10D80A643C244912F1,VALUE_CONFLICT,228,261,record_family|source_section|source_column_label|asset_class|strategy|period_start|metric_name|metric_value_raw|evidence_quote,MERGE,"subject_type classifies what subject_name names: a named vehicle ('... , L.P.', an SMA, an LLC) is fund; a total or subtotal line is the owner's aggregate, so portfolio; an index is benchmark. A whole schedule typed investment means the label was not read. evidence_quote takes the full printed line over the bare value: the line proves this number, the bare digits prove only that they occur somewhere on the page. Definition backfill: both lanes read the same qualifiers off this cell. Definition backfill: both lanes read the same qualifiers off this cell.",RESOLVED,A+B+ADJUDICATOR,8783ef3e2dc6cf061218360ff1c3db121d172543d661901b2d74131021935dc1
93f09bf7c059d51b8783,SRC457,9,PAIR_62828399EA56E0CA7483793B,CLASSIFICATION_CONFLICT,227,262,record_family|source_section|asset_class|strategy|period_start|metric_name|evidence_quote,MERGE,"subject_type classifies what subject_name names: a named vehicle ('... , L.P.', an SMA, an LLC) is fund; a total or subtotal line is the owner's aggregate, so portfolio; an index is benchmark. A whole schedule typed investment means the label was not read. metric_name: rows are entities and columns are periods, so the metric is the measure the table itself names in its printed wording, 'Net Time Weighted Returns' — never the period (which is the horizon) and never a singularised trim of the banner. evidence_quote takes the full printed line over the bare value: the line proves this number, the bare digits prove only that they occur somewhere on the page. Definition backfill: both lanes read the same qualifiers off this cell. Definition backfill: both lanes read the same qualifiers off this cell.",RESOLVED,A+B+ADJUDICATOR,8783ef3e2dc6cf061218360ff1c3db121d172543d661901b2d74131021935dc1
b5365899c6e5c95a3413,SRC457,9,PAIR_766AC2428D50554FE4DE7E27,CLASSIFICATION_CONFLICT,229,263,record_family|source_section|asset_class|strategy|period_start|unit|evidence_quote,MERGE,"subject_type classifies what subject_name names: a named vehicle ('... , L.P.', an SMA, an LLC) is fund; a total or subtotal line is the owner's aggregate, so portfolio; an index is benchmark. A whole schedule typed investment means the label was not read. evidence_quote takes the full printed line over the bare value: the line proves this number, the bare digits prove only that they occur somewhere on the page. Definition backfill: both lanes read the same qualifiers off this cell. Definition backfill: both lanes read the same qualifiers off this cell.",RESOLVED,A+B+ADJUDICATOR,8783ef3e2dc6cf061218360ff1c3db121d172543d661901b2d74131021935dc1
765d3562fcdc0b6ccb63,SRC457,9,PAIR_BE5FD6F3900E3DBF43ECA16A,B_ONLY,,264,,MERGE,"subject_type classifies what subject_name names: a named vehicle ('... , L.P.', an SMA, an LLC) is fund; a total or subtotal line is the owner's aggregate, so portfolio; an index is benchmark. A whole schedule typed investment means the label was not read. evidence_quote takes the full printed line over the bare value: the line proves this number, the bare digits prove only that they occur somewhere on the page.",RESOLVED,B+ADJUDICATOR,8783ef3e2dc6cf061218360ff1c3db121d172543d661901b2d74131021935dc1
cfedd3ec4e430c7c1723,SRC457,9,PAIR_6B8489F273AB2C9F1B73CD9D,VALUE_CONFLICT,230,265,record_family|source_section|asset_class|strategy|metric_value_raw|evidence_quote,MERGE,"metric_name: rows are entities and columns are periods, so the metric is the measure the table itself names in its printed wording, 'Net Time Weighted Returns' — never the period (which is the horizon) and never a singularised trim of the banner. evidence_quote takes the full printed line over the bare value: the line proves this number, the bare digits prove only that they occur somewhere on the page. Definition backfill: both lanes read the same qualifiers off this cell. Definition backfill: both lanes read the same qualifiers off this cell.",RESOLVED,A+B+ADJUDICATOR,8783ef3e2dc6cf061218360ff1c3db121d172543d661901b2d74131021935dc1
728595108be8681cc760,SRC457,9,PAIR_9648FD0A0E3417DED98849E5,CLASSIFICATION_CONFLICT,231,266,record_family|source_section|asset_class|strategy|evidence_quote,MERGE,"metric_name: rows are entities and columns are periods, so the metric is the measure the table itself names in its printed wording, 'Net Time Weighted Returns' — never the period (which is the horizon) and never a singularised trim of the banner. evidence_quote takes the full printed line over the bare value: the line proves this number, the bare digits prove only that they occur somewhere on the page. Definition backfill: both lanes read the same qualifiers off this cell. Definition backfill: both lanes read the same qualifiers off this cell.",RESOLVED,A+B+ADJUDICATOR,8783ef3e2dc6cf061218360ff1c3db121d172543d661901b2d74131021935dc1
e8a9e2ff6d5b9793b3cd,SRC457,9,PAIR_F70F1A1D4E1990A65E73AF40,VALUE_CONFLICT,232,267,record_family|source_section|asset_class|strategy|metric_value_raw|evidence_quote,MERGE,"metric_name: rows are entities and columns are periods, so the metric is the measure the table itself names in its printed wording, 'Net Time Weighted Returns' — never the period (which is the horizon) and never a singularised trim of the banner. evidence_quote takes the full printed line over the bare value: the line proves this number, the bare digits prove only that they occur somewhere on the page. Definition backfill: both lanes read the same qualifiers off this cell. Definition backfill: both lanes read the same qualifiers off this cell.",RESOLVED,A+B+ADJUDICATOR,8783ef3e2dc6cf061218360ff1c3db121d172543d661901b2d74131021935dc1
725ee2ffea453c2812e7,SRC457,9,PAIR_FD5E1F2DA0EE6437E809276F,VALUE_CONFLICT,233,268,record_family|source_section|asset_class|strategy|metric_value_raw|evidence_quote,MERGE,"metric_name: rows are entities and columns are periods, so the metric is the measure the table itself names in its printed wording, 'Net Time Weighted Returns' — never the period (which is the horizon) and never a singularised trim of the banner. evidence_quote takes the full printed line over the bare value: the line proves this number, the bare digits prove only that they occur somewhere on the page. Definition backfill: both lanes read the same qualifiers off this cell. Definition backfill: both lanes read the same qualifiers off this cell.",RESOLVED,A+B+ADJUDICATOR,8783ef3e2dc6cf061218360ff1c3db121d172543d661901b2d74131021935dc1
99d8e53677b549f47fd4,SRC457,9,PAIR_080F807B1BA4A9ED8613B9CA,CLASSIFICATION_CONFLICT,234,269,record_family|source_section|asset_class|strategy|evidence_quote,MERGE,"metric_name: rows are entities and columns are periods, so the metric is the measure the table itself names in its printed wording, 'Net Time Weighted Returns' — never the period (which is the horizon) and never a singularised trim of the banner. evidence_quote takes the full printed line over the bare value: the line proves this number, the bare digits prove only that they occur somewhere on the page. Definition backfill: both lanes read the same qualifiers off this cell. Definition backfill: both lanes read the same qualifiers off this cell.",RESOLVED,A+B+ADJUDICATOR,8783ef3e2dc6cf061218360ff1c3db121d172543d661901b2d74131021935dc1
b370395e56e11374ace8,SRC457,9,PAIR_BFFE82EDEE944179EA36718B,CLASSIFICATION_CONFLICT,235,270,record_family|source_section|asset_class|strategy|evidence_quote,MERGE,"metric_name: rows are entities and columns are periods, so the metric is the measure the table itself names in its printed wording, 'Net Time Weighted Returns' — never the period (which is the horizon) and never a singularised trim of the banner. evidence_quote takes the full printed line over the bare value: the line proves this number, the bare digits prove only that they occur somewhere on the page. Definition backfill: both lanes read the same qualifiers off this cell. Definition backfill: both lanes read the same qualifiers off this cell.",RESOLVED,A+B+ADJUDICATOR,8783ef3e2dc6cf061218360ff1c3db121d172543d661901b2d74131021935dc1
afeefce8ef963109d7b3,SRC457,9,PAIR_0D8B417F678A1995F30372B2,VALUE_CONFLICT,236,271,record_family|source_section|asset_class|strategy|metric_value_raw|evidence_quote,MERGE,"metric_name: rows are entities and columns are periods, so the metric is the measure the table itself names in its printed wording, 'Net Time Weighted Returns' — never the period (which is the horizon) and never a singularised trim of the banner. evidence_quote takes the full printed line over the bare value: the line proves this number, the bare digits prove only that they occur somewhere on the page. Definition backfill: both lanes read the same qualifiers off this cell. Definition backfill: both lanes read the same qualifiers off this cell.",RESOLVED,A+B+ADJUDICATOR,8783ef3e2dc6cf061218360ff1c3db121d172543d661901b2d74131021935dc1
5bc9fa90104d026b9ba9,SRC457,9,PAIR_CB7100D292540FB55FAAD57D,CLASSIFICATION_CONFLICT,237,272,record_family|source_section|asset_class|strategy|evidence_quote,MERGE,"metric_name: rows are entities and columns are periods, so the metric is the measure the table itself names in its printed wording, 'Net Time Weighted Returns' — never the period (which is the horizon) and never a singularised trim of the banner. evidence_quote takes the full printed line over the bare value: the line proves this number, the bare digits prove only that they occur somewhere on the page. Definition backfill: both lanes read the same qualifiers off this cell. Definition backfill: both lanes read the same qualifiers off this cell.",RESOLVED,A+B+ADJUDICATOR,8783ef3e2dc6cf061218360ff1c3db121d172543d661901b2d74131021935dc1
7cc01e49bad3a5d55285,SRC457,9,PAIR_1F91B33F880FFD3460B867CE,CLASSIFICATION_CONFLICT,238,273,record_family|source_section|asset_class|strategy|evidence_quote,MERGE,"metric_name: rows are entities and columns are periods, so the metric is the measure the table itself names in its printed wording, 'Net Time Weighted Returns' — never the period (which is the horizon) and never a singularised trim of the banner. evidence_quote takes the full printed line over the bare value: the line proves this number, the bare digits prove only that they occur somewhere on the page. Definition backfill: both lanes read the same qualifiers off this cell. Definition backfill: both lanes read the same qualifiers off this cell.",RESOLVED,A+B+ADJUDICATOR,8783ef3e2dc6cf061218360ff1c3db121d172543d661901b2d74131021935dc1
c06ca87c389e13eb2b49,SRC457,9,PAIR_7B96CD9583636627526C3572,VALUE_CONFLICT,239,274,record_family|source_section|asset_class|strategy|metric_value_raw|evidence_quote,MERGE,"metric_name: rows are entities and columns are periods, so the metric is the measure the table itself names in its printed wording, 'Net Time Weighted Returns' — never the period (which is the horizon) and never a singularised trim of the banner. evidence_quote takes the full printed line over the bare value: the line proves this number, the bare digits prove only that they occur somewhere on the page. Definition backfill: both lanes read the same qualifiers off this cell. Definition backfill: both lanes read the same qualifiers off this cell.",RESOLVED,A+B+ADJUDICATOR,8783ef3e2dc6cf061218360ff1c3db121d172543d661901b2d74131021935dc1
037b1ac44abf70c94538,SRC457,9,PAIR_67978E3DE2F7FC6EB816A530,CLASSIFICATION_CONFLICT,240,275,record_family|source_section|asset_class|strategy|evidence_quote,MERGE,"metric_name: rows are entities and columns are periods, so the metric is the measure the table itself names in its printed wording, 'Net Time Weighted Returns' — never the period (which is the horizon) and never a singularised trim of the banner. evidence_quote takes the full printed line over the bare value: the line proves this number, the bare digits prove only that they occur somewhere on the page. Definition backfill: both lanes read the same qualifiers off this cell. Definition backfill: both lanes read the same qualifiers off this cell.",RESOLVED,A+B+ADJUDICATOR,8783ef3e2dc6cf061218360ff1c3db121d172543d661901b2d74131021935dc1
d8f75ebb9733658ae82f,SRC457,9,PAIR_52A53DCD2BFAF2CB8BD40E05,CLASSIFICATION_CONFLICT,241,276,record_family|source_section|asset_class|strategy|evidence_quote,MERGE,"metric_name: rows are entities and columns are periods, so the metric is the measure the table itself names in its printed wording, 'Net Time Weighted Returns' — never the period (which is the horizon) and never a singularised trim of the banner. evidence_quote takes the full printed line over the bare value: the line proves this number, the bare digits prove only that they occur somewhere on the page. Definition backfill: both lanes read the same qualifiers off this cell. Definition backfill: both lanes read the same qualifiers off this cell.",RESOLVED,A+B+ADJUDICATOR,8783ef3e2dc6cf061218360ff1c3db121d172543d661901b2d74131021935dc1
0adb60df5779a0e13ded,SRC457,9,PAIR_F40C27667070FD5DEAC843E9,CLASSIFICATION_CONFLICT,242,277,record_family|source_section|asset_class|strategy|evidence_quote,MERGE,"metric_name: rows are entities and columns are periods, so the metric is the measure the table itself names in its printed wording, 'Net Time Weighted Returns' — never the period (which is the horizon) and never a singularised trim of the banner. evidence_quote takes the full printed line over the bare value: the line proves this number, the bare digits prove only that they occur somewhere on the page. Definition backfill: both lanes read the same qualifiers off this cell. Definition backfill: both lanes read the same qualifiers off this cell.",RESOLVED,A+B+ADJUDICATOR,8783ef3e2dc6cf061218360ff1c3db121d172543d661901b2d74131021935dc1
8bb0ebed2b7c374fcac3,SRC457,9,PAIR_98036B77DA67A7EFAFEFF4C2,CLASSIFICATION_CONFLICT,243,278,record_family|source_section|asset_class|strategy|evidence_quote,MERGE,"metric_name: rows are entities and columns are periods, so the metric is the measure the table itself names in its printed wording, 'Net Time Weighted Returns' — never the period (which is the horizon) and never a singularised trim of the banner. evidence_quote takes the full printed line over the bare value: the line proves this number, the bare digits prove only that they occur somewhere on the page. Definition backfill: both lanes read the same qualifiers off this cell. Definition backfill: both lanes read the same qualifiers off this cell.",RESOLVED,A+B+ADJUDICATOR,8783ef3e2dc6cf061218360ff1c3db121d172543d661901b2d74131021935dc1
436b854feb875b1606d7,SRC457,9,PAIR_FFFA5E73EAEC6F0D1C0CA5E1,CLASSIFICATION_CONFLICT,244,279,record_family|source_section|asset_class|strategy|evidence_quote,MERGE,"metric_name: rows are entities and columns are periods, so the metric is the measure the table itself names in its printed wording, 'Net Time Weighted Returns' — never the period (which is the horizon) and never a singularised trim of the banner. evidence_quote takes the full printed line over the bare value: the line proves this number, the bare digits prove only that they occur somewhere on the page. Definition backfill: both lanes read the same qualifiers off this cell. Definition backfill: both lanes read the same qualifiers off this cell.",RESOLVED,A+B+ADJUDICATOR,8783ef3e2dc6cf061218360ff1c3db121d172543d661901b2d74131021935dc1
0642456c71467eea349d,SRC457,9,PAIR_C289D59287E8EA31026D46D0,CLASSIFICATION_CONFLICT,245,280,record_family|source_section|asset_class|strategy|evidence_quote,MERGE,"metric_name: rows are entities and columns are periods, so the metric is the measure the table itself names in its printed wording, 'Net Time Weighted Returns' — never the period (which is the horizon) and never a singularised trim of the banner. evidence_quote takes the full printed line over the bare value: the line proves this number, the bare digits prove only that they occur somewhere on the page. Definition backfill: both lanes read the same qualifiers off this cell. Definition backfill: both lanes read the same qualifiers off this cell.",RESOLVED,A+B+ADJUDICATOR,8783ef3e2dc6cf061218360ff1c3db121d172543d661901b2d74131021935dc1
31e429222ee7df2e6971,SRC457,9,PAIR_0461055DCCB266899FC793E1,CLASSIFICATION_CONFLICT,246,281,record_family|source_section|asset_class|strategy|evidence_quote,MERGE,"metric_name: rows are entities and columns are periods, so the metric is the measure the table itself names in its printed wording, 'Net Time Weighted Returns' — never the period (which is the horizon) and never a singularised trim of the banner. evidence_quote takes the full printed line over the bare value: the line proves this number, the bare digits prove only that they occur somewhere on the page. Definition backfill: both lanes read the same qualifiers off this cell. Definition backfill: both lanes read the same qualifiers off this cell.",RESOLVED,A+B+ADJUDICATOR,8783ef3e2dc6cf061218360ff1c3db121d172543d661901b2d74131021935dc1
e5f6a8e0004e4cc91326,SRC457,9,PAIR_263EE2D1EE6696AD0C221DEB,CLASSIFICATION_CONFLICT,247,282,record_family|source_section|asset_class|strategy|evidence_quote,MERGE,"metric_name: rows are entities and columns are periods, so the metric is the measure the table itself names in its printed wording, 'Net Time Weighted Returns' — never the period (which is the horizon) and never a singularised trim of the banner. evidence_quote takes the full printed line over the bare value: the line proves this number, the bare digits prove only that they occur somewhere on the page. Definition backfill: both lanes read the same qualifiers off this cell. Definition backfill: both lanes read the same qualifiers off this cell.",RESOLVED,A+B+ADJUDICATOR,8783ef3e2dc6cf061218360ff1c3db121d172543d661901b2d74131021935dc1
2fc732dedb3d112d3dd0,SRC457,9,PAIR_960082DFFFC31372D20275BB,VALUE_CONFLICT,248,283,record_family|source_section|asset_class|strategy|period_start|metric_name|metric_value_raw|evidence_quote,MERGE,"subject_type classifies what subject_name names: a named vehicle ('... , L.P.', an SMA, an LLC) is fund; a total or subtotal line is the owner's aggregate, so portfolio; an index is benchmark. A whole schedule typed investment means the label was not read. metric_name: rows are entities and columns are periods, so the metric is the measure the table itself names in its printed wording, 'Net Time Weighted Returns' — never the period (which is the horizon) and never a singularised trim of the banner. evidence_quote takes the full printed line over the bare value: the line proves this number, the bare digits prove only that they occur somewhere on the page. Definition backfill: both lanes read the same qualifiers off this cell. Definition backfill: both lanes read the same qualifiers off this cell.",RESOLVED,A+B+ADJUDICATOR,8783ef3e2dc6cf061218360ff1c3db121d172543d661901b2d74131021935dc1
f481843a663d061c924f,SRC457,9,PAIR_C46EA8543892268A2B65F396,CLASSIFICATION_CONFLICT,249,284,record_family|source_section|asset_class|strategy|period_start|metric_name|evidence_quote,MERGE,"subject_type classifies what subject_name names: a named vehicle ('... , L.P.', an SMA, an LLC) is fund; a total or subtotal line is the owner's aggregate, so portfolio; an index is benchmark. A whole schedule typed investment means the label was not read. metric_name: rows are entities and columns are periods, so the metric is the measure the table itself names in its printed wording, 'Net Time Weighted Returns' — never the period (which is the horizon) and never a singularised trim of the banner. evidence_quote takes the full printed line over the bare value: the line proves this number, the bare digits prove only that they occur somewhere on the page. Definition backfill: both lanes read the same qualifiers off this cell. Definition backfill: both lanes read the same qualifiers off this cell.",RESOLVED,A+B+ADJUDICATOR,8783ef3e2dc6cf061218360ff1c3db121d172543d661901b2d74131021935dc1
d9e35a2983bbb3eb64cc,SRC457,9,PAIR_F8979DFF1CA8117E1D5172B4,B_ONLY,,285,,MERGE,"subject_type classifies what subject_name names: a named vehicle ('... , L.P.', an SMA, an LLC) is fund; a total or subtotal line is the owner's aggregate, so portfolio; an index is benchmark. A whole schedule typed investment means the label was not read. evidence_quote takes the full printed line over the bare value: the line proves this number, the bare digits prove only that they occur somewhere on the page.",RESOLVED,B+ADJUDICATOR,8783ef3e2dc6cf061218360ff1c3db121d172543d661901b2d74131021935dc1
dc1eea754b8aa52a6f6e,SRC457,9,PAIR_8BF30556741366AFAD1E3E4D,CLASSIFICATION_CONFLICT,250,286,record_family|source_section|asset_class|strategy|period_start|unit|evidence_quote,MERGE,"subject_type classifies what subject_name names: a named vehicle ('... , L.P.', an SMA, an LLC) is fund; a total or subtotal line is the owner's aggregate, so portfolio; an index is benchmark. A whole schedule typed investment means the label was not read. evidence_quote takes the full printed line over the bare value: the line proves this number, the bare digits prove only that they occur somewhere on the page. Definition backfill: both lanes read the same qualifiers off this cell. Definition backfill: both lanes read the same qualifiers off this cell.",RESOLVED,A+B+ADJUDICATOR,8783ef3e2dc6cf061218360ff1c3db121d172543d661901b2d74131021935dc1
33b7d8376938a96a71b8,SRC457,9,PAIR_5D6E09CD36E421FD45055257,VALUE_CONFLICT,251,287,record_family|source_section|source_column_label|asset_class|strategy|period_start|currency_scale|metric_category|metric_value_raw|evidence_quote,MERGE,"subject_type classifies what subject_name names: a named vehicle ('... , L.P.', an SMA, an LLC) is fund; a total or subtotal line is the owner's aggregate, so portfolio; an index is benchmark. A whole schedule typed investment means the label was not read. evidence_quote takes the full printed line over the bare value: the line proves this number, the bare digits prove only that they occur somewhere on the page. Definition backfill: both lanes read the same qualifiers off this cell. Definition backfill: both lanes read the same qualifiers off this cell.",RESOLVED,A+B+ADJUDICATOR,8783ef3e2dc6cf061218360ff1c3db121d172543d661901b2d74131021935dc1
d48b0b9a1e572b681fbf,SRC457,9,PAIR_8706DD4CFD6D1C1D841EAA06,B_ONLY,,288,,MERGE,"subject_type classifies what subject_name names: a named vehicle ('... , L.P.', an SMA, an LLC) is fund; a total or subtotal line is the owner's aggregate, so portfolio; an index is benchmark. A whole schedule typed investment means the label was not read. PIC is paid_in_capital, never moic: the disambiguation table names the printed label PIC explicitly. The page prints it under a Multiples banner, which is why one lane typed it a multiple. evidence_quote takes the full printed line over the bare value: the line proves this number, the bare digits prove only that they occur somewhere on the page. Definition backfill: both lanes read the same qualifiers off this cell. Definition backfill: both lanes read the same qualifiers off this cell.; the PIC column sits in the multiples block beside TVPI, RVPI, and DPI and its footnote states that PIC multiples may exceed 1.00 due to recycling, so the printed value is a multiple of commitment rather than an amount",RESOLVED,B+ADJUDICATOR,8783ef3e2dc6cf061218360ff1c3db121d172543d661901b2d74131021935dc1
26730e1a4ede36bede7b,SRC457,9,PAIR_0F41D9FE430ADF31DDC71798,CLASSIFICATION_CONFLICT,252,289,record_family|source_section|asset_class|strategy|period_start|metric_name|evidence_quote,MERGE,"subject_type classifies what subject_name names: a named vehicle ('... , L.P.', an SMA, an LLC) is fund; a total or subtotal line is the owner's aggregate, so portfolio; an index is benchmark. A whole schedule typed investment means the label was not read. metric_name: rows are entities and columns are periods, so the metric is the measure the table itself names in its printed wording, 'Net Time Weighted Returns' — never the period (which is the horizon) and never a singularised trim of the banner. evidence_quote takes the full printed line over the bare value: the line proves this number, the bare digits prove only that they occur somewhere on the page. Definition backfill: both lanes read the same qualifiers off this cell. Definition backfill: both lanes read the same qualifiers off this cell.",RESOLVED,A+B+ADJUDICATOR,8783ef3e2dc6cf061218360ff1c3db121d172543d661901b2d74131021935dc1
f03000442a7b9f071515,SRC457,9,PAIR_032C219B0B18254D1EB3C1A1,CLASSIFICATION_CONFLICT,253,290,record_family|source_section|asset_class|strategy|period_start|unit|evidence_quote,MERGE,"subject_type classifies what subject_name names: a named vehicle ('... , L.P.', an SMA, an LLC) is fund; a total or subtotal line is the owner's aggregate, so portfolio; an index is benchmark. A whole schedule typed investment means the label was not read. evidence_quote takes the full printed line over the bare value: the line proves this number, the bare digits prove only that they occur somewhere on the page. Definition backfill: both lanes read the same qualifiers off this cell. Definition backfill: both lanes read the same qualifiers off this cell.",RESOLVED,A+B+ADJUDICATOR,8783ef3e2dc6cf061218360ff1c3db121d172543d661901b2d74131021935dc1
03bdf8683f89987da43c,SRC457,9,PAIR_F806B0DD21B12CE3072EA8DC,CLASSIFICATION_CONFLICT,255,291,record_family|source_section|source_column_label|asset_class|strategy|period_start|metric_name|evidence_quote,MERGE,"subject_type classifies what subject_name names: a named vehicle ('... , L.P.', an SMA, an LLC) is fund; a total or subtotal line is the owner's aggregate, so portfolio; an index is benchmark. A whole schedule typed investment means the label was not read. evidence_quote takes the full printed line over the bare value: the line proves this number, the bare digits prove only that they occur somewhere on the page. Definition backfill: both lanes read the same qualifiers off this cell. Definition backfill: both lanes read the same qualifiers off this cell.",RESOLVED,A+B+ADJUDICATOR,8783ef3e2dc6cf061218360ff1c3db121d172543d661901b2d74131021935dc1
2e1bf98681490781097c,SRC457,9,PAIR_BB7064888C66DB3B636D3E6F,CLASSIFICATION_CONFLICT,254,292,record_family|source_section|asset_class|strategy|period_start|metric_name|evidence_quote,MERGE,"subject_type classifies what subject_name names: a named vehicle ('... , L.P.', an SMA, an LLC) is fund; a total or subtotal line is the owner's aggregate, so portfolio; an index is benchmark. A whole schedule typed investment means the label was not read. metric_name: rows are entities and columns are periods, so the metric is the measure the table itself names in its printed wording, 'Net Time Weighted Returns' — never the period (which is the horizon) and never a singularised trim of the banner. evidence_quote takes the full printed line over the bare value: the line proves this number, the bare digits prove only that they occur somewhere on the page. Definition backfill: both lanes read the same qualifiers off this cell. Definition backfill: both lanes read the same qualifiers off this cell.",RESOLVED,A+B+ADJUDICATOR,8783ef3e2dc6cf061218360ff1c3db121d172543d661901b2d74131021935dc1
2b82143cc908438117dc,SRC457,9,PAIR_3E95BB12A6A885A1729064CD,CLASSIFICATION_CONFLICT,256,293,record_family|source_section|asset_class|strategy|period_start|unit|evidence_quote,MERGE,"subject_type classifies what subject_name names: a named vehicle ('... , L.P.', an SMA, an LLC) is fund; a total or subtotal line is the owner's aggregate, so portfolio; an index is benchmark. A whole schedule typed investment means the label was not read. evidence_quote takes the full printed line over the bare value: the line proves this number, the bare digits prove only that they occur somewhere on the page. Definition backfill: both lanes read the same qualifiers off this cell. Definition backfill: both lanes read the same qualifiers off this cell.",RESOLVED,A+B+ADJUDICATOR,8783ef3e2dc6cf061218360ff1c3db121d172543d661901b2d74131021935dc1
886dc31f1254b0a36a24,SRC457,9,PAIR_2CF29CF6C2014A3A75304E7E,B_ONLY,,294,,MERGE,"subject_type classifies what subject_name names: a named vehicle ('... , L.P.', an SMA, an LLC) is fund; a total or subtotal line is the owner's aggregate, so portfolio; an index is benchmark. A whole schedule typed investment means the label was not read. evidence_quote takes the full printed line over the bare value: the line proves this number, the bare digits prove only that they occur somewhere on the page.",RESOLVED,B+ADJUDICATOR,8783ef3e2dc6cf061218360ff1c3db121d172543d661901b2d74131021935dc1
a394a13176802c2acfd0,SRC457,9,PAIR_CD128F1683A5BA84AE8AA1F2,VALUE_CONFLICT,257,295,record_family|source_section|asset_class|strategy|period_start|metric_name|metric_value_raw|evidence_quote,MERGE,"subject_type classifies what subject_name names: a named vehicle ('... , L.P.', an SMA, an LLC) is fund; a total or subtotal line is the owner's aggregate, so portfolio; an index is benchmark. A whole schedule typed investment means the label was not read. metric_name: rows are entities and columns are periods, so the metric is the measure the table itself names in its printed wording, 'Net Time Weighted Returns' — never the period (which is the horizon) and never a singularised trim of the banner. evidence_quote takes the full printed line over the bare value: the line proves this number, the bare digits prove only that they occur somewhere on the page. Definition backfill: both lanes read the same qualifiers off this cell. Definition backfill: both lanes read the same qualifiers off this cell.",RESOLVED,A+B+ADJUDICATOR,8783ef3e2dc6cf061218360ff1c3db121d172543d661901b2d74131021935dc1
7be78347f0492132cc3e,SRC457,9,PAIR_9519F967DA8DE970D11867C0,VALUE_CONFLICT,258,296,record_family|source_section|asset_class|strategy|period_start|metric_name|metric_value_raw|evidence_quote,MERGE,"subject_type classifies what subject_name names: a named vehicle ('... , L.P.', an SMA, an LLC) is fund; a total or subtotal line is the owner's aggregate, so portfolio; an index is benchmark. A whole schedule typed investment means the label was not read. metric_name: rows are entities and columns are periods, so the metric is the measure the table itself names in its printed wording, 'Net Time Weighted Returns' — never the period (which is the horizon) and never a singularised trim of the banner. evidence_quote takes the full printed line over the bare value: the line proves this number, the bare digits prove only that they occur somewhere on the page. Definition backfill: both lanes read the same qualifiers off this cell. Definition backfill: both lanes read the same qualifiers off this cell.",RESOLVED,A+B+ADJUDICATOR,8783ef3e2dc6cf061218360ff1c3db121d172543d661901b2d74131021935dc1
4c91ae81af3d92eab47a,SRC457,9,PAIR_26A6BBB9BBE47BD1B1B1EFA5,VALUE_CONFLICT,259,297,record_family|source_section|asset_class|strategy|period_start|metric_name|metric_value_raw|evidence_quote,MERGE,"subject_type classifies what subject_name names: a named vehicle ('... , L.P.', an SMA, an LLC) is fund; a total or subtotal line is the owner's aggregate, so portfolio; an index is benchmark. A whole schedule typed investment means the label was not read. metric_name: rows are entities and columns are periods, so the metric is the measure the table itself names in its printed wording, 'Net Time Weighted Returns' — never the period (which is the horizon) and never a singularised trim of the banner. evidence_quote takes the full printed line over the bare value: the line proves this number, the bare digits prove only that they occur somewhere on the page. Definition backfill: both lanes read the same qualifiers off this cell. Definition backfill: both lanes read the same qualifiers off this cell.",RESOLVED,A+B+ADJUDICATOR,8783ef3e2dc6cf061218360ff1c3db121d172543d661901b2d74131021935dc1
2ea7a2f3adb71032ecf6,SRC457,9,PAIR_2E00D734E2EE582732A65558,VALUE_CONFLICT,260,298,record_family|source_section|asset_class|strategy|period_start|metric_name|metric_value_raw|evidence_quote,MERGE,"subject_type classifies what subject_name names: a named vehicle ('... , L.P.', an SMA, an LLC) is fund; a total or subtotal line is the owner's aggregate, so portfolio; an index is benchmark. A whole schedule typed investment means the label was not read. metric_name: rows are entities and columns are periods, so the metric is the measure the table itself names in its printed wording, 'Net Time Weighted Returns' — never the period (which is the horizon) and never a singularised trim of the banner. evidence_quote takes the full printed line over the bare value: the line proves this number, the bare digits prove only that they occur somewhere on the page. Definition backfill: both lanes read the same qualifiers off this cell. Definition backfill: both lanes read the same qualifiers off this cell.",RESOLVED,A+B+ADJUDICATOR,8783ef3e2dc6cf061218360ff1c3db121d172543d661901b2d74131021935dc1
073c47a137479cfb6eda,SRC457,9,PAIR_26DF268986D773D9ADCAE939,B_ONLY,,299,,MERGE,"subject_type classifies what subject_name names: a named vehicle ('... , L.P.', an SMA, an LLC) is fund; a total or subtotal line is the owner's aggregate, so portfolio; an index is benchmark. A whole schedule typed investment means the label was not read. evidence_quote takes the full printed line over the bare value: the line proves this number, the bare digits prove only that they occur somewhere on the page.",RESOLVED,B+ADJUDICATOR,8783ef3e2dc6cf061218360ff1c3db121d172543d661901b2d74131021935dc1
418b17d58b2ff4c002da,SRC457,9,PAIR_41FEA6253235B8FF6AFC972A,CLASSIFICATION_CONFLICT,261,300,record_family|source_section|asset_class|strategy|period_start|unit|evidence_quote,MERGE,"subject_type classifies what subject_name names: a named vehicle ('... , L.P.', an SMA, an LLC) is fund; a total or subtotal line is the owner's aggregate, so portfolio; an index is benchmark. A whole schedule typed investment means the label was not read. evidence_quote takes the full printed line over the bare value: the line proves this number, the bare digits prove only that they occur somewhere on the page. Definition backfill: both lanes read the same qualifiers off this cell. Definition backfill: both lanes read the same qualifiers off this cell.",RESOLVED,A+B+ADJUDICATOR,8783ef3e2dc6cf061218360ff1c3db121d172543d661901b2d74131021935dc1
d28cc8855ab71e863bc7,SRC457,9,PAIR_5312706BA8CCF0CB2C05D885,CLASSIFICATION_CONFLICT,262,301,record_family|source_section|source_column_label|asset_class|strategy|period_start|currency_scale|metric_category|evidence_quote,MERGE,"subject_type classifies what subject_name names: a named vehicle ('... , L.P.', an SMA, an LLC) is fund; a total or subtotal line is the owner's aggregate, so portfolio; an index is benchmark. A whole schedule typed investment means the label was not read. evidence_quote takes the full printed line over the bare value: the line proves this number, the bare digits prove only that they occur somewhere on the page. Definition backfill: both lanes read the same qualifiers off this cell. Definition backfill: both lanes read the same qualifiers off this cell.",RESOLVED,A+B+ADJUDICATOR,8783ef3e2dc6cf061218360ff1c3db121d172543d661901b2d74131021935dc1
70b377256e15caf74be6,SRC457,9,PAIR_F78DCC65935E228F9EA60C95,B_ONLY,,302,,MERGE,"subject_type classifies what subject_name names: a named vehicle ('... , L.P.', an SMA, an LLC) is fund; a total or subtotal line is the owner's aggregate, so portfolio; an index is benchmark. A whole schedule typed investment means the label was not read. PIC is paid_in_capital, never moic: the disambiguation table names the printed label PIC explicitly. The page prints it under a Multiples banner, which is why one lane typed it a multiple. evidence_quote takes the full printed line over the bare value: the line proves this number, the bare digits prove only that they occur somewhere on the page. Definition backfill: both lanes read the same qualifiers off this cell. Definition backfill: both lanes read the same qualifiers off this cell.; the PIC column sits in the multiples block beside TVPI, RVPI, and DPI and its footnote states that PIC multiples may exceed 1.00 due to recycling, so the printed value is a multiple of commitment rather than an amount",RESOLVED,B+ADJUDICATOR,8783ef3e2dc6cf061218360ff1c3db121d172543d661901b2d74131021935dc1
f34e087e474bc826f1ce,SRC457,9,PAIR_A399077389ED18143B0CB1F6,VALUE_CONFLICT,263,303,record_family|source_section|asset_class|strategy|period_start|metric_name|metric_value_raw|evidence_quote,MERGE,"subject_type classifies what subject_name names: a named vehicle ('... , L.P.', an SMA, an LLC) is fund; a total or subtotal line is the owner's aggregate, so portfolio; an index is benchmark. A whole schedule typed investment means the label was not read. metric_name: rows are entities and columns are periods, so the metric is the measure the table itself names in its printed wording, 'Net Time Weighted Returns' — never the period (which is the horizon) and never a singularised trim of the banner. evidence_quote takes the full printed line over the bare value: the line proves this number, the bare digits prove only that they occur somewhere on the page. Definition backfill: both lanes read the same qualifiers off this cell. Definition backfill: both lanes read the same qualifiers off this cell.",RESOLVED,A+B+ADJUDICATOR,8783ef3e2dc6cf061218360ff1c3db121d172543d661901b2d74131021935dc1
c459c8cada4df39d1560,SRC457,9,PAIR_DAB2FBC1956810BFBCC67BEC,CLASSIFICATION_CONFLICT,264,304,record_family|source_section|asset_class|strategy|period_start|unit|evidence_quote,MERGE,"subject_type classifies what subject_name names: a named vehicle ('... , L.P.', an SMA, an LLC) is fund; a total or subtotal line is the owner's aggregate, so portfolio; an index is benchmark. A whole schedule typed investment means the label was not read. evidence_quote takes the full printed line over the bare value: the line proves this number, the bare digits prove only that they occur somewhere on the page. Definition backfill: both lanes read the same qualifiers off this cell. Definition backfill: both lanes read the same qualifiers off this cell.",RESOLVED,A+B+ADJUDICATOR,8783ef3e2dc6cf061218360ff1c3db121d172543d661901b2d74131021935dc1
79485f88660cb79ed776,SRC457,9,PAIR_F555FF4A600E0287A6C4C37A,CLASSIFICATION_CONFLICT,266,305,record_family|source_section|source_column_label|asset_class|strategy|period_start|metric_name|evidence_quote,MERGE,"subject_type classifies what subject_name names: a named vehicle ('... , L.P.', an SMA, an LLC) is fund; a total or subtotal line is the owner's aggregate, so portfolio; an index is benchmark. A whole schedule typed investment means the label was not read. evidence_quote takes the full printed line over the bare value: the line proves this number, the bare digits prove only that they occur somewhere on the page. Definition backfill: both lanes read the same qualifiers off this cell. Definition backfill: both lanes read the same qualifiers off this cell.",RESOLVED,A+B+ADJUDICATOR,8783ef3e2dc6cf061218360ff1c3db121d172543d661901b2d74131021935dc1
37158de1b3a1ca19af14,SRC457,9,PAIR_FEF8B0276CF0A20A4E0DE65A,VALUE_CONFLICT,265,306,record_family|source_section|asset_class|strategy|period_start|metric_name|metric_value_raw|evidence_quote,MERGE,"subject_type classifies what subject_name names: a named vehicle ('... , L.P.', an SMA, an LLC) is fund; a total or subtotal line is the owner's aggregate, so portfolio; an index is benchmark. A whole schedule typed investment means the label was not read. metric_name: rows are entities and columns are periods, so the metric is the measure the table itself names in its printed wording, 'Net Time Weighted Returns' — never the period (which is the horizon) and never a singularised trim of the banner. evidence_quote takes the full printed line over the bare value: the line proves this number, the bare digits prove only that they occur somewhere on the page. Definition backfill: both lanes read the same qualifiers off this cell. Definition backfill: both lanes read the same qualifiers off this cell.",RESOLVED,A+B+ADJUDICATOR,8783ef3e2dc6cf061218360ff1c3db121d172543d661901b2d74131021935dc1
a29685e223ae861605ac,SRC457,9,PAIR_AAD9AC9474FE5ECFC3157DD5,CLASSIFICATION_CONFLICT,267,307,record_family|source_section|asset_class|strategy|period_start|unit|evidence_quote,MERGE,"subject_type classifies what subject_name names: a named vehicle ('... , L.P.', an SMA, an LLC) is fund; a total or subtotal line is the owner's aggregate, so portfolio; an index is benchmark. A whole schedule typed investment means the label was not read. evidence_quote takes the full printed line over the bare value: the line proves this number, the bare digits prove only that they occur somewhere on the page. Definition backfill: both lanes read the same qualifiers off this cell. Definition backfill: both lanes read the same qualifiers off this cell.",RESOLVED,A+B+ADJUDICATOR,8783ef3e2dc6cf061218360ff1c3db121d172543d661901b2d74131021935dc1
08b3d1758895f932dc1c,SRC457,9,PAIR_6EC03ED34B6071760DE4106E,B_ONLY,,308,,MERGE,"subject_type classifies what subject_name names: a named vehicle ('... , L.P.', an SMA, an LLC) is fund; a total or subtotal line is the owner's aggregate, so portfolio; an index is benchmark. A whole schedule typed investment means the label was not read. evidence_quote takes the full printed line over the bare value: the line proves this number, the bare digits prove only that they occur somewhere on the page.",RESOLVED,B+ADJUDICATOR,8783ef3e2dc6cf061218360ff1c3db121d172543d661901b2d74131021935dc1
156ab39bd4287e7d167a,SRC457,9,PAIR_C2FE41ABE84D6AB84183058A,CLASSIFICATION_CONFLICT,268,309,record_family|source_section|asset_class|strategy|period_start|metric_name|evidence_quote,MERGE,"subject_type classifies what subject_name names: a named vehicle ('... , L.P.', an SMA, an LLC) is fund; a total or subtotal line is the owner's aggregate, so portfolio; an index is benchmark. A whole schedule typed investment means the label was not read. metric_name: rows are entities and columns are periods, so the metric is the measure the table itself names in its printed wording, 'Net Time Weighted Returns' — never the period (which is the horizon) and never a singularised trim of the banner. evidence_quote takes the full printed line over the bare value: the line proves this number, the bare digits prove only that they occur somewhere on the page. Definition backfill: both lanes read the same qualifiers off this cell. Definition backfill: both lanes read the same qualifiers off this cell.",RESOLVED,A+B+ADJUDICATOR,8783ef3e2dc6cf061218360ff1c3db121d172543d661901b2d74131021935dc1
667f6457e7110cbc1e9a,SRC457,9,PAIR_5FBEA188C3A127EB62DC4D1B,CLASSIFICATION_CONFLICT,269,310,record_family|source_section|asset_class|strategy|period_start|metric_name|evidence_quote,MERGE,"subject_type classifies what subject_name names: a named vehicle ('... , L.P.', an SMA, an LLC) is fund; a total or subtotal line is the owner's aggregate, so portfolio; an index is benchmark. A whole schedule typed investment means the label was not read. metric_name: rows are entities and columns are periods, so the metric is the measure the table itself names in its printed wording, 'Net Time Weighted Returns' — never the period (which is the horizon) and never a singularised trim of the banner. evidence_quote takes the full printed line over the bare value: the line proves this number, the bare digits prove only that they occur somewhere on the page. Definition backfill: both lanes read the same qualifiers off this cell. Definition backfill: both lanes read the same qualifiers off this cell.",RESOLVED,A+B+ADJUDICATOR,8783ef3e2dc6cf061218360ff1c3db121d172543d661901b2d74131021935dc1
3dc97e5f0bfffe8f8a46,SRC457,9,PAIR_7BEF1F47D865D83E7DFA2D2A,CLASSIFICATION_CONFLICT,270,311,record_family|source_section|asset_class|strategy|period_start|metric_name|evidence_quote,MERGE,"subject_type classifies what subject_name names: a named vehicle ('... , L.P.', an SMA, an LLC) is fund; a total or subtotal line is the owner's aggregate, so portfolio; an index is benchmark. A whole schedule typed investment means the label was not read. metric_name: rows are entities and columns are periods, so the metric is the measure the table itself names in its printed wording, 'Net Time Weighted Returns' — never the period (which is the horizon) and never a singularised trim of the banner. evidence_quote takes the full printed line over the bare value: the line proves this number, the bare digits prove only that they occur somewhere on the page. Definition backfill: both lanes read the same qualifiers off this cell. Definition backfill: both lanes read the same qualifiers off this cell.",RESOLVED,A+B+ADJUDICATOR,8783ef3e2dc6cf061218360ff1c3db121d172543d661901b2d74131021935dc1
01de593c6fe02e1781d4,SRC457,9,PAIR_3C1B48A118D010486913C007,B_ONLY,,312,,MERGE,"subject_type classifies what subject_name names: a named vehicle ('... , L.P.', an SMA, an LLC) is fund; a total or subtotal line is the owner's aggregate, so portfolio; an index is benchmark. A whole schedule typed investment means the label was not read. evidence_quote takes the full printed line over the bare value: the line proves this number, the bare digits prove only that they occur somewhere on the page.",RESOLVED,B+ADJUDICATOR,8783ef3e2dc6cf061218360ff1c3db121d172543d661901b2d74131021935dc1
d9b6d833c7a5fc48654d,SRC457,9,PAIR_0F3761F05395577E465F87EE,CLASSIFICATION_CONFLICT,271,313,record_family|source_section|asset_class|strategy|period_start|unit|evidence_quote,MERGE,"subject_type classifies what subject_name names: a named vehicle ('... , L.P.', an SMA, an LLC) is fund; a total or subtotal line is the owner's aggregate, so portfolio; an index is benchmark. A whole schedule typed investment means the label was not read. evidence_quote takes the full printed line over the bare value: the line proves this number, the bare digits prove only that they occur somewhere on the page. Definition backfill: both lanes read the same qualifiers off this cell. Definition backfill: both lanes read the same qualifiers off this cell.",RESOLVED,A+B+ADJUDICATOR,8783ef3e2dc6cf061218360ff1c3db121d172543d661901b2d74131021935dc1
e4cdee6e4ecb333b068c,SRC457,9,PAIR_A2ABF69976603497CE9FD3E5,CLASSIFICATION_CONFLICT,272,314,record_family|source_section|source_column_label|asset_class|strategy|period_start|currency_scale|metric_category|evidence_quote,MERGE,"subject_type classifies what subject_name names: a named vehicle ('... , L.P.', an SMA, an LLC) is fund; a total or subtotal line is the owner's aggregate, so portfolio; an index is benchmark. A whole schedule typed investment means the label was not read. evidence_quote takes the full printed line over the bare value: the line proves this number, the bare digits prove only that they occur somewhere on the page. Definition backfill: both lanes read the same qualifiers off this cell. Definition backfill: both lanes read the same qualifiers off this cell.",RESOLVED,A+B+ADJUDICATOR,8783ef3e2dc6cf061218360ff1c3db121d172543d661901b2d74131021935dc1
02c6698f9d2fb2efd3f8,SRC457,9,PAIR_7B08BA87D2A5B85658C3393F,B_ONLY,,315,,MERGE,"subject_type classifies what subject_name names: a named vehicle ('... , L.P.', an SMA, an LLC) is fund; a total or subtotal line is the owner's aggregate, so portfolio; an index is benchmark. A whole schedule typed investment means the label was not read. PIC is paid_in_capital, never moic: the disambiguation table names the printed label PIC explicitly. The page prints it under a Multiples banner, which is why one lane typed it a multiple. evidence_quote takes the full printed line over the bare value: the line proves this number, the bare digits prove only that they occur somewhere on the page. Definition backfill: both lanes read the same qualifiers off this cell. Definition backfill: both lanes read the same qualifiers off this cell.; the PIC column sits in the multiples block beside TVPI, RVPI, and DPI and its footnote states that PIC multiples may exceed 1.00 due to recycling, so the printed value is a multiple of commitment rather than an amount",RESOLVED,B+ADJUDICATOR,8783ef3e2dc6cf061218360ff1c3db121d172543d661901b2d74131021935dc1
b55554f19ffe57481bb3,SRC457,9,PAIR_A0E01566E746AE21882595E9,CLASSIFICATION_CONFLICT,273,316,record_family|source_section|asset_class|strategy|period_start|metric_name|evidence_quote,MERGE,"subject_type classifies what subject_name names: a named vehicle ('... , L.P.', an SMA, an LLC) is fund; a total or subtotal line is the owner's aggregate, so portfolio; an index is benchmark. A whole schedule typed investment means the label was not read. metric_name: rows are entities and columns are periods, so the metric is the measure the table itself names in its printed wording, 'Net Time Weighted Returns' — never the period (which is the horizon) and never a singularised trim of the banner. evidence_quote takes the full printed line over the bare value: the line proves this number, the bare digits prove only that they occur somewhere on the page. Definition backfill: both lanes read the same qualifiers off this cell. Definition backfill: both lanes read the same qualifiers off this cell.",RESOLVED,A+B+ADJUDICATOR,8783ef3e2dc6cf061218360ff1c3db121d172543d661901b2d74131021935dc1
bdc63ec48a0c35c55299,SRC457,9,PAIR_3A7E5F2DF9124D2C784C652D,CLASSIFICATION_CONFLICT,274,317,record_family|source_section|asset_class|strategy|period_start|unit|evidence_quote,MERGE,"subject_type classifies what subject_name names: a named vehicle ('... , L.P.', an SMA, an LLC) is fund; a total or subtotal line is the owner's aggregate, so portfolio; an index is benchmark. A whole schedule typed investment means the label was not read. evidence_quote takes the full printed line over the bare value: the line proves this number, the bare digits prove only that they occur somewhere on the page. Definition backfill: both lanes read the same qualifiers off this cell. Definition backfill: both lanes read the same qualifiers off this cell.",RESOLVED,A+B+ADJUDICATOR,8783ef3e2dc6cf061218360ff1c3db121d172543d661901b2d74131021935dc1
81d3c4d29318694ab9ca,SRC457,9,PAIR_361FA065DD924BF6A77709AF,CLASSIFICATION_CONFLICT,276,318,record_family|source_section|source_column_label|asset_class|strategy|period_start|metric_name|evidence_quote,MERGE,"subject_type classifies what subject_name names: a named vehicle ('... , L.P.', an SMA, an LLC) is fund; a total or subtotal line is the owner's aggregate, so portfolio; an index is benchmark. A whole schedule typed investment means the label was not read. evidence_quote takes the full printed line over the bare value: the line proves this number, the bare digits prove only that they occur somewhere on the page. Definition backfill: both lanes read the same qualifiers off this cell. Definition backfill: both lanes read the same qualifiers off this cell.",RESOLVED,A+B+ADJUDICATOR,8783ef3e2dc6cf061218360ff1c3db121d172543d661901b2d74131021935dc1
83e2cb5715fcabf3eb71,SRC457,9,PAIR_72281FDF6EEFAFBAFF8A7F95,CLASSIFICATION_CONFLICT,275,319,record_family|source_section|asset_class|strategy|period_start|metric_name|evidence_quote,MERGE,"subject_type classifies what subject_name names: a named vehicle ('... , L.P.', an SMA, an LLC) is fund; a total or subtotal line is the owner's aggregate, so portfolio; an index is benchmark. A whole schedule typed investment means the label was not read. metric_name: rows are entities and columns are periods, so the metric is the measure the table itself names in its printed wording, 'Net Time Weighted Returns' — never the period (which is the horizon) and never a singularised trim of the banner. evidence_quote takes the full printed line over the bare value: the line proves this number, the bare digits prove only that they occur somewhere on the page. Definition backfill: both lanes read the same qualifiers off this cell. Definition backfill: both lanes read the same qualifiers off this cell.",RESOLVED,A+B+ADJUDICATOR,8783ef3e2dc6cf061218360ff1c3db121d172543d661901b2d74131021935dc1
1dbcec94c13800f19958,SRC457,9,PAIR_32DD53CBFD8075F1616DE5C1,CLASSIFICATION_CONFLICT,277,320,record_family|source_section|asset_class|strategy|period_start|unit|evidence_quote,MERGE,"subject_type classifies what subject_name names: a named vehicle ('... , L.P.', an SMA, an LLC) is fund; a total or subtotal line is the owner's aggregate, so portfolio; an index is benchmark. A whole schedule typed investment means the label was not read. evidence_quote takes the full printed line over the bare value: the line proves this number, the bare digits prove only that they occur somewhere on the page. Definition backfill: both lanes read the same qualifiers off this cell. Definition backfill: both lanes read the same qualifiers off this cell.",RESOLVED,A+B+ADJUDICATOR,8783ef3e2dc6cf061218360ff1c3db121d172543d661901b2d74131021935dc1
d4ac40e2619b1435bbf2,SRC457,9,PAIR_A440015F2C9B0C3B3132F66E,B_ONLY,,321,,MERGE,"subject_type classifies what subject_name names: a named vehicle ('... , L.P.', an SMA, an LLC) is fund; a total or subtotal line is the owner's aggregate, so portfolio; an index is benchmark. A whole schedule typed investment means the label was not read. evidence_quote takes the full printed line over the bare value: the line proves this number, the bare digits prove only that they occur somewhere on the page.",RESOLVED,B+ADJUDICATOR,8783ef3e2dc6cf061218360ff1c3db121d172543d661901b2d74131021935dc1
7fc0e3e23438a8870ed9,SRC457,9,PAIR_AC049FC4D310C7DF1C431970,CLASSIFICATION_CONFLICT,278,322,record_family|source_section|asset_class|strategy|period_start|metric_name|evidence_quote,MERGE,"subject_type classifies what subject_name names: a named vehicle ('... , L.P.', an SMA, an LLC) is fund; a total or subtotal line is the owner's aggregate, so portfolio; an index is benchmark. A whole schedule typed investment means the label was not read. metric_name: rows are entities and columns are periods, so the metric is the measure the table itself names in its printed wording, 'Net Time Weighted Returns' — never the period (which is the horizon) and never a singularised trim of the banner. evidence_quote takes the full printed line over the bare value: the line proves this number, the bare digits prove only that they occur somewhere on the page. Definition backfill: both lanes read the same qualifiers off this cell. Definition backfill: both lanes read the same qualifiers off this cell.",RESOLVED,A+B+ADJUDICATOR,8783ef3e2dc6cf061218360ff1c3db121d172543d661901b2d74131021935dc1
7d195290c4ea64240521,SRC457,9,PAIR_F923FECBA46A7CC191C9D7B4,VALUE_CONFLICT,279,323,record_family|source_section|asset_class|strategy|period_start|metric_name|metric_value_raw|evidence_quote,MERGE,"subject_type classifies what subject_name names: a named vehicle ('... , L.P.', an SMA, an LLC) is fund; a total or subtotal line is the owner's aggregate, so portfolio; an index is benchmark. A whole schedule typed investment means the label was not read. metric_name: rows are entities and columns are periods, so the metric is the measure the table itself names in its printed wording, 'Net Time Weighted Returns' — never the period (which is the horizon) and never a singularised trim of the banner. evidence_quote takes the full printed line over the bare value: the line proves this number, the bare digits prove only that they occur somewhere on the page. Definition backfill: both lanes read the same qualifiers off this cell. Definition backfill: both lanes read the same qualifiers off this cell.",RESOLVED,A+B+ADJUDICATOR,8783ef3e2dc6cf061218360ff1c3db121d172543d661901b2d74131021935dc1
259d24912156736e1bcd,SRC457,9,PAIR_FD4F0007E43503398C2F19EC,B_ONLY,,324,,MERGE,"subject_type classifies what subject_name names: a named vehicle ('... , L.P.', an SMA, an LLC) is fund; a total or subtotal line is the owner's aggregate, so portfolio; an index is benchmark. A whole schedule typed investment means the label was not read. evidence_quote takes the full printed line over the bare value: the line proves this number, the bare digits prove only that they occur somewhere on the page.",RESOLVED,B+ADJUDICATOR,8783ef3e2dc6cf061218360ff1c3db121d172543d661901b2d74131021935dc1
559ccaf62a677f3e373d,SRC457,9,PAIR_7405474762AD10990CE25066,CLASSIFICATION_CONFLICT,280,325,record_family|source_section|asset_class|strategy|period_start|unit|evidence_quote,MERGE,"subject_type classifies what subject_name names: a named vehicle ('... , L.P.', an SMA, an LLC) is fund; a total or subtotal line is the owner's aggregate, so portfolio; an index is benchmark. A whole schedule typed investment means the label was not read. evidence_quote takes the full printed line over the bare value: the line proves this number, the bare digits prove only that they occur somewhere on the page. Definition backfill: both lanes read the same qualifiers off this cell. Definition backfill: both lanes read the same qualifiers off this cell.",RESOLVED,A+B+ADJUDICATOR,8783ef3e2dc6cf061218360ff1c3db121d172543d661901b2d74131021935dc1
f957948d973867f6d8fb,SRC457,9,PAIR_9A1F7E8DD01E5C54347ED907,CLASSIFICATION_CONFLICT,281,326,record_family|source_section|source_column_label|asset_class|strategy|period_start|currency_scale|metric_category|evidence_quote,MERGE,"subject_type classifies what subject_name names: a named vehicle ('... , L.P.', an SMA, an LLC) is fund; a total or subtotal line is the owner's aggregate, so portfolio; an index is benchmark. A whole schedule typed investment means the label was not read. evidence_quote takes the full printed line over the bare value: the line proves this number, the bare digits prove only that they occur somewhere on the page. Definition backfill: both lanes read the same qualifiers off this cell. Definition backfill: both lanes read the same qualifiers off this cell.",RESOLVED,A+B+ADJUDICATOR,8783ef3e2dc6cf061218360ff1c3db121d172543d661901b2d74131021935dc1
013a0733ea270cfbfe39,SRC457,9,PAIR_996CBE86225FBC4FD0156F0B,B_ONLY,,327,,MERGE,"subject_type classifies what subject_name names: a named vehicle ('... , L.P.', an SMA, an LLC) is fund; a total or subtotal line is the owner's aggregate, so portfolio; an index is benchmark. A whole schedule typed investment means the label was not read. PIC is paid_in_capital, never moic: the disambiguation table names the printed label PIC explicitly. The page prints it under a Multiples banner, which is why one lane typed it a multiple. evidence_quote takes the full printed line over the bare value: the line proves this number, the bare digits prove only that they occur somewhere on the page. Definition backfill: both lanes read the same qualifiers off this cell. Definition backfill: both lanes read the same qualifiers off this cell.; the PIC column sits in the multiples block beside TVPI, RVPI, and DPI and its footnote states that PIC multiples may exceed 1.00 due to recycling, so the printed value is a multiple of commitment rather than an amount",RESOLVED,B+ADJUDICATOR,8783ef3e2dc6cf061218360ff1c3db121d172543d661901b2d74131021935dc1
a679022f156cb00abc95,SRC457,9,PAIR_7E07B3A39B8375C4BC57661C,CLASSIFICATION_CONFLICT,282,328,record_family|source_section|asset_class|strategy|period_start|metric_name|evidence_quote,MERGE,"subject_type classifies what subject_name names: a named vehicle ('... , L.P.', an SMA, an LLC) is fund; a total or subtotal line is the owner's aggregate, so portfolio; an index is benchmark. A whole schedule typed investment means the label was not read. metric_name: rows are entities and columns are periods, so the metric is the measure the table itself names in its printed wording, 'Net Time Weighted Returns' — never the period (which is the horizon) and never a singularised trim of the banner. evidence_quote takes the full printed line over the bare value: the line proves this number, the bare digits prove only that they occur somewhere on the page. Definition backfill: both lanes read the same qualifiers off this cell. Definition backfill: both lanes read the same qualifiers off this cell.",RESOLVED,A+B+ADJUDICATOR,8783ef3e2dc6cf061218360ff1c3db121d172543d661901b2d74131021935dc1
81d57dc2ceb0fdfc8525,SRC457,9,PAIR_AD16DE9FF5BD121DF9A13F8B,CLASSIFICATION_CONFLICT,283,329,record_family|source_section|asset_class|strategy|period_start|unit|evidence_quote,MERGE,"subject_type classifies what subject_name names: a named vehicle ('... , L.P.', an SMA, an LLC) is fund; a total or subtotal line is the owner's aggregate, so portfolio; an index is benchmark. A whole schedule typed investment means the label was not read. evidence_quote takes the full printed line over the bare value: the line proves this number, the bare digits prove only that they occur somewhere on the page. Definition backfill: both lanes read the same qualifiers off this cell. Definition backfill: both lanes read the same qualifiers off this cell.",RESOLVED,A+B+ADJUDICATOR,8783ef3e2dc6cf061218360ff1c3db121d172543d661901b2d74131021935dc1
dda938da8eba27734e55,SRC457,9,PAIR_B4AB9E8275EA2504BBAA7A28,CLASSIFICATION_CONFLICT,285,330,record_family|source_section|source_column_label|asset_class|strategy|period_start|metric_name|evidence_quote,MERGE,"subject_type classifies what subject_name names: a named vehicle ('... , L.P.', an SMA, an LLC) is fund; a total or subtotal line is the owner's aggregate, so portfolio; an index is benchmark. A whole schedule typed investment means the label was not read. evidence_quote takes the full printed line over the bare value: the line proves this number, the bare digits prove only that they occur somewhere on the page. Definition backfill: both lanes read the same qualifiers off this cell. Definition backfill: both lanes read the same qualifiers off this cell.",RESOLVED,A+B+ADJUDICATOR,8783ef3e2dc6cf061218360ff1c3db121d172543d661901b2d74131021935dc1
85623f0a40b957d8b894,SRC457,9,PAIR_A2FC6B27DB8735C4709CC5EC,VALUE_CONFLICT,284,331,record_family|source_section|asset_class|strategy|period_start|metric_name|metric_value_raw|evidence_quote,MERGE,"subject_type classifies what subject_name names: a named vehicle ('... , L.P.', an SMA, an LLC) is fund; a total or subtotal line is the owner's aggregate, so portfolio; an index is benchmark. A whole schedule typed investment means the label was not read. metric_name: rows are entities and columns are periods, so the metric is the measure the table itself names in its printed wording, 'Net Time Weighted Returns' — never the period (which is the horizon) and never a singularised trim of the banner. evidence_quote takes the full printed line over the bare value: the line proves this number, the bare digits prove only that they occur somewhere on the page. Definition backfill: both lanes read the same qualifiers off this cell. Definition backfill: both lanes read the same qualifiers off this cell.",RESOLVED,A+B+ADJUDICATOR,8783ef3e2dc6cf061218360ff1c3db121d172543d661901b2d74131021935dc1
1fab799b815af5fc332f,SRC457,9,PAIR_ED7EB72EC67028B3D70C3810,CLASSIFICATION_CONFLICT,286,332,record_family|source_section|asset_class|strategy|period_start|unit|evidence_quote,MERGE,"subject_type classifies what subject_name names: a named vehicle ('... , L.P.', an SMA, an LLC) is fund; a total or subtotal line is the owner's aggregate, so portfolio; an index is benchmark. A whole schedule typed investment means the label was not read. evidence_quote takes the full printed line over the bare value: the line proves this number, the bare digits prove only that they occur somewhere on the page. Definition backfill: both lanes read the same qualifiers off this cell. Definition backfill: both lanes read the same qualifiers off this cell.",RESOLVED,A+B+ADJUDICATOR,8783ef3e2dc6cf061218360ff1c3db121d172543d661901b2d74131021935dc1
91c85d0ce28787cd9661,SRC457,9,PAIR_3280AC13597A2BC64324DAA6,B_ONLY,,333,,MERGE,"subject_type classifies what subject_name names: a named vehicle ('... , L.P.', an SMA, an LLC) is fund; a total or subtotal line is the owner's aggregate, so portfolio; an index is benchmark. A whole schedule typed investment means the label was not read. evidence_quote takes the full printed line over the bare value: the line proves this number, the bare digits prove only that they occur somewhere on the page.",RESOLVED,B+ADJUDICATOR,8783ef3e2dc6cf061218360ff1c3db121d172543d661901b2d74131021935dc1
2f180813ce036167a733,SRC457,9,PAIR_C37D6B63FE0C4D71A3B8F955,VALUE_CONFLICT,287,334,record_family|source_section|asset_class|strategy|period_start|metric_name|metric_value_raw|evidence_quote,MERGE,"subject_type classifies what subject_name names: a named vehicle ('... , L.P.', an SMA, an LLC) is fund; a total or subtotal line is the owner's aggregate, so portfolio; an index is benchmark. A whole schedule typed investment means the label was not read. metric_name: rows are entities and columns are periods, so the metric is the measure the table itself names in its printed wording, 'Net Time Weighted Returns' — never the period (which is the horizon) and never a singularised trim of the banner. evidence_quote takes the full printed line over the bare value: the line proves this number, the bare digits prove only that they occur somewhere on the page. Definition backfill: both lanes read the same qualifiers off this cell. Definition backfill: both lanes read the same qualifiers off this cell.",RESOLVED,A+B+ADJUDICATOR,8783ef3e2dc6cf061218360ff1c3db121d172543d661901b2d74131021935dc1
0da1002a21d793badaf7,SRC457,9,PAIR_4AA09CB160AC4463E0D836B0,VALUE_CONFLICT,288,335,record_family|source_section|asset_class|strategy|period_start|metric_name|metric_value_raw|evidence_quote,MERGE,"subject_type classifies what subject_name names: a named vehicle ('... , L.P.', an SMA, an LLC) is fund; a total or subtotal line is the owner's aggregate, so portfolio; an index is benchmark. A whole schedule typed investment means the label was not read. metric_name: rows are entities and columns are periods, so the metric is the measure the table itself names in its printed wording, 'Net Time Weighted Returns' — never the period (which is the horizon) and never a singularised trim of the banner. evidence_quote takes the full printed line over the bare value: the line proves this number, the bare digits prove only that they occur somewhere on the page. Definition backfill: both lanes read the same qualifiers off this cell. Definition backfill: both lanes read the same qualifiers off this cell.",RESOLVED,A+B+ADJUDICATOR,8783ef3e2dc6cf061218360ff1c3db121d172543d661901b2d74131021935dc1
675b32f8be53b2d3939e,SRC457,9,PAIR_FB5DCCDA068DD24453E3AB72,CLASSIFICATION_CONFLICT,289,336,record_family|source_section|asset_class|strategy|period_start|metric_name|evidence_quote,MERGE,"subject_type classifies what subject_name names: a named vehicle ('... , L.P.', an SMA, an LLC) is fund; a total or subtotal line is the owner's aggregate, so portfolio; an index is benchmark. A whole schedule typed investment means the label was not read. metric_name: rows are entities and columns are periods, so the metric is the measure the table itself names in its printed wording, 'Net Time Weighted Returns' — never the period (which is the horizon) and never a singularised trim of the banner. evidence_quote takes the full printed line over the bare value: the line proves this number, the bare digits prove only that they occur somewhere on the page. Definition backfill: both lanes read the same qualifiers off this cell. Definition backfill: both lanes read the same qualifiers off this cell.",RESOLVED,A+B+ADJUDICATOR,8783ef3e2dc6cf061218360ff1c3db121d172543d661901b2d74131021935dc1
41c94c6d74af07ea00ca,SRC457,9,PAIR_2C58EA95BC029D17E4C76D55,B_ONLY,,337,,MERGE,"subject_type classifies what subject_name names: a named vehicle ('... , L.P.', an SMA, an LLC) is fund; a total or subtotal line is the owner's aggregate, so portfolio; an index is benchmark. A whole schedule typed investment means the label was not read. evidence_quote takes the full printed line over the bare value: the line proves this number, the bare digits prove only that they occur somewhere on the page.",RESOLVED,B+ADJUDICATOR,8783ef3e2dc6cf061218360ff1c3db121d172543d661901b2d74131021935dc1
3cd3affda77d238f8548,SRC457,9,PAIR_D2B2056B8FEED6F400ABDAA6,CLASSIFICATION_CONFLICT,290,338,record_family|source_section|asset_class|strategy|period_start|unit|evidence_quote,MERGE,"subject_type classifies what subject_name names: a named vehicle ('... , L.P.', an SMA, an LLC) is fund; a total or subtotal line is the owner's aggregate, so portfolio; an index is benchmark. A whole schedule typed investment means the label was not read. evidence_quote takes the full printed line over the bare value: the line proves this number, the bare digits prove only that they occur somewhere on the page. Definition backfill: both lanes read the same qualifiers off this cell. Definition backfill: both lanes read the same qualifiers off this cell.",RESOLVED,A+B+ADJUDICATOR,8783ef3e2dc6cf061218360ff1c3db121d172543d661901b2d74131021935dc1
247a02ebe068afa6b575,SRC457,9,PAIR_B2D6BBD54A9C4D0FA9768971,CLASSIFICATION_CONFLICT,291,339,record_family|source_section|source_column_label|asset_class|strategy|period_start|currency_scale|metric_category|evidence_quote,MERGE,"subject_type classifies what subject_name names: a named vehicle ('... , L.P.', an SMA, an LLC) is fund; a total or subtotal line is the owner's aggregate, so portfolio; an index is benchmark. A whole schedule typed investment means the label was not read. evidence_quote takes the full printed line over the bare value: the line proves this number, the bare digits prove only that they occur somewhere on the page. Definition backfill: both lanes read the same qualifiers off this cell. Definition backfill: both lanes read the same qualifiers off this cell.",RESOLVED,A+B+ADJUDICATOR,8783ef3e2dc6cf061218360ff1c3db121d172543d661901b2d74131021935dc1
e3677c0bc97b34086be7,SRC457,9,PAIR_171FCBF0A8E5B518E67DAD6D,B_ONLY,,340,,MERGE,"subject_type classifies what subject_name names: a named vehicle ('... , L.P.', an SMA, an LLC) is fund; a total or subtotal line is the owner's aggregate, so portfolio; an index is benchmark. A whole schedule typed investment means the label was not read. PIC is paid_in_capital, never moic: the disambiguation table names the printed label PIC explicitly. The page prints it under a Multiples banner, which is why one lane typed it a multiple. evidence_quote takes the full printed line over the bare value: the line proves this number, the bare digits prove only that they occur somewhere on the page. Definition backfill: both lanes read the same qualifiers off this cell. Definition backfill: both lanes read the same qualifiers off this cell.; the PIC column sits in the multiples block beside TVPI, RVPI, and DPI and its footnote states that PIC multiples may exceed 1.00 due to recycling, so the printed value is a multiple of commitment rather than an amount",RESOLVED,B+ADJUDICATOR,8783ef3e2dc6cf061218360ff1c3db121d172543d661901b2d74131021935dc1
f8194fc71be11bec0b66,SRC457,9,PAIR_E4D6AF69524B6F6FAC2A6E59,CLASSIFICATION_CONFLICT,292,341,record_family|source_section|asset_class|strategy|period_start|metric_name|evidence_quote,MERGE,"subject_type classifies what subject_name names: a named vehicle ('... , L.P.', an SMA, an LLC) is fund; a total or subtotal line is the owner's aggregate, so portfolio; an index is benchmark. A whole schedule typed investment means the label was not read. metric_name: rows are entities and columns are periods, so the metric is the measure the table itself names in its printed wording, 'Net Time Weighted Returns' — never the period (which is the horizon) and never a singularised trim of the banner. evidence_quote takes the full printed line over the bare value: the line proves this number, the bare digits prove only that they occur somewhere on the page. Definition backfill: both lanes read the same qualifiers off this cell. Definition backfill: both lanes read the same qualifiers off this cell.",RESOLVED,A+B+ADJUDICATOR,8783ef3e2dc6cf061218360ff1c3db121d172543d661901b2d74131021935dc1
a5564430421758fa925b,SRC457,9,PAIR_9E588EEE26DAC9EB8AA2A461,CLASSIFICATION_CONFLICT,293,342,record_family|source_section|asset_class|strategy|period_start|unit|evidence_quote,MERGE,"subject_type classifies what subject_name names: a named vehicle ('... , L.P.', an SMA, an LLC) is fund; a total or subtotal line is the owner's aggregate, so portfolio; an index is benchmark. A whole schedule typed investment means the label was not read. evidence_quote takes the full printed line over the bare value: the line proves this number, the bare digits prove only that they occur somewhere on the page. Definition backfill: both lanes read the same qualifiers off this cell. Definition backfill: both lanes read the same qualifiers off this cell.",RESOLVED,A+B+ADJUDICATOR,8783ef3e2dc6cf061218360ff1c3db121d172543d661901b2d74131021935dc1
8d1fb2e1a038c2196a01,SRC457,9,PAIR_326F3BBDBB03BF7F1D5C84C3,CLASSIFICATION_CONFLICT,295,343,record_family|source_section|source_column_label|asset_class|strategy|period_start|metric_name|evidence_quote,MERGE,"subject_type classifies what subject_name names: a named vehicle ('... , L.P.', an SMA, an LLC) is fund; a total or subtotal line is the owner's aggregate, so portfolio; an index is benchmark. A whole schedule typed investment means the label was not read. evidence_quote takes the full printed line over the bare value: the line proves this number, the bare digits prove only that they occur somewhere on the page. Definition backfill: both lanes read the same qualifiers off this cell. Definition backfill: both lanes read the same qualifiers off this cell.",RESOLVED,A+B+ADJUDICATOR,8783ef3e2dc6cf061218360ff1c3db121d172543d661901b2d74131021935dc1
6d4c8310e1b228fd0d0e,SRC457,9,PAIR_24801852216E01F676DB70DA,CLASSIFICATION_CONFLICT,294,344,record_family|source_section|asset_class|strategy|period_start|metric_name|evidence_quote,MERGE,"subject_type classifies what subject_name names: a named vehicle ('... , L.P.', an SMA, an LLC) is fund; a total or subtotal line is the owner's aggregate, so portfolio; an index is benchmark. A whole schedule typed investment means the label was not read. metric_name: rows are entities and columns are periods, so the metric is the measure the table itself names in its printed wording, 'Net Time Weighted Returns' — never the period (which is the horizon) and never a singularised trim of the banner. evidence_quote takes the full printed line over the bare value: the line proves this number, the bare digits prove only that they occur somewhere on the page. Definition backfill: both lanes read the same qualifiers off this cell. Definition backfill: both lanes read the same qualifiers off this cell.",RESOLVED,A+B+ADJUDICATOR,8783ef3e2dc6cf061218360ff1c3db121d172543d661901b2d74131021935dc1
1769d8648cee963ee9b1,SRC457,9,PAIR_13C1F22059B0467B8221B0F8,CLASSIFICATION_CONFLICT,296,345,record_family|source_section|asset_class|strategy|period_start|unit|evidence_quote,MERGE,"subject_type classifies what subject_name names: a named vehicle ('... , L.P.', an SMA, an LLC) is fund; a total or subtotal line is the owner's aggregate, so portfolio; an index is benchmark. A whole schedule typed investment means the label was not read. evidence_quote takes the full printed line over the bare value: the line proves this number, the bare digits prove only that they occur somewhere on the page. Definition backfill: both lanes read the same qualifiers off this cell. Definition backfill: both lanes read the same qualifiers off this cell.",RESOLVED,A+B+ADJUDICATOR,8783ef3e2dc6cf061218360ff1c3db121d172543d661901b2d74131021935dc1
847ecc2953ed0b87ddf7,SRC457,9,PAIR_5E6B398DF18C24CC7B6A965A,B_ONLY,,346,,MERGE,"subject_type classifies what subject_name names: a named vehicle ('... , L.P.', an SMA, an LLC) is fund; a total or subtotal line is the owner's aggregate, so portfolio; an index is benchmark. A whole schedule typed investment means the label was not read. evidence_quote takes the full printed line over the bare value: the line proves this number, the bare digits prove only that they occur somewhere on the page.",RESOLVED,B+ADJUDICATOR,8783ef3e2dc6cf061218360ff1c3db121d172543d661901b2d74131021935dc1
e5be299878af5efdfeb9,SRC457,9,PAIR_4135F82B6A832E870C2A5597,CLASSIFICATION_CONFLICT,297,347,record_family|source_section|asset_class|strategy|period_start|metric_name|evidence_quote,MERGE,"subject_type classifies what subject_name names: a named vehicle ('... , L.P.', an SMA, an LLC) is fund; a total or subtotal line is the owner's aggregate, so portfolio; an index is benchmark. A whole schedule typed investment means the label was not read. metric_name: rows are entities and columns are periods, so the metric is the measure the table itself names in its printed wording, 'Net Time Weighted Returns' — never the period (which is the horizon) and never a singularised trim of the banner. evidence_quote takes the full printed line over the bare value: the line proves this number, the bare digits prove only that they occur somewhere on the page. Definition backfill: both lanes read the same qualifiers off this cell. Definition backfill: both lanes read the same qualifiers off this cell.",RESOLVED,A+B+ADJUDICATOR,8783ef3e2dc6cf061218360ff1c3db121d172543d661901b2d74131021935dc1
e3b6b5c9811ae6096b66,SRC457,9,PAIR_AE8EC9CB8F7F88442EDF2FEE,CLASSIFICATION_CONFLICT,298,348,record_family|source_section|asset_class|strategy|period_start|metric_name|evidence_quote,MERGE,"subject_type classifies what subject_name names: a named vehicle ('... , L.P.', an SMA, an LLC) is fund; a total or subtotal line is the owner's aggregate, so portfolio; an index is benchmark. A whole schedule typed investment means the label was not read. metric_name: rows are entities and columns are periods, so the metric is the measure the table itself names in its printed wording, 'Net Time Weighted Returns' — never the period (which is the horizon) and never a singularised trim of the banner. evidence_quote takes the full printed line over the bare value: the line proves this number, the bare digits prove only that they occur somewhere on the page. Definition backfill: both lanes read the same qualifiers off this cell. Definition backfill: both lanes read the same qualifiers off this cell.",RESOLVED,A+B+ADJUDICATOR,8783ef3e2dc6cf061218360ff1c3db121d172543d661901b2d74131021935dc1
c53f60abfaa7750f4645,SRC457,9,PAIR_C8B1B7D770BBC0C90CCC8634,B_ONLY,,349,,MERGE,"subject_type classifies what subject_name names: a named vehicle ('... , L.P.', an SMA, an LLC) is fund; a total or subtotal line is the owner's aggregate, so portfolio; an index is benchmark. A whole schedule typed investment means the label was not read. evidence_quote takes the full printed line over the bare value: the line proves this number, the bare digits prove only that they occur somewhere on the page.",RESOLVED,B+ADJUDICATOR,8783ef3e2dc6cf061218360ff1c3db121d172543d661901b2d74131021935dc1
6aaeb8b325b5af7fd5b0,SRC457,9,PAIR_7DF58DF1EDE959A532641345,CLASSIFICATION_CONFLICT,299,350,record_family|source_section|asset_class|strategy|period_start|unit|evidence_quote,MERGE,"subject_type classifies what subject_name names: a named vehicle ('... , L.P.', an SMA, an LLC) is fund; a total or subtotal line is the owner's aggregate, so portfolio; an index is benchmark. A whole schedule typed investment means the label was not read. evidence_quote takes the full printed line over the bare value: the line proves this number, the bare digits prove only that they occur somewhere on the page. Definition backfill: both lanes read the same qualifiers off this cell. Definition backfill: both lanes read the same qualifiers off this cell.",RESOLVED,A+B+ADJUDICATOR,8783ef3e2dc6cf061218360ff1c3db121d172543d661901b2d74131021935dc1
22eb75ba75b948869336,SRC457,9,PAIR_08EBF723118346FA1FC7FD53,CLASSIFICATION_CONFLICT,300,351,record_family|source_section|source_column_label|asset_class|strategy|period_start|currency_scale|metric_category|evidence_quote,MERGE,"subject_type classifies what subject_name names: a named vehicle ('... , L.P.', an SMA, an LLC) is fund; a total or subtotal line is the owner's aggregate, so portfolio; an index is benchmark. A whole schedule typed investment means the label was not read. evidence_quote takes the full printed line over the bare value: the line proves this number, the bare digits prove only that they occur somewhere on the page. Definition backfill: both lanes read the same qualifiers off this cell. Definition backfill: both lanes read the same qualifiers off this cell.",RESOLVED,A+B+ADJUDICATOR,8783ef3e2dc6cf061218360ff1c3db121d172543d661901b2d74131021935dc1
a54c2c6a4aeb9df2974b,SRC457,9,PAIR_794308BC80D0C7DD2C2C55FD,B_ONLY,,352,,MERGE,"subject_type classifies what subject_name names: a named vehicle ('... , L.P.', an SMA, an LLC) is fund; a total or subtotal line is the owner's aggregate, so portfolio; an index is benchmark. A whole schedule typed investment means the label was not read. PIC is paid_in_capital, never moic: the disambiguation table names the printed label PIC explicitly. The page prints it under a Multiples banner, which is why one lane typed it a multiple. evidence_quote takes the full printed line over the bare value: the line proves this number, the bare digits prove only that they occur somewhere on the page. Definition backfill: both lanes read the same qualifiers off this cell. Definition backfill: both lanes read the same qualifiers off this cell.; the PIC column sits in the multiples block beside TVPI, RVPI, and DPI and its footnote states that PIC multiples may exceed 1.00 due to recycling, so the printed value is a multiple of commitment rather than an amount",RESOLVED,B+ADJUDICATOR,8783ef3e2dc6cf061218360ff1c3db121d172543d661901b2d74131021935dc1
21c850197db320cd9166,SRC457,9,PAIR_86D1A25F5263358CFFA8F5AF,CLASSIFICATION_CONFLICT,301,353,record_family|source_section|asset_class|strategy|period_start|metric_name|evidence_quote,MERGE,"subject_type classifies what subject_name names: a named vehicle ('... , L.P.', an SMA, an LLC) is fund; a total or subtotal line is the owner's aggregate, so portfolio; an index is benchmark. A whole schedule typed investment means the label was not read. metric_name: rows are entities and columns are periods, so the metric is the measure the table itself names in its printed wording, 'Net Time Weighted Returns' — never the period (which is the horizon) and never a singularised trim of the banner. evidence_quote takes the full printed line over the bare value: the line proves this number, the bare digits prove only that they occur somewhere on the page. Definition backfill: both lanes read the same qualifiers off this cell. Definition backfill: both lanes read the same qualifiers off this cell.",RESOLVED,A+B+ADJUDICATOR,8783ef3e2dc6cf061218360ff1c3db121d172543d661901b2d74131021935dc1
279d448faca11bdf6463,SRC457,9,PAIR_45B787F3056CC5471DF96CDB,CLASSIFICATION_CONFLICT,302,354,record_family|source_section|asset_class|strategy|period_start|unit|evidence_quote,MERGE,"subject_type classifies what subject_name names: a named vehicle ('... , L.P.', an SMA, an LLC) is fund; a total or subtotal line is the owner's aggregate, so portfolio; an index is benchmark. A whole schedule typed investment means the label was not read. evidence_quote takes the full printed line over the bare value: the line proves this number, the bare digits prove only that they occur somewhere on the page. Definition backfill: both lanes read the same qualifiers off this cell. Definition backfill: both lanes read the same qualifiers off this cell.",RESOLVED,A+B+ADJUDICATOR,8783ef3e2dc6cf061218360ff1c3db121d172543d661901b2d74131021935dc1
57bbdc11fdac5968bab9,SRC457,9,PAIR_82B285916DA52CBA1323416B,CLASSIFICATION_CONFLICT,304,355,record_family|source_section|source_column_label|asset_class|strategy|period_start|metric_name|evidence_quote,MERGE,"subject_type classifies what subject_name names: a named vehicle ('... , L.P.', an SMA, an LLC) is fund; a total or subtotal line is the owner's aggregate, so portfolio; an index is benchmark. A whole schedule typed investment means the label was not read. evidence_quote takes the full printed line over the bare value: the line proves this number, the bare digits prove only that they occur somewhere on the page. Definition backfill: both lanes read the same qualifiers off this cell. Definition backfill: both lanes read the same qualifiers off this cell.",RESOLVED,A+B+ADJUDICATOR,8783ef3e2dc6cf061218360ff1c3db121d172543d661901b2d74131021935dc1
9b87632e58048b48a0c0,SRC457,9,PAIR_3C8FF3426A682DB2D9ABED7B,CLASSIFICATION_CONFLICT,303,356,record_family|source_section|asset_class|strategy|period_start|metric_name|evidence_quote,MERGE,"subject_type classifies what subject_name names: a named vehicle ('... , L.P.', an SMA, an LLC) is fund; a total or subtotal line is the owner's aggregate, so portfolio; an index is benchmark. A whole schedule typed investment means the label was not read. metric_name: rows are entities and columns are periods, so the metric is the measure the table itself names in its printed wording, 'Net Time Weighted Returns' — never the period (which is the horizon) and never a singularised trim of the banner. evidence_quote takes the full printed line over the bare value: the line proves this number, the bare digits prove only that they occur somewhere on the page. Definition backfill: both lanes read the same qualifiers off this cell. Definition backfill: both lanes read the same qualifiers off this cell.",RESOLVED,A+B+ADJUDICATOR,8783ef3e2dc6cf061218360ff1c3db121d172543d661901b2d74131021935dc1
0e82e7847fe028b2d12c,SRC457,9,PAIR_29E4C7FE2D2D53F406CC923F,CLASSIFICATION_CONFLICT,305,357,record_family|source_section|asset_class|strategy|period_start|unit|evidence_quote,MERGE,"subject_type classifies what subject_name names: a named vehicle ('... , L.P.', an SMA, an LLC) is fund; a total or subtotal line is the owner's aggregate, so portfolio; an index is benchmark. A whole schedule typed investment means the label was not read. evidence_quote takes the full printed line over the bare value: the line proves this number, the bare digits prove only that they occur somewhere on the page. Definition backfill: both lanes read the same qualifiers off this cell. Definition backfill: both lanes read the same qualifiers off this cell.",RESOLVED,A+B+ADJUDICATOR,8783ef3e2dc6cf061218360ff1c3db121d172543d661901b2d74131021935dc1
cb44d73ee35bb9e09885,SRC457,9,PAIR_5122C8B9EA3B58692CAE38CE,B_ONLY,,358,,MERGE,"subject_type classifies what subject_name names: a named vehicle ('... , L.P.', an SMA, an LLC) is fund; a total or subtotal line is the owner's aggregate, so portfolio; an index is benchmark. A whole schedule typed investment means the label was not read. evidence_quote takes the full printed line over the bare value: the line proves this number, the bare digits prove only that they occur somewhere on the page.",RESOLVED,B+ADJUDICATOR,8783ef3e2dc6cf061218360ff1c3db121d172543d661901b2d74131021935dc1
85417fc75d153c053323,SRC457,9,PAIR_5C245789BB0994C0214AFCA8,CLASSIFICATION_CONFLICT,306,359,record_family|source_section|asset_class|strategy|period_start|metric_name|evidence_quote,MERGE,"subject_type classifies what subject_name names: a named vehicle ('... , L.P.', an SMA, an LLC) is fund; a total or subtotal line is the owner's aggregate, so portfolio; an index is benchmark. A whole schedule typed investment means the label was not read. metric_name: rows are entities and columns are periods, so the metric is the measure the table itself names in its printed wording, 'Net Time Weighted Returns' — never the period (which is the horizon) and never a singularised trim of the banner. evidence_quote takes the full printed line over the bare value: the line proves this number, the bare digits prove only that they occur somewhere on the page. Definition backfill: both lanes read the same qualifiers off this cell. Definition backfill: both lanes read the same qualifiers off this cell.",RESOLVED,A+B+ADJUDICATOR,8783ef3e2dc6cf061218360ff1c3db121d172543d661901b2d74131021935dc1
1ff90f2fd514113e9acd,SRC457,9,PAIR_852A6F7F8F8539721BCFF127,VALUE_CONFLICT,307,360,record_family|source_section|asset_class|strategy|period_start|metric_name|metric_value_raw|evidence_quote,MERGE,"subject_type classifies what subject_name names: a named vehicle ('... , L.P.', an SMA, an LLC) is fund; a total or subtotal line is the owner's aggregate, so portfolio; an index is benchmark. A whole schedule typed investment means the label was not read. metric_name: rows are entities and columns are periods, so the metric is the measure the table itself names in its printed wording, 'Net Time Weighted Returns' — never the period (which is the horizon) and never a singularised trim of the banner. evidence_quote takes the full printed line over the bare value: the line proves this number, the bare digits prove only that they occur somewhere on the page. Definition backfill: both lanes read the same qualifiers off this cell. Definition backfill: both lanes read the same qualifiers off this cell.",RESOLVED,A+B+ADJUDICATOR,8783ef3e2dc6cf061218360ff1c3db121d172543d661901b2d74131021935dc1
4d95a2f8f78587d73e8b,SRC457,9,PAIR_08805A1CAC7646508626C8A5,VALUE_CONFLICT,308,361,record_family|source_section|asset_class|strategy|period_start|metric_name|metric_value_raw|evidence_quote,MERGE,"subject_type classifies what subject_name names: a named vehicle ('... , L.P.', an SMA, an LLC) is fund; a total or subtotal line is the owner's aggregate, so portfolio; an index is benchmark. A whole schedule typed investment means the label was not read. metric_name: rows are entities and columns are periods, so the metric is the measure the table itself names in its printed wording, 'Net Time Weighted Returns' — never the period (which is the horizon) and never a singularised trim of the banner. evidence_quote takes the full printed line over the bare value: the line proves this number, the bare digits prove only that they occur somewhere on the page. Definition backfill: both lanes read the same qualifiers off this cell. Definition backfill: both lanes read the same qualifiers off this cell.",RESOLVED,A+B+ADJUDICATOR,8783ef3e2dc6cf061218360ff1c3db121d172543d661901b2d74131021935dc1
d70c68ae9ed1301aa68e,SRC457,9,PAIR_96E97942F833816C015F1142,VALUE_CONFLICT,309,362,record_family|source_section|asset_class|strategy|period_start|metric_name|metric_value_raw|evidence_quote,MERGE,"subject_type classifies what subject_name names: a named vehicle ('... , L.P.', an SMA, an LLC) is fund; a total or subtotal line is the owner's aggregate, so portfolio; an index is benchmark. A whole schedule typed investment means the label was not read. metric_name: rows are entities and columns are periods, so the metric is the measure the table itself names in its printed wording, 'Net Time Weighted Returns' — never the period (which is the horizon) and never a singularised trim of the banner. evidence_quote takes the full printed line over the bare value: the line proves this number, the bare digits prove only that they occur somewhere on the page. Definition backfill: both lanes read the same qualifiers off this cell. Definition backfill: both lanes read the same qualifiers off this cell.",RESOLVED,A+B+ADJUDICATOR,8783ef3e2dc6cf061218360ff1c3db121d172543d661901b2d74131021935dc1
d1841bb28ec24f74cdd0,SRC457,9,PAIR_7F11C0648467BC0FA1973801,B_ONLY,,363,,MERGE,"subject_type classifies what subject_name names: a named vehicle ('... , L.P.', an SMA, an LLC) is fund; a total or subtotal line is the owner's aggregate, so portfolio; an index is benchmark. A whole schedule typed investment means the label was not read. evidence_quote takes the full printed line over the bare value: the line proves this number, the bare digits prove only that they occur somewhere on the page.",RESOLVED,B+ADJUDICATOR,8783ef3e2dc6cf061218360ff1c3db121d172543d661901b2d74131021935dc1
87fd0c17990ad955b0c3,SRC457,9,PAIR_B7DDC1E1BEA5F8E82F8A00D3,CLASSIFICATION_CONFLICT,310,364,record_family|source_section|asset_class|strategy|period_start|unit|evidence_quote,MERGE,"subject_type classifies what subject_name names: a named vehicle ('... , L.P.', an SMA, an LLC) is fund; a total or subtotal line is the owner's aggregate, so portfolio; an index is benchmark. A whole schedule typed investment means the label was not read. evidence_quote takes the full printed line over the bare value: the line proves this number, the bare digits prove only that they occur somewhere on the page. Definition backfill: both lanes read the same qualifiers off this cell. Definition backfill: both lanes read the same qualifiers off this cell.",RESOLVED,A+B+ADJUDICATOR,8783ef3e2dc6cf061218360ff1c3db121d172543d661901b2d74131021935dc1
38a6a3236820654cb5de,SRC457,9,PAIR_BE648C4B979D2175032F8E57,CLASSIFICATION_CONFLICT,311,365,record_family|source_section|source_column_label|asset_class|strategy|period_start|currency_scale|metric_category|evidence_quote,MERGE,"subject_type classifies what subject_name names: a named vehicle ('... , L.P.', an SMA, an LLC) is fund; a total or subtotal line is the owner's aggregate, so portfolio; an index is benchmark. A whole schedule typed investment means the label was not read. evidence_quote takes the full printed line over the bare value: the line proves this number, the bare digits prove only that they occur somewhere on the page. Definition backfill: both lanes read the same qualifiers off this cell. Definition backfill: both lanes read the same qualifiers off this cell.",RESOLVED,A+B+ADJUDICATOR,8783ef3e2dc6cf061218360ff1c3db121d172543d661901b2d74131021935dc1
b29776954987ebc8ddbf,SRC457,9,PAIR_9336DB243DA9D45227DFF487,B_ONLY,,366,,MERGE,"subject_type classifies what subject_name names: a named vehicle ('... , L.P.', an SMA, an LLC) is fund; a total or subtotal line is the owner's aggregate, so portfolio; an index is benchmark. A whole schedule typed investment means the label was not read. PIC is paid_in_capital, never moic: the disambiguation table names the printed label PIC explicitly. The page prints it under a Multiples banner, which is why one lane typed it a multiple. evidence_quote takes the full printed line over the bare value: the line proves this number, the bare digits prove only that they occur somewhere on the page. Definition backfill: both lanes read the same qualifiers off this cell. Definition backfill: both lanes read the same qualifiers off this cell.; the PIC column sits in the multiples block beside TVPI, RVPI, and DPI and its footnote states that PIC multiples may exceed 1.00 due to recycling, so the printed value is a multiple of commitment rather than an amount",RESOLVED,B+ADJUDICATOR,8783ef3e2dc6cf061218360ff1c3db121d172543d661901b2d74131021935dc1
e19d7547c3771321e5cf,SRC457,9,PAIR_45B4AB705163E8A7541C7EBB,CLASSIFICATION_CONFLICT,312,367,record_family|source_section|asset_class|strategy|period_start|metric_name|evidence_quote,MERGE,"subject_type classifies what subject_name names: a named vehicle ('... , L.P.', an SMA, an LLC) is fund; a total or subtotal line is the owner's aggregate, so portfolio; an index is benchmark. A whole schedule typed investment means the label was not read. metric_name: rows are entities and columns are periods, so the metric is the measure the table itself names in its printed wording, 'Net Time Weighted Returns' — never the period (which is the horizon) and never a singularised trim of the banner. evidence_quote takes the full printed line over the bare value: the line proves this number, the bare digits prove only that they occur somewhere on the page. Definition backfill: both lanes read the same qualifiers off this cell. Definition backfill: both lanes read the same qualifiers off this cell.",RESOLVED,A+B+ADJUDICATOR,8783ef3e2dc6cf061218360ff1c3db121d172543d661901b2d74131021935dc1
baad5180e2fda2c4e0b2,SRC457,9,PAIR_A50B48C6D436E2A1E3D9D96F,CLASSIFICATION_CONFLICT,313,368,record_family|source_section|asset_class|strategy|period_start|unit|evidence_quote,MERGE,"subject_type classifies what subject_name names: a named vehicle ('... , L.P.', an SMA, an LLC) is fund; a total or subtotal line is the owner's aggregate, so portfolio; an index is benchmark. A whole schedule typed investment means the label was not read. evidence_quote takes the full printed line over the bare value: the line proves this number, the bare digits prove only that they occur somewhere on the page. Definition backfill: both lanes read the same qualifiers off this cell. Definition backfill: both lanes read the same qualifiers off this cell.",RESOLVED,A+B+ADJUDICATOR,8783ef3e2dc6cf061218360ff1c3db121d172543d661901b2d74131021935dc1
dc2a64e3be51f64e84ab,SRC457,9,PAIR_42A424707C2A91BBEE1B7DC1,CLASSIFICATION_CONFLICT,315,369,record_family|source_section|source_column_label|asset_class|strategy|period_start|metric_name|evidence_quote,MERGE,"subject_type classifies what subject_name names: a named vehicle ('... , L.P.', an SMA, an LLC) is fund; a total or subtotal line is the owner's aggregate, so portfolio; an index is benchmark. A whole schedule typed investment means the label was not read. evidence_quote takes the full printed line over the bare value: the line proves this number, the bare digits prove only that they occur somewhere on the page. Definition backfill: both lanes read the same qualifiers off this cell. Definition backfill: both lanes read the same qualifiers off this cell.",RESOLVED,A+B+ADJUDICATOR,8783ef3e2dc6cf061218360ff1c3db121d172543d661901b2d74131021935dc1
d0709bd82db7080cbaab,SRC457,9,PAIR_476BE3F25B1877FB3B05432B,VALUE_CONFLICT,314,370,record_family|source_section|asset_class|strategy|period_start|metric_name|metric_value_raw|evidence_quote,MERGE,"subject_type classifies what subject_name names: a named vehicle ('... , L.P.', an SMA, an LLC) is fund; a total or subtotal line is the owner's aggregate, so portfolio; an index is benchmark. A whole schedule typed investment means the label was not read. metric_name: rows are entities and columns are periods, so the metric is the measure the table itself names in its printed wording, 'Net Time Weighted Returns' — never the period (which is the horizon) and never a singularised trim of the banner. evidence_quote takes the full printed line over the bare value: the line proves this number, the bare digits prove only that they occur somewhere on the page. Definition backfill: both lanes read the same qualifiers off this cell. Definition backfill: both lanes read the same qualifiers off this cell.",RESOLVED,A+B+ADJUDICATOR,8783ef3e2dc6cf061218360ff1c3db121d172543d661901b2d74131021935dc1
51267e4fe711040baba0,SRC457,9,PAIR_CD55B0FE3A4B8306DEAD03CA,CLASSIFICATION_CONFLICT,316,371,record_family|source_section|asset_class|strategy|period_start|unit|evidence_quote,MERGE,"subject_type classifies what subject_name names: a named vehicle ('... , L.P.', an SMA, an LLC) is fund; a total or subtotal line is the owner's aggregate, so portfolio; an index is benchmark. A whole schedule typed investment means the label was not read. evidence_quote takes the full printed line over the bare value: the line proves this number, the bare digits prove only that they occur somewhere on the page. Definition backfill: both lanes read the same qualifiers off this cell. Definition backfill: both lanes read the same qualifiers off this cell.",RESOLVED,A+B+ADJUDICATOR,8783ef3e2dc6cf061218360ff1c3db121d172543d661901b2d74131021935dc1
29db464c5f50da3fa37e,SRC457,9,PAIR_4F0EBE67AB831FF0DB4263CA,B_ONLY,,372,,MERGE,"subject_type classifies what subject_name names: a named vehicle ('... , L.P.', an SMA, an LLC) is fund; a total or subtotal line is the owner's aggregate, so portfolio; an index is benchmark. A whole schedule typed investment means the label was not read. evidence_quote takes the full printed line over the bare value: the line proves this number, the bare digits prove only that they occur somewhere on the page.",RESOLVED,B+ADJUDICATOR,8783ef3e2dc6cf061218360ff1c3db121d172543d661901b2d74131021935dc1
c16375074d5069f9d4c3,SRC457,9,PAIR_1382D62E902479F33892918B,VALUE_CONFLICT,317,373,record_family|source_section|asset_class|strategy|period_start|metric_name|metric_value_raw|evidence_quote,MERGE,"subject_type classifies what subject_name names: a named vehicle ('... , L.P.', an SMA, an LLC) is fund; a total or subtotal line is the owner's aggregate, so portfolio; an index is benchmark. A whole schedule typed investment means the label was not read. metric_name: rows are entities and columns are periods, so the metric is the measure the table itself names in its printed wording, 'Net Time Weighted Returns' — never the period (which is the horizon) and never a singularised trim of the banner. evidence_quote takes the full printed line over the bare value: the line proves this number, the bare digits prove only that they occur somewhere on the page. Definition backfill: both lanes read the same qualifiers off this cell. Definition backfill: both lanes read the same qualifiers off this cell.",RESOLVED,A+B+ADJUDICATOR,8783ef3e2dc6cf061218360ff1c3db121d172543d661901b2d74131021935dc1
579b4b5eaf1ddfad7bc9,SRC457,9,PAIR_7D899B433292FFE36EBC3C55,VALUE_CONFLICT,318,374,record_family|source_section|asset_class|strategy|period_start|metric_name|metric_value_raw|evidence_quote,MERGE,"subject_type classifies what subject_name names: a named vehicle ('... , L.P.', an SMA, an LLC) is fund; a total or subtotal line is the owner's aggregate, so portfolio; an index is benchmark. A whole schedule typed investment means the label was not read. metric_name: rows are entities and columns are periods, so the metric is the measure the table itself names in its printed wording, 'Net Time Weighted Returns' — never the period (which is the horizon) and never a singularised trim of the banner. evidence_quote takes the full printed line over the bare value: the line proves this number, the bare digits prove only that they occur somewhere on the page. Definition backfill: both lanes read the same qualifiers off this cell. Definition backfill: both lanes read the same qualifiers off this cell.",RESOLVED,A+B+ADJUDICATOR,8783ef3e2dc6cf061218360ff1c3db121d172543d661901b2d74131021935dc1
d56c205cd2236115db1f,SRC457,9,PAIR_128C3BEC87403267D945D2D0,VALUE_CONFLICT,319,375,record_family|source_section|asset_class|strategy|period_start|metric_name|metric_value_raw|evidence_quote,MERGE,"subject_type classifies what subject_name names: a named vehicle ('... , L.P.', an SMA, an LLC) is fund; a total or subtotal line is the owner's aggregate, so portfolio; an index is benchmark. A whole schedule typed investment means the label was not read. metric_name: rows are entities and columns are periods, so the metric is the measure the table itself names in its printed wording, 'Net Time Weighted Returns' — never the period (which is the horizon) and never a singularised trim of the banner. evidence_quote takes the full printed line over the bare value: the line proves this number, the bare digits prove only that they occur somewhere on the page. Definition backfill: both lanes read the same qualifiers off this cell. Definition backfill: both lanes read the same qualifiers off this cell.",RESOLVED,A+B+ADJUDICATOR,8783ef3e2dc6cf061218360ff1c3db121d172543d661901b2d74131021935dc1
b1b04e8d3d0f0f815f71,SRC457,9,PAIR_AFBE187C2BD42D30FD9D456C,CLASSIFICATION_CONFLICT,320,376,record_family|source_section|asset_class|strategy|period_start|metric_name|evidence_quote,MERGE,"subject_type classifies what subject_name names: a named vehicle ('... , L.P.', an SMA, an LLC) is fund; a total or subtotal line is the owner's aggregate, so portfolio; an index is benchmark. A whole schedule typed investment means the label was not read. metric_name: rows are entities and columns are periods, so the metric is the measure the table itself names in its printed wording, 'Net Time Weighted Returns' — never the period (which is the horizon) and never a singularised trim of the banner. evidence_quote takes the full printed line over the bare value: the line proves this number, the bare digits prove only that they occur somewhere on the page. Definition backfill: both lanes read the same qualifiers off this cell. Definition backfill: both lanes read the same qualifiers off this cell.",RESOLVED,A+B+ADJUDICATOR,8783ef3e2dc6cf061218360ff1c3db121d172543d661901b2d74131021935dc1
c92ba91f5ac049cf5867,SRC457,9,PAIR_D9E5B521D44156B41A405104,B_ONLY,,377,,MERGE,"subject_type classifies what subject_name names: a named vehicle ('... , L.P.', an SMA, an LLC) is fund; a total or subtotal line is the owner's aggregate, so portfolio; an index is benchmark. A whole schedule typed investment means the label was not read. evidence_quote takes the full printed line over the bare value: the line proves this number, the bare digits prove only that they occur somewhere on the page.",RESOLVED,B+ADJUDICATOR,8783ef3e2dc6cf061218360ff1c3db121d172543d661901b2d74131021935dc1
a1b79732005076964fe0,SRC457,9,PAIR_272FCFF8C59101DA136C3495,CLASSIFICATION_CONFLICT,321,378,record_family|source_section|asset_class|strategy|period_start|unit|evidence_quote,MERGE,"subject_type classifies what subject_name names: a named vehicle ('... , L.P.', an SMA, an LLC) is fund; a total or subtotal line is the owner's aggregate, so portfolio; an index is benchmark. A whole schedule typed investment means the label was not read. evidence_quote takes the full printed line over the bare value: the line proves this number, the bare digits prove only that they occur somewhere on the page. Definition backfill: both lanes read the same qualifiers off this cell. Definition backfill: both lanes read the same qualifiers off this cell.",RESOLVED,A+B+ADJUDICATOR,8783ef3e2dc6cf061218360ff1c3db121d172543d661901b2d74131021935dc1
1d2897460f8af99b3052,SRC457,9,PAIR_0B13A616D57BA3D77C0A5FE0,CLASSIFICATION_CONFLICT,322,379,record_family|source_section|source_column_label|asset_class|strategy|period_start|currency_scale|metric_category|evidence_quote,MERGE,"subject_type classifies what subject_name names: a named vehicle ('... , L.P.', an SMA, an LLC) is fund; a total or subtotal line is the owner's aggregate, so portfolio; an index is benchmark. A whole schedule typed investment means the label was not read. evidence_quote takes the full printed line over the bare value: the line proves this number, the bare digits prove only that they occur somewhere on the page. Definition backfill: both lanes read the same qualifiers off this cell. Definition backfill: both lanes read the same qualifiers off this cell.",RESOLVED,A+B+ADJUDICATOR,8783ef3e2dc6cf061218360ff1c3db121d172543d661901b2d74131021935dc1
d83e33b6a75b136dfa3f,SRC457,9,PAIR_57F18BCED54E37EC3F856636,B_ONLY,,380,,MERGE,"subject_type classifies what subject_name names: a named vehicle ('... , L.P.', an SMA, an LLC) is fund; a total or subtotal line is the owner's aggregate, so portfolio; an index is benchmark. A whole schedule typed investment means the label was not read. PIC is paid_in_capital, never moic: the disambiguation table names the printed label PIC explicitly. The page prints it under a Multiples banner, which is why one lane typed it a multiple. evidence_quote takes the full printed line over the bare value: the line proves this number, the bare digits prove only that they occur somewhere on the page. Definition backfill: both lanes read the same qualifiers off this cell. Definition backfill: both lanes read the same qualifiers off this cell.; the PIC column sits in the multiples block beside TVPI, RVPI, and DPI and its footnote states that PIC multiples may exceed 1.00 due to recycling, so the printed value is a multiple of commitment rather than an amount",RESOLVED,B+ADJUDICATOR,8783ef3e2dc6cf061218360ff1c3db121d172543d661901b2d74131021935dc1
d6d2152e75fa414622f2,SRC457,9,PAIR_F57A882E45BA8125BB8CF0FC,CLASSIFICATION_CONFLICT,323,381,record_family|source_section|asset_class|strategy|period_start|metric_name|evidence_quote,MERGE,"subject_type classifies what subject_name names: a named vehicle ('... , L.P.', an SMA, an LLC) is fund; a total or subtotal line is the owner's aggregate, so portfolio; an index is benchmark. A whole schedule typed investment means the label was not read. metric_name: rows are entities and columns are periods, so the metric is the measure the table itself names in its printed wording, 'Net Time Weighted Returns' — never the period (which is the horizon) and never a singularised trim of the banner. evidence_quote takes the full printed line over the bare value: the line proves this number, the bare digits prove only that they occur somewhere on the page. Definition backfill: both lanes read the same qualifiers off this cell. Definition backfill: both lanes read the same qualifiers off this cell.",RESOLVED,A+B+ADJUDICATOR,8783ef3e2dc6cf061218360ff1c3db121d172543d661901b2d74131021935dc1
e2c215780542b0513a3a,SRC457,9,PAIR_1E5CFEDD6A3B3244D796D189,CLASSIFICATION_CONFLICT,324,382,record_family|source_section|asset_class|strategy|period_start|unit|evidence_quote,MERGE,"subject_type classifies what subject_name names: a named vehicle ('... , L.P.', an SMA, an LLC) is fund; a total or subtotal line is the owner's aggregate, so portfolio; an index is benchmark. A whole schedule typed investment means the label was not read. evidence_quote takes the full printed line over the bare value: the line proves this number, the bare digits prove only that they occur somewhere on the page. Definition backfill: both lanes read the same qualifiers off this cell. Definition backfill: both lanes read the same qualifiers off this cell.",RESOLVED,A+B+ADJUDICATOR,8783ef3e2dc6cf061218360ff1c3db121d172543d661901b2d74131021935dc1
53fd8a9a0297b0daefa3,SRC457,9,PAIR_EF5AF9E2274A5FC6C5726097,CLASSIFICATION_CONFLICT,326,383,record_family|source_section|source_column_label|asset_class|strategy|period_start|metric_name|evidence_quote,MERGE,"subject_type classifies what subject_name names: a named vehicle ('... , L.P.', an SMA, an LLC) is fund; a total or subtotal line is the owner's aggregate, so portfolio; an index is benchmark. A whole schedule typed investment means the label was not read. evidence_quote takes the full printed line over the bare value: the line proves this number, the bare digits prove only that they occur somewhere on the page. Definition backfill: both lanes read the same qualifiers off this cell. Definition backfill: both lanes read the same qualifiers off this cell.",RESOLVED,A+B+ADJUDICATOR,8783ef3e2dc6cf061218360ff1c3db121d172543d661901b2d74131021935dc1
b34c6aa60e00a0241d85,SRC457,9,PAIR_05EA22F876B3472F658A476D,VALUE_CONFLICT,325,384,record_family|source_section|asset_class|strategy|period_start|metric_name|metric_value_raw|evidence_quote,MERGE,"subject_type classifies what subject_name names: a named vehicle ('... , L.P.', an SMA, an LLC) is fund; a total or subtotal line is the owner's aggregate, so portfolio; an index is benchmark. A whole schedule typed investment means the label was not read. metric_name: rows are entities and columns are periods, so the metric is the measure the table itself names in its printed wording, 'Net Time Weighted Returns' — never the period (which is the horizon) and never a singularised trim of the banner. evidence_quote takes the full printed line over the bare value: the line proves this number, the bare digits prove only that they occur somewhere on the page. Definition backfill: both lanes read the same qualifiers off this cell. Definition backfill: both lanes read the same qualifiers off this cell.",RESOLVED,A+B+ADJUDICATOR,8783ef3e2dc6cf061218360ff1c3db121d172543d661901b2d74131021935dc1
38dbbf130ccb64045dc0,SRC457,9,PAIR_9AEE2A336CAFBFDF1B121001,CLASSIFICATION_CONFLICT,327,385,record_family|source_section|asset_class|strategy|period_start|unit|evidence_quote,MERGE,"subject_type classifies what subject_name names: a named vehicle ('... , L.P.', an SMA, an LLC) is fund; a total or subtotal line is the owner's aggregate, so portfolio; an index is benchmark. A whole schedule typed investment means the label was not read. evidence_quote takes the full printed line over the bare value: the line proves this number, the bare digits prove only that they occur somewhere on the page. Definition backfill: both lanes read the same qualifiers off this cell. Definition backfill: both lanes read the same qualifiers off this cell.",RESOLVED,A+B+ADJUDICATOR,8783ef3e2dc6cf061218360ff1c3db121d172543d661901b2d74131021935dc1
293750a3d761ec2b2c67,SRC457,9,PAIR_9BDD3BF0A36A99269374E970,B_ONLY,,386,,MERGE,"subject_type classifies what subject_name names: a named vehicle ('... , L.P.', an SMA, an LLC) is fund; a total or subtotal line is the owner's aggregate, so portfolio; an index is benchmark. A whole schedule typed investment means the label was not read. evidence_quote takes the full printed line over the bare value: the line proves this number, the bare digits prove only that they occur somewhere on the page.",RESOLVED,B+ADJUDICATOR,8783ef3e2dc6cf061218360ff1c3db121d172543d661901b2d74131021935dc1
6116051de68fd7fb3117,SRC457,9,PAIR_7F00FCDD338F7377650EE942,CLASSIFICATION_CONFLICT,328,387,record_family|source_section|asset_class|strategy|period_start|metric_name|evidence_quote,MERGE,"subject_type classifies what subject_name names: a named vehicle ('... , L.P.', an SMA, an LLC) is fund; a total or subtotal line is the owner's aggregate, so portfolio; an index is benchmark. A whole schedule typed investment means the label was not read. metric_name: rows are entities and columns are periods, so the metric is the measure the table itself names in its printed wording, 'Net Time Weighted Returns' — never the period (which is the horizon) and never a singularised trim of the banner. evidence_quote takes the full printed line over the bare value: the line proves this number, the bare digits prove only that they occur somewhere on the page. Definition backfill: both lanes read the same qualifiers off this cell. Definition backfill: both lanes read the same qualifiers off this cell.",RESOLVED,A+B+ADJUDICATOR,8783ef3e2dc6cf061218360ff1c3db121d172543d661901b2d74131021935dc1
373da8cb9d296e324ceb,SRC457,9,PAIR_66B8A921EEA727098BB7FCE1,CLASSIFICATION_CONFLICT,329,388,record_family|source_section|asset_class|strategy|period_start|metric_name|evidence_quote,MERGE,"subject_type classifies what subject_name names: a named vehicle ('... , L.P.', an SMA, an LLC) is fund; a total or subtotal line is the owner's aggregate, so portfolio; an index is benchmark. A whole schedule typed investment means the label was not read. metric_name: rows are entities and columns are periods, so the metric is the measure the table itself names in its printed wording, 'Net Time Weighted Returns' — never the period (which is the horizon) and never a singularised trim of the banner. evidence_quote takes the full printed line over the bare value: the line proves this number, the bare digits prove only that they occur somewhere on the page. Definition backfill: both lanes read the same qualifiers off this cell. Definition backfill: both lanes read the same qualifiers off this cell.",RESOLVED,A+B+ADJUDICATOR,8783ef3e2dc6cf061218360ff1c3db121d172543d661901b2d74131021935dc1
addeb79f081db78683ff,SRC457,9,PAIR_E33B715345E16A6AE7A4693B,B_ONLY,,389,,MERGE,"subject_type classifies what subject_name names: a named vehicle ('... , L.P.', an SMA, an LLC) is fund; a total or subtotal line is the owner's aggregate, so portfolio; an index is benchmark. A whole schedule typed investment means the label was not read. evidence_quote takes the full printed line over the bare value: the line proves this number, the bare digits prove only that they occur somewhere on the page.",RESOLVED,B+ADJUDICATOR,8783ef3e2dc6cf061218360ff1c3db121d172543d661901b2d74131021935dc1
5eed54c83cf502e2032b,SRC457,9,PAIR_2E954022EFA4DACA9309BE7B,CLASSIFICATION_CONFLICT,330,390,record_family|source_section|asset_class|strategy|period_start|unit|evidence_quote,MERGE,"subject_type classifies what subject_name names: a named vehicle ('... , L.P.', an SMA, an LLC) is fund; a total or subtotal line is the owner's aggregate, so portfolio; an index is benchmark. A whole schedule typed investment means the label was not read. evidence_quote takes the full printed line over the bare value: the line proves this number, the bare digits prove only that they occur somewhere on the page. Definition backfill: both lanes read the same qualifiers off this cell. Definition backfill: both lanes read the same qualifiers off this cell.",RESOLVED,A+B+ADJUDICATOR,8783ef3e2dc6cf061218360ff1c3db121d172543d661901b2d74131021935dc1
83a5f75857f9805363db,SRC457,9,PAIR_AD5FB726D62565D695D0AB29,CLASSIFICATION_CONFLICT,331,391,record_family|source_section|source_column_label|asset_class|strategy|period_start|currency_scale|metric_category|evidence_quote,MERGE,"subject_type classifies what subject_name names: a named vehicle ('... , L.P.', an SMA, an LLC) is fund; a total or subtotal line is the owner's aggregate, so portfolio; an index is benchmark. A whole schedule typed investment means the label was not read. evidence_quote takes the full printed line over the bare value: the line proves this number, the bare digits prove only that they occur somewhere on the page. Definition backfill: both lanes read the same qualifiers off this cell. Definition backfill: both lanes read the same qualifiers off this cell.",RESOLVED,A+B+ADJUDICATOR,8783ef3e2dc6cf061218360ff1c3db121d172543d661901b2d74131021935dc1
92a40bec3c0a2d99077e,SRC457,9,PAIR_C19E2971DFD93258A0ABC2F8,B_ONLY,,392,,MERGE,"subject_type classifies what subject_name names: a named vehicle ('... , L.P.', an SMA, an LLC) is fund; a total or subtotal line is the owner's aggregate, so portfolio; an index is benchmark. A whole schedule typed investment means the label was not read. PIC is paid_in_capital, never moic: the disambiguation table names the printed label PIC explicitly. The page prints it under a Multiples banner, which is why one lane typed it a multiple. evidence_quote takes the full printed line over the bare value: the line proves this number, the bare digits prove only that they occur somewhere on the page. Definition backfill: both lanes read the same qualifiers off this cell. Definition backfill: both lanes read the same qualifiers off this cell.; the PIC column sits in the multiples block beside TVPI, RVPI, and DPI and its footnote states that PIC multiples may exceed 1.00 due to recycling, so the printed value is a multiple of commitment rather than an amount",RESOLVED,B+ADJUDICATOR,8783ef3e2dc6cf061218360ff1c3db121d172543d661901b2d74131021935dc1
fba6ad8798a661b5e49a,SRC457,9,PAIR_10046E0C3E9EB3817E2FD899,CLASSIFICATION_CONFLICT,332,393,record_family|source_section|asset_class|strategy|period_start|metric_name|evidence_quote,MERGE,"subject_type classifies what subject_name names: a named vehicle ('... , L.P.', an SMA, an LLC) is fund; a total or subtotal line is the owner's aggregate, so portfolio; an index is benchmark. A whole schedule typed investment means the label was not read. metric_name: rows are entities and columns are periods, so the metric is the measure the table itself names in its printed wording, 'Net Time Weighted Returns' — never the period (which is the horizon) and never a singularised trim of the banner. evidence_quote takes the full printed line over the bare value: the line proves this number, the bare digits prove only that they occur somewhere on the page. Definition backfill: both lanes read the same qualifiers off this cell. Definition backfill: both lanes read the same qualifiers off this cell.",RESOLVED,A+B+ADJUDICATOR,8783ef3e2dc6cf061218360ff1c3db121d172543d661901b2d74131021935dc1
399976273c6448ec318a,SRC457,9,PAIR_21D3DCBC05C739C76DDC7E09,CLASSIFICATION_CONFLICT,333,394,record_family|source_section|asset_class|strategy|period_start|unit|evidence_quote,MERGE,"subject_type classifies what subject_name names: a named vehicle ('... , L.P.', an SMA, an LLC) is fund; a total or subtotal line is the owner's aggregate, so portfolio; an index is benchmark. A whole schedule typed investment means the label was not read. evidence_quote takes the full printed line over the bare value: the line proves this number, the bare digits prove only that they occur somewhere on the page. Definition backfill: both lanes read the same qualifiers off this cell. Definition backfill: both lanes read the same qualifiers off this cell.",RESOLVED,A+B+ADJUDICATOR,8783ef3e2dc6cf061218360ff1c3db121d172543d661901b2d74131021935dc1
169eb1f1c5560bdc6656,SRC457,9,PAIR_89E37C026B30BE6A6BD69D78,CLASSIFICATION_CONFLICT,335,395,record_family|source_section|source_column_label|asset_class|strategy|period_start|metric_name|evidence_quote,MERGE,"subject_type classifies what subject_name names: a named vehicle ('... , L.P.', an SMA, an LLC) is fund; a total or subtotal line is the owner's aggregate, so portfolio; an index is benchmark. A whole schedule typed investment means the label was not read. evidence_quote takes the full printed line over the bare value: the line proves this number, the bare digits prove only that they occur somewhere on the page. Definition backfill: both lanes read the same qualifiers off this cell. Definition backfill: both lanes read the same qualifiers off this cell.",RESOLVED,A+B+ADJUDICATOR,8783ef3e2dc6cf061218360ff1c3db121d172543d661901b2d74131021935dc1
473a82113de71d751459,SRC457,9,PAIR_B1A5CE773543BED611349FE9,CLASSIFICATION_CONFLICT,334,396,record_family|source_section|asset_class|strategy|period_start|metric_name|evidence_quote,MERGE,"subject_type classifies what subject_name names: a named vehicle ('... , L.P.', an SMA, an LLC) is fund; a total or subtotal line is the owner's aggregate, so portfolio; an index is benchmark. A whole schedule typed investment means the label was not read. metric_name: rows are entities and columns are periods, so the metric is the measure the table itself names in its printed wording, 'Net Time Weighted Returns' — never the period (which is the horizon) and never a singularised trim of the banner. evidence_quote takes the full printed line over the bare value: the line proves this number, the bare digits prove only that they occur somewhere on the page. Definition backfill: both lanes read the same qualifiers off this cell. Definition backfill: both lanes read the same qualifiers off this cell.",RESOLVED,A+B+ADJUDICATOR,8783ef3e2dc6cf061218360ff1c3db121d172543d661901b2d74131021935dc1
77fa5892c74a7b0382a2,SRC457,9,PAIR_250629D434DE139BB9806E7C,CLASSIFICATION_CONFLICT,336,397,record_family|source_section|asset_class|strategy|period_start|unit|evidence_quote,MERGE,"subject_type classifies what subject_name names: a named vehicle ('... , L.P.', an SMA, an LLC) is fund; a total or subtotal line is the owner's aggregate, so portfolio; an index is benchmark. A whole schedule typed investment means the label was not read. evidence_quote takes the full printed line over the bare value: the line proves this number, the bare digits prove only that they occur somewhere on the page. Definition backfill: both lanes read the same qualifiers off this cell. Definition backfill: both lanes read the same qualifiers off this cell.",RESOLVED,A+B+ADJUDICATOR,8783ef3e2dc6cf061218360ff1c3db121d172543d661901b2d74131021935dc1
71477d88e5a8b2ec430a,SRC457,9,PAIR_D0805509CF75AF34D33A88E4,B_ONLY,,398,,MERGE,"subject_type classifies what subject_name names: a named vehicle ('... , L.P.', an SMA, an LLC) is fund; a total or subtotal line is the owner's aggregate, so portfolio; an index is benchmark. A whole schedule typed investment means the label was not read. evidence_quote takes the full printed line over the bare value: the line proves this number, the bare digits prove only that they occur somewhere on the page.",RESOLVED,B+ADJUDICATOR,8783ef3e2dc6cf061218360ff1c3db121d172543d661901b2d74131021935dc1
ffebfe406577ef7d8606,SRC457,9,PAIR_5C47CCC730A6AF2E10E89D02,VALUE_CONFLICT,337,399,record_family|source_section|asset_class|strategy|period_start|metric_name|metric_value_raw|evidence_quote,MERGE,"subject_type classifies what subject_name names: a named vehicle ('... , L.P.', an SMA, an LLC) is fund; a total or subtotal line is the owner's aggregate, so portfolio; an index is benchmark. A whole schedule typed investment means the label was not read. metric_name: rows are entities and columns are periods, so the metric is the measure the table itself names in its printed wording, 'Net Time Weighted Returns' — never the period (which is the horizon) and never a singularised trim of the banner. evidence_quote takes the full printed line over the bare value: the line proves this number, the bare digits prove only that they occur somewhere on the page. Definition backfill: both lanes read the same qualifiers off this cell. Definition backfill: both lanes read the same qualifiers off this cell.",RESOLVED,A+B+ADJUDICATOR,8783ef3e2dc6cf061218360ff1c3db121d172543d661901b2d74131021935dc1
2455f6eabd3a21d9e558,SRC457,9,PAIR_B4F02A683E0404A8E8C9646D,B_ONLY,,400,,MERGE,"subject_type classifies what subject_name names: a named vehicle ('... , L.P.', an SMA, an LLC) is fund; a total or subtotal line is the owner's aggregate, so portfolio; an index is benchmark. A whole schedule typed investment means the label was not read. evidence_quote takes the full printed line over the bare value: the line proves this number, the bare digits prove only that they occur somewhere on the page.",RESOLVED,B+ADJUDICATOR,8783ef3e2dc6cf061218360ff1c3db121d172543d661901b2d74131021935dc1
3d9dc2510bad6504a309,SRC457,9,PAIR_0C7680BE4DD5C219580F82C7,CLASSIFICATION_CONFLICT,338,401,record_family|source_section|asset_class|strategy|period_start|unit|evidence_quote,MERGE,"subject_type classifies what subject_name names: a named vehicle ('... , L.P.', an SMA, an LLC) is fund; a total or subtotal line is the owner's aggregate, so portfolio; an index is benchmark. A whole schedule typed investment means the label was not read. evidence_quote takes the full printed line over the bare value: the line proves this number, the bare digits prove only that they occur somewhere on the page. Definition backfill: both lanes read the same qualifiers off this cell. Definition backfill: both lanes read the same qualifiers off this cell.",RESOLVED,A+B+ADJUDICATOR,8783ef3e2dc6cf061218360ff1c3db121d172543d661901b2d74131021935dc1
9e5952a7e4bffb7cdfea,SRC457,9,PAIR_3F60E09DC1621A7175D63EDE,CLASSIFICATION_CONFLICT,339,402,record_family|source_section|source_column_label|asset_class|strategy|period_start|currency_scale|metric_category|evidence_quote,MERGE,"subject_type classifies what subject_name names: a named vehicle ('... , L.P.', an SMA, an LLC) is fund; a total or subtotal line is the owner's aggregate, so portfolio; an index is benchmark. A whole schedule typed investment means the label was not read. evidence_quote takes the full printed line over the bare value: the line proves this number, the bare digits prove only that they occur somewhere on the page. Definition backfill: both lanes read the same qualifiers off this cell. Definition backfill: both lanes read the same qualifiers off this cell.",RESOLVED,A+B+ADJUDICATOR,8783ef3e2dc6cf061218360ff1c3db121d172543d661901b2d74131021935dc1
2476f042b7e396d72bdb,SRC457,9,PAIR_89D10B28D8CA1B8655AB3005,B_ONLY,,403,,MERGE,"subject_type classifies what subject_name names: a named vehicle ('... , L.P.', an SMA, an LLC) is fund; a total or subtotal line is the owner's aggregate, so portfolio; an index is benchmark. A whole schedule typed investment means the label was not read. PIC is paid_in_capital, never moic: the disambiguation table names the printed label PIC explicitly. The page prints it under a Multiples banner, which is why one lane typed it a multiple. evidence_quote takes the full printed line over the bare value: the line proves this number, the bare digits prove only that they occur somewhere on the page. Definition backfill: both lanes read the same qualifiers off this cell. Definition backfill: both lanes read the same qualifiers off this cell.; the PIC column sits in the multiples block beside TVPI, RVPI, and DPI and its footnote states that PIC multiples may exceed 1.00 due to recycling, so the printed value is a multiple of commitment rather than an amount",RESOLVED,B+ADJUDICATOR,8783ef3e2dc6cf061218360ff1c3db121d172543d661901b2d74131021935dc1
3946565b636fa63c1c2d,SRC457,9,PAIR_02A34B3B71E702DD5060D3D0,VALUE_CONFLICT,340,404,record_family|source_section|asset_class|strategy|period_start|metric_name|metric_value_raw|evidence_quote,MERGE,"subject_type classifies what subject_name names: a named vehicle ('... , L.P.', an SMA, an LLC) is fund; a total or subtotal line is the owner's aggregate, so portfolio; an index is benchmark. A whole schedule typed investment means the label was not read. metric_name: rows are entities and columns are periods, so the metric is the measure the table itself names in its printed wording, 'Net Time Weighted Returns' — never the period (which is the horizon) and never a singularised trim of the banner. evidence_quote takes the full printed line over the bare value: the line proves this number, the bare digits prove only that they occur somewhere on the page. Definition backfill: both lanes read the same qualifiers off this cell. Definition backfill: both lanes read the same qualifiers off this cell.",RESOLVED,A+B+ADJUDICATOR,8783ef3e2dc6cf061218360ff1c3db121d172543d661901b2d74131021935dc1
7c08a2565ed552916e07,SRC457,9,PAIR_D0ED7B44283FABB57E8B2827,CLASSIFICATION_CONFLICT,341,405,record_family|source_section|asset_class|strategy|period_start|unit|evidence_quote,MERGE,"subject_type classifies what subject_name names: a named vehicle ('... , L.P.', an SMA, an LLC) is fund; a total or subtotal line is the owner's aggregate, so portfolio; an index is benchmark. A whole schedule typed investment means the label was not read. evidence_quote takes the full printed line over the bare value: the line proves this number, the bare digits prove only that they occur somewhere on the page. Definition backfill: both lanes read the same qualifiers off this cell. Definition backfill: both lanes read the same qualifiers off this cell.",RESOLVED,A+B+ADJUDICATOR,8783ef3e2dc6cf061218360ff1c3db121d172543d661901b2d74131021935dc1
b9d7ba7ecaaca412ce17,SRC457,9,PAIR_E4B1B286E6F4F58157F643F1,VALUE_CONFLICT,343,406,record_family|source_section|source_column_label|asset_class|strategy|period_start|metric_name|metric_value_raw|evidence_quote,MERGE,"subject_type classifies what subject_name names: a named vehicle ('... , L.P.', an SMA, an LLC) is fund; a total or subtotal line is the owner's aggregate, so portfolio; an index is benchmark. A whole schedule typed investment means the label was not read. evidence_quote takes the full printed line over the bare value: the line proves this number, the bare digits prove only that they occur somewhere on the page. Definition backfill: both lanes read the same qualifiers off this cell. Definition backfill: both lanes read the same qualifiers off this cell.",RESOLVED,A+B+ADJUDICATOR,8783ef3e2dc6cf061218360ff1c3db121d172543d661901b2d74131021935dc1
c71545e71922e9bf2c05,SRC457,9,PAIR_998615098E7977AEE61F4AF1,VALUE_CONFLICT,342,407,record_family|source_section|asset_class|strategy|period_start|metric_name|metric_value_raw|evidence_quote,MERGE,"subject_type classifies what subject_name names: a named vehicle ('... , L.P.', an SMA, an LLC) is fund; a total or subtotal line is the owner's aggregate, so portfolio; an index is benchmark. A whole schedule typed investment means the label was not read. metric_name: rows are entities and columns are periods, so the metric is the measure the table itself names in its printed wording, 'Net Time Weighted Returns' — never the period (which is the horizon) and never a singularised trim of the banner. evidence_quote takes the full printed line over the bare value: the line proves this number, the bare digits prove only that they occur somewhere on the page. Definition backfill: both lanes read the same qualifiers off this cell. Definition backfill: both lanes read the same qualifiers off this cell.",RESOLVED,A+B+ADJUDICATOR,8783ef3e2dc6cf061218360ff1c3db121d172543d661901b2d74131021935dc1
39c582b485abaedc6b3b,SRC457,9,PAIR_5C5E332AB3F11F4AC190BF67,CLASSIFICATION_CONFLICT,344,408,record_family|source_section|asset_class|strategy|period_start|unit|evidence_quote,MERGE,"subject_type classifies what subject_name names: a named vehicle ('... , L.P.', an SMA, an LLC) is fund; a total or subtotal line is the owner's aggregate, so portfolio; an index is benchmark. A whole schedule typed investment means the label was not read. evidence_quote takes the full printed line over the bare value: the line proves this number, the bare digits prove only that they occur somewhere on the page. Definition backfill: both lanes read the same qualifiers off this cell. Definition backfill: both lanes read the same qualifiers off this cell.",RESOLVED,A+B+ADJUDICATOR,8783ef3e2dc6cf061218360ff1c3db121d172543d661901b2d74131021935dc1
01c45199060eb405cd0c,SRC457,9,PAIR_351E47006BAA36E52BEE1416,B_ONLY,,409,,MERGE,"subject_type classifies what subject_name names: a named vehicle ('... , L.P.', an SMA, an LLC) is fund; a total or subtotal line is the owner's aggregate, so portfolio; an index is benchmark. A whole schedule typed investment means the label was not read. evidence_quote takes the full printed line over the bare value: the line proves this number, the bare digits prove only that they occur somewhere on the page.",RESOLVED,B+ADJUDICATOR,8783ef3e2dc6cf061218360ff1c3db121d172543d661901b2d74131021935dc1
166f459b76a30414d8b9,SRC457,9,PAIR_0BFFF68C341343518A0C00CB,VALUE_CONFLICT,345,410,record_family|source_section|asset_class|strategy|period_start|metric_name|metric_value_raw|evidence_quote,MERGE,"subject_type classifies what subject_name names: a named vehicle ('... , L.P.', an SMA, an LLC) is fund; a total or subtotal line is the owner's aggregate, so portfolio; an index is benchmark. A whole schedule typed investment means the label was not read. metric_name: rows are entities and columns are periods, so the metric is the measure the table itself names in its printed wording, 'Net Time Weighted Returns' — never the period (which is the horizon) and never a singularised trim of the banner. evidence_quote takes the full printed line over the bare value: the line proves this number, the bare digits prove only that they occur somewhere on the page. Definition backfill: both lanes read the same qualifiers off this cell. Definition backfill: both lanes read the same qualifiers off this cell.",RESOLVED,A+B+ADJUDICATOR,8783ef3e2dc6cf061218360ff1c3db121d172543d661901b2d74131021935dc1
788e8804709618a37e3b,SRC457,9,PAIR_B4FEA9A5F0A0E80219D434C2,CLASSIFICATION_CONFLICT,346,411,record_family|source_section|asset_class|strategy|period_start|metric_name|evidence_quote,MERGE,"subject_type classifies what subject_name names: a named vehicle ('... , L.P.', an SMA, an LLC) is fund; a total or subtotal line is the owner's aggregate, so portfolio; an index is benchmark. A whole schedule typed investment means the label was not read. metric_name: rows are entities and columns are periods, so the metric is the measure the table itself names in its printed wording, 'Net Time Weighted Returns' — never the period (which is the horizon) and never a singularised trim of the banner. evidence_quote takes the full printed line over the bare value: the line proves this number, the bare digits prove only that they occur somewhere on the page. Definition backfill: both lanes read the same qualifiers off this cell. Definition backfill: both lanes read the same qualifiers off this cell.",RESOLVED,A+B+ADJUDICATOR,8783ef3e2dc6cf061218360ff1c3db121d172543d661901b2d74131021935dc1
95d1e3cc468e4f641f38,SRC457,9,PAIR_A592D8C7E73F251CA5F86308,CLASSIFICATION_CONFLICT,347,412,record_family|source_section|asset_class|strategy|period_start|metric_name|evidence_quote,MERGE,"subject_type classifies what subject_name names: a named vehicle ('... , L.P.', an SMA, an LLC) is fund; a total or subtotal line is the owner's aggregate, so portfolio; an index is benchmark. A whole schedule typed investment means the label was not read. metric_name: rows are entities and columns are periods, so the metric is the measure the table itself names in its printed wording, 'Net Time Weighted Returns' — never the period (which is the horizon) and never a singularised trim of the banner. evidence_quote takes the full printed line over the bare value: the line proves this number, the bare digits prove only that they occur somewhere on the page. Definition backfill: both lanes read the same qualifiers off this cell. Definition backfill: both lanes read the same qualifiers off this cell.",RESOLVED,A+B+ADJUDICATOR,8783ef3e2dc6cf061218360ff1c3db121d172543d661901b2d74131021935dc1
7a4434e77dc3a32f26f4,SRC457,9,PAIR_413F48E92EBA00EF88E7B193,CLASSIFICATION_CONFLICT,348,413,record_family|source_section|asset_class|strategy|period_start|metric_name|evidence_quote,MERGE,"subject_type classifies what subject_name names: a named vehicle ('... , L.P.', an SMA, an LLC) is fund; a total or subtotal line is the owner's aggregate, so portfolio; an index is benchmark. A whole schedule typed investment means the label was not read. metric_name: rows are entities and columns are periods, so the metric is the measure the table itself names in its printed wording, 'Net Time Weighted Returns' — never the period (which is the horizon) and never a singularised trim of the banner. evidence_quote takes the full printed line over the bare value: the line proves this number, the bare digits prove only that they occur somewhere on the page. Definition backfill: both lanes read the same qualifiers off this cell. Definition backfill: both lanes read the same qualifiers off this cell.",RESOLVED,A+B+ADJUDICATOR,8783ef3e2dc6cf061218360ff1c3db121d172543d661901b2d74131021935dc1
aee68baa79ffb924d1da,SRC457,9,PAIR_2A98DF0069ED0F88F58E8FC4,B_ONLY,,414,,MERGE,"subject_type classifies what subject_name names: a named vehicle ('... , L.P.', an SMA, an LLC) is fund; a total or subtotal line is the owner's aggregate, so portfolio; an index is benchmark. A whole schedule typed investment means the label was not read. evidence_quote takes the full printed line over the bare value: the line proves this number, the bare digits prove only that they occur somewhere on the page.",RESOLVED,B+ADJUDICATOR,8783ef3e2dc6cf061218360ff1c3db121d172543d661901b2d74131021935dc1
0288bfc806cbf7a038f3,SRC457,9,PAIR_12CF3BEACFBBDAEB9AB37A12,CLASSIFICATION_CONFLICT,349,415,record_family|source_section|asset_class|strategy|period_start|unit|evidence_quote,MERGE,"subject_type classifies what subject_name names: a named vehicle ('... , L.P.', an SMA, an LLC) is fund; a total or subtotal line is the owner's aggregate, so portfolio; an index is benchmark. A whole schedule typed investment means the label was not read. evidence_quote takes the full printed line over the bare value: the line proves this number, the bare digits prove only that they occur somewhere on the page. Definition backfill: both lanes read the same qualifiers off this cell. Definition backfill: both lanes read the same qualifiers off this cell.",RESOLVED,A+B+ADJUDICATOR,8783ef3e2dc6cf061218360ff1c3db121d172543d661901b2d74131021935dc1
8d38e14e51136327855a,SRC457,9,PAIR_8C34F38E322101AA03E1A7D6,CLASSIFICATION_CONFLICT,350,416,record_family|source_section|source_column_label|asset_class|strategy|period_start|currency_scale|metric_category|evidence_quote,MERGE,"subject_type classifies what subject_name names: a named vehicle ('... , L.P.', an SMA, an LLC) is fund; a total or subtotal line is the owner's aggregate, so portfolio; an index is benchmark. A whole schedule typed investment means the label was not read. evidence_quote takes the full printed line over the bare value: the line proves this number, the bare digits prove only that they occur somewhere on the page. Definition backfill: both lanes read the same qualifiers off this cell. Definition backfill: both lanes read the same qualifiers off this cell.",RESOLVED,A+B+ADJUDICATOR,8783ef3e2dc6cf061218360ff1c3db121d172543d661901b2d74131021935dc1
61c382fc2831f3963436,SRC457,9,PAIR_EE5A98D6F7D29C2D75370A7D,B_ONLY,,417,,MERGE,"subject_type classifies what subject_name names: a named vehicle ('... , L.P.', an SMA, an LLC) is fund; a total or subtotal line is the owner's aggregate, so portfolio; an index is benchmark. A whole schedule typed investment means the label was not read. PIC is paid_in_capital, never moic: the disambiguation table names the printed label PIC explicitly. The page prints it under a Multiples banner, which is why one lane typed it a multiple. evidence_quote takes the full printed line over the bare value: the line proves this number, the bare digits prove only that they occur somewhere on the page. Definition backfill: both lanes read the same qualifiers off this cell. Definition backfill: both lanes read the same qualifiers off this cell.; the PIC column sits in the multiples block beside TVPI, RVPI, and DPI and its footnote states that PIC multiples may exceed 1.00 due to recycling, so the printed value is a multiple of commitment rather than an amount",RESOLVED,B+ADJUDICATOR,8783ef3e2dc6cf061218360ff1c3db121d172543d661901b2d74131021935dc1
d28347f14b79e8f8ec56,SRC457,9,PAIR_629F11DFED7D60784AB34651,CLASSIFICATION_CONFLICT,351,418,record_family|source_section|asset_class|strategy|period_start|metric_name|evidence_quote,MERGE,"subject_type classifies what subject_name names: a named vehicle ('... , L.P.', an SMA, an LLC) is fund; a total or subtotal line is the owner's aggregate, so portfolio; an index is benchmark. A whole schedule typed investment means the label was not read. metric_name: rows are entities and columns are periods, so the metric is the measure the table itself names in its printed wording, 'Net Time Weighted Returns' — never the period (which is the horizon) and never a singularised trim of the banner. evidence_quote takes the full printed line over the bare value: the line proves this number, the bare digits prove only that they occur somewhere on the page. Definition backfill: both lanes read the same qualifiers off this cell. Definition backfill: both lanes read the same qualifiers off this cell.",RESOLVED,A+B+ADJUDICATOR,8783ef3e2dc6cf061218360ff1c3db121d172543d661901b2d74131021935dc1
75034241d23d67d5fe8d,SRC457,9,PAIR_C17FA039793DCDC5DBA4FE88,CLASSIFICATION_CONFLICT,352,419,record_family|source_section|asset_class|strategy|period_start|unit|evidence_quote,MERGE,"subject_type classifies what subject_name names: a named vehicle ('... , L.P.', an SMA, an LLC) is fund; a total or subtotal line is the owner's aggregate, so portfolio; an index is benchmark. A whole schedule typed investment means the label was not read. evidence_quote takes the full printed line over the bare value: the line proves this number, the bare digits prove only that they occur somewhere on the page. Definition backfill: both lanes read the same qualifiers off this cell. Definition backfill: both lanes read the same qualifiers off this cell.",RESOLVED,A+B+ADJUDICATOR,8783ef3e2dc6cf061218360ff1c3db121d172543d661901b2d74131021935dc1
9bdc77246b8ac2bb52d2,SRC457,9,PAIR_012754B876003F5FA126C14F,CLASSIFICATION_CONFLICT,354,420,record_family|source_section|source_column_label|asset_class|strategy|period_start|metric_name|evidence_quote,MERGE,"subject_type classifies what subject_name names: a named vehicle ('... , L.P.', an SMA, an LLC) is fund; a total or subtotal line is the owner's aggregate, so portfolio; an index is benchmark. A whole schedule typed investment means the label was not read. evidence_quote takes the full printed line over the bare value: the line proves this number, the bare digits prove only that they occur somewhere on the page. Definition backfill: both lanes read the same qualifiers off this cell. Definition backfill: both lanes read the same qualifiers off this cell.",RESOLVED,A+B+ADJUDICATOR,8783ef3e2dc6cf061218360ff1c3db121d172543d661901b2d74131021935dc1
b30d7c53a40448194a2d,SRC457,9,PAIR_79526B7BE5FC16B98E987F01,CLASSIFICATION_CONFLICT,353,421,record_family|source_section|asset_class|strategy|period_start|metric_name|evidence_quote,MERGE,"subject_type classifies what subject_name names: a named vehicle ('... , L.P.', an SMA, an LLC) is fund; a total or subtotal line is the owner's aggregate, so portfolio; an index is benchmark. A whole schedule typed investment means the label was not read. metric_name: rows are entities and columns are periods, so the metric is the measure the table itself names in its printed wording, 'Net Time Weighted Returns' — never the period (which is the horizon) and never a singularised trim of the banner. evidence_quote takes the full printed line over the bare value: the line proves this number, the bare digits prove only that they occur somewhere on the page. Definition backfill: both lanes read the same qualifiers off this cell. Definition backfill: both lanes read the same qualifiers off this cell.",RESOLVED,A+B+ADJUDICATOR,8783ef3e2dc6cf061218360ff1c3db121d172543d661901b2d74131021935dc1
9715f43d8a043771e2b2,SRC457,9,PAIR_98F1135C989316ACC0C90EE9,CLASSIFICATION_CONFLICT,355,422,record_family|source_section|asset_class|strategy|period_start|unit|evidence_quote,MERGE,"subject_type classifies what subject_name names: a named vehicle ('... , L.P.', an SMA, an LLC) is fund; a total or subtotal line is the owner's aggregate, so portfolio; an index is benchmark. A whole schedule typed investment means the label was not read. evidence_quote takes the full printed line over the bare value: the line proves this number, the bare digits prove only that they occur somewhere on the page. Definition backfill: both lanes read the same qualifiers off this cell. Definition backfill: both lanes read the same qualifiers off this cell.",RESOLVED,A+B+ADJUDICATOR,8783ef3e2dc6cf061218360ff1c3db121d172543d661901b2d74131021935dc1
4958ec7b4936710a0c23,SRC457,9,PAIR_ECB8A8593E82B01EA912E128,B_ONLY,,423,,MERGE,"subject_type classifies what subject_name names: a named vehicle ('... , L.P.', an SMA, an LLC) is fund; a total or subtotal line is the owner's aggregate, so portfolio; an index is benchmark. A whole schedule typed investment means the label was not read. evidence_quote takes the full printed line over the bare value: the line proves this number, the bare digits prove only that they occur somewhere on the page.",RESOLVED,B+ADJUDICATOR,8783ef3e2dc6cf061218360ff1c3db121d172543d661901b2d74131021935dc1
40d7d79b27ae99469b8d,SRC457,9,PAIR_3400FC7C864AC1A19946C1AC,VALUE_CONFLICT,356,424,record_family|source_section|asset_class|strategy|period_start|metric_name|metric_value_raw|evidence_quote,MERGE,"subject_type classifies what subject_name names: a named vehicle ('... , L.P.', an SMA, an LLC) is fund; a total or subtotal line is the owner's aggregate, so portfolio; an index is benchmark. A whole schedule typed investment means the label was not read. metric_name: rows are entities and columns are periods, so the metric is the measure the table itself names in its printed wording, 'Net Time Weighted Returns' — never the period (which is the horizon) and never a singularised trim of the banner. evidence_quote takes the full printed line over the bare value: the line proves this number, the bare digits prove only that they occur somewhere on the page. Definition backfill: both lanes read the same qualifiers off this cell. Definition backfill: both lanes read the same qualifiers off this cell.",RESOLVED,A+B+ADJUDICATOR,8783ef3e2dc6cf061218360ff1c3db121d172543d661901b2d74131021935dc1
0bfeeaf17c75907a0f2c,SRC457,9,PAIR_84AD29B955D7778B7D36B155,VALUE_CONFLICT,357,425,record_family|source_section|asset_class|strategy|period_start|metric_name|metric_value_raw|evidence_quote,MERGE,"subject_type classifies what subject_name names: a named vehicle ('... , L.P.', an SMA, an LLC) is fund; a total or subtotal line is the owner's aggregate, so portfolio; an index is benchmark. A whole schedule typed investment means the label was not read. metric_name: rows are entities and columns are periods, so the metric is the measure the table itself names in its printed wording, 'Net Time Weighted Returns' — never the period (which is the horizon) and never a singularised trim of the banner. evidence_quote takes the full printed line over the bare value: the line proves this number, the bare digits prove only that they occur somewhere on the page. Definition backfill: both lanes read the same qualifiers off this cell. Definition backfill: both lanes read the same qualifiers off this cell.",RESOLVED,A+B+ADJUDICATOR,8783ef3e2dc6cf061218360ff1c3db121d172543d661901b2d74131021935dc1
2d6e13bd151d4df2371a,SRC457,9,PAIR_C3D3EA10968A56555C9E0096,B_ONLY,,426,,MERGE,"subject_type classifies what subject_name names: a named vehicle ('... , L.P.', an SMA, an LLC) is fund; a total or subtotal line is the owner's aggregate, so portfolio; an index is benchmark. A whole schedule typed investment means the label was not read. evidence_quote takes the full printed line over the bare value: the line proves this number, the bare digits prove only that they occur somewhere on the page.",RESOLVED,B+ADJUDICATOR,8783ef3e2dc6cf061218360ff1c3db121d172543d661901b2d74131021935dc1
6986883b7433e654417f,SRC457,9,PAIR_913C28D20572B66846B9C5AD,CLASSIFICATION_CONFLICT,358,427,record_family|source_section|asset_class|strategy|period_start|unit|evidence_quote,MERGE,"subject_type classifies what subject_name names: a named vehicle ('... , L.P.', an SMA, an LLC) is fund; a total or subtotal line is the owner's aggregate, so portfolio; an index is benchmark. A whole schedule typed investment means the label was not read. evidence_quote takes the full printed line over the bare value: the line proves this number, the bare digits prove only that they occur somewhere on the page. Definition backfill: both lanes read the same qualifiers off this cell. Definition backfill: both lanes read the same qualifiers off this cell.",RESOLVED,A+B+ADJUDICATOR,8783ef3e2dc6cf061218360ff1c3db121d172543d661901b2d74131021935dc1
ca744725427a00e32d43,SRC457,9,PAIR_41E53C8A7AD7BC87C384218F,CLASSIFICATION_CONFLICT,359,428,record_family|source_section|source_column_label|asset_class|strategy|period_start|currency_scale|metric_category|evidence_quote,MERGE,"subject_type classifies what subject_name names: a named vehicle ('... , L.P.', an SMA, an LLC) is fund; a total or subtotal line is the owner's aggregate, so portfolio; an index is benchmark. A whole schedule typed investment means the label was not read. evidence_quote takes the full printed line over the bare value: the line proves this number, the bare digits prove only that they occur somewhere on the page. Definition backfill: both lanes read the same qualifiers off this cell. Definition backfill: both lanes read the same qualifiers off this cell.",RESOLVED,A+B+ADJUDICATOR,8783ef3e2dc6cf061218360ff1c3db121d172543d661901b2d74131021935dc1
484b319e8933b64f7e30,SRC457,9,PAIR_3A031489C4D503EE8203C935,B_ONLY,,429,,MERGE,"subject_type classifies what subject_name names: a named vehicle ('... , L.P.', an SMA, an LLC) is fund; a total or subtotal line is the owner's aggregate, so portfolio; an index is benchmark. A whole schedule typed investment means the label was not read. PIC is paid_in_capital, never moic: the disambiguation table names the printed label PIC explicitly. The page prints it under a Multiples banner, which is why one lane typed it a multiple. evidence_quote takes the full printed line over the bare value: the line proves this number, the bare digits prove only that they occur somewhere on the page. Definition backfill: both lanes read the same qualifiers off this cell. Definition backfill: both lanes read the same qualifiers off this cell.; the PIC column sits in the multiples block beside TVPI, RVPI, and DPI and its footnote states that PIC multiples may exceed 1.00 due to recycling, so the printed value is a multiple of commitment rather than an amount",RESOLVED,B+ADJUDICATOR,8783ef3e2dc6cf061218360ff1c3db121d172543d661901b2d74131021935dc1
944307f25bd53b3d00c6,SRC457,9,PAIR_5DDFF9299F53495E9FA9ADA3,VALUE_CONFLICT,360,430,record_family|source_section|asset_class|strategy|period_start|metric_name|metric_value_raw|evidence_quote,MERGE,"subject_type classifies what subject_name names: a named vehicle ('... , L.P.', an SMA, an LLC) is fund; a total or subtotal line is the owner's aggregate, so portfolio; an index is benchmark. A whole schedule typed investment means the label was not read. metric_name: rows are entities and columns are periods, so the metric is the measure the table itself names in its printed wording, 'Net Time Weighted Returns' — never the period (which is the horizon) and never a singularised trim of the banner. evidence_quote takes the full printed line over the bare value: the line proves this number, the bare digits prove only that they occur somewhere on the page. Definition backfill: both lanes read the same qualifiers off this cell. Definition backfill: both lanes read the same qualifiers off this cell.",RESOLVED,A+B+ADJUDICATOR,8783ef3e2dc6cf061218360ff1c3db121d172543d661901b2d74131021935dc1
05b579d6006ee08ac4df,SRC457,9,PAIR_4CA862B985CFF05BE9DC65EE,CLASSIFICATION_CONFLICT,361,431,record_family|source_section|asset_class|strategy|period_start|unit|evidence_quote,MERGE,"subject_type classifies what subject_name names: a named vehicle ('... , L.P.', an SMA, an LLC) is fund; a total or subtotal line is the owner's aggregate, so portfolio; an index is benchmark. A whole schedule typed investment means the label was not read. evidence_quote takes the full printed line over the bare value: the line proves this number, the bare digits prove only that they occur somewhere on the page. Definition backfill: both lanes read the same qualifiers off this cell. Definition backfill: both lanes read the same qualifiers off this cell.",RESOLVED,A+B+ADJUDICATOR,8783ef3e2dc6cf061218360ff1c3db121d172543d661901b2d74131021935dc1
4357cb8b483f9651382b,SRC457,9,PAIR_E86A2120A6B0A80E3F2D7E93,VALUE_CONFLICT,363,432,record_family|source_section|source_column_label|asset_class|strategy|period_start|metric_name|metric_value_raw|evidence_quote,MERGE,"subject_type classifies what subject_name names: a named vehicle ('... , L.P.', an SMA, an LLC) is fund; a total or subtotal line is the owner's aggregate, so portfolio; an index is benchmark. A whole schedule typed investment means the label was not read. evidence_quote takes the full printed line over the bare value: the line proves this number, the bare digits prove only that they occur somewhere on the page. Definition backfill: both lanes read the same qualifiers off this cell. Definition backfill: both lanes read the same qualifiers off this cell.",RESOLVED,A+B+ADJUDICATOR,8783ef3e2dc6cf061218360ff1c3db121d172543d661901b2d74131021935dc1
490977d69ce0f957d041,SRC457,9,PAIR_D43DEB8E354D2E192EC2F2D4,VALUE_CONFLICT,362,433,record_family|source_section|asset_class|strategy|period_start|metric_name|metric_value_raw|evidence_quote,MERGE,"subject_type classifies what subject_name names: a named vehicle ('... , L.P.', an SMA, an LLC) is fund; a total or subtotal line is the owner's aggregate, so portfolio; an index is benchmark. A whole schedule typed investment means the label was not read. metric_name: rows are entities and columns are periods, so the metric is the measure the table itself names in its printed wording, 'Net Time Weighted Returns' — never the period (which is the horizon) and never a singularised trim of the banner. evidence_quote takes the full printed line over the bare value: the line proves this number, the bare digits prove only that they occur somewhere on the page. Definition backfill: both lanes read the same qualifiers off this cell. Definition backfill: both lanes read the same qualifiers off this cell.",RESOLVED,A+B+ADJUDICATOR,8783ef3e2dc6cf061218360ff1c3db121d172543d661901b2d74131021935dc1
6959950f608cdd4bd393,SRC457,9,PAIR_BF5AD417E88FDBEACAB4B03C,CLASSIFICATION_CONFLICT,364,434,record_family|source_section|asset_class|strategy|period_start|unit|evidence_quote,MERGE,"subject_type classifies what subject_name names: a named vehicle ('... , L.P.', an SMA, an LLC) is fund; a total or subtotal line is the owner's aggregate, so portfolio; an index is benchmark. A whole schedule typed investment means the label was not read. evidence_quote takes the full printed line over the bare value: the line proves this number, the bare digits prove only that they occur somewhere on the page. Definition backfill: both lanes read the same qualifiers off this cell. Definition backfill: both lanes read the same qualifiers off this cell.",RESOLVED,A+B+ADJUDICATOR,8783ef3e2dc6cf061218360ff1c3db121d172543d661901b2d74131021935dc1
1fe48146d8b2be1f0cc3,SRC457,9,PAIR_C382CEEDC6FEA89B9B3C82D9,B_ONLY,,435,,MERGE,"subject_type classifies what subject_name names: a named vehicle ('... , L.P.', an SMA, an LLC) is fund; a total or subtotal line is the owner's aggregate, so portfolio; an index is benchmark. A whole schedule typed investment means the label was not read. evidence_quote takes the full printed line over the bare value: the line proves this number, the bare digits prove only that they occur somewhere on the page.",RESOLVED,B+ADJUDICATOR,8783ef3e2dc6cf061218360ff1c3db121d172543d661901b2d74131021935dc1
edfca53f58b0f3111cc1,SRC457,9,PAIR_0C516B460CFB827F62597B6A,B_ONLY,,436,,MERGE,"subject_type classifies what subject_name names: a named vehicle ('... , L.P.', an SMA, an LLC) is fund; a total or subtotal line is the owner's aggregate, so portfolio; an index is benchmark. A whole schedule typed investment means the label was not read. evidence_quote takes the full printed line over the bare value: the line proves this number, the bare digits prove only that they occur somewhere on the page.",RESOLVED,B+ADJUDICATOR,8783ef3e2dc6cf061218360ff1c3db121d172543d661901b2d74131021935dc1
c8b1442eab04ec76ad4e,SRC457,9,PAIR_40978C441DC7FDEA21884222,CLASSIFICATION_CONFLICT,365,437,record_family|source_section|asset_class|strategy|period_start|unit|evidence_quote,MERGE,"subject_type classifies what subject_name names: a named vehicle ('... , L.P.', an SMA, an LLC) is fund; a total or subtotal line is the owner's aggregate, so portfolio; an index is benchmark. A whole schedule typed investment means the label was not read. evidence_quote takes the full printed line over the bare value: the line proves this number, the bare digits prove only that they occur somewhere on the page. Definition backfill: both lanes read the same qualifiers off this cell. Definition backfill: both lanes read the same qualifiers off this cell.",RESOLVED,A+B+ADJUDICATOR,8783ef3e2dc6cf061218360ff1c3db121d172543d661901b2d74131021935dc1
f944598e95cddd8e3d50,SRC457,9,PAIR_95DF1DDB78B59CB4EBF1DBCB,CLASSIFICATION_CONFLICT,366,438,record_family|source_section|source_column_label|asset_class|strategy|period_start|currency_scale|metric_category|evidence_quote,MERGE,"subject_type classifies what subject_name names: a named vehicle ('... , L.P.', an SMA, an LLC) is fund; a total or subtotal line is the owner's aggregate, so portfolio; an index is benchmark. A whole schedule typed investment means the label was not read. evidence_quote takes the full printed line over the bare value: the line proves this number, the bare digits prove only that they occur somewhere on the page. Definition backfill: both lanes read the same qualifiers off this cell. Definition backfill: both lanes read the same qualifiers off this cell.",RESOLVED,A+B+ADJUDICATOR,8783ef3e2dc6cf061218360ff1c3db121d172543d661901b2d74131021935dc1
ae6268a81e299816f905,SRC457,9,PAIR_2F9AE41D4B95FCC015A1B1A5,B_ONLY,,439,,MERGE,"subject_type classifies what subject_name names: a named vehicle ('... , L.P.', an SMA, an LLC) is fund; a total or subtotal line is the owner's aggregate, so portfolio; an index is benchmark. A whole schedule typed investment means the label was not read. PIC is paid_in_capital, never moic: the disambiguation table names the printed label PIC explicitly. The page prints it under a Multiples banner, which is why one lane typed it a multiple. evidence_quote takes the full printed line over the bare value: the line proves this number, the bare digits prove only that they occur somewhere on the page. Definition backfill: both lanes read the same qualifiers off this cell. Definition backfill: both lanes read the same qualifiers off this cell.; the PIC column sits in the multiples block beside TVPI, RVPI, and DPI and its footnote states that PIC multiples may exceed 1.00 due to recycling, so the printed value is a multiple of commitment rather than an amount",RESOLVED,B+ADJUDICATOR,8783ef3e2dc6cf061218360ff1c3db121d172543d661901b2d74131021935dc1
90630296bc6f0eb58a5b,SRC457,9,PAIR_5C4DB10E40B438B37A63C4C5,VALUE_CONFLICT,367,440,record_family|source_section|asset_class|strategy|period_start|metric_name|metric_value_raw|evidence_quote,MERGE,"subject_type classifies what subject_name names: a named vehicle ('... , L.P.', an SMA, an LLC) is fund; a total or subtotal line is the owner's aggregate, so portfolio; an index is benchmark. A whole schedule typed investment means the label was not read. metric_name: rows are entities and columns are periods, so the metric is the measure the table itself names in its printed wording, 'Net Time Weighted Returns' — never the period (which is the horizon) and never a singularised trim of the banner. evidence_quote takes the full printed line over the bare value: the line proves this number, the bare digits prove only that they occur somewhere on the page. Definition backfill: both lanes read the same qualifiers off this cell. Definition backfill: both lanes read the same qualifiers off this cell.",RESOLVED,A+B+ADJUDICATOR,8783ef3e2dc6cf061218360ff1c3db121d172543d661901b2d74131021935dc1
b9cf1a13f65655524735,SRC457,9,PAIR_00B3CF268188F0C552743298,CLASSIFICATION_CONFLICT,368,441,record_family|source_section|asset_class|strategy|period_start|unit|evidence_quote,MERGE,"subject_type classifies what subject_name names: a named vehicle ('... , L.P.', an SMA, an LLC) is fund; a total or subtotal line is the owner's aggregate, so portfolio; an index is benchmark. A whole schedule typed investment means the label was not read. evidence_quote takes the full printed line over the bare value: the line proves this number, the bare digits prove only that they occur somewhere on the page. Definition backfill: both lanes read the same qualifiers off this cell. Definition backfill: both lanes read the same qualifiers off this cell.",RESOLVED,A+B+ADJUDICATOR,8783ef3e2dc6cf061218360ff1c3db121d172543d661901b2d74131021935dc1
85ce1375725ad86d40eb,SRC457,9,PAIR_E794483A165B78E558FBFB18,CLASSIFICATION_CONFLICT,369,442,record_family|source_section|source_column_label|asset_class|strategy|period_start|metric_name|evidence_quote,MERGE,"subject_type classifies what subject_name names: a named vehicle ('... , L.P.', an SMA, an LLC) is fund; a total or subtotal line is the owner's aggregate, so portfolio; an index is benchmark. A whole schedule typed investment means the label was not read. evidence_quote takes the full printed line over the bare value: the line proves this number, the bare digits prove only that they occur somewhere on the page. Definition backfill: both lanes read the same qualifiers off this cell. Definition backfill: both lanes read the same qualifiers off this cell.",RESOLVED,A+B+ADJUDICATOR,8783ef3e2dc6cf061218360ff1c3db121d172543d661901b2d74131021935dc1
f7ca90c2bbe60778732d,SRC457,9,PAIR_0C06A41158E1EC341298E78F,CLASSIFICATION_CONFLICT,370,443,record_family|source_section|asset_class|strategy|period_start|unit|evidence_quote,MERGE,"subject_type classifies what subject_name names: a named vehicle ('... , L.P.', an SMA, an LLC) is fund; a total or subtotal line is the owner's aggregate, so portfolio; an index is benchmark. A whole schedule typed investment means the label was not read. evidence_quote takes the full printed line over the bare value: the line proves this number, the bare digits prove only that they occur somewhere on the page. Definition backfill: both lanes read the same qualifiers off this cell. Definition backfill: both lanes read the same qualifiers off this cell.",RESOLVED,A+B+ADJUDICATOR,8783ef3e2dc6cf061218360ff1c3db121d172543d661901b2d74131021935dc1
b5134c030cb804e16e2d,SRC457,9,PAIR_C38ABD7DCFE59C8AD4EB4460,B_ONLY,,444,,MERGE,"subject_type classifies what subject_name names: a named vehicle ('... , L.P.', an SMA, an LLC) is fund; a total or subtotal line is the owner's aggregate, so portfolio; an index is benchmark. A whole schedule typed investment means the label was not read. evidence_quote takes the full printed line over the bare value: the line proves this number, the bare digits prove only that they occur somewhere on the page.",RESOLVED,B+ADJUDICATOR,8783ef3e2dc6cf061218360ff1c3db121d172543d661901b2d74131021935dc1
cc5f8188bc31f1b1277a,SRC457,9,PAIR_50030474A82BE784BD277094,CLASSIFICATION_CONFLICT,371,445,record_family|source_section|asset_class|strategy|metric_name|evidence_quote,MERGE,"metric_name: rows are entities and columns are periods, so the metric is the measure the table itself names in its printed wording, 'Net Time Weighted Returns' — never the period (which is the horizon) and never a singularised trim of the banner. evidence_quote takes the full printed line over the bare value: the line proves this number, the bare digits prove only that they occur somewhere on the page. Definition backfill: both lanes read the same qualifiers off this cell. Definition backfill: both lanes read the same qualifiers off this cell.",RESOLVED,A+B+ADJUDICATOR,8783ef3e2dc6cf061218360ff1c3db121d172543d661901b2d74131021935dc1
b7f3823a8834863d1738,SRC457,9,PAIR_7DB518798B2DECA833E2AB1C,CLASSIFICATION_CONFLICT,372,446,record_family|source_section|asset_class|strategy|metric_name|evidence_quote,MERGE,"metric_name: rows are entities and columns are periods, so the metric is the measure the table itself names in its printed wording, 'Net Time Weighted Returns' — never the period (which is the horizon) and never a singularised trim of the banner. evidence_quote takes the full printed line over the bare value: the line proves this number, the bare digits prove only that they occur somewhere on the page. Definition backfill: both lanes read the same qualifiers off this cell. Definition backfill: both lanes read the same qualifiers off this cell.",RESOLVED,A+B+ADJUDICATOR,8783ef3e2dc6cf061218360ff1c3db121d172543d661901b2d74131021935dc1
85f17e7063605ab6ed05,SRC457,9,PAIR_33B3011F316A1421EBE19448,CLASSIFICATION_CONFLICT,373,447,record_family|source_section|asset_class|strategy|metric_name|evidence_quote,MERGE,"metric_name: rows are entities and columns are periods, so the metric is the measure the table itself names in its printed wording, 'Net Time Weighted Returns' — never the period (which is the horizon) and never a singularised trim of the banner. evidence_quote takes the full printed line over the bare value: the line proves this number, the bare digits prove only that they occur somewhere on the page. Definition backfill: both lanes read the same qualifiers off this cell. Definition backfill: both lanes read the same qualifiers off this cell.",RESOLVED,A+B+ADJUDICATOR,8783ef3e2dc6cf061218360ff1c3db121d172543d661901b2d74131021935dc1
f1bef1f6e748c90be689,SRC457,9,PAIR_90298D7351D386356869E64D,CLASSIFICATION_CONFLICT,374,448,record_family|source_section|asset_class|strategy|metric_name|evidence_quote,MERGE,"metric_name: rows are entities and columns are periods, so the metric is the measure the table itself names in its printed wording, 'Net Time Weighted Returns' — never the period (which is the horizon) and never a singularised trim of the banner. evidence_quote takes the full printed line over the bare value: the line proves this number, the bare digits prove only that they occur somewhere on the page. Definition backfill: both lanes read the same qualifiers off this cell. Definition backfill: both lanes read the same qualifiers off this cell.",RESOLVED,A+B+ADJUDICATOR,8783ef3e2dc6cf061218360ff1c3db121d172543d661901b2d74131021935dc1
f1ef58a64405eabf2a16,SRC457,9,PAIR_5F637D51AA90438C585426FB,CLASSIFICATION_CONFLICT,375,449,record_family|source_section|asset_class|strategy|metric_name|evidence_quote,MERGE,"metric_name: rows are entities and columns are periods, so the metric is the measure the table itself names in its printed wording, 'Net Time Weighted Returns' — never the period (which is the horizon) and never a singularised trim of the banner. evidence_quote takes the full printed line over the bare value: the line proves this number, the bare digits prove only that they occur somewhere on the page. Definition backfill: both lanes read the same qualifiers off this cell. Definition backfill: both lanes read the same qualifiers off this cell.",RESOLVED,A+B+ADJUDICATOR,8783ef3e2dc6cf061218360ff1c3db121d172543d661901b2d74131021935dc1
2f61ce7d645dd40b74b5,SRC457,9,PAIR_FFBAABF718AA7A80CE765BBB,CLASSIFICATION_CONFLICT,376,450,record_family|source_section|asset_class|strategy|metric_name|evidence_quote,MERGE,"metric_name: rows are entities and columns are periods, so the metric is the measure the table itself names in its printed wording, 'Net Time Weighted Returns' — never the period (which is the horizon) and never a singularised trim of the banner. evidence_quote takes the full printed line over the bare value: the line proves this number, the bare digits prove only that they occur somewhere on the page. Definition backfill: both lanes read the same qualifiers off this cell. Definition backfill: both lanes read the same qualifiers off this cell.",RESOLVED,A+B+ADJUDICATOR,8783ef3e2dc6cf061218360ff1c3db121d172543d661901b2d74131021935dc1
f53504edbba1bb26cf34,SRC457,9,PAIR_7D37E9C9BF2402757FB2B2FB,CLASSIFICATION_CONFLICT,377,451,record_family|source_section|asset_class|strategy|metric_name|evidence_quote,MERGE,"metric_name: rows are entities and columns are periods, so the metric is the measure the table itself names in its printed wording, 'Net Time Weighted Returns' — never the period (which is the horizon) and never a singularised trim of the banner. evidence_quote takes the full printed line over the bare value: the line proves this number, the bare digits prove only that they occur somewhere on the page. Definition backfill: both lanes read the same qualifiers off this cell. Definition backfill: both lanes read the same qualifiers off this cell.",RESOLVED,A+B+ADJUDICATOR,8783ef3e2dc6cf061218360ff1c3db121d172543d661901b2d74131021935dc1
6cedba3fae0b90e6434c,SRC457,9,PAIR_6D00FD103652AC143D858772,CLASSIFICATION_CONFLICT,378,452,record_family|source_section|asset_class|strategy|metric_name|evidence_quote,MERGE,"metric_name: rows are entities and columns are periods, so the metric is the measure the table itself names in its printed wording, 'Net Time Weighted Returns' — never the period (which is the horizon) and never a singularised trim of the banner. evidence_quote takes the full printed line over the bare value: the line proves this number, the bare digits prove only that they occur somewhere on the page. Definition backfill: both lanes read the same qualifiers off this cell. Definition backfill: both lanes read the same qualifiers off this cell.",RESOLVED,A+B+ADJUDICATOR,8783ef3e2dc6cf061218360ff1c3db121d172543d661901b2d74131021935dc1
4f369800a21254701598,SRC457,9,PAIR_C6EA32897EC75C5ECCF8138A,CLASSIFICATION_CONFLICT,379,453,record_family|source_section|asset_class|strategy|metric_name|evidence_quote,MERGE,"metric_name: rows are entities and columns are periods, so the metric is the measure the table itself names in its printed wording, 'Net Time Weighted Returns' — never the period (which is the horizon) and never a singularised trim of the banner. evidence_quote takes the full printed line over the bare value: the line proves this number, the bare digits prove only that they occur somewhere on the page. Definition backfill: both lanes read the same qualifiers off this cell. Definition backfill: both lanes read the same qualifiers off this cell.",RESOLVED,A+B+ADJUDICATOR,8783ef3e2dc6cf061218360ff1c3db121d172543d661901b2d74131021935dc1
557483ce998d3e5cdc36,SRC457,9,PAIR_CD275A45ECB35706FA1A6986,CLASSIFICATION_CONFLICT,380,454,record_family|source_section|asset_class|strategy|metric_name|evidence_quote,MERGE,"metric_name: rows are entities and columns are periods, so the metric is the measure the table itself names in its printed wording, 'Net Time Weighted Returns' — never the period (which is the horizon) and never a singularised trim of the banner. evidence_quote takes the full printed line over the bare value: the line proves this number, the bare digits prove only that they occur somewhere on the page. Definition backfill: both lanes read the same qualifiers off this cell. Definition backfill: both lanes read the same qualifiers off this cell.",RESOLVED,A+B+ADJUDICATOR,8783ef3e2dc6cf061218360ff1c3db121d172543d661901b2d74131021935dc1
b6245d517b0bc0649f94,SRC457,9,PAIR_B937FE9592E8C1F13B5FEA64,CLASSIFICATION_CONFLICT,381,455,record_family|source_section|asset_class|strategy|metric_name|evidence_quote,MERGE,"metric_name: rows are entities and columns are periods, so the metric is the measure the table itself names in its printed wording, 'Net Time Weighted Returns' — never the period (which is the horizon) and never a singularised trim of the banner. evidence_quote takes the full printed line over the bare value: the line proves this number, the bare digits prove only that they occur somewhere on the page. Definition backfill: both lanes read the same qualifiers off this cell. Definition backfill: both lanes read the same qualifiers off this cell.",RESOLVED,A+B+ADJUDICATOR,8783ef3e2dc6cf061218360ff1c3db121d172543d661901b2d74131021935dc1
75bce1e1b87a75df185c,SRC457,9,PAIR_DAAA0C0249BBF8461BAFC563,CLASSIFICATION_CONFLICT,382,456,record_family|source_section|asset_class|strategy|metric_name|evidence_quote,MERGE,"metric_name: rows are entities and columns are periods, so the metric is the measure the table itself names in its printed wording, 'Net Time Weighted Returns' — never the period (which is the horizon) and never a singularised trim of the banner. evidence_quote takes the full printed line over the bare value: the line proves this number, the bare digits prove only that they occur somewhere on the page. Definition backfill: both lanes read the same qualifiers off this cell. Definition backfill: both lanes read the same qualifiers off this cell.",RESOLVED,A+B+ADJUDICATOR,8783ef3e2dc6cf061218360ff1c3db121d172543d661901b2d74131021935dc1
46e4fd9e924c56fe9bd9,SRC457,9,PAIR_0DC5A494937B408F677055D4,VALUE_CONFLICT,383,457,record_family|source_section|subject_type|asset_class|strategy|period_start|metric_name|metric_value_raw|evidence_quote,MERGE,"subject_type classifies what subject_name names: a named vehicle ('... , L.P.', an SMA, an LLC) is fund; a total or subtotal line is the owner's aggregate, so portfolio; an index is benchmark. A whole schedule typed investment means the label was not read. metric_name: rows are entities and columns are periods, so the metric is the measure the table itself names in its printed wording, 'Net Time Weighted Returns' — never the period (which is the horizon) and never a singularised trim of the banner. evidence_quote takes the full printed line over the bare value: the line proves this number, the bare digits prove only that they occur somewhere on the page. Definition backfill: both lanes read the same qualifiers off this cell. Definition backfill: both lanes read the same qualifiers off this cell.",RESOLVED,A+B+ADJUDICATOR,8783ef3e2dc6cf061218360ff1c3db121d172543d661901b2d74131021935dc1
550209a3f4c78492c789,SRC457,9,PAIR_DAF4B2951B8A1F929FC4D7FA,VALUE_CONFLICT,384,458,record_family|source_section|subject_type|asset_class|strategy|period_start|metric_name|metric_value_raw|evidence_quote,MERGE,"subject_type classifies what subject_name names: a named vehicle ('... , L.P.', an SMA, an LLC) is fund; a total or subtotal line is the owner's aggregate, so portfolio; an index is benchmark. A whole schedule typed investment means the label was not read. metric_name: rows are entities and columns are periods, so the metric is the measure the table itself names in its printed wording, 'Net Time Weighted Returns' — never the period (which is the horizon) and never a singularised trim of the banner. evidence_quote takes the full printed line over the bare value: the line proves this number, the bare digits prove only that they occur somewhere on the page. Definition backfill: both lanes read the same qualifiers off this cell. Definition backfill: both lanes read the same qualifiers off this cell.",RESOLVED,A+B+ADJUDICATOR,8783ef3e2dc6cf061218360ff1c3db121d172543d661901b2d74131021935dc1
74f141300fa96dc18010,SRC457,9,PAIR_8B2B5358206F8029F5578B0C,CLASSIFICATION_CONFLICT,385,459,record_family|source_section|subject_type|asset_class|strategy|period_start|metric_name|evidence_quote,MERGE,"subject_type classifies what subject_name names: a named vehicle ('... , L.P.', an SMA, an LLC) is fund; a total or subtotal line is the owner's aggregate, so portfolio; an index is benchmark. A whole schedule typed investment means the label was not read. metric_name: rows are entities and columns are periods, so the metric is the measure the table itself names in its printed wording, 'Net Time Weighted Returns' — never the period (which is the horizon) and never a singularised trim of the banner. evidence_quote takes the full printed line over the bare value: the line proves this number, the bare digits prove only that they occur somewhere on the page. Definition backfill: both lanes read the same qualifiers off this cell. Definition backfill: both lanes read the same qualifiers off this cell.",RESOLVED,A+B+ADJUDICATOR,8783ef3e2dc6cf061218360ff1c3db121d172543d661901b2d74131021935dc1
4d36e6898dcb4bea5fb7,SRC457,9,PAIR_B3E6B2FF423A4B6A660082F3,CLASSIFICATION_CONFLICT,386,460,record_family|source_section|subject_type|asset_class|strategy|period_start|metric_name|evidence_quote,MERGE,"subject_type classifies what subject_name names: a named vehicle ('... , L.P.', an SMA, an LLC) is fund; a total or subtotal line is the owner's aggregate, so portfolio; an index is benchmark. A whole schedule typed investment means the label was not read. metric_name: rows are entities and columns are periods, so the metric is the measure the table itself names in its printed wording, 'Net Time Weighted Returns' — never the period (which is the horizon) and never a singularised trim of the banner. evidence_quote takes the full printed line over the bare value: the line proves this number, the bare digits prove only that they occur somewhere on the page. Definition backfill: both lanes read the same qualifiers off this cell. Definition backfill: both lanes read the same qualifiers off this cell.",RESOLVED,A+B+ADJUDICATOR,8783ef3e2dc6cf061218360ff1c3db121d172543d661901b2d74131021935dc1
a31c8e8b5bcb4c36ffc5,SRC457,9,PAIR_2138732D08A9396A8DF35742,B_ONLY,,461,,MERGE,"subject_type classifies what subject_name names: a named vehicle ('... , L.P.', an SMA, an LLC) is fund; a total or subtotal line is the owner's aggregate, so portfolio; an index is benchmark. A whole schedule typed investment means the label was not read. evidence_quote takes the full printed line over the bare value: the line proves this number, the bare digits prove only that they occur somewhere on the page.",RESOLVED,B+ADJUDICATOR,8783ef3e2dc6cf061218360ff1c3db121d172543d661901b2d74131021935dc1
39f0c168f638611e9620,SRC457,9,PAIR_4A3575834768713010FD9546,CLASSIFICATION_CONFLICT,387,462,record_family|source_section|subject_type|asset_class|strategy|period_start|unit|evidence_quote,MERGE,"subject_type classifies what subject_name names: a named vehicle ('... , L.P.', an SMA, an LLC) is fund; a total or subtotal line is the owner's aggregate, so portfolio; an index is benchmark. A whole schedule typed investment means the label was not read. evidence_quote takes the full printed line over the bare value: the line proves this number, the bare digits prove only that they occur somewhere on the page. Definition backfill: both lanes read the same qualifiers off this cell. Definition backfill: both lanes read the same qualifiers off this cell.",RESOLVED,A+B+ADJUDICATOR,8783ef3e2dc6cf061218360ff1c3db121d172543d661901b2d74131021935dc1
05f8413a70e3e42e091e,SRC457,9,PAIR_F20ED1CBFAA0F2C736E947B5,CLASSIFICATION_CONFLICT,388,463,record_family|source_section|source_column_label|subject_type|asset_class|strategy|period_start|currency_scale|metric_category|evidence_quote,MERGE,"subject_type classifies what subject_name names: a named vehicle ('... , L.P.', an SMA, an LLC) is fund; a total or subtotal line is the owner's aggregate, so portfolio; an index is benchmark. A whole schedule typed investment means the label was not read. evidence_quote takes the full printed line over the bare value: the line proves this number, the bare digits prove only that they occur somewhere on the page. Definition backfill: both lanes read the same qualifiers off this cell. Definition backfill: both lanes read the same qualifiers off this cell.",RESOLVED,A+B+ADJUDICATOR,8783ef3e2dc6cf061218360ff1c3db121d172543d661901b2d74131021935dc1
6e3fb184baa2ba54fd34,SRC457,9,PAIR_13DDFCC1BE7FAECBFEF3F937,B_ONLY,,464,,MERGE,"subject_type classifies what subject_name names: a named vehicle ('... , L.P.', an SMA, an LLC) is fund; a total or subtotal line is the owner's aggregate, so portfolio; an index is benchmark. A whole schedule typed investment means the label was not read. PIC is paid_in_capital, never moic: the disambiguation table names the printed label PIC explicitly. The page prints it under a Multiples banner, which is why one lane typed it a multiple. evidence_quote takes the full printed line over the bare value: the line proves this number, the bare digits prove only that they occur somewhere on the page. Definition backfill: both lanes read the same qualifiers off this cell. Definition backfill: both lanes read the same qualifiers off this cell.; the PIC column sits in the multiples block beside TVPI, RVPI, and DPI and its footnote states that PIC multiples may exceed 1.00 due to recycling, so the printed value is a multiple of commitment rather than an amount",RESOLVED,B+ADJUDICATOR,8783ef3e2dc6cf061218360ff1c3db121d172543d661901b2d74131021935dc1
2cf19a2353d5399c4172,SRC457,9,PAIR_084F52CEA5393E9E320DC3C0,CLASSIFICATION_CONFLICT,389,465,record_family|source_section|subject_type|asset_class|strategy|period_start|metric_name|evidence_quote,MERGE,"subject_type classifies what subject_name names: a named vehicle ('... , L.P.', an SMA, an LLC) is fund; a total or subtotal line is the owner's aggregate, so portfolio; an index is benchmark. A whole schedule typed investment means the label was not read. metric_name: rows are entities and columns are periods, so the metric is the measure the table itself names in its printed wording, 'Net Time Weighted Returns' — never the period (which is the horizon) and never a singularised trim of the banner. evidence_quote takes the full printed line over the bare value: the line proves this number, the bare digits prove only that they occur somewhere on the page. Definition backfill: both lanes read the same qualifiers off this cell. Definition backfill: both lanes read the same qualifiers off this cell.",RESOLVED,A+B+ADJUDICATOR,8783ef3e2dc6cf061218360ff1c3db121d172543d661901b2d74131021935dc1
d926ac5964a5c82baf69,SRC457,9,PAIR_B700CEC658F8BCDD6195D323,CLASSIFICATION_CONFLICT,390,466,record_family|source_section|subject_type|asset_class|strategy|period_start|unit|evidence_quote,MERGE,"subject_type classifies what subject_name names: a named vehicle ('... , L.P.', an SMA, an LLC) is fund; a total or subtotal line is the owner's aggregate, so portfolio; an index is benchmark. A whole schedule typed investment means the label was not read. evidence_quote takes the full printed line over the bare value: the line proves this number, the bare digits prove only that they occur somewhere on the page. Definition backfill: both lanes read the same qualifiers off this cell. Definition backfill: both lanes read the same qualifiers off this cell.",RESOLVED,A+B+ADJUDICATOR,8783ef3e2dc6cf061218360ff1c3db121d172543d661901b2d74131021935dc1
4428377c52e4d098b30f,SRC457,9,PAIR_82065711CF3B91B1DB948DDF,CLASSIFICATION_CONFLICT,392,467,record_family|source_section|source_column_label|subject_type|asset_class|strategy|period_start|metric_name|evidence_quote,MERGE,"subject_type classifies what subject_name names: a named vehicle ('... , L.P.', an SMA, an LLC) is fund; a total or subtotal line is the owner's aggregate, so portfolio; an index is benchmark. A whole schedule typed investment means the label was not read. evidence_quote takes the full printed line over the bare value: the line proves this number, the bare digits prove only that they occur somewhere on the page. Definition backfill: both lanes read the same qualifiers off this cell. Definition backfill: both lanes read the same qualifiers off this cell.",RESOLVED,A+B+ADJUDICATOR,8783ef3e2dc6cf061218360ff1c3db121d172543d661901b2d74131021935dc1
19e6d4a979f248fc4174,SRC457,9,PAIR_C73C83E08395574CD3E570CD,CLASSIFICATION_CONFLICT,391,468,record_family|source_section|subject_type|asset_class|strategy|period_start|metric_name|evidence_quote,MERGE,"subject_type classifies what subject_name names: a named vehicle ('... , L.P.', an SMA, an LLC) is fund; a total or subtotal line is the owner's aggregate, so portfolio; an index is benchmark. A whole schedule typed investment means the label was not read. metric_name: rows are entities and columns are periods, so the metric is the measure the table itself names in its printed wording, 'Net Time Weighted Returns' — never the period (which is the horizon) and never a singularised trim of the banner. evidence_quote takes the full printed line over the bare value: the line proves this number, the bare digits prove only that they occur somewhere on the page. Definition backfill: both lanes read the same qualifiers off this cell. Definition backfill: both lanes read the same qualifiers off this cell.",RESOLVED,A+B+ADJUDICATOR,8783ef3e2dc6cf061218360ff1c3db121d172543d661901b2d74131021935dc1
170f863f3334106879a1,SRC457,9,PAIR_38441BD2D6CB66C50A0194D1,CLASSIFICATION_CONFLICT,393,469,record_family|source_section|subject_type|asset_class|strategy|period_start|unit|evidence_quote,MERGE,"subject_type classifies what subject_name names: a named vehicle ('... , L.P.', an SMA, an LLC) is fund; a total or subtotal line is the owner's aggregate, so portfolio; an index is benchmark. A whole schedule typed investment means the label was not read. evidence_quote takes the full printed line over the bare value: the line proves this number, the bare digits prove only that they occur somewhere on the page. Definition backfill: both lanes read the same qualifiers off this cell. Definition backfill: both lanes read the same qualifiers off this cell.",RESOLVED,A+B+ADJUDICATOR,8783ef3e2dc6cf061218360ff1c3db121d172543d661901b2d74131021935dc1
0f9de98878753362ab1e,SRC457,9,PAIR_B2BBB7FC79F651BF8560AC6C,CLASSIFICATION_CONFLICT,394,470,record_family|source_section|subject_type|asset_class|strategy|period_start|metric_name|evidence_quote,MERGE,"metric_name: rows are entities and columns are periods, so the metric is the measure the table itself names in its printed wording, 'Net Time Weighted Returns' — never the period (which is the horizon) and never a singularised trim of the banner. evidence_quote takes the full printed line over the bare value: the line proves this number, the bare digits prove only that they occur somewhere on the page. Definition backfill: both lanes read the same qualifiers off this cell. Definition backfill: both lanes read the same qualifiers off this cell.",RESOLVED,A+B+ADJUDICATOR,8783ef3e2dc6cf061218360ff1c3db121d172543d661901b2d74131021935dc1
4a86b19599cb29288735,SRC457,9,PAIR_C5AED6C831D0744F7F7BE192,CLASSIFICATION_CONFLICT,395,471,record_family|source_section|subject_type|asset_class|strategy|period_start|metric_name|evidence_quote,MERGE,"metric_name: rows are entities and columns are periods, so the metric is the measure the table itself names in its printed wording, 'Net Time Weighted Returns' — never the period (which is the horizon) and never a singularised trim of the banner. evidence_quote takes the full printed line over the bare value: the line proves this number, the bare digits prove only that they occur somewhere on the page. Definition backfill: both lanes read the same qualifiers off this cell. Definition backfill: both lanes read the same qualifiers off this cell.",RESOLVED,A+B+ADJUDICATOR,8783ef3e2dc6cf061218360ff1c3db121d172543d661901b2d74131021935dc1
5d042d0c2ff0dd69265b,SRC457,9,PAIR_7C7C9138131506DCC4DB1C54,CLASSIFICATION_CONFLICT,396,472,record_family|source_section|subject_type|asset_class|strategy|period_start|metric_name|evidence_quote,MERGE,"metric_name: rows are entities and columns are periods, so the metric is the measure the table itself names in its printed wording, 'Net Time Weighted Returns' — never the period (which is the horizon) and never a singularised trim of the banner. evidence_quote takes the full printed line over the bare value: the line proves this number, the bare digits prove only that they occur somewhere on the page. Definition backfill: both lanes read the same qualifiers off this cell. Definition backfill: both lanes read the same qualifiers off this cell.",RESOLVED,A+B+ADJUDICATOR,8783ef3e2dc6cf061218360ff1c3db121d172543d661901b2d74131021935dc1
c8021a0cf32d8d979106,SRC457,9,PAIR_545D9A7C0A25A5B02D6A408A,CLASSIFICATION_CONFLICT,397,473,record_family|source_section|subject_type|asset_class|strategy|period_start|metric_name|evidence_quote,MERGE,"metric_name: rows are entities and columns are periods, so the metric is the measure the table itself names in its printed wording, 'Net Time Weighted Returns' — never the period (which is the horizon) and never a singularised trim of the banner. evidence_quote takes the full printed line over the bare value: the line proves this number, the bare digits prove only that they occur somewhere on the page. Definition backfill: both lanes read the same qualifiers off this cell. Definition backfill: both lanes read the same qualifiers off this cell.",RESOLVED,A+B+ADJUDICATOR,8783ef3e2dc6cf061218360ff1c3db121d172543d661901b2d74131021935dc1
04ffa3e63e8ef0423aff,SRC457,9,PAIR_5D73FAAB4D14FAC066EFD3CA,B_ONLY,,474,,MERGE,"evidence_quote takes the full printed line over the bare value: the line proves this number, the bare digits prove only that they occur somewhere on the page.",RESOLVED,B+ADJUDICATOR,8783ef3e2dc6cf061218360ff1c3db121d172543d661901b2d74131021935dc1
2bdc16c9728d15f444da,SRC457,9,PAIR_C45F6A4F72F167BC8803B9A8,CLASSIFICATION_CONFLICT,398,475,record_family|source_section|subject_type|asset_class|strategy|period_start|unit|evidence_quote,MERGE,"evidence_quote takes the full printed line over the bare value: the line proves this number, the bare digits prove only that they occur somewhere on the page. Definition backfill: both lanes read the same qualifiers off this cell. Definition backfill: both lanes read the same qualifiers off this cell.",RESOLVED,A+B+ADJUDICATOR,8783ef3e2dc6cf061218360ff1c3db121d172543d661901b2d74131021935dc1
84e40200f422754d5feb,SRC457,9,PAIR_CAD09A23E941756194B827F6,CLASSIFICATION_CONFLICT,399,476,record_family|source_section|source_column_label|subject_type|asset_class|strategy|period_start|currency_scale|metric_category|evidence_quote,MERGE,"evidence_quote takes the full printed line over the bare value: the line proves this number, the bare digits prove only that they occur somewhere on the page. Definition backfill: both lanes read the same qualifiers off this cell. Definition backfill: both lanes read the same qualifiers off this cell.",RESOLVED,A+B+ADJUDICATOR,8783ef3e2dc6cf061218360ff1c3db121d172543d661901b2d74131021935dc1
2f2c5c889f8898b2a75f,SRC457,9,PAIR_AD6079E4F8FF97CD3F09CC32,B_ONLY,,477,,MERGE,"PIC is paid_in_capital, never moic: the disambiguation table names the printed label PIC explicitly. The page prints it under a Multiples banner, which is why one lane typed it a multiple. evidence_quote takes the full printed line over the bare value: the line proves this number, the bare digits prove only that they occur somewhere on the page. Definition backfill: both lanes read the same qualifiers off this cell. Definition backfill: both lanes read the same qualifiers off this cell.; the PIC column sits in the multiples block beside TVPI, RVPI, and DPI and its footnote states that PIC multiples may exceed 1.00 due to recycling, so the printed value is a multiple of commitment rather than an amount",RESOLVED,B+ADJUDICATOR,8783ef3e2dc6cf061218360ff1c3db121d172543d661901b2d74131021935dc1
dbb8ae84a64173ed735e,SRC457,9,PAIR_7BD062E0633B9AE77AEBDDE1,CLASSIFICATION_CONFLICT,400,478,record_family|source_section|subject_type|asset_class|strategy|period_start|metric_name|evidence_quote,MERGE,"metric_name: rows are entities and columns are periods, so the metric is the measure the table itself names in its printed wording, 'Net Time Weighted Returns' — never the period (which is the horizon) and never a singularised trim of the banner. evidence_quote takes the full printed line over the bare value: the line proves this number, the bare digits prove only that they occur somewhere on the page. Definition backfill: both lanes read the same qualifiers off this cell. Definition backfill: both lanes read the same qualifiers off this cell.",RESOLVED,A+B+ADJUDICATOR,8783ef3e2dc6cf061218360ff1c3db121d172543d661901b2d74131021935dc1
7c283e7083eaa2fd97c0,SRC457,9,PAIR_64C33A05C6EF897F07C941D1,CLASSIFICATION_CONFLICT,401,479,record_family|source_section|subject_type|asset_class|strategy|period_start|unit|evidence_quote,MERGE,"evidence_quote takes the full printed line over the bare value: the line proves this number, the bare digits prove only that they occur somewhere on the page. Definition backfill: both lanes read the same qualifiers off this cell. Definition backfill: both lanes read the same qualifiers off this cell.",RESOLVED,A+B+ADJUDICATOR,8783ef3e2dc6cf061218360ff1c3db121d172543d661901b2d74131021935dc1
ad0e919c23aa3496cdd9,SRC457,9,PAIR_F85D5DEA543D827CD88842C0,CLASSIFICATION_CONFLICT,403,480,record_family|source_section|source_column_label|subject_type|asset_class|strategy|period_start|metric_name|evidence_quote,MERGE,"evidence_quote takes the full printed line over the bare value: the line proves this number, the bare digits prove only that they occur somewhere on the page. Definition backfill: both lanes read the same qualifiers off this cell. Definition backfill: both lanes read the same qualifiers off this cell.",RESOLVED,A+B+ADJUDICATOR,8783ef3e2dc6cf061218360ff1c3db121d172543d661901b2d74131021935dc1
f20aa8843060f32bc818,SRC457,9,PAIR_65E5778121DF021EFFE2DF07,CLASSIFICATION_CONFLICT,402,481,record_family|source_section|subject_type|asset_class|strategy|period_start|metric_name|evidence_quote,MERGE,"metric_name: rows are entities and columns are periods, so the metric is the measure the table itself names in its printed wording, 'Net Time Weighted Returns' — never the period (which is the horizon) and never a singularised trim of the banner. evidence_quote takes the full printed line over the bare value: the line proves this number, the bare digits prove only that they occur somewhere on the page. Definition backfill: both lanes read the same qualifiers off this cell. Definition backfill: both lanes read the same qualifiers off this cell.",RESOLVED,A+B+ADJUDICATOR,8783ef3e2dc6cf061218360ff1c3db121d172543d661901b2d74131021935dc1
d5cd8afa9b3c51927bef,SRC457,9,PAIR_1247684236FA7550A0540A0A,CLASSIFICATION_CONFLICT,404,482,record_family|source_section|subject_type|asset_class|strategy|period_start|unit|evidence_quote,MERGE,"evidence_quote takes the full printed line over the bare value: the line proves this number, the bare digits prove only that they occur somewhere on the page. Definition backfill: both lanes read the same qualifiers off this cell. Definition backfill: both lanes read the same qualifiers off this cell.",RESOLVED,A+B+ADJUDICATOR,8783ef3e2dc6cf061218360ff1c3db121d172543d661901b2d74131021935dc1
1150c048303ebe192cd4,SRC457,9,PAIR_37E78271458A67FD00D864DA,B_ONLY,,483,,MERGE,"evidence_quote takes the full printed line over the bare value: the line proves this number, the bare digits prove only that they occur somewhere on the page.",RESOLVED,B+ADJUDICATOR,8783ef3e2dc6cf061218360ff1c3db121d172543d661901b2d74131021935dc1
f005c8618c7f6967c894,SRC457,9,PAIR_E21B58C90473A11242115BCD,VALUE_CONFLICT,405,484,record_family|source_section|asset_class|strategy|period_start|metric_name|metric_value_raw|evidence_quote,MERGE,"subject_type classifies what subject_name names: a named vehicle ('... , L.P.', an SMA, an LLC) is fund; a total or subtotal line is the owner's aggregate, so portfolio; an index is benchmark. A whole schedule typed investment means the label was not read. metric_name: rows are entities and columns are periods, so the metric is the measure the table itself names in its printed wording, 'Net Time Weighted Returns' — never the period (which is the horizon) and never a singularised trim of the banner. evidence_quote takes the full printed line over the bare value: the line proves this number, the bare digits prove only that they occur somewhere on the page. Definition backfill: both lanes read the same qualifiers off this cell. Definition backfill: both lanes read the same qualifiers off this cell.",RESOLVED,A+B+ADJUDICATOR,8783ef3e2dc6cf061218360ff1c3db121d172543d661901b2d74131021935dc1
239c90554765c784165d,SRC457,9,PAIR_B06327E8CB5ADC89CC519001,VALUE_CONFLICT,406,485,record_family|source_section|asset_class|strategy|period_start|metric_name|metric_value_raw|evidence_quote,MERGE,"subject_type classifies what subject_name names: a named vehicle ('... , L.P.', an SMA, an LLC) is fund; a total or subtotal line is the owner's aggregate, so portfolio; an index is benchmark. A whole schedule typed investment means the label was not read. metric_name: rows are entities and columns are periods, so the metric is the measure the table itself names in its printed wording, 'Net Time Weighted Returns' — never the period (which is the horizon) and never a singularised trim of the banner. evidence_quote takes the full printed line over the bare value: the line proves this number, the bare digits prove only that they occur somewhere on the page. Definition backfill: both lanes read the same qualifiers off this cell. Definition backfill: both lanes read the same qualifiers off this cell.",RESOLVED,A+B+ADJUDICATOR,8783ef3e2dc6cf061218360ff1c3db121d172543d661901b2d74131021935dc1
fec29a8999c2c2f7c112,SRC457,9,PAIR_A2387C1DF30EA110803CDEF6,CLASSIFICATION_CONFLICT,407,486,record_family|source_section|asset_class|strategy|period_start|metric_name|evidence_quote,MERGE,"subject_type classifies what subject_name names: a named vehicle ('... , L.P.', an SMA, an LLC) is fund; a total or subtotal line is the owner's aggregate, so portfolio; an index is benchmark. A whole schedule typed investment means the label was not read. metric_name: rows are entities and columns are periods, so the metric is the measure the table itself names in its printed wording, 'Net Time Weighted Returns' — never the period (which is the horizon) and never a singularised trim of the banner. evidence_quote takes the full printed line over the bare value: the line proves this number, the bare digits prove only that they occur somewhere on the page. Definition backfill: both lanes read the same qualifiers off this cell. Definition backfill: both lanes read the same qualifiers off this cell.",RESOLVED,A+B+ADJUDICATOR,8783ef3e2dc6cf061218360ff1c3db121d172543d661901b2d74131021935dc1
8c5254ff41a8dece116d,SRC457,9,PAIR_3262BA7F678AF825C7CAAA68,CLASSIFICATION_CONFLICT,408,487,record_family|source_section|asset_class|strategy|period_start|metric_name|evidence_quote,MERGE,"subject_type classifies what subject_name names: a named vehicle ('... , L.P.', an SMA, an LLC) is fund; a total or subtotal line is the owner's aggregate, so portfolio; an index is benchmark. A whole schedule typed investment means the label was not read. metric_name: rows are entities and columns are periods, so the metric is the measure the table itself names in its printed wording, 'Net Time Weighted Returns' — never the period (which is the horizon) and never a singularised trim of the banner. evidence_quote takes the full printed line over the bare value: the line proves this number, the bare digits prove only that they occur somewhere on the page. Definition backfill: both lanes read the same qualifiers off this cell. Definition backfill: both lanes read the same qualifiers off this cell.",RESOLVED,A+B+ADJUDICATOR,8783ef3e2dc6cf061218360ff1c3db121d172543d661901b2d74131021935dc1
e4cf40ec6f270224dc25,SRC457,9,PAIR_BD755B8C5A05EF91F3882E2A,B_ONLY,,488,,MERGE,"subject_type classifies what subject_name names: a named vehicle ('... , L.P.', an SMA, an LLC) is fund; a total or subtotal line is the owner's aggregate, so portfolio; an index is benchmark. A whole schedule typed investment means the label was not read. evidence_quote takes the full printed line over the bare value: the line proves this number, the bare digits prove only that they occur somewhere on the page.",RESOLVED,B+ADJUDICATOR,8783ef3e2dc6cf061218360ff1c3db121d172543d661901b2d74131021935dc1
3fe66fc31826dc51b901,SRC457,9,PAIR_16DFA018ED2C5B17AC0C19A4,CLASSIFICATION_CONFLICT,409,489,record_family|source_section|asset_class|strategy|period_start|unit|evidence_quote,MERGE,"subject_type classifies what subject_name names: a named vehicle ('... , L.P.', an SMA, an LLC) is fund; a total or subtotal line is the owner's aggregate, so portfolio; an index is benchmark. A whole schedule typed investment means the label was not read. evidence_quote takes the full printed line over the bare value: the line proves this number, the bare digits prove only that they occur somewhere on the page. Definition backfill: both lanes read the same qualifiers off this cell. Definition backfill: both lanes read the same qualifiers off this cell.",RESOLVED,A+B+ADJUDICATOR,8783ef3e2dc6cf061218360ff1c3db121d172543d661901b2d74131021935dc1
2c9b98c0b6ec2537b292,SRC457,9,PAIR_833A3626758F26D1373156DF,CLASSIFICATION_CONFLICT,410,490,record_family|source_section|source_column_label|asset_class|strategy|period_start|currency_scale|metric_category|evidence_quote,MERGE,"subject_type classifies what subject_name names: a named vehicle ('... , L.P.', an SMA, an LLC) is fund; a total or subtotal line is the owner's aggregate, so portfolio; an index is benchmark. A whole schedule typed investment means the label was not read. evidence_quote takes the full printed line over the bare value: the line proves this number, the bare digits prove only that they occur somewhere on the page. Definition backfill: both lanes read the same qualifiers off this cell. Definition backfill: both lanes read the same qualifiers off this cell.",RESOLVED,A+B+ADJUDICATOR,8783ef3e2dc6cf061218360ff1c3db121d172543d661901b2d74131021935dc1
74478ba5988b6065083a,SRC457,9,PAIR_F3EEC9A7B51D24AF561F5622,B_ONLY,,491,,MERGE,"subject_type classifies what subject_name names: a named vehicle ('... , L.P.', an SMA, an LLC) is fund; a total or subtotal line is the owner's aggregate, so portfolio; an index is benchmark. A whole schedule typed investment means the label was not read. PIC is paid_in_capital, never moic: the disambiguation table names the printed label PIC explicitly. The page prints it under a Multiples banner, which is why one lane typed it a multiple. evidence_quote takes the full printed line over the bare value: the line proves this number, the bare digits prove only that they occur somewhere on the page. Definition backfill: both lanes read the same qualifiers off this cell. Definition backfill: both lanes read the same qualifiers off this cell.; the PIC column sits in the multiples block beside TVPI, RVPI, and DPI and its footnote states that PIC multiples may exceed 1.00 due to recycling, so the printed value is a multiple of commitment rather than an amount",RESOLVED,B+ADJUDICATOR,8783ef3e2dc6cf061218360ff1c3db121d172543d661901b2d74131021935dc1
9fe13e29b91afc978528,SRC457,9,PAIR_D3CB9A088A269562ABC4B28C,CLASSIFICATION_CONFLICT,411,492,record_family|source_section|asset_class|strategy|period_start|metric_name|evidence_quote,MERGE,"subject_type classifies what subject_name names: a named vehicle ('... , L.P.', an SMA, an LLC) is fund; a total or subtotal line is the owner's aggregate, so portfolio; an index is benchmark. A whole schedule typed investment means the label was not read. metric_name: rows are entities and columns are periods, so the metric is the measure the table itself names in its printed wording, 'Net Time Weighted Returns' — never the period (which is the horizon) and never a singularised trim of the banner. evidence_quote takes the full printed line over the bare value: the line proves this number, the bare digits prove only that they occur somewhere on the page. Definition backfill: both lanes read the same qualifiers off this cell. Definition backfill: both lanes read the same qualifiers off this cell.",RESOLVED,A+B+ADJUDICATOR,8783ef3e2dc6cf061218360ff1c3db121d172543d661901b2d74131021935dc1
40335affd37dea7b5763,SRC457,9,PAIR_1A825502D39DE3E8F50779EE,CLASSIFICATION_CONFLICT,412,493,record_family|source_section|asset_class|strategy|period_start|unit|evidence_quote,MERGE,"subject_type classifies what subject_name names: a named vehicle ('... , L.P.', an SMA, an LLC) is fund; a total or subtotal line is the owner's aggregate, so portfolio; an index is benchmark. A whole schedule typed investment means the label was not read. evidence_quote takes the full printed line over the bare value: the line proves this number, the bare digits prove only that they occur somewhere on the page. Definition backfill: both lanes read the same qualifiers off this cell. Definition backfill: both lanes read the same qualifiers off this cell.",RESOLVED,A+B+ADJUDICATOR,8783ef3e2dc6cf061218360ff1c3db121d172543d661901b2d74131021935dc1
bfc72650ac7b9e179243,SRC457,9,PAIR_73984BFAC4AA4980F16D9F5B,CLASSIFICATION_CONFLICT,414,494,record_family|source_section|source_column_label|asset_class|strategy|period_start|metric_name|evidence_quote,MERGE,"subject_type classifies what subject_name names: a named vehicle ('... , L.P.', an SMA, an LLC) is fund; a total or subtotal line is the owner's aggregate, so portfolio; an index is benchmark. A whole schedule typed investment means the label was not read. evidence_quote takes the full printed line over the bare value: the line proves this number, the bare digits prove only that they occur somewhere on the page. Definition backfill: both lanes read the same qualifiers off this cell. Definition backfill: both lanes read the same qualifiers off this cell.",RESOLVED,A+B+ADJUDICATOR,8783ef3e2dc6cf061218360ff1c3db121d172543d661901b2d74131021935dc1
b7c105cc781d6ca27022,SRC457,9,PAIR_251FD9BD963DE451BC96CA97,CLASSIFICATION_CONFLICT,413,495,record_family|source_section|asset_class|strategy|period_start|metric_name|evidence_quote,MERGE,"subject_type classifies what subject_name names: a named vehicle ('... , L.P.', an SMA, an LLC) is fund; a total or subtotal line is the owner's aggregate, so portfolio; an index is benchmark. A whole schedule typed investment means the label was not read. metric_name: rows are entities and columns are periods, so the metric is the measure the table itself names in its printed wording, 'Net Time Weighted Returns' — never the period (which is the horizon) and never a singularised trim of the banner. evidence_quote takes the full printed line over the bare value: the line proves this number, the bare digits prove only that they occur somewhere on the page. Definition backfill: both lanes read the same qualifiers off this cell. Definition backfill: both lanes read the same qualifiers off this cell.",RESOLVED,A+B+ADJUDICATOR,8783ef3e2dc6cf061218360ff1c3db121d172543d661901b2d74131021935dc1
7c25924cd1be6376aa89,SRC457,9,PAIR_EE85E6D4423C98C238CF8DC9,CLASSIFICATION_CONFLICT,415,496,record_family|source_section|asset_class|strategy|period_start|unit|evidence_quote,MERGE,"subject_type classifies what subject_name names: a named vehicle ('... , L.P.', an SMA, an LLC) is fund; a total or subtotal line is the owner's aggregate, so portfolio; an index is benchmark. A whole schedule typed investment means the label was not read. evidence_quote takes the full printed line over the bare value: the line proves this number, the bare digits prove only that they occur somewhere on the page. Definition backfill: both lanes read the same qualifiers off this cell. Definition backfill: both lanes read the same qualifiers off this cell.",RESOLVED,A+B+ADJUDICATOR,8783ef3e2dc6cf061218360ff1c3db121d172543d661901b2d74131021935dc1
9fb74a466ef3109ea191,SRC457,9,PAIR_EE2133CB726643D0CC7A2DB7,B_ONLY,,497,,MERGE,"subject_type classifies what subject_name names: a named vehicle ('... , L.P.', an SMA, an LLC) is fund; a total or subtotal line is the owner's aggregate, so portfolio; an index is benchmark. A whole schedule typed investment means the label was not read. evidence_quote takes the full printed line over the bare value: the line proves this number, the bare digits prove only that they occur somewhere on the page.",RESOLVED,B+ADJUDICATOR,8783ef3e2dc6cf061218360ff1c3db121d172543d661901b2d74131021935dc1
0eab40615ac0ea2cce67,SRC457,9,PAIR_3AF57DCF8086F3D1F8BA678B,CLASSIFICATION_CONFLICT,416,498,record_family|source_section|asset_class|strategy|period_start|metric_name|evidence_quote,MERGE,"subject_type classifies what subject_name names: a named vehicle ('... , L.P.', an SMA, an LLC) is fund; a total or subtotal line is the owner's aggregate, so portfolio; an index is benchmark. A whole schedule typed investment means the label was not read. metric_name: rows are entities and columns are periods, so the metric is the measure the table itself names in its printed wording, 'Net Time Weighted Returns' — never the period (which is the horizon) and never a singularised trim of the banner. evidence_quote takes the full printed line over the bare value: the line proves this number, the bare digits prove only that they occur somewhere on the page. Definition backfill: both lanes read the same qualifiers off this cell. Definition backfill: both lanes read the same qualifiers off this cell.",RESOLVED,A+B+ADJUDICATOR,8783ef3e2dc6cf061218360ff1c3db121d172543d661901b2d74131021935dc1
02ca2baea38e84699dd5,SRC457,9,PAIR_170448ECF5598E8D16840992,CLASSIFICATION_CONFLICT,417,499,record_family|source_section|asset_class|strategy|period_start|metric_name|evidence_quote,MERGE,"subject_type classifies what subject_name names: a named vehicle ('... , L.P.', an SMA, an LLC) is fund; a total or subtotal line is the owner's aggregate, so portfolio; an index is benchmark. A whole schedule typed investment means the label was not read. metric_name: rows are entities and columns are periods, so the metric is the measure the table itself names in its printed wording, 'Net Time Weighted Returns' — never the period (which is the horizon) and never a singularised trim of the banner. evidence_quote takes the full printed line over the bare value: the line proves this number, the bare digits prove only that they occur somewhere on the page. Definition backfill: both lanes read the same qualifiers off this cell. Definition backfill: both lanes read the same qualifiers off this cell.",RESOLVED,A+B+ADJUDICATOR,8783ef3e2dc6cf061218360ff1c3db121d172543d661901b2d74131021935dc1
b4f341bca0d636cf8733,SRC457,9,PAIR_72501DFAB24CA4E882FB22C9,CLASSIFICATION_CONFLICT,418,500,record_family|source_section|asset_class|strategy|period_start|metric_name|evidence_quote,MERGE,"subject_type classifies what subject_name names: a named vehicle ('... , L.P.', an SMA, an LLC) is fund; a total or subtotal line is the owner's aggregate, so portfolio; an index is benchmark. A whole schedule typed investment means the label was not read. metric_name: rows are entities and columns are periods, so the metric is the measure the table itself names in its printed wording, 'Net Time Weighted Returns' — never the period (which is the horizon) and never a singularised trim of the banner. evidence_quote takes the full printed line over the bare value: the line proves this number, the bare digits prove only that they occur somewhere on the page. Definition backfill: both lanes read the same qualifiers off this cell. Definition backfill: both lanes read the same qualifiers off this cell.",RESOLVED,A+B+ADJUDICATOR,8783ef3e2dc6cf061218360ff1c3db121d172543d661901b2d74131021935dc1
49fdfb8b8f426969282c,SRC457,9,PAIR_6CE9D9733E109E0DC61ECD7C,B_ONLY,,501,,MERGE,"subject_type classifies what subject_name names: a named vehicle ('... , L.P.', an SMA, an LLC) is fund; a total or subtotal line is the owner's aggregate, so portfolio; an index is benchmark. A whole schedule typed investment means the label was not read. evidence_quote takes the full printed line over the bare value: the line proves this number, the bare digits prove only that they occur somewhere on the page.",RESOLVED,B+ADJUDICATOR,8783ef3e2dc6cf061218360ff1c3db121d172543d661901b2d74131021935dc1
664edc55bd5ada220c95,SRC457,9,PAIR_530DCD8C22869C10DF4E1116,CLASSIFICATION_CONFLICT,419,502,record_family|source_section|asset_class|strategy|period_start|unit|evidence_quote,MERGE,"subject_type classifies what subject_name names: a named vehicle ('... , L.P.', an SMA, an LLC) is fund; a total or subtotal line is the owner's aggregate, so portfolio; an index is benchmark. A whole schedule typed investment means the label was not read. evidence_quote takes the full printed line over the bare value: the line proves this number, the bare digits prove only that they occur somewhere on the page. Definition backfill: both lanes read the same qualifiers off this cell. Definition backfill: both lanes read the same qualifiers off this cell.",RESOLVED,A+B+ADJUDICATOR,8783ef3e2dc6cf061218360ff1c3db121d172543d661901b2d74131021935dc1
41d48407efd8da59d578,SRC457,9,PAIR_A467A41D8F11C7E80921A051,CLASSIFICATION_CONFLICT,420,503,record_family|source_section|source_column_label|asset_class|strategy|period_start|currency_scale|metric_category|evidence_quote,MERGE,"subject_type classifies what subject_name names: a named vehicle ('... , L.P.', an SMA, an LLC) is fund; a total or subtotal line is the owner's aggregate, so portfolio; an index is benchmark. A whole schedule typed investment means the label was not read. evidence_quote takes the full printed line over the bare value: the line proves this number, the bare digits prove only that they occur somewhere on the page. Definition backfill: both lanes read the same qualifiers off this cell. Definition backfill: both lanes read the same qualifiers off this cell.",RESOLVED,A+B+ADJUDICATOR,8783ef3e2dc6cf061218360ff1c3db121d172543d661901b2d74131021935dc1
bf03cdc7a8f6e5a2a87f,SRC457,9,PAIR_1CE6EF460FD8A4750B26EC09,B_ONLY,,504,,MERGE,"subject_type classifies what subject_name names: a named vehicle ('... , L.P.', an SMA, an LLC) is fund; a total or subtotal line is the owner's aggregate, so portfolio; an index is benchmark. A whole schedule typed investment means the label was not read. PIC is paid_in_capital, never moic: the disambiguation table names the printed label PIC explicitly. The page prints it under a Multiples banner, which is why one lane typed it a multiple. evidence_quote takes the full printed line over the bare value: the line proves this number, the bare digits prove only that they occur somewhere on the page. Definition backfill: both lanes read the same qualifiers off this cell. Definition backfill: both lanes read the same qualifiers off this cell.; the PIC column sits in the multiples block beside TVPI, RVPI, and DPI and its footnote states that PIC multiples may exceed 1.00 due to recycling, so the printed value is a multiple of commitment rather than an amount",RESOLVED,B+ADJUDICATOR,8783ef3e2dc6cf061218360ff1c3db121d172543d661901b2d74131021935dc1
457f960f8ae7e198fddd,SRC457,9,PAIR_93304206D999A16B93305AD8,CLASSIFICATION_CONFLICT,421,505,record_family|source_section|asset_class|strategy|period_start|metric_name|evidence_quote,MERGE,"subject_type classifies what subject_name names: a named vehicle ('... , L.P.', an SMA, an LLC) is fund; a total or subtotal line is the owner's aggregate, so portfolio; an index is benchmark. A whole schedule typed investment means the label was not read. metric_name: rows are entities and columns are periods, so the metric is the measure the table itself names in its printed wording, 'Net Time Weighted Returns' — never the period (which is the horizon) and never a singularised trim of the banner. evidence_quote takes the full printed line over the bare value: the line proves this number, the bare digits prove only that they occur somewhere on the page. Definition backfill: both lanes read the same qualifiers off this cell. Definition backfill: both lanes read the same qualifiers off this cell.",RESOLVED,A+B+ADJUDICATOR,8783ef3e2dc6cf061218360ff1c3db121d172543d661901b2d74131021935dc1
c08ea76dc574aba117c6,SRC457,9,PAIR_2B8E3FB0D07BB8438FB30864,CLASSIFICATION_CONFLICT,422,506,record_family|source_section|asset_class|strategy|period_start|unit|evidence_quote,MERGE,"subject_type classifies what subject_name names: a named vehicle ('... , L.P.', an SMA, an LLC) is fund; a total or subtotal line is the owner's aggregate, so portfolio; an index is benchmark. A whole schedule typed investment means the label was not read. evidence_quote takes the full printed line over the bare value: the line proves this number, the bare digits prove only that they occur somewhere on the page. Definition backfill: both lanes read the same qualifiers off this cell. Definition backfill: both lanes read the same qualifiers off this cell.",RESOLVED,A+B+ADJUDICATOR,8783ef3e2dc6cf061218360ff1c3db121d172543d661901b2d74131021935dc1
3e8bd17cd40c5a1cbda2,SRC457,9,PAIR_0AAB9F1267DAFA3AC87D14D5,CLASSIFICATION_CONFLICT,424,507,record_family|source_section|source_column_label|asset_class|strategy|period_start|metric_name|evidence_quote,MERGE,"subject_type classifies what subject_name names: a named vehicle ('... , L.P.', an SMA, an LLC) is fund; a total or subtotal line is the owner's aggregate, so portfolio; an index is benchmark. A whole schedule typed investment means the label was not read. evidence_quote takes the full printed line over the bare value: the line proves this number, the bare digits prove only that they occur somewhere on the page. Definition backfill: both lanes read the same qualifiers off this cell. Definition backfill: both lanes read the same qualifiers off this cell.",RESOLVED,A+B+ADJUDICATOR,8783ef3e2dc6cf061218360ff1c3db121d172543d661901b2d74131021935dc1
19c306ccdc1744c5543c,SRC457,9,PAIR_7A10E8792BE716B9D49DC156,CLASSIFICATION_CONFLICT,423,508,record_family|source_section|asset_class|strategy|period_start|metric_name|evidence_quote,MERGE,"subject_type classifies what subject_name names: a named vehicle ('... , L.P.', an SMA, an LLC) is fund; a total or subtotal line is the owner's aggregate, so portfolio; an index is benchmark. A whole schedule typed investment means the label was not read. metric_name: rows are entities and columns are periods, so the metric is the measure the table itself names in its printed wording, 'Net Time Weighted Returns' — never the period (which is the horizon) and never a singularised trim of the banner. evidence_quote takes the full printed line over the bare value: the line proves this number, the bare digits prove only that they occur somewhere on the page. Definition backfill: both lanes read the same qualifiers off this cell. Definition backfill: both lanes read the same qualifiers off this cell.",RESOLVED,A+B+ADJUDICATOR,8783ef3e2dc6cf061218360ff1c3db121d172543d661901b2d74131021935dc1
08c6668cd35f0cdfa06e,SRC457,9,PAIR_99216792FE4A242107109C36,CLASSIFICATION_CONFLICT,425,509,record_family|source_section|asset_class|strategy|period_start|unit|evidence_quote,MERGE,"subject_type classifies what subject_name names: a named vehicle ('... , L.P.', an SMA, an LLC) is fund; a total or subtotal line is the owner's aggregate, so portfolio; an index is benchmark. A whole schedule typed investment means the label was not read. evidence_quote takes the full printed line over the bare value: the line proves this number, the bare digits prove only that they occur somewhere on the page. Definition backfill: both lanes read the same qualifiers off this cell. Definition backfill: both lanes read the same qualifiers off this cell.",RESOLVED,A+B+ADJUDICATOR,8783ef3e2dc6cf061218360ff1c3db121d172543d661901b2d74131021935dc1
20eb68e5719116c91b1e,SRC457,9,PAIR_6952827040BD6E9874567FA7,B_ONLY,,510,,MERGE,"subject_type classifies what subject_name names: a named vehicle ('... , L.P.', an SMA, an LLC) is fund; a total or subtotal line is the owner's aggregate, so portfolio; an index is benchmark. A whole schedule typed investment means the label was not read. evidence_quote takes the full printed line over the bare value: the line proves this number, the bare digits prove only that they occur somewhere on the page.",RESOLVED,B+ADJUDICATOR,8783ef3e2dc6cf061218360ff1c3db121d172543d661901b2d74131021935dc1
1e30b23058724ed5bad6,SRC457,9,PAIR_DA6804A6EB492EDB2BC590AD,VALUE_CONFLICT,426,511,record_family|source_section|subject_type|asset_class|strategy|period_start|metric_name|metric_value_raw|evidence_quote,MERGE,"metric_name: rows are entities and columns are periods, so the metric is the measure the table itself names in its printed wording, 'Net Time Weighted Returns' — never the period (which is the horizon) and never a singularised trim of the banner. evidence_quote takes the full printed line over the bare value: the line proves this number, the bare digits prove only that they occur somewhere on the page. Definition backfill: both lanes read the same qualifiers off this cell. Definition backfill: both lanes read the same qualifiers off this cell.",RESOLVED,A+B+ADJUDICATOR,8783ef3e2dc6cf061218360ff1c3db121d172543d661901b2d74131021935dc1
f307792abf5aa7edbead,SRC457,9,PAIR_4AC1529A84A9296D286A8963,CLASSIFICATION_CONFLICT,427,512,record_family|source_section|subject_type|asset_class|strategy|period_start|metric_name|evidence_quote,MERGE,"metric_name: rows are entities and columns are periods, so the metric is the measure the table itself names in its printed wording, 'Net Time Weighted Returns' — never the period (which is the horizon) and never a singularised trim of the banner. evidence_quote takes the full printed line over the bare value: the line proves this number, the bare digits prove only that they occur somewhere on the page. Definition backfill: both lanes read the same qualifiers off this cell. Definition backfill: both lanes read the same qualifiers off this cell.",RESOLVED,A+B+ADJUDICATOR,8783ef3e2dc6cf061218360ff1c3db121d172543d661901b2d74131021935dc1
42af5fa7d47bacdfec3d,SRC457,9,PAIR_7D0806B734AD51A25A4B209C,CLASSIFICATION_CONFLICT,428,513,record_family|source_section|subject_type|asset_class|strategy|period_start|metric_name|evidence_quote,MERGE,"metric_name: rows are entities and columns are periods, so the metric is the measure the table itself names in its printed wording, 'Net Time Weighted Returns' — never the period (which is the horizon) and never a singularised trim of the banner. evidence_quote takes the full printed line over the bare value: the line proves this number, the bare digits prove only that they occur somewhere on the page. Definition backfill: both lanes read the same qualifiers off this cell. Definition backfill: both lanes read the same qualifiers off this cell.",RESOLVED,A+B+ADJUDICATOR,8783ef3e2dc6cf061218360ff1c3db121d172543d661901b2d74131021935dc1
dfa36808e1a17f8a32f3,SRC457,9,PAIR_0DBD5A3540918735B4185813,CLASSIFICATION_CONFLICT,429,514,record_family|source_section|subject_type|asset_class|strategy|period_start|metric_name|evidence_quote,MERGE,"metric_name: rows are entities and columns are periods, so the metric is the measure the table itself names in its printed wording, 'Net Time Weighted Returns' — never the period (which is the horizon) and never a singularised trim of the banner. evidence_quote takes the full printed line over the bare value: the line proves this number, the bare digits prove only that they occur somewhere on the page. Definition backfill: both lanes read the same qualifiers off this cell. Definition backfill: both lanes read the same qualifiers off this cell.",RESOLVED,A+B+ADJUDICATOR,8783ef3e2dc6cf061218360ff1c3db121d172543d661901b2d74131021935dc1
37bbe3e20aae67164679,SRC457,9,PAIR_DC4DEA3B9CC24F96BE156558,B_ONLY,,515,,MERGE,"evidence_quote takes the full printed line over the bare value: the line proves this number, the bare digits prove only that they occur somewhere on the page.",RESOLVED,B+ADJUDICATOR,8783ef3e2dc6cf061218360ff1c3db121d172543d661901b2d74131021935dc1
044a2fd234141d935a75,SRC457,9,PAIR_841640E322DEC0DF1C8A14D7,CLASSIFICATION_CONFLICT,430,516,record_family|source_section|subject_type|asset_class|strategy|period_start|unit|evidence_quote,MERGE,"evidence_quote takes the full printed line over the bare value: the line proves this number, the bare digits prove only that they occur somewhere on the page. Definition backfill: both lanes read the same qualifiers off this cell. Definition backfill: both lanes read the same qualifiers off this cell.",RESOLVED,A+B+ADJUDICATOR,8783ef3e2dc6cf061218360ff1c3db121d172543d661901b2d74131021935dc1
c3c70544bdb0b20b8c90,SRC457,9,PAIR_E1A93266FD270E8D97400674,CLASSIFICATION_CONFLICT,431,517,record_family|source_section|source_column_label|subject_type|asset_class|strategy|period_start|currency_scale|metric_category|evidence_quote,MERGE,"evidence_quote takes the full printed line over the bare value: the line proves this number, the bare digits prove only that they occur somewhere on the page. Definition backfill: both lanes read the same qualifiers off this cell. Definition backfill: both lanes read the same qualifiers off this cell.",RESOLVED,A+B+ADJUDICATOR,8783ef3e2dc6cf061218360ff1c3db121d172543d661901b2d74131021935dc1
7963655cfa927b836058,SRC457,9,PAIR_64673476BC28D169DBCC4560,B_ONLY,,518,,MERGE,"PIC is paid_in_capital, never moic: the disambiguation table names the printed label PIC explicitly. The page prints it under a Multiples banner, which is why one lane typed it a multiple. evidence_quote takes the full printed line over the bare value: the line proves this number, the bare digits prove only that they occur somewhere on the page. Definition backfill: both lanes read the same qualifiers off this cell. Definition backfill: both lanes read the same qualifiers off this cell.; the PIC column sits in the multiples block beside TVPI, RVPI, and DPI and its footnote states that PIC multiples may exceed 1.00 due to recycling, so the printed value is a multiple of commitment rather than an amount",RESOLVED,B+ADJUDICATOR,8783ef3e2dc6cf061218360ff1c3db121d172543d661901b2d74131021935dc1
7458a6733d597e63c97b,SRC457,9,PAIR_D9B662392BF74E0F669370F5,CLASSIFICATION_CONFLICT,432,519,record_family|source_section|subject_type|asset_class|strategy|period_start|metric_name|evidence_quote,MERGE,"metric_name: rows are entities and columns are periods, so the metric is the measure the table itself names in its printed wording, 'Net Time Weighted Returns' — never the period (which is the horizon) and never a singularised trim of the banner. evidence_quote takes the full printed line over the bare value: the line proves this number, the bare digits prove only that they occur somewhere on the page. Definition backfill: both lanes read the same qualifiers off this cell. Definition backfill: both lanes read the same qualifiers off this cell.",RESOLVED,A+B+ADJUDICATOR,8783ef3e2dc6cf061218360ff1c3db121d172543d661901b2d74131021935dc1
4a3554796828880a099f,SRC457,9,PAIR_3A43CD6D294C86BE1028AA84,CLASSIFICATION_CONFLICT,433,520,record_family|source_section|subject_type|asset_class|strategy|period_start|unit|evidence_quote,MERGE,"evidence_quote takes the full printed line over the bare value: the line proves this number, the bare digits prove only that they occur somewhere on the page. Definition backfill: both lanes read the same qualifiers off this cell. Definition backfill: both lanes read the same qualifiers off this cell.",RESOLVED,A+B+ADJUDICATOR,8783ef3e2dc6cf061218360ff1c3db121d172543d661901b2d74131021935dc1
429ec5fcf157132d895e,SRC457,9,PAIR_4A444C1B3963A493F41D69F4,CLASSIFICATION_CONFLICT,435,521,record_family|source_section|source_column_label|subject_type|asset_class|strategy|period_start|metric_name|evidence_quote,MERGE,"evidence_quote takes the full printed line over the bare value: the line proves this number, the bare digits prove only that they occur somewhere on the page. Definition backfill: both lanes read the same qualifiers off this cell. Definition backfill: both lanes read the same qualifiers off this cell.",RESOLVED,A+B+ADJUDICATOR,8783ef3e2dc6cf061218360ff1c3db121d172543d661901b2d74131021935dc1
ccfbad70461b6ac0ff3f,SRC457,9,PAIR_47139B988C66C5844F292DA6,CLASSIFICATION_CONFLICT,434,522,record_family|source_section|subject_type|asset_class|strategy|period_start|metric_name|evidence_quote,MERGE,"metric_name: rows are entities and columns are periods, so the metric is the measure the table itself names in its printed wording, 'Net Time Weighted Returns' — never the period (which is the horizon) and never a singularised trim of the banner. evidence_quote takes the full printed line over the bare value: the line proves this number, the bare digits prove only that they occur somewhere on the page. Definition backfill: both lanes read the same qualifiers off this cell. Definition backfill: both lanes read the same qualifiers off this cell.",RESOLVED,A+B+ADJUDICATOR,8783ef3e2dc6cf061218360ff1c3db121d172543d661901b2d74131021935dc1
144e2c1e61f8d7c4594e,SRC457,9,PAIR_7840D1C82E856D1194A0DE2C,CLASSIFICATION_CONFLICT,436,523,record_family|source_section|subject_type|asset_class|strategy|period_start|unit|evidence_quote,MERGE,"evidence_quote takes the full printed line over the bare value: the line proves this number, the bare digits prove only that they occur somewhere on the page. Definition backfill: both lanes read the same qualifiers off this cell. Definition backfill: both lanes read the same qualifiers off this cell.",RESOLVED,A+B+ADJUDICATOR,8783ef3e2dc6cf061218360ff1c3db121d172543d661901b2d74131021935dc1
504cedf40e7738018cfd,SRC457,9,PAIR_960704341226060223D3A02D,B_ONLY,,524,,MERGE,"subject_type classifies what subject_name names: a named vehicle ('... , L.P.', an SMA, an LLC) is fund; a total or subtotal line is the owner's aggregate, so portfolio; an index is benchmark. A whole schedule typed investment means the label was not read. evidence_quote takes the full printed line over the bare value: the line proves this number, the bare digits prove only that they occur somewhere on the page.",RESOLVED,B+ADJUDICATOR,8783ef3e2dc6cf061218360ff1c3db121d172543d661901b2d74131021935dc1
673a524793332d132f84,SRC457,9,PAIR_4CE1AA8E443D792CC40D5940,CLASSIFICATION_CONFLICT,437,525,record_family|source_section|source_column_label|asset_class|strategy|period_start|currency_scale|metric_category|evidence_quote,MERGE,"subject_type classifies what subject_name names: a named vehicle ('... , L.P.', an SMA, an LLC) is fund; a total or subtotal line is the owner's aggregate, so portfolio; an index is benchmark. A whole schedule typed investment means the label was not read. evidence_quote takes the full printed line over the bare value: the line proves this number, the bare digits prove only that they occur somewhere on the page. Definition backfill: both lanes read the same qualifiers off this cell. Definition backfill: both lanes read the same qualifiers off this cell.",RESOLVED,A+B+ADJUDICATOR,8783ef3e2dc6cf061218360ff1c3db121d172543d661901b2d74131021935dc1
4236100ed7e479c70aba,SRC457,9,PAIR_1610BD5DDBDB49EBDCCA3DF0,B_ONLY,,526,,MERGE,"subject_type classifies what subject_name names: a named vehicle ('... , L.P.', an SMA, an LLC) is fund; a total or subtotal line is the owner's aggregate, so portfolio; an index is benchmark. A whole schedule typed investment means the label was not read. PIC is paid_in_capital, never moic: the disambiguation table names the printed label PIC explicitly. The page prints it under a Multiples banner, which is why one lane typed it a multiple. evidence_quote takes the full printed line over the bare value: the line proves this number, the bare digits prove only that they occur somewhere on the page. Definition backfill: both lanes read the same qualifiers off this cell. Definition backfill: both lanes read the same qualifiers off this cell.; the PIC column sits in the multiples block beside TVPI, RVPI, and DPI and its footnote states that PIC multiples may exceed 1.00 due to recycling, so the printed value is a multiple of commitment rather than an amount",RESOLVED,B+ADJUDICATOR,8783ef3e2dc6cf061218360ff1c3db121d172543d661901b2d74131021935dc1
8478ff4e8c9c13bf3b03,SRC457,9,PAIR_F072D2B6075C113482431EA0,VALUE_CONFLICT,438,527,record_family|source_section|asset_class|strategy|period_start|metric_name|metric_value_raw|evidence_quote,MERGE,"subject_type classifies what subject_name names: a named vehicle ('... , L.P.', an SMA, an LLC) is fund; a total or subtotal line is the owner's aggregate, so portfolio; an index is benchmark. A whole schedule typed investment means the label was not read. metric_name: rows are entities and columns are periods, so the metric is the measure the table itself names in its printed wording, 'Net Time Weighted Returns' — never the period (which is the horizon) and never a singularised trim of the banner. evidence_quote takes the full printed line over the bare value: the line proves this number, the bare digits prove only that they occur somewhere on the page. Definition backfill: both lanes read the same qualifiers off this cell. Definition backfill: both lanes read the same qualifiers off this cell.",RESOLVED,A+B+ADJUDICATOR,8783ef3e2dc6cf061218360ff1c3db121d172543d661901b2d74131021935dc1
8c4a77d5bacf3d246079,SRC457,9,PAIR_F647DDBD9519FA2E2B5569D1,VALUE_CONFLICT,439,528,record_family|source_section|asset_class|strategy|period_start|metric_name|metric_value_raw|evidence_quote,MERGE,"subject_type classifies what subject_name names: a named vehicle ('... , L.P.', an SMA, an LLC) is fund; a total or subtotal line is the owner's aggregate, so portfolio; an index is benchmark. A whole schedule typed investment means the label was not read. metric_name: rows are entities and columns are periods, so the metric is the measure the table itself names in its printed wording, 'Net Time Weighted Returns' — never the period (which is the horizon) and never a singularised trim of the banner. evidence_quote takes the full printed line over the bare value: the line proves this number, the bare digits prove only that they occur somewhere on the page. Definition backfill: both lanes read the same qualifiers off this cell. Definition backfill: both lanes read the same qualifiers off this cell.",RESOLVED,A+B+ADJUDICATOR,8783ef3e2dc6cf061218360ff1c3db121d172543d661901b2d74131021935dc1
a2bd9eedbd700c464539,SRC457,9,PAIR_AE1E207E33B308794517F8E1,B_ONLY,,529,,MERGE,"subject_type classifies what subject_name names: a named vehicle ('... , L.P.', an SMA, an LLC) is fund; a total or subtotal line is the owner's aggregate, so portfolio; an index is benchmark. A whole schedule typed investment means the label was not read. evidence_quote takes the full printed line over the bare value: the line proves this number, the bare digits prove only that they occur somewhere on the page.",RESOLVED,B+ADJUDICATOR,8783ef3e2dc6cf061218360ff1c3db121d172543d661901b2d74131021935dc1
8f330ee804342c57a3a7,SRC457,9,PAIR_045BEAF2FE8B74288C65FE65,CLASSIFICATION_CONFLICT,440,530,record_family|source_section|asset_class|strategy|period_start|metric_name|evidence_quote,MERGE,"subject_type classifies what subject_name names: a named vehicle ('... , L.P.', an SMA, an LLC) is fund; a total or subtotal line is the owner's aggregate, so portfolio; an index is benchmark. A whole schedule typed investment means the label was not read. metric_name: rows are entities and columns are periods, so the metric is the measure the table itself names in its printed wording, 'Net Time Weighted Returns' — never the period (which is the horizon) and never a singularised trim of the banner. evidence_quote takes the full printed line over the bare value: the line proves this number, the bare digits prove only that they occur somewhere on the page. Definition backfill: both lanes read the same qualifiers off this cell. Definition backfill: both lanes read the same qualifiers off this cell.",RESOLVED,A+B+ADJUDICATOR,8783ef3e2dc6cf061218360ff1c3db121d172543d661901b2d74131021935dc1
96619fb5438a5a44659c,SRC457,9,PAIR_9E4D874BC0442E7AD9A3C8CE,CLASSIFICATION_CONFLICT,441,531,record_family|source_section|asset_class|strategy|period_start|metric_name|evidence_quote,MERGE,"subject_type classifies what subject_name names: a named vehicle ('... , L.P.', an SMA, an LLC) is fund; a total or subtotal line is the owner's aggregate, so portfolio; an index is benchmark. A whole schedule typed investment means the label was not read. metric_name: rows are entities and columns are periods, so the metric is the measure the table itself names in its printed wording, 'Net Time Weighted Returns' — never the period (which is the horizon) and never a singularised trim of the banner. evidence_quote takes the full printed line over the bare value: the line proves this number, the bare digits prove only that they occur somewhere on the page. Definition backfill: both lanes read the same qualifiers off this cell. Definition backfill: both lanes read the same qualifiers off this cell.",RESOLVED,A+B+ADJUDICATOR,8783ef3e2dc6cf061218360ff1c3db121d172543d661901b2d74131021935dc1
0eeff03319e7ce3ab71e,SRC457,9,PAIR_58C74D3E41B3D517506B9D49,CLASSIFICATION_CONFLICT,442,532,record_family|source_section|asset_class|strategy|period_start|metric_name|evidence_quote,MERGE,"subject_type classifies what subject_name names: a named vehicle ('... , L.P.', an SMA, an LLC) is fund; a total or subtotal line is the owner's aggregate, so portfolio; an index is benchmark. A whole schedule typed investment means the label was not read. metric_name: rows are entities and columns are periods, so the metric is the measure the table itself names in its printed wording, 'Net Time Weighted Returns' — never the period (which is the horizon) and never a singularised trim of the banner. evidence_quote takes the full printed line over the bare value: the line proves this number, the bare digits prove only that they occur somewhere on the page. Definition backfill: both lanes read the same qualifiers off this cell. Definition backfill: both lanes read the same qualifiers off this cell.",RESOLVED,A+B+ADJUDICATOR,8783ef3e2dc6cf061218360ff1c3db121d172543d661901b2d74131021935dc1
45876c56d5cefcd360ab,SRC457,9,PAIR_A693D22DC10CCD71149A1BE3,B_ONLY,,533,,MERGE,"subject_type classifies what subject_name names: a named vehicle ('... , L.P.', an SMA, an LLC) is fund; a total or subtotal line is the owner's aggregate, so portfolio; an index is benchmark. A whole schedule typed investment means the label was not read. evidence_quote takes the full printed line over the bare value: the line proves this number, the bare digits prove only that they occur somewhere on the page.",RESOLVED,B+ADJUDICATOR,8783ef3e2dc6cf061218360ff1c3db121d172543d661901b2d74131021935dc1
045ca79676e56fb30821,SRC457,9,PAIR_DAD11DFA40D915B031DED993,CLASSIFICATION_CONFLICT,443,534,record_family|source_section|asset_class|strategy|period_start|unit|evidence_quote,MERGE,"subject_type classifies what subject_name names: a named vehicle ('... , L.P.', an SMA, an LLC) is fund; a total or subtotal line is the owner's aggregate, so portfolio; an index is benchmark. A whole schedule typed investment means the label was not read. evidence_quote takes the full printed line over the bare value: the line proves this number, the bare digits prove only that they occur somewhere on the page. Definition backfill: both lanes read the same qualifiers off this cell. Definition backfill: both lanes read the same qualifiers off this cell.",RESOLVED,A+B+ADJUDICATOR,8783ef3e2dc6cf061218360ff1c3db121d172543d661901b2d74131021935dc1
4c7b9648fc2847a50c17,SRC457,9,PAIR_AF8EC7D4189AE8B5751705E8,CLASSIFICATION_CONFLICT,444,535,record_family|source_section|source_column_label|asset_class|strategy|period_start|currency_scale|metric_category|evidence_quote,MERGE,"subject_type classifies what subject_name names: a named vehicle ('... , L.P.', an SMA, an LLC) is fund; a total or subtotal line is the owner's aggregate, so portfolio; an index is benchmark. A whole schedule typed investment means the label was not read. evidence_quote takes the full printed line over the bare value: the line proves this number, the bare digits prove only that they occur somewhere on the page. Definition backfill: both lanes read the same qualifiers off this cell. Definition backfill: both lanes read the same qualifiers off this cell.",RESOLVED,A+B+ADJUDICATOR,8783ef3e2dc6cf061218360ff1c3db121d172543d661901b2d74131021935dc1
e01640efd313f51d05f1,SRC457,9,PAIR_4F6909654653BAE7ADEC591A,B_ONLY,,536,,MERGE,"subject_type classifies what subject_name names: a named vehicle ('... , L.P.', an SMA, an LLC) is fund; a total or subtotal line is the owner's aggregate, so portfolio; an index is benchmark. A whole schedule typed investment means the label was not read. PIC is paid_in_capital, never moic: the disambiguation table names the printed label PIC explicitly. The page prints it under a Multiples banner, which is why one lane typed it a multiple. evidence_quote takes the full printed line over the bare value: the line proves this number, the bare digits prove only that they occur somewhere on the page. Definition backfill: both lanes read the same qualifiers off this cell. Definition backfill: both lanes read the same qualifiers off this cell.; the PIC column sits in the multiples block beside TVPI, RVPI, and DPI and its footnote states that PIC multiples may exceed 1.00 due to recycling, so the printed value is a multiple of commitment rather than an amount",RESOLVED,B+ADJUDICATOR,8783ef3e2dc6cf061218360ff1c3db121d172543d661901b2d74131021935dc1
ea725ac0b653d3234e81,SRC457,9,PAIR_1B76ABE84C78F8C156F016AF,CLASSIFICATION_CONFLICT,445,537,record_family|source_section|asset_class|strategy|period_start|metric_name|evidence_quote,MERGE,"subject_type classifies what subject_name names: a named vehicle ('... , L.P.', an SMA, an LLC) is fund; a total or subtotal line is the owner's aggregate, so portfolio; an index is benchmark. A whole schedule typed investment means the label was not read. metric_name: rows are entities and columns are periods, so the metric is the measure the table itself names in its printed wording, 'Net Time Weighted Returns' — never the period (which is the horizon) and never a singularised trim of the banner. evidence_quote takes the full printed line over the bare value: the line proves this number, the bare digits prove only that they occur somewhere on the page. Definition backfill: both lanes read the same qualifiers off this cell. Definition backfill: both lanes read the same qualifiers off this cell.",RESOLVED,A+B+ADJUDICATOR,8783ef3e2dc6cf061218360ff1c3db121d172543d661901b2d74131021935dc1
5feb5774342e31d62d88,SRC457,9,PAIR_C876A61DA85E8B60605DA08C,CLASSIFICATION_CONFLICT,446,538,record_family|source_section|asset_class|strategy|period_start|unit|evidence_quote,MERGE,"subject_type classifies what subject_name names: a named vehicle ('... , L.P.', an SMA, an LLC) is fund; a total or subtotal line is the owner's aggregate, so portfolio; an index is benchmark. A whole schedule typed investment means the label was not read. evidence_quote takes the full printed line over the bare value: the line proves this number, the bare digits prove only that they occur somewhere on the page. Definition backfill: both lanes read the same qualifiers off this cell. Definition backfill: both lanes read the same qualifiers off this cell.",RESOLVED,A+B+ADJUDICATOR,8783ef3e2dc6cf061218360ff1c3db121d172543d661901b2d74131021935dc1
8ca589fb90d0c7742302,SRC457,9,PAIR_ED557CA7650980F9D0E9C82B,CLASSIFICATION_CONFLICT,448,539,record_family|source_section|source_column_label|asset_class|strategy|period_start|metric_name|evidence_quote,MERGE,"subject_type classifies what subject_name names: a named vehicle ('... , L.P.', an SMA, an LLC) is fund; a total or subtotal line is the owner's aggregate, so portfolio; an index is benchmark. A whole schedule typed investment means the label was not read. evidence_quote takes the full printed line over the bare value: the line proves this number, the bare digits prove only that they occur somewhere on the page. Definition backfill: both lanes read the same qualifiers off this cell. Definition backfill: both lanes read the same qualifiers off this cell.",RESOLVED,A+B+ADJUDICATOR,8783ef3e2dc6cf061218360ff1c3db121d172543d661901b2d74131021935dc1
faa8ac6f934df5e1275d,SRC457,9,PAIR_03025269622F958B92A31AE5,CLASSIFICATION_CONFLICT,447,540,record_family|source_section|asset_class|strategy|period_start|metric_name|evidence_quote,MERGE,"subject_type classifies what subject_name names: a named vehicle ('... , L.P.', an SMA, an LLC) is fund; a total or subtotal line is the owner's aggregate, so portfolio; an index is benchmark. A whole schedule typed investment means the label was not read. metric_name: rows are entities and columns are periods, so the metric is the measure the table itself names in its printed wording, 'Net Time Weighted Returns' — never the period (which is the horizon) and never a singularised trim of the banner. evidence_quote takes the full printed line over the bare value: the line proves this number, the bare digits prove only that they occur somewhere on the page. Definition backfill: both lanes read the same qualifiers off this cell. Definition backfill: both lanes read the same qualifiers off this cell.",RESOLVED,A+B+ADJUDICATOR,8783ef3e2dc6cf061218360ff1c3db121d172543d661901b2d74131021935dc1
47a01c471684eca80ee0,SRC457,9,PAIR_20DA0E92BBAA85E4E8244133,CLASSIFICATION_CONFLICT,449,541,record_family|source_section|asset_class|strategy|period_start|unit|evidence_quote,MERGE,"subject_type classifies what subject_name names: a named vehicle ('... , L.P.', an SMA, an LLC) is fund; a total or subtotal line is the owner's aggregate, so portfolio; an index is benchmark. A whole schedule typed investment means the label was not read. evidence_quote takes the full printed line over the bare value: the line proves this number, the bare digits prove only that they occur somewhere on the page. Definition backfill: both lanes read the same qualifiers off this cell. Definition backfill: both lanes read the same qualifiers off this cell.",RESOLVED,A+B+ADJUDICATOR,8783ef3e2dc6cf061218360ff1c3db121d172543d661901b2d74131021935dc1
b3177922a797e554b74c,SRC457,9,PAIR_62EB3D26125F541A6DC8374F,B_ONLY,,542,,MERGE,"subject_type classifies what subject_name names: a named vehicle ('... , L.P.', an SMA, an LLC) is fund; a total or subtotal line is the owner's aggregate, so portfolio; an index is benchmark. A whole schedule typed investment means the label was not read. evidence_quote takes the full printed line over the bare value: the line proves this number, the bare digits prove only that they occur somewhere on the page.",RESOLVED,B+ADJUDICATOR,8783ef3e2dc6cf061218360ff1c3db121d172543d661901b2d74131021935dc1
33adcbc387ef231748c5,SRC457,9,PAIR_78ACB14115BE91FF5A93544A,VALUE_CONFLICT,450,543,record_family|source_section|asset_class|strategy|period_start|metric_name|metric_value_raw|evidence_quote,MERGE,"subject_type classifies what subject_name names: a named vehicle ('... , L.P.', an SMA, an LLC) is fund; a total or subtotal line is the owner's aggregate, so portfolio; an index is benchmark. A whole schedule typed investment means the label was not read. metric_name: rows are entities and columns are periods, so the metric is the measure the table itself names in its printed wording, 'Net Time Weighted Returns' — never the period (which is the horizon) and never a singularised trim of the banner. evidence_quote takes the full printed line over the bare value: the line proves this number, the bare digits prove only that they occur somewhere on the page. Definition backfill: both lanes read the same qualifiers off this cell. Definition backfill: both lanes read the same qualifiers off this cell.",RESOLVED,A+B+ADJUDICATOR,8783ef3e2dc6cf061218360ff1c3db121d172543d661901b2d74131021935dc1
d6adc37ee7f2a7f4f573,SRC457,9,PAIR_B5A180432284D6F575F47BD6,B_ONLY,,544,,MERGE,"subject_type classifies what subject_name names: a named vehicle ('... , L.P.', an SMA, an LLC) is fund; a total or subtotal line is the owner's aggregate, so portfolio; an index is benchmark. A whole schedule typed investment means the label was not read. evidence_quote takes the full printed line over the bare value: the line proves this number, the bare digits prove only that they occur somewhere on the page.",RESOLVED,B+ADJUDICATOR,8783ef3e2dc6cf061218360ff1c3db121d172543d661901b2d74131021935dc1
5ee21c292fd92c0747fb,SRC457,9,PAIR_99D35DD01641C704C777B9CE,CLASSIFICATION_CONFLICT,451,545,record_family|source_section|asset_class|strategy|period_start|unit|evidence_quote,MERGE,"subject_type classifies what subject_name names: a named vehicle ('... , L.P.', an SMA, an LLC) is fund; a total or subtotal line is the owner's aggregate, so portfolio; an index is benchmark. A whole schedule typed investment means the label was not read. evidence_quote takes the full printed line over the bare value: the line proves this number, the bare digits prove only that they occur somewhere on the page. Definition backfill: both lanes read the same qualifiers off this cell. Definition backfill: both lanes read the same qualifiers off this cell.",RESOLVED,A+B+ADJUDICATOR,8783ef3e2dc6cf061218360ff1c3db121d172543d661901b2d74131021935dc1
8c2cf6edf7c58769c2af,SRC457,9,PAIR_9052653224EA1C22E6946A47,CLASSIFICATION_CONFLICT,452,546,record_family|source_section|source_column_label|asset_class|strategy|period_start|currency_scale|metric_category|evidence_quote,MERGE,"subject_type classifies what subject_name names: a named vehicle ('... , L.P.', an SMA, an LLC) is fund; a total or subtotal line is the owner's aggregate, so portfolio; an index is benchmark. A whole schedule typed investment means the label was not read. evidence_quote takes the full printed line over the bare value: the line proves this number, the bare digits prove only that they occur somewhere on the page. Definition backfill: both lanes read the same qualifiers off this cell. Definition backfill: both lanes read the same qualifiers off this cell.",RESOLVED,A+B+ADJUDICATOR,8783ef3e2dc6cf061218360ff1c3db121d172543d661901b2d74131021935dc1
d26a7ed439808a0be339,SRC457,9,PAIR_8B190D6DDE36A0F6D25721E8,B_ONLY,,547,,MERGE,"subject_type classifies what subject_name names: a named vehicle ('... , L.P.', an SMA, an LLC) is fund; a total or subtotal line is the owner's aggregate, so portfolio; an index is benchmark. A whole schedule typed investment means the label was not read. PIC is paid_in_capital, never moic: the disambiguation table names the printed label PIC explicitly. The page prints it under a Multiples banner, which is why one lane typed it a multiple. evidence_quote takes the full printed line over the bare value: the line proves this number, the bare digits prove only that they occur somewhere on the page. Definition backfill: both lanes read the same qualifiers off this cell. Definition backfill: both lanes read the same qualifiers off this cell.; the PIC column sits in the multiples block beside TVPI, RVPI, and DPI and its footnote states that PIC multiples may exceed 1.00 due to recycling, so the printed value is a multiple of commitment rather than an amount",RESOLVED,B+ADJUDICATOR,8783ef3e2dc6cf061218360ff1c3db121d172543d661901b2d74131021935dc1
b47b0ffd00ed2ef6bb82,SRC457,9,PAIR_FAF8BD7ED577B95E673A0837,CLASSIFICATION_CONFLICT,453,548,record_family|source_section|asset_class|strategy|period_start|metric_name|evidence_quote,MERGE,"subject_type classifies what subject_name names: a named vehicle ('... , L.P.', an SMA, an LLC) is fund; a total or subtotal line is the owner's aggregate, so portfolio; an index is benchmark. A whole schedule typed investment means the label was not read. metric_name: rows are entities and columns are periods, so the metric is the measure the table itself names in its printed wording, 'Net Time Weighted Returns' — never the period (which is the horizon) and never a singularised trim of the banner. evidence_quote takes the full printed line over the bare value: the line proves this number, the bare digits prove only that they occur somewhere on the page. Definition backfill: both lanes read the same qualifiers off this cell. Definition backfill: both lanes read the same qualifiers off this cell.",RESOLVED,A+B+ADJUDICATOR,8783ef3e2dc6cf061218360ff1c3db121d172543d661901b2d74131021935dc1
de594040d17bededd91c,SRC457,9,PAIR_4A4EAAAF739C5593C27025C8,CLASSIFICATION_CONFLICT,454,549,record_family|source_section|asset_class|strategy|period_start|unit|evidence_quote,MERGE,"subject_type classifies what subject_name names: a named vehicle ('... , L.P.', an SMA, an LLC) is fund; a total or subtotal line is the owner's aggregate, so portfolio; an index is benchmark. A whole schedule typed investment means the label was not read. evidence_quote takes the full printed line over the bare value: the line proves this number, the bare digits prove only that they occur somewhere on the page. Definition backfill: both lanes read the same qualifiers off this cell. Definition backfill: both lanes read the same qualifiers off this cell.",RESOLVED,A+B+ADJUDICATOR,8783ef3e2dc6cf061218360ff1c3db121d172543d661901b2d74131021935dc1
233e3d63a7d9ac4ce9d8,SRC457,9,PAIR_8DD8D9FF26B296B1CB10B584,VALUE_CONFLICT,456,550,record_family|source_section|source_column_label|asset_class|strategy|period_start|metric_name|metric_value_raw|evidence_quote,MERGE,"subject_type classifies what subject_name names: a named vehicle ('... , L.P.', an SMA, an LLC) is fund; a total or subtotal line is the owner's aggregate, so portfolio; an index is benchmark. A whole schedule typed investment means the label was not read. evidence_quote takes the full printed line over the bare value: the line proves this number, the bare digits prove only that they occur somewhere on the page. Definition backfill: both lanes read the same qualifiers off this cell. Definition backfill: both lanes read the same qualifiers off this cell.",RESOLVED,A+B+ADJUDICATOR,8783ef3e2dc6cf061218360ff1c3db121d172543d661901b2d74131021935dc1
dfae7cc563aa4dfe901e,SRC457,9,PAIR_7294640D17C38076C8063548,CLASSIFICATION_CONFLICT,455,551,record_family|source_section|asset_class|strategy|period_start|metric_name|evidence_quote,MERGE,"subject_type classifies what subject_name names: a named vehicle ('... , L.P.', an SMA, an LLC) is fund; a total or subtotal line is the owner's aggregate, so portfolio; an index is benchmark. A whole schedule typed investment means the label was not read. metric_name: rows are entities and columns are periods, so the metric is the measure the table itself names in its printed wording, 'Net Time Weighted Returns' — never the period (which is the horizon) and never a singularised trim of the banner. evidence_quote takes the full printed line over the bare value: the line proves this number, the bare digits prove only that they occur somewhere on the page. Definition backfill: both lanes read the same qualifiers off this cell. Definition backfill: both lanes read the same qualifiers off this cell.",RESOLVED,A+B+ADJUDICATOR,8783ef3e2dc6cf061218360ff1c3db121d172543d661901b2d74131021935dc1
acebe94f35186f24d074,SRC457,9,PAIR_C2CA4977CBA8DB0B49DEEEC6,CLASSIFICATION_CONFLICT,457,552,record_family|source_section|asset_class|strategy|period_start|unit|evidence_quote,MERGE,"subject_type classifies what subject_name names: a named vehicle ('... , L.P.', an SMA, an LLC) is fund; a total or subtotal line is the owner's aggregate, so portfolio; an index is benchmark. A whole schedule typed investment means the label was not read. evidence_quote takes the full printed line over the bare value: the line proves this number, the bare digits prove only that they occur somewhere on the page. Definition backfill: both lanes read the same qualifiers off this cell. Definition backfill: both lanes read the same qualifiers off this cell.",RESOLVED,A+B+ADJUDICATOR,8783ef3e2dc6cf061218360ff1c3db121d172543d661901b2d74131021935dc1
1d44f007c736233e3581,SRC457,9,PAIR_EFBBB95368F8B5D93B98CAAD,B_ONLY,,553,,MERGE,"subject_type classifies what subject_name names: a named vehicle ('... , L.P.', an SMA, an LLC) is fund; a total or subtotal line is the owner's aggregate, so portfolio; an index is benchmark. A whole schedule typed investment means the label was not read. evidence_quote takes the full printed line over the bare value: the line proves this number, the bare digits prove only that they occur somewhere on the page.",RESOLVED,B+ADJUDICATOR,8783ef3e2dc6cf061218360ff1c3db121d172543d661901b2d74131021935dc1
2f0126e72c225a14c9fc,SRC457,9,PAIR_ED926071C410EC9E1FB4F06C,CLASSIFICATION_CONFLICT,458,554,record_family|source_section|asset_class|strategy|period_start|metric_name|evidence_quote,MERGE,"subject_type classifies what subject_name names: a named vehicle ('... , L.P.', an SMA, an LLC) is fund; a total or subtotal line is the owner's aggregate, so portfolio; an index is benchmark. A whole schedule typed investment means the label was not read. metric_name: rows are entities and columns are periods, so the metric is the measure the table itself names in its printed wording, 'Net Time Weighted Returns' — never the period (which is the horizon) and never a singularised trim of the banner. evidence_quote takes the full printed line over the bare value: the line proves this number, the bare digits prove only that they occur somewhere on the page. Definition backfill: both lanes read the same qualifiers off this cell. Definition backfill: both lanes read the same qualifiers off this cell.",RESOLVED,A+B+ADJUDICATOR,8783ef3e2dc6cf061218360ff1c3db121d172543d661901b2d74131021935dc1
7d5899843b76c6c48d55,SRC457,9,PAIR_0E9CA5472D51DA3A4756CFF4,CLASSIFICATION_CONFLICT,459,555,record_family|source_section|asset_class|strategy|period_start|metric_name|evidence_quote,MERGE,"subject_type classifies what subject_name names: a named vehicle ('... , L.P.', an SMA, an LLC) is fund; a total or subtotal line is the owner's aggregate, so portfolio; an index is benchmark. A whole schedule typed investment means the label was not read. metric_name: rows are entities and columns are periods, so the metric is the measure the table itself names in its printed wording, 'Net Time Weighted Returns' — never the period (which is the horizon) and never a singularised trim of the banner. evidence_quote takes the full printed line over the bare value: the line proves this number, the bare digits prove only that they occur somewhere on the page. Definition backfill: both lanes read the same qualifiers off this cell. Definition backfill: both lanes read the same qualifiers off this cell.",RESOLVED,A+B+ADJUDICATOR,8783ef3e2dc6cf061218360ff1c3db121d172543d661901b2d74131021935dc1
4cfe9b3a37179b30fddb,SRC457,9,PAIR_944A939B6D67D15AAAE7EA8A,B_ONLY,,556,,MERGE,"subject_type classifies what subject_name names: a named vehicle ('... , L.P.', an SMA, an LLC) is fund; a total or subtotal line is the owner's aggregate, so portfolio; an index is benchmark. A whole schedule typed investment means the label was not read. evidence_quote takes the full printed line over the bare value: the line proves this number, the bare digits prove only that they occur somewhere on the page.",RESOLVED,B+ADJUDICATOR,8783ef3e2dc6cf061218360ff1c3db121d172543d661901b2d74131021935dc1
e23f21e3aaec121c98d4,SRC457,9,PAIR_3A92784FBA91240F5429CC64,CLASSIFICATION_CONFLICT,460,557,record_family|source_section|asset_class|strategy|period_start|unit|evidence_quote,MERGE,"subject_type classifies what subject_name names: a named vehicle ('... , L.P.', an SMA, an LLC) is fund; a total or subtotal line is the owner's aggregate, so portfolio; an index is benchmark. A whole schedule typed investment means the label was not read. evidence_quote takes the full printed line over the bare value: the line proves this number, the bare digits prove only that they occur somewhere on the page. Definition backfill: both lanes read the same qualifiers off this cell. Definition backfill: both lanes read the same qualifiers off this cell.",RESOLVED,A+B+ADJUDICATOR,8783ef3e2dc6cf061218360ff1c3db121d172543d661901b2d74131021935dc1
ddac339c95262f964cdd,SRC457,9,PAIR_5082261758CEDAC3B85E1806,CLASSIFICATION_CONFLICT,461,558,record_family|source_section|source_column_label|asset_class|strategy|period_start|currency_scale|metric_category|evidence_quote,MERGE,"subject_type classifies what subject_name names: a named vehicle ('... , L.P.', an SMA, an LLC) is fund; a total or subtotal line is the owner's aggregate, so portfolio; an index is benchmark. A whole schedule typed investment means the label was not read. evidence_quote takes the full printed line over the bare value: the line proves this number, the bare digits prove only that they occur somewhere on the page. Definition backfill: both lanes read the same qualifiers off this cell. Definition backfill: both lanes read the same qualifiers off this cell.",RESOLVED,A+B+ADJUDICATOR,8783ef3e2dc6cf061218360ff1c3db121d172543d661901b2d74131021935dc1
376b03182352304f0d10,SRC457,9,PAIR_8776253391941C864C4F5A14,B_ONLY,,559,,MERGE,"subject_type classifies what subject_name names: a named vehicle ('... , L.P.', an SMA, an LLC) is fund; a total or subtotal line is the owner's aggregate, so portfolio; an index is benchmark. A whole schedule typed investment means the label was not read. PIC is paid_in_capital, never moic: the disambiguation table names the printed label PIC explicitly. The page prints it under a Multiples banner, which is why one lane typed it a multiple. evidence_quote takes the full printed line over the bare value: the line proves this number, the bare digits prove only that they occur somewhere on the page. Definition backfill: both lanes read the same qualifiers off this cell. Definition backfill: both lanes read the same qualifiers off this cell.; the PIC column sits in the multiples block beside TVPI, RVPI, and DPI and its footnote states that PIC multiples may exceed 1.00 due to recycling, so the printed value is a multiple of commitment rather than an amount",RESOLVED,B+ADJUDICATOR,8783ef3e2dc6cf061218360ff1c3db121d172543d661901b2d74131021935dc1
0c4aca03eaddb0a3e4d6,SRC457,9,PAIR_9F1DE95BA35FABF1AE356E8E,CLASSIFICATION_CONFLICT,462,560,record_family|source_section|asset_class|strategy|period_start|metric_name|evidence_quote,MERGE,"subject_type classifies what subject_name names: a named vehicle ('... , L.P.', an SMA, an LLC) is fund; a total or subtotal line is the owner's aggregate, so portfolio; an index is benchmark. A whole schedule typed investment means the label was not read. metric_name: rows are entities and columns are periods, so the metric is the measure the table itself names in its printed wording, 'Net Time Weighted Returns' — never the period (which is the horizon) and never a singularised trim of the banner. evidence_quote takes the full printed line over the bare value: the line proves this number, the bare digits prove only that they occur somewhere on the page. Definition backfill: both lanes read the same qualifiers off this cell. Definition backfill: both lanes read the same qualifiers off this cell.",RESOLVED,A+B+ADJUDICATOR,8783ef3e2dc6cf061218360ff1c3db121d172543d661901b2d74131021935dc1
df14edfdac6dbed5b0d6,SRC457,9,PAIR_64FEA828B069045AABAD35E2,CLASSIFICATION_CONFLICT,463,561,record_family|source_section|asset_class|strategy|period_start|unit|evidence_quote,MERGE,"subject_type classifies what subject_name names: a named vehicle ('... , L.P.', an SMA, an LLC) is fund; a total or subtotal line is the owner's aggregate, so portfolio; an index is benchmark. A whole schedule typed investment means the label was not read. evidence_quote takes the full printed line over the bare value: the line proves this number, the bare digits prove only that they occur somewhere on the page. Definition backfill: both lanes read the same qualifiers off this cell. Definition backfill: both lanes read the same qualifiers off this cell.",RESOLVED,A+B+ADJUDICATOR,8783ef3e2dc6cf061218360ff1c3db121d172543d661901b2d74131021935dc1
7b1cf25aa2213086f228,SRC457,9,PAIR_607660FC0633E63E196B92B9,CLASSIFICATION_CONFLICT,465,562,record_family|source_section|source_column_label|asset_class|strategy|period_start|metric_name|evidence_quote,MERGE,"subject_type classifies what subject_name names: a named vehicle ('... , L.P.', an SMA, an LLC) is fund; a total or subtotal line is the owner's aggregate, so portfolio; an index is benchmark. A whole schedule typed investment means the label was not read. evidence_quote takes the full printed line over the bare value: the line proves this number, the bare digits prove only that they occur somewhere on the page. Definition backfill: both lanes read the same qualifiers off this cell. Definition backfill: both lanes read the same qualifiers off this cell.",RESOLVED,A+B+ADJUDICATOR,8783ef3e2dc6cf061218360ff1c3db121d172543d661901b2d74131021935dc1
d8609da6ce6cda808934,SRC457,9,PAIR_B78D34FF7D7ECC7CC429FB00,CLASSIFICATION_CONFLICT,464,563,record_family|source_section|asset_class|strategy|period_start|metric_name|evidence_quote,MERGE,"subject_type classifies what subject_name names: a named vehicle ('... , L.P.', an SMA, an LLC) is fund; a total or subtotal line is the owner's aggregate, so portfolio; an index is benchmark. A whole schedule typed investment means the label was not read. metric_name: rows are entities and columns are periods, so the metric is the measure the table itself names in its printed wording, 'Net Time Weighted Returns' — never the period (which is the horizon) and never a singularised trim of the banner. evidence_quote takes the full printed line over the bare value: the line proves this number, the bare digits prove only that they occur somewhere on the page. Definition backfill: both lanes read the same qualifiers off this cell. Definition backfill: both lanes read the same qualifiers off this cell.",RESOLVED,A+B+ADJUDICATOR,8783ef3e2dc6cf061218360ff1c3db121d172543d661901b2d74131021935dc1
09a9dac59a584e57aa11,SRC457,9,PAIR_FAF11C8371784AFB3A246D56,CLASSIFICATION_CONFLICT,466,564,record_family|source_section|asset_class|strategy|period_start|unit|evidence_quote,MERGE,"subject_type classifies what subject_name names: a named vehicle ('... , L.P.', an SMA, an LLC) is fund; a total or subtotal line is the owner's aggregate, so portfolio; an index is benchmark. A whole schedule typed investment means the label was not read. evidence_quote takes the full printed line over the bare value: the line proves this number, the bare digits prove only that they occur somewhere on the page. Definition backfill: both lanes read the same qualifiers off this cell. Definition backfill: both lanes read the same qualifiers off this cell.",RESOLVED,A+B+ADJUDICATOR,8783ef3e2dc6cf061218360ff1c3db121d172543d661901b2d74131021935dc1
8b8ec54c7a9035360dd0,SRC457,9,PAIR_E17B4F55E3547A6B091DDFF1,B_ONLY,,565,,MERGE,"subject_type classifies what subject_name names: a named vehicle ('... , L.P.', an SMA, an LLC) is fund; a total or subtotal line is the owner's aggregate, so portfolio; an index is benchmark. A whole schedule typed investment means the label was not read. evidence_quote takes the full printed line over the bare value: the line proves this number, the bare digits prove only that they occur somewhere on the page.",RESOLVED,B+ADJUDICATOR,8783ef3e2dc6cf061218360ff1c3db121d172543d661901b2d74131021935dc1
9bc378d88f4241c623d4,SRC457,9,PAIR_F286DBCE39C3307FC7BD6806,VALUE_CONFLICT,467,566,record_family|source_section|asset_class|strategy|period_start|metric_name|metric_value_raw|evidence_quote,MERGE,"subject_type classifies what subject_name names: a named vehicle ('... , L.P.', an SMA, an LLC) is fund; a total or subtotal line is the owner's aggregate, so portfolio; an index is benchmark. A whole schedule typed investment means the label was not read. metric_name: rows are entities and columns are periods, so the metric is the measure the table itself names in its printed wording, 'Net Time Weighted Returns' — never the period (which is the horizon) and never a singularised trim of the banner. evidence_quote takes the full printed line over the bare value: the line proves this number, the bare digits prove only that they occur somewhere on the page. Definition backfill: both lanes read the same qualifiers off this cell. Definition backfill: both lanes read the same qualifiers off this cell.",RESOLVED,A+B+ADJUDICATOR,8783ef3e2dc6cf061218360ff1c3db121d172543d661901b2d74131021935dc1
8dbe37c27f04814ebcb7,SRC457,9,PAIR_3F5410EC6021FEFA4FB8E0FA,B_ONLY,,567,,MERGE,"subject_type classifies what subject_name names: a named vehicle ('... , L.P.', an SMA, an LLC) is fund; a total or subtotal line is the owner's aggregate, so portfolio; an index is benchmark. A whole schedule typed investment means the label was not read. evidence_quote takes the full printed line over the bare value: the line proves this number, the bare digits prove only that they occur somewhere on the page.",RESOLVED,B+ADJUDICATOR,8783ef3e2dc6cf061218360ff1c3db121d172543d661901b2d74131021935dc1
b0c91854448bcbd98086,SRC457,9,PAIR_A949B96217D9C53010800722,CLASSIFICATION_CONFLICT,468,568,record_family|source_section|asset_class|strategy|period_start|unit|evidence_quote,MERGE,"subject_type classifies what subject_name names: a named vehicle ('... , L.P.', an SMA, an LLC) is fund; a total or subtotal line is the owner's aggregate, so portfolio; an index is benchmark. A whole schedule typed investment means the label was not read. evidence_quote takes the full printed line over the bare value: the line proves this number, the bare digits prove only that they occur somewhere on the page. Definition backfill: both lanes read the same qualifiers off this cell. Definition backfill: both lanes read the same qualifiers off this cell.",RESOLVED,A+B+ADJUDICATOR,8783ef3e2dc6cf061218360ff1c3db121d172543d661901b2d74131021935dc1
2e679a7361afc82e86e3,SRC457,9,PAIR_4366F776E36BBBCFA94A7E5C,CLASSIFICATION_CONFLICT,469,569,record_family|source_section|source_column_label|asset_class|strategy|period_start|currency_scale|metric_category|evidence_quote,MERGE,"subject_type classifies what subject_name names: a named vehicle ('... , L.P.', an SMA, an LLC) is fund; a total or subtotal line is the owner's aggregate, so portfolio; an index is benchmark. A whole schedule typed investment means the label was not read. evidence_quote takes the full printed line over the bare value: the line proves this number, the bare digits prove only that they occur somewhere on the page. Definition backfill: both lanes read the same qualifiers off this cell. Definition backfill: both lanes read the same qualifiers off this cell.",RESOLVED,A+B+ADJUDICATOR,8783ef3e2dc6cf061218360ff1c3db121d172543d661901b2d74131021935dc1
dc09dbd94abc7c40c5d6,SRC457,9,PAIR_5C251C0CF587DC1BC54489B7,B_ONLY,,570,,MERGE,"subject_type classifies what subject_name names: a named vehicle ('... , L.P.', an SMA, an LLC) is fund; a total or subtotal line is the owner's aggregate, so portfolio; an index is benchmark. A whole schedule typed investment means the label was not read. PIC is paid_in_capital, never moic: the disambiguation table names the printed label PIC explicitly. The page prints it under a Multiples banner, which is why one lane typed it a multiple. evidence_quote takes the full printed line over the bare value: the line proves this number, the bare digits prove only that they occur somewhere on the page. Definition backfill: both lanes read the same qualifiers off this cell. Definition backfill: both lanes read the same qualifiers off this cell.; the PIC column sits in the multiples block beside TVPI, RVPI, and DPI and its footnote states that PIC multiples may exceed 1.00 due to recycling, so the printed value is a multiple of commitment rather than an amount",RESOLVED,B+ADJUDICATOR,8783ef3e2dc6cf061218360ff1c3db121d172543d661901b2d74131021935dc1
2b0b9b6fa4220a7b5838,SRC457,9,PAIR_F12FBF605B530CB08068C4BF,CLASSIFICATION_CONFLICT,470,571,record_family|source_section|asset_class|strategy|period_start|metric_name|evidence_quote,MERGE,"subject_type classifies what subject_name names: a named vehicle ('... , L.P.', an SMA, an LLC) is fund; a total or subtotal line is the owner's aggregate, so portfolio; an index is benchmark. A whole schedule typed investment means the label was not read. metric_name: rows are entities and columns are periods, so the metric is the measure the table itself names in its printed wording, 'Net Time Weighted Returns' — never the period (which is the horizon) and never a singularised trim of the banner. evidence_quote takes the full printed line over the bare value: the line proves this number, the bare digits prove only that they occur somewhere on the page. Definition backfill: both lanes read the same qualifiers off this cell. Definition backfill: both lanes read the same qualifiers off this cell.",RESOLVED,A+B+ADJUDICATOR,8783ef3e2dc6cf061218360ff1c3db121d172543d661901b2d74131021935dc1
223cb5939f32a63f71e5,SRC457,9,PAIR_8394BD3CB6AC5318DC318726,CLASSIFICATION_CONFLICT,471,572,record_family|source_section|asset_class|strategy|period_start|unit|evidence_quote,MERGE,"subject_type classifies what subject_name names: a named vehicle ('... , L.P.', an SMA, an LLC) is fund; a total or subtotal line is the owner's aggregate, so portfolio; an index is benchmark. A whole schedule typed investment means the label was not read. evidence_quote takes the full printed line over the bare value: the line proves this number, the bare digits prove only that they occur somewhere on the page. Definition backfill: both lanes read the same qualifiers off this cell. Definition backfill: both lanes read the same qualifiers off this cell.",RESOLVED,A+B+ADJUDICATOR,8783ef3e2dc6cf061218360ff1c3db121d172543d661901b2d74131021935dc1
41f6de7178d00f42c3d6,SRC457,9,PAIR_BD4B25A0DCBF38A0F1C9B8B0,CLASSIFICATION_CONFLICT,473,573,record_family|source_section|source_column_label|asset_class|strategy|period_start|metric_name|evidence_quote,MERGE,"subject_type classifies what subject_name names: a named vehicle ('... , L.P.', an SMA, an LLC) is fund; a total or subtotal line is the owner's aggregate, so portfolio; an index is benchmark. A whole schedule typed investment means the label was not read. evidence_quote takes the full printed line over the bare value: the line proves this number, the bare digits prove only that they occur somewhere on the page. Definition backfill: both lanes read the same qualifiers off this cell. Definition backfill: both lanes read the same qualifiers off this cell.",RESOLVED,A+B+ADJUDICATOR,8783ef3e2dc6cf061218360ff1c3db121d172543d661901b2d74131021935dc1
7c7a07237b854698b548,SRC457,9,PAIR_3F7F7D328A8FFCE85617840F,CLASSIFICATION_CONFLICT,472,574,record_family|source_section|asset_class|strategy|period_start|metric_name|evidence_quote,MERGE,"subject_type classifies what subject_name names: a named vehicle ('... , L.P.', an SMA, an LLC) is fund; a total or subtotal line is the owner's aggregate, so portfolio; an index is benchmark. A whole schedule typed investment means the label was not read. metric_name: rows are entities and columns are periods, so the metric is the measure the table itself names in its printed wording, 'Net Time Weighted Returns' — never the period (which is the horizon) and never a singularised trim of the banner. evidence_quote takes the full printed line over the bare value: the line proves this number, the bare digits prove only that they occur somewhere on the page. Definition backfill: both lanes read the same qualifiers off this cell. Definition backfill: both lanes read the same qualifiers off this cell.",RESOLVED,A+B+ADJUDICATOR,8783ef3e2dc6cf061218360ff1c3db121d172543d661901b2d74131021935dc1
fca8d1b84a2d2bea44ad,SRC457,9,PAIR_26E87ECC0F719AF09488FE65,CLASSIFICATION_CONFLICT,474,575,record_family|source_section|asset_class|strategy|period_start|unit|evidence_quote,MERGE,"subject_type classifies what subject_name names: a named vehicle ('... , L.P.', an SMA, an LLC) is fund; a total or subtotal line is the owner's aggregate, so portfolio; an index is benchmark. A whole schedule typed investment means the label was not read. evidence_quote takes the full printed line over the bare value: the line proves this number, the bare digits prove only that they occur somewhere on the page. Definition backfill: both lanes read the same qualifiers off this cell. Definition backfill: both lanes read the same qualifiers off this cell.",RESOLVED,A+B+ADJUDICATOR,8783ef3e2dc6cf061218360ff1c3db121d172543d661901b2d74131021935dc1
806d26114fe900b4e9da,SRC457,9,PAIR_3F57BA2E915D2103523CE343,B_ONLY,,576,,MERGE,"subject_type classifies what subject_name names: a named vehicle ('... , L.P.', an SMA, an LLC) is fund; a total or subtotal line is the owner's aggregate, so portfolio; an index is benchmark. A whole schedule typed investment means the label was not read. evidence_quote takes the full printed line over the bare value: the line proves this number, the bare digits prove only that they occur somewhere on the page.",RESOLVED,B+ADJUDICATOR,8783ef3e2dc6cf061218360ff1c3db121d172543d661901b2d74131021935dc1
979558fa44c8761cc955,SRC457,9,PAIR_D6DB36E887CDA2690B585D77,VALUE_CONFLICT,475,577,record_family|source_section|asset_class|strategy|period_start|metric_name|metric_value_raw|evidence_quote,MERGE,"subject_type classifies what subject_name names: a named vehicle ('... , L.P.', an SMA, an LLC) is fund; a total or subtotal line is the owner's aggregate, so portfolio; an index is benchmark. A whole schedule typed investment means the label was not read. metric_name: rows are entities and columns are periods, so the metric is the measure the table itself names in its printed wording, 'Net Time Weighted Returns' — never the period (which is the horizon) and never a singularised trim of the banner. evidence_quote takes the full printed line over the bare value: the line proves this number, the bare digits prove only that they occur somewhere on the page. Definition backfill: both lanes read the same qualifiers off this cell. Definition backfill: both lanes read the same qualifiers off this cell.",RESOLVED,A+B+ADJUDICATOR,8783ef3e2dc6cf061218360ff1c3db121d172543d661901b2d74131021935dc1
28a8d935fad5696133a4,SRC457,9,PAIR_2984D9C755B7B0ECCCC3AFFC,CLASSIFICATION_CONFLICT,476,578,record_family|source_section|asset_class|strategy|period_start|metric_name|evidence_quote,MERGE,"subject_type classifies what subject_name names: a named vehicle ('... , L.P.', an SMA, an LLC) is fund; a total or subtotal line is the owner's aggregate, so portfolio; an index is benchmark. A whole schedule typed investment means the label was not read. metric_name: rows are entities and columns are periods, so the metric is the measure the table itself names in its printed wording, 'Net Time Weighted Returns' — never the period (which is the horizon) and never a singularised trim of the banner. evidence_quote takes the full printed line over the bare value: the line proves this number, the bare digits prove only that they occur somewhere on the page. Definition backfill: both lanes read the same qualifiers off this cell. Definition backfill: both lanes read the same qualifiers off this cell.",RESOLVED,A+B+ADJUDICATOR,8783ef3e2dc6cf061218360ff1c3db121d172543d661901b2d74131021935dc1
1c9cf42ea0e13e6d7573,SRC457,9,PAIR_3068FEDE8BA99712D9A1AFFB,CLASSIFICATION_CONFLICT,477,579,record_family|source_section|asset_class|strategy|period_start|metric_name|evidence_quote,MERGE,"subject_type classifies what subject_name names: a named vehicle ('... , L.P.', an SMA, an LLC) is fund; a total or subtotal line is the owner's aggregate, so portfolio; an index is benchmark. A whole schedule typed investment means the label was not read. metric_name: rows are entities and columns are periods, so the metric is the measure the table itself names in its printed wording, 'Net Time Weighted Returns' — never the period (which is the horizon) and never a singularised trim of the banner. evidence_quote takes the full printed line over the bare value: the line proves this number, the bare digits prove only that they occur somewhere on the page. Definition backfill: both lanes read the same qualifiers off this cell. Definition backfill: both lanes read the same qualifiers off this cell.",RESOLVED,A+B+ADJUDICATOR,8783ef3e2dc6cf061218360ff1c3db121d172543d661901b2d74131021935dc1
6be57c27791eb0754c9c,SRC457,9,PAIR_0F3E1CCCA8588F9805040697,CLASSIFICATION_CONFLICT,478,580,record_family|source_section|asset_class|strategy|period_start|metric_name|evidence_quote,MERGE,"subject_type classifies what subject_name names: a named vehicle ('... , L.P.', an SMA, an LLC) is fund; a total or subtotal line is the owner's aggregate, so portfolio; an index is benchmark. A whole schedule typed investment means the label was not read. metric_name: rows are entities and columns are periods, so the metric is the measure the table itself names in its printed wording, 'Net Time Weighted Returns' — never the period (which is the horizon) and never a singularised trim of the banner. evidence_quote takes the full printed line over the bare value: the line proves this number, the bare digits prove only that they occur somewhere on the page. Definition backfill: both lanes read the same qualifiers off this cell. Definition backfill: both lanes read the same qualifiers off this cell.",RESOLVED,A+B+ADJUDICATOR,8783ef3e2dc6cf061218360ff1c3db121d172543d661901b2d74131021935dc1
97ee291faab6d4db9899,SRC457,9,PAIR_7B862BA55C3D4FBCFFBCB72F,B_ONLY,,581,,MERGE,"subject_type classifies what subject_name names: a named vehicle ('... , L.P.', an SMA, an LLC) is fund; a total or subtotal line is the owner's aggregate, so portfolio; an index is benchmark. A whole schedule typed investment means the label was not read. evidence_quote takes the full printed line over the bare value: the line proves this number, the bare digits prove only that they occur somewhere on the page.",RESOLVED,B+ADJUDICATOR,8783ef3e2dc6cf061218360ff1c3db121d172543d661901b2d74131021935dc1
3ac4c1ca004f4d89e154,SRC457,9,PAIR_D8A236D2EE843BB4830DEDA2,CLASSIFICATION_CONFLICT,479,582,record_family|source_section|asset_class|strategy|period_start|unit|evidence_quote,MERGE,"subject_type classifies what subject_name names: a named vehicle ('... , L.P.', an SMA, an LLC) is fund; a total or subtotal line is the owner's aggregate, so portfolio; an index is benchmark. A whole schedule typed investment means the label was not read. evidence_quote takes the full printed line over the bare value: the line proves this number, the bare digits prove only that they occur somewhere on the page. Definition backfill: both lanes read the same qualifiers off this cell. Definition backfill: both lanes read the same qualifiers off this cell.",RESOLVED,A+B+ADJUDICATOR,8783ef3e2dc6cf061218360ff1c3db121d172543d661901b2d74131021935dc1
1703455392a3dc226a1a,SRC457,9,PAIR_9D479D4E11A3627F21832E01,CLASSIFICATION_CONFLICT,480,583,record_family|source_section|source_column_label|asset_class|strategy|period_start|currency_scale|metric_category|evidence_quote,MERGE,"subject_type classifies what subject_name names: a named vehicle ('... , L.P.', an SMA, an LLC) is fund; a total or subtotal line is the owner's aggregate, so portfolio; an index is benchmark. A whole schedule typed investment means the label was not read. evidence_quote takes the full printed line over the bare value: the line proves this number, the bare digits prove only that they occur somewhere on the page. Definition backfill: both lanes read the same qualifiers off this cell. Definition backfill: both lanes read the same qualifiers off this cell.",RESOLVED,A+B+ADJUDICATOR,8783ef3e2dc6cf061218360ff1c3db121d172543d661901b2d74131021935dc1
cf3dc9bdd61834c9bb92,SRC457,9,PAIR_95B228C3D452887E87D70DFA,B_ONLY,,584,,MERGE,"subject_type classifies what subject_name names: a named vehicle ('... , L.P.', an SMA, an LLC) is fund; a total or subtotal line is the owner's aggregate, so portfolio; an index is benchmark. A whole schedule typed investment means the label was not read. PIC is paid_in_capital, never moic: the disambiguation table names the printed label PIC explicitly. The page prints it under a Multiples banner, which is why one lane typed it a multiple. evidence_quote takes the full printed line over the bare value: the line proves this number, the bare digits prove only that they occur somewhere on the page. Definition backfill: both lanes read the same qualifiers off this cell. Definition backfill: both lanes read the same qualifiers off this cell.; the PIC column sits in the multiples block beside TVPI, RVPI, and DPI and its footnote states that PIC multiples may exceed 1.00 due to recycling, so the printed value is a multiple of commitment rather than an amount",RESOLVED,B+ADJUDICATOR,8783ef3e2dc6cf061218360ff1c3db121d172543d661901b2d74131021935dc1
81500153aaf76c6988f0,SRC457,9,PAIR_42A4C4224B3577DB9E363E69,CLASSIFICATION_CONFLICT,481,585,record_family|source_section|asset_class|strategy|period_start|metric_name|evidence_quote,MERGE,"subject_type classifies what subject_name names: a named vehicle ('... , L.P.', an SMA, an LLC) is fund; a total or subtotal line is the owner's aggregate, so portfolio; an index is benchmark. A whole schedule typed investment means the label was not read. metric_name: rows are entities and columns are periods, so the metric is the measure the table itself names in its printed wording, 'Net Time Weighted Returns' — never the period (which is the horizon) and never a singularised trim of the banner. evidence_quote takes the full printed line over the bare value: the line proves this number, the bare digits prove only that they occur somewhere on the page. Definition backfill: both lanes read the same qualifiers off this cell. Definition backfill: both lanes read the same qualifiers off this cell.",RESOLVED,A+B+ADJUDICATOR,8783ef3e2dc6cf061218360ff1c3db121d172543d661901b2d74131021935dc1
ba7baa4f92a43e832f0a,SRC457,9,PAIR_8E39E03CCF265B27841C5C05,CLASSIFICATION_CONFLICT,482,586,record_family|source_section|asset_class|strategy|period_start|unit|evidence_quote,MERGE,"subject_type classifies what subject_name names: a named vehicle ('... , L.P.', an SMA, an LLC) is fund; a total or subtotal line is the owner's aggregate, so portfolio; an index is benchmark. A whole schedule typed investment means the label was not read. evidence_quote takes the full printed line over the bare value: the line proves this number, the bare digits prove only that they occur somewhere on the page. Definition backfill: both lanes read the same qualifiers off this cell. Definition backfill: both lanes read the same qualifiers off this cell.",RESOLVED,A+B+ADJUDICATOR,8783ef3e2dc6cf061218360ff1c3db121d172543d661901b2d74131021935dc1
68018c3afa9d22cac634,SRC457,9,PAIR_58634E25DAF6ED296CD85B8E,CLASSIFICATION_CONFLICT,484,587,record_family|source_section|source_column_label|asset_class|strategy|period_start|metric_name|evidence_quote,MERGE,"subject_type classifies what subject_name names: a named vehicle ('... , L.P.', an SMA, an LLC) is fund; a total or subtotal line is the owner's aggregate, so portfolio; an index is benchmark. A whole schedule typed investment means the label was not read. evidence_quote takes the full printed line over the bare value: the line proves this number, the bare digits prove only that they occur somewhere on the page. Definition backfill: both lanes read the same qualifiers off this cell. Definition backfill: both lanes read the same qualifiers off this cell.",RESOLVED,A+B+ADJUDICATOR,8783ef3e2dc6cf061218360ff1c3db121d172543d661901b2d74131021935dc1
173c622a3a1a64ef0e91,SRC457,9,PAIR_82E5A969CF9482E46C3BEACF,VALUE_CONFLICT,483,588,record_family|source_section|asset_class|strategy|period_start|metric_name|metric_value_raw|evidence_quote,MERGE,"subject_type classifies what subject_name names: a named vehicle ('... , L.P.', an SMA, an LLC) is fund; a total or subtotal line is the owner's aggregate, so portfolio; an index is benchmark. A whole schedule typed investment means the label was not read. metric_name: rows are entities and columns are periods, so the metric is the measure the table itself names in its printed wording, 'Net Time Weighted Returns' — never the period (which is the horizon) and never a singularised trim of the banner. evidence_quote takes the full printed line over the bare value: the line proves this number, the bare digits prove only that they occur somewhere on the page. Definition backfill: both lanes read the same qualifiers off this cell. Definition backfill: both lanes read the same qualifiers off this cell.",RESOLVED,A+B+ADJUDICATOR,8783ef3e2dc6cf061218360ff1c3db121d172543d661901b2d74131021935dc1
c47abfefad6959040559,SRC457,9,PAIR_8AF0BD264E6D31BE2C68B024,CLASSIFICATION_CONFLICT,485,589,record_family|source_section|asset_class|strategy|period_start|unit|evidence_quote,MERGE,"subject_type classifies what subject_name names: a named vehicle ('... , L.P.', an SMA, an LLC) is fund; a total or subtotal line is the owner's aggregate, so portfolio; an index is benchmark. A whole schedule typed investment means the label was not read. evidence_quote takes the full printed line over the bare value: the line proves this number, the bare digits prove only that they occur somewhere on the page. Definition backfill: both lanes read the same qualifiers off this cell. Definition backfill: both lanes read the same qualifiers off this cell.",RESOLVED,A+B+ADJUDICATOR,8783ef3e2dc6cf061218360ff1c3db121d172543d661901b2d74131021935dc1
ba347626f7c0e2329a84,SRC457,9,PAIR_211B5696705041760BB53F98,B_ONLY,,590,,MERGE,"subject_type classifies what subject_name names: a named vehicle ('... , L.P.', an SMA, an LLC) is fund; a total or subtotal line is the owner's aggregate, so portfolio; an index is benchmark. A whole schedule typed investment means the label was not read. evidence_quote takes the full printed line over the bare value: the line proves this number, the bare digits prove only that they occur somewhere on the page.",RESOLVED,B+ADJUDICATOR,8783ef3e2dc6cf061218360ff1c3db121d172543d661901b2d74131021935dc1
8e1963eecd9a700c583d,SRC457,9,PAIR_212D57503B47CE48ADC7E545,CLASSIFICATION_CONFLICT,486,591,record_family|source_section|asset_class|strategy|period_start|metric_name|evidence_quote,MERGE,"subject_type classifies what subject_name names: a named vehicle ('... , L.P.', an SMA, an LLC) is fund; a total or subtotal line is the owner's aggregate, so portfolio; an index is benchmark. A whole schedule typed investment means the label was not read. metric_name: rows are entities and columns are periods, so the metric is the measure the table itself names in its printed wording, 'Net Time Weighted Returns' — never the period (which is the horizon) and never a singularised trim of the banner. evidence_quote takes the full printed line over the bare value: the line proves this number, the bare digits prove only that they occur somewhere on the page. Definition backfill: both lanes read the same qualifiers off this cell. Definition backfill: both lanes read the same qualifiers off this cell.",RESOLVED,A+B+ADJUDICATOR,8783ef3e2dc6cf061218360ff1c3db121d172543d661901b2d74131021935dc1
4e3584933ac0b2dfc095,SRC457,9,PAIR_AD1E7B39B1CD7730840E368F,CLASSIFICATION_CONFLICT,487,592,record_family|source_section|asset_class|strategy|period_start|metric_name|evidence_quote,MERGE,"subject_type classifies what subject_name names: a named vehicle ('... , L.P.', an SMA, an LLC) is fund; a total or subtotal line is the owner's aggregate, so portfolio; an index is benchmark. A whole schedule typed investment means the label was not read. metric_name: rows are entities and columns are periods, so the metric is the measure the table itself names in its printed wording, 'Net Time Weighted Returns' — never the period (which is the horizon) and never a singularised trim of the banner. evidence_quote takes the full printed line over the bare value: the line proves this number, the bare digits prove only that they occur somewhere on the page. Definition backfill: both lanes read the same qualifiers off this cell. Definition backfill: both lanes read the same qualifiers off this cell.",RESOLVED,A+B+ADJUDICATOR,8783ef3e2dc6cf061218360ff1c3db121d172543d661901b2d74131021935dc1
913ad896cd8204364418,SRC457,9,PAIR_B63E51E87842E459638F6721,CLASSIFICATION_CONFLICT,488,593,record_family|source_section|asset_class|strategy|period_start|metric_name|evidence_quote,MERGE,"subject_type classifies what subject_name names: a named vehicle ('... , L.P.', an SMA, an LLC) is fund; a total or subtotal line is the owner's aggregate, so portfolio; an index is benchmark. A whole schedule typed investment means the label was not read. metric_name: rows are entities and columns are periods, so the metric is the measure the table itself names in its printed wording, 'Net Time Weighted Returns' — never the period (which is the horizon) and never a singularised trim of the banner. evidence_quote takes the full printed line over the bare value: the line proves this number, the bare digits prove only that they occur somewhere on the page. Definition backfill: both lanes read the same qualifiers off this cell. Definition backfill: both lanes read the same qualifiers off this cell.",RESOLVED,A+B+ADJUDICATOR,8783ef3e2dc6cf061218360ff1c3db121d172543d661901b2d74131021935dc1
896d7940dbbf63ef3084,SRC457,9,PAIR_DAB5168D42BE3E20A024021E,B_ONLY,,594,,MERGE,"subject_type classifies what subject_name names: a named vehicle ('... , L.P.', an SMA, an LLC) is fund; a total or subtotal line is the owner's aggregate, so portfolio; an index is benchmark. A whole schedule typed investment means the label was not read. evidence_quote takes the full printed line over the bare value: the line proves this number, the bare digits prove only that they occur somewhere on the page.",RESOLVED,B+ADJUDICATOR,8783ef3e2dc6cf061218360ff1c3db121d172543d661901b2d74131021935dc1
d7bb110457c97dbd64cd,SRC457,9,PAIR_2C79D997A8E05CF4BBA64F40,CLASSIFICATION_CONFLICT,489,595,record_family|source_section|asset_class|strategy|period_start|unit|evidence_quote,MERGE,"subject_type classifies what subject_name names: a named vehicle ('... , L.P.', an SMA, an LLC) is fund; a total or subtotal line is the owner's aggregate, so portfolio; an index is benchmark. A whole schedule typed investment means the label was not read. evidence_quote takes the full printed line over the bare value: the line proves this number, the bare digits prove only that they occur somewhere on the page. Definition backfill: both lanes read the same qualifiers off this cell. Definition backfill: both lanes read the same qualifiers off this cell.",RESOLVED,A+B+ADJUDICATOR,8783ef3e2dc6cf061218360ff1c3db121d172543d661901b2d74131021935dc1
321748d5b78860ce500c,SRC457,9,PAIR_589750D1CBD0C33C2E45F2A2,CLASSIFICATION_CONFLICT,490,596,record_family|source_section|source_column_label|asset_class|strategy|period_start|currency_scale|metric_category|evidence_quote,MERGE,"subject_type classifies what subject_name names: a named vehicle ('... , L.P.', an SMA, an LLC) is fund; a total or subtotal line is the owner's aggregate, so portfolio; an index is benchmark. A whole schedule typed investment means the label was not read. evidence_quote takes the full printed line over the bare value: the line proves this number, the bare digits prove only that they occur somewhere on the page. Definition backfill: both lanes read the same qualifiers off this cell. Definition backfill: both lanes read the same qualifiers off this cell.",RESOLVED,A+B+ADJUDICATOR,8783ef3e2dc6cf061218360ff1c3db121d172543d661901b2d74131021935dc1
05b120559de4b5320764,SRC457,9,PAIR_F35964E4E98D069C07F004A8,B_ONLY,,597,,MERGE,"subject_type classifies what subject_name names: a named vehicle ('... , L.P.', an SMA, an LLC) is fund; a total or subtotal line is the owner's aggregate, so portfolio; an index is benchmark. A whole schedule typed investment means the label was not read. PIC is paid_in_capital, never moic: the disambiguation table names the printed label PIC explicitly. The page prints it under a Multiples banner, which is why one lane typed it a multiple. evidence_quote takes the full printed line over the bare value: the line proves this number, the bare digits prove only that they occur somewhere on the page. Definition backfill: both lanes read the same qualifiers off this cell. Definition backfill: both lanes read the same qualifiers off this cell.; the PIC column sits in the multiples block beside TVPI, RVPI, and DPI and its footnote states that PIC multiples may exceed 1.00 due to recycling, so the printed value is a multiple of commitment rather than an amount",RESOLVED,B+ADJUDICATOR,8783ef3e2dc6cf061218360ff1c3db121d172543d661901b2d74131021935dc1
d4cf002a12cc7dccb14d,SRC457,9,PAIR_DA2CC8F73BBE3CCA0C2D40B6,CLASSIFICATION_CONFLICT,491,598,record_family|source_section|asset_class|strategy|period_start|metric_name|evidence_quote,MERGE,"subject_type classifies what subject_name names: a named vehicle ('... , L.P.', an SMA, an LLC) is fund; a total or subtotal line is the owner's aggregate, so portfolio; an index is benchmark. A whole schedule typed investment means the label was not read. metric_name: rows are entities and columns are periods, so the metric is the measure the table itself names in its printed wording, 'Net Time Weighted Returns' — never the period (which is the horizon) and never a singularised trim of the banner. evidence_quote takes the full printed line over the bare value: the line proves this number, the bare digits prove only that they occur somewhere on the page. Definition backfill: both lanes read the same qualifiers off this cell. Definition backfill: both lanes read the same qualifiers off this cell.",RESOLVED,A+B+ADJUDICATOR,8783ef3e2dc6cf061218360ff1c3db121d172543d661901b2d74131021935dc1
0a87b798670e0e33fb46,SRC457,9,PAIR_AA9E897415AD2AD4A46A7D36,CLASSIFICATION_CONFLICT,492,599,record_family|source_section|asset_class|strategy|period_start|unit|evidence_quote,MERGE,"subject_type classifies what subject_name names: a named vehicle ('... , L.P.', an SMA, an LLC) is fund; a total or subtotal line is the owner's aggregate, so portfolio; an index is benchmark. A whole schedule typed investment means the label was not read. evidence_quote takes the full printed line over the bare value: the line proves this number, the bare digits prove only that they occur somewhere on the page. Definition backfill: both lanes read the same qualifiers off this cell. Definition backfill: both lanes read the same qualifiers off this cell.",RESOLVED,A+B+ADJUDICATOR,8783ef3e2dc6cf061218360ff1c3db121d172543d661901b2d74131021935dc1
ef425220d9191dc61356,SRC457,9,PAIR_ADB8352D655819991FE9061D,CLASSIFICATION_CONFLICT,494,600,record_family|source_section|source_column_label|asset_class|strategy|period_start|metric_name|evidence_quote,MERGE,"subject_type classifies what subject_name names: a named vehicle ('... , L.P.', an SMA, an LLC) is fund; a total or subtotal line is the owner's aggregate, so portfolio; an index is benchmark. A whole schedule typed investment means the label was not read. evidence_quote takes the full printed line over the bare value: the line proves this number, the bare digits prove only that they occur somewhere on the page. Definition backfill: both lanes read the same qualifiers off this cell. Definition backfill: both lanes read the same qualifiers off this cell.",RESOLVED,A+B+ADJUDICATOR,8783ef3e2dc6cf061218360ff1c3db121d172543d661901b2d74131021935dc1
e8abc285b64a72576c93,SRC457,9,PAIR_5F8EB86C05BA484C0D941AC3,CLASSIFICATION_CONFLICT,493,601,record_family|source_section|asset_class|strategy|period_start|metric_name|evidence_quote,MERGE,"subject_type classifies what subject_name names: a named vehicle ('... , L.P.', an SMA, an LLC) is fund; a total or subtotal line is the owner's aggregate, so portfolio; an index is benchmark. A whole schedule typed investment means the label was not read. metric_name: rows are entities and columns are periods, so the metric is the measure the table itself names in its printed wording, 'Net Time Weighted Returns' — never the period (which is the horizon) and never a singularised trim of the banner. evidence_quote takes the full printed line over the bare value: the line proves this number, the bare digits prove only that they occur somewhere on the page. Definition backfill: both lanes read the same qualifiers off this cell. Definition backfill: both lanes read the same qualifiers off this cell.",RESOLVED,A+B+ADJUDICATOR,8783ef3e2dc6cf061218360ff1c3db121d172543d661901b2d74131021935dc1
8abb1bc97ec895ab74a2,SRC457,9,PAIR_796D4BF3EB426A3E83E9975E,CLASSIFICATION_CONFLICT,495,602,record_family|source_section|asset_class|strategy|period_start|unit|evidence_quote,MERGE,"subject_type classifies what subject_name names: a named vehicle ('... , L.P.', an SMA, an LLC) is fund; a total or subtotal line is the owner's aggregate, so portfolio; an index is benchmark. A whole schedule typed investment means the label was not read. evidence_quote takes the full printed line over the bare value: the line proves this number, the bare digits prove only that they occur somewhere on the page. Definition backfill: both lanes read the same qualifiers off this cell. Definition backfill: both lanes read the same qualifiers off this cell.",RESOLVED,A+B+ADJUDICATOR,8783ef3e2dc6cf061218360ff1c3db121d172543d661901b2d74131021935dc1
d1c5ece7fad0a2af9003,SRC457,9,PAIR_6065DBD56834815D293F1A93,B_ONLY,,603,,MERGE,"subject_type classifies what subject_name names: a named vehicle ('... , L.P.', an SMA, an LLC) is fund; a total or subtotal line is the owner's aggregate, so portfolio; an index is benchmark. A whole schedule typed investment means the label was not read. evidence_quote takes the full printed line over the bare value: the line proves this number, the bare digits prove only that they occur somewhere on the page.",RESOLVED,B+ADJUDICATOR,8783ef3e2dc6cf061218360ff1c3db121d172543d661901b2d74131021935dc1
26175ff7e3b266e3db70,SRC457,9,PAIR_91C514C29827DB0FD4A62308,VALUE_CONFLICT,496,604,record_family|source_section|subject_type|asset_class|strategy|period_start|metric_name|metric_value_raw|evidence_quote,MERGE,"metric_name: rows are entities and columns are periods, so the metric is the measure the table itself names in its printed wording, 'Net Time Weighted Returns' — never the period (which is the horizon) and never a singularised trim of the banner. evidence_quote takes the full printed line over the bare value: the line proves this number, the bare digits prove only that they occur somewhere on the page. Definition backfill: both lanes read the same qualifiers off this cell. Definition backfill: both lanes read the same qualifiers off this cell.",RESOLVED,A+B+ADJUDICATOR,8783ef3e2dc6cf061218360ff1c3db121d172543d661901b2d74131021935dc1
4f9b6d166f2645e98ceb,SRC457,9,PAIR_3BA41F6898AD00CC271BFFBA,VALUE_CONFLICT,497,605,record_family|source_section|subject_type|asset_class|strategy|period_start|metric_name|metric_value_raw|evidence_quote,MERGE,"metric_name: rows are entities and columns are periods, so the metric is the measure the table itself names in its printed wording, 'Net Time Weighted Returns' — never the period (which is the horizon) and never a singularised trim of the banner. evidence_quote takes the full printed line over the bare value: the line proves this number, the bare digits prove only that they occur somewhere on the page. Definition backfill: both lanes read the same qualifiers off this cell. Definition backfill: both lanes read the same qualifiers off this cell.",RESOLVED,A+B+ADJUDICATOR,8783ef3e2dc6cf061218360ff1c3db121d172543d661901b2d74131021935dc1
7c911cfde3b2bfc295bc,SRC457,9,PAIR_92FC01DF466B5EBD5BFF2D74,CLASSIFICATION_CONFLICT,498,606,record_family|source_section|subject_type|asset_class|strategy|period_start|metric_name|evidence_quote,MERGE,"metric_name: rows are entities and columns are periods, so the metric is the measure the table itself names in its printed wording, 'Net Time Weighted Returns' — never the period (which is the horizon) and never a singularised trim of the banner. evidence_quote takes the full printed line over the bare value: the line proves this number, the bare digits prove only that they occur somewhere on the page. Definition backfill: both lanes read the same qualifiers off this cell. Definition backfill: both lanes read the same qualifiers off this cell.",RESOLVED,A+B+ADJUDICATOR,8783ef3e2dc6cf061218360ff1c3db121d172543d661901b2d74131021935dc1
52e2199b414ec1c44443,SRC457,9,PAIR_A452ED71F61E7C9184DF0163,CLASSIFICATION_CONFLICT,499,607,record_family|source_section|subject_type|asset_class|strategy|period_start|metric_name|evidence_quote,MERGE,"metric_name: rows are entities and columns are periods, so the metric is the measure the table itself names in its printed wording, 'Net Time Weighted Returns' — never the period (which is the horizon) and never a singularised trim of the banner. evidence_quote takes the full printed line over the bare value: the line proves this number, the bare digits prove only that they occur somewhere on the page. Definition backfill: both lanes read the same qualifiers off this cell. Definition backfill: both lanes read the same qualifiers off this cell.",RESOLVED,A+B+ADJUDICATOR,8783ef3e2dc6cf061218360ff1c3db121d172543d661901b2d74131021935dc1
9b76a613aab54ff0a6a8,SRC457,9,PAIR_508BF9256B0985BC1C3704E8,B_ONLY,,608,,MERGE,"evidence_quote takes the full printed line over the bare value: the line proves this number, the bare digits prove only that they occur somewhere on the page.",RESOLVED,B+ADJUDICATOR,8783ef3e2dc6cf061218360ff1c3db121d172543d661901b2d74131021935dc1
a6606bb7469d72b50365,SRC457,9,PAIR_367B97CC7B38F894D8D83079,CLASSIFICATION_CONFLICT,500,609,record_family|source_section|subject_type|asset_class|strategy|period_start|unit|evidence_quote,MERGE,"evidence_quote takes the full printed line over the bare value: the line proves this number, the bare digits prove only that they occur somewhere on the page. Definition backfill: both lanes read the same qualifiers off this cell. Definition backfill: both lanes read the same qualifiers off this cell.",RESOLVED,A+B+ADJUDICATOR,8783ef3e2dc6cf061218360ff1c3db121d172543d661901b2d74131021935dc1
7d4cb5469fb085164b74,SRC457,9,PAIR_EE31F7EE39DC4ACAFA37E93D,CLASSIFICATION_CONFLICT,501,610,record_family|source_section|source_column_label|subject_type|asset_class|strategy|period_start|currency_scale|metric_category|evidence_quote,MERGE,"evidence_quote takes the full printed line over the bare value: the line proves this number, the bare digits prove only that they occur somewhere on the page. Definition backfill: both lanes read the same qualifiers off this cell. Definition backfill: both lanes read the same qualifiers off this cell.",RESOLVED,A+B+ADJUDICATOR,8783ef3e2dc6cf061218360ff1c3db121d172543d661901b2d74131021935dc1
0bedbe0addc077148d90,SRC457,9,PAIR_4D3327A3E3521D129D95102D,B_ONLY,,611,,MERGE,"PIC is paid_in_capital, never moic: the disambiguation table names the printed label PIC explicitly. The page prints it under a Multiples banner, which is why one lane typed it a multiple. evidence_quote takes the full printed line over the bare value: the line proves this number, the bare digits prove only that they occur somewhere on the page. Definition backfill: both lanes read the same qualifiers off this cell. Definition backfill: both lanes read the same qualifiers off this cell.; the PIC column sits in the multiples block beside TVPI, RVPI, and DPI and its footnote states that PIC multiples may exceed 1.00 due to recycling, so the printed value is a multiple of commitment rather than an amount",RESOLVED,B+ADJUDICATOR,8783ef3e2dc6cf061218360ff1c3db121d172543d661901b2d74131021935dc1
ffd9a22d62816f3d13e3,SRC457,9,PAIR_EA0AEFAA6AE460211962E3EA,VALUE_CONFLICT,502,612,record_family|source_section|subject_type|asset_class|strategy|period_start|metric_name|metric_value_raw|evidence_quote,MERGE,"metric_name: rows are entities and columns are periods, so the metric is the measure the table itself names in its printed wording, 'Net Time Weighted Returns' — never the period (which is the horizon) and never a singularised trim of the banner. evidence_quote takes the full printed line over the bare value: the line proves this number, the bare digits prove only that they occur somewhere on the page. Definition backfill: both lanes read the same qualifiers off this cell. Definition backfill: both lanes read the same qualifiers off this cell.",RESOLVED,A+B+ADJUDICATOR,8783ef3e2dc6cf061218360ff1c3db121d172543d661901b2d74131021935dc1
53643bb184b6e0c19319,SRC457,9,PAIR_791D33196238077FC76969ED,CLASSIFICATION_CONFLICT,503,613,record_family|source_section|subject_type|asset_class|strategy|period_start|unit|evidence_quote,MERGE,"evidence_quote takes the full printed line over the bare value: the line proves this number, the bare digits prove only that they occur somewhere on the page. Definition backfill: both lanes read the same qualifiers off this cell. Definition backfill: both lanes read the same qualifiers off this cell.",RESOLVED,A+B+ADJUDICATOR,8783ef3e2dc6cf061218360ff1c3db121d172543d661901b2d74131021935dc1
cc5b0673dd03b6d3576f,SRC457,9,PAIR_071F6F09F4B72845D26D3486,CLASSIFICATION_CONFLICT,505,614,record_family|source_section|source_column_label|subject_type|asset_class|strategy|period_start|metric_name|evidence_quote,MERGE,"evidence_quote takes the full printed line over the bare value: the line proves this number, the bare digits prove only that they occur somewhere on the page. Definition backfill: both lanes read the same qualifiers off this cell. Definition backfill: both lanes read the same qualifiers off this cell.",RESOLVED,A+B+ADJUDICATOR,8783ef3e2dc6cf061218360ff1c3db121d172543d661901b2d74131021935dc1
5ceab899de48fd0fa359,SRC457,9,PAIR_F5FC7A880A1CA8F654E6672E,CLASSIFICATION_CONFLICT,504,615,record_family|source_section|subject_type|asset_class|strategy|period_start|metric_name|evidence_quote,MERGE,"metric_name: rows are entities and columns are periods, so the metric is the measure the table itself names in its printed wording, 'Net Time Weighted Returns' — never the period (which is the horizon) and never a singularised trim of the banner. evidence_quote takes the full printed line over the bare value: the line proves this number, the bare digits prove only that they occur somewhere on the page. Definition backfill: both lanes read the same qualifiers off this cell. Definition backfill: both lanes read the same qualifiers off this cell.",RESOLVED,A+B+ADJUDICATOR,8783ef3e2dc6cf061218360ff1c3db121d172543d661901b2d74131021935dc1
d86baf15c8ad7882453a,SRC457,9,PAIR_6D206D60754832709E3FC887,CLASSIFICATION_CONFLICT,506,616,record_family|source_section|subject_type|asset_class|strategy|period_start|unit|evidence_quote,MERGE,"evidence_quote takes the full printed line over the bare value: the line proves this number, the bare digits prove only that they occur somewhere on the page. Definition backfill: both lanes read the same qualifiers off this cell. Definition backfill: both lanes read the same qualifiers off this cell.",RESOLVED,A+B+ADJUDICATOR,8783ef3e2dc6cf061218360ff1c3db121d172543d661901b2d74131021935dc1
a307ca13a9e11b1171c9,SRC457,9,PAIR_0E39CEE700EC17B70889BB7F,B_ONLY,,617,,MERGE,"evidence_quote takes the full printed line over the bare value: the line proves this number, the bare digits prove only that they occur somewhere on the page.",RESOLVED,B+ADJUDICATOR,8783ef3e2dc6cf061218360ff1c3db121d172543d661901b2d74131021935dc1
02c89ad2dece588cf781,SRC457,9,PAIR_62B3F0543892D005C7DD3928,CLASSIFICATION_CONFLICT,507,618,record_family|source_section|subject_type|asset_class|strategy|period_start|metric_name|evidence_quote,MERGE,"metric_name: rows are entities and columns are periods, so the metric is the measure the table itself names in its printed wording, 'Net Time Weighted Returns' — never the period (which is the horizon) and never a singularised trim of the banner. evidence_quote takes the full printed line over the bare value: the line proves this number, the bare digits prove only that they occur somewhere on the page. Definition backfill: both lanes read the same qualifiers off this cell. Definition backfill: both lanes read the same qualifiers off this cell.",RESOLVED,A+B+ADJUDICATOR,8783ef3e2dc6cf061218360ff1c3db121d172543d661901b2d74131021935dc1
d4ea0bd17de366e91c2d,SRC457,9,PAIR_9C1485181A1B20C1D6A0AB96,CLASSIFICATION_CONFLICT,508,619,record_family|source_section|subject_type|asset_class|strategy|period_start|metric_name|evidence_quote,MERGE,"metric_name: rows are entities and columns are periods, so the metric is the measure the table itself names in its printed wording, 'Net Time Weighted Returns' — never the period (which is the horizon) and never a singularised trim of the banner. evidence_quote takes the full printed line over the bare value: the line proves this number, the bare digits prove only that they occur somewhere on the page. Definition backfill: both lanes read the same qualifiers off this cell. Definition backfill: both lanes read the same qualifiers off this cell.",RESOLVED,A+B+ADJUDICATOR,8783ef3e2dc6cf061218360ff1c3db121d172543d661901b2d74131021935dc1
639736ab30118984a189,SRC457,9,PAIR_79DE4888B1726AFD65562672,CLASSIFICATION_CONFLICT,509,620,record_family|source_section|subject_type|asset_class|strategy|period_start|metric_name|evidence_quote,MERGE,"metric_name: rows are entities and columns are periods, so the metric is the measure the table itself names in its printed wording, 'Net Time Weighted Returns' — never the period (which is the horizon) and never a singularised trim of the banner. evidence_quote takes the full printed line over the bare value: the line proves this number, the bare digits prove only that they occur somewhere on the page. Definition backfill: both lanes read the same qualifiers off this cell. Definition backfill: both lanes read the same qualifiers off this cell.",RESOLVED,A+B+ADJUDICATOR,8783ef3e2dc6cf061218360ff1c3db121d172543d661901b2d74131021935dc1
92190bea7f957f0936db,SRC457,9,PAIR_BCCA6871D8FE5F43302FDF8A,CLASSIFICATION_CONFLICT,510,621,record_family|source_section|subject_type|asset_class|strategy|period_start|metric_name|evidence_quote,MERGE,"metric_name: rows are entities and columns are periods, so the metric is the measure the table itself names in its printed wording, 'Net Time Weighted Returns' — never the period (which is the horizon) and never a singularised trim of the banner. evidence_quote takes the full printed line over the bare value: the line proves this number, the bare digits prove only that they occur somewhere on the page. Definition backfill: both lanes read the same qualifiers off this cell. Definition backfill: both lanes read the same qualifiers off this cell.",RESOLVED,A+B+ADJUDICATOR,8783ef3e2dc6cf061218360ff1c3db121d172543d661901b2d74131021935dc1
2d81d13d2b640d374f8b,SRC457,9,PAIR_A83576E0795D5045476BF0E3,B_ONLY,,622,,MERGE,"evidence_quote takes the full printed line over the bare value: the line proves this number, the bare digits prove only that they occur somewhere on the page.",RESOLVED,B+ADJUDICATOR,8783ef3e2dc6cf061218360ff1c3db121d172543d661901b2d74131021935dc1
95afa4beaf1822c5c563,SRC457,9,PAIR_36A3753ED70977BDF3EE58B6,CLASSIFICATION_CONFLICT,511,623,record_family|source_section|subject_type|asset_class|strategy|period_start|unit|evidence_quote,MERGE,"evidence_quote takes the full printed line over the bare value: the line proves this number, the bare digits prove only that they occur somewhere on the page. Definition backfill: both lanes read the same qualifiers off this cell. Definition backfill: both lanes read the same qualifiers off this cell.",RESOLVED,A+B+ADJUDICATOR,8783ef3e2dc6cf061218360ff1c3db121d172543d661901b2d74131021935dc1
fb427ed0a4daeec80107,SRC457,9,PAIR_BE918946A3D1D4A6894F0FFE,CLASSIFICATION_CONFLICT,512,624,record_family|source_section|source_column_label|subject_type|asset_class|strategy|period_start|currency_scale|metric_category|evidence_quote,MERGE,"evidence_quote takes the full printed line over the bare value: the line proves this number, the bare digits prove only that they occur somewhere on the page. Definition backfill: both lanes read the same qualifiers off this cell. Definition backfill: both lanes read the same qualifiers off this cell.",RESOLVED,A+B+ADJUDICATOR,8783ef3e2dc6cf061218360ff1c3db121d172543d661901b2d74131021935dc1
21098df0f3ea5b9bb308,SRC457,9,PAIR_0F232C1FD4786FEC5FBFB2A4,B_ONLY,,625,,MERGE,"PIC is paid_in_capital, never moic: the disambiguation table names the printed label PIC explicitly. The page prints it under a Multiples banner, which is why one lane typed it a multiple. evidence_quote takes the full printed line over the bare value: the line proves this number, the bare digits prove only that they occur somewhere on the page. Definition backfill: both lanes read the same qualifiers off this cell. Definition backfill: both lanes read the same qualifiers off this cell.; the PIC column sits in the multiples block beside TVPI, RVPI, and DPI and its footnote states that PIC multiples may exceed 1.00 due to recycling, so the printed value is a multiple of commitment rather than an amount",RESOLVED,B+ADJUDICATOR,8783ef3e2dc6cf061218360ff1c3db121d172543d661901b2d74131021935dc1
dfd0908f22ebce576b6a,SRC457,9,PAIR_BB83424F30361F1D6595E522,CLASSIFICATION_CONFLICT,513,626,record_family|source_section|subject_type|asset_class|strategy|period_start|metric_name|evidence_quote,MERGE,"metric_name: rows are entities and columns are periods, so the metric is the measure the table itself names in its printed wording, 'Net Time Weighted Returns' — never the period (which is the horizon) and never a singularised trim of the banner. evidence_quote takes the full printed line over the bare value: the line proves this number, the bare digits prove only that they occur somewhere on the page. Definition backfill: both lanes read the same qualifiers off this cell. Definition backfill: both lanes read the same qualifiers off this cell.",RESOLVED,A+B+ADJUDICATOR,8783ef3e2dc6cf061218360ff1c3db121d172543d661901b2d74131021935dc1
1e76fb89113c17129184,SRC457,9,PAIR_2554F5BBA303E03C8AEEBB1A,CLASSIFICATION_CONFLICT,514,627,record_family|source_section|subject_type|asset_class|strategy|period_start|unit|evidence_quote,MERGE,"evidence_quote takes the full printed line over the bare value: the line proves this number, the bare digits prove only that they occur somewhere on the page. Definition backfill: both lanes read the same qualifiers off this cell. Definition backfill: both lanes read the same qualifiers off this cell.",RESOLVED,A+B+ADJUDICATOR,8783ef3e2dc6cf061218360ff1c3db121d172543d661901b2d74131021935dc1
00241d135dd25ed43ad4,SRC457,9,PAIR_F359B7A3B985FF62B7D963E5,CLASSIFICATION_CONFLICT,516,628,record_family|source_section|source_column_label|subject_type|asset_class|strategy|period_start|metric_name|evidence_quote,MERGE,"evidence_quote takes the full printed line over the bare value: the line proves this number, the bare digits prove only that they occur somewhere on the page. Definition backfill: both lanes read the same qualifiers off this cell. Definition backfill: both lanes read the same qualifiers off this cell.",RESOLVED,A+B+ADJUDICATOR,8783ef3e2dc6cf061218360ff1c3db121d172543d661901b2d74131021935dc1
80bce59aa7fa275bdf71,SRC457,9,PAIR_5A8153BBA7E559A21EB6BDB5,CLASSIFICATION_CONFLICT,515,629,record_family|source_section|subject_type|asset_class|strategy|period_start|metric_name|evidence_quote,MERGE,"metric_name: rows are entities and columns are periods, so the metric is the measure the table itself names in its printed wording, 'Net Time Weighted Returns' — never the period (which is the horizon) and never a singularised trim of the banner. evidence_quote takes the full printed line over the bare value: the line proves this number, the bare digits prove only that they occur somewhere on the page. Definition backfill: both lanes read the same qualifiers off this cell. Definition backfill: both lanes read the same qualifiers off this cell.",RESOLVED,A+B+ADJUDICATOR,8783ef3e2dc6cf061218360ff1c3db121d172543d661901b2d74131021935dc1
deda1ab60eb1357d5cec,SRC457,9,PAIR_A4B6AA21822681C6AF0B3634,CLASSIFICATION_CONFLICT,517,630,record_family|source_section|subject_type|asset_class|strategy|period_start|unit|evidence_quote,MERGE,"evidence_quote takes the full printed line over the bare value: the line proves this number, the bare digits prove only that they occur somewhere on the page. Definition backfill: both lanes read the same qualifiers off this cell. Definition backfill: both lanes read the same qualifiers off this cell.",RESOLVED,A+B+ADJUDICATOR,8783ef3e2dc6cf061218360ff1c3db121d172543d661901b2d74131021935dc1
911d29442f29d9e07328,SRC457,9,PAIR_7A71FFDF5E44DBB404C0F99B,B_ONLY,,631,,MERGE,"evidence_quote takes the full printed line over the bare value: the line proves this number, the bare digits prove only that they occur somewhere on the page.",RESOLVED,B+ADJUDICATOR,8783ef3e2dc6cf061218360ff1c3db121d172543d661901b2d74131021935dc1
23722c9941078089f892,SRC457,9,PAIR_05CE962D3B1BC5A366C7082E,CLASSIFICATION_CONFLICT,518,632,record_family|source_section|subject_type|asset_class|strategy|period_start|metric_name|evidence_quote,MERGE,"metric_name: rows are entities and columns are periods, so the metric is the measure the table itself names in its printed wording, 'Net Time Weighted Returns' — never the period (which is the horizon) and never a singularised trim of the banner. evidence_quote takes the full printed line over the bare value: the line proves this number, the bare digits prove only that they occur somewhere on the page. Definition backfill: both lanes read the same qualifiers off this cell. Definition backfill: both lanes read the same qualifiers off this cell.",RESOLVED,A+B+ADJUDICATOR,8783ef3e2dc6cf061218360ff1c3db121d172543d661901b2d74131021935dc1
db4f6c7913cb42eba57b,SRC457,9,PAIR_E8C7B526ADFC8BA9D42A0D11,CLASSIFICATION_CONFLICT,519,633,record_family|source_section|subject_type|asset_class|strategy|period_start|metric_name|evidence_quote,MERGE,"metric_name: rows are entities and columns are periods, so the metric is the measure the table itself names in its printed wording, 'Net Time Weighted Returns' — never the period (which is the horizon) and never a singularised trim of the banner. evidence_quote takes the full printed line over the bare value: the line proves this number, the bare digits prove only that they occur somewhere on the page. Definition backfill: both lanes read the same qualifiers off this cell. Definition backfill: both lanes read the same qualifiers off this cell.",RESOLVED,A+B+ADJUDICATOR,8783ef3e2dc6cf061218360ff1c3db121d172543d661901b2d74131021935dc1
3420be878bad1beb9dd4,SRC457,9,PAIR_AFDF578FF8586CD8140C7E40,CLASSIFICATION_CONFLICT,520,634,record_family|source_section|subject_type|asset_class|strategy|period_start|metric_name|evidence_quote,MERGE,"metric_name: rows are entities and columns are periods, so the metric is the measure the table itself names in its printed wording, 'Net Time Weighted Returns' — never the period (which is the horizon) and never a singularised trim of the banner. evidence_quote takes the full printed line over the bare value: the line proves this number, the bare digits prove only that they occur somewhere on the page. Definition backfill: both lanes read the same qualifiers off this cell. Definition backfill: both lanes read the same qualifiers off this cell.",RESOLVED,A+B+ADJUDICATOR,8783ef3e2dc6cf061218360ff1c3db121d172543d661901b2d74131021935dc1
4c1e5628d440f5300368,SRC457,9,PAIR_D8EDDD616A0C3C2E01F9AE37,CLASSIFICATION_CONFLICT,521,635,record_family|source_section|subject_type|asset_class|strategy|period_start|metric_name|evidence_quote,MERGE,"metric_name: rows are entities and columns are periods, so the metric is the measure the table itself names in its printed wording, 'Net Time Weighted Returns' — never the period (which is the horizon) and never a singularised trim of the banner. evidence_quote takes the full printed line over the bare value: the line proves this number, the bare digits prove only that they occur somewhere on the page. Definition backfill: both lanes read the same qualifiers off this cell. Definition backfill: both lanes read the same qualifiers off this cell.",RESOLVED,A+B+ADJUDICATOR,8783ef3e2dc6cf061218360ff1c3db121d172543d661901b2d74131021935dc1
95cbf968121c1a459647,SRC457,9,PAIR_D65858F797693E7167373938,B_ONLY,,636,,MERGE,"evidence_quote takes the full printed line over the bare value: the line proves this number, the bare digits prove only that they occur somewhere on the page.",RESOLVED,B+ADJUDICATOR,8783ef3e2dc6cf061218360ff1c3db121d172543d661901b2d74131021935dc1
913983cf3ca7e37824e8,SRC457,9,PAIR_586E38AC1F7B380750849AEF,CLASSIFICATION_CONFLICT,522,637,record_family|source_section|subject_type|asset_class|strategy|period_start|unit|evidence_quote,MERGE,"evidence_quote takes the full printed line over the bare value: the line proves this number, the bare digits prove only that they occur somewhere on the page. Definition backfill: both lanes read the same qualifiers off this cell. Definition backfill: both lanes read the same qualifiers off this cell.",RESOLVED,A+B+ADJUDICATOR,8783ef3e2dc6cf061218360ff1c3db121d172543d661901b2d74131021935dc1
577b3a32e4665584f833,SRC457,9,PAIR_1D791D422405F45A0B3F2545,CLASSIFICATION_CONFLICT,523,638,record_family|source_section|source_column_label|subject_type|asset_class|strategy|period_start|currency_scale|metric_category|evidence_quote,MERGE,"evidence_quote takes the full printed line over the bare value: the line proves this number, the bare digits prove only that they occur somewhere on the page. Definition backfill: both lanes read the same qualifiers off this cell. Definition backfill: both lanes read the same qualifiers off this cell.",RESOLVED,A+B+ADJUDICATOR,8783ef3e2dc6cf061218360ff1c3db121d172543d661901b2d74131021935dc1
102003fd88ac2c391846,SRC457,9,PAIR_1D419C5DEC887E75955A7E41,B_ONLY,,639,,MERGE,"PIC is paid_in_capital, never moic: the disambiguation table names the printed label PIC explicitly. The page prints it under a Multiples banner, which is why one lane typed it a multiple. evidence_quote takes the full printed line over the bare value: the line proves this number, the bare digits prove only that they occur somewhere on the page. Definition backfill: both lanes read the same qualifiers off this cell. Definition backfill: both lanes read the same qualifiers off this cell.; the PIC column sits in the multiples block beside TVPI, RVPI, and DPI and its footnote states that PIC multiples may exceed 1.00 due to recycling, so the printed value is a multiple of commitment rather than an amount",RESOLVED,B+ADJUDICATOR,8783ef3e2dc6cf061218360ff1c3db121d172543d661901b2d74131021935dc1
e2d5314c4bfb863d75a7,SRC457,9,PAIR_1C175B66AA0E9A017396113B,CLASSIFICATION_CONFLICT,524,640,record_family|source_section|subject_type|asset_class|strategy|period_start|metric_name|evidence_quote,MERGE,"metric_name: rows are entities and columns are periods, so the metric is the measure the table itself names in its printed wording, 'Net Time Weighted Returns' — never the period (which is the horizon) and never a singularised trim of the banner. evidence_quote takes the full printed line over the bare value: the line proves this number, the bare digits prove only that they occur somewhere on the page. Definition backfill: both lanes read the same qualifiers off this cell. Definition backfill: both lanes read the same qualifiers off this cell.",RESOLVED,A+B+ADJUDICATOR,8783ef3e2dc6cf061218360ff1c3db121d172543d661901b2d74131021935dc1
5814a732c7fb5a4cb22b,SRC457,9,PAIR_A41470C5C633752897B6F3A7,CLASSIFICATION_CONFLICT,525,641,record_family|source_section|subject_type|asset_class|strategy|period_start|unit|evidence_quote,MERGE,"evidence_quote takes the full printed line over the bare value: the line proves this number, the bare digits prove only that they occur somewhere on the page. Definition backfill: both lanes read the same qualifiers off this cell. Definition backfill: both lanes read the same qualifiers off this cell.",RESOLVED,A+B+ADJUDICATOR,8783ef3e2dc6cf061218360ff1c3db121d172543d661901b2d74131021935dc1
be2038cddb8509b883c3,SRC457,9,PAIR_EB849D803AF3F12974F775B1,CLASSIFICATION_CONFLICT,527,642,record_family|source_section|source_column_label|subject_type|asset_class|strategy|period_start|metric_name|evidence_quote,MERGE,"evidence_quote takes the full printed line over the bare value: the line proves this number, the bare digits prove only that they occur somewhere on the page. Definition backfill: both lanes read the same qualifiers off this cell. Definition backfill: both lanes read the same qualifiers off this cell.",RESOLVED,A+B+ADJUDICATOR,8783ef3e2dc6cf061218360ff1c3db121d172543d661901b2d74131021935dc1
52c670f911d8844e3f73,SRC457,9,PAIR_1C880FBAC9277BEF2C729FD4,CLASSIFICATION_CONFLICT,526,643,record_family|source_section|subject_type|asset_class|strategy|period_start|metric_name|evidence_quote,MERGE,"metric_name: rows are entities and columns are periods, so the metric is the measure the table itself names in its printed wording, 'Net Time Weighted Returns' — never the period (which is the horizon) and never a singularised trim of the banner. evidence_quote takes the full printed line over the bare value: the line proves this number, the bare digits prove only that they occur somewhere on the page. Definition backfill: both lanes read the same qualifiers off this cell. Definition backfill: both lanes read the same qualifiers off this cell.",RESOLVED,A+B+ADJUDICATOR,8783ef3e2dc6cf061218360ff1c3db121d172543d661901b2d74131021935dc1
2d4347427c896fcc8151,SRC457,9,PAIR_9EE51F2B4E6A405065A4D050,CLASSIFICATION_CONFLICT,528,644,record_family|source_section|subject_type|asset_class|strategy|period_start|unit|evidence_quote,MERGE,"evidence_quote takes the full printed line over the bare value: the line proves this number, the bare digits prove only that they occur somewhere on the page. Definition backfill: both lanes read the same qualifiers off this cell. Definition backfill: both lanes read the same qualifiers off this cell.",RESOLVED,A+B+ADJUDICATOR,8783ef3e2dc6cf061218360ff1c3db121d172543d661901b2d74131021935dc1
0bd124b68db8fdbe7121,SRC457,9,PAIR_EFBB46D8200AD982750782AA,B_ONLY,,645,,MERGE,"evidence_quote takes the full printed line over the bare value: the line proves this number, the bare digits prove only that they occur somewhere on the page.",RESOLVED,B+ADJUDICATOR,8783ef3e2dc6cf061218360ff1c3db121d172543d661901b2d74131021935dc1
e045cdfd6b40ec27bc53,SRC457,9,PAIR_7A569E9CAF59BB7C890627B5,VALUE_CONFLICT,529,646,record_family|source_section|subject_type|asset_class|strategy|period_start|metric_name|metric_value_raw|evidence_quote,MERGE,"metric_name: rows are entities and columns are periods, so the metric is the measure the table itself names in its printed wording, 'Net Time Weighted Returns' — never the period (which is the horizon) and never a singularised trim of the banner. evidence_quote takes the full printed line over the bare value: the line proves this number, the bare digits prove only that they occur somewhere on the page. Definition backfill: both lanes read the same qualifiers off this cell. Definition backfill: both lanes read the same qualifiers off this cell.",RESOLVED,A+B+ADJUDICATOR,8783ef3e2dc6cf061218360ff1c3db121d172543d661901b2d74131021935dc1
b682bfbdf9de413c791e,SRC457,9,PAIR_D8421AFB79734CC7F6B8A931,CLASSIFICATION_CONFLICT,530,647,record_family|source_section|subject_type|asset_class|strategy|period_start|metric_name|evidence_quote,MERGE,"metric_name: rows are entities and columns are periods, so the metric is the measure the table itself names in its printed wording, 'Net Time Weighted Returns' — never the period (which is the horizon) and never a singularised trim of the banner. evidence_quote takes the full printed line over the bare value: the line proves this number, the bare digits prove only that they occur somewhere on the page. Definition backfill: both lanes read the same qualifiers off this cell. Definition backfill: both lanes read the same qualifiers off this cell.",RESOLVED,A+B+ADJUDICATOR,8783ef3e2dc6cf061218360ff1c3db121d172543d661901b2d74131021935dc1
1f2ec1d428dcfe7eb9ce,SRC457,9,PAIR_C4175AF7FE68D555C025ADA7,CLASSIFICATION_CONFLICT,531,648,record_family|source_section|subject_type|asset_class|strategy|period_start|metric_name|evidence_quote,MERGE,"metric_name: rows are entities and columns are periods, so the metric is the measure the table itself names in its printed wording, 'Net Time Weighted Returns' — never the period (which is the horizon) and never a singularised trim of the banner. evidence_quote takes the full printed line over the bare value: the line proves this number, the bare digits prove only that they occur somewhere on the page. Definition backfill: both lanes read the same qualifiers off this cell. Definition backfill: both lanes read the same qualifiers off this cell.",RESOLVED,A+B+ADJUDICATOR,8783ef3e2dc6cf061218360ff1c3db121d172543d661901b2d74131021935dc1
522512b6015bcd0ade53,SRC457,9,PAIR_B9A223C4A2655EFFC534E15E,CLASSIFICATION_CONFLICT,532,649,record_family|source_section|subject_type|asset_class|strategy|period_start|metric_name|evidence_quote,MERGE,"metric_name: rows are entities and columns are periods, so the metric is the measure the table itself names in its printed wording, 'Net Time Weighted Returns' — never the period (which is the horizon) and never a singularised trim of the banner. evidence_quote takes the full printed line over the bare value: the line proves this number, the bare digits prove only that they occur somewhere on the page. Definition backfill: both lanes read the same qualifiers off this cell. Definition backfill: both lanes read the same qualifiers off this cell.",RESOLVED,A+B+ADJUDICATOR,8783ef3e2dc6cf061218360ff1c3db121d172543d661901b2d74131021935dc1
34431bc074f0a501432f,SRC457,9,PAIR_7D109378DB78A4D9E4574846,B_ONLY,,650,,MERGE,"evidence_quote takes the full printed line over the bare value: the line proves this number, the bare digits prove only that they occur somewhere on the page.",RESOLVED,B+ADJUDICATOR,8783ef3e2dc6cf061218360ff1c3db121d172543d661901b2d74131021935dc1
3df4c59f921f796cea69,SRC457,9,PAIR_A3A14A0DB95AF17625B8AD6F,CLASSIFICATION_CONFLICT,533,651,record_family|source_section|subject_type|asset_class|strategy|period_start|unit|evidence_quote,MERGE,"evidence_quote takes the full printed line over the bare value: the line proves this number, the bare digits prove only that they occur somewhere on the page. Definition backfill: both lanes read the same qualifiers off this cell. Definition backfill: both lanes read the same qualifiers off this cell.",RESOLVED,A+B+ADJUDICATOR,8783ef3e2dc6cf061218360ff1c3db121d172543d661901b2d74131021935dc1
d0192a0788f35e138958,SRC457,9,PAIR_27B725D14BAA0C2E25F61356,CLASSIFICATION_CONFLICT,534,652,record_family|source_section|source_column_label|subject_type|asset_class|strategy|period_start|currency_scale|metric_category|evidence_quote,MERGE,"evidence_quote takes the full printed line over the bare value: the line proves this number, the bare digits prove only that they occur somewhere on the page. Definition backfill: both lanes read the same qualifiers off this cell. Definition backfill: both lanes read the same qualifiers off this cell.",RESOLVED,A+B+ADJUDICATOR,8783ef3e2dc6cf061218360ff1c3db121d172543d661901b2d74131021935dc1
10ba8c26d249e0483d5e,SRC457,9,PAIR_98C6A1881785E0B9BF4D2615,B_ONLY,,653,,MERGE,"PIC is paid_in_capital, never moic: the disambiguation table names the printed label PIC explicitly. The page prints it under a Multiples banner, which is why one lane typed it a multiple. evidence_quote takes the full printed line over the bare value: the line proves this number, the bare digits prove only that they occur somewhere on the page. Definition backfill: both lanes read the same qualifiers off this cell. Definition backfill: both lanes read the same qualifiers off this cell.; the PIC column sits in the multiples block beside TVPI, RVPI, and DPI and its footnote states that PIC multiples may exceed 1.00 due to recycling, so the printed value is a multiple of commitment rather than an amount",RESOLVED,B+ADJUDICATOR,8783ef3e2dc6cf061218360ff1c3db121d172543d661901b2d74131021935dc1
9211430bb0daeddb9bdc,SRC457,9,PAIR_2ABFFF912E21AE48D7151657,CLASSIFICATION_CONFLICT,535,654,record_family|source_section|subject_type|asset_class|strategy|period_start|metric_name|evidence_quote,MERGE,"metric_name: rows are entities and columns are periods, so the metric is the measure the table itself names in its printed wording, 'Net Time Weighted Returns' — never the period (which is the horizon) and never a singularised trim of the banner. evidence_quote takes the full printed line over the bare value: the line proves this number, the bare digits prove only that they occur somewhere on the page. Definition backfill: both lanes read the same qualifiers off this cell. Definition backfill: both lanes read the same qualifiers off this cell.",RESOLVED,A+B+ADJUDICATOR,8783ef3e2dc6cf061218360ff1c3db121d172543d661901b2d74131021935dc1
5a2dcd84abffb544b2fe,SRC457,9,PAIR_E3A951E28595DC942FB6EA98,CLASSIFICATION_CONFLICT,536,655,record_family|source_section|subject_type|asset_class|strategy|period_start|unit|evidence_quote,MERGE,"evidence_quote takes the full printed line over the bare value: the line proves this number, the bare digits prove only that they occur somewhere on the page. Definition backfill: both lanes read the same qualifiers off this cell. Definition backfill: both lanes read the same qualifiers off this cell.",RESOLVED,A+B+ADJUDICATOR,8783ef3e2dc6cf061218360ff1c3db121d172543d661901b2d74131021935dc1
6f675733dc2667f6aeac,SRC457,9,PAIR_CBCF14E1FCFE07F86A13A7D8,CLASSIFICATION_CONFLICT,538,656,record_family|source_section|source_column_label|subject_type|asset_class|strategy|period_start|metric_name|evidence_quote,MERGE,"evidence_quote takes the full printed line over the bare value: the line proves this number, the bare digits prove only that they occur somewhere on the page. Definition backfill: both lanes read the same qualifiers off this cell. Definition backfill: both lanes read the same qualifiers off this cell.",RESOLVED,A+B+ADJUDICATOR,8783ef3e2dc6cf061218360ff1c3db121d172543d661901b2d74131021935dc1
113893e183314b6e6284,SRC457,9,PAIR_66CB2211939AC366F139EFFE,CLASSIFICATION_CONFLICT,537,657,record_family|source_section|subject_type|asset_class|strategy|period_start|metric_name|evidence_quote,MERGE,"metric_name: rows are entities and columns are periods, so the metric is the measure the table itself names in its printed wording, 'Net Time Weighted Returns' — never the period (which is the horizon) and never a singularised trim of the banner. evidence_quote takes the full printed line over the bare value: the line proves this number, the bare digits prove only that they occur somewhere on the page. Definition backfill: both lanes read the same qualifiers off this cell. Definition backfill: both lanes read the same qualifiers off this cell.",RESOLVED,A+B+ADJUDICATOR,8783ef3e2dc6cf061218360ff1c3db121d172543d661901b2d74131021935dc1
7848d15e1f6058cf07fe,SRC457,9,PAIR_DBEB0276B88160F319104393,CLASSIFICATION_CONFLICT,539,658,record_family|source_section|subject_type|asset_class|strategy|period_start|unit|evidence_quote,MERGE,"evidence_quote takes the full printed line over the bare value: the line proves this number, the bare digits prove only that they occur somewhere on the page. Definition backfill: both lanes read the same qualifiers off this cell. Definition backfill: both lanes read the same qualifiers off this cell.",RESOLVED,A+B+ADJUDICATOR,8783ef3e2dc6cf061218360ff1c3db121d172543d661901b2d74131021935dc1
be23abd31b94631a4e6c,SRC457,9,PAIR_676254B5B45C2B1E6ACF8047,B_ONLY,,659,,MERGE,"evidence_quote takes the full printed line over the bare value: the line proves this number, the bare digits prove only that they occur somewhere on the page.",RESOLVED,B+ADJUDICATOR,8783ef3e2dc6cf061218360ff1c3db121d172543d661901b2d74131021935dc1
05fe39b5918e4f540cbd,SRC457,9,PAIR_DF023BD54A19AF9F550F9755,VALUE_CONFLICT,540,660,record_family|source_section|asset_class|strategy|period_start|metric_name|metric_value_raw|evidence_quote,MERGE,"subject_type classifies what subject_name names: a named vehicle ('... , L.P.', an SMA, an LLC) is fund; a total or subtotal line is the owner's aggregate, so portfolio; an index is benchmark. A whole schedule typed investment means the label was not read. metric_name: rows are entities and columns are periods, so the metric is the measure the table itself names in its printed wording, 'Net Time Weighted Returns' — never the period (which is the horizon) and never a singularised trim of the banner. evidence_quote takes the full printed line over the bare value: the line proves this number, the bare digits prove only that they occur somewhere on the page. Definition backfill: both lanes read the same qualifiers off this cell. Definition backfill: both lanes read the same qualifiers off this cell.",RESOLVED,A+B+ADJUDICATOR,8783ef3e2dc6cf061218360ff1c3db121d172543d661901b2d74131021935dc1
39e429360d542fe5cc19,SRC457,9,PAIR_C36BC4E7A60F95F1E735953D,B_ONLY,,661,,MERGE,"subject_type classifies what subject_name names: a named vehicle ('... , L.P.', an SMA, an LLC) is fund; a total or subtotal line is the owner's aggregate, so portfolio; an index is benchmark. A whole schedule typed investment means the label was not read. evidence_quote takes the full printed line over the bare value: the line proves this number, the bare digits prove only that they occur somewhere on the page.",RESOLVED,B+ADJUDICATOR,8783ef3e2dc6cf061218360ff1c3db121d172543d661901b2d74131021935dc1
081de49f2e764f7564d2,SRC457,9,PAIR_0E4BE29134A44E64636F7210,CLASSIFICATION_CONFLICT,541,662,record_family|source_section|asset_class|strategy|period_start|unit|evidence_quote,MERGE,"subject_type classifies what subject_name names: a named vehicle ('... , L.P.', an SMA, an LLC) is fund; a total or subtotal line is the owner's aggregate, so portfolio; an index is benchmark. A whole schedule typed investment means the label was not read. evidence_quote takes the full printed line over the bare value: the line proves this number, the bare digits prove only that they occur somewhere on the page. Definition backfill: both lanes read the same qualifiers off this cell. Definition backfill: both lanes read the same qualifiers off this cell.",RESOLVED,A+B+ADJUDICATOR,8783ef3e2dc6cf061218360ff1c3db121d172543d661901b2d74131021935dc1
cfd67bc8603c5d84ef71,SRC457,9,PAIR_1FA6C6F7D052A18DEF39F027,CLASSIFICATION_CONFLICT,542,663,record_family|source_section|source_column_label|asset_class|strategy|period_start|currency_scale|metric_category|evidence_quote,MERGE,"subject_type classifies what subject_name names: a named vehicle ('... , L.P.', an SMA, an LLC) is fund; a total or subtotal line is the owner's aggregate, so portfolio; an index is benchmark. A whole schedule typed investment means the label was not read. evidence_quote takes the full printed line over the bare value: the line proves this number, the bare digits prove only that they occur somewhere on the page. Definition backfill: both lanes read the same qualifiers off this cell. Definition backfill: both lanes read the same qualifiers off this cell.",RESOLVED,A+B+ADJUDICATOR,8783ef3e2dc6cf061218360ff1c3db121d172543d661901b2d74131021935dc1
0829edf3244004cb83b1,SRC457,9,PAIR_F55B8C9609C15B8F3B81211D,B_ONLY,,664,,MERGE,"subject_type classifies what subject_name names: a named vehicle ('... , L.P.', an SMA, an LLC) is fund; a total or subtotal line is the owner's aggregate, so portfolio; an index is benchmark. A whole schedule typed investment means the label was not read. PIC is paid_in_capital, never moic: the disambiguation table names the printed label PIC explicitly. The page prints it under a Multiples banner, which is why one lane typed it a multiple. evidence_quote takes the full printed line over the bare value: the line proves this number, the bare digits prove only that they occur somewhere on the page. Definition backfill: both lanes read the same qualifiers off this cell. Definition backfill: both lanes read the same qualifiers off this cell.; the PIC column sits in the multiples block beside TVPI, RVPI, and DPI and its footnote states that PIC multiples may exceed 1.00 due to recycling, so the printed value is a multiple of commitment rather than an amount",RESOLVED,B+ADJUDICATOR,8783ef3e2dc6cf061218360ff1c3db121d172543d661901b2d74131021935dc1
d1726ddd90f5ef1d9f40,SRC457,9,PAIR_566077E7A767CCBF6F027A73,VALUE_CONFLICT,543,665,record_family|source_section|asset_class|strategy|period_start|metric_name|metric_value_raw|evidence_quote,MERGE,"subject_type classifies what subject_name names: a named vehicle ('... , L.P.', an SMA, an LLC) is fund; a total or subtotal line is the owner's aggregate, so portfolio; an index is benchmark. A whole schedule typed investment means the label was not read. metric_name: rows are entities and columns are periods, so the metric is the measure the table itself names in its printed wording, 'Net Time Weighted Returns' — never the period (which is the horizon) and never a singularised trim of the banner. evidence_quote takes the full printed line over the bare value: the line proves this number, the bare digits prove only that they occur somewhere on the page. Definition backfill: both lanes read the same qualifiers off this cell. Definition backfill: both lanes read the same qualifiers off this cell.",RESOLVED,A+B+ADJUDICATOR,8783ef3e2dc6cf061218360ff1c3db121d172543d661901b2d74131021935dc1
980f9e42e3f75882a178,SRC457,9,PAIR_655D6BE87E5C4E04667BAA7B,CLASSIFICATION_CONFLICT,544,666,record_family|source_section|asset_class|strategy|period_start|unit|evidence_quote,MERGE,"subject_type classifies what subject_name names: a named vehicle ('... , L.P.', an SMA, an LLC) is fund; a total or subtotal line is the owner's aggregate, so portfolio; an index is benchmark. A whole schedule typed investment means the label was not read. evidence_quote takes the full printed line over the bare value: the line proves this number, the bare digits prove only that they occur somewhere on the page. Definition backfill: both lanes read the same qualifiers off this cell. Definition backfill: both lanes read the same qualifiers off this cell.",RESOLVED,A+B+ADJUDICATOR,8783ef3e2dc6cf061218360ff1c3db121d172543d661901b2d74131021935dc1
18633e58de3c298c068a,SRC457,9,PAIR_8A483A7AAFECCAC23DFBA255,VALUE_CONFLICT,545,667,record_family|source_section|asset_class|strategy|period_start|metric_name|metric_value_raw|evidence_quote,MERGE,"subject_type classifies what subject_name names: a named vehicle ('... , L.P.', an SMA, an LLC) is fund; a total or subtotal line is the owner's aggregate, so portfolio; an index is benchmark. A whole schedule typed investment means the label was not read. metric_name: rows are entities and columns are periods, so the metric is the measure the table itself names in its printed wording, 'Net Time Weighted Returns' — never the period (which is the horizon) and never a singularised trim of the banner. evidence_quote takes the full printed line over the bare value: the line proves this number, the bare digits prove only that they occur somewhere on the page. Definition backfill: both lanes read the same qualifiers off this cell. Definition backfill: both lanes read the same qualifiers off this cell.",RESOLVED,A+B+ADJUDICATOR,8783ef3e2dc6cf061218360ff1c3db121d172543d661901b2d74131021935dc1
bc5ac8c2820d6fdaf292,SRC457,9,PAIR_23631A10D89B53C5C07F093B,CLASSIFICATION_CONFLICT,546,668,record_family|source_section|asset_class|strategy|period_start|unit|evidence_quote,MERGE,"subject_type classifies what subject_name names: a named vehicle ('... , L.P.', an SMA, an LLC) is fund; a total or subtotal line is the owner's aggregate, so portfolio; an index is benchmark. A whole schedule typed investment means the label was not read. evidence_quote takes the full printed line over the bare value: the line proves this number, the bare digits prove only that they occur somewhere on the page. Definition backfill: both lanes read the same qualifiers off this cell. Definition backfill: both lanes read the same qualifiers off this cell.",RESOLVED,A+B+ADJUDICATOR,8783ef3e2dc6cf061218360ff1c3db121d172543d661901b2d74131021935dc1
286e065db11e6b337bf3,SRC457,9,PAIR_2DC22AC296371CC5445AB885,B_ONLY,,669,,MERGE,"subject_type classifies what subject_name names: a named vehicle ('... , L.P.', an SMA, an LLC) is fund; a total or subtotal line is the owner's aggregate, so portfolio; an index is benchmark. A whole schedule typed investment means the label was not read. evidence_quote takes the full printed line over the bare value: the line proves this number, the bare digits prove only that they occur somewhere on the page.",RESOLVED,B+ADJUDICATOR,8783ef3e2dc6cf061218360ff1c3db121d172543d661901b2d74131021935dc1
0faf5950a3b4fb41b651,SRC457,9,PAIR_F2D3731924DD6E6FEB621764,CLASSIFICATION_CONFLICT,547,670,record_family|source_section|asset_class|strategy|period_start|metric_name|evidence_quote,MERGE,"subject_type classifies what subject_name names: a named vehicle ('... , L.P.', an SMA, an LLC) is fund; a total or subtotal line is the owner's aggregate, so portfolio; an index is benchmark. A whole schedule typed investment means the label was not read. metric_name: rows are entities and columns are periods, so the metric is the measure the table itself names in its printed wording, 'Net Time Weighted Returns' — never the period (which is the horizon) and never a singularised trim of the banner. evidence_quote takes the full printed line over the bare value: the line proves this number, the bare digits prove only that they occur somewhere on the page. Definition backfill: both lanes read the same qualifiers off this cell. Definition backfill: both lanes read the same qualifiers off this cell.",RESOLVED,A+B+ADJUDICATOR,8783ef3e2dc6cf061218360ff1c3db121d172543d661901b2d74131021935dc1
bcc498c71771796c9513,SRC457,9,PAIR_5EB5630372B0B171E8B91FE7,CLASSIFICATION_CONFLICT,548,671,record_family|source_section|asset_class|strategy|period_start|metric_name|evidence_quote,MERGE,"subject_type classifies what subject_name names: a named vehicle ('... , L.P.', an SMA, an LLC) is fund; a total or subtotal line is the owner's aggregate, so portfolio; an index is benchmark. A whole schedule typed investment means the label was not read. metric_name: rows are entities and columns are periods, so the metric is the measure the table itself names in its printed wording, 'Net Time Weighted Returns' — never the period (which is the horizon) and never a singularised trim of the banner. evidence_quote takes the full printed line over the bare value: the line proves this number, the bare digits prove only that they occur somewhere on the page. Definition backfill: both lanes read the same qualifiers off this cell. Definition backfill: both lanes read the same qualifiers off this cell.",RESOLVED,A+B+ADJUDICATOR,8783ef3e2dc6cf061218360ff1c3db121d172543d661901b2d74131021935dc1
6d8e16e52db080e8395c,SRC457,9,PAIR_8CDBCFC34DAC50571EA2BA9E,B_ONLY,,672,,MERGE,"subject_type classifies what subject_name names: a named vehicle ('... , L.P.', an SMA, an LLC) is fund; a total or subtotal line is the owner's aggregate, so portfolio; an index is benchmark. A whole schedule typed investment means the label was not read. evidence_quote takes the full printed line over the bare value: the line proves this number, the bare digits prove only that they occur somewhere on the page.",RESOLVED,B+ADJUDICATOR,8783ef3e2dc6cf061218360ff1c3db121d172543d661901b2d74131021935dc1
0394eaef7b0d6e3882f9,SRC457,9,PAIR_5F4457F0F7D39CF1B6FB569A,CLASSIFICATION_CONFLICT,549,673,record_family|source_section|asset_class|strategy|period_start|unit|evidence_quote,MERGE,"subject_type classifies what subject_name names: a named vehicle ('... , L.P.', an SMA, an LLC) is fund; a total or subtotal line is the owner's aggregate, so portfolio; an index is benchmark. A whole schedule typed investment means the label was not read. evidence_quote takes the full printed line over the bare value: the line proves this number, the bare digits prove only that they occur somewhere on the page. Definition backfill: both lanes read the same qualifiers off this cell. Definition backfill: both lanes read the same qualifiers off this cell.",RESOLVED,A+B+ADJUDICATOR,8783ef3e2dc6cf061218360ff1c3db121d172543d661901b2d74131021935dc1
bae81b3b45257428a4d6,SRC457,9,PAIR_10853FD53DF69C2FF957141C,CLASSIFICATION_CONFLICT,550,674,record_family|source_section|source_column_label|asset_class|strategy|period_start|currency_scale|metric_category|evidence_quote,MERGE,"subject_type classifies what subject_name names: a named vehicle ('... , L.P.', an SMA, an LLC) is fund; a total or subtotal line is the owner's aggregate, so portfolio; an index is benchmark. A whole schedule typed investment means the label was not read. evidence_quote takes the full printed line over the bare value: the line proves this number, the bare digits prove only that they occur somewhere on the page. Definition backfill: both lanes read the same qualifiers off this cell. Definition backfill: both lanes read the same qualifiers off this cell.",RESOLVED,A+B+ADJUDICATOR,8783ef3e2dc6cf061218360ff1c3db121d172543d661901b2d74131021935dc1
a7affde9d8ce89455202,SRC457,9,PAIR_D7E46FA1DCC59CB4428CDD7C,B_ONLY,,675,,MERGE,"subject_type classifies what subject_name names: a named vehicle ('... , L.P.', an SMA, an LLC) is fund; a total or subtotal line is the owner's aggregate, so portfolio; an index is benchmark. A whole schedule typed investment means the label was not read. PIC is paid_in_capital, never moic: the disambiguation table names the printed label PIC explicitly. The page prints it under a Multiples banner, which is why one lane typed it a multiple. evidence_quote takes the full printed line over the bare value: the line proves this number, the bare digits prove only that they occur somewhere on the page. Definition backfill: both lanes read the same qualifiers off this cell. Definition backfill: both lanes read the same qualifiers off this cell.; the PIC column sits in the multiples block beside TVPI, RVPI, and DPI and its footnote states that PIC multiples may exceed 1.00 due to recycling, so the printed value is a multiple of commitment rather than an amount",RESOLVED,B+ADJUDICATOR,8783ef3e2dc6cf061218360ff1c3db121d172543d661901b2d74131021935dc1
e11e8d6b886e04306c4e,SRC457,9,PAIR_1DF0F14058C7E133B89B769C,VALUE_CONFLICT,551,676,record_family|source_section|asset_class|strategy|period_start|metric_name|metric_value_raw|evidence_quote,MERGE,"subject_type classifies what subject_name names: a named vehicle ('... , L.P.', an SMA, an LLC) is fund; a total or subtotal line is the owner's aggregate, so portfolio; an index is benchmark. A whole schedule typed investment means the label was not read. metric_name: rows are entities and columns are periods, so the metric is the measure the table itself names in its printed wording, 'Net Time Weighted Returns' — never the period (which is the horizon) and never a singularised trim of the banner. evidence_quote takes the full printed line over the bare value: the line proves this number, the bare digits prove only that they occur somewhere on the page. Definition backfill: both lanes read the same qualifiers off this cell. Definition backfill: both lanes read the same qualifiers off this cell.",RESOLVED,A+B+ADJUDICATOR,8783ef3e2dc6cf061218360ff1c3db121d172543d661901b2d74131021935dc1
e246fee033315d5f61ad,SRC457,9,PAIR_845F4302CB2085B62F08E516,CLASSIFICATION_CONFLICT,552,677,record_family|source_section|asset_class|strategy|period_start|unit|evidence_quote,MERGE,"subject_type classifies what subject_name names: a named vehicle ('... , L.P.', an SMA, an LLC) is fund; a total or subtotal line is the owner's aggregate, so portfolio; an index is benchmark. A whole schedule typed investment means the label was not read. evidence_quote takes the full printed line over the bare value: the line proves this number, the bare digits prove only that they occur somewhere on the page. Definition backfill: both lanes read the same qualifiers off this cell. Definition backfill: both lanes read the same qualifiers off this cell.",RESOLVED,A+B+ADJUDICATOR,8783ef3e2dc6cf061218360ff1c3db121d172543d661901b2d74131021935dc1
dc77637a81ed22ad0bf0,SRC457,9,PAIR_A948B981B7A31423328AC688,CLASSIFICATION_CONFLICT,554,678,record_family|source_section|source_column_label|asset_class|strategy|period_start|metric_name|evidence_quote,MERGE,"subject_type classifies what subject_name names: a named vehicle ('... , L.P.', an SMA, an LLC) is fund; a total or subtotal line is the owner's aggregate, so portfolio; an index is benchmark. A whole schedule typed investment means the label was not read. evidence_quote takes the full printed line over the bare value: the line proves this number, the bare digits prove only that they occur somewhere on the page. Definition backfill: both lanes read the same qualifiers off this cell. Definition backfill: both lanes read the same qualifiers off this cell.",RESOLVED,A+B+ADJUDICATOR,8783ef3e2dc6cf061218360ff1c3db121d172543d661901b2d74131021935dc1
c80cdaf662045845181c,SRC457,9,PAIR_E3AA7016CA4B3F1E17F82D25,VALUE_CONFLICT,553,679,record_family|source_section|asset_class|strategy|period_start|metric_name|metric_value_raw|evidence_quote,MERGE,"subject_type classifies what subject_name names: a named vehicle ('... , L.P.', an SMA, an LLC) is fund; a total or subtotal line is the owner's aggregate, so portfolio; an index is benchmark. A whole schedule typed investment means the label was not read. metric_name: rows are entities and columns are periods, so the metric is the measure the table itself names in its printed wording, 'Net Time Weighted Returns' — never the period (which is the horizon) and never a singularised trim of the banner. evidence_quote takes the full printed line over the bare value: the line proves this number, the bare digits prove only that they occur somewhere on the page. Definition backfill: both lanes read the same qualifiers off this cell. Definition backfill: both lanes read the same qualifiers off this cell.",RESOLVED,A+B+ADJUDICATOR,8783ef3e2dc6cf061218360ff1c3db121d172543d661901b2d74131021935dc1
d88522f8e641e2f91b81,SRC457,9,PAIR_B3DB7EF800E2468FEF020375,CLASSIFICATION_CONFLICT,555,680,record_family|source_section|asset_class|strategy|period_start|unit|evidence_quote,MERGE,"subject_type classifies what subject_name names: a named vehicle ('... , L.P.', an SMA, an LLC) is fund; a total or subtotal line is the owner's aggregate, so portfolio; an index is benchmark. A whole schedule typed investment means the label was not read. evidence_quote takes the full printed line over the bare value: the line proves this number, the bare digits prove only that they occur somewhere on the page. Definition backfill: both lanes read the same qualifiers off this cell. Definition backfill: both lanes read the same qualifiers off this cell.",RESOLVED,A+B+ADJUDICATOR,8783ef3e2dc6cf061218360ff1c3db121d172543d661901b2d74131021935dc1
e5d0e1c853e62f42346e,SRC457,9,PAIR_A999E89BB56663DD69A66A20,B_ONLY,,681,,MERGE,"subject_type classifies what subject_name names: a named vehicle ('... , L.P.', an SMA, an LLC) is fund; a total or subtotal line is the owner's aggregate, so portfolio; an index is benchmark. A whole schedule typed investment means the label was not read. evidence_quote takes the full printed line over the bare value: the line proves this number, the bare digits prove only that they occur somewhere on the page.",RESOLVED,B+ADJUDICATOR,8783ef3e2dc6cf061218360ff1c3db121d172543d661901b2d74131021935dc1
16aaaf4a1b97116dcb32,SRC457,9,PAIR_75302BB40FC2692673BB7382,VALUE_CONFLICT,556,682,record_family|source_section|asset_class|strategy|period_start|metric_name|metric_value_raw|evidence_quote,MERGE,"subject_type classifies what subject_name names: a named vehicle ('... , L.P.', an SMA, an LLC) is fund; a total or subtotal line is the owner's aggregate, so portfolio; an index is benchmark. A whole schedule typed investment means the label was not read. metric_name: rows are entities and columns are periods, so the metric is the measure the table itself names in its printed wording, 'Net Time Weighted Returns' — never the period (which is the horizon) and never a singularised trim of the banner. evidence_quote takes the full printed line over the bare value: the line proves this number, the bare digits prove only that they occur somewhere on the page. Definition backfill: both lanes read the same qualifiers off this cell. Definition backfill: both lanes read the same qualifiers off this cell.",RESOLVED,A+B+ADJUDICATOR,8783ef3e2dc6cf061218360ff1c3db121d172543d661901b2d74131021935dc1
a9e7487267d406c8c19b,SRC457,9,PAIR_D2A77D8EFBC34D1A972FAA58,B_ONLY,,683,,MERGE,"subject_type classifies what subject_name names: a named vehicle ('... , L.P.', an SMA, an LLC) is fund; a total or subtotal line is the owner's aggregate, so portfolio; an index is benchmark. A whole schedule typed investment means the label was not read. evidence_quote takes the full printed line over the bare value: the line proves this number, the bare digits prove only that they occur somewhere on the page.",RESOLVED,B+ADJUDICATOR,8783ef3e2dc6cf061218360ff1c3db121d172543d661901b2d74131021935dc1
1e3b3fd2c5f1773526cf,SRC457,9,PAIR_F621527D06BE857BAFDBD575,CLASSIFICATION_CONFLICT,557,684,record_family|source_section|source_column_label|asset_class|strategy|period_start|currency_scale|metric_category|evidence_quote,MERGE,"subject_type classifies what subject_name names: a named vehicle ('... , L.P.', an SMA, an LLC) is fund; a total or subtotal line is the owner's aggregate, so portfolio; an index is benchmark. A whole schedule typed investment means the label was not read. evidence_quote takes the full printed line over the bare value: the line proves this number, the bare digits prove only that they occur somewhere on the page. Definition backfill: both lanes read the same qualifiers off this cell. Definition backfill: both lanes read the same qualifiers off this cell.",RESOLVED,A+B+ADJUDICATOR,8783ef3e2dc6cf061218360ff1c3db121d172543d661901b2d74131021935dc1
4d2872b961747cabc033,SRC457,9,PAIR_EDDBCBBECFCF37DE7852C93C,B_ONLY,,685,,MERGE,"subject_type classifies what subject_name names: a named vehicle ('... , L.P.', an SMA, an LLC) is fund; a total or subtotal line is the owner's aggregate, so portfolio; an index is benchmark. A whole schedule typed investment means the label was not read. PIC is paid_in_capital, never moic: the disambiguation table names the printed label PIC explicitly. The page prints it under a Multiples banner, which is why one lane typed it a multiple. evidence_quote takes the full printed line over the bare value: the line proves this number, the bare digits prove only that they occur somewhere on the page. Definition backfill: both lanes read the same qualifiers off this cell. Definition backfill: both lanes read the same qualifiers off this cell.; the PIC column sits in the multiples block beside TVPI, RVPI, and DPI and its footnote states that PIC multiples may exceed 1.00 due to recycling, so the printed value is a multiple of commitment rather than an amount",RESOLVED,B+ADJUDICATOR,8783ef3e2dc6cf061218360ff1c3db121d172543d661901b2d74131021935dc1
ae6e7e936e217da91e59,SRC457,9,PAIR_76C86D8A9B887D547F32589B,VALUE_CONFLICT,558,686,record_family|source_section|asset_class|strategy|period_start|metric_name|metric_value_raw|evidence_quote,MERGE,"subject_type classifies what subject_name names: a named vehicle ('... , L.P.', an SMA, an LLC) is fund; a total or subtotal line is the owner's aggregate, so portfolio; an index is benchmark. A whole schedule typed investment means the label was not read. metric_name: rows are entities and columns are periods, so the metric is the measure the table itself names in its printed wording, 'Net Time Weighted Returns' — never the period (which is the horizon) and never a singularised trim of the banner. evidence_quote takes the full printed line over the bare value: the line proves this number, the bare digits prove only that they occur somewhere on the page. Definition backfill: both lanes read the same qualifiers off this cell. Definition backfill: both lanes read the same qualifiers off this cell.",RESOLVED,A+B+ADJUDICATOR,8783ef3e2dc6cf061218360ff1c3db121d172543d661901b2d74131021935dc1
66f7b8555b1866c39de1,SRC457,9,PAIR_7D535F62821BCE4003D79B50,VALUE_CONFLICT,559,687,record_family|source_section|asset_class|strategy|period_start|metric_name|metric_value_raw|evidence_quote,MERGE,"subject_type classifies what subject_name names: a named vehicle ('... , L.P.', an SMA, an LLC) is fund; a total or subtotal line is the owner's aggregate, so portfolio; an index is benchmark. A whole schedule typed investment means the label was not read. metric_name: rows are entities and columns are periods, so the metric is the measure the table itself names in its printed wording, 'Net Time Weighted Returns' — never the period (which is the horizon) and never a singularised trim of the banner. evidence_quote takes the full printed line over the bare value: the line proves this number, the bare digits prove only that they occur somewhere on the page. Definition backfill: both lanes read the same qualifiers off this cell. Definition backfill: both lanes read the same qualifiers off this cell.",RESOLVED,A+B+ADJUDICATOR,8783ef3e2dc6cf061218360ff1c3db121d172543d661901b2d74131021935dc1
14854124558cbee67f29,SRC457,9,PAIR_F0C7F500D865109B93DCDA84,B_ONLY,,688,,MERGE,"subject_type classifies what subject_name names: a named vehicle ('... , L.P.', an SMA, an LLC) is fund; a total or subtotal line is the owner's aggregate, so portfolio; an index is benchmark. A whole schedule typed investment means the label was not read. evidence_quote takes the full printed line over the bare value: the line proves this number, the bare digits prove only that they occur somewhere on the page.",RESOLVED,B+ADJUDICATOR,8783ef3e2dc6cf061218360ff1c3db121d172543d661901b2d74131021935dc1
766596025ef86eb6b34b,SRC457,9,PAIR_CD237CE0A42D28ADA5EA2652,CLASSIFICATION_CONFLICT,560,689,record_family|source_section|asset_class|strategy|period_start|metric_name|evidence_quote,MERGE,"subject_type classifies what subject_name names: a named vehicle ('... , L.P.', an SMA, an LLC) is fund; a total or subtotal line is the owner's aggregate, so portfolio; an index is benchmark. A whole schedule typed investment means the label was not read. metric_name: rows are entities and columns are periods, so the metric is the measure the table itself names in its printed wording, 'Net Time Weighted Returns' — never the period (which is the horizon) and never a singularised trim of the banner. evidence_quote takes the full printed line over the bare value: the line proves this number, the bare digits prove only that they occur somewhere on the page. Definition backfill: both lanes read the same qualifiers off this cell. Definition backfill: both lanes read the same qualifiers off this cell.",RESOLVED,A+B+ADJUDICATOR,8783ef3e2dc6cf061218360ff1c3db121d172543d661901b2d74131021935dc1
e074a30bd910428245ac,SRC457,9,PAIR_E4DBF6543CF9AF682681DE30,VALUE_CONFLICT,561,690,record_family|source_section|asset_class|strategy|period_start|metric_name|metric_value_raw|evidence_quote,MERGE,"subject_type classifies what subject_name names: a named vehicle ('... , L.P.', an SMA, an LLC) is fund; a total or subtotal line is the owner's aggregate, so portfolio; an index is benchmark. A whole schedule typed investment means the label was not read. metric_name: rows are entities and columns are periods, so the metric is the measure the table itself names in its printed wording, 'Net Time Weighted Returns' — never the period (which is the horizon) and never a singularised trim of the banner. evidence_quote takes the full printed line over the bare value: the line proves this number, the bare digits prove only that they occur somewhere on the page. Definition backfill: both lanes read the same qualifiers off this cell. Definition backfill: both lanes read the same qualifiers off this cell.",RESOLVED,A+B+ADJUDICATOR,8783ef3e2dc6cf061218360ff1c3db121d172543d661901b2d74131021935dc1
c08082be68469eec80be,SRC457,9,PAIR_4799630B051B8928ED552C80,VALUE_CONFLICT,562,691,record_family|source_section|asset_class|strategy|period_start|metric_name|metric_value_raw|evidence_quote,MERGE,"subject_type classifies what subject_name names: a named vehicle ('... , L.P.', an SMA, an LLC) is fund; a total or subtotal line is the owner's aggregate, so portfolio; an index is benchmark. A whole schedule typed investment means the label was not read. metric_name: rows are entities and columns are periods, so the metric is the measure the table itself names in its printed wording, 'Net Time Weighted Returns' — never the period (which is the horizon) and never a singularised trim of the banner. evidence_quote takes the full printed line over the bare value: the line proves this number, the bare digits prove only that they occur somewhere on the page. Definition backfill: both lanes read the same qualifiers off this cell. Definition backfill: both lanes read the same qualifiers off this cell.",RESOLVED,A+B+ADJUDICATOR,8783ef3e2dc6cf061218360ff1c3db121d172543d661901b2d74131021935dc1
5bfd373a0b8ff1c3a226,SRC457,9,PAIR_777DA0177D0DCB85977E9A80,B_ONLY,,692,,MERGE,"subject_type classifies what subject_name names: a named vehicle ('... , L.P.', an SMA, an LLC) is fund; a total or subtotal line is the owner's aggregate, so portfolio; an index is benchmark. A whole schedule typed investment means the label was not read. evidence_quote takes the full printed line over the bare value: the line proves this number, the bare digits prove only that they occur somewhere on the page.",RESOLVED,B+ADJUDICATOR,8783ef3e2dc6cf061218360ff1c3db121d172543d661901b2d74131021935dc1
6e47851ce90754b8e777,SRC457,9,PAIR_12F9B6F736D9CA3F73A5A94A,CLASSIFICATION_CONFLICT,563,693,record_family|source_section|asset_class|strategy|period_start|unit|evidence_quote,MERGE,"subject_type classifies what subject_name names: a named vehicle ('... , L.P.', an SMA, an LLC) is fund; a total or subtotal line is the owner's aggregate, so portfolio; an index is benchmark. A whole schedule typed investment means the label was not read. evidence_quote takes the full printed line over the bare value: the line proves this number, the bare digits prove only that they occur somewhere on the page. Definition backfill: both lanes read the same qualifiers off this cell. Definition backfill: both lanes read the same qualifiers off this cell.",RESOLVED,A+B+ADJUDICATOR,8783ef3e2dc6cf061218360ff1c3db121d172543d661901b2d74131021935dc1
5825ad6d147190607d95,SRC457,9,PAIR_7BC8890A58D003C2A965AB7B,CLASSIFICATION_CONFLICT,564,694,record_family|source_section|source_column_label|asset_class|strategy|period_start|currency_scale|metric_category|evidence_quote,MERGE,"subject_type classifies what subject_name names: a named vehicle ('... , L.P.', an SMA, an LLC) is fund; a total or subtotal line is the owner's aggregate, so portfolio; an index is benchmark. A whole schedule typed investment means the label was not read. evidence_quote takes the full printed line over the bare value: the line proves this number, the bare digits prove only that they occur somewhere on the page. Definition backfill: both lanes read the same qualifiers off this cell. Definition backfill: both lanes read the same qualifiers off this cell.",RESOLVED,A+B+ADJUDICATOR,8783ef3e2dc6cf061218360ff1c3db121d172543d661901b2d74131021935dc1
7c7b455a6c6832b93b91,SRC457,9,PAIR_B6A137111777507003BFFA4E,B_ONLY,,695,,MERGE,"subject_type classifies what subject_name names: a named vehicle ('... , L.P.', an SMA, an LLC) is fund; a total or subtotal line is the owner's aggregate, so portfolio; an index is benchmark. A whole schedule typed investment means the label was not read. PIC is paid_in_capital, never moic: the disambiguation table names the printed label PIC explicitly. The page prints it under a Multiples banner, which is why one lane typed it a multiple. evidence_quote takes the full printed line over the bare value: the line proves this number, the bare digits prove only that they occur somewhere on the page. Definition backfill: both lanes read the same qualifiers off this cell. Definition backfill: both lanes read the same qualifiers off this cell.; the PIC column sits in the multiples block beside TVPI, RVPI, and DPI and its footnote states that PIC multiples may exceed 1.00 due to recycling, so the printed value is a multiple of commitment rather than an amount",RESOLVED,B+ADJUDICATOR,8783ef3e2dc6cf061218360ff1c3db121d172543d661901b2d74131021935dc1
26be2d3e16419c70ee16,SRC457,9,PAIR_85723B1902634A1B8DAAA308,CLASSIFICATION_CONFLICT,565,696,record_family|source_section|asset_class|strategy|period_start|metric_name|evidence_quote,MERGE,"subject_type classifies what subject_name names: a named vehicle ('... , L.P.', an SMA, an LLC) is fund; a total or subtotal line is the owner's aggregate, so portfolio; an index is benchmark. A whole schedule typed investment means the label was not read. metric_name: rows are entities and columns are periods, so the metric is the measure the table itself names in its printed wording, 'Net Time Weighted Returns' — never the period (which is the horizon) and never a singularised trim of the banner. evidence_quote takes the full printed line over the bare value: the line proves this number, the bare digits prove only that they occur somewhere on the page. Definition backfill: both lanes read the same qualifiers off this cell. Definition backfill: both lanes read the same qualifiers off this cell.",RESOLVED,A+B+ADJUDICATOR,8783ef3e2dc6cf061218360ff1c3db121d172543d661901b2d74131021935dc1
f409aa72bc312f33e25b,SRC457,9,PAIR_DFDFF84A379F5CD046EA0FD9,CLASSIFICATION_CONFLICT,566,697,record_family|source_section|asset_class|strategy|period_start|unit|evidence_quote,MERGE,"subject_type classifies what subject_name names: a named vehicle ('... , L.P.', an SMA, an LLC) is fund; a total or subtotal line is the owner's aggregate, so portfolio; an index is benchmark. A whole schedule typed investment means the label was not read. evidence_quote takes the full printed line over the bare value: the line proves this number, the bare digits prove only that they occur somewhere on the page. Definition backfill: both lanes read the same qualifiers off this cell. Definition backfill: both lanes read the same qualifiers off this cell.",RESOLVED,A+B+ADJUDICATOR,8783ef3e2dc6cf061218360ff1c3db121d172543d661901b2d74131021935dc1
91807fca360d914dba0f,SRC457,9,PAIR_50D7662A2B401874AE1144E3,CLASSIFICATION_CONFLICT,568,698,record_family|source_section|source_column_label|asset_class|strategy|period_start|metric_name|evidence_quote,MERGE,"subject_type classifies what subject_name names: a named vehicle ('... , L.P.', an SMA, an LLC) is fund; a total or subtotal line is the owner's aggregate, so portfolio; an index is benchmark. A whole schedule typed investment means the label was not read. evidence_quote takes the full printed line over the bare value: the line proves this number, the bare digits prove only that they occur somewhere on the page. Definition backfill: both lanes read the same qualifiers off this cell. Definition backfill: both lanes read the same qualifiers off this cell.",RESOLVED,A+B+ADJUDICATOR,8783ef3e2dc6cf061218360ff1c3db121d172543d661901b2d74131021935dc1
6f8f7cbbaaab314fdc90,SRC457,9,PAIR_92FF8F23E6EC8165005E6D96,CLASSIFICATION_CONFLICT,567,699,record_family|source_section|asset_class|strategy|period_start|metric_name|evidence_quote,MERGE,"subject_type classifies what subject_name names: a named vehicle ('... , L.P.', an SMA, an LLC) is fund; a total or subtotal line is the owner's aggregate, so portfolio; an index is benchmark. A whole schedule typed investment means the label was not read. metric_name: rows are entities and columns are periods, so the metric is the measure the table itself names in its printed wording, 'Net Time Weighted Returns' — never the period (which is the horizon) and never a singularised trim of the banner. evidence_quote takes the full printed line over the bare value: the line proves this number, the bare digits prove only that they occur somewhere on the page. Definition backfill: both lanes read the same qualifiers off this cell. Definition backfill: both lanes read the same qualifiers off this cell.",RESOLVED,A+B+ADJUDICATOR,8783ef3e2dc6cf061218360ff1c3db121d172543d661901b2d74131021935dc1
88d69404b9a0a8e99c50,SRC457,9,PAIR_1BA08BD3FF3E9E97EDF23C90,CLASSIFICATION_CONFLICT,569,700,record_family|source_section|asset_class|strategy|period_start|unit|evidence_quote,MERGE,"subject_type classifies what subject_name names: a named vehicle ('... , L.P.', an SMA, an LLC) is fund; a total or subtotal line is the owner's aggregate, so portfolio; an index is benchmark. A whole schedule typed investment means the label was not read. evidence_quote takes the full printed line over the bare value: the line proves this number, the bare digits prove only that they occur somewhere on the page. Definition backfill: both lanes read the same qualifiers off this cell. Definition backfill: both lanes read the same qualifiers off this cell.",RESOLVED,A+B+ADJUDICATOR,8783ef3e2dc6cf061218360ff1c3db121d172543d661901b2d74131021935dc1
2178165df88df926a563,SRC457,9,PAIR_B2AD5D026ECFB6B14BCA56CB,B_ONLY,,701,,MERGE,"subject_type classifies what subject_name names: a named vehicle ('... , L.P.', an SMA, an LLC) is fund; a total or subtotal line is the owner's aggregate, so portfolio; an index is benchmark. A whole schedule typed investment means the label was not read. evidence_quote takes the full printed line over the bare value: the line proves this number, the bare digits prove only that they occur somewhere on the page.",RESOLVED,B+ADJUDICATOR,8783ef3e2dc6cf061218360ff1c3db121d172543d661901b2d74131021935dc1
b1108a00b7c53451ce07,SRC457,9,PAIR_5867611F64FA08A4E365ACF4,VALUE_CONFLICT,570,702,record_family|source_section|asset_class|strategy|period_start|metric_name|metric_value_raw|evidence_quote,MERGE,"subject_type classifies what subject_name names: a named vehicle ('... , L.P.', an SMA, an LLC) is fund; a total or subtotal line is the owner's aggregate, so portfolio; an index is benchmark. A whole schedule typed investment means the label was not read. metric_name: rows are entities and columns are periods, so the metric is the measure the table itself names in its printed wording, 'Net Time Weighted Returns' — never the period (which is the horizon) and never a singularised trim of the banner. evidence_quote takes the full printed line over the bare value: the line proves this number, the bare digits prove only that they occur somewhere on the page. Definition backfill: both lanes read the same qualifiers off this cell. Definition backfill: both lanes read the same qualifiers off this cell.",RESOLVED,A+B+ADJUDICATOR,8783ef3e2dc6cf061218360ff1c3db121d172543d661901b2d74131021935dc1
f804f5293fbf1ad506f2,SRC457,9,PAIR_66BA1AC79301AAFC78B49DFF,VALUE_CONFLICT,571,703,record_family|source_section|asset_class|strategy|period_start|metric_name|metric_value_raw|evidence_quote,MERGE,"subject_type classifies what subject_name names: a named vehicle ('... , L.P.', an SMA, an LLC) is fund; a total or subtotal line is the owner's aggregate, so portfolio; an index is benchmark. A whole schedule typed investment means the label was not read. metric_name: rows are entities and columns are periods, so the metric is the measure the table itself names in its printed wording, 'Net Time Weighted Returns' — never the period (which is the horizon) and never a singularised trim of the banner. evidence_quote takes the full printed line over the bare value: the line proves this number, the bare digits prove only that they occur somewhere on the page. Definition backfill: both lanes read the same qualifiers off this cell. Definition backfill: both lanes read the same qualifiers off this cell.",RESOLVED,A+B+ADJUDICATOR,8783ef3e2dc6cf061218360ff1c3db121d172543d661901b2d74131021935dc1
c5f95db47fde0088d21a,SRC457,9,PAIR_D10EEF4241A2468EE2FB4075,VALUE_CONFLICT,572,704,record_family|source_section|asset_class|strategy|period_start|metric_name|metric_value_raw|evidence_quote,MERGE,"subject_type classifies what subject_name names: a named vehicle ('... , L.P.', an SMA, an LLC) is fund; a total or subtotal line is the owner's aggregate, so portfolio; an index is benchmark. A whole schedule typed investment means the label was not read. metric_name: rows are entities and columns are periods, so the metric is the measure the table itself names in its printed wording, 'Net Time Weighted Returns' — never the period (which is the horizon) and never a singularised trim of the banner. evidence_quote takes the full printed line over the bare value: the line proves this number, the bare digits prove only that they occur somewhere on the page. Definition backfill: both lanes read the same qualifiers off this cell. Definition backfill: both lanes read the same qualifiers off this cell.",RESOLVED,A+B+ADJUDICATOR,8783ef3e2dc6cf061218360ff1c3db121d172543d661901b2d74131021935dc1
076dcf0619049f3b90d8,SRC457,9,PAIR_ACDCC76CE0E6742D8A9E2CC3,CLASSIFICATION_CONFLICT,573,705,record_family|source_section|asset_class|strategy|period_start|metric_name|evidence_quote,MERGE,"subject_type classifies what subject_name names: a named vehicle ('... , L.P.', an SMA, an LLC) is fund; a total or subtotal line is the owner's aggregate, so portfolio; an index is benchmark. A whole schedule typed investment means the label was not read. metric_name: rows are entities and columns are periods, so the metric is the measure the table itself names in its printed wording, 'Net Time Weighted Returns' — never the period (which is the horizon) and never a singularised trim of the banner. evidence_quote takes the full printed line over the bare value: the line proves this number, the bare digits prove only that they occur somewhere on the page. Definition backfill: both lanes read the same qualifiers off this cell. Definition backfill: both lanes read the same qualifiers off this cell.",RESOLVED,A+B+ADJUDICATOR,8783ef3e2dc6cf061218360ff1c3db121d172543d661901b2d74131021935dc1
97760775192076674dbb,SRC457,9,PAIR_7F61529FE358A67131866B74,B_ONLY,,706,,MERGE,"subject_type classifies what subject_name names: a named vehicle ('... , L.P.', an SMA, an LLC) is fund; a total or subtotal line is the owner's aggregate, so portfolio; an index is benchmark. A whole schedule typed investment means the label was not read. evidence_quote takes the full printed line over the bare value: the line proves this number, the bare digits prove only that they occur somewhere on the page.",RESOLVED,B+ADJUDICATOR,8783ef3e2dc6cf061218360ff1c3db121d172543d661901b2d74131021935dc1
cd0fe7102584cfb0cfce,SRC457,9,PAIR_677BD021D38343CBE91139C8,CLASSIFICATION_CONFLICT,574,707,record_family|source_section|asset_class|strategy|period_start|unit|evidence_quote,MERGE,"subject_type classifies what subject_name names: a named vehicle ('... , L.P.', an SMA, an LLC) is fund; a total or subtotal line is the owner's aggregate, so portfolio; an index is benchmark. A whole schedule typed investment means the label was not read. evidence_quote takes the full printed line over the bare value: the line proves this number, the bare digits prove only that they occur somewhere on the page. Definition backfill: both lanes read the same qualifiers off this cell. Definition backfill: both lanes read the same qualifiers off this cell.",RESOLVED,A+B+ADJUDICATOR,8783ef3e2dc6cf061218360ff1c3db121d172543d661901b2d74131021935dc1
071d63bb58707d029271,SRC457,9,PAIR_C14823D5BC0A65090DB9CCF0,CLASSIFICATION_CONFLICT,575,708,record_family|source_section|source_column_label|asset_class|strategy|period_start|currency_scale|metric_category|evidence_quote,MERGE,"subject_type classifies what subject_name names: a named vehicle ('... , L.P.', an SMA, an LLC) is fund; a total or subtotal line is the owner's aggregate, so portfolio; an index is benchmark. A whole schedule typed investment means the label was not read. evidence_quote takes the full printed line over the bare value: the line proves this number, the bare digits prove only that they occur somewhere on the page. Definition backfill: both lanes read the same qualifiers off this cell. Definition backfill: both lanes read the same qualifiers off this cell.",RESOLVED,A+B+ADJUDICATOR,8783ef3e2dc6cf061218360ff1c3db121d172543d661901b2d74131021935dc1
8c627c8aa3b50c0d88be,SRC457,9,PAIR_6D6EBA04FBD58B54E6FD2C99,B_ONLY,,709,,MERGE,"subject_type classifies what subject_name names: a named vehicle ('... , L.P.', an SMA, an LLC) is fund; a total or subtotal line is the owner's aggregate, so portfolio; an index is benchmark. A whole schedule typed investment means the label was not read. PIC is paid_in_capital, never moic: the disambiguation table names the printed label PIC explicitly. The page prints it under a Multiples banner, which is why one lane typed it a multiple. evidence_quote takes the full printed line over the bare value: the line proves this number, the bare digits prove only that they occur somewhere on the page. Definition backfill: both lanes read the same qualifiers off this cell. Definition backfill: both lanes read the same qualifiers off this cell.; the PIC column sits in the multiples block beside TVPI, RVPI, and DPI and its footnote states that PIC multiples may exceed 1.00 due to recycling, so the printed value is a multiple of commitment rather than an amount",RESOLVED,B+ADJUDICATOR,8783ef3e2dc6cf061218360ff1c3db121d172543d661901b2d74131021935dc1
d1a60a0a0b3a7c1a0b6f,SRC457,9,PAIR_9299F603A95FCF785B0576B8,CLASSIFICATION_CONFLICT,576,710,record_family|source_section|asset_class|strategy|period_start|metric_name|evidence_quote,MERGE,"subject_type classifies what subject_name names: a named vehicle ('... , L.P.', an SMA, an LLC) is fund; a total or subtotal line is the owner's aggregate, so portfolio; an index is benchmark. A whole schedule typed investment means the label was not read. metric_name: rows are entities and columns are periods, so the metric is the measure the table itself names in its printed wording, 'Net Time Weighted Returns' — never the period (which is the horizon) and never a singularised trim of the banner. evidence_quote takes the full printed line over the bare value: the line proves this number, the bare digits prove only that they occur somewhere on the page. Definition backfill: both lanes read the same qualifiers off this cell. Definition backfill: both lanes read the same qualifiers off this cell.",RESOLVED,A+B+ADJUDICATOR,8783ef3e2dc6cf061218360ff1c3db121d172543d661901b2d74131021935dc1
d66b7c22569c960d1e1d,SRC457,9,PAIR_ED6A38123737472F15E3F476,CLASSIFICATION_CONFLICT,577,711,record_family|source_section|asset_class|strategy|period_start|unit|evidence_quote,MERGE,"subject_type classifies what subject_name names: a named vehicle ('... , L.P.', an SMA, an LLC) is fund; a total or subtotal line is the owner's aggregate, so portfolio; an index is benchmark. A whole schedule typed investment means the label was not read. evidence_quote takes the full printed line over the bare value: the line proves this number, the bare digits prove only that they occur somewhere on the page. Definition backfill: both lanes read the same qualifiers off this cell. Definition backfill: both lanes read the same qualifiers off this cell.",RESOLVED,A+B+ADJUDICATOR,8783ef3e2dc6cf061218360ff1c3db121d172543d661901b2d74131021935dc1
f97db653342605722f1c,SRC457,9,PAIR_CD0B9F691BE05013C0BF0AD9,CLASSIFICATION_CONFLICT,578,712,record_family|source_section|source_column_label|asset_class|strategy|period_start|metric_name|evidence_quote,MERGE,"subject_type classifies what subject_name names: a named vehicle ('... , L.P.', an SMA, an LLC) is fund; a total or subtotal line is the owner's aggregate, so portfolio; an index is benchmark. A whole schedule typed investment means the label was not read. evidence_quote takes the full printed line over the bare value: the line proves this number, the bare digits prove only that they occur somewhere on the page. Definition backfill: both lanes read the same qualifiers off this cell. Definition backfill: both lanes read the same qualifiers off this cell.",RESOLVED,A+B+ADJUDICATOR,8783ef3e2dc6cf061218360ff1c3db121d172543d661901b2d74131021935dc1
53ad10d03091c730a637,SRC457,9,PAIR_0F354AD393D92C61692210EF,CLASSIFICATION_CONFLICT,579,713,record_family|source_section|asset_class|strategy|period_start|unit|evidence_quote,MERGE,"subject_type classifies what subject_name names: a named vehicle ('... , L.P.', an SMA, an LLC) is fund; a total or subtotal line is the owner's aggregate, so portfolio; an index is benchmark. A whole schedule typed investment means the label was not read. evidence_quote takes the full printed line over the bare value: the line proves this number, the bare digits prove only that they occur somewhere on the page. Definition backfill: both lanes read the same qualifiers off this cell. Definition backfill: both lanes read the same qualifiers off this cell.",RESOLVED,A+B+ADJUDICATOR,8783ef3e2dc6cf061218360ff1c3db121d172543d661901b2d74131021935dc1
6d87b72b4d37068422a5,SRC457,9,PAIR_055CFC5DC9C1C8693702FF1B,B_ONLY,,714,,MERGE,"subject_type classifies what subject_name names: a named vehicle ('... , L.P.', an SMA, an LLC) is fund; a total or subtotal line is the owner's aggregate, so portfolio; an index is benchmark. A whole schedule typed investment means the label was not read. evidence_quote takes the full printed line over the bare value: the line proves this number, the bare digits prove only that they occur somewhere on the page.",RESOLVED,B+ADJUDICATOR,8783ef3e2dc6cf061218360ff1c3db121d172543d661901b2d74131021935dc1
a4d3df69cffb1e276ab1,SRC457,9,PAIR_173A67D021436D900F8B227D,VALUE_CONFLICT,580,715,record_family|source_section|asset_class|strategy|period_start|metric_name|metric_value_raw|evidence_quote,MERGE,"subject_type classifies what subject_name names: a named vehicle ('... , L.P.', an SMA, an LLC) is fund; a total or subtotal line is the owner's aggregate, so portfolio; an index is benchmark. A whole schedule typed investment means the label was not read. metric_name: rows are entities and columns are periods, so the metric is the measure the table itself names in its printed wording, 'Net Time Weighted Returns' — never the period (which is the horizon) and never a singularised trim of the banner. evidence_quote takes the full printed line over the bare value: the line proves this number, the bare digits prove only that they occur somewhere on the page. Definition backfill: both lanes read the same qualifiers off this cell. Definition backfill: both lanes read the same qualifiers off this cell.",RESOLVED,A+B+ADJUDICATOR,8783ef3e2dc6cf061218360ff1c3db121d172543d661901b2d74131021935dc1
b1f4679d10edfea12e32,SRC457,9,PAIR_344FB2ADB0A630A0B67E20FD,CLASSIFICATION_CONFLICT,581,716,record_family|source_section|asset_class|strategy|period_start|metric_name|evidence_quote,MERGE,"subject_type classifies what subject_name names: a named vehicle ('... , L.P.', an SMA, an LLC) is fund; a total or subtotal line is the owner's aggregate, so portfolio; an index is benchmark. A whole schedule typed investment means the label was not read. metric_name: rows are entities and columns are periods, so the metric is the measure the table itself names in its printed wording, 'Net Time Weighted Returns' — never the period (which is the horizon) and never a singularised trim of the banner. evidence_quote takes the full printed line over the bare value: the line proves this number, the bare digits prove only that they occur somewhere on the page. Definition backfill: both lanes read the same qualifiers off this cell. Definition backfill: both lanes read the same qualifiers off this cell.",RESOLVED,A+B+ADJUDICATOR,8783ef3e2dc6cf061218360ff1c3db121d172543d661901b2d74131021935dc1
79db1e535bc0de2ae082,SRC457,9,PAIR_3D1FFC2DC84ED1BAF66389B0,CLASSIFICATION_CONFLICT,582,717,record_family|source_section|asset_class|strategy|period_start|metric_name|evidence_quote,MERGE,"subject_type classifies what subject_name names: a named vehicle ('... , L.P.', an SMA, an LLC) is fund; a total or subtotal line is the owner's aggregate, so portfolio; an index is benchmark. A whole schedule typed investment means the label was not read. metric_name: rows are entities and columns are periods, so the metric is the measure the table itself names in its printed wording, 'Net Time Weighted Returns' — never the period (which is the horizon) and never a singularised trim of the banner. evidence_quote takes the full printed line over the bare value: the line proves this number, the bare digits prove only that they occur somewhere on the page. Definition backfill: both lanes read the same qualifiers off this cell. Definition backfill: both lanes read the same qualifiers off this cell.",RESOLVED,A+B+ADJUDICATOR,8783ef3e2dc6cf061218360ff1c3db121d172543d661901b2d74131021935dc1
7337e63fa2dc69092b36,SRC457,9,PAIR_0B0C4311E9384FF3278DA8E4,B_ONLY,,718,,MERGE,"subject_type classifies what subject_name names: a named vehicle ('... , L.P.', an SMA, an LLC) is fund; a total or subtotal line is the owner's aggregate, so portfolio; an index is benchmark. A whole schedule typed investment means the label was not read. evidence_quote takes the full printed line over the bare value: the line proves this number, the bare digits prove only that they occur somewhere on the page.",RESOLVED,B+ADJUDICATOR,8783ef3e2dc6cf061218360ff1c3db121d172543d661901b2d74131021935dc1
16e6653a1023ddeac36f,SRC457,9,PAIR_C16A16B8A6895DB238C03722,CLASSIFICATION_CONFLICT,583,719,record_family|source_section|asset_class|strategy|period_start|unit|evidence_quote,MERGE,"subject_type classifies what subject_name names: a named vehicle ('... , L.P.', an SMA, an LLC) is fund; a total or subtotal line is the owner's aggregate, so portfolio; an index is benchmark. A whole schedule typed investment means the label was not read. evidence_quote takes the full printed line over the bare value: the line proves this number, the bare digits prove only that they occur somewhere on the page. Definition backfill: both lanes read the same qualifiers off this cell. Definition backfill: both lanes read the same qualifiers off this cell.",RESOLVED,A+B+ADJUDICATOR,8783ef3e2dc6cf061218360ff1c3db121d172543d661901b2d74131021935dc1
18190cedda5cfea06992,SRC457,9,PAIR_5967C5818F06C2EF8EBB10BE,CLASSIFICATION_CONFLICT,584,720,record_family|source_section|source_column_label|asset_class|strategy|period_start|currency_scale|metric_category|evidence_quote,MERGE,"subject_type classifies what subject_name names: a named vehicle ('... , L.P.', an SMA, an LLC) is fund; a total or subtotal line is the owner's aggregate, so portfolio; an index is benchmark. A whole schedule typed investment means the label was not read. evidence_quote takes the full printed line over the bare value: the line proves this number, the bare digits prove only that they occur somewhere on the page. Definition backfill: both lanes read the same qualifiers off this cell. Definition backfill: both lanes read the same qualifiers off this cell.",RESOLVED,A+B+ADJUDICATOR,8783ef3e2dc6cf061218360ff1c3db121d172543d661901b2d74131021935dc1
05f3ea98fc8638c414b1,SRC457,9,PAIR_50EB42A1CCBDAA77EC2FE84E,B_ONLY,,721,,MERGE,"subject_type classifies what subject_name names: a named vehicle ('... , L.P.', an SMA, an LLC) is fund; a total or subtotal line is the owner's aggregate, so portfolio; an index is benchmark. A whole schedule typed investment means the label was not read. PIC is paid_in_capital, never moic: the disambiguation table names the printed label PIC explicitly. The page prints it under a Multiples banner, which is why one lane typed it a multiple. evidence_quote takes the full printed line over the bare value: the line proves this number, the bare digits prove only that they occur somewhere on the page. Definition backfill: both lanes read the same qualifiers off this cell. Definition backfill: both lanes read the same qualifiers off this cell.; the PIC column sits in the multiples block beside TVPI, RVPI, and DPI and its footnote states that PIC multiples may exceed 1.00 due to recycling, so the printed value is a multiple of commitment rather than an amount",RESOLVED,B+ADJUDICATOR,8783ef3e2dc6cf061218360ff1c3db121d172543d661901b2d74131021935dc1
59b0efd12af1b906d5e4,SRC457,9,PAIR_D3A19FE2E24831A79C9FC507,CLASSIFICATION_CONFLICT,585,722,record_family|source_section|asset_class|strategy|period_start|metric_name|evidence_quote,MERGE,"subject_type classifies what subject_name names: a named vehicle ('... , L.P.', an SMA, an LLC) is fund; a total or subtotal line is the owner's aggregate, so portfolio; an index is benchmark. A whole schedule typed investment means the label was not read. metric_name: rows are entities and columns are periods, so the metric is the measure the table itself names in its printed wording, 'Net Time Weighted Returns' — never the period (which is the horizon) and never a singularised trim of the banner. evidence_quote takes the full printed line over the bare value: the line proves this number, the bare digits prove only that they occur somewhere on the page. Definition backfill: both lanes read the same qualifiers off this cell. Definition backfill: both lanes read the same qualifiers off this cell.",RESOLVED,A+B+ADJUDICATOR,8783ef3e2dc6cf061218360ff1c3db121d172543d661901b2d74131021935dc1
6d6034c437f1dd368df2,SRC457,9,PAIR_705542D14E12D3121B0964B1,CLASSIFICATION_CONFLICT,586,723,record_family|source_section|asset_class|strategy|period_start|unit|evidence_quote,MERGE,"subject_type classifies what subject_name names: a named vehicle ('... , L.P.', an SMA, an LLC) is fund; a total or subtotal line is the owner's aggregate, so portfolio; an index is benchmark. A whole schedule typed investment means the label was not read. evidence_quote takes the full printed line over the bare value: the line proves this number, the bare digits prove only that they occur somewhere on the page. Definition backfill: both lanes read the same qualifiers off this cell. Definition backfill: both lanes read the same qualifiers off this cell.",RESOLVED,A+B+ADJUDICATOR,8783ef3e2dc6cf061218360ff1c3db121d172543d661901b2d74131021935dc1
73922bc66e53a303d23c,SRC457,9,PAIR_097CD3A5A0DA8A7D9E7ABF06,CLASSIFICATION_CONFLICT,587,724,record_family|source_section|source_column_label|asset_class|strategy|period_start|metric_name|evidence_quote,MERGE,"subject_type classifies what subject_name names: a named vehicle ('... , L.P.', an SMA, an LLC) is fund; a total or subtotal line is the owner's aggregate, so portfolio; an index is benchmark. A whole schedule typed investment means the label was not read. evidence_quote takes the full printed line over the bare value: the line proves this number, the bare digits prove only that they occur somewhere on the page. Definition backfill: both lanes read the same qualifiers off this cell. Definition backfill: both lanes read the same qualifiers off this cell.",RESOLVED,A+B+ADJUDICATOR,8783ef3e2dc6cf061218360ff1c3db121d172543d661901b2d74131021935dc1
b387c32fb1e57b3a195a,SRC457,9,PAIR_8A5CF0F3174D1CD2B749E5E1,CLASSIFICATION_CONFLICT,588,725,record_family|source_section|asset_class|strategy|period_start|unit|evidence_quote,MERGE,"subject_type classifies what subject_name names: a named vehicle ('... , L.P.', an SMA, an LLC) is fund; a total or subtotal line is the owner's aggregate, so portfolio; an index is benchmark. A whole schedule typed investment means the label was not read. evidence_quote takes the full printed line over the bare value: the line proves this number, the bare digits prove only that they occur somewhere on the page. Definition backfill: both lanes read the same qualifiers off this cell. Definition backfill: both lanes read the same qualifiers off this cell.",RESOLVED,A+B+ADJUDICATOR,8783ef3e2dc6cf061218360ff1c3db121d172543d661901b2d74131021935dc1
17d70faa8b854073e02b,SRC457,9,PAIR_EDB719B0EF4CCBB93D77D789,B_ONLY,,726,,MERGE,"subject_type classifies what subject_name names: a named vehicle ('... , L.P.', an SMA, an LLC) is fund; a total or subtotal line is the owner's aggregate, so portfolio; an index is benchmark. A whole schedule typed investment means the label was not read. evidence_quote takes the full printed line over the bare value: the line proves this number, the bare digits prove only that they occur somewhere on the page.",RESOLVED,B+ADJUDICATOR,8783ef3e2dc6cf061218360ff1c3db121d172543d661901b2d74131021935dc1
405bfb579fc786c2f5d9,SRC457,9,PAIR_4BB3A1EC84DC9BA35C7D75DB,CLASSIFICATION_CONFLICT,589,727,record_family|source_section|asset_class|strategy|period_start|metric_name|evidence_quote,MERGE,"subject_type classifies what subject_name names: a named vehicle ('... , L.P.', an SMA, an LLC) is fund; a total or subtotal line is the owner's aggregate, so portfolio; an index is benchmark. A whole schedule typed investment means the label was not read. metric_name: rows are entities and columns are periods, so the metric is the measure the table itself names in its printed wording, 'Net Time Weighted Returns' — never the period (which is the horizon) and never a singularised trim of the banner. evidence_quote takes the full printed line over the bare value: the line proves this number, the bare digits prove only that they occur somewhere on the page. Definition backfill: both lanes read the same qualifiers off this cell. Definition backfill: both lanes read the same qualifiers off this cell.",RESOLVED,A+B+ADJUDICATOR,8783ef3e2dc6cf061218360ff1c3db121d172543d661901b2d74131021935dc1
f3df9a09709fcf83a362,SRC457,9,PAIR_A9D602D3D780F0E308716050,CLASSIFICATION_CONFLICT,590,728,record_family|source_section|asset_class|strategy|period_start|metric_name|evidence_quote,MERGE,"subject_type classifies what subject_name names: a named vehicle ('... , L.P.', an SMA, an LLC) is fund; a total or subtotal line is the owner's aggregate, so portfolio; an index is benchmark. A whole schedule typed investment means the label was not read. metric_name: rows are entities and columns are periods, so the metric is the measure the table itself names in its printed wording, 'Net Time Weighted Returns' — never the period (which is the horizon) and never a singularised trim of the banner. evidence_quote takes the full printed line over the bare value: the line proves this number, the bare digits prove only that they occur somewhere on the page. Definition backfill: both lanes read the same qualifiers off this cell. Definition backfill: both lanes read the same qualifiers off this cell.",RESOLVED,A+B+ADJUDICATOR,8783ef3e2dc6cf061218360ff1c3db121d172543d661901b2d74131021935dc1
b7d581683bad0fe89130,SRC457,9,PAIR_366A70DAC177411D9675D3A6,CLASSIFICATION_CONFLICT,591,729,record_family|source_section|asset_class|strategy|period_start|metric_name|evidence_quote,MERGE,"subject_type classifies what subject_name names: a named vehicle ('... , L.P.', an SMA, an LLC) is fund; a total or subtotal line is the owner's aggregate, so portfolio; an index is benchmark. A whole schedule typed investment means the label was not read. metric_name: rows are entities and columns are periods, so the metric is the measure the table itself names in its printed wording, 'Net Time Weighted Returns' — never the period (which is the horizon) and never a singularised trim of the banner. evidence_quote takes the full printed line over the bare value: the line proves this number, the bare digits prove only that they occur somewhere on the page. Definition backfill: both lanes read the same qualifiers off this cell. Definition backfill: both lanes read the same qualifiers off this cell.",RESOLVED,A+B+ADJUDICATOR,8783ef3e2dc6cf061218360ff1c3db121d172543d661901b2d74131021935dc1
4e1563646383600e5085,SRC457,9,PAIR_0C792BEB155AD94D7C56F985,B_ONLY,,730,,MERGE,"subject_type classifies what subject_name names: a named vehicle ('... , L.P.', an SMA, an LLC) is fund; a total or subtotal line is the owner's aggregate, so portfolio; an index is benchmark. A whole schedule typed investment means the label was not read. evidence_quote takes the full printed line over the bare value: the line proves this number, the bare digits prove only that they occur somewhere on the page.",RESOLVED,B+ADJUDICATOR,8783ef3e2dc6cf061218360ff1c3db121d172543d661901b2d74131021935dc1
bb85fb5276327af30288,SRC457,9,PAIR_369431965AECFA1DDE148FBA,CLASSIFICATION_CONFLICT,592,731,record_family|source_section|asset_class|strategy|period_start|unit|evidence_quote,MERGE,"subject_type classifies what subject_name names: a named vehicle ('... , L.P.', an SMA, an LLC) is fund; a total or subtotal line is the owner's aggregate, so portfolio; an index is benchmark. A whole schedule typed investment means the label was not read. evidence_quote takes the full printed line over the bare value: the line proves this number, the bare digits prove only that they occur somewhere on the page. Definition backfill: both lanes read the same qualifiers off this cell. Definition backfill: both lanes read the same qualifiers off this cell.",RESOLVED,A+B+ADJUDICATOR,8783ef3e2dc6cf061218360ff1c3db121d172543d661901b2d74131021935dc1
22d6bbfda190eb766cc2,SRC457,9,PAIR_0B3FA5B5AF55E11ADFE4B28C,CLASSIFICATION_CONFLICT,593,732,record_family|source_section|source_column_label|asset_class|strategy|period_start|currency_scale|metric_category|evidence_quote,MERGE,"subject_type classifies what subject_name names: a named vehicle ('... , L.P.', an SMA, an LLC) is fund; a total or subtotal line is the owner's aggregate, so portfolio; an index is benchmark. A whole schedule typed investment means the label was not read. evidence_quote takes the full printed line over the bare value: the line proves this number, the bare digits prove only that they occur somewhere on the page. Definition backfill: both lanes read the same qualifiers off this cell. Definition backfill: both lanes read the same qualifiers off this cell.",RESOLVED,A+B+ADJUDICATOR,8783ef3e2dc6cf061218360ff1c3db121d172543d661901b2d74131021935dc1
05a8e5fa78db837853b4,SRC457,9,PAIR_EAFBC89DF0207FD8B8BE3AC9,B_ONLY,,733,,MERGE,"subject_type classifies what subject_name names: a named vehicle ('... , L.P.', an SMA, an LLC) is fund; a total or subtotal line is the owner's aggregate, so portfolio; an index is benchmark. A whole schedule typed investment means the label was not read. PIC is paid_in_capital, never moic: the disambiguation table names the printed label PIC explicitly. The page prints it under a Multiples banner, which is why one lane typed it a multiple. evidence_quote takes the full printed line over the bare value: the line proves this number, the bare digits prove only that they occur somewhere on the page. Definition backfill: both lanes read the same qualifiers off this cell. Definition backfill: both lanes read the same qualifiers off this cell.; the PIC column sits in the multiples block beside TVPI, RVPI, and DPI and its footnote states that PIC multiples may exceed 1.00 due to recycling, so the printed value is a multiple of commitment rather than an amount",RESOLVED,B+ADJUDICATOR,8783ef3e2dc6cf061218360ff1c3db121d172543d661901b2d74131021935dc1
e0edf5bfd3b3f8a96412,SRC457,9,PAIR_FDD2901E34DA298D30E94753,CLASSIFICATION_CONFLICT,594,734,record_family|source_section|asset_class|strategy|period_start|metric_name|evidence_quote,MERGE,"subject_type classifies what subject_name names: a named vehicle ('... , L.P.', an SMA, an LLC) is fund; a total or subtotal line is the owner's aggregate, so portfolio; an index is benchmark. A whole schedule typed investment means the label was not read. metric_name: rows are entities and columns are periods, so the metric is the measure the table itself names in its printed wording, 'Net Time Weighted Returns' — never the period (which is the horizon) and never a singularised trim of the banner. evidence_quote takes the full printed line over the bare value: the line proves this number, the bare digits prove only that they occur somewhere on the page. Definition backfill: both lanes read the same qualifiers off this cell. Definition backfill: both lanes read the same qualifiers off this cell.",RESOLVED,A+B+ADJUDICATOR,8783ef3e2dc6cf061218360ff1c3db121d172543d661901b2d74131021935dc1
b036eefd61797eaed379,SRC457,9,PAIR_94C4FA0597F00680768FB6C3,CLASSIFICATION_CONFLICT,595,735,record_family|source_section|asset_class|strategy|period_start|unit|evidence_quote,MERGE,"subject_type classifies what subject_name names: a named vehicle ('... , L.P.', an SMA, an LLC) is fund; a total or subtotal line is the owner's aggregate, so portfolio; an index is benchmark. A whole schedule typed investment means the label was not read. evidence_quote takes the full printed line over the bare value: the line proves this number, the bare digits prove only that they occur somewhere on the page. Definition backfill: both lanes read the same qualifiers off this cell. Definition backfill: both lanes read the same qualifiers off this cell.",RESOLVED,A+B+ADJUDICATOR,8783ef3e2dc6cf061218360ff1c3db121d172543d661901b2d74131021935dc1
179ccc6c87ceb800245a,SRC457,9,PAIR_3C8D004D9B896676CF665B23,CLASSIFICATION_CONFLICT,597,736,record_family|source_section|source_column_label|asset_class|strategy|period_start|metric_name|evidence_quote,MERGE,"subject_type classifies what subject_name names: a named vehicle ('... , L.P.', an SMA, an LLC) is fund; a total or subtotal line is the owner's aggregate, so portfolio; an index is benchmark. A whole schedule typed investment means the label was not read. evidence_quote takes the full printed line over the bare value: the line proves this number, the bare digits prove only that they occur somewhere on the page. Definition backfill: both lanes read the same qualifiers off this cell. Definition backfill: both lanes read the same qualifiers off this cell.",RESOLVED,A+B+ADJUDICATOR,8783ef3e2dc6cf061218360ff1c3db121d172543d661901b2d74131021935dc1
de335d31c95a8608952b,SRC457,9,PAIR_A8C5C83FC5799F39FB249A60,CLASSIFICATION_CONFLICT,596,737,record_family|source_section|asset_class|strategy|period_start|metric_name|evidence_quote,MERGE,"subject_type classifies what subject_name names: a named vehicle ('... , L.P.', an SMA, an LLC) is fund; a total or subtotal line is the owner's aggregate, so portfolio; an index is benchmark. A whole schedule typed investment means the label was not read. metric_name: rows are entities and columns are periods, so the metric is the measure the table itself names in its printed wording, 'Net Time Weighted Returns' — never the period (which is the horizon) and never a singularised trim of the banner. evidence_quote takes the full printed line over the bare value: the line proves this number, the bare digits prove only that they occur somewhere on the page. Definition backfill: both lanes read the same qualifiers off this cell. Definition backfill: both lanes read the same qualifiers off this cell.",RESOLVED,A+B+ADJUDICATOR,8783ef3e2dc6cf061218360ff1c3db121d172543d661901b2d74131021935dc1
2ae268832bd1aae4f44a,SRC457,9,PAIR_0210101FCC496A5EF89D41E3,CLASSIFICATION_CONFLICT,598,738,record_family|source_section|asset_class|strategy|period_start|unit|evidence_quote,MERGE,"subject_type classifies what subject_name names: a named vehicle ('... , L.P.', an SMA, an LLC) is fund; a total or subtotal line is the owner's aggregate, so portfolio; an index is benchmark. A whole schedule typed investment means the label was not read. evidence_quote takes the full printed line over the bare value: the line proves this number, the bare digits prove only that they occur somewhere on the page. Definition backfill: both lanes read the same qualifiers off this cell. Definition backfill: both lanes read the same qualifiers off this cell.",RESOLVED,A+B+ADJUDICATOR,8783ef3e2dc6cf061218360ff1c3db121d172543d661901b2d74131021935dc1
f8fe90f0074eda0f4ea4,SRC457,9,PAIR_CC62BF894629E34808ACA27E,B_ONLY,,739,,MERGE,"subject_type classifies what subject_name names: a named vehicle ('... , L.P.', an SMA, an LLC) is fund; a total or subtotal line is the owner's aggregate, so portfolio; an index is benchmark. A whole schedule typed investment means the label was not read. evidence_quote takes the full printed line over the bare value: the line proves this number, the bare digits prove only that they occur somewhere on the page.",RESOLVED,B+ADJUDICATOR,8783ef3e2dc6cf061218360ff1c3db121d172543d661901b2d74131021935dc1
86a6d328b9fbbc01a1a6,SRC457,9,PAIR_04BCA9A2A3690EDCC22D69C2,CLASSIFICATION_CONFLICT,599,740,record_family|source_section|asset_class|strategy|period_start|metric_name|evidence_quote,MERGE,"subject_type classifies what subject_name names: a named vehicle ('... , L.P.', an SMA, an LLC) is fund; a total or subtotal line is the owner's aggregate, so portfolio; an index is benchmark. A whole schedule typed investment means the label was not read. metric_name: rows are entities and columns are periods, so the metric is the measure the table itself names in its printed wording, 'Net Time Weighted Returns' — never the period (which is the horizon) and never a singularised trim of the banner. evidence_quote takes the full printed line over the bare value: the line proves this number, the bare digits prove only that they occur somewhere on the page. Definition backfill: both lanes read the same qualifiers off this cell. Definition backfill: both lanes read the same qualifiers off this cell.",RESOLVED,A+B+ADJUDICATOR,8783ef3e2dc6cf061218360ff1c3db121d172543d661901b2d74131021935dc1
b4ce45c8e3a8e05267e4,SRC457,9,PAIR_37569799F546C121C9CF332B,B_ONLY,,741,,MERGE,"subject_type classifies what subject_name names: a named vehicle ('... , L.P.', an SMA, an LLC) is fund; a total or subtotal line is the owner's aggregate, so portfolio; an index is benchmark. A whole schedule typed investment means the label was not read. evidence_quote takes the full printed line over the bare value: the line proves this number, the bare digits prove only that they occur somewhere on the page.",RESOLVED,B+ADJUDICATOR,8783ef3e2dc6cf061218360ff1c3db121d172543d661901b2d74131021935dc1
90d6e22d3bc363e16676,SRC457,9,PAIR_F6147D31EE30713E11F99023,CLASSIFICATION_CONFLICT,600,742,record_family|source_section|asset_class|strategy|period_start|unit|evidence_quote,MERGE,"subject_type classifies what subject_name names: a named vehicle ('... , L.P.', an SMA, an LLC) is fund; a total or subtotal line is the owner's aggregate, so portfolio; an index is benchmark. A whole schedule typed investment means the label was not read. evidence_quote takes the full printed line over the bare value: the line proves this number, the bare digits prove only that they occur somewhere on the page. Definition backfill: both lanes read the same qualifiers off this cell. Definition backfill: both lanes read the same qualifiers off this cell.",RESOLVED,A+B+ADJUDICATOR,8783ef3e2dc6cf061218360ff1c3db121d172543d661901b2d74131021935dc1
57d86b83d3ce54247945,SRC457,9,PAIR_C6C9488CBC1D9D8242304242,CLASSIFICATION_CONFLICT,601,743,record_family|source_section|source_column_label|asset_class|strategy|period_start|currency_scale|metric_category|evidence_quote,MERGE,"subject_type classifies what subject_name names: a named vehicle ('... , L.P.', an SMA, an LLC) is fund; a total or subtotal line is the owner's aggregate, so portfolio; an index is benchmark. A whole schedule typed investment means the label was not read. evidence_quote takes the full printed line over the bare value: the line proves this number, the bare digits prove only that they occur somewhere on the page. Definition backfill: both lanes read the same qualifiers off this cell. Definition backfill: both lanes read the same qualifiers off this cell.",RESOLVED,A+B+ADJUDICATOR,8783ef3e2dc6cf061218360ff1c3db121d172543d661901b2d74131021935dc1
29d8ba83146890b757ff,SRC457,9,PAIR_0B24F5AE39A487363A29B22D,B_ONLY,,744,,MERGE,"subject_type classifies what subject_name names: a named vehicle ('... , L.P.', an SMA, an LLC) is fund; a total or subtotal line is the owner's aggregate, so portfolio; an index is benchmark. A whole schedule typed investment means the label was not read. PIC is paid_in_capital, never moic: the disambiguation table names the printed label PIC explicitly. The page prints it under a Multiples banner, which is why one lane typed it a multiple. evidence_quote takes the full printed line over the bare value: the line proves this number, the bare digits prove only that they occur somewhere on the page. Definition backfill: both lanes read the same qualifiers off this cell. Definition backfill: both lanes read the same qualifiers off this cell.; the PIC column sits in the multiples block beside TVPI, RVPI, and DPI and its footnote states that PIC multiples may exceed 1.00 due to recycling, so the printed value is a multiple of commitment rather than an amount",RESOLVED,B+ADJUDICATOR,8783ef3e2dc6cf061218360ff1c3db121d172543d661901b2d74131021935dc1
62ee82a61c00c5438642,SRC457,9,PAIR_3325F739F40FFE2D32A13588,CLASSIFICATION_CONFLICT,602,745,record_family|source_section|asset_class|strategy|period_start|metric_name|evidence_quote,MERGE,"subject_type classifies what subject_name names: a named vehicle ('... , L.P.', an SMA, an LLC) is fund; a total or subtotal line is the owner's aggregate, so portfolio; an index is benchmark. A whole schedule typed investment means the label was not read. metric_name: rows are entities and columns are periods, so the metric is the measure the table itself names in its printed wording, 'Net Time Weighted Returns' — never the period (which is the horizon) and never a singularised trim of the banner. evidence_quote takes the full printed line over the bare value: the line proves this number, the bare digits prove only that they occur somewhere on the page. Definition backfill: both lanes read the same qualifiers off this cell. Definition backfill: both lanes read the same qualifiers off this cell.",RESOLVED,A+B+ADJUDICATOR,8783ef3e2dc6cf061218360ff1c3db121d172543d661901b2d74131021935dc1
3ffbcf51255736fb1e2f,SRC457,9,PAIR_123A366BB12A1C05F3EADAF2,CLASSIFICATION_CONFLICT,603,746,record_family|source_section|asset_class|strategy|period_start|unit|evidence_quote,MERGE,"subject_type classifies what subject_name names: a named vehicle ('... , L.P.', an SMA, an LLC) is fund; a total or subtotal line is the owner's aggregate, so portfolio; an index is benchmark. A whole schedule typed investment means the label was not read. evidence_quote takes the full printed line over the bare value: the line proves this number, the bare digits prove only that they occur somewhere on the page. Definition backfill: both lanes read the same qualifiers off this cell. Definition backfill: both lanes read the same qualifiers off this cell.",RESOLVED,A+B+ADJUDICATOR,8783ef3e2dc6cf061218360ff1c3db121d172543d661901b2d74131021935dc1
9210714cce7df72b3c31,SRC457,9,PAIR_928F97A7096AF361008C177A,CLASSIFICATION_CONFLICT,605,747,record_family|source_section|source_column_label|asset_class|strategy|period_start|metric_name|evidence_quote,MERGE,"subject_type classifies what subject_name names: a named vehicle ('... , L.P.', an SMA, an LLC) is fund; a total or subtotal line is the owner's aggregate, so portfolio; an index is benchmark. A whole schedule typed investment means the label was not read. evidence_quote takes the full printed line over the bare value: the line proves this number, the bare digits prove only that they occur somewhere on the page. Definition backfill: both lanes read the same qualifiers off this cell. Definition backfill: both lanes read the same qualifiers off this cell.",RESOLVED,A+B+ADJUDICATOR,8783ef3e2dc6cf061218360ff1c3db121d172543d661901b2d74131021935dc1
954a185737f2369cc3da,SRC457,9,PAIR_1915477D871CDF83FDEA2104,VALUE_CONFLICT,604,748,record_family|source_section|asset_class|strategy|period_start|metric_name|metric_value_raw|evidence_quote,MERGE,"subject_type classifies what subject_name names: a named vehicle ('... , L.P.', an SMA, an LLC) is fund; a total or subtotal line is the owner's aggregate, so portfolio; an index is benchmark. A whole schedule typed investment means the label was not read. metric_name: rows are entities and columns are periods, so the metric is the measure the table itself names in its printed wording, 'Net Time Weighted Returns' — never the period (which is the horizon) and never a singularised trim of the banner. evidence_quote takes the full printed line over the bare value: the line proves this number, the bare digits prove only that they occur somewhere on the page. Definition backfill: both lanes read the same qualifiers off this cell. Definition backfill: both lanes read the same qualifiers off this cell.",RESOLVED,A+B+ADJUDICATOR,8783ef3e2dc6cf061218360ff1c3db121d172543d661901b2d74131021935dc1
303f3a3f6268de55a4b0,SRC457,9,PAIR_BED35BB5483CABE537B62C17,CLASSIFICATION_CONFLICT,606,749,record_family|source_section|asset_class|strategy|period_start|unit|evidence_quote,MERGE,"subject_type classifies what subject_name names: a named vehicle ('... , L.P.', an SMA, an LLC) is fund; a total or subtotal line is the owner's aggregate, so portfolio; an index is benchmark. A whole schedule typed investment means the label was not read. evidence_quote takes the full printed line over the bare value: the line proves this number, the bare digits prove only that they occur somewhere on the page. Definition backfill: both lanes read the same qualifiers off this cell. Definition backfill: both lanes read the same qualifiers off this cell.",RESOLVED,A+B+ADJUDICATOR,8783ef3e2dc6cf061218360ff1c3db121d172543d661901b2d74131021935dc1
6f01e881ef7be51f51ef,SRC457,9,PAIR_1FD88596BDF202671A95E461,B_ONLY,,750,,MERGE,"subject_type classifies what subject_name names: a named vehicle ('... , L.P.', an SMA, an LLC) is fund; a total or subtotal line is the owner's aggregate, so portfolio; an index is benchmark. A whole schedule typed investment means the label was not read. evidence_quote takes the full printed line over the bare value: the line proves this number, the bare digits prove only that they occur somewhere on the page.",RESOLVED,B+ADJUDICATOR,8783ef3e2dc6cf061218360ff1c3db121d172543d661901b2d74131021935dc1
dd1b0711802c61ca10a2,SRC457,9,PAIR_D189554652658D36F6B5CD91,CLASSIFICATION_CONFLICT,607,751,record_family|source_section|asset_class|strategy|period_start|metric_name|evidence_quote,MERGE,"subject_type classifies what subject_name names: a named vehicle ('... , L.P.', an SMA, an LLC) is fund; a total or subtotal line is the owner's aggregate, so portfolio; an index is benchmark. A whole schedule typed investment means the label was not read. metric_name: rows are entities and columns are periods, so the metric is the measure the table itself names in its printed wording, 'Net Time Weighted Returns' — never the period (which is the horizon) and never a singularised trim of the banner. evidence_quote takes the full printed line over the bare value: the line proves this number, the bare digits prove only that they occur somewhere on the page. Definition backfill: both lanes read the same qualifiers off this cell. Definition backfill: both lanes read the same qualifiers off this cell.",RESOLVED,A+B+ADJUDICATOR,8783ef3e2dc6cf061218360ff1c3db121d172543d661901b2d74131021935dc1
e036f9a6fb22fb8deddd,SRC457,9,PAIR_4E4BC33906634E4B42EDDC04,B_ONLY,,752,,MERGE,"subject_type classifies what subject_name names: a named vehicle ('... , L.P.', an SMA, an LLC) is fund; a total or subtotal line is the owner's aggregate, so portfolio; an index is benchmark. A whole schedule typed investment means the label was not read. evidence_quote takes the full printed line over the bare value: the line proves this number, the bare digits prove only that they occur somewhere on the page.",RESOLVED,B+ADJUDICATOR,8783ef3e2dc6cf061218360ff1c3db121d172543d661901b2d74131021935dc1
3dcf3157231c494d8905,SRC457,9,PAIR_7ADA54F18195CA64F7002CD6,CLASSIFICATION_CONFLICT,608,753,record_family|source_section|asset_class|strategy|period_start|unit|evidence_quote,MERGE,"subject_type classifies what subject_name names: a named vehicle ('... , L.P.', an SMA, an LLC) is fund; a total or subtotal line is the owner's aggregate, so portfolio; an index is benchmark. A whole schedule typed investment means the label was not read. evidence_quote takes the full printed line over the bare value: the line proves this number, the bare digits prove only that they occur somewhere on the page. Definition backfill: both lanes read the same qualifiers off this cell. Definition backfill: both lanes read the same qualifiers off this cell.",RESOLVED,A+B+ADJUDICATOR,8783ef3e2dc6cf061218360ff1c3db121d172543d661901b2d74131021935dc1
592174cdfde76f2e4a74,SRC457,9,PAIR_A425EA712C53B8411350D9BC,CLASSIFICATION_CONFLICT,609,754,record_family|source_section|source_column_label|asset_class|strategy|period_start|currency_scale|metric_category|evidence_quote,MERGE,"subject_type classifies what subject_name names: a named vehicle ('... , L.P.', an SMA, an LLC) is fund; a total or subtotal line is the owner's aggregate, so portfolio; an index is benchmark. A whole schedule typed investment means the label was not read. evidence_quote takes the full printed line over the bare value: the line proves this number, the bare digits prove only that they occur somewhere on the page. Definition backfill: both lanes read the same qualifiers off this cell. Definition backfill: both lanes read the same qualifiers off this cell.",RESOLVED,A+B+ADJUDICATOR,8783ef3e2dc6cf061218360ff1c3db121d172543d661901b2d74131021935dc1
9641197d0f1afd16f804,SRC457,9,PAIR_07523E090E0D348567100CCC,B_ONLY,,755,,MERGE,"subject_type classifies what subject_name names: a named vehicle ('... , L.P.', an SMA, an LLC) is fund; a total or subtotal line is the owner's aggregate, so portfolio; an index is benchmark. A whole schedule typed investment means the label was not read. PIC is paid_in_capital, never moic: the disambiguation table names the printed label PIC explicitly. The page prints it under a Multiples banner, which is why one lane typed it a multiple. evidence_quote takes the full printed line over the bare value: the line proves this number, the bare digits prove only that they occur somewhere on the page. Definition backfill: both lanes read the same qualifiers off this cell. Definition backfill: both lanes read the same qualifiers off this cell.; the PIC column sits in the multiples block beside TVPI, RVPI, and DPI and its footnote states that PIC multiples may exceed 1.00 due to recycling, so the printed value is a multiple of commitment rather than an amount",RESOLVED,B+ADJUDICATOR,8783ef3e2dc6cf061218360ff1c3db121d172543d661901b2d74131021935dc1
68c97ef816606e90b1f6,SRC457,9,PAIR_6611D2FD028583F8EAF943F3,CLASSIFICATION_CONFLICT,610,756,record_family|source_section|asset_class|strategy|period_start|metric_name|evidence_quote,MERGE,"subject_type classifies what subject_name names: a named vehicle ('... , L.P.', an SMA, an LLC) is fund; a total or subtotal line is the owner's aggregate, so portfolio; an index is benchmark. A whole schedule typed investment means the label was not read. metric_name: rows are entities and columns are periods, so the metric is the measure the table itself names in its printed wording, 'Net Time Weighted Returns' — never the period (which is the horizon) and never a singularised trim of the banner. evidence_quote takes the full printed line over the bare value: the line proves this number, the bare digits prove only that they occur somewhere on the page. Definition backfill: both lanes read the same qualifiers off this cell. Definition backfill: both lanes read the same qualifiers off this cell.",RESOLVED,A+B+ADJUDICATOR,8783ef3e2dc6cf061218360ff1c3db121d172543d661901b2d74131021935dc1
d45d491ad876ebdcb8d8,SRC457,9,PAIR_5D3F6FF7714B2BD85777BC50,CLASSIFICATION_CONFLICT,611,757,record_family|source_section|asset_class|strategy|period_start|unit|evidence_quote,MERGE,"subject_type classifies what subject_name names: a named vehicle ('... , L.P.', an SMA, an LLC) is fund; a total or subtotal line is the owner's aggregate, so portfolio; an index is benchmark. A whole schedule typed investment means the label was not read. evidence_quote takes the full printed line over the bare value: the line proves this number, the bare digits prove only that they occur somewhere on the page. Definition backfill: both lanes read the same qualifiers off this cell. Definition backfill: both lanes read the same qualifiers off this cell.",RESOLVED,A+B+ADJUDICATOR,8783ef3e2dc6cf061218360ff1c3db121d172543d661901b2d74131021935dc1
8560ac626b11ab6ea731,SRC457,9,PAIR_365FE392774017453BF5B658,VALUE_CONFLICT,613,758,record_family|source_section|source_column_label|asset_class|strategy|period_start|metric_name|metric_value_raw|evidence_quote,MERGE,"subject_type classifies what subject_name names: a named vehicle ('... , L.P.', an SMA, an LLC) is fund; a total or subtotal line is the owner's aggregate, so portfolio; an index is benchmark. A whole schedule typed investment means the label was not read. evidence_quote takes the full printed line over the bare value: the line proves this number, the bare digits prove only that they occur somewhere on the page. Definition backfill: both lanes read the same qualifiers off this cell. Definition backfill: both lanes read the same qualifiers off this cell.",RESOLVED,A+B+ADJUDICATOR,8783ef3e2dc6cf061218360ff1c3db121d172543d661901b2d74131021935dc1
5b047cdeaab519c6dd85,SRC457,9,PAIR_2AAF42A5D6EDE6FB5D456779,VALUE_CONFLICT,612,759,record_family|source_section|asset_class|strategy|period_start|metric_name|metric_value_raw|evidence_quote,MERGE,"subject_type classifies what subject_name names: a named vehicle ('... , L.P.', an SMA, an LLC) is fund; a total or subtotal line is the owner's aggregate, so portfolio; an index is benchmark. A whole schedule typed investment means the label was not read. metric_name: rows are entities and columns are periods, so the metric is the measure the table itself names in its printed wording, 'Net Time Weighted Returns' — never the period (which is the horizon) and never a singularised trim of the banner. evidence_quote takes the full printed line over the bare value: the line proves this number, the bare digits prove only that they occur somewhere on the page. Definition backfill: both lanes read the same qualifiers off this cell. Definition backfill: both lanes read the same qualifiers off this cell.",RESOLVED,A+B+ADJUDICATOR,8783ef3e2dc6cf061218360ff1c3db121d172543d661901b2d74131021935dc1
cad5e8388aba50f01031,SRC457,9,PAIR_6535256CED4052D3DCAE22FF,CLASSIFICATION_CONFLICT,614,760,record_family|source_section|asset_class|strategy|period_start|unit|evidence_quote,MERGE,"subject_type classifies what subject_name names: a named vehicle ('... , L.P.', an SMA, an LLC) is fund; a total or subtotal line is the owner's aggregate, so portfolio; an index is benchmark. A whole schedule typed investment means the label was not read. evidence_quote takes the full printed line over the bare value: the line proves this number, the bare digits prove only that they occur somewhere on the page. Definition backfill: both lanes read the same qualifiers off this cell. Definition backfill: both lanes read the same qualifiers off this cell.",RESOLVED,A+B+ADJUDICATOR,8783ef3e2dc6cf061218360ff1c3db121d172543d661901b2d74131021935dc1
1ad664235fbb54831958,SRC457,9,PAIR_E21D01E1BF227113BF604F58,B_ONLY,,761,,MERGE,"subject_type classifies what subject_name names: a named vehicle ('... , L.P.', an SMA, an LLC) is fund; a total or subtotal line is the owner's aggregate, so portfolio; an index is benchmark. A whole schedule typed investment means the label was not read. evidence_quote takes the full printed line over the bare value: the line proves this number, the bare digits prove only that they occur somewhere on the page.",RESOLVED,B+ADJUDICATOR,8783ef3e2dc6cf061218360ff1c3db121d172543d661901b2d74131021935dc1
a9690757cc694fd95b99,SRC457,9,PAIR_FC0912C28AF18E2FA463A218,VALUE_CONFLICT,615,762,record_family|source_section|subject_type|asset_class|strategy|period_start|metric_name|metric_value_raw|evidence_quote,MERGE,"subject_type classifies what subject_name names: a named vehicle ('... , L.P.', an SMA, an LLC) is fund; a total or subtotal line is the owner's aggregate, so portfolio; an index is benchmark. A whole schedule typed investment means the label was not read. metric_name: rows are entities and columns are periods, so the metric is the measure the table itself names in its printed wording, 'Net Time Weighted Returns' — never the period (which is the horizon) and never a singularised trim of the banner. evidence_quote takes the full printed line over the bare value: the line proves this number, the bare digits prove only that they occur somewhere on the page. Definition backfill: both lanes read the same qualifiers off this cell. Definition backfill: both lanes read the same qualifiers off this cell.",RESOLVED,A+B+ADJUDICATOR,8783ef3e2dc6cf061218360ff1c3db121d172543d661901b2d74131021935dc1
3ae3f8dd3f4b58980a82,SRC457,9,PAIR_9AA73AB4817CB8D347B7B5A4,CLASSIFICATION_CONFLICT,616,763,record_family|source_section|subject_type|asset_class|strategy|period_start|metric_name|evidence_quote,MERGE,"subject_type classifies what subject_name names: a named vehicle ('... , L.P.', an SMA, an LLC) is fund; a total or subtotal line is the owner's aggregate, so portfolio; an index is benchmark. A whole schedule typed investment means the label was not read. metric_name: rows are entities and columns are periods, so the metric is the measure the table itself names in its printed wording, 'Net Time Weighted Returns' — never the period (which is the horizon) and never a singularised trim of the banner. evidence_quote takes the full printed line over the bare value: the line proves this number, the bare digits prove only that they occur somewhere on the page. Definition backfill: both lanes read the same qualifiers off this cell. Definition backfill: both lanes read the same qualifiers off this cell.",RESOLVED,A+B+ADJUDICATOR,8783ef3e2dc6cf061218360ff1c3db121d172543d661901b2d74131021935dc1
f602b4d3c08b9e52058d,SRC457,9,PAIR_78AA26D87EED00E90A024BB3,CLASSIFICATION_CONFLICT,617,764,record_family|source_section|subject_type|asset_class|strategy|period_start|metric_name|evidence_quote,MERGE,"subject_type classifies what subject_name names: a named vehicle ('... , L.P.', an SMA, an LLC) is fund; a total or subtotal line is the owner's aggregate, so portfolio; an index is benchmark. A whole schedule typed investment means the label was not read. metric_name: rows are entities and columns are periods, so the metric is the measure the table itself names in its printed wording, 'Net Time Weighted Returns' — never the period (which is the horizon) and never a singularised trim of the banner. evidence_quote takes the full printed line over the bare value: the line proves this number, the bare digits prove only that they occur somewhere on the page. Definition backfill: both lanes read the same qualifiers off this cell. Definition backfill: both lanes read the same qualifiers off this cell.",RESOLVED,A+B+ADJUDICATOR,8783ef3e2dc6cf061218360ff1c3db121d172543d661901b2d74131021935dc1
4726f5ac5deade7d9b76,SRC457,9,PAIR_A2FE65B720A95015362DCDC8,CLASSIFICATION_CONFLICT,618,765,record_family|source_section|subject_type|asset_class|strategy|period_start|metric_name|evidence_quote,MERGE,"subject_type classifies what subject_name names: a named vehicle ('... , L.P.', an SMA, an LLC) is fund; a total or subtotal line is the owner's aggregate, so portfolio; an index is benchmark. A whole schedule typed investment means the label was not read. metric_name: rows are entities and columns are periods, so the metric is the measure the table itself names in its printed wording, 'Net Time Weighted Returns' — never the period (which is the horizon) and never a singularised trim of the banner. evidence_quote takes the full printed line over the bare value: the line proves this number, the bare digits prove only that they occur somewhere on the page. Definition backfill: both lanes read the same qualifiers off this cell. Definition backfill: both lanes read the same qualifiers off this cell.",RESOLVED,A+B+ADJUDICATOR,8783ef3e2dc6cf061218360ff1c3db121d172543d661901b2d74131021935dc1
c8ea685f1673b6bfaa4b,SRC457,9,PAIR_1E9B296CA918205958BF1B5C,B_ONLY,,766,,MERGE,"subject_type classifies what subject_name names: a named vehicle ('... , L.P.', an SMA, an LLC) is fund; a total or subtotal line is the owner's aggregate, so portfolio; an index is benchmark. A whole schedule typed investment means the label was not read. evidence_quote takes the full printed line over the bare value: the line proves this number, the bare digits prove only that they occur somewhere on the page.",RESOLVED,B+ADJUDICATOR,8783ef3e2dc6cf061218360ff1c3db121d172543d661901b2d74131021935dc1
81b50a18ca257d2c3216,SRC457,9,PAIR_FBBB76A67ABA861E52E88351,CLASSIFICATION_CONFLICT,619,767,record_family|source_section|subject_type|asset_class|strategy|period_start|unit|evidence_quote,MERGE,"subject_type classifies what subject_name names: a named vehicle ('... , L.P.', an SMA, an LLC) is fund; a total or subtotal line is the owner's aggregate, so portfolio; an index is benchmark. A whole schedule typed investment means the label was not read. evidence_quote takes the full printed line over the bare value: the line proves this number, the bare digits prove only that they occur somewhere on the page. Definition backfill: both lanes read the same qualifiers off this cell. Definition backfill: both lanes read the same qualifiers off this cell.",RESOLVED,A+B+ADJUDICATOR,8783ef3e2dc6cf061218360ff1c3db121d172543d661901b2d74131021935dc1
baba72104b14ad5f9000,SRC457,9,PAIR_FD15EF35E08D80474A4B7166,CLASSIFICATION_CONFLICT,620,768,record_family|source_section|source_column_label|subject_type|asset_class|strategy|period_start|currency_scale|metric_category|evidence_quote,MERGE,"subject_type classifies what subject_name names: a named vehicle ('... , L.P.', an SMA, an LLC) is fund; a total or subtotal line is the owner's aggregate, so portfolio; an index is benchmark. A whole schedule typed investment means the label was not read. evidence_quote takes the full printed line over the bare value: the line proves this number, the bare digits prove only that they occur somewhere on the page. Definition backfill: both lanes read the same qualifiers off this cell. Definition backfill: both lanes read the same qualifiers off this cell.",RESOLVED,A+B+ADJUDICATOR,8783ef3e2dc6cf061218360ff1c3db121d172543d661901b2d74131021935dc1
53ef7df1a76d25359fbc,SRC457,9,PAIR_BE5CBB19D6AD64CEC659BEFF,B_ONLY,,769,,MERGE,"subject_type classifies what subject_name names: a named vehicle ('... , L.P.', an SMA, an LLC) is fund; a total or subtotal line is the owner's aggregate, so portfolio; an index is benchmark. A whole schedule typed investment means the label was not read. PIC is paid_in_capital, never moic: the disambiguation table names the printed label PIC explicitly. The page prints it under a Multiples banner, which is why one lane typed it a multiple. evidence_quote takes the full printed line over the bare value: the line proves this number, the bare digits prove only that they occur somewhere on the page. Definition backfill: both lanes read the same qualifiers off this cell. Definition backfill: both lanes read the same qualifiers off this cell.; the PIC column sits in the multiples block beside TVPI, RVPI, and DPI and its footnote states that PIC multiples may exceed 1.00 due to recycling, so the printed value is a multiple of commitment rather than an amount",RESOLVED,B+ADJUDICATOR,8783ef3e2dc6cf061218360ff1c3db121d172543d661901b2d74131021935dc1
1cfd94f64312d8ddff94,SRC457,9,PAIR_6DF1DD00655A213FCB43316D,CLASSIFICATION_CONFLICT,621,770,record_family|source_section|subject_type|asset_class|strategy|period_start|metric_name|evidence_quote,MERGE,"subject_type classifies what subject_name names: a named vehicle ('... , L.P.', an SMA, an LLC) is fund; a total or subtotal line is the owner's aggregate, so portfolio; an index is benchmark. A whole schedule typed investment means the label was not read. metric_name: rows are entities and columns are periods, so the metric is the measure the table itself names in its printed wording, 'Net Time Weighted Returns' — never the period (which is the horizon) and never a singularised trim of the banner. evidence_quote takes the full printed line over the bare value: the line proves this number, the bare digits prove only that they occur somewhere on the page. Definition backfill: both lanes read the same qualifiers off this cell. Definition backfill: both lanes read the same qualifiers off this cell.",RESOLVED,A+B+ADJUDICATOR,8783ef3e2dc6cf061218360ff1c3db121d172543d661901b2d74131021935dc1
6aed24fb8362813a3e07,SRC457,9,PAIR_32F9FA278717963DDD1254E1,CLASSIFICATION_CONFLICT,622,771,record_family|source_section|subject_type|asset_class|strategy|period_start|unit|evidence_quote,MERGE,"subject_type classifies what subject_name names: a named vehicle ('... , L.P.', an SMA, an LLC) is fund; a total or subtotal line is the owner's aggregate, so portfolio; an index is benchmark. A whole schedule typed investment means the label was not read. evidence_quote takes the full printed line over the bare value: the line proves this number, the bare digits prove only that they occur somewhere on the page. Definition backfill: both lanes read the same qualifiers off this cell. Definition backfill: both lanes read the same qualifiers off this cell.",RESOLVED,A+B+ADJUDICATOR,8783ef3e2dc6cf061218360ff1c3db121d172543d661901b2d74131021935dc1
d46bcbce93437c658f42,SRC457,9,PAIR_79D198D0D88DFAC55B172143,CLASSIFICATION_CONFLICT,624,772,record_family|source_section|source_column_label|subject_type|asset_class|strategy|period_start|metric_name|evidence_quote,MERGE,"subject_type classifies what subject_name names: a named vehicle ('... , L.P.', an SMA, an LLC) is fund; a total or subtotal line is the owner's aggregate, so portfolio; an index is benchmark. A whole schedule typed investment means the label was not read. evidence_quote takes the full printed line over the bare value: the line proves this number, the bare digits prove only that they occur somewhere on the page. Definition backfill: both lanes read the same qualifiers off this cell. Definition backfill: both lanes read the same qualifiers off this cell.",RESOLVED,A+B+ADJUDICATOR,8783ef3e2dc6cf061218360ff1c3db121d172543d661901b2d74131021935dc1
2bf33794555f026d2443,SRC457,9,PAIR_52318508BFD8A42A55A564C0,CLASSIFICATION_CONFLICT,623,773,record_family|source_section|subject_type|asset_class|strategy|period_start|metric_name|evidence_quote,MERGE,"subject_type classifies what subject_name names: a named vehicle ('... , L.P.', an SMA, an LLC) is fund; a total or subtotal line is the owner's aggregate, so portfolio; an index is benchmark. A whole schedule typed investment means the label was not read. metric_name: rows are entities and columns are periods, so the metric is the measure the table itself names in its printed wording, 'Net Time Weighted Returns' — never the period (which is the horizon) and never a singularised trim of the banner. evidence_quote takes the full printed line over the bare value: the line proves this number, the bare digits prove only that they occur somewhere on the page. Definition backfill: both lanes read the same qualifiers off this cell. Definition backfill: both lanes read the same qualifiers off this cell.",RESOLVED,A+B+ADJUDICATOR,8783ef3e2dc6cf061218360ff1c3db121d172543d661901b2d74131021935dc1
d8a815ae8e2b9908dd67,SRC457,9,PAIR_920C7E5E2504F9853A71BAAA,CLASSIFICATION_CONFLICT,625,774,record_family|source_section|subject_type|asset_class|strategy|period_start|unit|evidence_quote,MERGE,"subject_type classifies what subject_name names: a named vehicle ('... , L.P.', an SMA, an LLC) is fund; a total or subtotal line is the owner's aggregate, so portfolio; an index is benchmark. A whole schedule typed investment means the label was not read. evidence_quote takes the full printed line over the bare value: the line proves this number, the bare digits prove only that they occur somewhere on the page. Definition backfill: both lanes read the same qualifiers off this cell. Definition backfill: both lanes read the same qualifiers off this cell.",RESOLVED,A+B+ADJUDICATOR,8783ef3e2dc6cf061218360ff1c3db121d172543d661901b2d74131021935dc1
2a65a980bce6a33f82f8,SRC457,9,PAIR_69E286806063F942C2265DE5,VALUE_CONFLICT,626,775,record_family|source_section|asset_class|strategy|metric_name|metric_value_raw|evidence_quote,MERGE,"metric_name: rows are entities and columns are periods, so the metric is the measure the table itself names in its printed wording, 'Net Time Weighted Returns' — never the period (which is the horizon) and never a singularised trim of the banner. evidence_quote takes the full printed line over the bare value: the line proves this number, the bare digits prove only that they occur somewhere on the page. Definition backfill: both lanes read the same qualifiers off this cell. Definition backfill: both lanes read the same qualifiers off this cell.",RESOLVED,A+B+ADJUDICATOR,8783ef3e2dc6cf061218360ff1c3db121d172543d661901b2d74131021935dc1
2db6e1f3371778974652,SRC457,9,PAIR_385B34DCBAD84CCC3F934FDF,CLASSIFICATION_CONFLICT,627,776,record_family|source_section|asset_class|strategy|metric_name|evidence_quote,MERGE,"metric_name: rows are entities and columns are periods, so the metric is the measure the table itself names in its printed wording, 'Net Time Weighted Returns' — never the period (which is the horizon) and never a singularised trim of the banner. evidence_quote takes the full printed line over the bare value: the line proves this number, the bare digits prove only that they occur somewhere on the page. Definition backfill: both lanes read the same qualifiers off this cell. Definition backfill: both lanes read the same qualifiers off this cell.",RESOLVED,A+B+ADJUDICATOR,8783ef3e2dc6cf061218360ff1c3db121d172543d661901b2d74131021935dc1
25092453c9b6dfeb14db,SRC457,9,PAIR_98BE440B0F7074AD5E370BD5,CLASSIFICATION_CONFLICT,628,777,record_family|source_section|asset_class|strategy|metric_name|evidence_quote,MERGE,"metric_name: rows are entities and columns are periods, so the metric is the measure the table itself names in its printed wording, 'Net Time Weighted Returns' — never the period (which is the horizon) and never a singularised trim of the banner. evidence_quote takes the full printed line over the bare value: the line proves this number, the bare digits prove only that they occur somewhere on the page. Definition backfill: both lanes read the same qualifiers off this cell. Definition backfill: both lanes read the same qualifiers off this cell.",RESOLVED,A+B+ADJUDICATOR,8783ef3e2dc6cf061218360ff1c3db121d172543d661901b2d74131021935dc1
9035b20ddeeacf459483,SRC457,9,PAIR_A826AA318D5CA89802B0A1C9,CLASSIFICATION_CONFLICT,629,778,record_family|source_section|asset_class|strategy|metric_name|evidence_quote,MERGE,"metric_name: rows are entities and columns are periods, so the metric is the measure the table itself names in its printed wording, 'Net Time Weighted Returns' — never the period (which is the horizon) and never a singularised trim of the banner. evidence_quote takes the full printed line over the bare value: the line proves this number, the bare digits prove only that they occur somewhere on the page. Definition backfill: both lanes read the same qualifiers off this cell. Definition backfill: both lanes read the same qualifiers off this cell.",RESOLVED,A+B+ADJUDICATOR,8783ef3e2dc6cf061218360ff1c3db121d172543d661901b2d74131021935dc1
bc0c4984a4f4737f7041,SRC457,9,PAIR_D0B3882C1191ED3E45FBC264,CLASSIFICATION_CONFLICT,630,779,record_family|source_section|asset_class|strategy|metric_name|evidence_quote,MERGE,"metric_name: rows are entities and columns are periods, so the metric is the measure the table itself names in its printed wording, 'Net Time Weighted Returns' — never the period (which is the horizon) and never a singularised trim of the banner. evidence_quote takes the full printed line over the bare value: the line proves this number, the bare digits prove only that they occur somewhere on the page. Definition backfill: both lanes read the same qualifiers off this cell. Definition backfill: both lanes read the same qualifiers off this cell.",RESOLVED,A+B+ADJUDICATOR,8783ef3e2dc6cf061218360ff1c3db121d172543d661901b2d74131021935dc1
e66005d7e91e6b448ea9,SRC457,9,PAIR_B4D22BEF4DB7A9D2159F97F2,CLASSIFICATION_CONFLICT,631,780,record_family|source_section|asset_class|strategy|metric_name|evidence_quote,MERGE,"metric_name: rows are entities and columns are periods, so the metric is the measure the table itself names in its printed wording, 'Net Time Weighted Returns' — never the period (which is the horizon) and never a singularised trim of the banner. evidence_quote takes the full printed line over the bare value: the line proves this number, the bare digits prove only that they occur somewhere on the page. Definition backfill: both lanes read the same qualifiers off this cell. Definition backfill: both lanes read the same qualifiers off this cell.",RESOLVED,A+B+ADJUDICATOR,8783ef3e2dc6cf061218360ff1c3db121d172543d661901b2d74131021935dc1
b674a29583a2333792e9,SRC457,10,PAIR_E35EB6C6C000F6A72B3D3D32,CONTEXT_CONFLICT,632,781,condition_raw,ACCEPT_B,Both lanes recorded the same wording; the lane carrying the context fields the page prints is the correct reading.,RESOLVED,B,8783ef3e2dc6cf061218360ff1c3db121d172543d661901b2d74131021935dc1
e6f5c71034d965cecbb4,SRC457,10,PAIR_F801E536D14A81DED5D4BCF1,CONTEXT_CONFLICT,633,782,condition_raw,ACCEPT_B,Both lanes recorded the same wording; the lane carrying the context fields the page prints is the correct reading.,RESOLVED,B,8783ef3e2dc6cf061218360ff1c3db121d172543d661901b2d74131021935dc1
7ac9210a1028d4d412d8,SRC457,10,PAIR_ECB62F5FA76D7CE650F60444,CONTEXT_CONFLICT,634,783,condition_raw,ACCEPT_B,Both lanes recorded the same wording; the lane carrying the context fields the page prints is the correct reading.,RESOLVED,B,8783ef3e2dc6cf061218360ff1c3db121d172543d661901b2d74131021935dc1
88071a1342b759dd2f4a,SRC457,10,PAIR_48010D6FE4ABF88CCB422E0F,CONTEXT_CONFLICT,635,784,condition_raw,ACCEPT_B,Both lanes recorded the same wording; the lane carrying the context fields the page prints is the correct reading.,RESOLVED,B,8783ef3e2dc6cf061218360ff1c3db121d172543d661901b2d74131021935dc1
a2bacb285d2c86e2972e,SRC457,10,PAIR_43DC4009B63205E5694EAC05,CLASSIFICATION_CONFLICT,636,785,record_family|source_section|subject_type|asset_class|strategy|period_start|metric_name|evidence_quote,MERGE,"metric_name: rows are entities and columns are periods, so the metric is the measure the table itself names in its printed wording, 'Net Time Weighted Returns' — never the period (which is the horizon) and never a singularised trim of the banner. evidence_quote takes the full printed line over the bare value: the line proves this number, the bare digits prove only that they occur somewhere on the page. Definition backfill: both lanes read the same qualifiers off this cell. Definition backfill: both lanes read the same qualifiers off this cell.",RESOLVED,A+B+ADJUDICATOR,8783ef3e2dc6cf061218360ff1c3db121d172543d661901b2d74131021935dc1
7b212ca2cc5c51e65581,SRC457,10,PAIR_3003C8D9F8D75792878BE038,CLASSIFICATION_CONFLICT,637,786,record_family|source_section|subject_type|asset_class|strategy|period_start|metric_name|evidence_quote,MERGE,"metric_name: rows are entities and columns are periods, so the metric is the measure the table itself names in its printed wording, 'Net Time Weighted Returns' — never the period (which is the horizon) and never a singularised trim of the banner. evidence_quote takes the full printed line over the bare value: the line proves this number, the bare digits prove only that they occur somewhere on the page. Definition backfill: both lanes read the same qualifiers off this cell. Definition backfill: both lanes read the same qualifiers off this cell.",RESOLVED,A+B+ADJUDICATOR,8783ef3e2dc6cf061218360ff1c3db121d172543d661901b2d74131021935dc1
a6e463b31b7f74a59dc6,SRC457,10,PAIR_C6E0E03A0F56823F6D473B89,CLASSIFICATION_CONFLICT,638,787,record_family|source_section|subject_type|asset_class|strategy|period_start|metric_name|evidence_quote,MERGE,"metric_name: rows are entities and columns are periods, so the metric is the measure the table itself names in its printed wording, 'Net Time Weighted Returns' — never the period (which is the horizon) and never a singularised trim of the banner. evidence_quote takes the full printed line over the bare value: the line proves this number, the bare digits prove only that they occur somewhere on the page. Definition backfill: both lanes read the same qualifiers off this cell. Definition backfill: both lanes read the same qualifiers off this cell.",RESOLVED,A+B+ADJUDICATOR,8783ef3e2dc6cf061218360ff1c3db121d172543d661901b2d74131021935dc1
79bd2fd6e5aca9340e72,SRC457,10,PAIR_9FF72EE23D787317DCC582AF,CLASSIFICATION_CONFLICT,639,788,record_family|source_section|subject_type|asset_class|strategy|period_start|metric_name|evidence_quote,MERGE,"metric_name: rows are entities and columns are periods, so the metric is the measure the table itself names in its printed wording, 'Net Time Weighted Returns' — never the period (which is the horizon) and never a singularised trim of the banner. evidence_quote takes the full printed line over the bare value: the line proves this number, the bare digits prove only that they occur somewhere on the page. Definition backfill: both lanes read the same qualifiers off this cell. Definition backfill: both lanes read the same qualifiers off this cell.",RESOLVED,A+B+ADJUDICATOR,8783ef3e2dc6cf061218360ff1c3db121d172543d661901b2d74131021935dc1
56b2811582b1c2c609b4,SRC457,10,PAIR_42D88B70400739044224044E,B_ONLY,,789,,MERGE,"evidence_quote takes the full printed line over the bare value: the line proves this number, the bare digits prove only that they occur somewhere on the page.",RESOLVED,B+ADJUDICATOR,8783ef3e2dc6cf061218360ff1c3db121d172543d661901b2d74131021935dc1
24c7942556188f482915,SRC457,10,PAIR_B680EFD5195F3AFEB3FB605D,CLASSIFICATION_CONFLICT,640,790,record_family|source_section|subject_type|asset_class|strategy|period_start|unit|evidence_quote,MERGE,"evidence_quote takes the full printed line over the bare value: the line proves this number, the bare digits prove only that they occur somewhere on the page. Definition backfill: both lanes read the same qualifiers off this cell. Definition backfill: both lanes read the same qualifiers off this cell.",RESOLVED,A+B+ADJUDICATOR,8783ef3e2dc6cf061218360ff1c3db121d172543d661901b2d74131021935dc1
73ed948058b48e18eeea,SRC457,10,PAIR_88C6D44EC9F54DBE2EC0A23D,CLASSIFICATION_CONFLICT,641,791,record_family|source_section|source_column_label|subject_type|asset_class|strategy|period_start|currency_scale|metric_category|evidence_quote,MERGE,"evidence_quote takes the full printed line over the bare value: the line proves this number, the bare digits prove only that they occur somewhere on the page. Definition backfill: both lanes read the same qualifiers off this cell. Definition backfill: both lanes read the same qualifiers off this cell.",RESOLVED,A+B+ADJUDICATOR,8783ef3e2dc6cf061218360ff1c3db121d172543d661901b2d74131021935dc1
0448198f765b314dcec7,SRC457,10,PAIR_1805BAEE8CA3CF9CA70A77C2,B_ONLY,,792,,MERGE,"PIC is paid_in_capital, never moic: the disambiguation table names the printed label PIC explicitly. The page prints it under a Multiples banner, which is why one lane typed it a multiple. evidence_quote takes the full printed line over the bare value: the line proves this number, the bare digits prove only that they occur somewhere on the page. Definition backfill: both lanes read the same qualifiers off this cell. Definition backfill: both lanes read the same qualifiers off this cell.; the PIC column sits in the multiples block beside TVPI, RVPI, and DPI and its footnote states that PIC multiples may exceed 1.00 due to recycling, so the printed value is a multiple of commitment rather than an amount",RESOLVED,B+ADJUDICATOR,8783ef3e2dc6cf061218360ff1c3db121d172543d661901b2d74131021935dc1
b08a606c9c556f0843e9,SRC457,10,PAIR_95642440DC20116154A47630,CLASSIFICATION_CONFLICT,642,793,record_family|source_section|subject_type|asset_class|strategy|period_start|metric_name|evidence_quote,MERGE,"metric_name: rows are entities and columns are periods, so the metric is the measure the table itself names in its printed wording, 'Net Time Weighted Returns' — never the period (which is the horizon) and never a singularised trim of the banner. evidence_quote takes the full printed line over the bare value: the line proves this number, the bare digits prove only that they occur somewhere on the page. Definition backfill: both lanes read the same qualifiers off this cell. Definition backfill: both lanes read the same qualifiers off this cell.",RESOLVED,A+B+ADJUDICATOR,8783ef3e2dc6cf061218360ff1c3db121d172543d661901b2d74131021935dc1
98bc65dd0a6583739812,SRC457,10,PAIR_18B033F7E2132DE13E862DD4,CLASSIFICATION_CONFLICT,643,794,record_family|source_section|subject_type|asset_class|strategy|period_start|unit|evidence_quote,MERGE,"evidence_quote takes the full printed line over the bare value: the line proves this number, the bare digits prove only that they occur somewhere on the page. Definition backfill: both lanes read the same qualifiers off this cell. Definition backfill: both lanes read the same qualifiers off this cell.",RESOLVED,A+B+ADJUDICATOR,8783ef3e2dc6cf061218360ff1c3db121d172543d661901b2d74131021935dc1
fb29d22f719cad92464b,SRC457,10,PAIR_29678FD3E24EAFE698C4458A,CLASSIFICATION_CONFLICT,645,795,record_family|source_section|source_column_label|subject_type|asset_class|strategy|period_start|metric_name|evidence_quote,MERGE,"evidence_quote takes the full printed line over the bare value: the line proves this number, the bare digits prove only that they occur somewhere on the page. Definition backfill: both lanes read the same qualifiers off this cell. Definition backfill: both lanes read the same qualifiers off this cell.",RESOLVED,A+B+ADJUDICATOR,8783ef3e2dc6cf061218360ff1c3db121d172543d661901b2d74131021935dc1
aede8694ac7f24e5d3c4,SRC457,10,PAIR_30387900E7CA5B9725C77942,CLASSIFICATION_CONFLICT,644,796,record_family|source_section|subject_type|asset_class|strategy|period_start|metric_name|evidence_quote,MERGE,"metric_name: rows are entities and columns are periods, so the metric is the measure the table itself names in its printed wording, 'Net Time Weighted Returns' — never the period (which is the horizon) and never a singularised trim of the banner. evidence_quote takes the full printed line over the bare value: the line proves this number, the bare digits prove only that they occur somewhere on the page. Definition backfill: both lanes read the same qualifiers off this cell. Definition backfill: both lanes read the same qualifiers off this cell.",RESOLVED,A+B+ADJUDICATOR,8783ef3e2dc6cf061218360ff1c3db121d172543d661901b2d74131021935dc1
8454f8a275c0a1f13eae,SRC457,10,PAIR_5D9121464F6819DF0C1E6F68,CLASSIFICATION_CONFLICT,646,797,record_family|source_section|subject_type|asset_class|strategy|period_start|unit|evidence_quote,MERGE,"evidence_quote takes the full printed line over the bare value: the line proves this number, the bare digits prove only that they occur somewhere on the page. Definition backfill: both lanes read the same qualifiers off this cell. Definition backfill: both lanes read the same qualifiers off this cell.",RESOLVED,A+B+ADJUDICATOR,8783ef3e2dc6cf061218360ff1c3db121d172543d661901b2d74131021935dc1
b05c7327be36b217b934,SRC457,10,PAIR_AA173EF9A55287E68B9B2134,B_ONLY,,798,,MERGE,"evidence_quote takes the full printed line over the bare value: the line proves this number, the bare digits prove only that they occur somewhere on the page.",RESOLVED,B+ADJUDICATOR,8783ef3e2dc6cf061218360ff1c3db121d172543d661901b2d74131021935dc1
afa1e548cdf440e9de66,SRC457,10,PAIR_E5A51DE7349C06B800D6BBAB,CLASSIFICATION_CONFLICT,647,799,record_family|source_section|asset_class|strategy|period_start|metric_name|evidence_quote,MERGE,"subject_type classifies what subject_name names: a named vehicle ('... , L.P.', an SMA, an LLC) is fund; a total or subtotal line is the owner's aggregate, so portfolio; an index is benchmark. A whole schedule typed investment means the label was not read. metric_name: rows are entities and columns are periods, so the metric is the measure the table itself names in its printed wording, 'Net Time Weighted Returns' — never the period (which is the horizon) and never a singularised trim of the banner. evidence_quote takes the full printed line over the bare value: the line proves this number, the bare digits prove only that they occur somewhere on the page. Definition backfill: both lanes read the same qualifiers off this cell. Definition backfill: both lanes read the same qualifiers off this cell.",RESOLVED,A+B+ADJUDICATOR,8783ef3e2dc6cf061218360ff1c3db121d172543d661901b2d74131021935dc1
343ec6cb2ddbf45b030f,SRC457,10,PAIR_5E9CB9F7861D1B39845BC5D2,CLASSIFICATION_CONFLICT,648,800,record_family|source_section|asset_class|strategy|period_start|metric_name|evidence_quote,MERGE,"subject_type classifies what subject_name names: a named vehicle ('... , L.P.', an SMA, an LLC) is fund; a total or subtotal line is the owner's aggregate, so portfolio; an index is benchmark. A whole schedule typed investment means the label was not read. metric_name: rows are entities and columns are periods, so the metric is the measure the table itself names in its printed wording, 'Net Time Weighted Returns' — never the period (which is the horizon) and never a singularised trim of the banner. evidence_quote takes the full printed line over the bare value: the line proves this number, the bare digits prove only that they occur somewhere on the page. Definition backfill: both lanes read the same qualifiers off this cell. Definition backfill: both lanes read the same qualifiers off this cell.",RESOLVED,A+B+ADJUDICATOR,8783ef3e2dc6cf061218360ff1c3db121d172543d661901b2d74131021935dc1
c0f9ed403a5a500eb5e1,SRC457,10,PAIR_16DED00CF780B7D835619A8E,CLASSIFICATION_CONFLICT,649,801,record_family|source_section|asset_class|strategy|period_start|metric_name|evidence_quote,MERGE,"subject_type classifies what subject_name names: a named vehicle ('... , L.P.', an SMA, an LLC) is fund; a total or subtotal line is the owner's aggregate, so portfolio; an index is benchmark. A whole schedule typed investment means the label was not read. metric_name: rows are entities and columns are periods, so the metric is the measure the table itself names in its printed wording, 'Net Time Weighted Returns' — never the period (which is the horizon) and never a singularised trim of the banner. evidence_quote takes the full printed line over the bare value: the line proves this number, the bare digits prove only that they occur somewhere on the page. Definition backfill: both lanes read the same qualifiers off this cell. Definition backfill: both lanes read the same qualifiers off this cell.",RESOLVED,A+B+ADJUDICATOR,8783ef3e2dc6cf061218360ff1c3db121d172543d661901b2d74131021935dc1
0dd9eb31cad52bcd8568,SRC457,10,PAIR_34979C29D872AA088F636053,B_ONLY,,802,,MERGE,"subject_type classifies what subject_name names: a named vehicle ('... , L.P.', an SMA, an LLC) is fund; a total or subtotal line is the owner's aggregate, so portfolio; an index is benchmark. A whole schedule typed investment means the label was not read. evidence_quote takes the full printed line over the bare value: the line proves this number, the bare digits prove only that they occur somewhere on the page.",RESOLVED,B+ADJUDICATOR,8783ef3e2dc6cf061218360ff1c3db121d172543d661901b2d74131021935dc1
77801d4e34e40926d017,SRC457,10,PAIR_E237EA3D04146717B64EDDA1,CLASSIFICATION_CONFLICT,650,803,record_family|source_section|asset_class|strategy|period_start|unit|evidence_quote,MERGE,"subject_type classifies what subject_name names: a named vehicle ('... , L.P.', an SMA, an LLC) is fund; a total or subtotal line is the owner's aggregate, so portfolio; an index is benchmark. A whole schedule typed investment means the label was not read. evidence_quote takes the full printed line over the bare value: the line proves this number, the bare digits prove only that they occur somewhere on the page. Definition backfill: both lanes read the same qualifiers off this cell. Definition backfill: both lanes read the same qualifiers off this cell.",RESOLVED,A+B+ADJUDICATOR,8783ef3e2dc6cf061218360ff1c3db121d172543d661901b2d74131021935dc1
956d763b07c41be99172,SRC457,10,PAIR_6CBEECDBB53A0790D7C842DD,VALUE_CONFLICT,651,804,record_family|source_section|source_column_label|asset_class|strategy|period_start|currency_scale|metric_category|metric_value_raw|evidence_quote,MERGE,"subject_type classifies what subject_name names: a named vehicle ('... , L.P.', an SMA, an LLC) is fund; a total or subtotal line is the owner's aggregate, so portfolio; an index is benchmark. A whole schedule typed investment means the label was not read. evidence_quote takes the full printed line over the bare value: the line proves this number, the bare digits prove only that they occur somewhere on the page. Definition backfill: both lanes read the same qualifiers off this cell. Definition backfill: both lanes read the same qualifiers off this cell.",RESOLVED,A+B+ADJUDICATOR,8783ef3e2dc6cf061218360ff1c3db121d172543d661901b2d74131021935dc1
43d3b8a0168383321f65,SRC457,10,PAIR_118A6D0462109C047829EF4A,B_ONLY,,805,,MERGE,"subject_type classifies what subject_name names: a named vehicle ('... , L.P.', an SMA, an LLC) is fund; a total or subtotal line is the owner's aggregate, so portfolio; an index is benchmark. A whole schedule typed investment means the label was not read. PIC is paid_in_capital, never moic: the disambiguation table names the printed label PIC explicitly. The page prints it under a Multiples banner, which is why one lane typed it a multiple. evidence_quote takes the full printed line over the bare value: the line proves this number, the bare digits prove only that they occur somewhere on the page. Definition backfill: both lanes read the same qualifiers off this cell. Definition backfill: both lanes read the same qualifiers off this cell.; the PIC column sits in the multiples block beside TVPI, RVPI, and DPI and its footnote states that PIC multiples may exceed 1.00 due to recycling, so the printed value is a multiple of commitment rather than an amount",RESOLVED,B+ADJUDICATOR,8783ef3e2dc6cf061218360ff1c3db121d172543d661901b2d74131021935dc1
194f46509d14dda5fa80,SRC457,10,PAIR_2F9560D172E7BBB26E246F65,CLASSIFICATION_CONFLICT,652,806,record_family|source_section|asset_class|strategy|period_start|metric_name|evidence_quote,MERGE,"subject_type classifies what subject_name names: a named vehicle ('... , L.P.', an SMA, an LLC) is fund; a total or subtotal line is the owner's aggregate, so portfolio; an index is benchmark. A whole schedule typed investment means the label was not read. metric_name: rows are entities and columns are periods, so the metric is the measure the table itself names in its printed wording, 'Net Time Weighted Returns' — never the period (which is the horizon) and never a singularised trim of the banner. evidence_quote takes the full printed line over the bare value: the line proves this number, the bare digits prove only that they occur somewhere on the page. Definition backfill: both lanes read the same qualifiers off this cell. Definition backfill: both lanes read the same qualifiers off this cell.",RESOLVED,A+B+ADJUDICATOR,8783ef3e2dc6cf061218360ff1c3db121d172543d661901b2d74131021935dc1
d28fe18f2932dffdab28,SRC457,10,PAIR_3DACB14476F5E330E54A63D3,CLASSIFICATION_CONFLICT,653,807,record_family|source_section|asset_class|strategy|period_start|unit|evidence_quote,MERGE,"subject_type classifies what subject_name names: a named vehicle ('... , L.P.', an SMA, an LLC) is fund; a total or subtotal line is the owner's aggregate, so portfolio; an index is benchmark. A whole schedule typed investment means the label was not read. evidence_quote takes the full printed line over the bare value: the line proves this number, the bare digits prove only that they occur somewhere on the page. Definition backfill: both lanes read the same qualifiers off this cell. Definition backfill: both lanes read the same qualifiers off this cell.",RESOLVED,A+B+ADJUDICATOR,8783ef3e2dc6cf061218360ff1c3db121d172543d661901b2d74131021935dc1
f977de8eef083df7f242,SRC457,10,PAIR_0585ED2470EE71A66199E1EF,CLASSIFICATION_CONFLICT,655,808,record_family|source_section|source_column_label|asset_class|strategy|period_start|metric_name|evidence_quote,MERGE,"subject_type classifies what subject_name names: a named vehicle ('... , L.P.', an SMA, an LLC) is fund; a total or subtotal line is the owner's aggregate, so portfolio; an index is benchmark. A whole schedule typed investment means the label was not read. evidence_quote takes the full printed line over the bare value: the line proves this number, the bare digits prove only that they occur somewhere on the page. Definition backfill: both lanes read the same qualifiers off this cell. Definition backfill: both lanes read the same qualifiers off this cell.",RESOLVED,A+B+ADJUDICATOR,8783ef3e2dc6cf061218360ff1c3db121d172543d661901b2d74131021935dc1
9818d42364e828b4a29a,SRC457,10,PAIR_6A04A3D9AF20E6F9F5B7AA3B,CLASSIFICATION_CONFLICT,654,809,record_family|source_section|asset_class|strategy|period_start|metric_name|evidence_quote,MERGE,"subject_type classifies what subject_name names: a named vehicle ('... , L.P.', an SMA, an LLC) is fund; a total or subtotal line is the owner's aggregate, so portfolio; an index is benchmark. A whole schedule typed investment means the label was not read. metric_name: rows are entities and columns are periods, so the metric is the measure the table itself names in its printed wording, 'Net Time Weighted Returns' — never the period (which is the horizon) and never a singularised trim of the banner. evidence_quote takes the full printed line over the bare value: the line proves this number, the bare digits prove only that they occur somewhere on the page. Definition backfill: both lanes read the same qualifiers off this cell. Definition backfill: both lanes read the same qualifiers off this cell.",RESOLVED,A+B+ADJUDICATOR,8783ef3e2dc6cf061218360ff1c3db121d172543d661901b2d74131021935dc1
12852ed0e212c1b87a95,SRC457,10,PAIR_849CA6E7372EC77224CA812B,CLASSIFICATION_CONFLICT,656,810,record_family|source_section|asset_class|strategy|period_start|unit|evidence_quote,MERGE,"subject_type classifies what subject_name names: a named vehicle ('... , L.P.', an SMA, an LLC) is fund; a total or subtotal line is the owner's aggregate, so portfolio; an index is benchmark. A whole schedule typed investment means the label was not read. evidence_quote takes the full printed line over the bare value: the line proves this number, the bare digits prove only that they occur somewhere on the page. Definition backfill: both lanes read the same qualifiers off this cell. Definition backfill: both lanes read the same qualifiers off this cell.",RESOLVED,A+B+ADJUDICATOR,8783ef3e2dc6cf061218360ff1c3db121d172543d661901b2d74131021935dc1
d1f29703effafae7b08c,SRC457,10,PAIR_242A113D1A508D3A45761817,B_ONLY,,811,,MERGE,"subject_type classifies what subject_name names: a named vehicle ('... , L.P.', an SMA, an LLC) is fund; a total or subtotal line is the owner's aggregate, so portfolio; an index is benchmark. A whole schedule typed investment means the label was not read. evidence_quote takes the full printed line over the bare value: the line proves this number, the bare digits prove only that they occur somewhere on the page.",RESOLVED,B+ADJUDICATOR,8783ef3e2dc6cf061218360ff1c3db121d172543d661901b2d74131021935dc1
5474a0020fe4ede34eaa,SRC457,10,PAIR_CCCE53EE124DC37CE0D45E94,VALUE_CONFLICT,657,812,record_family|source_section|asset_class|strategy|period_start|metric_name|metric_value_raw|evidence_quote,MERGE,"subject_type classifies what subject_name names: a named vehicle ('... , L.P.', an SMA, an LLC) is fund; a total or subtotal line is the owner's aggregate, so portfolio; an index is benchmark. A whole schedule typed investment means the label was not read. metric_name: rows are entities and columns are periods, so the metric is the measure the table itself names in its printed wording, 'Net Time Weighted Returns' — never the period (which is the horizon) and never a singularised trim of the banner. evidence_quote takes the full printed line over the bare value: the line proves this number, the bare digits prove only that they occur somewhere on the page. Definition backfill: both lanes read the same qualifiers off this cell. Definition backfill: both lanes read the same qualifiers off this cell.",RESOLVED,A+B+ADJUDICATOR,8783ef3e2dc6cf061218360ff1c3db121d172543d661901b2d74131021935dc1
7aedad4533fefbc9bfbb,SRC457,10,PAIR_D8D2BDFE79DC1C2C0972E8C4,CLASSIFICATION_CONFLICT,658,813,record_family|source_section|asset_class|strategy|period_start|metric_name|evidence_quote,MERGE,"subject_type classifies what subject_name names: a named vehicle ('... , L.P.', an SMA, an LLC) is fund; a total or subtotal line is the owner's aggregate, so portfolio; an index is benchmark. A whole schedule typed investment means the label was not read. metric_name: rows are entities and columns are periods, so the metric is the measure the table itself names in its printed wording, 'Net Time Weighted Returns' — never the period (which is the horizon) and never a singularised trim of the banner. evidence_quote takes the full printed line over the bare value: the line proves this number, the bare digits prove only that they occur somewhere on the page. Definition backfill: both lanes read the same qualifiers off this cell. Definition backfill: both lanes read the same qualifiers off this cell.",RESOLVED,A+B+ADJUDICATOR,8783ef3e2dc6cf061218360ff1c3db121d172543d661901b2d74131021935dc1
998a7f02ea8cdfd4b5a9,SRC457,10,PAIR_4D274FD834A25191994D4CD3,B_ONLY,,814,,MERGE,"subject_type classifies what subject_name names: a named vehicle ('... , L.P.', an SMA, an LLC) is fund; a total or subtotal line is the owner's aggregate, so portfolio; an index is benchmark. A whole schedule typed investment means the label was not read. evidence_quote takes the full printed line over the bare value: the line proves this number, the bare digits prove only that they occur somewhere on the page.",RESOLVED,B+ADJUDICATOR,8783ef3e2dc6cf061218360ff1c3db121d172543d661901b2d74131021935dc1
cd2d3696b98bf5e376ae,SRC457,10,PAIR_E562E6AD34053AF07288E171,CLASSIFICATION_CONFLICT,659,815,record_family|source_section|asset_class|strategy|period_start|unit|evidence_quote,MERGE,"subject_type classifies what subject_name names: a named vehicle ('... , L.P.', an SMA, an LLC) is fund; a total or subtotal line is the owner's aggregate, so portfolio; an index is benchmark. A whole schedule typed investment means the label was not read. evidence_quote takes the full printed line over the bare value: the line proves this number, the bare digits prove only that they occur somewhere on the page. Definition backfill: both lanes read the same qualifiers off this cell. Definition backfill: both lanes read the same qualifiers off this cell.",RESOLVED,A+B+ADJUDICATOR,8783ef3e2dc6cf061218360ff1c3db121d172543d661901b2d74131021935dc1
0bb3ef20e90739ea5a3b,SRC457,10,PAIR_3A2C86809E16399DD9425D4B,VALUE_CONFLICT,660,816,record_family|source_section|source_column_label|asset_class|strategy|period_start|currency_scale|metric_category|metric_value_raw|evidence_quote,MERGE,"subject_type classifies what subject_name names: a named vehicle ('... , L.P.', an SMA, an LLC) is fund; a total or subtotal line is the owner's aggregate, so portfolio; an index is benchmark. A whole schedule typed investment means the label was not read. evidence_quote takes the full printed line over the bare value: the line proves this number, the bare digits prove only that they occur somewhere on the page. Definition backfill: both lanes read the same qualifiers off this cell. Definition backfill: both lanes read the same qualifiers off this cell.",RESOLVED,A+B+ADJUDICATOR,8783ef3e2dc6cf061218360ff1c3db121d172543d661901b2d74131021935dc1
43af5b9e0f41f26cf506,SRC457,10,PAIR_62E834391C373DE9BE24102A,B_ONLY,,817,,MERGE,"subject_type classifies what subject_name names: a named vehicle ('... , L.P.', an SMA, an LLC) is fund; a total or subtotal line is the owner's aggregate, so portfolio; an index is benchmark. A whole schedule typed investment means the label was not read. PIC is paid_in_capital, never moic: the disambiguation table names the printed label PIC explicitly. The page prints it under a Multiples banner, which is why one lane typed it a multiple. evidence_quote takes the full printed line over the bare value: the line proves this number, the bare digits prove only that they occur somewhere on the page. Definition backfill: both lanes read the same qualifiers off this cell. Definition backfill: both lanes read the same qualifiers off this cell.; the PIC column sits in the multiples block beside TVPI, RVPI, and DPI and its footnote states that PIC multiples may exceed 1.00 due to recycling, so the printed value is a multiple of commitment rather than an amount",RESOLVED,B+ADJUDICATOR,8783ef3e2dc6cf061218360ff1c3db121d172543d661901b2d74131021935dc1
4153ae3062869788aef0,SRC457,10,PAIR_3A382B2BC6028120C532B109,CLASSIFICATION_CONFLICT,661,818,record_family|source_section|asset_class|strategy|period_start|metric_name|evidence_quote,MERGE,"subject_type classifies what subject_name names: a named vehicle ('... , L.P.', an SMA, an LLC) is fund; a total or subtotal line is the owner's aggregate, so portfolio; an index is benchmark. A whole schedule typed investment means the label was not read. metric_name: rows are entities and columns are periods, so the metric is the measure the table itself names in its printed wording, 'Net Time Weighted Returns' — never the period (which is the horizon) and never a singularised trim of the banner. evidence_quote takes the full printed line over the bare value: the line proves this number, the bare digits prove only that they occur somewhere on the page. Definition backfill: both lanes read the same qualifiers off this cell. Definition backfill: both lanes read the same qualifiers off this cell.",RESOLVED,A+B+ADJUDICATOR,8783ef3e2dc6cf061218360ff1c3db121d172543d661901b2d74131021935dc1
e93d87b90acd9c321c3e,SRC457,10,PAIR_2D2C12D6B343195C41406A08,CLASSIFICATION_CONFLICT,662,819,record_family|source_section|asset_class|strategy|period_start|unit|evidence_quote,MERGE,"subject_type classifies what subject_name names: a named vehicle ('... , L.P.', an SMA, an LLC) is fund; a total or subtotal line is the owner's aggregate, so portfolio; an index is benchmark. A whole schedule typed investment means the label was not read. evidence_quote takes the full printed line over the bare value: the line proves this number, the bare digits prove only that they occur somewhere on the page. Definition backfill: both lanes read the same qualifiers off this cell. Definition backfill: both lanes read the same qualifiers off this cell.",RESOLVED,A+B+ADJUDICATOR,8783ef3e2dc6cf061218360ff1c3db121d172543d661901b2d74131021935dc1
d9a1fb770d6236ae51bb,SRC457,10,PAIR_0059F87BD0B7BCA441CC7CA0,CLASSIFICATION_CONFLICT,664,820,record_family|source_section|source_column_label|asset_class|strategy|period_start|metric_name|evidence_quote,MERGE,"subject_type classifies what subject_name names: a named vehicle ('... , L.P.', an SMA, an LLC) is fund; a total or subtotal line is the owner's aggregate, so portfolio; an index is benchmark. A whole schedule typed investment means the label was not read. evidence_quote takes the full printed line over the bare value: the line proves this number, the bare digits prove only that they occur somewhere on the page. Definition backfill: both lanes read the same qualifiers off this cell. Definition backfill: both lanes read the same qualifiers off this cell.",RESOLVED,A+B+ADJUDICATOR,8783ef3e2dc6cf061218360ff1c3db121d172543d661901b2d74131021935dc1
0415872ebbce6a950396,SRC457,10,PAIR_63406F3342E8917DF1404DDE,CLASSIFICATION_CONFLICT,663,821,record_family|source_section|asset_class|strategy|period_start|metric_name|evidence_quote,MERGE,"subject_type classifies what subject_name names: a named vehicle ('... , L.P.', an SMA, an LLC) is fund; a total or subtotal line is the owner's aggregate, so portfolio; an index is benchmark. A whole schedule typed investment means the label was not read. metric_name: rows are entities and columns are periods, so the metric is the measure the table itself names in its printed wording, 'Net Time Weighted Returns' — never the period (which is the horizon) and never a singularised trim of the banner. evidence_quote takes the full printed line over the bare value: the line proves this number, the bare digits prove only that they occur somewhere on the page. Definition backfill: both lanes read the same qualifiers off this cell. Definition backfill: both lanes read the same qualifiers off this cell.",RESOLVED,A+B+ADJUDICATOR,8783ef3e2dc6cf061218360ff1c3db121d172543d661901b2d74131021935dc1
fd9d1c58a266df959586,SRC457,10,PAIR_B7392D1FBA57AEC93923D575,CLASSIFICATION_CONFLICT,665,822,record_family|source_section|asset_class|strategy|period_start|unit|evidence_quote,MERGE,"subject_type classifies what subject_name names: a named vehicle ('... , L.P.', an SMA, an LLC) is fund; a total or subtotal line is the owner's aggregate, so portfolio; an index is benchmark. A whole schedule typed investment means the label was not read. evidence_quote takes the full printed line over the bare value: the line proves this number, the bare digits prove only that they occur somewhere on the page. Definition backfill: both lanes read the same qualifiers off this cell. Definition backfill: both lanes read the same qualifiers off this cell.",RESOLVED,A+B+ADJUDICATOR,8783ef3e2dc6cf061218360ff1c3db121d172543d661901b2d74131021935dc1
813d35223a7167ae5a57,SRC457,10,PAIR_98DF4AFF21B27DF38584CFAD,B_ONLY,,823,,MERGE,"subject_type classifies what subject_name names: a named vehicle ('... , L.P.', an SMA, an LLC) is fund; a total or subtotal line is the owner's aggregate, so portfolio; an index is benchmark. A whole schedule typed investment means the label was not read. evidence_quote takes the full printed line over the bare value: the line proves this number, the bare digits prove only that they occur somewhere on the page.",RESOLVED,B+ADJUDICATOR,8783ef3e2dc6cf061218360ff1c3db121d172543d661901b2d74131021935dc1
305c5e8a2b73f5d98664,SRC457,10,PAIR_5171B44F3D1C2676A83B8E39,CLASSIFICATION_CONFLICT,666,824,record_family|source_section|asset_class|strategy|period_start|metric_name|evidence_quote,MERGE,"subject_type classifies what subject_name names: a named vehicle ('... , L.P.', an SMA, an LLC) is fund; a total or subtotal line is the owner's aggregate, so portfolio; an index is benchmark. A whole schedule typed investment means the label was not read. metric_name: rows are entities and columns are periods, so the metric is the measure the table itself names in its printed wording, 'Net Time Weighted Returns' — never the period (which is the horizon) and never a singularised trim of the banner. evidence_quote takes the full printed line over the bare value: the line proves this number, the bare digits prove only that they occur somewhere on the page. Definition backfill: both lanes read the same qualifiers off this cell. Definition backfill: both lanes read the same qualifiers off this cell.",RESOLVED,A+B+ADJUDICATOR,8783ef3e2dc6cf061218360ff1c3db121d172543d661901b2d74131021935dc1
3d3b04ca9841fca131c8,SRC457,10,PAIR_2A67861322B9C17B23B55F45,B_ONLY,,825,,MERGE,"subject_type classifies what subject_name names: a named vehicle ('... , L.P.', an SMA, an LLC) is fund; a total or subtotal line is the owner's aggregate, so portfolio; an index is benchmark. A whole schedule typed investment means the label was not read. evidence_quote takes the full printed line over the bare value: the line proves this number, the bare digits prove only that they occur somewhere on the page.",RESOLVED,B+ADJUDICATOR,8783ef3e2dc6cf061218360ff1c3db121d172543d661901b2d74131021935dc1
9f40ed5d8123430cc492,SRC457,10,PAIR_039D32C8102C3EE16FE52B78,CLASSIFICATION_CONFLICT,667,826,record_family|source_section|asset_class|strategy|period_start|unit|evidence_quote,MERGE,"subject_type classifies what subject_name names: a named vehicle ('... , L.P.', an SMA, an LLC) is fund; a total or subtotal line is the owner's aggregate, so portfolio; an index is benchmark. A whole schedule typed investment means the label was not read. evidence_quote takes the full printed line over the bare value: the line proves this number, the bare digits prove only that they occur somewhere on the page. Definition backfill: both lanes read the same qualifiers off this cell. Definition backfill: both lanes read the same qualifiers off this cell.",RESOLVED,A+B+ADJUDICATOR,8783ef3e2dc6cf061218360ff1c3db121d172543d661901b2d74131021935dc1
a8a2128d905ffa46f1e8,SRC457,10,PAIR_AB9F16B333522F5E7EA49B2B,CLASSIFICATION_CONFLICT,668,827,record_family|source_section|source_column_label|asset_class|strategy|period_start|currency_scale|metric_category|evidence_quote,MERGE,"subject_type classifies what subject_name names: a named vehicle ('... , L.P.', an SMA, an LLC) is fund; a total or subtotal line is the owner's aggregate, so portfolio; an index is benchmark. A whole schedule typed investment means the label was not read. evidence_quote takes the full printed line over the bare value: the line proves this number, the bare digits prove only that they occur somewhere on the page. Definition backfill: both lanes read the same qualifiers off this cell. Definition backfill: both lanes read the same qualifiers off this cell.",RESOLVED,A+B+ADJUDICATOR,8783ef3e2dc6cf061218360ff1c3db121d172543d661901b2d74131021935dc1
5e554cbcef170e20b3c1,SRC457,10,PAIR_4BBF768ADD186B9BD90CDA15,B_ONLY,,828,,MERGE,"subject_type classifies what subject_name names: a named vehicle ('... , L.P.', an SMA, an LLC) is fund; a total or subtotal line is the owner's aggregate, so portfolio; an index is benchmark. A whole schedule typed investment means the label was not read. PIC is paid_in_capital, never moic: the disambiguation table names the printed label PIC explicitly. The page prints it under a Multiples banner, which is why one lane typed it a multiple. evidence_quote takes the full printed line over the bare value: the line proves this number, the bare digits prove only that they occur somewhere on the page. Definition backfill: both lanes read the same qualifiers off this cell. Definition backfill: both lanes read the same qualifiers off this cell.; the PIC column sits in the multiples block beside TVPI, RVPI, and DPI and its footnote states that PIC multiples may exceed 1.00 due to recycling, so the printed value is a multiple of commitment rather than an amount",RESOLVED,B+ADJUDICATOR,8783ef3e2dc6cf061218360ff1c3db121d172543d661901b2d74131021935dc1
dbc0d5330aba8c68fc18,SRC457,10,PAIR_F9704411E96141F41561A39F,CLASSIFICATION_CONFLICT,669,829,record_family|source_section|asset_class|strategy|period_start|metric_name|evidence_quote,MERGE,"subject_type classifies what subject_name names: a named vehicle ('... , L.P.', an SMA, an LLC) is fund; a total or subtotal line is the owner's aggregate, so portfolio; an index is benchmark. A whole schedule typed investment means the label was not read. metric_name: rows are entities and columns are periods, so the metric is the measure the table itself names in its printed wording, 'Net Time Weighted Returns' — never the period (which is the horizon) and never a singularised trim of the banner. evidence_quote takes the full printed line over the bare value: the line proves this number, the bare digits prove only that they occur somewhere on the page. Definition backfill: both lanes read the same qualifiers off this cell. Definition backfill: both lanes read the same qualifiers off this cell.",RESOLVED,A+B+ADJUDICATOR,8783ef3e2dc6cf061218360ff1c3db121d172543d661901b2d74131021935dc1
2ffee295e41ed0356d50,SRC457,10,PAIR_742CC247DAFFFDEC6E0A9955,CLASSIFICATION_CONFLICT,670,830,record_family|source_section|asset_class|strategy|period_start|unit|evidence_quote,MERGE,"subject_type classifies what subject_name names: a named vehicle ('... , L.P.', an SMA, an LLC) is fund; a total or subtotal line is the owner's aggregate, so portfolio; an index is benchmark. A whole schedule typed investment means the label was not read. evidence_quote takes the full printed line over the bare value: the line proves this number, the bare digits prove only that they occur somewhere on the page. Definition backfill: both lanes read the same qualifiers off this cell. Definition backfill: both lanes read the same qualifiers off this cell.",RESOLVED,A+B+ADJUDICATOR,8783ef3e2dc6cf061218360ff1c3db121d172543d661901b2d74131021935dc1
2eea8a0f8d0a39fe2b23,SRC457,10,PAIR_69E8CB9C27E8E7737AD5AB57,CLASSIFICATION_CONFLICT,672,831,record_family|source_section|source_column_label|asset_class|strategy|period_start|metric_name|evidence_quote,MERGE,"subject_type classifies what subject_name names: a named vehicle ('... , L.P.', an SMA, an LLC) is fund; a total or subtotal line is the owner's aggregate, so portfolio; an index is benchmark. A whole schedule typed investment means the label was not read. evidence_quote takes the full printed line over the bare value: the line proves this number, the bare digits prove only that they occur somewhere on the page. Definition backfill: both lanes read the same qualifiers off this cell. Definition backfill: both lanes read the same qualifiers off this cell.",RESOLVED,A+B+ADJUDICATOR,8783ef3e2dc6cf061218360ff1c3db121d172543d661901b2d74131021935dc1
64bea268d7f5a97ae908,SRC457,10,PAIR_11078C45BD84F2AE1A335225,CLASSIFICATION_CONFLICT,671,832,record_family|source_section|asset_class|strategy|period_start|metric_name|evidence_quote,MERGE,"subject_type classifies what subject_name names: a named vehicle ('... , L.P.', an SMA, an LLC) is fund; a total or subtotal line is the owner's aggregate, so portfolio; an index is benchmark. A whole schedule typed investment means the label was not read. metric_name: rows are entities and columns are periods, so the metric is the measure the table itself names in its printed wording, 'Net Time Weighted Returns' — never the period (which is the horizon) and never a singularised trim of the banner. evidence_quote takes the full printed line over the bare value: the line proves this number, the bare digits prove only that they occur somewhere on the page. Definition backfill: both lanes read the same qualifiers off this cell. Definition backfill: both lanes read the same qualifiers off this cell.",RESOLVED,A+B+ADJUDICATOR,8783ef3e2dc6cf061218360ff1c3db121d172543d661901b2d74131021935dc1
1c270773c26b192c3b7f,SRC457,10,PAIR_CF5CEF65A949014AD7A58149,CLASSIFICATION_CONFLICT,673,833,record_family|source_section|asset_class|strategy|period_start|unit|evidence_quote,MERGE,"subject_type classifies what subject_name names: a named vehicle ('... , L.P.', an SMA, an LLC) is fund; a total or subtotal line is the owner's aggregate, so portfolio; an index is benchmark. A whole schedule typed investment means the label was not read. evidence_quote takes the full printed line over the bare value: the line proves this number, the bare digits prove only that they occur somewhere on the page. Definition backfill: both lanes read the same qualifiers off this cell. Definition backfill: both lanes read the same qualifiers off this cell.",RESOLVED,A+B+ADJUDICATOR,8783ef3e2dc6cf061218360ff1c3db121d172543d661901b2d74131021935dc1
a532eb1974e30cb5c38e,SRC457,10,PAIR_16F2ADC6D0FB9B27FBA9FDD4,B_ONLY,,834,,MERGE,"subject_type classifies what subject_name names: a named vehicle ('... , L.P.', an SMA, an LLC) is fund; a total or subtotal line is the owner's aggregate, so portfolio; an index is benchmark. A whole schedule typed investment means the label was not read. evidence_quote takes the full printed line over the bare value: the line proves this number, the bare digits prove only that they occur somewhere on the page.",RESOLVED,B+ADJUDICATOR,8783ef3e2dc6cf061218360ff1c3db121d172543d661901b2d74131021935dc1
9466638af3c27a6a45a6,SRC457,10,PAIR_F0FF2AB4C12C4D936B536915,VALUE_CONFLICT,674,835,record_family|source_section|asset_class|strategy|period_start|metric_name|metric_value_raw|evidence_quote,MERGE,"subject_type classifies what subject_name names: a named vehicle ('... , L.P.', an SMA, an LLC) is fund; a total or subtotal line is the owner's aggregate, so portfolio; an index is benchmark. A whole schedule typed investment means the label was not read. metric_name: rows are entities and columns are periods, so the metric is the measure the table itself names in its printed wording, 'Net Time Weighted Returns' — never the period (which is the horizon) and never a singularised trim of the banner. evidence_quote takes the full printed line over the bare value: the line proves this number, the bare digits prove only that they occur somewhere on the page. Definition backfill: both lanes read the same qualifiers off this cell. Definition backfill: both lanes read the same qualifiers off this cell.",RESOLVED,A+B+ADJUDICATOR,8783ef3e2dc6cf061218360ff1c3db121d172543d661901b2d74131021935dc1
d2cb9d8e3cc7103c0234,SRC457,10,PAIR_5509C40140AB46076AD5085B,B_ONLY,,836,,MERGE,"subject_type classifies what subject_name names: a named vehicle ('... , L.P.', an SMA, an LLC) is fund; a total or subtotal line is the owner's aggregate, so portfolio; an index is benchmark. A whole schedule typed investment means the label was not read. evidence_quote takes the full printed line over the bare value: the line proves this number, the bare digits prove only that they occur somewhere on the page.",RESOLVED,B+ADJUDICATOR,8783ef3e2dc6cf061218360ff1c3db121d172543d661901b2d74131021935dc1
b37c57431a2eb222ea01,SRC457,10,PAIR_DF932DEF5DBD18EDB825E4DF,CLASSIFICATION_CONFLICT,675,837,record_family|source_section|asset_class|strategy|period_start|unit|evidence_quote,MERGE,"subject_type classifies what subject_name names: a named vehicle ('... , L.P.', an SMA, an LLC) is fund; a total or subtotal line is the owner's aggregate, so portfolio; an index is benchmark. A whole schedule typed investment means the label was not read. evidence_quote takes the full printed line over the bare value: the line proves this number, the bare digits prove only that they occur somewhere on the page. Definition backfill: both lanes read the same qualifiers off this cell. Definition backfill: both lanes read the same qualifiers off this cell.",RESOLVED,A+B+ADJUDICATOR,8783ef3e2dc6cf061218360ff1c3db121d172543d661901b2d74131021935dc1
4d1231263407cb5d993c,SRC457,10,PAIR_9809B1BAE647FC3B0CAC5925,CLASSIFICATION_CONFLICT,676,838,record_family|source_section|source_column_label|asset_class|strategy|period_start|currency_scale|metric_category|evidence_quote,MERGE,"subject_type classifies what subject_name names: a named vehicle ('... , L.P.', an SMA, an LLC) is fund; a total or subtotal line is the owner's aggregate, so portfolio; an index is benchmark. A whole schedule typed investment means the label was not read. evidence_quote takes the full printed line over the bare value: the line proves this number, the bare digits prove only that they occur somewhere on the page. Definition backfill: both lanes read the same qualifiers off this cell. Definition backfill: both lanes read the same qualifiers off this cell.",RESOLVED,A+B+ADJUDICATOR,8783ef3e2dc6cf061218360ff1c3db121d172543d661901b2d74131021935dc1
10d12d8713ed32c85f38,SRC457,10,PAIR_C992346D64864DD3FED7B99E,B_ONLY,,839,,MERGE,"subject_type classifies what subject_name names: a named vehicle ('... , L.P.', an SMA, an LLC) is fund; a total or subtotal line is the owner's aggregate, so portfolio; an index is benchmark. A whole schedule typed investment means the label was not read. PIC is paid_in_capital, never moic: the disambiguation table names the printed label PIC explicitly. The page prints it under a Multiples banner, which is why one lane typed it a multiple. evidence_quote takes the full printed line over the bare value: the line proves this number, the bare digits prove only that they occur somewhere on the page. Definition backfill: both lanes read the same qualifiers off this cell. Definition backfill: both lanes read the same qualifiers off this cell.; the PIC column sits in the multiples block beside TVPI, RVPI, and DPI and its footnote states that PIC multiples may exceed 1.00 due to recycling, so the printed value is a multiple of commitment rather than an amount",RESOLVED,B+ADJUDICATOR,8783ef3e2dc6cf061218360ff1c3db121d172543d661901b2d74131021935dc1
920b22643f6c97a24ae6,SRC457,10,PAIR_65ABB017E70FD2BDE7D8F69D,VALUE_CONFLICT,677,840,record_family|source_section|asset_class|strategy|period_start|metric_name|metric_value_raw|evidence_quote,MERGE,"subject_type classifies what subject_name names: a named vehicle ('... , L.P.', an SMA, an LLC) is fund; a total or subtotal line is the owner's aggregate, so portfolio; an index is benchmark. A whole schedule typed investment means the label was not read. metric_name: rows are entities and columns are periods, so the metric is the measure the table itself names in its printed wording, 'Net Time Weighted Returns' — never the period (which is the horizon) and never a singularised trim of the banner. evidence_quote takes the full printed line over the bare value: the line proves this number, the bare digits prove only that they occur somewhere on the page. Definition backfill: both lanes read the same qualifiers off this cell. Definition backfill: both lanes read the same qualifiers off this cell.",RESOLVED,A+B+ADJUDICATOR,8783ef3e2dc6cf061218360ff1c3db121d172543d661901b2d74131021935dc1
a19ff62e1eef75b87a17,SRC457,10,PAIR_743FCCFCE553A4439BDB1A4C,CLASSIFICATION_CONFLICT,678,841,record_family|source_section|asset_class|strategy|period_start|unit|evidence_quote,MERGE,"subject_type classifies what subject_name names: a named vehicle ('... , L.P.', an SMA, an LLC) is fund; a total or subtotal line is the owner's aggregate, so portfolio; an index is benchmark. A whole schedule typed investment means the label was not read. evidence_quote takes the full printed line over the bare value: the line proves this number, the bare digits prove only that they occur somewhere on the page. Definition backfill: both lanes read the same qualifiers off this cell. Definition backfill: both lanes read the same qualifiers off this cell.",RESOLVED,A+B+ADJUDICATOR,8783ef3e2dc6cf061218360ff1c3db121d172543d661901b2d74131021935dc1
9552eb505082da33f77e,SRC457,10,PAIR_11ED63AE5851F59BC2DF7F77,VALUE_CONFLICT,680,842,record_family|source_section|source_column_label|asset_class|strategy|period_start|metric_name|metric_value_raw|evidence_quote,MERGE,"subject_type classifies what subject_name names: a named vehicle ('... , L.P.', an SMA, an LLC) is fund; a total or subtotal line is the owner's aggregate, so portfolio; an index is benchmark. A whole schedule typed investment means the label was not read. evidence_quote takes the full printed line over the bare value: the line proves this number, the bare digits prove only that they occur somewhere on the page. Definition backfill: both lanes read the same qualifiers off this cell. Definition backfill: both lanes read the same qualifiers off this cell.",RESOLVED,A+B+ADJUDICATOR,8783ef3e2dc6cf061218360ff1c3db121d172543d661901b2d74131021935dc1
642155d0baad21d20d9c,SRC457,10,PAIR_0E4BB7D1F7C7D2063388BA03,VALUE_CONFLICT,679,843,record_family|source_section|asset_class|strategy|period_start|metric_name|metric_value_raw|evidence_quote,MERGE,"subject_type classifies what subject_name names: a named vehicle ('... , L.P.', an SMA, an LLC) is fund; a total or subtotal line is the owner's aggregate, so portfolio; an index is benchmark. A whole schedule typed investment means the label was not read. metric_name: rows are entities and columns are periods, so the metric is the measure the table itself names in its printed wording, 'Net Time Weighted Returns' — never the period (which is the horizon) and never a singularised trim of the banner. evidence_quote takes the full printed line over the bare value: the line proves this number, the bare digits prove only that they occur somewhere on the page. Definition backfill: both lanes read the same qualifiers off this cell. Definition backfill: both lanes read the same qualifiers off this cell.",RESOLVED,A+B+ADJUDICATOR,8783ef3e2dc6cf061218360ff1c3db121d172543d661901b2d74131021935dc1
66f895df14f1e2cb4998,SRC457,10,PAIR_646FB665230374840E850649,CLASSIFICATION_CONFLICT,681,844,record_family|source_section|asset_class|strategy|period_start|unit|evidence_quote,MERGE,"subject_type classifies what subject_name names: a named vehicle ('... , L.P.', an SMA, an LLC) is fund; a total or subtotal line is the owner's aggregate, so portfolio; an index is benchmark. A whole schedule typed investment means the label was not read. evidence_quote takes the full printed line over the bare value: the line proves this number, the bare digits prove only that they occur somewhere on the page. Definition backfill: both lanes read the same qualifiers off this cell. Definition backfill: both lanes read the same qualifiers off this cell.",RESOLVED,A+B+ADJUDICATOR,8783ef3e2dc6cf061218360ff1c3db121d172543d661901b2d74131021935dc1
5df140264c43bdcc67d3,SRC457,10,PAIR_EB90A4A98CD9B49701D8EE56,B_ONLY,,845,,MERGE,"subject_type classifies what subject_name names: a named vehicle ('... , L.P.', an SMA, an LLC) is fund; a total or subtotal line is the owner's aggregate, so portfolio; an index is benchmark. A whole schedule typed investment means the label was not read. evidence_quote takes the full printed line over the bare value: the line proves this number, the bare digits prove only that they occur somewhere on the page.",RESOLVED,B+ADJUDICATOR,8783ef3e2dc6cf061218360ff1c3db121d172543d661901b2d74131021935dc1
ed6d3eebc0f31dd0851d,SRC457,10,PAIR_6C453221ED087D19F02B4BA6,VALUE_CONFLICT,682,846,record_family|source_section|asset_class|strategy|period_start|metric_name|metric_value_raw|evidence_quote,MERGE,"subject_type classifies what subject_name names: a named vehicle ('... , L.P.', an SMA, an LLC) is fund; a total or subtotal line is the owner's aggregate, so portfolio; an index is benchmark. A whole schedule typed investment means the label was not read. metric_name: rows are entities and columns are periods, so the metric is the measure the table itself names in its printed wording, 'Net Time Weighted Returns' — never the period (which is the horizon) and never a singularised trim of the banner. evidence_quote takes the full printed line over the bare value: the line proves this number, the bare digits prove only that they occur somewhere on the page. Definition backfill: both lanes read the same qualifiers off this cell. Definition backfill: both lanes read the same qualifiers off this cell.",RESOLVED,A+B+ADJUDICATOR,8783ef3e2dc6cf061218360ff1c3db121d172543d661901b2d74131021935dc1
94cfc0219f701e554156,SRC457,10,PAIR_E5E24D09283D1AED83375044,CLASSIFICATION_CONFLICT,683,847,record_family|source_section|asset_class|strategy|period_start|metric_name|evidence_quote,MERGE,"subject_type classifies what subject_name names: a named vehicle ('... , L.P.', an SMA, an LLC) is fund; a total or subtotal line is the owner's aggregate, so portfolio; an index is benchmark. A whole schedule typed investment means the label was not read. metric_name: rows are entities and columns are periods, so the metric is the measure the table itself names in its printed wording, 'Net Time Weighted Returns' — never the period (which is the horizon) and never a singularised trim of the banner. evidence_quote takes the full printed line over the bare value: the line proves this number, the bare digits prove only that they occur somewhere on the page. Definition backfill: both lanes read the same qualifiers off this cell. Definition backfill: both lanes read the same qualifiers off this cell.",RESOLVED,A+B+ADJUDICATOR,8783ef3e2dc6cf061218360ff1c3db121d172543d661901b2d74131021935dc1
290623a4a86e3111cbde,SRC457,10,PAIR_D3839A019E45E2E5D31A1805,CLASSIFICATION_CONFLICT,684,848,record_family|source_section|asset_class|strategy|period_start|metric_name|evidence_quote,MERGE,"subject_type classifies what subject_name names: a named vehicle ('... , L.P.', an SMA, an LLC) is fund; a total or subtotal line is the owner's aggregate, so portfolio; an index is benchmark. A whole schedule typed investment means the label was not read. metric_name: rows are entities and columns are periods, so the metric is the measure the table itself names in its printed wording, 'Net Time Weighted Returns' — never the period (which is the horizon) and never a singularised trim of the banner. evidence_quote takes the full printed line over the bare value: the line proves this number, the bare digits prove only that they occur somewhere on the page. Definition backfill: both lanes read the same qualifiers off this cell. Definition backfill: both lanes read the same qualifiers off this cell.",RESOLVED,A+B+ADJUDICATOR,8783ef3e2dc6cf061218360ff1c3db121d172543d661901b2d74131021935dc1
ee5b3978b556da73f0de,SRC457,10,PAIR_E7143547A31995A7ECEC5C4C,B_ONLY,,849,,MERGE,"subject_type classifies what subject_name names: a named vehicle ('... , L.P.', an SMA, an LLC) is fund; a total or subtotal line is the owner's aggregate, so portfolio; an index is benchmark. A whole schedule typed investment means the label was not read. evidence_quote takes the full printed line over the bare value: the line proves this number, the bare digits prove only that they occur somewhere on the page.",RESOLVED,B+ADJUDICATOR,8783ef3e2dc6cf061218360ff1c3db121d172543d661901b2d74131021935dc1
5a478e90130e275903d6,SRC457,10,PAIR_FCCB9836161C5B1A68C65203,CLASSIFICATION_CONFLICT,685,850,record_family|source_section|asset_class|strategy|period_start|unit|evidence_quote,MERGE,"subject_type classifies what subject_name names: a named vehicle ('... , L.P.', an SMA, an LLC) is fund; a total or subtotal line is the owner's aggregate, so portfolio; an index is benchmark. A whole schedule typed investment means the label was not read. evidence_quote takes the full printed line over the bare value: the line proves this number, the bare digits prove only that they occur somewhere on the page. Definition backfill: both lanes read the same qualifiers off this cell. Definition backfill: both lanes read the same qualifiers off this cell.",RESOLVED,A+B+ADJUDICATOR,8783ef3e2dc6cf061218360ff1c3db121d172543d661901b2d74131021935dc1
8614312c3cf2d0cd5e06,SRC457,10,PAIR_F6DABBBCF9FB6633C4C304CF,CLASSIFICATION_CONFLICT,686,851,record_family|source_section|source_column_label|asset_class|strategy|period_start|currency_scale|metric_category|evidence_quote,MERGE,"subject_type classifies what subject_name names: a named vehicle ('... , L.P.', an SMA, an LLC) is fund; a total or subtotal line is the owner's aggregate, so portfolio; an index is benchmark. A whole schedule typed investment means the label was not read. evidence_quote takes the full printed line over the bare value: the line proves this number, the bare digits prove only that they occur somewhere on the page. Definition backfill: both lanes read the same qualifiers off this cell. Definition backfill: both lanes read the same qualifiers off this cell.",RESOLVED,A+B+ADJUDICATOR,8783ef3e2dc6cf061218360ff1c3db121d172543d661901b2d74131021935dc1
01b20c492504494a953c,SRC457,10,PAIR_BD95627B65AF4BAB892B4C29,B_ONLY,,852,,MERGE,"subject_type classifies what subject_name names: a named vehicle ('... , L.P.', an SMA, an LLC) is fund; a total or subtotal line is the owner's aggregate, so portfolio; an index is benchmark. A whole schedule typed investment means the label was not read. PIC is paid_in_capital, never moic: the disambiguation table names the printed label PIC explicitly. The page prints it under a Multiples banner, which is why one lane typed it a multiple. evidence_quote takes the full printed line over the bare value: the line proves this number, the bare digits prove only that they occur somewhere on the page. Definition backfill: both lanes read the same qualifiers off this cell. Definition backfill: both lanes read the same qualifiers off this cell.; the PIC column sits in the multiples block beside TVPI, RVPI, and DPI and its footnote states that PIC multiples may exceed 1.00 due to recycling, so the printed value is a multiple of commitment rather than an amount",RESOLVED,B+ADJUDICATOR,8783ef3e2dc6cf061218360ff1c3db121d172543d661901b2d74131021935dc1
6cdad190a251b53e02cd,SRC457,10,PAIR_3A448251BD526B7A1E4DD824,VALUE_CONFLICT,687,853,record_family|source_section|asset_class|strategy|period_start|metric_name|metric_value_raw|evidence_quote,MERGE,"subject_type classifies what subject_name names: a named vehicle ('... , L.P.', an SMA, an LLC) is fund; a total or subtotal line is the owner's aggregate, so portfolio; an index is benchmark. A whole schedule typed investment means the label was not read. metric_name: rows are entities and columns are periods, so the metric is the measure the table itself names in its printed wording, 'Net Time Weighted Returns' — never the period (which is the horizon) and never a singularised trim of the banner. evidence_quote takes the full printed line over the bare value: the line proves this number, the bare digits prove only that they occur somewhere on the page. Definition backfill: both lanes read the same qualifiers off this cell. Definition backfill: both lanes read the same qualifiers off this cell.",RESOLVED,A+B+ADJUDICATOR,8783ef3e2dc6cf061218360ff1c3db121d172543d661901b2d74131021935dc1
b14a6f71b093dbffc5bd,SRC457,10,PAIR_19E04FA963F175AE426D6A81,CLASSIFICATION_CONFLICT,688,854,record_family|source_section|asset_class|strategy|period_start|unit|evidence_quote,MERGE,"subject_type classifies what subject_name names: a named vehicle ('... , L.P.', an SMA, an LLC) is fund; a total or subtotal line is the owner's aggregate, so portfolio; an index is benchmark. A whole schedule typed investment means the label was not read. evidence_quote takes the full printed line over the bare value: the line proves this number, the bare digits prove only that they occur somewhere on the page. Definition backfill: both lanes read the same qualifiers off this cell. Definition backfill: both lanes read the same qualifiers off this cell.",RESOLVED,A+B+ADJUDICATOR,8783ef3e2dc6cf061218360ff1c3db121d172543d661901b2d74131021935dc1
24948565d50dae531054,SRC457,10,PAIR_BEA89EADF1C88A997C93F9BA,CLASSIFICATION_CONFLICT,690,855,record_family|source_section|source_column_label|asset_class|strategy|period_start|metric_name|evidence_quote,MERGE,"subject_type classifies what subject_name names: a named vehicle ('... , L.P.', an SMA, an LLC) is fund; a total or subtotal line is the owner's aggregate, so portfolio; an index is benchmark. A whole schedule typed investment means the label was not read. evidence_quote takes the full printed line over the bare value: the line proves this number, the bare digits prove only that they occur somewhere on the page. Definition backfill: both lanes read the same qualifiers off this cell. Definition backfill: both lanes read the same qualifiers off this cell.",RESOLVED,A+B+ADJUDICATOR,8783ef3e2dc6cf061218360ff1c3db121d172543d661901b2d74131021935dc1
6a07b25bc6f7682f272a,SRC457,10,PAIR_E843A6182E3FE375F503D9E7,CLASSIFICATION_CONFLICT,689,856,record_family|source_section|asset_class|strategy|period_start|metric_name|evidence_quote,MERGE,"subject_type classifies what subject_name names: a named vehicle ('... , L.P.', an SMA, an LLC) is fund; a total or subtotal line is the owner's aggregate, so portfolio; an index is benchmark. A whole schedule typed investment means the label was not read. metric_name: rows are entities and columns are periods, so the metric is the measure the table itself names in its printed wording, 'Net Time Weighted Returns' — never the period (which is the horizon) and never a singularised trim of the banner. evidence_quote takes the full printed line over the bare value: the line proves this number, the bare digits prove only that they occur somewhere on the page. Definition backfill: both lanes read the same qualifiers off this cell. Definition backfill: both lanes read the same qualifiers off this cell.",RESOLVED,A+B+ADJUDICATOR,8783ef3e2dc6cf061218360ff1c3db121d172543d661901b2d74131021935dc1
411555b74e84cd88166d,SRC457,10,PAIR_9D9E40DB3EFAD94E8A6314EE,CLASSIFICATION_CONFLICT,691,857,record_family|source_section|asset_class|strategy|period_start|unit|evidence_quote,MERGE,"subject_type classifies what subject_name names: a named vehicle ('... , L.P.', an SMA, an LLC) is fund; a total or subtotal line is the owner's aggregate, so portfolio; an index is benchmark. A whole schedule typed investment means the label was not read. evidence_quote takes the full printed line over the bare value: the line proves this number, the bare digits prove only that they occur somewhere on the page. Definition backfill: both lanes read the same qualifiers off this cell. Definition backfill: both lanes read the same qualifiers off this cell.",RESOLVED,A+B+ADJUDICATOR,8783ef3e2dc6cf061218360ff1c3db121d172543d661901b2d74131021935dc1
a549077cf3d2c6e2ff13,SRC457,10,PAIR_6ACD1651CF50B387D76D0C4B,B_ONLY,,858,,MERGE,"subject_type classifies what subject_name names: a named vehicle ('... , L.P.', an SMA, an LLC) is fund; a total or subtotal line is the owner's aggregate, so portfolio; an index is benchmark. A whole schedule typed investment means the label was not read. evidence_quote takes the full printed line over the bare value: the line proves this number, the bare digits prove only that they occur somewhere on the page.",RESOLVED,B+ADJUDICATOR,8783ef3e2dc6cf061218360ff1c3db121d172543d661901b2d74131021935dc1
e05b7cde92da9eafdfd2,SRC457,10,PAIR_B0BC0C63B3562FC67879C050,CLASSIFICATION_CONFLICT,692,859,record_family|source_section|asset_class|strategy|period_start|metric_name|evidence_quote,MERGE,"subject_type classifies what subject_name names: a named vehicle ('... , L.P.', an SMA, an LLC) is fund; a total or subtotal line is the owner's aggregate, so portfolio; an index is benchmark. A whole schedule typed investment means the label was not read. metric_name: rows are entities and columns are periods, so the metric is the measure the table itself names in its printed wording, 'Net Time Weighted Returns' — never the period (which is the horizon) and never a singularised trim of the banner. evidence_quote takes the full printed line over the bare value: the line proves this number, the bare digits prove only that they occur somewhere on the page. Definition backfill: both lanes read the same qualifiers off this cell. Definition backfill: both lanes read the same qualifiers off this cell.",RESOLVED,A+B+ADJUDICATOR,8783ef3e2dc6cf061218360ff1c3db121d172543d661901b2d74131021935dc1
4b35878d92138faea0f8,SRC457,10,PAIR_E0B928EA431BBE7755DE7255,CLASSIFICATION_CONFLICT,693,860,record_family|source_section|asset_class|strategy|period_start|metric_name|evidence_quote,MERGE,"subject_type classifies what subject_name names: a named vehicle ('... , L.P.', an SMA, an LLC) is fund; a total or subtotal line is the owner's aggregate, so portfolio; an index is benchmark. A whole schedule typed investment means the label was not read. metric_name: rows are entities and columns are periods, so the metric is the measure the table itself names in its printed wording, 'Net Time Weighted Returns' — never the period (which is the horizon) and never a singularised trim of the banner. evidence_quote takes the full printed line over the bare value: the line proves this number, the bare digits prove only that they occur somewhere on the page. Definition backfill: both lanes read the same qualifiers off this cell. Definition backfill: both lanes read the same qualifiers off this cell.",RESOLVED,A+B+ADJUDICATOR,8783ef3e2dc6cf061218360ff1c3db121d172543d661901b2d74131021935dc1
fa2534a2116429147c3a,SRC457,10,PAIR_36A9D44FDD7983A51EBAB0D1,CLASSIFICATION_CONFLICT,694,861,record_family|source_section|asset_class|strategy|period_start|metric_name|evidence_quote,MERGE,"subject_type classifies what subject_name names: a named vehicle ('... , L.P.', an SMA, an LLC) is fund; a total or subtotal line is the owner's aggregate, so portfolio; an index is benchmark. A whole schedule typed investment means the label was not read. metric_name: rows are entities and columns are periods, so the metric is the measure the table itself names in its printed wording, 'Net Time Weighted Returns' — never the period (which is the horizon) and never a singularised trim of the banner. evidence_quote takes the full printed line over the bare value: the line proves this number, the bare digits prove only that they occur somewhere on the page. Definition backfill: both lanes read the same qualifiers off this cell. Definition backfill: both lanes read the same qualifiers off this cell.",RESOLVED,A+B+ADJUDICATOR,8783ef3e2dc6cf061218360ff1c3db121d172543d661901b2d74131021935dc1
67cf35cb33a2d182aa00,SRC457,10,PAIR_A934AB5D32C765D898D0E796,CLASSIFICATION_CONFLICT,695,862,record_family|source_section|asset_class|strategy|period_start|metric_name|evidence_quote,MERGE,"subject_type classifies what subject_name names: a named vehicle ('... , L.P.', an SMA, an LLC) is fund; a total or subtotal line is the owner's aggregate, so portfolio; an index is benchmark. A whole schedule typed investment means the label was not read. metric_name: rows are entities and columns are periods, so the metric is the measure the table itself names in its printed wording, 'Net Time Weighted Returns' — never the period (which is the horizon) and never a singularised trim of the banner. evidence_quote takes the full printed line over the bare value: the line proves this number, the bare digits prove only that they occur somewhere on the page. Definition backfill: both lanes read the same qualifiers off this cell. Definition backfill: both lanes read the same qualifiers off this cell.",RESOLVED,A+B+ADJUDICATOR,8783ef3e2dc6cf061218360ff1c3db121d172543d661901b2d74131021935dc1
6b7917b2b2f71ea2b768,SRC457,10,PAIR_8BD896CA09E611FA99C26F7E,B_ONLY,,863,,MERGE,"subject_type classifies what subject_name names: a named vehicle ('... , L.P.', an SMA, an LLC) is fund; a total or subtotal line is the owner's aggregate, so portfolio; an index is benchmark. A whole schedule typed investment means the label was not read. evidence_quote takes the full printed line over the bare value: the line proves this number, the bare digits prove only that they occur somewhere on the page.",RESOLVED,B+ADJUDICATOR,8783ef3e2dc6cf061218360ff1c3db121d172543d661901b2d74131021935dc1
361429b71a33f64141d1,SRC457,10,PAIR_4E7BC196ADC4521DD10AC204,CLASSIFICATION_CONFLICT,696,864,record_family|source_section|asset_class|strategy|period_start|unit|evidence_quote,MERGE,"subject_type classifies what subject_name names: a named vehicle ('... , L.P.', an SMA, an LLC) is fund; a total or subtotal line is the owner's aggregate, so portfolio; an index is benchmark. A whole schedule typed investment means the label was not read. evidence_quote takes the full printed line over the bare value: the line proves this number, the bare digits prove only that they occur somewhere on the page. Definition backfill: both lanes read the same qualifiers off this cell. Definition backfill: both lanes read the same qualifiers off this cell.",RESOLVED,A+B+ADJUDICATOR,8783ef3e2dc6cf061218360ff1c3db121d172543d661901b2d74131021935dc1
377baeb8baa504aa6fb3,SRC457,10,PAIR_19E3E96C81BC0E63B250D19B,CLASSIFICATION_CONFLICT,697,865,record_family|source_section|source_column_label|asset_class|strategy|period_start|currency_scale|metric_category|evidence_quote,MERGE,"subject_type classifies what subject_name names: a named vehicle ('... , L.P.', an SMA, an LLC) is fund; a total or subtotal line is the owner's aggregate, so portfolio; an index is benchmark. A whole schedule typed investment means the label was not read. evidence_quote takes the full printed line over the bare value: the line proves this number, the bare digits prove only that they occur somewhere on the page. Definition backfill: both lanes read the same qualifiers off this cell. Definition backfill: both lanes read the same qualifiers off this cell.",RESOLVED,A+B+ADJUDICATOR,8783ef3e2dc6cf061218360ff1c3db121d172543d661901b2d74131021935dc1
3347ba9e9701d89a5d92,SRC457,10,PAIR_2832B70452447B8134141F73,B_ONLY,,866,,MERGE,"subject_type classifies what subject_name names: a named vehicle ('... , L.P.', an SMA, an LLC) is fund; a total or subtotal line is the owner's aggregate, so portfolio; an index is benchmark. A whole schedule typed investment means the label was not read. PIC is paid_in_capital, never moic: the disambiguation table names the printed label PIC explicitly. The page prints it under a Multiples banner, which is why one lane typed it a multiple. evidence_quote takes the full printed line over the bare value: the line proves this number, the bare digits prove only that they occur somewhere on the page. Definition backfill: both lanes read the same qualifiers off this cell. Definition backfill: both lanes read the same qualifiers off this cell.; the PIC column sits in the multiples block beside TVPI, RVPI, and DPI and its footnote states that PIC multiples may exceed 1.00 due to recycling, so the printed value is a multiple of commitment rather than an amount",RESOLVED,B+ADJUDICATOR,8783ef3e2dc6cf061218360ff1c3db121d172543d661901b2d74131021935dc1
bf44f9551d681b710eef,SRC457,10,PAIR_81C14A9D6C13CB645DA22045,CLASSIFICATION_CONFLICT,698,867,record_family|source_section|asset_class|strategy|period_start|metric_name|evidence_quote,MERGE,"subject_type classifies what subject_name names: a named vehicle ('... , L.P.', an SMA, an LLC) is fund; a total or subtotal line is the owner's aggregate, so portfolio; an index is benchmark. A whole schedule typed investment means the label was not read. metric_name: rows are entities and columns are periods, so the metric is the measure the table itself names in its printed wording, 'Net Time Weighted Returns' — never the period (which is the horizon) and never a singularised trim of the banner. evidence_quote takes the full printed line over the bare value: the line proves this number, the bare digits prove only that they occur somewhere on the page. Definition backfill: both lanes read the same qualifiers off this cell. Definition backfill: both lanes read the same qualifiers off this cell.",RESOLVED,A+B+ADJUDICATOR,8783ef3e2dc6cf061218360ff1c3db121d172543d661901b2d74131021935dc1
1e6ca9b2bb8e1ca600fe,SRC457,10,PAIR_263C121943FC1A1E93BD2718,CLASSIFICATION_CONFLICT,699,868,record_family|source_section|asset_class|strategy|period_start|unit|evidence_quote,MERGE,"subject_type classifies what subject_name names: a named vehicle ('... , L.P.', an SMA, an LLC) is fund; a total or subtotal line is the owner's aggregate, so portfolio; an index is benchmark. A whole schedule typed investment means the label was not read. evidence_quote takes the full printed line over the bare value: the line proves this number, the bare digits prove only that they occur somewhere on the page. Definition backfill: both lanes read the same qualifiers off this cell. Definition backfill: both lanes read the same qualifiers off this cell.",RESOLVED,A+B+ADJUDICATOR,8783ef3e2dc6cf061218360ff1c3db121d172543d661901b2d74131021935dc1
ced1017aa43635f07253,SRC457,10,PAIR_DE1025311EAF743AC69B6900,CLASSIFICATION_CONFLICT,701,869,record_family|source_section|source_column_label|asset_class|strategy|period_start|metric_name|evidence_quote,MERGE,"subject_type classifies what subject_name names: a named vehicle ('... , L.P.', an SMA, an LLC) is fund; a total or subtotal line is the owner's aggregate, so portfolio; an index is benchmark. A whole schedule typed investment means the label was not read. evidence_quote takes the full printed line over the bare value: the line proves this number, the bare digits prove only that they occur somewhere on the page. Definition backfill: both lanes read the same qualifiers off this cell. Definition backfill: both lanes read the same qualifiers off this cell.",RESOLVED,A+B+ADJUDICATOR,8783ef3e2dc6cf061218360ff1c3db121d172543d661901b2d74131021935dc1
0000e965da9d4d8a2220,SRC457,10,PAIR_C4EF1A27F44EEF5E37C90F49,CLASSIFICATION_CONFLICT,700,870,record_family|source_section|asset_class|strategy|period_start|metric_name|evidence_quote,MERGE,"subject_type classifies what subject_name names: a named vehicle ('... , L.P.', an SMA, an LLC) is fund; a total or subtotal line is the owner's aggregate, so portfolio; an index is benchmark. A whole schedule typed investment means the label was not read. metric_name: rows are entities and columns are periods, so the metric is the measure the table itself names in its printed wording, 'Net Time Weighted Returns' — never the period (which is the horizon) and never a singularised trim of the banner. evidence_quote takes the full printed line over the bare value: the line proves this number, the bare digits prove only that they occur somewhere on the page. Definition backfill: both lanes read the same qualifiers off this cell. Definition backfill: both lanes read the same qualifiers off this cell.",RESOLVED,A+B+ADJUDICATOR,8783ef3e2dc6cf061218360ff1c3db121d172543d661901b2d74131021935dc1
4f46799f651eb7556d68,SRC457,10,PAIR_66BFC7E137DBA43EF84F9C06,CLASSIFICATION_CONFLICT,702,871,record_family|source_section|asset_class|strategy|period_start|unit|evidence_quote,MERGE,"subject_type classifies what subject_name names: a named vehicle ('... , L.P.', an SMA, an LLC) is fund; a total or subtotal line is the owner's aggregate, so portfolio; an index is benchmark. A whole schedule typed investment means the label was not read. evidence_quote takes the full printed line over the bare value: the line proves this number, the bare digits prove only that they occur somewhere on the page. Definition backfill: both lanes read the same qualifiers off this cell. Definition backfill: both lanes read the same qualifiers off this cell.",RESOLVED,A+B+ADJUDICATOR,8783ef3e2dc6cf061218360ff1c3db121d172543d661901b2d74131021935dc1
f84eef5731367574ebd2,SRC457,10,PAIR_A29EF5DD5297C2B3A6ED629B,B_ONLY,,872,,MERGE,"subject_type classifies what subject_name names: a named vehicle ('... , L.P.', an SMA, an LLC) is fund; a total or subtotal line is the owner's aggregate, so portfolio; an index is benchmark. A whole schedule typed investment means the label was not read. evidence_quote takes the full printed line over the bare value: the line proves this number, the bare digits prove only that they occur somewhere on the page.",RESOLVED,B+ADJUDICATOR,8783ef3e2dc6cf061218360ff1c3db121d172543d661901b2d74131021935dc1
567739529e37d90d8b4b,SRC457,10,PAIR_B2C4E8B9489D3E5D4B7534AC,VALUE_CONFLICT,703,873,record_family|source_section|asset_class|strategy|period_start|metric_name|metric_value_raw|evidence_quote,MERGE,"subject_type classifies what subject_name names: a named vehicle ('... , L.P.', an SMA, an LLC) is fund; a total or subtotal line is the owner's aggregate, so portfolio; an index is benchmark. A whole schedule typed investment means the label was not read. metric_name: rows are entities and columns are periods, so the metric is the measure the table itself names in its printed wording, 'Net Time Weighted Returns' — never the period (which is the horizon) and never a singularised trim of the banner. evidence_quote takes the full printed line over the bare value: the line proves this number, the bare digits prove only that they occur somewhere on the page. Definition backfill: both lanes read the same qualifiers off this cell. Definition backfill: both lanes read the same qualifiers off this cell.",RESOLVED,A+B+ADJUDICATOR,8783ef3e2dc6cf061218360ff1c3db121d172543d661901b2d74131021935dc1
a4cc90c6518a9baebc16,SRC457,10,PAIR_86E0A608DE008C28830C20E6,CLASSIFICATION_CONFLICT,704,874,record_family|source_section|asset_class|strategy|period_start|metric_name|evidence_quote,MERGE,"subject_type classifies what subject_name names: a named vehicle ('... , L.P.', an SMA, an LLC) is fund; a total or subtotal line is the owner's aggregate, so portfolio; an index is benchmark. A whole schedule typed investment means the label was not read. metric_name: rows are entities and columns are periods, so the metric is the measure the table itself names in its printed wording, 'Net Time Weighted Returns' — never the period (which is the horizon) and never a singularised trim of the banner. evidence_quote takes the full printed line over the bare value: the line proves this number, the bare digits prove only that they occur somewhere on the page. Definition backfill: both lanes read the same qualifiers off this cell. Definition backfill: both lanes read the same qualifiers off this cell.",RESOLVED,A+B+ADJUDICATOR,8783ef3e2dc6cf061218360ff1c3db121d172543d661901b2d74131021935dc1
efe3ddba165523e4c858,SRC457,10,PAIR_2976D643AA961FDEB6B107B9,CLASSIFICATION_CONFLICT,705,875,record_family|source_section|asset_class|strategy|period_start|metric_name|evidence_quote,MERGE,"subject_type classifies what subject_name names: a named vehicle ('... , L.P.', an SMA, an LLC) is fund; a total or subtotal line is the owner's aggregate, so portfolio; an index is benchmark. A whole schedule typed investment means the label was not read. metric_name: rows are entities and columns are periods, so the metric is the measure the table itself names in its printed wording, 'Net Time Weighted Returns' — never the period (which is the horizon) and never a singularised trim of the banner. evidence_quote takes the full printed line over the bare value: the line proves this number, the bare digits prove only that they occur somewhere on the page. Definition backfill: both lanes read the same qualifiers off this cell. Definition backfill: both lanes read the same qualifiers off this cell.",RESOLVED,A+B+ADJUDICATOR,8783ef3e2dc6cf061218360ff1c3db121d172543d661901b2d74131021935dc1
8c6558b3c0fa6ab5d57c,SRC457,10,PAIR_5CC50D5127676BDB02DF75E4,CLASSIFICATION_CONFLICT,706,876,record_family|source_section|asset_class|strategy|period_start|metric_name|evidence_quote,MERGE,"subject_type classifies what subject_name names: a named vehicle ('... , L.P.', an SMA, an LLC) is fund; a total or subtotal line is the owner's aggregate, so portfolio; an index is benchmark. A whole schedule typed investment means the label was not read. metric_name: rows are entities and columns are periods, so the metric is the measure the table itself names in its printed wording, 'Net Time Weighted Returns' — never the period (which is the horizon) and never a singularised trim of the banner. evidence_quote takes the full printed line over the bare value: the line proves this number, the bare digits prove only that they occur somewhere on the page. Definition backfill: both lanes read the same qualifiers off this cell. Definition backfill: both lanes read the same qualifiers off this cell.",RESOLVED,A+B+ADJUDICATOR,8783ef3e2dc6cf061218360ff1c3db121d172543d661901b2d74131021935dc1
d93c5dc7fa53c40b7f2c,SRC457,10,PAIR_AE821024FA0974293EED489B,B_ONLY,,877,,MERGE,"subject_type classifies what subject_name names: a named vehicle ('... , L.P.', an SMA, an LLC) is fund; a total or subtotal line is the owner's aggregate, so portfolio; an index is benchmark. A whole schedule typed investment means the label was not read. evidence_quote takes the full printed line over the bare value: the line proves this number, the bare digits prove only that they occur somewhere on the page.",RESOLVED,B+ADJUDICATOR,8783ef3e2dc6cf061218360ff1c3db121d172543d661901b2d74131021935dc1
79ce36eb648ee2d083eb,SRC457,10,PAIR_89826531E4BD7B4BE15EF6B4,CLASSIFICATION_CONFLICT,707,878,record_family|source_section|asset_class|strategy|period_start|unit|evidence_quote,MERGE,"subject_type classifies what subject_name names: a named vehicle ('... , L.P.', an SMA, an LLC) is fund; a total or subtotal line is the owner's aggregate, so portfolio; an index is benchmark. A whole schedule typed investment means the label was not read. evidence_quote takes the full printed line over the bare value: the line proves this number, the bare digits prove only that they occur somewhere on the page. Definition backfill: both lanes read the same qualifiers off this cell. Definition backfill: both lanes read the same qualifiers off this cell.",RESOLVED,A+B+ADJUDICATOR,8783ef3e2dc6cf061218360ff1c3db121d172543d661901b2d74131021935dc1
c6126de15359d6f283de,SRC457,10,PAIR_03E01C2039BBF5EA2D1CE955,CLASSIFICATION_CONFLICT,708,879,record_family|source_section|source_column_label|asset_class|strategy|period_start|currency_scale|metric_category|evidence_quote,MERGE,"subject_type classifies what subject_name names: a named vehicle ('... , L.P.', an SMA, an LLC) is fund; a total or subtotal line is the owner's aggregate, so portfolio; an index is benchmark. A whole schedule typed investment means the label was not read. evidence_quote takes the full printed line over the bare value: the line proves this number, the bare digits prove only that they occur somewhere on the page. Definition backfill: both lanes read the same qualifiers off this cell. Definition backfill: both lanes read the same qualifiers off this cell.",RESOLVED,A+B+ADJUDICATOR,8783ef3e2dc6cf061218360ff1c3db121d172543d661901b2d74131021935dc1
6ad01a954031b61ad636,SRC457,10,PAIR_BDDD1C3FED0D4B7A9DE04EF2,B_ONLY,,880,,MERGE,"subject_type classifies what subject_name names: a named vehicle ('... , L.P.', an SMA, an LLC) is fund; a total or subtotal line is the owner's aggregate, so portfolio; an index is benchmark. A whole schedule typed investment means the label was not read. PIC is paid_in_capital, never moic: the disambiguation table names the printed label PIC explicitly. The page prints it under a Multiples banner, which is why one lane typed it a multiple. evidence_quote takes the full printed line over the bare value: the line proves this number, the bare digits prove only that they occur somewhere on the page. Definition backfill: both lanes read the same qualifiers off this cell. Definition backfill: both lanes read the same qualifiers off this cell.; the PIC column sits in the multiples block beside TVPI, RVPI, and DPI and its footnote states that PIC multiples may exceed 1.00 due to recycling, so the printed value is a multiple of commitment rather than an amount",RESOLVED,B+ADJUDICATOR,8783ef3e2dc6cf061218360ff1c3db121d172543d661901b2d74131021935dc1
d420d43419b57a2f3059,SRC457,10,PAIR_F8E2AE0DCE6BBDAB53F4416F,VALUE_CONFLICT,709,881,record_family|source_section|asset_class|strategy|period_start|metric_name|metric_value_raw|evidence_quote,MERGE,"subject_type classifies what subject_name names: a named vehicle ('... , L.P.', an SMA, an LLC) is fund; a total or subtotal line is the owner's aggregate, so portfolio; an index is benchmark. A whole schedule typed investment means the label was not read. metric_name: rows are entities and columns are periods, so the metric is the measure the table itself names in its printed wording, 'Net Time Weighted Returns' — never the period (which is the horizon) and never a singularised trim of the banner. evidence_quote takes the full printed line over the bare value: the line proves this number, the bare digits prove only that they occur somewhere on the page. Definition backfill: both lanes read the same qualifiers off this cell. Definition backfill: both lanes read the same qualifiers off this cell.",RESOLVED,A+B+ADJUDICATOR,8783ef3e2dc6cf061218360ff1c3db121d172543d661901b2d74131021935dc1
e3cf01f5c7c42bd99b69,SRC457,10,PAIR_6EE691C2033C87252DB9753E,CLASSIFICATION_CONFLICT,710,882,record_family|source_section|asset_class|strategy|period_start|unit|evidence_quote,MERGE,"subject_type classifies what subject_name names: a named vehicle ('... , L.P.', an SMA, an LLC) is fund; a total or subtotal line is the owner's aggregate, so portfolio; an index is benchmark. A whole schedule typed investment means the label was not read. evidence_quote takes the full printed line over the bare value: the line proves this number, the bare digits prove only that they occur somewhere on the page. Definition backfill: both lanes read the same qualifiers off this cell. Definition backfill: both lanes read the same qualifiers off this cell.",RESOLVED,A+B+ADJUDICATOR,8783ef3e2dc6cf061218360ff1c3db121d172543d661901b2d74131021935dc1
1fa0eeafca2651cdbd76,SRC457,10,PAIR_2C125CB22829B4B28F6FE096,CLASSIFICATION_CONFLICT,712,883,record_family|source_section|source_column_label|asset_class|strategy|period_start|metric_name|evidence_quote,MERGE,"subject_type classifies what subject_name names: a named vehicle ('... , L.P.', an SMA, an LLC) is fund; a total or subtotal line is the owner's aggregate, so portfolio; an index is benchmark. A whole schedule typed investment means the label was not read. evidence_quote takes the full printed line over the bare value: the line proves this number, the bare digits prove only that they occur somewhere on the page. Definition backfill: both lanes read the same qualifiers off this cell. Definition backfill: both lanes read the same qualifiers off this cell.",RESOLVED,A+B+ADJUDICATOR,8783ef3e2dc6cf061218360ff1c3db121d172543d661901b2d74131021935dc1
e049fce70e621656cbcc,SRC457,10,PAIR_431E7F57BF64EA6F753A9C08,CLASSIFICATION_CONFLICT,711,884,record_family|source_section|asset_class|strategy|period_start|metric_name|evidence_quote,MERGE,"subject_type classifies what subject_name names: a named vehicle ('... , L.P.', an SMA, an LLC) is fund; a total or subtotal line is the owner's aggregate, so portfolio; an index is benchmark. A whole schedule typed investment means the label was not read. metric_name: rows are entities and columns are periods, so the metric is the measure the table itself names in its printed wording, 'Net Time Weighted Returns' — never the period (which is the horizon) and never a singularised trim of the banner. evidence_quote takes the full printed line over the bare value: the line proves this number, the bare digits prove only that they occur somewhere on the page. Definition backfill: both lanes read the same qualifiers off this cell. Definition backfill: both lanes read the same qualifiers off this cell.",RESOLVED,A+B+ADJUDICATOR,8783ef3e2dc6cf061218360ff1c3db121d172543d661901b2d74131021935dc1
5f3ff06a48bdcd9cd125,SRC457,10,PAIR_441BF4892D24BB1276AB765C,CLASSIFICATION_CONFLICT,713,885,record_family|source_section|asset_class|strategy|period_start|unit|evidence_quote,MERGE,"subject_type classifies what subject_name names: a named vehicle ('... , L.P.', an SMA, an LLC) is fund; a total or subtotal line is the owner's aggregate, so portfolio; an index is benchmark. A whole schedule typed investment means the label was not read. evidence_quote takes the full printed line over the bare value: the line proves this number, the bare digits prove only that they occur somewhere on the page. Definition backfill: both lanes read the same qualifiers off this cell. Definition backfill: both lanes read the same qualifiers off this cell.",RESOLVED,A+B+ADJUDICATOR,8783ef3e2dc6cf061218360ff1c3db121d172543d661901b2d74131021935dc1
998400bc899b70bec782,SRC457,10,PAIR_FE49801ED02B57EDAC64EB0B,CLASSIFICATION_CONFLICT,714,886,record_family|source_section|asset_class|strategy|period_start|metric_name|evidence_quote,MERGE,"subject_type classifies what subject_name names: a named vehicle ('... , L.P.', an SMA, an LLC) is fund; a total or subtotal line is the owner's aggregate, so portfolio; an index is benchmark. A whole schedule typed investment means the label was not read. metric_name: rows are entities and columns are periods, so the metric is the measure the table itself names in its printed wording, 'Net Time Weighted Returns' — never the period (which is the horizon) and never a singularised trim of the banner. evidence_quote takes the full printed line over the bare value: the line proves this number, the bare digits prove only that they occur somewhere on the page. Definition backfill: both lanes read the same qualifiers off this cell. Definition backfill: both lanes read the same qualifiers off this cell.",RESOLVED,A+B+ADJUDICATOR,8783ef3e2dc6cf061218360ff1c3db121d172543d661901b2d74131021935dc1
3bfd8714db8ed3b74e1b,SRC457,10,PAIR_8947E810684FC56C48201042,CLASSIFICATION_CONFLICT,715,887,record_family|source_section|asset_class|strategy|period_start|metric_name|evidence_quote,MERGE,"subject_type classifies what subject_name names: a named vehicle ('... , L.P.', an SMA, an LLC) is fund; a total or subtotal line is the owner's aggregate, so portfolio; an index is benchmark. A whole schedule typed investment means the label was not read. metric_name: rows are entities and columns are periods, so the metric is the measure the table itself names in its printed wording, 'Net Time Weighted Returns' — never the period (which is the horizon) and never a singularised trim of the banner. evidence_quote takes the full printed line over the bare value: the line proves this number, the bare digits prove only that they occur somewhere on the page. Definition backfill: both lanes read the same qualifiers off this cell. Definition backfill: both lanes read the same qualifiers off this cell.",RESOLVED,A+B+ADJUDICATOR,8783ef3e2dc6cf061218360ff1c3db121d172543d661901b2d74131021935dc1
ea16774b8fbca9aef350,SRC457,10,PAIR_2AB774B2F5CE299E4A86622A,B_ONLY,,888,,MERGE,"subject_type classifies what subject_name names: a named vehicle ('... , L.P.', an SMA, an LLC) is fund; a total or subtotal line is the owner's aggregate, so portfolio; an index is benchmark. A whole schedule typed investment means the label was not read. evidence_quote takes the full printed line over the bare value: the line proves this number, the bare digits prove only that they occur somewhere on the page.",RESOLVED,B+ADJUDICATOR,8783ef3e2dc6cf061218360ff1c3db121d172543d661901b2d74131021935dc1
b582120b08aa88ceebc4,SRC457,10,PAIR_EEAFC2C11B836B0D03A06E93,CLASSIFICATION_CONFLICT,716,889,record_family|source_section|asset_class|strategy|period_start|unit|evidence_quote,MERGE,"subject_type classifies what subject_name names: a named vehicle ('... , L.P.', an SMA, an LLC) is fund; a total or subtotal line is the owner's aggregate, so portfolio; an index is benchmark. A whole schedule typed investment means the label was not read. evidence_quote takes the full printed line over the bare value: the line proves this number, the bare digits prove only that they occur somewhere on the page. Definition backfill: both lanes read the same qualifiers off this cell. Definition backfill: both lanes read the same qualifiers off this cell.",RESOLVED,A+B+ADJUDICATOR,8783ef3e2dc6cf061218360ff1c3db121d172543d661901b2d74131021935dc1
532e8545d58dc7901232,SRC457,10,PAIR_9A16BB0EB2689CAB5F066BFA,CLASSIFICATION_CONFLICT,717,890,record_family|source_section|source_column_label|asset_class|strategy|period_start|currency_scale|metric_category|evidence_quote,MERGE,"subject_type classifies what subject_name names: a named vehicle ('... , L.P.', an SMA, an LLC) is fund; a total or subtotal line is the owner's aggregate, so portfolio; an index is benchmark. A whole schedule typed investment means the label was not read. evidence_quote takes the full printed line over the bare value: the line proves this number, the bare digits prove only that they occur somewhere on the page. Definition backfill: both lanes read the same qualifiers off this cell. Definition backfill: both lanes read the same qualifiers off this cell.",RESOLVED,A+B+ADJUDICATOR,8783ef3e2dc6cf061218360ff1c3db121d172543d661901b2d74131021935dc1
57535b6c4658c5106e1b,SRC457,10,PAIR_C5EC4B3C6EEEDBBD740AE588,B_ONLY,,891,,MERGE,"subject_type classifies what subject_name names: a named vehicle ('... , L.P.', an SMA, an LLC) is fund; a total or subtotal line is the owner's aggregate, so portfolio; an index is benchmark. A whole schedule typed investment means the label was not read. PIC is paid_in_capital, never moic: the disambiguation table names the printed label PIC explicitly. The page prints it under a Multiples banner, which is why one lane typed it a multiple. evidence_quote takes the full printed line over the bare value: the line proves this number, the bare digits prove only that they occur somewhere on the page. Definition backfill: both lanes read the same qualifiers off this cell. Definition backfill: both lanes read the same qualifiers off this cell.; the PIC column sits in the multiples block beside TVPI, RVPI, and DPI and its footnote states that PIC multiples may exceed 1.00 due to recycling, so the printed value is a multiple of commitment rather than an amount",RESOLVED,B+ADJUDICATOR,8783ef3e2dc6cf061218360ff1c3db121d172543d661901b2d74131021935dc1
b267768c0d5eadfe58d2,SRC457,10,PAIR_7FEE512E0F98D38D3F28FEF4,CLASSIFICATION_CONFLICT,718,892,record_family|source_section|asset_class|strategy|period_start|metric_name|evidence_quote,MERGE,"subject_type classifies what subject_name names: a named vehicle ('... , L.P.', an SMA, an LLC) is fund; a total or subtotal line is the owner's aggregate, so portfolio; an index is benchmark. A whole schedule typed investment means the label was not read. metric_name: rows are entities and columns are periods, so the metric is the measure the table itself names in its printed wording, 'Net Time Weighted Returns' — never the period (which is the horizon) and never a singularised trim of the banner. evidence_quote takes the full printed line over the bare value: the line proves this number, the bare digits prove only that they occur somewhere on the page. Definition backfill: both lanes read the same qualifiers off this cell. Definition backfill: both lanes read the same qualifiers off this cell.",RESOLVED,A+B+ADJUDICATOR,8783ef3e2dc6cf061218360ff1c3db121d172543d661901b2d74131021935dc1
a277f95a08d379952860,SRC457,10,PAIR_BA64550479887D8C1BC9C9AB,CLASSIFICATION_CONFLICT,719,893,record_family|source_section|asset_class|strategy|period_start|unit|evidence_quote,MERGE,"subject_type classifies what subject_name names: a named vehicle ('... , L.P.', an SMA, an LLC) is fund; a total or subtotal line is the owner's aggregate, so portfolio; an index is benchmark. A whole schedule typed investment means the label was not read. evidence_quote takes the full printed line over the bare value: the line proves this number, the bare digits prove only that they occur somewhere on the page. Definition backfill: both lanes read the same qualifiers off this cell. Definition backfill: both lanes read the same qualifiers off this cell.",RESOLVED,A+B+ADJUDICATOR,8783ef3e2dc6cf061218360ff1c3db121d172543d661901b2d74131021935dc1
02ea4b0dcb5c0d4a921a,SRC457,10,PAIR_F1026065758DE8E8AAF402CA,CLASSIFICATION_CONFLICT,721,894,record_family|source_section|source_column_label|asset_class|strategy|period_start|metric_name|evidence_quote,MERGE,"subject_type classifies what subject_name names: a named vehicle ('... , L.P.', an SMA, an LLC) is fund; a total or subtotal line is the owner's aggregate, so portfolio; an index is benchmark. A whole schedule typed investment means the label was not read. evidence_quote takes the full printed line over the bare value: the line proves this number, the bare digits prove only that they occur somewhere on the page. Definition backfill: both lanes read the same qualifiers off this cell. Definition backfill: both lanes read the same qualifiers off this cell.",RESOLVED,A+B+ADJUDICATOR,8783ef3e2dc6cf061218360ff1c3db121d172543d661901b2d74131021935dc1
1c4ee1b5ef15ab1d559a,SRC457,10,PAIR_ECFD9DCCD99FDEC0B02F30C8,CLASSIFICATION_CONFLICT,720,895,record_family|source_section|asset_class|strategy|period_start|metric_name|evidence_quote,MERGE,"subject_type classifies what subject_name names: a named vehicle ('... , L.P.', an SMA, an LLC) is fund; a total or subtotal line is the owner's aggregate, so portfolio; an index is benchmark. A whole schedule typed investment means the label was not read. metric_name: rows are entities and columns are periods, so the metric is the measure the table itself names in its printed wording, 'Net Time Weighted Returns' — never the period (which is the horizon) and never a singularised trim of the banner. evidence_quote takes the full printed line over the bare value: the line proves this number, the bare digits prove only that they occur somewhere on the page. Definition backfill: both lanes read the same qualifiers off this cell. Definition backfill: both lanes read the same qualifiers off this cell.",RESOLVED,A+B+ADJUDICATOR,8783ef3e2dc6cf061218360ff1c3db121d172543d661901b2d74131021935dc1
3a7accaee48621c08054,SRC457,10,PAIR_0D9C2B5743759EC4E2C70A66,CLASSIFICATION_CONFLICT,722,896,record_family|source_section|asset_class|strategy|period_start|unit|evidence_quote,MERGE,"subject_type classifies what subject_name names: a named vehicle ('... , L.P.', an SMA, an LLC) is fund; a total or subtotal line is the owner's aggregate, so portfolio; an index is benchmark. A whole schedule typed investment means the label was not read. evidence_quote takes the full printed line over the bare value: the line proves this number, the bare digits prove only that they occur somewhere on the page. Definition backfill: both lanes read the same qualifiers off this cell. Definition backfill: both lanes read the same qualifiers off this cell.",RESOLVED,A+B+ADJUDICATOR,8783ef3e2dc6cf061218360ff1c3db121d172543d661901b2d74131021935dc1
b0f3c4b9870c9e540782,SRC457,10,PAIR_F522F96E5E5AE434F42C1EB7,CLASSIFICATION_CONFLICT,723,897,record_family|source_section|asset_class|strategy|metric_name|evidence_quote,MERGE,"metric_name: rows are entities and columns are periods, so the metric is the measure the table itself names in its printed wording, 'Net Time Weighted Returns' — never the period (which is the horizon) and never a singularised trim of the banner. evidence_quote takes the full printed line over the bare value: the line proves this number, the bare digits prove only that they occur somewhere on the page. Definition backfill: both lanes read the same qualifiers off this cell. Definition backfill: both lanes read the same qualifiers off this cell.",RESOLVED,A+B+ADJUDICATOR,8783ef3e2dc6cf061218360ff1c3db121d172543d661901b2d74131021935dc1
63287f06859ee4ab9a3f,SRC457,10,PAIR_7E228A280722C2049C6BB165,CLASSIFICATION_CONFLICT,724,898,record_family|source_section|asset_class|strategy|metric_name|evidence_quote,MERGE,"metric_name: rows are entities and columns are periods, so the metric is the measure the table itself names in its printed wording, 'Net Time Weighted Returns' — never the period (which is the horizon) and never a singularised trim of the banner. evidence_quote takes the full printed line over the bare value: the line proves this number, the bare digits prove only that they occur somewhere on the page. Definition backfill: both lanes read the same qualifiers off this cell. Definition backfill: both lanes read the same qualifiers off this cell.",RESOLVED,A+B+ADJUDICATOR,8783ef3e2dc6cf061218360ff1c3db121d172543d661901b2d74131021935dc1
f70f28932533f1b589c0,SRC457,10,PAIR_AC26A7B1DAED756C34FDD383,CLASSIFICATION_CONFLICT,725,899,record_family|source_section|asset_class|strategy|metric_name|evidence_quote,MERGE,"metric_name: rows are entities and columns are periods, so the metric is the measure the table itself names in its printed wording, 'Net Time Weighted Returns' — never the period (which is the horizon) and never a singularised trim of the banner. evidence_quote takes the full printed line over the bare value: the line proves this number, the bare digits prove only that they occur somewhere on the page. Definition backfill: both lanes read the same qualifiers off this cell. Definition backfill: both lanes read the same qualifiers off this cell.",RESOLVED,A+B+ADJUDICATOR,8783ef3e2dc6cf061218360ff1c3db121d172543d661901b2d74131021935dc1
fdcd5a26c76e3b56b563,SRC457,10,PAIR_26AB9EDCC7EFB62408518B7C,CLASSIFICATION_CONFLICT,726,900,record_family|source_section|asset_class|strategy|metric_name|evidence_quote,MERGE,"metric_name: rows are entities and columns are periods, so the metric is the measure the table itself names in its printed wording, 'Net Time Weighted Returns' — never the period (which is the horizon) and never a singularised trim of the banner. evidence_quote takes the full printed line over the bare value: the line proves this number, the bare digits prove only that they occur somewhere on the page. Definition backfill: both lanes read the same qualifiers off this cell. Definition backfill: both lanes read the same qualifiers off this cell.",RESOLVED,A+B+ADJUDICATOR,8783ef3e2dc6cf061218360ff1c3db121d172543d661901b2d74131021935dc1
5604d67a145a164ca8f1,SRC457,10,PAIR_76F9E69D5146DAA917BFC57E,CLASSIFICATION_CONFLICT,727,901,record_family|source_section|asset_class|strategy|metric_name|evidence_quote,MERGE,"metric_name: rows are entities and columns are periods, so the metric is the measure the table itself names in its printed wording, 'Net Time Weighted Returns' — never the period (which is the horizon) and never a singularised trim of the banner. evidence_quote takes the full printed line over the bare value: the line proves this number, the bare digits prove only that they occur somewhere on the page. Definition backfill: both lanes read the same qualifiers off this cell. Definition backfill: both lanes read the same qualifiers off this cell.",RESOLVED,A+B+ADJUDICATOR,8783ef3e2dc6cf061218360ff1c3db121d172543d661901b2d74131021935dc1
cd059c5a485e789d2339,SRC457,10,PAIR_80B0EC469278A104EDAFBE2E,CLASSIFICATION_CONFLICT,728,902,record_family|source_section|asset_class|strategy|metric_name|evidence_quote,MERGE,"metric_name: rows are entities and columns are periods, so the metric is the measure the table itself names in its printed wording, 'Net Time Weighted Returns' — never the period (which is the horizon) and never a singularised trim of the banner. evidence_quote takes the full printed line over the bare value: the line proves this number, the bare digits prove only that they occur somewhere on the page. Definition backfill: both lanes read the same qualifiers off this cell. Definition backfill: both lanes read the same qualifiers off this cell.",RESOLVED,A+B+ADJUDICATOR,8783ef3e2dc6cf061218360ff1c3db121d172543d661901b2d74131021935dc1
535e65cdde7fbe996b6d,SRC457,10,PAIR_94373BF7506FE81A3AAECA5D,CLASSIFICATION_CONFLICT,729,903,record_family|source_section|asset_class|strategy|evidence_quote,MERGE,"metric_name: rows are entities and columns are periods, so the metric is the measure the table itself names in its printed wording, 'Net Time Weighted Returns' — never the period (which is the horizon) and never a singularised trim of the banner. evidence_quote takes the full printed line over the bare value: the line proves this number, the bare digits prove only that they occur somewhere on the page. Definition backfill: both lanes read the same qualifiers off this cell. Definition backfill: both lanes read the same qualifiers off this cell.",RESOLVED,A+B+ADJUDICATOR,8783ef3e2dc6cf061218360ff1c3db121d172543d661901b2d74131021935dc1
49604adf64f6c7c848b7,SRC457,10,PAIR_11B46ED1567E534FD296368D,CLASSIFICATION_CONFLICT,730,904,record_family|source_section|asset_class|strategy|evidence_quote,MERGE,"metric_name: rows are entities and columns are periods, so the metric is the measure the table itself names in its printed wording, 'Net Time Weighted Returns' — never the period (which is the horizon) and never a singularised trim of the banner. evidence_quote takes the full printed line over the bare value: the line proves this number, the bare digits prove only that they occur somewhere on the page. Definition backfill: both lanes read the same qualifiers off this cell. Definition backfill: both lanes read the same qualifiers off this cell.",RESOLVED,A+B+ADJUDICATOR,8783ef3e2dc6cf061218360ff1c3db121d172543d661901b2d74131021935dc1
a03855bacca540de475e,SRC457,10,PAIR_CFA37492E5662A880B05C803,VALUE_CONFLICT,731,905,record_family|source_section|asset_class|strategy|metric_value_raw|evidence_quote,MERGE,"metric_name: rows are entities and columns are periods, so the metric is the measure the table itself names in its printed wording, 'Net Time Weighted Returns' — never the period (which is the horizon) and never a singularised trim of the banner. evidence_quote takes the full printed line over the bare value: the line proves this number, the bare digits prove only that they occur somewhere on the page. Definition backfill: both lanes read the same qualifiers off this cell. Definition backfill: both lanes read the same qualifiers off this cell.",RESOLVED,A+B+ADJUDICATOR,8783ef3e2dc6cf061218360ff1c3db121d172543d661901b2d74131021935dc1
c7a46898987f7c3eb44e,SRC457,10,PAIR_DF3B1D0606E934C66DF0ABB9,CLASSIFICATION_CONFLICT,732,906,record_family|source_section|asset_class|strategy|evidence_quote,MERGE,"metric_name: rows are entities and columns are periods, so the metric is the measure the table itself names in its printed wording, 'Net Time Weighted Returns' — never the period (which is the horizon) and never a singularised trim of the banner. evidence_quote takes the full printed line over the bare value: the line proves this number, the bare digits prove only that they occur somewhere on the page. Definition backfill: both lanes read the same qualifiers off this cell. Definition backfill: both lanes read the same qualifiers off this cell.",RESOLVED,A+B+ADJUDICATOR,8783ef3e2dc6cf061218360ff1c3db121d172543d661901b2d74131021935dc1
53909e285f355f42821c,SRC457,10,PAIR_067E49948D848744DE4E6B3C,CLASSIFICATION_CONFLICT,733,907,record_family|source_section|asset_class|strategy|evidence_quote,MERGE,"metric_name: rows are entities and columns are periods, so the metric is the measure the table itself names in its printed wording, 'Net Time Weighted Returns' — never the period (which is the horizon) and never a singularised trim of the banner. evidence_quote takes the full printed line over the bare value: the line proves this number, the bare digits prove only that they occur somewhere on the page. Definition backfill: both lanes read the same qualifiers off this cell. Definition backfill: both lanes read the same qualifiers off this cell.",RESOLVED,A+B+ADJUDICATOR,8783ef3e2dc6cf061218360ff1c3db121d172543d661901b2d74131021935dc1
e35c7d62562905fda990,SRC457,10,PAIR_20B0840F71300A2E88502278,VALUE_CONFLICT,734,908,record_family|source_section|asset_class|strategy|metric_value_raw|evidence_quote,MERGE,"metric_name: rows are entities and columns are periods, so the metric is the measure the table itself names in its printed wording, 'Net Time Weighted Returns' — never the period (which is the horizon) and never a singularised trim of the banner. evidence_quote takes the full printed line over the bare value: the line proves this number, the bare digits prove only that they occur somewhere on the page. Definition backfill: both lanes read the same qualifiers off this cell. Definition backfill: both lanes read the same qualifiers off this cell.",RESOLVED,A+B+ADJUDICATOR,8783ef3e2dc6cf061218360ff1c3db121d172543d661901b2d74131021935dc1
bd3e321e531a9bd17d76,SRC457,10,PAIR_D0DDF641C7494CCB5812B6F1,CLASSIFICATION_CONFLICT,735,909,record_family|source_section|asset_class|strategy|evidence_quote,MERGE,"metric_name: rows are entities and columns are periods, so the metric is the measure the table itself names in its printed wording, 'Net Time Weighted Returns' — never the period (which is the horizon) and never a singularised trim of the banner. evidence_quote takes the full printed line over the bare value: the line proves this number, the bare digits prove only that they occur somewhere on the page. Definition backfill: both lanes read the same qualifiers off this cell. Definition backfill: both lanes read the same qualifiers off this cell.",RESOLVED,A+B+ADJUDICATOR,8783ef3e2dc6cf061218360ff1c3db121d172543d661901b2d74131021935dc1
1d407156ca5134e93982,SRC457,10,PAIR_EC7DEABE2520D7751C00589F,VALUE_CONFLICT,736,910,record_family|source_section|asset_class|strategy|metric_value_raw|evidence_quote,MERGE,"metric_name: rows are entities and columns are periods, so the metric is the measure the table itself names in its printed wording, 'Net Time Weighted Returns' — never the period (which is the horizon) and never a singularised trim of the banner. evidence_quote takes the full printed line over the bare value: the line proves this number, the bare digits prove only that they occur somewhere on the page. Definition backfill: both lanes read the same qualifiers off this cell. Definition backfill: both lanes read the same qualifiers off this cell.",RESOLVED,A+B+ADJUDICATOR,8783ef3e2dc6cf061218360ff1c3db121d172543d661901b2d74131021935dc1
fbe0ce6fb0b063f73729,SRC457,10,PAIR_185A0F21876DC57CFABB540B,CLASSIFICATION_CONFLICT,737,911,record_family|source_section|asset_class|strategy|evidence_quote,MERGE,"metric_name: rows are entities and columns are periods, so the metric is the measure the table itself names in its printed wording, 'Net Time Weighted Returns' — never the period (which is the horizon) and never a singularised trim of the banner. evidence_quote takes the full printed line over the bare value: the line proves this number, the bare digits prove only that they occur somewhere on the page. Definition backfill: both lanes read the same qualifiers off this cell. Definition backfill: both lanes read the same qualifiers off this cell.",RESOLVED,A+B+ADJUDICATOR,8783ef3e2dc6cf061218360ff1c3db121d172543d661901b2d74131021935dc1
bf8dca47a44896ee0e1a,SRC457,10,PAIR_D2DF7FBA89D79003B7645570,CLASSIFICATION_CONFLICT,738,912,record_family|source_section|asset_class|strategy|evidence_quote,MERGE,"metric_name: rows are entities and columns are periods, so the metric is the measure the table itself names in its printed wording, 'Net Time Weighted Returns' — never the period (which is the horizon) and never a singularised trim of the banner. evidence_quote takes the full printed line over the bare value: the line proves this number, the bare digits prove only that they occur somewhere on the page. Definition backfill: both lanes read the same qualifiers off this cell. Definition backfill: both lanes read the same qualifiers off this cell.",RESOLVED,A+B+ADJUDICATOR,8783ef3e2dc6cf061218360ff1c3db121d172543d661901b2d74131021935dc1
f80834f97d65aa9e692f,SRC457,10,PAIR_A70069A39C2EDE503A877734,VALUE_CONFLICT,739,913,record_family|source_section|asset_class|strategy|metric_value_raw|evidence_quote,MERGE,"metric_name: rows are entities and columns are periods, so the metric is the measure the table itself names in its printed wording, 'Net Time Weighted Returns' — never the period (which is the horizon) and never a singularised trim of the banner. evidence_quote takes the full printed line over the bare value: the line proves this number, the bare digits prove only that they occur somewhere on the page. Definition backfill: both lanes read the same qualifiers off this cell. Definition backfill: both lanes read the same qualifiers off this cell.",RESOLVED,A+B+ADJUDICATOR,8783ef3e2dc6cf061218360ff1c3db121d172543d661901b2d74131021935dc1
acc6441b68bea8359e9c,SRC457,10,PAIR_E829A1EF7560652E6FDC7C03,CLASSIFICATION_CONFLICT,740,914,record_family|source_section|asset_class|strategy|evidence_quote,MERGE,"metric_name: rows are entities and columns are periods, so the metric is the measure the table itself names in its printed wording, 'Net Time Weighted Returns' — never the period (which is the horizon) and never a singularised trim of the banner. evidence_quote takes the full printed line over the bare value: the line proves this number, the bare digits prove only that they occur somewhere on the page. Definition backfill: both lanes read the same qualifiers off this cell. Definition backfill: both lanes read the same qualifiers off this cell.",RESOLVED,A+B+ADJUDICATOR,8783ef3e2dc6cf061218360ff1c3db121d172543d661901b2d74131021935dc1
e8f7586d8b6b104dc918,SRC457,10,PAIR_BA2E68F003F1CAF1ED72B9C1,CLASSIFICATION_CONFLICT,741,915,record_family|source_section|asset_class|strategy|evidence_quote,MERGE,"metric_name: rows are entities and columns are periods, so the metric is the measure the table itself names in its printed wording, 'Net Time Weighted Returns' — never the period (which is the horizon) and never a singularised trim of the banner. evidence_quote takes the full printed line over the bare value: the line proves this number, the bare digits prove only that they occur somewhere on the page. Definition backfill: both lanes read the same qualifiers off this cell. Definition backfill: both lanes read the same qualifiers off this cell.",RESOLVED,A+B+ADJUDICATOR,8783ef3e2dc6cf061218360ff1c3db121d172543d661901b2d74131021935dc1
8957a95e0602f1bcae64,SRC457,10,PAIR_0538E8980E9B5A5CA947D37D,CLASSIFICATION_CONFLICT,742,916,record_family|source_section|asset_class|strategy|evidence_quote,MERGE,"metric_name: rows are entities and columns are periods, so the metric is the measure the table itself names in its printed wording, 'Net Time Weighted Returns' — never the period (which is the horizon) and never a singularised trim of the banner. evidence_quote takes the full printed line over the bare value: the line proves this number, the bare digits prove only that they occur somewhere on the page. Definition backfill: both lanes read the same qualifiers off this cell. Definition backfill: both lanes read the same qualifiers off this cell.",RESOLVED,A+B+ADJUDICATOR,8783ef3e2dc6cf061218360ff1c3db121d172543d661901b2d74131021935dc1
2ebff8989fd8b4718bbf,SRC457,10,PAIR_9F407A71A39E3F23A0D015FF,CLASSIFICATION_CONFLICT,743,917,record_family|source_section|asset_class|strategy|evidence_quote,MERGE,"metric_name: rows are entities and columns are periods, so the metric is the measure the table itself names in its printed wording, 'Net Time Weighted Returns' — never the period (which is the horizon) and never a singularised trim of the banner. evidence_quote takes the full printed line over the bare value: the line proves this number, the bare digits prove only that they occur somewhere on the page. Definition backfill: both lanes read the same qualifiers off this cell. Definition backfill: both lanes read the same qualifiers off this cell.",RESOLVED,A+B+ADJUDICATOR,8783ef3e2dc6cf061218360ff1c3db121d172543d661901b2d74131021935dc1
fa2f055fda4995911fa1,SRC457,10,PAIR_5B48D9A552AB1CD0CF4512AF,CLASSIFICATION_CONFLICT,744,918,record_family|source_section|asset_class|strategy|evidence_quote,MERGE,"metric_name: rows are entities and columns are periods, so the metric is the measure the table itself names in its printed wording, 'Net Time Weighted Returns' — never the period (which is the horizon) and never a singularised trim of the banner. evidence_quote takes the full printed line over the bare value: the line proves this number, the bare digits prove only that they occur somewhere on the page. Definition backfill: both lanes read the same qualifiers off this cell. Definition backfill: both lanes read the same qualifiers off this cell.",RESOLVED,A+B+ADJUDICATOR,8783ef3e2dc6cf061218360ff1c3db121d172543d661901b2d74131021935dc1
48c966c15e7d994703c5,SRC457,10,PAIR_8B21A5F9CDC285080C0B8ABF,VALUE_CONFLICT,745,919,record_family|source_section|asset_class|strategy|metric_value_raw|evidence_quote,MERGE,"metric_name: rows are entities and columns are periods, so the metric is the measure the table itself names in its printed wording, 'Net Time Weighted Returns' — never the period (which is the horizon) and never a singularised trim of the banner. evidence_quote takes the full printed line over the bare value: the line proves this number, the bare digits prove only that they occur somewhere on the page. Definition backfill: both lanes read the same qualifiers off this cell. Definition backfill: both lanes read the same qualifiers off this cell.",RESOLVED,A+B+ADJUDICATOR,8783ef3e2dc6cf061218360ff1c3db121d172543d661901b2d74131021935dc1
a23256d65fa0dde4236a,SRC457,10,PAIR_E4349DBABB01C08B4D5F64AD,VALUE_CONFLICT,746,920,record_family|source_section|asset_class|strategy|metric_value_raw|evidence_quote,MERGE,"metric_name: rows are entities and columns are periods, so the metric is the measure the table itself names in its printed wording, 'Net Time Weighted Returns' — never the period (which is the horizon) and never a singularised trim of the banner. evidence_quote takes the full printed line over the bare value: the line proves this number, the bare digits prove only that they occur somewhere on the page. Definition backfill: both lanes read the same qualifiers off this cell. Definition backfill: both lanes read the same qualifiers off this cell.",RESOLVED,A+B+ADJUDICATOR,8783ef3e2dc6cf061218360ff1c3db121d172543d661901b2d74131021935dc1
9fbf022a68ccb26ae684,SRC457,10,PAIR_6BC3E05C857DC0DA3B534DD6,CLASSIFICATION_CONFLICT,747,921,record_family|source_section|asset_class|strategy|period_start|metric_name|evidence_quote,MERGE,"subject_type classifies what subject_name names: a named vehicle ('... , L.P.', an SMA, an LLC) is fund; a total or subtotal line is the owner's aggregate, so portfolio; an index is benchmark. A whole schedule typed investment means the label was not read. metric_name: rows are entities and columns are periods, so the metric is the measure the table itself names in its printed wording, 'Net Time Weighted Returns' — never the period (which is the horizon) and never a singularised trim of the banner. evidence_quote takes the full printed line over the bare value: the line proves this number, the bare digits prove only that they occur somewhere on the page. Definition backfill: both lanes read the same qualifiers off this cell. Definition backfill: both lanes read the same qualifiers off this cell.",RESOLVED,A+B+ADJUDICATOR,8783ef3e2dc6cf061218360ff1c3db121d172543d661901b2d74131021935dc1
4d9f86a5bd6b5095126c,SRC457,10,PAIR_E1981739775363C44FD45BD3,CLASSIFICATION_CONFLICT,748,922,record_family|source_section|asset_class|strategy|period_start|metric_name|evidence_quote,MERGE,"subject_type classifies what subject_name names: a named vehicle ('... , L.P.', an SMA, an LLC) is fund; a total or subtotal line is the owner's aggregate, so portfolio; an index is benchmark. A whole schedule typed investment means the label was not read. metric_name: rows are entities and columns are periods, so the metric is the measure the table itself names in its printed wording, 'Net Time Weighted Returns' — never the period (which is the horizon) and never a singularised trim of the banner. evidence_quote takes the full printed line over the bare value: the line proves this number, the bare digits prove only that they occur somewhere on the page. Definition backfill: both lanes read the same qualifiers off this cell. Definition backfill: both lanes read the same qualifiers off this cell.",RESOLVED,A+B+ADJUDICATOR,8783ef3e2dc6cf061218360ff1c3db121d172543d661901b2d74131021935dc1
0db65b3cf00b89887969,SRC457,10,PAIR_9EAFA05D04ADB1BFA5EBBACE,CLASSIFICATION_CONFLICT,749,923,record_family|source_section|asset_class|strategy|period_start|metric_name|evidence_quote,MERGE,"subject_type classifies what subject_name names: a named vehicle ('... , L.P.', an SMA, an LLC) is fund; a total or subtotal line is the owner's aggregate, so portfolio; an index is benchmark. A whole schedule typed investment means the label was not read. metric_name: rows are entities and columns are periods, so the metric is the measure the table itself names in its printed wording, 'Net Time Weighted Returns' — never the period (which is the horizon) and never a singularised trim of the banner. evidence_quote takes the full printed line over the bare value: the line proves this number, the bare digits prove only that they occur somewhere on the page. Definition backfill: both lanes read the same qualifiers off this cell. Definition backfill: both lanes read the same qualifiers off this cell.",RESOLVED,A+B+ADJUDICATOR,8783ef3e2dc6cf061218360ff1c3db121d172543d661901b2d74131021935dc1
e9e43ee008cc1ee764a0,SRC457,10,PAIR_0556B8D6E06B1CB84FD36464,B_ONLY,,924,,MERGE,"subject_type classifies what subject_name names: a named vehicle ('... , L.P.', an SMA, an LLC) is fund; a total or subtotal line is the owner's aggregate, so portfolio; an index is benchmark. A whole schedule typed investment means the label was not read. evidence_quote takes the full printed line over the bare value: the line proves this number, the bare digits prove only that they occur somewhere on the page.",RESOLVED,B+ADJUDICATOR,8783ef3e2dc6cf061218360ff1c3db121d172543d661901b2d74131021935dc1
c6ee2d4fa63c7116cf71,SRC457,10,PAIR_A6CB13A5890DD566F873BBEF,CLASSIFICATION_CONFLICT,750,925,record_family|source_section|asset_class|strategy|period_start|unit|evidence_quote,MERGE,"subject_type classifies what subject_name names: a named vehicle ('... , L.P.', an SMA, an LLC) is fund; a total or subtotal line is the owner's aggregate, so portfolio; an index is benchmark. A whole schedule typed investment means the label was not read. evidence_quote takes the full printed line over the bare value: the line proves this number, the bare digits prove only that they occur somewhere on the page. Definition backfill: both lanes read the same qualifiers off this cell. Definition backfill: both lanes read the same qualifiers off this cell.",RESOLVED,A+B+ADJUDICATOR,8783ef3e2dc6cf061218360ff1c3db121d172543d661901b2d74131021935dc1
1d71352e9fe9cdd5ae51,SRC457,10,PAIR_B9038518E7EEC15A614CDF57,CLASSIFICATION_CONFLICT,751,926,record_family|source_section|source_column_label|asset_class|strategy|period_start|currency_scale|metric_category|evidence_quote,MERGE,"subject_type classifies what subject_name names: a named vehicle ('... , L.P.', an SMA, an LLC) is fund; a total or subtotal line is the owner's aggregate, so portfolio; an index is benchmark. A whole schedule typed investment means the label was not read. evidence_quote takes the full printed line over the bare value: the line proves this number, the bare digits prove only that they occur somewhere on the page. Definition backfill: both lanes read the same qualifiers off this cell. Definition backfill: both lanes read the same qualifiers off this cell.",RESOLVED,A+B+ADJUDICATOR,8783ef3e2dc6cf061218360ff1c3db121d172543d661901b2d74131021935dc1
5ad0c3aba5bb26c45ecb,SRC457,10,PAIR_195EC231F9CCF5C33F73AD32,B_ONLY,,927,,MERGE,"subject_type classifies what subject_name names: a named vehicle ('... , L.P.', an SMA, an LLC) is fund; a total or subtotal line is the owner's aggregate, so portfolio; an index is benchmark. A whole schedule typed investment means the label was not read. PIC is paid_in_capital, never moic: the disambiguation table names the printed label PIC explicitly. The page prints it under a Multiples banner, which is why one lane typed it a multiple. evidence_quote takes the full printed line over the bare value: the line proves this number, the bare digits prove only that they occur somewhere on the page. Definition backfill: both lanes read the same qualifiers off this cell. Definition backfill: both lanes read the same qualifiers off this cell.; the PIC column sits in the multiples block beside TVPI, RVPI, and DPI and its footnote states that PIC multiples may exceed 1.00 due to recycling, so the printed value is a multiple of commitment rather than an amount",RESOLVED,B+ADJUDICATOR,8783ef3e2dc6cf061218360ff1c3db121d172543d661901b2d74131021935dc1
b110308992d51da2e8df,SRC457,10,PAIR_6F5825B1BA566F972FDC6835,CLASSIFICATION_CONFLICT,752,928,record_family|source_section|asset_class|strategy|period_start|metric_name|evidence_quote,MERGE,"subject_type classifies what subject_name names: a named vehicle ('... , L.P.', an SMA, an LLC) is fund; a total or subtotal line is the owner's aggregate, so portfolio; an index is benchmark. A whole schedule typed investment means the label was not read. metric_name: rows are entities and columns are periods, so the metric is the measure the table itself names in its printed wording, 'Net Time Weighted Returns' — never the period (which is the horizon) and never a singularised trim of the banner. evidence_quote takes the full printed line over the bare value: the line proves this number, the bare digits prove only that they occur somewhere on the page. Definition backfill: both lanes read the same qualifiers off this cell. Definition backfill: both lanes read the same qualifiers off this cell.",RESOLVED,A+B+ADJUDICATOR,8783ef3e2dc6cf061218360ff1c3db121d172543d661901b2d74131021935dc1
462cf243c89137a7ee6c,SRC457,10,PAIR_71CF9A23964B93EB67A3DE46,CLASSIFICATION_CONFLICT,753,929,record_family|source_section|asset_class|strategy|period_start|unit|evidence_quote,MERGE,"subject_type classifies what subject_name names: a named vehicle ('... , L.P.', an SMA, an LLC) is fund; a total or subtotal line is the owner's aggregate, so portfolio; an index is benchmark. A whole schedule typed investment means the label was not read. evidence_quote takes the full printed line over the bare value: the line proves this number, the bare digits prove only that they occur somewhere on the page. Definition backfill: both lanes read the same qualifiers off this cell. Definition backfill: both lanes read the same qualifiers off this cell.",RESOLVED,A+B+ADJUDICATOR,8783ef3e2dc6cf061218360ff1c3db121d172543d661901b2d74131021935dc1
adc4d8c9103e03faa152,SRC457,10,PAIR_8B4B10F113731E02AC514974,CLASSIFICATION_CONFLICT,755,930,record_family|source_section|source_column_label|asset_class|strategy|period_start|metric_name|evidence_quote,MERGE,"subject_type classifies what subject_name names: a named vehicle ('... , L.P.', an SMA, an LLC) is fund; a total or subtotal line is the owner's aggregate, so portfolio; an index is benchmark. A whole schedule typed investment means the label was not read. evidence_quote takes the full printed line over the bare value: the line proves this number, the bare digits prove only that they occur somewhere on the page. Definition backfill: both lanes read the same qualifiers off this cell. Definition backfill: both lanes read the same qualifiers off this cell.",RESOLVED,A+B+ADJUDICATOR,8783ef3e2dc6cf061218360ff1c3db121d172543d661901b2d74131021935dc1
ccc2e911260bdde81f2e,SRC457,10,PAIR_2C8A9E45D5AEDC9B52ED59DE,CLASSIFICATION_CONFLICT,754,931,record_family|source_section|asset_class|strategy|period_start|metric_name|evidence_quote,MERGE,"subject_type classifies what subject_name names: a named vehicle ('... , L.P.', an SMA, an LLC) is fund; a total or subtotal line is the owner's aggregate, so portfolio; an index is benchmark. A whole schedule typed investment means the label was not read. metric_name: rows are entities and columns are periods, so the metric is the measure the table itself names in its printed wording, 'Net Time Weighted Returns' — never the period (which is the horizon) and never a singularised trim of the banner. evidence_quote takes the full printed line over the bare value: the line proves this number, the bare digits prove only that they occur somewhere on the page. Definition backfill: both lanes read the same qualifiers off this cell. Definition backfill: both lanes read the same qualifiers off this cell.",RESOLVED,A+B+ADJUDICATOR,8783ef3e2dc6cf061218360ff1c3db121d172543d661901b2d74131021935dc1
9e55281bb415710a4e5b,SRC457,10,PAIR_CB05255B0B3200B13E8D53D3,CLASSIFICATION_CONFLICT,756,932,record_family|source_section|asset_class|strategy|period_start|unit|evidence_quote,MERGE,"subject_type classifies what subject_name names: a named vehicle ('... , L.P.', an SMA, an LLC) is fund; a total or subtotal line is the owner's aggregate, so portfolio; an index is benchmark. A whole schedule typed investment means the label was not read. evidence_quote takes the full printed line over the bare value: the line proves this number, the bare digits prove only that they occur somewhere on the page. Definition backfill: both lanes read the same qualifiers off this cell. Definition backfill: both lanes read the same qualifiers off this cell.",RESOLVED,A+B+ADJUDICATOR,8783ef3e2dc6cf061218360ff1c3db121d172543d661901b2d74131021935dc1
86e5d28cad7b365bf010,SRC457,10,PAIR_C4020E60F4C7A7B8E13FE339,CLASSIFICATION_CONFLICT,757,933,record_family|source_section|asset_class|strategy|period_start|metric_name|evidence_quote,MERGE,"subject_type classifies what subject_name names: a named vehicle ('... , L.P.', an SMA, an LLC) is fund; a total or subtotal line is the owner's aggregate, so portfolio; an index is benchmark. A whole schedule typed investment means the label was not read. metric_name: rows are entities and columns are periods, so the metric is the measure the table itself names in its printed wording, 'Net Time Weighted Returns' — never the period (which is the horizon) and never a singularised trim of the banner. evidence_quote takes the full printed line over the bare value: the line proves this number, the bare digits prove only that they occur somewhere on the page. Definition backfill: both lanes read the same qualifiers off this cell. Definition backfill: both lanes read the same qualifiers off this cell.",RESOLVED,A+B+ADJUDICATOR,8783ef3e2dc6cf061218360ff1c3db121d172543d661901b2d74131021935dc1
f173a26629d58d3e2a4f,SRC457,10,PAIR_EBC6A457758AA53007EAEC0E,B_ONLY,,934,,MERGE,"subject_type classifies what subject_name names: a named vehicle ('... , L.P.', an SMA, an LLC) is fund; a total or subtotal line is the owner's aggregate, so portfolio; an index is benchmark. A whole schedule typed investment means the label was not read. evidence_quote takes the full printed line over the bare value: the line proves this number, the bare digits prove only that they occur somewhere on the page.",RESOLVED,B+ADJUDICATOR,8783ef3e2dc6cf061218360ff1c3db121d172543d661901b2d74131021935dc1
166a46a8a543603d7db3,SRC457,10,PAIR_A1C2F382ABF388DF2EAE3BAA,CLASSIFICATION_CONFLICT,758,935,record_family|source_section|asset_class|strategy|period_start|unit|evidence_quote,MERGE,"subject_type classifies what subject_name names: a named vehicle ('... , L.P.', an SMA, an LLC) is fund; a total or subtotal line is the owner's aggregate, so portfolio; an index is benchmark. A whole schedule typed investment means the label was not read. evidence_quote takes the full printed line over the bare value: the line proves this number, the bare digits prove only that they occur somewhere on the page. Definition backfill: both lanes read the same qualifiers off this cell. Definition backfill: both lanes read the same qualifiers off this cell.",RESOLVED,A+B+ADJUDICATOR,8783ef3e2dc6cf061218360ff1c3db121d172543d661901b2d74131021935dc1
3ca82198bea33c650159,SRC457,10,PAIR_85898BB670A94A899FE6DA6C,CLASSIFICATION_CONFLICT,759,936,record_family|source_section|source_column_label|asset_class|strategy|period_start|currency_scale|metric_category|evidence_quote,MERGE,"subject_type classifies what subject_name names: a named vehicle ('... , L.P.', an SMA, an LLC) is fund; a total or subtotal line is the owner's aggregate, so portfolio; an index is benchmark. A whole schedule typed investment means the label was not read. evidence_quote takes the full printed line over the bare value: the line proves this number, the bare digits prove only that they occur somewhere on the page. Definition backfill: both lanes read the same qualifiers off this cell. Definition backfill: both lanes read the same qualifiers off this cell.",RESOLVED,A+B+ADJUDICATOR,8783ef3e2dc6cf061218360ff1c3db121d172543d661901b2d74131021935dc1
e1926c68be8692ec38b3,SRC457,10,PAIR_E88C6E2AED6DEDA325E33B03,B_ONLY,,937,,MERGE,"subject_type classifies what subject_name names: a named vehicle ('... , L.P.', an SMA, an LLC) is fund; a total or subtotal line is the owner's aggregate, so portfolio; an index is benchmark. A whole schedule typed investment means the label was not read. PIC is paid_in_capital, never moic: the disambiguation table names the printed label PIC explicitly. The page prints it under a Multiples banner, which is why one lane typed it a multiple. evidence_quote takes the full printed line over the bare value: the line proves this number, the bare digits prove only that they occur somewhere on the page. Definition backfill: both lanes read the same qualifiers off this cell. Definition backfill: both lanes read the same qualifiers off this cell.; the PIC column sits in the multiples block beside TVPI, RVPI, and DPI and its footnote states that PIC multiples may exceed 1.00 due to recycling, so the printed value is a multiple of commitment rather than an amount",RESOLVED,B+ADJUDICATOR,8783ef3e2dc6cf061218360ff1c3db121d172543d661901b2d74131021935dc1
b41b3f2dac500b9ca73e,SRC457,10,PAIR_54658BE7F5727C988363A552,CLASSIFICATION_CONFLICT,760,938,record_family|source_section|asset_class|strategy|period_start|metric_name|evidence_quote,MERGE,"subject_type classifies what subject_name names: a named vehicle ('... , L.P.', an SMA, an LLC) is fund; a total or subtotal line is the owner's aggregate, so portfolio; an index is benchmark. A whole schedule typed investment means the label was not read. metric_name: rows are entities and columns are periods, so the metric is the measure the table itself names in its printed wording, 'Net Time Weighted Returns' — never the period (which is the horizon) and never a singularised trim of the banner. evidence_quote takes the full printed line over the bare value: the line proves this number, the bare digits prove only that they occur somewhere on the page. Definition backfill: both lanes read the same qualifiers off this cell. Definition backfill: both lanes read the same qualifiers off this cell.",RESOLVED,A+B+ADJUDICATOR,8783ef3e2dc6cf061218360ff1c3db121d172543d661901b2d74131021935dc1
775accacb72ce0bb7cf6,SRC457,10,PAIR_8EFF16A724E9245700A20EF8,CLASSIFICATION_CONFLICT,761,939,record_family|source_section|asset_class|strategy|period_start|unit|evidence_quote,MERGE,"subject_type classifies what subject_name names: a named vehicle ('... , L.P.', an SMA, an LLC) is fund; a total or subtotal line is the owner's aggregate, so portfolio; an index is benchmark. A whole schedule typed investment means the label was not read. evidence_quote takes the full printed line over the bare value: the line proves this number, the bare digits prove only that they occur somewhere on the page. Definition backfill: both lanes read the same qualifiers off this cell. Definition backfill: both lanes read the same qualifiers off this cell.",RESOLVED,A+B+ADJUDICATOR,8783ef3e2dc6cf061218360ff1c3db121d172543d661901b2d74131021935dc1
c20467311df0c6c37b86,SRC457,10,PAIR_AF9E3646B87B02664CA19C7E,CLASSIFICATION_CONFLICT,762,940,record_family|source_section|asset_class|strategy|period_start|metric_name|evidence_quote,MERGE,"subject_type classifies what subject_name names: a named vehicle ('... , L.P.', an SMA, an LLC) is fund; a total or subtotal line is the owner's aggregate, so portfolio; an index is benchmark. A whole schedule typed investment means the label was not read. metric_name: rows are entities and columns are periods, so the metric is the measure the table itself names in its printed wording, 'Net Time Weighted Returns' — never the period (which is the horizon) and never a singularised trim of the banner. evidence_quote takes the full printed line over the bare value: the line proves this number, the bare digits prove only that they occur somewhere on the page. Definition backfill: both lanes read the same qualifiers off this cell. Definition backfill: both lanes read the same qualifiers off this cell.",RESOLVED,A+B+ADJUDICATOR,8783ef3e2dc6cf061218360ff1c3db121d172543d661901b2d74131021935dc1
86dedbd69b1cc4b0bf03,SRC457,10,PAIR_46034912A9D59232A59DC4D2,CLASSIFICATION_CONFLICT,763,941,record_family|source_section|asset_class|strategy|period_start|unit|evidence_quote,MERGE,"subject_type classifies what subject_name names: a named vehicle ('... , L.P.', an SMA, an LLC) is fund; a total or subtotal line is the owner's aggregate, so portfolio; an index is benchmark. A whole schedule typed investment means the label was not read. evidence_quote takes the full printed line over the bare value: the line proves this number, the bare digits prove only that they occur somewhere on the page. Definition backfill: both lanes read the same qualifiers off this cell. Definition backfill: both lanes read the same qualifiers off this cell.",RESOLVED,A+B+ADJUDICATOR,8783ef3e2dc6cf061218360ff1c3db121d172543d661901b2d74131021935dc1
4643b4bbb4d71f879ed1,SRC457,10,PAIR_D6C2B073A7E309482ED31216,B_ONLY,,942,,MERGE,"subject_type classifies what subject_name names: a named vehicle ('... , L.P.', an SMA, an LLC) is fund; a total or subtotal line is the owner's aggregate, so portfolio; an index is benchmark. A whole schedule typed investment means the label was not read. evidence_quote takes the full printed line over the bare value: the line proves this number, the bare digits prove only that they occur somewhere on the page.",RESOLVED,B+ADJUDICATOR,8783ef3e2dc6cf061218360ff1c3db121d172543d661901b2d74131021935dc1
e2e5461c4f15118c6e7e,SRC457,10,PAIR_1258A0BA1EE54C47339A68E4,VALUE_CONFLICT,764,943,record_family|source_section|asset_class|strategy|period_start|metric_name|metric_value_raw|evidence_quote,MERGE,"subject_type classifies what subject_name names: a named vehicle ('... , L.P.', an SMA, an LLC) is fund; a total or subtotal line is the owner's aggregate, so portfolio; an index is benchmark. A whole schedule typed investment means the label was not read. metric_name: rows are entities and columns are periods, so the metric is the measure the table itself names in its printed wording, 'Net Time Weighted Returns' — never the period (which is the horizon) and never a singularised trim of the banner. evidence_quote takes the full printed line over the bare value: the line proves this number, the bare digits prove only that they occur somewhere on the page. Definition backfill: both lanes read the same qualifiers off this cell. Definition backfill: both lanes read the same qualifiers off this cell.",RESOLVED,A+B+ADJUDICATOR,8783ef3e2dc6cf061218360ff1c3db121d172543d661901b2d74131021935dc1
809d37c4fb7874a3d10a,SRC457,10,PAIR_0294D033CEDF4371CEFD3E1B,CLASSIFICATION_CONFLICT,765,944,record_family|source_section|asset_class|strategy|period_start|metric_name|evidence_quote,MERGE,"subject_type classifies what subject_name names: a named vehicle ('... , L.P.', an SMA, an LLC) is fund; a total or subtotal line is the owner's aggregate, so portfolio; an index is benchmark. A whole schedule typed investment means the label was not read. metric_name: rows are entities and columns are periods, so the metric is the measure the table itself names in its printed wording, 'Net Time Weighted Returns' — never the period (which is the horizon) and never a singularised trim of the banner. evidence_quote takes the full printed line over the bare value: the line proves this number, the bare digits prove only that they occur somewhere on the page. Definition backfill: both lanes read the same qualifiers off this cell. Definition backfill: both lanes read the same qualifiers off this cell.",RESOLVED,A+B+ADJUDICATOR,8783ef3e2dc6cf061218360ff1c3db121d172543d661901b2d74131021935dc1
3888555b1ae285d58f31,SRC457,10,PAIR_B66E4EC4F5B9A8FF9D77BB52,CLASSIFICATION_CONFLICT,766,945,record_family|source_section|asset_class|strategy|period_start|metric_name|evidence_quote,MERGE,"subject_type classifies what subject_name names: a named vehicle ('... , L.P.', an SMA, an LLC) is fund; a total or subtotal line is the owner's aggregate, so portfolio; an index is benchmark. A whole schedule typed investment means the label was not read. metric_name: rows are entities and columns are periods, so the metric is the measure the table itself names in its printed wording, 'Net Time Weighted Returns' — never the period (which is the horizon) and never a singularised trim of the banner. evidence_quote takes the full printed line over the bare value: the line proves this number, the bare digits prove only that they occur somewhere on the page. Definition backfill: both lanes read the same qualifiers off this cell. Definition backfill: both lanes read the same qualifiers off this cell.",RESOLVED,A+B+ADJUDICATOR,8783ef3e2dc6cf061218360ff1c3db121d172543d661901b2d74131021935dc1
54ee18f10f5cd66ba37c,SRC457,10,PAIR_A84C8665910844D0162E99D7,CLASSIFICATION_CONFLICT,767,946,record_family|source_section|asset_class|strategy|period_start|metric_name|evidence_quote,MERGE,"subject_type classifies what subject_name names: a named vehicle ('... , L.P.', an SMA, an LLC) is fund; a total or subtotal line is the owner's aggregate, so portfolio; an index is benchmark. A whole schedule typed investment means the label was not read. metric_name: rows are entities and columns are periods, so the metric is the measure the table itself names in its printed wording, 'Net Time Weighted Returns' — never the period (which is the horizon) and never a singularised trim of the banner. evidence_quote takes the full printed line over the bare value: the line proves this number, the bare digits prove only that they occur somewhere on the page. Definition backfill: both lanes read the same qualifiers off this cell. Definition backfill: both lanes read the same qualifiers off this cell.",RESOLVED,A+B+ADJUDICATOR,8783ef3e2dc6cf061218360ff1c3db121d172543d661901b2d74131021935dc1
f748287d04a2b3701de3,SRC457,10,PAIR_30A51851721319B9FEBA455B,B_ONLY,,947,,MERGE,"subject_type classifies what subject_name names: a named vehicle ('... , L.P.', an SMA, an LLC) is fund; a total or subtotal line is the owner's aggregate, so portfolio; an index is benchmark. A whole schedule typed investment means the label was not read. evidence_quote takes the full printed line over the bare value: the line proves this number, the bare digits prove only that they occur somewhere on the page.",RESOLVED,B+ADJUDICATOR,8783ef3e2dc6cf061218360ff1c3db121d172543d661901b2d74131021935dc1
e40eb046fbd8ea0657a9,SRC457,10,PAIR_7A491560670A4C1C706A0DBB,CLASSIFICATION_CONFLICT,768,948,record_family|source_section|asset_class|strategy|period_start|unit|evidence_quote,MERGE,"subject_type classifies what subject_name names: a named vehicle ('... , L.P.', an SMA, an LLC) is fund; a total or subtotal line is the owner's aggregate, so portfolio; an index is benchmark. A whole schedule typed investment means the label was not read. evidence_quote takes the full printed line over the bare value: the line proves this number, the bare digits prove only that they occur somewhere on the page. Definition backfill: both lanes read the same qualifiers off this cell. Definition backfill: both lanes read the same qualifiers off this cell.",RESOLVED,A+B+ADJUDICATOR,8783ef3e2dc6cf061218360ff1c3db121d172543d661901b2d74131021935dc1
9c89c8231550db478ea4,SRC457,10,PAIR_F8E81D0B7FF06D1C460032AE,CLASSIFICATION_CONFLICT,769,949,record_family|source_section|source_column_label|asset_class|strategy|period_start|currency_scale|metric_category|evidence_quote,MERGE,"subject_type classifies what subject_name names: a named vehicle ('... , L.P.', an SMA, an LLC) is fund; a total or subtotal line is the owner's aggregate, so portfolio; an index is benchmark. A whole schedule typed investment means the label was not read. evidence_quote takes the full printed line over the bare value: the line proves this number, the bare digits prove only that they occur somewhere on the page. Definition backfill: both lanes read the same qualifiers off this cell. Definition backfill: both lanes read the same qualifiers off this cell.",RESOLVED,A+B+ADJUDICATOR,8783ef3e2dc6cf061218360ff1c3db121d172543d661901b2d74131021935dc1
d28b90523a98388ea762,SRC457,10,PAIR_E3B4E207C05E94D0033376C9,B_ONLY,,950,,MERGE,"subject_type classifies what subject_name names: a named vehicle ('... , L.P.', an SMA, an LLC) is fund; a total or subtotal line is the owner's aggregate, so portfolio; an index is benchmark. A whole schedule typed investment means the label was not read. PIC is paid_in_capital, never moic: the disambiguation table names the printed label PIC explicitly. The page prints it under a Multiples banner, which is why one lane typed it a multiple. evidence_quote takes the full printed line over the bare value: the line proves this number, the bare digits prove only that they occur somewhere on the page. Definition backfill: both lanes read the same qualifiers off this cell. Definition backfill: both lanes read the same qualifiers off this cell.; the PIC column sits in the multiples block beside TVPI, RVPI, and DPI and its footnote states that PIC multiples may exceed 1.00 due to recycling, so the printed value is a multiple of commitment rather than an amount",RESOLVED,B+ADJUDICATOR,8783ef3e2dc6cf061218360ff1c3db121d172543d661901b2d74131021935dc1
cecbe739e1ade132c4f7,SRC457,10,PAIR_3752F041906EDFA110AF2D40,CLASSIFICATION_CONFLICT,770,951,record_family|source_section|asset_class|strategy|period_start|metric_name|evidence_quote,MERGE,"subject_type classifies what subject_name names: a named vehicle ('... , L.P.', an SMA, an LLC) is fund; a total or subtotal line is the owner's aggregate, so portfolio; an index is benchmark. A whole schedule typed investment means the label was not read. metric_name: rows are entities and columns are periods, so the metric is the measure the table itself names in its printed wording, 'Net Time Weighted Returns' — never the period (which is the horizon) and never a singularised trim of the banner. evidence_quote takes the full printed line over the bare value: the line proves this number, the bare digits prove only that they occur somewhere on the page. Definition backfill: both lanes read the same qualifiers off this cell. Definition backfill: both lanes read the same qualifiers off this cell.",RESOLVED,A+B+ADJUDICATOR,8783ef3e2dc6cf061218360ff1c3db121d172543d661901b2d74131021935dc1
d21ddb28853fc1663f97,SRC457,10,PAIR_383EF740DC59E6B055F27CB7,CLASSIFICATION_CONFLICT,771,952,record_family|source_section|asset_class|strategy|period_start|unit|evidence_quote,MERGE,"subject_type classifies what subject_name names: a named vehicle ('... , L.P.', an SMA, an LLC) is fund; a total or subtotal line is the owner's aggregate, so portfolio; an index is benchmark. A whole schedule typed investment means the label was not read. evidence_quote takes the full printed line over the bare value: the line proves this number, the bare digits prove only that they occur somewhere on the page. Definition backfill: both lanes read the same qualifiers off this cell. Definition backfill: both lanes read the same qualifiers off this cell.",RESOLVED,A+B+ADJUDICATOR,8783ef3e2dc6cf061218360ff1c3db121d172543d661901b2d74131021935dc1
56e3a8a5c0310737a8d7,SRC457,10,PAIR_9FA1E169A14A8C2B91A15A34,CLASSIFICATION_CONFLICT,773,953,record_family|source_section|source_column_label|asset_class|strategy|period_start|metric_name|evidence_quote,MERGE,"subject_type classifies what subject_name names: a named vehicle ('... , L.P.', an SMA, an LLC) is fund; a total or subtotal line is the owner's aggregate, so portfolio; an index is benchmark. A whole schedule typed investment means the label was not read. evidence_quote takes the full printed line over the bare value: the line proves this number, the bare digits prove only that they occur somewhere on the page. Definition backfill: both lanes read the same qualifiers off this cell. Definition backfill: both lanes read the same qualifiers off this cell.",RESOLVED,A+B+ADJUDICATOR,8783ef3e2dc6cf061218360ff1c3db121d172543d661901b2d74131021935dc1
1e2882bcdfff68047023,SRC457,10,PAIR_BDCF46D8434725B5037979A0,CLASSIFICATION_CONFLICT,772,954,record_family|source_section|asset_class|strategy|period_start|metric_name|evidence_quote,MERGE,"subject_type classifies what subject_name names: a named vehicle ('... , L.P.', an SMA, an LLC) is fund; a total or subtotal line is the owner's aggregate, so portfolio; an index is benchmark. A whole schedule typed investment means the label was not read. metric_name: rows are entities and columns are periods, so the metric is the measure the table itself names in its printed wording, 'Net Time Weighted Returns' — never the period (which is the horizon) and never a singularised trim of the banner. evidence_quote takes the full printed line over the bare value: the line proves this number, the bare digits prove only that they occur somewhere on the page. Definition backfill: both lanes read the same qualifiers off this cell. Definition backfill: both lanes read the same qualifiers off this cell.",RESOLVED,A+B+ADJUDICATOR,8783ef3e2dc6cf061218360ff1c3db121d172543d661901b2d74131021935dc1
3a3765b6ecf3fa0566ef,SRC457,10,PAIR_A81DF8101C4B40357E4B8111,CLASSIFICATION_CONFLICT,774,955,record_family|source_section|asset_class|strategy|period_start|unit|evidence_quote,MERGE,"subject_type classifies what subject_name names: a named vehicle ('... , L.P.', an SMA, an LLC) is fund; a total or subtotal line is the owner's aggregate, so portfolio; an index is benchmark. A whole schedule typed investment means the label was not read. evidence_quote takes the full printed line over the bare value: the line proves this number, the bare digits prove only that they occur somewhere on the page. Definition backfill: both lanes read the same qualifiers off this cell. Definition backfill: both lanes read the same qualifiers off this cell.",RESOLVED,A+B+ADJUDICATOR,8783ef3e2dc6cf061218360ff1c3db121d172543d661901b2d74131021935dc1
30847596b626f17b1d7d,SRC457,10,PAIR_1B50C1DB37C07F4FFC915BB3,CLASSIFICATION_CONFLICT,775,956,record_family|source_section|asset_class|strategy|period_start|metric_name|evidence_quote,MERGE,"subject_type classifies what subject_name names: a named vehicle ('... , L.P.', an SMA, an LLC) is fund; a total or subtotal line is the owner's aggregate, so portfolio; an index is benchmark. A whole schedule typed investment means the label was not read. metric_name: rows are entities and columns are periods, so the metric is the measure the table itself names in its printed wording, 'Net Time Weighted Returns' — never the period (which is the horizon) and never a singularised trim of the banner. evidence_quote takes the full printed line over the bare value: the line proves this number, the bare digits prove only that they occur somewhere on the page. Definition backfill: both lanes read the same qualifiers off this cell. Definition backfill: both lanes read the same qualifiers off this cell.",RESOLVED,A+B+ADJUDICATOR,8783ef3e2dc6cf061218360ff1c3db121d172543d661901b2d74131021935dc1
65551e6d0c8423acf6ce,SRC457,10,PAIR_A643FE611F05AC11A29E57C9,CLASSIFICATION_CONFLICT,776,957,record_family|source_section|asset_class|strategy|period_start|metric_name|evidence_quote,MERGE,"subject_type classifies what subject_name names: a named vehicle ('... , L.P.', an SMA, an LLC) is fund; a total or subtotal line is the owner's aggregate, so portfolio; an index is benchmark. A whole schedule typed investment means the label was not read. metric_name: rows are entities and columns are periods, so the metric is the measure the table itself names in its printed wording, 'Net Time Weighted Returns' — never the period (which is the horizon) and never a singularised trim of the banner. evidence_quote takes the full printed line over the bare value: the line proves this number, the bare digits prove only that they occur somewhere on the page. Definition backfill: both lanes read the same qualifiers off this cell. Definition backfill: both lanes read the same qualifiers off this cell.",RESOLVED,A+B+ADJUDICATOR,8783ef3e2dc6cf061218360ff1c3db121d172543d661901b2d74131021935dc1
48e2f1786e8838059495,SRC457,10,PAIR_1CC806F8E48652AEA8BB490A,VALUE_CONFLICT,777,958,record_family|source_section|asset_class|strategy|period_start|metric_name|metric_value_raw|evidence_quote,MERGE,"subject_type classifies what subject_name names: a named vehicle ('... , L.P.', an SMA, an LLC) is fund; a total or subtotal line is the owner's aggregate, so portfolio; an index is benchmark. A whole schedule typed investment means the label was not read. metric_name: rows are entities and columns are periods, so the metric is the measure the table itself names in its printed wording, 'Net Time Weighted Returns' — never the period (which is the horizon) and never a singularised trim of the banner. evidence_quote takes the full printed line over the bare value: the line proves this number, the bare digits prove only that they occur somewhere on the page. Definition backfill: both lanes read the same qualifiers off this cell. Definition backfill: both lanes read the same qualifiers off this cell.",RESOLVED,A+B+ADJUDICATOR,8783ef3e2dc6cf061218360ff1c3db121d172543d661901b2d74131021935dc1
9fad21df1b05291f08ba,SRC457,10,PAIR_82D8A5386E333A809307B27F,B_ONLY,,959,,MERGE,"subject_type classifies what subject_name names: a named vehicle ('... , L.P.', an SMA, an LLC) is fund; a total or subtotal line is the owner's aggregate, so portfolio; an index is benchmark. A whole schedule typed investment means the label was not read. evidence_quote takes the full printed line over the bare value: the line proves this number, the bare digits prove only that they occur somewhere on the page.",RESOLVED,B+ADJUDICATOR,8783ef3e2dc6cf061218360ff1c3db121d172543d661901b2d74131021935dc1
b15c7f8fe529598682e1,SRC457,10,PAIR_F70DD5DC3D91C29EDFB49828,CLASSIFICATION_CONFLICT,778,960,record_family|source_section|asset_class|strategy|period_start|unit|evidence_quote,MERGE,"subject_type classifies what subject_name names: a named vehicle ('... , L.P.', an SMA, an LLC) is fund; a total or subtotal line is the owner's aggregate, so portfolio; an index is benchmark. A whole schedule typed investment means the label was not read. evidence_quote takes the full printed line over the bare value: the line proves this number, the bare digits prove only that they occur somewhere on the page. Definition backfill: both lanes read the same qualifiers off this cell. Definition backfill: both lanes read the same qualifiers off this cell.",RESOLVED,A+B+ADJUDICATOR,8783ef3e2dc6cf061218360ff1c3db121d172543d661901b2d74131021935dc1
369fac53c3441b236194,SRC457,10,PAIR_F81F4654AE9B4EDAC272CFB8,CLASSIFICATION_CONFLICT,779,961,record_family|source_section|source_column_label|asset_class|strategy|period_start|currency_scale|metric_category|evidence_quote,MERGE,"subject_type classifies what subject_name names: a named vehicle ('... , L.P.', an SMA, an LLC) is fund; a total or subtotal line is the owner's aggregate, so portfolio; an index is benchmark. A whole schedule typed investment means the label was not read. evidence_quote takes the full printed line over the bare value: the line proves this number, the bare digits prove only that they occur somewhere on the page. Definition backfill: both lanes read the same qualifiers off this cell. Definition backfill: both lanes read the same qualifiers off this cell.",RESOLVED,A+B+ADJUDICATOR,8783ef3e2dc6cf061218360ff1c3db121d172543d661901b2d74131021935dc1
fc41966a3507f8fcd265,SRC457,10,PAIR_A2C8A8B1D311D12B4F70EA99,B_ONLY,,962,,MERGE,"subject_type classifies what subject_name names: a named vehicle ('... , L.P.', an SMA, an LLC) is fund; a total or subtotal line is the owner's aggregate, so portfolio; an index is benchmark. A whole schedule typed investment means the label was not read. PIC is paid_in_capital, never moic: the disambiguation table names the printed label PIC explicitly. The page prints it under a Multiples banner, which is why one lane typed it a multiple. evidence_quote takes the full printed line over the bare value: the line proves this number, the bare digits prove only that they occur somewhere on the page. Definition backfill: both lanes read the same qualifiers off this cell. Definition backfill: both lanes read the same qualifiers off this cell.; the PIC column sits in the multiples block beside TVPI, RVPI, and DPI and its footnote states that PIC multiples may exceed 1.00 due to recycling, so the printed value is a multiple of commitment rather than an amount",RESOLVED,B+ADJUDICATOR,8783ef3e2dc6cf061218360ff1c3db121d172543d661901b2d74131021935dc1
1c64ef60ac4bb2398a9a,SRC457,10,PAIR_ECCDA6306226F05250262F5D,CLASSIFICATION_CONFLICT,780,963,record_family|source_section|asset_class|strategy|period_start|metric_name|evidence_quote,MERGE,"subject_type classifies what subject_name names: a named vehicle ('... , L.P.', an SMA, an LLC) is fund; a total or subtotal line is the owner's aggregate, so portfolio; an index is benchmark. A whole schedule typed investment means the label was not read. metric_name: rows are entities and columns are periods, so the metric is the measure the table itself names in its printed wording, 'Net Time Weighted Returns' — never the period (which is the horizon) and never a singularised trim of the banner. evidence_quote takes the full printed line over the bare value: the line proves this number, the bare digits prove only that they occur somewhere on the page. Definition backfill: both lanes read the same qualifiers off this cell. Definition backfill: both lanes read the same qualifiers off this cell.",RESOLVED,A+B+ADJUDICATOR,8783ef3e2dc6cf061218360ff1c3db121d172543d661901b2d74131021935dc1
3048e7be9c5ec43ff1ac,SRC457,10,PAIR_7C0A61674EF57FC3216B6A8B,CLASSIFICATION_CONFLICT,781,964,record_family|source_section|asset_class|strategy|period_start|unit|evidence_quote,MERGE,"subject_type classifies what subject_name names: a named vehicle ('... , L.P.', an SMA, an LLC) is fund; a total or subtotal line is the owner's aggregate, so portfolio; an index is benchmark. A whole schedule typed investment means the label was not read. evidence_quote takes the full printed line over the bare value: the line proves this number, the bare digits prove only that they occur somewhere on the page. Definition backfill: both lanes read the same qualifiers off this cell. Definition backfill: both lanes read the same qualifiers off this cell.",RESOLVED,A+B+ADJUDICATOR,8783ef3e2dc6cf061218360ff1c3db121d172543d661901b2d74131021935dc1
a17124fa395c5a62439f,SRC457,10,PAIR_003326EB3B5BEA9C01D87E86,CLASSIFICATION_CONFLICT,783,965,record_family|source_section|source_column_label|asset_class|strategy|period_start|metric_name|evidence_quote,MERGE,"subject_type classifies what subject_name names: a named vehicle ('... , L.P.', an SMA, an LLC) is fund; a total or subtotal line is the owner's aggregate, so portfolio; an index is benchmark. A whole schedule typed investment means the label was not read. evidence_quote takes the full printed line over the bare value: the line proves this number, the bare digits prove only that they occur somewhere on the page. Definition backfill: both lanes read the same qualifiers off this cell. Definition backfill: both lanes read the same qualifiers off this cell.",RESOLVED,A+B+ADJUDICATOR,8783ef3e2dc6cf061218360ff1c3db121d172543d661901b2d74131021935dc1
785a28e80fd15d0120a7,SRC457,10,PAIR_2DDF4F2A177974F6731BDB1A,VALUE_CONFLICT,782,966,record_family|source_section|asset_class|strategy|period_start|metric_name|metric_value_raw|evidence_quote,MERGE,"subject_type classifies what subject_name names: a named vehicle ('... , L.P.', an SMA, an LLC) is fund; a total or subtotal line is the owner's aggregate, so portfolio; an index is benchmark. A whole schedule typed investment means the label was not read. metric_name: rows are entities and columns are periods, so the metric is the measure the table itself names in its printed wording, 'Net Time Weighted Returns' — never the period (which is the horizon) and never a singularised trim of the banner. evidence_quote takes the full printed line over the bare value: the line proves this number, the bare digits prove only that they occur somewhere on the page. Definition backfill: both lanes read the same qualifiers off this cell. Definition backfill: both lanes read the same qualifiers off this cell.",RESOLVED,A+B+ADJUDICATOR,8783ef3e2dc6cf061218360ff1c3db121d172543d661901b2d74131021935dc1
f760627e62fd766428a1,SRC457,10,PAIR_B9E1F01C4C2310D0C0991C13,CLASSIFICATION_CONFLICT,784,967,record_family|source_section|asset_class|strategy|period_start|unit|evidence_quote,MERGE,"subject_type classifies what subject_name names: a named vehicle ('... , L.P.', an SMA, an LLC) is fund; a total or subtotal line is the owner's aggregate, so portfolio; an index is benchmark. A whole schedule typed investment means the label was not read. evidence_quote takes the full printed line over the bare value: the line proves this number, the bare digits prove only that they occur somewhere on the page. Definition backfill: both lanes read the same qualifiers off this cell. Definition backfill: both lanes read the same qualifiers off this cell.",RESOLVED,A+B+ADJUDICATOR,8783ef3e2dc6cf061218360ff1c3db121d172543d661901b2d74131021935dc1
ab9ca33b46fd408c4e10,SRC457,10,PAIR_1721AD715391396947F4DF05,B_ONLY,,968,,MERGE,"subject_type classifies what subject_name names: a named vehicle ('... , L.P.', an SMA, an LLC) is fund; a total or subtotal line is the owner's aggregate, so portfolio; an index is benchmark. A whole schedule typed investment means the label was not read. evidence_quote takes the full printed line over the bare value: the line proves this number, the bare digits prove only that they occur somewhere on the page.",RESOLVED,B+ADJUDICATOR,8783ef3e2dc6cf061218360ff1c3db121d172543d661901b2d74131021935dc1
ba58a61aec7fed67b812,SRC457,10,PAIR_58019E5F9981B68598069BCB,CLASSIFICATION_CONFLICT,785,969,record_family|source_section|asset_class|strategy|period_start|metric_name|evidence_quote,MERGE,"subject_type classifies what subject_name names: a named vehicle ('... , L.P.', an SMA, an LLC) is fund; a total or subtotal line is the owner's aggregate, so portfolio; an index is benchmark. A whole schedule typed investment means the label was not read. metric_name: rows are entities and columns are periods, so the metric is the measure the table itself names in its printed wording, 'Net Time Weighted Returns' — never the period (which is the horizon) and never a singularised trim of the banner. evidence_quote takes the full printed line over the bare value: the line proves this number, the bare digits prove only that they occur somewhere on the page. Definition backfill: both lanes read the same qualifiers off this cell. Definition backfill: both lanes read the same qualifiers off this cell.",RESOLVED,A+B+ADJUDICATOR,8783ef3e2dc6cf061218360ff1c3db121d172543d661901b2d74131021935dc1
2178ff73f94dbed728b3,SRC457,10,PAIR_312FC418B67773F183DE5C01,B_ONLY,,970,,MERGE,"subject_type classifies what subject_name names: a named vehicle ('... , L.P.', an SMA, an LLC) is fund; a total or subtotal line is the owner's aggregate, so portfolio; an index is benchmark. A whole schedule typed investment means the label was not read. evidence_quote takes the full printed line over the bare value: the line proves this number, the bare digits prove only that they occur somewhere on the page.",RESOLVED,B+ADJUDICATOR,8783ef3e2dc6cf061218360ff1c3db121d172543d661901b2d74131021935dc1
3fb91c3424a85ac8a93b,SRC457,10,PAIR_81612CFB9545B468A8F31D25,CLASSIFICATION_CONFLICT,786,971,record_family|source_section|asset_class|strategy|period_start|unit|evidence_quote,MERGE,"subject_type classifies what subject_name names: a named vehicle ('... , L.P.', an SMA, an LLC) is fund; a total or subtotal line is the owner's aggregate, so portfolio; an index is benchmark. A whole schedule typed investment means the label was not read. evidence_quote takes the full printed line over the bare value: the line proves this number, the bare digits prove only that they occur somewhere on the page. Definition backfill: both lanes read the same qualifiers off this cell. Definition backfill: both lanes read the same qualifiers off this cell.",RESOLVED,A+B+ADJUDICATOR,8783ef3e2dc6cf061218360ff1c3db121d172543d661901b2d74131021935dc1
3c80bb05f756750edc32,SRC457,10,PAIR_946F4608E2B35B45F84D2E16,CLASSIFICATION_CONFLICT,787,972,record_family|source_section|source_column_label|asset_class|strategy|period_start|currency_scale|metric_category|evidence_quote,MERGE,"subject_type classifies what subject_name names: a named vehicle ('... , L.P.', an SMA, an LLC) is fund; a total or subtotal line is the owner's aggregate, so portfolio; an index is benchmark. A whole schedule typed investment means the label was not read. evidence_quote takes the full printed line over the bare value: the line proves this number, the bare digits prove only that they occur somewhere on the page. Definition backfill: both lanes read the same qualifiers off this cell. Definition backfill: both lanes read the same qualifiers off this cell.",RESOLVED,A+B+ADJUDICATOR,8783ef3e2dc6cf061218360ff1c3db121d172543d661901b2d74131021935dc1
8d67345d781033fd4126,SRC457,10,PAIR_4E8CD5CEB25982DD6386EBD4,B_ONLY,,973,,MERGE,"subject_type classifies what subject_name names: a named vehicle ('... , L.P.', an SMA, an LLC) is fund; a total or subtotal line is the owner's aggregate, so portfolio; an index is benchmark. A whole schedule typed investment means the label was not read. PIC is paid_in_capital, never moic: the disambiguation table names the printed label PIC explicitly. The page prints it under a Multiples banner, which is why one lane typed it a multiple. evidence_quote takes the full printed line over the bare value: the line proves this number, the bare digits prove only that they occur somewhere on the page. Definition backfill: both lanes read the same qualifiers off this cell. Definition backfill: both lanes read the same qualifiers off this cell.; the PIC column sits in the multiples block beside TVPI, RVPI, and DPI and its footnote states that PIC multiples may exceed 1.00 due to recycling, so the printed value is a multiple of commitment rather than an amount",RESOLVED,B+ADJUDICATOR,8783ef3e2dc6cf061218360ff1c3db121d172543d661901b2d74131021935dc1
bafc182ed9fad83e15df,SRC457,10,PAIR_7E5993BD5D51605B836B639E,CLASSIFICATION_CONFLICT,788,974,record_family|source_section|asset_class|strategy|period_start|metric_name|evidence_quote,MERGE,"subject_type classifies what subject_name names: a named vehicle ('... , L.P.', an SMA, an LLC) is fund; a total or subtotal line is the owner's aggregate, so portfolio; an index is benchmark. A whole schedule typed investment means the label was not read. metric_name: rows are entities and columns are periods, so the metric is the measure the table itself names in its printed wording, 'Net Time Weighted Returns' — never the period (which is the horizon) and never a singularised trim of the banner. evidence_quote takes the full printed line over the bare value: the line proves this number, the bare digits prove only that they occur somewhere on the page. Definition backfill: both lanes read the same qualifiers off this cell. Definition backfill: both lanes read the same qualifiers off this cell.",RESOLVED,A+B+ADJUDICATOR,8783ef3e2dc6cf061218360ff1c3db121d172543d661901b2d74131021935dc1
506299328dbac5f0fe9b,SRC457,10,PAIR_84CE979626E1D3F3B9B2F859,CLASSIFICATION_CONFLICT,789,975,record_family|source_section|asset_class|strategy|period_start|unit|evidence_quote,MERGE,"subject_type classifies what subject_name names: a named vehicle ('... , L.P.', an SMA, an LLC) is fund; a total or subtotal line is the owner's aggregate, so portfolio; an index is benchmark. A whole schedule typed investment means the label was not read. evidence_quote takes the full printed line over the bare value: the line proves this number, the bare digits prove only that they occur somewhere on the page. Definition backfill: both lanes read the same qualifiers off this cell. Definition backfill: both lanes read the same qualifiers off this cell.",RESOLVED,A+B+ADJUDICATOR,8783ef3e2dc6cf061218360ff1c3db121d172543d661901b2d74131021935dc1
585abec2699a70be37c6,SRC457,10,PAIR_0E7C37E1BF5AB8EE803D684A,CLASSIFICATION_CONFLICT,791,976,record_family|source_section|source_column_label|asset_class|strategy|period_start|metric_name|evidence_quote,MERGE,"subject_type classifies what subject_name names: a named vehicle ('... , L.P.', an SMA, an LLC) is fund; a total or subtotal line is the owner's aggregate, so portfolio; an index is benchmark. A whole schedule typed investment means the label was not read. evidence_quote takes the full printed line over the bare value: the line proves this number, the bare digits prove only that they occur somewhere on the page. Definition backfill: both lanes read the same qualifiers off this cell. Definition backfill: both lanes read the same qualifiers off this cell.",RESOLVED,A+B+ADJUDICATOR,8783ef3e2dc6cf061218360ff1c3db121d172543d661901b2d74131021935dc1
dd2a4af863f722412ac1,SRC457,10,PAIR_ADE8D4E06416A794ACD2A987,CLASSIFICATION_CONFLICT,790,977,record_family|source_section|asset_class|strategy|period_start|metric_name|evidence_quote,MERGE,"subject_type classifies what subject_name names: a named vehicle ('... , L.P.', an SMA, an LLC) is fund; a total or subtotal line is the owner's aggregate, so portfolio; an index is benchmark. A whole schedule typed investment means the label was not read. metric_name: rows are entities and columns are periods, so the metric is the measure the table itself names in its printed wording, 'Net Time Weighted Returns' — never the period (which is the horizon) and never a singularised trim of the banner. evidence_quote takes the full printed line over the bare value: the line proves this number, the bare digits prove only that they occur somewhere on the page. Definition backfill: both lanes read the same qualifiers off this cell. Definition backfill: both lanes read the same qualifiers off this cell.",RESOLVED,A+B+ADJUDICATOR,8783ef3e2dc6cf061218360ff1c3db121d172543d661901b2d74131021935dc1
de9ee7ba9dc7dac46e0b,SRC457,10,PAIR_E85EEB71EFAF937CF723FDA4,CLASSIFICATION_CONFLICT,792,978,record_family|source_section|asset_class|strategy|period_start|unit|evidence_quote,MERGE,"subject_type classifies what subject_name names: a named vehicle ('... , L.P.', an SMA, an LLC) is fund; a total or subtotal line is the owner's aggregate, so portfolio; an index is benchmark. A whole schedule typed investment means the label was not read. evidence_quote takes the full printed line over the bare value: the line proves this number, the bare digits prove only that they occur somewhere on the page. Definition backfill: both lanes read the same qualifiers off this cell. Definition backfill: both lanes read the same qualifiers off this cell.",RESOLVED,A+B+ADJUDICATOR,8783ef3e2dc6cf061218360ff1c3db121d172543d661901b2d74131021935dc1
3068f6c87b8e02b2db1e,SRC457,10,PAIR_D060B0A2087684883447179F,B_ONLY,,979,,MERGE,"subject_type classifies what subject_name names: a named vehicle ('... , L.P.', an SMA, an LLC) is fund; a total or subtotal line is the owner's aggregate, so portfolio; an index is benchmark. A whole schedule typed investment means the label was not read. evidence_quote takes the full printed line over the bare value: the line proves this number, the bare digits prove only that they occur somewhere on the page.",RESOLVED,B+ADJUDICATOR,8783ef3e2dc6cf061218360ff1c3db121d172543d661901b2d74131021935dc1
d65b47f0a0c08890db5b,SRC457,10,PAIR_55251F550A1109E9BC925214,VALUE_CONFLICT,793,980,record_family|source_section|subject_type|asset_class|strategy|period_start|metric_name|metric_value_raw|evidence_quote,MERGE,"metric_name: rows are entities and columns are periods, so the metric is the measure the table itself names in its printed wording, 'Net Time Weighted Returns' — never the period (which is the horizon) and never a singularised trim of the banner. evidence_quote takes the full printed line over the bare value: the line proves this number, the bare digits prove only that they occur somewhere on the page. Definition backfill: both lanes read the same qualifiers off this cell. Definition backfill: both lanes read the same qualifiers off this cell.",RESOLVED,A+B+ADJUDICATOR,8783ef3e2dc6cf061218360ff1c3db121d172543d661901b2d74131021935dc1
f3c1e8df83b952f81f08,SRC457,10,PAIR_E6FE9134F418D166593E70A4,CLASSIFICATION_CONFLICT,794,981,record_family|source_section|subject_type|asset_class|strategy|period_start|metric_name|evidence_quote,MERGE,"metric_name: rows are entities and columns are periods, so the metric is the measure the table itself names in its printed wording, 'Net Time Weighted Returns' — never the period (which is the horizon) and never a singularised trim of the banner. evidence_quote takes the full printed line over the bare value: the line proves this number, the bare digits prove only that they occur somewhere on the page. Definition backfill: both lanes read the same qualifiers off this cell. Definition backfill: both lanes read the same qualifiers off this cell.",RESOLVED,A+B+ADJUDICATOR,8783ef3e2dc6cf061218360ff1c3db121d172543d661901b2d74131021935dc1
961bac33eafbdc8818cf,SRC457,10,PAIR_FEFAAB59CFFC2461B71CC154,CLASSIFICATION_CONFLICT,795,982,record_family|source_section|subject_type|asset_class|strategy|period_start|metric_name|evidence_quote,MERGE,"metric_name: rows are entities and columns are periods, so the metric is the measure the table itself names in its printed wording, 'Net Time Weighted Returns' — never the period (which is the horizon) and never a singularised trim of the banner. evidence_quote takes the full printed line over the bare value: the line proves this number, the bare digits prove only that they occur somewhere on the page. Definition backfill: both lanes read the same qualifiers off this cell. Definition backfill: both lanes read the same qualifiers off this cell.",RESOLVED,A+B+ADJUDICATOR,8783ef3e2dc6cf061218360ff1c3db121d172543d661901b2d74131021935dc1
ec4a36a7f685eeb77aca,SRC457,10,PAIR_D99D6D0DAE5D3683650F4DAE,B_ONLY,,983,,MERGE,"evidence_quote takes the full printed line over the bare value: the line proves this number, the bare digits prove only that they occur somewhere on the page.",RESOLVED,B+ADJUDICATOR,8783ef3e2dc6cf061218360ff1c3db121d172543d661901b2d74131021935dc1
56da2ff335e79e0e55e3,SRC457,10,PAIR_C4BA7FD9E37DABC3C4C5D13B,CLASSIFICATION_CONFLICT,796,984,record_family|source_section|subject_type|asset_class|strategy|period_start|unit|evidence_quote,MERGE,"evidence_quote takes the full printed line over the bare value: the line proves this number, the bare digits prove only that they occur somewhere on the page. Definition backfill: both lanes read the same qualifiers off this cell. Definition backfill: both lanes read the same qualifiers off this cell.",RESOLVED,A+B+ADJUDICATOR,8783ef3e2dc6cf061218360ff1c3db121d172543d661901b2d74131021935dc1
15201270ab25f577f271,SRC457,10,PAIR_1566A853D44BB797E7886763,CLASSIFICATION_CONFLICT,797,985,record_family|source_section|source_column_label|subject_type|asset_class|strategy|period_start|currency_scale|metric_category|evidence_quote,MERGE,"evidence_quote takes the full printed line over the bare value: the line proves this number, the bare digits prove only that they occur somewhere on the page. Definition backfill: both lanes read the same qualifiers off this cell. Definition backfill: both lanes read the same qualifiers off this cell.",RESOLVED,A+B+ADJUDICATOR,8783ef3e2dc6cf061218360ff1c3db121d172543d661901b2d74131021935dc1
d9f0abf3e1cd93c3672e,SRC457,10,PAIR_B555A587D0E47C3EEE9974D8,B_ONLY,,986,,MERGE,"PIC is paid_in_capital, never moic: the disambiguation table names the printed label PIC explicitly. The page prints it under a Multiples banner, which is why one lane typed it a multiple. evidence_quote takes the full printed line over the bare value: the line proves this number, the bare digits prove only that they occur somewhere on the page. Definition backfill: both lanes read the same qualifiers off this cell. Definition backfill: both lanes read the same qualifiers off this cell.; the PIC column sits in the multiples block beside TVPI, RVPI, and DPI and its footnote states that PIC multiples may exceed 1.00 due to recycling, so the printed value is a multiple of commitment rather than an amount",RESOLVED,B+ADJUDICATOR,8783ef3e2dc6cf061218360ff1c3db121d172543d661901b2d74131021935dc1
a4dbfa1537a34bd5eff8,SRC457,10,PAIR_1AB31EAC0DCA68F7C1233289,CLASSIFICATION_CONFLICT,798,987,record_family|source_section|subject_type|asset_class|strategy|period_start|metric_name|evidence_quote,MERGE,"metric_name: rows are entities and columns are periods, so the metric is the measure the table itself names in its printed wording, 'Net Time Weighted Returns' — never the period (which is the horizon) and never a singularised trim of the banner. evidence_quote takes the full printed line over the bare value: the line proves this number, the bare digits prove only that they occur somewhere on the page. Definition backfill: both lanes read the same qualifiers off this cell. Definition backfill: both lanes read the same qualifiers off this cell.",RESOLVED,A+B+ADJUDICATOR,8783ef3e2dc6cf061218360ff1c3db121d172543d661901b2d74131021935dc1
d18b244722bd4cd2b862,SRC457,10,PAIR_BDE2E88A9D01AFBB49D32EBB,CLASSIFICATION_CONFLICT,799,988,record_family|source_section|subject_type|asset_class|strategy|period_start|unit|evidence_quote,MERGE,"evidence_quote takes the full printed line over the bare value: the line proves this number, the bare digits prove only that they occur somewhere on the page. Definition backfill: both lanes read the same qualifiers off this cell. Definition backfill: both lanes read the same qualifiers off this cell.",RESOLVED,A+B+ADJUDICATOR,8783ef3e2dc6cf061218360ff1c3db121d172543d661901b2d74131021935dc1
4500e5ba7b7ac73f21fc,SRC457,10,PAIR_3C915A024F68497F9D37B679,CLASSIFICATION_CONFLICT,801,989,record_family|source_section|source_column_label|subject_type|asset_class|strategy|period_start|metric_name|evidence_quote,MERGE,"evidence_quote takes the full printed line over the bare value: the line proves this number, the bare digits prove only that they occur somewhere on the page. Definition backfill: both lanes read the same qualifiers off this cell. Definition backfill: both lanes read the same qualifiers off this cell.",RESOLVED,A+B+ADJUDICATOR,8783ef3e2dc6cf061218360ff1c3db121d172543d661901b2d74131021935dc1
3e7c5d1e7a1e988e2680,SRC457,10,PAIR_4E1FF7E16360C2035A2DF9F8,VALUE_CONFLICT,800,990,record_family|source_section|subject_type|asset_class|strategy|period_start|metric_name|metric_value_raw|evidence_quote,MERGE,"metric_name: rows are entities and columns are periods, so the metric is the measure the table itself names in its printed wording, 'Net Time Weighted Returns' — never the period (which is the horizon) and never a singularised trim of the banner. evidence_quote takes the full printed line over the bare value: the line proves this number, the bare digits prove only that they occur somewhere on the page. Definition backfill: both lanes read the same qualifiers off this cell. Definition backfill: both lanes read the same qualifiers off this cell.",RESOLVED,A+B+ADJUDICATOR,8783ef3e2dc6cf061218360ff1c3db121d172543d661901b2d74131021935dc1
0c755b6a79688686db53,SRC457,10,PAIR_D443D71DF868E6D91DFC94D8,CLASSIFICATION_CONFLICT,802,991,record_family|source_section|subject_type|asset_class|strategy|period_start|unit|evidence_quote,MERGE,"evidence_quote takes the full printed line over the bare value: the line proves this number, the bare digits prove only that they occur somewhere on the page. Definition backfill: both lanes read the same qualifiers off this cell. Definition backfill: both lanes read the same qualifiers off this cell.",RESOLVED,A+B+ADJUDICATOR,8783ef3e2dc6cf061218360ff1c3db121d172543d661901b2d74131021935dc1
7717ba7f1b16bfd59b05,SRC457,10,PAIR_627D6A9A46E902B28E12543F,B_ONLY,,992,,MERGE,"evidence_quote takes the full printed line over the bare value: the line proves this number, the bare digits prove only that they occur somewhere on the page.",RESOLVED,B+ADJUDICATOR,8783ef3e2dc6cf061218360ff1c3db121d172543d661901b2d74131021935dc1
0aec847451e13eb1a135,SRC457,10,PAIR_2A0BB3E80146826BC6B16AD0,VALUE_CONFLICT,803,993,record_family|source_section|asset_class|strategy|period_start|metric_name|metric_value_raw|evidence_quote,MERGE,"subject_type classifies what subject_name names: a named vehicle ('... , L.P.', an SMA, an LLC) is fund; a total or subtotal line is the owner's aggregate, so portfolio; an index is benchmark. A whole schedule typed investment means the label was not read. metric_name: rows are entities and columns are periods, so the metric is the measure the table itself names in its printed wording, 'Net Time Weighted Returns' — never the period (which is the horizon) and never a singularised trim of the banner. evidence_quote takes the full printed line over the bare value: the line proves this number, the bare digits prove only that they occur somewhere on the page. Definition backfill: both lanes read the same qualifiers off this cell. Definition backfill: both lanes read the same qualifiers off this cell.",RESOLVED,A+B+ADJUDICATOR,8783ef3e2dc6cf061218360ff1c3db121d172543d661901b2d74131021935dc1
20aa87711b153eb3dbb6,SRC457,10,PAIR_157CD74172FDEE6CBAC8CEDA,VALUE_CONFLICT,804,994,record_family|source_section|asset_class|strategy|period_start|metric_name|metric_value_raw|evidence_quote,MERGE,"subject_type classifies what subject_name names: a named vehicle ('... , L.P.', an SMA, an LLC) is fund; a total or subtotal line is the owner's aggregate, so portfolio; an index is benchmark. A whole schedule typed investment means the label was not read. metric_name: rows are entities and columns are periods, so the metric is the measure the table itself names in its printed wording, 'Net Time Weighted Returns' — never the period (which is the horizon) and never a singularised trim of the banner. evidence_quote takes the full printed line over the bare value: the line proves this number, the bare digits prove only that they occur somewhere on the page. Definition backfill: both lanes read the same qualifiers off this cell. Definition backfill: both lanes read the same qualifiers off this cell.",RESOLVED,A+B+ADJUDICATOR,8783ef3e2dc6cf061218360ff1c3db121d172543d661901b2d74131021935dc1
6f05e2c9bf4ef614c12f,SRC457,10,PAIR_51FE695A96EF78F4D2F76FEA,VALUE_CONFLICT,805,995,record_family|source_section|asset_class|strategy|period_start|metric_name|metric_value_raw|evidence_quote,MERGE,"subject_type classifies what subject_name names: a named vehicle ('... , L.P.', an SMA, an LLC) is fund; a total or subtotal line is the owner's aggregate, so portfolio; an index is benchmark. A whole schedule typed investment means the label was not read. metric_name: rows are entities and columns are periods, so the metric is the measure the table itself names in its printed wording, 'Net Time Weighted Returns' — never the period (which is the horizon) and never a singularised trim of the banner. evidence_quote takes the full printed line over the bare value: the line proves this number, the bare digits prove only that they occur somewhere on the page. Definition backfill: both lanes read the same qualifiers off this cell. Definition backfill: both lanes read the same qualifiers off this cell.",RESOLVED,A+B+ADJUDICATOR,8783ef3e2dc6cf061218360ff1c3db121d172543d661901b2d74131021935dc1
e30b15a66579e8a554a6,SRC457,10,PAIR_942A867353381B04F21BD29F,B_ONLY,,996,,MERGE,"subject_type classifies what subject_name names: a named vehicle ('... , L.P.', an SMA, an LLC) is fund; a total or subtotal line is the owner's aggregate, so portfolio; an index is benchmark. A whole schedule typed investment means the label was not read. evidence_quote takes the full printed line over the bare value: the line proves this number, the bare digits prove only that they occur somewhere on the page.",RESOLVED,B+ADJUDICATOR,8783ef3e2dc6cf061218360ff1c3db121d172543d661901b2d74131021935dc1
9180df492b2e1b810c49,SRC457,10,PAIR_81C1FE81752B730BDF7B2649,CLASSIFICATION_CONFLICT,806,997,record_family|source_section|asset_class|strategy|period_start|unit|evidence_quote,MERGE,"subject_type classifies what subject_name names: a named vehicle ('... , L.P.', an SMA, an LLC) is fund; a total or subtotal line is the owner's aggregate, so portfolio; an index is benchmark. A whole schedule typed investment means the label was not read. evidence_quote takes the full printed line over the bare value: the line proves this number, the bare digits prove only that they occur somewhere on the page. Definition backfill: both lanes read the same qualifiers off this cell. Definition backfill: both lanes read the same qualifiers off this cell.",RESOLVED,A+B+ADJUDICATOR,8783ef3e2dc6cf061218360ff1c3db121d172543d661901b2d74131021935dc1
58482e8d2846e3a52617,SRC457,10,PAIR_98C4957207BF4FCEA52EE4DE,CLASSIFICATION_CONFLICT,807,998,record_family|source_section|source_column_label|asset_class|strategy|period_start|currency_scale|metric_category|evidence_quote,MERGE,"subject_type classifies what subject_name names: a named vehicle ('... , L.P.', an SMA, an LLC) is fund; a total or subtotal line is the owner's aggregate, so portfolio; an index is benchmark. A whole schedule typed investment means the label was not read. evidence_quote takes the full printed line over the bare value: the line proves this number, the bare digits prove only that they occur somewhere on the page. Definition backfill: both lanes read the same qualifiers off this cell. Definition backfill: both lanes read the same qualifiers off this cell.",RESOLVED,A+B+ADJUDICATOR,8783ef3e2dc6cf061218360ff1c3db121d172543d661901b2d74131021935dc1
e294b6dd6cd635dcbe2d,SRC457,10,PAIR_4CD9D4A07A9FD208DDB31B9A,B_ONLY,,999,,MERGE,"subject_type classifies what subject_name names: a named vehicle ('... , L.P.', an SMA, an LLC) is fund; a total or subtotal line is the owner's aggregate, so portfolio; an index is benchmark. A whole schedule typed investment means the label was not read. PIC is paid_in_capital, never moic: the disambiguation table names the printed label PIC explicitly. The page prints it under a Multiples banner, which is why one lane typed it a multiple. evidence_quote takes the full printed line over the bare value: the line proves this number, the bare digits prove only that they occur somewhere on the page. Definition backfill: both lanes read the same qualifiers off this cell. Definition backfill: both lanes read the same qualifiers off this cell.; the PIC column sits in the multiples block beside TVPI, RVPI, and DPI and its footnote states that PIC multiples may exceed 1.00 due to recycling, so the printed value is a multiple of commitment rather than an amount",RESOLVED,B+ADJUDICATOR,8783ef3e2dc6cf061218360ff1c3db121d172543d661901b2d74131021935dc1
ab2d1acca098a371195d,SRC457,10,PAIR_632FD526E5D399A5E83F5E2F,CLASSIFICATION_CONFLICT,808,1000,record_family|source_section|asset_class|strategy|period_start|metric_name|evidence_quote,MERGE,"subject_type classifies what subject_name names: a named vehicle ('... , L.P.', an SMA, an LLC) is fund; a total or subtotal line is the owner's aggregate, so portfolio; an index is benchmark. A whole schedule typed investment means the label was not read. metric_name: rows are entities and columns are periods, so the metric is the measure the table itself names in its printed wording, 'Net Time Weighted Returns' — never the period (which is the horizon) and never a singularised trim of the banner. evidence_quote takes the full printed line over the bare value: the line proves this number, the bare digits prove only that they occur somewhere on the page. Definition backfill: both lanes read the same qualifiers off this cell. Definition backfill: both lanes read the same qualifiers off this cell.",RESOLVED,A+B+ADJUDICATOR,8783ef3e2dc6cf061218360ff1c3db121d172543d661901b2d74131021935dc1
8f1d88cd8b4658aa8e49,SRC457,10,PAIR_B907CCC55BC4F2D50952AA4E,CLASSIFICATION_CONFLICT,809,1001,record_family|source_section|asset_class|strategy|period_start|unit|evidence_quote,MERGE,"subject_type classifies what subject_name names: a named vehicle ('... , L.P.', an SMA, an LLC) is fund; a total or subtotal line is the owner's aggregate, so portfolio; an index is benchmark. A whole schedule typed investment means the label was not read. evidence_quote takes the full printed line over the bare value: the line proves this number, the bare digits prove only that they occur somewhere on the page. Definition backfill: both lanes read the same qualifiers off this cell. Definition backfill: both lanes read the same qualifiers off this cell.",RESOLVED,A+B+ADJUDICATOR,8783ef3e2dc6cf061218360ff1c3db121d172543d661901b2d74131021935dc1
ec5a86707f8086b6b081,SRC457,10,PAIR_565F2041F7E539417A6470B2,CLASSIFICATION_CONFLICT,811,1002,record_family|source_section|source_column_label|asset_class|strategy|period_start|metric_name|evidence_quote,MERGE,"subject_type classifies what subject_name names: a named vehicle ('... , L.P.', an SMA, an LLC) is fund; a total or subtotal line is the owner's aggregate, so portfolio; an index is benchmark. A whole schedule typed investment means the label was not read. evidence_quote takes the full printed line over the bare value: the line proves this number, the bare digits prove only that they occur somewhere on the page. Definition backfill: both lanes read the same qualifiers off this cell. Definition backfill: both lanes read the same qualifiers off this cell.",RESOLVED,A+B+ADJUDICATOR,8783ef3e2dc6cf061218360ff1c3db121d172543d661901b2d74131021935dc1
923eda4a82939926b19e,SRC457,10,PAIR_8CB06A757B782BD42866FC21,VALUE_CONFLICT,810,1003,record_family|source_section|asset_class|strategy|period_start|metric_name|metric_value_raw|evidence_quote,MERGE,"subject_type classifies what subject_name names: a named vehicle ('... , L.P.', an SMA, an LLC) is fund; a total or subtotal line is the owner's aggregate, so portfolio; an index is benchmark. A whole schedule typed investment means the label was not read. metric_name: rows are entities and columns are periods, so the metric is the measure the table itself names in its printed wording, 'Net Time Weighted Returns' — never the period (which is the horizon) and never a singularised trim of the banner. evidence_quote takes the full printed line over the bare value: the line proves this number, the bare digits prove only that they occur somewhere on the page. Definition backfill: both lanes read the same qualifiers off this cell. Definition backfill: both lanes read the same qualifiers off this cell.",RESOLVED,A+B+ADJUDICATOR,8783ef3e2dc6cf061218360ff1c3db121d172543d661901b2d74131021935dc1
c70965a6c372c3ba24c0,SRC457,10,PAIR_33D9AB368D37E38A6B4B72F3,CLASSIFICATION_CONFLICT,812,1004,record_family|source_section|asset_class|strategy|period_start|unit|evidence_quote,MERGE,"subject_type classifies what subject_name names: a named vehicle ('... , L.P.', an SMA, an LLC) is fund; a total or subtotal line is the owner's aggregate, so portfolio; an index is benchmark. A whole schedule typed investment means the label was not read. evidence_quote takes the full printed line over the bare value: the line proves this number, the bare digits prove only that they occur somewhere on the page. Definition backfill: both lanes read the same qualifiers off this cell. Definition backfill: both lanes read the same qualifiers off this cell.",RESOLVED,A+B+ADJUDICATOR,8783ef3e2dc6cf061218360ff1c3db121d172543d661901b2d74131021935dc1
32c9d267b82346c8fee5,SRC457,10,PAIR_E167CC7C3D35DCBE1D1D49E9,B_ONLY,,1005,,MERGE,"subject_type classifies what subject_name names: a named vehicle ('... , L.P.', an SMA, an LLC) is fund; a total or subtotal line is the owner's aggregate, so portfolio; an index is benchmark. A whole schedule typed investment means the label was not read. evidence_quote takes the full printed line over the bare value: the line proves this number, the bare digits prove only that they occur somewhere on the page.",RESOLVED,B+ADJUDICATOR,8783ef3e2dc6cf061218360ff1c3db121d172543d661901b2d74131021935dc1
eece5776052e94c34913,SRC457,10,PAIR_7086285D76398710B1233A32,VALUE_CONFLICT,813,1006,record_family|source_section|asset_class|strategy|period_start|metric_name|metric_value_raw|evidence_quote,MERGE,"subject_type classifies what subject_name names: a named vehicle ('... , L.P.', an SMA, an LLC) is fund; a total or subtotal line is the owner's aggregate, so portfolio; an index is benchmark. A whole schedule typed investment means the label was not read. metric_name: rows are entities and columns are periods, so the metric is the measure the table itself names in its printed wording, 'Net Time Weighted Returns' — never the period (which is the horizon) and never a singularised trim of the banner. evidence_quote takes the full printed line over the bare value: the line proves this number, the bare digits prove only that they occur somewhere on the page. Definition backfill: both lanes read the same qualifiers off this cell. Definition backfill: both lanes read the same qualifiers off this cell.",RESOLVED,A+B+ADJUDICATOR,8783ef3e2dc6cf061218360ff1c3db121d172543d661901b2d74131021935dc1
0e3ab302ebd87a7f5cd9,SRC457,10,PAIR_E3B4E4F9C95A4F6BAF6F1781,CLASSIFICATION_CONFLICT,814,1007,record_family|source_section|asset_class|strategy|period_start|metric_name|evidence_quote,MERGE,"subject_type classifies what subject_name names: a named vehicle ('... , L.P.', an SMA, an LLC) is fund; a total or subtotal line is the owner's aggregate, so portfolio; an index is benchmark. A whole schedule typed investment means the label was not read. metric_name: rows are entities and columns are periods, so the metric is the measure the table itself names in its printed wording, 'Net Time Weighted Returns' — never the period (which is the horizon) and never a singularised trim of the banner. evidence_quote takes the full printed line over the bare value: the line proves this number, the bare digits prove only that they occur somewhere on the page. Definition backfill: both lanes read the same qualifiers off this cell. Definition backfill: both lanes read the same qualifiers off this cell.",RESOLVED,A+B+ADJUDICATOR,8783ef3e2dc6cf061218360ff1c3db121d172543d661901b2d74131021935dc1
d8c269c0159ea442b3f4,SRC457,10,PAIR_D6D30023BF4919978B489933,CLASSIFICATION_CONFLICT,815,1008,record_family|source_section|asset_class|strategy|period_start|metric_name|evidence_quote,MERGE,"subject_type classifies what subject_name names: a named vehicle ('... , L.P.', an SMA, an LLC) is fund; a total or subtotal line is the owner's aggregate, so portfolio; an index is benchmark. A whole schedule typed investment means the label was not read. metric_name: rows are entities and columns are periods, so the metric is the measure the table itself names in its printed wording, 'Net Time Weighted Returns' — never the period (which is the horizon) and never a singularised trim of the banner. evidence_quote takes the full printed line over the bare value: the line proves this number, the bare digits prove only that they occur somewhere on the page. Definition backfill: both lanes read the same qualifiers off this cell. Definition backfill: both lanes read the same qualifiers off this cell.",RESOLVED,A+B+ADJUDICATOR,8783ef3e2dc6cf061218360ff1c3db121d172543d661901b2d74131021935dc1
da1604a1c3a253b0fec3,SRC457,10,PAIR_A9D13790EC02F266A770690D,B_ONLY,,1009,,MERGE,"subject_type classifies what subject_name names: a named vehicle ('... , L.P.', an SMA, an LLC) is fund; a total or subtotal line is the owner's aggregate, so portfolio; an index is benchmark. A whole schedule typed investment means the label was not read. evidence_quote takes the full printed line over the bare value: the line proves this number, the bare digits prove only that they occur somewhere on the page.",RESOLVED,B+ADJUDICATOR,8783ef3e2dc6cf061218360ff1c3db121d172543d661901b2d74131021935dc1
851ed0160a6b31f7bc25,SRC457,10,PAIR_7632BEE7C0990E69DEC88057,CLASSIFICATION_CONFLICT,816,1010,record_family|source_section|asset_class|strategy|period_start|unit|evidence_quote,MERGE,"subject_type classifies what subject_name names: a named vehicle ('... , L.P.', an SMA, an LLC) is fund; a total or subtotal line is the owner's aggregate, so portfolio; an index is benchmark. A whole schedule typed investment means the label was not read. evidence_quote takes the full printed line over the bare value: the line proves this number, the bare digits prove only that they occur somewhere on the page. Definition backfill: both lanes read the same qualifiers off this cell. Definition backfill: both lanes read the same qualifiers off this cell.",RESOLVED,A+B+ADJUDICATOR,8783ef3e2dc6cf061218360ff1c3db121d172543d661901b2d74131021935dc1
c37c26a142c9ac27cbc9,SRC457,10,PAIR_FBD8DBE04982ABCF4B0365ED,CLASSIFICATION_CONFLICT,817,1011,record_family|source_section|source_column_label|asset_class|strategy|period_start|currency_scale|metric_category|evidence_quote,MERGE,"subject_type classifies what subject_name names: a named vehicle ('... , L.P.', an SMA, an LLC) is fund; a total or subtotal line is the owner's aggregate, so portfolio; an index is benchmark. A whole schedule typed investment means the label was not read. evidence_quote takes the full printed line over the bare value: the line proves this number, the bare digits prove only that they occur somewhere on the page. Definition backfill: both lanes read the same qualifiers off this cell. Definition backfill: both lanes read the same qualifiers off this cell.",RESOLVED,A+B+ADJUDICATOR,8783ef3e2dc6cf061218360ff1c3db121d172543d661901b2d74131021935dc1
cdd2ba538a09ac65714e,SRC457,10,PAIR_B4E5A465EFE3F3F746D34134,B_ONLY,,1012,,MERGE,"subject_type classifies what subject_name names: a named vehicle ('... , L.P.', an SMA, an LLC) is fund; a total or subtotal line is the owner's aggregate, so portfolio; an index is benchmark. A whole schedule typed investment means the label was not read. PIC is paid_in_capital, never moic: the disambiguation table names the printed label PIC explicitly. The page prints it under a Multiples banner, which is why one lane typed it a multiple. evidence_quote takes the full printed line over the bare value: the line proves this number, the bare digits prove only that they occur somewhere on the page. Definition backfill: both lanes read the same qualifiers off this cell. Definition backfill: both lanes read the same qualifiers off this cell.; the PIC column sits in the multiples block beside TVPI, RVPI, and DPI and its footnote states that PIC multiples may exceed 1.00 due to recycling, so the printed value is a multiple of commitment rather than an amount",RESOLVED,B+ADJUDICATOR,8783ef3e2dc6cf061218360ff1c3db121d172543d661901b2d74131021935dc1
84177d7a0c2638d57bb5,SRC457,10,PAIR_CADC78C1DFD696F7022F9B56,CLASSIFICATION_CONFLICT,818,1013,record_family|source_section|asset_class|strategy|period_start|metric_name|evidence_quote,MERGE,"subject_type classifies what subject_name names: a named vehicle ('... , L.P.', an SMA, an LLC) is fund; a total or subtotal line is the owner's aggregate, so portfolio; an index is benchmark. A whole schedule typed investment means the label was not read. metric_name: rows are entities and columns are periods, so the metric is the measure the table itself names in its printed wording, 'Net Time Weighted Returns' — never the period (which is the horizon) and never a singularised trim of the banner. evidence_quote takes the full printed line over the bare value: the line proves this number, the bare digits prove only that they occur somewhere on the page. Definition backfill: both lanes read the same qualifiers off this cell. Definition backfill: both lanes read the same qualifiers off this cell.",RESOLVED,A+B+ADJUDICATOR,8783ef3e2dc6cf061218360ff1c3db121d172543d661901b2d74131021935dc1
75b27804abd7fd7e2669,SRC457,10,PAIR_A07CD092C1D32BD31770DB5A,CLASSIFICATION_CONFLICT,819,1014,record_family|source_section|asset_class|strategy|period_start|unit|evidence_quote,MERGE,"subject_type classifies what subject_name names: a named vehicle ('... , L.P.', an SMA, an LLC) is fund; a total or subtotal line is the owner's aggregate, so portfolio; an index is benchmark. A whole schedule typed investment means the label was not read. evidence_quote takes the full printed line over the bare value: the line proves this number, the bare digits prove only that they occur somewhere on the page. Definition backfill: both lanes read the same qualifiers off this cell. Definition backfill: both lanes read the same qualifiers off this cell.",RESOLVED,A+B+ADJUDICATOR,8783ef3e2dc6cf061218360ff1c3db121d172543d661901b2d74131021935dc1
f45a447eb239a3aa45a8,SRC457,10,PAIR_19D2C72C669D54838D27325C,CLASSIFICATION_CONFLICT,821,1015,record_family|source_section|source_column_label|asset_class|strategy|period_start|metric_name|evidence_quote,MERGE,"subject_type classifies what subject_name names: a named vehicle ('... , L.P.', an SMA, an LLC) is fund; a total or subtotal line is the owner's aggregate, so portfolio; an index is benchmark. A whole schedule typed investment means the label was not read. evidence_quote takes the full printed line over the bare value: the line proves this number, the bare digits prove only that they occur somewhere on the page. Definition backfill: both lanes read the same qualifiers off this cell. Definition backfill: both lanes read the same qualifiers off this cell.",RESOLVED,A+B+ADJUDICATOR,8783ef3e2dc6cf061218360ff1c3db121d172543d661901b2d74131021935dc1
2e44a03db17c0c567efa,SRC457,10,PAIR_F7693C575153CB182215FF46,CLASSIFICATION_CONFLICT,820,1016,record_family|source_section|asset_class|strategy|period_start|metric_name|evidence_quote,MERGE,"subject_type classifies what subject_name names: a named vehicle ('... , L.P.', an SMA, an LLC) is fund; a total or subtotal line is the owner's aggregate, so portfolio; an index is benchmark. A whole schedule typed investment means the label was not read. metric_name: rows are entities and columns are periods, so the metric is the measure the table itself names in its printed wording, 'Net Time Weighted Returns' — never the period (which is the horizon) and never a singularised trim of the banner. evidence_quote takes the full printed line over the bare value: the line proves this number, the bare digits prove only that they occur somewhere on the page. Definition backfill: both lanes read the same qualifiers off this cell. Definition backfill: both lanes read the same qualifiers off this cell.",RESOLVED,A+B+ADJUDICATOR,8783ef3e2dc6cf061218360ff1c3db121d172543d661901b2d74131021935dc1
de9a1f55185bddeae6bc,SRC457,10,PAIR_F37A6E30702ABF480EE448F6,CLASSIFICATION_CONFLICT,822,1017,record_family|source_section|asset_class|strategy|period_start|unit|evidence_quote,MERGE,"subject_type classifies what subject_name names: a named vehicle ('... , L.P.', an SMA, an LLC) is fund; a total or subtotal line is the owner's aggregate, so portfolio; an index is benchmark. A whole schedule typed investment means the label was not read. evidence_quote takes the full printed line over the bare value: the line proves this number, the bare digits prove only that they occur somewhere on the page. Definition backfill: both lanes read the same qualifiers off this cell. Definition backfill: both lanes read the same qualifiers off this cell.",RESOLVED,A+B+ADJUDICATOR,8783ef3e2dc6cf061218360ff1c3db121d172543d661901b2d74131021935dc1
031791726633455bec11,SRC457,10,PAIR_E0B20B17E985326A07713B5F,B_ONLY,,1018,,MERGE,"subject_type classifies what subject_name names: a named vehicle ('... , L.P.', an SMA, an LLC) is fund; a total or subtotal line is the owner's aggregate, so portfolio; an index is benchmark. A whole schedule typed investment means the label was not read. evidence_quote takes the full printed line over the bare value: the line proves this number, the bare digits prove only that they occur somewhere on the page.",RESOLVED,B+ADJUDICATOR,8783ef3e2dc6cf061218360ff1c3db121d172543d661901b2d74131021935dc1
93a9d8219dd9c2c08926,SRC457,10,PAIR_CBE457E846A00E526E362BA2,VALUE_CONFLICT,823,1019,record_family|source_section|asset_class|strategy|period_start|metric_name|metric_value_raw|evidence_quote,MERGE,"subject_type classifies what subject_name names: a named vehicle ('... , L.P.', an SMA, an LLC) is fund; a total or subtotal line is the owner's aggregate, so portfolio; an index is benchmark. A whole schedule typed investment means the label was not read. metric_name: rows are entities and columns are periods, so the metric is the measure the table itself names in its printed wording, 'Net Time Weighted Returns' — never the period (which is the horizon) and never a singularised trim of the banner. evidence_quote takes the full printed line over the bare value: the line proves this number, the bare digits prove only that they occur somewhere on the page. Definition backfill: both lanes read the same qualifiers off this cell. Definition backfill: both lanes read the same qualifiers off this cell.",RESOLVED,A+B+ADJUDICATOR,8783ef3e2dc6cf061218360ff1c3db121d172543d661901b2d74131021935dc1
790338b0d02f3a5ab6d3,SRC457,10,PAIR_EEC8B9231306F1C31C37C4EF,CLASSIFICATION_CONFLICT,824,1020,record_family|source_section|asset_class|strategy|period_start|metric_name|evidence_quote,MERGE,"subject_type classifies what subject_name names: a named vehicle ('... , L.P.', an SMA, an LLC) is fund; a total or subtotal line is the owner's aggregate, so portfolio; an index is benchmark. A whole schedule typed investment means the label was not read. metric_name: rows are entities and columns are periods, so the metric is the measure the table itself names in its printed wording, 'Net Time Weighted Returns' — never the period (which is the horizon) and never a singularised trim of the banner. evidence_quote takes the full printed line over the bare value: the line proves this number, the bare digits prove only that they occur somewhere on the page. Definition backfill: both lanes read the same qualifiers off this cell. Definition backfill: both lanes read the same qualifiers off this cell.",RESOLVED,A+B+ADJUDICATOR,8783ef3e2dc6cf061218360ff1c3db121d172543d661901b2d74131021935dc1
14e62518130ac236217c,SRC457,10,PAIR_ADDA2547D5FEC393A61272F6,B_ONLY,,1021,,MERGE,"subject_type classifies what subject_name names: a named vehicle ('... , L.P.', an SMA, an LLC) is fund; a total or subtotal line is the owner's aggregate, so portfolio; an index is benchmark. A whole schedule typed investment means the label was not read. evidence_quote takes the full printed line over the bare value: the line proves this number, the bare digits prove only that they occur somewhere on the page.",RESOLVED,B+ADJUDICATOR,8783ef3e2dc6cf061218360ff1c3db121d172543d661901b2d74131021935dc1
afc51d7068986d2942b7,SRC457,10,PAIR_B0141222797B903C5E3A5171,CLASSIFICATION_CONFLICT,825,1022,record_family|source_section|asset_class|strategy|period_start|unit|evidence_quote,MERGE,"subject_type classifies what subject_name names: a named vehicle ('... , L.P.', an SMA, an LLC) is fund; a total or subtotal line is the owner's aggregate, so portfolio; an index is benchmark. A whole schedule typed investment means the label was not read. evidence_quote takes the full printed line over the bare value: the line proves this number, the bare digits prove only that they occur somewhere on the page. Definition backfill: both lanes read the same qualifiers off this cell. Definition backfill: both lanes read the same qualifiers off this cell.",RESOLVED,A+B+ADJUDICATOR,8783ef3e2dc6cf061218360ff1c3db121d172543d661901b2d74131021935dc1
fb9988fa883291145e95,SRC457,10,PAIR_064422B18A76DE98ED6C6750,CLASSIFICATION_CONFLICT,826,1023,record_family|source_section|source_column_label|asset_class|strategy|period_start|currency_scale|metric_category|evidence_quote,MERGE,"subject_type classifies what subject_name names: a named vehicle ('... , L.P.', an SMA, an LLC) is fund; a total or subtotal line is the owner's aggregate, so portfolio; an index is benchmark. A whole schedule typed investment means the label was not read. evidence_quote takes the full printed line over the bare value: the line proves this number, the bare digits prove only that they occur somewhere on the page. Definition backfill: both lanes read the same qualifiers off this cell. Definition backfill: both lanes read the same qualifiers off this cell.",RESOLVED,A+B+ADJUDICATOR,8783ef3e2dc6cf061218360ff1c3db121d172543d661901b2d74131021935dc1
bc1094a20ac4521daf80,SRC457,10,PAIR_52FCA0D0D54A4515C1FED3CA,B_ONLY,,1024,,MERGE,"subject_type classifies what subject_name names: a named vehicle ('... , L.P.', an SMA, an LLC) is fund; a total or subtotal line is the owner's aggregate, so portfolio; an index is benchmark. A whole schedule typed investment means the label was not read. PIC is paid_in_capital, never moic: the disambiguation table names the printed label PIC explicitly. The page prints it under a Multiples banner, which is why one lane typed it a multiple. evidence_quote takes the full printed line over the bare value: the line proves this number, the bare digits prove only that they occur somewhere on the page. Definition backfill: both lanes read the same qualifiers off this cell. Definition backfill: both lanes read the same qualifiers off this cell.; the PIC column sits in the multiples block beside TVPI, RVPI, and DPI and its footnote states that PIC multiples may exceed 1.00 due to recycling, so the printed value is a multiple of commitment rather than an amount",RESOLVED,B+ADJUDICATOR,8783ef3e2dc6cf061218360ff1c3db121d172543d661901b2d74131021935dc1
56a71f71a189e33aa0fb,SRC457,10,PAIR_5113D44A3B7754FF9E579443,CLASSIFICATION_CONFLICT,827,1025,record_family|source_section|asset_class|strategy|period_start|metric_name|evidence_quote,MERGE,"subject_type classifies what subject_name names: a named vehicle ('... , L.P.', an SMA, an LLC) is fund; a total or subtotal line is the owner's aggregate, so portfolio; an index is benchmark. A whole schedule typed investment means the label was not read. metric_name: rows are entities and columns are periods, so the metric is the measure the table itself names in its printed wording, 'Net Time Weighted Returns' — never the period (which is the horizon) and never a singularised trim of the banner. evidence_quote takes the full printed line over the bare value: the line proves this number, the bare digits prove only that they occur somewhere on the page. Definition backfill: both lanes read the same qualifiers off this cell. Definition backfill: both lanes read the same qualifiers off this cell.",RESOLVED,A+B+ADJUDICATOR,8783ef3e2dc6cf061218360ff1c3db121d172543d661901b2d74131021935dc1
48a358f578daf3fac63b,SRC457,10,PAIR_5E807F22C537508699957489,CLASSIFICATION_CONFLICT,828,1026,record_family|source_section|asset_class|strategy|period_start|unit|evidence_quote,MERGE,"subject_type classifies what subject_name names: a named vehicle ('... , L.P.', an SMA, an LLC) is fund; a total or subtotal line is the owner's aggregate, so portfolio; an index is benchmark. A whole schedule typed investment means the label was not read. evidence_quote takes the full printed line over the bare value: the line proves this number, the bare digits prove only that they occur somewhere on the page. Definition backfill: both lanes read the same qualifiers off this cell. Definition backfill: both lanes read the same qualifiers off this cell.",RESOLVED,A+B+ADJUDICATOR,8783ef3e2dc6cf061218360ff1c3db121d172543d661901b2d74131021935dc1
d0ea110aa75a62243c32,SRC457,10,PAIR_73824143900E9FDC9CDF4854,CLASSIFICATION_CONFLICT,830,1027,record_family|source_section|source_column_label|asset_class|strategy|period_start|metric_name|evidence_quote,MERGE,"subject_type classifies what subject_name names: a named vehicle ('... , L.P.', an SMA, an LLC) is fund; a total or subtotal line is the owner's aggregate, so portfolio; an index is benchmark. A whole schedule typed investment means the label was not read. evidence_quote takes the full printed line over the bare value: the line proves this number, the bare digits prove only that they occur somewhere on the page. Definition backfill: both lanes read the same qualifiers off this cell. Definition backfill: both lanes read the same qualifiers off this cell.",RESOLVED,A+B+ADJUDICATOR,8783ef3e2dc6cf061218360ff1c3db121d172543d661901b2d74131021935dc1
41c564595029a95232cd,SRC457,10,PAIR_91DF8E5594218839CF05C827,CLASSIFICATION_CONFLICT,829,1028,record_family|source_section|asset_class|strategy|period_start|metric_name|evidence_quote,MERGE,"subject_type classifies what subject_name names: a named vehicle ('... , L.P.', an SMA, an LLC) is fund; a total or subtotal line is the owner's aggregate, so portfolio; an index is benchmark. A whole schedule typed investment means the label was not read. metric_name: rows are entities and columns are periods, so the metric is the measure the table itself names in its printed wording, 'Net Time Weighted Returns' — never the period (which is the horizon) and never a singularised trim of the banner. evidence_quote takes the full printed line over the bare value: the line proves this number, the bare digits prove only that they occur somewhere on the page. Definition backfill: both lanes read the same qualifiers off this cell. Definition backfill: both lanes read the same qualifiers off this cell.",RESOLVED,A+B+ADJUDICATOR,8783ef3e2dc6cf061218360ff1c3db121d172543d661901b2d74131021935dc1
6cb83ed0b3fa806db935,SRC457,10,PAIR_FC7BBB7456DF91E2A0E34B13,CLASSIFICATION_CONFLICT,831,1029,record_family|source_section|asset_class|strategy|period_start|unit|evidence_quote,MERGE,"subject_type classifies what subject_name names: a named vehicle ('... , L.P.', an SMA, an LLC) is fund; a total or subtotal line is the owner's aggregate, so portfolio; an index is benchmark. A whole schedule typed investment means the label was not read. evidence_quote takes the full printed line over the bare value: the line proves this number, the bare digits prove only that they occur somewhere on the page. Definition backfill: both lanes read the same qualifiers off this cell. Definition backfill: both lanes read the same qualifiers off this cell.",RESOLVED,A+B+ADJUDICATOR,8783ef3e2dc6cf061218360ff1c3db121d172543d661901b2d74131021935dc1
6f5abb791b660f1fbf35,SRC457,10,PAIR_6AC8261D4BB06D12B2AECC2E,B_ONLY,,1030,,MERGE,"subject_type classifies what subject_name names: a named vehicle ('... , L.P.', an SMA, an LLC) is fund; a total or subtotal line is the owner's aggregate, so portfolio; an index is benchmark. A whole schedule typed investment means the label was not read. evidence_quote takes the full printed line over the bare value: the line proves this number, the bare digits prove only that they occur somewhere on the page.",RESOLVED,B+ADJUDICATOR,8783ef3e2dc6cf061218360ff1c3db121d172543d661901b2d74131021935dc1
f70585efda6d93681764,SRC457,10,PAIR_132AB114624D56A1DDC9008B,CLASSIFICATION_CONFLICT,832,1031,record_family|source_section|asset_class|strategy|period_start|metric_name|evidence_quote,MERGE,"subject_type classifies what subject_name names: a named vehicle ('... , L.P.', an SMA, an LLC) is fund; a total or subtotal line is the owner's aggregate, so portfolio; an index is benchmark. A whole schedule typed investment means the label was not read. metric_name: rows are entities and columns are periods, so the metric is the measure the table itself names in its printed wording, 'Net Time Weighted Returns' — never the period (which is the horizon) and never a singularised trim of the banner. evidence_quote takes the full printed line over the bare value: the line proves this number, the bare digits prove only that they occur somewhere on the page. Definition backfill: both lanes read the same qualifiers off this cell. Definition backfill: both lanes read the same qualifiers off this cell.",RESOLVED,A+B+ADJUDICATOR,8783ef3e2dc6cf061218360ff1c3db121d172543d661901b2d74131021935dc1
070d5121dd12c9004b8d,SRC457,10,PAIR_F87F7401465F3CCEA6BEEEB2,B_ONLY,,1032,,MERGE,"subject_type classifies what subject_name names: a named vehicle ('... , L.P.', an SMA, an LLC) is fund; a total or subtotal line is the owner's aggregate, so portfolio; an index is benchmark. A whole schedule typed investment means the label was not read. evidence_quote takes the full printed line over the bare value: the line proves this number, the bare digits prove only that they occur somewhere on the page.",RESOLVED,B+ADJUDICATOR,8783ef3e2dc6cf061218360ff1c3db121d172543d661901b2d74131021935dc1
ed652892f4e1cad4b1e8,SRC457,10,PAIR_CBB9251ECD50F82522857290,CLASSIFICATION_CONFLICT,833,1033,record_family|source_section|asset_class|strategy|period_start|unit|evidence_quote,MERGE,"subject_type classifies what subject_name names: a named vehicle ('... , L.P.', an SMA, an LLC) is fund; a total or subtotal line is the owner's aggregate, so portfolio; an index is benchmark. A whole schedule typed investment means the label was not read. evidence_quote takes the full printed line over the bare value: the line proves this number, the bare digits prove only that they occur somewhere on the page. Definition backfill: both lanes read the same qualifiers off this cell. Definition backfill: both lanes read the same qualifiers off this cell.",RESOLVED,A+B+ADJUDICATOR,8783ef3e2dc6cf061218360ff1c3db121d172543d661901b2d74131021935dc1
73700f48601eea893510,SRC457,10,PAIR_55AF205CEF29A31467AA5949,CLASSIFICATION_CONFLICT,834,1034,record_family|source_section|source_column_label|asset_class|strategy|period_start|currency_scale|metric_category|evidence_quote,MERGE,"subject_type classifies what subject_name names: a named vehicle ('... , L.P.', an SMA, an LLC) is fund; a total or subtotal line is the owner's aggregate, so portfolio; an index is benchmark. A whole schedule typed investment means the label was not read. evidence_quote takes the full printed line over the bare value: the line proves this number, the bare digits prove only that they occur somewhere on the page. Definition backfill: both lanes read the same qualifiers off this cell. Definition backfill: both lanes read the same qualifiers off this cell.",RESOLVED,A+B+ADJUDICATOR,8783ef3e2dc6cf061218360ff1c3db121d172543d661901b2d74131021935dc1
75038a62e3bc52cdc73b,SRC457,10,PAIR_7E9C65B56EEC2784AD0EC82F,B_ONLY,,1035,,MERGE,"subject_type classifies what subject_name names: a named vehicle ('... , L.P.', an SMA, an LLC) is fund; a total or subtotal line is the owner's aggregate, so portfolio; an index is benchmark. A whole schedule typed investment means the label was not read. PIC is paid_in_capital, never moic: the disambiguation table names the printed label PIC explicitly. The page prints it under a Multiples banner, which is why one lane typed it a multiple. evidence_quote takes the full printed line over the bare value: the line proves this number, the bare digits prove only that they occur somewhere on the page. Definition backfill: both lanes read the same qualifiers off this cell. Definition backfill: both lanes read the same qualifiers off this cell.; the PIC column sits in the multiples block beside TVPI, RVPI, and DPI and its footnote states that PIC multiples may exceed 1.00 due to recycling, so the printed value is a multiple of commitment rather than an amount",RESOLVED,B+ADJUDICATOR,8783ef3e2dc6cf061218360ff1c3db121d172543d661901b2d74131021935dc1
6d0af494f0bcd7738d82,SRC457,10,PAIR_A9C6AC09A7B88B001AB18EB7,CLASSIFICATION_CONFLICT,835,1036,record_family|source_section|asset_class|strategy|period_start|metric_name|evidence_quote,MERGE,"subject_type classifies what subject_name names: a named vehicle ('... , L.P.', an SMA, an LLC) is fund; a total or subtotal line is the owner's aggregate, so portfolio; an index is benchmark. A whole schedule typed investment means the label was not read. metric_name: rows are entities and columns are periods, so the metric is the measure the table itself names in its printed wording, 'Net Time Weighted Returns' — never the period (which is the horizon) and never a singularised trim of the banner. evidence_quote takes the full printed line over the bare value: the line proves this number, the bare digits prove only that they occur somewhere on the page. Definition backfill: both lanes read the same qualifiers off this cell. Definition backfill: both lanes read the same qualifiers off this cell.",RESOLVED,A+B+ADJUDICATOR,8783ef3e2dc6cf061218360ff1c3db121d172543d661901b2d74131021935dc1
9308ea0e0c98517f7ce8,SRC457,10,PAIR_9F92E08B7C4E23D7428DF2AA,CLASSIFICATION_CONFLICT,836,1037,record_family|source_section|asset_class|strategy|period_start|unit|evidence_quote,MERGE,"subject_type classifies what subject_name names: a named vehicle ('... , L.P.', an SMA, an LLC) is fund; a total or subtotal line is the owner's aggregate, so portfolio; an index is benchmark. A whole schedule typed investment means the label was not read. evidence_quote takes the full printed line over the bare value: the line proves this number, the bare digits prove only that they occur somewhere on the page. Definition backfill: both lanes read the same qualifiers off this cell. Definition backfill: both lanes read the same qualifiers off this cell.",RESOLVED,A+B+ADJUDICATOR,8783ef3e2dc6cf061218360ff1c3db121d172543d661901b2d74131021935dc1
07cb5693fb6dcf66761d,SRC457,10,PAIR_E6F178731A77C9105D3942D0,CLASSIFICATION_CONFLICT,837,1038,record_family|source_section|asset_class|strategy|period_start|metric_name|evidence_quote,MERGE,"subject_type classifies what subject_name names: a named vehicle ('... , L.P.', an SMA, an LLC) is fund; a total or subtotal line is the owner's aggregate, so portfolio; an index is benchmark. A whole schedule typed investment means the label was not read. metric_name: rows are entities and columns are periods, so the metric is the measure the table itself names in its printed wording, 'Net Time Weighted Returns' — never the period (which is the horizon) and never a singularised trim of the banner. evidence_quote takes the full printed line over the bare value: the line proves this number, the bare digits prove only that they occur somewhere on the page. Definition backfill: both lanes read the same qualifiers off this cell. Definition backfill: both lanes read the same qualifiers off this cell.",RESOLVED,A+B+ADJUDICATOR,8783ef3e2dc6cf061218360ff1c3db121d172543d661901b2d74131021935dc1
f18088177e792298af0f,SRC457,10,PAIR_6804E81DAACFA239A537FF7D,CLASSIFICATION_CONFLICT,838,1039,record_family|source_section|asset_class|strategy|period_start|unit|evidence_quote,MERGE,"subject_type classifies what subject_name names: a named vehicle ('... , L.P.', an SMA, an LLC) is fund; a total or subtotal line is the owner's aggregate, so portfolio; an index is benchmark. A whole schedule typed investment means the label was not read. evidence_quote takes the full printed line over the bare value: the line proves this number, the bare digits prove only that they occur somewhere on the page. Definition backfill: both lanes read the same qualifiers off this cell. Definition backfill: both lanes read the same qualifiers off this cell.",RESOLVED,A+B+ADJUDICATOR,8783ef3e2dc6cf061218360ff1c3db121d172543d661901b2d74131021935dc1
95f12ea7435a54d13a6a,SRC457,10,PAIR_54A1DAA50200D4E01387A44D,B_ONLY,,1040,,MERGE,"subject_type classifies what subject_name names: a named vehicle ('... , L.P.', an SMA, an LLC) is fund; a total or subtotal line is the owner's aggregate, so portfolio; an index is benchmark. A whole schedule typed investment means the label was not read. evidence_quote takes the full printed line over the bare value: the line proves this number, the bare digits prove only that they occur somewhere on the page.",RESOLVED,B+ADJUDICATOR,8783ef3e2dc6cf061218360ff1c3db121d172543d661901b2d74131021935dc1
25e1f6d0572daa671483,SRC457,10,PAIR_296022DAA97AF16340565034,CLASSIFICATION_CONFLICT,839,1041,record_family|source_section|asset_class|strategy|period_start|metric_name|evidence_quote,MERGE,"subject_type classifies what subject_name names: a named vehicle ('... , L.P.', an SMA, an LLC) is fund; a total or subtotal line is the owner's aggregate, so portfolio; an index is benchmark. A whole schedule typed investment means the label was not read. metric_name: rows are entities and columns are periods, so the metric is the measure the table itself names in its printed wording, 'Net Time Weighted Returns' — never the period (which is the horizon) and never a singularised trim of the banner. evidence_quote takes the full printed line over the bare value: the line proves this number, the bare digits prove only that they occur somewhere on the page. Definition backfill: both lanes read the same qualifiers off this cell. Definition backfill: both lanes read the same qualifiers off this cell.",RESOLVED,A+B+ADJUDICATOR,8783ef3e2dc6cf061218360ff1c3db121d172543d661901b2d74131021935dc1
62bfd16624b0fa713a66,SRC457,10,PAIR_28698F6C4EA1A3D1D3DCD4A2,CLASSIFICATION_CONFLICT,840,1042,record_family|source_section|asset_class|strategy|period_start|metric_name|evidence_quote,MERGE,"subject_type classifies what subject_name names: a named vehicle ('... , L.P.', an SMA, an LLC) is fund; a total or subtotal line is the owner's aggregate, so portfolio; an index is benchmark. A whole schedule typed investment means the label was not read. metric_name: rows are entities and columns are periods, so the metric is the measure the table itself names in its printed wording, 'Net Time Weighted Returns' — never the period (which is the horizon) and never a singularised trim of the banner. evidence_quote takes the full printed line over the bare value: the line proves this number, the bare digits prove only that they occur somewhere on the page. Definition backfill: both lanes read the same qualifiers off this cell. Definition backfill: both lanes read the same qualifiers off this cell.",RESOLVED,A+B+ADJUDICATOR,8783ef3e2dc6cf061218360ff1c3db121d172543d661901b2d74131021935dc1
f876d9f7f912835614a2,SRC457,10,PAIR_5A2EC05532AB176AF47B4839,B_ONLY,,1043,,MERGE,"subject_type classifies what subject_name names: a named vehicle ('... , L.P.', an SMA, an LLC) is fund; a total or subtotal line is the owner's aggregate, so portfolio; an index is benchmark. A whole schedule typed investment means the label was not read. evidence_quote takes the full printed line over the bare value: the line proves this number, the bare digits prove only that they occur somewhere on the page.",RESOLVED,B+ADJUDICATOR,8783ef3e2dc6cf061218360ff1c3db121d172543d661901b2d74131021935dc1
5d164fca00853fd331a0,SRC457,10,PAIR_0B5D8A65229E1D842A0682A7,CLASSIFICATION_CONFLICT,841,1044,record_family|source_section|asset_class|strategy|period_start|unit|evidence_quote,MERGE,"subject_type classifies what subject_name names: a named vehicle ('... , L.P.', an SMA, an LLC) is fund; a total or subtotal line is the owner's aggregate, so portfolio; an index is benchmark. A whole schedule typed investment means the label was not read. evidence_quote takes the full printed line over the bare value: the line proves this number, the bare digits prove only that they occur somewhere on the page. Definition backfill: both lanes read the same qualifiers off this cell. Definition backfill: both lanes read the same qualifiers off this cell.",RESOLVED,A+B+ADJUDICATOR,8783ef3e2dc6cf061218360ff1c3db121d172543d661901b2d74131021935dc1
f65928ddc5a10d883f62,SRC457,10,PAIR_9FFD04EFCBB544076B1B61CC,CLASSIFICATION_CONFLICT,842,1045,record_family|source_section|source_column_label|asset_class|strategy|period_start|currency_scale|metric_category|evidence_quote,MERGE,"subject_type classifies what subject_name names: a named vehicle ('... , L.P.', an SMA, an LLC) is fund; a total or subtotal line is the owner's aggregate, so portfolio; an index is benchmark. A whole schedule typed investment means the label was not read. evidence_quote takes the full printed line over the bare value: the line proves this number, the bare digits prove only that they occur somewhere on the page. Definition backfill: both lanes read the same qualifiers off this cell. Definition backfill: both lanes read the same qualifiers off this cell.",RESOLVED,A+B+ADJUDICATOR,8783ef3e2dc6cf061218360ff1c3db121d172543d661901b2d74131021935dc1
05721e543fc5a109273d,SRC457,10,PAIR_7540EF09C44396C64B8BFF7B,B_ONLY,,1046,,MERGE,"subject_type classifies what subject_name names: a named vehicle ('... , L.P.', an SMA, an LLC) is fund; a total or subtotal line is the owner's aggregate, so portfolio; an index is benchmark. A whole schedule typed investment means the label was not read. PIC is paid_in_capital, never moic: the disambiguation table names the printed label PIC explicitly. The page prints it under a Multiples banner, which is why one lane typed it a multiple. evidence_quote takes the full printed line over the bare value: the line proves this number, the bare digits prove only that they occur somewhere on the page. Definition backfill: both lanes read the same qualifiers off this cell. Definition backfill: both lanes read the same qualifiers off this cell.; the PIC column sits in the multiples block beside TVPI, RVPI, and DPI and its footnote states that PIC multiples may exceed 1.00 due to recycling, so the printed value is a multiple of commitment rather than an amount",RESOLVED,B+ADJUDICATOR,8783ef3e2dc6cf061218360ff1c3db121d172543d661901b2d74131021935dc1
98ab4c50331ed625399b,SRC457,10,PAIR_120501A50F0DDA3DD2D741C5,CLASSIFICATION_CONFLICT,843,1047,record_family|source_section|asset_class|strategy|period_start|metric_name|evidence_quote,MERGE,"subject_type classifies what subject_name names: a named vehicle ('... , L.P.', an SMA, an LLC) is fund; a total or subtotal line is the owner's aggregate, so portfolio; an index is benchmark. A whole schedule typed investment means the label was not read. metric_name: rows are entities and columns are periods, so the metric is the measure the table itself names in its printed wording, 'Net Time Weighted Returns' — never the period (which is the horizon) and never a singularised trim of the banner. evidence_quote takes the full printed line over the bare value: the line proves this number, the bare digits prove only that they occur somewhere on the page. Definition backfill: both lanes read the same qualifiers off this cell. Definition backfill: both lanes read the same qualifiers off this cell.",RESOLVED,A+B+ADJUDICATOR,8783ef3e2dc6cf061218360ff1c3db121d172543d661901b2d74131021935dc1
e5481341939b74625aa4,SRC457,10,PAIR_CD017B2D1ED1CC64A9674942,CLASSIFICATION_CONFLICT,844,1048,record_family|source_section|asset_class|strategy|period_start|unit|evidence_quote,MERGE,"subject_type classifies what subject_name names: a named vehicle ('... , L.P.', an SMA, an LLC) is fund; a total or subtotal line is the owner's aggregate, so portfolio; an index is benchmark. A whole schedule typed investment means the label was not read. evidence_quote takes the full printed line over the bare value: the line proves this number, the bare digits prove only that they occur somewhere on the page. Definition backfill: both lanes read the same qualifiers off this cell. Definition backfill: both lanes read the same qualifiers off this cell.",RESOLVED,A+B+ADJUDICATOR,8783ef3e2dc6cf061218360ff1c3db121d172543d661901b2d74131021935dc1
a9f1835e71a7283bc405,SRC457,10,PAIR_896F181FFE4D9BF8C1724BF8,CLASSIFICATION_CONFLICT,846,1049,record_family|source_section|source_column_label|asset_class|strategy|period_start|metric_name|evidence_quote,MERGE,"subject_type classifies what subject_name names: a named vehicle ('... , L.P.', an SMA, an LLC) is fund; a total or subtotal line is the owner's aggregate, so portfolio; an index is benchmark. A whole schedule typed investment means the label was not read. evidence_quote takes the full printed line over the bare value: the line proves this number, the bare digits prove only that they occur somewhere on the page. Definition backfill: both lanes read the same qualifiers off this cell. Definition backfill: both lanes read the same qualifiers off this cell.",RESOLVED,A+B+ADJUDICATOR,8783ef3e2dc6cf061218360ff1c3db121d172543d661901b2d74131021935dc1
e6b327d0eea9d56f4f8c,SRC457,10,PAIR_62D8C894A44E0CEEE6DF2827,CLASSIFICATION_CONFLICT,845,1050,record_family|source_section|asset_class|strategy|period_start|metric_name|evidence_quote,MERGE,"subject_type classifies what subject_name names: a named vehicle ('... , L.P.', an SMA, an LLC) is fund; a total or subtotal line is the owner's aggregate, so portfolio; an index is benchmark. A whole schedule typed investment means the label was not read. metric_name: rows are entities and columns are periods, so the metric is the measure the table itself names in its printed wording, 'Net Time Weighted Returns' — never the period (which is the horizon) and never a singularised trim of the banner. evidence_quote takes the full printed line over the bare value: the line proves this number, the bare digits prove only that they occur somewhere on the page. Definition backfill: both lanes read the same qualifiers off this cell. Definition backfill: both lanes read the same qualifiers off this cell.",RESOLVED,A+B+ADJUDICATOR,8783ef3e2dc6cf061218360ff1c3db121d172543d661901b2d74131021935dc1
905eaddd0d27d23f260d,SRC457,10,PAIR_468766D0CB9DAE505F40FC28,CLASSIFICATION_CONFLICT,847,1051,record_family|source_section|asset_class|strategy|period_start|unit|evidence_quote,MERGE,"subject_type classifies what subject_name names: a named vehicle ('... , L.P.', an SMA, an LLC) is fund; a total or subtotal line is the owner's aggregate, so portfolio; an index is benchmark. A whole schedule typed investment means the label was not read. evidence_quote takes the full printed line over the bare value: the line proves this number, the bare digits prove only that they occur somewhere on the page. Definition backfill: both lanes read the same qualifiers off this cell. Definition backfill: both lanes read the same qualifiers off this cell.",RESOLVED,A+B+ADJUDICATOR,8783ef3e2dc6cf061218360ff1c3db121d172543d661901b2d74131021935dc1
5ea997a61d0013f81b90,SRC457,10,PAIR_7094B69FD7148107508742EF,B_ONLY,,1052,,MERGE,"subject_type classifies what subject_name names: a named vehicle ('... , L.P.', an SMA, an LLC) is fund; a total or subtotal line is the owner's aggregate, so portfolio; an index is benchmark. A whole schedule typed investment means the label was not read. evidence_quote takes the full printed line over the bare value: the line proves this number, the bare digits prove only that they occur somewhere on the page.",RESOLVED,B+ADJUDICATOR,8783ef3e2dc6cf061218360ff1c3db121d172543d661901b2d74131021935dc1
544a4b4ffed212984156,SRC457,10,PAIR_E5E358788E6EE4189B5E475F,CLASSIFICATION_CONFLICT,848,1053,record_family|source_section|asset_class|strategy|period_start|metric_name|evidence_quote,MERGE,"subject_type classifies what subject_name names: a named vehicle ('... , L.P.', an SMA, an LLC) is fund; a total or subtotal line is the owner's aggregate, so portfolio; an index is benchmark. A whole schedule typed investment means the label was not read. metric_name: rows are entities and columns are periods, so the metric is the measure the table itself names in its printed wording, 'Net Time Weighted Returns' — never the period (which is the horizon) and never a singularised trim of the banner. evidence_quote takes the full printed line over the bare value: the line proves this number, the bare digits prove only that they occur somewhere on the page. Definition backfill: both lanes read the same qualifiers off this cell. Definition backfill: both lanes read the same qualifiers off this cell.",RESOLVED,A+B+ADJUDICATOR,8783ef3e2dc6cf061218360ff1c3db121d172543d661901b2d74131021935dc1
7f1adc8eda3e6b14e44e,SRC457,10,PAIR_17F78E49492295612E5D4FEC,CLASSIFICATION_CONFLICT,849,1054,record_family|source_section|asset_class|strategy|period_start|metric_name|evidence_quote,MERGE,"subject_type classifies what subject_name names: a named vehicle ('... , L.P.', an SMA, an LLC) is fund; a total or subtotal line is the owner's aggregate, so portfolio; an index is benchmark. A whole schedule typed investment means the label was not read. metric_name: rows are entities and columns are periods, so the metric is the measure the table itself names in its printed wording, 'Net Time Weighted Returns' — never the period (which is the horizon) and never a singularised trim of the banner. evidence_quote takes the full printed line over the bare value: the line proves this number, the bare digits prove only that they occur somewhere on the page. Definition backfill: both lanes read the same qualifiers off this cell. Definition backfill: both lanes read the same qualifiers off this cell.",RESOLVED,A+B+ADJUDICATOR,8783ef3e2dc6cf061218360ff1c3db121d172543d661901b2d74131021935dc1
45be8a73b09103025978,SRC457,10,PAIR_37283134BB9F672B1FCC0D39,CLASSIFICATION_CONFLICT,850,1055,record_family|source_section|asset_class|strategy|period_start|metric_name|evidence_quote,MERGE,"subject_type classifies what subject_name names: a named vehicle ('... , L.P.', an SMA, an LLC) is fund; a total or subtotal line is the owner's aggregate, so portfolio; an index is benchmark. A whole schedule typed investment means the label was not read. metric_name: rows are entities and columns are periods, so the metric is the measure the table itself names in its printed wording, 'Net Time Weighted Returns' — never the period (which is the horizon) and never a singularised trim of the banner. evidence_quote takes the full printed line over the bare value: the line proves this number, the bare digits prove only that they occur somewhere on the page. Definition backfill: both lanes read the same qualifiers off this cell. Definition backfill: both lanes read the same qualifiers off this cell.",RESOLVED,A+B+ADJUDICATOR,8783ef3e2dc6cf061218360ff1c3db121d172543d661901b2d74131021935dc1
f42e00b64d4942261220,SRC457,10,PAIR_CA40049B517DE696AEB518BB,CLASSIFICATION_CONFLICT,851,1056,record_family|source_section|asset_class|strategy|period_start|metric_name|evidence_quote,MERGE,"subject_type classifies what subject_name names: a named vehicle ('... , L.P.', an SMA, an LLC) is fund; a total or subtotal line is the owner's aggregate, so portfolio; an index is benchmark. A whole schedule typed investment means the label was not read. metric_name: rows are entities and columns are periods, so the metric is the measure the table itself names in its printed wording, 'Net Time Weighted Returns' — never the period (which is the horizon) and never a singularised trim of the banner. evidence_quote takes the full printed line over the bare value: the line proves this number, the bare digits prove only that they occur somewhere on the page. Definition backfill: both lanes read the same qualifiers off this cell. Definition backfill: both lanes read the same qualifiers off this cell.",RESOLVED,A+B+ADJUDICATOR,8783ef3e2dc6cf061218360ff1c3db121d172543d661901b2d74131021935dc1
08a8f0a8ab2bd6dac218,SRC457,10,PAIR_4EFAA8780ED8D27F68D5F829,B_ONLY,,1057,,MERGE,"subject_type classifies what subject_name names: a named vehicle ('... , L.P.', an SMA, an LLC) is fund; a total or subtotal line is the owner's aggregate, so portfolio; an index is benchmark. A whole schedule typed investment means the label was not read. evidence_quote takes the full printed line over the bare value: the line proves this number, the bare digits prove only that they occur somewhere on the page.",RESOLVED,B+ADJUDICATOR,8783ef3e2dc6cf061218360ff1c3db121d172543d661901b2d74131021935dc1
8893051f577cf530cc63,SRC457,10,PAIR_D37E7A36DC759E2E79CF8801,CLASSIFICATION_CONFLICT,852,1058,record_family|source_section|asset_class|strategy|period_start|unit|evidence_quote,MERGE,"subject_type classifies what subject_name names: a named vehicle ('... , L.P.', an SMA, an LLC) is fund; a total or subtotal line is the owner's aggregate, so portfolio; an index is benchmark. A whole schedule typed investment means the label was not read. evidence_quote takes the full printed line over the bare value: the line proves this number, the bare digits prove only that they occur somewhere on the page. Definition backfill: both lanes read the same qualifiers off this cell. Definition backfill: both lanes read the same qualifiers off this cell.",RESOLVED,A+B+ADJUDICATOR,8783ef3e2dc6cf061218360ff1c3db121d172543d661901b2d74131021935dc1
4ecebccf711686c20f36,SRC457,10,PAIR_80ABCAD1A33A8D9D9F0012A9,CLASSIFICATION_CONFLICT,853,1059,record_family|source_section|source_column_label|asset_class|strategy|period_start|currency_scale|metric_category|evidence_quote,MERGE,"subject_type classifies what subject_name names: a named vehicle ('... , L.P.', an SMA, an LLC) is fund; a total or subtotal line is the owner's aggregate, so portfolio; an index is benchmark. A whole schedule typed investment means the label was not read. evidence_quote takes the full printed line over the bare value: the line proves this number, the bare digits prove only that they occur somewhere on the page. Definition backfill: both lanes read the same qualifiers off this cell. Definition backfill: both lanes read the same qualifiers off this cell.",RESOLVED,A+B+ADJUDICATOR,8783ef3e2dc6cf061218360ff1c3db121d172543d661901b2d74131021935dc1
1eccd1168d32a81ab4b9,SRC457,10,PAIR_AC3566479B0DD574171CA792,B_ONLY,,1060,,MERGE,"subject_type classifies what subject_name names: a named vehicle ('... , L.P.', an SMA, an LLC) is fund; a total or subtotal line is the owner's aggregate, so portfolio; an index is benchmark. A whole schedule typed investment means the label was not read. PIC is paid_in_capital, never moic: the disambiguation table names the printed label PIC explicitly. The page prints it under a Multiples banner, which is why one lane typed it a multiple. evidence_quote takes the full printed line over the bare value: the line proves this number, the bare digits prove only that they occur somewhere on the page. Definition backfill: both lanes read the same qualifiers off this cell. Definition backfill: both lanes read the same qualifiers off this cell.; the PIC column sits in the multiples block beside TVPI, RVPI, and DPI and its footnote states that PIC multiples may exceed 1.00 due to recycling, so the printed value is a multiple of commitment rather than an amount",RESOLVED,B+ADJUDICATOR,8783ef3e2dc6cf061218360ff1c3db121d172543d661901b2d74131021935dc1
ac27477146fbf4b7b5ad,SRC457,10,PAIR_504289A232B4DEC5BCD674A7,CLASSIFICATION_CONFLICT,854,1061,record_family|source_section|asset_class|strategy|period_start|metric_name|evidence_quote,MERGE,"subject_type classifies what subject_name names: a named vehicle ('... , L.P.', an SMA, an LLC) is fund; a total or subtotal line is the owner's aggregate, so portfolio; an index is benchmark. A whole schedule typed investment means the label was not read. metric_name: rows are entities and columns are periods, so the metric is the measure the table itself names in its printed wording, 'Net Time Weighted Returns' — never the period (which is the horizon) and never a singularised trim of the banner. evidence_quote takes the full printed line over the bare value: the line proves this number, the bare digits prove only that they occur somewhere on the page. Definition backfill: both lanes read the same qualifiers off this cell. Definition backfill: both lanes read the same qualifiers off this cell.",RESOLVED,A+B+ADJUDICATOR,8783ef3e2dc6cf061218360ff1c3db121d172543d661901b2d74131021935dc1
77da493c8bfe72986ad3,SRC457,10,PAIR_20D002F7167560C0F11E2520,CLASSIFICATION_CONFLICT,855,1062,record_family|source_section|asset_class|strategy|period_start|unit|evidence_quote,MERGE,"subject_type classifies what subject_name names: a named vehicle ('... , L.P.', an SMA, an LLC) is fund; a total or subtotal line is the owner's aggregate, so portfolio; an index is benchmark. A whole schedule typed investment means the label was not read. evidence_quote takes the full printed line over the bare value: the line proves this number, the bare digits prove only that they occur somewhere on the page. Definition backfill: both lanes read the same qualifiers off this cell. Definition backfill: both lanes read the same qualifiers off this cell.",RESOLVED,A+B+ADJUDICATOR,8783ef3e2dc6cf061218360ff1c3db121d172543d661901b2d74131021935dc1
5dc09629915e05ba2c51,SRC457,10,PAIR_0F4835A9612CAF16B5F71684,CLASSIFICATION_CONFLICT,857,1063,record_family|source_section|source_column_label|asset_class|strategy|period_start|metric_name|evidence_quote,MERGE,"subject_type classifies what subject_name names: a named vehicle ('... , L.P.', an SMA, an LLC) is fund; a total or subtotal line is the owner's aggregate, so portfolio; an index is benchmark. A whole schedule typed investment means the label was not read. evidence_quote takes the full printed line over the bare value: the line proves this number, the bare digits prove only that they occur somewhere on the page. Definition backfill: both lanes read the same qualifiers off this cell. Definition backfill: both lanes read the same qualifiers off this cell.",RESOLVED,A+B+ADJUDICATOR,8783ef3e2dc6cf061218360ff1c3db121d172543d661901b2d74131021935dc1
0d17ac44f83b0fd221eb,SRC457,10,PAIR_61A76FFA776C54C8BCAAF807,CLASSIFICATION_CONFLICT,856,1064,record_family|source_section|asset_class|strategy|period_start|metric_name|evidence_quote,MERGE,"subject_type classifies what subject_name names: a named vehicle ('... , L.P.', an SMA, an LLC) is fund; a total or subtotal line is the owner's aggregate, so portfolio; an index is benchmark. A whole schedule typed investment means the label was not read. metric_name: rows are entities and columns are periods, so the metric is the measure the table itself names in its printed wording, 'Net Time Weighted Returns' — never the period (which is the horizon) and never a singularised trim of the banner. evidence_quote takes the full printed line over the bare value: the line proves this number, the bare digits prove only that they occur somewhere on the page. Definition backfill: both lanes read the same qualifiers off this cell. Definition backfill: both lanes read the same qualifiers off this cell.",RESOLVED,A+B+ADJUDICATOR,8783ef3e2dc6cf061218360ff1c3db121d172543d661901b2d74131021935dc1
900d46967f8a65d00cc2,SRC457,10,PAIR_810166982F9AEE8A9ED39204,CLASSIFICATION_CONFLICT,858,1065,record_family|source_section|asset_class|strategy|period_start|unit|evidence_quote,MERGE,"subject_type classifies what subject_name names: a named vehicle ('... , L.P.', an SMA, an LLC) is fund; a total or subtotal line is the owner's aggregate, so portfolio; an index is benchmark. A whole schedule typed investment means the label was not read. evidence_quote takes the full printed line over the bare value: the line proves this number, the bare digits prove only that they occur somewhere on the page. Definition backfill: both lanes read the same qualifiers off this cell. Definition backfill: both lanes read the same qualifiers off this cell.",RESOLVED,A+B+ADJUDICATOR,8783ef3e2dc6cf061218360ff1c3db121d172543d661901b2d74131021935dc1
4c36bb2624a01f88f781,SRC457,10,PAIR_7B11E90634D885CD98936342,B_ONLY,,1066,,MERGE,"subject_type classifies what subject_name names: a named vehicle ('... , L.P.', an SMA, an LLC) is fund; a total or subtotal line is the owner's aggregate, so portfolio; an index is benchmark. A whole schedule typed investment means the label was not read. evidence_quote takes the full printed line over the bare value: the line proves this number, the bare digits prove only that they occur somewhere on the page.",RESOLVED,B+ADJUDICATOR,8783ef3e2dc6cf061218360ff1c3db121d172543d661901b2d74131021935dc1
a7b14113fa9a9750c9f4,SRC457,10,PAIR_F361B7715554CA4A318B6B78,CLASSIFICATION_CONFLICT,859,1067,record_family|source_section|asset_class|strategy|period_start|metric_name|evidence_quote,MERGE,"subject_type classifies what subject_name names: a named vehicle ('... , L.P.', an SMA, an LLC) is fund; a total or subtotal line is the owner's aggregate, so portfolio; an index is benchmark. A whole schedule typed investment means the label was not read. metric_name: rows are entities and columns are periods, so the metric is the measure the table itself names in its printed wording, 'Net Time Weighted Returns' — never the period (which is the horizon) and never a singularised trim of the banner. evidence_quote takes the full printed line over the bare value: the line proves this number, the bare digits prove only that they occur somewhere on the page. Definition backfill: both lanes read the same qualifiers off this cell. Definition backfill: both lanes read the same qualifiers off this cell.",RESOLVED,A+B+ADJUDICATOR,8783ef3e2dc6cf061218360ff1c3db121d172543d661901b2d74131021935dc1
b4e709fe6e2ffb0c1674,SRC457,10,PAIR_603B3AEC017EAB3F4242BDBB,CLASSIFICATION_CONFLICT,860,1068,record_family|source_section|asset_class|strategy|period_start|metric_name|evidence_quote,MERGE,"subject_type classifies what subject_name names: a named vehicle ('... , L.P.', an SMA, an LLC) is fund; a total or subtotal line is the owner's aggregate, so portfolio; an index is benchmark. A whole schedule typed investment means the label was not read. metric_name: rows are entities and columns are periods, so the metric is the measure the table itself names in its printed wording, 'Net Time Weighted Returns' — never the period (which is the horizon) and never a singularised trim of the banner. evidence_quote takes the full printed line over the bare value: the line proves this number, the bare digits prove only that they occur somewhere on the page. Definition backfill: both lanes read the same qualifiers off this cell. Definition backfill: both lanes read the same qualifiers off this cell.",RESOLVED,A+B+ADJUDICATOR,8783ef3e2dc6cf061218360ff1c3db121d172543d661901b2d74131021935dc1
9309042df9a2d744138f,SRC457,10,PAIR_F122790EB494BEC86A7FD10E,CLASSIFICATION_CONFLICT,861,1069,record_family|source_section|asset_class|strategy|period_start|metric_name|evidence_quote,MERGE,"subject_type classifies what subject_name names: a named vehicle ('... , L.P.', an SMA, an LLC) is fund; a total or subtotal line is the owner's aggregate, so portfolio; an index is benchmark. A whole schedule typed investment means the label was not read. metric_name: rows are entities and columns are periods, so the metric is the measure the table itself names in its printed wording, 'Net Time Weighted Returns' — never the period (which is the horizon) and never a singularised trim of the banner. evidence_quote takes the full printed line over the bare value: the line proves this number, the bare digits prove only that they occur somewhere on the page. Definition backfill: both lanes read the same qualifiers off this cell. Definition backfill: both lanes read the same qualifiers off this cell.",RESOLVED,A+B+ADJUDICATOR,8783ef3e2dc6cf061218360ff1c3db121d172543d661901b2d74131021935dc1
9170b7fe19fad13991e5,SRC457,10,PAIR_E25AA378B74B5BAD99D3B74E,CLASSIFICATION_CONFLICT,862,1070,record_family|source_section|asset_class|strategy|period_start|metric_name|evidence_quote,MERGE,"subject_type classifies what subject_name names: a named vehicle ('... , L.P.', an SMA, an LLC) is fund; a total or subtotal line is the owner's aggregate, so portfolio; an index is benchmark. A whole schedule typed investment means the label was not read. metric_name: rows are entities and columns are periods, so the metric is the measure the table itself names in its printed wording, 'Net Time Weighted Returns' — never the period (which is the horizon) and never a singularised trim of the banner. evidence_quote takes the full printed line over the bare value: the line proves this number, the bare digits prove only that they occur somewhere on the page. Definition backfill: both lanes read the same qualifiers off this cell. Definition backfill: both lanes read the same qualifiers off this cell.",RESOLVED,A+B+ADJUDICATOR,8783ef3e2dc6cf061218360ff1c3db121d172543d661901b2d74131021935dc1
7eb6e05c4ad62e4f1682,SRC457,10,PAIR_40857EF2A864C08B26253641,B_ONLY,,1071,,MERGE,"subject_type classifies what subject_name names: a named vehicle ('... , L.P.', an SMA, an LLC) is fund; a total or subtotal line is the owner's aggregate, so portfolio; an index is benchmark. A whole schedule typed investment means the label was not read. evidence_quote takes the full printed line over the bare value: the line proves this number, the bare digits prove only that they occur somewhere on the page.",RESOLVED,B+ADJUDICATOR,8783ef3e2dc6cf061218360ff1c3db121d172543d661901b2d74131021935dc1
f52d0aa3bce5dbe9cf6c,SRC457,10,PAIR_531FCCDCE4DD86ECADFE60C4,CLASSIFICATION_CONFLICT,863,1072,record_family|source_section|asset_class|strategy|period_start|unit|evidence_quote,MERGE,"subject_type classifies what subject_name names: a named vehicle ('... , L.P.', an SMA, an LLC) is fund; a total or subtotal line is the owner's aggregate, so portfolio; an index is benchmark. A whole schedule typed investment means the label was not read. evidence_quote takes the full printed line over the bare value: the line proves this number, the bare digits prove only that they occur somewhere on the page. Definition backfill: both lanes read the same qualifiers off this cell. Definition backfill: both lanes read the same qualifiers off this cell.",RESOLVED,A+B+ADJUDICATOR,8783ef3e2dc6cf061218360ff1c3db121d172543d661901b2d74131021935dc1
3c1f300780ef5e64ac5b,SRC457,10,PAIR_698F8C1C39DC5FC51DA58BF2,CLASSIFICATION_CONFLICT,864,1073,record_family|source_section|source_column_label|asset_class|strategy|period_start|currency_scale|metric_category|evidence_quote,MERGE,"subject_type classifies what subject_name names: a named vehicle ('... , L.P.', an SMA, an LLC) is fund; a total or subtotal line is the owner's aggregate, so portfolio; an index is benchmark. A whole schedule typed investment means the label was not read. evidence_quote takes the full printed line over the bare value: the line proves this number, the bare digits prove only that they occur somewhere on the page. Definition backfill: both lanes read the same qualifiers off this cell. Definition backfill: both lanes read the same qualifiers off this cell.",RESOLVED,A+B+ADJUDICATOR,8783ef3e2dc6cf061218360ff1c3db121d172543d661901b2d74131021935dc1
91ce8fe0fa6871bb56e8,SRC457,10,PAIR_7DB93C89EA2760454D8FC4E4,B_ONLY,,1074,,MERGE,"subject_type classifies what subject_name names: a named vehicle ('... , L.P.', an SMA, an LLC) is fund; a total or subtotal line is the owner's aggregate, so portfolio; an index is benchmark. A whole schedule typed investment means the label was not read. PIC is paid_in_capital, never moic: the disambiguation table names the printed label PIC explicitly. The page prints it under a Multiples banner, which is why one lane typed it a multiple. evidence_quote takes the full printed line over the bare value: the line proves this number, the bare digits prove only that they occur somewhere on the page. Definition backfill: both lanes read the same qualifiers off this cell. Definition backfill: both lanes read the same qualifiers off this cell.; the PIC column sits in the multiples block beside TVPI, RVPI, and DPI and its footnote states that PIC multiples may exceed 1.00 due to recycling, so the printed value is a multiple of commitment rather than an amount",RESOLVED,B+ADJUDICATOR,8783ef3e2dc6cf061218360ff1c3db121d172543d661901b2d74131021935dc1
2525305566c97f695cef,SRC457,10,PAIR_A8D041A804A8352869976944,CLASSIFICATION_CONFLICT,865,1075,record_family|source_section|asset_class|strategy|period_start|metric_name|evidence_quote,MERGE,"subject_type classifies what subject_name names: a named vehicle ('... , L.P.', an SMA, an LLC) is fund; a total or subtotal line is the owner's aggregate, so portfolio; an index is benchmark. A whole schedule typed investment means the label was not read. metric_name: rows are entities and columns are periods, so the metric is the measure the table itself names in its printed wording, 'Net Time Weighted Returns' — never the period (which is the horizon) and never a singularised trim of the banner. evidence_quote takes the full printed line over the bare value: the line proves this number, the bare digits prove only that they occur somewhere on the page. Definition backfill: both lanes read the same qualifiers off this cell. Definition backfill: both lanes read the same qualifiers off this cell.",RESOLVED,A+B+ADJUDICATOR,8783ef3e2dc6cf061218360ff1c3db121d172543d661901b2d74131021935dc1
25ed7fb8639aa3c9e431,SRC457,10,PAIR_1A84502BDD447A3BA1A44627,CLASSIFICATION_CONFLICT,866,1076,record_family|source_section|asset_class|strategy|period_start|unit|evidence_quote,MERGE,"subject_type classifies what subject_name names: a named vehicle ('... , L.P.', an SMA, an LLC) is fund; a total or subtotal line is the owner's aggregate, so portfolio; an index is benchmark. A whole schedule typed investment means the label was not read. evidence_quote takes the full printed line over the bare value: the line proves this number, the bare digits prove only that they occur somewhere on the page. Definition backfill: both lanes read the same qualifiers off this cell. Definition backfill: both lanes read the same qualifiers off this cell.",RESOLVED,A+B+ADJUDICATOR,8783ef3e2dc6cf061218360ff1c3db121d172543d661901b2d74131021935dc1
5be704fd8c6687576f19,SRC457,10,PAIR_0491652CBC4EBD250322F8CF,CLASSIFICATION_CONFLICT,868,1077,record_family|source_section|source_column_label|asset_class|strategy|period_start|metric_name|evidence_quote,MERGE,"subject_type classifies what subject_name names: a named vehicle ('... , L.P.', an SMA, an LLC) is fund; a total or subtotal line is the owner's aggregate, so portfolio; an index is benchmark. A whole schedule typed investment means the label was not read. evidence_quote takes the full printed line over the bare value: the line proves this number, the bare digits prove only that they occur somewhere on the page. Definition backfill: both lanes read the same qualifiers off this cell. Definition backfill: both lanes read the same qualifiers off this cell.",RESOLVED,A+B+ADJUDICATOR,8783ef3e2dc6cf061218360ff1c3db121d172543d661901b2d74131021935dc1
2e15e009f9f891e77240,SRC457,10,PAIR_4ACAA72545373C60D3D84E8A,CLASSIFICATION_CONFLICT,867,1078,record_family|source_section|asset_class|strategy|period_start|metric_name|evidence_quote,MERGE,"subject_type classifies what subject_name names: a named vehicle ('... , L.P.', an SMA, an LLC) is fund; a total or subtotal line is the owner's aggregate, so portfolio; an index is benchmark. A whole schedule typed investment means the label was not read. metric_name: rows are entities and columns are periods, so the metric is the measure the table itself names in its printed wording, 'Net Time Weighted Returns' — never the period (which is the horizon) and never a singularised trim of the banner. evidence_quote takes the full printed line over the bare value: the line proves this number, the bare digits prove only that they occur somewhere on the page. Definition backfill: both lanes read the same qualifiers off this cell. Definition backfill: both lanes read the same qualifiers off this cell.",RESOLVED,A+B+ADJUDICATOR,8783ef3e2dc6cf061218360ff1c3db121d172543d661901b2d74131021935dc1
7b309b451618cce69b98,SRC457,10,PAIR_FAA327B7F943DDAA7BE4BA12,CLASSIFICATION_CONFLICT,869,1079,record_family|source_section|asset_class|strategy|period_start|unit|evidence_quote,MERGE,"subject_type classifies what subject_name names: a named vehicle ('... , L.P.', an SMA, an LLC) is fund; a total or subtotal line is the owner's aggregate, so portfolio; an index is benchmark. A whole schedule typed investment means the label was not read. evidence_quote takes the full printed line over the bare value: the line proves this number, the bare digits prove only that they occur somewhere on the page. Definition backfill: both lanes read the same qualifiers off this cell. Definition backfill: both lanes read the same qualifiers off this cell.",RESOLVED,A+B+ADJUDICATOR,8783ef3e2dc6cf061218360ff1c3db121d172543d661901b2d74131021935dc1
e7045ebcadae4faa03eb,SRC457,10,PAIR_7A35CD23B0AB128311435557,B_ONLY,,1080,,MERGE,"subject_type classifies what subject_name names: a named vehicle ('... , L.P.', an SMA, an LLC) is fund; a total or subtotal line is the owner's aggregate, so portfolio; an index is benchmark. A whole schedule typed investment means the label was not read. evidence_quote takes the full printed line over the bare value: the line proves this number, the bare digits prove only that they occur somewhere on the page.",RESOLVED,B+ADJUDICATOR,8783ef3e2dc6cf061218360ff1c3db121d172543d661901b2d74131021935dc1
47847908bc2c954a984c,SRC457,10,PAIR_19B2D8DF88616DBA4C6256CA,VALUE_CONFLICT,870,1081,record_family|source_section|asset_class|strategy|period_start|metric_name|metric_value_raw|evidence_quote,MERGE,"subject_type classifies what subject_name names: a named vehicle ('... , L.P.', an SMA, an LLC) is fund; a total or subtotal line is the owner's aggregate, so portfolio; an index is benchmark. A whole schedule typed investment means the label was not read. metric_name: rows are entities and columns are periods, so the metric is the measure the table itself names in its printed wording, 'Net Time Weighted Returns' — never the period (which is the horizon) and never a singularised trim of the banner. evidence_quote takes the full printed line over the bare value: the line proves this number, the bare digits prove only that they occur somewhere on the page. Definition backfill: both lanes read the same qualifiers off this cell. Definition backfill: both lanes read the same qualifiers off this cell.",RESOLVED,A+B+ADJUDICATOR,8783ef3e2dc6cf061218360ff1c3db121d172543d661901b2d74131021935dc1
6e30d0c37c81b64975b9,SRC457,10,PAIR_1474B566450CF59DF428549E,VALUE_CONFLICT,871,1082,record_family|source_section|asset_class|strategy|period_start|metric_name|metric_value_raw|evidence_quote,MERGE,"subject_type classifies what subject_name names: a named vehicle ('... , L.P.', an SMA, an LLC) is fund; a total or subtotal line is the owner's aggregate, so portfolio; an index is benchmark. A whole schedule typed investment means the label was not read. metric_name: rows are entities and columns are periods, so the metric is the measure the table itself names in its printed wording, 'Net Time Weighted Returns' — never the period (which is the horizon) and never a singularised trim of the banner. evidence_quote takes the full printed line over the bare value: the line proves this number, the bare digits prove only that they occur somewhere on the page. Definition backfill: both lanes read the same qualifiers off this cell. Definition backfill: both lanes read the same qualifiers off this cell.",RESOLVED,A+B+ADJUDICATOR,8783ef3e2dc6cf061218360ff1c3db121d172543d661901b2d74131021935dc1
006b916ee98d23bbb379,SRC457,10,PAIR_3B0A7731F5C21E50004FB920,B_ONLY,,1083,,MERGE,"subject_type classifies what subject_name names: a named vehicle ('... , L.P.', an SMA, an LLC) is fund; a total or subtotal line is the owner's aggregate, so portfolio; an index is benchmark. A whole schedule typed investment means the label was not read. evidence_quote takes the full printed line over the bare value: the line proves this number, the bare digits prove only that they occur somewhere on the page.",RESOLVED,B+ADJUDICATOR,8783ef3e2dc6cf061218360ff1c3db121d172543d661901b2d74131021935dc1
9741878a0b61feb03caf,SRC457,10,PAIR_7C1A5717BDB4299A01681B70,CLASSIFICATION_CONFLICT,872,1084,record_family|source_section|asset_class|strategy|period_start|unit|evidence_quote,MERGE,"subject_type classifies what subject_name names: a named vehicle ('... , L.P.', an SMA, an LLC) is fund; a total or subtotal line is the owner's aggregate, so portfolio; an index is benchmark. A whole schedule typed investment means the label was not read. evidence_quote takes the full printed line over the bare value: the line proves this number, the bare digits prove only that they occur somewhere on the page. Definition backfill: both lanes read the same qualifiers off this cell. Definition backfill: both lanes read the same qualifiers off this cell.",RESOLVED,A+B+ADJUDICATOR,8783ef3e2dc6cf061218360ff1c3db121d172543d661901b2d74131021935dc1
64340c5011cc1f9c4d98,SRC457,10,PAIR_BBB6E714AA4140F19AB3BB99,CLASSIFICATION_CONFLICT,873,1085,record_family|source_section|source_column_label|asset_class|strategy|period_start|currency_scale|metric_category|evidence_quote,MERGE,"subject_type classifies what subject_name names: a named vehicle ('... , L.P.', an SMA, an LLC) is fund; a total or subtotal line is the owner's aggregate, so portfolio; an index is benchmark. A whole schedule typed investment means the label was not read. evidence_quote takes the full printed line over the bare value: the line proves this number, the bare digits prove only that they occur somewhere on the page. Definition backfill: both lanes read the same qualifiers off this cell. Definition backfill: both lanes read the same qualifiers off this cell.",RESOLVED,A+B+ADJUDICATOR,8783ef3e2dc6cf061218360ff1c3db121d172543d661901b2d74131021935dc1
0967c5894a74809db3ff,SRC457,10,PAIR_4E07C9F26F008AFFF1138B96,B_ONLY,,1086,,MERGE,"subject_type classifies what subject_name names: a named vehicle ('... , L.P.', an SMA, an LLC) is fund; a total or subtotal line is the owner's aggregate, so portfolio; an index is benchmark. A whole schedule typed investment means the label was not read. PIC is paid_in_capital, never moic: the disambiguation table names the printed label PIC explicitly. The page prints it under a Multiples banner, which is why one lane typed it a multiple. evidence_quote takes the full printed line over the bare value: the line proves this number, the bare digits prove only that they occur somewhere on the page. Definition backfill: both lanes read the same qualifiers off this cell. Definition backfill: both lanes read the same qualifiers off this cell.; the PIC column sits in the multiples block beside TVPI, RVPI, and DPI and its footnote states that PIC multiples may exceed 1.00 due to recycling, so the printed value is a multiple of commitment rather than an amount",RESOLVED,B+ADJUDICATOR,8783ef3e2dc6cf061218360ff1c3db121d172543d661901b2d74131021935dc1
47fb0a3653a70b87dfa9,SRC457,10,PAIR_FA7E0B3F263F3F7976AF74FB,CLASSIFICATION_CONFLICT,874,1087,record_family|source_section|asset_class|strategy|period_start|metric_name|evidence_quote,MERGE,"subject_type classifies what subject_name names: a named vehicle ('... , L.P.', an SMA, an LLC) is fund; a total or subtotal line is the owner's aggregate, so portfolio; an index is benchmark. A whole schedule typed investment means the label was not read. metric_name: rows are entities and columns are periods, so the metric is the measure the table itself names in its printed wording, 'Net Time Weighted Returns' — never the period (which is the horizon) and never a singularised trim of the banner. evidence_quote takes the full printed line over the bare value: the line proves this number, the bare digits prove only that they occur somewhere on the page. Definition backfill: both lanes read the same qualifiers off this cell. Definition backfill: both lanes read the same qualifiers off this cell.",RESOLVED,A+B+ADJUDICATOR,8783ef3e2dc6cf061218360ff1c3db121d172543d661901b2d74131021935dc1
0f80c09c7b5673ab775b,SRC457,10,PAIR_B02AF0D56170C658BD790F56,CLASSIFICATION_CONFLICT,875,1088,record_family|source_section|asset_class|strategy|period_start|unit|evidence_quote,MERGE,"subject_type classifies what subject_name names: a named vehicle ('... , L.P.', an SMA, an LLC) is fund; a total or subtotal line is the owner's aggregate, so portfolio; an index is benchmark. A whole schedule typed investment means the label was not read. evidence_quote takes the full printed line over the bare value: the line proves this number, the bare digits prove only that they occur somewhere on the page. Definition backfill: both lanes read the same qualifiers off this cell. Definition backfill: both lanes read the same qualifiers off this cell.",RESOLVED,A+B+ADJUDICATOR,8783ef3e2dc6cf061218360ff1c3db121d172543d661901b2d74131021935dc1
36c7c3355941f5ac3d95,SRC457,10,PAIR_60188BC9C4E9886F2A74AC4B,VALUE_CONFLICT,877,1089,record_family|source_section|source_column_label|asset_class|strategy|period_start|metric_name|metric_value_raw|evidence_quote,MERGE,"subject_type classifies what subject_name names: a named vehicle ('... , L.P.', an SMA, an LLC) is fund; a total or subtotal line is the owner's aggregate, so portfolio; an index is benchmark. A whole schedule typed investment means the label was not read. evidence_quote takes the full printed line over the bare value: the line proves this number, the bare digits prove only that they occur somewhere on the page. Definition backfill: both lanes read the same qualifiers off this cell. Definition backfill: both lanes read the same qualifiers off this cell.",RESOLVED,A+B+ADJUDICATOR,8783ef3e2dc6cf061218360ff1c3db121d172543d661901b2d74131021935dc1
fb1a3e76184ef189a611,SRC457,10,PAIR_A0B1485165B82BC874F8AFE7,VALUE_CONFLICT,876,1090,record_family|source_section|asset_class|strategy|period_start|metric_name|metric_value_raw|evidence_quote,MERGE,"subject_type classifies what subject_name names: a named vehicle ('... , L.P.', an SMA, an LLC) is fund; a total or subtotal line is the owner's aggregate, so portfolio; an index is benchmark. A whole schedule typed investment means the label was not read. metric_name: rows are entities and columns are periods, so the metric is the measure the table itself names in its printed wording, 'Net Time Weighted Returns' — never the period (which is the horizon) and never a singularised trim of the banner. evidence_quote takes the full printed line over the bare value: the line proves this number, the bare digits prove only that they occur somewhere on the page. Definition backfill: both lanes read the same qualifiers off this cell. Definition backfill: both lanes read the same qualifiers off this cell.",RESOLVED,A+B+ADJUDICATOR,8783ef3e2dc6cf061218360ff1c3db121d172543d661901b2d74131021935dc1
9bc163b58b9723558b34,SRC457,10,PAIR_A8016B60622F2C44D2591B4C,CLASSIFICATION_CONFLICT,878,1091,record_family|source_section|asset_class|strategy|period_start|unit|evidence_quote,MERGE,"subject_type classifies what subject_name names: a named vehicle ('... , L.P.', an SMA, an LLC) is fund; a total or subtotal line is the owner's aggregate, so portfolio; an index is benchmark. A whole schedule typed investment means the label was not read. evidence_quote takes the full printed line over the bare value: the line proves this number, the bare digits prove only that they occur somewhere on the page. Definition backfill: both lanes read the same qualifiers off this cell. Definition backfill: both lanes read the same qualifiers off this cell.",RESOLVED,A+B+ADJUDICATOR,8783ef3e2dc6cf061218360ff1c3db121d172543d661901b2d74131021935dc1
ece5fa11cab97ff1f2eb,SRC457,10,PAIR_29FADDE8C9791EB4D71D7D79,VALUE_CONFLICT,879,1092,record_family|source_section|asset_class|strategy|period_start|metric_name|metric_value_raw|evidence_quote,MERGE,"subject_type classifies what subject_name names: a named vehicle ('... , L.P.', an SMA, an LLC) is fund; a total or subtotal line is the owner's aggregate, so portfolio; an index is benchmark. A whole schedule typed investment means the label was not read. metric_name: rows are entities and columns are periods, so the metric is the measure the table itself names in its printed wording, 'Net Time Weighted Returns' — never the period (which is the horizon) and never a singularised trim of the banner. evidence_quote takes the full printed line over the bare value: the line proves this number, the bare digits prove only that they occur somewhere on the page. Definition backfill: both lanes read the same qualifiers off this cell. Definition backfill: both lanes read the same qualifiers off this cell.",RESOLVED,A+B+ADJUDICATOR,8783ef3e2dc6cf061218360ff1c3db121d172543d661901b2d74131021935dc1
a37d4f6309b69b8728cd,SRC457,10,PAIR_D63EA90102B597457115002E,VALUE_CONFLICT,880,1093,record_family|source_section|asset_class|strategy|period_start|metric_name|metric_value_raw|evidence_quote,MERGE,"subject_type classifies what subject_name names: a named vehicle ('... , L.P.', an SMA, an LLC) is fund; a total or subtotal line is the owner's aggregate, so portfolio; an index is benchmark. A whole schedule typed investment means the label was not read. metric_name: rows are entities and columns are periods, so the metric is the measure the table itself names in its printed wording, 'Net Time Weighted Returns' — never the period (which is the horizon) and never a singularised trim of the banner. evidence_quote takes the full printed line over the bare value: the line proves this number, the bare digits prove only that they occur somewhere on the page. Definition backfill: both lanes read the same qualifiers off this cell. Definition backfill: both lanes read the same qualifiers off this cell.",RESOLVED,A+B+ADJUDICATOR,8783ef3e2dc6cf061218360ff1c3db121d172543d661901b2d74131021935dc1
3b6a29f6ea9179e949f4,SRC457,10,PAIR_832B7BA216E45483CD722E8F,VALUE_CONFLICT,881,1094,record_family|source_section|asset_class|strategy|period_start|metric_name|metric_value_raw|evidence_quote,MERGE,"subject_type classifies what subject_name names: a named vehicle ('... , L.P.', an SMA, an LLC) is fund; a total or subtotal line is the owner's aggregate, so portfolio; an index is benchmark. A whole schedule typed investment means the label was not read. metric_name: rows are entities and columns are periods, so the metric is the measure the table itself names in its printed wording, 'Net Time Weighted Returns' — never the period (which is the horizon) and never a singularised trim of the banner. evidence_quote takes the full printed line over the bare value: the line proves this number, the bare digits prove only that they occur somewhere on the page. Definition backfill: both lanes read the same qualifiers off this cell. Definition backfill: both lanes read the same qualifiers off this cell.",RESOLVED,A+B+ADJUDICATOR,8783ef3e2dc6cf061218360ff1c3db121d172543d661901b2d74131021935dc1
1b03940065160cdfd9f0,SRC457,10,PAIR_99FF882599EF1B96D367A0AC,B_ONLY,,1095,,MERGE,"subject_type classifies what subject_name names: a named vehicle ('... , L.P.', an SMA, an LLC) is fund; a total or subtotal line is the owner's aggregate, so portfolio; an index is benchmark. A whole schedule typed investment means the label was not read. evidence_quote takes the full printed line over the bare value: the line proves this number, the bare digits prove only that they occur somewhere on the page.",RESOLVED,B+ADJUDICATOR,8783ef3e2dc6cf061218360ff1c3db121d172543d661901b2d74131021935dc1
c4339183f82a83dd8f8b,SRC457,10,PAIR_671F95C35FFCCFD0A058F285,CLASSIFICATION_CONFLICT,882,1096,record_family|source_section|asset_class|strategy|period_start|unit|evidence_quote,MERGE,"subject_type classifies what subject_name names: a named vehicle ('... , L.P.', an SMA, an LLC) is fund; a total or subtotal line is the owner's aggregate, so portfolio; an index is benchmark. A whole schedule typed investment means the label was not read. evidence_quote takes the full printed line over the bare value: the line proves this number, the bare digits prove only that they occur somewhere on the page. Definition backfill: both lanes read the same qualifiers off this cell. Definition backfill: both lanes read the same qualifiers off this cell.",RESOLVED,A+B+ADJUDICATOR,8783ef3e2dc6cf061218360ff1c3db121d172543d661901b2d74131021935dc1
cdc1359222b5f7e82225,SRC457,10,PAIR_613F274113CA7F1BD6AD231F,CLASSIFICATION_CONFLICT,883,1097,record_family|source_section|source_column_label|asset_class|strategy|period_start|currency_scale|metric_category|evidence_quote,MERGE,"subject_type classifies what subject_name names: a named vehicle ('... , L.P.', an SMA, an LLC) is fund; a total or subtotal line is the owner's aggregate, so portfolio; an index is benchmark. A whole schedule typed investment means the label was not read. evidence_quote takes the full printed line over the bare value: the line proves this number, the bare digits prove only that they occur somewhere on the page. Definition backfill: both lanes read the same qualifiers off this cell. Definition backfill: both lanes read the same qualifiers off this cell.",RESOLVED,A+B+ADJUDICATOR,8783ef3e2dc6cf061218360ff1c3db121d172543d661901b2d74131021935dc1
74331361486616af444d,SRC457,10,PAIR_FFA216F0A6B79519CED6E7E5,B_ONLY,,1098,,MERGE,"subject_type classifies what subject_name names: a named vehicle ('... , L.P.', an SMA, an LLC) is fund; a total or subtotal line is the owner's aggregate, so portfolio; an index is benchmark. A whole schedule typed investment means the label was not read. PIC is paid_in_capital, never moic: the disambiguation table names the printed label PIC explicitly. The page prints it under a Multiples banner, which is why one lane typed it a multiple. evidence_quote takes the full printed line over the bare value: the line proves this number, the bare digits prove only that they occur somewhere on the page. Definition backfill: both lanes read the same qualifiers off this cell. Definition backfill: both lanes read the same qualifiers off this cell.; the PIC column sits in the multiples block beside TVPI, RVPI, and DPI and its footnote states that PIC multiples may exceed 1.00 due to recycling, so the printed value is a multiple of commitment rather than an amount",RESOLVED,B+ADJUDICATOR,8783ef3e2dc6cf061218360ff1c3db121d172543d661901b2d74131021935dc1
5437f0ec7538f58555b8,SRC457,10,PAIR_381CF41873204323054E87C0,VALUE_CONFLICT,884,1099,record_family|source_section|asset_class|strategy|period_start|metric_name|metric_value_raw|evidence_quote,MERGE,"subject_type classifies what subject_name names: a named vehicle ('... , L.P.', an SMA, an LLC) is fund; a total or subtotal line is the owner's aggregate, so portfolio; an index is benchmark. A whole schedule typed investment means the label was not read. metric_name: rows are entities and columns are periods, so the metric is the measure the table itself names in its printed wording, 'Net Time Weighted Returns' — never the period (which is the horizon) and never a singularised trim of the banner. evidence_quote takes the full printed line over the bare value: the line proves this number, the bare digits prove only that they occur somewhere on the page. Definition backfill: both lanes read the same qualifiers off this cell. Definition backfill: both lanes read the same qualifiers off this cell.",RESOLVED,A+B+ADJUDICATOR,8783ef3e2dc6cf061218360ff1c3db121d172543d661901b2d74131021935dc1
0614f3ae8dee188dc76e,SRC457,10,PAIR_83D3D18B9C0FDA6C37F84875,CLASSIFICATION_CONFLICT,885,1100,record_family|source_section|asset_class|strategy|period_start|unit|evidence_quote,MERGE,"subject_type classifies what subject_name names: a named vehicle ('... , L.P.', an SMA, an LLC) is fund; a total or subtotal line is the owner's aggregate, so portfolio; an index is benchmark. A whole schedule typed investment means the label was not read. evidence_quote takes the full printed line over the bare value: the line proves this number, the bare digits prove only that they occur somewhere on the page. Definition backfill: both lanes read the same qualifiers off this cell. Definition backfill: both lanes read the same qualifiers off this cell.",RESOLVED,A+B+ADJUDICATOR,8783ef3e2dc6cf061218360ff1c3db121d172543d661901b2d74131021935dc1
9d6ba1918886df9f3185,SRC457,10,PAIR_7970B4D6119B6091487B20D6,VALUE_CONFLICT,887,1101,record_family|source_section|source_column_label|asset_class|strategy|period_start|metric_name|metric_value_raw|evidence_quote,MERGE,"subject_type classifies what subject_name names: a named vehicle ('... , L.P.', an SMA, an LLC) is fund; a total or subtotal line is the owner's aggregate, so portfolio; an index is benchmark. A whole schedule typed investment means the label was not read. evidence_quote takes the full printed line over the bare value: the line proves this number, the bare digits prove only that they occur somewhere on the page. Definition backfill: both lanes read the same qualifiers off this cell. Definition backfill: both lanes read the same qualifiers off this cell.",RESOLVED,A+B+ADJUDICATOR,8783ef3e2dc6cf061218360ff1c3db121d172543d661901b2d74131021935dc1
9e733589be3dc94bf00b,SRC457,10,PAIR_CF88C47428356A5096BE3B3B,VALUE_CONFLICT,886,1102,record_family|source_section|asset_class|strategy|period_start|metric_name|metric_value_raw|evidence_quote,MERGE,"subject_type classifies what subject_name names: a named vehicle ('... , L.P.', an SMA, an LLC) is fund; a total or subtotal line is the owner's aggregate, so portfolio; an index is benchmark. A whole schedule typed investment means the label was not read. metric_name: rows are entities and columns are periods, so the metric is the measure the table itself names in its printed wording, 'Net Time Weighted Returns' — never the period (which is the horizon) and never a singularised trim of the banner. evidence_quote takes the full printed line over the bare value: the line proves this number, the bare digits prove only that they occur somewhere on the page. Definition backfill: both lanes read the same qualifiers off this cell. Definition backfill: both lanes read the same qualifiers off this cell.",RESOLVED,A+B+ADJUDICATOR,8783ef3e2dc6cf061218360ff1c3db121d172543d661901b2d74131021935dc1
64e5818185c9dc9c0a8e,SRC457,10,PAIR_D00FAAFF1BC2913A457CE01E,CLASSIFICATION_CONFLICT,888,1103,record_family|source_section|asset_class|strategy|period_start|unit|evidence_quote,MERGE,"subject_type classifies what subject_name names: a named vehicle ('... , L.P.', an SMA, an LLC) is fund; a total or subtotal line is the owner's aggregate, so portfolio; an index is benchmark. A whole schedule typed investment means the label was not read. evidence_quote takes the full printed line over the bare value: the line proves this number, the bare digits prove only that they occur somewhere on the page. Definition backfill: both lanes read the same qualifiers off this cell. Definition backfill: both lanes read the same qualifiers off this cell.",RESOLVED,A+B+ADJUDICATOR,8783ef3e2dc6cf061218360ff1c3db121d172543d661901b2d74131021935dc1
22f1ac1348f64cbc9e41,SRC457,10,PAIR_BDEC9ECA1CAD56DBE8323DC3,B_ONLY,,1104,,MERGE,"subject_type classifies what subject_name names: a named vehicle ('... , L.P.', an SMA, an LLC) is fund; a total or subtotal line is the owner's aggregate, so portfolio; an index is benchmark. A whole schedule typed investment means the label was not read. evidence_quote takes the full printed line over the bare value: the line proves this number, the bare digits prove only that they occur somewhere on the page.",RESOLVED,B+ADJUDICATOR,8783ef3e2dc6cf061218360ff1c3db121d172543d661901b2d74131021935dc1
a00c9c19927f1029fd88,SRC457,10,PAIR_EB0E19D4AAF70626938C57B3,VALUE_CONFLICT,889,1105,record_family|source_section|subject_type|asset_class|strategy|period_start|metric_name|metric_value_raw|evidence_quote,MERGE,"metric_name: rows are entities and columns are periods, so the metric is the measure the table itself names in its printed wording, 'Net Time Weighted Returns' — never the period (which is the horizon) and never a singularised trim of the banner. evidence_quote takes the full printed line over the bare value: the line proves this number, the bare digits prove only that they occur somewhere on the page. Definition backfill: both lanes read the same qualifiers off this cell. Definition backfill: both lanes read the same qualifiers off this cell.",RESOLVED,A+B+ADJUDICATOR,8783ef3e2dc6cf061218360ff1c3db121d172543d661901b2d74131021935dc1
22c19f5e644945f2d708,SRC457,10,PAIR_B5EA898387333FB6C5D48D2E,CLASSIFICATION_CONFLICT,890,1106,record_family|source_section|subject_type|asset_class|strategy|period_start|metric_name|evidence_quote,MERGE,"metric_name: rows are entities and columns are periods, so the metric is the measure the table itself names in its printed wording, 'Net Time Weighted Returns' — never the period (which is the horizon) and never a singularised trim of the banner. evidence_quote takes the full printed line over the bare value: the line proves this number, the bare digits prove only that they occur somewhere on the page. Definition backfill: both lanes read the same qualifiers off this cell. Definition backfill: both lanes read the same qualifiers off this cell.",RESOLVED,A+B+ADJUDICATOR,8783ef3e2dc6cf061218360ff1c3db121d172543d661901b2d74131021935dc1
233492eb1d3ab03ce0f0,SRC457,10,PAIR_F2B7CD94549EDB04FAF98334,CLASSIFICATION_CONFLICT,891,1107,record_family|source_section|subject_type|asset_class|strategy|period_start|metric_name|evidence_quote,MERGE,"metric_name: rows are entities and columns are periods, so the metric is the measure the table itself names in its printed wording, 'Net Time Weighted Returns' — never the period (which is the horizon) and never a singularised trim of the banner. evidence_quote takes the full printed line over the bare value: the line proves this number, the bare digits prove only that they occur somewhere on the page. Definition backfill: both lanes read the same qualifiers off this cell. Definition backfill: both lanes read the same qualifiers off this cell.",RESOLVED,A+B+ADJUDICATOR,8783ef3e2dc6cf061218360ff1c3db121d172543d661901b2d74131021935dc1
87b37d7231a25ebe27c0,SRC457,10,PAIR_01D62CC15D94AFFE9201243A,CLASSIFICATION_CONFLICT,892,1108,record_family|source_section|subject_type|asset_class|strategy|period_start|metric_name|evidence_quote,MERGE,"metric_name: rows are entities and columns are periods, so the metric is the measure the table itself names in its printed wording, 'Net Time Weighted Returns' — never the period (which is the horizon) and never a singularised trim of the banner. evidence_quote takes the full printed line over the bare value: the line proves this number, the bare digits prove only that they occur somewhere on the page. Definition backfill: both lanes read the same qualifiers off this cell. Definition backfill: both lanes read the same qualifiers off this cell.",RESOLVED,A+B+ADJUDICATOR,8783ef3e2dc6cf061218360ff1c3db121d172543d661901b2d74131021935dc1
df418bdbbdd3ff51ea63,SRC457,10,PAIR_85BB636D38F494973974B937,B_ONLY,,1109,,MERGE,"evidence_quote takes the full printed line over the bare value: the line proves this number, the bare digits prove only that they occur somewhere on the page.",RESOLVED,B+ADJUDICATOR,8783ef3e2dc6cf061218360ff1c3db121d172543d661901b2d74131021935dc1
a583d475f05ecb147873,SRC457,10,PAIR_FCC43BE58D6B96C1996C7F9D,CLASSIFICATION_CONFLICT,893,1110,record_family|source_section|subject_type|asset_class|strategy|period_start|unit|evidence_quote,MERGE,"evidence_quote takes the full printed line over the bare value: the line proves this number, the bare digits prove only that they occur somewhere on the page. Definition backfill: both lanes read the same qualifiers off this cell. Definition backfill: both lanes read the same qualifiers off this cell.",RESOLVED,A+B+ADJUDICATOR,8783ef3e2dc6cf061218360ff1c3db121d172543d661901b2d74131021935dc1
b719973826203b503681,SRC457,10,PAIR_F150CFB8D6573E50DE0CC7E0,CLASSIFICATION_CONFLICT,894,1111,record_family|source_section|source_column_label|subject_type|asset_class|strategy|period_start|currency_scale|metric_category|evidence_quote,MERGE,"evidence_quote takes the full printed line over the bare value: the line proves this number, the bare digits prove only that they occur somewhere on the page. Definition backfill: both lanes read the same qualifiers off this cell. Definition backfill: both lanes read the same qualifiers off this cell.",RESOLVED,A+B+ADJUDICATOR,8783ef3e2dc6cf061218360ff1c3db121d172543d661901b2d74131021935dc1
94d25aa213f031a03351,SRC457,10,PAIR_55E0E709372F36D9F9318785,B_ONLY,,1112,,MERGE,"PIC is paid_in_capital, never moic: the disambiguation table names the printed label PIC explicitly. The page prints it under a Multiples banner, which is why one lane typed it a multiple. evidence_quote takes the full printed line over the bare value: the line proves this number, the bare digits prove only that they occur somewhere on the page. Definition backfill: both lanes read the same qualifiers off this cell. Definition backfill: both lanes read the same qualifiers off this cell.; the PIC column sits in the multiples block beside TVPI, RVPI, and DPI and its footnote states that PIC multiples may exceed 1.00 due to recycling, so the printed value is a multiple of commitment rather than an amount",RESOLVED,B+ADJUDICATOR,8783ef3e2dc6cf061218360ff1c3db121d172543d661901b2d74131021935dc1
f5bfbe5f28015297a6b5,SRC457,10,PAIR_F1253F88464C6B00C081BD98,CLASSIFICATION_CONFLICT,895,1113,record_family|source_section|subject_type|asset_class|strategy|period_start|metric_name|evidence_quote,MERGE,"metric_name: rows are entities and columns are periods, so the metric is the measure the table itself names in its printed wording, 'Net Time Weighted Returns' — never the period (which is the horizon) and never a singularised trim of the banner. evidence_quote takes the full printed line over the bare value: the line proves this number, the bare digits prove only that they occur somewhere on the page. Definition backfill: both lanes read the same qualifiers off this cell. Definition backfill: both lanes read the same qualifiers off this cell.",RESOLVED,A+B+ADJUDICATOR,8783ef3e2dc6cf061218360ff1c3db121d172543d661901b2d74131021935dc1
ad3634c17f61a95fa650,SRC457,10,PAIR_E2F4B68EAD0AAEEE6F9673E1,CLASSIFICATION_CONFLICT,896,1114,record_family|source_section|subject_type|asset_class|strategy|period_start|unit|evidence_quote,MERGE,"evidence_quote takes the full printed line over the bare value: the line proves this number, the bare digits prove only that they occur somewhere on the page. Definition backfill: both lanes read the same qualifiers off this cell. Definition backfill: both lanes read the same qualifiers off this cell.",RESOLVED,A+B+ADJUDICATOR,8783ef3e2dc6cf061218360ff1c3db121d172543d661901b2d74131021935dc1
ca8f2783208ccd3a30d5,SRC457,10,PAIR_AB42BC14ADA7E50877C48882,CLASSIFICATION_CONFLICT,898,1115,record_family|source_section|source_column_label|subject_type|asset_class|strategy|period_start|metric_name|evidence_quote,MERGE,"evidence_quote takes the full printed line over the bare value: the line proves this number, the bare digits prove only that they occur somewhere on the page. Definition backfill: both lanes read the same qualifiers off this cell. Definition backfill: both lanes read the same qualifiers off this cell.",RESOLVED,A+B+ADJUDICATOR,8783ef3e2dc6cf061218360ff1c3db121d172543d661901b2d74131021935dc1
a4684f94bdc68bccb64c,SRC457,10,PAIR_4F553A488072F66924A7E388,CLASSIFICATION_CONFLICT,897,1116,record_family|source_section|subject_type|asset_class|strategy|period_start|metric_name|evidence_quote,MERGE,"metric_name: rows are entities and columns are periods, so the metric is the measure the table itself names in its printed wording, 'Net Time Weighted Returns' — never the period (which is the horizon) and never a singularised trim of the banner. evidence_quote takes the full printed line over the bare value: the line proves this number, the bare digits prove only that they occur somewhere on the page. Definition backfill: both lanes read the same qualifiers off this cell. Definition backfill: both lanes read the same qualifiers off this cell.",RESOLVED,A+B+ADJUDICATOR,8783ef3e2dc6cf061218360ff1c3db121d172543d661901b2d74131021935dc1
b11adefd9321b4d2a532,SRC457,10,PAIR_0C48B612D6AD1DA7BF312B9E,CLASSIFICATION_CONFLICT,899,1117,record_family|source_section|subject_type|asset_class|strategy|period_start|unit|evidence_quote,MERGE,"evidence_quote takes the full printed line over the bare value: the line proves this number, the bare digits prove only that they occur somewhere on the page. Definition backfill: both lanes read the same qualifiers off this cell. Definition backfill: both lanes read the same qualifiers off this cell.",RESOLVED,A+B+ADJUDICATOR,8783ef3e2dc6cf061218360ff1c3db121d172543d661901b2d74131021935dc1
49df83cc0dc40ffc037a,SRC457,10,PAIR_9C9BA56B33450CD4FFC5013C,B_ONLY,,1118,,MERGE,"evidence_quote takes the full printed line over the bare value: the line proves this number, the bare digits prove only that they occur somewhere on the page.",RESOLVED,B+ADJUDICATOR,8783ef3e2dc6cf061218360ff1c3db121d172543d661901b2d74131021935dc1
76411513a56befb0a7b2,SRC457,10,PAIR_2EF0B7B1685388988AC7CCF7,CLASSIFICATION_CONFLICT,900,1119,record_family|source_section|asset_class|strategy|metric_name|evidence_quote,MERGE,"metric_name: rows are entities and columns are periods, so the metric is the measure the table itself names in its printed wording, 'Net Time Weighted Returns' — never the period (which is the horizon) and never a singularised trim of the banner. evidence_quote takes the full printed line over the bare value: the line proves this number, the bare digits prove only that they occur somewhere on the page. Definition backfill: both lanes read the same qualifiers off this cell. Definition backfill: both lanes read the same qualifiers off this cell.",RESOLVED,A+B+ADJUDICATOR,8783ef3e2dc6cf061218360ff1c3db121d172543d661901b2d74131021935dc1
9385a19bd32342c82ea9,SRC457,10,PAIR_E611D9927EFD65DA9A6BF40F,CLASSIFICATION_CONFLICT,901,1120,record_family|source_section|asset_class|strategy|metric_name|evidence_quote,MERGE,"metric_name: rows are entities and columns are periods, so the metric is the measure the table itself names in its printed wording, 'Net Time Weighted Returns' — never the period (which is the horizon) and never a singularised trim of the banner. evidence_quote takes the full printed line over the bare value: the line proves this number, the bare digits prove only that they occur somewhere on the page. Definition backfill: both lanes read the same qualifiers off this cell. Definition backfill: both lanes read the same qualifiers off this cell.",RESOLVED,A+B+ADJUDICATOR,8783ef3e2dc6cf061218360ff1c3db121d172543d661901b2d74131021935dc1
0a70a886a6ef45116f2c,SRC457,10,PAIR_A3D48E5ED684DC13ACA4328F,CLASSIFICATION_CONFLICT,902,1121,record_family|source_section|asset_class|strategy|metric_name|evidence_quote,MERGE,"metric_name: rows are entities and columns are periods, so the metric is the measure the table itself names in its printed wording, 'Net Time Weighted Returns' — never the period (which is the horizon) and never a singularised trim of the banner. evidence_quote takes the full printed line over the bare value: the line proves this number, the bare digits prove only that they occur somewhere on the page. Definition backfill: both lanes read the same qualifiers off this cell. Definition backfill: both lanes read the same qualifiers off this cell.",RESOLVED,A+B+ADJUDICATOR,8783ef3e2dc6cf061218360ff1c3db121d172543d661901b2d74131021935dc1
e6144f6b2af96e1b4c26,SRC457,10,PAIR_AC67EDC3276E4CFFDBB4EEEE,CLASSIFICATION_CONFLICT,903,1122,record_family|source_section|asset_class|strategy|metric_name|evidence_quote,MERGE,"metric_name: rows are entities and columns are periods, so the metric is the measure the table itself names in its printed wording, 'Net Time Weighted Returns' — never the period (which is the horizon) and never a singularised trim of the banner. evidence_quote takes the full printed line over the bare value: the line proves this number, the bare digits prove only that they occur somewhere on the page. Definition backfill: both lanes read the same qualifiers off this cell. Definition backfill: both lanes read the same qualifiers off this cell.",RESOLVED,A+B+ADJUDICATOR,8783ef3e2dc6cf061218360ff1c3db121d172543d661901b2d74131021935dc1
c454403849b20ca4360c,SRC457,10,PAIR_C5305F55BA562FB8822540B0,CLASSIFICATION_CONFLICT,904,1123,record_family|source_section|asset_class|strategy|metric_name|evidence_quote,MERGE,"metric_name: rows are entities and columns are periods, so the metric is the measure the table itself names in its printed wording, 'Net Time Weighted Returns' — never the period (which is the horizon) and never a singularised trim of the banner. evidence_quote takes the full printed line over the bare value: the line proves this number, the bare digits prove only that they occur somewhere on the page. Definition backfill: both lanes read the same qualifiers off this cell. Definition backfill: both lanes read the same qualifiers off this cell.",RESOLVED,A+B+ADJUDICATOR,8783ef3e2dc6cf061218360ff1c3db121d172543d661901b2d74131021935dc1
4446f9a6e05e5ca8974a,SRC457,10,PAIR_3DA2C6BA14BF012E05C3A642,CLASSIFICATION_CONFLICT,905,1124,record_family|source_section|asset_class|strategy|metric_name|evidence_quote,MERGE,"metric_name: rows are entities and columns are periods, so the metric is the measure the table itself names in its printed wording, 'Net Time Weighted Returns' — never the period (which is the horizon) and never a singularised trim of the banner. evidence_quote takes the full printed line over the bare value: the line proves this number, the bare digits prove only that they occur somewhere on the page. Definition backfill: both lanes read the same qualifiers off this cell. Definition backfill: both lanes read the same qualifiers off this cell.",RESOLVED,A+B+ADJUDICATOR,8783ef3e2dc6cf061218360ff1c3db121d172543d661901b2d74131021935dc1
722a21dd5517e98026d2,SRC457,10,PAIR_B298EB5BE8A92E76AA642E5A,CLASSIFICATION_CONFLICT,906,1125,record_family|source_section|asset_class|strategy|metric_name|evidence_quote,MERGE,"metric_name: rows are entities and columns are periods, so the metric is the measure the table itself names in its printed wording, 'Net Time Weighted Returns' — never the period (which is the horizon) and never a singularised trim of the banner. evidence_quote takes the full printed line over the bare value: the line proves this number, the bare digits prove only that they occur somewhere on the page. Definition backfill: both lanes read the same qualifiers off this cell. Definition backfill: both lanes read the same qualifiers off this cell.",RESOLVED,A+B+ADJUDICATOR,8783ef3e2dc6cf061218360ff1c3db121d172543d661901b2d74131021935dc1
e92c809b4476c4ccce3c,SRC457,10,PAIR_57F23B67DFECF21A3FF98625,CLASSIFICATION_CONFLICT,907,1126,record_family|source_section|asset_class|strategy|metric_name|evidence_quote,MERGE,"metric_name: rows are entities and columns are periods, so the metric is the measure the table itself names in its printed wording, 'Net Time Weighted Returns' — never the period (which is the horizon) and never a singularised trim of the banner. evidence_quote takes the full printed line over the bare value: the line proves this number, the bare digits prove only that they occur somewhere on the page. Definition backfill: both lanes read the same qualifiers off this cell. Definition backfill: both lanes read the same qualifiers off this cell.",RESOLVED,A+B+ADJUDICATOR,8783ef3e2dc6cf061218360ff1c3db121d172543d661901b2d74131021935dc1
4c9a2bd172ee2078ab15,SRC457,10,PAIR_1D737FC03F79FBFA339EB239,CLASSIFICATION_CONFLICT,908,1127,record_family|source_section|asset_class|strategy|metric_name|evidence_quote,MERGE,"metric_name: rows are entities and columns are periods, so the metric is the measure the table itself names in its printed wording, 'Net Time Weighted Returns' — never the period (which is the horizon) and never a singularised trim of the banner. evidence_quote takes the full printed line over the bare value: the line proves this number, the bare digits prove only that they occur somewhere on the page. Definition backfill: both lanes read the same qualifiers off this cell. Definition backfill: both lanes read the same qualifiers off this cell.",RESOLVED,A+B+ADJUDICATOR,8783ef3e2dc6cf061218360ff1c3db121d172543d661901b2d74131021935dc1
ccb388cf90dc4888dcfa,SRC457,10,PAIR_78618A7E686349F5346B6789,CLASSIFICATION_CONFLICT,909,1128,record_family|source_section|asset_class|strategy|metric_name|evidence_quote,MERGE,"metric_name: rows are entities and columns are periods, so the metric is the measure the table itself names in its printed wording, 'Net Time Weighted Returns' — never the period (which is the horizon) and never a singularised trim of the banner. evidence_quote takes the full printed line over the bare value: the line proves this number, the bare digits prove only that they occur somewhere on the page. Definition backfill: both lanes read the same qualifiers off this cell. Definition backfill: both lanes read the same qualifiers off this cell.",RESOLVED,A+B+ADJUDICATOR,8783ef3e2dc6cf061218360ff1c3db121d172543d661901b2d74131021935dc1
1a80670a226e652b3d8b,SRC457,10,PAIR_73C6A2C3370210E90F9A3C83,CLASSIFICATION_CONFLICT,910,1129,record_family|source_section|asset_class|strategy|metric_name|evidence_quote,MERGE,"metric_name: rows are entities and columns are periods, so the metric is the measure the table itself names in its printed wording, 'Net Time Weighted Returns' — never the period (which is the horizon) and never a singularised trim of the banner. evidence_quote takes the full printed line over the bare value: the line proves this number, the bare digits prove only that they occur somewhere on the page. Definition backfill: both lanes read the same qualifiers off this cell. Definition backfill: both lanes read the same qualifiers off this cell.",RESOLVED,A+B+ADJUDICATOR,8783ef3e2dc6cf061218360ff1c3db121d172543d661901b2d74131021935dc1
322cfc8a90ec8493ef66,SRC457,10,PAIR_03510CC3D9DA38FEFC98FDAB,CLASSIFICATION_CONFLICT,911,1130,record_family|source_section|asset_class|strategy|metric_name|evidence_quote,MERGE,"metric_name: rows are entities and columns are periods, so the metric is the measure the table itself names in its printed wording, 'Net Time Weighted Returns' — never the period (which is the horizon) and never a singularised trim of the banner. evidence_quote takes the full printed line over the bare value: the line proves this number, the bare digits prove only that they occur somewhere on the page. Definition backfill: both lanes read the same qualifiers off this cell. Definition backfill: both lanes read the same qualifiers off this cell.",RESOLVED,A+B+ADJUDICATOR,8783ef3e2dc6cf061218360ff1c3db121d172543d661901b2d74131021935dc1
7362530dfdb867d253f2,SRC457,10,PAIR_F84F07885B88540B76269663,CLASSIFICATION_CONFLICT,912,1131,record_family|source_section|subject_type|asset_class|strategy|period_start|metric_name|evidence_quote,MERGE,"metric_name: rows are entities and columns are periods, so the metric is the measure the table itself names in its printed wording, 'Net Time Weighted Returns' — never the period (which is the horizon) and never a singularised trim of the banner. evidence_quote takes the full printed line over the bare value: the line proves this number, the bare digits prove only that they occur somewhere on the page. Definition backfill: both lanes read the same qualifiers off this cell. Definition backfill: both lanes read the same qualifiers off this cell.",RESOLVED,A+B+ADJUDICATOR,8783ef3e2dc6cf061218360ff1c3db121d172543d661901b2d74131021935dc1
5c71fc30225fb848702f,SRC457,10,PAIR_34BE272A2609741011CDDE77,CLASSIFICATION_CONFLICT,913,1132,record_family|source_section|subject_type|asset_class|strategy|period_start|metric_name|evidence_quote,MERGE,"metric_name: rows are entities and columns are periods, so the metric is the measure the table itself names in its printed wording, 'Net Time Weighted Returns' — never the period (which is the horizon) and never a singularised trim of the banner. evidence_quote takes the full printed line over the bare value: the line proves this number, the bare digits prove only that they occur somewhere on the page. Definition backfill: both lanes read the same qualifiers off this cell. Definition backfill: both lanes read the same qualifiers off this cell.",RESOLVED,A+B+ADJUDICATOR,8783ef3e2dc6cf061218360ff1c3db121d172543d661901b2d74131021935dc1
760a5835ed97675e4745,SRC457,10,PAIR_BE2DFFD9DCC692C6DFB8FDC0,CLASSIFICATION_CONFLICT,914,1133,record_family|source_section|subject_type|asset_class|strategy|period_start|metric_name|evidence_quote,MERGE,"metric_name: rows are entities and columns are periods, so the metric is the measure the table itself names in its printed wording, 'Net Time Weighted Returns' — never the period (which is the horizon) and never a singularised trim of the banner. evidence_quote takes the full printed line over the bare value: the line proves this number, the bare digits prove only that they occur somewhere on the page. Definition backfill: both lanes read the same qualifiers off this cell. Definition backfill: both lanes read the same qualifiers off this cell.",RESOLVED,A+B+ADJUDICATOR,8783ef3e2dc6cf061218360ff1c3db121d172543d661901b2d74131021935dc1
73df1da07d79396b0a77,SRC457,10,PAIR_A610AAD2337DE5AEBE2CAD72,CLASSIFICATION_CONFLICT,915,1134,record_family|source_section|subject_type|asset_class|strategy|period_start|metric_name|evidence_quote,MERGE,"metric_name: rows are entities and columns are periods, so the metric is the measure the table itself names in its printed wording, 'Net Time Weighted Returns' — never the period (which is the horizon) and never a singularised trim of the banner. evidence_quote takes the full printed line over the bare value: the line proves this number, the bare digits prove only that they occur somewhere on the page. Definition backfill: both lanes read the same qualifiers off this cell. Definition backfill: both lanes read the same qualifiers off this cell.",RESOLVED,A+B+ADJUDICATOR,8783ef3e2dc6cf061218360ff1c3db121d172543d661901b2d74131021935dc1
9e5a0dc4832807df6652,SRC457,10,PAIR_D4ECBAE18A1E934B779DEAF0,B_ONLY,,1135,,MERGE,"evidence_quote takes the full printed line over the bare value: the line proves this number, the bare digits prove only that they occur somewhere on the page.",RESOLVED,B+ADJUDICATOR,8783ef3e2dc6cf061218360ff1c3db121d172543d661901b2d74131021935dc1
aba940e258c0a19f154d,SRC457,10,PAIR_9A127084A5D11CD0CB1FED16,CLASSIFICATION_CONFLICT,916,1136,record_family|source_section|subject_type|asset_class|strategy|period_start|unit|evidence_quote,MERGE,"evidence_quote takes the full printed line over the bare value: the line proves this number, the bare digits prove only that they occur somewhere on the page. Definition backfill: both lanes read the same qualifiers off this cell. Definition backfill: both lanes read the same qualifiers off this cell.",RESOLVED,A+B+ADJUDICATOR,8783ef3e2dc6cf061218360ff1c3db121d172543d661901b2d74131021935dc1
d38e552387ab4bded45d,SRC457,10,PAIR_9021E2A8651FC0670167FB82,CLASSIFICATION_CONFLICT,917,1137,record_family|source_section|source_column_label|subject_type|asset_class|strategy|period_start|currency_scale|metric_category|evidence_quote,MERGE,"evidence_quote takes the full printed line over the bare value: the line proves this number, the bare digits prove only that they occur somewhere on the page. Definition backfill: both lanes read the same qualifiers off this cell. Definition backfill: both lanes read the same qualifiers off this cell.",RESOLVED,A+B+ADJUDICATOR,8783ef3e2dc6cf061218360ff1c3db121d172543d661901b2d74131021935dc1
c824e39549cde20161f4,SRC457,10,PAIR_8E5EF27E0091C2A5D5A2681C,B_ONLY,,1138,,MERGE,"PIC is paid_in_capital, never moic: the disambiguation table names the printed label PIC explicitly. The page prints it under a Multiples banner, which is why one lane typed it a multiple. evidence_quote takes the full printed line over the bare value: the line proves this number, the bare digits prove only that they occur somewhere on the page. Definition backfill: both lanes read the same qualifiers off this cell. Definition backfill: both lanes read the same qualifiers off this cell.; the PIC column sits in the multiples block beside TVPI, RVPI, and DPI and its footnote states that PIC multiples may exceed 1.00 due to recycling, so the printed value is a multiple of commitment rather than an amount",RESOLVED,B+ADJUDICATOR,8783ef3e2dc6cf061218360ff1c3db121d172543d661901b2d74131021935dc1
6f57175e4f11f32fcb95,SRC457,10,PAIR_1DF5A2B4E514506BCC3A3281,CLASSIFICATION_CONFLICT,918,1139,record_family|source_section|subject_type|asset_class|strategy|period_start|metric_name|evidence_quote,MERGE,"metric_name: rows are entities and columns are periods, so the metric is the measure the table itself names in its printed wording, 'Net Time Weighted Returns' — never the period (which is the horizon) and never a singularised trim of the banner. evidence_quote takes the full printed line over the bare value: the line proves this number, the bare digits prove only that they occur somewhere on the page. Definition backfill: both lanes read the same qualifiers off this cell. Definition backfill: both lanes read the same qualifiers off this cell.",RESOLVED,A+B+ADJUDICATOR,8783ef3e2dc6cf061218360ff1c3db121d172543d661901b2d74131021935dc1
f82d81d2489e818e46a6,SRC457,10,PAIR_A90A87239788DB028134B161,CLASSIFICATION_CONFLICT,919,1140,record_family|source_section|subject_type|asset_class|strategy|period_start|unit|evidence_quote,MERGE,"evidence_quote takes the full printed line over the bare value: the line proves this number, the bare digits prove only that they occur somewhere on the page. Definition backfill: both lanes read the same qualifiers off this cell. Definition backfill: both lanes read the same qualifiers off this cell.",RESOLVED,A+B+ADJUDICATOR,8783ef3e2dc6cf061218360ff1c3db121d172543d661901b2d74131021935dc1
9aa27dcdab821aaf7283,SRC457,10,PAIR_E029C282CE18C312FD8E97E7,CLASSIFICATION_CONFLICT,921,1141,record_family|source_section|source_column_label|subject_type|asset_class|strategy|period_start|metric_name|evidence_quote,MERGE,"evidence_quote takes the full printed line over the bare value: the line proves this number, the bare digits prove only that they occur somewhere on the page. Definition backfill: both lanes read the same qualifiers off this cell. Definition backfill: both lanes read the same qualifiers off this cell.",RESOLVED,A+B+ADJUDICATOR,8783ef3e2dc6cf061218360ff1c3db121d172543d661901b2d74131021935dc1
59568842c0a309d0993e,SRC457,10,PAIR_95921F75DB1B2797999795FD,CLASSIFICATION_CONFLICT,920,1142,record_family|source_section|subject_type|asset_class|strategy|period_start|metric_name|evidence_quote,MERGE,"metric_name: rows are entities and columns are periods, so the metric is the measure the table itself names in its printed wording, 'Net Time Weighted Returns' — never the period (which is the horizon) and never a singularised trim of the banner. evidence_quote takes the full printed line over the bare value: the line proves this number, the bare digits prove only that they occur somewhere on the page. Definition backfill: both lanes read the same qualifiers off this cell. Definition backfill: both lanes read the same qualifiers off this cell.",RESOLVED,A+B+ADJUDICATOR,8783ef3e2dc6cf061218360ff1c3db121d172543d661901b2d74131021935dc1
11f3d26bee9ce710c3be,SRC457,10,PAIR_96DCD426EB4D980BB06C9397,CLASSIFICATION_CONFLICT,922,1143,record_family|source_section|subject_type|asset_class|strategy|period_start|unit|evidence_quote,MERGE,"evidence_quote takes the full printed line over the bare value: the line proves this number, the bare digits prove only that they occur somewhere on the page. Definition backfill: both lanes read the same qualifiers off this cell. Definition backfill: both lanes read the same qualifiers off this cell.",RESOLVED,A+B+ADJUDICATOR,8783ef3e2dc6cf061218360ff1c3db121d172543d661901b2d74131021935dc1
434c75cb8659253e6131,SRC457,10,PAIR_729B9EA8FB7B857F19932D4D,B_ONLY,,1144,,MERGE,"evidence_quote takes the full printed line over the bare value: the line proves this number, the bare digits prove only that they occur somewhere on the page.",RESOLVED,B+ADJUDICATOR,8783ef3e2dc6cf061218360ff1c3db121d172543d661901b2d74131021935dc1
5fc1361c363a1907a2c0,SRC457,10,PAIR_C43C2776D76D187C5D238F9B,VALUE_CONFLICT,923,1145,record_family|source_section|period_start|metric_name|metric_value_raw|evidence_quote,MERGE,"metric_name: rows are entities and columns are periods, so the metric is the measure the table itself names in its printed wording, 'Net Time Weighted Returns' — never the period (which is the horizon) and never a singularised trim of the banner. evidence_quote takes the full printed line over the bare value: the line proves this number, the bare digits prove only that they occur somewhere on the page. Definition backfill: both lanes read the same qualifiers off this cell. Definition backfill: both lanes read the same qualifiers off this cell.",RESOLVED,A+B+ADJUDICATOR,8783ef3e2dc6cf061218360ff1c3db121d172543d661901b2d74131021935dc1
6d093985a9b537dc7d3b,SRC457,10,PAIR_6918022FB361CADEC4899CFE,CLASSIFICATION_CONFLICT,924,1146,record_family|source_section|period_start|metric_name|evidence_quote,MERGE,"metric_name: rows are entities and columns are periods, so the metric is the measure the table itself names in its printed wording, 'Net Time Weighted Returns' — never the period (which is the horizon) and never a singularised trim of the banner. evidence_quote takes the full printed line over the bare value: the line proves this number, the bare digits prove only that they occur somewhere on the page. Definition backfill: both lanes read the same qualifiers off this cell. Definition backfill: both lanes read the same qualifiers off this cell.",RESOLVED,A+B+ADJUDICATOR,8783ef3e2dc6cf061218360ff1c3db121d172543d661901b2d74131021935dc1
b8bcb60690606e6ea7ce,SRC457,10,PAIR_7030F6978301E73E87CCDA1A,CLASSIFICATION_CONFLICT,925,1147,record_family|source_section|period_start|metric_name|evidence_quote,MERGE,"metric_name: rows are entities and columns are periods, so the metric is the measure the table itself names in its printed wording, 'Net Time Weighted Returns' — never the period (which is the horizon) and never a singularised trim of the banner. evidence_quote takes the full printed line over the bare value: the line proves this number, the bare digits prove only that they occur somewhere on the page. Definition backfill: both lanes read the same qualifiers off this cell. Definition backfill: both lanes read the same qualifiers off this cell.",RESOLVED,A+B+ADJUDICATOR,8783ef3e2dc6cf061218360ff1c3db121d172543d661901b2d74131021935dc1
cbc751a5f40999347bb6,SRC457,10,PAIR_3746234FD2D5D11D18074AE5,CLASSIFICATION_CONFLICT,926,1148,record_family|source_section|period_start|metric_name|evidence_quote,MERGE,"metric_name: rows are entities and columns are periods, so the metric is the measure the table itself names in its printed wording, 'Net Time Weighted Returns' — never the period (which is the horizon) and never a singularised trim of the banner. evidence_quote takes the full printed line over the bare value: the line proves this number, the bare digits prove only that they occur somewhere on the page. Definition backfill: both lanes read the same qualifiers off this cell. Definition backfill: both lanes read the same qualifiers off this cell.",RESOLVED,A+B+ADJUDICATOR,8783ef3e2dc6cf061218360ff1c3db121d172543d661901b2d74131021935dc1
3cab391605bc1527ac23,SRC457,10,PAIR_5C539D9F92B50AAEA4DCA0C5,B_ONLY,,1149,,MERGE,"evidence_quote takes the full printed line over the bare value: the line proves this number, the bare digits prove only that they occur somewhere on the page.",RESOLVED,B+ADJUDICATOR,8783ef3e2dc6cf061218360ff1c3db121d172543d661901b2d74131021935dc1
0d311015132b8e02a3da,SRC457,10,PAIR_89C741BB94348FF9F783E63D,CLASSIFICATION_CONFLICT,927,1150,record_family|source_section|period_start|unit|evidence_quote,MERGE,"evidence_quote takes the full printed line over the bare value: the line proves this number, the bare digits prove only that they occur somewhere on the page. Definition backfill: both lanes read the same qualifiers off this cell. Definition backfill: both lanes read the same qualifiers off this cell.",RESOLVED,A+B+ADJUDICATOR,8783ef3e2dc6cf061218360ff1c3db121d172543d661901b2d74131021935dc1
1efb2852a1a90994d4c9,SRC457,10,PAIR_77002B22926D3277A675BF54,CLASSIFICATION_CONFLICT,928,1151,record_family|source_section|source_column_label|period_start|currency_scale|metric_category|evidence_quote,MERGE,"evidence_quote takes the full printed line over the bare value: the line proves this number, the bare digits prove only that they occur somewhere on the page. Definition backfill: both lanes read the same qualifiers off this cell. Definition backfill: both lanes read the same qualifiers off this cell.",RESOLVED,A+B+ADJUDICATOR,8783ef3e2dc6cf061218360ff1c3db121d172543d661901b2d74131021935dc1
55a942984ee15e027601,SRC457,10,PAIR_4A14B62122852D11FA05F0B8,B_ONLY,,1152,,MERGE,"PIC is paid_in_capital, never moic: the disambiguation table names the printed label PIC explicitly. The page prints it under a Multiples banner, which is why one lane typed it a multiple. evidence_quote takes the full printed line over the bare value: the line proves this number, the bare digits prove only that they occur somewhere on the page. Definition backfill: both lanes read the same qualifiers off this cell. Definition backfill: both lanes read the same qualifiers off this cell.; the PIC column sits in the multiples block beside TVPI, RVPI, and DPI and its footnote states that PIC multiples may exceed 1.00 due to recycling, so the printed value is a multiple of commitment rather than an amount",RESOLVED,B+ADJUDICATOR,8783ef3e2dc6cf061218360ff1c3db121d172543d661901b2d74131021935dc1
6d1046be77eee343802e,SRC457,10,PAIR_733E71A3CCE360B7D4AB268A,CLASSIFICATION_CONFLICT,929,1153,record_family|source_section|period_start|metric_name|evidence_quote,MERGE,"metric_name: rows are entities and columns are periods, so the metric is the measure the table itself names in its printed wording, 'Net Time Weighted Returns' — never the period (which is the horizon) and never a singularised trim of the banner. evidence_quote takes the full printed line over the bare value: the line proves this number, the bare digits prove only that they occur somewhere on the page. Definition backfill: both lanes read the same qualifiers off this cell. Definition backfill: both lanes read the same qualifiers off this cell.",RESOLVED,A+B+ADJUDICATOR,8783ef3e2dc6cf061218360ff1c3db121d172543d661901b2d74131021935dc1
f01cd05adc3a3c2d81b2,SRC457,10,PAIR_72B243A9643D7223B671F1F9,CLASSIFICATION_CONFLICT,930,1154,record_family|source_section|period_start|unit|evidence_quote,MERGE,"evidence_quote takes the full printed line over the bare value: the line proves this number, the bare digits prove only that they occur somewhere on the page. Definition backfill: both lanes read the same qualifiers off this cell. Definition backfill: both lanes read the same qualifiers off this cell.",RESOLVED,A+B+ADJUDICATOR,8783ef3e2dc6cf061218360ff1c3db121d172543d661901b2d74131021935dc1
6a52815ce169553a6201,SRC457,10,PAIR_C0BF00CA1588E39EF8F51CD0,CLASSIFICATION_CONFLICT,932,1155,record_family|source_section|source_column_label|period_start|metric_name|evidence_quote,MERGE,"evidence_quote takes the full printed line over the bare value: the line proves this number, the bare digits prove only that they occur somewhere on the page. Definition backfill: both lanes read the same qualifiers off this cell. Definition backfill: both lanes read the same qualifiers off this cell.",RESOLVED,A+B+ADJUDICATOR,8783ef3e2dc6cf061218360ff1c3db121d172543d661901b2d74131021935dc1
c59e93962810d2528fde,SRC457,10,PAIR_2A3702E451BBF86FEA5AB373,CLASSIFICATION_CONFLICT,931,1156,record_family|source_section|period_start|metric_name|evidence_quote,MERGE,"metric_name: rows are entities and columns are periods, so the metric is the measure the table itself names in its printed wording, 'Net Time Weighted Returns' — never the period (which is the horizon) and never a singularised trim of the banner. evidence_quote takes the full printed line over the bare value: the line proves this number, the bare digits prove only that they occur somewhere on the page. Definition backfill: both lanes read the same qualifiers off this cell. Definition backfill: both lanes read the same qualifiers off this cell.",RESOLVED,A+B+ADJUDICATOR,8783ef3e2dc6cf061218360ff1c3db121d172543d661901b2d74131021935dc1
938b8fc04ddddbadbe18,SRC457,10,PAIR_AD7B03E8A636C1A4069382CF,CLASSIFICATION_CONFLICT,933,1157,record_family|source_section|period_start|unit|evidence_quote,MERGE,"evidence_quote takes the full printed line over the bare value: the line proves this number, the bare digits prove only that they occur somewhere on the page. Definition backfill: both lanes read the same qualifiers off this cell. Definition backfill: both lanes read the same qualifiers off this cell.",RESOLVED,A+B+ADJUDICATOR,8783ef3e2dc6cf061218360ff1c3db121d172543d661901b2d74131021935dc1
d6b163ca5dfb8d130a95,SRC457,10,PAIR_A0FFD9A80299C25A50E6659E,B_ONLY,,1158,,MERGE,"evidence_quote takes the full printed line over the bare value: the line proves this number, the bare digits prove only that they occur somewhere on the page.",RESOLVED,B+ADJUDICATOR,8783ef3e2dc6cf061218360ff1c3db121d172543d661901b2d74131021935dc1
e46953641dd72bcfba8a,SRC457,10,PAIR_65CFD1585E24964E41F31903,CLASSIFICATION_CONFLICT,934,1159,record_family|source_section|asset_class|strategy|period_start|metric_name|evidence_quote,MERGE,"subject_type classifies what subject_name names: a named vehicle ('... , L.P.', an SMA, an LLC) is fund; a total or subtotal line is the owner's aggregate, so portfolio; an index is benchmark. A whole schedule typed investment means the label was not read. metric_name: rows are entities and columns are periods, so the metric is the measure the table itself names in its printed wording, 'Net Time Weighted Returns' — never the period (which is the horizon) and never a singularised trim of the banner. evidence_quote takes the full printed line over the bare value: the line proves this number, the bare digits prove only that they occur somewhere on the page. Definition backfill: both lanes read the same qualifiers off this cell. Definition backfill: both lanes read the same qualifiers off this cell.",RESOLVED,A+B+ADJUDICATOR,8783ef3e2dc6cf061218360ff1c3db121d172543d661901b2d74131021935dc1
1f8a1d222442c127b638,SRC457,10,PAIR_9215258935442A634A362AE6,CLASSIFICATION_CONFLICT,935,1160,record_family|source_section|asset_class|strategy|period_start|metric_name|evidence_quote,MERGE,"subject_type classifies what subject_name names: a named vehicle ('... , L.P.', an SMA, an LLC) is fund; a total or subtotal line is the owner's aggregate, so portfolio; an index is benchmark. A whole schedule typed investment means the label was not read. metric_name: rows are entities and columns are periods, so the metric is the measure the table itself names in its printed wording, 'Net Time Weighted Returns' — never the period (which is the horizon) and never a singularised trim of the banner. evidence_quote takes the full printed line over the bare value: the line proves this number, the bare digits prove only that they occur somewhere on the page. Definition backfill: both lanes read the same qualifiers off this cell. Definition backfill: both lanes read the same qualifiers off this cell.",RESOLVED,A+B+ADJUDICATOR,8783ef3e2dc6cf061218360ff1c3db121d172543d661901b2d74131021935dc1
e87d0792feb16fe63df2,SRC457,10,PAIR_EED8BD5F424A639B22FDB7BA,B_ONLY,,1161,,MERGE,"subject_type classifies what subject_name names: a named vehicle ('... , L.P.', an SMA, an LLC) is fund; a total or subtotal line is the owner's aggregate, so portfolio; an index is benchmark. A whole schedule typed investment means the label was not read. evidence_quote takes the full printed line over the bare value: the line proves this number, the bare digits prove only that they occur somewhere on the page.",RESOLVED,B+ADJUDICATOR,8783ef3e2dc6cf061218360ff1c3db121d172543d661901b2d74131021935dc1
5e8b4097e9b465b3afb3,SRC457,10,PAIR_8E8BC0AA6D96627811B85B3E,CLASSIFICATION_CONFLICT,936,1162,record_family|source_section|asset_class|strategy|period_start|unit|evidence_quote,MERGE,"subject_type classifies what subject_name names: a named vehicle ('... , L.P.', an SMA, an LLC) is fund; a total or subtotal line is the owner's aggregate, so portfolio; an index is benchmark. A whole schedule typed investment means the label was not read. evidence_quote takes the full printed line over the bare value: the line proves this number, the bare digits prove only that they occur somewhere on the page. Definition backfill: both lanes read the same qualifiers off this cell. Definition backfill: both lanes read the same qualifiers off this cell.",RESOLVED,A+B+ADJUDICATOR,8783ef3e2dc6cf061218360ff1c3db121d172543d661901b2d74131021935dc1
f683d5a61a8c6c1749cb,SRC457,10,PAIR_545E582613D17D64F861C59D,CLASSIFICATION_CONFLICT,937,1163,record_family|source_section|source_column_label|asset_class|strategy|period_start|currency_scale|metric_category|evidence_quote,MERGE,"subject_type classifies what subject_name names: a named vehicle ('... , L.P.', an SMA, an LLC) is fund; a total or subtotal line is the owner's aggregate, so portfolio; an index is benchmark. A whole schedule typed investment means the label was not read. evidence_quote takes the full printed line over the bare value: the line proves this number, the bare digits prove only that they occur somewhere on the page. Definition backfill: both lanes read the same qualifiers off this cell. Definition backfill: both lanes read the same qualifiers off this cell.",RESOLVED,A+B+ADJUDICATOR,8783ef3e2dc6cf061218360ff1c3db121d172543d661901b2d74131021935dc1
db7e05dd52ff9b90bc60,SRC457,10,PAIR_785F602229ABDBEA3B068DB3,B_ONLY,,1164,,MERGE,"subject_type classifies what subject_name names: a named vehicle ('... , L.P.', an SMA, an LLC) is fund; a total or subtotal line is the owner's aggregate, so portfolio; an index is benchmark. A whole schedule typed investment means the label was not read. PIC is paid_in_capital, never moic: the disambiguation table names the printed label PIC explicitly. The page prints it under a Multiples banner, which is why one lane typed it a multiple. evidence_quote takes the full printed line over the bare value: the line proves this number, the bare digits prove only that they occur somewhere on the page. Definition backfill: both lanes read the same qualifiers off this cell. Definition backfill: both lanes read the same qualifiers off this cell.; the PIC column sits in the multiples block beside TVPI, RVPI, and DPI and its footnote states that PIC multiples may exceed 1.00 due to recycling, so the printed value is a multiple of commitment rather than an amount",RESOLVED,B+ADJUDICATOR,8783ef3e2dc6cf061218360ff1c3db121d172543d661901b2d74131021935dc1
73bdcb9911184727ee9f,SRC457,10,PAIR_E12DE6497B0E63535DD4946B,CLASSIFICATION_CONFLICT,938,1165,record_family|source_section|asset_class|strategy|period_start|metric_name|evidence_quote,MERGE,"subject_type classifies what subject_name names: a named vehicle ('... , L.P.', an SMA, an LLC) is fund; a total or subtotal line is the owner's aggregate, so portfolio; an index is benchmark. A whole schedule typed investment means the label was not read. metric_name: rows are entities and columns are periods, so the metric is the measure the table itself names in its printed wording, 'Net Time Weighted Returns' — never the period (which is the horizon) and never a singularised trim of the banner. evidence_quote takes the full printed line over the bare value: the line proves this number, the bare digits prove only that they occur somewhere on the page. Definition backfill: both lanes read the same qualifiers off this cell. Definition backfill: both lanes read the same qualifiers off this cell.",RESOLVED,A+B+ADJUDICATOR,8783ef3e2dc6cf061218360ff1c3db121d172543d661901b2d74131021935dc1
bef88ab333e23dc6afd1,SRC457,10,PAIR_C2B6D5EE6C01978AFE6E642A,CLASSIFICATION_CONFLICT,939,1166,record_family|source_section|asset_class|strategy|period_start|unit|evidence_quote,MERGE,"subject_type classifies what subject_name names: a named vehicle ('... , L.P.', an SMA, an LLC) is fund; a total or subtotal line is the owner's aggregate, so portfolio; an index is benchmark. A whole schedule typed investment means the label was not read. evidence_quote takes the full printed line over the bare value: the line proves this number, the bare digits prove only that they occur somewhere on the page. Definition backfill: both lanes read the same qualifiers off this cell. Definition backfill: both lanes read the same qualifiers off this cell.",RESOLVED,A+B+ADJUDICATOR,8783ef3e2dc6cf061218360ff1c3db121d172543d661901b2d74131021935dc1
d52f29aa9e387bbf4526,SRC457,10,PAIR_961018A6975417CE571CDE7F,CLASSIFICATION_CONFLICT,941,1167,record_family|source_section|source_column_label|asset_class|strategy|period_start|metric_name|evidence_quote,MERGE,"subject_type classifies what subject_name names: a named vehicle ('... , L.P.', an SMA, an LLC) is fund; a total or subtotal line is the owner's aggregate, so portfolio; an index is benchmark. A whole schedule typed investment means the label was not read. evidence_quote takes the full printed line over the bare value: the line proves this number, the bare digits prove only that they occur somewhere on the page. Definition backfill: both lanes read the same qualifiers off this cell. Definition backfill: both lanes read the same qualifiers off this cell.",RESOLVED,A+B+ADJUDICATOR,8783ef3e2dc6cf061218360ff1c3db121d172543d661901b2d74131021935dc1
441fc6fdbf2fa58c73ce,SRC457,10,PAIR_05F495E438A111940B091323,CLASSIFICATION_CONFLICT,940,1168,record_family|source_section|asset_class|strategy|period_start|metric_name|evidence_quote,MERGE,"subject_type classifies what subject_name names: a named vehicle ('... , L.P.', an SMA, an LLC) is fund; a total or subtotal line is the owner's aggregate, so portfolio; an index is benchmark. A whole schedule typed investment means the label was not read. metric_name: rows are entities and columns are periods, so the metric is the measure the table itself names in its printed wording, 'Net Time Weighted Returns' — never the period (which is the horizon) and never a singularised trim of the banner. evidence_quote takes the full printed line over the bare value: the line proves this number, the bare digits prove only that they occur somewhere on the page. Definition backfill: both lanes read the same qualifiers off this cell. Definition backfill: both lanes read the same qualifiers off this cell.",RESOLVED,A+B+ADJUDICATOR,8783ef3e2dc6cf061218360ff1c3db121d172543d661901b2d74131021935dc1
84674e5504340bf73689,SRC457,10,PAIR_CD6527084E4A20F717E316F4,CLASSIFICATION_CONFLICT,942,1169,record_family|source_section|asset_class|strategy|period_start|unit|evidence_quote,MERGE,"subject_type classifies what subject_name names: a named vehicle ('... , L.P.', an SMA, an LLC) is fund; a total or subtotal line is the owner's aggregate, so portfolio; an index is benchmark. A whole schedule typed investment means the label was not read. evidence_quote takes the full printed line over the bare value: the line proves this number, the bare digits prove only that they occur somewhere on the page. Definition backfill: both lanes read the same qualifiers off this cell. Definition backfill: both lanes read the same qualifiers off this cell.",RESOLVED,A+B+ADJUDICATOR,8783ef3e2dc6cf061218360ff1c3db121d172543d661901b2d74131021935dc1
d68c2ea165703b0d84c9,SRC457,10,PAIR_4A595BB5711F430202FA59EA,B_ONLY,,1170,,MERGE,"subject_type classifies what subject_name names: a named vehicle ('... , L.P.', an SMA, an LLC) is fund; a total or subtotal line is the owner's aggregate, so portfolio; an index is benchmark. A whole schedule typed investment means the label was not read. evidence_quote takes the full printed line over the bare value: the line proves this number, the bare digits prove only that they occur somewhere on the page.",RESOLVED,B+ADJUDICATOR,8783ef3e2dc6cf061218360ff1c3db121d172543d661901b2d74131021935dc1
2e6dce04316894ce4c9e,SRC457,10,PAIR_FFF2F85358C371B941853002,CLASSIFICATION_CONFLICT,943,1171,record_family|source_section|asset_class|strategy|period_start|metric_name|evidence_quote,MERGE,"subject_type classifies what subject_name names: a named vehicle ('... , L.P.', an SMA, an LLC) is fund; a total or subtotal line is the owner's aggregate, so portfolio; an index is benchmark. A whole schedule typed investment means the label was not read. metric_name: rows are entities and columns are periods, so the metric is the measure the table itself names in its printed wording, 'Net Time Weighted Returns' — never the period (which is the horizon) and never a singularised trim of the banner. evidence_quote takes the full printed line over the bare value: the line proves this number, the bare digits prove only that they occur somewhere on the page. Definition backfill: both lanes read the same qualifiers off this cell. Definition backfill: both lanes read the same qualifiers off this cell.",RESOLVED,A+B+ADJUDICATOR,8783ef3e2dc6cf061218360ff1c3db121d172543d661901b2d74131021935dc1
71fa46c86e2dd13591a2,SRC457,10,PAIR_C00ECF6831FCFB933D59754F,CLASSIFICATION_CONFLICT,944,1172,record_family|source_section|asset_class|strategy|period_start|metric_name|evidence_quote,MERGE,"subject_type classifies what subject_name names: a named vehicle ('... , L.P.', an SMA, an LLC) is fund; a total or subtotal line is the owner's aggregate, so portfolio; an index is benchmark. A whole schedule typed investment means the label was not read. metric_name: rows are entities and columns are periods, so the metric is the measure the table itself names in its printed wording, 'Net Time Weighted Returns' — never the period (which is the horizon) and never a singularised trim of the banner. evidence_quote takes the full printed line over the bare value: the line proves this number, the bare digits prove only that they occur somewhere on the page. Definition backfill: both lanes read the same qualifiers off this cell. Definition backfill: both lanes read the same qualifiers off this cell.",RESOLVED,A+B+ADJUDICATOR,8783ef3e2dc6cf061218360ff1c3db121d172543d661901b2d74131021935dc1
e1a5ea1e8c190174af2b,SRC457,10,PAIR_F92D8FEDD319DB8DB955F49F,CLASSIFICATION_CONFLICT,945,1173,record_family|source_section|asset_class|strategy|period_start|metric_name|evidence_quote,MERGE,"subject_type classifies what subject_name names: a named vehicle ('... , L.P.', an SMA, an LLC) is fund; a total or subtotal line is the owner's aggregate, so portfolio; an index is benchmark. A whole schedule typed investment means the label was not read. metric_name: rows are entities and columns are periods, so the metric is the measure the table itself names in its printed wording, 'Net Time Weighted Returns' — never the period (which is the horizon) and never a singularised trim of the banner. evidence_quote takes the full printed line over the bare value: the line proves this number, the bare digits prove only that they occur somewhere on the page. Definition backfill: both lanes read the same qualifiers off this cell. Definition backfill: both lanes read the same qualifiers off this cell.",RESOLVED,A+B+ADJUDICATOR,8783ef3e2dc6cf061218360ff1c3db121d172543d661901b2d74131021935dc1
c19a1ad72f16140c6e50,SRC457,10,PAIR_91C165AAB97D0541C80D76CA,B_ONLY,,1174,,MERGE,"subject_type classifies what subject_name names: a named vehicle ('... , L.P.', an SMA, an LLC) is fund; a total or subtotal line is the owner's aggregate, so portfolio; an index is benchmark. A whole schedule typed investment means the label was not read. evidence_quote takes the full printed line over the bare value: the line proves this number, the bare digits prove only that they occur somewhere on the page.",RESOLVED,B+ADJUDICATOR,8783ef3e2dc6cf061218360ff1c3db121d172543d661901b2d74131021935dc1
006726a9da6db08dafbb,SRC457,10,PAIR_566EBF0D4B911F4982A23487,CLASSIFICATION_CONFLICT,946,1175,record_family|source_section|asset_class|strategy|period_start|unit|evidence_quote,MERGE,"subject_type classifies what subject_name names: a named vehicle ('... , L.P.', an SMA, an LLC) is fund; a total or subtotal line is the owner's aggregate, so portfolio; an index is benchmark. A whole schedule typed investment means the label was not read. evidence_quote takes the full printed line over the bare value: the line proves this number, the bare digits prove only that they occur somewhere on the page. Definition backfill: both lanes read the same qualifiers off this cell. Definition backfill: both lanes read the same qualifiers off this cell.",RESOLVED,A+B+ADJUDICATOR,8783ef3e2dc6cf061218360ff1c3db121d172543d661901b2d74131021935dc1
7486b9794d4087e4cf6c,SRC457,10,PAIR_8257C10E6F66F581B817C5F1,VALUE_CONFLICT,947,1176,record_family|source_section|source_column_label|asset_class|strategy|period_start|currency_scale|metric_category|metric_value_raw|evidence_quote,MERGE,"subject_type classifies what subject_name names: a named vehicle ('... , L.P.', an SMA, an LLC) is fund; a total or subtotal line is the owner's aggregate, so portfolio; an index is benchmark. A whole schedule typed investment means the label was not read. evidence_quote takes the full printed line over the bare value: the line proves this number, the bare digits prove only that they occur somewhere on the page. Definition backfill: both lanes read the same qualifiers off this cell. Definition backfill: both lanes read the same qualifiers off this cell.",RESOLVED,A+B+ADJUDICATOR,8783ef3e2dc6cf061218360ff1c3db121d172543d661901b2d74131021935dc1
848bf10adf31e796364c,SRC457,10,PAIR_9485C448645780DA2DC4CEB8,B_ONLY,,1177,,MERGE,"subject_type classifies what subject_name names: a named vehicle ('... , L.P.', an SMA, an LLC) is fund; a total or subtotal line is the owner's aggregate, so portfolio; an index is benchmark. A whole schedule typed investment means the label was not read. PIC is paid_in_capital, never moic: the disambiguation table names the printed label PIC explicitly. The page prints it under a Multiples banner, which is why one lane typed it a multiple. evidence_quote takes the full printed line over the bare value: the line proves this number, the bare digits prove only that they occur somewhere on the page. Definition backfill: both lanes read the same qualifiers off this cell. Definition backfill: both lanes read the same qualifiers off this cell.; the PIC column sits in the multiples block beside TVPI, RVPI, and DPI and its footnote states that PIC multiples may exceed 1.00 due to recycling, so the printed value is a multiple of commitment rather than an amount",RESOLVED,B+ADJUDICATOR,8783ef3e2dc6cf061218360ff1c3db121d172543d661901b2d74131021935dc1
3873bc9fa230d6d5f5be,SRC457,10,PAIR_880841C08C18D7854A622753,CLASSIFICATION_CONFLICT,948,1178,record_family|source_section|asset_class|strategy|period_start|metric_name|evidence_quote,MERGE,"subject_type classifies what subject_name names: a named vehicle ('... , L.P.', an SMA, an LLC) is fund; a total or subtotal line is the owner's aggregate, so portfolio; an index is benchmark. A whole schedule typed investment means the label was not read. metric_name: rows are entities and columns are periods, so the metric is the measure the table itself names in its printed wording, 'Net Time Weighted Returns' — never the period (which is the horizon) and never a singularised trim of the banner. evidence_quote takes the full printed line over the bare value: the line proves this number, the bare digits prove only that they occur somewhere on the page. Definition backfill: both lanes read the same qualifiers off this cell. Definition backfill: both lanes read the same qualifiers off this cell.",RESOLVED,A+B+ADJUDICATOR,8783ef3e2dc6cf061218360ff1c3db121d172543d661901b2d74131021935dc1
22c77f2a110b0dcd24c0,SRC457,10,PAIR_C4A92FA5EEA918E95D8FD599,CLASSIFICATION_CONFLICT,949,1179,record_family|source_section|asset_class|strategy|period_start|unit|evidence_quote,MERGE,"subject_type classifies what subject_name names: a named vehicle ('... , L.P.', an SMA, an LLC) is fund; a total or subtotal line is the owner's aggregate, so portfolio; an index is benchmark. A whole schedule typed investment means the label was not read. evidence_quote takes the full printed line over the bare value: the line proves this number, the bare digits prove only that they occur somewhere on the page. Definition backfill: both lanes read the same qualifiers off this cell. Definition backfill: both lanes read the same qualifiers off this cell.",RESOLVED,A+B+ADJUDICATOR,8783ef3e2dc6cf061218360ff1c3db121d172543d661901b2d74131021935dc1
6bb44743171df8b0a28e,SRC457,10,PAIR_59D2C8D5E90ECFF17D4E8F3E,CLASSIFICATION_CONFLICT,951,1180,record_family|source_section|source_column_label|asset_class|strategy|period_start|metric_name|evidence_quote,MERGE,"subject_type classifies what subject_name names: a named vehicle ('... , L.P.', an SMA, an LLC) is fund; a total or subtotal line is the owner's aggregate, so portfolio; an index is benchmark. A whole schedule typed investment means the label was not read. evidence_quote takes the full printed line over the bare value: the line proves this number, the bare digits prove only that they occur somewhere on the page. Definition backfill: both lanes read the same qualifiers off this cell. Definition backfill: both lanes read the same qualifiers off this cell.",RESOLVED,A+B+ADJUDICATOR,8783ef3e2dc6cf061218360ff1c3db121d172543d661901b2d74131021935dc1
a4b1738efb1386055b4e,SRC457,10,PAIR_63ADF8A038F9093202C4DD35,CLASSIFICATION_CONFLICT,950,1181,record_family|source_section|asset_class|strategy|period_start|metric_name|evidence_quote,MERGE,"subject_type classifies what subject_name names: a named vehicle ('... , L.P.', an SMA, an LLC) is fund; a total or subtotal line is the owner's aggregate, so portfolio; an index is benchmark. A whole schedule typed investment means the label was not read. metric_name: rows are entities and columns are periods, so the metric is the measure the table itself names in its printed wording, 'Net Time Weighted Returns' — never the period (which is the horizon) and never a singularised trim of the banner. evidence_quote takes the full printed line over the bare value: the line proves this number, the bare digits prove only that they occur somewhere on the page. Definition backfill: both lanes read the same qualifiers off this cell. Definition backfill: both lanes read the same qualifiers off this cell.",RESOLVED,A+B+ADJUDICATOR,8783ef3e2dc6cf061218360ff1c3db121d172543d661901b2d74131021935dc1
e2e93a18d54d92d2cc63,SRC457,10,PAIR_0F86530E2C914C316EF9E002,CLASSIFICATION_CONFLICT,952,1182,record_family|source_section|asset_class|strategy|period_start|unit|evidence_quote,MERGE,"subject_type classifies what subject_name names: a named vehicle ('... , L.P.', an SMA, an LLC) is fund; a total or subtotal line is the owner's aggregate, so portfolio; an index is benchmark. A whole schedule typed investment means the label was not read. evidence_quote takes the full printed line over the bare value: the line proves this number, the bare digits prove only that they occur somewhere on the page. Definition backfill: both lanes read the same qualifiers off this cell. Definition backfill: both lanes read the same qualifiers off this cell.",RESOLVED,A+B+ADJUDICATOR,8783ef3e2dc6cf061218360ff1c3db121d172543d661901b2d74131021935dc1
5c1b81c37b226e7a32c8,SRC457,10,PAIR_F233BF308D889056AC0258BC,B_ONLY,,1183,,MERGE,"subject_type classifies what subject_name names: a named vehicle ('... , L.P.', an SMA, an LLC) is fund; a total or subtotal line is the owner's aggregate, so portfolio; an index is benchmark. A whole schedule typed investment means the label was not read. evidence_quote takes the full printed line over the bare value: the line proves this number, the bare digits prove only that they occur somewhere on the page.",RESOLVED,B+ADJUDICATOR,8783ef3e2dc6cf061218360ff1c3db121d172543d661901b2d74131021935dc1
9f31086cbb5eb0c7bd09,SRC457,10,PAIR_2B7546C3A4A49D509AAF6AB1,CLASSIFICATION_CONFLICT,953,1184,record_family|source_section|subject_type|asset_class|strategy|period_start|metric_name|evidence_quote,MERGE,"metric_name: rows are entities and columns are periods, so the metric is the measure the table itself names in its printed wording, 'Net Time Weighted Returns' — never the period (which is the horizon) and never a singularised trim of the banner. evidence_quote takes the full printed line over the bare value: the line proves this number, the bare digits prove only that they occur somewhere on the page. Definition backfill: both lanes read the same qualifiers off this cell. Definition backfill: both lanes read the same qualifiers off this cell.",RESOLVED,A+B+ADJUDICATOR,8783ef3e2dc6cf061218360ff1c3db121d172543d661901b2d74131021935dc1
b3cde1a79e81b0fd6d58,SRC457,10,PAIR_1311B1A781527E4E7CA1CF65,CLASSIFICATION_CONFLICT,954,1185,record_family|source_section|subject_type|asset_class|strategy|period_start|metric_name|evidence_quote,MERGE,"metric_name: rows are entities and columns are periods, so the metric is the measure the table itself names in its printed wording, 'Net Time Weighted Returns' — never the period (which is the horizon) and never a singularised trim of the banner. evidence_quote takes the full printed line over the bare value: the line proves this number, the bare digits prove only that they occur somewhere on the page. Definition backfill: both lanes read the same qualifiers off this cell. Definition backfill: both lanes read the same qualifiers off this cell.",RESOLVED,A+B+ADJUDICATOR,8783ef3e2dc6cf061218360ff1c3db121d172543d661901b2d74131021935dc1
8a965630d84eec5bd603,SRC457,10,PAIR_941CEF6D1892B4A92C294934,CLASSIFICATION_CONFLICT,955,1186,record_family|source_section|subject_type|asset_class|strategy|period_start|metric_name|evidence_quote,MERGE,"metric_name: rows are entities and columns are periods, so the metric is the measure the table itself names in its printed wording, 'Net Time Weighted Returns' — never the period (which is the horizon) and never a singularised trim of the banner. evidence_quote takes the full printed line over the bare value: the line proves this number, the bare digits prove only that they occur somewhere on the page. Definition backfill: both lanes read the same qualifiers off this cell. Definition backfill: both lanes read the same qualifiers off this cell.",RESOLVED,A+B+ADJUDICATOR,8783ef3e2dc6cf061218360ff1c3db121d172543d661901b2d74131021935dc1
de5692e02c8310336ed3,SRC457,10,PAIR_E86B28BD85404112B27C6FEA,B_ONLY,,1187,,MERGE,"evidence_quote takes the full printed line over the bare value: the line proves this number, the bare digits prove only that they occur somewhere on the page.",RESOLVED,B+ADJUDICATOR,8783ef3e2dc6cf061218360ff1c3db121d172543d661901b2d74131021935dc1
b8ba8a12b70849ea51fd,SRC457,10,PAIR_0B94470031E36BA6C7EA4438,CLASSIFICATION_CONFLICT,956,1188,record_family|source_section|subject_type|asset_class|strategy|period_start|unit|evidence_quote,MERGE,"evidence_quote takes the full printed line over the bare value: the line proves this number, the bare digits prove only that they occur somewhere on the page. Definition backfill: both lanes read the same qualifiers off this cell. Definition backfill: both lanes read the same qualifiers off this cell.",RESOLVED,A+B+ADJUDICATOR,8783ef3e2dc6cf061218360ff1c3db121d172543d661901b2d74131021935dc1
806221d216eb326b98f6,SRC457,10,PAIR_7048C03A38F7631854E89271,CLASSIFICATION_CONFLICT,957,1189,record_family|source_section|source_column_label|subject_type|asset_class|strategy|period_start|currency_scale|metric_category|evidence_quote,MERGE,"evidence_quote takes the full printed line over the bare value: the line proves this number, the bare digits prove only that they occur somewhere on the page. Definition backfill: both lanes read the same qualifiers off this cell. Definition backfill: both lanes read the same qualifiers off this cell.",RESOLVED,A+B+ADJUDICATOR,8783ef3e2dc6cf061218360ff1c3db121d172543d661901b2d74131021935dc1
64d9fd762a70ec30cbf1,SRC457,10,PAIR_5FE64C19648C01097EEB2954,B_ONLY,,1190,,MERGE,"PIC is paid_in_capital, never moic: the disambiguation table names the printed label PIC explicitly. The page prints it under a Multiples banner, which is why one lane typed it a multiple. evidence_quote takes the full printed line over the bare value: the line proves this number, the bare digits prove only that they occur somewhere on the page. Definition backfill: both lanes read the same qualifiers off this cell. Definition backfill: both lanes read the same qualifiers off this cell.; the PIC column sits in the multiples block beside TVPI, RVPI, and DPI and its footnote states that PIC multiples may exceed 1.00 due to recycling, so the printed value is a multiple of commitment rather than an amount",RESOLVED,B+ADJUDICATOR,8783ef3e2dc6cf061218360ff1c3db121d172543d661901b2d74131021935dc1
9235f908627b7c968d9a,SRC457,10,PAIR_CE860B64AA38A354AE51F442,CLASSIFICATION_CONFLICT,958,1191,record_family|source_section|subject_type|asset_class|strategy|period_start|metric_name|evidence_quote,MERGE,"metric_name: rows are entities and columns are periods, so the metric is the measure the table itself names in its printed wording, 'Net Time Weighted Returns' — never the period (which is the horizon) and never a singularised trim of the banner. evidence_quote takes the full printed line over the bare value: the line proves this number, the bare digits prove only that they occur somewhere on the page. Definition backfill: both lanes read the same qualifiers off this cell. Definition backfill: both lanes read the same qualifiers off this cell.",RESOLVED,A+B+ADJUDICATOR,8783ef3e2dc6cf061218360ff1c3db121d172543d661901b2d74131021935dc1
d56c0fc88f6638564c68,SRC457,10,PAIR_21FA6CC2289B7C9B25FCEE9C,CLASSIFICATION_CONFLICT,959,1192,record_family|source_section|subject_type|asset_class|strategy|period_start|unit|evidence_quote,MERGE,"evidence_quote takes the full printed line over the bare value: the line proves this number, the bare digits prove only that they occur somewhere on the page. Definition backfill: both lanes read the same qualifiers off this cell. Definition backfill: both lanes read the same qualifiers off this cell.",RESOLVED,A+B+ADJUDICATOR,8783ef3e2dc6cf061218360ff1c3db121d172543d661901b2d74131021935dc1
bd7b425a224882bece96,SRC457,10,PAIR_B78F936233DB4B22868CB529,CLASSIFICATION_CONFLICT,961,1193,record_family|source_section|source_column_label|subject_type|asset_class|strategy|period_start|metric_name|evidence_quote,MERGE,"evidence_quote takes the full printed line over the bare value: the line proves this number, the bare digits prove only that they occur somewhere on the page. Definition backfill: both lanes read the same qualifiers off this cell. Definition backfill: both lanes read the same qualifiers off this cell.",RESOLVED,A+B+ADJUDICATOR,8783ef3e2dc6cf061218360ff1c3db121d172543d661901b2d74131021935dc1
8cb603820c68d0538fbe,SRC457,10,PAIR_1FECB2F6798C1C427787A4CB,CLASSIFICATION_CONFLICT,960,1194,record_family|source_section|subject_type|asset_class|strategy|period_start|metric_name|evidence_quote,MERGE,"metric_name: rows are entities and columns are periods, so the metric is the measure the table itself names in its printed wording, 'Net Time Weighted Returns' — never the period (which is the horizon) and never a singularised trim of the banner. evidence_quote takes the full printed line over the bare value: the line proves this number, the bare digits prove only that they occur somewhere on the page. Definition backfill: both lanes read the same qualifiers off this cell. Definition backfill: both lanes read the same qualifiers off this cell.",RESOLVED,A+B+ADJUDICATOR,8783ef3e2dc6cf061218360ff1c3db121d172543d661901b2d74131021935dc1
62c556d27911dfaaa843,SRC457,10,PAIR_A49D7ADC888B72632D80F45D,CLASSIFICATION_CONFLICT,962,1195,record_family|source_section|subject_type|asset_class|strategy|period_start|unit|evidence_quote,MERGE,"evidence_quote takes the full printed line over the bare value: the line proves this number, the bare digits prove only that they occur somewhere on the page. Definition backfill: both lanes read the same qualifiers off this cell. Definition backfill: both lanes read the same qualifiers off this cell.",RESOLVED,A+B+ADJUDICATOR,8783ef3e2dc6cf061218360ff1c3db121d172543d661901b2d74131021935dc1
1560d1f3a1cfe5a7245e,SRC457,10,PAIR_2538E9E29D44B191B8397E6C,B_ONLY,,1196,,MERGE,"evidence_quote takes the full printed line over the bare value: the line proves this number, the bare digits prove only that they occur somewhere on the page.",RESOLVED,B+ADJUDICATOR,8783ef3e2dc6cf061218360ff1c3db121d172543d661901b2d74131021935dc1
3ed65e335b55958d9a45,SRC457,11,PAIR_90533278E4B7793D8CD460B2,CONTEXT_CONFLICT,963,1197,condition_raw,ACCEPT_B,Both lanes recorded the same wording; the lane carrying the context fields the page prints is the correct reading.,RESOLVED,B,8783ef3e2dc6cf061218360ff1c3db121d172543d661901b2d74131021935dc1
e71953726422f53676ba,SRC457,11,PAIR_2EF85AEC870E9BD6759164A4,CLASSIFICATION_CONFLICT,964,1198,source_section|subject_type|asset_class|currency_scale|metric_name|evidence_quote,MERGE,"subject_type classifies what subject_name names: a named vehicle ('... , L.P.', an SMA, an LLC) is fund; a total or subtotal line is the owner's aggregate, so portfolio; an index is benchmark. A whole schedule typed investment means the label was not read. evidence_quote takes the full printed line over the bare value: the line proves this number, the bare digits prove only that they occur somewhere on the page.",RESOLVED,A+B+ADJUDICATOR,8783ef3e2dc6cf061218360ff1c3db121d172543d661901b2d74131021935dc1
da3e10c6c6b15024fa2d,SRC457,11,PAIR_A2523BA6030EF83429DE7706,CLASSIFICATION_CONFLICT,965,1199,source_section|subject_type|asset_class|currency_scale|metric_name|evidence_quote,MERGE,"subject_type classifies what subject_name names: a named vehicle ('... , L.P.', an SMA, an LLC) is fund; a total or subtotal line is the owner's aggregate, so portfolio; an index is benchmark. A whole schedule typed investment means the label was not read. evidence_quote takes the full printed line over the bare value: the line proves this number, the bare digits prove only that they occur somewhere on the page.",RESOLVED,A+B+ADJUDICATOR,8783ef3e2dc6cf061218360ff1c3db121d172543d661901b2d74131021935dc1
eb255a0a8879c948ddfe,SRC457,11,PAIR_ADB01DE7793EEF4073399EA5,CLASSIFICATION_CONFLICT,966,1200,source_section|subject_type|asset_class|currency_scale|metric_name|evidence_quote,MERGE,"subject_type classifies what subject_name names: a named vehicle ('... , L.P.', an SMA, an LLC) is fund; a total or subtotal line is the owner's aggregate, so portfolio; an index is benchmark. A whole schedule typed investment means the label was not read. evidence_quote takes the full printed line over the bare value: the line proves this number, the bare digits prove only that they occur somewhere on the page.",RESOLVED,A+B+ADJUDICATOR,8783ef3e2dc6cf061218360ff1c3db121d172543d661901b2d74131021935dc1
6a33d0d582dec062e2ae,SRC457,11,PAIR_A82FD2459D4ABB8E576F6F8C,CLASSIFICATION_CONFLICT,967,1201,source_section|subject_type|asset_class|currency_scale|metric_name|evidence_quote,MERGE,"subject_type classifies what subject_name names: a named vehicle ('... , L.P.', an SMA, an LLC) is fund; a total or subtotal line is the owner's aggregate, so portfolio; an index is benchmark. A whole schedule typed investment means the label was not read. evidence_quote takes the full printed line over the bare value: the line proves this number, the bare digits prove only that they occur somewhere on the page.",RESOLVED,A+B+ADJUDICATOR,8783ef3e2dc6cf061218360ff1c3db121d172543d661901b2d74131021935dc1
88b9788f1eee85a20cae,SRC457,11,PAIR_57E72F1506350B30AFF61A82,CLASSIFICATION_CONFLICT,968,1202,source_section|subject_type|asset_class|currency_scale|metric_name|evidence_quote,MERGE,"subject_type classifies what subject_name names: a named vehicle ('... , L.P.', an SMA, an LLC) is fund; a total or subtotal line is the owner's aggregate, so portfolio; an index is benchmark. A whole schedule typed investment means the label was not read. evidence_quote takes the full printed line over the bare value: the line proves this number, the bare digits prove only that they occur somewhere on the page.",RESOLVED,A+B+ADJUDICATOR,8783ef3e2dc6cf061218360ff1c3db121d172543d661901b2d74131021935dc1
a8cd4e63a18208f44d12,SRC457,11,PAIR_553FCF7A01477F6A685CC97F,CLASSIFICATION_CONFLICT,969,1203,source_section|subject_type|asset_class|currency_scale|metric_name|evidence_quote,MERGE,"subject_type classifies what subject_name names: a named vehicle ('... , L.P.', an SMA, an LLC) is fund; a total or subtotal line is the owner's aggregate, so portfolio; an index is benchmark. A whole schedule typed investment means the label was not read. evidence_quote takes the full printed line over the bare value: the line proves this number, the bare digits prove only that they occur somewhere on the page.",RESOLVED,A+B+ADJUDICATOR,8783ef3e2dc6cf061218360ff1c3db121d172543d661901b2d74131021935dc1
23e85ce12798fd4901f1,SRC457,11,PAIR_52F3C08AFB18C0C71FF1F2D2,CLASSIFICATION_CONFLICT,970,1204,source_section|subject_type|asset_class|currency_scale|metric_name|evidence_quote,MERGE,"subject_type classifies what subject_name names: a named vehicle ('... , L.P.', an SMA, an LLC) is fund; a total or subtotal line is the owner's aggregate, so portfolio; an index is benchmark. A whole schedule typed investment means the label was not read. evidence_quote takes the full printed line over the bare value: the line proves this number, the bare digits prove only that they occur somewhere on the page.",RESOLVED,A+B+ADJUDICATOR,8783ef3e2dc6cf061218360ff1c3db121d172543d661901b2d74131021935dc1
545495e5463e4ac012f6,SRC457,11,PAIR_1B5B500BEEDD87A10C4F8672,CLASSIFICATION_CONFLICT,971,1205,source_section|subject_type|asset_class|currency_scale|metric_name|evidence_quote,MERGE,"subject_type classifies what subject_name names: a named vehicle ('... , L.P.', an SMA, an LLC) is fund; a total or subtotal line is the owner's aggregate, so portfolio; an index is benchmark. A whole schedule typed investment means the label was not read. evidence_quote takes the full printed line over the bare value: the line proves this number, the bare digits prove only that they occur somewhere on the page.",RESOLVED,A+B+ADJUDICATOR,8783ef3e2dc6cf061218360ff1c3db121d172543d661901b2d74131021935dc1
5d061f0c034a3c19fcff,SRC457,11,PAIR_6D6A47AD386FBF2311C13F3F,CLASSIFICATION_CONFLICT,972,1206,source_section|subject_type|asset_class|currency_scale|metric_name|evidence_quote,MERGE,"subject_type classifies what subject_name names: a named vehicle ('... , L.P.', an SMA, an LLC) is fund; a total or subtotal line is the owner's aggregate, so portfolio; an index is benchmark. A whole schedule typed investment means the label was not read. evidence_quote takes the full printed line over the bare value: the line proves this number, the bare digits prove only that they occur somewhere on the page.",RESOLVED,A+B+ADJUDICATOR,8783ef3e2dc6cf061218360ff1c3db121d172543d661901b2d74131021935dc1
37106df5f77d9b84143a,SRC457,11,PAIR_ECE25DD683F6F8AEB2A985E0,CLASSIFICATION_CONFLICT,973,1207,source_section|subject_type|asset_class|currency_scale|metric_name|evidence_quote,MERGE,"subject_type classifies what subject_name names: a named vehicle ('... , L.P.', an SMA, an LLC) is fund; a total or subtotal line is the owner's aggregate, so portfolio; an index is benchmark. A whole schedule typed investment means the label was not read. evidence_quote takes the full printed line over the bare value: the line proves this number, the bare digits prove only that they occur somewhere on the page.",RESOLVED,A+B+ADJUDICATOR,8783ef3e2dc6cf061218360ff1c3db121d172543d661901b2d74131021935dc1
99dc3963a436413eb748,SRC457,11,PAIR_71475257F117D1DB1CC3B2AF,CLASSIFICATION_CONFLICT,974,1208,source_section|subject_type|asset_class|currency_scale|metric_name|evidence_quote,MERGE,"subject_type classifies what subject_name names: a named vehicle ('... , L.P.', an SMA, an LLC) is fund; a total or subtotal line is the owner's aggregate, so portfolio; an index is benchmark. A whole schedule typed investment means the label was not read. evidence_quote takes the full printed line over the bare value: the line proves this number, the bare digits prove only that they occur somewhere on the page.",RESOLVED,A+B+ADJUDICATOR,8783ef3e2dc6cf061218360ff1c3db121d172543d661901b2d74131021935dc1
2e9bb3cbfae94db451ac,SRC457,11,PAIR_B072CC5882251FC23B804146,CLASSIFICATION_CONFLICT,975,1209,source_section|subject_type|asset_class|currency_scale|metric_name|evidence_quote,MERGE,"subject_type classifies what subject_name names: a named vehicle ('... , L.P.', an SMA, an LLC) is fund; a total or subtotal line is the owner's aggregate, so portfolio; an index is benchmark. A whole schedule typed investment means the label was not read. evidence_quote takes the full printed line over the bare value: the line proves this number, the bare digits prove only that they occur somewhere on the page.",RESOLVED,A+B+ADJUDICATOR,8783ef3e2dc6cf061218360ff1c3db121d172543d661901b2d74131021935dc1
e484ab81b72ab3b20b72,SRC457,11,PAIR_C6B3ABDC266DA3CCF3632DBB,CLASSIFICATION_CONFLICT,976,1210,source_section|subject_type|asset_class|currency_scale|metric_name|evidence_quote,MERGE,"subject_type classifies what subject_name names: a named vehicle ('... , L.P.', an SMA, an LLC) is fund; a total or subtotal line is the owner's aggregate, so portfolio; an index is benchmark. A whole schedule typed investment means the label was not read. evidence_quote takes the full printed line over the bare value: the line proves this number, the bare digits prove only that they occur somewhere on the page.",RESOLVED,A+B+ADJUDICATOR,8783ef3e2dc6cf061218360ff1c3db121d172543d661901b2d74131021935dc1
02d41431ffa9226ff425,SRC457,11,PAIR_C38EFF2889B132995756BB20,CLASSIFICATION_CONFLICT,977,1211,source_section|subject_type|asset_class|currency_scale|metric_name|evidence_quote,MERGE,"subject_type classifies what subject_name names: a named vehicle ('... , L.P.', an SMA, an LLC) is fund; a total or subtotal line is the owner's aggregate, so portfolio; an index is benchmark. A whole schedule typed investment means the label was not read. evidence_quote takes the full printed line over the bare value: the line proves this number, the bare digits prove only that they occur somewhere on the page.",RESOLVED,A+B+ADJUDICATOR,8783ef3e2dc6cf061218360ff1c3db121d172543d661901b2d74131021935dc1
b5e7cbe5b7df92186624,SRC457,11,PAIR_8410273324CC6DFC558DB8B2,CLASSIFICATION_CONFLICT,978,1212,source_section|subject_type|asset_class|currency_scale|metric_name|evidence_quote,MERGE,"subject_type classifies what subject_name names: a named vehicle ('... , L.P.', an SMA, an LLC) is fund; a total or subtotal line is the owner's aggregate, so portfolio; an index is benchmark. A whole schedule typed investment means the label was not read. evidence_quote takes the full printed line over the bare value: the line proves this number, the bare digits prove only that they occur somewhere on the page.",RESOLVED,A+B+ADJUDICATOR,8783ef3e2dc6cf061218360ff1c3db121d172543d661901b2d74131021935dc1
30e4aafbeded45f8e681,SRC457,11,PAIR_2F00153E7347A55A61EDA98E,CLASSIFICATION_CONFLICT,979,1213,source_section|subject_type|asset_class|currency_scale|metric_name|evidence_quote,MERGE,"subject_type classifies what subject_name names: a named vehicle ('... , L.P.', an SMA, an LLC) is fund; a total or subtotal line is the owner's aggregate, so portfolio; an index is benchmark. A whole schedule typed investment means the label was not read. evidence_quote takes the full printed line over the bare value: the line proves this number, the bare digits prove only that they occur somewhere on the page.",RESOLVED,A+B+ADJUDICATOR,8783ef3e2dc6cf061218360ff1c3db121d172543d661901b2d74131021935dc1
4e7c3b31aca160023efa,SRC457,11,PAIR_001C3FD7470B7B8BE73A49FB,CLASSIFICATION_CONFLICT,980,1214,source_section|subject_type|asset_class|currency_scale|metric_name|evidence_quote,MERGE,"subject_type classifies what subject_name names: a named vehicle ('... , L.P.', an SMA, an LLC) is fund; a total or subtotal line is the owner's aggregate, so portfolio; an index is benchmark. A whole schedule typed investment means the label was not read. evidence_quote takes the full printed line over the bare value: the line proves this number, the bare digits prove only that they occur somewhere on the page.",RESOLVED,A+B+ADJUDICATOR,8783ef3e2dc6cf061218360ff1c3db121d172543d661901b2d74131021935dc1
3eeaf81232e609ed9b03,SRC457,11,PAIR_21E3DCB6C225FB962C4BC393,CLASSIFICATION_CONFLICT,981,1215,source_section|subject_type|asset_class|currency_scale|metric_name|evidence_quote,MERGE,"subject_type classifies what subject_name names: a named vehicle ('... , L.P.', an SMA, an LLC) is fund; a total or subtotal line is the owner's aggregate, so portfolio; an index is benchmark. A whole schedule typed investment means the label was not read. evidence_quote takes the full printed line over the bare value: the line proves this number, the bare digits prove only that they occur somewhere on the page.",RESOLVED,A+B+ADJUDICATOR,8783ef3e2dc6cf061218360ff1c3db121d172543d661901b2d74131021935dc1
1c135c8f4ec457f3d093,SRC457,11,PAIR_26359A80258A0983B1F827CA,CLASSIFICATION_CONFLICT,982,1216,source_section|subject_type|asset_class|currency_scale|metric_name|evidence_quote,MERGE,"subject_type classifies what subject_name names: a named vehicle ('... , L.P.', an SMA, an LLC) is fund; a total or subtotal line is the owner's aggregate, so portfolio; an index is benchmark. A whole schedule typed investment means the label was not read. evidence_quote takes the full printed line over the bare value: the line proves this number, the bare digits prove only that they occur somewhere on the page.",RESOLVED,A+B+ADJUDICATOR,8783ef3e2dc6cf061218360ff1c3db121d172543d661901b2d74131021935dc1
b569ad185815b4efa0aa,SRC457,11,PAIR_51A7C426989CBEF7309339F5,CLASSIFICATION_CONFLICT,983,1217,source_section|subject_type|asset_class|currency_scale|metric_name|evidence_quote,MERGE,"subject_type classifies what subject_name names: a named vehicle ('... , L.P.', an SMA, an LLC) is fund; a total or subtotal line is the owner's aggregate, so portfolio; an index is benchmark. A whole schedule typed investment means the label was not read. evidence_quote takes the full printed line over the bare value: the line proves this number, the bare digits prove only that they occur somewhere on the page.",RESOLVED,A+B+ADJUDICATOR,8783ef3e2dc6cf061218360ff1c3db121d172543d661901b2d74131021935dc1
b0742417888c9fc6a016,SRC457,11,PAIR_C529B62857CFCB15EDE8AE1A,CLASSIFICATION_CONFLICT,984,1218,source_section|subject_type|asset_class|currency_scale|metric_name|evidence_quote,MERGE,"subject_type classifies what subject_name names: a named vehicle ('... , L.P.', an SMA, an LLC) is fund; a total or subtotal line is the owner's aggregate, so portfolio; an index is benchmark. A whole schedule typed investment means the label was not read. evidence_quote takes the full printed line over the bare value: the line proves this number, the bare digits prove only that they occur somewhere on the page.",RESOLVED,A+B+ADJUDICATOR,8783ef3e2dc6cf061218360ff1c3db121d172543d661901b2d74131021935dc1
3b094e79b37ecc14ce23,SRC457,11,PAIR_1185C78D2D75B5760050A454,CLASSIFICATION_CONFLICT,985,1219,source_section|subject_type|asset_class|currency_scale|metric_name|evidence_quote,MERGE,"subject_type classifies what subject_name names: a named vehicle ('... , L.P.', an SMA, an LLC) is fund; a total or subtotal line is the owner's aggregate, so portfolio; an index is benchmark. A whole schedule typed investment means the label was not read. evidence_quote takes the full printed line over the bare value: the line proves this number, the bare digits prove only that they occur somewhere on the page.",RESOLVED,A+B+ADJUDICATOR,8783ef3e2dc6cf061218360ff1c3db121d172543d661901b2d74131021935dc1
40d8bc80eb05278c5d15,SRC457,11,PAIR_9CC4E518336516E7D48F9A07,CLASSIFICATION_CONFLICT,986,1220,source_section|subject_type|asset_class|currency_scale|metric_name|evidence_quote,MERGE,"subject_type classifies what subject_name names: a named vehicle ('... , L.P.', an SMA, an LLC) is fund; a total or subtotal line is the owner's aggregate, so portfolio; an index is benchmark. A whole schedule typed investment means the label was not read. evidence_quote takes the full printed line over the bare value: the line proves this number, the bare digits prove only that they occur somewhere on the page.",RESOLVED,A+B+ADJUDICATOR,8783ef3e2dc6cf061218360ff1c3db121d172543d661901b2d74131021935dc1
c2d161f4114617d089a8,SRC457,11,PAIR_74C1942D84EA939218A3DA6D,CLASSIFICATION_CONFLICT,987,1221,source_section|subject_type|asset_class|currency_scale|metric_name|evidence_quote,MERGE,"subject_type classifies what subject_name names: a named vehicle ('... , L.P.', an SMA, an LLC) is fund; a total or subtotal line is the owner's aggregate, so portfolio; an index is benchmark. A whole schedule typed investment means the label was not read. evidence_quote takes the full printed line over the bare value: the line proves this number, the bare digits prove only that they occur somewhere on the page.",RESOLVED,A+B+ADJUDICATOR,8783ef3e2dc6cf061218360ff1c3db121d172543d661901b2d74131021935dc1
887465618266784c2b8d,SRC457,11,PAIR_C316DC0730A397A6AAD7AF0B,CLASSIFICATION_CONFLICT,988,1222,source_section|subject_type|asset_class|currency_scale|metric_name|evidence_quote,MERGE,"subject_type classifies what subject_name names: a named vehicle ('... , L.P.', an SMA, an LLC) is fund; a total or subtotal line is the owner's aggregate, so portfolio; an index is benchmark. A whole schedule typed investment means the label was not read. evidence_quote takes the full printed line over the bare value: the line proves this number, the bare digits prove only that they occur somewhere on the page.",RESOLVED,A+B+ADJUDICATOR,8783ef3e2dc6cf061218360ff1c3db121d172543d661901b2d74131021935dc1
ce60c578e4b5b9145975,SRC457,11,PAIR_20064313FF3E483BE1B57FFD,CLASSIFICATION_CONFLICT,989,1223,source_section|subject_type|asset_class|currency_scale|metric_name|evidence_quote,MERGE,"subject_type classifies what subject_name names: a named vehicle ('... , L.P.', an SMA, an LLC) is fund; a total or subtotal line is the owner's aggregate, so portfolio; an index is benchmark. A whole schedule typed investment means the label was not read. evidence_quote takes the full printed line over the bare value: the line proves this number, the bare digits prove only that they occur somewhere on the page.",RESOLVED,A+B+ADJUDICATOR,8783ef3e2dc6cf061218360ff1c3db121d172543d661901b2d74131021935dc1
a2c6bc5f1fcaa53115dd,SRC457,11,PAIR_ED5BAA9129691758D75AF9CC,CLASSIFICATION_CONFLICT,990,1224,source_section|subject_type|asset_class|currency_scale|metric_name|evidence_quote,MERGE,"subject_type classifies what subject_name names: a named vehicle ('... , L.P.', an SMA, an LLC) is fund; a total or subtotal line is the owner's aggregate, so portfolio; an index is benchmark. A whole schedule typed investment means the label was not read. evidence_quote takes the full printed line over the bare value: the line proves this number, the bare digits prove only that they occur somewhere on the page.",RESOLVED,A+B+ADJUDICATOR,8783ef3e2dc6cf061218360ff1c3db121d172543d661901b2d74131021935dc1
0b79e7c13419e16dd420,SRC457,11,PAIR_4B8315583CA93311B60B97C9,CLASSIFICATION_CONFLICT,991,1225,source_section|subject_type|asset_class|currency_scale|metric_name|evidence_quote,MERGE,"subject_type classifies what subject_name names: a named vehicle ('... , L.P.', an SMA, an LLC) is fund; a total or subtotal line is the owner's aggregate, so portfolio; an index is benchmark. A whole schedule typed investment means the label was not read. evidence_quote takes the full printed line over the bare value: the line proves this number, the bare digits prove only that they occur somewhere on the page.",RESOLVED,A+B+ADJUDICATOR,8783ef3e2dc6cf061218360ff1c3db121d172543d661901b2d74131021935dc1
e2a733a6026fe7fef5a1,SRC457,11,PAIR_C74E9EB2A165D37EC976F27D,CLASSIFICATION_CONFLICT,992,1226,source_section|subject_type|asset_class|currency_scale|metric_name|evidence_quote,MERGE,"subject_type classifies what subject_name names: a named vehicle ('... , L.P.', an SMA, an LLC) is fund; a total or subtotal line is the owner's aggregate, so portfolio; an index is benchmark. A whole schedule typed investment means the label was not read. evidence_quote takes the full printed line over the bare value: the line proves this number, the bare digits prove only that they occur somewhere on the page.",RESOLVED,A+B+ADJUDICATOR,8783ef3e2dc6cf061218360ff1c3db121d172543d661901b2d74131021935dc1
cd7cab86e882e4a43063,SRC457,11,PAIR_9AD9790CF36AF71D445C701E,CLASSIFICATION_CONFLICT,993,1227,source_section|subject_type|asset_class|currency_scale|metric_name|evidence_quote,MERGE,"subject_type classifies what subject_name names: a named vehicle ('... , L.P.', an SMA, an LLC) is fund; a total or subtotal line is the owner's aggregate, so portfolio; an index is benchmark. A whole schedule typed investment means the label was not read. evidence_quote takes the full printed line over the bare value: the line proves this number, the bare digits prove only that they occur somewhere on the page.",RESOLVED,A+B+ADJUDICATOR,8783ef3e2dc6cf061218360ff1c3db121d172543d661901b2d74131021935dc1
6f66add7a64a20e768d5,SRC457,11,PAIR_5B49D4387DDD5B45874D219D,CLASSIFICATION_CONFLICT,994,1228,source_section|subject_type|asset_class|currency_scale|metric_name|evidence_quote,MERGE,"subject_type classifies what subject_name names: a named vehicle ('... , L.P.', an SMA, an LLC) is fund; a total or subtotal line is the owner's aggregate, so portfolio; an index is benchmark. A whole schedule typed investment means the label was not read. evidence_quote takes the full printed line over the bare value: the line proves this number, the bare digits prove only that they occur somewhere on the page.",RESOLVED,A+B+ADJUDICATOR,8783ef3e2dc6cf061218360ff1c3db121d172543d661901b2d74131021935dc1
fa3b4434a0e122e17820,SRC457,11,PAIR_B4C8EE0101F8F81D8ED05EDC,CLASSIFICATION_CONFLICT,995,1229,source_section|subject_type|asset_class|currency_scale|metric_name|evidence_quote,MERGE,"subject_type classifies what subject_name names: a named vehicle ('... , L.P.', an SMA, an LLC) is fund; a total or subtotal line is the owner's aggregate, so portfolio; an index is benchmark. A whole schedule typed investment means the label was not read. evidence_quote takes the full printed line over the bare value: the line proves this number, the bare digits prove only that they occur somewhere on the page.",RESOLVED,A+B+ADJUDICATOR,8783ef3e2dc6cf061218360ff1c3db121d172543d661901b2d74131021935dc1
e5501b700f13f02af511,SRC457,11,PAIR_1D3E77EF6CD3A83760112D27,CLASSIFICATION_CONFLICT,996,1230,source_section|subject_type|asset_class|currency_scale|metric_name|evidence_quote,MERGE,"subject_type classifies what subject_name names: a named vehicle ('... , L.P.', an SMA, an LLC) is fund; a total or subtotal line is the owner's aggregate, so portfolio; an index is benchmark. A whole schedule typed investment means the label was not read. evidence_quote takes the full printed line over the bare value: the line proves this number, the bare digits prove only that they occur somewhere on the page.",RESOLVED,A+B+ADJUDICATOR,8783ef3e2dc6cf061218360ff1c3db121d172543d661901b2d74131021935dc1
4c0a12499857f69aa407,SRC457,11,PAIR_D42ACDEA128787AB7358338E,CLASSIFICATION_CONFLICT,997,1231,source_section|subject_type|asset_class|currency_scale|metric_name|evidence_quote,MERGE,"subject_type classifies what subject_name names: a named vehicle ('... , L.P.', an SMA, an LLC) is fund; a total or subtotal line is the owner's aggregate, so portfolio; an index is benchmark. A whole schedule typed investment means the label was not read. evidence_quote takes the full printed line over the bare value: the line proves this number, the bare digits prove only that they occur somewhere on the page.",RESOLVED,A+B+ADJUDICATOR,8783ef3e2dc6cf061218360ff1c3db121d172543d661901b2d74131021935dc1
4b4277c1699f4cccece2,SRC457,11,PAIR_8D32CDB9F7E56CDE27EED433,CLASSIFICATION_CONFLICT,998,1232,source_section|subject_type|asset_class|currency_scale|metric_name|evidence_quote,MERGE,"subject_type classifies what subject_name names: a named vehicle ('... , L.P.', an SMA, an LLC) is fund; a total or subtotal line is the owner's aggregate, so portfolio; an index is benchmark. A whole schedule typed investment means the label was not read. evidence_quote takes the full printed line over the bare value: the line proves this number, the bare digits prove only that they occur somewhere on the page.",RESOLVED,A+B+ADJUDICATOR,8783ef3e2dc6cf061218360ff1c3db121d172543d661901b2d74131021935dc1
9bf73d92c419e56672aa,SRC457,11,PAIR_612D0E1140D487EE61FA4BD1,CLASSIFICATION_CONFLICT,999,1233,source_section|subject_type|asset_class|currency_scale|metric_name|evidence_quote,MERGE,"subject_type classifies what subject_name names: a named vehicle ('... , L.P.', an SMA, an LLC) is fund; a total or subtotal line is the owner's aggregate, so portfolio; an index is benchmark. A whole schedule typed investment means the label was not read. evidence_quote takes the full printed line over the bare value: the line proves this number, the bare digits prove only that they occur somewhere on the page.",RESOLVED,A+B+ADJUDICATOR,8783ef3e2dc6cf061218360ff1c3db121d172543d661901b2d74131021935dc1
d428bcf03e71a3b924e0,SRC457,11,PAIR_1A86C4A1D56E76C3CC364034,CLASSIFICATION_CONFLICT,1000,1234,source_section|subject_type|asset_class|currency_scale|metric_name|evidence_quote,MERGE,"subject_type classifies what subject_name names: a named vehicle ('... , L.P.', an SMA, an LLC) is fund; a total or subtotal line is the owner's aggregate, so portfolio; an index is benchmark. A whole schedule typed investment means the label was not read. evidence_quote takes the full printed line over the bare value: the line proves this number, the bare digits prove only that they occur somewhere on the page.",RESOLVED,A+B+ADJUDICATOR,8783ef3e2dc6cf061218360ff1c3db121d172543d661901b2d74131021935dc1
2272e5cfd04f592678a4,SRC457,11,PAIR_38502A193A50C8C4688930EB,CLASSIFICATION_CONFLICT,1001,1235,source_section|subject_type|asset_class|currency_scale|metric_name|evidence_quote,MERGE,"subject_type classifies what subject_name names: a named vehicle ('... , L.P.', an SMA, an LLC) is fund; a total or subtotal line is the owner's aggregate, so portfolio; an index is benchmark. A whole schedule typed investment means the label was not read. evidence_quote takes the full printed line over the bare value: the line proves this number, the bare digits prove only that they occur somewhere on the page.",RESOLVED,A+B+ADJUDICATOR,8783ef3e2dc6cf061218360ff1c3db121d172543d661901b2d74131021935dc1
f7fcceba2419105c93ae,SRC457,11,PAIR_342FECB11B7E59C832D190BC,CLASSIFICATION_CONFLICT,1002,1236,source_section|subject_type|asset_class|currency_scale|metric_name|evidence_quote,MERGE,"subject_type classifies what subject_name names: a named vehicle ('... , L.P.', an SMA, an LLC) is fund; a total or subtotal line is the owner's aggregate, so portfolio; an index is benchmark. A whole schedule typed investment means the label was not read. evidence_quote takes the full printed line over the bare value: the line proves this number, the bare digits prove only that they occur somewhere on the page.",RESOLVED,A+B+ADJUDICATOR,8783ef3e2dc6cf061218360ff1c3db121d172543d661901b2d74131021935dc1
b6150b00041ec3b08dfb,SRC457,11,PAIR_0221737E4426419DB6F97489,CLASSIFICATION_CONFLICT,1003,1237,source_section|subject_type|asset_class|currency_scale|metric_name|evidence_quote,MERGE,"subject_type classifies what subject_name names: a named vehicle ('... , L.P.', an SMA, an LLC) is fund; a total or subtotal line is the owner's aggregate, so portfolio; an index is benchmark. A whole schedule typed investment means the label was not read. evidence_quote takes the full printed line over the bare value: the line proves this number, the bare digits prove only that they occur somewhere on the page.",RESOLVED,A+B+ADJUDICATOR,8783ef3e2dc6cf061218360ff1c3db121d172543d661901b2d74131021935dc1
b4628179faf5c1f13b5f,SRC457,11,PAIR_FBE29B703C9AC2C25E4FBDE7,CLASSIFICATION_CONFLICT,1004,1238,source_section|subject_type|asset_class|currency_scale|metric_name|evidence_quote,MERGE,"subject_type classifies what subject_name names: a named vehicle ('... , L.P.', an SMA, an LLC) is fund; a total or subtotal line is the owner's aggregate, so portfolio; an index is benchmark. A whole schedule typed investment means the label was not read. evidence_quote takes the full printed line over the bare value: the line proves this number, the bare digits prove only that they occur somewhere on the page.",RESOLVED,A+B+ADJUDICATOR,8783ef3e2dc6cf061218360ff1c3db121d172543d661901b2d74131021935dc1
5501d99bdc1686c84ebc,SRC457,11,PAIR_21D1880C7EE8DC11EA789E79,CLASSIFICATION_CONFLICT,1005,1239,source_section|subject_type|asset_class|currency_scale|metric_name|evidence_quote,MERGE,"subject_type classifies what subject_name names: a named vehicle ('... , L.P.', an SMA, an LLC) is fund; a total or subtotal line is the owner's aggregate, so portfolio; an index is benchmark. A whole schedule typed investment means the label was not read. evidence_quote takes the full printed line over the bare value: the line proves this number, the bare digits prove only that they occur somewhere on the page.",RESOLVED,A+B+ADJUDICATOR,8783ef3e2dc6cf061218360ff1c3db121d172543d661901b2d74131021935dc1
822db6a40c2866fa5e0e,SRC457,11,PAIR_1DB410AF197B9F6B9B6CA2B9,CLASSIFICATION_CONFLICT,1006,1240,source_section|subject_type|asset_class|currency_scale|metric_name|evidence_quote,MERGE,"subject_type classifies what subject_name names: a named vehicle ('... , L.P.', an SMA, an LLC) is fund; a total or subtotal line is the owner's aggregate, so portfolio; an index is benchmark. A whole schedule typed investment means the label was not read. evidence_quote takes the full printed line over the bare value: the line proves this number, the bare digits prove only that they occur somewhere on the page.",RESOLVED,A+B+ADJUDICATOR,8783ef3e2dc6cf061218360ff1c3db121d172543d661901b2d74131021935dc1
a74c758fd4bbd2f3fc98,SRC457,11,PAIR_21FFE2F787A30F1EC63CAE09,CLASSIFICATION_CONFLICT,1007,1241,source_section|subject_type|asset_class|currency_scale|metric_name|evidence_quote,MERGE,"subject_type classifies what subject_name names: a named vehicle ('... , L.P.', an SMA, an LLC) is fund; a total or subtotal line is the owner's aggregate, so portfolio; an index is benchmark. A whole schedule typed investment means the label was not read. evidence_quote takes the full printed line over the bare value: the line proves this number, the bare digits prove only that they occur somewhere on the page.",RESOLVED,A+B+ADJUDICATOR,8783ef3e2dc6cf061218360ff1c3db121d172543d661901b2d74131021935dc1
ea90dda711e5a95c30de,SRC457,11,PAIR_0BE8E8D9FC65D910603E9754,CLASSIFICATION_CONFLICT,1008,1242,source_section|subject_type|asset_class|currency_scale|metric_name|evidence_quote,MERGE,"subject_type classifies what subject_name names: a named vehicle ('... , L.P.', an SMA, an LLC) is fund; a total or subtotal line is the owner's aggregate, so portfolio; an index is benchmark. A whole schedule typed investment means the label was not read. evidence_quote takes the full printed line over the bare value: the line proves this number, the bare digits prove only that they occur somewhere on the page.",RESOLVED,A+B+ADJUDICATOR,8783ef3e2dc6cf061218360ff1c3db121d172543d661901b2d74131021935dc1
d4829cc2e64baaad15ca,SRC457,11,PAIR_98389D70F5013FAD0E426B94,CLASSIFICATION_CONFLICT,1009,1243,source_section|subject_type|asset_class|currency_scale|metric_name|evidence_quote,MERGE,"subject_type classifies what subject_name names: a named vehicle ('... , L.P.', an SMA, an LLC) is fund; a total or subtotal line is the owner's aggregate, so portfolio; an index is benchmark. A whole schedule typed investment means the label was not read. evidence_quote takes the full printed line over the bare value: the line proves this number, the bare digits prove only that they occur somewhere on the page.",RESOLVED,A+B+ADJUDICATOR,8783ef3e2dc6cf061218360ff1c3db121d172543d661901b2d74131021935dc1
d9cfc38b7d9d12a35f58,SRC457,11,PAIR_437C9B4DA3EC9E2D30320666,CLASSIFICATION_CONFLICT,1010,1244,source_section|subject_type|asset_class|currency_scale|metric_name|evidence_quote,MERGE,"subject_type classifies what subject_name names: a named vehicle ('... , L.P.', an SMA, an LLC) is fund; a total or subtotal line is the owner's aggregate, so portfolio; an index is benchmark. A whole schedule typed investment means the label was not read. evidence_quote takes the full printed line over the bare value: the line proves this number, the bare digits prove only that they occur somewhere on the page.",RESOLVED,A+B+ADJUDICATOR,8783ef3e2dc6cf061218360ff1c3db121d172543d661901b2d74131021935dc1
5d5aeeda46e08dc21e65,SRC457,11,PAIR_2D14C4A670B993502D09016D,CLASSIFICATION_CONFLICT,1011,1245,source_section|subject_type|asset_class|currency_scale|metric_name|evidence_quote,MERGE,"subject_type classifies what subject_name names: a named vehicle ('... , L.P.', an SMA, an LLC) is fund; a total or subtotal line is the owner's aggregate, so portfolio; an index is benchmark. A whole schedule typed investment means the label was not read. evidence_quote takes the full printed line over the bare value: the line proves this number, the bare digits prove only that they occur somewhere on the page.",RESOLVED,A+B+ADJUDICATOR,8783ef3e2dc6cf061218360ff1c3db121d172543d661901b2d74131021935dc1
9b60439464d79e35d59b,SRC457,11,PAIR_5315247EEF6FF0A181BF6676,A_ONLY,1012,,,MERGE,"source_section: the page prints its own heading (Management Fees); a heading INSIDE the table that governs the rows beneath it is those rows' asset_class, never source_section. asset_class: the page prints bare 'Natural Resources' and 'Real Estate' heading rows with no values, and such a heading governs every row beneath it until the next one; Edgewood Partners, L.P. sits in the Real Estate block. subject_type classifies what subject_name names: a named vehicle ('... , L.P.', an SMA, an LLC) is fund; a total or subtotal line is the owner's aggregate, so portfolio; an index is benchmark. A whole schedule typed investment means the label was not read. metric_name is the printed banner 'Management Fees' in full, not a singularised trim of it.",RESOLVED,A+ADJUDICATOR,8783ef3e2dc6cf061218360ff1c3db121d172543d661901b2d74131021935dc1
82b4e69e6017993027a0,SRC457,11,PAIR_FA2B16CDA8FEE9EA85069A97,A_ONLY,1013,,,MERGE,"source_section: the page prints its own heading (Management Fees); a heading INSIDE the table that governs the rows beneath it is those rows' asset_class, never source_section. asset_class: the page prints bare 'Natural Resources' and 'Real Estate' heading rows with no values, and such a heading governs every row beneath it until the next one; Edgewood Partners, L.P. sits in the Real Estate block. subject_type classifies what subject_name names: a named vehicle ('... , L.P.', an SMA, an LLC) is fund; a total or subtotal line is the owner's aggregate, so portfolio; an index is benchmark. A whole schedule typed investment means the label was not read. metric_name is the printed banner 'Management Fees' in full, not a singularised trim of it.",RESOLVED,A+ADJUDICATOR,8783ef3e2dc6cf061218360ff1c3db121d172543d661901b2d74131021935dc1
6e4059c5443872cdf2c2,SRC457,11,PAIR_9AE4851A7E62BBAE8C82F154,A_ONLY,1014,,,MERGE,"source_section: the page prints its own heading (Management Fees); a heading INSIDE the table that governs the rows beneath it is those rows' asset_class, never source_section. asset_class: the page prints bare 'Natural Resources' and 'Real Estate' heading rows with no values, and such a heading governs every row beneath it until the next one; Edgewood Partners, L.P. sits in the Real Estate block. subject_type classifies what subject_name names: a named vehicle ('... , L.P.', an SMA, an LLC) is fund; a total or subtotal line is the owner's aggregate, so portfolio; an index is benchmark. A whole schedule typed investment means the label was not read. metric_name is the printed banner 'Management Fees' in full, not a singularised trim of it.",RESOLVED,A+ADJUDICATOR,8783ef3e2dc6cf061218360ff1c3db121d172543d661901b2d74131021935dc1
956581daa64f9aa358bb,SRC457,11,PAIR_2C88613C2005474CD59FC4B5,CLASSIFICATION_CONFLICT,1015,1246,source_section|subject_type|asset_class|currency_scale|metric_name|evidence_quote,MERGE,"subject_type classifies what subject_name names: a named vehicle ('... , L.P.', an SMA, an LLC) is fund; a total or subtotal line is the owner's aggregate, so portfolio; an index is benchmark. A whole schedule typed investment means the label was not read. evidence_quote takes the full printed line over the bare value: the line proves this number, the bare digits prove only that they occur somewhere on the page.",RESOLVED,A+B+ADJUDICATOR,8783ef3e2dc6cf061218360ff1c3db121d172543d661901b2d74131021935dc1
0f921d1c7a36b28d271f,SRC457,11,PAIR_3398D6626AA57A1763B38C32,CLASSIFICATION_CONFLICT,1016,1247,source_section|subject_type|asset_class|currency_scale|metric_name|evidence_quote,MERGE,"subject_type classifies what subject_name names: a named vehicle ('... , L.P.', an SMA, an LLC) is fund; a total or subtotal line is the owner's aggregate, so portfolio; an index is benchmark. A whole schedule typed investment means the label was not read. evidence_quote takes the full printed line over the bare value: the line proves this number, the bare digits prove only that they occur somewhere on the page.",RESOLVED,A+B+ADJUDICATOR,8783ef3e2dc6cf061218360ff1c3db121d172543d661901b2d74131021935dc1
af632c95f74ea2ecffb6,SRC457,11,PAIR_6F4ED30C7FAE7FAD365A1333,CLASSIFICATION_CONFLICT,1017,1248,source_section|subject_type|asset_class|currency_scale|metric_name|evidence_quote,MERGE,"subject_type classifies what subject_name names: a named vehicle ('... , L.P.', an SMA, an LLC) is fund; a total or subtotal line is the owner's aggregate, so portfolio; an index is benchmark. A whole schedule typed investment means the label was not read. evidence_quote takes the full printed line over the bare value: the line proves this number, the bare digits prove only that they occur somewhere on the page.",RESOLVED,A+B+ADJUDICATOR,8783ef3e2dc6cf061218360ff1c3db121d172543d661901b2d74131021935dc1
c36d0499151e9c948d3c,SRC457,11,PAIR_F70A05EC4B2C1E6AF268BA23,CLASSIFICATION_CONFLICT,1018,1249,source_section|subject_type|asset_class|currency_scale|metric_name|evidence_quote,MERGE,"subject_type classifies what subject_name names: a named vehicle ('... , L.P.', an SMA, an LLC) is fund; a total or subtotal line is the owner's aggregate, so portfolio; an index is benchmark. A whole schedule typed investment means the label was not read. evidence_quote takes the full printed line over the bare value: the line proves this number, the bare digits prove only that they occur somewhere on the page.",RESOLVED,A+B+ADJUDICATOR,8783ef3e2dc6cf061218360ff1c3db121d172543d661901b2d74131021935dc1
a7c5e9357fc019b69322,SRC457,11,PAIR_3232FC7BDD80370E558ABD90,CLASSIFICATION_CONFLICT,1019,1250,source_section|subject_type|asset_class|currency_scale|metric_name|evidence_quote,MERGE,"subject_type classifies what subject_name names: a named vehicle ('... , L.P.', an SMA, an LLC) is fund; a total or subtotal line is the owner's aggregate, so portfolio; an index is benchmark. A whole schedule typed investment means the label was not read. evidence_quote takes the full printed line over the bare value: the line proves this number, the bare digits prove only that they occur somewhere on the page.",RESOLVED,A+B+ADJUDICATOR,8783ef3e2dc6cf061218360ff1c3db121d172543d661901b2d74131021935dc1
749e34446f891e969f4a,SRC457,11,PAIR_A5A0211D879A94284987A233,CLASSIFICATION_CONFLICT,1020,1251,source_section|subject_type|asset_class|currency_scale|metric_name|evidence_quote,MERGE,"subject_type classifies what subject_name names: a named vehicle ('... , L.P.', an SMA, an LLC) is fund; a total or subtotal line is the owner's aggregate, so portfolio; an index is benchmark. A whole schedule typed investment means the label was not read. evidence_quote takes the full printed line over the bare value: the line proves this number, the bare digits prove only that they occur somewhere on the page.",RESOLVED,A+B+ADJUDICATOR,8783ef3e2dc6cf061218360ff1c3db121d172543d661901b2d74131021935dc1
fc8355c790fc04e78832,SRC457,11,PAIR_8348CC178B47F8F3864C7C26,CLASSIFICATION_CONFLICT,1021,1252,source_section|subject_type|asset_class|currency_scale|metric_name|evidence_quote,MERGE,"subject_type classifies what subject_name names: a named vehicle ('... , L.P.', an SMA, an LLC) is fund; a total or subtotal line is the owner's aggregate, so portfolio; an index is benchmark. A whole schedule typed investment means the label was not read. evidence_quote takes the full printed line over the bare value: the line proves this number, the bare digits prove only that they occur somewhere on the page.",RESOLVED,A+B+ADJUDICATOR,8783ef3e2dc6cf061218360ff1c3db121d172543d661901b2d74131021935dc1
696072d70f907bac8968,SRC457,11,PAIR_9F553E15A2CB08FC22D796E9,CLASSIFICATION_CONFLICT,1022,1253,source_section|subject_type|asset_class|currency_scale|metric_name|evidence_quote,MERGE,"subject_type classifies what subject_name names: a named vehicle ('... , L.P.', an SMA, an LLC) is fund; a total or subtotal line is the owner's aggregate, so portfolio; an index is benchmark. A whole schedule typed investment means the label was not read. evidence_quote takes the full printed line over the bare value: the line proves this number, the bare digits prove only that they occur somewhere on the page.",RESOLVED,A+B+ADJUDICATOR,8783ef3e2dc6cf061218360ff1c3db121d172543d661901b2d74131021935dc1
0ea0e905d746301531fa,SRC457,11,PAIR_95E82D2803EBDE1BAC96909F,CLASSIFICATION_CONFLICT,1023,1254,source_section|subject_type|asset_class|currency_scale|metric_name|evidence_quote,MERGE,"subject_type classifies what subject_name names: a named vehicle ('... , L.P.', an SMA, an LLC) is fund; a total or subtotal line is the owner's aggregate, so portfolio; an index is benchmark. A whole schedule typed investment means the label was not read. evidence_quote takes the full printed line over the bare value: the line proves this number, the bare digits prove only that they occur somewhere on the page.",RESOLVED,A+B+ADJUDICATOR,8783ef3e2dc6cf061218360ff1c3db121d172543d661901b2d74131021935dc1
c2d3ee310e44284d7432,SRC457,11,PAIR_D80382C8E363A0E2D22B25D5,CLASSIFICATION_CONFLICT,1024,1255,source_section|subject_type|asset_class|currency_scale|metric_name|evidence_quote,MERGE,"subject_type classifies what subject_name names: a named vehicle ('... , L.P.', an SMA, an LLC) is fund; a total or subtotal line is the owner's aggregate, so portfolio; an index is benchmark. A whole schedule typed investment means the label was not read. evidence_quote takes the full printed line over the bare value: the line proves this number, the bare digits prove only that they occur somewhere on the page.",RESOLVED,A+B+ADJUDICATOR,8783ef3e2dc6cf061218360ff1c3db121d172543d661901b2d74131021935dc1
0892e7a0e02091d3f037,SRC457,11,PAIR_E2AA0013253E8F569ADD3A5B,CLASSIFICATION_CONFLICT,1025,1256,source_section|subject_type|asset_class|currency_scale|metric_name|evidence_quote,MERGE,"subject_type classifies what subject_name names: a named vehicle ('... , L.P.', an SMA, an LLC) is fund; a total or subtotal line is the owner's aggregate, so portfolio; an index is benchmark. A whole schedule typed investment means the label was not read. evidence_quote takes the full printed line over the bare value: the line proves this number, the bare digits prove only that they occur somewhere on the page.",RESOLVED,A+B+ADJUDICATOR,8783ef3e2dc6cf061218360ff1c3db121d172543d661901b2d74131021935dc1
62c19d02d84d56305429,SRC457,11,PAIR_2F51AE3CB7629CA3085E4B71,CLASSIFICATION_CONFLICT,1026,1257,source_section|subject_type|asset_class|currency_scale|metric_name|evidence_quote,MERGE,"subject_type classifies what subject_name names: a named vehicle ('... , L.P.', an SMA, an LLC) is fund; a total or subtotal line is the owner's aggregate, so portfolio; an index is benchmark. A whole schedule typed investment means the label was not read. evidence_quote takes the full printed line over the bare value: the line proves this number, the bare digits prove only that they occur somewhere on the page.",RESOLVED,A+B+ADJUDICATOR,8783ef3e2dc6cf061218360ff1c3db121d172543d661901b2d74131021935dc1
5437e4d3ab693b5bf015,SRC457,11,PAIR_4CAA79471D797115AFA1933B,CLASSIFICATION_CONFLICT,1027,1258,source_section|subject_type|asset_class|currency_scale|metric_name|evidence_quote,MERGE,"subject_type classifies what subject_name names: a named vehicle ('... , L.P.', an SMA, an LLC) is fund; a total or subtotal line is the owner's aggregate, so portfolio; an index is benchmark. A whole schedule typed investment means the label was not read. evidence_quote takes the full printed line over the bare value: the line proves this number, the bare digits prove only that they occur somewhere on the page.",RESOLVED,A+B+ADJUDICATOR,8783ef3e2dc6cf061218360ff1c3db121d172543d661901b2d74131021935dc1
9d5a4361e8ec3c94c819,SRC457,11,PAIR_E0FC67CD730F14F12F61FB52,CLASSIFICATION_CONFLICT,1028,1259,source_section|subject_type|asset_class|currency_scale|metric_name|evidence_quote,MERGE,"subject_type classifies what subject_name names: a named vehicle ('... , L.P.', an SMA, an LLC) is fund; a total or subtotal line is the owner's aggregate, so portfolio; an index is benchmark. A whole schedule typed investment means the label was not read. evidence_quote takes the full printed line over the bare value: the line proves this number, the bare digits prove only that they occur somewhere on the page.",RESOLVED,A+B+ADJUDICATOR,8783ef3e2dc6cf061218360ff1c3db121d172543d661901b2d74131021935dc1
71210eea26aeb259c9a8,SRC457,11,PAIR_EB512A38958670AEC1B1F103,CLASSIFICATION_CONFLICT,1029,1260,source_section|subject_type|asset_class|currency_scale|metric_name|evidence_quote,MERGE,"subject_type classifies what subject_name names: a named vehicle ('... , L.P.', an SMA, an LLC) is fund; a total or subtotal line is the owner's aggregate, so portfolio; an index is benchmark. A whole schedule typed investment means the label was not read. evidence_quote takes the full printed line over the bare value: the line proves this number, the bare digits prove only that they occur somewhere on the page.",RESOLVED,A+B+ADJUDICATOR,8783ef3e2dc6cf061218360ff1c3db121d172543d661901b2d74131021935dc1
c2e3b981b491d638f414,SRC457,11,PAIR_D6452411D7F45200F1088063,CLASSIFICATION_CONFLICT,1030,1261,source_section|subject_type|asset_class|currency_scale|metric_name|evidence_quote,MERGE,"subject_type classifies what subject_name names: a named vehicle ('... , L.P.', an SMA, an LLC) is fund; a total or subtotal line is the owner's aggregate, so portfolio; an index is benchmark. A whole schedule typed investment means the label was not read. evidence_quote takes the full printed line over the bare value: the line proves this number, the bare digits prove only that they occur somewhere on the page.",RESOLVED,A+B+ADJUDICATOR,8783ef3e2dc6cf061218360ff1c3db121d172543d661901b2d74131021935dc1
90058403419deadcb230,SRC457,11,PAIR_6BFD8CBC209143DDEA92D493,CLASSIFICATION_CONFLICT,1031,1262,source_section|subject_type|asset_class|currency_scale|metric_name|evidence_quote,MERGE,"subject_type classifies what subject_name names: a named vehicle ('... , L.P.', an SMA, an LLC) is fund; a total or subtotal line is the owner's aggregate, so portfolio; an index is benchmark. A whole schedule typed investment means the label was not read. evidence_quote takes the full printed line over the bare value: the line proves this number, the bare digits prove only that they occur somewhere on the page.",RESOLVED,A+B+ADJUDICATOR,8783ef3e2dc6cf061218360ff1c3db121d172543d661901b2d74131021935dc1
08626e846803ab3ee62f,SRC457,11,PAIR_83A1B93BFC8145194E5EC60B,CLASSIFICATION_CONFLICT,1032,1263,source_section|subject_type|asset_class|currency_scale|metric_name|evidence_quote,MERGE,"subject_type classifies what subject_name names: a named vehicle ('... , L.P.', an SMA, an LLC) is fund; a total or subtotal line is the owner's aggregate, so portfolio; an index is benchmark. A whole schedule typed investment means the label was not read. evidence_quote takes the full printed line over the bare value: the line proves this number, the bare digits prove only that they occur somewhere on the page.",RESOLVED,A+B+ADJUDICATOR,8783ef3e2dc6cf061218360ff1c3db121d172543d661901b2d74131021935dc1
60dc919f3aef049e0e91,SRC457,11,PAIR_F64E71DA1524ADFE709645F6,CLASSIFICATION_CONFLICT,1033,1264,source_section|subject_type|asset_class|currency_scale|metric_name|evidence_quote,MERGE,"subject_type classifies what subject_name names: a named vehicle ('... , L.P.', an SMA, an LLC) is fund; a total or subtotal line is the owner's aggregate, so portfolio; an index is benchmark. A whole schedule typed investment means the label was not read. evidence_quote takes the full printed line over the bare value: the line proves this number, the bare digits prove only that they occur somewhere on the page.",RESOLVED,A+B+ADJUDICATOR,8783ef3e2dc6cf061218360ff1c3db121d172543d661901b2d74131021935dc1
b7819242d4b1989c0d23,SRC457,11,PAIR_3A08EDC27AFD975FAD7C3FC5,CLASSIFICATION_CONFLICT,1034,1265,source_section|subject_type|asset_class|currency_scale|metric_name|evidence_quote,MERGE,"subject_type classifies what subject_name names: a named vehicle ('... , L.P.', an SMA, an LLC) is fund; a total or subtotal line is the owner's aggregate, so portfolio; an index is benchmark. A whole schedule typed investment means the label was not read. evidence_quote takes the full printed line over the bare value: the line proves this number, the bare digits prove only that they occur somewhere on the page. Definition backfill: both lanes read the same qualifiers off this cell. Definition backfill: both lanes read the same qualifiers off this cell.",RESOLVED,A+B+ADJUDICATOR,8783ef3e2dc6cf061218360ff1c3db121d172543d661901b2d74131021935dc1
7ce21c62047ecac97096,SRC457,11,PAIR_D7A695F2090A77276BD84A4B,CLASSIFICATION_CONFLICT,1035,1266,source_section|subject_type|asset_class|currency_scale|metric_name|evidence_quote,MERGE,"subject_type classifies what subject_name names: a named vehicle ('... , L.P.', an SMA, an LLC) is fund; a total or subtotal line is the owner's aggregate, so portfolio; an index is benchmark. A whole schedule typed investment means the label was not read. evidence_quote takes the full printed line over the bare value: the line proves this number, the bare digits prove only that they occur somewhere on the page. Definition backfill: both lanes read the same qualifiers off this cell. Definition backfill: both lanes read the same qualifiers off this cell.",RESOLVED,A+B+ADJUDICATOR,8783ef3e2dc6cf061218360ff1c3db121d172543d661901b2d74131021935dc1
d807be46148bc65684f0,SRC457,11,PAIR_3D279D5C3CF96D5082AA781D,CLASSIFICATION_CONFLICT,1036,1267,source_section|subject_type|asset_class|currency_scale|metric_name|evidence_quote,MERGE,"subject_type classifies what subject_name names: a named vehicle ('... , L.P.', an SMA, an LLC) is fund; a total or subtotal line is the owner's aggregate, so portfolio; an index is benchmark. A whole schedule typed investment means the label was not read. evidence_quote takes the full printed line over the bare value: the line proves this number, the bare digits prove only that they occur somewhere on the page.",RESOLVED,A+B+ADJUDICATOR,8783ef3e2dc6cf061218360ff1c3db121d172543d661901b2d74131021935dc1
06aa6770234fa6d25374,SRC457,11,PAIR_FF9DABE5E2936A1FABDCB06D,CLASSIFICATION_CONFLICT,1037,1268,source_section|subject_type|asset_class|currency_scale|metric_name|evidence_quote,MERGE,"subject_type classifies what subject_name names: a named vehicle ('... , L.P.', an SMA, an LLC) is fund; a total or subtotal line is the owner's aggregate, so portfolio; an index is benchmark. A whole schedule typed investment means the label was not read. evidence_quote takes the full printed line over the bare value: the line proves this number, the bare digits prove only that they occur somewhere on the page.",RESOLVED,A+B+ADJUDICATOR,8783ef3e2dc6cf061218360ff1c3db121d172543d661901b2d74131021935dc1
2f4a247b248fe88586c1,SRC457,11,PAIR_C3A0472569EBE14CFCA709F0,CLASSIFICATION_CONFLICT,1038,1269,source_section|subject_type|asset_class|currency_scale|metric_name|evidence_quote,MERGE,"subject_type classifies what subject_name names: a named vehicle ('... , L.P.', an SMA, an LLC) is fund; a total or subtotal line is the owner's aggregate, so portfolio; an index is benchmark. A whole schedule typed investment means the label was not read. evidence_quote takes the full printed line over the bare value: the line proves this number, the bare digits prove only that they occur somewhere on the page.",RESOLVED,A+B+ADJUDICATOR,8783ef3e2dc6cf061218360ff1c3db121d172543d661901b2d74131021935dc1
1f77ddf64c7c3fc43c2d,SRC457,11,PAIR_86CD7E7A632D5858DFA46D4F,CLASSIFICATION_CONFLICT,1039,1270,source_section|subject_type|asset_class|currency_scale|metric_name|evidence_quote,MERGE,"subject_type classifies what subject_name names: a named vehicle ('... , L.P.', an SMA, an LLC) is fund; a total or subtotal line is the owner's aggregate, so portfolio; an index is benchmark. A whole schedule typed investment means the label was not read. evidence_quote takes the full printed line over the bare value: the line proves this number, the bare digits prove only that they occur somewhere on the page.",RESOLVED,A+B+ADJUDICATOR,8783ef3e2dc6cf061218360ff1c3db121d172543d661901b2d74131021935dc1
295a4abc766f4a300ba4,SRC457,11,PAIR_FDC531C0C458113BCDC2AE6B,CLASSIFICATION_CONFLICT,1040,1271,source_section|subject_type|asset_class|currency_scale|metric_name|evidence_quote,MERGE,"subject_type classifies what subject_name names: a named vehicle ('... , L.P.', an SMA, an LLC) is fund; a total or subtotal line is the owner's aggregate, so portfolio; an index is benchmark. A whole schedule typed investment means the label was not read. evidence_quote takes the full printed line over the bare value: the line proves this number, the bare digits prove only that they occur somewhere on the page.",RESOLVED,A+B+ADJUDICATOR,8783ef3e2dc6cf061218360ff1c3db121d172543d661901b2d74131021935dc1
0dc958c22a1a16686c52,SRC457,11,PAIR_439B572BB2DBBAB57015507D,CLASSIFICATION_CONFLICT,1041,1272,source_section|subject_type|asset_class|currency_scale|metric_name|evidence_quote,MERGE,"subject_type classifies what subject_name names: a named vehicle ('... , L.P.', an SMA, an LLC) is fund; a total or subtotal line is the owner's aggregate, so portfolio; an index is benchmark. A whole schedule typed investment means the label was not read. evidence_quote takes the full printed line over the bare value: the line proves this number, the bare digits prove only that they occur somewhere on the page.",RESOLVED,A+B+ADJUDICATOR,8783ef3e2dc6cf061218360ff1c3db121d172543d661901b2d74131021935dc1
9eae855fcd4b0630597c,SRC457,11,PAIR_5AD007BDC30972B6A9F7C48D,CLASSIFICATION_CONFLICT,1042,1273,source_section|subject_type|asset_class|currency_scale|metric_name|evidence_quote,MERGE,"subject_type classifies what subject_name names: a named vehicle ('... , L.P.', an SMA, an LLC) is fund; a total or subtotal line is the owner's aggregate, so portfolio; an index is benchmark. A whole schedule typed investment means the label was not read. evidence_quote takes the full printed line over the bare value: the line proves this number, the bare digits prove only that they occur somewhere on the page.",RESOLVED,A+B+ADJUDICATOR,8783ef3e2dc6cf061218360ff1c3db121d172543d661901b2d74131021935dc1
3d5f8b569dba0c611b73,SRC457,11,PAIR_98AD9F75602B6ACF28CF0A59,CLASSIFICATION_CONFLICT,1043,1274,source_section|subject_type|asset_class|currency_scale|metric_name|evidence_quote,MERGE,"subject_type classifies what subject_name names: a named vehicle ('... , L.P.', an SMA, an LLC) is fund; a total or subtotal line is the owner's aggregate, so portfolio; an index is benchmark. A whole schedule typed investment means the label was not read. evidence_quote takes the full printed line over the bare value: the line proves this number, the bare digits prove only that they occur somewhere on the page.",RESOLVED,A+B+ADJUDICATOR,8783ef3e2dc6cf061218360ff1c3db121d172543d661901b2d74131021935dc1
cb638af219ce352ef785,SRC457,11,PAIR_925133CD1C7106ACEE20B009,CLASSIFICATION_CONFLICT,1044,1275,source_section|subject_type|asset_class|currency_scale|metric_name|evidence_quote,MERGE,"subject_type classifies what subject_name names: a named vehicle ('... , L.P.', an SMA, an LLC) is fund; a total or subtotal line is the owner's aggregate, so portfolio; an index is benchmark. A whole schedule typed investment means the label was not read. evidence_quote takes the full printed line over the bare value: the line proves this number, the bare digits prove only that they occur somewhere on the page.",RESOLVED,A+B+ADJUDICATOR,8783ef3e2dc6cf061218360ff1c3db121d172543d661901b2d74131021935dc1
047d127fa5868d356ddc,SRC457,11,PAIR_D82503B0FB11A3567B226D9D,CLASSIFICATION_CONFLICT,1045,1276,source_section|subject_type|asset_class|currency_scale|metric_name|evidence_quote,MERGE,"subject_type classifies what subject_name names: a named vehicle ('... , L.P.', an SMA, an LLC) is fund; a total or subtotal line is the owner's aggregate, so portfolio; an index is benchmark. A whole schedule typed investment means the label was not read. evidence_quote takes the full printed line over the bare value: the line proves this number, the bare digits prove only that they occur somewhere on the page.",RESOLVED,A+B+ADJUDICATOR,8783ef3e2dc6cf061218360ff1c3db121d172543d661901b2d74131021935dc1
75e1a245c01ca65afa84,SRC457,11,PAIR_F0D9B744704F8485E80C94A4,CLASSIFICATION_CONFLICT,1046,1277,source_section|subject_type|asset_class|currency_scale|metric_name|evidence_quote,MERGE,"subject_type classifies what subject_name names: a named vehicle ('... , L.P.', an SMA, an LLC) is fund; a total or subtotal line is the owner's aggregate, so portfolio; an index is benchmark. A whole schedule typed investment means the label was not read. evidence_quote takes the full printed line over the bare value: the line proves this number, the bare digits prove only that they occur somewhere on the page.",RESOLVED,A+B+ADJUDICATOR,8783ef3e2dc6cf061218360ff1c3db121d172543d661901b2d74131021935dc1
60694448117b0a681eaf,SRC457,11,PAIR_6480F5BD70A41BDBF698BB8B,CLASSIFICATION_CONFLICT,1047,1278,source_section|subject_type|asset_class|currency_scale|metric_name|evidence_quote,MERGE,"subject_type classifies what subject_name names: a named vehicle ('... , L.P.', an SMA, an LLC) is fund; a total or subtotal line is the owner's aggregate, so portfolio; an index is benchmark. A whole schedule typed investment means the label was not read. evidence_quote takes the full printed line over the bare value: the line proves this number, the bare digits prove only that they occur somewhere on the page.",RESOLVED,A+B+ADJUDICATOR,8783ef3e2dc6cf061218360ff1c3db121d172543d661901b2d74131021935dc1
a891de63b83e47351c5d,SRC457,11,PAIR_0017C8DA025FA5C0E94CE28C,CLASSIFICATION_CONFLICT,1048,1279,source_section|subject_type|asset_class|currency_scale|metric_name|evidence_quote,MERGE,"subject_type classifies what subject_name names: a named vehicle ('... , L.P.', an SMA, an LLC) is fund; a total or subtotal line is the owner's aggregate, so portfolio; an index is benchmark. A whole schedule typed investment means the label was not read. evidence_quote takes the full printed line over the bare value: the line proves this number, the bare digits prove only that they occur somewhere on the page.",RESOLVED,A+B+ADJUDICATOR,8783ef3e2dc6cf061218360ff1c3db121d172543d661901b2d74131021935dc1
d0c3fac250bbb219110a,SRC457,11,PAIR_19B0BE549F39B18A9AF9B66C,CLASSIFICATION_CONFLICT,1049,1280,source_section|subject_type|asset_class|currency_scale|metric_name|evidence_quote,MERGE,"subject_type classifies what subject_name names: a named vehicle ('... , L.P.', an SMA, an LLC) is fund; a total or subtotal line is the owner's aggregate, so portfolio; an index is benchmark. A whole schedule typed investment means the label was not read. evidence_quote takes the full printed line over the bare value: the line proves this number, the bare digits prove only that they occur somewhere on the page.",RESOLVED,A+B+ADJUDICATOR,8783ef3e2dc6cf061218360ff1c3db121d172543d661901b2d74131021935dc1
4fc20f091c53a07f631e,SRC457,11,PAIR_2528BA85C46541CD37D48008,CLASSIFICATION_CONFLICT,1050,1281,source_section|subject_type|asset_class|currency_scale|metric_name|evidence_quote,MERGE,"subject_type classifies what subject_name names: a named vehicle ('... , L.P.', an SMA, an LLC) is fund; a total or subtotal line is the owner's aggregate, so portfolio; an index is benchmark. A whole schedule typed investment means the label was not read. evidence_quote takes the full printed line over the bare value: the line proves this number, the bare digits prove only that they occur somewhere on the page.",RESOLVED,A+B+ADJUDICATOR,8783ef3e2dc6cf061218360ff1c3db121d172543d661901b2d74131021935dc1
8f3b71bbbe09a8c33d8b,SRC457,11,PAIR_7CB0D6FC30A0ADA10095E343,CLASSIFICATION_CONFLICT,1051,1282,source_section|subject_type|asset_class|currency_scale|metric_name|evidence_quote,MERGE,"subject_type classifies what subject_name names: a named vehicle ('... , L.P.', an SMA, an LLC) is fund; a total or subtotal line is the owner's aggregate, so portfolio; an index is benchmark. A whole schedule typed investment means the label was not read. evidence_quote takes the full printed line over the bare value: the line proves this number, the bare digits prove only that they occur somewhere on the page.",RESOLVED,A+B+ADJUDICATOR,8783ef3e2dc6cf061218360ff1c3db121d172543d661901b2d74131021935dc1
bdf0cc51307f52c60f47,SRC457,11,PAIR_5E76C5B8578CF20453687AB8,CLASSIFICATION_CONFLICT,1052,1283,source_section|subject_type|asset_class|currency_scale|metric_name|evidence_quote,MERGE,"subject_type classifies what subject_name names: a named vehicle ('... , L.P.', an SMA, an LLC) is fund; a total or subtotal line is the owner's aggregate, so portfolio; an index is benchmark. A whole schedule typed investment means the label was not read. evidence_quote takes the full printed line over the bare value: the line proves this number, the bare digits prove only that they occur somewhere on the page.",RESOLVED,A+B+ADJUDICATOR,8783ef3e2dc6cf061218360ff1c3db121d172543d661901b2d74131021935dc1
7bbb978f6218285e2839,SRC457,11,PAIR_53A155D8EF832E6A5301C05F,CLASSIFICATION_CONFLICT,1053,1284,source_section|subject_type|asset_class|currency_scale|metric_name|evidence_quote,MERGE,"subject_type classifies what subject_name names: a named vehicle ('... , L.P.', an SMA, an LLC) is fund; a total or subtotal line is the owner's aggregate, so portfolio; an index is benchmark. A whole schedule typed investment means the label was not read. evidence_quote takes the full printed line over the bare value: the line proves this number, the bare digits prove only that they occur somewhere on the page.",RESOLVED,A+B+ADJUDICATOR,8783ef3e2dc6cf061218360ff1c3db121d172543d661901b2d74131021935dc1
b00e1d31dfa3950bdd11,SRC457,11,PAIR_75C7C36521640E2EE51FC00B,CLASSIFICATION_CONFLICT,1054,1285,source_section|subject_type|asset_class|currency_scale|metric_name|evidence_quote,MERGE,"subject_type classifies what subject_name names: a named vehicle ('... , L.P.', an SMA, an LLC) is fund; a total or subtotal line is the owner's aggregate, so portfolio; an index is benchmark. A whole schedule typed investment means the label was not read. evidence_quote takes the full printed line over the bare value: the line proves this number, the bare digits prove only that they occur somewhere on the page.",RESOLVED,A+B+ADJUDICATOR,8783ef3e2dc6cf061218360ff1c3db121d172543d661901b2d74131021935dc1
85337a5cd8c8fffbb7c9,SRC457,11,PAIR_148B1BCE366913C4542E952A,CLASSIFICATION_CONFLICT,1055,1286,source_section|subject_type|asset_class|currency_scale|metric_name|evidence_quote,MERGE,"subject_type classifies what subject_name names: a named vehicle ('... , L.P.', an SMA, an LLC) is fund; a total or subtotal line is the owner's aggregate, so portfolio; an index is benchmark. A whole schedule typed investment means the label was not read. evidence_quote takes the full printed line over the bare value: the line proves this number, the bare digits prove only that they occur somewhere on the page.",RESOLVED,A+B+ADJUDICATOR,8783ef3e2dc6cf061218360ff1c3db121d172543d661901b2d74131021935dc1
44b7ef12c0d3dc1d5b29,SRC457,11,PAIR_6AF9DE6C6BFA2296AB31871F,CLASSIFICATION_CONFLICT,1056,1287,source_section|subject_type|asset_class|currency_scale|metric_name|evidence_quote,MERGE,"subject_type classifies what subject_name names: a named vehicle ('... , L.P.', an SMA, an LLC) is fund; a total or subtotal line is the owner's aggregate, so portfolio; an index is benchmark. A whole schedule typed investment means the label was not read. evidence_quote takes the full printed line over the bare value: the line proves this number, the bare digits prove only that they occur somewhere on the page.",RESOLVED,A+B+ADJUDICATOR,8783ef3e2dc6cf061218360ff1c3db121d172543d661901b2d74131021935dc1
14aa0ff46bd953eb4a49,SRC457,11,PAIR_4AA63BA37FDC280A48BE42CC,CLASSIFICATION_CONFLICT,1057,1288,source_section|subject_type|asset_class|currency_scale|metric_name|evidence_quote,MERGE,"subject_type classifies what subject_name names: a named vehicle ('... , L.P.', an SMA, an LLC) is fund; a total or subtotal line is the owner's aggregate, so portfolio; an index is benchmark. A whole schedule typed investment means the label was not read. evidence_quote takes the full printed line over the bare value: the line proves this number, the bare digits prove only that they occur somewhere on the page.",RESOLVED,A+B+ADJUDICATOR,8783ef3e2dc6cf061218360ff1c3db121d172543d661901b2d74131021935dc1
4566452c09364001e11c,SRC457,11,PAIR_9A57979AD80C0FED37D94333,CLASSIFICATION_CONFLICT,1058,1289,source_section|subject_type|asset_class|currency_scale|metric_name|evidence_quote,MERGE,"subject_type classifies what subject_name names: a named vehicle ('... , L.P.', an SMA, an LLC) is fund; a total or subtotal line is the owner's aggregate, so portfolio; an index is benchmark. A whole schedule typed investment means the label was not read. evidence_quote takes the full printed line over the bare value: the line proves this number, the bare digits prove only that they occur somewhere on the page.",RESOLVED,A+B+ADJUDICATOR,8783ef3e2dc6cf061218360ff1c3db121d172543d661901b2d74131021935dc1
d84ab601d0e863db55e2,SRC457,11,PAIR_34A191E0F09AE6E412AD1D0F,CLASSIFICATION_CONFLICT,1059,1290,source_section|subject_type|asset_class|currency_scale|metric_name|evidence_quote,MERGE,"subject_type classifies what subject_name names: a named vehicle ('... , L.P.', an SMA, an LLC) is fund; a total or subtotal line is the owner's aggregate, so portfolio; an index is benchmark. A whole schedule typed investment means the label was not read. evidence_quote takes the full printed line over the bare value: the line proves this number, the bare digits prove only that they occur somewhere on the page.",RESOLVED,A+B+ADJUDICATOR,8783ef3e2dc6cf061218360ff1c3db121d172543d661901b2d74131021935dc1
2ef90d2e7c0541e20f15,SRC457,11,PAIR_1EE42FD97843D0DD9251145E,CLASSIFICATION_CONFLICT,1060,1291,source_section|subject_type|asset_class|currency_scale|metric_name|evidence_quote,MERGE,"subject_type classifies what subject_name names: a named vehicle ('... , L.P.', an SMA, an LLC) is fund; a total or subtotal line is the owner's aggregate, so portfolio; an index is benchmark. A whole schedule typed investment means the label was not read. evidence_quote takes the full printed line over the bare value: the line proves this number, the bare digits prove only that they occur somewhere on the page.",RESOLVED,A+B+ADJUDICATOR,8783ef3e2dc6cf061218360ff1c3db121d172543d661901b2d74131021935dc1
c6f9463c587fdd3249f9,SRC457,11,PAIR_35AC5A05D7770B7DCA3302E1,CLASSIFICATION_CONFLICT,1061,1292,source_section|subject_type|asset_class|currency_scale|metric_name|evidence_quote,MERGE,"subject_type classifies what subject_name names: a named vehicle ('... , L.P.', an SMA, an LLC) is fund; a total or subtotal line is the owner's aggregate, so portfolio; an index is benchmark. A whole schedule typed investment means the label was not read. evidence_quote takes the full printed line over the bare value: the line proves this number, the bare digits prove only that they occur somewhere on the page.",RESOLVED,A+B+ADJUDICATOR,8783ef3e2dc6cf061218360ff1c3db121d172543d661901b2d74131021935dc1
36a1b3ef54f4c2d783ba,SRC457,11,PAIR_0E9E8C0F1C6D6FE7C82810E1,CLASSIFICATION_CONFLICT,1062,1293,source_section|subject_type|asset_class|currency_scale|metric_name|evidence_quote,MERGE,"subject_type classifies what subject_name names: a named vehicle ('... , L.P.', an SMA, an LLC) is fund; a total or subtotal line is the owner's aggregate, so portfolio; an index is benchmark. A whole schedule typed investment means the label was not read. evidence_quote takes the full printed line over the bare value: the line proves this number, the bare digits prove only that they occur somewhere on the page.",RESOLVED,A+B+ADJUDICATOR,8783ef3e2dc6cf061218360ff1c3db121d172543d661901b2d74131021935dc1
d4fd0b1538bd5d400c98,SRC457,11,PAIR_2E06A19FE1C2C7397D03D602,CLASSIFICATION_CONFLICT,1063,1294,source_section|subject_type|asset_class|currency_scale|metric_name|evidence_quote,MERGE,"subject_type classifies what subject_name names: a named vehicle ('... , L.P.', an SMA, an LLC) is fund; a total or subtotal line is the owner's aggregate, so portfolio; an index is benchmark. A whole schedule typed investment means the label was not read. evidence_quote takes the full printed line over the bare value: the line proves this number, the bare digits prove only that they occur somewhere on the page.",RESOLVED,A+B+ADJUDICATOR,8783ef3e2dc6cf061218360ff1c3db121d172543d661901b2d74131021935dc1
e3d9abcde67cfe4e3905,SRC457,11,PAIR_BF1FA413910CFEEE0A33DDB2,CLASSIFICATION_CONFLICT,1064,1295,source_section|subject_type|asset_class|currency_scale|metric_name|evidence_quote,MERGE,"subject_type classifies what subject_name names: a named vehicle ('... , L.P.', an SMA, an LLC) is fund; a total or subtotal line is the owner's aggregate, so portfolio; an index is benchmark. A whole schedule typed investment means the label was not read. evidence_quote takes the full printed line over the bare value: the line proves this number, the bare digits prove only that they occur somewhere on the page.",RESOLVED,A+B+ADJUDICATOR,8783ef3e2dc6cf061218360ff1c3db121d172543d661901b2d74131021935dc1
9dfe49963f9737856880,SRC457,11,PAIR_C190B46CAC23F89E09D94DDF,CLASSIFICATION_CONFLICT,1065,1296,source_section|subject_type|asset_class|currency_scale|metric_name|evidence_quote,MERGE,"subject_type classifies what subject_name names: a named vehicle ('... , L.P.', an SMA, an LLC) is fund; a total or subtotal line is the owner's aggregate, so portfolio; an index is benchmark. A whole schedule typed investment means the label was not read. evidence_quote takes the full printed line over the bare value: the line proves this number, the bare digits prove only that they occur somewhere on the page.",RESOLVED,A+B+ADJUDICATOR,8783ef3e2dc6cf061218360ff1c3db121d172543d661901b2d74131021935dc1
7d85e2253528375a4db3,SRC457,11,PAIR_434E55C7F13FD25C1FAA7F55,CLASSIFICATION_CONFLICT,1066,1297,source_section|subject_type|asset_class|currency_scale|metric_name|evidence_quote,MERGE,"subject_type classifies what subject_name names: a named vehicle ('... , L.P.', an SMA, an LLC) is fund; a total or subtotal line is the owner's aggregate, so portfolio; an index is benchmark. A whole schedule typed investment means the label was not read. evidence_quote takes the full printed line over the bare value: the line proves this number, the bare digits prove only that they occur somewhere on the page.",RESOLVED,A+B+ADJUDICATOR,8783ef3e2dc6cf061218360ff1c3db121d172543d661901b2d74131021935dc1
3980709814ac620e7a67,SRC457,11,PAIR_034AAAE6E69ADF558841948A,CLASSIFICATION_CONFLICT,1067,1298,source_section|subject_type|asset_class|currency_scale|metric_name|evidence_quote,MERGE,"subject_type classifies what subject_name names: a named vehicle ('... , L.P.', an SMA, an LLC) is fund; a total or subtotal line is the owner's aggregate, so portfolio; an index is benchmark. A whole schedule typed investment means the label was not read. evidence_quote takes the full printed line over the bare value: the line proves this number, the bare digits prove only that they occur somewhere on the page.",RESOLVED,A+B+ADJUDICATOR,8783ef3e2dc6cf061218360ff1c3db121d172543d661901b2d74131021935dc1
c40612798013839bb137,SRC457,11,PAIR_BE8EF6C4B96813E7F31AD83C,CLASSIFICATION_CONFLICT,1068,1299,source_section|subject_type|asset_class|currency_scale|metric_name|evidence_quote,MERGE,"subject_type classifies what subject_name names: a named vehicle ('... , L.P.', an SMA, an LLC) is fund; a total or subtotal line is the owner's aggregate, so portfolio; an index is benchmark. A whole schedule typed investment means the label was not read. evidence_quote takes the full printed line over the bare value: the line proves this number, the bare digits prove only that they occur somewhere on the page.",RESOLVED,A+B+ADJUDICATOR,8783ef3e2dc6cf061218360ff1c3db121d172543d661901b2d74131021935dc1
9f07fda6954211cf0856,SRC457,11,PAIR_EAF5D6DA5055B374AA15B3ED,CLASSIFICATION_CONFLICT,1069,1300,source_section|subject_type|asset_class|currency_scale|metric_name|evidence_quote,MERGE,"subject_type classifies what subject_name names: a named vehicle ('... , L.P.', an SMA, an LLC) is fund; a total or subtotal line is the owner's aggregate, so portfolio; an index is benchmark. A whole schedule typed investment means the label was not read. evidence_quote takes the full printed line over the bare value: the line proves this number, the bare digits prove only that they occur somewhere on the page.",RESOLVED,A+B+ADJUDICATOR,8783ef3e2dc6cf061218360ff1c3db121d172543d661901b2d74131021935dc1
c6f1be6550d0802f63cd,SRC457,11,PAIR_8624F7AFC0D66B4A86BDA696,CLASSIFICATION_CONFLICT,1070,1301,source_section|subject_type|asset_class|currency_scale|metric_name|evidence_quote,MERGE,"subject_type classifies what subject_name names: a named vehicle ('... , L.P.', an SMA, an LLC) is fund; a total or subtotal line is the owner's aggregate, so portfolio; an index is benchmark. A whole schedule typed investment means the label was not read. evidence_quote takes the full printed line over the bare value: the line proves this number, the bare digits prove only that they occur somewhere on the page.",RESOLVED,A+B+ADJUDICATOR,8783ef3e2dc6cf061218360ff1c3db121d172543d661901b2d74131021935dc1
859912b41493a1a68dac,SRC457,11,PAIR_A5DF706A354174623BA5717C,CLASSIFICATION_CONFLICT,1071,1302,source_section|subject_type|asset_class|currency_scale|metric_name|evidence_quote,MERGE,"subject_type classifies what subject_name names: a named vehicle ('... , L.P.', an SMA, an LLC) is fund; a total or subtotal line is the owner's aggregate, so portfolio; an index is benchmark. A whole schedule typed investment means the label was not read. evidence_quote takes the full printed line over the bare value: the line proves this number, the bare digits prove only that they occur somewhere on the page.",RESOLVED,A+B+ADJUDICATOR,8783ef3e2dc6cf061218360ff1c3db121d172543d661901b2d74131021935dc1
6cf6fcae7da219883e50,SRC457,11,PAIR_ACBF5233F933ACA8FC26272D,CLASSIFICATION_CONFLICT,1072,1303,source_section|subject_type|asset_class|currency_scale|metric_name|evidence_quote,MERGE,"subject_type classifies what subject_name names: a named vehicle ('... , L.P.', an SMA, an LLC) is fund; a total or subtotal line is the owner's aggregate, so portfolio; an index is benchmark. A whole schedule typed investment means the label was not read. evidence_quote takes the full printed line over the bare value: the line proves this number, the bare digits prove only that they occur somewhere on the page.",RESOLVED,A+B+ADJUDICATOR,8783ef3e2dc6cf061218360ff1c3db121d172543d661901b2d74131021935dc1
2f6fe06532bb09dd2b85,SRC457,11,PAIR_11A9BF2FDAE76D04465F6462,CLASSIFICATION_CONFLICT,1073,1304,source_section|subject_type|asset_class|currency_scale|metric_name|evidence_quote,MERGE,"subject_type classifies what subject_name names: a named vehicle ('... , L.P.', an SMA, an LLC) is fund; a total or subtotal line is the owner's aggregate, so portfolio; an index is benchmark. A whole schedule typed investment means the label was not read. evidence_quote takes the full printed line over the bare value: the line proves this number, the bare digits prove only that they occur somewhere on the page.",RESOLVED,A+B+ADJUDICATOR,8783ef3e2dc6cf061218360ff1c3db121d172543d661901b2d74131021935dc1
e98283125149a52825de,SRC457,11,PAIR_5564E84A414D1E7A8D069979,VALUE_CONFLICT,1074,1305,source_section|subject_type|asset_class|currency_scale|metric_name|metric_value_raw|evidence_quote,MERGE,"subject_type classifies what subject_name names: a named vehicle ('... , L.P.', an SMA, an LLC) is fund; a total or subtotal line is the owner's aggregate, so portfolio; an index is benchmark. A whole schedule typed investment means the label was not read. evidence_quote takes the full printed line over the bare value: the line proves this number, the bare digits prove only that they occur somewhere on the page.",RESOLVED,A+B+ADJUDICATOR,8783ef3e2dc6cf061218360ff1c3db121d172543d661901b2d74131021935dc1
ac0013e309e61f685c68,SRC457,11,PAIR_96CC5488F76493417C32064A,CLASSIFICATION_CONFLICT,1075,1306,source_section|subject_type|asset_class|currency_scale|metric_name|evidence_quote,MERGE,"subject_type classifies what subject_name names: a named vehicle ('... , L.P.', an SMA, an LLC) is fund; a total or subtotal line is the owner's aggregate, so portfolio; an index is benchmark. A whole schedule typed investment means the label was not read. evidence_quote takes the full printed line over the bare value: the line proves this number, the bare digits prove only that they occur somewhere on the page.",RESOLVED,A+B+ADJUDICATOR,8783ef3e2dc6cf061218360ff1c3db121d172543d661901b2d74131021935dc1
36a8b6fe29a25c10b58f,SRC457,11,PAIR_84537743D935969252B31BBD,CLASSIFICATION_CONFLICT,1076,1307,source_section|subject_type|asset_class|currency_scale|metric_name|evidence_quote,MERGE,"subject_type classifies what subject_name names: a named vehicle ('... , L.P.', an SMA, an LLC) is fund; a total or subtotal line is the owner's aggregate, so portfolio; an index is benchmark. A whole schedule typed investment means the label was not read. evidence_quote takes the full printed line over the bare value: the line proves this number, the bare digits prove only that they occur somewhere on the page.",RESOLVED,A+B+ADJUDICATOR,8783ef3e2dc6cf061218360ff1c3db121d172543d661901b2d74131021935dc1
46225c14db0fda91b261,SRC457,11,PAIR_49CC0FD92384E5EEEECFCA84,CLASSIFICATION_CONFLICT,1077,1308,source_section|subject_type|asset_class|currency_scale|metric_name|evidence_quote,MERGE,"subject_type classifies what subject_name names: a named vehicle ('... , L.P.', an SMA, an LLC) is fund; a total or subtotal line is the owner's aggregate, so portfolio; an index is benchmark. A whole schedule typed investment means the label was not read. evidence_quote takes the full printed line over the bare value: the line proves this number, the bare digits prove only that they occur somewhere on the page.",RESOLVED,A+B+ADJUDICATOR,8783ef3e2dc6cf061218360ff1c3db121d172543d661901b2d74131021935dc1
78aa8d5112fa04dfd07f,SRC457,11,PAIR_E87B7589FCB2A5776635ED2A,CLASSIFICATION_CONFLICT,1078,1309,source_section|subject_type|asset_class|currency_scale|metric_name|evidence_quote,MERGE,"subject_type classifies what subject_name names: a named vehicle ('... , L.P.', an SMA, an LLC) is fund; a total or subtotal line is the owner's aggregate, so portfolio; an index is benchmark. A whole schedule typed investment means the label was not read. evidence_quote takes the full printed line over the bare value: the line proves this number, the bare digits prove only that they occur somewhere on the page.",RESOLVED,A+B+ADJUDICATOR,8783ef3e2dc6cf061218360ff1c3db121d172543d661901b2d74131021935dc1
5e2b2078326f394f5428,SRC457,11,PAIR_8495F0ECA7D6A489A98A8CD7,CLASSIFICATION_CONFLICT,1079,1310,source_section|subject_type|currency_scale|metric_name|evidence_quote,MERGE,"asset_class: the page prints bare 'Natural Resources' and 'Real Estate' heading rows with no values, and such a heading governs every row beneath it until the next one; Edgewood Partners, L.P. sits in the Real Estate block. subject_type classifies what subject_name names: a named vehicle ('... , L.P.', an SMA, an LLC) is fund; a total or subtotal line is the owner's aggregate, so portfolio; an index is benchmark. A whole schedule typed investment means the label was not read. evidence_quote takes the full printed line over the bare value: the line proves this number, the bare digits prove only that they occur somewhere on the page.",RESOLVED,A+B+ADJUDICATOR,8783ef3e2dc6cf061218360ff1c3db121d172543d661901b2d74131021935dc1
7634fdd260db0660f2c1,SRC457,11,PAIR_DDE95170D5ECC7A652ED1E6A,CLASSIFICATION_CONFLICT,1080,1311,source_section|subject_type|currency_scale|metric_name|evidence_quote,MERGE,"asset_class: the page prints bare 'Natural Resources' and 'Real Estate' heading rows with no values, and such a heading governs every row beneath it until the next one; Edgewood Partners, L.P. sits in the Real Estate block. subject_type classifies what subject_name names: a named vehicle ('... , L.P.', an SMA, an LLC) is fund; a total or subtotal line is the owner's aggregate, so portfolio; an index is benchmark. A whole schedule typed investment means the label was not read. evidence_quote takes the full printed line over the bare value: the line proves this number, the bare digits prove only that they occur somewhere on the page.",RESOLVED,A+B+ADJUDICATOR,8783ef3e2dc6cf061218360ff1c3db121d172543d661901b2d74131021935dc1
8cc320762e7c29810e60,SRC457,11,PAIR_219F852D2478AC201447B1DF,CLASSIFICATION_CONFLICT,1081,1312,source_section|subject_type|currency_scale|metric_name|evidence_quote,MERGE,"asset_class: the page prints bare 'Natural Resources' and 'Real Estate' heading rows with no values, and such a heading governs every row beneath it until the next one; Edgewood Partners, L.P. sits in the Real Estate block. subject_type classifies what subject_name names: a named vehicle ('... , L.P.', an SMA, an LLC) is fund; a total or subtotal line is the owner's aggregate, so portfolio; an index is benchmark. A whole schedule typed investment means the label was not read. evidence_quote takes the full printed line over the bare value: the line proves this number, the bare digits prove only that they occur somewhere on the page.",RESOLVED,A+B+ADJUDICATOR,8783ef3e2dc6cf061218360ff1c3db121d172543d661901b2d74131021935dc1
4bbadb7ee833f32e0b83,SRC457,11,PAIR_9DAB8815291365DA37448416,CLASSIFICATION_CONFLICT,1082,1313,source_section|subject_type|asset_class|currency_scale|metric_name|evidence_quote,MERGE,"subject_type classifies what subject_name names: a named vehicle ('... , L.P.', an SMA, an LLC) is fund; a total or subtotal line is the owner's aggregate, so portfolio; an index is benchmark. A whole schedule typed investment means the label was not read. evidence_quote takes the full printed line over the bare value: the line proves this number, the bare digits prove only that they occur somewhere on the page.",RESOLVED,A+B+ADJUDICATOR,8783ef3e2dc6cf061218360ff1c3db121d172543d661901b2d74131021935dc1
bc5933eec8da3bd319ef,SRC457,11,PAIR_DF05C1A6908B3B4E55BC8237,CLASSIFICATION_CONFLICT,1083,1314,source_section|subject_type|asset_class|currency_scale|metric_name|evidence_quote,MERGE,"subject_type classifies what subject_name names: a named vehicle ('... , L.P.', an SMA, an LLC) is fund; a total or subtotal line is the owner's aggregate, so portfolio; an index is benchmark. A whole schedule typed investment means the label was not read. evidence_quote takes the full printed line over the bare value: the line proves this number, the bare digits prove only that they occur somewhere on the page.",RESOLVED,A+B+ADJUDICATOR,8783ef3e2dc6cf061218360ff1c3db121d172543d661901b2d74131021935dc1
497a044799fa0a17c040,SRC457,11,PAIR_F13152FED1E08EA18336CC9A,CLASSIFICATION_CONFLICT,1084,1315,source_section|subject_type|asset_class|currency_scale|metric_name|evidence_quote,MERGE,"subject_type classifies what subject_name names: a named vehicle ('... , L.P.', an SMA, an LLC) is fund; a total or subtotal line is the owner's aggregate, so portfolio; an index is benchmark. A whole schedule typed investment means the label was not read. evidence_quote takes the full printed line over the bare value: the line proves this number, the bare digits prove only that they occur somewhere on the page.",RESOLVED,A+B+ADJUDICATOR,8783ef3e2dc6cf061218360ff1c3db121d172543d661901b2d74131021935dc1
1b9bbb4c3e4bbdf81de4,SRC457,11,PAIR_0B2C5B85DE573ECDCD4009B0,CLASSIFICATION_CONFLICT,1085,1316,source_section|subject_type|asset_class|currency_scale|metric_name|evidence_quote,MERGE,"subject_type classifies what subject_name names: a named vehicle ('... , L.P.', an SMA, an LLC) is fund; a total or subtotal line is the owner's aggregate, so portfolio; an index is benchmark. A whole schedule typed investment means the label was not read. evidence_quote takes the full printed line over the bare value: the line proves this number, the bare digits prove only that they occur somewhere on the page.",RESOLVED,A+B+ADJUDICATOR,8783ef3e2dc6cf061218360ff1c3db121d172543d661901b2d74131021935dc1
67442ad658388e3dfa7e,SRC457,11,PAIR_485B0693DC476AC514991484,CLASSIFICATION_CONFLICT,1086,1317,source_section|subject_type|asset_class|currency_scale|metric_name|evidence_quote,MERGE,"subject_type classifies what subject_name names: a named vehicle ('... , L.P.', an SMA, an LLC) is fund; a total or subtotal line is the owner's aggregate, so portfolio; an index is benchmark. A whole schedule typed investment means the label was not read. evidence_quote takes the full printed line over the bare value: the line proves this number, the bare digits prove only that they occur somewhere on the page.",RESOLVED,A+B+ADJUDICATOR,8783ef3e2dc6cf061218360ff1c3db121d172543d661901b2d74131021935dc1
73b52c11f7d3f7ebba90,SRC457,11,PAIR_2B33D05902B808B95884E539,CLASSIFICATION_CONFLICT,1087,1318,source_section|subject_type|asset_class|currency_scale|metric_name|evidence_quote,MERGE,"subject_type classifies what subject_name names: a named vehicle ('... , L.P.', an SMA, an LLC) is fund; a total or subtotal line is the owner's aggregate, so portfolio; an index is benchmark. A whole schedule typed investment means the label was not read. evidence_quote takes the full printed line over the bare value: the line proves this number, the bare digits prove only that they occur somewhere on the page.",RESOLVED,A+B+ADJUDICATOR,8783ef3e2dc6cf061218360ff1c3db121d172543d661901b2d74131021935dc1
014dd6fc646dd0a8c24d,SRC457,11,PAIR_945D751FB080450334B1775B,CLASSIFICATION_CONFLICT,1088,1319,source_section|subject_type|asset_class|currency_scale|metric_name|evidence_quote,MERGE,"subject_type classifies what subject_name names: a named vehicle ('... , L.P.', an SMA, an LLC) is fund; a total or subtotal line is the owner's aggregate, so portfolio; an index is benchmark. A whole schedule typed investment means the label was not read. evidence_quote takes the full printed line over the bare value: the line proves this number, the bare digits prove only that they occur somewhere on the page.",RESOLVED,A+B+ADJUDICATOR,8783ef3e2dc6cf061218360ff1c3db121d172543d661901b2d74131021935dc1
3ce05ab18b6b5b3fb667,SRC457,11,PAIR_5D6F912967E4E8B74B347814,CLASSIFICATION_CONFLICT,1089,1320,source_section|subject_type|asset_class|currency_scale|metric_name|evidence_quote,MERGE,"subject_type classifies what subject_name names: a named vehicle ('... , L.P.', an SMA, an LLC) is fund; a total or subtotal line is the owner's aggregate, so portfolio; an index is benchmark. A whole schedule typed investment means the label was not read. evidence_quote takes the full printed line over the bare value: the line proves this number, the bare digits prove only that they occur somewhere on the page.",RESOLVED,A+B+ADJUDICATOR,8783ef3e2dc6cf061218360ff1c3db121d172543d661901b2d74131021935dc1
156cf33112ad282fd67c,SRC457,11,PAIR_4111C5B188B641F7859F3042,CLASSIFICATION_CONFLICT,1090,1321,source_section|subject_type|asset_class|currency_scale|metric_name|evidence_quote,MERGE,"subject_type classifies what subject_name names: a named vehicle ('... , L.P.', an SMA, an LLC) is fund; a total or subtotal line is the owner's aggregate, so portfolio; an index is benchmark. A whole schedule typed investment means the label was not read. evidence_quote takes the full printed line over the bare value: the line proves this number, the bare digits prove only that they occur somewhere on the page.",RESOLVED,A+B+ADJUDICATOR,8783ef3e2dc6cf061218360ff1c3db121d172543d661901b2d74131021935dc1
e5370b2e638543ac61a5,SRC457,11,PAIR_4C6F7D50E67A32BDB6D7AC72,CLASSIFICATION_CONFLICT,1091,1322,source_section|subject_type|asset_class|currency_scale|metric_name|evidence_quote,MERGE,"subject_type classifies what subject_name names: a named vehicle ('... , L.P.', an SMA, an LLC) is fund; a total or subtotal line is the owner's aggregate, so portfolio; an index is benchmark. A whole schedule typed investment means the label was not read. evidence_quote takes the full printed line over the bare value: the line proves this number, the bare digits prove only that they occur somewhere on the page.",RESOLVED,A+B+ADJUDICATOR,8783ef3e2dc6cf061218360ff1c3db121d172543d661901b2d74131021935dc1
50e65a6be3bbb8a1d315,SRC457,11,PAIR_FB73C8E35219620D75F77E9C,CLASSIFICATION_CONFLICT,1092,1323,source_section|subject_type|asset_class|currency_scale|metric_name|evidence_quote,MERGE,"subject_type classifies what subject_name names: a named vehicle ('... , L.P.', an SMA, an LLC) is fund; a total or subtotal line is the owner's aggregate, so portfolio; an index is benchmark. A whole schedule typed investment means the label was not read. evidence_quote takes the full printed line over the bare value: the line proves this number, the bare digits prove only that they occur somewhere on the page.",RESOLVED,A+B+ADJUDICATOR,8783ef3e2dc6cf061218360ff1c3db121d172543d661901b2d74131021935dc1
9d3b294de48c0e26af4c,SRC457,11,PAIR_9C15E3E81C4742420CAD9931,CLASSIFICATION_CONFLICT,1093,1324,source_section|subject_type|asset_class|currency_scale|metric_name|evidence_quote,MERGE,"subject_type classifies what subject_name names: a named vehicle ('... , L.P.', an SMA, an LLC) is fund; a total or subtotal line is the owner's aggregate, so portfolio; an index is benchmark. A whole schedule typed investment means the label was not read. evidence_quote takes the full printed line over the bare value: the line proves this number, the bare digits prove only that they occur somewhere on the page.",RESOLVED,A+B+ADJUDICATOR,8783ef3e2dc6cf061218360ff1c3db121d172543d661901b2d74131021935dc1
6e844aa9b32150858d60,SRC457,11,PAIR_60B509AA0BB8F391CCDAF49B,CLASSIFICATION_CONFLICT,1094,1325,source_section|subject_type|asset_class|currency_scale|metric_name|evidence_quote,MERGE,"subject_type classifies what subject_name names: a named vehicle ('... , L.P.', an SMA, an LLC) is fund; a total or subtotal line is the owner's aggregate, so portfolio; an index is benchmark. A whole schedule typed investment means the label was not read. evidence_quote takes the full printed line over the bare value: the line proves this number, the bare digits prove only that they occur somewhere on the page.",RESOLVED,A+B+ADJUDICATOR,8783ef3e2dc6cf061218360ff1c3db121d172543d661901b2d74131021935dc1
d449ab53df0e2ba26eee,SRC457,11,PAIR_E791AE5D37613E2B583D0976,CLASSIFICATION_CONFLICT,1095,1326,source_section|subject_type|asset_class|currency_scale|metric_name|evidence_quote,MERGE,"subject_type classifies what subject_name names: a named vehicle ('... , L.P.', an SMA, an LLC) is fund; a total or subtotal line is the owner's aggregate, so portfolio; an index is benchmark. A whole schedule typed investment means the label was not read. evidence_quote takes the full printed line over the bare value: the line proves this number, the bare digits prove only that they occur somewhere on the page.",RESOLVED,A+B+ADJUDICATOR,8783ef3e2dc6cf061218360ff1c3db121d172543d661901b2d74131021935dc1
5522ec984f2824ff9bbe,SRC457,11,PAIR_3CEACAFD1968E1875CF409BD,CLASSIFICATION_CONFLICT,1096,1327,source_section|subject_type|asset_class|currency_scale|metric_name|evidence_quote,MERGE,"subject_type classifies what subject_name names: a named vehicle ('... , L.P.', an SMA, an LLC) is fund; a total or subtotal line is the owner's aggregate, so portfolio; an index is benchmark. A whole schedule typed investment means the label was not read. evidence_quote takes the full printed line over the bare value: the line proves this number, the bare digits prove only that they occur somewhere on the page.",RESOLVED,A+B+ADJUDICATOR,8783ef3e2dc6cf061218360ff1c3db121d172543d661901b2d74131021935dc1
41c443355268499421c2,SRC457,11,PAIR_1D3C454D5587F09EE175F684,CLASSIFICATION_CONFLICT,1097,1328,source_section|subject_type|asset_class|currency_scale|metric_name|evidence_quote,MERGE,"subject_type classifies what subject_name names: a named vehicle ('... , L.P.', an SMA, an LLC) is fund; a total or subtotal line is the owner's aggregate, so portfolio; an index is benchmark. A whole schedule typed investment means the label was not read. evidence_quote takes the full printed line over the bare value: the line proves this number, the bare digits prove only that they occur somewhere on the page.",RESOLVED,A+B+ADJUDICATOR,8783ef3e2dc6cf061218360ff1c3db121d172543d661901b2d74131021935dc1
84c618b263cc50010cb6,SRC457,11,PAIR_24E6B8C3D74E5202A7720336,CLASSIFICATION_CONFLICT,1098,1329,source_section|subject_type|asset_class|currency_scale|metric_name|evidence_quote,MERGE,"subject_type classifies what subject_name names: a named vehicle ('... , L.P.', an SMA, an LLC) is fund; a total or subtotal line is the owner's aggregate, so portfolio; an index is benchmark. A whole schedule typed investment means the label was not read. evidence_quote takes the full printed line over the bare value: the line proves this number, the bare digits prove only that they occur somewhere on the page.",RESOLVED,A+B+ADJUDICATOR,8783ef3e2dc6cf061218360ff1c3db121d172543d661901b2d74131021935dc1
d44c09bdcacec4cdd51e,SRC457,11,PAIR_E301D43F2FFF3962B2A45C9C,CLASSIFICATION_CONFLICT,1099,1330,source_section|subject_type|asset_class|currency_scale|metric_name|evidence_quote,MERGE,"subject_type classifies what subject_name names: a named vehicle ('... , L.P.', an SMA, an LLC) is fund; a total or subtotal line is the owner's aggregate, so portfolio; an index is benchmark. A whole schedule typed investment means the label was not read. evidence_quote takes the full printed line over the bare value: the line proves this number, the bare digits prove only that they occur somewhere on the page.",RESOLVED,A+B+ADJUDICATOR,8783ef3e2dc6cf061218360ff1c3db121d172543d661901b2d74131021935dc1
7189576fb4c3c215f9ae,SRC457,11,PAIR_33A35C71D65B11405E1665BF,CLASSIFICATION_CONFLICT,1100,1331,source_section|subject_type|asset_class|currency_scale|metric_name|evidence_quote,MERGE,"subject_type classifies what subject_name names: a named vehicle ('... , L.P.', an SMA, an LLC) is fund; a total or subtotal line is the owner's aggregate, so portfolio; an index is benchmark. A whole schedule typed investment means the label was not read. evidence_quote takes the full printed line over the bare value: the line proves this number, the bare digits prove only that they occur somewhere on the page.",RESOLVED,A+B+ADJUDICATOR,8783ef3e2dc6cf061218360ff1c3db121d172543d661901b2d74131021935dc1
d598a979f3c4ce588b6c,SRC457,11,PAIR_C9A17F9CE4E8E956A57A3246,CLASSIFICATION_CONFLICT,1101,1332,source_section|subject_type|asset_class|currency_scale|metric_name|evidence_quote,MERGE,"subject_type classifies what subject_name names: a named vehicle ('... , L.P.', an SMA, an LLC) is fund; a total or subtotal line is the owner's aggregate, so portfolio; an index is benchmark. A whole schedule typed investment means the label was not read. evidence_quote takes the full printed line over the bare value: the line proves this number, the bare digits prove only that they occur somewhere on the page.",RESOLVED,A+B+ADJUDICATOR,8783ef3e2dc6cf061218360ff1c3db121d172543d661901b2d74131021935dc1
efe6ab65caad5cd6a435,SRC457,11,PAIR_26E7C4E2913D4F37FE069A8B,CLASSIFICATION_CONFLICT,1102,1333,source_section|subject_type|asset_class|currency_scale|metric_name|evidence_quote,MERGE,"subject_type classifies what subject_name names: a named vehicle ('... , L.P.', an SMA, an LLC) is fund; a total or subtotal line is the owner's aggregate, so portfolio; an index is benchmark. A whole schedule typed investment means the label was not read. evidence_quote takes the full printed line over the bare value: the line proves this number, the bare digits prove only that they occur somewhere on the page.",RESOLVED,A+B+ADJUDICATOR,8783ef3e2dc6cf061218360ff1c3db121d172543d661901b2d74131021935dc1
244ee02d2377a29b859c,SRC457,11,PAIR_592ABCE674355D2A2BA88D4E,CLASSIFICATION_CONFLICT,1103,1334,source_section|subject_type|asset_class|currency_scale|metric_name|evidence_quote,MERGE,"subject_type classifies what subject_name names: a named vehicle ('... , L.P.', an SMA, an LLC) is fund; a total or subtotal line is the owner's aggregate, so portfolio; an index is benchmark. A whole schedule typed investment means the label was not read. evidence_quote takes the full printed line over the bare value: the line proves this number, the bare digits prove only that they occur somewhere on the page.",RESOLVED,A+B+ADJUDICATOR,8783ef3e2dc6cf061218360ff1c3db121d172543d661901b2d74131021935dc1
5f49dd26c369f9a02fc0,SRC457,11,PAIR_944D2A1F9ADC733A34AD7880,CLASSIFICATION_CONFLICT,1104,1335,source_section|subject_type|asset_class|currency_scale|metric_name|evidence_quote,MERGE,"subject_type classifies what subject_name names: a named vehicle ('... , L.P.', an SMA, an LLC) is fund; a total or subtotal line is the owner's aggregate, so portfolio; an index is benchmark. A whole schedule typed investment means the label was not read. evidence_quote takes the full printed line over the bare value: the line proves this number, the bare digits prove only that they occur somewhere on the page.",RESOLVED,A+B+ADJUDICATOR,8783ef3e2dc6cf061218360ff1c3db121d172543d661901b2d74131021935dc1
0b5b07bcbd530e12e6a0,SRC457,11,PAIR_DAFD98E1240524FAE3D5349A,CLASSIFICATION_CONFLICT,1105,1336,source_section|subject_type|asset_class|currency_scale|metric_name|evidence_quote,MERGE,"subject_type classifies what subject_name names: a named vehicle ('... , L.P.', an SMA, an LLC) is fund; a total or subtotal line is the owner's aggregate, so portfolio; an index is benchmark. A whole schedule typed investment means the label was not read. evidence_quote takes the full printed line over the bare value: the line proves this number, the bare digits prove only that they occur somewhere on the page.",RESOLVED,A+B+ADJUDICATOR,8783ef3e2dc6cf061218360ff1c3db121d172543d661901b2d74131021935dc1
f19376d88786d1076c7d,SRC457,11,PAIR_806E60C9A9DEAEBCD5CC01F9,CLASSIFICATION_CONFLICT,1106,1337,source_section|subject_type|asset_class|currency_scale|metric_name|evidence_quote,MERGE,"subject_type classifies what subject_name names: a named vehicle ('... , L.P.', an SMA, an LLC) is fund; a total or subtotal line is the owner's aggregate, so portfolio; an index is benchmark. A whole schedule typed investment means the label was not read. evidence_quote takes the full printed line over the bare value: the line proves this number, the bare digits prove only that they occur somewhere on the page.",RESOLVED,A+B+ADJUDICATOR,8783ef3e2dc6cf061218360ff1c3db121d172543d661901b2d74131021935dc1
f0c1bf17381fc4568492,SRC457,11,PAIR_48A6AAC6989636C517B9DBEB,CLASSIFICATION_CONFLICT,1107,1338,source_section|subject_type|asset_class|currency_scale|metric_name|evidence_quote,MERGE,"subject_type classifies what subject_name names: a named vehicle ('... , L.P.', an SMA, an LLC) is fund; a total or subtotal line is the owner's aggregate, so portfolio; an index is benchmark. A whole schedule typed investment means the label was not read. evidence_quote takes the full printed line over the bare value: the line proves this number, the bare digits prove only that they occur somewhere on the page.",RESOLVED,A+B+ADJUDICATOR,8783ef3e2dc6cf061218360ff1c3db121d172543d661901b2d74131021935dc1
8903a39c91f945af028d,SRC457,11,PAIR_DF710105E95D7C460075082B,CLASSIFICATION_CONFLICT,1108,1339,source_section|subject_type|asset_class|currency_scale|metric_name|evidence_quote,MERGE,"subject_type classifies what subject_name names: a named vehicle ('... , L.P.', an SMA, an LLC) is fund; a total or subtotal line is the owner's aggregate, so portfolio; an index is benchmark. A whole schedule typed investment means the label was not read. evidence_quote takes the full printed line over the bare value: the line proves this number, the bare digits prove only that they occur somewhere on the page.",RESOLVED,A+B+ADJUDICATOR,8783ef3e2dc6cf061218360ff1c3db121d172543d661901b2d74131021935dc1
cf3ef1c9edf365647878,SRC457,11,PAIR_52D3B424B23515BA04F547A5,CLASSIFICATION_CONFLICT,1109,1340,source_section|subject_type|asset_class|currency_scale|metric_name|evidence_quote,MERGE,"subject_type classifies what subject_name names: a named vehicle ('... , L.P.', an SMA, an LLC) is fund; a total or subtotal line is the owner's aggregate, so portfolio; an index is benchmark. A whole schedule typed investment means the label was not read. evidence_quote takes the full printed line over the bare value: the line proves this number, the bare digits prove only that they occur somewhere on the page.",RESOLVED,A+B+ADJUDICATOR,8783ef3e2dc6cf061218360ff1c3db121d172543d661901b2d74131021935dc1
4233fa49e55f9f33850f,SRC457,11,PAIR_B147EEEEC858737B5650E80F,CLASSIFICATION_CONFLICT,1110,1341,source_section|subject_type|asset_class|currency_scale|metric_name|evidence_quote,MERGE,"subject_type classifies what subject_name names: a named vehicle ('... , L.P.', an SMA, an LLC) is fund; a total or subtotal line is the owner's aggregate, so portfolio; an index is benchmark. A whole schedule typed investment means the label was not read. evidence_quote takes the full printed line over the bare value: the line proves this number, the bare digits prove only that they occur somewhere on the page.",RESOLVED,A+B+ADJUDICATOR,8783ef3e2dc6cf061218360ff1c3db121d172543d661901b2d74131021935dc1
96e082d13b9284c47b49,SRC457,11,PAIR_18AF19D9462B0F17E45097CF,CLASSIFICATION_CONFLICT,1111,1342,source_section|subject_type|asset_class|currency_scale|metric_name|evidence_quote,MERGE,"subject_type classifies what subject_name names: a named vehicle ('... , L.P.', an SMA, an LLC) is fund; a total or subtotal line is the owner's aggregate, so portfolio; an index is benchmark. A whole schedule typed investment means the label was not read. evidence_quote takes the full printed line over the bare value: the line proves this number, the bare digits prove only that they occur somewhere on the page.",RESOLVED,A+B+ADJUDICATOR,8783ef3e2dc6cf061218360ff1c3db121d172543d661901b2d74131021935dc1
df2f32f991f651236db3,SRC457,11,PAIR_143645B6D627C33F1D0B464A,CLASSIFICATION_CONFLICT,1112,1343,source_section|subject_type|asset_class|currency_scale|metric_name|evidence_quote,MERGE,"subject_type classifies what subject_name names: a named vehicle ('... , L.P.', an SMA, an LLC) is fund; a total or subtotal line is the owner's aggregate, so portfolio; an index is benchmark. A whole schedule typed investment means the label was not read. evidence_quote takes the full printed line over the bare value: the line proves this number, the bare digits prove only that they occur somewhere on the page.",RESOLVED,A+B+ADJUDICATOR,8783ef3e2dc6cf061218360ff1c3db121d172543d661901b2d74131021935dc1
382db37d6c376d72f10a,SRC457,11,PAIR_8745DD7E5F873EAB2100D71C,CLASSIFICATION_CONFLICT,1113,1344,source_section|subject_type|asset_class|currency_scale|metric_name|evidence_quote,MERGE,"subject_type classifies what subject_name names: a named vehicle ('... , L.P.', an SMA, an LLC) is fund; a total or subtotal line is the owner's aggregate, so portfolio; an index is benchmark. A whole schedule typed investment means the label was not read. evidence_quote takes the full printed line over the bare value: the line proves this number, the bare digits prove only that they occur somewhere on the page.",RESOLVED,A+B+ADJUDICATOR,8783ef3e2dc6cf061218360ff1c3db121d172543d661901b2d74131021935dc1
66509b589119a2452141,SRC457,11,PAIR_5221167AD3CF6249591A65DA,CLASSIFICATION_CONFLICT,1114,1345,source_section|subject_type|asset_class|currency_scale|metric_name|evidence_quote,MERGE,"subject_type classifies what subject_name names: a named vehicle ('... , L.P.', an SMA, an LLC) is fund; a total or subtotal line is the owner's aggregate, so portfolio; an index is benchmark. A whole schedule typed investment means the label was not read. evidence_quote takes the full printed line over the bare value: the line proves this number, the bare digits prove only that they occur somewhere on the page.",RESOLVED,A+B+ADJUDICATOR,8783ef3e2dc6cf061218360ff1c3db121d172543d661901b2d74131021935dc1
9b870503bc45159f227b,SRC457,11,PAIR_F695A93C6741BA360D4431A3,CLASSIFICATION_CONFLICT,1115,1346,source_section|subject_type|asset_class|currency_scale|metric_name|evidence_quote,MERGE,"subject_type classifies what subject_name names: a named vehicle ('... , L.P.', an SMA, an LLC) is fund; a total or subtotal line is the owner's aggregate, so portfolio; an index is benchmark. A whole schedule typed investment means the label was not read. evidence_quote takes the full printed line over the bare value: the line proves this number, the bare digits prove only that they occur somewhere on the page.",RESOLVED,A+B+ADJUDICATOR,8783ef3e2dc6cf061218360ff1c3db121d172543d661901b2d74131021935dc1
703eb3c46061acef406a,SRC457,11,PAIR_8DA168B8E4AA8AF5709B6126,CLASSIFICATION_CONFLICT,1116,1347,source_section|subject_type|asset_class|currency_scale|metric_name|evidence_quote,MERGE,"subject_type classifies what subject_name names: a named vehicle ('... , L.P.', an SMA, an LLC) is fund; a total or subtotal line is the owner's aggregate, so portfolio; an index is benchmark. A whole schedule typed investment means the label was not read. evidence_quote takes the full printed line over the bare value: the line proves this number, the bare digits prove only that they occur somewhere on the page.",RESOLVED,A+B+ADJUDICATOR,8783ef3e2dc6cf061218360ff1c3db121d172543d661901b2d74131021935dc1
97944ac93699497ffe4e,SRC457,11,PAIR_B65855CF056F0B33D6FFA33F,CLASSIFICATION_CONFLICT,1117,1348,source_section|subject_type|asset_class|currency_scale|metric_name|evidence_quote,MERGE,"subject_type classifies what subject_name names: a named vehicle ('... , L.P.', an SMA, an LLC) is fund; a total or subtotal line is the owner's aggregate, so portfolio; an index is benchmark. A whole schedule typed investment means the label was not read. evidence_quote takes the full printed line over the bare value: the line proves this number, the bare digits prove only that they occur somewhere on the page.",RESOLVED,A+B+ADJUDICATOR,8783ef3e2dc6cf061218360ff1c3db121d172543d661901b2d74131021935dc1
799b62cc39e64057eb3d,SRC457,11,PAIR_AD9CBB577DDE8132534CACE6,CLASSIFICATION_CONFLICT,1118,1349,source_section|subject_type|asset_class|currency_scale|metric_name|evidence_quote,MERGE,"subject_type classifies what subject_name names: a named vehicle ('... , L.P.', an SMA, an LLC) is fund; a total or subtotal line is the owner's aggregate, so portfolio; an index is benchmark. A whole schedule typed investment means the label was not read. evidence_quote takes the full printed line over the bare value: the line proves this number, the bare digits prove only that they occur somewhere on the page.",RESOLVED,A+B+ADJUDICATOR,8783ef3e2dc6cf061218360ff1c3db121d172543d661901b2d74131021935dc1
4b2568bcb65afc4dff8e,SRC457,11,PAIR_F684530578105C3745187BE0,CLASSIFICATION_CONFLICT,1119,1350,source_section|subject_type|asset_class|currency_scale|metric_name|evidence_quote,MERGE,"subject_type classifies what subject_name names: a named vehicle ('... , L.P.', an SMA, an LLC) is fund; a total or subtotal line is the owner's aggregate, so portfolio; an index is benchmark. A whole schedule typed investment means the label was not read. evidence_quote takes the full printed line over the bare value: the line proves this number, the bare digits prove only that they occur somewhere on the page.",RESOLVED,A+B+ADJUDICATOR,8783ef3e2dc6cf061218360ff1c3db121d172543d661901b2d74131021935dc1
f604a6630bb87e83b385,SRC457,11,PAIR_40EE99CABC25D15FFF870A29,CLASSIFICATION_CONFLICT,1120,1351,source_section|subject_type|asset_class|currency_scale|metric_name|evidence_quote,MERGE,"subject_type classifies what subject_name names: a named vehicle ('... , L.P.', an SMA, an LLC) is fund; a total or subtotal line is the owner's aggregate, so portfolio; an index is benchmark. A whole schedule typed investment means the label was not read. evidence_quote takes the full printed line over the bare value: the line proves this number, the bare digits prove only that they occur somewhere on the page.",RESOLVED,A+B+ADJUDICATOR,8783ef3e2dc6cf061218360ff1c3db121d172543d661901b2d74131021935dc1
25501fbc36eaad9fa09e,SRC457,11,PAIR_FFE8C9BA774E71F7A0460C29,CLASSIFICATION_CONFLICT,1121,1352,source_section|subject_type|asset_class|currency_scale|metric_name|evidence_quote,MERGE,"subject_type classifies what subject_name names: a named vehicle ('... , L.P.', an SMA, an LLC) is fund; a total or subtotal line is the owner's aggregate, so portfolio; an index is benchmark. A whole schedule typed investment means the label was not read. evidence_quote takes the full printed line over the bare value: the line proves this number, the bare digits prove only that they occur somewhere on the page.",RESOLVED,A+B+ADJUDICATOR,8783ef3e2dc6cf061218360ff1c3db121d172543d661901b2d74131021935dc1
33e49eabcec18b6fc383,SRC457,11,PAIR_1ABCD9CE77BC97EC7FC7824C,CLASSIFICATION_CONFLICT,1122,1353,source_section|subject_type|asset_class|currency_scale|metric_name|evidence_quote,MERGE,"subject_type classifies what subject_name names: a named vehicle ('... , L.P.', an SMA, an LLC) is fund; a total or subtotal line is the owner's aggregate, so portfolio; an index is benchmark. A whole schedule typed investment means the label was not read. evidence_quote takes the full printed line over the bare value: the line proves this number, the bare digits prove only that they occur somewhere on the page.",RESOLVED,A+B+ADJUDICATOR,8783ef3e2dc6cf061218360ff1c3db121d172543d661901b2d74131021935dc1
86842788195319312fd6,SRC457,11,PAIR_3D17C783262F4B7574A7110D,CLASSIFICATION_CONFLICT,1123,1354,source_section|subject_type|asset_class|currency_scale|metric_name|evidence_quote,MERGE,"subject_type classifies what subject_name names: a named vehicle ('... , L.P.', an SMA, an LLC) is fund; a total or subtotal line is the owner's aggregate, so portfolio; an index is benchmark. A whole schedule typed investment means the label was not read. evidence_quote takes the full printed line over the bare value: the line proves this number, the bare digits prove only that they occur somewhere on the page.",RESOLVED,A+B+ADJUDICATOR,8783ef3e2dc6cf061218360ff1c3db121d172543d661901b2d74131021935dc1
8481b12f00b5ca370a8f,SRC457,11,PAIR_7F7B636BC7F5E951601F8E9A,CLASSIFICATION_CONFLICT,1124,1355,source_section|subject_type|asset_class|currency_scale|metric_name|evidence_quote,MERGE,"subject_type classifies what subject_name names: a named vehicle ('... , L.P.', an SMA, an LLC) is fund; a total or subtotal line is the owner's aggregate, so portfolio; an index is benchmark. A whole schedule typed investment means the label was not read. evidence_quote takes the full printed line over the bare value: the line proves this number, the bare digits prove only that they occur somewhere on the page.",RESOLVED,A+B+ADJUDICATOR,8783ef3e2dc6cf061218360ff1c3db121d172543d661901b2d74131021935dc1
8b1467b46682ccd07997,SRC457,11,PAIR_D02538A6BAB33ED8031D33DB,CLASSIFICATION_CONFLICT,1125,1356,source_section|subject_type|asset_class|currency_scale|metric_name|evidence_quote,MERGE,"subject_type classifies what subject_name names: a named vehicle ('... , L.P.', an SMA, an LLC) is fund; a total or subtotal line is the owner's aggregate, so portfolio; an index is benchmark. A whole schedule typed investment means the label was not read. evidence_quote takes the full printed line over the bare value: the line proves this number, the bare digits prove only that they occur somewhere on the page.",RESOLVED,A+B+ADJUDICATOR,8783ef3e2dc6cf061218360ff1c3db121d172543d661901b2d74131021935dc1
60038a857666c6937b8a,SRC457,11,PAIR_826867440BCEF4F3475CDE3B,CLASSIFICATION_CONFLICT,1126,1357,source_section|subject_type|asset_class|currency_scale|metric_name|evidence_quote,MERGE,"subject_type classifies what subject_name names: a named vehicle ('... , L.P.', an SMA, an LLC) is fund; a total or subtotal line is the owner's aggregate, so portfolio; an index is benchmark. A whole schedule typed investment means the label was not read. evidence_quote takes the full printed line over the bare value: the line proves this number, the bare digits prove only that they occur somewhere on the page.",RESOLVED,A+B+ADJUDICATOR,8783ef3e2dc6cf061218360ff1c3db121d172543d661901b2d74131021935dc1
82f510395d6034202d3a,SRC457,11,PAIR_A98BBAA8D36FF5309C3753FC,CLASSIFICATION_CONFLICT,1127,1358,source_section|subject_type|asset_class|currency_scale|metric_name|evidence_quote,MERGE,"subject_type classifies what subject_name names: a named vehicle ('... , L.P.', an SMA, an LLC) is fund; a total or subtotal line is the owner's aggregate, so portfolio; an index is benchmark. A whole schedule typed investment means the label was not read. evidence_quote takes the full printed line over the bare value: the line proves this number, the bare digits prove only that they occur somewhere on the page.",RESOLVED,A+B+ADJUDICATOR,8783ef3e2dc6cf061218360ff1c3db121d172543d661901b2d74131021935dc1
8f4536037c21da98a042,SRC457,11,PAIR_E67371E3E0CE951ADBD6D8CD,CLASSIFICATION_CONFLICT,1128,1359,source_section|subject_type|asset_class|currency_scale|metric_name|evidence_quote,MERGE,"subject_type classifies what subject_name names: a named vehicle ('... , L.P.', an SMA, an LLC) is fund; a total or subtotal line is the owner's aggregate, so portfolio; an index is benchmark. A whole schedule typed investment means the label was not read. evidence_quote takes the full printed line over the bare value: the line proves this number, the bare digits prove only that they occur somewhere on the page.",RESOLVED,A+B+ADJUDICATOR,8783ef3e2dc6cf061218360ff1c3db121d172543d661901b2d74131021935dc1
313619afedd6c18e83e8,SRC457,11,PAIR_33C04FFFBC55CED670816C4B,VALUE_CONFLICT,1129,1360,source_section|subject_type|asset_class|currency_scale|metric_name|metric_value_raw|evidence_quote,MERGE,"subject_type classifies what subject_name names: a named vehicle ('... , L.P.', an SMA, an LLC) is fund; a total or subtotal line is the owner's aggregate, so portfolio; an index is benchmark. A whole schedule typed investment means the label was not read. evidence_quote takes the full printed line over the bare value: the line proves this number, the bare digits prove only that they occur somewhere on the page.",RESOLVED,A+B+ADJUDICATOR,8783ef3e2dc6cf061218360ff1c3db121d172543d661901b2d74131021935dc1
3cd45f59e7fe8fcb1bdf,SRC457,11,PAIR_BE92FE1E0931A2F7FE6E65E4,CLASSIFICATION_CONFLICT,1130,1361,source_section|subject_type|asset_class|currency_scale|metric_name|evidence_quote,MERGE,"subject_type classifies what subject_name names: a named vehicle ('... , L.P.', an SMA, an LLC) is fund; a total or subtotal line is the owner's aggregate, so portfolio; an index is benchmark. A whole schedule typed investment means the label was not read. evidence_quote takes the full printed line over the bare value: the line proves this number, the bare digits prove only that they occur somewhere on the page.",RESOLVED,A+B+ADJUDICATOR,8783ef3e2dc6cf061218360ff1c3db121d172543d661901b2d74131021935dc1
833e7f6802919d2c9b87,SRC457,11,PAIR_91F82486507989CE179855BF,CLASSIFICATION_CONFLICT,1131,1362,source_section|subject_type|asset_class|currency_scale|metric_name|evidence_quote,MERGE,"subject_type classifies what subject_name names: a named vehicle ('... , L.P.', an SMA, an LLC) is fund; a total or subtotal line is the owner's aggregate, so portfolio; an index is benchmark. A whole schedule typed investment means the label was not read. evidence_quote takes the full printed line over the bare value: the line proves this number, the bare digits prove only that they occur somewhere on the page.",RESOLVED,A+B+ADJUDICATOR,8783ef3e2dc6cf061218360ff1c3db121d172543d661901b2d74131021935dc1
c7d3a5f1600a40f0f2ad,SRC457,11,PAIR_1CC70CF39C1A9C916A6CA6CD,CLASSIFICATION_CONFLICT,1132,1363,source_section|subject_type|asset_class|currency_scale|metric_name|evidence_quote,MERGE,"subject_type classifies what subject_name names: a named vehicle ('... , L.P.', an SMA, an LLC) is fund; a total or subtotal line is the owner's aggregate, so portfolio; an index is benchmark. A whole schedule typed investment means the label was not read. evidence_quote takes the full printed line over the bare value: the line proves this number, the bare digits prove only that they occur somewhere on the page.",RESOLVED,A+B+ADJUDICATOR,8783ef3e2dc6cf061218360ff1c3db121d172543d661901b2d74131021935dc1
4494bf19875d02c71b02,SRC457,11,PAIR_AA210318A86AFF724C2B0464,CLASSIFICATION_CONFLICT,1133,1364,source_section|subject_type|asset_class|currency_scale|metric_name|evidence_quote,MERGE,"subject_type classifies what subject_name names: a named vehicle ('... , L.P.', an SMA, an LLC) is fund; a total or subtotal line is the owner's aggregate, so portfolio; an index is benchmark. A whole schedule typed investment means the label was not read. evidence_quote takes the full printed line over the bare value: the line proves this number, the bare digits prove only that they occur somewhere on the page.",RESOLVED,A+B+ADJUDICATOR,8783ef3e2dc6cf061218360ff1c3db121d172543d661901b2d74131021935dc1
a9d63deb5cb5da37bc1c,SRC457,11,PAIR_3D76F4E9C45DE03E7AFF4739,CLASSIFICATION_CONFLICT,1134,1365,source_section|subject_type|asset_class|currency_scale|metric_name|evidence_quote,MERGE,"subject_type classifies what subject_name names: a named vehicle ('... , L.P.', an SMA, an LLC) is fund; a total or subtotal line is the owner's aggregate, so portfolio; an index is benchmark. A whole schedule typed investment means the label was not read. evidence_quote takes the full printed line over the bare value: the line proves this number, the bare digits prove only that they occur somewhere on the page.",RESOLVED,A+B+ADJUDICATOR,8783ef3e2dc6cf061218360ff1c3db121d172543d661901b2d74131021935dc1
560bc0fa8aca46852a70,SRC457,11,PAIR_29355B403963B90BB8592AC9,CLASSIFICATION_CONFLICT,1135,1366,source_section|subject_type|asset_class|currency_scale|metric_name|evidence_quote,MERGE,"subject_type classifies what subject_name names: a named vehicle ('... , L.P.', an SMA, an LLC) is fund; a total or subtotal line is the owner's aggregate, so portfolio; an index is benchmark. A whole schedule typed investment means the label was not read. evidence_quote takes the full printed line over the bare value: the line proves this number, the bare digits prove only that they occur somewhere on the page.",RESOLVED,A+B+ADJUDICATOR,8783ef3e2dc6cf061218360ff1c3db121d172543d661901b2d74131021935dc1
81fffae4610687c21189,SRC457,11,PAIR_286393811E337B76612BCB5C,CLASSIFICATION_CONFLICT,1136,1367,source_section|subject_type|asset_class|currency_scale|metric_name|evidence_quote,MERGE,"subject_type classifies what subject_name names: a named vehicle ('... , L.P.', an SMA, an LLC) is fund; a total or subtotal line is the owner's aggregate, so portfolio; an index is benchmark. A whole schedule typed investment means the label was not read. evidence_quote takes the full printed line over the bare value: the line proves this number, the bare digits prove only that they occur somewhere on the page.",RESOLVED,A+B+ADJUDICATOR,8783ef3e2dc6cf061218360ff1c3db121d172543d661901b2d74131021935dc1
68dffcf9be69141bce27,SRC457,11,PAIR_B9CF085928EC8C240642D7FE,CLASSIFICATION_CONFLICT,1137,1368,source_section|subject_type|asset_class|currency_scale|metric_name|evidence_quote,MERGE,"subject_type classifies what subject_name names: a named vehicle ('... , L.P.', an SMA, an LLC) is fund; a total or subtotal line is the owner's aggregate, so portfolio; an index is benchmark. A whole schedule typed investment means the label was not read. evidence_quote takes the full printed line over the bare value: the line proves this number, the bare digits prove only that they occur somewhere on the page.",RESOLVED,A+B+ADJUDICATOR,8783ef3e2dc6cf061218360ff1c3db121d172543d661901b2d74131021935dc1
a15cb23611470bae2275,SRC457,11,PAIR_893C7ABD6F66789EF2483346,CLASSIFICATION_CONFLICT,1138,1369,source_section|subject_type|asset_class|currency_scale|metric_name|evidence_quote,MERGE,"subject_type classifies what subject_name names: a named vehicle ('... , L.P.', an SMA, an LLC) is fund; a total or subtotal line is the owner's aggregate, so portfolio; an index is benchmark. A whole schedule typed investment means the label was not read. evidence_quote takes the full printed line over the bare value: the line proves this number, the bare digits prove only that they occur somewhere on the page.",RESOLVED,A+B+ADJUDICATOR,8783ef3e2dc6cf061218360ff1c3db121d172543d661901b2d74131021935dc1
3fcdd6f99405c671c0d6,SRC457,11,PAIR_B1714CC23CE95C1AA344CD37,CLASSIFICATION_CONFLICT,1139,1370,source_section|subject_type|asset_class|currency_scale|metric_name|evidence_quote,MERGE,"subject_type classifies what subject_name names: a named vehicle ('... , L.P.', an SMA, an LLC) is fund; a total or subtotal line is the owner's aggregate, so portfolio; an index is benchmark. A whole schedule typed investment means the label was not read. evidence_quote takes the full printed line over the bare value: the line proves this number, the bare digits prove only that they occur somewhere on the page.",RESOLVED,A+B+ADJUDICATOR,8783ef3e2dc6cf061218360ff1c3db121d172543d661901b2d74131021935dc1
f2c61b58085447aa1447,SRC457,11,PAIR_B920EDA2EC8CF8DECC280EFC,CLASSIFICATION_CONFLICT,1140,1371,source_section|subject_type|asset_class|currency_scale|metric_name|evidence_quote,MERGE,"subject_type classifies what subject_name names: a named vehicle ('... , L.P.', an SMA, an LLC) is fund; a total or subtotal line is the owner's aggregate, so portfolio; an index is benchmark. A whole schedule typed investment means the label was not read. evidence_quote takes the full printed line over the bare value: the line proves this number, the bare digits prove only that they occur somewhere on the page.",RESOLVED,A+B+ADJUDICATOR,8783ef3e2dc6cf061218360ff1c3db121d172543d661901b2d74131021935dc1
b5f270af71faa17256ca,SRC457,11,PAIR_C6E13FC09E028308D786436F,CLASSIFICATION_CONFLICT,1141,1372,source_section|subject_type|asset_class|currency_scale|metric_name|evidence_quote,MERGE,"subject_type classifies what subject_name names: a named vehicle ('... , L.P.', an SMA, an LLC) is fund; a total or subtotal line is the owner's aggregate, so portfolio; an index is benchmark. A whole schedule typed investment means the label was not read. evidence_quote takes the full printed line over the bare value: the line proves this number, the bare digits prove only that they occur somewhere on the page.",RESOLVED,A+B+ADJUDICATOR,8783ef3e2dc6cf061218360ff1c3db121d172543d661901b2d74131021935dc1
5534ed14edad9a30f835,SRC457,11,PAIR_90979274117CF4A1BAFA0E00,CLASSIFICATION_CONFLICT,1142,1373,source_section|subject_type|asset_class|currency_scale|metric_name|evidence_quote,MERGE,"subject_type classifies what subject_name names: a named vehicle ('... , L.P.', an SMA, an LLC) is fund; a total or subtotal line is the owner's aggregate, so portfolio; an index is benchmark. A whole schedule typed investment means the label was not read. evidence_quote takes the full printed line over the bare value: the line proves this number, the bare digits prove only that they occur somewhere on the page.",RESOLVED,A+B+ADJUDICATOR,8783ef3e2dc6cf061218360ff1c3db121d172543d661901b2d74131021935dc1
9271d90c7eeddd44baaa,SRC457,11,PAIR_6BCCBB5E426FAC98071FAC4D,CLASSIFICATION_CONFLICT,1143,1374,source_section|subject_type|asset_class|currency_scale|metric_name|evidence_quote,MERGE,"subject_type classifies what subject_name names: a named vehicle ('... , L.P.', an SMA, an LLC) is fund; a total or subtotal line is the owner's aggregate, so portfolio; an index is benchmark. A whole schedule typed investment means the label was not read. evidence_quote takes the full printed line over the bare value: the line proves this number, the bare digits prove only that they occur somewhere on the page.",RESOLVED,A+B+ADJUDICATOR,8783ef3e2dc6cf061218360ff1c3db121d172543d661901b2d74131021935dc1
db94a86042ce01f424f6,SRC457,11,PAIR_4A381ED20EF169F190A00507,CLASSIFICATION_CONFLICT,1144,1375,source_section|subject_type|asset_class|currency_scale|metric_name|evidence_quote,MERGE,"subject_type classifies what subject_name names: a named vehicle ('... , L.P.', an SMA, an LLC) is fund; a total or subtotal line is the owner's aggregate, so portfolio; an index is benchmark. A whole schedule typed investment means the label was not read. evidence_quote takes the full printed line over the bare value: the line proves this number, the bare digits prove only that they occur somewhere on the page.",RESOLVED,A+B+ADJUDICATOR,8783ef3e2dc6cf061218360ff1c3db121d172543d661901b2d74131021935dc1
d0ae1a01e6154724b579,SRC457,11,PAIR_F620E6D688D27C2E3579B363,CLASSIFICATION_CONFLICT,1145,1376,source_section|subject_type|asset_class|currency_scale|metric_name|evidence_quote,MERGE,"subject_type classifies what subject_name names: a named vehicle ('... , L.P.', an SMA, an LLC) is fund; a total or subtotal line is the owner's aggregate, so portfolio; an index is benchmark. A whole schedule typed investment means the label was not read. evidence_quote takes the full printed line over the bare value: the line proves this number, the bare digits prove only that they occur somewhere on the page.",RESOLVED,A+B+ADJUDICATOR,8783ef3e2dc6cf061218360ff1c3db121d172543d661901b2d74131021935dc1
cf3f8d2da6610078ff4e,SRC457,11,PAIR_9D1AC34A9FBDA329636222C7,CLASSIFICATION_CONFLICT,1146,1377,source_section|subject_type|asset_class|currency_scale|metric_name|evidence_quote,MERGE,"subject_type classifies what subject_name names: a named vehicle ('... , L.P.', an SMA, an LLC) is fund; a total or subtotal line is the owner's aggregate, so portfolio; an index is benchmark. A whole schedule typed investment means the label was not read. evidence_quote takes the full printed line over the bare value: the line proves this number, the bare digits prove only that they occur somewhere on the page.",RESOLVED,A+B+ADJUDICATOR,8783ef3e2dc6cf061218360ff1c3db121d172543d661901b2d74131021935dc1
ebbc74d905d00b0f8357,SRC457,11,PAIR_F62F1BDED92C8976C16EA276,CLASSIFICATION_CONFLICT,1147,1378,source_section|subject_type|asset_class|currency_scale|metric_name|evidence_quote,MERGE,"subject_type classifies what subject_name names: a named vehicle ('... , L.P.', an SMA, an LLC) is fund; a total or subtotal line is the owner's aggregate, so portfolio; an index is benchmark. A whole schedule typed investment means the label was not read. evidence_quote takes the full printed line over the bare value: the line proves this number, the bare digits prove only that they occur somewhere on the page.",RESOLVED,A+B+ADJUDICATOR,8783ef3e2dc6cf061218360ff1c3db121d172543d661901b2d74131021935dc1
799a42750e326dad281b,SRC457,11,PAIR_52E358256F998C46BA59647C,CLASSIFICATION_CONFLICT,1148,1379,source_section|subject_type|asset_class|currency_scale|metric_name|evidence_quote,MERGE,"subject_type classifies what subject_name names: a named vehicle ('... , L.P.', an SMA, an LLC) is fund; a total or subtotal line is the owner's aggregate, so portfolio; an index is benchmark. A whole schedule typed investment means the label was not read. evidence_quote takes the full printed line over the bare value: the line proves this number, the bare digits prove only that they occur somewhere on the page.",RESOLVED,A+B+ADJUDICATOR,8783ef3e2dc6cf061218360ff1c3db121d172543d661901b2d74131021935dc1
867b422184365eb35f68,SRC457,11,PAIR_A1F1A4A7F80182C3A76C790E,CLASSIFICATION_CONFLICT,1149,1380,source_section|subject_type|asset_class|currency_scale|metric_name|evidence_quote,MERGE,"subject_type classifies what subject_name names: a named vehicle ('... , L.P.', an SMA, an LLC) is fund; a total or subtotal line is the owner's aggregate, so portfolio; an index is benchmark. A whole schedule typed investment means the label was not read. evidence_quote takes the full printed line over the bare value: the line proves this number, the bare digits prove only that they occur somewhere on the page.",RESOLVED,A+B+ADJUDICATOR,8783ef3e2dc6cf061218360ff1c3db121d172543d661901b2d74131021935dc1
846a2e0df1bd4d6e9244,SRC457,11,PAIR_2CBD3057F11B54BDA179DB36,CLASSIFICATION_CONFLICT,1150,1381,source_section|subject_type|asset_class|currency_scale|metric_name|evidence_quote,MERGE,"subject_type classifies what subject_name names: a named vehicle ('... , L.P.', an SMA, an LLC) is fund; a total or subtotal line is the owner's aggregate, so portfolio; an index is benchmark. A whole schedule typed investment means the label was not read. evidence_quote takes the full printed line over the bare value: the line proves this number, the bare digits prove only that they occur somewhere on the page.",RESOLVED,A+B+ADJUDICATOR,8783ef3e2dc6cf061218360ff1c3db121d172543d661901b2d74131021935dc1
8c513319872f6dff165f,SRC457,11,PAIR_4BE55E05A0A26FEFB3F17937,CLASSIFICATION_CONFLICT,1151,1382,source_section|subject_type|asset_class|currency_scale|metric_name|evidence_quote,MERGE,"subject_type classifies what subject_name names: a named vehicle ('... , L.P.', an SMA, an LLC) is fund; a total or subtotal line is the owner's aggregate, so portfolio; an index is benchmark. A whole schedule typed investment means the label was not read. evidence_quote takes the full printed line over the bare value: the line proves this number, the bare digits prove only that they occur somewhere on the page.",RESOLVED,A+B+ADJUDICATOR,8783ef3e2dc6cf061218360ff1c3db121d172543d661901b2d74131021935dc1
5c9da67717f6bbb35438,SRC457,11,PAIR_6BE0DF3756DE5D29592A582F,CLASSIFICATION_CONFLICT,1152,1383,source_section|subject_type|asset_class|currency_scale|metric_name|evidence_quote,MERGE,"subject_type classifies what subject_name names: a named vehicle ('... , L.P.', an SMA, an LLC) is fund; a total or subtotal line is the owner's aggregate, so portfolio; an index is benchmark. A whole schedule typed investment means the label was not read. evidence_quote takes the full printed line over the bare value: the line proves this number, the bare digits prove only that they occur somewhere on the page.",RESOLVED,A+B+ADJUDICATOR,8783ef3e2dc6cf061218360ff1c3db121d172543d661901b2d74131021935dc1
9150302f2292be101291,SRC457,11,PAIR_CE8BB3ADFE20751CA5789A64,CLASSIFICATION_CONFLICT,1153,1384,source_section|subject_type|asset_class|currency_scale|metric_name|evidence_quote,MERGE,"subject_type classifies what subject_name names: a named vehicle ('... , L.P.', an SMA, an LLC) is fund; a total or subtotal line is the owner's aggregate, so portfolio; an index is benchmark. A whole schedule typed investment means the label was not read. evidence_quote takes the full printed line over the bare value: the line proves this number, the bare digits prove only that they occur somewhere on the page.",RESOLVED,A+B+ADJUDICATOR,8783ef3e2dc6cf061218360ff1c3db121d172543d661901b2d74131021935dc1
206c36d668dc04f55652,SRC457,11,PAIR_6CE036900F90640696E3C5A7,CLASSIFICATION_CONFLICT,1154,1385,source_section|subject_type|asset_class|currency_scale|metric_name|evidence_quote,MERGE,"subject_type classifies what subject_name names: a named vehicle ('... , L.P.', an SMA, an LLC) is fund; a total or subtotal line is the owner's aggregate, so portfolio; an index is benchmark. A whole schedule typed investment means the label was not read. evidence_quote takes the full printed line over the bare value: the line proves this number, the bare digits prove only that they occur somewhere on the page.",RESOLVED,A+B+ADJUDICATOR,8783ef3e2dc6cf061218360ff1c3db121d172543d661901b2d74131021935dc1
ead152629d1699d4d4bd,SRC457,11,PAIR_4D9C3A18129150DA675DB895,CLASSIFICATION_CONFLICT,1155,1386,source_section|subject_type|asset_class|currency_scale|metric_name|evidence_quote,MERGE,"subject_type classifies what subject_name names: a named vehicle ('... , L.P.', an SMA, an LLC) is fund; a total or subtotal line is the owner's aggregate, so portfolio; an index is benchmark. A whole schedule typed investment means the label was not read. evidence_quote takes the full printed line over the bare value: the line proves this number, the bare digits prove only that they occur somewhere on the page.",RESOLVED,A+B+ADJUDICATOR,8783ef3e2dc6cf061218360ff1c3db121d172543d661901b2d74131021935dc1
a9b40c8eeded23d6dce6,SRC457,11,PAIR_C43C14B046CAA8282C50979A,CLASSIFICATION_CONFLICT,1156,1387,source_section|subject_type|asset_class|currency_scale|metric_name|evidence_quote,MERGE,"subject_type classifies what subject_name names: a named vehicle ('... , L.P.', an SMA, an LLC) is fund; a total or subtotal line is the owner's aggregate, so portfolio; an index is benchmark. A whole schedule typed investment means the label was not read. evidence_quote takes the full printed line over the bare value: the line proves this number, the bare digits prove only that they occur somewhere on the page.",RESOLVED,A+B+ADJUDICATOR,8783ef3e2dc6cf061218360ff1c3db121d172543d661901b2d74131021935dc1
5e0e186dbb0a144ab964,SRC457,11,PAIR_919FB18124C44F9E8388C63F,CLASSIFICATION_CONFLICT,1157,1388,source_section|subject_type|asset_class|currency_scale|metric_name|evidence_quote,MERGE,"subject_type classifies what subject_name names: a named vehicle ('... , L.P.', an SMA, an LLC) is fund; a total or subtotal line is the owner's aggregate, so portfolio; an index is benchmark. A whole schedule typed investment means the label was not read. evidence_quote takes the full printed line over the bare value: the line proves this number, the bare digits prove only that they occur somewhere on the page.",RESOLVED,A+B+ADJUDICATOR,8783ef3e2dc6cf061218360ff1c3db121d172543d661901b2d74131021935dc1
05a500077876770a11fa,SRC457,12,PAIR_CB746DF22724AC69C8B50EBD,CLASSIFICATION_CONFLICT,1158,1389,source_section|subject_type|subject_name|as_of_date|horizon|evidence_quote,MERGE,"Family follows the table: this fund-by-fund schedule prints capital-account columns (Commitment, Unfunded, Market Value, PIC) beside the multiples and the SI IRR, so the extractor chooser makes the whole table fund_economics_observation, every column in it. A period label is never a subject_name; the quarter belongs in horizon. evidence_quote takes the full printed line over the bare value: the line proves this number, the bare digits prove only that they occur somewhere on the page.",RESOLVED,A+B+ADJUDICATOR,8783ef3e2dc6cf061218360ff1c3db121d172543d661901b2d74131021935dc1
50015627b420e45cf218,SRC457,12,,ADJUDICATOR_ADD,,,,ADD,"Recovered from page-012.png: the schedule prints eight value columns and both lanes took only the three cash-flow ones, leaving Reported Market Value, TVPI, IRR, DPI and RVPI unread on all 52 quarters. The table is fund_economics_observation because it prints contributed, distributed and remaining value with the multiples and IRR beside them, and every one of these categories is allowed there. The transcription is checked against the printed arithmetic: DPI plus RVPI equals TVPI on every row.",ADDED,ADJUDICATOR,8783ef3e2dc6cf061218360ff1c3db121d172543d661901b2d74131021935dc1
7d20c54cfb59d98d2284,SRC457,12,,ADJUDICATOR_ADD,,,,ADD,"Recovered from page-012.png: the schedule prints eight value columns and both lanes took only the three cash-flow ones, leaving Reported Market Value, TVPI, IRR, DPI and RVPI unread on all 52 quarters. The table is fund_economics_observation because it prints contributed, distributed and remaining value with the multiples and IRR beside them, and every one of these categories is allowed there. The transcription is checked against the printed arithmetic: DPI plus RVPI equals TVPI on every row.; Source review: p13: The calculation is net of management fees and the general partner’s carried interest. (The glossary defines the reported IRR as net.) | p13: The calculation is net of management fees and the general partner’s carried interest. (Printed heading or definition supporting the source-reviewed qualifier.)",ADDED,ADJUDICATOR,8783ef3e2dc6cf061218360ff1c3db121d172543d661901b2d74131021935dc1
86315a5c31e827b90343,SRC457,12,,ADJUDICATOR_ADD,,,,ADD,"Recovered from page-012.png: the schedule prints eight value columns and both lanes took only the three cash-flow ones, leaving Reported Market Value, TVPI, IRR, DPI and RVPI unread on all 52 quarters. The table is fund_economics_observation because it prints contributed, distributed and remaining value with the multiples and IRR beside them, and every one of these categories is allowed there. The transcription is checked against the printed arithmetic: DPI plus RVPI equals TVPI on every row.; Source review: p12: Summary of Portfolio Cash Flows (The table reports the combined private-investment portfolio.) | p12: Summary of Portfolio Cash Flows (Printed heading or definition supporting the source-reviewed qualifier.) | p12: Summary of Portfolio Cash Flows (Supersedes SR2382: the printed entity or table label is context, not a measurement basis; source labels retain its scope.)",ADDED,ADJUDICATOR,8783ef3e2dc6cf061218360ff1c3db121d172543d661901b2d74131021935dc1
9b94718aaa34edd33c86,SRC457,12,,ADJUDICATOR_ADD,,,,ADD,"Recovered from page-012.png: the schedule prints eight value columns and both lanes took only the three cash-flow ones, leaving Reported Market Value, TVPI, IRR, DPI and RVPI unread on all 52 quarters. The table is fund_economics_observation because it prints contributed, distributed and remaining value with the multiples and IRR beside them, and every one of these categories is allowed there. The transcription is checked against the printed arithmetic: DPI plus RVPI equals TVPI on every row.",ADDED,ADJUDICATOR,8783ef3e2dc6cf061218360ff1c3db121d172543d661901b2d74131021935dc1
1dbdf19b2e58aa2ab24d,SRC457,12,,ADJUDICATOR_ADD,,,,ADD,"Recovered from page-012.png: the schedule prints eight value columns and both lanes took only the three cash-flow ones, leaving Reported Market Value, TVPI, IRR, DPI and RVPI unread on all 52 quarters. The table is fund_economics_observation because it prints contributed, distributed and remaining value with the multiples and IRR beside them, and every one of these categories is allowed there. The transcription is checked against the printed arithmetic: DPI plus RVPI equals TVPI on every row.",ADDED,ADJUDICATOR,8783ef3e2dc6cf061218360ff1c3db121d172543d661901b2d74131021935dc1
561aa806e5a8e555b66f,SRC457,12,PAIR_851CBBD4B2B8CCBDB432B7A8,CLASSIFICATION_CONFLICT,1160,1391,source_section|subject_type|subject_name|as_of_date|horizon|evidence_quote,MERGE,"Family follows the table: this fund-by-fund schedule prints capital-account columns (Commitment, Unfunded, Market Value, PIC) beside the multiples and the SI IRR, so the extractor chooser makes the whole table fund_economics_observation, every column in it. A period label is never a subject_name; the quarter belongs in horizon. evidence_quote takes the full printed line over the bare value: the line proves this number, the bare digits prove only that they occur somewhere on the page.",RESOLVED,A+B+ADJUDICATOR,8783ef3e2dc6cf061218360ff1c3db121d172543d661901b2d74131021935dc1
ede248edc972b4db04e2,SRC457,12,PAIR_DB0E323CD1C626B2956E15E2,CLASSIFICATION_CONFLICT,1161,1392,source_section|subject_type|subject_name|as_of_date|horizon|evidence_quote,MERGE,"Family follows the table: this fund-by-fund schedule prints capital-account columns (Commitment, Unfunded, Market Value, PIC) beside the multiples and the SI IRR, so the extractor chooser makes the whole table fund_economics_observation, every column in it. A period label is never a subject_name; the quarter belongs in horizon. evidence_quote takes the full printed line over the bare value: the line proves this number, the bare digits prove only that they occur somewhere on the page.",RESOLVED,A+B+ADJUDICATOR,8783ef3e2dc6cf061218360ff1c3db121d172543d661901b2d74131021935dc1
a3866b4035f27f19b74b,SRC457,12,,ADJUDICATOR_ADD,,,,ADD,"Recovered from page-012.png: the schedule prints eight value columns and both lanes took only the three cash-flow ones, leaving Reported Market Value, TVPI, IRR, DPI and RVPI unread on all 52 quarters. The table is fund_economics_observation because it prints contributed, distributed and remaining value with the multiples and IRR beside them, and every one of these categories is allowed there. The transcription is checked against the printed arithmetic: DPI plus RVPI equals TVPI on every row.",ADDED,ADJUDICATOR,8783ef3e2dc6cf061218360ff1c3db121d172543d661901b2d74131021935dc1
665862aa8d110549f872,SRC457,12,,ADJUDICATOR_ADD,,,,ADD,"Recovered from page-012.png: the schedule prints eight value columns and both lanes took only the three cash-flow ones, leaving Reported Market Value, TVPI, IRR, DPI and RVPI unread on all 52 quarters. The table is fund_economics_observation because it prints contributed, distributed and remaining value with the multiples and IRR beside them, and every one of these categories is allowed there. The transcription is checked against the printed arithmetic: DPI plus RVPI equals TVPI on every row.; Source review: p13: The calculation is net of management fees and the general partner’s carried interest. (The glossary defines the reported IRR as net.) | p13: The calculation is net of management fees and the general partner’s carried interest. (Printed heading or definition supporting the source-reviewed qualifier.)",ADDED,ADJUDICATOR,8783ef3e2dc6cf061218360ff1c3db121d172543d661901b2d74131021935dc1
47cded92d55ee1416184,SRC457,12,,ADJUDICATOR_ADD,,,,ADD,"Recovered from page-012.png: the schedule prints eight value columns and both lanes took only the three cash-flow ones, leaving Reported Market Value, TVPI, IRR, DPI and RVPI unread on all 52 quarters. The table is fund_economics_observation because it prints contributed, distributed and remaining value with the multiples and IRR beside them, and every one of these categories is allowed there. The transcription is checked against the printed arithmetic: DPI plus RVPI equals TVPI on every row.; Source review: p12: Summary of Portfolio Cash Flows (The table reports the combined private-investment portfolio.) | p12: Summary of Portfolio Cash Flows (Printed heading or definition supporting the source-reviewed qualifier.) | p12: Summary of Portfolio Cash Flows (Supersedes SR2384: the printed entity or table label is context, not a measurement basis; source labels retain its scope.)",ADDED,ADJUDICATOR,8783ef3e2dc6cf061218360ff1c3db121d172543d661901b2d74131021935dc1
836621a6f1873c6f608d,SRC457,12,,ADJUDICATOR_ADD,,,,ADD,"Recovered from page-012.png: the schedule prints eight value columns and both lanes took only the three cash-flow ones, leaving Reported Market Value, TVPI, IRR, DPI and RVPI unread on all 52 quarters. The table is fund_economics_observation because it prints contributed, distributed and remaining value with the multiples and IRR beside them, and every one of these categories is allowed there. The transcription is checked against the printed arithmetic: DPI plus RVPI equals TVPI on every row.",ADDED,ADJUDICATOR,8783ef3e2dc6cf061218360ff1c3db121d172543d661901b2d74131021935dc1
751dc4383cedcf1ea0ed,SRC457,12,,ADJUDICATOR_ADD,,,,ADD,"Recovered from page-012.png: the schedule prints eight value columns and both lanes took only the three cash-flow ones, leaving Reported Market Value, TVPI, IRR, DPI and RVPI unread on all 52 quarters. The table is fund_economics_observation because it prints contributed, distributed and remaining value with the multiples and IRR beside them, and every one of these categories is allowed there. The transcription is checked against the printed arithmetic: DPI plus RVPI equals TVPI on every row.",ADDED,ADJUDICATOR,8783ef3e2dc6cf061218360ff1c3db121d172543d661901b2d74131021935dc1
7ca30542db3dcb4f2947,SRC457,12,PAIR_AFA5289E4579013009FBD1BD,CLASSIFICATION_CONFLICT,1163,1394,source_section|subject_type|subject_name|as_of_date|horizon|evidence_quote,MERGE,"Family follows the table: this fund-by-fund schedule prints capital-account columns (Commitment, Unfunded, Market Value, PIC) beside the multiples and the SI IRR, so the extractor chooser makes the whole table fund_economics_observation, every column in it. A period label is never a subject_name; the quarter belongs in horizon. evidence_quote takes the full printed line over the bare value: the line proves this number, the bare digits prove only that they occur somewhere on the page.",RESOLVED,A+B+ADJUDICATOR,8783ef3e2dc6cf061218360ff1c3db121d172543d661901b2d74131021935dc1
3aa8016860502bfe237b,SRC457,12,PAIR_B62BD4F2C02E7C707403BA6E,CLASSIFICATION_CONFLICT,1164,1395,source_section|subject_type|subject_name|as_of_date|horizon|evidence_quote,MERGE,"Family follows the table: this fund-by-fund schedule prints capital-account columns (Commitment, Unfunded, Market Value, PIC) beside the multiples and the SI IRR, so the extractor chooser makes the whole table fund_economics_observation, every column in it. A period label is never a subject_name; the quarter belongs in horizon. evidence_quote takes the full printed line over the bare value: the line proves this number, the bare digits prove only that they occur somewhere on the page.",RESOLVED,A+B+ADJUDICATOR,8783ef3e2dc6cf061218360ff1c3db121d172543d661901b2d74131021935dc1
f96dc4f1701d89293ebb,SRC457,12,,ADJUDICATOR_ADD,,,,ADD,"Recovered from page-012.png: the schedule prints eight value columns and both lanes took only the three cash-flow ones, leaving Reported Market Value, TVPI, IRR, DPI and RVPI unread on all 52 quarters. The table is fund_economics_observation because it prints contributed, distributed and remaining value with the multiples and IRR beside them, and every one of these categories is allowed there. The transcription is checked against the printed arithmetic: DPI plus RVPI equals TVPI on every row.",ADDED,ADJUDICATOR,8783ef3e2dc6cf061218360ff1c3db121d172543d661901b2d74131021935dc1
bdcd321ec582b5f3ee32,SRC457,12,,ADJUDICATOR_ADD,,,,ADD,"Recovered from page-012.png: the schedule prints eight value columns and both lanes took only the three cash-flow ones, leaving Reported Market Value, TVPI, IRR, DPI and RVPI unread on all 52 quarters. The table is fund_economics_observation because it prints contributed, distributed and remaining value with the multiples and IRR beside them, and every one of these categories is allowed there. The transcription is checked against the printed arithmetic: DPI plus RVPI equals TVPI on every row.; Source review: p13: The calculation is net of management fees and the general partner’s carried interest. (The glossary defines the reported IRR as net.) | p13: The calculation is net of management fees and the general partner’s carried interest. (Printed heading or definition supporting the source-reviewed qualifier.)",ADDED,ADJUDICATOR,8783ef3e2dc6cf061218360ff1c3db121d172543d661901b2d74131021935dc1
68b4b2f7afef6a625218,SRC457,12,,ADJUDICATOR_ADD,,,,ADD,"Recovered from page-012.png: the schedule prints eight value columns and both lanes took only the three cash-flow ones, leaving Reported Market Value, TVPI, IRR, DPI and RVPI unread on all 52 quarters. The table is fund_economics_observation because it prints contributed, distributed and remaining value with the multiples and IRR beside them, and every one of these categories is allowed there. The transcription is checked against the printed arithmetic: DPI plus RVPI equals TVPI on every row.; Source review: p12: Summary of Portfolio Cash Flows (The table reports the combined private-investment portfolio.) | p12: Summary of Portfolio Cash Flows (Printed heading or definition supporting the source-reviewed qualifier.) | p12: Summary of Portfolio Cash Flows (Supersedes SR2386: the printed entity or table label is context, not a measurement basis; source labels retain its scope.)",ADDED,ADJUDICATOR,8783ef3e2dc6cf061218360ff1c3db121d172543d661901b2d74131021935dc1
e9d7d146077ab84606db,SRC457,12,,ADJUDICATOR_ADD,,,,ADD,"Recovered from page-012.png: the schedule prints eight value columns and both lanes took only the three cash-flow ones, leaving Reported Market Value, TVPI, IRR, DPI and RVPI unread on all 52 quarters. The table is fund_economics_observation because it prints contributed, distributed and remaining value with the multiples and IRR beside them, and every one of these categories is allowed there. The transcription is checked against the printed arithmetic: DPI plus RVPI equals TVPI on every row.",ADDED,ADJUDICATOR,8783ef3e2dc6cf061218360ff1c3db121d172543d661901b2d74131021935dc1
e1b190ec75d2525a27ec,SRC457,12,,ADJUDICATOR_ADD,,,,ADD,"Recovered from page-012.png: the schedule prints eight value columns and both lanes took only the three cash-flow ones, leaving Reported Market Value, TVPI, IRR, DPI and RVPI unread on all 52 quarters. The table is fund_economics_observation because it prints contributed, distributed and remaining value with the multiples and IRR beside them, and every one of these categories is allowed there. The transcription is checked against the printed arithmetic: DPI plus RVPI equals TVPI on every row.",ADDED,ADJUDICATOR,8783ef3e2dc6cf061218360ff1c3db121d172543d661901b2d74131021935dc1
d50ec6d67bb34b00e0e2,SRC457,12,PAIR_845539CD365C9E94670DEBB3,CLASSIFICATION_CONFLICT,1166,1397,source_section|subject_type|subject_name|as_of_date|horizon|evidence_quote,MERGE,"Family follows the table: this fund-by-fund schedule prints capital-account columns (Commitment, Unfunded, Market Value, PIC) beside the multiples and the SI IRR, so the extractor chooser makes the whole table fund_economics_observation, every column in it. A period label is never a subject_name; the quarter belongs in horizon. evidence_quote takes the full printed line over the bare value: the line proves this number, the bare digits prove only that they occur somewhere on the page.",RESOLVED,A+B+ADJUDICATOR,8783ef3e2dc6cf061218360ff1c3db121d172543d661901b2d74131021935dc1
58ad396723ce24fa603b,SRC457,12,PAIR_6B44FDF6E199E9C09FB42DCD,CLASSIFICATION_CONFLICT,1167,1398,source_section|subject_type|subject_name|as_of_date|horizon|evidence_quote,MERGE,"Family follows the table: this fund-by-fund schedule prints capital-account columns (Commitment, Unfunded, Market Value, PIC) beside the multiples and the SI IRR, so the extractor chooser makes the whole table fund_economics_observation, every column in it. A period label is never a subject_name; the quarter belongs in horizon. evidence_quote takes the full printed line over the bare value: the line proves this number, the bare digits prove only that they occur somewhere on the page.",RESOLVED,A+B+ADJUDICATOR,8783ef3e2dc6cf061218360ff1c3db121d172543d661901b2d74131021935dc1
fc743f0d6d8c3c2fe25a,SRC457,12,,ADJUDICATOR_ADD,,,,ADD,"Recovered from page-012.png: the schedule prints eight value columns and both lanes took only the three cash-flow ones, leaving Reported Market Value, TVPI, IRR, DPI and RVPI unread on all 52 quarters. The table is fund_economics_observation because it prints contributed, distributed and remaining value with the multiples and IRR beside them, and every one of these categories is allowed there. The transcription is checked against the printed arithmetic: DPI plus RVPI equals TVPI on every row.",ADDED,ADJUDICATOR,8783ef3e2dc6cf061218360ff1c3db121d172543d661901b2d74131021935dc1
0337b533cf5edd38ab00,SRC457,12,,ADJUDICATOR_ADD,,,,ADD,"Recovered from page-012.png: the schedule prints eight value columns and both lanes took only the three cash-flow ones, leaving Reported Market Value, TVPI, IRR, DPI and RVPI unread on all 52 quarters. The table is fund_economics_observation because it prints contributed, distributed and remaining value with the multiples and IRR beside them, and every one of these categories is allowed there. The transcription is checked against the printed arithmetic: DPI plus RVPI equals TVPI on every row.; Source review: p13: The calculation is net of management fees and the general partner’s carried interest. (The glossary defines the reported IRR as net.) | p13: The calculation is net of management fees and the general partner’s carried interest. (Printed heading or definition supporting the source-reviewed qualifier.)",ADDED,ADJUDICATOR,8783ef3e2dc6cf061218360ff1c3db121d172543d661901b2d74131021935dc1
081d4b75e6551be7976c,SRC457,12,,ADJUDICATOR_ADD,,,,ADD,"Recovered from page-012.png: the schedule prints eight value columns and both lanes took only the three cash-flow ones, leaving Reported Market Value, TVPI, IRR, DPI and RVPI unread on all 52 quarters. The table is fund_economics_observation because it prints contributed, distributed and remaining value with the multiples and IRR beside them, and every one of these categories is allowed there. The transcription is checked against the printed arithmetic: DPI plus RVPI equals TVPI on every row.; Source review: p12: Summary of Portfolio Cash Flows (The table reports the combined private-investment portfolio.) | p12: Summary of Portfolio Cash Flows (Printed heading or definition supporting the source-reviewed qualifier.) | p12: Summary of Portfolio Cash Flows (Supersedes SR2388: the printed entity or table label is context, not a measurement basis; source labels retain its scope.)",ADDED,ADJUDICATOR,8783ef3e2dc6cf061218360ff1c3db121d172543d661901b2d74131021935dc1
96fd55c8ad570a1152fa,SRC457,12,,ADJUDICATOR_ADD,,,,ADD,"Recovered from page-012.png: the schedule prints eight value columns and both lanes took only the three cash-flow ones, leaving Reported Market Value, TVPI, IRR, DPI and RVPI unread on all 52 quarters. The table is fund_economics_observation because it prints contributed, distributed and remaining value with the multiples and IRR beside them, and every one of these categories is allowed there. The transcription is checked against the printed arithmetic: DPI plus RVPI equals TVPI on every row.",ADDED,ADJUDICATOR,8783ef3e2dc6cf061218360ff1c3db121d172543d661901b2d74131021935dc1
5bc7ad913065be4ec4fe,SRC457,12,,ADJUDICATOR_ADD,,,,ADD,"Recovered from page-012.png: the schedule prints eight value columns and both lanes took only the three cash-flow ones, leaving Reported Market Value, TVPI, IRR, DPI and RVPI unread on all 52 quarters. The table is fund_economics_observation because it prints contributed, distributed and remaining value with the multiples and IRR beside them, and every one of these categories is allowed there. The transcription is checked against the printed arithmetic: DPI plus RVPI equals TVPI on every row.",ADDED,ADJUDICATOR,8783ef3e2dc6cf061218360ff1c3db121d172543d661901b2d74131021935dc1
dcbe06c8900eb0b4fbe6,SRC457,12,PAIR_7A2083B2097A6692B616DB74,CLASSIFICATION_CONFLICT,1169,1400,source_section|subject_type|subject_name|as_of_date|horizon|evidence_quote,MERGE,"Family follows the table: this fund-by-fund schedule prints capital-account columns (Commitment, Unfunded, Market Value, PIC) beside the multiples and the SI IRR, so the extractor chooser makes the whole table fund_economics_observation, every column in it. A period label is never a subject_name; the quarter belongs in horizon. evidence_quote takes the full printed line over the bare value: the line proves this number, the bare digits prove only that they occur somewhere on the page.",RESOLVED,A+B+ADJUDICATOR,8783ef3e2dc6cf061218360ff1c3db121d172543d661901b2d74131021935dc1
78756669564d80d3ffd5,SRC457,12,PAIR_8438AEF6BBB316BBBCDA1B0C,CLASSIFICATION_CONFLICT,1170,1401,source_section|subject_type|subject_name|as_of_date|horizon|evidence_quote,MERGE,"Family follows the table: this fund-by-fund schedule prints capital-account columns (Commitment, Unfunded, Market Value, PIC) beside the multiples and the SI IRR, so the extractor chooser makes the whole table fund_economics_observation, every column in it. A period label is never a subject_name; the quarter belongs in horizon. evidence_quote takes the full printed line over the bare value: the line proves this number, the bare digits prove only that they occur somewhere on the page.",RESOLVED,A+B+ADJUDICATOR,8783ef3e2dc6cf061218360ff1c3db121d172543d661901b2d74131021935dc1
d1f4f6cf359ae7462bdc,SRC457,12,,ADJUDICATOR_ADD,,,,ADD,"Recovered from page-012.png: the schedule prints eight value columns and both lanes took only the three cash-flow ones, leaving Reported Market Value, TVPI, IRR, DPI and RVPI unread on all 52 quarters. The table is fund_economics_observation because it prints contributed, distributed and remaining value with the multiples and IRR beside them, and every one of these categories is allowed there. The transcription is checked against the printed arithmetic: DPI plus RVPI equals TVPI on every row.",ADDED,ADJUDICATOR,8783ef3e2dc6cf061218360ff1c3db121d172543d661901b2d74131021935dc1
d2389dad013e5e645298,SRC457,12,,ADJUDICATOR_ADD,,,,ADD,"Recovered from page-012.png: the schedule prints eight value columns and both lanes took only the three cash-flow ones, leaving Reported Market Value, TVPI, IRR, DPI and RVPI unread on all 52 quarters. The table is fund_economics_observation because it prints contributed, distributed and remaining value with the multiples and IRR beside them, and every one of these categories is allowed there. The transcription is checked against the printed arithmetic: DPI plus RVPI equals TVPI on every row.; Source review: p13: The calculation is net of management fees and the general partner’s carried interest. (The glossary defines the reported IRR as net.) | p13: The calculation is net of management fees and the general partner’s carried interest. (Printed heading or definition supporting the source-reviewed qualifier.)",ADDED,ADJUDICATOR,8783ef3e2dc6cf061218360ff1c3db121d172543d661901b2d74131021935dc1
3fdc6f7694f043996599,SRC457,12,,ADJUDICATOR_ADD,,,,ADD,"Recovered from page-012.png: the schedule prints eight value columns and both lanes took only the three cash-flow ones, leaving Reported Market Value, TVPI, IRR, DPI and RVPI unread on all 52 quarters. The table is fund_economics_observation because it prints contributed, distributed and remaining value with the multiples and IRR beside them, and every one of these categories is allowed there. The transcription is checked against the printed arithmetic: DPI plus RVPI equals TVPI on every row.; Source review: p12: Summary of Portfolio Cash Flows (The table reports the combined private-investment portfolio.) | p12: Summary of Portfolio Cash Flows (Printed heading or definition supporting the source-reviewed qualifier.) | p12: Summary of Portfolio Cash Flows (Supersedes SR2390: the printed entity or table label is context, not a measurement basis; source labels retain its scope.)",ADDED,ADJUDICATOR,8783ef3e2dc6cf061218360ff1c3db121d172543d661901b2d74131021935dc1
264205922d9895366255,SRC457,12,,ADJUDICATOR_ADD,,,,ADD,"Recovered from page-012.png: the schedule prints eight value columns and both lanes took only the three cash-flow ones, leaving Reported Market Value, TVPI, IRR, DPI and RVPI unread on all 52 quarters. The table is fund_economics_observation because it prints contributed, distributed and remaining value with the multiples and IRR beside them, and every one of these categories is allowed there. The transcription is checked against the printed arithmetic: DPI plus RVPI equals TVPI on every row.",ADDED,ADJUDICATOR,8783ef3e2dc6cf061218360ff1c3db121d172543d661901b2d74131021935dc1
8967c3f07fc9a4371a6f,SRC457,12,,ADJUDICATOR_ADD,,,,ADD,"Recovered from page-012.png: the schedule prints eight value columns and both lanes took only the three cash-flow ones, leaving Reported Market Value, TVPI, IRR, DPI and RVPI unread on all 52 quarters. The table is fund_economics_observation because it prints contributed, distributed and remaining value with the multiples and IRR beside them, and every one of these categories is allowed there. The transcription is checked against the printed arithmetic: DPI plus RVPI equals TVPI on every row.",ADDED,ADJUDICATOR,8783ef3e2dc6cf061218360ff1c3db121d172543d661901b2d74131021935dc1
3d3ee45451cd157843cf,SRC457,12,PAIR_FE793140D5694F934ED36213,CLASSIFICATION_CONFLICT,1172,1403,source_section|subject_type|subject_name|as_of_date|horizon|evidence_quote,MERGE,"Family follows the table: this fund-by-fund schedule prints capital-account columns (Commitment, Unfunded, Market Value, PIC) beside the multiples and the SI IRR, so the extractor chooser makes the whole table fund_economics_observation, every column in it. A period label is never a subject_name; the quarter belongs in horizon. evidence_quote takes the full printed line over the bare value: the line proves this number, the bare digits prove only that they occur somewhere on the page.",RESOLVED,A+B+ADJUDICATOR,8783ef3e2dc6cf061218360ff1c3db121d172543d661901b2d74131021935dc1
94a41c39386f7bfbb37a,SRC457,12,PAIR_436EFC3A38C5D3FFB8E6935D,CLASSIFICATION_CONFLICT,1173,1404,source_section|subject_type|subject_name|as_of_date|horizon|evidence_quote,MERGE,"Family follows the table: this fund-by-fund schedule prints capital-account columns (Commitment, Unfunded, Market Value, PIC) beside the multiples and the SI IRR, so the extractor chooser makes the whole table fund_economics_observation, every column in it. A period label is never a subject_name; the quarter belongs in horizon. evidence_quote takes the full printed line over the bare value: the line proves this number, the bare digits prove only that they occur somewhere on the page.",RESOLVED,A+B+ADJUDICATOR,8783ef3e2dc6cf061218360ff1c3db121d172543d661901b2d74131021935dc1
aca273330b1a8925e6a3,SRC457,12,,ADJUDICATOR_ADD,,,,ADD,"Recovered from page-012.png: the schedule prints eight value columns and both lanes took only the three cash-flow ones, leaving Reported Market Value, TVPI, IRR, DPI and RVPI unread on all 52 quarters. The table is fund_economics_observation because it prints contributed, distributed and remaining value with the multiples and IRR beside them, and every one of these categories is allowed there. The transcription is checked against the printed arithmetic: DPI plus RVPI equals TVPI on every row.",ADDED,ADJUDICATOR,8783ef3e2dc6cf061218360ff1c3db121d172543d661901b2d74131021935dc1
87baed4c73c2d05c8c4c,SRC457,12,,ADJUDICATOR_ADD,,,,ADD,"Recovered from page-012.png: the schedule prints eight value columns and both lanes took only the three cash-flow ones, leaving Reported Market Value, TVPI, IRR, DPI and RVPI unread on all 52 quarters. The table is fund_economics_observation because it prints contributed, distributed and remaining value with the multiples and IRR beside them, and every one of these categories is allowed there. The transcription is checked against the printed arithmetic: DPI plus RVPI equals TVPI on every row.; Source review: p13: The calculation is net of management fees and the general partner’s carried interest. (The glossary defines the reported IRR as net.) | p13: The calculation is net of management fees and the general partner’s carried interest. (Printed heading or definition supporting the source-reviewed qualifier.)",ADDED,ADJUDICATOR,8783ef3e2dc6cf061218360ff1c3db121d172543d661901b2d74131021935dc1
18ce17afddcd3eb46ffb,SRC457,12,,ADJUDICATOR_ADD,,,,ADD,"Recovered from page-012.png: the schedule prints eight value columns and both lanes took only the three cash-flow ones, leaving Reported Market Value, TVPI, IRR, DPI and RVPI unread on all 52 quarters. The table is fund_economics_observation because it prints contributed, distributed and remaining value with the multiples and IRR beside them, and every one of these categories is allowed there. The transcription is checked against the printed arithmetic: DPI plus RVPI equals TVPI on every row.; Source review: p12: Summary of Portfolio Cash Flows (The table reports the combined private-investment portfolio.) | p12: Summary of Portfolio Cash Flows (Printed heading or definition supporting the source-reviewed qualifier.) | p12: Summary of Portfolio Cash Flows (Supersedes SR2392: the printed entity or table label is context, not a measurement basis; source labels retain its scope.)",ADDED,ADJUDICATOR,8783ef3e2dc6cf061218360ff1c3db121d172543d661901b2d74131021935dc1
47dd8aeaaa6d0af0dd8f,SRC457,12,,ADJUDICATOR_ADD,,,,ADD,"Recovered from page-012.png: the schedule prints eight value columns and both lanes took only the three cash-flow ones, leaving Reported Market Value, TVPI, IRR, DPI and RVPI unread on all 52 quarters. The table is fund_economics_observation because it prints contributed, distributed and remaining value with the multiples and IRR beside them, and every one of these categories is allowed there. The transcription is checked against the printed arithmetic: DPI plus RVPI equals TVPI on every row.",ADDED,ADJUDICATOR,8783ef3e2dc6cf061218360ff1c3db121d172543d661901b2d74131021935dc1
189e0aceb5196a9d6422,SRC457,12,,ADJUDICATOR_ADD,,,,ADD,"Recovered from page-012.png: the schedule prints eight value columns and both lanes took only the three cash-flow ones, leaving Reported Market Value, TVPI, IRR, DPI and RVPI unread on all 52 quarters. The table is fund_economics_observation because it prints contributed, distributed and remaining value with the multiples and IRR beside them, and every one of these categories is allowed there. The transcription is checked against the printed arithmetic: DPI plus RVPI equals TVPI on every row.",ADDED,ADJUDICATOR,8783ef3e2dc6cf061218360ff1c3db121d172543d661901b2d74131021935dc1
0110e7851072316a669d,SRC457,12,PAIR_4FD7713E4CA1524E943B5B06,CLASSIFICATION_CONFLICT,1175,1406,source_section|subject_type|subject_name|as_of_date|horizon|evidence_quote,MERGE,"Family follows the table: this fund-by-fund schedule prints capital-account columns (Commitment, Unfunded, Market Value, PIC) beside the multiples and the SI IRR, so the extractor chooser makes the whole table fund_economics_observation, every column in it. A period label is never a subject_name; the quarter belongs in horizon. evidence_quote takes the full printed line over the bare value: the line proves this number, the bare digits prove only that they occur somewhere on the page.",RESOLVED,A+B+ADJUDICATOR,8783ef3e2dc6cf061218360ff1c3db121d172543d661901b2d74131021935dc1
9543594676861aaaac4a,SRC457,12,PAIR_4FA2D252F6BEE580FB5F566A,CLASSIFICATION_CONFLICT,1176,1407,source_section|subject_type|subject_name|as_of_date|horizon|evidence_quote,MERGE,"Family follows the table: this fund-by-fund schedule prints capital-account columns (Commitment, Unfunded, Market Value, PIC) beside the multiples and the SI IRR, so the extractor chooser makes the whole table fund_economics_observation, every column in it. A period label is never a subject_name; the quarter belongs in horizon. evidence_quote takes the full printed line over the bare value: the line proves this number, the bare digits prove only that they occur somewhere on the page.",RESOLVED,A+B+ADJUDICATOR,8783ef3e2dc6cf061218360ff1c3db121d172543d661901b2d74131021935dc1
43496f009e3e342a5c3c,SRC457,12,,ADJUDICATOR_ADD,,,,ADD,"Recovered from page-012.png: the schedule prints eight value columns and both lanes took only the three cash-flow ones, leaving Reported Market Value, TVPI, IRR, DPI and RVPI unread on all 52 quarters. The table is fund_economics_observation because it prints contributed, distributed and remaining value with the multiples and IRR beside them, and every one of these categories is allowed there. The transcription is checked against the printed arithmetic: DPI plus RVPI equals TVPI on every row.",ADDED,ADJUDICATOR,8783ef3e2dc6cf061218360ff1c3db121d172543d661901b2d74131021935dc1
2c4f732ff085845b6ae0,SRC457,12,,ADJUDICATOR_ADD,,,,ADD,"Recovered from page-012.png: the schedule prints eight value columns and both lanes took only the three cash-flow ones, leaving Reported Market Value, TVPI, IRR, DPI and RVPI unread on all 52 quarters. The table is fund_economics_observation because it prints contributed, distributed and remaining value with the multiples and IRR beside them, and every one of these categories is allowed there. The transcription is checked against the printed arithmetic: DPI plus RVPI equals TVPI on every row.; Source review: p13: The calculation is net of management fees and the general partner’s carried interest. (The glossary defines the reported IRR as net.) | p13: The calculation is net of management fees and the general partner’s carried interest. (Printed heading or definition supporting the source-reviewed qualifier.)",ADDED,ADJUDICATOR,8783ef3e2dc6cf061218360ff1c3db121d172543d661901b2d74131021935dc1
b09ba3390b89b6582151,SRC457,12,,ADJUDICATOR_ADD,,,,ADD,"Recovered from page-012.png: the schedule prints eight value columns and both lanes took only the three cash-flow ones, leaving Reported Market Value, TVPI, IRR, DPI and RVPI unread on all 52 quarters. The table is fund_economics_observation because it prints contributed, distributed and remaining value with the multiples and IRR beside them, and every one of these categories is allowed there. The transcription is checked against the printed arithmetic: DPI plus RVPI equals TVPI on every row.; Source review: p12: Summary of Portfolio Cash Flows (The table reports the combined private-investment portfolio.) | p12: Summary of Portfolio Cash Flows (Printed heading or definition supporting the source-reviewed qualifier.) | p12: Summary of Portfolio Cash Flows (Supersedes SR2394: the printed entity or table label is context, not a measurement basis; source labels retain its scope.)",ADDED,ADJUDICATOR,8783ef3e2dc6cf061218360ff1c3db121d172543d661901b2d74131021935dc1
a3d1dce585133af22df6,SRC457,12,,ADJUDICATOR_ADD,,,,ADD,"Recovered from page-012.png: the schedule prints eight value columns and both lanes took only the three cash-flow ones, leaving Reported Market Value, TVPI, IRR, DPI and RVPI unread on all 52 quarters. The table is fund_economics_observation because it prints contributed, distributed and remaining value with the multiples and IRR beside them, and every one of these categories is allowed there. The transcription is checked against the printed arithmetic: DPI plus RVPI equals TVPI on every row.",ADDED,ADJUDICATOR,8783ef3e2dc6cf061218360ff1c3db121d172543d661901b2d74131021935dc1
7d7099a8350ba546dc00,SRC457,12,,ADJUDICATOR_ADD,,,,ADD,"Recovered from page-012.png: the schedule prints eight value columns and both lanes took only the three cash-flow ones, leaving Reported Market Value, TVPI, IRR, DPI and RVPI unread on all 52 quarters. The table is fund_economics_observation because it prints contributed, distributed and remaining value with the multiples and IRR beside them, and every one of these categories is allowed there. The transcription is checked against the printed arithmetic: DPI plus RVPI equals TVPI on every row.",ADDED,ADJUDICATOR,8783ef3e2dc6cf061218360ff1c3db121d172543d661901b2d74131021935dc1
5140efbbfd1ce132f5ff,SRC457,12,PAIR_9895CFD43622F35610C40A67,CLASSIFICATION_CONFLICT,1178,1409,source_section|subject_type|subject_name|as_of_date|horizon|evidence_quote,MERGE,"Family follows the table: this fund-by-fund schedule prints capital-account columns (Commitment, Unfunded, Market Value, PIC) beside the multiples and the SI IRR, so the extractor chooser makes the whole table fund_economics_observation, every column in it. A period label is never a subject_name; the quarter belongs in horizon. evidence_quote takes the full printed line over the bare value: the line proves this number, the bare digits prove only that they occur somewhere on the page.",RESOLVED,A+B+ADJUDICATOR,8783ef3e2dc6cf061218360ff1c3db121d172543d661901b2d74131021935dc1
9c95171826b0e3b6195e,SRC457,12,PAIR_9F325811997B1D9CD73DCD3A,CLASSIFICATION_CONFLICT,1179,1410,source_section|subject_type|subject_name|as_of_date|horizon|evidence_quote,MERGE,"Family follows the table: this fund-by-fund schedule prints capital-account columns (Commitment, Unfunded, Market Value, PIC) beside the multiples and the SI IRR, so the extractor chooser makes the whole table fund_economics_observation, every column in it. A period label is never a subject_name; the quarter belongs in horizon. evidence_quote takes the full printed line over the bare value: the line proves this number, the bare digits prove only that they occur somewhere on the page.",RESOLVED,A+B+ADJUDICATOR,8783ef3e2dc6cf061218360ff1c3db121d172543d661901b2d74131021935dc1
9159d4e5c483ef345bd3,SRC457,12,,ADJUDICATOR_ADD,,,,ADD,"Recovered from page-012.png: the schedule prints eight value columns and both lanes took only the three cash-flow ones, leaving Reported Market Value, TVPI, IRR, DPI and RVPI unread on all 52 quarters. The table is fund_economics_observation because it prints contributed, distributed and remaining value with the multiples and IRR beside them, and every one of these categories is allowed there. The transcription is checked against the printed arithmetic: DPI plus RVPI equals TVPI on every row.",ADDED,ADJUDICATOR,8783ef3e2dc6cf061218360ff1c3db121d172543d661901b2d74131021935dc1
f1b329891abc67f30e41,SRC457,12,,ADJUDICATOR_ADD,,,,ADD,"Recovered from page-012.png: the schedule prints eight value columns and both lanes took only the three cash-flow ones, leaving Reported Market Value, TVPI, IRR, DPI and RVPI unread on all 52 quarters. The table is fund_economics_observation because it prints contributed, distributed and remaining value with the multiples and IRR beside them, and every one of these categories is allowed there. The transcription is checked against the printed arithmetic: DPI plus RVPI equals TVPI on every row.; Source review: p13: The calculation is net of management fees and the general partner’s carried interest. (The glossary defines the reported IRR as net.) | p13: The calculation is net of management fees and the general partner’s carried interest. (Printed heading or definition supporting the source-reviewed qualifier.)",ADDED,ADJUDICATOR,8783ef3e2dc6cf061218360ff1c3db121d172543d661901b2d74131021935dc1
b69e69d653cc853f9347,SRC457,12,,ADJUDICATOR_ADD,,,,ADD,"Recovered from page-012.png: the schedule prints eight value columns and both lanes took only the three cash-flow ones, leaving Reported Market Value, TVPI, IRR, DPI and RVPI unread on all 52 quarters. The table is fund_economics_observation because it prints contributed, distributed and remaining value with the multiples and IRR beside them, and every one of these categories is allowed there. The transcription is checked against the printed arithmetic: DPI plus RVPI equals TVPI on every row.; Source review: p12: Summary of Portfolio Cash Flows (The table reports the combined private-investment portfolio.) | p12: Summary of Portfolio Cash Flows (Printed heading or definition supporting the source-reviewed qualifier.) | p12: Summary of Portfolio Cash Flows (Supersedes SR2396: the printed entity or table label is context, not a measurement basis; source labels retain its scope.)",ADDED,ADJUDICATOR,8783ef3e2dc6cf061218360ff1c3db121d172543d661901b2d74131021935dc1
c2381305aa61729a4a03,SRC457,12,,ADJUDICATOR_ADD,,,,ADD,"Recovered from page-012.png: the schedule prints eight value columns and both lanes took only the three cash-flow ones, leaving Reported Market Value, TVPI, IRR, DPI and RVPI unread on all 52 quarters. The table is fund_economics_observation because it prints contributed, distributed and remaining value with the multiples and IRR beside them, and every one of these categories is allowed there. The transcription is checked against the printed arithmetic: DPI plus RVPI equals TVPI on every row.",ADDED,ADJUDICATOR,8783ef3e2dc6cf061218360ff1c3db121d172543d661901b2d74131021935dc1
701ca4b6dad24708cfbe,SRC457,12,,ADJUDICATOR_ADD,,,,ADD,"Recovered from page-012.png: the schedule prints eight value columns and both lanes took only the three cash-flow ones, leaving Reported Market Value, TVPI, IRR, DPI and RVPI unread on all 52 quarters. The table is fund_economics_observation because it prints contributed, distributed and remaining value with the multiples and IRR beside them, and every one of these categories is allowed there. The transcription is checked against the printed arithmetic: DPI plus RVPI equals TVPI on every row.",ADDED,ADJUDICATOR,8783ef3e2dc6cf061218360ff1c3db121d172543d661901b2d74131021935dc1
ec8f87385b0095950293,SRC457,12,PAIR_21E255CAC662B4A65924CBD1,CLASSIFICATION_CONFLICT,1181,1412,source_section|subject_type|subject_name|as_of_date|horizon|evidence_quote,MERGE,"Family follows the table: this fund-by-fund schedule prints capital-account columns (Commitment, Unfunded, Market Value, PIC) beside the multiples and the SI IRR, so the extractor chooser makes the whole table fund_economics_observation, every column in it. A period label is never a subject_name; the quarter belongs in horizon. evidence_quote takes the full printed line over the bare value: the line proves this number, the bare digits prove only that they occur somewhere on the page.",RESOLVED,A+B+ADJUDICATOR,8783ef3e2dc6cf061218360ff1c3db121d172543d661901b2d74131021935dc1
129ccaf06950a464bd4f,SRC457,12,PAIR_C1F0A0CA860ECF9A821B4600,CLASSIFICATION_CONFLICT,1182,1413,source_section|subject_type|subject_name|as_of_date|horizon|evidence_quote,MERGE,"Family follows the table: this fund-by-fund schedule prints capital-account columns (Commitment, Unfunded, Market Value, PIC) beside the multiples and the SI IRR, so the extractor chooser makes the whole table fund_economics_observation, every column in it. A period label is never a subject_name; the quarter belongs in horizon. evidence_quote takes the full printed line over the bare value: the line proves this number, the bare digits prove only that they occur somewhere on the page.",RESOLVED,A+B+ADJUDICATOR,8783ef3e2dc6cf061218360ff1c3db121d172543d661901b2d74131021935dc1
5e0708b1c9115cbddb22,SRC457,12,,ADJUDICATOR_ADD,,,,ADD,"Recovered from page-012.png: the schedule prints eight value columns and both lanes took only the three cash-flow ones, leaving Reported Market Value, TVPI, IRR, DPI and RVPI unread on all 52 quarters. The table is fund_economics_observation because it prints contributed, distributed and remaining value with the multiples and IRR beside them, and every one of these categories is allowed there. The transcription is checked against the printed arithmetic: DPI plus RVPI equals TVPI on every row.",ADDED,ADJUDICATOR,8783ef3e2dc6cf061218360ff1c3db121d172543d661901b2d74131021935dc1
94ac2e4bd81720c83787,SRC457,12,,ADJUDICATOR_ADD,,,,ADD,"Recovered from page-012.png: the schedule prints eight value columns and both lanes took only the three cash-flow ones, leaving Reported Market Value, TVPI, IRR, DPI and RVPI unread on all 52 quarters. The table is fund_economics_observation because it prints contributed, distributed and remaining value with the multiples and IRR beside them, and every one of these categories is allowed there. The transcription is checked against the printed arithmetic: DPI plus RVPI equals TVPI on every row.; Source review: p13: The calculation is net of management fees and the general partner’s carried interest. (The glossary defines the reported IRR as net.) | p13: The calculation is net of management fees and the general partner’s carried interest. (Printed heading or definition supporting the source-reviewed qualifier.)",ADDED,ADJUDICATOR,8783ef3e2dc6cf061218360ff1c3db121d172543d661901b2d74131021935dc1
a5df166f4e5dc9ea5fce,SRC457,12,,ADJUDICATOR_ADD,,,,ADD,"Recovered from page-012.png: the schedule prints eight value columns and both lanes took only the three cash-flow ones, leaving Reported Market Value, TVPI, IRR, DPI and RVPI unread on all 52 quarters. The table is fund_economics_observation because it prints contributed, distributed and remaining value with the multiples and IRR beside them, and every one of these categories is allowed there. The transcription is checked against the printed arithmetic: DPI plus RVPI equals TVPI on every row.; Source review: p12: Summary of Portfolio Cash Flows (The table reports the combined private-investment portfolio.) | p12: Summary of Portfolio Cash Flows (Printed heading or definition supporting the source-reviewed qualifier.) | p12: Summary of Portfolio Cash Flows (Supersedes SR2398: the printed entity or table label is context, not a measurement basis; source labels retain its scope.)",ADDED,ADJUDICATOR,8783ef3e2dc6cf061218360ff1c3db121d172543d661901b2d74131021935dc1
f000993bb2c2a1177f27,SRC457,12,,ADJUDICATOR_ADD,,,,ADD,"Recovered from page-012.png: the schedule prints eight value columns and both lanes took only the three cash-flow ones, leaving Reported Market Value, TVPI, IRR, DPI and RVPI unread on all 52 quarters. The table is fund_economics_observation because it prints contributed, distributed and remaining value with the multiples and IRR beside them, and every one of these categories is allowed there. The transcription is checked against the printed arithmetic: DPI plus RVPI equals TVPI on every row.",ADDED,ADJUDICATOR,8783ef3e2dc6cf061218360ff1c3db121d172543d661901b2d74131021935dc1
4bf326ba263a8946360b,SRC457,12,,ADJUDICATOR_ADD,,,,ADD,"Recovered from page-012.png: the schedule prints eight value columns and both lanes took only the three cash-flow ones, leaving Reported Market Value, TVPI, IRR, DPI and RVPI unread on all 52 quarters. The table is fund_economics_observation because it prints contributed, distributed and remaining value with the multiples and IRR beside them, and every one of these categories is allowed there. The transcription is checked against the printed arithmetic: DPI plus RVPI equals TVPI on every row.",ADDED,ADJUDICATOR,8783ef3e2dc6cf061218360ff1c3db121d172543d661901b2d74131021935dc1
4addf83822ba019f5703,SRC457,12,PAIR_90461D0D6BA5881AAFB3C9E0,CLASSIFICATION_CONFLICT,1184,1415,source_section|subject_type|subject_name|as_of_date|horizon|evidence_quote,MERGE,"Family follows the table: this fund-by-fund schedule prints capital-account columns (Commitment, Unfunded, Market Value, PIC) beside the multiples and the SI IRR, so the extractor chooser makes the whole table fund_economics_observation, every column in it. A period label is never a subject_name; the quarter belongs in horizon. evidence_quote takes the full printed line over the bare value: the line proves this number, the bare digits prove only that they occur somewhere on the page.",RESOLVED,A+B+ADJUDICATOR,8783ef3e2dc6cf061218360ff1c3db121d172543d661901b2d74131021935dc1
2b46ca23a5c3c630e37c,SRC457,12,PAIR_404EC2F7F7ADE0EEE6DF102C,CLASSIFICATION_CONFLICT,1185,1416,source_section|subject_type|subject_name|as_of_date|horizon|evidence_quote,MERGE,"Family follows the table: this fund-by-fund schedule prints capital-account columns (Commitment, Unfunded, Market Value, PIC) beside the multiples and the SI IRR, so the extractor chooser makes the whole table fund_economics_observation, every column in it. A period label is never a subject_name; the quarter belongs in horizon. evidence_quote takes the full printed line over the bare value: the line proves this number, the bare digits prove only that they occur somewhere on the page.",RESOLVED,A+B+ADJUDICATOR,8783ef3e2dc6cf061218360ff1c3db121d172543d661901b2d74131021935dc1
9f5b507b57a5a11fbe38,SRC457,12,,ADJUDICATOR_ADD,,,,ADD,"Recovered from page-012.png: the schedule prints eight value columns and both lanes took only the three cash-flow ones, leaving Reported Market Value, TVPI, IRR, DPI and RVPI unread on all 52 quarters. The table is fund_economics_observation because it prints contributed, distributed and remaining value with the multiples and IRR beside them, and every one of these categories is allowed there. The transcription is checked against the printed arithmetic: DPI plus RVPI equals TVPI on every row.",ADDED,ADJUDICATOR,8783ef3e2dc6cf061218360ff1c3db121d172543d661901b2d74131021935dc1
722847c41ed281493fa9,SRC457,12,,ADJUDICATOR_ADD,,,,ADD,"Recovered from page-012.png: the schedule prints eight value columns and both lanes took only the three cash-flow ones, leaving Reported Market Value, TVPI, IRR, DPI and RVPI unread on all 52 quarters. The table is fund_economics_observation because it prints contributed, distributed and remaining value with the multiples and IRR beside them, and every one of these categories is allowed there. The transcription is checked against the printed arithmetic: DPI plus RVPI equals TVPI on every row.; Source review: p13: The calculation is net of management fees and the general partner’s carried interest. (The glossary defines the reported IRR as net.) | p13: The calculation is net of management fees and the general partner’s carried interest. (Printed heading or definition supporting the source-reviewed qualifier.)",ADDED,ADJUDICATOR,8783ef3e2dc6cf061218360ff1c3db121d172543d661901b2d74131021935dc1
fcbb4476c1e5f7fcc6fa,SRC457,12,,ADJUDICATOR_ADD,,,,ADD,"Recovered from page-012.png: the schedule prints eight value columns and both lanes took only the three cash-flow ones, leaving Reported Market Value, TVPI, IRR, DPI and RVPI unread on all 52 quarters. The table is fund_economics_observation because it prints contributed, distributed and remaining value with the multiples and IRR beside them, and every one of these categories is allowed there. The transcription is checked against the printed arithmetic: DPI plus RVPI equals TVPI on every row.; Source review: p12: Summary of Portfolio Cash Flows (The table reports the combined private-investment portfolio.) | p12: Summary of Portfolio Cash Flows (Printed heading or definition supporting the source-reviewed qualifier.) | p12: Summary of Portfolio Cash Flows (Supersedes SR2400: the printed entity or table label is context, not a measurement basis; source labels retain its scope.)",ADDED,ADJUDICATOR,8783ef3e2dc6cf061218360ff1c3db121d172543d661901b2d74131021935dc1
ded8af7fa3d9393bac24,SRC457,12,,ADJUDICATOR_ADD,,,,ADD,"Recovered from page-012.png: the schedule prints eight value columns and both lanes took only the three cash-flow ones, leaving Reported Market Value, TVPI, IRR, DPI and RVPI unread on all 52 quarters. The table is fund_economics_observation because it prints contributed, distributed and remaining value with the multiples and IRR beside them, and every one of these categories is allowed there. The transcription is checked against the printed arithmetic: DPI plus RVPI equals TVPI on every row.",ADDED,ADJUDICATOR,8783ef3e2dc6cf061218360ff1c3db121d172543d661901b2d74131021935dc1
9602addef15012cada51,SRC457,12,,ADJUDICATOR_ADD,,,,ADD,"Recovered from page-012.png: the schedule prints eight value columns and both lanes took only the three cash-flow ones, leaving Reported Market Value, TVPI, IRR, DPI and RVPI unread on all 52 quarters. The table is fund_economics_observation because it prints contributed, distributed and remaining value with the multiples and IRR beside them, and every one of these categories is allowed there. The transcription is checked against the printed arithmetic: DPI plus RVPI equals TVPI on every row.",ADDED,ADJUDICATOR,8783ef3e2dc6cf061218360ff1c3db121d172543d661901b2d74131021935dc1
0c14dc43d0518dc4bb4e,SRC457,12,PAIR_C7284FDFCA9966B6B2017378,CLASSIFICATION_CONFLICT,1187,1418,source_section|subject_type|subject_name|as_of_date|horizon|evidence_quote,MERGE,"Family follows the table: this fund-by-fund schedule prints capital-account columns (Commitment, Unfunded, Market Value, PIC) beside the multiples and the SI IRR, so the extractor chooser makes the whole table fund_economics_observation, every column in it. A period label is never a subject_name; the quarter belongs in horizon. evidence_quote takes the full printed line over the bare value: the line proves this number, the bare digits prove only that they occur somewhere on the page.",RESOLVED,A+B+ADJUDICATOR,8783ef3e2dc6cf061218360ff1c3db121d172543d661901b2d74131021935dc1
1f586f11f15eca22fd1c,SRC457,12,PAIR_3A17D425EB04E88B06504E3A,CLASSIFICATION_CONFLICT,1188,1419,source_section|subject_type|subject_name|as_of_date|horizon|evidence_quote,MERGE,"Family follows the table: this fund-by-fund schedule prints capital-account columns (Commitment, Unfunded, Market Value, PIC) beside the multiples and the SI IRR, so the extractor chooser makes the whole table fund_economics_observation, every column in it. A period label is never a subject_name; the quarter belongs in horizon. evidence_quote takes the full printed line over the bare value: the line proves this number, the bare digits prove only that they occur somewhere on the page.",RESOLVED,A+B+ADJUDICATOR,8783ef3e2dc6cf061218360ff1c3db121d172543d661901b2d74131021935dc1
de7e92861834387c2517,SRC457,12,,ADJUDICATOR_ADD,,,,ADD,"Recovered from page-012.png: the schedule prints eight value columns and both lanes took only the three cash-flow ones, leaving Reported Market Value, TVPI, IRR, DPI and RVPI unread on all 52 quarters. The table is fund_economics_observation because it prints contributed, distributed and remaining value with the multiples and IRR beside them, and every one of these categories is allowed there. The transcription is checked against the printed arithmetic: DPI plus RVPI equals TVPI on every row.",ADDED,ADJUDICATOR,8783ef3e2dc6cf061218360ff1c3db121d172543d661901b2d74131021935dc1
51c905c3d3850c723045,SRC457,12,,ADJUDICATOR_ADD,,,,ADD,"Recovered from page-012.png: the schedule prints eight value columns and both lanes took only the three cash-flow ones, leaving Reported Market Value, TVPI, IRR, DPI and RVPI unread on all 52 quarters. The table is fund_economics_observation because it prints contributed, distributed and remaining value with the multiples and IRR beside them, and every one of these categories is allowed there. The transcription is checked against the printed arithmetic: DPI plus RVPI equals TVPI on every row.; Source review: p13: The calculation is net of management fees and the general partner’s carried interest. (The glossary defines the reported IRR as net.) | p13: The calculation is net of management fees and the general partner’s carried interest. (Printed heading or definition supporting the source-reviewed qualifier.)",ADDED,ADJUDICATOR,8783ef3e2dc6cf061218360ff1c3db121d172543d661901b2d74131021935dc1
c3a93f89aef615c1be98,SRC457,12,,ADJUDICATOR_ADD,,,,ADD,"Recovered from page-012.png: the schedule prints eight value columns and both lanes took only the three cash-flow ones, leaving Reported Market Value, TVPI, IRR, DPI and RVPI unread on all 52 quarters. The table is fund_economics_observation because it prints contributed, distributed and remaining value with the multiples and IRR beside them, and every one of these categories is allowed there. The transcription is checked against the printed arithmetic: DPI plus RVPI equals TVPI on every row.; Source review: p12: Summary of Portfolio Cash Flows (The table reports the combined private-investment portfolio.) | p12: Summary of Portfolio Cash Flows (Printed heading or definition supporting the source-reviewed qualifier.) | p12: Summary of Portfolio Cash Flows (Supersedes SR2402: the printed entity or table label is context, not a measurement basis; source labels retain its scope.)",ADDED,ADJUDICATOR,8783ef3e2dc6cf061218360ff1c3db121d172543d661901b2d74131021935dc1
ceec23db6d0368d29edc,SRC457,12,,ADJUDICATOR_ADD,,,,ADD,"Recovered from page-012.png: the schedule prints eight value columns and both lanes took only the three cash-flow ones, leaving Reported Market Value, TVPI, IRR, DPI and RVPI unread on all 52 quarters. The table is fund_economics_observation because it prints contributed, distributed and remaining value with the multiples and IRR beside them, and every one of these categories is allowed there. The transcription is checked against the printed arithmetic: DPI plus RVPI equals TVPI on every row.",ADDED,ADJUDICATOR,8783ef3e2dc6cf061218360ff1c3db121d172543d661901b2d74131021935dc1
729d79cb6ab55df82e25,SRC457,12,,ADJUDICATOR_ADD,,,,ADD,"Recovered from page-012.png: the schedule prints eight value columns and both lanes took only the three cash-flow ones, leaving Reported Market Value, TVPI, IRR, DPI and RVPI unread on all 52 quarters. The table is fund_economics_observation because it prints contributed, distributed and remaining value with the multiples and IRR beside them, and every one of these categories is allowed there. The transcription is checked against the printed arithmetic: DPI plus RVPI equals TVPI on every row.",ADDED,ADJUDICATOR,8783ef3e2dc6cf061218360ff1c3db121d172543d661901b2d74131021935dc1
0d6cf09ea58e04ce3c99,SRC457,12,PAIR_C0C399BFB5943F3B13DCDE16,CLASSIFICATION_CONFLICT,1190,1421,source_section|subject_type|subject_name|as_of_date|horizon|evidence_quote,MERGE,"Family follows the table: this fund-by-fund schedule prints capital-account columns (Commitment, Unfunded, Market Value, PIC) beside the multiples and the SI IRR, so the extractor chooser makes the whole table fund_economics_observation, every column in it. A period label is never a subject_name; the quarter belongs in horizon. evidence_quote takes the full printed line over the bare value: the line proves this number, the bare digits prove only that they occur somewhere on the page.",RESOLVED,A+B+ADJUDICATOR,8783ef3e2dc6cf061218360ff1c3db121d172543d661901b2d74131021935dc1
75d9a347ee160589813e,SRC457,12,PAIR_A786096124DA1E3805C49760,CLASSIFICATION_CONFLICT,1191,1422,source_section|subject_type|subject_name|as_of_date|horizon|evidence_quote,MERGE,"Family follows the table: this fund-by-fund schedule prints capital-account columns (Commitment, Unfunded, Market Value, PIC) beside the multiples and the SI IRR, so the extractor chooser makes the whole table fund_economics_observation, every column in it. A period label is never a subject_name; the quarter belongs in horizon. evidence_quote takes the full printed line over the bare value: the line proves this number, the bare digits prove only that they occur somewhere on the page.",RESOLVED,A+B+ADJUDICATOR,8783ef3e2dc6cf061218360ff1c3db121d172543d661901b2d74131021935dc1
336c87586804eab49b77,SRC457,12,,ADJUDICATOR_ADD,,,,ADD,"Recovered from page-012.png: the schedule prints eight value columns and both lanes took only the three cash-flow ones, leaving Reported Market Value, TVPI, IRR, DPI and RVPI unread on all 52 quarters. The table is fund_economics_observation because it prints contributed, distributed and remaining value with the multiples and IRR beside them, and every one of these categories is allowed there. The transcription is checked against the printed arithmetic: DPI plus RVPI equals TVPI on every row.",ADDED,ADJUDICATOR,8783ef3e2dc6cf061218360ff1c3db121d172543d661901b2d74131021935dc1
b005d2abf5a4c461e0c7,SRC457,12,,ADJUDICATOR_ADD,,,,ADD,"Recovered from page-012.png: the schedule prints eight value columns and both lanes took only the three cash-flow ones, leaving Reported Market Value, TVPI, IRR, DPI and RVPI unread on all 52 quarters. The table is fund_economics_observation because it prints contributed, distributed and remaining value with the multiples and IRR beside them, and every one of these categories is allowed there. The transcription is checked against the printed arithmetic: DPI plus RVPI equals TVPI on every row.; Source review: p13: The calculation is net of management fees and the general partner’s carried interest. (The glossary defines the reported IRR as net.) | p13: The calculation is net of management fees and the general partner’s carried interest. (Printed heading or definition supporting the source-reviewed qualifier.)",ADDED,ADJUDICATOR,8783ef3e2dc6cf061218360ff1c3db121d172543d661901b2d74131021935dc1
2cd6fadc56e3b3f1a695,SRC457,12,,ADJUDICATOR_ADD,,,,ADD,"Recovered from page-012.png: the schedule prints eight value columns and both lanes took only the three cash-flow ones, leaving Reported Market Value, TVPI, IRR, DPI and RVPI unread on all 52 quarters. The table is fund_economics_observation because it prints contributed, distributed and remaining value with the multiples and IRR beside them, and every one of these categories is allowed there. The transcription is checked against the printed arithmetic: DPI plus RVPI equals TVPI on every row.; Source review: p12: Summary of Portfolio Cash Flows (The table reports the combined private-investment portfolio.) | p12: Summary of Portfolio Cash Flows (Printed heading or definition supporting the source-reviewed qualifier.) | p12: Summary of Portfolio Cash Flows (Supersedes SR2404: the printed entity or table label is context, not a measurement basis; source labels retain its scope.)",ADDED,ADJUDICATOR,8783ef3e2dc6cf061218360ff1c3db121d172543d661901b2d74131021935dc1
5deab4b86fbca8994f25,SRC457,12,,ADJUDICATOR_ADD,,,,ADD,"Recovered from page-012.png: the schedule prints eight value columns and both lanes took only the three cash-flow ones, leaving Reported Market Value, TVPI, IRR, DPI and RVPI unread on all 52 quarters. The table is fund_economics_observation because it prints contributed, distributed and remaining value with the multiples and IRR beside them, and every one of these categories is allowed there. The transcription is checked against the printed arithmetic: DPI plus RVPI equals TVPI on every row.",ADDED,ADJUDICATOR,8783ef3e2dc6cf061218360ff1c3db121d172543d661901b2d74131021935dc1
be421b1d3decab65fe9d,SRC457,12,,ADJUDICATOR_ADD,,,,ADD,"Recovered from page-012.png: the schedule prints eight value columns and both lanes took only the three cash-flow ones, leaving Reported Market Value, TVPI, IRR, DPI and RVPI unread on all 52 quarters. The table is fund_economics_observation because it prints contributed, distributed and remaining value with the multiples and IRR beside them, and every one of these categories is allowed there. The transcription is checked against the printed arithmetic: DPI plus RVPI equals TVPI on every row.",ADDED,ADJUDICATOR,8783ef3e2dc6cf061218360ff1c3db121d172543d661901b2d74131021935dc1
0bed0c5670a03db1765c,SRC457,12,PAIR_8A66EB9E941D64E8BC15F594,CLASSIFICATION_CONFLICT,1193,1424,source_section|subject_type|subject_name|as_of_date|horizon|evidence_quote,MERGE,"Family follows the table: this fund-by-fund schedule prints capital-account columns (Commitment, Unfunded, Market Value, PIC) beside the multiples and the SI IRR, so the extractor chooser makes the whole table fund_economics_observation, every column in it. A period label is never a subject_name; the quarter belongs in horizon. evidence_quote takes the full printed line over the bare value: the line proves this number, the bare digits prove only that they occur somewhere on the page.",RESOLVED,A+B+ADJUDICATOR,8783ef3e2dc6cf061218360ff1c3db121d172543d661901b2d74131021935dc1
e65efc81fb31a8122353,SRC457,12,PAIR_EAA433B52880E3370A3793A0,CLASSIFICATION_CONFLICT,1194,1425,source_section|subject_type|subject_name|as_of_date|horizon|evidence_quote,MERGE,"Family follows the table: this fund-by-fund schedule prints capital-account columns (Commitment, Unfunded, Market Value, PIC) beside the multiples and the SI IRR, so the extractor chooser makes the whole table fund_economics_observation, every column in it. A period label is never a subject_name; the quarter belongs in horizon. evidence_quote takes the full printed line over the bare value: the line proves this number, the bare digits prove only that they occur somewhere on the page.",RESOLVED,A+B+ADJUDICATOR,8783ef3e2dc6cf061218360ff1c3db121d172543d661901b2d74131021935dc1
8a8f1bebea14ee145e10,SRC457,12,,ADJUDICATOR_ADD,,,,ADD,"Recovered from page-012.png: the schedule prints eight value columns and both lanes took only the three cash-flow ones, leaving Reported Market Value, TVPI, IRR, DPI and RVPI unread on all 52 quarters. The table is fund_economics_observation because it prints contributed, distributed and remaining value with the multiples and IRR beside them, and every one of these categories is allowed there. The transcription is checked against the printed arithmetic: DPI plus RVPI equals TVPI on every row.",ADDED,ADJUDICATOR,8783ef3e2dc6cf061218360ff1c3db121d172543d661901b2d74131021935dc1
4ab307f0374af0708381,SRC457,12,,ADJUDICATOR_ADD,,,,ADD,"Recovered from page-012.png: the schedule prints eight value columns and both lanes took only the three cash-flow ones, leaving Reported Market Value, TVPI, IRR, DPI and RVPI unread on all 52 quarters. The table is fund_economics_observation because it prints contributed, distributed and remaining value with the multiples and IRR beside them, and every one of these categories is allowed there. The transcription is checked against the printed arithmetic: DPI plus RVPI equals TVPI on every row.; Source review: p13: The calculation is net of management fees and the general partner’s carried interest. (The glossary defines the reported IRR as net.) | p13: The calculation is net of management fees and the general partner’s carried interest. (Printed heading or definition supporting the source-reviewed qualifier.)",ADDED,ADJUDICATOR,8783ef3e2dc6cf061218360ff1c3db121d172543d661901b2d74131021935dc1
01f94a2ff6c777d13a55,SRC457,12,,ADJUDICATOR_ADD,,,,ADD,"Recovered from page-012.png: the schedule prints eight value columns and both lanes took only the three cash-flow ones, leaving Reported Market Value, TVPI, IRR, DPI and RVPI unread on all 52 quarters. The table is fund_economics_observation because it prints contributed, distributed and remaining value with the multiples and IRR beside them, and every one of these categories is allowed there. The transcription is checked against the printed arithmetic: DPI plus RVPI equals TVPI on every row.; Source review: p12: Summary of Portfolio Cash Flows (The table reports the combined private-investment portfolio.) | p12: Summary of Portfolio Cash Flows (Printed heading or definition supporting the source-reviewed qualifier.) | p12: Summary of Portfolio Cash Flows (Supersedes SR2406: the printed entity or table label is context, not a measurement basis; source labels retain its scope.)",ADDED,ADJUDICATOR,8783ef3e2dc6cf061218360ff1c3db121d172543d661901b2d74131021935dc1
17dbe52a8a22483b00b4,SRC457,12,,ADJUDICATOR_ADD,,,,ADD,"Recovered from page-012.png: the schedule prints eight value columns and both lanes took only the three cash-flow ones, leaving Reported Market Value, TVPI, IRR, DPI and RVPI unread on all 52 quarters. The table is fund_economics_observation because it prints contributed, distributed and remaining value with the multiples and IRR beside them, and every one of these categories is allowed there. The transcription is checked against the printed arithmetic: DPI plus RVPI equals TVPI on every row.",ADDED,ADJUDICATOR,8783ef3e2dc6cf061218360ff1c3db121d172543d661901b2d74131021935dc1
734c03aaca1b142177b8,SRC457,12,,ADJUDICATOR_ADD,,,,ADD,"Recovered from page-012.png: the schedule prints eight value columns and both lanes took only the three cash-flow ones, leaving Reported Market Value, TVPI, IRR, DPI and RVPI unread on all 52 quarters. The table is fund_economics_observation because it prints contributed, distributed and remaining value with the multiples and IRR beside them, and every one of these categories is allowed there. The transcription is checked against the printed arithmetic: DPI plus RVPI equals TVPI on every row.",ADDED,ADJUDICATOR,8783ef3e2dc6cf061218360ff1c3db121d172543d661901b2d74131021935dc1
654cc35e374ae26b8fd0,SRC457,12,PAIR_53A9EF7AE000EC69DDB86598,CLASSIFICATION_CONFLICT,1196,1427,source_section|subject_type|subject_name|as_of_date|horizon|evidence_quote,MERGE,"Family follows the table: this fund-by-fund schedule prints capital-account columns (Commitment, Unfunded, Market Value, PIC) beside the multiples and the SI IRR, so the extractor chooser makes the whole table fund_economics_observation, every column in it. A period label is never a subject_name; the quarter belongs in horizon. evidence_quote takes the full printed line over the bare value: the line proves this number, the bare digits prove only that they occur somewhere on the page.",RESOLVED,A+B+ADJUDICATOR,8783ef3e2dc6cf061218360ff1c3db121d172543d661901b2d74131021935dc1
349c156533434f827c70,SRC457,12,PAIR_EE1EA386F23484503843316B,CLASSIFICATION_CONFLICT,1197,1428,source_section|subject_type|subject_name|as_of_date|horizon|evidence_quote,MERGE,"Family follows the table: this fund-by-fund schedule prints capital-account columns (Commitment, Unfunded, Market Value, PIC) beside the multiples and the SI IRR, so the extractor chooser makes the whole table fund_economics_observation, every column in it. A period label is never a subject_name; the quarter belongs in horizon. evidence_quote takes the full printed line over the bare value: the line proves this number, the bare digits prove only that they occur somewhere on the page.",RESOLVED,A+B+ADJUDICATOR,8783ef3e2dc6cf061218360ff1c3db121d172543d661901b2d74131021935dc1
bf5270d2cac4c642997c,SRC457,12,,ADJUDICATOR_ADD,,,,ADD,"Recovered from page-012.png: the schedule prints eight value columns and both lanes took only the three cash-flow ones, leaving Reported Market Value, TVPI, IRR, DPI and RVPI unread on all 52 quarters. The table is fund_economics_observation because it prints contributed, distributed and remaining value with the multiples and IRR beside them, and every one of these categories is allowed there. The transcription is checked against the printed arithmetic: DPI plus RVPI equals TVPI on every row.",ADDED,ADJUDICATOR,8783ef3e2dc6cf061218360ff1c3db121d172543d661901b2d74131021935dc1
245bcf46fb2da6c95fbb,SRC457,12,,ADJUDICATOR_ADD,,,,ADD,"Recovered from page-012.png: the schedule prints eight value columns and both lanes took only the three cash-flow ones, leaving Reported Market Value, TVPI, IRR, DPI and RVPI unread on all 52 quarters. The table is fund_economics_observation because it prints contributed, distributed and remaining value with the multiples and IRR beside them, and every one of these categories is allowed there. The transcription is checked against the printed arithmetic: DPI plus RVPI equals TVPI on every row.; Source review: p13: The calculation is net of management fees and the general partner’s carried interest. (The glossary defines the reported IRR as net.) | p13: The calculation is net of management fees and the general partner’s carried interest. (Printed heading or definition supporting the source-reviewed qualifier.)",ADDED,ADJUDICATOR,8783ef3e2dc6cf061218360ff1c3db121d172543d661901b2d74131021935dc1
70477b05190b9f6c8d10,SRC457,12,,ADJUDICATOR_ADD,,,,ADD,"Recovered from page-012.png: the schedule prints eight value columns and both lanes took only the three cash-flow ones, leaving Reported Market Value, TVPI, IRR, DPI and RVPI unread on all 52 quarters. The table is fund_economics_observation because it prints contributed, distributed and remaining value with the multiples and IRR beside them, and every one of these categories is allowed there. The transcription is checked against the printed arithmetic: DPI plus RVPI equals TVPI on every row.; Source review: p12: Summary of Portfolio Cash Flows (The table reports the combined private-investment portfolio.) | p12: Summary of Portfolio Cash Flows (Printed heading or definition supporting the source-reviewed qualifier.) | p12: Summary of Portfolio Cash Flows (Supersedes SR2408: the printed entity or table label is context, not a measurement basis; source labels retain its scope.)",ADDED,ADJUDICATOR,8783ef3e2dc6cf061218360ff1c3db121d172543d661901b2d74131021935dc1
c525908c0b7ff7e3ab26,SRC457,12,,ADJUDICATOR_ADD,,,,ADD,"Recovered from page-012.png: the schedule prints eight value columns and both lanes took only the three cash-flow ones, leaving Reported Market Value, TVPI, IRR, DPI and RVPI unread on all 52 quarters. The table is fund_economics_observation because it prints contributed, distributed and remaining value with the multiples and IRR beside them, and every one of these categories is allowed there. The transcription is checked against the printed arithmetic: DPI plus RVPI equals TVPI on every row.",ADDED,ADJUDICATOR,8783ef3e2dc6cf061218360ff1c3db121d172543d661901b2d74131021935dc1
338ef078b83d04950601,SRC457,12,,ADJUDICATOR_ADD,,,,ADD,"Recovered from page-012.png: the schedule prints eight value columns and both lanes took only the three cash-flow ones, leaving Reported Market Value, TVPI, IRR, DPI and RVPI unread on all 52 quarters. The table is fund_economics_observation because it prints contributed, distributed and remaining value with the multiples and IRR beside them, and every one of these categories is allowed there. The transcription is checked against the printed arithmetic: DPI plus RVPI equals TVPI on every row.",ADDED,ADJUDICATOR,8783ef3e2dc6cf061218360ff1c3db121d172543d661901b2d74131021935dc1
f4966ceb51a14a84e81b,SRC457,12,PAIR_D57F7B982932C6F497883044,CLASSIFICATION_CONFLICT,1199,1430,source_section|subject_type|subject_name|as_of_date|horizon|evidence_quote,MERGE,"Family follows the table: this fund-by-fund schedule prints capital-account columns (Commitment, Unfunded, Market Value, PIC) beside the multiples and the SI IRR, so the extractor chooser makes the whole table fund_economics_observation, every column in it. A period label is never a subject_name; the quarter belongs in horizon. evidence_quote takes the full printed line over the bare value: the line proves this number, the bare digits prove only that they occur somewhere on the page.",RESOLVED,A+B+ADJUDICATOR,8783ef3e2dc6cf061218360ff1c3db121d172543d661901b2d74131021935dc1
019dfeebf2c5862b9ab0,SRC457,12,PAIR_BB61825E9F5C3FA96DA3745F,CLASSIFICATION_CONFLICT,1200,1431,source_section|subject_type|subject_name|as_of_date|horizon|evidence_quote,MERGE,"Family follows the table: this fund-by-fund schedule prints capital-account columns (Commitment, Unfunded, Market Value, PIC) beside the multiples and the SI IRR, so the extractor chooser makes the whole table fund_economics_observation, every column in it. A period label is never a subject_name; the quarter belongs in horizon. evidence_quote takes the full printed line over the bare value: the line proves this number, the bare digits prove only that they occur somewhere on the page.",RESOLVED,A+B+ADJUDICATOR,8783ef3e2dc6cf061218360ff1c3db121d172543d661901b2d74131021935dc1
37af2dea3bc36ab55ed2,SRC457,12,,ADJUDICATOR_ADD,,,,ADD,"Recovered from page-012.png: the schedule prints eight value columns and both lanes took only the three cash-flow ones, leaving Reported Market Value, TVPI, IRR, DPI and RVPI unread on all 52 quarters. The table is fund_economics_observation because it prints contributed, distributed and remaining value with the multiples and IRR beside them, and every one of these categories is allowed there. The transcription is checked against the printed arithmetic: DPI plus RVPI equals TVPI on every row.",ADDED,ADJUDICATOR,8783ef3e2dc6cf061218360ff1c3db121d172543d661901b2d74131021935dc1
e947b26072781399f9bc,SRC457,12,,ADJUDICATOR_ADD,,,,ADD,"Recovered from page-012.png: the schedule prints eight value columns and both lanes took only the three cash-flow ones, leaving Reported Market Value, TVPI, IRR, DPI and RVPI unread on all 52 quarters. The table is fund_economics_observation because it prints contributed, distributed and remaining value with the multiples and IRR beside them, and every one of these categories is allowed there. The transcription is checked against the printed arithmetic: DPI plus RVPI equals TVPI on every row.; Source review: p13: The calculation is net of management fees and the general partner’s carried interest. (The glossary defines the reported IRR as net.) | p13: The calculation is net of management fees and the general partner’s carried interest. (Printed heading or definition supporting the source-reviewed qualifier.)",ADDED,ADJUDICATOR,8783ef3e2dc6cf061218360ff1c3db121d172543d661901b2d74131021935dc1
07f28fd623f762e1cb81,SRC457,12,,ADJUDICATOR_ADD,,,,ADD,"Recovered from page-012.png: the schedule prints eight value columns and both lanes took only the three cash-flow ones, leaving Reported Market Value, TVPI, IRR, DPI and RVPI unread on all 52 quarters. The table is fund_economics_observation because it prints contributed, distributed and remaining value with the multiples and IRR beside them, and every one of these categories is allowed there. The transcription is checked against the printed arithmetic: DPI plus RVPI equals TVPI on every row.; Source review: p12: Summary of Portfolio Cash Flows (The table reports the combined private-investment portfolio.) | p12: Summary of Portfolio Cash Flows (Printed heading or definition supporting the source-reviewed qualifier.) | p12: Summary of Portfolio Cash Flows (Supersedes SR2410: the printed entity or table label is context, not a measurement basis; source labels retain its scope.)",ADDED,ADJUDICATOR,8783ef3e2dc6cf061218360ff1c3db121d172543d661901b2d74131021935dc1
086927f53a9f7dcd11d5,SRC457,12,,ADJUDICATOR_ADD,,,,ADD,"Recovered from page-012.png: the schedule prints eight value columns and both lanes took only the three cash-flow ones, leaving Reported Market Value, TVPI, IRR, DPI and RVPI unread on all 52 quarters. The table is fund_economics_observation because it prints contributed, distributed and remaining value with the multiples and IRR beside them, and every one of these categories is allowed there. The transcription is checked against the printed arithmetic: DPI plus RVPI equals TVPI on every row.",ADDED,ADJUDICATOR,8783ef3e2dc6cf061218360ff1c3db121d172543d661901b2d74131021935dc1
fa27afb3dfcb014b7b2f,SRC457,12,,ADJUDICATOR_ADD,,,,ADD,"Recovered from page-012.png: the schedule prints eight value columns and both lanes took only the three cash-flow ones, leaving Reported Market Value, TVPI, IRR, DPI and RVPI unread on all 52 quarters. The table is fund_economics_observation because it prints contributed, distributed and remaining value with the multiples and IRR beside them, and every one of these categories is allowed there. The transcription is checked against the printed arithmetic: DPI plus RVPI equals TVPI on every row.",ADDED,ADJUDICATOR,8783ef3e2dc6cf061218360ff1c3db121d172543d661901b2d74131021935dc1
a2c6f203784c28bad1cb,SRC457,12,PAIR_3EBF5C7E675D0701AF224D28,CLASSIFICATION_CONFLICT,1202,1433,source_section|subject_type|subject_name|as_of_date|horizon|evidence_quote,MERGE,"Family follows the table: this fund-by-fund schedule prints capital-account columns (Commitment, Unfunded, Market Value, PIC) beside the multiples and the SI IRR, so the extractor chooser makes the whole table fund_economics_observation, every column in it. A period label is never a subject_name; the quarter belongs in horizon. evidence_quote takes the full printed line over the bare value: the line proves this number, the bare digits prove only that they occur somewhere on the page.",RESOLVED,A+B+ADJUDICATOR,8783ef3e2dc6cf061218360ff1c3db121d172543d661901b2d74131021935dc1
c40b3c4fc56dedeba45b,SRC457,12,PAIR_86CC4803A15641931BD6C341,CLASSIFICATION_CONFLICT,1203,1434,source_section|subject_type|subject_name|as_of_date|horizon|evidence_quote,MERGE,"Family follows the table: this fund-by-fund schedule prints capital-account columns (Commitment, Unfunded, Market Value, PIC) beside the multiples and the SI IRR, so the extractor chooser makes the whole table fund_economics_observation, every column in it. A period label is never a subject_name; the quarter belongs in horizon. evidence_quote takes the full printed line over the bare value: the line proves this number, the bare digits prove only that they occur somewhere on the page.",RESOLVED,A+B+ADJUDICATOR,8783ef3e2dc6cf061218360ff1c3db121d172543d661901b2d74131021935dc1
312df5fa9a84ef4517c3,SRC457,12,,ADJUDICATOR_ADD,,,,ADD,"Recovered from page-012.png: the schedule prints eight value columns and both lanes took only the three cash-flow ones, leaving Reported Market Value, TVPI, IRR, DPI and RVPI unread on all 52 quarters. The table is fund_economics_observation because it prints contributed, distributed and remaining value with the multiples and IRR beside them, and every one of these categories is allowed there. The transcription is checked against the printed arithmetic: DPI plus RVPI equals TVPI on every row.",ADDED,ADJUDICATOR,8783ef3e2dc6cf061218360ff1c3db121d172543d661901b2d74131021935dc1
87061b89b89391e16583,SRC457,12,,ADJUDICATOR_ADD,,,,ADD,"Recovered from page-012.png: the schedule prints eight value columns and both lanes took only the three cash-flow ones, leaving Reported Market Value, TVPI, IRR, DPI and RVPI unread on all 52 quarters. The table is fund_economics_observation because it prints contributed, distributed and remaining value with the multiples and IRR beside them, and every one of these categories is allowed there. The transcription is checked against the printed arithmetic: DPI plus RVPI equals TVPI on every row.; Source review: p13: The calculation is net of management fees and the general partner’s carried interest. (The glossary defines the reported IRR as net.) | p13: The calculation is net of management fees and the general partner’s carried interest. (Printed heading or definition supporting the source-reviewed qualifier.)",ADDED,ADJUDICATOR,8783ef3e2dc6cf061218360ff1c3db121d172543d661901b2d74131021935dc1
8ebffbe08c2e8ab786ac,SRC457,12,,ADJUDICATOR_ADD,,,,ADD,"Recovered from page-012.png: the schedule prints eight value columns and both lanes took only the three cash-flow ones, leaving Reported Market Value, TVPI, IRR, DPI and RVPI unread on all 52 quarters. The table is fund_economics_observation because it prints contributed, distributed and remaining value with the multiples and IRR beside them, and every one of these categories is allowed there. The transcription is checked against the printed arithmetic: DPI plus RVPI equals TVPI on every row.; Source review: p12: Summary of Portfolio Cash Flows (The table reports the combined private-investment portfolio.) | p12: Summary of Portfolio Cash Flows (Printed heading or definition supporting the source-reviewed qualifier.) | p12: Summary of Portfolio Cash Flows (Supersedes SR2412: the printed entity or table label is context, not a measurement basis; source labels retain its scope.)",ADDED,ADJUDICATOR,8783ef3e2dc6cf061218360ff1c3db121d172543d661901b2d74131021935dc1
555de5f8b706ec21f5a1,SRC457,12,,ADJUDICATOR_ADD,,,,ADD,"Recovered from page-012.png: the schedule prints eight value columns and both lanes took only the three cash-flow ones, leaving Reported Market Value, TVPI, IRR, DPI and RVPI unread on all 52 quarters. The table is fund_economics_observation because it prints contributed, distributed and remaining value with the multiples and IRR beside them, and every one of these categories is allowed there. The transcription is checked against the printed arithmetic: DPI plus RVPI equals TVPI on every row.",ADDED,ADJUDICATOR,8783ef3e2dc6cf061218360ff1c3db121d172543d661901b2d74131021935dc1
1d714e2116f7c64b2499,SRC457,12,,ADJUDICATOR_ADD,,,,ADD,"Recovered from page-012.png: the schedule prints eight value columns and both lanes took only the three cash-flow ones, leaving Reported Market Value, TVPI, IRR, DPI and RVPI unread on all 52 quarters. The table is fund_economics_observation because it prints contributed, distributed and remaining value with the multiples and IRR beside them, and every one of these categories is allowed there. The transcription is checked against the printed arithmetic: DPI plus RVPI equals TVPI on every row.",ADDED,ADJUDICATOR,8783ef3e2dc6cf061218360ff1c3db121d172543d661901b2d74131021935dc1
85009a5a377cf830d52e,SRC457,12,PAIR_27D6AFCD4CFD5B196D97179E,CLASSIFICATION_CONFLICT,1205,1436,source_section|subject_type|subject_name|as_of_date|horizon|evidence_quote,MERGE,"Family follows the table: this fund-by-fund schedule prints capital-account columns (Commitment, Unfunded, Market Value, PIC) beside the multiples and the SI IRR, so the extractor chooser makes the whole table fund_economics_observation, every column in it. A period label is never a subject_name; the quarter belongs in horizon. evidence_quote takes the full printed line over the bare value: the line proves this number, the bare digits prove only that they occur somewhere on the page.",RESOLVED,A+B+ADJUDICATOR,8783ef3e2dc6cf061218360ff1c3db121d172543d661901b2d74131021935dc1
d0692b0e87584f08ac98,SRC457,12,PAIR_704BAACEFA4DEF34CDBBBC9B,CLASSIFICATION_CONFLICT,1206,1437,source_section|subject_type|subject_name|as_of_date|horizon|evidence_quote,MERGE,"Family follows the table: this fund-by-fund schedule prints capital-account columns (Commitment, Unfunded, Market Value, PIC) beside the multiples and the SI IRR, so the extractor chooser makes the whole table fund_economics_observation, every column in it. A period label is never a subject_name; the quarter belongs in horizon. evidence_quote takes the full printed line over the bare value: the line proves this number, the bare digits prove only that they occur somewhere on the page.",RESOLVED,A+B+ADJUDICATOR,8783ef3e2dc6cf061218360ff1c3db121d172543d661901b2d74131021935dc1
1f46979a44c3a1b8f6e7,SRC457,12,,ADJUDICATOR_ADD,,,,ADD,"Recovered from page-012.png: the schedule prints eight value columns and both lanes took only the three cash-flow ones, leaving Reported Market Value, TVPI, IRR, DPI and RVPI unread on all 52 quarters. The table is fund_economics_observation because it prints contributed, distributed and remaining value with the multiples and IRR beside them, and every one of these categories is allowed there. The transcription is checked against the printed arithmetic: DPI plus RVPI equals TVPI on every row.",ADDED,ADJUDICATOR,8783ef3e2dc6cf061218360ff1c3db121d172543d661901b2d74131021935dc1
280b77b8dda7754f5025,SRC457,12,,ADJUDICATOR_ADD,,,,ADD,"Recovered from page-012.png: the schedule prints eight value columns and both lanes took only the three cash-flow ones, leaving Reported Market Value, TVPI, IRR, DPI and RVPI unread on all 52 quarters. The table is fund_economics_observation because it prints contributed, distributed and remaining value with the multiples and IRR beside them, and every one of these categories is allowed there. The transcription is checked against the printed arithmetic: DPI plus RVPI equals TVPI on every row.; Source review: p13: The calculation is net of management fees and the general partner’s carried interest. (The glossary defines the reported IRR as net.) | p13: The calculation is net of management fees and the general partner’s carried interest. (Printed heading or definition supporting the source-reviewed qualifier.)",ADDED,ADJUDICATOR,8783ef3e2dc6cf061218360ff1c3db121d172543d661901b2d74131021935dc1
14816058e951fa7a930b,SRC457,12,,ADJUDICATOR_ADD,,,,ADD,"Recovered from page-012.png: the schedule prints eight value columns and both lanes took only the three cash-flow ones, leaving Reported Market Value, TVPI, IRR, DPI and RVPI unread on all 52 quarters. The table is fund_economics_observation because it prints contributed, distributed and remaining value with the multiples and IRR beside them, and every one of these categories is allowed there. The transcription is checked against the printed arithmetic: DPI plus RVPI equals TVPI on every row.; Source review: p12: Summary of Portfolio Cash Flows (The table reports the combined private-investment portfolio.) | p12: Summary of Portfolio Cash Flows (Printed heading or definition supporting the source-reviewed qualifier.) | p12: Summary of Portfolio Cash Flows (Supersedes SR2414: the printed entity or table label is context, not a measurement basis; source labels retain its scope.)",ADDED,ADJUDICATOR,8783ef3e2dc6cf061218360ff1c3db121d172543d661901b2d74131021935dc1
7036598d3e4816ffc875,SRC457,12,,ADJUDICATOR_ADD,,,,ADD,"Recovered from page-012.png: the schedule prints eight value columns and both lanes took only the three cash-flow ones, leaving Reported Market Value, TVPI, IRR, DPI and RVPI unread on all 52 quarters. The table is fund_economics_observation because it prints contributed, distributed and remaining value with the multiples and IRR beside them, and every one of these categories is allowed there. The transcription is checked against the printed arithmetic: DPI plus RVPI equals TVPI on every row.",ADDED,ADJUDICATOR,8783ef3e2dc6cf061218360ff1c3db121d172543d661901b2d74131021935dc1
3f6dcbe28c64d92f7a0a,SRC457,12,,ADJUDICATOR_ADD,,,,ADD,"Recovered from page-012.png: the schedule prints eight value columns and both lanes took only the three cash-flow ones, leaving Reported Market Value, TVPI, IRR, DPI and RVPI unread on all 52 quarters. The table is fund_economics_observation because it prints contributed, distributed and remaining value with the multiples and IRR beside them, and every one of these categories is allowed there. The transcription is checked against the printed arithmetic: DPI plus RVPI equals TVPI on every row.",ADDED,ADJUDICATOR,8783ef3e2dc6cf061218360ff1c3db121d172543d661901b2d74131021935dc1
3892eaded3f3a7c10516,SRC457,12,PAIR_59EDF646DAC909F04EE2D118,CLASSIFICATION_CONFLICT,1208,1439,source_section|subject_type|subject_name|as_of_date|horizon|evidence_quote,MERGE,"Family follows the table: this fund-by-fund schedule prints capital-account columns (Commitment, Unfunded, Market Value, PIC) beside the multiples and the SI IRR, so the extractor chooser makes the whole table fund_economics_observation, every column in it. A period label is never a subject_name; the quarter belongs in horizon. evidence_quote takes the full printed line over the bare value: the line proves this number, the bare digits prove only that they occur somewhere on the page.",RESOLVED,A+B+ADJUDICATOR,8783ef3e2dc6cf061218360ff1c3db121d172543d661901b2d74131021935dc1
296d6b10b0b71c1599ba,SRC457,12,PAIR_26982C3E6649707122418B50,CLASSIFICATION_CONFLICT,1209,1440,source_section|subject_type|subject_name|as_of_date|horizon|evidence_quote,MERGE,"Family follows the table: this fund-by-fund schedule prints capital-account columns (Commitment, Unfunded, Market Value, PIC) beside the multiples and the SI IRR, so the extractor chooser makes the whole table fund_economics_observation, every column in it. A period label is never a subject_name; the quarter belongs in horizon. evidence_quote takes the full printed line over the bare value: the line proves this number, the bare digits prove only that they occur somewhere on the page.",RESOLVED,A+B+ADJUDICATOR,8783ef3e2dc6cf061218360ff1c3db121d172543d661901b2d74131021935dc1
32aa22ef7cf443db1c95,SRC457,12,,ADJUDICATOR_ADD,,,,ADD,"Recovered from page-012.png: the schedule prints eight value columns and both lanes took only the three cash-flow ones, leaving Reported Market Value, TVPI, IRR, DPI and RVPI unread on all 52 quarters. The table is fund_economics_observation because it prints contributed, distributed and remaining value with the multiples and IRR beside them, and every one of these categories is allowed there. The transcription is checked against the printed arithmetic: DPI plus RVPI equals TVPI on every row.",ADDED,ADJUDICATOR,8783ef3e2dc6cf061218360ff1c3db121d172543d661901b2d74131021935dc1
94bdb23dad01cd3a2a3e,SRC457,12,,ADJUDICATOR_ADD,,,,ADD,"Recovered from page-012.png: the schedule prints eight value columns and both lanes took only the three cash-flow ones, leaving Reported Market Value, TVPI, IRR, DPI and RVPI unread on all 52 quarters. The table is fund_economics_observation because it prints contributed, distributed and remaining value with the multiples and IRR beside them, and every one of these categories is allowed there. The transcription is checked against the printed arithmetic: DPI plus RVPI equals TVPI on every row.; Source review: p13: The calculation is net of management fees and the general partner’s carried interest. (The glossary defines the reported IRR as net.) | p13: The calculation is net of management fees and the general partner’s carried interest. (Printed heading or definition supporting the source-reviewed qualifier.)",ADDED,ADJUDICATOR,8783ef3e2dc6cf061218360ff1c3db121d172543d661901b2d74131021935dc1
c53853762cb5e39f89b1,SRC457,12,,ADJUDICATOR_ADD,,,,ADD,"Recovered from page-012.png: the schedule prints eight value columns and both lanes took only the three cash-flow ones, leaving Reported Market Value, TVPI, IRR, DPI and RVPI unread on all 52 quarters. The table is fund_economics_observation because it prints contributed, distributed and remaining value with the multiples and IRR beside them, and every one of these categories is allowed there. The transcription is checked against the printed arithmetic: DPI plus RVPI equals TVPI on every row.; Source review: p12: Summary of Portfolio Cash Flows (The table reports the combined private-investment portfolio.) | p12: Summary of Portfolio Cash Flows (Printed heading or definition supporting the source-reviewed qualifier.) | p12: Summary of Portfolio Cash Flows (Supersedes SR2416: the printed entity or table label is context, not a measurement basis; source labels retain its scope.)",ADDED,ADJUDICATOR,8783ef3e2dc6cf061218360ff1c3db121d172543d661901b2d74131021935dc1
8f1800c7eeac3026cce1,SRC457,12,,ADJUDICATOR_ADD,,,,ADD,"Recovered from page-012.png: the schedule prints eight value columns and both lanes took only the three cash-flow ones, leaving Reported Market Value, TVPI, IRR, DPI and RVPI unread on all 52 quarters. The table is fund_economics_observation because it prints contributed, distributed and remaining value with the multiples and IRR beside them, and every one of these categories is allowed there. The transcription is checked against the printed arithmetic: DPI plus RVPI equals TVPI on every row.",ADDED,ADJUDICATOR,8783ef3e2dc6cf061218360ff1c3db121d172543d661901b2d74131021935dc1
65163565ab68dbe60aeb,SRC457,12,,ADJUDICATOR_ADD,,,,ADD,"Recovered from page-012.png: the schedule prints eight value columns and both lanes took only the three cash-flow ones, leaving Reported Market Value, TVPI, IRR, DPI and RVPI unread on all 52 quarters. The table is fund_economics_observation because it prints contributed, distributed and remaining value with the multiples and IRR beside them, and every one of these categories is allowed there. The transcription is checked against the printed arithmetic: DPI plus RVPI equals TVPI on every row.",ADDED,ADJUDICATOR,8783ef3e2dc6cf061218360ff1c3db121d172543d661901b2d74131021935dc1
8f5127ee0e4051a93ae5,SRC457,12,PAIR_3FEB737F0B21D4ECB52110A6,CLASSIFICATION_CONFLICT,1211,1442,source_section|subject_type|subject_name|as_of_date|horizon|evidence_quote,MERGE,"Family follows the table: this fund-by-fund schedule prints capital-account columns (Commitment, Unfunded, Market Value, PIC) beside the multiples and the SI IRR, so the extractor chooser makes the whole table fund_economics_observation, every column in it. A period label is never a subject_name; the quarter belongs in horizon. evidence_quote takes the full printed line over the bare value: the line proves this number, the bare digits prove only that they occur somewhere on the page.",RESOLVED,A+B+ADJUDICATOR,8783ef3e2dc6cf061218360ff1c3db121d172543d661901b2d74131021935dc1
e82e17ab55114a99ecb6,SRC457,12,PAIR_D6AF19BB2CBD8C3F05CF395A,CLASSIFICATION_CONFLICT,1212,1443,source_section|subject_type|subject_name|as_of_date|horizon|evidence_quote,MERGE,"Family follows the table: this fund-by-fund schedule prints capital-account columns (Commitment, Unfunded, Market Value, PIC) beside the multiples and the SI IRR, so the extractor chooser makes the whole table fund_economics_observation, every column in it. A period label is never a subject_name; the quarter belongs in horizon. evidence_quote takes the full printed line over the bare value: the line proves this number, the bare digits prove only that they occur somewhere on the page.",RESOLVED,A+B+ADJUDICATOR,8783ef3e2dc6cf061218360ff1c3db121d172543d661901b2d74131021935dc1
059010b124b10228ff1b,SRC457,12,,ADJUDICATOR_ADD,,,,ADD,"Recovered from page-012.png: the schedule prints eight value columns and both lanes took only the three cash-flow ones, leaving Reported Market Value, TVPI, IRR, DPI and RVPI unread on all 52 quarters. The table is fund_economics_observation because it prints contributed, distributed and remaining value with the multiples and IRR beside them, and every one of these categories is allowed there. The transcription is checked against the printed arithmetic: DPI plus RVPI equals TVPI on every row.",ADDED,ADJUDICATOR,8783ef3e2dc6cf061218360ff1c3db121d172543d661901b2d74131021935dc1
69fb640de29da6d059e4,SRC457,12,,ADJUDICATOR_ADD,,,,ADD,"Recovered from page-012.png: the schedule prints eight value columns and both lanes took only the three cash-flow ones, leaving Reported Market Value, TVPI, IRR, DPI and RVPI unread on all 52 quarters. The table is fund_economics_observation because it prints contributed, distributed and remaining value with the multiples and IRR beside them, and every one of these categories is allowed there. The transcription is checked against the printed arithmetic: DPI plus RVPI equals TVPI on every row.; Source review: p13: The calculation is net of management fees and the general partner’s carried interest. (The glossary defines the reported IRR as net.) | p13: The calculation is net of management fees and the general partner’s carried interest. (Printed heading or definition supporting the source-reviewed qualifier.)",ADDED,ADJUDICATOR,8783ef3e2dc6cf061218360ff1c3db121d172543d661901b2d74131021935dc1
c8a26c49abe293ec2954,SRC457,12,,ADJUDICATOR_ADD,,,,ADD,"Recovered from page-012.png: the schedule prints eight value columns and both lanes took only the three cash-flow ones, leaving Reported Market Value, TVPI, IRR, DPI and RVPI unread on all 52 quarters. The table is fund_economics_observation because it prints contributed, distributed and remaining value with the multiples and IRR beside them, and every one of these categories is allowed there. The transcription is checked against the printed arithmetic: DPI plus RVPI equals TVPI on every row.; Source review: p12: Summary of Portfolio Cash Flows (The table reports the combined private-investment portfolio.) | p12: Summary of Portfolio Cash Flows (Printed heading or definition supporting the source-reviewed qualifier.) | p12: Summary of Portfolio Cash Flows (Supersedes SR2418: the printed entity or table label is context, not a measurement basis; source labels retain its scope.)",ADDED,ADJUDICATOR,8783ef3e2dc6cf061218360ff1c3db121d172543d661901b2d74131021935dc1
47aa1e9b35839016652c,SRC457,12,,ADJUDICATOR_ADD,,,,ADD,"Recovered from page-012.png: the schedule prints eight value columns and both lanes took only the three cash-flow ones, leaving Reported Market Value, TVPI, IRR, DPI and RVPI unread on all 52 quarters. The table is fund_economics_observation because it prints contributed, distributed and remaining value with the multiples and IRR beside them, and every one of these categories is allowed there. The transcription is checked against the printed arithmetic: DPI plus RVPI equals TVPI on every row.",ADDED,ADJUDICATOR,8783ef3e2dc6cf061218360ff1c3db121d172543d661901b2d74131021935dc1
55a2e4c0d4d521c10d6d,SRC457,12,,ADJUDICATOR_ADD,,,,ADD,"Recovered from page-012.png: the schedule prints eight value columns and both lanes took only the three cash-flow ones, leaving Reported Market Value, TVPI, IRR, DPI and RVPI unread on all 52 quarters. The table is fund_economics_observation because it prints contributed, distributed and remaining value with the multiples and IRR beside them, and every one of these categories is allowed there. The transcription is checked against the printed arithmetic: DPI plus RVPI equals TVPI on every row.",ADDED,ADJUDICATOR,8783ef3e2dc6cf061218360ff1c3db121d172543d661901b2d74131021935dc1
e4f155d85f65aef471b7,SRC457,12,PAIR_6ADB6D5C23E9A2F41F7F65A5,CLASSIFICATION_CONFLICT,1214,1445,source_section|subject_type|subject_name|as_of_date|horizon|evidence_quote,MERGE,"Family follows the table: this fund-by-fund schedule prints capital-account columns (Commitment, Unfunded, Market Value, PIC) beside the multiples and the SI IRR, so the extractor chooser makes the whole table fund_economics_observation, every column in it. A period label is never a subject_name; the quarter belongs in horizon. evidence_quote takes the full printed line over the bare value: the line proves this number, the bare digits prove only that they occur somewhere on the page.",RESOLVED,A+B+ADJUDICATOR,8783ef3e2dc6cf061218360ff1c3db121d172543d661901b2d74131021935dc1
dfa235dbb0b50f4a3cfb,SRC457,12,PAIR_A5D6FB04046771BF1C5448FB,CLASSIFICATION_CONFLICT,1215,1446,source_section|subject_type|subject_name|as_of_date|horizon|evidence_quote,MERGE,"Family follows the table: this fund-by-fund schedule prints capital-account columns (Commitment, Unfunded, Market Value, PIC) beside the multiples and the SI IRR, so the extractor chooser makes the whole table fund_economics_observation, every column in it. A period label is never a subject_name; the quarter belongs in horizon. evidence_quote takes the full printed line over the bare value: the line proves this number, the bare digits prove only that they occur somewhere on the page.",RESOLVED,A+B+ADJUDICATOR,8783ef3e2dc6cf061218360ff1c3db121d172543d661901b2d74131021935dc1
3ee1c7b4fcec61fcf51f,SRC457,12,,ADJUDICATOR_ADD,,,,ADD,"Recovered from page-012.png: the schedule prints eight value columns and both lanes took only the three cash-flow ones, leaving Reported Market Value, TVPI, IRR, DPI and RVPI unread on all 52 quarters. The table is fund_economics_observation because it prints contributed, distributed and remaining value with the multiples and IRR beside them, and every one of these categories is allowed there. The transcription is checked against the printed arithmetic: DPI plus RVPI equals TVPI on every row.",ADDED,ADJUDICATOR,8783ef3e2dc6cf061218360ff1c3db121d172543d661901b2d74131021935dc1
583fc868e84b51612aa6,SRC457,12,,ADJUDICATOR_ADD,,,,ADD,"Recovered from page-012.png: the schedule prints eight value columns and both lanes took only the three cash-flow ones, leaving Reported Market Value, TVPI, IRR, DPI and RVPI unread on all 52 quarters. The table is fund_economics_observation because it prints contributed, distributed and remaining value with the multiples and IRR beside them, and every one of these categories is allowed there. The transcription is checked against the printed arithmetic: DPI plus RVPI equals TVPI on every row.; Source review: p13: The calculation is net of management fees and the general partner’s carried interest. (The glossary defines the reported IRR as net.) | p13: The calculation is net of management fees and the general partner’s carried interest. (Printed heading or definition supporting the source-reviewed qualifier.)",ADDED,ADJUDICATOR,8783ef3e2dc6cf061218360ff1c3db121d172543d661901b2d74131021935dc1
5819e24aa3dc1397ee24,SRC457,12,,ADJUDICATOR_ADD,,,,ADD,"Recovered from page-012.png: the schedule prints eight value columns and both lanes took only the three cash-flow ones, leaving Reported Market Value, TVPI, IRR, DPI and RVPI unread on all 52 quarters. The table is fund_economics_observation because it prints contributed, distributed and remaining value with the multiples and IRR beside them, and every one of these categories is allowed there. The transcription is checked against the printed arithmetic: DPI plus RVPI equals TVPI on every row.; Source review: p12: Summary of Portfolio Cash Flows (The table reports the combined private-investment portfolio.) | p12: Summary of Portfolio Cash Flows (Printed heading or definition supporting the source-reviewed qualifier.) | p12: Summary of Portfolio Cash Flows (Supersedes SR2420: the printed entity or table label is context, not a measurement basis; source labels retain its scope.)",ADDED,ADJUDICATOR,8783ef3e2dc6cf061218360ff1c3db121d172543d661901b2d74131021935dc1
b360524afea64f4f3316,SRC457,12,,ADJUDICATOR_ADD,,,,ADD,"Recovered from page-012.png: the schedule prints eight value columns and both lanes took only the three cash-flow ones, leaving Reported Market Value, TVPI, IRR, DPI and RVPI unread on all 52 quarters. The table is fund_economics_observation because it prints contributed, distributed and remaining value with the multiples and IRR beside them, and every one of these categories is allowed there. The transcription is checked against the printed arithmetic: DPI plus RVPI equals TVPI on every row.",ADDED,ADJUDICATOR,8783ef3e2dc6cf061218360ff1c3db121d172543d661901b2d74131021935dc1
9a52db724d0c7761f811,SRC457,12,,ADJUDICATOR_ADD,,,,ADD,"Recovered from page-012.png: the schedule prints eight value columns and both lanes took only the three cash-flow ones, leaving Reported Market Value, TVPI, IRR, DPI and RVPI unread on all 52 quarters. The table is fund_economics_observation because it prints contributed, distributed and remaining value with the multiples and IRR beside them, and every one of these categories is allowed there. The transcription is checked against the printed arithmetic: DPI plus RVPI equals TVPI on every row.",ADDED,ADJUDICATOR,8783ef3e2dc6cf061218360ff1c3db121d172543d661901b2d74131021935dc1
5d39445eb471dcb9df9c,SRC457,12,PAIR_0DEAA93C8B4EFA7CCD4AAD2D,CLASSIFICATION_CONFLICT,1217,1448,source_section|subject_type|subject_name|as_of_date|horizon|evidence_quote,MERGE,"Family follows the table: this fund-by-fund schedule prints capital-account columns (Commitment, Unfunded, Market Value, PIC) beside the multiples and the SI IRR, so the extractor chooser makes the whole table fund_economics_observation, every column in it. A period label is never a subject_name; the quarter belongs in horizon. evidence_quote takes the full printed line over the bare value: the line proves this number, the bare digits prove only that they occur somewhere on the page.",RESOLVED,A+B+ADJUDICATOR,8783ef3e2dc6cf061218360ff1c3db121d172543d661901b2d74131021935dc1
a39aaaaf962e048136aa,SRC457,12,PAIR_3BD5805061A5AC35BF5B01D8,CLASSIFICATION_CONFLICT,1218,1449,source_section|subject_type|subject_name|as_of_date|horizon|evidence_quote,MERGE,"Family follows the table: this fund-by-fund schedule prints capital-account columns (Commitment, Unfunded, Market Value, PIC) beside the multiples and the SI IRR, so the extractor chooser makes the whole table fund_economics_observation, every column in it. A period label is never a subject_name; the quarter belongs in horizon. evidence_quote takes the full printed line over the bare value: the line proves this number, the bare digits prove only that they occur somewhere on the page.",RESOLVED,A+B+ADJUDICATOR,8783ef3e2dc6cf061218360ff1c3db121d172543d661901b2d74131021935dc1
27cd657e4f0e82f89c78,SRC457,12,,ADJUDICATOR_ADD,,,,ADD,"Recovered from page-012.png: the schedule prints eight value columns and both lanes took only the three cash-flow ones, leaving Reported Market Value, TVPI, IRR, DPI and RVPI unread on all 52 quarters. The table is fund_economics_observation because it prints contributed, distributed and remaining value with the multiples and IRR beside them, and every one of these categories is allowed there. The transcription is checked against the printed arithmetic: DPI plus RVPI equals TVPI on every row.",ADDED,ADJUDICATOR,8783ef3e2dc6cf061218360ff1c3db121d172543d661901b2d74131021935dc1
945e12d02e8ae162c22a,SRC457,12,,ADJUDICATOR_ADD,,,,ADD,"Recovered from page-012.png: the schedule prints eight value columns and both lanes took only the three cash-flow ones, leaving Reported Market Value, TVPI, IRR, DPI and RVPI unread on all 52 quarters. The table is fund_economics_observation because it prints contributed, distributed and remaining value with the multiples and IRR beside them, and every one of these categories is allowed there. The transcription is checked against the printed arithmetic: DPI plus RVPI equals TVPI on every row.; Source review: p13: The calculation is net of management fees and the general partner’s carried interest. (The glossary defines the reported IRR as net.) | p13: The calculation is net of management fees and the general partner’s carried interest. (Printed heading or definition supporting the source-reviewed qualifier.)",ADDED,ADJUDICATOR,8783ef3e2dc6cf061218360ff1c3db121d172543d661901b2d74131021935dc1
710edde5dbfbe8157859,SRC457,12,,ADJUDICATOR_ADD,,,,ADD,"Recovered from page-012.png: the schedule prints eight value columns and both lanes took only the three cash-flow ones, leaving Reported Market Value, TVPI, IRR, DPI and RVPI unread on all 52 quarters. The table is fund_economics_observation because it prints contributed, distributed and remaining value with the multiples and IRR beside them, and every one of these categories is allowed there. The transcription is checked against the printed arithmetic: DPI plus RVPI equals TVPI on every row.; Source review: p12: Summary of Portfolio Cash Flows (The table reports the combined private-investment portfolio.) | p12: Summary of Portfolio Cash Flows (Printed heading or definition supporting the source-reviewed qualifier.) | p12: Summary of Portfolio Cash Flows (Supersedes SR2422: the printed entity or table label is context, not a measurement basis; source labels retain its scope.)",ADDED,ADJUDICATOR,8783ef3e2dc6cf061218360ff1c3db121d172543d661901b2d74131021935dc1
53c1be43aca9fea9dace,SRC457,12,,ADJUDICATOR_ADD,,,,ADD,"Recovered from page-012.png: the schedule prints eight value columns and both lanes took only the three cash-flow ones, leaving Reported Market Value, TVPI, IRR, DPI and RVPI unread on all 52 quarters. The table is fund_economics_observation because it prints contributed, distributed and remaining value with the multiples and IRR beside them, and every one of these categories is allowed there. The transcription is checked against the printed arithmetic: DPI plus RVPI equals TVPI on every row.",ADDED,ADJUDICATOR,8783ef3e2dc6cf061218360ff1c3db121d172543d661901b2d74131021935dc1
52be887066d455357c82,SRC457,12,,ADJUDICATOR_ADD,,,,ADD,"Recovered from page-012.png: the schedule prints eight value columns and both lanes took only the three cash-flow ones, leaving Reported Market Value, TVPI, IRR, DPI and RVPI unread on all 52 quarters. The table is fund_economics_observation because it prints contributed, distributed and remaining value with the multiples and IRR beside them, and every one of these categories is allowed there. The transcription is checked against the printed arithmetic: DPI plus RVPI equals TVPI on every row.",ADDED,ADJUDICATOR,8783ef3e2dc6cf061218360ff1c3db121d172543d661901b2d74131021935dc1
74535ecfa7e5acdaa7d3,SRC457,12,PAIR_E0EFDE8066CF3FC81A6C463B,CLASSIFICATION_CONFLICT,1220,1451,source_section|subject_type|subject_name|as_of_date|horizon|evidence_quote,MERGE,"Family follows the table: this fund-by-fund schedule prints capital-account columns (Commitment, Unfunded, Market Value, PIC) beside the multiples and the SI IRR, so the extractor chooser makes the whole table fund_economics_observation, every column in it. A period label is never a subject_name; the quarter belongs in horizon. evidence_quote takes the full printed line over the bare value: the line proves this number, the bare digits prove only that they occur somewhere on the page.",RESOLVED,A+B+ADJUDICATOR,8783ef3e2dc6cf061218360ff1c3db121d172543d661901b2d74131021935dc1
c4b194d6df29be593bf5,SRC457,12,PAIR_DF1E779C905F5B6F6D680B1F,CLASSIFICATION_CONFLICT,1221,1452,source_section|subject_type|subject_name|as_of_date|horizon|evidence_quote,MERGE,"Family follows the table: this fund-by-fund schedule prints capital-account columns (Commitment, Unfunded, Market Value, PIC) beside the multiples and the SI IRR, so the extractor chooser makes the whole table fund_economics_observation, every column in it. A period label is never a subject_name; the quarter belongs in horizon. evidence_quote takes the full printed line over the bare value: the line proves this number, the bare digits prove only that they occur somewhere on the page.",RESOLVED,A+B+ADJUDICATOR,8783ef3e2dc6cf061218360ff1c3db121d172543d661901b2d74131021935dc1
31bffdb554c5b2d00bd6,SRC457,12,,ADJUDICATOR_ADD,,,,ADD,"Recovered from page-012.png: the schedule prints eight value columns and both lanes took only the three cash-flow ones, leaving Reported Market Value, TVPI, IRR, DPI and RVPI unread on all 52 quarters. The table is fund_economics_observation because it prints contributed, distributed and remaining value with the multiples and IRR beside them, and every one of these categories is allowed there. The transcription is checked against the printed arithmetic: DPI plus RVPI equals TVPI on every row.",ADDED,ADJUDICATOR,8783ef3e2dc6cf061218360ff1c3db121d172543d661901b2d74131021935dc1
d3c1845d685f6291b6d7,SRC457,12,,ADJUDICATOR_ADD,,,,ADD,"Recovered from page-012.png: the schedule prints eight value columns and both lanes took only the three cash-flow ones, leaving Reported Market Value, TVPI, IRR, DPI and RVPI unread on all 52 quarters. The table is fund_economics_observation because it prints contributed, distributed and remaining value with the multiples and IRR beside them, and every one of these categories is allowed there. The transcription is checked against the printed arithmetic: DPI plus RVPI equals TVPI on every row.; Source review: p13: The calculation is net of management fees and the general partner’s carried interest. (The glossary defines the reported IRR as net.) | p13: The calculation is net of management fees and the general partner’s carried interest. (Printed heading or definition supporting the source-reviewed qualifier.)",ADDED,ADJUDICATOR,8783ef3e2dc6cf061218360ff1c3db121d172543d661901b2d74131021935dc1
c817b65f6cfe4a56c812,SRC457,12,,ADJUDICATOR_ADD,,,,ADD,"Recovered from page-012.png: the schedule prints eight value columns and both lanes took only the three cash-flow ones, leaving Reported Market Value, TVPI, IRR, DPI and RVPI unread on all 52 quarters. The table is fund_economics_observation because it prints contributed, distributed and remaining value with the multiples and IRR beside them, and every one of these categories is allowed there. The transcription is checked against the printed arithmetic: DPI plus RVPI equals TVPI on every row.; Source review: p12: Summary of Portfolio Cash Flows (The table reports the combined private-investment portfolio.) | p12: Summary of Portfolio Cash Flows (Printed heading or definition supporting the source-reviewed qualifier.) | p12: Summary of Portfolio Cash Flows (Supersedes SR2424: the printed entity or table label is context, not a measurement basis; source labels retain its scope.)",ADDED,ADJUDICATOR,8783ef3e2dc6cf061218360ff1c3db121d172543d661901b2d74131021935dc1
c01bdb2ffe3de89106a5,SRC457,12,,ADJUDICATOR_ADD,,,,ADD,"Recovered from page-012.png: the schedule prints eight value columns and both lanes took only the three cash-flow ones, leaving Reported Market Value, TVPI, IRR, DPI and RVPI unread on all 52 quarters. The table is fund_economics_observation because it prints contributed, distributed and remaining value with the multiples and IRR beside them, and every one of these categories is allowed there. The transcription is checked against the printed arithmetic: DPI plus RVPI equals TVPI on every row.",ADDED,ADJUDICATOR,8783ef3e2dc6cf061218360ff1c3db121d172543d661901b2d74131021935dc1
fcd5019f81f7f2722c9e,SRC457,12,,ADJUDICATOR_ADD,,,,ADD,"Recovered from page-012.png: the schedule prints eight value columns and both lanes took only the three cash-flow ones, leaving Reported Market Value, TVPI, IRR, DPI and RVPI unread on all 52 quarters. The table is fund_economics_observation because it prints contributed, distributed and remaining value with the multiples and IRR beside them, and every one of these categories is allowed there. The transcription is checked against the printed arithmetic: DPI plus RVPI equals TVPI on every row.",ADDED,ADJUDICATOR,8783ef3e2dc6cf061218360ff1c3db121d172543d661901b2d74131021935dc1
6fd5ec97517d74984179,SRC457,12,PAIR_6CF8D6C70E3676EA2D9B7B48,CLASSIFICATION_CONFLICT,1223,1454,source_section|subject_type|subject_name|as_of_date|horizon|evidence_quote,MERGE,"Family follows the table: this fund-by-fund schedule prints capital-account columns (Commitment, Unfunded, Market Value, PIC) beside the multiples and the SI IRR, so the extractor chooser makes the whole table fund_economics_observation, every column in it. A period label is never a subject_name; the quarter belongs in horizon. evidence_quote takes the full printed line over the bare value: the line proves this number, the bare digits prove only that they occur somewhere on the page.",RESOLVED,A+B+ADJUDICATOR,8783ef3e2dc6cf061218360ff1c3db121d172543d661901b2d74131021935dc1
98bc3a111902419f11ad,SRC457,12,PAIR_2C45E79C93860D2BAA84F36A,CLASSIFICATION_CONFLICT,1224,1455,source_section|subject_type|subject_name|as_of_date|horizon|evidence_quote,MERGE,"Family follows the table: this fund-by-fund schedule prints capital-account columns (Commitment, Unfunded, Market Value, PIC) beside the multiples and the SI IRR, so the extractor chooser makes the whole table fund_economics_observation, every column in it. A period label is never a subject_name; the quarter belongs in horizon. evidence_quote takes the full printed line over the bare value: the line proves this number, the bare digits prove only that they occur somewhere on the page.",RESOLVED,A+B+ADJUDICATOR,8783ef3e2dc6cf061218360ff1c3db121d172543d661901b2d74131021935dc1
3528878946a1a952c9cf,SRC457,12,,ADJUDICATOR_ADD,,,,ADD,"Recovered from page-012.png: the schedule prints eight value columns and both lanes took only the three cash-flow ones, leaving Reported Market Value, TVPI, IRR, DPI and RVPI unread on all 52 quarters. The table is fund_economics_observation because it prints contributed, distributed and remaining value with the multiples and IRR beside them, and every one of these categories is allowed there. The transcription is checked against the printed arithmetic: DPI plus RVPI equals TVPI on every row.",ADDED,ADJUDICATOR,8783ef3e2dc6cf061218360ff1c3db121d172543d661901b2d74131021935dc1
333fa7a292cf3f6b0a37,SRC457,12,,ADJUDICATOR_ADD,,,,ADD,"Recovered from page-012.png: the schedule prints eight value columns and both lanes took only the three cash-flow ones, leaving Reported Market Value, TVPI, IRR, DPI and RVPI unread on all 52 quarters. The table is fund_economics_observation because it prints contributed, distributed and remaining value with the multiples and IRR beside them, and every one of these categories is allowed there. The transcription is checked against the printed arithmetic: DPI plus RVPI equals TVPI on every row.; Source review: p13: The calculation is net of management fees and the general partner’s carried interest. (The glossary defines the reported IRR as net.) | p13: The calculation is net of management fees and the general partner’s carried interest. (Printed heading or definition supporting the source-reviewed qualifier.)",ADDED,ADJUDICATOR,8783ef3e2dc6cf061218360ff1c3db121d172543d661901b2d74131021935dc1
545823fb59dfd4edba63,SRC457,12,,ADJUDICATOR_ADD,,,,ADD,"Recovered from page-012.png: the schedule prints eight value columns and both lanes took only the three cash-flow ones, leaving Reported Market Value, TVPI, IRR, DPI and RVPI unread on all 52 quarters. The table is fund_economics_observation because it prints contributed, distributed and remaining value with the multiples and IRR beside them, and every one of these categories is allowed there. The transcription is checked against the printed arithmetic: DPI plus RVPI equals TVPI on every row.; Source review: p12: Summary of Portfolio Cash Flows (The table reports the combined private-investment portfolio.) | p12: Summary of Portfolio Cash Flows (Printed heading or definition supporting the source-reviewed qualifier.) | p12: Summary of Portfolio Cash Flows (Supersedes SR2426: the printed entity or table label is context, not a measurement basis; source labels retain its scope.)",ADDED,ADJUDICATOR,8783ef3e2dc6cf061218360ff1c3db121d172543d661901b2d74131021935dc1
04d7537cbc133103ceaa,SRC457,12,,ADJUDICATOR_ADD,,,,ADD,"Recovered from page-012.png: the schedule prints eight value columns and both lanes took only the three cash-flow ones, leaving Reported Market Value, TVPI, IRR, DPI and RVPI unread on all 52 quarters. The table is fund_economics_observation because it prints contributed, distributed and remaining value with the multiples and IRR beside them, and every one of these categories is allowed there. The transcription is checked against the printed arithmetic: DPI plus RVPI equals TVPI on every row.",ADDED,ADJUDICATOR,8783ef3e2dc6cf061218360ff1c3db121d172543d661901b2d74131021935dc1
0c2120b3635353fa1907,SRC457,12,,ADJUDICATOR_ADD,,,,ADD,"Recovered from page-012.png: the schedule prints eight value columns and both lanes took only the three cash-flow ones, leaving Reported Market Value, TVPI, IRR, DPI and RVPI unread on all 52 quarters. The table is fund_economics_observation because it prints contributed, distributed and remaining value with the multiples and IRR beside them, and every one of these categories is allowed there. The transcription is checked against the printed arithmetic: DPI plus RVPI equals TVPI on every row.",ADDED,ADJUDICATOR,8783ef3e2dc6cf061218360ff1c3db121d172543d661901b2d74131021935dc1
02dadc4b71bf63ed4180,SRC457,12,PAIR_B3FC1945BF94A467AC7C0A5C,CLASSIFICATION_CONFLICT,1226,1457,source_section|subject_type|subject_name|as_of_date|horizon|evidence_quote,MERGE,"Family follows the table: this fund-by-fund schedule prints capital-account columns (Commitment, Unfunded, Market Value, PIC) beside the multiples and the SI IRR, so the extractor chooser makes the whole table fund_economics_observation, every column in it. A period label is never a subject_name; the quarter belongs in horizon. evidence_quote takes the full printed line over the bare value: the line proves this number, the bare digits prove only that they occur somewhere on the page.",RESOLVED,A+B+ADJUDICATOR,8783ef3e2dc6cf061218360ff1c3db121d172543d661901b2d74131021935dc1
550739e58c3281aeeb52,SRC457,12,PAIR_8230175C4EE92A77466C43CC,CLASSIFICATION_CONFLICT,1227,1458,source_section|subject_type|subject_name|as_of_date|horizon|evidence_quote,MERGE,"Family follows the table: this fund-by-fund schedule prints capital-account columns (Commitment, Unfunded, Market Value, PIC) beside the multiples and the SI IRR, so the extractor chooser makes the whole table fund_economics_observation, every column in it. A period label is never a subject_name; the quarter belongs in horizon. evidence_quote takes the full printed line over the bare value: the line proves this number, the bare digits prove only that they occur somewhere on the page.",RESOLVED,A+B+ADJUDICATOR,8783ef3e2dc6cf061218360ff1c3db121d172543d661901b2d74131021935dc1
4b2fafafe42ef3fd7714,SRC457,12,,ADJUDICATOR_ADD,,,,ADD,"Recovered from page-012.png: the schedule prints eight value columns and both lanes took only the three cash-flow ones, leaving Reported Market Value, TVPI, IRR, DPI and RVPI unread on all 52 quarters. The table is fund_economics_observation because it prints contributed, distributed and remaining value with the multiples and IRR beside them, and every one of these categories is allowed there. The transcription is checked against the printed arithmetic: DPI plus RVPI equals TVPI on every row.",ADDED,ADJUDICATOR,8783ef3e2dc6cf061218360ff1c3db121d172543d661901b2d74131021935dc1
1870b3a7a891d2d0339e,SRC457,12,,ADJUDICATOR_ADD,,,,ADD,"Recovered from page-012.png: the schedule prints eight value columns and both lanes took only the three cash-flow ones, leaving Reported Market Value, TVPI, IRR, DPI and RVPI unread on all 52 quarters. The table is fund_economics_observation because it prints contributed, distributed and remaining value with the multiples and IRR beside them, and every one of these categories is allowed there. The transcription is checked against the printed arithmetic: DPI plus RVPI equals TVPI on every row.; Source review: p13: The calculation is net of management fees and the general partner’s carried interest. (The glossary defines the reported IRR as net.) | p13: The calculation is net of management fees and the general partner’s carried interest. (Printed heading or definition supporting the source-reviewed qualifier.)",ADDED,ADJUDICATOR,8783ef3e2dc6cf061218360ff1c3db121d172543d661901b2d74131021935dc1
9fe4c064006e7b4d7e84,SRC457,12,,ADJUDICATOR_ADD,,,,ADD,"Recovered from page-012.png: the schedule prints eight value columns and both lanes took only the three cash-flow ones, leaving Reported Market Value, TVPI, IRR, DPI and RVPI unread on all 52 quarters. The table is fund_economics_observation because it prints contributed, distributed and remaining value with the multiples and IRR beside them, and every one of these categories is allowed there. The transcription is checked against the printed arithmetic: DPI plus RVPI equals TVPI on every row.; Source review: p12: Summary of Portfolio Cash Flows (The table reports the combined private-investment portfolio.) | p12: Summary of Portfolio Cash Flows (Printed heading or definition supporting the source-reviewed qualifier.) | p12: Summary of Portfolio Cash Flows (Supersedes SR2428: the printed entity or table label is context, not a measurement basis; source labels retain its scope.)",ADDED,ADJUDICATOR,8783ef3e2dc6cf061218360ff1c3db121d172543d661901b2d74131021935dc1
70a4be28b72819edbb0f,SRC457,12,,ADJUDICATOR_ADD,,,,ADD,"Recovered from page-012.png: the schedule prints eight value columns and both lanes took only the three cash-flow ones, leaving Reported Market Value, TVPI, IRR, DPI and RVPI unread on all 52 quarters. The table is fund_economics_observation because it prints contributed, distributed and remaining value with the multiples and IRR beside them, and every one of these categories is allowed there. The transcription is checked against the printed arithmetic: DPI plus RVPI equals TVPI on every row.",ADDED,ADJUDICATOR,8783ef3e2dc6cf061218360ff1c3db121d172543d661901b2d74131021935dc1
b0503108266f3fda1f4c,SRC457,12,,ADJUDICATOR_ADD,,,,ADD,"Recovered from page-012.png: the schedule prints eight value columns and both lanes took only the three cash-flow ones, leaving Reported Market Value, TVPI, IRR, DPI and RVPI unread on all 52 quarters. The table is fund_economics_observation because it prints contributed, distributed and remaining value with the multiples and IRR beside them, and every one of these categories is allowed there. The transcription is checked against the printed arithmetic: DPI plus RVPI equals TVPI on every row.",ADDED,ADJUDICATOR,8783ef3e2dc6cf061218360ff1c3db121d172543d661901b2d74131021935dc1
37d3cf6f709f0f0bd7ac,SRC457,12,PAIR_04452A3CB942EA311B3E12B0,CLASSIFICATION_CONFLICT,1229,1460,source_section|subject_type|subject_name|as_of_date|horizon|evidence_quote,MERGE,"Family follows the table: this fund-by-fund schedule prints capital-account columns (Commitment, Unfunded, Market Value, PIC) beside the multiples and the SI IRR, so the extractor chooser makes the whole table fund_economics_observation, every column in it. A period label is never a subject_name; the quarter belongs in horizon. evidence_quote takes the full printed line over the bare value: the line proves this number, the bare digits prove only that they occur somewhere on the page.",RESOLVED,A+B+ADJUDICATOR,8783ef3e2dc6cf061218360ff1c3db121d172543d661901b2d74131021935dc1
ac32ace6f2c8e262feb8,SRC457,12,PAIR_714DD6F284F75AE0E8F317C5,CLASSIFICATION_CONFLICT,1230,1461,source_section|subject_type|subject_name|as_of_date|horizon|evidence_quote,MERGE,"Family follows the table: this fund-by-fund schedule prints capital-account columns (Commitment, Unfunded, Market Value, PIC) beside the multiples and the SI IRR, so the extractor chooser makes the whole table fund_economics_observation, every column in it. A period label is never a subject_name; the quarter belongs in horizon. evidence_quote takes the full printed line over the bare value: the line proves this number, the bare digits prove only that they occur somewhere on the page.",RESOLVED,A+B+ADJUDICATOR,8783ef3e2dc6cf061218360ff1c3db121d172543d661901b2d74131021935dc1
6b6aeccaeeb867271c5c,SRC457,12,,ADJUDICATOR_ADD,,,,ADD,"Recovered from page-012.png: the schedule prints eight value columns and both lanes took only the three cash-flow ones, leaving Reported Market Value, TVPI, IRR, DPI and RVPI unread on all 52 quarters. The table is fund_economics_observation because it prints contributed, distributed and remaining value with the multiples and IRR beside them, and every one of these categories is allowed there. The transcription is checked against the printed arithmetic: DPI plus RVPI equals TVPI on every row.",ADDED,ADJUDICATOR,8783ef3e2dc6cf061218360ff1c3db121d172543d661901b2d74131021935dc1
d6411b0978b30de798a8,SRC457,12,,ADJUDICATOR_ADD,,,,ADD,"Recovered from page-012.png: the schedule prints eight value columns and both lanes took only the three cash-flow ones, leaving Reported Market Value, TVPI, IRR, DPI and RVPI unread on all 52 quarters. The table is fund_economics_observation because it prints contributed, distributed and remaining value with the multiples and IRR beside them, and every one of these categories is allowed there. The transcription is checked against the printed arithmetic: DPI plus RVPI equals TVPI on every row.; Source review: p13: The calculation is net of management fees and the general partner’s carried interest. (The glossary defines the reported IRR as net.) | p13: The calculation is net of management fees and the general partner’s carried interest. (Printed heading or definition supporting the source-reviewed qualifier.)",ADDED,ADJUDICATOR,8783ef3e2dc6cf061218360ff1c3db121d172543d661901b2d74131021935dc1
89381c5eba6868f27056,SRC457,12,,ADJUDICATOR_ADD,,,,ADD,"Recovered from page-012.png: the schedule prints eight value columns and both lanes took only the three cash-flow ones, leaving Reported Market Value, TVPI, IRR, DPI and RVPI unread on all 52 quarters. The table is fund_economics_observation because it prints contributed, distributed and remaining value with the multiples and IRR beside them, and every one of these categories is allowed there. The transcription is checked against the printed arithmetic: DPI plus RVPI equals TVPI on every row.; Source review: p12: Summary of Portfolio Cash Flows (The table reports the combined private-investment portfolio.) | p12: Summary of Portfolio Cash Flows (Printed heading or definition supporting the source-reviewed qualifier.) | p12: Summary of Portfolio Cash Flows (Supersedes SR2430: the printed entity or table label is context, not a measurement basis; source labels retain its scope.)",ADDED,ADJUDICATOR,8783ef3e2dc6cf061218360ff1c3db121d172543d661901b2d74131021935dc1
35d7120f09583636bc35,SRC457,12,,ADJUDICATOR_ADD,,,,ADD,"Recovered from page-012.png: the schedule prints eight value columns and both lanes took only the three cash-flow ones, leaving Reported Market Value, TVPI, IRR, DPI and RVPI unread on all 52 quarters. The table is fund_economics_observation because it prints contributed, distributed and remaining value with the multiples and IRR beside them, and every one of these categories is allowed there. The transcription is checked against the printed arithmetic: DPI plus RVPI equals TVPI on every row.",ADDED,ADJUDICATOR,8783ef3e2dc6cf061218360ff1c3db121d172543d661901b2d74131021935dc1
16a76f25ba7c1c836a70,SRC457,12,,ADJUDICATOR_ADD,,,,ADD,"Recovered from page-012.png: the schedule prints eight value columns and both lanes took only the three cash-flow ones, leaving Reported Market Value, TVPI, IRR, DPI and RVPI unread on all 52 quarters. The table is fund_economics_observation because it prints contributed, distributed and remaining value with the multiples and IRR beside them, and every one of these categories is allowed there. The transcription is checked against the printed arithmetic: DPI plus RVPI equals TVPI on every row.",ADDED,ADJUDICATOR,8783ef3e2dc6cf061218360ff1c3db121d172543d661901b2d74131021935dc1
55ae170e73710a6cf0f4,SRC457,12,PAIR_2C4D645F0E749B4BD004E38A,CLASSIFICATION_CONFLICT,1232,1463,source_section|subject_type|subject_name|as_of_date|horizon|evidence_quote,MERGE,"Family follows the table: this fund-by-fund schedule prints capital-account columns (Commitment, Unfunded, Market Value, PIC) beside the multiples and the SI IRR, so the extractor chooser makes the whole table fund_economics_observation, every column in it. A period label is never a subject_name; the quarter belongs in horizon. evidence_quote takes the full printed line over the bare value: the line proves this number, the bare digits prove only that they occur somewhere on the page.",RESOLVED,A+B+ADJUDICATOR,8783ef3e2dc6cf061218360ff1c3db121d172543d661901b2d74131021935dc1
9c1282045a7bc26f50fc,SRC457,12,PAIR_1E5A62F5F675AB83269F671B,CLASSIFICATION_CONFLICT,1233,1464,source_section|subject_type|subject_name|as_of_date|horizon|evidence_quote,MERGE,"Family follows the table: this fund-by-fund schedule prints capital-account columns (Commitment, Unfunded, Market Value, PIC) beside the multiples and the SI IRR, so the extractor chooser makes the whole table fund_economics_observation, every column in it. A period label is never a subject_name; the quarter belongs in horizon. evidence_quote takes the full printed line over the bare value: the line proves this number, the bare digits prove only that they occur somewhere on the page.",RESOLVED,A+B+ADJUDICATOR,8783ef3e2dc6cf061218360ff1c3db121d172543d661901b2d74131021935dc1
35a2cd1de20e71c19416,SRC457,12,,ADJUDICATOR_ADD,,,,ADD,"Recovered from page-012.png: the schedule prints eight value columns and both lanes took only the three cash-flow ones, leaving Reported Market Value, TVPI, IRR, DPI and RVPI unread on all 52 quarters. The table is fund_economics_observation because it prints contributed, distributed and remaining value with the multiples and IRR beside them, and every one of these categories is allowed there. The transcription is checked against the printed arithmetic: DPI plus RVPI equals TVPI on every row.",ADDED,ADJUDICATOR,8783ef3e2dc6cf061218360ff1c3db121d172543d661901b2d74131021935dc1
742187c6f6d865cfbc76,SRC457,12,,ADJUDICATOR_ADD,,,,ADD,"Recovered from page-012.png: the schedule prints eight value columns and both lanes took only the three cash-flow ones, leaving Reported Market Value, TVPI, IRR, DPI and RVPI unread on all 52 quarters. The table is fund_economics_observation because it prints contributed, distributed and remaining value with the multiples and IRR beside them, and every one of these categories is allowed there. The transcription is checked against the printed arithmetic: DPI plus RVPI equals TVPI on every row.; Source review: p13: The calculation is net of management fees and the general partner’s carried interest. (The glossary defines the reported IRR as net.) | p13: The calculation is net of management fees and the general partner’s carried interest. (Printed heading or definition supporting the source-reviewed qualifier.)",ADDED,ADJUDICATOR,8783ef3e2dc6cf061218360ff1c3db121d172543d661901b2d74131021935dc1
3fff746bcc4240029d23,SRC457,12,,ADJUDICATOR_ADD,,,,ADD,"Recovered from page-012.png: the schedule prints eight value columns and both lanes took only the three cash-flow ones, leaving Reported Market Value, TVPI, IRR, DPI and RVPI unread on all 52 quarters. The table is fund_economics_observation because it prints contributed, distributed and remaining value with the multiples and IRR beside them, and every one of these categories is allowed there. The transcription is checked against the printed arithmetic: DPI plus RVPI equals TVPI on every row.; Source review: p12: Summary of Portfolio Cash Flows (The table reports the combined private-investment portfolio.) | p12: Summary of Portfolio Cash Flows (Printed heading or definition supporting the source-reviewed qualifier.) | p12: Summary of Portfolio Cash Flows (Supersedes SR2432: the printed entity or table label is context, not a measurement basis; source labels retain its scope.)",ADDED,ADJUDICATOR,8783ef3e2dc6cf061218360ff1c3db121d172543d661901b2d74131021935dc1
3fe5a018814243e3f416,SRC457,12,,ADJUDICATOR_ADD,,,,ADD,"Recovered from page-012.png: the schedule prints eight value columns and both lanes took only the three cash-flow ones, leaving Reported Market Value, TVPI, IRR, DPI and RVPI unread on all 52 quarters. The table is fund_economics_observation because it prints contributed, distributed and remaining value with the multiples and IRR beside them, and every one of these categories is allowed there. The transcription is checked against the printed arithmetic: DPI plus RVPI equals TVPI on every row.",ADDED,ADJUDICATOR,8783ef3e2dc6cf061218360ff1c3db121d172543d661901b2d74131021935dc1
f2e55f92de5946bab9ab,SRC457,12,,ADJUDICATOR_ADD,,,,ADD,"Recovered from page-012.png: the schedule prints eight value columns and both lanes took only the three cash-flow ones, leaving Reported Market Value, TVPI, IRR, DPI and RVPI unread on all 52 quarters. The table is fund_economics_observation because it prints contributed, distributed and remaining value with the multiples and IRR beside them, and every one of these categories is allowed there. The transcription is checked against the printed arithmetic: DPI plus RVPI equals TVPI on every row.",ADDED,ADJUDICATOR,8783ef3e2dc6cf061218360ff1c3db121d172543d661901b2d74131021935dc1
db504079054a84a2e31b,SRC457,12,PAIR_1FFC382730CF0544B74FE2A2,CLASSIFICATION_CONFLICT,1235,1466,source_section|subject_type|subject_name|as_of_date|horizon|evidence_quote,MERGE,"Family follows the table: this fund-by-fund schedule prints capital-account columns (Commitment, Unfunded, Market Value, PIC) beside the multiples and the SI IRR, so the extractor chooser makes the whole table fund_economics_observation, every column in it. A period label is never a subject_name; the quarter belongs in horizon. evidence_quote takes the full printed line over the bare value: the line proves this number, the bare digits prove only that they occur somewhere on the page.",RESOLVED,A+B+ADJUDICATOR,8783ef3e2dc6cf061218360ff1c3db121d172543d661901b2d74131021935dc1
c99e11494978c9675268,SRC457,12,PAIR_9A272EF86D33958E7695CE6C,CLASSIFICATION_CONFLICT,1236,1467,source_section|subject_type|subject_name|as_of_date|horizon|evidence_quote,MERGE,"Family follows the table: this fund-by-fund schedule prints capital-account columns (Commitment, Unfunded, Market Value, PIC) beside the multiples and the SI IRR, so the extractor chooser makes the whole table fund_economics_observation, every column in it. A period label is never a subject_name; the quarter belongs in horizon. evidence_quote takes the full printed line over the bare value: the line proves this number, the bare digits prove only that they occur somewhere on the page.",RESOLVED,A+B+ADJUDICATOR,8783ef3e2dc6cf061218360ff1c3db121d172543d661901b2d74131021935dc1
8606f0b876ee72408cd4,SRC457,12,,ADJUDICATOR_ADD,,,,ADD,"Recovered from page-012.png: the schedule prints eight value columns and both lanes took only the three cash-flow ones, leaving Reported Market Value, TVPI, IRR, DPI and RVPI unread on all 52 quarters. The table is fund_economics_observation because it prints contributed, distributed and remaining value with the multiples and IRR beside them, and every one of these categories is allowed there. The transcription is checked against the printed arithmetic: DPI plus RVPI equals TVPI on every row.",ADDED,ADJUDICATOR,8783ef3e2dc6cf061218360ff1c3db121d172543d661901b2d74131021935dc1
c31c44f0c79129ad961a,SRC457,12,,ADJUDICATOR_ADD,,,,ADD,"Recovered from page-012.png: the schedule prints eight value columns and both lanes took only the three cash-flow ones, leaving Reported Market Value, TVPI, IRR, DPI and RVPI unread on all 52 quarters. The table is fund_economics_observation because it prints contributed, distributed and remaining value with the multiples and IRR beside them, and every one of these categories is allowed there. The transcription is checked against the printed arithmetic: DPI plus RVPI equals TVPI on every row.; Source review: p13: The calculation is net of management fees and the general partner’s carried interest. (The glossary defines the reported IRR as net.) | p13: The calculation is net of management fees and the general partner’s carried interest. (Printed heading or definition supporting the source-reviewed qualifier.)",ADDED,ADJUDICATOR,8783ef3e2dc6cf061218360ff1c3db121d172543d661901b2d74131021935dc1
7dfec27c50f01ec87552,SRC457,12,,ADJUDICATOR_ADD,,,,ADD,"Recovered from page-012.png: the schedule prints eight value columns and both lanes took only the three cash-flow ones, leaving Reported Market Value, TVPI, IRR, DPI and RVPI unread on all 52 quarters. The table is fund_economics_observation because it prints contributed, distributed and remaining value with the multiples and IRR beside them, and every one of these categories is allowed there. The transcription is checked against the printed arithmetic: DPI plus RVPI equals TVPI on every row.; Source review: p12: Summary of Portfolio Cash Flows (The table reports the combined private-investment portfolio.) | p12: Summary of Portfolio Cash Flows (Printed heading or definition supporting the source-reviewed qualifier.) | p12: Summary of Portfolio Cash Flows (Supersedes SR2434: the printed entity or table label is context, not a measurement basis; source labels retain its scope.)",ADDED,ADJUDICATOR,8783ef3e2dc6cf061218360ff1c3db121d172543d661901b2d74131021935dc1
df437d93efe4c1a699a4,SRC457,12,,ADJUDICATOR_ADD,,,,ADD,"Recovered from page-012.png: the schedule prints eight value columns and both lanes took only the three cash-flow ones, leaving Reported Market Value, TVPI, IRR, DPI and RVPI unread on all 52 quarters. The table is fund_economics_observation because it prints contributed, distributed and remaining value with the multiples and IRR beside them, and every one of these categories is allowed there. The transcription is checked against the printed arithmetic: DPI plus RVPI equals TVPI on every row.",ADDED,ADJUDICATOR,8783ef3e2dc6cf061218360ff1c3db121d172543d661901b2d74131021935dc1
b2b7715469595b556193,SRC457,12,,ADJUDICATOR_ADD,,,,ADD,"Recovered from page-012.png: the schedule prints eight value columns and both lanes took only the three cash-flow ones, leaving Reported Market Value, TVPI, IRR, DPI and RVPI unread on all 52 quarters. The table is fund_economics_observation because it prints contributed, distributed and remaining value with the multiples and IRR beside them, and every one of these categories is allowed there. The transcription is checked against the printed arithmetic: DPI plus RVPI equals TVPI on every row.",ADDED,ADJUDICATOR,8783ef3e2dc6cf061218360ff1c3db121d172543d661901b2d74131021935dc1
b332a2c0726101c35661,SRC457,12,PAIR_13E41F1BC827B5EBF6928B74,CLASSIFICATION_CONFLICT,1238,1469,source_section|subject_type|subject_name|as_of_date|horizon|evidence_quote,MERGE,"Family follows the table: this fund-by-fund schedule prints capital-account columns (Commitment, Unfunded, Market Value, PIC) beside the multiples and the SI IRR, so the extractor chooser makes the whole table fund_economics_observation, every column in it. A period label is never a subject_name; the quarter belongs in horizon. evidence_quote takes the full printed line over the bare value: the line proves this number, the bare digits prove only that they occur somewhere on the page.",RESOLVED,A+B+ADJUDICATOR,8783ef3e2dc6cf061218360ff1c3db121d172543d661901b2d74131021935dc1
725c85e81943c198c39a,SRC457,12,PAIR_2D7DA4BE78E85E1306735C67,CLASSIFICATION_CONFLICT,1239,1470,source_section|subject_type|subject_name|as_of_date|horizon|evidence_quote,MERGE,"Family follows the table: this fund-by-fund schedule prints capital-account columns (Commitment, Unfunded, Market Value, PIC) beside the multiples and the SI IRR, so the extractor chooser makes the whole table fund_economics_observation, every column in it. A period label is never a subject_name; the quarter belongs in horizon. evidence_quote takes the full printed line over the bare value: the line proves this number, the bare digits prove only that they occur somewhere on the page.",RESOLVED,A+B+ADJUDICATOR,8783ef3e2dc6cf061218360ff1c3db121d172543d661901b2d74131021935dc1
80f1beb8978a767d897e,SRC457,12,,ADJUDICATOR_ADD,,,,ADD,"Recovered from page-012.png: the schedule prints eight value columns and both lanes took only the three cash-flow ones, leaving Reported Market Value, TVPI, IRR, DPI and RVPI unread on all 52 quarters. The table is fund_economics_observation because it prints contributed, distributed and remaining value with the multiples and IRR beside them, and every one of these categories is allowed there. The transcription is checked against the printed arithmetic: DPI plus RVPI equals TVPI on every row.",ADDED,ADJUDICATOR,8783ef3e2dc6cf061218360ff1c3db121d172543d661901b2d74131021935dc1
7a1fd12800f2858aa653,SRC457,12,,ADJUDICATOR_ADD,,,,ADD,"Recovered from page-012.png: the schedule prints eight value columns and both lanes took only the three cash-flow ones, leaving Reported Market Value, TVPI, IRR, DPI and RVPI unread on all 52 quarters. The table is fund_economics_observation because it prints contributed, distributed and remaining value with the multiples and IRR beside them, and every one of these categories is allowed there. The transcription is checked against the printed arithmetic: DPI plus RVPI equals TVPI on every row.; Source review: p13: The calculation is net of management fees and the general partner’s carried interest. (The glossary defines the reported IRR as net.) | p13: The calculation is net of management fees and the general partner’s carried interest. (Printed heading or definition supporting the source-reviewed qualifier.)",ADDED,ADJUDICATOR,8783ef3e2dc6cf061218360ff1c3db121d172543d661901b2d74131021935dc1
48b9262859997e2cfea1,SRC457,12,,ADJUDICATOR_ADD,,,,ADD,"Recovered from page-012.png: the schedule prints eight value columns and both lanes took only the three cash-flow ones, leaving Reported Market Value, TVPI, IRR, DPI and RVPI unread on all 52 quarters. The table is fund_economics_observation because it prints contributed, distributed and remaining value with the multiples and IRR beside them, and every one of these categories is allowed there. The transcription is checked against the printed arithmetic: DPI plus RVPI equals TVPI on every row.; Source review: p12: Summary of Portfolio Cash Flows (The table reports the combined private-investment portfolio.) | p12: Summary of Portfolio Cash Flows (Printed heading or definition supporting the source-reviewed qualifier.) | p12: Summary of Portfolio Cash Flows (Supersedes SR2436: the printed entity or table label is context, not a measurement basis; source labels retain its scope.)",ADDED,ADJUDICATOR,8783ef3e2dc6cf061218360ff1c3db121d172543d661901b2d74131021935dc1
f23f9602433de5d571b7,SRC457,12,,ADJUDICATOR_ADD,,,,ADD,"Recovered from page-012.png: the schedule prints eight value columns and both lanes took only the three cash-flow ones, leaving Reported Market Value, TVPI, IRR, DPI and RVPI unread on all 52 quarters. The table is fund_economics_observation because it prints contributed, distributed and remaining value with the multiples and IRR beside them, and every one of these categories is allowed there. The transcription is checked against the printed arithmetic: DPI plus RVPI equals TVPI on every row.",ADDED,ADJUDICATOR,8783ef3e2dc6cf061218360ff1c3db121d172543d661901b2d74131021935dc1
fb50bc9c649700e96a7f,SRC457,12,,ADJUDICATOR_ADD,,,,ADD,"Recovered from page-012.png: the schedule prints eight value columns and both lanes took only the three cash-flow ones, leaving Reported Market Value, TVPI, IRR, DPI and RVPI unread on all 52 quarters. The table is fund_economics_observation because it prints contributed, distributed and remaining value with the multiples and IRR beside them, and every one of these categories is allowed there. The transcription is checked against the printed arithmetic: DPI plus RVPI equals TVPI on every row.",ADDED,ADJUDICATOR,8783ef3e2dc6cf061218360ff1c3db121d172543d661901b2d74131021935dc1
97637ba778a29cbd6002,SRC457,12,PAIR_CD218FDA7CD0E5EA567D544F,CLASSIFICATION_CONFLICT,1241,1472,source_section|subject_type|subject_name|as_of_date|horizon|evidence_quote,MERGE,"Family follows the table: this fund-by-fund schedule prints capital-account columns (Commitment, Unfunded, Market Value, PIC) beside the multiples and the SI IRR, so the extractor chooser makes the whole table fund_economics_observation, every column in it. A period label is never a subject_name; the quarter belongs in horizon. evidence_quote takes the full printed line over the bare value: the line proves this number, the bare digits prove only that they occur somewhere on the page.",RESOLVED,A+B+ADJUDICATOR,8783ef3e2dc6cf061218360ff1c3db121d172543d661901b2d74131021935dc1
8fe73c4a0ca726d22744,SRC457,12,PAIR_1795BC3EA1A839378F40FAD1,CLASSIFICATION_CONFLICT,1242,1473,source_section|subject_type|subject_name|as_of_date|horizon|evidence_quote,MERGE,"Family follows the table: this fund-by-fund schedule prints capital-account columns (Commitment, Unfunded, Market Value, PIC) beside the multiples and the SI IRR, so the extractor chooser makes the whole table fund_economics_observation, every column in it. A period label is never a subject_name; the quarter belongs in horizon. evidence_quote takes the full printed line over the bare value: the line proves this number, the bare digits prove only that they occur somewhere on the page.",RESOLVED,A+B+ADJUDICATOR,8783ef3e2dc6cf061218360ff1c3db121d172543d661901b2d74131021935dc1
f23d96bf9dcca2023ed3,SRC457,12,,ADJUDICATOR_ADD,,,,ADD,"Recovered from page-012.png: the schedule prints eight value columns and both lanes took only the three cash-flow ones, leaving Reported Market Value, TVPI, IRR, DPI and RVPI unread on all 52 quarters. The table is fund_economics_observation because it prints contributed, distributed and remaining value with the multiples and IRR beside them, and every one of these categories is allowed there. The transcription is checked against the printed arithmetic: DPI plus RVPI equals TVPI on every row.",ADDED,ADJUDICATOR,8783ef3e2dc6cf061218360ff1c3db121d172543d661901b2d74131021935dc1
81266fc17b6ca007f8b4,SRC457,12,,ADJUDICATOR_ADD,,,,ADD,"Recovered from page-012.png: the schedule prints eight value columns and both lanes took only the three cash-flow ones, leaving Reported Market Value, TVPI, IRR, DPI and RVPI unread on all 52 quarters. The table is fund_economics_observation because it prints contributed, distributed and remaining value with the multiples and IRR beside them, and every one of these categories is allowed there. The transcription is checked against the printed arithmetic: DPI plus RVPI equals TVPI on every row.; Source review: p13: The calculation is net of management fees and the general partner’s carried interest. (The glossary defines the reported IRR as net.) | p13: The calculation is net of management fees and the general partner’s carried interest. (Printed heading or definition supporting the source-reviewed qualifier.)",ADDED,ADJUDICATOR,8783ef3e2dc6cf061218360ff1c3db121d172543d661901b2d74131021935dc1
a7d0806c39bc6836ef44,SRC457,12,,ADJUDICATOR_ADD,,,,ADD,"Recovered from page-012.png: the schedule prints eight value columns and both lanes took only the three cash-flow ones, leaving Reported Market Value, TVPI, IRR, DPI and RVPI unread on all 52 quarters. The table is fund_economics_observation because it prints contributed, distributed and remaining value with the multiples and IRR beside them, and every one of these categories is allowed there. The transcription is checked against the printed arithmetic: DPI plus RVPI equals TVPI on every row.; Source review: p12: Summary of Portfolio Cash Flows (The table reports the combined private-investment portfolio.) | p12: Summary of Portfolio Cash Flows (Printed heading or definition supporting the source-reviewed qualifier.) | p12: Summary of Portfolio Cash Flows (Supersedes SR2438: the printed entity or table label is context, not a measurement basis; source labels retain its scope.)",ADDED,ADJUDICATOR,8783ef3e2dc6cf061218360ff1c3db121d172543d661901b2d74131021935dc1
10caadccdfccd8728b4f,SRC457,12,,ADJUDICATOR_ADD,,,,ADD,"Recovered from page-012.png: the schedule prints eight value columns and both lanes took only the three cash-flow ones, leaving Reported Market Value, TVPI, IRR, DPI and RVPI unread on all 52 quarters. The table is fund_economics_observation because it prints contributed, distributed and remaining value with the multiples and IRR beside them, and every one of these categories is allowed there. The transcription is checked against the printed arithmetic: DPI plus RVPI equals TVPI on every row.",ADDED,ADJUDICATOR,8783ef3e2dc6cf061218360ff1c3db121d172543d661901b2d74131021935dc1
893f5626c955f9f10fa7,SRC457,12,,ADJUDICATOR_ADD,,,,ADD,"Recovered from page-012.png: the schedule prints eight value columns and both lanes took only the three cash-flow ones, leaving Reported Market Value, TVPI, IRR, DPI and RVPI unread on all 52 quarters. The table is fund_economics_observation because it prints contributed, distributed and remaining value with the multiples and IRR beside them, and every one of these categories is allowed there. The transcription is checked against the printed arithmetic: DPI plus RVPI equals TVPI on every row.",ADDED,ADJUDICATOR,8783ef3e2dc6cf061218360ff1c3db121d172543d661901b2d74131021935dc1
88d1b4b44a03849a2e98,SRC457,12,PAIR_0573703421A049D026539DE5,CLASSIFICATION_CONFLICT,1244,1475,source_section|subject_type|subject_name|as_of_date|horizon|evidence_quote,MERGE,"Family follows the table: this fund-by-fund schedule prints capital-account columns (Commitment, Unfunded, Market Value, PIC) beside the multiples and the SI IRR, so the extractor chooser makes the whole table fund_economics_observation, every column in it. A period label is never a subject_name; the quarter belongs in horizon. evidence_quote takes the full printed line over the bare value: the line proves this number, the bare digits prove only that they occur somewhere on the page.",RESOLVED,A+B+ADJUDICATOR,8783ef3e2dc6cf061218360ff1c3db121d172543d661901b2d74131021935dc1
0fd9ce4d48d7b9890e07,SRC457,12,PAIR_7F4AB2DAD5B4AFAD09C5C040,CLASSIFICATION_CONFLICT,1245,1476,source_section|subject_type|subject_name|as_of_date|horizon|evidence_quote,MERGE,"Family follows the table: this fund-by-fund schedule prints capital-account columns (Commitment, Unfunded, Market Value, PIC) beside the multiples and the SI IRR, so the extractor chooser makes the whole table fund_economics_observation, every column in it. A period label is never a subject_name; the quarter belongs in horizon. evidence_quote takes the full printed line over the bare value: the line proves this number, the bare digits prove only that they occur somewhere on the page.",RESOLVED,A+B+ADJUDICATOR,8783ef3e2dc6cf061218360ff1c3db121d172543d661901b2d74131021935dc1
bcfd928a59d7751d0d7a,SRC457,12,,ADJUDICATOR_ADD,,,,ADD,"Recovered from page-012.png: the schedule prints eight value columns and both lanes took only the three cash-flow ones, leaving Reported Market Value, TVPI, IRR, DPI and RVPI unread on all 52 quarters. The table is fund_economics_observation because it prints contributed, distributed and remaining value with the multiples and IRR beside them, and every one of these categories is allowed there. The transcription is checked against the printed arithmetic: DPI plus RVPI equals TVPI on every row.",ADDED,ADJUDICATOR,8783ef3e2dc6cf061218360ff1c3db121d172543d661901b2d74131021935dc1
d1cae8d95408796847b4,SRC457,12,,ADJUDICATOR_ADD,,,,ADD,"Recovered from page-012.png: the schedule prints eight value columns and both lanes took only the three cash-flow ones, leaving Reported Market Value, TVPI, IRR, DPI and RVPI unread on all 52 quarters. The table is fund_economics_observation because it prints contributed, distributed and remaining value with the multiples and IRR beside them, and every one of these categories is allowed there. The transcription is checked against the printed arithmetic: DPI plus RVPI equals TVPI on every row.; Source review: p13: The calculation is net of management fees and the general partner’s carried interest. (The glossary defines the reported IRR as net.) | p13: The calculation is net of management fees and the general partner’s carried interest. (Printed heading or definition supporting the source-reviewed qualifier.)",ADDED,ADJUDICATOR,8783ef3e2dc6cf061218360ff1c3db121d172543d661901b2d74131021935dc1
0b6080d98e9d91dcd768,SRC457,12,,ADJUDICATOR_ADD,,,,ADD,"Recovered from page-012.png: the schedule prints eight value columns and both lanes took only the three cash-flow ones, leaving Reported Market Value, TVPI, IRR, DPI and RVPI unread on all 52 quarters. The table is fund_economics_observation because it prints contributed, distributed and remaining value with the multiples and IRR beside them, and every one of these categories is allowed there. The transcription is checked against the printed arithmetic: DPI plus RVPI equals TVPI on every row.; Source review: p12: Summary of Portfolio Cash Flows (The table reports the combined private-investment portfolio.) | p12: Summary of Portfolio Cash Flows (Printed heading or definition supporting the source-reviewed qualifier.) | p12: Summary of Portfolio Cash Flows (Supersedes SR2440: the printed entity or table label is context, not a measurement basis; source labels retain its scope.)",ADDED,ADJUDICATOR,8783ef3e2dc6cf061218360ff1c3db121d172543d661901b2d74131021935dc1
da96190f876b5f1140e3,SRC457,12,,ADJUDICATOR_ADD,,,,ADD,"Recovered from page-012.png: the schedule prints eight value columns and both lanes took only the three cash-flow ones, leaving Reported Market Value, TVPI, IRR, DPI and RVPI unread on all 52 quarters. The table is fund_economics_observation because it prints contributed, distributed and remaining value with the multiples and IRR beside them, and every one of these categories is allowed there. The transcription is checked against the printed arithmetic: DPI plus RVPI equals TVPI on every row.",ADDED,ADJUDICATOR,8783ef3e2dc6cf061218360ff1c3db121d172543d661901b2d74131021935dc1
289cee8e418b6acba7b2,SRC457,12,,ADJUDICATOR_ADD,,,,ADD,"Recovered from page-012.png: the schedule prints eight value columns and both lanes took only the three cash-flow ones, leaving Reported Market Value, TVPI, IRR, DPI and RVPI unread on all 52 quarters. The table is fund_economics_observation because it prints contributed, distributed and remaining value with the multiples and IRR beside them, and every one of these categories is allowed there. The transcription is checked against the printed arithmetic: DPI plus RVPI equals TVPI on every row.",ADDED,ADJUDICATOR,8783ef3e2dc6cf061218360ff1c3db121d172543d661901b2d74131021935dc1
61e4cf6ab63d94668589,SRC457,12,PAIR_51B4112064935CFE0D8C2867,CLASSIFICATION_CONFLICT,1247,1478,source_section|subject_type|subject_name|as_of_date|horizon|evidence_quote,MERGE,"Family follows the table: this fund-by-fund schedule prints capital-account columns (Commitment, Unfunded, Market Value, PIC) beside the multiples and the SI IRR, so the extractor chooser makes the whole table fund_economics_observation, every column in it. A period label is never a subject_name; the quarter belongs in horizon. evidence_quote takes the full printed line over the bare value: the line proves this number, the bare digits prove only that they occur somewhere on the page.",RESOLVED,A+B+ADJUDICATOR,8783ef3e2dc6cf061218360ff1c3db121d172543d661901b2d74131021935dc1
d16564a1538aef1198b2,SRC457,12,PAIR_EEBF74A46EFEDDE4C0A7077F,CLASSIFICATION_CONFLICT,1248,1479,source_section|subject_type|subject_name|as_of_date|horizon|evidence_quote,MERGE,"Family follows the table: this fund-by-fund schedule prints capital-account columns (Commitment, Unfunded, Market Value, PIC) beside the multiples and the SI IRR, so the extractor chooser makes the whole table fund_economics_observation, every column in it. A period label is never a subject_name; the quarter belongs in horizon. evidence_quote takes the full printed line over the bare value: the line proves this number, the bare digits prove only that they occur somewhere on the page.",RESOLVED,A+B+ADJUDICATOR,8783ef3e2dc6cf061218360ff1c3db121d172543d661901b2d74131021935dc1
32a8c84751b8c0813f29,SRC457,12,,ADJUDICATOR_ADD,,,,ADD,"Recovered from page-012.png: the schedule prints eight value columns and both lanes took only the three cash-flow ones, leaving Reported Market Value, TVPI, IRR, DPI and RVPI unread on all 52 quarters. The table is fund_economics_observation because it prints contributed, distributed and remaining value with the multiples and IRR beside them, and every one of these categories is allowed there. The transcription is checked against the printed arithmetic: DPI plus RVPI equals TVPI on every row.",ADDED,ADJUDICATOR,8783ef3e2dc6cf061218360ff1c3db121d172543d661901b2d74131021935dc1
d852a48e7570269f6606,SRC457,12,,ADJUDICATOR_ADD,,,,ADD,"Recovered from page-012.png: the schedule prints eight value columns and both lanes took only the three cash-flow ones, leaving Reported Market Value, TVPI, IRR, DPI and RVPI unread on all 52 quarters. The table is fund_economics_observation because it prints contributed, distributed and remaining value with the multiples and IRR beside them, and every one of these categories is allowed there. The transcription is checked against the printed arithmetic: DPI plus RVPI equals TVPI on every row.; Source review: p13: The calculation is net of management fees and the general partner’s carried interest. (The glossary defines the reported IRR as net.) | p13: The calculation is net of management fees and the general partner’s carried interest. (Printed heading or definition supporting the source-reviewed qualifier.)",ADDED,ADJUDICATOR,8783ef3e2dc6cf061218360ff1c3db121d172543d661901b2d74131021935dc1
a67bc0b50389ece72666,SRC457,12,,ADJUDICATOR_ADD,,,,ADD,"Recovered from page-012.png: the schedule prints eight value columns and both lanes took only the three cash-flow ones, leaving Reported Market Value, TVPI, IRR, DPI and RVPI unread on all 52 quarters. The table is fund_economics_observation because it prints contributed, distributed and remaining value with the multiples and IRR beside them, and every one of these categories is allowed there. The transcription is checked against the printed arithmetic: DPI plus RVPI equals TVPI on every row.; Source review: p12: Summary of Portfolio Cash Flows (The table reports the combined private-investment portfolio.) | p12: Summary of Portfolio Cash Flows (Printed heading or definition supporting the source-reviewed qualifier.) | p12: Summary of Portfolio Cash Flows (Supersedes SR2442: the printed entity or table label is context, not a measurement basis; source labels retain its scope.)",ADDED,ADJUDICATOR,8783ef3e2dc6cf061218360ff1c3db121d172543d661901b2d74131021935dc1
aae216ca8d0f4181623d,SRC457,12,,ADJUDICATOR_ADD,,,,ADD,"Recovered from page-012.png: the schedule prints eight value columns and both lanes took only the three cash-flow ones, leaving Reported Market Value, TVPI, IRR, DPI and RVPI unread on all 52 quarters. The table is fund_economics_observation because it prints contributed, distributed and remaining value with the multiples and IRR beside them, and every one of these categories is allowed there. The transcription is checked against the printed arithmetic: DPI plus RVPI equals TVPI on every row.",ADDED,ADJUDICATOR,8783ef3e2dc6cf061218360ff1c3db121d172543d661901b2d74131021935dc1
8cc234942268b9859260,SRC457,12,,ADJUDICATOR_ADD,,,,ADD,"Recovered from page-012.png: the schedule prints eight value columns and both lanes took only the three cash-flow ones, leaving Reported Market Value, TVPI, IRR, DPI and RVPI unread on all 52 quarters. The table is fund_economics_observation because it prints contributed, distributed and remaining value with the multiples and IRR beside them, and every one of these categories is allowed there. The transcription is checked against the printed arithmetic: DPI plus RVPI equals TVPI on every row.",ADDED,ADJUDICATOR,8783ef3e2dc6cf061218360ff1c3db121d172543d661901b2d74131021935dc1
1f037999d10dd168228f,SRC457,12,PAIR_4A3C2499214AAB13F1256671,CLASSIFICATION_CONFLICT,1250,1481,source_section|subject_type|subject_name|as_of_date|horizon|evidence_quote,MERGE,"Family follows the table: this fund-by-fund schedule prints capital-account columns (Commitment, Unfunded, Market Value, PIC) beside the multiples and the SI IRR, so the extractor chooser makes the whole table fund_economics_observation, every column in it. A period label is never a subject_name; the quarter belongs in horizon. evidence_quote takes the full printed line over the bare value: the line proves this number, the bare digits prove only that they occur somewhere on the page.",RESOLVED,A+B+ADJUDICATOR,8783ef3e2dc6cf061218360ff1c3db121d172543d661901b2d74131021935dc1
33f4013797e12887c42d,SRC457,12,PAIR_F6FBAFCA65CC505AC3847E2F,CLASSIFICATION_CONFLICT,1251,1482,source_section|subject_type|subject_name|as_of_date|horizon|evidence_quote,MERGE,"Family follows the table: this fund-by-fund schedule prints capital-account columns (Commitment, Unfunded, Market Value, PIC) beside the multiples and the SI IRR, so the extractor chooser makes the whole table fund_economics_observation, every column in it. A period label is never a subject_name; the quarter belongs in horizon. evidence_quote takes the full printed line over the bare value: the line proves this number, the bare digits prove only that they occur somewhere on the page.",RESOLVED,A+B+ADJUDICATOR,8783ef3e2dc6cf061218360ff1c3db121d172543d661901b2d74131021935dc1
4c57f007982e23dd3638,SRC457,12,,ADJUDICATOR_ADD,,,,ADD,"Recovered from page-012.png: the schedule prints eight value columns and both lanes took only the three cash-flow ones, leaving Reported Market Value, TVPI, IRR, DPI and RVPI unread on all 52 quarters. The table is fund_economics_observation because it prints contributed, distributed and remaining value with the multiples and IRR beside them, and every one of these categories is allowed there. The transcription is checked against the printed arithmetic: DPI plus RVPI equals TVPI on every row.",ADDED,ADJUDICATOR,8783ef3e2dc6cf061218360ff1c3db121d172543d661901b2d74131021935dc1
7ce377c241e2f5c63776,SRC457,12,,ADJUDICATOR_ADD,,,,ADD,"Recovered from page-012.png: the schedule prints eight value columns and both lanes took only the three cash-flow ones, leaving Reported Market Value, TVPI, IRR, DPI and RVPI unread on all 52 quarters. The table is fund_economics_observation because it prints contributed, distributed and remaining value with the multiples and IRR beside them, and every one of these categories is allowed there. The transcription is checked against the printed arithmetic: DPI plus RVPI equals TVPI on every row.; Source review: p13: The calculation is net of management fees and the general partner’s carried interest. (The glossary defines the reported IRR as net.) | p13: The calculation is net of management fees and the general partner’s carried interest. (Printed heading or definition supporting the source-reviewed qualifier.)",ADDED,ADJUDICATOR,8783ef3e2dc6cf061218360ff1c3db121d172543d661901b2d74131021935dc1
75e4143b11b7686dc7d9,SRC457,12,,ADJUDICATOR_ADD,,,,ADD,"Recovered from page-012.png: the schedule prints eight value columns and both lanes took only the three cash-flow ones, leaving Reported Market Value, TVPI, IRR, DPI and RVPI unread on all 52 quarters. The table is fund_economics_observation because it prints contributed, distributed and remaining value with the multiples and IRR beside them, and every one of these categories is allowed there. The transcription is checked against the printed arithmetic: DPI plus RVPI equals TVPI on every row.; Source review: p12: Summary of Portfolio Cash Flows (The table reports the combined private-investment portfolio.) | p12: Summary of Portfolio Cash Flows (Printed heading or definition supporting the source-reviewed qualifier.) | p12: Summary of Portfolio Cash Flows (Supersedes SR2444: the printed entity or table label is context, not a measurement basis; source labels retain its scope.)",ADDED,ADJUDICATOR,8783ef3e2dc6cf061218360ff1c3db121d172543d661901b2d74131021935dc1
5a49608255bc6eddb240,SRC457,12,,ADJUDICATOR_ADD,,,,ADD,"Recovered from page-012.png: the schedule prints eight value columns and both lanes took only the three cash-flow ones, leaving Reported Market Value, TVPI, IRR, DPI and RVPI unread on all 52 quarters. The table is fund_economics_observation because it prints contributed, distributed and remaining value with the multiples and IRR beside them, and every one of these categories is allowed there. The transcription is checked against the printed arithmetic: DPI plus RVPI equals TVPI on every row.",ADDED,ADJUDICATOR,8783ef3e2dc6cf061218360ff1c3db121d172543d661901b2d74131021935dc1
403fc1ac3385fd3b50dd,SRC457,12,,ADJUDICATOR_ADD,,,,ADD,"Recovered from page-012.png: the schedule prints eight value columns and both lanes took only the three cash-flow ones, leaving Reported Market Value, TVPI, IRR, DPI and RVPI unread on all 52 quarters. The table is fund_economics_observation because it prints contributed, distributed and remaining value with the multiples and IRR beside them, and every one of these categories is allowed there. The transcription is checked against the printed arithmetic: DPI plus RVPI equals TVPI on every row.",ADDED,ADJUDICATOR,8783ef3e2dc6cf061218360ff1c3db121d172543d661901b2d74131021935dc1
708d9ceecb23c9655f78,SRC457,12,PAIR_BC438B3B6463C99257515E16,CLASSIFICATION_CONFLICT,1253,1484,source_section|subject_type|subject_name|as_of_date|horizon|evidence_quote,MERGE,"Family follows the table: this fund-by-fund schedule prints capital-account columns (Commitment, Unfunded, Market Value, PIC) beside the multiples and the SI IRR, so the extractor chooser makes the whole table fund_economics_observation, every column in it. A period label is never a subject_name; the quarter belongs in horizon. evidence_quote takes the full printed line over the bare value: the line proves this number, the bare digits prove only that they occur somewhere on the page.",RESOLVED,A+B+ADJUDICATOR,8783ef3e2dc6cf061218360ff1c3db121d172543d661901b2d74131021935dc1
4a5329f8f2612cdd01f0,SRC457,12,PAIR_836F14C1B7C5259AF3136826,CLASSIFICATION_CONFLICT,1254,1485,source_section|subject_type|subject_name|as_of_date|horizon|evidence_quote,MERGE,"Family follows the table: this fund-by-fund schedule prints capital-account columns (Commitment, Unfunded, Market Value, PIC) beside the multiples and the SI IRR, so the extractor chooser makes the whole table fund_economics_observation, every column in it. A period label is never a subject_name; the quarter belongs in horizon. evidence_quote takes the full printed line over the bare value: the line proves this number, the bare digits prove only that they occur somewhere on the page.",RESOLVED,A+B+ADJUDICATOR,8783ef3e2dc6cf061218360ff1c3db121d172543d661901b2d74131021935dc1
e138a9e5d8b5f11c3124,SRC457,12,,ADJUDICATOR_ADD,,,,ADD,"Recovered from page-012.png: the schedule prints eight value columns and both lanes took only the three cash-flow ones, leaving Reported Market Value, TVPI, IRR, DPI and RVPI unread on all 52 quarters. The table is fund_economics_observation because it prints contributed, distributed and remaining value with the multiples and IRR beside them, and every one of these categories is allowed there. The transcription is checked against the printed arithmetic: DPI plus RVPI equals TVPI on every row.",ADDED,ADJUDICATOR,8783ef3e2dc6cf061218360ff1c3db121d172543d661901b2d74131021935dc1
c86929dba67d256f5741,SRC457,12,,ADJUDICATOR_ADD,,,,ADD,"Recovered from page-012.png: the schedule prints eight value columns and both lanes took only the three cash-flow ones, leaving Reported Market Value, TVPI, IRR, DPI and RVPI unread on all 52 quarters. The table is fund_economics_observation because it prints contributed, distributed and remaining value with the multiples and IRR beside them, and every one of these categories is allowed there. The transcription is checked against the printed arithmetic: DPI plus RVPI equals TVPI on every row.; Source review: p13: The calculation is net of management fees and the general partner’s carried interest. (The glossary defines the reported IRR as net.) | p13: The calculation is net of management fees and the general partner’s carried interest. (Printed heading or definition supporting the source-reviewed qualifier.)",ADDED,ADJUDICATOR,8783ef3e2dc6cf061218360ff1c3db121d172543d661901b2d74131021935dc1
fcc46f4bfb959e693989,SRC457,12,,ADJUDICATOR_ADD,,,,ADD,"Recovered from page-012.png: the schedule prints eight value columns and both lanes took only the three cash-flow ones, leaving Reported Market Value, TVPI, IRR, DPI and RVPI unread on all 52 quarters. The table is fund_economics_observation because it prints contributed, distributed and remaining value with the multiples and IRR beside them, and every one of these categories is allowed there. The transcription is checked against the printed arithmetic: DPI plus RVPI equals TVPI on every row.; Source review: p12: Summary of Portfolio Cash Flows (The table reports the combined private-investment portfolio.) | p12: Summary of Portfolio Cash Flows (Printed heading or definition supporting the source-reviewed qualifier.) | p12: Summary of Portfolio Cash Flows (Supersedes SR2446: the printed entity or table label is context, not a measurement basis; source labels retain its scope.)",ADDED,ADJUDICATOR,8783ef3e2dc6cf061218360ff1c3db121d172543d661901b2d74131021935dc1
781e9f65b7ce5f306e68,SRC457,12,,ADJUDICATOR_ADD,,,,ADD,"Recovered from page-012.png: the schedule prints eight value columns and both lanes took only the three cash-flow ones, leaving Reported Market Value, TVPI, IRR, DPI and RVPI unread on all 52 quarters. The table is fund_economics_observation because it prints contributed, distributed and remaining value with the multiples and IRR beside them, and every one of these categories is allowed there. The transcription is checked against the printed arithmetic: DPI plus RVPI equals TVPI on every row.",ADDED,ADJUDICATOR,8783ef3e2dc6cf061218360ff1c3db121d172543d661901b2d74131021935dc1
c98bb1d0557a425493b6,SRC457,12,,ADJUDICATOR_ADD,,,,ADD,"Recovered from page-012.png: the schedule prints eight value columns and both lanes took only the three cash-flow ones, leaving Reported Market Value, TVPI, IRR, DPI and RVPI unread on all 52 quarters. The table is fund_economics_observation because it prints contributed, distributed and remaining value with the multiples and IRR beside them, and every one of these categories is allowed there. The transcription is checked against the printed arithmetic: DPI plus RVPI equals TVPI on every row.",ADDED,ADJUDICATOR,8783ef3e2dc6cf061218360ff1c3db121d172543d661901b2d74131021935dc1
e9d5a9c67974e832eebf,SRC457,12,PAIR_D74B748A740C610E490ABBB6,CLASSIFICATION_CONFLICT,1256,1487,source_section|subject_type|subject_name|as_of_date|horizon|evidence_quote,MERGE,"Family follows the table: this fund-by-fund schedule prints capital-account columns (Commitment, Unfunded, Market Value, PIC) beside the multiples and the SI IRR, so the extractor chooser makes the whole table fund_economics_observation, every column in it. A period label is never a subject_name; the quarter belongs in horizon. evidence_quote takes the full printed line over the bare value: the line proves this number, the bare digits prove only that they occur somewhere on the page.",RESOLVED,A+B+ADJUDICATOR,8783ef3e2dc6cf061218360ff1c3db121d172543d661901b2d74131021935dc1
ae6bc26265c3988684a9,SRC457,12,PAIR_95FB4E8920872CDCF1256866,CLASSIFICATION_CONFLICT,1257,1488,source_section|subject_type|subject_name|as_of_date|horizon|evidence_quote,MERGE,"Family follows the table: this fund-by-fund schedule prints capital-account columns (Commitment, Unfunded, Market Value, PIC) beside the multiples and the SI IRR, so the extractor chooser makes the whole table fund_economics_observation, every column in it. A period label is never a subject_name; the quarter belongs in horizon. evidence_quote takes the full printed line over the bare value: the line proves this number, the bare digits prove only that they occur somewhere on the page.",RESOLVED,A+B+ADJUDICATOR,8783ef3e2dc6cf061218360ff1c3db121d172543d661901b2d74131021935dc1
959d5f35b244576b96c8,SRC457,12,,ADJUDICATOR_ADD,,,,ADD,"Recovered from page-012.png: the schedule prints eight value columns and both lanes took only the three cash-flow ones, leaving Reported Market Value, TVPI, IRR, DPI and RVPI unread on all 52 quarters. The table is fund_economics_observation because it prints contributed, distributed and remaining value with the multiples and IRR beside them, and every one of these categories is allowed there. The transcription is checked against the printed arithmetic: DPI plus RVPI equals TVPI on every row.",ADDED,ADJUDICATOR,8783ef3e2dc6cf061218360ff1c3db121d172543d661901b2d74131021935dc1
b0dc956b129dde0e62ba,SRC457,12,,ADJUDICATOR_ADD,,,,ADD,"Recovered from page-012.png: the schedule prints eight value columns and both lanes took only the three cash-flow ones, leaving Reported Market Value, TVPI, IRR, DPI and RVPI unread on all 52 quarters. The table is fund_economics_observation because it prints contributed, distributed and remaining value with the multiples and IRR beside them, and every one of these categories is allowed there. The transcription is checked against the printed arithmetic: DPI plus RVPI equals TVPI on every row.; Source review: p13: The calculation is net of management fees and the general partner’s carried interest. (The glossary defines the reported IRR as net.) | p13: The calculation is net of management fees and the general partner’s carried interest. (Printed heading or definition supporting the source-reviewed qualifier.)",ADDED,ADJUDICATOR,8783ef3e2dc6cf061218360ff1c3db121d172543d661901b2d74131021935dc1
e2052bfdecf5d63383b3,SRC457,12,,ADJUDICATOR_ADD,,,,ADD,"Recovered from page-012.png: the schedule prints eight value columns and both lanes took only the three cash-flow ones, leaving Reported Market Value, TVPI, IRR, DPI and RVPI unread on all 52 quarters. The table is fund_economics_observation because it prints contributed, distributed and remaining value with the multiples and IRR beside them, and every one of these categories is allowed there. The transcription is checked against the printed arithmetic: DPI plus RVPI equals TVPI on every row.; Source review: p12: Summary of Portfolio Cash Flows (The table reports the combined private-investment portfolio.) | p12: Summary of Portfolio Cash Flows (Printed heading or definition supporting the source-reviewed qualifier.) | p12: Summary of Portfolio Cash Flows (Supersedes SR2448: the printed entity or table label is context, not a measurement basis; source labels retain its scope.)",ADDED,ADJUDICATOR,8783ef3e2dc6cf061218360ff1c3db121d172543d661901b2d74131021935dc1
0a5e31446459d5fb33c8,SRC457,12,,ADJUDICATOR_ADD,,,,ADD,"Recovered from page-012.png: the schedule prints eight value columns and both lanes took only the three cash-flow ones, leaving Reported Market Value, TVPI, IRR, DPI and RVPI unread on all 52 quarters. The table is fund_economics_observation because it prints contributed, distributed and remaining value with the multiples and IRR beside them, and every one of these categories is allowed there. The transcription is checked against the printed arithmetic: DPI plus RVPI equals TVPI on every row.",ADDED,ADJUDICATOR,8783ef3e2dc6cf061218360ff1c3db121d172543d661901b2d74131021935dc1
93b1215a678bcd383623,SRC457,12,,ADJUDICATOR_ADD,,,,ADD,"Recovered from page-012.png: the schedule prints eight value columns and both lanes took only the three cash-flow ones, leaving Reported Market Value, TVPI, IRR, DPI and RVPI unread on all 52 quarters. The table is fund_economics_observation because it prints contributed, distributed and remaining value with the multiples and IRR beside them, and every one of these categories is allowed there. The transcription is checked against the printed arithmetic: DPI plus RVPI equals TVPI on every row.",ADDED,ADJUDICATOR,8783ef3e2dc6cf061218360ff1c3db121d172543d661901b2d74131021935dc1
e4e5aaff6a4818177baf,SRC457,12,PAIR_6DBB153D81E8509C454FFA66,CLASSIFICATION_CONFLICT,1259,1490,source_section|subject_type|subject_name|as_of_date|horizon|evidence_quote,MERGE,"Family follows the table: this fund-by-fund schedule prints capital-account columns (Commitment, Unfunded, Market Value, PIC) beside the multiples and the SI IRR, so the extractor chooser makes the whole table fund_economics_observation, every column in it. A period label is never a subject_name; the quarter belongs in horizon. evidence_quote takes the full printed line over the bare value: the line proves this number, the bare digits prove only that they occur somewhere on the page.",RESOLVED,A+B+ADJUDICATOR,8783ef3e2dc6cf061218360ff1c3db121d172543d661901b2d74131021935dc1
15ef8cbc9bab5e6553f0,SRC457,12,PAIR_EDF44CF4C47EDC63FAF6FA1B,CLASSIFICATION_CONFLICT,1260,1491,source_section|subject_type|subject_name|as_of_date|horizon|evidence_quote,MERGE,"Family follows the table: this fund-by-fund schedule prints capital-account columns (Commitment, Unfunded, Market Value, PIC) beside the multiples and the SI IRR, so the extractor chooser makes the whole table fund_economics_observation, every column in it. A period label is never a subject_name; the quarter belongs in horizon. evidence_quote takes the full printed line over the bare value: the line proves this number, the bare digits prove only that they occur somewhere on the page.",RESOLVED,A+B+ADJUDICATOR,8783ef3e2dc6cf061218360ff1c3db121d172543d661901b2d74131021935dc1
fd4650849ef8ff69c420,SRC457,12,,ADJUDICATOR_ADD,,,,ADD,"Recovered from page-012.png: the schedule prints eight value columns and both lanes took only the three cash-flow ones, leaving Reported Market Value, TVPI, IRR, DPI and RVPI unread on all 52 quarters. The table is fund_economics_observation because it prints contributed, distributed and remaining value with the multiples and IRR beside them, and every one of these categories is allowed there. The transcription is checked against the printed arithmetic: DPI plus RVPI equals TVPI on every row.",ADDED,ADJUDICATOR,8783ef3e2dc6cf061218360ff1c3db121d172543d661901b2d74131021935dc1
154657e3ffae7ed3f3e3,SRC457,12,,ADJUDICATOR_ADD,,,,ADD,"Recovered from page-012.png: the schedule prints eight value columns and both lanes took only the three cash-flow ones, leaving Reported Market Value, TVPI, IRR, DPI and RVPI unread on all 52 quarters. The table is fund_economics_observation because it prints contributed, distributed and remaining value with the multiples and IRR beside them, and every one of these categories is allowed there. The transcription is checked against the printed arithmetic: DPI plus RVPI equals TVPI on every row.; Source review: p13: The calculation is net of management fees and the general partner’s carried interest. (The glossary defines the reported IRR as net.) | p13: The calculation is net of management fees and the general partner’s carried interest. (Printed heading or definition supporting the source-reviewed qualifier.)",ADDED,ADJUDICATOR,8783ef3e2dc6cf061218360ff1c3db121d172543d661901b2d74131021935dc1
00834dd652e00fb18d92,SRC457,12,,ADJUDICATOR_ADD,,,,ADD,"Recovered from page-012.png: the schedule prints eight value columns and both lanes took only the three cash-flow ones, leaving Reported Market Value, TVPI, IRR, DPI and RVPI unread on all 52 quarters. The table is fund_economics_observation because it prints contributed, distributed and remaining value with the multiples and IRR beside them, and every one of these categories is allowed there. The transcription is checked against the printed arithmetic: DPI plus RVPI equals TVPI on every row.; Source review: p12: Summary of Portfolio Cash Flows (The table reports the combined private-investment portfolio.) | p12: Summary of Portfolio Cash Flows (Printed heading or definition supporting the source-reviewed qualifier.) | p12: Summary of Portfolio Cash Flows (Supersedes SR2450: the printed entity or table label is context, not a measurement basis; source labels retain its scope.)",ADDED,ADJUDICATOR,8783ef3e2dc6cf061218360ff1c3db121d172543d661901b2d74131021935dc1
84c33195117546f64a45,SRC457,12,,ADJUDICATOR_ADD,,,,ADD,"Recovered from page-012.png: the schedule prints eight value columns and both lanes took only the three cash-flow ones, leaving Reported Market Value, TVPI, IRR, DPI and RVPI unread on all 52 quarters. The table is fund_economics_observation because it prints contributed, distributed and remaining value with the multiples and IRR beside them, and every one of these categories is allowed there. The transcription is checked against the printed arithmetic: DPI plus RVPI equals TVPI on every row.",ADDED,ADJUDICATOR,8783ef3e2dc6cf061218360ff1c3db121d172543d661901b2d74131021935dc1
a71a7fc3d8db7aa3f6f2,SRC457,12,,ADJUDICATOR_ADD,,,,ADD,"Recovered from page-012.png: the schedule prints eight value columns and both lanes took only the three cash-flow ones, leaving Reported Market Value, TVPI, IRR, DPI and RVPI unread on all 52 quarters. The table is fund_economics_observation because it prints contributed, distributed and remaining value with the multiples and IRR beside them, and every one of these categories is allowed there. The transcription is checked against the printed arithmetic: DPI plus RVPI equals TVPI on every row.",ADDED,ADJUDICATOR,8783ef3e2dc6cf061218360ff1c3db121d172543d661901b2d74131021935dc1
22e72c9225c715b2a744,SRC457,12,PAIR_13F8070C6CC1DC6CA3851CD7,CLASSIFICATION_CONFLICT,1262,1493,source_section|subject_type|subject_name|as_of_date|horizon|evidence_quote,MERGE,"Family follows the table: this fund-by-fund schedule prints capital-account columns (Commitment, Unfunded, Market Value, PIC) beside the multiples and the SI IRR, so the extractor chooser makes the whole table fund_economics_observation, every column in it. A period label is never a subject_name; the quarter belongs in horizon. evidence_quote takes the full printed line over the bare value: the line proves this number, the bare digits prove only that they occur somewhere on the page.",RESOLVED,A+B+ADJUDICATOR,8783ef3e2dc6cf061218360ff1c3db121d172543d661901b2d74131021935dc1
8f9176758559d20e80e8,SRC457,12,PAIR_81BC9A467C06819B96B77234,CLASSIFICATION_CONFLICT,1263,1494,source_section|subject_type|subject_name|as_of_date|horizon|evidence_quote,MERGE,"Family follows the table: this fund-by-fund schedule prints capital-account columns (Commitment, Unfunded, Market Value, PIC) beside the multiples and the SI IRR, so the extractor chooser makes the whole table fund_economics_observation, every column in it. A period label is never a subject_name; the quarter belongs in horizon. evidence_quote takes the full printed line over the bare value: the line proves this number, the bare digits prove only that they occur somewhere on the page.",RESOLVED,A+B+ADJUDICATOR,8783ef3e2dc6cf061218360ff1c3db121d172543d661901b2d74131021935dc1
9e9e69b263c337614938,SRC457,12,,ADJUDICATOR_ADD,,,,ADD,"Recovered from page-012.png: the schedule prints eight value columns and both lanes took only the three cash-flow ones, leaving Reported Market Value, TVPI, IRR, DPI and RVPI unread on all 52 quarters. The table is fund_economics_observation because it prints contributed, distributed and remaining value with the multiples and IRR beside them, and every one of these categories is allowed there. The transcription is checked against the printed arithmetic: DPI plus RVPI equals TVPI on every row.",ADDED,ADJUDICATOR,8783ef3e2dc6cf061218360ff1c3db121d172543d661901b2d74131021935dc1
45c547704d9f559c45a5,SRC457,12,,ADJUDICATOR_ADD,,,,ADD,"Recovered from page-012.png: the schedule prints eight value columns and both lanes took only the three cash-flow ones, leaving Reported Market Value, TVPI, IRR, DPI and RVPI unread on all 52 quarters. The table is fund_economics_observation because it prints contributed, distributed and remaining value with the multiples and IRR beside them, and every one of these categories is allowed there. The transcription is checked against the printed arithmetic: DPI plus RVPI equals TVPI on every row.; Source review: p13: The calculation is net of management fees and the general partner’s carried interest. (The glossary defines the reported IRR as net.) | p13: The calculation is net of management fees and the general partner’s carried interest. (Printed heading or definition supporting the source-reviewed qualifier.)",ADDED,ADJUDICATOR,8783ef3e2dc6cf061218360ff1c3db121d172543d661901b2d74131021935dc1
ea7ca46ca195d7ab3340,SRC457,12,,ADJUDICATOR_ADD,,,,ADD,"Recovered from page-012.png: the schedule prints eight value columns and both lanes took only the three cash-flow ones, leaving Reported Market Value, TVPI, IRR, DPI and RVPI unread on all 52 quarters. The table is fund_economics_observation because it prints contributed, distributed and remaining value with the multiples and IRR beside them, and every one of these categories is allowed there. The transcription is checked against the printed arithmetic: DPI plus RVPI equals TVPI on every row.; Source review: p12: Summary of Portfolio Cash Flows (The table reports the combined private-investment portfolio.) | p12: Summary of Portfolio Cash Flows (Printed heading or definition supporting the source-reviewed qualifier.) | p12: Summary of Portfolio Cash Flows (Supersedes SR2452: the printed entity or table label is context, not a measurement basis; source labels retain its scope.)",ADDED,ADJUDICATOR,8783ef3e2dc6cf061218360ff1c3db121d172543d661901b2d74131021935dc1
886ae9a40313c9ed579d,SRC457,12,,ADJUDICATOR_ADD,,,,ADD,"Recovered from page-012.png: the schedule prints eight value columns and both lanes took only the three cash-flow ones, leaving Reported Market Value, TVPI, IRR, DPI and RVPI unread on all 52 quarters. The table is fund_economics_observation because it prints contributed, distributed and remaining value with the multiples and IRR beside them, and every one of these categories is allowed there. The transcription is checked against the printed arithmetic: DPI plus RVPI equals TVPI on every row.",ADDED,ADJUDICATOR,8783ef3e2dc6cf061218360ff1c3db121d172543d661901b2d74131021935dc1
6910fdb37d4381ef59b0,SRC457,12,,ADJUDICATOR_ADD,,,,ADD,"Recovered from page-012.png: the schedule prints eight value columns and both lanes took only the three cash-flow ones, leaving Reported Market Value, TVPI, IRR, DPI and RVPI unread on all 52 quarters. The table is fund_economics_observation because it prints contributed, distributed and remaining value with the multiples and IRR beside them, and every one of these categories is allowed there. The transcription is checked against the printed arithmetic: DPI plus RVPI equals TVPI on every row.",ADDED,ADJUDICATOR,8783ef3e2dc6cf061218360ff1c3db121d172543d661901b2d74131021935dc1
444d77d702b73fbf1da2,SRC457,12,PAIR_7C212867DB66905E7A2D405C,CLASSIFICATION_CONFLICT,1265,1496,source_section|subject_type|subject_name|as_of_date|horizon|evidence_quote,MERGE,"Family follows the table: this fund-by-fund schedule prints capital-account columns (Commitment, Unfunded, Market Value, PIC) beside the multiples and the SI IRR, so the extractor chooser makes the whole table fund_economics_observation, every column in it. A period label is never a subject_name; the quarter belongs in horizon. evidence_quote takes the full printed line over the bare value: the line proves this number, the bare digits prove only that they occur somewhere on the page.",RESOLVED,A+B+ADJUDICATOR,8783ef3e2dc6cf061218360ff1c3db121d172543d661901b2d74131021935dc1
f92cc53da9d71a1f6d9d,SRC457,12,PAIR_C2A7516602A1F5BAB8C597F0,CLASSIFICATION_CONFLICT,1266,1497,source_section|subject_type|subject_name|as_of_date|horizon|evidence_quote,MERGE,"Family follows the table: this fund-by-fund schedule prints capital-account columns (Commitment, Unfunded, Market Value, PIC) beside the multiples and the SI IRR, so the extractor chooser makes the whole table fund_economics_observation, every column in it. A period label is never a subject_name; the quarter belongs in horizon. evidence_quote takes the full printed line over the bare value: the line proves this number, the bare digits prove only that they occur somewhere on the page.",RESOLVED,A+B+ADJUDICATOR,8783ef3e2dc6cf061218360ff1c3db121d172543d661901b2d74131021935dc1
09d487bb454c77d5ee7c,SRC457,12,,ADJUDICATOR_ADD,,,,ADD,"Recovered from page-012.png: the schedule prints eight value columns and both lanes took only the three cash-flow ones, leaving Reported Market Value, TVPI, IRR, DPI and RVPI unread on all 52 quarters. The table is fund_economics_observation because it prints contributed, distributed and remaining value with the multiples and IRR beside them, and every one of these categories is allowed there. The transcription is checked against the printed arithmetic: DPI plus RVPI equals TVPI on every row.",ADDED,ADJUDICATOR,8783ef3e2dc6cf061218360ff1c3db121d172543d661901b2d74131021935dc1
1b0ad20eddb32936707f,SRC457,12,,ADJUDICATOR_ADD,,,,ADD,"Recovered from page-012.png: the schedule prints eight value columns and both lanes took only the three cash-flow ones, leaving Reported Market Value, TVPI, IRR, DPI and RVPI unread on all 52 quarters. The table is fund_economics_observation because it prints contributed, distributed and remaining value with the multiples and IRR beside them, and every one of these categories is allowed there. The transcription is checked against the printed arithmetic: DPI plus RVPI equals TVPI on every row.; Source review: p13: The calculation is net of management fees and the general partner’s carried interest. (The glossary defines the reported IRR as net.) | p13: The calculation is net of management fees and the general partner’s carried interest. (Printed heading or definition supporting the source-reviewed qualifier.)",ADDED,ADJUDICATOR,8783ef3e2dc6cf061218360ff1c3db121d172543d661901b2d74131021935dc1
88ddd4f961f899e5ded3,SRC457,12,,ADJUDICATOR_ADD,,,,ADD,"Recovered from page-012.png: the schedule prints eight value columns and both lanes took only the three cash-flow ones, leaving Reported Market Value, TVPI, IRR, DPI and RVPI unread on all 52 quarters. The table is fund_economics_observation because it prints contributed, distributed and remaining value with the multiples and IRR beside them, and every one of these categories is allowed there. The transcription is checked against the printed arithmetic: DPI plus RVPI equals TVPI on every row.; Source review: p12: Summary of Portfolio Cash Flows (The table reports the combined private-investment portfolio.) | p12: Summary of Portfolio Cash Flows (Printed heading or definition supporting the source-reviewed qualifier.) | p12: Summary of Portfolio Cash Flows (Supersedes SR2454: the printed entity or table label is context, not a measurement basis; source labels retain its scope.)",ADDED,ADJUDICATOR,8783ef3e2dc6cf061218360ff1c3db121d172543d661901b2d74131021935dc1
05b53cadcd36435b63d3,SRC457,12,,ADJUDICATOR_ADD,,,,ADD,"Recovered from page-012.png: the schedule prints eight value columns and both lanes took only the three cash-flow ones, leaving Reported Market Value, TVPI, IRR, DPI and RVPI unread on all 52 quarters. The table is fund_economics_observation because it prints contributed, distributed and remaining value with the multiples and IRR beside them, and every one of these categories is allowed there. The transcription is checked against the printed arithmetic: DPI plus RVPI equals TVPI on every row.",ADDED,ADJUDICATOR,8783ef3e2dc6cf061218360ff1c3db121d172543d661901b2d74131021935dc1
74a845627dd3967c4111,SRC457,12,,ADJUDICATOR_ADD,,,,ADD,"Recovered from page-012.png: the schedule prints eight value columns and both lanes took only the three cash-flow ones, leaving Reported Market Value, TVPI, IRR, DPI and RVPI unread on all 52 quarters. The table is fund_economics_observation because it prints contributed, distributed and remaining value with the multiples and IRR beside them, and every one of these categories is allowed there. The transcription is checked against the printed arithmetic: DPI plus RVPI equals TVPI on every row.",ADDED,ADJUDICATOR,8783ef3e2dc6cf061218360ff1c3db121d172543d661901b2d74131021935dc1
fc7f3d0fc49e572875f3,SRC457,12,PAIR_D5EDAF5D437951667AFEC505,CLASSIFICATION_CONFLICT,1268,1499,source_section|subject_type|subject_name|as_of_date|horizon|evidence_quote,MERGE,"Family follows the table: this fund-by-fund schedule prints capital-account columns (Commitment, Unfunded, Market Value, PIC) beside the multiples and the SI IRR, so the extractor chooser makes the whole table fund_economics_observation, every column in it. A period label is never a subject_name; the quarter belongs in horizon. evidence_quote takes the full printed line over the bare value: the line proves this number, the bare digits prove only that they occur somewhere on the page.",RESOLVED,A+B+ADJUDICATOR,8783ef3e2dc6cf061218360ff1c3db121d172543d661901b2d74131021935dc1
197594fb395090c23f8e,SRC457,12,PAIR_21F0AE6CFD31CBA1C3929768,CLASSIFICATION_CONFLICT,1269,1500,source_section|subject_type|subject_name|as_of_date|horizon|evidence_quote,MERGE,"Family follows the table: this fund-by-fund schedule prints capital-account columns (Commitment, Unfunded, Market Value, PIC) beside the multiples and the SI IRR, so the extractor chooser makes the whole table fund_economics_observation, every column in it. A period label is never a subject_name; the quarter belongs in horizon. evidence_quote takes the full printed line over the bare value: the line proves this number, the bare digits prove only that they occur somewhere on the page.",RESOLVED,A+B+ADJUDICATOR,8783ef3e2dc6cf061218360ff1c3db121d172543d661901b2d74131021935dc1
02f15f73d98548a97a40,SRC457,12,,ADJUDICATOR_ADD,,,,ADD,"Recovered from page-012.png: the schedule prints eight value columns and both lanes took only the three cash-flow ones, leaving Reported Market Value, TVPI, IRR, DPI and RVPI unread on all 52 quarters. The table is fund_economics_observation because it prints contributed, distributed and remaining value with the multiples and IRR beside them, and every one of these categories is allowed there. The transcription is checked against the printed arithmetic: DPI plus RVPI equals TVPI on every row.",ADDED,ADJUDICATOR,8783ef3e2dc6cf061218360ff1c3db121d172543d661901b2d74131021935dc1
20d5c267a7783a919d8f,SRC457,12,,ADJUDICATOR_ADD,,,,ADD,"Recovered from page-012.png: the schedule prints eight value columns and both lanes took only the three cash-flow ones, leaving Reported Market Value, TVPI, IRR, DPI and RVPI unread on all 52 quarters. The table is fund_economics_observation because it prints contributed, distributed and remaining value with the multiples and IRR beside them, and every one of these categories is allowed there. The transcription is checked against the printed arithmetic: DPI plus RVPI equals TVPI on every row.; Source review: p13: The calculation is net of management fees and the general partner’s carried interest. (The glossary defines the reported IRR as net.) | p13: The calculation is net of management fees and the general partner’s carried interest. (Printed heading or definition supporting the source-reviewed qualifier.)",ADDED,ADJUDICATOR,8783ef3e2dc6cf061218360ff1c3db121d172543d661901b2d74131021935dc1
41d33e397028ca4ef4db,SRC457,12,,ADJUDICATOR_ADD,,,,ADD,"Recovered from page-012.png: the schedule prints eight value columns and both lanes took only the three cash-flow ones, leaving Reported Market Value, TVPI, IRR, DPI and RVPI unread on all 52 quarters. The table is fund_economics_observation because it prints contributed, distributed and remaining value with the multiples and IRR beside them, and every one of these categories is allowed there. The transcription is checked against the printed arithmetic: DPI plus RVPI equals TVPI on every row.; Source review: p12: Summary of Portfolio Cash Flows (The table reports the combined private-investment portfolio.) | p12: Summary of Portfolio Cash Flows (Printed heading or definition supporting the source-reviewed qualifier.) | p12: Summary of Portfolio Cash Flows (Supersedes SR2456: the printed entity or table label is context, not a measurement basis; source labels retain its scope.)",ADDED,ADJUDICATOR,8783ef3e2dc6cf061218360ff1c3db121d172543d661901b2d74131021935dc1
9ead4778b7988ceb9e2c,SRC457,12,,ADJUDICATOR_ADD,,,,ADD,"Recovered from page-012.png: the schedule prints eight value columns and both lanes took only the three cash-flow ones, leaving Reported Market Value, TVPI, IRR, DPI and RVPI unread on all 52 quarters. The table is fund_economics_observation because it prints contributed, distributed and remaining value with the multiples and IRR beside them, and every one of these categories is allowed there. The transcription is checked against the printed arithmetic: DPI plus RVPI equals TVPI on every row.",ADDED,ADJUDICATOR,8783ef3e2dc6cf061218360ff1c3db121d172543d661901b2d74131021935dc1
043708b6686d4d7d0dca,SRC457,12,,ADJUDICATOR_ADD,,,,ADD,"Recovered from page-012.png: the schedule prints eight value columns and both lanes took only the three cash-flow ones, leaving Reported Market Value, TVPI, IRR, DPI and RVPI unread on all 52 quarters. The table is fund_economics_observation because it prints contributed, distributed and remaining value with the multiples and IRR beside them, and every one of these categories is allowed there. The transcription is checked against the printed arithmetic: DPI plus RVPI equals TVPI on every row.",ADDED,ADJUDICATOR,8783ef3e2dc6cf061218360ff1c3db121d172543d661901b2d74131021935dc1
cee846439a0d06dda47e,SRC457,12,PAIR_FE168FC95A01D03CEEE22C7D,CLASSIFICATION_CONFLICT,1271,1502,source_section|subject_type|subject_name|as_of_date|horizon|evidence_quote,MERGE,"Family follows the table: this fund-by-fund schedule prints capital-account columns (Commitment, Unfunded, Market Value, PIC) beside the multiples and the SI IRR, so the extractor chooser makes the whole table fund_economics_observation, every column in it. A period label is never a subject_name; the quarter belongs in horizon. evidence_quote takes the full printed line over the bare value: the line proves this number, the bare digits prove only that they occur somewhere on the page.",RESOLVED,A+B+ADJUDICATOR,8783ef3e2dc6cf061218360ff1c3db121d172543d661901b2d74131021935dc1
9ba59af45198068d9756,SRC457,12,PAIR_04F37E73D316657DF22F86A5,CLASSIFICATION_CONFLICT,1272,1503,source_section|subject_type|subject_name|as_of_date|horizon|evidence_quote,MERGE,"Family follows the table: this fund-by-fund schedule prints capital-account columns (Commitment, Unfunded, Market Value, PIC) beside the multiples and the SI IRR, so the extractor chooser makes the whole table fund_economics_observation, every column in it. A period label is never a subject_name; the quarter belongs in horizon. evidence_quote takes the full printed line over the bare value: the line proves this number, the bare digits prove only that they occur somewhere on the page.",RESOLVED,A+B+ADJUDICATOR,8783ef3e2dc6cf061218360ff1c3db121d172543d661901b2d74131021935dc1
4e546792897a586a566f,SRC457,12,,ADJUDICATOR_ADD,,,,ADD,"Recovered from page-012.png: the schedule prints eight value columns and both lanes took only the three cash-flow ones, leaving Reported Market Value, TVPI, IRR, DPI and RVPI unread on all 52 quarters. The table is fund_economics_observation because it prints contributed, distributed and remaining value with the multiples and IRR beside them, and every one of these categories is allowed there. The transcription is checked against the printed arithmetic: DPI plus RVPI equals TVPI on every row.",ADDED,ADJUDICATOR,8783ef3e2dc6cf061218360ff1c3db121d172543d661901b2d74131021935dc1
5c31851ca6e26a76c2c8,SRC457,12,,ADJUDICATOR_ADD,,,,ADD,"Recovered from page-012.png: the schedule prints eight value columns and both lanes took only the three cash-flow ones, leaving Reported Market Value, TVPI, IRR, DPI and RVPI unread on all 52 quarters. The table is fund_economics_observation because it prints contributed, distributed and remaining value with the multiples and IRR beside them, and every one of these categories is allowed there. The transcription is checked against the printed arithmetic: DPI plus RVPI equals TVPI on every row.; Source review: p13: The calculation is net of management fees and the general partner’s carried interest. (The glossary defines the reported IRR as net.) | p13: The calculation is net of management fees and the general partner’s carried interest. (Printed heading or definition supporting the source-reviewed qualifier.)",ADDED,ADJUDICATOR,8783ef3e2dc6cf061218360ff1c3db121d172543d661901b2d74131021935dc1
04693e1d8b2b656cfa72,SRC457,12,,ADJUDICATOR_ADD,,,,ADD,"Recovered from page-012.png: the schedule prints eight value columns and both lanes took only the three cash-flow ones, leaving Reported Market Value, TVPI, IRR, DPI and RVPI unread on all 52 quarters. The table is fund_economics_observation because it prints contributed, distributed and remaining value with the multiples and IRR beside them, and every one of these categories is allowed there. The transcription is checked against the printed arithmetic: DPI plus RVPI equals TVPI on every row.; Source review: p12: Summary of Portfolio Cash Flows (The table reports the combined private-investment portfolio.) | p12: Summary of Portfolio Cash Flows (Printed heading or definition supporting the source-reviewed qualifier.) | p12: Summary of Portfolio Cash Flows (Supersedes SR2458: the printed entity or table label is context, not a measurement basis; source labels retain its scope.)",ADDED,ADJUDICATOR,8783ef3e2dc6cf061218360ff1c3db121d172543d661901b2d74131021935dc1
1c416fa03aa2e18bd149,SRC457,12,,ADJUDICATOR_ADD,,,,ADD,"Recovered from page-012.png: the schedule prints eight value columns and both lanes took only the three cash-flow ones, leaving Reported Market Value, TVPI, IRR, DPI and RVPI unread on all 52 quarters. The table is fund_economics_observation because it prints contributed, distributed and remaining value with the multiples and IRR beside them, and every one of these categories is allowed there. The transcription is checked against the printed arithmetic: DPI plus RVPI equals TVPI on every row.",ADDED,ADJUDICATOR,8783ef3e2dc6cf061218360ff1c3db121d172543d661901b2d74131021935dc1
9ce77fb1cbe1799f0fd1,SRC457,12,,ADJUDICATOR_ADD,,,,ADD,"Recovered from page-012.png: the schedule prints eight value columns and both lanes took only the three cash-flow ones, leaving Reported Market Value, TVPI, IRR, DPI and RVPI unread on all 52 quarters. The table is fund_economics_observation because it prints contributed, distributed and remaining value with the multiples and IRR beside them, and every one of these categories is allowed there. The transcription is checked against the printed arithmetic: DPI plus RVPI equals TVPI on every row.",ADDED,ADJUDICATOR,8783ef3e2dc6cf061218360ff1c3db121d172543d661901b2d74131021935dc1
1ac5ba2553772f4195d4,SRC457,12,PAIR_186C55798C650BBF2D8E5D28,CLASSIFICATION_CONFLICT,1274,1505,source_section|subject_type|subject_name|as_of_date|horizon|evidence_quote,MERGE,"Family follows the table: this fund-by-fund schedule prints capital-account columns (Commitment, Unfunded, Market Value, PIC) beside the multiples and the SI IRR, so the extractor chooser makes the whole table fund_economics_observation, every column in it. A period label is never a subject_name; the quarter belongs in horizon. evidence_quote takes the full printed line over the bare value: the line proves this number, the bare digits prove only that they occur somewhere on the page.",RESOLVED,A+B+ADJUDICATOR,8783ef3e2dc6cf061218360ff1c3db121d172543d661901b2d74131021935dc1
f97d3ffeff9939bcd8ed,SRC457,12,PAIR_730949ABD66A791BBD6C2C84,CLASSIFICATION_CONFLICT,1275,1506,source_section|subject_type|subject_name|as_of_date|horizon|evidence_quote,MERGE,"Family follows the table: this fund-by-fund schedule prints capital-account columns (Commitment, Unfunded, Market Value, PIC) beside the multiples and the SI IRR, so the extractor chooser makes the whole table fund_economics_observation, every column in it. A period label is never a subject_name; the quarter belongs in horizon. evidence_quote takes the full printed line over the bare value: the line proves this number, the bare digits prove only that they occur somewhere on the page.",RESOLVED,A+B+ADJUDICATOR,8783ef3e2dc6cf061218360ff1c3db121d172543d661901b2d74131021935dc1
6116f112ae2e47d4cef2,SRC457,12,,ADJUDICATOR_ADD,,,,ADD,"Recovered from page-012.png: the schedule prints eight value columns and both lanes took only the three cash-flow ones, leaving Reported Market Value, TVPI, IRR, DPI and RVPI unread on all 52 quarters. The table is fund_economics_observation because it prints contributed, distributed and remaining value with the multiples and IRR beside them, and every one of these categories is allowed there. The transcription is checked against the printed arithmetic: DPI plus RVPI equals TVPI on every row.",ADDED,ADJUDICATOR,8783ef3e2dc6cf061218360ff1c3db121d172543d661901b2d74131021935dc1
27740f4fa215d505549c,SRC457,12,,ADJUDICATOR_ADD,,,,ADD,"Recovered from page-012.png: the schedule prints eight value columns and both lanes took only the three cash-flow ones, leaving Reported Market Value, TVPI, IRR, DPI and RVPI unread on all 52 quarters. The table is fund_economics_observation because it prints contributed, distributed and remaining value with the multiples and IRR beside them, and every one of these categories is allowed there. The transcription is checked against the printed arithmetic: DPI plus RVPI equals TVPI on every row.; Source review: p13: The calculation is net of management fees and the general partner’s carried interest. (The glossary defines the reported IRR as net.) | p13: The calculation is net of management fees and the general partner’s carried interest. (Printed heading or definition supporting the source-reviewed qualifier.)",ADDED,ADJUDICATOR,8783ef3e2dc6cf061218360ff1c3db121d172543d661901b2d74131021935dc1
aa03231cdd258a59d109,SRC457,12,,ADJUDICATOR_ADD,,,,ADD,"Recovered from page-012.png: the schedule prints eight value columns and both lanes took only the three cash-flow ones, leaving Reported Market Value, TVPI, IRR, DPI and RVPI unread on all 52 quarters. The table is fund_economics_observation because it prints contributed, distributed and remaining value with the multiples and IRR beside them, and every one of these categories is allowed there. The transcription is checked against the printed arithmetic: DPI plus RVPI equals TVPI on every row.; Source review: p12: Summary of Portfolio Cash Flows (The table reports the combined private-investment portfolio.) | p12: Summary of Portfolio Cash Flows (Printed heading or definition supporting the source-reviewed qualifier.) | p12: Summary of Portfolio Cash Flows (Supersedes SR2460: the printed entity or table label is context, not a measurement basis; source labels retain its scope.)",ADDED,ADJUDICATOR,8783ef3e2dc6cf061218360ff1c3db121d172543d661901b2d74131021935dc1
3cd45e091778f0a58288,SRC457,12,,ADJUDICATOR_ADD,,,,ADD,"Recovered from page-012.png: the schedule prints eight value columns and both lanes took only the three cash-flow ones, leaving Reported Market Value, TVPI, IRR, DPI and RVPI unread on all 52 quarters. The table is fund_economics_observation because it prints contributed, distributed and remaining value with the multiples and IRR beside them, and every one of these categories is allowed there. The transcription is checked against the printed arithmetic: DPI plus RVPI equals TVPI on every row.",ADDED,ADJUDICATOR,8783ef3e2dc6cf061218360ff1c3db121d172543d661901b2d74131021935dc1
9499e706f039852ceb3a,SRC457,12,,ADJUDICATOR_ADD,,,,ADD,"Recovered from page-012.png: the schedule prints eight value columns and both lanes took only the three cash-flow ones, leaving Reported Market Value, TVPI, IRR, DPI and RVPI unread on all 52 quarters. The table is fund_economics_observation because it prints contributed, distributed and remaining value with the multiples and IRR beside them, and every one of these categories is allowed there. The transcription is checked against the printed arithmetic: DPI plus RVPI equals TVPI on every row.",ADDED,ADJUDICATOR,8783ef3e2dc6cf061218360ff1c3db121d172543d661901b2d74131021935dc1
083fd94636a35ca32dd7,SRC457,12,PAIR_5EF32FA50220AF6699EF285E,CLASSIFICATION_CONFLICT,1277,1508,source_section|subject_type|subject_name|as_of_date|horizon|evidence_quote,MERGE,"Family follows the table: this fund-by-fund schedule prints capital-account columns (Commitment, Unfunded, Market Value, PIC) beside the multiples and the SI IRR, so the extractor chooser makes the whole table fund_economics_observation, every column in it. A period label is never a subject_name; the quarter belongs in horizon. evidence_quote takes the full printed line over the bare value: the line proves this number, the bare digits prove only that they occur somewhere on the page.",RESOLVED,A+B+ADJUDICATOR,8783ef3e2dc6cf061218360ff1c3db121d172543d661901b2d74131021935dc1
97151c4d4eaa33eaa53f,SRC457,12,PAIR_92DBA0D8FF9CFC32D0A8CA17,CLASSIFICATION_CONFLICT,1278,1509,source_section|subject_type|subject_name|as_of_date|horizon|evidence_quote,MERGE,"Family follows the table: this fund-by-fund schedule prints capital-account columns (Commitment, Unfunded, Market Value, PIC) beside the multiples and the SI IRR, so the extractor chooser makes the whole table fund_economics_observation, every column in it. A period label is never a subject_name; the quarter belongs in horizon. evidence_quote takes the full printed line over the bare value: the line proves this number, the bare digits prove only that they occur somewhere on the page.",RESOLVED,A+B+ADJUDICATOR,8783ef3e2dc6cf061218360ff1c3db121d172543d661901b2d74131021935dc1
b229ce8670bedd4b0ec8,SRC457,12,,ADJUDICATOR_ADD,,,,ADD,"Recovered from page-012.png: the schedule prints eight value columns and both lanes took only the three cash-flow ones, leaving Reported Market Value, TVPI, IRR, DPI and RVPI unread on all 52 quarters. The table is fund_economics_observation because it prints contributed, distributed and remaining value with the multiples and IRR beside them, and every one of these categories is allowed there. The transcription is checked against the printed arithmetic: DPI plus RVPI equals TVPI on every row.",ADDED,ADJUDICATOR,8783ef3e2dc6cf061218360ff1c3db121d172543d661901b2d74131021935dc1
e3f43db588f17dd0519e,SRC457,12,,ADJUDICATOR_ADD,,,,ADD,"Recovered from page-012.png: the schedule prints eight value columns and both lanes took only the three cash-flow ones, leaving Reported Market Value, TVPI, IRR, DPI and RVPI unread on all 52 quarters. The table is fund_economics_observation because it prints contributed, distributed and remaining value with the multiples and IRR beside them, and every one of these categories is allowed there. The transcription is checked against the printed arithmetic: DPI plus RVPI equals TVPI on every row.; Source review: p13: The calculation is net of management fees and the general partner’s carried interest. (The glossary defines the reported IRR as net.) | p13: The calculation is net of management fees and the general partner’s carried interest. (Printed heading or definition supporting the source-reviewed qualifier.)",ADDED,ADJUDICATOR,8783ef3e2dc6cf061218360ff1c3db121d172543d661901b2d74131021935dc1
72231e1b774e498489be,SRC457,12,,ADJUDICATOR_ADD,,,,ADD,"Recovered from page-012.png: the schedule prints eight value columns and both lanes took only the three cash-flow ones, leaving Reported Market Value, TVPI, IRR, DPI and RVPI unread on all 52 quarters. The table is fund_economics_observation because it prints contributed, distributed and remaining value with the multiples and IRR beside them, and every one of these categories is allowed there. The transcription is checked against the printed arithmetic: DPI plus RVPI equals TVPI on every row.; Source review: p12: Summary of Portfolio Cash Flows (The table reports the combined private-investment portfolio.) | p12: Summary of Portfolio Cash Flows (Printed heading or definition supporting the source-reviewed qualifier.) | p12: Summary of Portfolio Cash Flows (Supersedes SR2462: the printed entity or table label is context, not a measurement basis; source labels retain its scope.)",ADDED,ADJUDICATOR,8783ef3e2dc6cf061218360ff1c3db121d172543d661901b2d74131021935dc1
f3689fefbd19ab2415f5,SRC457,12,,ADJUDICATOR_ADD,,,,ADD,"Recovered from page-012.png: the schedule prints eight value columns and both lanes took only the three cash-flow ones, leaving Reported Market Value, TVPI, IRR, DPI and RVPI unread on all 52 quarters. The table is fund_economics_observation because it prints contributed, distributed and remaining value with the multiples and IRR beside them, and every one of these categories is allowed there. The transcription is checked against the printed arithmetic: DPI plus RVPI equals TVPI on every row.",ADDED,ADJUDICATOR,8783ef3e2dc6cf061218360ff1c3db121d172543d661901b2d74131021935dc1
bb2575feb62936705c16,SRC457,12,,ADJUDICATOR_ADD,,,,ADD,"Recovered from page-012.png: the schedule prints eight value columns and both lanes took only the three cash-flow ones, leaving Reported Market Value, TVPI, IRR, DPI and RVPI unread on all 52 quarters. The table is fund_economics_observation because it prints contributed, distributed and remaining value with the multiples and IRR beside them, and every one of these categories is allowed there. The transcription is checked against the printed arithmetic: DPI plus RVPI equals TVPI on every row.",ADDED,ADJUDICATOR,8783ef3e2dc6cf061218360ff1c3db121d172543d661901b2d74131021935dc1
78282457f7b729ba18a9,SRC457,12,PAIR_3EE90800E9591875C2821F3D,CLASSIFICATION_CONFLICT,1280,1511,source_section|subject_type|subject_name|as_of_date|horizon|evidence_quote,MERGE,"Family follows the table: this fund-by-fund schedule prints capital-account columns (Commitment, Unfunded, Market Value, PIC) beside the multiples and the SI IRR, so the extractor chooser makes the whole table fund_economics_observation, every column in it. A period label is never a subject_name; the quarter belongs in horizon. evidence_quote takes the full printed line over the bare value: the line proves this number, the bare digits prove only that they occur somewhere on the page.",RESOLVED,A+B+ADJUDICATOR,8783ef3e2dc6cf061218360ff1c3db121d172543d661901b2d74131021935dc1
5535b5199352c7b285dd,SRC457,12,PAIR_2B567C17EE20A49EB6B9CC1B,CLASSIFICATION_CONFLICT,1281,1512,source_section|subject_type|subject_name|as_of_date|horizon|evidence_quote,MERGE,"Family follows the table: this fund-by-fund schedule prints capital-account columns (Commitment, Unfunded, Market Value, PIC) beside the multiples and the SI IRR, so the extractor chooser makes the whole table fund_economics_observation, every column in it. A period label is never a subject_name; the quarter belongs in horizon. evidence_quote takes the full printed line over the bare value: the line proves this number, the bare digits prove only that they occur somewhere on the page.",RESOLVED,A+B+ADJUDICATOR,8783ef3e2dc6cf061218360ff1c3db121d172543d661901b2d74131021935dc1
e24647749c49adf8691b,SRC457,12,,ADJUDICATOR_ADD,,,,ADD,"Recovered from page-012.png: the schedule prints eight value columns and both lanes took only the three cash-flow ones, leaving Reported Market Value, TVPI, IRR, DPI and RVPI unread on all 52 quarters. The table is fund_economics_observation because it prints contributed, distributed and remaining value with the multiples and IRR beside them, and every one of these categories is allowed there. The transcription is checked against the printed arithmetic: DPI plus RVPI equals TVPI on every row.",ADDED,ADJUDICATOR,8783ef3e2dc6cf061218360ff1c3db121d172543d661901b2d74131021935dc1
d62d38a4975dfda4f840,SRC457,12,,ADJUDICATOR_ADD,,,,ADD,"Recovered from page-012.png: the schedule prints eight value columns and both lanes took only the three cash-flow ones, leaving Reported Market Value, TVPI, IRR, DPI and RVPI unread on all 52 quarters. The table is fund_economics_observation because it prints contributed, distributed and remaining value with the multiples and IRR beside them, and every one of these categories is allowed there. The transcription is checked against the printed arithmetic: DPI plus RVPI equals TVPI on every row.; Source review: p13: The calculation is net of management fees and the general partner’s carried interest. (The glossary defines the reported IRR as net.) | p13: The calculation is net of management fees and the general partner’s carried interest. (Printed heading or definition supporting the source-reviewed qualifier.)",ADDED,ADJUDICATOR,8783ef3e2dc6cf061218360ff1c3db121d172543d661901b2d74131021935dc1
6afb667a7c9d0016b9a7,SRC457,12,,ADJUDICATOR_ADD,,,,ADD,"Recovered from page-012.png: the schedule prints eight value columns and both lanes took only the three cash-flow ones, leaving Reported Market Value, TVPI, IRR, DPI and RVPI unread on all 52 quarters. The table is fund_economics_observation because it prints contributed, distributed and remaining value with the multiples and IRR beside them, and every one of these categories is allowed there. The transcription is checked against the printed arithmetic: DPI plus RVPI equals TVPI on every row.; Source review: p12: Summary of Portfolio Cash Flows (The table reports the combined private-investment portfolio.) | p12: Summary of Portfolio Cash Flows (Printed heading or definition supporting the source-reviewed qualifier.) | p12: Summary of Portfolio Cash Flows (Supersedes SR2464: the printed entity or table label is context, not a measurement basis; source labels retain its scope.)",ADDED,ADJUDICATOR,8783ef3e2dc6cf061218360ff1c3db121d172543d661901b2d74131021935dc1
9e5605f41c21d3042a57,SRC457,12,,ADJUDICATOR_ADD,,,,ADD,"Recovered from page-012.png: the schedule prints eight value columns and both lanes took only the three cash-flow ones, leaving Reported Market Value, TVPI, IRR, DPI and RVPI unread on all 52 quarters. The table is fund_economics_observation because it prints contributed, distributed and remaining value with the multiples and IRR beside them, and every one of these categories is allowed there. The transcription is checked against the printed arithmetic: DPI plus RVPI equals TVPI on every row.",ADDED,ADJUDICATOR,8783ef3e2dc6cf061218360ff1c3db121d172543d661901b2d74131021935dc1
65963d8a388ab052312c,SRC457,12,,ADJUDICATOR_ADD,,,,ADD,"Recovered from page-012.png: the schedule prints eight value columns and both lanes took only the three cash-flow ones, leaving Reported Market Value, TVPI, IRR, DPI and RVPI unread on all 52 quarters. The table is fund_economics_observation because it prints contributed, distributed and remaining value with the multiples and IRR beside them, and every one of these categories is allowed there. The transcription is checked against the printed arithmetic: DPI plus RVPI equals TVPI on every row.",ADDED,ADJUDICATOR,8783ef3e2dc6cf061218360ff1c3db121d172543d661901b2d74131021935dc1
0c89937f307d48b00afb,SRC457,12,PAIR_4893EE1FDABC47BE3A7BAE78,CLASSIFICATION_CONFLICT,1283,1514,source_section|subject_type|subject_name|as_of_date|horizon|evidence_quote,MERGE,"Family follows the table: this fund-by-fund schedule prints capital-account columns (Commitment, Unfunded, Market Value, PIC) beside the multiples and the SI IRR, so the extractor chooser makes the whole table fund_economics_observation, every column in it. A period label is never a subject_name; the quarter belongs in horizon. evidence_quote takes the full printed line over the bare value: the line proves this number, the bare digits prove only that they occur somewhere on the page.",RESOLVED,A+B+ADJUDICATOR,8783ef3e2dc6cf061218360ff1c3db121d172543d661901b2d74131021935dc1
4e53cff9de5c72ef54a1,SRC457,12,PAIR_5F7E7D551DA38C2F167C12BC,CLASSIFICATION_CONFLICT,1284,1515,source_section|subject_type|subject_name|as_of_date|horizon|evidence_quote,MERGE,"Family follows the table: this fund-by-fund schedule prints capital-account columns (Commitment, Unfunded, Market Value, PIC) beside the multiples and the SI IRR, so the extractor chooser makes the whole table fund_economics_observation, every column in it. A period label is never a subject_name; the quarter belongs in horizon. evidence_quote takes the full printed line over the bare value: the line proves this number, the bare digits prove only that they occur somewhere on the page.",RESOLVED,A+B+ADJUDICATOR,8783ef3e2dc6cf061218360ff1c3db121d172543d661901b2d74131021935dc1
913210d346202cf9671a,SRC457,12,,ADJUDICATOR_ADD,,,,ADD,"Recovered from page-012.png: the schedule prints eight value columns and both lanes took only the three cash-flow ones, leaving Reported Market Value, TVPI, IRR, DPI and RVPI unread on all 52 quarters. The table is fund_economics_observation because it prints contributed, distributed and remaining value with the multiples and IRR beside them, and every one of these categories is allowed there. The transcription is checked against the printed arithmetic: DPI plus RVPI equals TVPI on every row.",ADDED,ADJUDICATOR,8783ef3e2dc6cf061218360ff1c3db121d172543d661901b2d74131021935dc1
837925c3ae8701aa3bd9,SRC457,12,,ADJUDICATOR_ADD,,,,ADD,"Recovered from page-012.png: the schedule prints eight value columns and both lanes took only the three cash-flow ones, leaving Reported Market Value, TVPI, IRR, DPI and RVPI unread on all 52 quarters. The table is fund_economics_observation because it prints contributed, distributed and remaining value with the multiples and IRR beside them, and every one of these categories is allowed there. The transcription is checked against the printed arithmetic: DPI plus RVPI equals TVPI on every row.; Source review: p13: The calculation is net of management fees and the general partner’s carried interest. (The glossary defines the reported IRR as net.) | p13: The calculation is net of management fees and the general partner’s carried interest. (Printed heading or definition supporting the source-reviewed qualifier.)",ADDED,ADJUDICATOR,8783ef3e2dc6cf061218360ff1c3db121d172543d661901b2d74131021935dc1
2d2c597463207c6381a6,SRC457,12,,ADJUDICATOR_ADD,,,,ADD,"Recovered from page-012.png: the schedule prints eight value columns and both lanes took only the three cash-flow ones, leaving Reported Market Value, TVPI, IRR, DPI and RVPI unread on all 52 quarters. The table is fund_economics_observation because it prints contributed, distributed and remaining value with the multiples and IRR beside them, and every one of these categories is allowed there. The transcription is checked against the printed arithmetic: DPI plus RVPI equals TVPI on every row.; Source review: p12: Summary of Portfolio Cash Flows (The table reports the combined private-investment portfolio.) | p12: Summary of Portfolio Cash Flows (Printed heading or definition supporting the source-reviewed qualifier.) | p12: Summary of Portfolio Cash Flows (Supersedes SR2466: the printed entity or table label is context, not a measurement basis; source labels retain its scope.)",ADDED,ADJUDICATOR,8783ef3e2dc6cf061218360ff1c3db121d172543d661901b2d74131021935dc1
9f578e8c980d33b33abe,SRC457,12,,ADJUDICATOR_ADD,,,,ADD,"Recovered from page-012.png: the schedule prints eight value columns and both lanes took only the three cash-flow ones, leaving Reported Market Value, TVPI, IRR, DPI and RVPI unread on all 52 quarters. The table is fund_economics_observation because it prints contributed, distributed and remaining value with the multiples and IRR beside them, and every one of these categories is allowed there. The transcription is checked against the printed arithmetic: DPI plus RVPI equals TVPI on every row.",ADDED,ADJUDICATOR,8783ef3e2dc6cf061218360ff1c3db121d172543d661901b2d74131021935dc1
0c21acfd5eaf331125b0,SRC457,12,,ADJUDICATOR_ADD,,,,ADD,"Recovered from page-012.png: the schedule prints eight value columns and both lanes took only the three cash-flow ones, leaving Reported Market Value, TVPI, IRR, DPI and RVPI unread on all 52 quarters. The table is fund_economics_observation because it prints contributed, distributed and remaining value with the multiples and IRR beside them, and every one of these categories is allowed there. The transcription is checked against the printed arithmetic: DPI plus RVPI equals TVPI on every row.",ADDED,ADJUDICATOR,8783ef3e2dc6cf061218360ff1c3db121d172543d661901b2d74131021935dc1
8f5f1d7642f3fe744e03,SRC457,12,PAIR_4A72F5BEF7CCBAE585878C6D,CLASSIFICATION_CONFLICT,1286,1517,source_section|subject_type|subject_name|as_of_date|horizon|evidence_quote,MERGE,"Family follows the table: this fund-by-fund schedule prints capital-account columns (Commitment, Unfunded, Market Value, PIC) beside the multiples and the SI IRR, so the extractor chooser makes the whole table fund_economics_observation, every column in it. A period label is never a subject_name; the quarter belongs in horizon. evidence_quote takes the full printed line over the bare value: the line proves this number, the bare digits prove only that they occur somewhere on the page.",RESOLVED,A+B+ADJUDICATOR,8783ef3e2dc6cf061218360ff1c3db121d172543d661901b2d74131021935dc1
8c3bcb9c547a97449ba2,SRC457,12,PAIR_2A2A7D6A05B21CC293FC116D,CLASSIFICATION_CONFLICT,1287,1518,source_section|subject_type|subject_name|as_of_date|horizon|evidence_quote,MERGE,"Family follows the table: this fund-by-fund schedule prints capital-account columns (Commitment, Unfunded, Market Value, PIC) beside the multiples and the SI IRR, so the extractor chooser makes the whole table fund_economics_observation, every column in it. A period label is never a subject_name; the quarter belongs in horizon. evidence_quote takes the full printed line over the bare value: the line proves this number, the bare digits prove only that they occur somewhere on the page.",RESOLVED,A+B+ADJUDICATOR,8783ef3e2dc6cf061218360ff1c3db121d172543d661901b2d74131021935dc1
dd94fdd546a8aa7647d7,SRC457,12,,ADJUDICATOR_ADD,,,,ADD,"Recovered from page-012.png: the schedule prints eight value columns and both lanes took only the three cash-flow ones, leaving Reported Market Value, TVPI, IRR, DPI and RVPI unread on all 52 quarters. The table is fund_economics_observation because it prints contributed, distributed and remaining value with the multiples and IRR beside them, and every one of these categories is allowed there. The transcription is checked against the printed arithmetic: DPI plus RVPI equals TVPI on every row.",ADDED,ADJUDICATOR,8783ef3e2dc6cf061218360ff1c3db121d172543d661901b2d74131021935dc1
589169cd257e3a5a3636,SRC457,12,,ADJUDICATOR_ADD,,,,ADD,"Recovered from page-012.png: the schedule prints eight value columns and both lanes took only the three cash-flow ones, leaving Reported Market Value, TVPI, IRR, DPI and RVPI unread on all 52 quarters. The table is fund_economics_observation because it prints contributed, distributed and remaining value with the multiples and IRR beside them, and every one of these categories is allowed there. The transcription is checked against the printed arithmetic: DPI plus RVPI equals TVPI on every row.; Source review: p13: The calculation is net of management fees and the general partner’s carried interest. (The glossary defines the reported IRR as net.) | p13: The calculation is net of management fees and the general partner’s carried interest. (Printed heading or definition supporting the source-reviewed qualifier.)",ADDED,ADJUDICATOR,8783ef3e2dc6cf061218360ff1c3db121d172543d661901b2d74131021935dc1
e5d1520ace2b1e6a5fce,SRC457,12,,ADJUDICATOR_ADD,,,,ADD,"Recovered from page-012.png: the schedule prints eight value columns and both lanes took only the three cash-flow ones, leaving Reported Market Value, TVPI, IRR, DPI and RVPI unread on all 52 quarters. The table is fund_economics_observation because it prints contributed, distributed and remaining value with the multiples and IRR beside them, and every one of these categories is allowed there. The transcription is checked against the printed arithmetic: DPI plus RVPI equals TVPI on every row.; Source review: p12: Summary of Portfolio Cash Flows (The table reports the combined private-investment portfolio.) | p12: Summary of Portfolio Cash Flows (Printed heading or definition supporting the source-reviewed qualifier.) | p12: Summary of Portfolio Cash Flows (Supersedes SR2468: the printed entity or table label is context, not a measurement basis; source labels retain its scope.)",ADDED,ADJUDICATOR,8783ef3e2dc6cf061218360ff1c3db121d172543d661901b2d74131021935dc1
a0c393d055cbd6a2dfe1,SRC457,12,,ADJUDICATOR_ADD,,,,ADD,"Recovered from page-012.png: the schedule prints eight value columns and both lanes took only the three cash-flow ones, leaving Reported Market Value, TVPI, IRR, DPI and RVPI unread on all 52 quarters. The table is fund_economics_observation because it prints contributed, distributed and remaining value with the multiples and IRR beside them, and every one of these categories is allowed there. The transcription is checked against the printed arithmetic: DPI plus RVPI equals TVPI on every row.",ADDED,ADJUDICATOR,8783ef3e2dc6cf061218360ff1c3db121d172543d661901b2d74131021935dc1
1c9dc55c1470273a1081,SRC457,12,,ADJUDICATOR_ADD,,,,ADD,"Recovered from page-012.png: the schedule prints eight value columns and both lanes took only the three cash-flow ones, leaving Reported Market Value, TVPI, IRR, DPI and RVPI unread on all 52 quarters. The table is fund_economics_observation because it prints contributed, distributed and remaining value with the multiples and IRR beside them, and every one of these categories is allowed there. The transcription is checked against the printed arithmetic: DPI plus RVPI equals TVPI on every row.",ADDED,ADJUDICATOR,8783ef3e2dc6cf061218360ff1c3db121d172543d661901b2d74131021935dc1
e39b4045bfa2cc9ecef8,SRC457,12,PAIR_AB6E3C94D8FABAD6EE86A882,CLASSIFICATION_CONFLICT,1289,1520,source_section|subject_type|subject_name|as_of_date|horizon|evidence_quote,MERGE,"Family follows the table: this fund-by-fund schedule prints capital-account columns (Commitment, Unfunded, Market Value, PIC) beside the multiples and the SI IRR, so the extractor chooser makes the whole table fund_economics_observation, every column in it. A period label is never a subject_name; the quarter belongs in horizon. evidence_quote takes the full printed line over the bare value: the line proves this number, the bare digits prove only that they occur somewhere on the page.",RESOLVED,A+B+ADJUDICATOR,8783ef3e2dc6cf061218360ff1c3db121d172543d661901b2d74131021935dc1
1a4a682fce68bb0ee0ff,SRC457,12,PAIR_FE6E1903A17D126B9D0D8DB4,CLASSIFICATION_CONFLICT,1290,1521,source_section|subject_type|subject_name|as_of_date|horizon|evidence_quote,MERGE,"Family follows the table: this fund-by-fund schedule prints capital-account columns (Commitment, Unfunded, Market Value, PIC) beside the multiples and the SI IRR, so the extractor chooser makes the whole table fund_economics_observation, every column in it. A period label is never a subject_name; the quarter belongs in horizon. evidence_quote takes the full printed line over the bare value: the line proves this number, the bare digits prove only that they occur somewhere on the page.",RESOLVED,A+B+ADJUDICATOR,8783ef3e2dc6cf061218360ff1c3db121d172543d661901b2d74131021935dc1
878cb2564d7ab73c7c31,SRC457,12,,ADJUDICATOR_ADD,,,,ADD,"Recovered from page-012.png: the schedule prints eight value columns and both lanes took only the three cash-flow ones, leaving Reported Market Value, TVPI, IRR, DPI and RVPI unread on all 52 quarters. The table is fund_economics_observation because it prints contributed, distributed and remaining value with the multiples and IRR beside them, and every one of these categories is allowed there. The transcription is checked against the printed arithmetic: DPI plus RVPI equals TVPI on every row.",ADDED,ADJUDICATOR,8783ef3e2dc6cf061218360ff1c3db121d172543d661901b2d74131021935dc1
875afa165b36a9b57355,SRC457,12,,ADJUDICATOR_ADD,,,,ADD,"Recovered from page-012.png: the schedule prints eight value columns and both lanes took only the three cash-flow ones, leaving Reported Market Value, TVPI, IRR, DPI and RVPI unread on all 52 quarters. The table is fund_economics_observation because it prints contributed, distributed and remaining value with the multiples and IRR beside them, and every one of these categories is allowed there. The transcription is checked against the printed arithmetic: DPI plus RVPI equals TVPI on every row.; Source review: p13: The calculation is net of management fees and the general partner’s carried interest. (The glossary defines the reported IRR as net.) | p13: The calculation is net of management fees and the general partner’s carried interest. (Printed heading or definition supporting the source-reviewed qualifier.)",ADDED,ADJUDICATOR,8783ef3e2dc6cf061218360ff1c3db121d172543d661901b2d74131021935dc1
571658b26a5dbcc0eca1,SRC457,12,,ADJUDICATOR_ADD,,,,ADD,"Recovered from page-012.png: the schedule prints eight value columns and both lanes took only the three cash-flow ones, leaving Reported Market Value, TVPI, IRR, DPI and RVPI unread on all 52 quarters. The table is fund_economics_observation because it prints contributed, distributed and remaining value with the multiples and IRR beside them, and every one of these categories is allowed there. The transcription is checked against the printed arithmetic: DPI plus RVPI equals TVPI on every row.; Source review: p12: Summary of Portfolio Cash Flows (The table reports the combined private-investment portfolio.) | p12: Summary of Portfolio Cash Flows (Printed heading or definition supporting the source-reviewed qualifier.) | p12: Summary of Portfolio Cash Flows (Supersedes SR2470: the printed entity or table label is context, not a measurement basis; source labels retain its scope.)",ADDED,ADJUDICATOR,8783ef3e2dc6cf061218360ff1c3db121d172543d661901b2d74131021935dc1
2bd73fd900f669d5ed9a,SRC457,12,,ADJUDICATOR_ADD,,,,ADD,"Recovered from page-012.png: the schedule prints eight value columns and both lanes took only the three cash-flow ones, leaving Reported Market Value, TVPI, IRR, DPI and RVPI unread on all 52 quarters. The table is fund_economics_observation because it prints contributed, distributed and remaining value with the multiples and IRR beside them, and every one of these categories is allowed there. The transcription is checked against the printed arithmetic: DPI plus RVPI equals TVPI on every row.",ADDED,ADJUDICATOR,8783ef3e2dc6cf061218360ff1c3db121d172543d661901b2d74131021935dc1
2d0347be0b033db386f2,SRC457,12,,ADJUDICATOR_ADD,,,,ADD,"Recovered from page-012.png: the schedule prints eight value columns and both lanes took only the three cash-flow ones, leaving Reported Market Value, TVPI, IRR, DPI and RVPI unread on all 52 quarters. The table is fund_economics_observation because it prints contributed, distributed and remaining value with the multiples and IRR beside them, and every one of these categories is allowed there. The transcription is checked against the printed arithmetic: DPI plus RVPI equals TVPI on every row.",ADDED,ADJUDICATOR,8783ef3e2dc6cf061218360ff1c3db121d172543d661901b2d74131021935dc1
d6dd8bdb552aba58c8a1,SRC457,12,PAIR_13F716C86A4273A73D2742A0,CLASSIFICATION_CONFLICT,1292,1523,source_section|subject_type|subject_name|as_of_date|horizon|evidence_quote,MERGE,"Family follows the table: this fund-by-fund schedule prints capital-account columns (Commitment, Unfunded, Market Value, PIC) beside the multiples and the SI IRR, so the extractor chooser makes the whole table fund_economics_observation, every column in it. A period label is never a subject_name; the quarter belongs in horizon. evidence_quote takes the full printed line over the bare value: the line proves this number, the bare digits prove only that they occur somewhere on the page.",RESOLVED,A+B+ADJUDICATOR,8783ef3e2dc6cf061218360ff1c3db121d172543d661901b2d74131021935dc1
ae98018d61730df4b564,SRC457,12,PAIR_D0D2E649A73F2BFF815E7740,CLASSIFICATION_CONFLICT,1293,1524,source_section|subject_type|subject_name|as_of_date|horizon|evidence_quote,MERGE,"Family follows the table: this fund-by-fund schedule prints capital-account columns (Commitment, Unfunded, Market Value, PIC) beside the multiples and the SI IRR, so the extractor chooser makes the whole table fund_economics_observation, every column in it. A period label is never a subject_name; the quarter belongs in horizon. evidence_quote takes the full printed line over the bare value: the line proves this number, the bare digits prove only that they occur somewhere on the page.",RESOLVED,A+B+ADJUDICATOR,8783ef3e2dc6cf061218360ff1c3db121d172543d661901b2d74131021935dc1
b273ca7f1c8dc8cf8661,SRC457,12,,ADJUDICATOR_ADD,,,,ADD,"Recovered from page-012.png: the schedule prints eight value columns and both lanes took only the three cash-flow ones, leaving Reported Market Value, TVPI, IRR, DPI and RVPI unread on all 52 quarters. The table is fund_economics_observation because it prints contributed, distributed and remaining value with the multiples and IRR beside them, and every one of these categories is allowed there. The transcription is checked against the printed arithmetic: DPI plus RVPI equals TVPI on every row.",ADDED,ADJUDICATOR,8783ef3e2dc6cf061218360ff1c3db121d172543d661901b2d74131021935dc1
93ec2544394c98f8fb33,SRC457,12,,ADJUDICATOR_ADD,,,,ADD,"Recovered from page-012.png: the schedule prints eight value columns and both lanes took only the three cash-flow ones, leaving Reported Market Value, TVPI, IRR, DPI and RVPI unread on all 52 quarters. The table is fund_economics_observation because it prints contributed, distributed and remaining value with the multiples and IRR beside them, and every one of these categories is allowed there. The transcription is checked against the printed arithmetic: DPI plus RVPI equals TVPI on every row.; Source review: p13: The calculation is net of management fees and the general partner’s carried interest. (The glossary defines the reported IRR as net.) | p13: The calculation is net of management fees and the general partner’s carried interest. (Printed heading or definition supporting the source-reviewed qualifier.)",ADDED,ADJUDICATOR,8783ef3e2dc6cf061218360ff1c3db121d172543d661901b2d74131021935dc1
81b149be4f27832c947e,SRC457,12,,ADJUDICATOR_ADD,,,,ADD,"Recovered from page-012.png: the schedule prints eight value columns and both lanes took only the three cash-flow ones, leaving Reported Market Value, TVPI, IRR, DPI and RVPI unread on all 52 quarters. The table is fund_economics_observation because it prints contributed, distributed and remaining value with the multiples and IRR beside them, and every one of these categories is allowed there. The transcription is checked against the printed arithmetic: DPI plus RVPI equals TVPI on every row.; Source review: p12: Summary of Portfolio Cash Flows (The table reports the combined private-investment portfolio.) | p12: Summary of Portfolio Cash Flows (Printed heading or definition supporting the source-reviewed qualifier.) | p12: Summary of Portfolio Cash Flows (Supersedes SR2472: the printed entity or table label is context, not a measurement basis; source labels retain its scope.)",ADDED,ADJUDICATOR,8783ef3e2dc6cf061218360ff1c3db121d172543d661901b2d74131021935dc1
bc3561706cdb8155b52d,SRC457,12,,ADJUDICATOR_ADD,,,,ADD,"Recovered from page-012.png: the schedule prints eight value columns and both lanes took only the three cash-flow ones, leaving Reported Market Value, TVPI, IRR, DPI and RVPI unread on all 52 quarters. The table is fund_economics_observation because it prints contributed, distributed and remaining value with the multiples and IRR beside them, and every one of these categories is allowed there. The transcription is checked against the printed arithmetic: DPI plus RVPI equals TVPI on every row.",ADDED,ADJUDICATOR,8783ef3e2dc6cf061218360ff1c3db121d172543d661901b2d74131021935dc1
101aaa70339c59b1284f,SRC457,12,,ADJUDICATOR_ADD,,,,ADD,"Recovered from page-012.png: the schedule prints eight value columns and both lanes took only the three cash-flow ones, leaving Reported Market Value, TVPI, IRR, DPI and RVPI unread on all 52 quarters. The table is fund_economics_observation because it prints contributed, distributed and remaining value with the multiples and IRR beside them, and every one of these categories is allowed there. The transcription is checked against the printed arithmetic: DPI plus RVPI equals TVPI on every row.",ADDED,ADJUDICATOR,8783ef3e2dc6cf061218360ff1c3db121d172543d661901b2d74131021935dc1
04c3df9104555e3238ed,SRC457,12,PAIR_E55BCF9AFC0B1AA72F7CE610,CLASSIFICATION_CONFLICT,1295,1526,source_section|subject_type|subject_name|as_of_date|horizon|evidence_quote,MERGE,"Family follows the table: this fund-by-fund schedule prints capital-account columns (Commitment, Unfunded, Market Value, PIC) beside the multiples and the SI IRR, so the extractor chooser makes the whole table fund_economics_observation, every column in it. A period label is never a subject_name; the quarter belongs in horizon. evidence_quote takes the full printed line over the bare value: the line proves this number, the bare digits prove only that they occur somewhere on the page.",RESOLVED,A+B+ADJUDICATOR,8783ef3e2dc6cf061218360ff1c3db121d172543d661901b2d74131021935dc1
c7b22abee6092211e95e,SRC457,12,PAIR_F093D31CC4345F32D98E9298,CLASSIFICATION_CONFLICT,1296,1527,source_section|subject_type|subject_name|as_of_date|horizon|evidence_quote,MERGE,"Family follows the table: this fund-by-fund schedule prints capital-account columns (Commitment, Unfunded, Market Value, PIC) beside the multiples and the SI IRR, so the extractor chooser makes the whole table fund_economics_observation, every column in it. A period label is never a subject_name; the quarter belongs in horizon. evidence_quote takes the full printed line over the bare value: the line proves this number, the bare digits prove only that they occur somewhere on the page.",RESOLVED,A+B+ADJUDICATOR,8783ef3e2dc6cf061218360ff1c3db121d172543d661901b2d74131021935dc1
1e7a32bb41605e394b75,SRC457,12,,ADJUDICATOR_ADD,,,,ADD,"Recovered from page-012.png: the schedule prints eight value columns and both lanes took only the three cash-flow ones, leaving Reported Market Value, TVPI, IRR, DPI and RVPI unread on all 52 quarters. The table is fund_economics_observation because it prints contributed, distributed and remaining value with the multiples and IRR beside them, and every one of these categories is allowed there. The transcription is checked against the printed arithmetic: DPI plus RVPI equals TVPI on every row.",ADDED,ADJUDICATOR,8783ef3e2dc6cf061218360ff1c3db121d172543d661901b2d74131021935dc1
4be4db67c99db1797630,SRC457,12,,ADJUDICATOR_ADD,,,,ADD,"Recovered from page-012.png: the schedule prints eight value columns and both lanes took only the three cash-flow ones, leaving Reported Market Value, TVPI, IRR, DPI and RVPI unread on all 52 quarters. The table is fund_economics_observation because it prints contributed, distributed and remaining value with the multiples and IRR beside them, and every one of these categories is allowed there. The transcription is checked against the printed arithmetic: DPI plus RVPI equals TVPI on every row.; Source review: p13: The calculation is net of management fees and the general partner’s carried interest. (The glossary defines the reported IRR as net.) | p13: The calculation is net of management fees and the general partner’s carried interest. (Printed heading or definition supporting the source-reviewed qualifier.)",ADDED,ADJUDICATOR,8783ef3e2dc6cf061218360ff1c3db121d172543d661901b2d74131021935dc1
4c804e6b798acac20053,SRC457,12,,ADJUDICATOR_ADD,,,,ADD,"Recovered from page-012.png: the schedule prints eight value columns and both lanes took only the three cash-flow ones, leaving Reported Market Value, TVPI, IRR, DPI and RVPI unread on all 52 quarters. The table is fund_economics_observation because it prints contributed, distributed and remaining value with the multiples and IRR beside them, and every one of these categories is allowed there. The transcription is checked against the printed arithmetic: DPI plus RVPI equals TVPI on every row.; Source review: p12: Summary of Portfolio Cash Flows (The table reports the combined private-investment portfolio.) | p12: Summary of Portfolio Cash Flows (Printed heading or definition supporting the source-reviewed qualifier.) | p12: Summary of Portfolio Cash Flows (Supersedes SR2474: the printed entity or table label is context, not a measurement basis; source labels retain its scope.)",ADDED,ADJUDICATOR,8783ef3e2dc6cf061218360ff1c3db121d172543d661901b2d74131021935dc1
376047823a4eedd8a120,SRC457,12,,ADJUDICATOR_ADD,,,,ADD,"Recovered from page-012.png: the schedule prints eight value columns and both lanes took only the three cash-flow ones, leaving Reported Market Value, TVPI, IRR, DPI and RVPI unread on all 52 quarters. The table is fund_economics_observation because it prints contributed, distributed and remaining value with the multiples and IRR beside them, and every one of these categories is allowed there. The transcription is checked against the printed arithmetic: DPI plus RVPI equals TVPI on every row.",ADDED,ADJUDICATOR,8783ef3e2dc6cf061218360ff1c3db121d172543d661901b2d74131021935dc1
e4053a5789fce93a364d,SRC457,12,,ADJUDICATOR_ADD,,,,ADD,"Recovered from page-012.png: the schedule prints eight value columns and both lanes took only the three cash-flow ones, leaving Reported Market Value, TVPI, IRR, DPI and RVPI unread on all 52 quarters. The table is fund_economics_observation because it prints contributed, distributed and remaining value with the multiples and IRR beside them, and every one of these categories is allowed there. The transcription is checked against the printed arithmetic: DPI plus RVPI equals TVPI on every row.",ADDED,ADJUDICATOR,8783ef3e2dc6cf061218360ff1c3db121d172543d661901b2d74131021935dc1
fffdbb6df88cc2f177a3,SRC457,12,PAIR_2EB656024CAB3FE08B2425A0,CLASSIFICATION_CONFLICT,1298,1529,source_section|subject_type|subject_name|as_of_date|horizon|evidence_quote,MERGE,"Family follows the table: this fund-by-fund schedule prints capital-account columns (Commitment, Unfunded, Market Value, PIC) beside the multiples and the SI IRR, so the extractor chooser makes the whole table fund_economics_observation, every column in it. A period label is never a subject_name; the quarter belongs in horizon. evidence_quote takes the full printed line over the bare value: the line proves this number, the bare digits prove only that they occur somewhere on the page.",RESOLVED,A+B+ADJUDICATOR,8783ef3e2dc6cf061218360ff1c3db121d172543d661901b2d74131021935dc1
2fcba85d9d84edc7e2e9,SRC457,12,PAIR_56E51AF3FD0D7EA7CF94AD81,CLASSIFICATION_CONFLICT,1299,1530,source_section|subject_type|subject_name|as_of_date|horizon|evidence_quote,MERGE,"Family follows the table: this fund-by-fund schedule prints capital-account columns (Commitment, Unfunded, Market Value, PIC) beside the multiples and the SI IRR, so the extractor chooser makes the whole table fund_economics_observation, every column in it. A period label is never a subject_name; the quarter belongs in horizon. evidence_quote takes the full printed line over the bare value: the line proves this number, the bare digits prove only that they occur somewhere on the page.",RESOLVED,A+B+ADJUDICATOR,8783ef3e2dc6cf061218360ff1c3db121d172543d661901b2d74131021935dc1
765630c737bb2d5fc86b,SRC457,12,,ADJUDICATOR_ADD,,,,ADD,"Recovered from page-012.png: the schedule prints eight value columns and both lanes took only the three cash-flow ones, leaving Reported Market Value, TVPI, IRR, DPI and RVPI unread on all 52 quarters. The table is fund_economics_observation because it prints contributed, distributed and remaining value with the multiples and IRR beside them, and every one of these categories is allowed there. The transcription is checked against the printed arithmetic: DPI plus RVPI equals TVPI on every row.",ADDED,ADJUDICATOR,8783ef3e2dc6cf061218360ff1c3db121d172543d661901b2d74131021935dc1
b8e700dd102761547fe7,SRC457,12,,ADJUDICATOR_ADD,,,,ADD,"Recovered from page-012.png: the schedule prints eight value columns and both lanes took only the three cash-flow ones, leaving Reported Market Value, TVPI, IRR, DPI and RVPI unread on all 52 quarters. The table is fund_economics_observation because it prints contributed, distributed and remaining value with the multiples and IRR beside them, and every one of these categories is allowed there. The transcription is checked against the printed arithmetic: DPI plus RVPI equals TVPI on every row.; Source review: p13: The calculation is net of management fees and the general partner’s carried interest. (The glossary defines the reported IRR as net.) | p13: The calculation is net of management fees and the general partner’s carried interest. (Printed heading or definition supporting the source-reviewed qualifier.)",ADDED,ADJUDICATOR,8783ef3e2dc6cf061218360ff1c3db121d172543d661901b2d74131021935dc1
f0fdd8a4c2733b901286,SRC457,12,,ADJUDICATOR_ADD,,,,ADD,"Recovered from page-012.png: the schedule prints eight value columns and both lanes took only the three cash-flow ones, leaving Reported Market Value, TVPI, IRR, DPI and RVPI unread on all 52 quarters. The table is fund_economics_observation because it prints contributed, distributed and remaining value with the multiples and IRR beside them, and every one of these categories is allowed there. The transcription is checked against the printed arithmetic: DPI plus RVPI equals TVPI on every row.; Source review: p12: Summary of Portfolio Cash Flows (The table reports the combined private-investment portfolio.) | p12: Summary of Portfolio Cash Flows (Printed heading or definition supporting the source-reviewed qualifier.) | p12: Summary of Portfolio Cash Flows (Supersedes SR2476: the printed entity or table label is context, not a measurement basis; source labels retain its scope.)",ADDED,ADJUDICATOR,8783ef3e2dc6cf061218360ff1c3db121d172543d661901b2d74131021935dc1
ae24dbbbb6c4f7ef9336,SRC457,12,,ADJUDICATOR_ADD,,,,ADD,"Recovered from page-012.png: the schedule prints eight value columns and both lanes took only the three cash-flow ones, leaving Reported Market Value, TVPI, IRR, DPI and RVPI unread on all 52 quarters. The table is fund_economics_observation because it prints contributed, distributed and remaining value with the multiples and IRR beside them, and every one of these categories is allowed there. The transcription is checked against the printed arithmetic: DPI plus RVPI equals TVPI on every row.",ADDED,ADJUDICATOR,8783ef3e2dc6cf061218360ff1c3db121d172543d661901b2d74131021935dc1
9eb65132a988776ed80e,SRC457,12,,ADJUDICATOR_ADD,,,,ADD,"Recovered from page-012.png: the schedule prints eight value columns and both lanes took only the three cash-flow ones, leaving Reported Market Value, TVPI, IRR, DPI and RVPI unread on all 52 quarters. The table is fund_economics_observation because it prints contributed, distributed and remaining value with the multiples and IRR beside them, and every one of these categories is allowed there. The transcription is checked against the printed arithmetic: DPI plus RVPI equals TVPI on every row.",ADDED,ADJUDICATOR,8783ef3e2dc6cf061218360ff1c3db121d172543d661901b2d74131021935dc1
4e3360dad75b13c09a8b,SRC457,12,PAIR_25B8194F0210B3593CAF1A2F,CLASSIFICATION_CONFLICT,1301,1532,source_section|subject_type|subject_name|as_of_date|horizon|evidence_quote,MERGE,"Family follows the table: this fund-by-fund schedule prints capital-account columns (Commitment, Unfunded, Market Value, PIC) beside the multiples and the SI IRR, so the extractor chooser makes the whole table fund_economics_observation, every column in it. A period label is never a subject_name; the quarter belongs in horizon. evidence_quote takes the full printed line over the bare value: the line proves this number, the bare digits prove only that they occur somewhere on the page.",RESOLVED,A+B+ADJUDICATOR,8783ef3e2dc6cf061218360ff1c3db121d172543d661901b2d74131021935dc1
9ddac44e9eef76b92fd7,SRC457,12,PAIR_75368D9667C1989F0927E4F9,CLASSIFICATION_CONFLICT,1302,1533,source_section|subject_type|subject_name|as_of_date|horizon|evidence_quote,MERGE,"Family follows the table: this fund-by-fund schedule prints capital-account columns (Commitment, Unfunded, Market Value, PIC) beside the multiples and the SI IRR, so the extractor chooser makes the whole table fund_economics_observation, every column in it. A period label is never a subject_name; the quarter belongs in horizon. evidence_quote takes the full printed line over the bare value: the line proves this number, the bare digits prove only that they occur somewhere on the page.",RESOLVED,A+B+ADJUDICATOR,8783ef3e2dc6cf061218360ff1c3db121d172543d661901b2d74131021935dc1
5ca9436c847b05bc3f23,SRC457,12,,ADJUDICATOR_ADD,,,,ADD,"Recovered from page-012.png: the schedule prints eight value columns and both lanes took only the three cash-flow ones, leaving Reported Market Value, TVPI, IRR, DPI and RVPI unread on all 52 quarters. The table is fund_economics_observation because it prints contributed, distributed and remaining value with the multiples and IRR beside them, and every one of these categories is allowed there. The transcription is checked against the printed arithmetic: DPI plus RVPI equals TVPI on every row.",ADDED,ADJUDICATOR,8783ef3e2dc6cf061218360ff1c3db121d172543d661901b2d74131021935dc1
27a5b19dfb04e8263592,SRC457,12,,ADJUDICATOR_ADD,,,,ADD,"Recovered from page-012.png: the schedule prints eight value columns and both lanes took only the three cash-flow ones, leaving Reported Market Value, TVPI, IRR, DPI and RVPI unread on all 52 quarters. The table is fund_economics_observation because it prints contributed, distributed and remaining value with the multiples and IRR beside them, and every one of these categories is allowed there. The transcription is checked against the printed arithmetic: DPI plus RVPI equals TVPI on every row.; Source review: p13: The calculation is net of management fees and the general partner’s carried interest. (The glossary defines the reported IRR as net.) | p13: The calculation is net of management fees and the general partner’s carried interest. (Printed heading or definition supporting the source-reviewed qualifier.)",ADDED,ADJUDICATOR,8783ef3e2dc6cf061218360ff1c3db121d172543d661901b2d74131021935dc1
dc3c2bdbb7365343e0b7,SRC457,12,,ADJUDICATOR_ADD,,,,ADD,"Recovered from page-012.png: the schedule prints eight value columns and both lanes took only the three cash-flow ones, leaving Reported Market Value, TVPI, IRR, DPI and RVPI unread on all 52 quarters. The table is fund_economics_observation because it prints contributed, distributed and remaining value with the multiples and IRR beside them, and every one of these categories is allowed there. The transcription is checked against the printed arithmetic: DPI plus RVPI equals TVPI on every row.; Source review: p12: Summary of Portfolio Cash Flows (The table reports the combined private-investment portfolio.) | p12: Summary of Portfolio Cash Flows (Printed heading or definition supporting the source-reviewed qualifier.) | p12: Summary of Portfolio Cash Flows (Supersedes SR2478: the printed entity or table label is context, not a measurement basis; source labels retain its scope.)",ADDED,ADJUDICATOR,8783ef3e2dc6cf061218360ff1c3db121d172543d661901b2d74131021935dc1
017c69442730bef1df64,SRC457,12,,ADJUDICATOR_ADD,,,,ADD,"Recovered from page-012.png: the schedule prints eight value columns and both lanes took only the three cash-flow ones, leaving Reported Market Value, TVPI, IRR, DPI and RVPI unread on all 52 quarters. The table is fund_economics_observation because it prints contributed, distributed and remaining value with the multiples and IRR beside them, and every one of these categories is allowed there. The transcription is checked against the printed arithmetic: DPI plus RVPI equals TVPI on every row.",ADDED,ADJUDICATOR,8783ef3e2dc6cf061218360ff1c3db121d172543d661901b2d74131021935dc1
764196a32bc01b93bd44,SRC457,12,,ADJUDICATOR_ADD,,,,ADD,"Recovered from page-012.png: the schedule prints eight value columns and both lanes took only the three cash-flow ones, leaving Reported Market Value, TVPI, IRR, DPI and RVPI unread on all 52 quarters. The table is fund_economics_observation because it prints contributed, distributed and remaining value with the multiples and IRR beside them, and every one of these categories is allowed there. The transcription is checked against the printed arithmetic: DPI plus RVPI equals TVPI on every row.",ADDED,ADJUDICATOR,8783ef3e2dc6cf061218360ff1c3db121d172543d661901b2d74131021935dc1
f647b8d4924f6ed0de94,SRC457,12,PAIR_9D935EB6CB32AE5F33764996,CLASSIFICATION_CONFLICT,1304,1535,source_section|subject_type|subject_name|as_of_date|horizon|evidence_quote,MERGE,"Family follows the table: this fund-by-fund schedule prints capital-account columns (Commitment, Unfunded, Market Value, PIC) beside the multiples and the SI IRR, so the extractor chooser makes the whole table fund_economics_observation, every column in it. A period label is never a subject_name; the quarter belongs in horizon. evidence_quote takes the full printed line over the bare value: the line proves this number, the bare digits prove only that they occur somewhere on the page.",RESOLVED,A+B+ADJUDICATOR,8783ef3e2dc6cf061218360ff1c3db121d172543d661901b2d74131021935dc1
e439754ef65d1f608589,SRC457,12,PAIR_FFDB4DF7B98B1763E5F2063F,CLASSIFICATION_CONFLICT,1305,1536,source_section|subject_type|subject_name|as_of_date|horizon|evidence_quote,MERGE,"Family follows the table: this fund-by-fund schedule prints capital-account columns (Commitment, Unfunded, Market Value, PIC) beside the multiples and the SI IRR, so the extractor chooser makes the whole table fund_economics_observation, every column in it. A period label is never a subject_name; the quarter belongs in horizon. evidence_quote takes the full printed line over the bare value: the line proves this number, the bare digits prove only that they occur somewhere on the page.",RESOLVED,A+B+ADJUDICATOR,8783ef3e2dc6cf061218360ff1c3db121d172543d661901b2d74131021935dc1
e36886a8619c11d3d25a,SRC457,12,,ADJUDICATOR_ADD,,,,ADD,"Recovered from page-012.png: the schedule prints eight value columns and both lanes took only the three cash-flow ones, leaving Reported Market Value, TVPI, IRR, DPI and RVPI unread on all 52 quarters. The table is fund_economics_observation because it prints contributed, distributed and remaining value with the multiples and IRR beside them, and every one of these categories is allowed there. The transcription is checked against the printed arithmetic: DPI plus RVPI equals TVPI on every row.",ADDED,ADJUDICATOR,8783ef3e2dc6cf061218360ff1c3db121d172543d661901b2d74131021935dc1
51c997dc4c5efbd205dc,SRC457,12,,ADJUDICATOR_ADD,,,,ADD,"Recovered from page-012.png: the schedule prints eight value columns and both lanes took only the three cash-flow ones, leaving Reported Market Value, TVPI, IRR, DPI and RVPI unread on all 52 quarters. The table is fund_economics_observation because it prints contributed, distributed and remaining value with the multiples and IRR beside them, and every one of these categories is allowed there. The transcription is checked against the printed arithmetic: DPI plus RVPI equals TVPI on every row.; Source review: p13: The calculation is net of management fees and the general partner’s carried interest. (The glossary defines the reported IRR as net.) | p13: The calculation is net of management fees and the general partner’s carried interest. (Printed heading or definition supporting the source-reviewed qualifier.)",ADDED,ADJUDICATOR,8783ef3e2dc6cf061218360ff1c3db121d172543d661901b2d74131021935dc1
8f42009a0872a9d59c35,SRC457,12,,ADJUDICATOR_ADD,,,,ADD,"Recovered from page-012.png: the schedule prints eight value columns and both lanes took only the three cash-flow ones, leaving Reported Market Value, TVPI, IRR, DPI and RVPI unread on all 52 quarters. The table is fund_economics_observation because it prints contributed, distributed and remaining value with the multiples and IRR beside them, and every one of these categories is allowed there. The transcription is checked against the printed arithmetic: DPI plus RVPI equals TVPI on every row.; Source review: p12: Summary of Portfolio Cash Flows (The table reports the combined private-investment portfolio.) | p12: Summary of Portfolio Cash Flows (Printed heading or definition supporting the source-reviewed qualifier.) | p12: Summary of Portfolio Cash Flows (Supersedes SR2480: the printed entity or table label is context, not a measurement basis; source labels retain its scope.)",ADDED,ADJUDICATOR,8783ef3e2dc6cf061218360ff1c3db121d172543d661901b2d74131021935dc1
52461571aaa2f813b6d9,SRC457,12,,ADJUDICATOR_ADD,,,,ADD,"Recovered from page-012.png: the schedule prints eight value columns and both lanes took only the three cash-flow ones, leaving Reported Market Value, TVPI, IRR, DPI and RVPI unread on all 52 quarters. The table is fund_economics_observation because it prints contributed, distributed and remaining value with the multiples and IRR beside them, and every one of these categories is allowed there. The transcription is checked against the printed arithmetic: DPI plus RVPI equals TVPI on every row.",ADDED,ADJUDICATOR,8783ef3e2dc6cf061218360ff1c3db121d172543d661901b2d74131021935dc1
d1e23d80fb9afbd44885,SRC457,12,,ADJUDICATOR_ADD,,,,ADD,"Recovered from page-012.png: the schedule prints eight value columns and both lanes took only the three cash-flow ones, leaving Reported Market Value, TVPI, IRR, DPI and RVPI unread on all 52 quarters. The table is fund_economics_observation because it prints contributed, distributed and remaining value with the multiples and IRR beside them, and every one of these categories is allowed there. The transcription is checked against the printed arithmetic: DPI plus RVPI equals TVPI on every row.",ADDED,ADJUDICATOR,8783ef3e2dc6cf061218360ff1c3db121d172543d661901b2d74131021935dc1
ed4fb8b6ee1b73a323cc,SRC457,12,PAIR_C553A724491EF040D5919187,CLASSIFICATION_CONFLICT,1307,1538,source_section|subject_type|subject_name|as_of_date|horizon|evidence_quote,MERGE,"Family follows the table: this fund-by-fund schedule prints capital-account columns (Commitment, Unfunded, Market Value, PIC) beside the multiples and the SI IRR, so the extractor chooser makes the whole table fund_economics_observation, every column in it. A period label is never a subject_name; the quarter belongs in horizon. evidence_quote takes the full printed line over the bare value: the line proves this number, the bare digits prove only that they occur somewhere on the page.",RESOLVED,A+B+ADJUDICATOR,8783ef3e2dc6cf061218360ff1c3db121d172543d661901b2d74131021935dc1
615d93e475314f85724c,SRC457,12,PAIR_35C1B2321581543436BC0A4B,CLASSIFICATION_CONFLICT,1308,1539,source_section|subject_type|subject_name|as_of_date|horizon|evidence_quote,MERGE,"Family follows the table: this fund-by-fund schedule prints capital-account columns (Commitment, Unfunded, Market Value, PIC) beside the multiples and the SI IRR, so the extractor chooser makes the whole table fund_economics_observation, every column in it. A period label is never a subject_name; the quarter belongs in horizon. evidence_quote takes the full printed line over the bare value: the line proves this number, the bare digits prove only that they occur somewhere on the page.",RESOLVED,A+B+ADJUDICATOR,8783ef3e2dc6cf061218360ff1c3db121d172543d661901b2d74131021935dc1
f1c000ea00018a6ab525,SRC457,12,,ADJUDICATOR_ADD,,,,ADD,"Recovered from page-012.png: the schedule prints eight value columns and both lanes took only the three cash-flow ones, leaving Reported Market Value, TVPI, IRR, DPI and RVPI unread on all 52 quarters. The table is fund_economics_observation because it prints contributed, distributed and remaining value with the multiples and IRR beside them, and every one of these categories is allowed there. The transcription is checked against the printed arithmetic: DPI plus RVPI equals TVPI on every row.",ADDED,ADJUDICATOR,8783ef3e2dc6cf061218360ff1c3db121d172543d661901b2d74131021935dc1
83ec6651dfda308fa7da,SRC457,12,,ADJUDICATOR_ADD,,,,ADD,"Recovered from page-012.png: the schedule prints eight value columns and both lanes took only the three cash-flow ones, leaving Reported Market Value, TVPI, IRR, DPI and RVPI unread on all 52 quarters. The table is fund_economics_observation because it prints contributed, distributed and remaining value with the multiples and IRR beside them, and every one of these categories is allowed there. The transcription is checked against the printed arithmetic: DPI plus RVPI equals TVPI on every row.; Source review: p13: The calculation is net of management fees and the general partner’s carried interest. (The glossary defines the reported IRR as net.) | p13: The calculation is net of management fees and the general partner’s carried interest. (Printed heading or definition supporting the source-reviewed qualifier.)",ADDED,ADJUDICATOR,8783ef3e2dc6cf061218360ff1c3db121d172543d661901b2d74131021935dc1
25e3a5ce8fad955c6753,SRC457,12,,ADJUDICATOR_ADD,,,,ADD,"Recovered from page-012.png: the schedule prints eight value columns and both lanes took only the three cash-flow ones, leaving Reported Market Value, TVPI, IRR, DPI and RVPI unread on all 52 quarters. The table is fund_economics_observation because it prints contributed, distributed and remaining value with the multiples and IRR beside them, and every one of these categories is allowed there. The transcription is checked against the printed arithmetic: DPI plus RVPI equals TVPI on every row.; Source review: p12: Summary of Portfolio Cash Flows (The table reports the combined private-investment portfolio.) | p12: Summary of Portfolio Cash Flows (Printed heading or definition supporting the source-reviewed qualifier.) | p12: Summary of Portfolio Cash Flows (Supersedes SR2482: the printed entity or table label is context, not a measurement basis; source labels retain its scope.)",ADDED,ADJUDICATOR,8783ef3e2dc6cf061218360ff1c3db121d172543d661901b2d74131021935dc1
7d32c0e05265dec536b7,SRC457,12,,ADJUDICATOR_ADD,,,,ADD,"Recovered from page-012.png: the schedule prints eight value columns and both lanes took only the three cash-flow ones, leaving Reported Market Value, TVPI, IRR, DPI and RVPI unread on all 52 quarters. The table is fund_economics_observation because it prints contributed, distributed and remaining value with the multiples and IRR beside them, and every one of these categories is allowed there. The transcription is checked against the printed arithmetic: DPI plus RVPI equals TVPI on every row.",ADDED,ADJUDICATOR,8783ef3e2dc6cf061218360ff1c3db121d172543d661901b2d74131021935dc1
9845825d1450b0f19878,SRC457,12,,ADJUDICATOR_ADD,,,,ADD,"Recovered from page-012.png: the schedule prints eight value columns and both lanes took only the three cash-flow ones, leaving Reported Market Value, TVPI, IRR, DPI and RVPI unread on all 52 quarters. The table is fund_economics_observation because it prints contributed, distributed and remaining value with the multiples and IRR beside them, and every one of these categories is allowed there. The transcription is checked against the printed arithmetic: DPI plus RVPI equals TVPI on every row.",ADDED,ADJUDICATOR,8783ef3e2dc6cf061218360ff1c3db121d172543d661901b2d74131021935dc1
c1d77334a2b7e5d466fd,SRC457,12,PAIR_3C9BD249B870B59958407B34,CLASSIFICATION_CONFLICT,1310,1541,source_section|subject_type|subject_name|as_of_date|horizon|evidence_quote,MERGE,"Family follows the table: this fund-by-fund schedule prints capital-account columns (Commitment, Unfunded, Market Value, PIC) beside the multiples and the SI IRR, so the extractor chooser makes the whole table fund_economics_observation, every column in it. A period label is never a subject_name; the quarter belongs in horizon. evidence_quote takes the full printed line over the bare value: the line proves this number, the bare digits prove only that they occur somewhere on the page.",RESOLVED,A+B+ADJUDICATOR,8783ef3e2dc6cf061218360ff1c3db121d172543d661901b2d74131021935dc1
f1021035243355e494eb,SRC457,12,PAIR_6BA395F770AF96EE36E27F21,CLASSIFICATION_CONFLICT,1311,1542,source_section|subject_type|subject_name|as_of_date|horizon|evidence_quote,MERGE,"Family follows the table: this fund-by-fund schedule prints capital-account columns (Commitment, Unfunded, Market Value, PIC) beside the multiples and the SI IRR, so the extractor chooser makes the whole table fund_economics_observation, every column in it. A period label is never a subject_name; the quarter belongs in horizon. evidence_quote takes the full printed line over the bare value: the line proves this number, the bare digits prove only that they occur somewhere on the page.",RESOLVED,A+B+ADJUDICATOR,8783ef3e2dc6cf061218360ff1c3db121d172543d661901b2d74131021935dc1
7b1958807bc6e6bb21dd,SRC457,12,,ADJUDICATOR_ADD,,,,ADD,"Recovered from page-012.png: the schedule prints eight value columns and both lanes took only the three cash-flow ones, leaving Reported Market Value, TVPI, IRR, DPI and RVPI unread on all 52 quarters. The table is fund_economics_observation because it prints contributed, distributed and remaining value with the multiples and IRR beside them, and every one of these categories is allowed there. The transcription is checked against the printed arithmetic: DPI plus RVPI equals TVPI on every row.",ADDED,ADJUDICATOR,8783ef3e2dc6cf061218360ff1c3db121d172543d661901b2d74131021935dc1
59e37bbd9c01ce9ee161,SRC457,12,,ADJUDICATOR_ADD,,,,ADD,"Recovered from page-012.png: the schedule prints eight value columns and both lanes took only the three cash-flow ones, leaving Reported Market Value, TVPI, IRR, DPI and RVPI unread on all 52 quarters. The table is fund_economics_observation because it prints contributed, distributed and remaining value with the multiples and IRR beside them, and every one of these categories is allowed there. The transcription is checked against the printed arithmetic: DPI plus RVPI equals TVPI on every row.; Source review: p13: The calculation is net of management fees and the general partner’s carried interest. (The glossary defines the reported IRR as net.) | p13: The calculation is net of management fees and the general partner’s carried interest. (Printed heading or definition supporting the source-reviewed qualifier.)",ADDED,ADJUDICATOR,8783ef3e2dc6cf061218360ff1c3db121d172543d661901b2d74131021935dc1
19b70f2a0466010212dd,SRC457,12,,ADJUDICATOR_ADD,,,,ADD,"Recovered from page-012.png: the schedule prints eight value columns and both lanes took only the three cash-flow ones, leaving Reported Market Value, TVPI, IRR, DPI and RVPI unread on all 52 quarters. The table is fund_economics_observation because it prints contributed, distributed and remaining value with the multiples and IRR beside them, and every one of these categories is allowed there. The transcription is checked against the printed arithmetic: DPI plus RVPI equals TVPI on every row.; Source review: p12: Summary of Portfolio Cash Flows (The table reports the combined private-investment portfolio.) | p12: Summary of Portfolio Cash Flows (Printed heading or definition supporting the source-reviewed qualifier.) | p12: Summary of Portfolio Cash Flows (Supersedes SR2484: the printed entity or table label is context, not a measurement basis; source labels retain its scope.)",ADDED,ADJUDICATOR,8783ef3e2dc6cf061218360ff1c3db121d172543d661901b2d74131021935dc1
de8d96f2d653492aff42,SRC457,12,,ADJUDICATOR_ADD,,,,ADD,"Recovered from page-012.png: the schedule prints eight value columns and both lanes took only the three cash-flow ones, leaving Reported Market Value, TVPI, IRR, DPI and RVPI unread on all 52 quarters. The table is fund_economics_observation because it prints contributed, distributed and remaining value with the multiples and IRR beside them, and every one of these categories is allowed there. The transcription is checked against the printed arithmetic: DPI plus RVPI equals TVPI on every row.",ADDED,ADJUDICATOR,8783ef3e2dc6cf061218360ff1c3db121d172543d661901b2d74131021935dc1
964d5a644ea449e15805,SRC457,12,,ADJUDICATOR_ADD,,,,ADD,"Recovered from page-012.png: the schedule prints eight value columns and both lanes took only the three cash-flow ones, leaving Reported Market Value, TVPI, IRR, DPI and RVPI unread on all 52 quarters. The table is fund_economics_observation because it prints contributed, distributed and remaining value with the multiples and IRR beside them, and every one of these categories is allowed there. The transcription is checked against the printed arithmetic: DPI plus RVPI equals TVPI on every row.",ADDED,ADJUDICATOR,8783ef3e2dc6cf061218360ff1c3db121d172543d661901b2d74131021935dc1
4799fe532c7f37b8e8f8,SRC457,12,PAIR_8D2BCBDBBF7378C484970FD9,B_ONLY,,1544,,MERGE,"Family follows the table: this fund-by-fund schedule prints capital-account columns (Commitment, Unfunded, Market Value, PIC) beside the multiples and the SI IRR, so the extractor chooser makes the whole table fund_economics_observation, every column in it. A period label is never a subject_name; the quarter belongs in horizon.",RESOLVED,B+ADJUDICATOR,8783ef3e2dc6cf061218360ff1c3db121d172543d661901b2d74131021935dc1
32971536c5fbf5841203,SRC457,12,PAIR_675BF5EFCBB8338135406040,B_ONLY,,1545,,MERGE,"Family follows the table: this fund-by-fund schedule prints capital-account columns (Commitment, Unfunded, Market Value, PIC) beside the multiples and the SI IRR, so the extractor chooser makes the whole table fund_economics_observation, every column in it. A period label is never a subject_name; the quarter belongs in horizon.",RESOLVED,B+ADJUDICATOR,8783ef3e2dc6cf061218360ff1c3db121d172543d661901b2d74131021935dc1
0629fdc3e9c51e8d443a,SRC457,13,PAIR_B67CAC06651FAC342F487664,B_ONLY,,1547,,ACCEPT_B,Only lane B recorded this printed note; its evidence_quote is verbatim on the cited page.,VERIFIED_ONE_SIDED,B,8783ef3e2dc6cf061218360ff1c3db121d172543d661901b2d74131021935dc1
97d17c06b3d20acf0fe3,SRC457,13,PAIR_2162F8012EC798CFE0A77E8E,B_ONLY,,1548,,ACCEPT_B,Only lane B recorded this printed note; its evidence_quote is verbatim on the cited page.,VERIFIED_ONE_SIDED,B,8783ef3e2dc6cf061218360ff1c3db121d172543d661901b2d74131021935dc1
c3154420e4efa08de664,SRC457,13,PAIR_9F2DBD7B15BADF2490D75891,B_ONLY,,1549,,ACCEPT_B,Only lane B recorded this printed note; its evidence_quote is verbatim on the cited page.,VERIFIED_ONE_SIDED,B,8783ef3e2dc6cf061218360ff1c3db121d172543d661901b2d74131021935dc1
5cd5c7702027f7410b3a,SRC457,13,PAIR_FC6028AF0D0409A82DA8235F,B_ONLY,,1550,,ACCEPT_B,Only lane B recorded this printed note; its evidence_quote is verbatim on the cited page.,VERIFIED_ONE_SIDED,B,8783ef3e2dc6cf061218360ff1c3db121d172543d661901b2d74131021935dc1
6232006b0c47f329c6da,SRC457,13,PAIR_3C9EA2AA35DB611ABF7158E9,B_ONLY,,1551,,ACCEPT_B,Only lane B recorded this printed note; its evidence_quote is verbatim on the cited page.,VERIFIED_ONE_SIDED,B,8783ef3e2dc6cf061218360ff1c3db121d172543d661901b2d74131021935dc1
9f9acae0abaa573a6ffc,SRC457,13,PAIR_461DC9F889484F30C849F6D4,B_ONLY,,1552,,ACCEPT_B,Only lane B recorded this printed note; its evidence_quote is verbatim on the cited page.,VERIFIED_ONE_SIDED,B,8783ef3e2dc6cf061218360ff1c3db121d172543d661901b2d74131021935dc1
4d9ed49be911d4531b00,SRC457,13,PAIR_A2AC55AFA235C27D0FC8F656,B_ONLY,,1553,,ACCEPT_B,Only lane B recorded this printed note; its evidence_quote is verbatim on the cited page.,VERIFIED_ONE_SIDED,B,8783ef3e2dc6cf061218360ff1c3db121d172543d661901b2d74131021935dc1
6201a4f7606096a0bb51,SRC457,13,PAIR_7DCCBBA7C699906ADBDF29B6,B_ONLY,,1554,,ACCEPT_B,Only lane B recorded this printed note; its evidence_quote is verbatim on the cited page.,VERIFIED_ONE_SIDED,B,8783ef3e2dc6cf061218360ff1c3db121d172543d661901b2d74131021935dc1
6b54ff3d9150bddc4f77,SRC457,13,PAIR_BAB37F087817DED3056D9D46,B_ONLY,,1555,,ACCEPT_B,Only lane B recorded this printed note; its evidence_quote is verbatim on the cited page.,VERIFIED_ONE_SIDED,B,8783ef3e2dc6cf061218360ff1c3db121d172543d661901b2d74131021935dc1
e032ffd2022064e42e41,SRC457,13,PAIR_C7D7EC3B81E756E8C3F5EF67,B_ONLY,,1556,,ACCEPT_B,Only lane B recorded this printed note; its evidence_quote is verbatim on the cited page.,VERIFIED_ONE_SIDED,B,8783ef3e2dc6cf061218360ff1c3db121d172543d661901b2d74131021935dc1
08b22a5d853ec1931601,SRC457,13,PAIR_F1CA4AB7724C35DE07342EFB,B_ONLY,,1557,,ACCEPT_B,Only lane B recorded this printed note; its evidence_quote is verbatim on the cited page.,VERIFIED_ONE_SIDED,B,8783ef3e2dc6cf061218360ff1c3db121d172543d661901b2d74131021935dc1
78b099ade96f23890348,SRC457,13,PAIR_DFB0C47CCFBE6D8978A99907,B_ONLY,,1558,,ACCEPT_B,Only lane B recorded this printed note; its evidence_quote is verbatim on the cited page.,VERIFIED_ONE_SIDED,B,8783ef3e2dc6cf061218360ff1c3db121d172543d661901b2d74131021935dc1
6f348ca6342e5eb5e8b1,SRC457,13,PAIR_9435337F32B8093C6994DD93,B_ONLY,,1559,,ACCEPT_B,Only lane B recorded this printed note; its evidence_quote is verbatim on the cited page.,VERIFIED_ONE_SIDED,B,8783ef3e2dc6cf061218360ff1c3db121d172543d661901b2d74131021935dc1
69d7703e03486c651b0e,SRC457,13,PAIR_0B61D5CEE810EE92E12020FC,B_ONLY,,1560,,ACCEPT_B,Only lane B recorded this printed note; its evidence_quote is verbatim on the cited page.,VERIFIED_ONE_SIDED,B,8783ef3e2dc6cf061218360ff1c3db121d172543d661901b2d74131021935dc1
0e5628a9e1ee8aff3f15,SRC457,13,PAIR_E188C067E47FBD40005334E5,B_ONLY,,1561,,ACCEPT_B,Only lane B recorded this printed note; its evidence_quote is verbatim on the cited page.,VERIFIED_ONE_SIDED,B,8783ef3e2dc6cf061218360ff1c3db121d172543d661901b2d74131021935dc1
3ebf60e4ccad26bc5e5c,SRC457,13,PAIR_FBBD85420DC5E6351D861386,B_ONLY,,1562,,ACCEPT_B,Only lane B recorded this printed note; its evidence_quote is verbatim on the cited page.,VERIFIED_ONE_SIDED,B,8783ef3e2dc6cf061218360ff1c3db121d172543d661901b2d74131021935dc1
06843e83010c80a62d80,SRC457,13,PAIR_C8B00F5AFD04A39547D6FAFA,A_ONLY,1313,,,ACCEPT_A,Only lane A recorded this printed note; its evidence_quote is verbatim on the cited page.,VERIFIED_ONE_SIDED,A,8783ef3e2dc6cf061218360ff1c3db121d172543d661901b2d74131021935dc1
6c98313865aeef6e5174,SRC457,13,PAIR_9BF392860FF4509B85E057BF,A_ONLY,1314,,,ACCEPT_A,Only lane A recorded this printed note; its evidence_quote is verbatim on the cited page.,VERIFIED_ONE_SIDED,A,8783ef3e2dc6cf061218360ff1c3db121d172543d661901b2d74131021935dc1
7ed47490fb9cd085ecdc,SRC457,13,PAIR_7B589F38A1437AFED957E97A,A_ONLY,1315,,,ACCEPT_A,Only lane A recorded this printed note; its evidence_quote is verbatim on the cited page.,VERIFIED_ONE_SIDED,A,8783ef3e2dc6cf061218360ff1c3db121d172543d661901b2d74131021935dc1
60e78816be01bec6eb5c,SRC457,13,PAIR_82BE01245E50E39F2EE34E52,A_ONLY,1316,,,ACCEPT_A,Only lane A recorded this printed note; its evidence_quote is verbatim on the cited page.,VERIFIED_ONE_SIDED,A,8783ef3e2dc6cf061218360ff1c3db121d172543d661901b2d74131021935dc1
fce50c6de1f3f00b1efc,SRC457,13,PAIR_CD1E3A0AA2D6C227E52CE898,A_ONLY,1317,,,ACCEPT_A,Only lane A recorded this printed note; its evidence_quote is verbatim on the cited page.,VERIFIED_ONE_SIDED,A,8783ef3e2dc6cf061218360ff1c3db121d172543d661901b2d74131021935dc1
b4007e9acf5d8572ea63,SRC457,13,PAIR_4743CB059D8ED22C7E0F7786,A_ONLY,1318,,,ACCEPT_A,Only lane A recorded this printed note; its evidence_quote is verbatim on the cited page.,VERIFIED_ONE_SIDED,A,8783ef3e2dc6cf061218360ff1c3db121d172543d661901b2d74131021935dc1
1f6c250978ad1bea2b7c,SRC457,13,PAIR_E68AC84E1C0F4E370B7F3090,A_ONLY,1319,,,ACCEPT_A,Only lane A recorded this printed note; its evidence_quote is verbatim on the cited page.,VERIFIED_ONE_SIDED,A,8783ef3e2dc6cf061218360ff1c3db121d172543d661901b2d74131021935dc1
3c0d946f3f13cbe4d4ad,SRC457,13,PAIR_114C3A98818DB17E8CC6FB7E,A_ONLY,1320,,,ACCEPT_A,Only lane A recorded this printed note; its evidence_quote is verbatim on the cited page.,VERIFIED_ONE_SIDED,A,8783ef3e2dc6cf061218360ff1c3db121d172543d661901b2d74131021935dc1
e62307166f5eddcbd332,SRC457,13,PAIR_12CE4CD983473CDD13B2B8EB,A_ONLY,1321,,,ACCEPT_A,Only lane A recorded this printed note; its evidence_quote is verbatim on the cited page.,VERIFIED_ONE_SIDED,A,8783ef3e2dc6cf061218360ff1c3db121d172543d661901b2d74131021935dc1
f95d3ea15ba5088f5d42,SRC457,13,PAIR_CBB2C9A7077E796F6DA7CA49,A_ONLY,1322,,,ACCEPT_A,Only lane A recorded this printed note; its evidence_quote is verbatim on the cited page.,VERIFIED_ONE_SIDED,A,8783ef3e2dc6cf061218360ff1c3db121d172543d661901b2d74131021935dc1
7b9e4e8f2c65094ecc01,SRC457,13,PAIR_D34669DBB592962264152993,A_ONLY,1323,,,ACCEPT_A,Only lane A recorded this printed note; its evidence_quote is verbatim on the cited page.,VERIFIED_ONE_SIDED,A,8783ef3e2dc6cf061218360ff1c3db121d172543d661901b2d74131021935dc1
0cb9371cfd211e27dd03,SRC457,13,PAIR_36A0049DE8D65E1F593A1558,A_ONLY,1324,,,ACCEPT_A,Only lane A recorded this printed note; its evidence_quote is verbatim on the cited page.,VERIFIED_ONE_SIDED,A,8783ef3e2dc6cf061218360ff1c3db121d172543d661901b2d74131021935dc1
abe1dd00aea11daed9db,SRC457,13,PAIR_19AF524B63247B5805392E3C,A_ONLY,1325,,,ACCEPT_A,Only lane A recorded this printed note; its evidence_quote is verbatim on the cited page.,VERIFIED_ONE_SIDED,A,8783ef3e2dc6cf061218360ff1c3db121d172543d661901b2d74131021935dc1
a0267ff0e82663ebeb05,SRC457,13,PAIR_86D718B97D8F3D5398AEA8F7,A_ONLY,1326,,,ACCEPT_A,Only lane A recorded this printed note; its evidence_quote is verbatim on the cited page.,VERIFIED_ONE_SIDED,A,8783ef3e2dc6cf061218360ff1c3db121d172543d661901b2d74131021935dc1
6bcfe1a1a992ce6348a5,SRC457,13,PAIR_3DCC0164F605FC723CB331FF,A_ONLY,1327,,,ACCEPT_A,Only lane A recorded this printed note; its evidence_quote is verbatim on the cited page.,VERIFIED_ONE_SIDED,A,8783ef3e2dc6cf061218360ff1c3db121d172543d661901b2d74131021935dc1
55029e227ccea1a42412,SRC457,13,PAIR_C7125882710F86FC415C2CA5,A_ONLY,1328,,,ACCEPT_A,Only lane A recorded this printed note; its evidence_quote is verbatim on the cited page.,VERIFIED_ONE_SIDED,A,8783ef3e2dc6cf061218360ff1c3db121d172543d661901b2d74131021935dc1
932596e3a150487448fa,SRC457,14,,ADJUDICATOR_ADD,,,,ADD,Upstream source review: the previous coverage instruction excluded this printed definition as reference-only content; source page 14.,ADDED,ADJUDICATOR,8783ef3e2dc6cf061218360ff1c3db121d172543d661901b2d74131021935dc1
e67e38e47aabf183aa85,SRC457,14,,ADJUDICATOR_ADD,,,,ADD,Upstream source review: the previous coverage instruction excluded this printed definition as reference-only content; source page 14.,ADDED,ADJUDICATOR,8783ef3e2dc6cf061218360ff1c3db121d172543d661901b2d74131021935dc1
a3009dc5f8c7f8553fc4,SRC457,15,PAIR_FA25F912B5416F80E0CCA367,CONTEXT_CONFLICT,1329,1563,condition_raw,ACCEPT_B,Both lanes recorded the same wording; the lane carrying the context fields the page prints is the correct reading.,RESOLVED,B,8783ef3e2dc6cf061218360ff1c3db121d172543d661901b2d74131021935dc1
f0796c277918d1bac57f,SRC606,1,PAIR_DFF1F9FE0418E3C611205738,CONTEXT_CONFLICT,1,1,source_section|source_table,ACCEPT_B,"Both read ~97.8% Senior Secured identically; only source_section and source_table differ. page-001.png prints the sidebar heading HIGHLIGHTS, so the populated side is right and A's run-together TXT artifact is wrong.",RESOLVED,B,e56a601bd6fc8250db7675fad2cc69f72aa70aa5ff4dd63cc0176ad602482f9f
01921bf8d85ec7ae2768,SRC606,1,PAIR_2C2E2DA921C7A1F3666FBA9D,CLASSIFICATION_CONFLICT,2,2,source_section|source_table|subject_name|manager_name|vintage_year|period_end,MERGE,"Neither lane is complete. A appended the document subtitle to the entity name; the printed entity on page-001.png is Antares Private Credit Fund (ABDC), which B has. A's manager, vintage and period_end are printed facts B blanked: the sidebar prints 11/05/2024 Inception Date and the footer prints March 2026, and page-001.png prints Antares Capital as the manager, so the populated side wins on each. Section heading HIGHLIGHTS is printed.",RESOLVED,A+B+ADJUDICATOR,e56a601bd6fc8250db7675fad2cc69f72aa70aa5ff4dd63cc0176ad602482f9f
cf77ac63c04551f94b90,SRC606,1,PAIR_D20E3224E6AAD98A0B3C8C1D,VALUE_CONFLICT,3,3,record_family|source_section|source_table|subject_type|subject_name|as_of_date|currency_scale|metric_category|metric_value_raw,MERGE,"Neither candidate is right. The printed form on page-001.png is ~$2,057.7M, so A's ~$2,057.7 strips the printed scale letter. On family, nav is wrong because the fund reports NAV Per Share of $24.69 separately and carries 1.12x net leverage, so total investments is not net asset value; aum is reserved for a manager's or plan's stated assets under management. Investments carried at fair value is performance_observation/fair_value. Sidebar is not a table, so no one-table constraint. as_of is March 31, 2026 per the page body, not April 30. Backfill 2026-09-01: qualifier columns filled from the lanes' agreed reading.; Source review: p6: Represents total loan commitments as of April 30, 2026. (Footnote 3 identifies loan commitments, not fair value.) | p6: Represents total loan commitments as of April 30, 2026. (The category follows the footnote definition.) | p6: Represents total loan commitments as of April 30, 2026. (The specific footnote date supersedes the report heading.) | p6: Represents total loan commitments as of April 30, 2026. (The definition accompanies the classified amount.)",RESOLVED,A+B+ADJUDICATOR,e56a601bd6fc8250db7675fad2cc69f72aa70aa5ff4dd63cc0176ad602482f9f
7aedae0bac737948b006,SRC606,1,PAIR_1F5FBC5084E719E51163543B,B_ONLY,,4,,ACCEPT_B,page-001.png HIGHLIGHTS sidebar prints ~9.00% Annualized Distribution Rate(2); A missed the cell. Sidebar is not a table so no one-table family constraint; an annualized distribution rate is performance_observation/yield.,VERIFIED_ONE_SIDED,B,e56a601bd6fc8250db7675fad2cc69f72aa70aa5ff4dd63cc0176ad602482f9f
a3337bc79c8a1e623379,SRC606,1,PAIR_DB35954A5A8A1B3A077D9F5E,B_ONLY,,5,,MERGE,"page-001.png HIGHLIGHTS sidebar prints ~9.43% ITD Annualized Total Net Return(1); A missed the cell. performance_observation/return is correct.; Source review: p6: 1. As of April 30, 2026. (The return cites footnote 1 and the April value also appears on page 2.)",RESOLVED,B+ADJUDICATOR,e56a601bd6fc8250db7675fad2cc69f72aa70aa5ff4dd63cc0176ad602482f9f
2dbf9ae1f48544b9d839,SRC606,2,PAIR_80EF1FF0781ED0BD6A20005C,CONTEXT_CONFLICT,4,7,source_structure_type|condition_raw,MERGE,Both lanes transcribed the page-2 note stating that returns are total returns and not annualized except inception to date. It sits beneath the table as a footnote; condition_raw names what the note governs in the page's own words instead of repeating the note.,RESOLVED,A+B+ADJUDICATOR,e56a601bd6fc8250db7675fad2cc69f72aa70aa5ff4dd63cc0176ad602482f9f
2173a93eac7486aa57c9,SRC606,2,PAIR_DB1F399731B1C5C4A5BC1785,CLASSIFICATION_CONFLICT,5,9,record_family|source_section|metric_category,ACCEPT_B,"One table produces one family. The Distribution Summary columns are NAV Per Share, Total Distribution Per Share and Annualized Distribution Rate, which is a capital/distribution table, so fund_economics_observation governs every column; that family permits no yield, so income is the category, and page-002.png prints the section heading B carries.",RESOLVED,B,e56a601bd6fc8250db7675fad2cc69f72aa70aa5ff4dd63cc0176ad602482f9f
2867d7f0e12d6a460bab,SRC606,2,PAIR_30402A8B2C779A9F70E2C8DD,VALUE_CONFLICT,6,10,record_family|source_section|metric_category|metric_value_raw,MERGE,"B is right on family and section (one table produces one family; the Distribution Summary is a capital/distribution table, so fund_economics_observation and nav govern), but B strips the printed currency symbol. The printed form on page-002.png is $24.69. Value keeps the printed form. Backfill 2026-09-01: qualifier columns filled from the lanes' agreed reading.",RESOLVED,A+B+ADJUDICATOR,e56a601bd6fc8250db7675fad2cc69f72aa70aa5ff4dd63cc0176ad602482f9f
38cdc742059ba9ed9a1d,SRC606,2,PAIR_5E917D0133C9C9199055E41E,B_ONLY,,11,,MERGE,"A missed the column entirely; its coverage note that no controlled category matches is wrong, because fund_economics_observation permits distribution. B found the cell but strips the printed currency symbol: page-002.png prints $0.19. Backfill 2026-09-01: qualifier columns filled from the lanes' agreed reading.",RESOLVED,B+ADJUDICATOR,e56a601bd6fc8250db7675fad2cc69f72aa70aa5ff4dd63cc0176ad602482f9f
371366343d2ea652874b,SRC606,2,PAIR_17AE87949B5EEBBCF445E6D7,CLASSIFICATION_CONFLICT,7,12,record_family|source_section|metric_category,ACCEPT_B,"One table produces one family; the Distribution Summary is fund_economics_observation on every column and that family permits no yield, so income is the category. Section heading printed on page-002.png.",RESOLVED,B,e56a601bd6fc8250db7675fad2cc69f72aa70aa5ff4dd63cc0176ad602482f9f
f2ad525cb5281554e5f9,SRC606,2,PAIR_A5401F71F6581FB5029F41FD,VALUE_CONFLICT,8,13,record_family|source_section|metric_category|metric_value_raw,MERGE,B is right on family and section; B strips the printed currency symbol. The printed form on page-002.png is $24.67. Backfill 2026-09-01: qualifier columns filled from the lanes' agreed reading.,RESOLVED,A+B+ADJUDICATOR,e56a601bd6fc8250db7675fad2cc69f72aa70aa5ff4dd63cc0176ad602482f9f
cca378bb734c6c8d2f38,SRC606,2,PAIR_48798919726A1D4B668B1FF4,B_ONLY,,14,,MERGE,A missed the column; fund_economics_observation permits distribution. B strips the printed currency symbol: page-002.png prints $0.19. Backfill 2026-09-01: qualifier columns filled from the lanes' agreed reading.,RESOLVED,B+ADJUDICATOR,e56a601bd6fc8250db7675fad2cc69f72aa70aa5ff4dd63cc0176ad602482f9f
2ab484224ffde54b6425,SRC606,2,PAIR_2D6AE90B12887D539872DCDF,CLASSIFICATION_CONFLICT,9,15,record_family|source_section|metric_category,ACCEPT_B,"One table produces one family; the Distribution Summary is fund_economics_observation on every column and that family permits no yield, so income is the category. Section heading printed on page-002.png.",RESOLVED,B,e56a601bd6fc8250db7675fad2cc69f72aa70aa5ff4dd63cc0176ad602482f9f
4a7f6cbfefb83543c5c2,SRC606,2,PAIR_30A7D548ABBFA40292437D1E,VALUE_CONFLICT,10,16,record_family|source_section|metric_category|metric_value_raw,MERGE,B is right on family and section; B strips the printed currency symbol. The printed form on page-002.png is $25.07. Backfill 2026-09-01: qualifier columns filled from the lanes' agreed reading.,RESOLVED,A+B+ADJUDICATOR,e56a601bd6fc8250db7675fad2cc69f72aa70aa5ff4dd63cc0176ad602482f9f
37d48a6092e015be5249,SRC606,2,PAIR_05B32EF91B17CB0AE332EC66,B_ONLY,,17,,MERGE,A missed the column; fund_economics_observation permits distribution. B strips the printed currency symbol: page-002.png prints $0.18. Backfill 2026-09-01: qualifier columns filled from the lanes' agreed reading.,RESOLVED,B+ADJUDICATOR,e56a601bd6fc8250db7675fad2cc69f72aa70aa5ff4dd63cc0176ad602482f9f
ceb826ad4501db28660a,SRC606,2,PAIR_184F00E74881FBF6CA95A593,CLASSIFICATION_CONFLICT,11,18,record_family|source_section|metric_category,ACCEPT_B,"One table produces one family; the Distribution Summary is fund_economics_observation on every column and that family permits no yield, so income is the category. Section heading printed on page-002.png.",RESOLVED,B,e56a601bd6fc8250db7675fad2cc69f72aa70aa5ff4dd63cc0176ad602482f9f
44cdb2958bfecc1156ec,SRC606,2,PAIR_0493784D4A9A615651894A82,VALUE_CONFLICT,12,19,record_family|source_section|metric_category|metric_value_raw,MERGE,B is right on family and section; B strips the printed currency symbol. The printed form on page-002.png is $24.57. Backfill 2026-09-01: qualifier columns filled from the lanes' agreed reading.,RESOLVED,A+B+ADJUDICATOR,e56a601bd6fc8250db7675fad2cc69f72aa70aa5ff4dd63cc0176ad602482f9f
49ce098ac630570c246f,SRC606,2,PAIR_A5BA4115CAC2FA46C14EB899,B_ONLY,,20,,MERGE,A missed the column; fund_economics_observation permits distribution. B strips the printed currency symbol: page-002.png prints $0.18. Backfill 2026-09-01: qualifier columns filled from the lanes' agreed reading.,RESOLVED,B+ADJUDICATOR,e56a601bd6fc8250db7675fad2cc69f72aa70aa5ff4dd63cc0176ad602482f9f
afaa8727cba91d31704b,SRC606,2,PAIR_EF463100695C0B005A7A9518,CONTEXT_CONFLICT,13,24,source_section,ACCEPT_B,"Identical reading; only source_section differs. page-002.png prints the page heading 1Q 2026 PERFORMANCE UPDATE above the table, so the populated side is right. Applied to every page-2 row.",RESOLVED,B,e56a601bd6fc8250db7675fad2cc69f72aa70aa5ff4dd63cc0176ad602482f9f
c6f2a93d637d192949b6,SRC606,2,PAIR_35C4F2357FA3E08509CD1712,CONTEXT_CONFLICT,14,25,source_section,ACCEPT_B,"Identical reading; only source_section differs. page-002.png prints the page heading 1Q 2026 PERFORMANCE UPDATE above the table, so the populated side is right. Applied to every page-2 row.",RESOLVED,B,e56a601bd6fc8250db7675fad2cc69f72aa70aa5ff4dd63cc0176ad602482f9f
ccfa06cdc43a56c58c62,SRC606,2,PAIR_28F6214C23373C9229A09834,CONTEXT_CONFLICT,15,26,source_section,ACCEPT_B,"Identical reading; only source_section differs. page-002.png prints the page heading 1Q 2026 PERFORMANCE UPDATE above the table, so the populated side is right. Applied to every page-2 row.",RESOLVED,B,e56a601bd6fc8250db7675fad2cc69f72aa70aa5ff4dd63cc0176ad602482f9f
11e0673b818aec6a02a9,SRC606,2,PAIR_B624C8DDF57ED874CA053359,CONTEXT_CONFLICT,16,27,source_section,ACCEPT_B,"Identical reading; only source_section differs. page-002.png prints the page heading 1Q 2026 PERFORMANCE UPDATE above the table, so the populated side is right. Applied to every page-2 row.",RESOLVED,B,e56a601bd6fc8250db7675fad2cc69f72aa70aa5ff4dd63cc0176ad602482f9f
664be6d8bdb19145fa76,SRC606,2,PAIR_2053F69A5E4CD082654A7655,CONTEXT_CONFLICT,17,28,source_section,ACCEPT_B,"Identical reading; only source_section differs. page-002.png prints the page heading 1Q 2026 PERFORMANCE UPDATE above the table, so the populated side is right. Applied to every page-2 row.",RESOLVED,B,e56a601bd6fc8250db7675fad2cc69f72aa70aa5ff4dd63cc0176ad602482f9f
8b669d24e433ab10d5ea,SRC606,2,PAIR_080FDB0A5CD4DD071B69B818,CONTEXT_CONFLICT,18,29,source_section,ACCEPT_B,"Identical reading; only source_section differs. page-002.png prints the page heading 1Q 2026 PERFORMANCE UPDATE above the table, so the populated side is right. Applied to every page-2 row.",RESOLVED,B,e56a601bd6fc8250db7675fad2cc69f72aa70aa5ff4dd63cc0176ad602482f9f
315c8b09ebcc0b41d09b,SRC606,2,PAIR_B426DB32424AD213F73DCA0C,CONTEXT_CONFLICT,19,30,source_section,ACCEPT_B,"Identical reading; only source_section differs. page-002.png prints the page heading 1Q 2026 PERFORMANCE UPDATE above the table, so the populated side is right. Applied to every page-2 row.",RESOLVED,B,e56a601bd6fc8250db7675fad2cc69f72aa70aa5ff4dd63cc0176ad602482f9f
0b354ddbdd1cae6a6e13,SRC606,2,PAIR_9563DCD05ADC90DC25B8DC78,CONTEXT_CONFLICT,20,31,source_section,ACCEPT_B,"Identical reading; only source_section differs. page-002.png prints the page heading 1Q 2026 PERFORMANCE UPDATE above the table, so the populated side is right. Applied to every page-2 row.",RESOLVED,B,e56a601bd6fc8250db7675fad2cc69f72aa70aa5ff4dd63cc0176ad602482f9f
3f2e9c3fe26887405a2f,SRC606,2,PAIR_2E3DA8A2A044E44AEB7719A1,CONTEXT_CONFLICT,21,32,source_section,ACCEPT_B,"Identical reading; only source_section differs. page-002.png prints the page heading 1Q 2026 PERFORMANCE UPDATE above the table, so the populated side is right. Applied to every page-2 row.",RESOLVED,B,e56a601bd6fc8250db7675fad2cc69f72aa70aa5ff4dd63cc0176ad602482f9f
4ea465e11fe62af8f7e7,SRC606,2,PAIR_ADE58BFF8643FA86B1CFC9E5,CONTEXT_CONFLICT,22,33,source_section,ACCEPT_B,"Identical reading; only source_section differs. page-002.png prints the page heading 1Q 2026 PERFORMANCE UPDATE above the table, so the populated side is right. Applied to every page-2 row.",RESOLVED,B,e56a601bd6fc8250db7675fad2cc69f72aa70aa5ff4dd63cc0176ad602482f9f
ee415ece408cbdaa808f,SRC606,2,PAIR_3DF3769A9C8EFF4A9E8298D3,CONTEXT_CONFLICT,23,34,source_section,ACCEPT_B,"Identical reading; only source_section differs. page-002.png prints the page heading 1Q 2026 PERFORMANCE UPDATE above the table, so the populated side is right. Applied to every page-2 row.",RESOLVED,B,e56a601bd6fc8250db7675fad2cc69f72aa70aa5ff4dd63cc0176ad602482f9f
e60bc45f25afb81e0df2,SRC606,2,PAIR_4A763DD16BEAF90F49647468,CONTEXT_CONFLICT,24,35,source_section,ACCEPT_B,"Identical reading; only source_section differs. page-002.png prints the page heading 1Q 2026 PERFORMANCE UPDATE above the table, so the populated side is right. Applied to every page-2 row.",RESOLVED,B,e56a601bd6fc8250db7675fad2cc69f72aa70aa5ff4dd63cc0176ad602482f9f
e070a3a4429b5333c759,SRC606,2,PAIR_D9DEB13505716B83CBF96D98,CONTEXT_CONFLICT,25,36,source_section,ACCEPT_B,"Identical reading; only source_section differs. page-002.png prints the page heading 1Q 2026 PERFORMANCE UPDATE above the table, so the populated side is right. Applied to every page-2 row.",RESOLVED,B,e56a601bd6fc8250db7675fad2cc69f72aa70aa5ff4dd63cc0176ad602482f9f
576760d26b6f3a28f574,SRC606,2,PAIR_CBEDAC99BF27A276F80EF914,CONTEXT_CONFLICT,26,37,source_section,ACCEPT_B,"Identical reading; only source_section differs. page-002.png prints the page heading 1Q 2026 PERFORMANCE UPDATE above the table, so the populated side is right. Applied to every page-2 row.",RESOLVED,B,e56a601bd6fc8250db7675fad2cc69f72aa70aa5ff4dd63cc0176ad602482f9f
3a25c5bdb6698b299e13,SRC606,2,PAIR_6ABB0375FB1A55A59099B664,CONTEXT_CONFLICT,27,38,source_section,ACCEPT_B,"Identical reading; only source_section differs. page-002.png prints the page heading 1Q 2026 PERFORMANCE UPDATE above the table, so the populated side is right. Applied to every page-2 row.",RESOLVED,B,e56a601bd6fc8250db7675fad2cc69f72aa70aa5ff4dd63cc0176ad602482f9f
c43b08a5c381b72479bd,SRC606,2,PAIR_55357A20E01FAE33E9B6A44F,CONTEXT_CONFLICT,28,39,source_section,ACCEPT_B,"Identical reading; only source_section differs. page-002.png prints the page heading 1Q 2026 PERFORMANCE UPDATE above the table, so the populated side is right. Applied to every page-2 row.",RESOLVED,B,e56a601bd6fc8250db7675fad2cc69f72aa70aa5ff4dd63cc0176ad602482f9f
64bf0ef075f9a653380c,SRC606,3,PAIR_F19348F88C6E439BB1292287,CLASSIFICATION_CONFLICT,29,61,record_family|source_section|subject_type|subject_name|metric_category,MERGE,"ABDC Summary Statistics is composition by bucket with a weight against each, so allocation_observation/actual_allocation, not fund_economics_observation/ownership_percentage. Section heading printed on page-003.png.",RESOLVED,A+B+ADJUDICATOR,e56a601bd6fc8250db7675fad2cc69f72aa70aa5ff4dd63cc0176ad602482f9f
cf9082538d78eee2d0a4,SRC606,3,PAIR_909B6C6B5C7B81BBD66A61BC,CLASSIFICATION_CONFLICT,30,62,record_family|source_section|subject_type|subject_name|metric_category,MERGE,"B typed the ABDC Summary Statistics table fund_economics_observation/ownership_percentage, but the table carries no commitment, contribution or distribution column; it is composition by bucket with a weight against each, which is allocation_observation, and 97.8% is a portfolio composition share, not an ownership stake. A has the family and category right and only source_section is missing: page-003.png prints the page heading 1Q 2026 PORTFOLIO UPDATE. Applied to every page-3 row. Backfill 2026-09-01: qualifier columns filled from the lanes' agreed reading.",RESOLVED,A+B+ADJUDICATOR,e56a601bd6fc8250db7675fad2cc69f72aa70aa5ff4dd63cc0176ad602482f9f
c4640180d716055feca8,SRC606,3,PAIR_71AD0431013A2083CA88A19A,CLASSIFICATION_CONFLICT,31,63,record_family|source_section|subject_type|subject_name|metric_category,MERGE,"ABDC Summary Statistics is composition by bucket with a weight against each, so allocation_observation/actual_allocation, not fund_economics_observation/ownership_percentage. Section heading printed on page-003.png.",RESOLVED,A+B+ADJUDICATOR,e56a601bd6fc8250db7675fad2cc69f72aa70aa5ff4dd63cc0176ad602482f9f
bfad4e3bec751e0b43e4,SRC606,3,PAIR_9240A7647876235F6F5FBB3C,CLASSIFICATION_CONFLICT,32,66,record_family|source_section|subject_type|subject_name|metric_category,MERGE,"ABDC Summary Statistics is composition by bucket with a weight against each, so allocation_observation/actual_allocation, not fund_economics_observation/ownership_percentage. Section heading printed on page-003.png. Backfill 2026-09-01: qualifier columns filled from the lanes' agreed reading.",RESOLVED,A+B+ADJUDICATOR,e56a601bd6fc8250db7675fad2cc69f72aa70aa5ff4dd63cc0176ad602482f9f
3172f29e3a813547cf3a,SRC606,3,PAIR_70BAD0324DE24F2DC2D3CB3C,CLASSIFICATION_CONFLICT,33,67,record_family|source_section|subject_type|subject_name|metric_category,MERGE,"ABDC Summary Statistics is composition by bucket, so allocation_observation/actual_allocation; non-accruals at cost is a share of the portfolio, not an income amount, so B's income is wrong. Section heading printed on page-003.png.",RESOLVED,A+B+ADJUDICATOR,e56a601bd6fc8250db7675fad2cc69f72aa70aa5ff4dd63cc0176ad602482f9f
003a0172a7a64221b243,SRC606,3,PAIR_F72CCDBEB02EE18FF2FE9F47,CLASSIFICATION_CONFLICT,34,68,record_family|source_section|subject_type|subject_name|metric_category,MERGE,"ABDC Summary Statistics is composition by bucket, so allocation_observation/actual_allocation; a percentage share of investment income is a share, not an income amount, so B's income is wrong. Section heading printed on page-003.png.",RESOLVED,A+B+ADJUDICATOR,e56a601bd6fc8250db7675fad2cc69f72aa70aa5ff4dd63cc0176ad602482f9f
8bd300cf694632d33a5c,SRC606,3,PAIR_F24CCA1405FC5256EA3E90F1,B_ONLY,,69,,MERGE,"A skipped this cell as redundant with the page-1 Investments figure, but one populated eligible value cell is one row and page 3 prints its own Total investments $2.1B. B found it but typed it nav, which is wrong: the fund reports NAV Per Share separately and carries 1.12x net leverage. In an allocation_observation table the portfolio's stated value is market_value. Backfill 2026-09-01: qualifier columns filled from the lanes' agreed reading.",RESOLVED,B+ADJUDICATOR,e56a601bd6fc8250db7675fad2cc69f72aa70aa5ff4dd63cc0176ad602482f9f
d236811d3d7e5edbf958,SRC606,3,PAIR_16C0A07F81C9198790859E17,CONTEXT_CONFLICT,35,40,source_section|metric_name,MERGE,"Both lanes labelled the column % Commits, but page-003.png and the grid both show the Borrower diversification block prints no column header (grid column_index 1, header blank); % Commits belongs to the Risk Rating Distribution figure. Corrected to UNLABELED_COLUMN_1, metric_name from the block's measure name, section heading printed.",RESOLVED,A+B+ADJUDICATOR,e56a601bd6fc8250db7675fad2cc69f72aa70aa5ff4dd63cc0176ad602482f9f
da6f556e7b7b9fbca669,SRC606,3,PAIR_19F58EE146EFA20AEF12C40A,A_ONLY,36,,,MERGE,"One-sided but the cell is printed on page-003.png, so the row is right and B filed the same cell under a column header the table does not print. The grid gives this block column_index 1 with a blank header, so UNLABELED_COLUMN_1 is the correct column. Rows are borrower groups under one unlabelled measure column, so metric_name takes the block's measure name. Section heading printed.",RESOLVED,A+ADJUDICATOR,e56a601bd6fc8250db7675fad2cc69f72aa70aa5ff4dd63cc0176ad602482f9f
aa79f24d7182defd419a,SRC606,3,PAIR_CE52B057A05B8802391FBDCE,CONTEXT_CONFLICT,37,42,source_section|metric_name,MERGE,"The Borrower diversification block prints no column header (grid column_index 1, header blank); % Commits belongs to the Risk Rating Distribution figure. Corrected to UNLABELED_COLUMN_1, metric_name from the block's measure name, section heading printed.",RESOLVED,A+B+ADJUDICATOR,e56a601bd6fc8250db7675fad2cc69f72aa70aa5ff4dd63cc0176ad602482f9f
38d7aa85c3a5e326c2ac,SRC606,3,PAIR_C4D05C4A838B2D7A77315A73,CONTEXT_CONFLICT,38,43,source_section|metric_name,MERGE,"The Borrower diversification block prints no column header (grid column_index 1, header blank); % Commits belongs to the Risk Rating Distribution figure. Corrected to UNLABELED_COLUMN_1, metric_name from the block's measure name, section heading printed.",RESOLVED,A+B+ADJUDICATOR,e56a601bd6fc8250db7675fad2cc69f72aa70aa5ff4dd63cc0176ad602482f9f
c0b3b8fb71b90a6cb11c,SRC606,3,PAIR_43449CFE963FB8CB2D6F53E9,CONTEXT_CONFLICT,39,44,source_section|metric_name,MERGE,"The Borrower diversification block prints no column header (grid column_index 1, header blank); % Commits belongs to the Risk Rating Distribution figure. Corrected to UNLABELED_COLUMN_1, metric_name from the block's measure name, section heading printed.",RESOLVED,A+B+ADJUDICATOR,e56a601bd6fc8250db7675fad2cc69f72aa70aa5ff4dd63cc0176ad602482f9f
d98acc3f367e23b2ba30,SRC606,3,PAIR_0AE73D52A9A0C21484F4F55E,CONTEXT_CONFLICT,40,45,source_structure_type|source_section|source_table|metric_name,ACCEPT_B,"Industry Diversification is a donut chart with a printed legend, so FIGURE is right and TABLE is wrong; the printed title is Industry Diversification and (10) is a footnote marker, not part of it; rows are industry buckets under one unlabeled measure column, so metric_name takes the table's measure name; page-003.png prints the section heading 1Q 2026 PORTFOLIO UPDATE. Applied to all 11 legend rows.",RESOLVED,B,e56a601bd6fc8250db7675fad2cc69f72aa70aa5ff4dd63cc0176ad602482f9f
e9a440b8885f01914d6c,SRC606,3,PAIR_8BF8C9677C0DB0066DE414E7,CONTEXT_CONFLICT,41,46,source_structure_type|source_section|source_table|metric_name,ACCEPT_B,"Industry Diversification legend: FIGURE, printed title without the footnote marker, metric_name from the table's measure name, section heading printed on page-003.png.",RESOLVED,B,e56a601bd6fc8250db7675fad2cc69f72aa70aa5ff4dd63cc0176ad602482f9f
15eb6abd2489d48b24df,SRC606,3,PAIR_E66803D8490638FF3E1B7D44,CONTEXT_CONFLICT,42,47,source_structure_type|source_section|source_table|metric_name,ACCEPT_B,"Industry Diversification legend: FIGURE, printed title without the footnote marker, metric_name from the table's measure name, section heading printed on page-003.png.",RESOLVED,B,e56a601bd6fc8250db7675fad2cc69f72aa70aa5ff4dd63cc0176ad602482f9f
6c346e5f1ce7e5e33469,SRC606,3,PAIR_E363528F4DF2FC05717B41E6,CONTEXT_CONFLICT,43,48,source_structure_type|source_section|source_table|metric_name,ACCEPT_B,"Industry Diversification legend: FIGURE, printed title without the footnote marker, metric_name from the table's measure name, section heading printed on page-003.png.",RESOLVED,B,e56a601bd6fc8250db7675fad2cc69f72aa70aa5ff4dd63cc0176ad602482f9f
dd67da88ca009850bdfa,SRC606,3,PAIR_BB241B49A8E7B8CEB7230D5A,CONTEXT_CONFLICT,44,49,source_structure_type|source_section|source_table|metric_name,ACCEPT_B,"Industry Diversification legend: FIGURE, printed title without the footnote marker, metric_name from the table's measure name, section heading printed on page-003.png.",RESOLVED,B,e56a601bd6fc8250db7675fad2cc69f72aa70aa5ff4dd63cc0176ad602482f9f
8963620983eb76374d66,SRC606,3,PAIR_1492EDC4916A3692AC690D65,CONTEXT_CONFLICT,45,50,source_structure_type|source_section|source_table|metric_name,ACCEPT_B,"Industry Diversification legend: FIGURE, printed title without the footnote marker, metric_name from the table's measure name, section heading printed on page-003.png.",RESOLVED,B,e56a601bd6fc8250db7675fad2cc69f72aa70aa5ff4dd63cc0176ad602482f9f
94e3b709af751eae2bf1,SRC606,3,PAIR_FDAD9631114AF97C2C5FAA6C,CONTEXT_CONFLICT,46,51,source_structure_type|source_section|source_table|metric_name,ACCEPT_B,"Industry Diversification legend: FIGURE, printed title without the footnote marker, metric_name from the table's measure name, section heading printed on page-003.png.",RESOLVED,B,e56a601bd6fc8250db7675fad2cc69f72aa70aa5ff4dd63cc0176ad602482f9f
ce61c0307fb8d4f27d28,SRC606,3,PAIR_E36A62C95A31ECAF6D94C67A,CONTEXT_CONFLICT,47,52,source_structure_type|source_section|source_table|metric_name,ACCEPT_B,"Industry Diversification legend: FIGURE, printed title without the footnote marker, metric_name from the table's measure name, section heading printed on page-003.png.",RESOLVED,B,e56a601bd6fc8250db7675fad2cc69f72aa70aa5ff4dd63cc0176ad602482f9f
7ad33fd97388528dcaad,SRC606,3,PAIR_BD53136E0EE607F3E47D1BE9,CONTEXT_CONFLICT,48,53,source_structure_type|source_section|source_table|metric_name,ACCEPT_B,"Industry Diversification legend: FIGURE, printed title without the footnote marker, metric_name from the table's measure name, section heading printed on page-003.png.",RESOLVED,B,e56a601bd6fc8250db7675fad2cc69f72aa70aa5ff4dd63cc0176ad602482f9f
4a8347e7707cc68d3122,SRC606,3,PAIR_A86D81B68B4C828F6ED821DA,CONTEXT_CONFLICT,49,54,source_structure_type|source_section|source_table|metric_name,ACCEPT_B,"Industry Diversification legend: FIGURE, printed title without the footnote marker, metric_name from the table's measure name, section heading printed on page-003.png.",RESOLVED,B,e56a601bd6fc8250db7675fad2cc69f72aa70aa5ff4dd63cc0176ad602482f9f
2122cd8ee88bd988aa6f,SRC606,3,PAIR_4E401D6D6EB2D3B6952CF41F,CONTEXT_CONFLICT,50,55,source_structure_type|source_section|source_table|metric_name,ACCEPT_B,"Industry Diversification legend: FIGURE, printed title without the footnote marker, metric_name from the table's measure name, section heading printed on page-003.png.",RESOLVED,B,e56a601bd6fc8250db7675fad2cc69f72aa70aa5ff4dd63cc0176ad602482f9f
9ca1fcf3ae0333b68b44,SRC606,3,PAIR_A28CA14AB0E109B1FEB7973D,CLASSIFICATION_CONFLICT,51,71,record_family|source_structure_type|source_section|source_table|metric_category|metric_name,MERGE,"B typed the % Commits column position_observation/portfolio_weight, but position_observation needs one named individual holding and a risk-rating bucket is not one; commitment share by bucket is allocation_observation/actual_allocation, which A has. B is right that the structure is a donut figure, that the printed title carries no footnote marker, and that with entity rows under a printed leaf header the metric_name is % Commits. Section heading printed on page-003.png. Applied to all five rating rows. Backfill 2026-09-01: qualifier columns filled from the lanes' agreed reading.",RESOLVED,A+B+ADJUDICATOR,e56a601bd6fc8250db7675fad2cc69f72aa70aa5ff4dd63cc0176ad602482f9f
acc08ce4a2a6a7df5b08,SRC606,3,PAIR_265ED77A57FABD07A306037E,CLASSIFICATION_CONFLICT,52,73,record_family|source_structure_type|source_section|source_table|metric_category|metric_name,MERGE,"Commitment share by rating bucket is allocation_observation/actual_allocation, not position_observation/portfolio_weight; a rating bucket is not a named holding. FIGURE, printed title without the footnote marker, metric_name from the printed leaf header, section heading printed. Backfill 2026-09-01: qualifier columns filled from the lanes' agreed reading.",RESOLVED,A+B+ADJUDICATOR,e56a601bd6fc8250db7675fad2cc69f72aa70aa5ff4dd63cc0176ad602482f9f
00a00734a3b6ae4c59d7,SRC606,3,PAIR_4DD659E5C5A999824DC70407,CLASSIFICATION_CONFLICT,53,75,record_family|source_structure_type|source_section|source_table|metric_category|metric_name,MERGE,"Commitment share by rating bucket is allocation_observation/actual_allocation, not position_observation/portfolio_weight. FIGURE, printed title without the footnote marker, metric_name from the printed leaf header, section heading printed. Backfill 2026-09-01: qualifier columns filled from the lanes' agreed reading.",RESOLVED,A+B+ADJUDICATOR,e56a601bd6fc8250db7675fad2cc69f72aa70aa5ff4dd63cc0176ad602482f9f
56b233b605d62116c6e9,SRC606,3,PAIR_4AC13E2A71D073464A8BE356,CLASSIFICATION_CONFLICT,54,77,record_family|source_structure_type|source_section|source_table|metric_category|metric_name,MERGE,"Commitment share by rating bucket is allocation_observation/actual_allocation, not position_observation/portfolio_weight. FIGURE, printed title without the footnote marker, metric_name from the printed leaf header, section heading printed. page-003.png prints <1% in this cell. Backfill 2026-09-01: qualifier columns filled from the lanes' agreed reading.",RESOLVED,A+B+ADJUDICATOR,e56a601bd6fc8250db7675fad2cc69f72aa70aa5ff4dd63cc0176ad602482f9f
7947b5bb11898e2b9f16,SRC606,3,PAIR_49964E40430D034B35592D14,CLASSIFICATION_CONFLICT,55,79,record_family|source_structure_type|source_section|source_table|metric_category|metric_name,MERGE,"Commitment share by rating bucket is allocation_observation/actual_allocation, not position_observation/portfolio_weight. FIGURE, printed title without the footnote marker, metric_name from the printed leaf header, section heading printed. page-003.png prints <1% in this cell. Backfill 2026-09-01: qualifier columns filled from the lanes' agreed reading.",RESOLVED,A+B+ADJUDICATOR,e56a601bd6fc8250db7675fad2cc69f72aa70aa5ff4dd63cc0176ad602482f9f
1b68c0feb005442df801,SRC606,3,PAIR_AA64EB1E35C8F9958185B9CF,VALUE_CONFLICT,56,58,record_family|source_section|subject_type|subject_name|metric_category|metric_value_raw|unit|evidence_quote,MERGE,"B typed it fund_economics_observation/income and cited a quote that stops before the printed percent sign; page-003.png prints 8.5%. A weighted average investment yield is performance_observation/yield, which A has right. Only source_section was missing.",RESOLVED,A+B+ADJUDICATOR,e56a601bd6fc8250db7675fad2cc69f72aa70aa5ff4dd63cc0176ad602482f9f
9da37aa2e8b90111103a,SRC606,4,PAIR_E1ACBC8A18C6D13C8EE9EAAD,B_ONLY,,83,,MERGE,"A declared page 4 NO_ELIGIBLE_DATA as an anonymised case study; the panel prints a real fund figure stated as fact, so the page is eligible and A was wrong. B found the cell but typed the borrower a portfolio and named it Software Borrower: a holding inside the vehicle is subject_type investment, and the printed name is Software Borrower Example. The case study is a ruled label/value table, so TABLE with UNLABELED_COLUMN_1, not NARRATIVE.",RESOLVED,B+ADJUDICATOR,e56a601bd6fc8250db7675fad2cc69f72aa70aa5ff4dd63cc0176ad602482f9f
6270db7e5cd6caf9058a,SRC606,4,PAIR_EAA0DA6B0AF2E295F8FC9F71,B_ONLY,,84,,MERGE,"Second populated value in the same printed cell. One table produces one family, so the case study stays fund_economics_observation and ownership_percentage is the only share category that family allows. Corrected as above: subject_type investment, printed name Software Borrower Example, TABLE with UNLABELED_COLUMN_1.",RESOLVED,B+ADJUDICATOR,e56a601bd6fc8250db7675fad2cc69f72aa70aa5ff4dd63cc0176ad602482f9f
029f54bc087a14e94213,SRC606,5,PAIR_36C512C5697CC1DFB8BAED9D,CONTEXT_CONFLICT,57,87,source_structure_type|source_section|source_table|condition_raw,MERGE,Both lanes transcribed the page-5 note under the fees table. Lane B's section heading and spaced table title are the printed wording (lane A's table title carried the text layer's fused spacing); lane A's condition_raw names the two expense rows the note governs.,RESOLVED,A+B+ADJUDICATOR,e56a601bd6fc8250db7675fad2cc69f72aa70aa5ff4dd63cc0176ad602482f9f
54d057b3905ffb014aa2,SRC606,5,PAIR_5245AC632C63C4FF23358923,CLASSIFICATION_CONFLICT,58,88,source_section|source_table|subject_name|as_of_date,MERGE,Full printed table title from B; source_section blank because B's heading sits in the other column of page-005.png and does not govern this table; subject_name is the printed share class per subject_type fee_scope; as_of July 2025 is printed above the table.,RESOLVED,A+B+ADJUDICATOR,e56a601bd6fc8250db7675fad2cc69f72aa70aa5ff4dd63cc0176ad602482f9f
0e14f2d152e6e54b541c,SRC606,5,PAIR_DDF1DB4C7E5D94B7FB1EEC2E,CLASSIFICATION_CONFLICT,59,89,source_section|source_table|subject_name|as_of_date,MERGE,"Neither lane is complete. The full printed title is Antares Private Credit Fund Fees and Expenses, which B has and A ran together from the TXT. B's source_section imports a heading from the other column of page-005.png that does not govern this table, so the blank is right. With subject_type fee_scope the scope is the printed share class, so A's Class S is the more specific printed subject. B's as_of is right: the page prints that the supplement is current as at July 2025 above the table, and a date printed once governs the values under it. Applied to all eight fee cells.",RESOLVED,A+B+ADJUDICATOR,e56a601bd6fc8250db7675fad2cc69f72aa70aa5ff4dd63cc0176ad602482f9f
88b0b6e0243d8c445503,SRC606,5,PAIR_0B8DAE6A8943D323F028CB6F,CLASSIFICATION_CONFLICT,60,90,source_section|source_table|subject_name|as_of_date|definition_keys,MERGE,Full printed table title from B; source_section blank because B's heading does not govern this table; subject_name is the printed share class; as_of July 2025 is printed above the table. Backfill 2026-09-01: qualifier columns filled from the lanes' agreed reading.,RESOLVED,A+B+ADJUDICATOR,e56a601bd6fc8250db7675fad2cc69f72aa70aa5ff4dd63cc0176ad602482f9f
bbdc3829e5e38c63180d,SRC606,5,PAIR_00B08C2E8F481AEA85A70F37,CLASSIFICATION_CONFLICT,61,91,source_section|source_table|subject_name|as_of_date|definition_keys,MERGE,Full printed table title from B; source_section blank because B's heading does not govern this table; subject_name is the printed share class; as_of July 2025 is printed above the table. Backfill 2026-09-01: qualifier columns filled from the lanes' agreed reading.,RESOLVED,A+B+ADJUDICATOR,e56a601bd6fc8250db7675fad2cc69f72aa70aa5ff4dd63cc0176ad602482f9f
d4e5c4a1cee3ec84e201,SRC606,5,PAIR_7AC2E2C994EC26442EE1B70D,CLASSIFICATION_CONFLICT,62,92,source_section|source_table|subject_name|as_of_date|definition_keys,MERGE,Full printed table title from B; source_section blank because B's heading does not govern this table; subject_name is the printed share class; as_of July 2025 is printed above the table. Backfill 2026-09-01: qualifier columns filled from the lanes' agreed reading.,RESOLVED,A+B+ADJUDICATOR,e56a601bd6fc8250db7675fad2cc69f72aa70aa5ff4dd63cc0176ad602482f9f
a7e44419b3285b911c00,SRC606,5,PAIR_1EEBCC7441C0C4DADECB60BF,CLASSIFICATION_CONFLICT,63,93,source_section|source_table|subject_name|as_of_date|evidence_quote|definition_keys,MERGE,"Full printed table title from B; source_section blank; subject_name is the printed share class; as_of July 2025 printed above the table. A's quote carries more of the printed line than B's bare figures, so it is the one kept. Backfill 2026-09-01: qualifier columns filled from the lanes' agreed reading.",RESOLVED,A+B+ADJUDICATOR,e56a601bd6fc8250db7675fad2cc69f72aa70aa5ff4dd63cc0176ad602482f9f
47ad931c86f2ec0a8a2b,SRC606,5,PAIR_49D96DF46E1E121500727C40,CLASSIFICATION_CONFLICT,64,94,source_section|source_table|subject_name|as_of_date|evidence_quote|definition_keys,MERGE,"Full printed table title from B; source_section blank; subject_name is the printed share class; as_of July 2025 printed above the table. A's quote carries more of the printed line than B's bare figures, so it is the one kept. Backfill 2026-09-01: qualifier columns filled from the lanes' agreed reading.",RESOLVED,A+B+ADJUDICATOR,e56a601bd6fc8250db7675fad2cc69f72aa70aa5ff4dd63cc0176ad602482f9f
5951b853a7c55f42db2e,SRC606,5,PAIR_FFE5837C1840DF44AF74A168,CLASSIFICATION_CONFLICT,65,95,source_section|source_table|subject_name|as_of_date|evidence_quote|definition_keys,MERGE,"Full printed table title from B; source_section blank; subject_name is the printed share class; as_of July 2025 printed above the table. A's quote carries more of the printed line than B's bare figures, so it is the one kept. Backfill 2026-09-01: qualifier columns filled from the lanes' agreed reading.",RESOLVED,A+B+ADJUDICATOR,e56a601bd6fc8250db7675fad2cc69f72aa70aa5ff4dd63cc0176ad602482f9f
cd4ff1b7573e6b9e5511,SRC606,6,PAIR_D081AAB2924015571AC89384,CONTEXT_CONFLICT,66,96,evidence_quote,MERGE,"Backfill 2026-09-01: both lanes transcribed the numbered footnote identically; the quote keeps the printed marker and, where lane A recorded it, condition_raw names the table the footnote governs.",RESOLVED,A+B+ADJUDICATOR,e56a601bd6fc8250db7675fad2cc69f72aa70aa5ff4dd63cc0176ad602482f9f
d944b5b557155c105490,SRC606,6,PAIR_731CAFD998854FD37109B80A,CONTEXT_CONFLICT,67,97,condition_raw|evidence_quote,MERGE,"Backfill 2026-09-01: both lanes transcribed the numbered footnote identically; the quote keeps the printed marker and, where lane A recorded it, condition_raw names the table the footnote governs.",RESOLVED,A+B+ADJUDICATOR,e56a601bd6fc8250db7675fad2cc69f72aa70aa5ff4dd63cc0176ad602482f9f
430de718812fd88c70b8,SRC606,6,PAIR_1797D1D3832C38659D553F45,CONTEXT_CONFLICT,68,98,condition_raw|evidence_quote,MERGE,"Backfill 2026-09-01: both lanes transcribed the numbered footnote identically; the quote keeps the printed marker and, where lane A recorded it, condition_raw names the table the footnote governs.",RESOLVED,A+B+ADJUDICATOR,e56a601bd6fc8250db7675fad2cc69f72aa70aa5ff4dd63cc0176ad602482f9f
91174629fd7d647552e6,SRC606,6,PAIR_06F6A62148108C8F53081048,CONTEXT_CONFLICT,69,99,evidence_quote,MERGE,"Backfill 2026-09-01: both lanes transcribed the numbered footnote identically; the quote keeps the printed marker and, where lane A recorded it, condition_raw names the table the footnote governs.",RESOLVED,A+B+ADJUDICATOR,e56a601bd6fc8250db7675fad2cc69f72aa70aa5ff4dd63cc0176ad602482f9f
f6647ae70fc6a70106d9,SRC606,6,PAIR_4B0EA8FE55CE9AB34D06E733,CONTEXT_CONFLICT,70,100,evidence_quote,MERGE,"Backfill 2026-09-01: both lanes transcribed the numbered footnote identically; the quote keeps the printed marker and, where lane A recorded it, condition_raw names the table the footnote governs.",RESOLVED,A+B+ADJUDICATOR,e56a601bd6fc8250db7675fad2cc69f72aa70aa5ff4dd63cc0176ad602482f9f
977d05653af91ee7fdd0,SRC606,6,PAIR_E2DAB2EABFFC5079C9D3A964,CONTEXT_CONFLICT,71,101,evidence_quote,MERGE,"Backfill 2026-09-01: both lanes transcribed the numbered footnote identically; the quote keeps the printed marker and, where lane A recorded it, condition_raw names the table the footnote governs.",RESOLVED,A+B+ADJUDICATOR,e56a601bd6fc8250db7675fad2cc69f72aa70aa5ff4dd63cc0176ad602482f9f
bd420eddd1571dcb5faf,SRC606,6,PAIR_84D961E9E53CE7F51270869A,CONTEXT_CONFLICT,72,102,evidence_quote,MERGE,"Backfill 2026-09-01: both lanes transcribed the numbered footnote identically; the quote keeps the printed marker and, where lane A recorded it, condition_raw names the table the footnote governs.",RESOLVED,A+B+ADJUDICATOR,e56a601bd6fc8250db7675fad2cc69f72aa70aa5ff4dd63cc0176ad602482f9f
ce82d071f284b9100e5f,SRC606,6,PAIR_08E7C9623B3EC28AC125698D,CONTEXT_CONFLICT,73,103,evidence_quote,MERGE,"Backfill 2026-09-01: both lanes transcribed the numbered footnote identically; the quote keeps the printed marker and, where lane A recorded it, condition_raw names the table the footnote governs.",RESOLVED,A+B+ADJUDICATOR,e56a601bd6fc8250db7675fad2cc69f72aa70aa5ff4dd63cc0176ad602482f9f
2e510287c88900cd1ea4,SRC606,6,PAIR_1962C0B429627C9F3F003C13,CONTEXT_CONFLICT,74,104,evidence_quote,MERGE,"Backfill 2026-09-01: both lanes transcribed the numbered footnote identically; the quote keeps the printed marker and, where lane A recorded it, condition_raw names the table the footnote governs.",RESOLVED,A+B+ADJUDICATOR,e56a601bd6fc8250db7675fad2cc69f72aa70aa5ff4dd63cc0176ad602482f9f
f56695bee5d722468f96,SRC606,6,PAIR_FD5470F0EACDA9CF346E236D,CONTEXT_CONFLICT,75,105,evidence_quote,MERGE,"Backfill 2026-09-01: both lanes transcribed the numbered footnote identically; the quote keeps the printed marker and, where lane A recorded it, condition_raw names the table the footnote governs.",RESOLVED,A+B+ADJUDICATOR,e56a601bd6fc8250db7675fad2cc69f72aa70aa5ff4dd63cc0176ad602482f9f
d1b8eb98e63a0f4557d8,SRC606,6,PAIR_BAC3071D33CCA43CA5C2F5B8,CONTEXT_CONFLICT,76,106,evidence_quote,MERGE,"Backfill 2026-09-01: both lanes transcribed the numbered footnote identically; the quote keeps the printed marker and, where lane A recorded it, condition_raw names the table the footnote governs.",RESOLVED,A+B+ADJUDICATOR,e56a601bd6fc8250db7675fad2cc69f72aa70aa5ff4dd63cc0176ad602482f9f
cd471bf72e8fbfeb9634,SRC606,6,PAIR_153D8A95D699A5E96A1412EB,CONTEXT_CONFLICT,77,107,evidence_quote,MERGE,"Backfill 2026-09-01: both lanes transcribed the numbered footnote identically; the quote keeps the printed marker and, where lane A recorded it, condition_raw names the table the footnote governs.",RESOLVED,A+B+ADJUDICATOR,e56a601bd6fc8250db7675fad2cc69f72aa70aa5ff4dd63cc0176ad602482f9f
6ff938c48e3291b9d7c6,SRC606,6,PAIR_D7EF1BB10656D6821D40A626,CONTEXT_CONFLICT,78,108,evidence_quote,MERGE,"Backfill 2026-09-01: both lanes transcribed the numbered footnote identically; the quote keeps the printed marker and, where lane A recorded it, condition_raw names the table the footnote governs.",RESOLVED,A+B+ADJUDICATOR,e56a601bd6fc8250db7675fad2cc69f72aa70aa5ff4dd63cc0176ad602482f9f
1860021a692b294f7fa7,SRC606,6,PAIR_D179B72E408F8EF5034659C5,CONTEXT_CONFLICT,79,109,evidence_quote,MERGE,"Backfill 2026-09-01: both lanes transcribed the numbered footnote identically; the quote keeps the printed marker and, where lane A recorded it, condition_raw names the table the footnote governs.",RESOLVED,A+B+ADJUDICATOR,e56a601bd6fc8250db7675fad2cc69f72aa70aa5ff4dd63cc0176ad602482f9f
4160d1c1b75fa99e32b5,SRC606,6,PAIR_AAD7B1267876D58D82CFB57C,CONTEXT_CONFLICT,80,110,evidence_quote,MERGE,"Backfill 2026-09-01: both lanes transcribed the numbered footnote identically; the quote keeps the printed marker and, where lane A recorded it, condition_raw names the table the footnote governs.",RESOLVED,A+B+ADJUDICATOR,e56a601bd6fc8250db7675fad2cc69f72aa70aa5ff4dd63cc0176ad602482f9f
717c71e8a3d56d21abb9,SRC606,6,PAIR_384AF93AB986AC32F4D1EBE7,CONTEXT_CONFLICT,81,111,condition_raw|evidence_quote,MERGE,"Backfill 2026-09-01: both lanes transcribed the numbered footnote identically; the quote keeps the printed marker and, where lane A recorded it, condition_raw names the table the footnote governs.",RESOLVED,A+B+ADJUDICATOR,e56a601bd6fc8250db7675fad2cc69f72aa70aa5ff4dd63cc0176ad602482f9f
e65ef0c96d47d122b118,SRC606,7,PAIR_979445DFD8582E62E7986890,CONTEXT_CONFLICT,82,112,source_section|condition_raw|evidence_quote,MERGE,"Backfill 2026-09-01: both lanes transcribed footnote 17 identically; page 7 prints no section heading, so the section stays blank and condition_raw names the awards block the footnote governs.",RESOLVED,A+B+ADJUDICATOR,e56a601bd6fc8250db7675fad2cc69f72aa70aa5ff4dd63cc0176ad602482f9f
85b226b2ee5e0b18fb13,SRC606,8,PAIR_B3FE9C38CD3EDC11F72E677B,CONTEXT_CONFLICT,83,113,definition_keys,MERGE,"Backfill 2026-09-01: both lanes transcribed the defined term identically; the key is the term in upper snake case, the text starts at the defined term, and the quote is the term's first printed line.",RESOLVED,A+B+ADJUDICATOR,e56a601bd6fc8250db7675fad2cc69f72aa70aa5ff4dd63cc0176ad602482f9f
fb966411ce0fb2c7e7c9,SRC606,8,PAIR_096B9F9D351808B0084CDD83,VALUE_CONFLICT,84,114,text_raw|definition_keys,MERGE,"Backfill 2026-09-01: both lanes transcribed the defined term identically; the key is the term in upper snake case, the text starts at the defined term, and the quote is the term's first printed line.",RESOLVED,A+B+ADJUDICATOR,e56a601bd6fc8250db7675fad2cc69f72aa70aa5ff4dd63cc0176ad602482f9f
26075101d2e127730dd0,SRC606,8,PAIR_C25AF2A481A5E2C509B5398A,A_ONLY,85,,,ACCEPT_A,"The page-8 note on loss performance was transcribed by both lanes under two row labels, so it did not pair. Lane A's row keeps the printed opening word Note in the text and names the note by what it is about; lane B's copy of the same note is rejected as a duplicate.",VERIFIED_ONE_SIDED,A,e56a601bd6fc8250db7675fad2cc69f72aa70aa5ff4dd63cc0176ad602482f9f
c7f9d688b98c475cb399,SRC606,8,PAIR_9C65EA3D54B240BD530319BF,CONTEXT_CONFLICT,86,115,definition_keys,MERGE,"Backfill 2026-09-01: both lanes transcribed the defined term identically; the key is the term in upper snake case, the text starts at the defined term, and the quote is the term's first printed line.",RESOLVED,A+B+ADJUDICATOR,e56a601bd6fc8250db7675fad2cc69f72aa70aa5ff4dd63cc0176ad602482f9f
3834efdd1e5b32bd0b5b,SRC606,8,PAIR_6A6B51915355A199812F232F,EXACT,87,117,,CONFIRM,Automatic exact pair,AGREED,A+B,e56a601bd6fc8250db7675fad2cc69f72aa70aa5ff4dd63cc0176ad602482f9f
1e51c5840fe2fd33d852,SRC606,8,PAIR_EDE0AACDD9E374E5944CFD9C,EXACT,88,118,,CONFIRM,Automatic exact pair,AGREED,A+B,e56a601bd6fc8250db7675fad2cc69f72aa70aa5ff4dd63cc0176ad602482f9f
de5a2fff3bcbf8ec3276,SRC606,8,PAIR_DC2577AF9B23FD131CB44A74,EXACT,89,119,,CONFIRM,Automatic exact pair,AGREED,A+B,e56a601bd6fc8250db7675fad2cc69f72aa70aa5ff4dd63cc0176ad602482f9f
1f185a8cae6105a30c7e,SRC606,8,PAIR_30C454353EA03D67A55B4DB6,EXACT,90,120,,CONFIRM,Automatic exact pair,AGREED,A+B,e56a601bd6fc8250db7675fad2cc69f72aa70aa5ff4dd63cc0176ad602482f9f
b99cf1d08c022b785015,SRC606,8,PAIR_4CD6D32DA6ED1868A7B2FEFA,CONTEXT_CONFLICT,91,121,definition_keys,MERGE,"Backfill 2026-09-01: both lanes transcribed the defined term identically; the key is the term in upper snake case, the text starts at the defined term, and the quote is the term's first printed line.",RESOLVED,A+B+ADJUDICATOR,e56a601bd6fc8250db7675fad2cc69f72aa70aa5ff4dd63cc0176ad602482f9f
bf8c518433eab0f62fc9,SRC606,8,PAIR_2667EFB28D4BA4BFD210EF9D,CONTEXT_CONFLICT,92,122,definition_keys,MERGE,"Backfill 2026-09-01: both lanes transcribed the defined term identically; the key is the term in upper snake case, the text starts at the defined term, and the quote is the term's first printed line.",RESOLVED,A+B+ADJUDICATOR,e56a601bd6fc8250db7675fad2cc69f72aa70aa5ff4dd63cc0176ad602482f9f
5a8f7668875311c251fe,SRC606,8,PAIR_EB84727239B7DA7EC42D0AF3,CONTEXT_CONFLICT,93,123,definition_keys,MERGE,"Backfill 2026-09-01: both lanes transcribed the defined term identically; the key is the term in upper snake case, the text starts at the defined term, and the quote is the term's first printed line.",RESOLVED,A+B+ADJUDICATOR,e56a601bd6fc8250db7675fad2cc69f72aa70aa5ff4dd63cc0176ad602482f9f
18347040c23dcddcdbf0,SRC606,8,PAIR_79D075DB84DFAA9F68963C81,CONTEXT_CONFLICT,94,124,definition_keys,MERGE,"Backfill 2026-09-01: both lanes transcribed the defined term identically; the key is the term in upper snake case, the text starts at the defined term, and the quote is the term's first printed line.",RESOLVED,A+B+ADJUDICATOR,e56a601bd6fc8250db7675fad2cc69f72aa70aa5ff4dd63cc0176ad602482f9f
c65637c54c3d2ef15c33,SRC606,8,PAIR_037BC488258FDF5EC8EFD505,CONTEXT_CONFLICT,95,125,evidence_quote|definition_keys,MERGE,"Backfill 2026-09-01: both lanes transcribed the defined term identically; the key is the term in upper snake case, the text starts at the defined term, and the quote is the term's first printed line.",RESOLVED,A+B+ADJUDICATOR,e56a601bd6fc8250db7675fad2cc69f72aa70aa5ff4dd63cc0176ad602482f9f
10a6a3c8d19a2366f8a4,SRC606,8,PAIR_2489550FB0C267C68FAD7523,CONTEXT_CONFLICT,96,126,definition_keys,MERGE,"Backfill 2026-09-01: both lanes transcribed the defined term identically; the key is the term in upper snake case, the text starts at the defined term, and the quote is the term's first printed line.",RESOLVED,A+B+ADJUDICATOR,e56a601bd6fc8250db7675fad2cc69f72aa70aa5ff4dd63cc0176ad602482f9f
c90119e60702a33108c4,SRC606,8,PAIR_39FC90FF6748DFD98EEF34A4,CONTEXT_CONFLICT,97,127,definition_keys,MERGE,"Backfill 2026-09-01: both lanes transcribed the defined term identically; the key is the term in upper snake case, the text starts at the defined term, and the quote is the term's first printed line.",RESOLVED,A+B+ADJUDICATOR,e56a601bd6fc8250db7675fad2cc69f72aa70aa5ff4dd63cc0176ad602482f9f
77b70e2c7d72b3e2fd5e,SRC606,8,PAIR_BC96A96AA91E920A6B0236E5,CONTEXT_CONFLICT,98,128,definition_keys,MERGE,"Backfill 2026-09-01: both lanes transcribed the defined term identically; the key is the term in upper snake case, the text starts at the defined term, and the quote is the term's first printed line.",RESOLVED,A+B+ADJUDICATOR,e56a601bd6fc8250db7675fad2cc69f72aa70aa5ff4dd63cc0176ad602482f9f
19f48d79bc341d07f3eb,SRC606,8,PAIR_62D50B8855B679E673AF5EC7,CONTEXT_CONFLICT,99,129,definition_keys,MERGE,"Backfill 2026-09-01: both lanes transcribed the defined term identically; the key is the term in upper snake case, the text starts at the defined term, and the quote is the term's first printed line.",RESOLVED,A+B+ADJUDICATOR,e56a601bd6fc8250db7675fad2cc69f72aa70aa5ff4dd63cc0176ad602482f9f
787ba535b9a0e73493d2,SRC606,8,PAIR_DF9850F24729DD7CD1A1715D,CONTEXT_CONFLICT,100,130,evidence_quote|definition_keys,MERGE,"Backfill 2026-09-01: both lanes transcribed the defined term identically; the key is the term in upper snake case, the text starts at the defined term, and the quote is the term's first printed line.",RESOLVED,A+B+ADJUDICATOR,e56a601bd6fc8250db7675fad2cc69f72aa70aa5ff4dd63cc0176ad602482f9f
e373990d467861509ba7,SRC606,8,PAIR_513D10C8A47ADDE5F68F59AE,EXACT,101,131,,CONFIRM,"Sampled exact pair: both lanes agree on the cell and, after the backfill, on its qualifiers.",AGREED,A+B,e56a601bd6fc8250db7675fad2cc69f72aa70aa5ff4dd63cc0176ad602482f9f
3f7b8db49f3bbf0e4a3d,SRC606,8,PAIR_43771119F688F2CA7A40816D,CONTEXT_CONFLICT,102,132,definition_keys,MERGE,"Backfill 2026-09-01: both lanes transcribed the defined term identically; the key is the term in upper snake case, the text starts at the defined term, and the quote is the term's first printed line.",RESOLVED,A+B+ADJUDICATOR,e56a601bd6fc8250db7675fad2cc69f72aa70aa5ff4dd63cc0176ad602482f9f
25825eb223a59bac1d6a,SRC107,4,PAIR_8B2D8664C5218E2765CCBEA8,B_ONLY,,1,,MERGE,"Verified against page-004.png. A returned zero for this page and did not check its layout; the page prints 'Today, we manage approximately $36 billion in assets', a stated fact about the responding company, so the one-sided row is confirmed from the source. subject_type is 'manager': the label names the management company, and the vocabulary has a word for that, while reporting_entity is for an entity's own aggregate line. subject_name is the fullest form page 4 prints, its 'Company name' value. source_section is the black INVESTMENT MANAGER INFORMATION banner this page prints above the block. source_column_label is UNLABELED_COLUMN_1. The questionnaire is a ruled two-column table, question on the left and answer on the right, and no page prints a header over either column; the contract's rule for a TABLE row with no printed header is UNLABELED_COLUMN_<n> counting the label column as 0. A's 'Answer' appears nowhere on any page. This one field split 56 of the 72 pairs into one-sided rows. metric_name is the printed question, which is this table's row label: the rows are the measures and the single column is unheaded, so the row label names the metric. A's descriptive names are not printed anywhere and the contract forbids paraphrasing the printed words.; Source review: p4: BSAM (The named company, category, or fund determines the reported asset population.) | p4: BSAM (Printed heading or definition supporting the source-reviewed qualifier.) | p4: BSAM (Supersedes SR2485: the printed entity or table label is context, not a measurement basis; source labels retain its scope.)",RESOLVED,B+ADJUDICATOR,440fe73f9d712e511d30234a8466716627c6336e7e0990ca47a396b40bc7cd15
ff36051386746c057364,SRC107,4,PAIR_1A5D1225F01B8883A7AA5C4D,B_ONLY,,2,,MERGE,"Verified against page-001.png and page-004.png. The lanes filed the context row on pages 4 and 13 and neither on page 1, so it did not pair; it is merged here as one row. The contract fixes the context row on page 1, but page 1 of this document is a pure cover, printing the title, the publisher and a distribution note and no quantitative answer, and the pipeline rejects a page whose only record is the context row. The two rules cannot both hold for a cover-page document. I placed it on page 4, the first page of the questionnaire body, which prints the document's own identity (Company name, the fund it covers, the correct-as-at date) and carries an observation of its own. Every field is read off page 4: subject_name is the running title its footer prints, manager_name the printed 'Company name' value, as_of_date the printed NB line verbatim in its printed case. B's subject_name came from page 1's cover box, which page 4 does not print.",RESOLVED,B+ADJUDICATOR,440fe73f9d712e511d30234a8466716627c6336e7e0990ca47a396b40bc7cd15
9602c5bc457d6746242d,SRC107,5,PAIR_8ACD747A3CEA222D8A2F24BB,B_ONLY,,3,,MERGE,"Verified against page-005.png. A returned zero for this page. The answer to the total-assets question begins here and prints '$36.1 billion' with its own date; the four category figures that complete the same sentence print overleaf and are recorded on page 6, each row citing the page its own figure sits on. subject_name is 'BSAM', the only form page 5 prints for the manager, because a value must be visible on the page cited. Page 5 prints no black banner, so source_section is blank. source_column_label is UNLABELED_COLUMN_1. The questionnaire is a ruled two-column table, question on the left and answer on the right, and no page prints a header over either column; the contract's rule for a TABLE row with no printed header is UNLABELED_COLUMN_<n> counting the label column as 0. A's 'Answer' appears nowhere on any page. This one field split 56 of the 72 pairs into one-sided rows. metric_name is the printed question, which is this table's row label: the rows are the measures and the single column is unheaded, so the row label names the metric. A's descriptive names are not printed anywhere and the contract forbids paraphrasing the printed words.; Source review: p5: BSAM (The named company, category, or fund determines the reported asset population.) | p5: BSAM (Printed heading or definition supporting the source-reviewed qualifier.) | p5: BSAM (Supersedes SR2486: the printed entity or table label is context, not a measurement basis; source labels retain its scope.)",RESOLVED,B+ADJUDICATOR,440fe73f9d712e511d30234a8466716627c6336e7e0990ca47a396b40bc7cd15
e06f9f13030ee5b02047,SRC107,6,PAIR_BCBB8C92E8B69B4CACA5D73F,B_ONLY,,4,,MERGE,"Verified against page-005.png and page-006.png. Same printed figure both lanes read; they did not pair only because of the column label. source_column_label is UNLABELED_COLUMN_1. The questionnaire is a ruled two-column table, question on the left and answer on the right, and no page prints a header over either column; the contract's rule for a TABLE row with no printed header is UNLABELED_COLUMN_<n> counting the label column as 0. A's 'Answer' appears nowhere on any page. This one field split 56 of the 72 pairs into one-sided rows. metric_name is the printed question, which is this table's row label: the rows are the measures and the single column is unheaded, so the row label names the metric. A's descriptive names are not printed anywhere and the contract forbids paraphrasing the printed words. subject_name is the printed category the figure attaches to, which is what distinguishes the four rows of this one answer; A gave all four the fund's or the manager's name and carried the distinction in an unprinted metric_name instead. currency_scale is the printed magnitude word.; Source review: p6: BSAM (The named company, category, or fund determines the reported asset population.) | p6: BSAM (Printed heading or definition supporting the source-reviewed qualifier.) | p6: BSAM (Supersedes SR2487: the printed entity or table label is context, not a measurement basis; source labels retain its scope.)",RESOLVED,B+ADJUDICATOR,440fe73f9d712e511d30234a8466716627c6336e7e0990ca47a396b40bc7cd15
2c6bdf9f60dced5318db,SRC107,6,PAIR_CD191E0576C212DB8157B9BD,B_ONLY,,5,,MERGE,"Verified against page-005.png and page-006.png. Same printed figure both lanes read; they did not pair only because of the column label. source_column_label is UNLABELED_COLUMN_1. The questionnaire is a ruled two-column table, question on the left and answer on the right, and no page prints a header over either column; the contract's rule for a TABLE row with no printed header is UNLABELED_COLUMN_<n> counting the label column as 0. A's 'Answer' appears nowhere on any page. This one field split 56 of the 72 pairs into one-sided rows. metric_name is the printed question, which is this table's row label: the rows are the measures and the single column is unheaded, so the row label names the metric. A's descriptive names are not printed anywhere and the contract forbids paraphrasing the printed words. subject_name is the printed category the figure attaches to, which is what distinguishes the four rows of this one answer; A gave all four the fund's or the manager's name and carried the distinction in an unprinted metric_name instead. currency_scale is the printed magnitude word.; Source review: p6: BSAM (The named company, category, or fund determines the reported asset population.) | p6: BSAM (Printed heading or definition supporting the source-reviewed qualifier.) | p6: BSAM (Supersedes SR2488: the printed entity or table label is context, not a measurement basis; source labels retain its scope.)",RESOLVED,B+ADJUDICATOR,440fe73f9d712e511d30234a8466716627c6336e7e0990ca47a396b40bc7cd15
071a8646409544364117,SRC107,6,PAIR_FB4CAE90D2E7AAEE010434A5,B_ONLY,,6,,MERGE,"Verified against page-005.png and page-006.png. Same printed figure both lanes read; they did not pair only because of the column label. source_column_label is UNLABELED_COLUMN_1. The questionnaire is a ruled two-column table, question on the left and answer on the right, and no page prints a header over either column; the contract's rule for a TABLE row with no printed header is UNLABELED_COLUMN_<n> counting the label column as 0. A's 'Answer' appears nowhere on any page. This one field split 56 of the 72 pairs into one-sided rows. metric_name is the printed question, which is this table's row label: the rows are the measures and the single column is unheaded, so the row label names the metric. A's descriptive names are not printed anywhere and the contract forbids paraphrasing the printed words. subject_name is the printed category the figure attaches to, which is what distinguishes the four rows of this one answer; A gave all four the fund's or the manager's name and carried the distinction in an unprinted metric_name instead. currency_scale is the printed magnitude word.; Source review: p6: BSAM (The named company, category, or fund determines the reported asset population.) | p6: BSAM (Printed heading or definition supporting the source-reviewed qualifier.) | p6: BSAM (Supersedes SR2489: the printed entity or table label is context, not a measurement basis; source labels retain its scope.)",RESOLVED,B+ADJUDICATOR,440fe73f9d712e511d30234a8466716627c6336e7e0990ca47a396b40bc7cd15
4a56765126621f634ba2,SRC107,6,PAIR_A04845290B11D1125C755DC4,B_ONLY,,7,,MERGE,"Verified against page-005.png and page-006.png. Same printed figure both lanes read; they did not pair only because of the column label. source_column_label is UNLABELED_COLUMN_1. The questionnaire is a ruled two-column table, question on the left and answer on the right, and no page prints a header over either column; the contract's rule for a TABLE row with no printed header is UNLABELED_COLUMN_<n> counting the label column as 0. A's 'Answer' appears nowhere on any page. This one field split 56 of the 72 pairs into one-sided rows. metric_name is the printed question, which is this table's row label: the rows are the measures and the single column is unheaded, so the row label names the metric. A's descriptive names are not printed anywhere and the contract forbids paraphrasing the printed words. subject_name is the printed category the figure attaches to, which is what distinguishes the four rows of this one answer; A gave all four the fund's or the manager's name and carried the distinction in an unprinted metric_name instead. currency_scale is the printed magnitude word.; Source review: p6: BSAM (The named company, category, or fund determines the reported asset population.) | p6: BSAM (Printed heading or definition supporting the source-reviewed qualifier.) | p6: BSAM (Supersedes SR2490: the printed entity or table label is context, not a measurement basis; source labels retain its scope.)",RESOLVED,B+ADJUDICATOR,440fe73f9d712e511d30234a8466716627c6336e7e0990ca47a396b40bc7cd15
19c8d1d6073c4a917508,SRC107,6,PAIR_A4B2BF9C545D809489C26A83,CLASSIFICATION_CONFLICT,5,8,source_section|source_column_label|subject_type|subject_name|metric_name,MERGE,"Verified against page-006.png. subject_type is 'manager', naming the company the count is about; subject_name is 'Bear Stearns', the only form this page prints for the parent in this answer. as_of_date is the date the answer itself prints, which both lanes left blank on a page that states it. source_column_label is UNLABELED_COLUMN_1. The questionnaire is a ruled two-column table, question on the left and answer on the right, and no page prints a header over either column; the contract's rule for a TABLE row with no printed header is UNLABELED_COLUMN_<n> counting the label column as 0. A's 'Answer' appears nowhere on any page. This one field split 56 of the 72 pairs into one-sided rows. metric_name is the printed question, which is this table's row label: the rows are the measures and the single column is unheaded, so the row label names the metric. A's descriptive names are not printed anywhere and the contract forbids paraphrasing the printed words.",RESOLVED,A+B+ADJUDICATOR,440fe73f9d712e511d30234a8466716627c6336e7e0990ca47a396b40bc7cd15
8f1d9e362183027123e2,SRC107,6,PAIR_28C55C5ECEC08B93003A3885,CLASSIFICATION_CONFLICT,6,9,source_section|source_column_label|subject_type|subject_name|metric_name,MERGE,"Verified against page-006.png. The second figure of the same answer, BSAM's share of that headcount, under the same printed date. source_column_label is UNLABELED_COLUMN_1. The questionnaire is a ruled two-column table, question on the left and answer on the right, and no page prints a header over either column; the contract's rule for a TABLE row with no printed header is UNLABELED_COLUMN_<n> counting the label column as 0. A's 'Answer' appears nowhere on any page. This one field split 56 of the 72 pairs into one-sided rows. metric_name is the printed question, which is this table's row label: the rows are the measures and the single column is unheaded, so the row label names the metric. A's descriptive names are not printed anywhere and the contract forbids paraphrasing the printed words.",RESOLVED,A+B+ADJUDICATOR,440fe73f9d712e511d30234a8466716627c6336e7e0990ca47a396b40bc7cd15
31001343c614d7812b04,SRC107,6,PAIR_540C27541AECE542730A7CC6,B_ONLY,,10,,MERGE,"Verified against page-006.png. source_column_label is UNLABELED_COLUMN_1. The questionnaire is a ruled two-column table, question on the left and answer on the right, and no page prints a header over either column; the contract's rule for a TABLE row with no printed header is UNLABELED_COLUMN_<n> counting the label column as 0. A's 'Answer' appears nowhere on any page. This one field split 56 of the 72 pairs into one-sided rows. metric_name is the printed question, which is this table's row label: the rows are the measures and the single column is unheaded, so the row label names the metric. A's descriptive names are not printed anywhere and the contract forbids paraphrasing the printed words. subject_name is the printed staff category the count attaches to, which is the only thing distinguishing these four rows once metric_name is the printed question.",RESOLVED,B+ADJUDICATOR,440fe73f9d712e511d30234a8466716627c6336e7e0990ca47a396b40bc7cd15
27c325957d84c2390166,SRC107,6,PAIR_CD6CDC677DD4D63D65D01C96,B_ONLY,,11,,MERGE,"Verified against page-006.png. source_column_label is UNLABELED_COLUMN_1. The questionnaire is a ruled two-column table, question on the left and answer on the right, and no page prints a header over either column; the contract's rule for a TABLE row with no printed header is UNLABELED_COLUMN_<n> counting the label column as 0. A's 'Answer' appears nowhere on any page. This one field split 56 of the 72 pairs into one-sided rows. metric_name is the printed question, which is this table's row label: the rows are the measures and the single column is unheaded, so the row label names the metric. A's descriptive names are not printed anywhere and the contract forbids paraphrasing the printed words. subject_name is the printed staff category the count attaches to, which is the only thing distinguishing these four rows once metric_name is the printed question.",RESOLVED,B+ADJUDICATOR,440fe73f9d712e511d30234a8466716627c6336e7e0990ca47a396b40bc7cd15
d18aa02780c6448afaed,SRC107,6,PAIR_1DDE2FFA894490C54E18CA62,B_ONLY,,12,,MERGE,"Verified against page-006.png. source_column_label is UNLABELED_COLUMN_1. The questionnaire is a ruled two-column table, question on the left and answer on the right, and no page prints a header over either column; the contract's rule for a TABLE row with no printed header is UNLABELED_COLUMN_<n> counting the label column as 0. A's 'Answer' appears nowhere on any page. This one field split 56 of the 72 pairs into one-sided rows. metric_name is the printed question, which is this table's row label: the rows are the measures and the single column is unheaded, so the row label names the metric. A's descriptive names are not printed anywhere and the contract forbids paraphrasing the printed words. subject_name is the printed staff category the count attaches to, which is the only thing distinguishing these four rows once metric_name is the printed question.",RESOLVED,B+ADJUDICATOR,440fe73f9d712e511d30234a8466716627c6336e7e0990ca47a396b40bc7cd15
63ed1c4493833890fdcb,SRC107,6,PAIR_6BCA784E13A84F7E6029963A,B_ONLY,,13,,MERGE,"Verified against page-006.png. source_column_label is UNLABELED_COLUMN_1. The questionnaire is a ruled two-column table, question on the left and answer on the right, and no page prints a header over either column; the contract's rule for a TABLE row with no printed header is UNLABELED_COLUMN_<n> counting the label column as 0. A's 'Answer' appears nowhere on any page. This one field split 56 of the 72 pairs into one-sided rows. metric_name is the printed question, which is this table's row label: the rows are the measures and the single column is unheaded, so the row label names the metric. A's descriptive names are not printed anywhere and the contract forbids paraphrasing the printed words. subject_name is the printed staff category the count attaches to, which is the only thing distinguishing these four rows once metric_name is the printed question.",RESOLVED,B+ADJUDICATOR,440fe73f9d712e511d30234a8466716627c6336e7e0990ca47a396b40bc7cd15
0a0939419125a455ea4b,SRC107,6,PAIR_3E4721051BD1DB52170138C5,B_ONLY,,14,,MERGE,"Verified against page-006.png. subject_type is 'investor': the label names a holder of Bear Stearns stock, and A's 'manager' is wrong because employees and an outside holder are not a manager. subject_name is the printed holder. source_column_label is UNLABELED_COLUMN_1. The questionnaire is a ruled two-column table, question on the left and answer on the right, and no page prints a header over either column; the contract's rule for a TABLE row with no printed header is UNLABELED_COLUMN_<n> counting the label column as 0. A's 'Answer' appears nowhere on any page. This one field split 56 of the 72 pairs into one-sided rows. metric_name is the printed question, which is this table's row label: the rows are the measures and the single column is unheaded, so the row label names the metric. A's descriptive names are not printed anywhere and the contract forbids paraphrasing the printed words.",RESOLVED,B+ADJUDICATOR,440fe73f9d712e511d30234a8466716627c6336e7e0990ca47a396b40bc7cd15
078e5f6dddbd31a27551,SRC107,6,PAIR_35AC3CECE5A015A28CA22612,B_ONLY,,15,,MERGE,"Verified against page-006.png. subject_type is 'investor': the label names a holder of Bear Stearns stock, and A's 'manager' is wrong because employees and an outside holder are not a manager. subject_name is the printed holder. source_column_label is UNLABELED_COLUMN_1. The questionnaire is a ruled two-column table, question on the left and answer on the right, and no page prints a header over either column; the contract's rule for a TABLE row with no printed header is UNLABELED_COLUMN_<n> counting the label column as 0. A's 'Answer' appears nowhere on any page. This one field split 56 of the 72 pairs into one-sided rows. metric_name is the printed question, which is this table's row label: the rows are the measures and the single column is unheaded, so the row label names the metric. A's descriptive names are not printed anywhere and the contract forbids paraphrasing the printed words.",RESOLVED,B+ADJUDICATOR,440fe73f9d712e511d30234a8466716627c6336e7e0990ca47a396b40bc7cd15
51df2a1a98b6c6672aac,SRC107,6,PAIR_CADA0D8FC368F8EDC59BE085,B_ONLY,,16,,MERGE,"Verified against page-006.png. subject_type is 'investor': the label names a holder of Bear Stearns stock, and A's 'manager' is wrong because employees and an outside holder are not a manager. subject_name is the printed holder. source_column_label is UNLABELED_COLUMN_1. The questionnaire is a ruled two-column table, question on the left and answer on the right, and no page prints a header over either column; the contract's rule for a TABLE row with no printed header is UNLABELED_COLUMN_<n> counting the label column as 0. A's 'Answer' appears nowhere on any page. This one field split 56 of the 72 pairs into one-sided rows. metric_name is the printed question, which is this table's row label: the rows are the measures and the single column is unheaded, so the row label names the metric. A's descriptive names are not printed anywhere and the contract forbids paraphrasing the printed words.",RESOLVED,B+ADJUDICATOR,440fe73f9d712e511d30234a8466716627c6336e7e0990ca47a396b40bc7cd15
adc084d2ac26c8fb2338,SRC107,7,PAIR_703B5E7719CFB78F49817E84,CLASSIFICATION_CONFLICT,14,18,source_section|source_column_label|subject_name,MERGE,"Verified against page-007.png. Both lanes read 20% off the printed 'Incentive fee' row; the disagreement is the column label and the section. source_column_label is UNLABELED_COLUMN_1. The questionnaire is a ruled two-column table, question on the left and answer on the right, and no page prints a header over either column; the contract's rule for a TABLE row with no printed header is UNLABELED_COLUMN_<n> counting the label column as 0. A's 'Answer' appears nowhere on any page. This one field split 56 of the 72 pairs into one-sided rows. source_section is the black part banner the page prints, and source_table the grey block banner; these are per-page facts, so a page printing no black banner leaves source_section blank. B set source_section to the grey banner it had already used for source_table: page 7 prints no black banner, so source_section is blank and FEES is the block banner in source_table.",RESOLVED,A+B+ADJUDICATOR,440fe73f9d712e511d30234a8466716627c6336e7e0990ca47a396b40bc7cd15
f38eddae6f1e52cb0fcf,SRC107,7,PAIR_85D5CED2F6CE42950F085368,CLASSIFICATION_CONFLICT,15,19,source_section|source_column_label|subject_name|evidence_quote,MERGE,"Verified against page-007.png. Same printed 2% both lanes read. evidence_quote is B's clean line; A's carries an OCR corruption of the row label ('Manage1lMtnt fee'). source_column_label is UNLABELED_COLUMN_1. The questionnaire is a ruled two-column table, question on the left and answer on the right, and no page prints a header over either column; the contract's rule for a TABLE row with no printed header is UNLABELED_COLUMN_<n> counting the label column as 0. A's 'Answer' appears nowhere on any page. This one field split 56 of the 72 pairs into one-sided rows. source_section is the black part banner the page prints, and source_table the grey block banner; these are per-page facts, so a page printing no black banner leaves source_section blank. B set source_section to the grey banner it had already used for source_table.",RESOLVED,A+B+ADJUDICATOR,440fe73f9d712e511d30234a8466716627c6336e7e0990ca47a396b40bc7cd15
9d02ed1e5207b4f3e374,SRC107,7,PAIR_9EF82A1A581A5D80BF57C03D,B_ONLY,,20,,MERGE,"Verified against page-007.png. A returned only two rows for this page. The printed 'Redemption fee' answer states a 60-day notice period for fee-free withdrawal, which is a redemption_notice fact the page prints here as well as on page 8; each printed cell on its own page is its own observation. the value column carries the numeral and nothing else, so a printed period word goes in `unit`; B kept it inside the value, so the value is 60 with unit days.",RESOLVED,B+ADJUDICATOR,440fe73f9d712e511d30234a8466716627c6336e7e0990ca47a396b40bc7cd15
64b8cfcc40cc63ec9105,SRC107,7,PAIR_F1AF28FE503ABDF2D50E64D1,B_ONLY,,21,,MERGE,"Verified against page-007.png. The 40-day special-withdrawal notice period from the same printed answer. the value column carries the numeral and nothing else, so a printed period word goes in `unit`; B kept it inside the value.",RESOLVED,B+ADJUDICATOR,440fe73f9d712e511d30234a8466716627c6336e7e0990ca47a396b40bc7cd15
226960b82727b323e6ef,SRC107,7,PAIR_2659AC5977113F961E7F6D22,B_ONLY,,23,,MERGE,"Verified against page-007.png. A returned nothing from the FUND DETAILS block. The printed answer states '2x and 3x leveraged versions of the Fund are available for investment', two printed multiples, so two rows. source_column_label is UNLABELED_COLUMN_1. The questionnaire is a ruled two-column table, question on the left and answer on the right, and no page prints a header over either column; the contract's rule for a TABLE row with no printed header is UNLABELED_COLUMN_<n> counting the label column as 0. A's 'Answer' appears nowhere on any page. This one field split 56 of the 72 pairs into one-sided rows. source_section is the black part banner the page prints, and source_table the grey block banner; these are per-page facts, so a page printing no black banner leaves source_section blank. B set source_section to the grey banner it had already used for source_table.",RESOLVED,B+ADJUDICATOR,440fe73f9d712e511d30234a8466716627c6336e7e0990ca47a396b40bc7cd15
c575324489cece211d81,SRC107,7,PAIR_D74DC7668020AB11041F4171,B_ONLY,,24,,MERGE,"Verified against page-007.png. The second printed multiple in the same answer. source_column_label is UNLABELED_COLUMN_1. The questionnaire is a ruled two-column table, question on the left and answer on the right, and no page prints a header over either column; the contract's rule for a TABLE row with no printed header is UNLABELED_COLUMN_<n> counting the label column as 0. A's 'Answer' appears nowhere on any page. This one field split 56 of the 72 pairs into one-sided rows. source_section is the black part banner the page prints, and source_table the grey block banner; these are per-page facts, so a page printing no black banner leaves source_section blank. B set source_section to the grey banner it had already used for source_table.",RESOLVED,B+ADJUDICATOR,440fe73f9d712e511d30234a8466716627c6336e7e0990ca47a396b40bc7cd15
f51397ff07c45bfd9882,SRC107,8,PAIR_9A3A470ACEA010ACC5C30DEA,B_ONLY,,25,,MERGE,"Verified against page-008.png. Both lanes read the same printed '1 year lock-up period'; they split on the column label. source_column_label is UNLABELED_COLUMN_1. The questionnaire is a ruled two-column table, question on the left and answer on the right, and no page prints a header over either column; the contract's rule for a TABLE row with no printed header is UNLABELED_COLUMN_<n> counting the label column as 0. A's 'Answer' appears nowhere on any page. This one field split 56 of the 72 pairs into one-sided rows. the value column carries the numeral and nothing else, so a printed period word goes in `unit`; B kept it inside the value, so the value is 1 with unit year, which is A's form.",RESOLVED,B+ADJUDICATOR,440fe73f9d712e511d30234a8466716627c6336e7e0990ca47a396b40bc7cd15
6f19440898324cd5626e,SRC107,8,PAIR_E7BFE7B3E4B500FA6DFC160C,CLASSIFICATION_CONFLICT,17,26,source_section|source_column_label|subject_name|currency_scale|evidence_quote,MERGE,"Verified against page-008.png. currency_scale is blank: the page prints no scale statement and the dollar sign is already inside the value, so B's '$' in currency_scale records nothing the page states separately. source_column_label is UNLABELED_COLUMN_1. The questionnaire is a ruled two-column table, question on the left and answer on the right, and no page prints a header over either column; the contract's rule for a TABLE row with no printed header is UNLABELED_COLUMN_<n> counting the label column as 0. A's 'Answer' appears nowhere on any page. This one field split 56 of the 72 pairs into one-sided rows. metric_name is the printed question, which is this table's row label: the rows are the measures and the single column is unheaded, so the row label names the metric. A's descriptive names are not printed anywhere and the contract forbids paraphrasing the printed words.",RESOLVED,A+B+ADJUDICATOR,440fe73f9d712e511d30234a8466716627c6336e7e0990ca47a396b40bc7cd15
721b32407d3248c8c64d,SRC107,8,PAIR_CF4DEB97DB7CC36AD614D0BE,CLASSIFICATION_CONFLICT,18,27,source_section|source_column_label|subject_name|horizon|metric_name,MERGE,"Verified against page-008.png. horizon is blank: '30 days' is not a measurement period for the 90%, it is a second printed figure in the same answer and is recorded as its own row, so A's horizon duplicated it. source_column_label is UNLABELED_COLUMN_1. The questionnaire is a ruled two-column table, question on the left and answer on the right, and no page prints a header over either column; the contract's rule for a TABLE row with no printed header is UNLABELED_COLUMN_<n> counting the label column as 0. A's 'Answer' appears nowhere on any page. This one field split 56 of the 72 pairs into one-sided rows.",RESOLVED,A+B+ADJUDICATOR,440fe73f9d712e511d30234a8466716627c6336e7e0990ca47a396b40bc7cd15
833790831f1a48020c8a,SRC107,8,PAIR_55EC2FBA4B7D2E8698D1B083,B_ONLY,,28,,MERGE,"Verified against page-008.png. A took only the 90% from this answer; the page prints three figures in it. This is the 30-day payment deadline for that 90%. the value column carries the numeral and nothing else, so a printed period word goes in `unit`; B kept it inside the value.",RESOLVED,B+ADJUDICATOR,440fe73f9d712e511d30234a8466716627c6336e7e0990ca47a396b40bc7cd15
ebb042cec1db1a004f4d,SRC107,8,PAIR_67FD7EFBC9509743A9C3AD44,B_ONLY,,29,,MERGE,"Verified against page-008.png. The 60-day deadline for the balance, the third printed figure in the same answer. the value column carries the numeral and nothing else, so a printed period word goes in `unit`; B kept it inside the value.",RESOLVED,B+ADJUDICATOR,440fe73f9d712e511d30234a8466716627c6336e7e0990ca47a396b40bc7cd15
4adbd05d803b232ded0f,SRC107,8,PAIR_B26CA08C5DDA96384851E28D,B_ONLY,,30,,MERGE,"Verified against page-008.png. Both lanes read the printed '60 days with no fee'; they split on the column label. source_column_label is UNLABELED_COLUMN_1. The questionnaire is a ruled two-column table, question on the left and answer on the right, and no page prints a header over either column; the contract's rule for a TABLE row with no printed header is UNLABELED_COLUMN_<n> counting the label column as 0. A's 'Answer' appears nowhere on any page. This one field split 56 of the 72 pairs into one-sided rows. the value column carries the numeral and nothing else, so a printed period word goes in `unit`; B kept it inside the value.",RESOLVED,B+ADJUDICATOR,440fe73f9d712e511d30234a8466716627c6336e7e0990ca47a396b40bc7cd15
f4cda2ff0c1125698688,SRC107,8,PAIR_1D19D77981323D976B3368D4,B_ONLY,,31,,MERGE,"Verified against page-008.png. The 40-day special-withdrawal notice period from the same printed cell. source_column_label is UNLABELED_COLUMN_1. The questionnaire is a ruled two-column table, question on the left and answer on the right, and no page prints a header over either column; the contract's rule for a TABLE row with no printed header is UNLABELED_COLUMN_<n> counting the label column as 0. A's 'Answer' appears nowhere on any page. This one field split 56 of the 72 pairs into one-sided rows. the value column carries the numeral and nothing else, so a printed period word goes in `unit`; B kept it inside the value.",RESOLVED,B+ADJUDICATOR,440fe73f9d712e511d30234a8466716627c6336e7e0990ca47a396b40bc7cd15
89c58333f0f835e2af72,SRC107,11,PAIR_FA5ADA56A57E49F19975D4B0,B_ONLY,,33,,MERGE,"Verified against page-011.png. The printed answer to this question is '$1.495 billion as of March 31, 2006, up from $1.267 Billion as of March 31, 2005', two figures with two dates, so two rows. A took only the $1.267 and lost the current figure from this cell. source_column_label is UNLABELED_COLUMN_1. The questionnaire is a ruled two-column table, question on the left and answer on the right, and no page prints a header over either column; the contract's rule for a TABLE row with no printed header is UNLABELED_COLUMN_<n> counting the label column as 0. A's 'Answer' appears nowhere on any page. This one field split 56 of the 72 pairs into one-sided rows. metric_name is the printed question, which is this table's row label: the rows are the measures and the single column is unheaded, so the row label names the metric. A's descriptive names are not printed anywhere and the contract forbids paraphrasing the printed words.; Source review: p11: FUND ASSETS (The named company, category, or fund determines the reported asset population.) | p11: FUND ASSETS (Printed heading or definition supporting the source-reviewed qualifier.) | p11: FUND ASSETS (Supersedes SR2491: the printed entity or table label is context, not a measurement basis; source labels retain its scope.)",RESOLVED,B+ADJUDICATOR,440fe73f9d712e511d30234a8466716627c6336e7e0990ca47a396b40bc7cd15
42f89cfcb6bb981db891,SRC107,11,PAIR_A3F00350A4352988F51D986D,CLASSIFICATION_CONFLICT,21,34,source_section|source_column_label|source_occurrence|subject_name|metric_name|evidence_quote,MERGE,"Verified against page-011.png. The prior-year figure from the same printed cell. currency_scale is 'Billion' as the page prints it, capital B; A normalised the case. source_column_label is UNLABELED_COLUMN_1. The questionnaire is a ruled two-column table, question on the left and answer on the right, and no page prints a header over either column; the contract's rule for a TABLE row with no printed header is UNLABELED_COLUMN_<n> counting the label column as 0. A's 'Answer' appears nowhere on any page. This one field split 56 of the 72 pairs into one-sided rows. metric_name is the printed question, which is this table's row label: the rows are the measures and the single column is unheaded, so the row label names the metric. A's descriptive names are not printed anywhere and the contract forbids paraphrasing the printed words.; Source review: p11: FUND ASSETS (The named company, category, or fund determines the reported asset population.) | p11: FUND ASSETS (Printed heading or definition supporting the source-reviewed qualifier.) | p11: FUND ASSETS (Supersedes SR2492: the printed entity or table label is context, not a measurement basis; source labels retain its scope.)",RESOLVED,A+B+ADJUDICATOR,440fe73f9d712e511d30234a8466716627c6336e7e0990ca47a396b40bc7cd15
4734d8ef46c1084fc14c,SRC107,11,PAIR_C0ED4FF56E5D8219EBBB95D9,CLASSIFICATION_CONFLICT,22,35,source_section|source_column_label|subject_name|metric_name,MERGE,"Verified against page-011.png. subject_name is 'Onshore Feeder', the vehicle the figure is printed against; A gave all three feeder rows the master fund's name, which is not what the sentence measures. currency_scale copies the printed 'Million'. source_column_label is UNLABELED_COLUMN_1. The questionnaire is a ruled two-column table, question on the left and answer on the right, and no page prints a header over either column; the contract's rule for a TABLE row with no printed header is UNLABELED_COLUMN_<n> counting the label column as 0. A's 'Answer' appears nowhere on any page. This one field split 56 of the 72 pairs into one-sided rows. metric_name is the printed question, which is this table's row label: the rows are the measures and the single column is unheaded, so the row label names the metric. A's descriptive names are not printed anywhere and the contract forbids paraphrasing the printed words.; Source review: p11: FUND ASSETS (The named company, category, or fund determines the reported asset population.) | p11: FUND ASSETS (Printed heading or definition supporting the source-reviewed qualifier.) | p11: FUND ASSETS (Supersedes SR2493: the printed entity or table label is context, not a measurement basis; source labels retain its scope.)",RESOLVED,A+B+ADJUDICATOR,440fe73f9d712e511d30234a8466716627c6336e7e0990ca47a396b40bc7cd15
3aecb1df64d45d41c0e5,SRC107,11,PAIR_61204684546E41EA237AB53E,CLASSIFICATION_CONFLICT,23,36,source_section|source_column_label|subject_name|metric_name,MERGE,"Verified against page-011.png. The Offshore Feeder's figure from the same printed answer. source_column_label is UNLABELED_COLUMN_1. The questionnaire is a ruled two-column table, question on the left and answer on the right, and no page prints a header over either column; the contract's rule for a TABLE row with no printed header is UNLABELED_COLUMN_<n> counting the label column as 0. A's 'Answer' appears nowhere on any page. This one field split 56 of the 72 pairs into one-sided rows. metric_name is the printed question, which is this table's row label: the rows are the measures and the single column is unheaded, so the row label names the metric. A's descriptive names are not printed anywhere and the contract forbids paraphrasing the printed words.; Source review: p11: FUND ASSETS (The named company, category, or fund determines the reported asset population.) | p11: FUND ASSETS (Printed heading or definition supporting the source-reviewed qualifier.) | p11: FUND ASSETS (Supersedes SR2494: the printed entity or table label is context, not a measurement basis; source labels retain its scope.)",RESOLVED,A+B+ADJUDICATOR,440fe73f9d712e511d30234a8466716627c6336e7e0990ca47a396b40bc7cd15
b287da14819cbdb251da,SRC107,11,PAIR_56FAC7CCB312076E32151F14,CONTEXT_CONFLICT,24,37,source_section|source_column_label|metric_name,MERGE,"Verified against page-011.png. The Yen Feeder's figure, printed with a lower-case 'million' unlike the two above it, which is copied as printed. source_column_label is UNLABELED_COLUMN_1. The questionnaire is a ruled two-column table, question on the left and answer on the right, and no page prints a header over either column; the contract's rule for a TABLE row with no printed header is UNLABELED_COLUMN_<n> counting the label column as 0. A's 'Answer' appears nowhere on any page. This one field split 56 of the 72 pairs into one-sided rows. metric_name is the printed question, which is this table's row label: the rows are the measures and the single column is unheaded, so the row label names the metric. A's descriptive names are not printed anywhere and the contract forbids paraphrasing the printed words.; Source review: p11: FUND ASSETS (The named company, category, or fund determines the reported asset population.) | p11: FUND ASSETS (Printed heading or definition supporting the source-reviewed qualifier.) | p11: FUND ASSETS (Supersedes SR2495: the printed entity or table label is context, not a measurement basis; source labels retain its scope.)",RESOLVED,A+B+ADJUDICATOR,440fe73f9d712e511d30234a8466716627c6336e7e0990ca47a396b40bc7cd15
4824baf41772e3f24310,SRC107,11,PAIR_CC08BA08D389BC256BDF9BC0,CLASSIFICATION_CONFLICT,25,38,source_section|source_column_label|subject_name|metric_name|evidence_quote,MERGE,"Verified against page-011.png. The net-assets question is a separate printed cell from the total-assets question above, so the same $1.495 billion is a second observation here and not a repeat. source_column_label is UNLABELED_COLUMN_1. The questionnaire is a ruled two-column table, question on the left and answer on the right, and no page prints a header over either column; the contract's rule for a TABLE row with no printed header is UNLABELED_COLUMN_<n> counting the label column as 0. A's 'Answer' appears nowhere on any page. This one field split 56 of the 72 pairs into one-sided rows. metric_name is the printed question, which is this table's row label: the rows are the measures and the single column is unheaded, so the row label names the metric. A's descriptive names are not printed anywhere and the contract forbids paraphrasing the printed words.; Source review: p11: FUND ASSETS (The named company, category, or fund determines the reported asset population.) | p11: FUND ASSETS (Printed heading or definition supporting the source-reviewed qualifier.) | p11: FUND ASSETS (Supersedes SR2496: the printed entity or table label is context, not a measurement basis; source labels retain its scope.)",RESOLVED,A+B+ADJUDICATOR,440fe73f9d712e511d30234a8466716627c6336e7e0990ca47a396b40bc7cd15
11f2fb2a549d9a321d4f,SRC107,11,PAIR_06FCCACB843BEFF506B46CBE,B_ONLY,,39,,MERGE,"Verified against page-011.png. subject_name is 'largest investor' as the page prints it; A added an unprinted parenthetical, '(unnamed) in the Master Fund'. source_column_label is UNLABELED_COLUMN_1. The questionnaire is a ruled two-column table, question on the left and answer on the right, and no page prints a header over either column; the contract's rule for a TABLE row with no printed header is UNLABELED_COLUMN_<n> counting the label column as 0. A's 'Answer' appears nowhere on any page. This one field split 56 of the 72 pairs into one-sided rows. metric_name is the printed question, which is this table's row label: the rows are the measures and the single column is unheaded, so the row label names the metric. A's descriptive names are not printed anywhere and the contract forbids paraphrasing the printed words.",RESOLVED,B+ADJUDICATOR,440fe73f9d712e511d30234a8466716627c6336e7e0990ca47a396b40bc7cd15
a10cbcd1a0dd2f0d700e,SRC107,12,,ADJUDICATOR_ADD,,,,ADD,"Verified against page-012.png. Both lanes declared this page NO_ELIGIBLE_DATA, but the WITHDRAWALS answer prints 'The largest withdrawal from the fund was made in May 2005. The withdrawal occurred after the required lockup period and was for about 4.5% of NAV.' That is a printed figure stating a fact about the fund's redemption experience, which is what the liquidity category covers on this route; the FUND PERFORMANCE and DRAWDOWNS blocks on the same page genuinely print none, answering 'Please refer to the attached spreadsheet' and 'The fund has not experienced any drawdowns'. Page 12 prints no black banner, so source_section is blank. source_column_label is UNLABELED_COLUMN_1. The questionnaire is a ruled two-column table, question on the left and answer on the right, and no page prints a header over either column; the contract's rule for a TABLE row with no printed header is UNLABELED_COLUMN_<n> counting the label column as 0. A's 'Answer' appears nowhere on any page. This one field split 56 of the 72 pairs into one-sided rows. metric_name is the printed question, which is this table's row label: the rows are the measures and the single column is unheaded, so the row label names the metric. A's descriptive names are not printed anywhere and the contract forbids paraphrasing the printed words.",ADDED,ADJUDICATOR,440fe73f9d712e511d30234a8466716627c6336e7e0990ca47a396b40bc7cd15
cd4482e74ab13a91753a,SRC107,13,PAIR_8992E88AF3D5E40E19C33C93,CLASSIFICATION_CONFLICT,27,40,source_section|source_column_label|subject_name|metric_name,MERGE,"Verified against page-013.png. subject_name is 'HighYield Opportunities Fund' exactly as the page prints it, one word; A rendered it 'Bear Stearns High Yield Opportunities Fund', adding a prefix the sentence does not print and splitting the name. source_column_label is UNLABELED_COLUMN_1. The questionnaire is a ruled two-column table, question on the left and answer on the right, and no page prints a header over either column; the contract's rule for a TABLE row with no printed header is UNLABELED_COLUMN_<n> counting the label column as 0. A's 'Answer' appears nowhere on any page. This one field split 56 of the 72 pairs into one-sided rows. metric_name is the printed question, which is this table's row label: the rows are the measures and the single column is unheaded, so the row label names the metric. A's descriptive names are not printed anywhere and the contract forbids paraphrasing the printed words.; Source review: p13: BSAM (The named company, category, or fund determines the reported asset population.) | p13: BSAM (Printed heading or definition supporting the source-reviewed qualifier.) | p13: BSAM (Supersedes SR2497: the printed entity or table label is context, not a measurement basis; source labels retain its scope.)",RESOLVED,A+B+ADJUDICATOR,440fe73f9d712e511d30234a8466716627c6336e7e0990ca47a396b40bc7cd15
304fdf2ad87395ab2ded,SRC107,13,PAIR_B979A7B0023EEB2DB727D60E,CLASSIFICATION_CONFLICT,28,41,source_section|source_column_label|subject_type|subject_name|evidence_quote,MERGE,"Verified against page-013.png. subject_type is 'manager' and subject_name 'BSAM', the form this page prints. source_column_label is UNLABELED_COLUMN_1. The questionnaire is a ruled two-column table, question on the left and answer on the right, and no page prints a header over either column; the contract's rule for a TABLE row with no printed header is UNLABELED_COLUMN_<n> counting the label column as 0. A's 'Answer' appears nowhere on any page. This one field split 56 of the 72 pairs into one-sided rows. metric_name is the printed question, which is this table's row label: the rows are the measures and the single column is unheaded, so the row label names the metric. A's descriptive names are not printed anywhere and the contract forbids paraphrasing the printed words.; Source review: p13: BSAM (The named company, category, or fund determines the reported asset population.) | p13: BSAM (Printed heading or definition supporting the source-reviewed qualifier.) | p13: BSAM (Supersedes SR2498: the printed entity or table label is context, not a measurement basis; source labels retain its scope.)",RESOLVED,A+B+ADJUDICATOR,440fe73f9d712e511d30234a8466716627c6336e7e0990ca47a396b40bc7cd15
b3d1359c3053241b947e,SRC107,14,PAIR_019D3D08AF62B4C8F1707957,B_ONLY,,42,,MERGE,"Verified against page-014.png. A returned zero for this page and did not check its layout; the page prints 'Net Leverage: 10 to 1' as a labelled line inside the instrument-types answer, so the one-sided row is confirmed from the source. source_section is the black INVESTMENT STRATEGY banner this page prints. The other lines of that answer (Credit Quality, Average Life, Credit Hedges, Cash Position, Repackaging Vehicles) are printed as ranges or as qualities with no whitelisted category, so they yield nothing. source_column_label is UNLABELED_COLUMN_1. The questionnaire is a ruled two-column table, question on the left and answer on the right, and no page prints a header over either column; the contract's rule for a TABLE row with no printed header is UNLABELED_COLUMN_<n> counting the label column as 0. A's 'Answer' appears nowhere on any page. This one field split 56 of the 72 pairs into one-sided rows. metric_name is the printed question, which is this table's row label: the rows are the measures and the single column is unheaded, so the row label names the metric. A's descriptive names are not printed anywhere and the contract forbids paraphrasing the printed words.",RESOLVED,B+ADJUDICATOR,440fe73f9d712e511d30234a8466716627c6336e7e0990ca47a396b40bc7cd15
9c2e4b89b7484ad05277,SRC107,15,PAIR_E022C0E79271388FDFB18A6A,B_ONLY,,43,,MERGE,"Verified against page-015.png. A returned zero for this page. The redemption answer is printed again here in the strategy section and is a separate printed cell on a separate page, so it is a separate observation. Page 15 prints no black banner, so source_section is blank and INVESTMENT STRATEGY, the heading that titles the block, is source_table. the value column carries the numeral and nothing else, so a printed period word goes in `unit`; B kept it inside the value.",RESOLVED,B+ADJUDICATOR,440fe73f9d712e511d30234a8466716627c6336e7e0990ca47a396b40bc7cd15
6cc098a13af2443ee37e,SRC107,15,PAIR_42CAACD3ACB840F0FF88DD40,B_ONLY,,44,,MERGE,"Verified against page-015.png. The 40-day special-withdrawal notice period from the same printed answer. the value column carries the numeral and nothing else, so a printed period word goes in `unit`; B kept it inside the value.",RESOLVED,B+ADJUDICATOR,440fe73f9d712e511d30234a8466716627c6336e7e0990ca47a396b40bc7cd15
3a290978d288c05bd908,SRC107,16,PAIR_B53F08338CA965872D620BE6,CLASSIFICATION_CONFLICT,30,46,source_section|source_column_label|subject_name|metric_name,MERGE,"Verified against page-016.png. source_section is 'RISK', the black banner this page prints above the LEVERAGE block; B put the block banner in both columns and A left the section blank. source_column_label is UNLABELED_COLUMN_1. The questionnaire is a ruled two-column table, question on the left and answer on the right, and no page prints a header over either column; the contract's rule for a TABLE row with no printed header is UNLABELED_COLUMN_<n> counting the label column as 0. A's 'Answer' appears nowhere on any page. This one field split 56 of the 72 pairs into one-sided rows. metric_name is the printed question, which is this table's row label: the rows are the measures and the single column is unheaded, so the row label names the metric. A's descriptive names are not printed anywhere and the contract forbids paraphrasing the printed words.",RESOLVED,A+B+ADJUDICATOR,440fe73f9d712e511d30234a8466716627c6336e7e0990ca47a396b40bc7cd15
ed4d8b70e846722c2047,SRC107,16,PAIR_05E5BA87A43E36CEC579825F,B_ONLY,,47,,MERGE,"Verified against page-016.png. A took only the 10 to 1 from this answer; the page also prints '2x and 3x levered versions'. source_column_label is UNLABELED_COLUMN_1. The questionnaire is a ruled two-column table, question on the left and answer on the right, and no page prints a header over either column; the contract's rule for a TABLE row with no printed header is UNLABELED_COLUMN_<n> counting the label column as 0. A's 'Answer' appears nowhere on any page. This one field split 56 of the 72 pairs into one-sided rows. metric_name is the printed question, which is this table's row label: the rows are the measures and the single column is unheaded, so the row label names the metric. A's descriptive names are not printed anywhere and the contract forbids paraphrasing the printed words.",RESOLVED,B+ADJUDICATOR,440fe73f9d712e511d30234a8466716627c6336e7e0990ca47a396b40bc7cd15
45aeae5d67c4b1f6ab35,SRC107,16,PAIR_DC702799F1841426844E8C6D,B_ONLY,,48,,MERGE,"Verified against page-016.png. The third printed multiple in the same answer. source_column_label is UNLABELED_COLUMN_1. The questionnaire is a ruled two-column table, question on the left and answer on the right, and no page prints a header over either column; the contract's rule for a TABLE row with no printed header is UNLABELED_COLUMN_<n> counting the label column as 0. A's 'Answer' appears nowhere on any page. This one field split 56 of the 72 pairs into one-sided rows. metric_name is the printed question, which is this table's row label: the rows are the measures and the single column is unheaded, so the row label names the metric. A's descriptive names are not printed anywhere and the contract forbids paraphrasing the printed words.",RESOLVED,B+ADJUDICATOR,440fe73f9d712e511d30234a8466716627c6336e7e0990ca47a396b40bc7cd15
d7489452d2158e1a058d,SRC107,16,PAIR_FC95CB18FD236C81FEE39057,CLASSIFICATION_CONFLICT,31,49,source_section|source_column_label|subject_name|metric_name,MERGE,"Verified against page-016.png. Both lanes read the printed maximum 5% per name. source_column_label is UNLABELED_COLUMN_1. The questionnaire is a ruled two-column table, question on the left and answer on the right, and no page prints a header over either column; the contract's rule for a TABLE row with no printed header is UNLABELED_COLUMN_<n> counting the label column as 0. A's 'Answer' appears nowhere on any page. This one field split 56 of the 72 pairs into one-sided rows. metric_name is the printed question, which is this table's row label: the rows are the measures and the single column is unheaded, so the row label names the metric. A's descriptive names are not printed anywhere and the contract forbids paraphrasing the printed words. source_section is the black RISK banner.",RESOLVED,A+B+ADJUDICATOR,440fe73f9d712e511d30234a8466716627c6336e7e0990ca47a396b40bc7cd15
165e1be2b62dd55ba220,SRC107,16,PAIR_6DF6681D1A56E4033F0B0BC3,CLASSIFICATION_CONFLICT,32,50,source_section|source_column_label|subject_name|metric_name,MERGE,"Verified against page-016.png. The 1% per-name target from the same printed answer. source_column_label is UNLABELED_COLUMN_1. The questionnaire is a ruled two-column table, question on the left and answer on the right, and no page prints a header over either column; the contract's rule for a TABLE row with no printed header is UNLABELED_COLUMN_<n> counting the label column as 0. A's 'Answer' appears nowhere on any page. This one field split 56 of the 72 pairs into one-sided rows. metric_name is the printed question, which is this table's row label: the rows are the measures and the single column is unheaded, so the row label names the metric. A's descriptive names are not printed anywhere and the contract forbids paraphrasing the printed words.",RESOLVED,A+B+ADJUDICATOR,440fe73f9d712e511d30234a8466716627c6336e7e0990ca47a396b40bc7cd15
3c0f054898777d6097f1,SRC107,16,PAIR_4A0E32F3A422A11F264AB215,B_ONLY,,51,,MERGE,"Verified against page-016.png. The page prints '1/3rd', which is copied as printed; A trimmed it to '1/3'. source_column_label is UNLABELED_COLUMN_1. The questionnaire is a ruled two-column table, question on the left and answer on the right, and no page prints a header over either column; the contract's rule for a TABLE row with no printed header is UNLABELED_COLUMN_<n> counting the label column as 0. A's 'Answer' appears nowhere on any page. This one field split 56 of the 72 pairs into one-sided rows. metric_name is the printed question, which is this table's row label: the rows are the measures and the single column is unheaded, so the row label names the metric. A's descriptive names are not printed anywhere and the contract forbids paraphrasing the printed words.",RESOLVED,B+ADJUDICATOR,440fe73f9d712e511d30234a8466716627c6336e7e0990ca47a396b40bc7cd15
325fb2968e62e4469cc8,SRC107,17,PAIR_0F24BC9DF9961A7A8785386E,B_ONLY,,52,,MERGE,"Verified against page-017.png. source_table is RISK MANAGEMENT: this question sits under the RISK MANAGEMENT banner carried over from page 16, and the EXTERNAL CONTROLS banner A used starts further down page 17 above a different question. The value is 15; 'up to' is a qualifier and the value column carries the numeral alone. source_column_label is UNLABELED_COLUMN_1. The questionnaire is a ruled two-column table, question on the left and answer on the right, and no page prints a header over either column; the contract's rule for a TABLE row with no printed header is UNLABELED_COLUMN_<n> counting the label column as 0. A's 'Answer' appears nowhere on any page. This one field split 56 of the 72 pairs into one-sided rows. metric_name is the printed question, which is this table's row label: the rows are the measures and the single column is unheaded, so the row label names the metric. A's descriptive names are not printed anywhere and the contract forbids paraphrasing the printed words.",RESOLVED,B+ADJUDICATOR,440fe73f9d712e511d30234a8466716627c6336e7e0990ca47a396b40bc7cd15
0b2f1d0a56820ec51334,SRC421,1,PAIR_3246C29EFBC8D2C1449596BF,VALUE_CONFLICT,1,1,source_section|source_table|manager_name|as_of_date|text_raw,MERGE,"Page 1 prints FORM N-2 as the form heading (A) and also prints the effective date April 11, 2025, which page 2 repeats as the PROSPECTUS date (B). The document names Apollo S3 RIC Management, L.P. as the Adviser and rule 4 puts manager_name only on this row. Neither lane was complete: A blanked manager_name and as_of_date; B blanked the FORM N-2 heading and put the document title in text_raw, duplicating subject_name. The settled convention on this route (SRC607 and SRC612 finals) leaves text_raw blank on document_context.",RESOLVED,A+B+ADJUDICATOR,8fbaa442a5f926fb750aba15b64a328a8a737995b1492a65e539ab39b5cc165c
c47ee03d5099b2dd362b,SRC421,2,PAIR_6F59614F14DAC29239400278,A_ONLY,2,,,ACCEPT_A,"Confirmed on the page-2 image, which prints the parenthetical definition: Investment Company Act of 1940, as amended (the 1940 Act). A printed defined term is one printed definition, the grain this route gives definition_context, and the SRC612 final settled that reading for defined terms. B did not read the body definitions on this page.",VERIFIED_ONE_SIDED,A,8fbaa442a5f926fb750aba15b64a328a8a737995b1492a65e539ab39b5cc165c
b85b34a7b7e4be366f0a,SRC421,2,PAIR_AF21A0A3F72CEC8AA84681FE,A_ONLY,3,,,ACCEPT_A,"Confirmed on the page-2 image, which prints the parenthetical definition: will serve as the Fund investment adviser (the Adviser). A printed defined term is one printed definition, the grain this route gives definition_context, and the SRC612 final settled that reading for defined terms. B did not read the body definitions on this page.",VERIFIED_ONE_SIDED,A,8fbaa442a5f926fb750aba15b64a328a8a737995b1492a65e539ab39b5cc165c
981b2f1fe0a69d0ac3f1,SRC421,2,PAIR_EF4A5A1A17E9393400037589,A_ONLY,4,,,ACCEPT_A,"Confirmed on the page-2 image, which prints the parenthetical definition: the Fund Board of Trustees (the Board). A printed defined term is one printed definition, the grain this route gives definition_context, and the SRC612 final settled that reading for defined terms. B did not read the body definitions on this page.",VERIFIED_ONE_SIDED,A,8fbaa442a5f926fb750aba15b64a328a8a737995b1492a65e539ab39b5cc165c
7089284394282eb59053,SRC421,2,PAIR_A1B511D57ED5CFAF0B871DA6,A_ONLY,5,,,ACCEPT_A,"Confirmed on the page-2 image, which prints the parenthetical definition: alongside private market funds and/or other private market firms (Co-Investments). A printed defined term is one printed definition, the grain this route gives definition_context, and the SRC612 final settled that reading for defined terms. B did not read the body definitions on this page.",VERIFIED_ONE_SIDED,A,8fbaa442a5f926fb750aba15b64a328a8a737995b1492a65e539ab39b5cc165c
71042115afee39f22e43,SRC421,2,PAIR_3D6B0AC2C0576ED3D09C1D7E,A_ONLY,6,,,ACCEPT_A,"Confirmed on the page-2 image, which prints the parenthetical definition: Apollo Global Securities, LLC (the Distributor), printed in footnote (1). A printed defined term is one printed definition, the grain this route gives definition_context, and the SRC612 final settled that reading for defined terms. B did not read the body definitions on this page.",VERIFIED_ONE_SIDED,A,8fbaa442a5f926fb750aba15b64a328a8a737995b1492a65e539ab39b5cc165c
a81b3708a6539a03d605,SRC421,2,PAIR_738C132993AAF16BAC38DD7F,A_ONLY,7,,,ACCEPT_A,"Confirmed on the page-2 image, which prints the parenthetical definition: exchange traded funds (ETFs). A printed defined term is one printed definition, the grain this route gives definition_context, and the SRC612 final settled that reading for defined terms. B did not read the body definitions on this page.",VERIFIED_ONE_SIDED,A,8fbaa442a5f926fb750aba15b64a328a8a737995b1492a65e539ab39b5cc165c
9a5620e1e688ca8ef417,SRC421,2,PAIR_EA253EB343B06F82C6AB2CC4,A_ONLY,8,,,ACCEPT_A,"Confirmed on the page-2 image, which prints the parenthetical definition: Apollo S3 Private Markets Fund (the Fund). A printed defined term is one printed definition, the grain this route gives definition_context, and the SRC612 final settled that reading for defined terms. B did not read the body definitions on this page.",VERIFIED_ONE_SIDED,A,8fbaa442a5f926fb750aba15b64a328a8a737995b1492a65e539ab39b5cc165c
0b0231d1c54ce0b7f067,SRC421,2,PAIR_19A68C120B806C98ECB738E3,A_ONLY,9,,,ACCEPT_A,"Confirmed on the page-2 image, which prints the parenthetical definition: a portfolio of liquid assets (Liquid Assets). A printed defined term is one printed definition, the grain this route gives definition_context, and the SRC612 final settled that reading for defined terms. B did not read the body definitions on this page.",VERIFIED_ONE_SIDED,A,8fbaa442a5f926fb750aba15b64a328a8a737995b1492a65e539ab39b5cc165c
4aa77d996f6d139826b5,SRC421,2,PAIR_A9EA0EC6352C4F0891A85FF8,A_ONLY,10,,,ACCEPT_A,"Confirmed on the page-2 image, which prints the parenthetical definition: at the net asset value (NAV) per Share on that day. A printed defined term is one printed definition, the grain this route gives definition_context, and the SRC612 final settled that reading for defined terms. B did not read the body definitions on this page.",VERIFIED_ONE_SIDED,A,8fbaa442a5f926fb750aba15b64a328a8a737995b1492a65e539ab39b5cc165c
67ef257d7df2e7a93034,SRC421,2,PAIR_8A71D4FC830D1878E1D0FB01,A_ONLY,11,,,ACCEPT_A,"Confirmed on the page-2 image, which prints the parenthetical definition: creation of new vehicles or securities (Non-Traditional Secondary Investments). A printed defined term is one printed definition, the grain this route gives definition_context, and the SRC612 final settled that reading for defined terms. B did not read the body definitions on this page.",VERIFIED_ONE_SIDED,A,8fbaa442a5f926fb750aba15b64a328a8a737995b1492a65e539ab39b5cc165c
371201e249eea0f1842f,SRC421,2,PAIR_41674932A32957FE94B050D9,A_ONLY,12,,,ACCEPT_A,"Confirmed on the page-2 image, which prints the parenthetical definition: private markets funds managed by various unaffiliated asset managers (Portfolio Funds). A printed defined term is one printed definition, the grain this route gives definition_context, and the SRC612 final settled that reading for defined terms. B did not read the body definitions on this page.",VERIFIED_ONE_SIDED,A,8fbaa442a5f926fb750aba15b64a328a8a737995b1492a65e539ab39b5cc165c
f9d6138cf500b0d379c3,SRC421,2,PAIR_55FD59E2B26D363A31702268,A_ONLY,13,,,ACCEPT_A,"Confirmed on the page-2 image, which prints the parenthetical definition: (Primary Investments or Primaries); each term defined in the one parenthetical is its own printed definition. A printed defined term is one printed definition, the grain this route gives definition_context, and the SRC612 final settled that reading for defined terms. B did not read the body definitions on this page.",VERIFIED_ONE_SIDED,A,8fbaa442a5f926fb750aba15b64a328a8a737995b1492a65e539ab39b5cc165c
7cd66d569a9c6676a75b,SRC421,2,PAIR_6D9590D016B13F988B3F11AE,A_ONLY,14,,,ACCEPT_A,"Confirmed on the page-2 image, which prints the parenthetical definition: primary investments in newly formed Portfolio Funds (Primary Investments). A printed defined term is one printed definition, the grain this route gives definition_context, and the SRC612 final settled that reading for defined terms. B did not read the body definitions on this page.",VERIFIED_ONE_SIDED,A,8fbaa442a5f926fb750aba15b64a328a8a737995b1492a65e539ab39b5cc165c
13203297eb08c1428c63,SRC421,2,PAIR_B252D33608E74B379E75A162,A_ONLY,15,,,ACCEPT_A,"Confirmed on the page-2 image, which prints the parenthetical definition: private equity, private credit and other private assets (collectively, private market investments). A printed defined term is one printed definition, the grain this route gives definition_context, and the SRC612 final settled that reading for defined terms. B did not read the body definitions on this page.",VERIFIED_ONE_SIDED,A,8fbaa442a5f926fb750aba15b64a328a8a737995b1492a65e539ab39b5cc165c
79d136fc78795774829e,SRC421,2,PAIR_1993E23B6FCD2885EB247267,A_ONLY,16,,,ACCEPT_A,"Confirmed on the page-2 image, which prints the parenthetical definition: This prospectus (the Prospectus). A printed defined term is one printed definition, the grain this route gives definition_context, and the SRC612 final settled that reading for defined terms. B did not read the body definitions on this page.",VERIFIED_ONE_SIDED,A,8fbaa442a5f926fb750aba15b64a328a8a737995b1492a65e539ab39b5cc165c
4abb95eccfe02a2f5a67,SRC421,2,PAIR_5A0C1E2389F4B5E76AD5BC44,A_ONLY,17,,,ACCEPT_A,"Confirmed on the page-2 image, which prints the parenthetical definition: Secondary Investments or Secondaries; each term defined in the one parenthetical is its own printed definition. A printed defined term is one printed definition, the grain this route gives definition_context, and the SRC612 final settled that reading for defined terms. B did not read the body definitions on this page.",VERIFIED_ONE_SIDED,A,8fbaa442a5f926fb750aba15b64a328a8a737995b1492a65e539ab39b5cc165c
bf6394ee7dc2af5b41fb,SRC421,2,PAIR_55306B591DBDEA9FD362DD29,A_ONLY,18,,,ACCEPT_A,"Confirmed on the page-2 image, which prints the parenthetical definition: together with Traditional Secondary Investments, Secondary Investments. A printed defined term is one printed definition, the grain this route gives definition_context, and the SRC612 final settled that reading for defined terms. B did not read the body definitions on this page.",VERIFIED_ONE_SIDED,A,8fbaa442a5f926fb750aba15b64a328a8a737995b1492a65e539ab39b5cc165c
d54e7bda450e7108b594,SRC421,2,PAIR_A0DDE702DCA55DFAA4945EE3,A_ONLY,19,,,ACCEPT_A,"Confirmed on the page-2 image, which prints the parenthetical definition: No person who is admitted as a shareholder of the Fund (a Shareholder). A printed defined term is one printed definition, the grain this route gives definition_context, and the SRC612 final settled that reading for defined terms. B did not read the body definitions on this page.",VERIFIED_ONE_SIDED,A,8fbaa442a5f926fb750aba15b64a328a8a737995b1492a65e539ab39b5cc165c
41fc990cf94b8df8d5e4,SRC421,2,PAIR_C4F0A9183D474704CAC032F4,A_ONLY,20,,,ACCEPT_A,"Confirmed on the page-2 image, which prints the parenthetical definition: two separate classes of shares of beneficial interest in the Fund (Shares). A printed defined term is one printed definition, the grain this route gives definition_context, and the SRC612 final settled that reading for defined terms. B did not read the body definitions on this page.",VERIFIED_ONE_SIDED,A,8fbaa442a5f926fb750aba15b64a328a8a737995b1492a65e539ab39b5cc165c
ef6c25a72c9f3dd68424,SRC421,2,PAIR_6256A05925D7329307724D1E,A_ONLY,21,,,ACCEPT_A,"Confirmed on the page-2 image, which prints the parenthetical definition: from pre-existing investors in these Portfolio Funds (Traditional Secondary Investments). A printed defined term is one printed definition, the grain this route gives definition_context, and the SRC612 final settled that reading for defined terms. B did not read the body definitions on this page.",VERIFIED_ONE_SIDED,A,8fbaa442a5f926fb750aba15b64a328a8a737995b1492a65e539ab39b5cc165c
6189b747e94e43cfbbc3,SRC421,2,PAIR_4FB6528431F73FB28F243FCA,B_ONLY,,2,,MERGE,"Footnote (1) is a printed footnote, a unit the grain names explicitly, and A missed it. B read it correctly but left source_section blank; page 2 prints PROSPECTUS as its heading and A carried that heading on all 20 of its page-2 rows, so the populated side wins and the whole page takes it. Marker (1) attaches to the Public Offering Price line, which is why that is the row label, with the marker in definition_keys per rule 3.",RESOLVED,B+ADJUDICATOR,8fbaa442a5f926fb750aba15b64a328a8a737995b1492a65e539ab39b5cc165c
ea3e52c98e57c923af11,SRC421,2,PAIR_BD71EBF8F20DBDE4F7747C3F,B_ONLY,,3,,MERGE,"Footnote (3) is a printed footnote and A missed it. B read it correctly but left source_section blank, which page 2 prints as PROSPECTUS. Marker (3) also attaches to the Public Offering Price line, so it is occurrence 2 under that label with the marker in definition_keys.",RESOLVED,B+ADJUDICATOR,8fbaa442a5f926fb750aba15b64a328a8a737995b1492a65e539ab39b5cc165c
2c4fae9b2468f6330f16,SRC421,2,PAIR_3F706BED3D8CEA88BEE0E1C0,B_ONLY,,4,,MERGE,"Footnote (2) is a printed footnote and A missed it. B read it correctly, including the page-2 wording financial intermediaries and 3.5%, which differs from the page-29 restatement selling agents and 3.50%. Only source_section was blank, and page 2 prints PROSPECTUS.",RESOLVED,B+ADJUDICATOR,8fbaa442a5f926fb750aba15b64a328a8a737995b1492a65e539ab39b5cc165c
6c81ecb6542d57109482,SRC421,3,,ADJUDICATOR_ADD,,,,ADD,"The page-3 image prints the eligibility definition of accredited investors by cross-reference, which neither lane recorded. A wrote this same printed definition on pages 6 and 97, so the page-3 occurrence is a cell A missed under its own document convention.",ADDED,ADJUDICATOR,8fbaa442a5f926fb750aba15b64a328a8a737995b1492a65e539ab39b5cc165c
77ecc759764f22d27217,SRC421,3,PAIR_B6C6541E5891105885077817,A_ONLY,22,,,ACCEPT_A,"Page-3 image prints the parenthetical definition: A Statement of Additional Information (the ""SAI""), dated April 11, 2025. A's defined term and text_raw match the printed wording and text_raw correctly starts after the term. B declared the page NO_ELIGIBLE_DATA, which is wrong: a printed definition is a definition_context record on a page with no numbers.",VERIFIED_ONE_SIDED,A,8fbaa442a5f926fb750aba15b64a328a8a737995b1492a65e539ab39b5cc165c
b667465374466726eb36,SRC421,3,,ADJUDICATOR_ADD,,,,ADD,"The page-3 image prints a third parenthetical definition neither lane recorded: the U.S. Securities and Exchange Commission (the ""SEC""). It is the same printed form as the twenty page-2 definitions A wrote and as A's own SEC row on page 6, so A missed a cell under its own document convention.",ADDED,ADJUDICATOR,8fbaa442a5f926fb750aba15b64a328a8a737995b1492a65e539ab39b5cc165c
121c7fc84cd5d7970569,SRC421,3,PAIR_EDA8E9A644E4014DDDA84268,A_ONLY,23,,,ACCEPT_A,"Page-3 image prints the parenthetical definition: the Fund's Annual and Semi-Annual Reports to Shareholders (""Shareholder Reports""). A's term and text_raw match the printed wording. B's zero for this page is wrong.",VERIFIED_ONE_SIDED,A,8fbaa442a5f926fb750aba15b64a328a8a737995b1492a65e539ab39b5cc165c
24f28642a09535b29043,SRC421,4,,ADJUDICATOR_ADD,,,,ADD,"Both lanes recorded zero rows on page 4. The page-4 image prints one parenthetical definition, Apollo Global Securities, LLC (the ""Distributor""), the same printed form as the twenty page-2 definitions A wrote. A printed definition is a definition_context record and the surrounding disclaimer text does not exclude it. The rest of page 4 is offer, suitability and deposit-insurance boilerplate, outside the PPM term whitelist.",ADDED,ADJUDICATOR,8fbaa442a5f926fb750aba15b64a328a8a737995b1492a65e539ab39b5cc165c
1e253393c297dd7d1f5a,SRC421,6,PAIR_6CDB3665E08B5EE03294CC51,A_ONLY,24,,,ACCEPT_A,"Page-6 image prints the parenthetical: registered under the Investment Company Act of 1940, as amended (the ""1940 Act""). Term and text_raw match the print; text_raw starts after the term. B declared the page NO_ELIGIBLE_DATA, which is wrong for a page of printed definitions.",VERIFIED_ONE_SIDED,A,8fbaa442a5f926fb750aba15b64a328a8a737995b1492a65e539ab39b5cc165c
fc39e441790a8f58b0ae,SRC421,6,PAIR_B6CFE5C341D63327018C604D,A_ONLY,25,,,ACCEPT_A,"Page-6 image prints: only to eligible investors that are ""accredited investors,"" as defined in Section 501(a) of Regulation D under the Securities Act of 1933, as amended. A's term and text match the print.",VERIFIED_ONE_SIDED,A,8fbaa442a5f926fb750aba15b64a328a8a737995b1492a65e539ab39b5cc165c
5d72ce0ba94e7797b08d,SRC421,6,PAIR_6FD572AFA95DC3E94F727053,A_ONLY,27,,,ACCEPT_A,"Page-6 image prints: under the Investment Advisers Act of 1940, as amended (the ""Advisers Act""). Term and text match the print.",VERIFIED_ONE_SIDED,A,8fbaa442a5f926fb750aba15b64a328a8a737995b1492a65e539ab39b5cc165c
c598adbb77309207a3ea,SRC421,6,PAIR_C2C11BFFB617E71979B8CFD3,A_ONLY,28,,,ACCEPT_A,"Page-6 image prints: an affiliate of Apollo Global Management, Inc. and its consolidated subsidiaries (""Apollo""). Term and text match the print.",VERIFIED_ONE_SIDED,A,8fbaa442a5f926fb750aba15b64a328a8a737995b1492a65e539ab39b5cc165c
390e95f7a96560da076e,SRC421,6,PAIR_CDF17E8B7B848017406B85DB,A_ONLY,29,,,ACCEPT_A,"Page-6 image prints: under the direction of the Fund's Board of Trustees (the ""Board""). Term and text match the print.",VERIFIED_ONE_SIDED,A,8fbaa442a5f926fb750aba15b64a328a8a737995b1492a65e539ab39b5cc165c
83de192a3bf0dc45bbd8,SRC421,6,PAIR_618D6B0E222AB1C0785EAED5,A_ONLY,30,,,ACCEPT_A,"Page-6 image prints in the italic introduction: the agreement and declaration of trust of the Fund (the ""Declaration of Trust""). Term and text match the print.",VERIFIED_ONE_SIDED,A,8fbaa442a5f926fb750aba15b64a328a8a737995b1492a65e539ab39b5cc165c
c886882170523d473d5e,SRC421,6,PAIR_351F5210340740AEAC69DBEF,A_ONLY,31,,,ACCEPT_A,"Page-6 image prints Apollo S3 Private Markets Fund (the ""Fund"") in the introduction and defines it in the right column: The Fund is a Delaware statutory trust that is registered under the Investment Company Act of 1940. One printed definition, occurrence 1.",VERIFIED_ONE_SIDED,A,8fbaa442a5f926fb750aba15b64a328a8a737995b1492a65e539ab39b5cc165c
b35a358420955234765d,SRC421,6,PAIR_D365494E7ED37E0AD987646C,A_ONLY,32,,,ACCEPT_A,"Page-6 image prints: a majority of whom are not ""interested persons"" (as defined in the 1940 Act) of the Fund (""Independent Trustees""). Term and text match the print.",VERIFIED_ONE_SIDED,A,8fbaa442a5f926fb750aba15b64a328a8a737995b1492a65e539ab39b5cc165c
d1ea69e057213605755d,SRC421,6,PAIR_8194D7E0C8C827B77C04AD76,A_ONLY,33,,,ACCEPT_A,"Page-6 image prints: not ""interested persons"" (as defined in the 1940 Act) of the Fund. A separately printed defined term from Independent Trustees, so it is its own record.",VERIFIED_ONE_SIDED,A,8fbaa442a5f926fb750aba15b64a328a8a737995b1492a65e539ab39b5cc165c
9b4c35bd9d5b8b9bec51,SRC421,6,PAIR_052656E3FB61C7F774368E82,A_ONLY,34,,,ACCEPT_A,"Page-6 image prints: investments in private markets funds managed by various unaffiliated asset managers (""Portfolio Funds""). Term and text match the print.",VERIFIED_ONE_SIDED,A,8fbaa442a5f926fb750aba15b64a328a8a737995b1492a65e539ab39b5cc165c
5ae400ac6a54c11d0586,SRC421,6,PAIR_2D395833849FA4701DCC4B2C,A_ONLY,35,,,ACCEPT_A,"Page-6 image prints: a portfolio of private equity, private credit and other private assets (collectively, ""private market investments""). Term and text match the print.",VERIFIED_ONE_SIDED,A,8fbaa442a5f926fb750aba15b64a328a8a737995b1492a65e539ab39b5cc165c
323a849b33256bbf3fbb,SRC421,6,PAIR_73536DE871BE7713D597255D,A_ONLY,36,,,ACCEPT_A,"Page-6 image prints: an exemptive order from the U.S. Securities and Exchange Commission (the ""SEC""). Term and text match the print.",VERIFIED_ONE_SIDED,A,8fbaa442a5f926fb750aba15b64a328a8a737995b1492a65e539ab39b5cc165c
25bedca4c0094529aae9,SRC421,6,PAIR_3CA14EE63766A988E843751B,A_ONLY,37,,,ACCEPT_A,"Page-6 image prints: under the Securities Act of 1933, as amended (the ""Securities Act""). Term and text match the print.",VERIFIED_ONE_SIDED,A,8fbaa442a5f926fb750aba15b64a328a8a737995b1492a65e539ab39b5cc165c
68d4c323c2d8670bbc02,SRC421,6,PAIR_A31563A87A00F77A066C661B,A_ONLY,38,,,ACCEPT_A,"Page-6 image prints: will sell its Shares of beneficial interest (""Shares""). Term and text match the print.",VERIFIED_ONE_SIDED,A,8fbaa442a5f926fb750aba15b64a328a8a737995b1492a65e539ab39b5cc165c
d9f3cb748382716e5149,SRC421,6,PAIR_C75734ABDEE5C364DA07020B,A_ONLY,26,,,MERGE,"The definition is printed and A read its content correctly, but the label is wrong. Page 6 is the two-column SUMMARY OF OFFERING TERMS table and prints no parenthetical (the ""Adviser"") on this page; the printed row heading in the left column is The Investment Adviser. Rule 20 takes the printed heading, so the record is republished under it with A's text and evidence unchanged.",RESOLVED,A+ADJUDICATOR,8fbaa442a5f926fb750aba15b64a328a8a737995b1492a65e539ab39b5cc165c
d7e0300a99ed522c2c07,SRC421,6,PAIR_75FDC40DA8531C3F33A4CEF9,A_ONLY,39,,,ACCEPT_A,"Page-6 image prints: acquired in privately negotiated transactions (a) from pre-existing investors in these Portfolio Funds (""Traditional Secondary Investments""). Term and text match the print.",VERIFIED_ONE_SIDED,A,8fbaa442a5f926fb750aba15b64a328a8a737995b1492a65e539ab39b5cc165c
0ec005c0367dd2c2da58,SRC421,6,PAIR_8E9BCAF8819625914C2D90C0,A_ONLY,40,,,ACCEPT_A,"Page-6 image prints: each member of the Board a ""Trustee"". Term and text match the print.",VERIFIED_ONE_SIDED,A,8fbaa442a5f926fb750aba15b64a328a8a737995b1492a65e539ab39b5cc165c
db16a20f586b11d16519,SRC421,7,PAIR_9DE4E4A12B7761F49B8C1218,A_ONLY,41,,,ACCEPT_A,"Page-7 image prints: (ii) direct or indirect investments in the equity and/or credit of private companies, alongside private market funds and/or other private market firms (""Co-Investments""). Term and text match the print.",VERIFIED_ONE_SIDED,A,8fbaa442a5f926fb750aba15b64a328a8a737995b1492a65e539ab39b5cc165c
c9c352b37ebcda4be2a0,SRC421,7,PAIR_A9757E99A448608E4A32BF20,A_ONLY,43,,,ACCEPT_A,"Page-7 image prints: invest a portion of its assets in a portfolio of liquid assets (""Liquid Assets""), including cash and/or cash equivalents, liquid fixed income securities and other credit instruments, and other investment companies, including money market funds and ETFs. Term and text match the print.",VERIFIED_ONE_SIDED,A,8fbaa442a5f926fb750aba15b64a328a8a737995b1492a65e539ab39b5cc165c
14233e2f7d9166cfd6c2,SRC421,7,PAIR_85A1EEA8DEDC0024B05A578C,A_ONLY,44,,,ACCEPT_A,"Page-7 image prints: from a Portfolio Fund(s), often requiring a bespoke structure that may include the creation of new vehicles or securities (""Non-Traditional Secondary Investments""). Term and text match the print.",VERIFIED_ONE_SIDED,A,8fbaa442a5f926fb750aba15b64a328a8a737995b1492a65e539ab39b5cc165c
5db3debf18ae64b20c9b,SRC421,7,PAIR_E8DF57DD20929EDB7FEC9BF7,A_ONLY,45,,,ACCEPT_A,"Page-7 image prints the alternative name: primary investments in newly formed Portfolio Funds (""Primary Investments"" or ""Primaries""). Primaries is a separately printed defined term, so it is its own record.",VERIFIED_ONE_SIDED,A,8fbaa442a5f926fb750aba15b64a328a8a737995b1492a65e539ab39b5cc165c
b45a5463c3d56eb87048,SRC421,7,PAIR_E3E0F888E1D7197097B66CBC,A_ONLY,46,,,ACCEPT_A,"Page-7 image prints: (iii) primary investments in newly formed Portfolio Funds (""Primary Investments"" or ""Primaries""). Term and text match the print.",VERIFIED_ONE_SIDED,A,8fbaa442a5f926fb750aba15b64a328a8a737995b1492a65e539ab39b5cc165c
a54898a6c4db900358ce,SRC421,7,PAIR_5BA39C7166D7EB33B43E658F,A_ONLY,47,,,ACCEPT_A,"Page-7 image prints the alternative name: ""Secondary Investments"" or ""Secondaries"". Separately printed defined term, its own record.",VERIFIED_ONE_SIDED,A,8fbaa442a5f926fb750aba15b64a328a8a737995b1492a65e539ab39b5cc165c
534f3da32b861a01213f,SRC421,7,PAIR_AA9A0CF80DDCD922E6730D3F,A_ONLY,48,,,ACCEPT_A,"Page-7 image prints: and, together with Traditional Secondary Investments, ""Secondary Investments"" or ""Secondaries"". Term and text match the print.",VERIFIED_ONE_SIDED,A,8fbaa442a5f926fb750aba15b64a328a8a737995b1492a65e539ab39b5cc165c
601d8c37c46ee81d59b0,SRC421,8,,ADJUDICATOR_ADD,,,,ADD,"The page-8 image prints a quoted term with its meaning stated, which neither lane recorded: making commitments in an aggregate amount that exceeds the total amounts invested by Shareholders at the time of such commitment (i.e., to ""over-commit""). The i.e. gloss states the term's meaning in the same printed form as the accredited investors and interested persons definitions A recorded elsewhere, and the following sentence uses the term as defined.",ADDED,ADJUDICATOR,8fbaa442a5f926fb750aba15b64a328a8a737995b1492a65e539ab39b5cc165c
76ed6e0415481f2b1b2a,SRC421,8,PAIR_945ED5C95863D1A416868B03,A_ONLY,49,,,ACCEPT_A,"Page-8 image prints: exposure to privately placed debt securities and other yield-oriented investments ... and other securities and instruments issued in transactions exempt from the registration requirements of the Securities Act (""Private Credit Investments""). Term and text match the print.",VERIFIED_ONE_SIDED,A,8fbaa442a5f926fb750aba15b64a328a8a737995b1492a65e539ab39b5cc165c
7b19b04d615e82ef1a0f,SRC421,8,PAIR_6790D55A496A763D4A1FF592,A_ONLY,50,,,ACCEPT_A,"Page-8 image prints: to maintain compliance with the requirements to qualify as a regulated investment company (a ""RIC""). Term and text match the print.",VERIFIED_ONE_SIDED,A,8fbaa442a5f926fb750aba15b64a328a8a737995b1492a65e539ab39b5cc165c
2db82bc4654fb38433fe,SRC421,8,PAIR_515CEF4E3F50578B83F9C1CD,A_ONLY,51,,,ACCEPT_A,"Page-8 image prints: the repurchase of Shares through periodic tenders by members of the Fund (""Shareholders""). Term and text match the print.",VERIFIED_ONE_SIDED,A,8fbaa442a5f926fb750aba15b64a328a8a737995b1492a65e539ab39b5cc165c
8ca795d66f99a87ebb98,SRC421,8,PAIR_0B671AB6A043FBDF84AE74AA,A_ONLY,52,,,ACCEPT_A,"Page-8 image prints: through one or more wholly-owned subsidiaries (each, a ""Subsidiary"" and collectively, the ""Subsidiaries""). The plural is separately printed as a defined term, so it is its own record.",VERIFIED_ONE_SIDED,A,8fbaa442a5f926fb750aba15b64a328a8a737995b1492a65e539ab39b5cc165c
978acda19264b976c71f,SRC421,8,PAIR_846511236753AF791F45FDED,A_ONLY,53,,,ACCEPT_A,"Page-8 image prints: (each, a ""Subsidiary"" and collectively, the ""Subsidiaries""). The singular is separately printed as a defined term, so it is its own record.",VERIFIED_ONE_SIDED,A,8fbaa442a5f926fb750aba15b64a328a8a737995b1492a65e539ab39b5cc165c
a4a33d2c7c97dfb28dee,SRC421,19,PAIR_049CF83D1EAC771918AC033D,A_ONLY,54,,,ACCEPT_A,"Page-19 image prints: The Board reserves the right to accept lesser amounts below these minimums for Trustees of the Fund and employees of Apollo and its affiliates (""Apollo Employees""). Term and text match the print.",VERIFIED_ONE_SIDED,A,8fbaa442a5f926fb750aba15b64a328a8a737995b1492a65e539ab39b5cc165c
ed47812089e85d19af01,SRC421,19,PAIR_D03E29CCA0490F1F54677176,A_ONLY,55,,,ACCEPT_A,"Page-19 image prints, in the Distributor row of the summary table: Apollo Global Securities, LLC acts as distributor for the Shares (the ""Distributor"") and serves in that capacity on a reasonable best efforts basis, subject to various conditions. Term and text match the print; this is the page-19 occurrence, separate from the page-2 and page-4 ones.",VERIFIED_ONE_SIDED,A,8fbaa442a5f926fb750aba15b64a328a8a737995b1492a65e539ab39b5cc165c
4cdf84795960251b3b2a,SRC421,20,PAIR_82B2F108CD1FE4339BD76089,A_ONLY,56,,,ACCEPT_A,"Page-20 image prints, in the Eligible Investors row: each prospective investor in the Fund will be required to certify that it is an ""accredited investor"" within the meaning of Rule 501 under the Securities Act. The Rule 501 wording is this page's own definition and differs from the Section 501(a) of Regulation D wording on pages 3, 6 and 97, so it is its own record.",VERIFIED_ONE_SIDED,A,8fbaa442a5f926fb750aba15b64a328a8a737995b1492a65e539ab39b5cc165c
14de672ad981aa77ca85,SRC421,20,PAIR_6312CBDDF3FFD95977555E56,A_ONLY,58,,,ACCEPT_A,"Page-20 image prints: this Prospectus, the Statement of Additional Information (""SAI"") and the Declaration of Trust. Term and text match the print.",VERIFIED_ONE_SIDED,A,8fbaa442a5f926fb750aba15b64a328a8a737995b1492a65e539ab39b5cc165c
e5e9e88c580a97d303ec,SRC421,21,PAIR_412EE88BFF2F294FC614587F,A_ONLY,59,,,ACCEPT_A,"Page-21 image prints: funds received from prospective investors will be placed in an account with SS&C GIDS, Inc., the Fund's transfer agent (the ""Transfer Agent""). Term and text match the print.",VERIFIED_ONE_SIDED,A,8fbaa442a5f926fb750aba15b64a328a8a737995b1492a65e539ab39b5cc165c
493ac3f75eb344cdeccf,SRC421,22,PAIR_BC79044E9B93EB6DDEFC77C7,A_ONLY,60,,,ACCEPT_A,"Page-22 image prints: The Fund will operate under a dividend reinvestment plan (the ""DRIP""). Term and text match the print.",VERIFIED_ONE_SIDED,A,8fbaa442a5f926fb750aba15b64a328a8a737995b1492a65e539ab39b5cc165c
758788487eb33d93c58a,SRC421,22,PAIR_CB86739195555E52432188AF,A_ONLY,61,,,ACCEPT_A,"Page-22 image prints: a statement on Internal Revenue Service (""IRS"") Form 1099-DIV. Term and text match the print.",VERIFIED_ONE_SIDED,A,8fbaa442a5f926fb750aba15b64a328a8a737995b1492a65e539ab39b5cc165c
db60643c58fa403af5e4,SRC421,22,PAIR_1098821E8C262CB8CBA6C0EE,A_ONLY,62,,,ACCEPT_A,"Page-22 image prints: which will be issued at the net asset value (""NAV"") per Share determined as of the ex-dividend date. Term and text match the print.",VERIFIED_ONE_SIDED,A,8fbaa442a5f926fb750aba15b64a328a8a737995b1492a65e539ab39b5cc165c
9dc0035a3fd0ab00cd78,SRC421,22,PAIR_98CF83DBC51708AA2B58F010,A_ONLY,63,,,ACCEPT_A,"Page-22 image prints: administered by SS&C GIDS, Inc. (the ""Plan Agent""). Term and text match the print.",VERIFIED_ONE_SIDED,A,8fbaa442a5f926fb750aba15b64a328a8a737995b1492a65e539ab39b5cc165c
a2db3f1e37a9f55c8f82,SRC421,24,PAIR_E926773CB31B7808ED8D3257,A_ONLY,65,,,ACCEPT_A,"Page-24 image prints: the Fund and the Adviser have entered into an Administration Agreement (the ""Affiliate Administration Agreement""). Term and text match the print.",VERIFIED_ONE_SIDED,A,8fbaa442a5f926fb750aba15b64a328a8a737995b1492a65e539ab39b5cc165c
91ba2e5af8383637f7c2,SRC421,24,PAIR_135D309FFF30C5F950585232,A_ONLY,66,,,ACCEPT_A,"Page-24 image prints: as set forth in its Investment Advisory and Management Agreement with the Adviser (the ""Investment Advisory and Management Agreement""). Term and text match the print.",VERIFIED_ONE_SIDED,A,8fbaa442a5f926fb750aba15b64a328a8a737995b1492a65e539ab39b5cc165c
528c70c078ba00c8626b,SRC421,24,PAIR_BD4007E040105FCA8BDA1119,A_ONLY,67,,,ACCEPT_A,"Page-24 image prints: For purposes of the Investment Advisory and Management Agreement, net assets means the Fund's total assets less liabilities determined on a consolidated basis in accordance with GAAP. A printed definition; term and text match.",VERIFIED_ONE_SIDED,A,8fbaa442a5f926fb750aba15b64a328a8a737995b1492a65e539ab39b5cc165c
8c3e62410fc2272c1439,SRC421,24,PAIR_414053C3D1CFB73671326688,B_ONLY,,5,,MERGE,"Fees and Expenses is the printed row heading in the left column of the page-24 summary table, and B's text is the whole printed provision under it: the Fund bears certain organizational and initial offering costs, initial offering costs capitalized and amortized over the 12-month period following commencement of operations, organizational costs expensed as incurred. organizational_expense is in the PPM legal_term whitelist. A filed the same printed passage under the phrase organizational costs with only its last sentence, so B's row is published and A's is rejected as the duplicate.; Source review: p2: Apollo S3 Private Markets Fund (the “Fund”) (The prospectus explicitly defines Fund as Apollo S3 Private Markets Fund; apply that printed identity to the organizational-expense term without creating a second fund.)",RESOLVED,B+ADJUDICATOR,8fbaa442a5f926fb750aba15b64a328a8a737995b1492a65e539ab39b5cc165c
567245bfe4c5b5cfa7ab,SRC421,24,PAIR_F49E5682CE1E1152FFD1EDFB,VALUE_CONFLICT,68,6,source_table|subject_name|text_raw,MERGE,"Neither lane is complete. B's text_raw is the whole printed Management Fee provision, both paragraphs, including the parenthetical (the ""Management Fee"") and the calculation, arrears and payment terms; A stopped at the first sentence and dropped the parenthetical, so B's text is taken. B blanked source_table, which the page's summary table prints, and B put the in-document abbreviation the Fund in subject_name; the entity's full printed name is Apollo S3 Private Markets Fund, so A's two fields are taken. Both lanes cited the same mid-sentence evidence fragment, replaced here with the complete printed sentence.",RESOLVED,A+B+ADJUDICATOR,8fbaa442a5f926fb750aba15b64a328a8a737995b1492a65e539ab39b5cc165c
dcfed0d963316ca60bfe,SRC421,25,PAIR_8AEF872C9BD79AFDC5CF3BD1,A_ONLY,70,,,ACCEPT_A,"Page-25 image prints: Class S2 Shares are subject to an ongoing distribution and shareholder servicing fee (the ""Distribution and Servicing Fee"") at an annual rate of 0.85%. Term and text match the print.",VERIFIED_ONE_SIDED,A,8fbaa442a5f926fb750aba15b64a328a8a737995b1492a65e539ab39b5cc165c
40266ed835e41d663106,SRC421,25,PAIR_5D097747768A17FC2D30EC3A,A_ONLY,71,,,ACCEPT_A,"Page-25 image prints the collective definition: excluding the Management Fee, any Distribution and Servicing Fee ... and extraordinary expenses, if any; collectively, the ""Excluded Expenses"". A's text lists the printed members of the definition.",VERIFIED_ONE_SIDED,A,8fbaa442a5f926fb750aba15b64a328a8a737995b1492a65e539ab39b5cc165c
bde334460ba704dc697b,SRC421,25,PAIR_41D987667A4D7547FFA11627,A_ONLY,72,,,ACCEPT_A,"Page-25 image prints: The Expense Limitation Agreement may be extended for additional one-year periods with the consent of the Adviser and the Fund. term_extension is in the PPM legal_term whitelist and the printed sentence is the extension provision. The agreement's defined term is introduced on the same page under the same row label, so it is the same physical cell and cannot carry a second row.",VERIFIED_ONE_SIDED,A,8fbaa442a5f926fb750aba15b64a328a8a737995b1492a65e539ab39b5cc165c
c2db5863006334582354,SRC421,26,PAIR_6F9CD4BB1A6BA65FDA351210,A_ONLY,73,,,MERGE,"The definition is printed on page 26 but A recorded it wrongly on two counts. Its text_raw, out-of-pocket expenses, drops half of what the printed parenthetical defines: the Administration Fee is the compensation for the Administrator's services and the reimbursement of certain out-of-pocket expenses. Its evidence_quote, The Administration Fee is paid to, is the following sentence and proves only that the term occurs, not the definition. Both are corrected from the page image.",RESOLVED,A+ADJUDICATOR,8fbaa442a5f926fb750aba15b64a328a8a737995b1492a65e539ab39b5cc165c
dbf4c99e6a82c9403d71,SRC421,26,PAIR_3C300F11C21D768EF2C97455,A_ONLY,74,,,ACCEPT_A,"Page-26 image prints: State Street Bank and Trust Company (the ""Administrator"") serves as the Fund's administrator. Term and text match the print.",VERIFIED_ONE_SIDED,A,8fbaa442a5f926fb750aba15b64a328a8a737995b1492a65e539ab39b5cc165c
57ed0e84d4ba14ed78d5,SRC421,26,PAIR_8A1F12AA4DC0083CB84B1066,A_ONLY,75,,,MERGE,"The definition is printed in the first paragraph of page 26 and A read it correctly, but A stamped definition_keys DISTRIBUTION_AND_SERVICING_PLAN_P25 on a page-26 row, so the marker names the wrong page under A's own naming scheme. The record is republished with the key corrected and a complete printed evidence sentence.",RESOLVED,A+ADJUDICATOR,8fbaa442a5f926fb750aba15b64a328a8a737995b1492a65e539ab39b5cc165c
157c531922749846c5fb,SRC421,26,PAIR_52BDB3235C203D1DEF6DFD22,A_ONLY,76,,,ACCEPT_A,"Page-26 image prints: A Shareholder may assign, transfer, sell, encumber, pledge or otherwise dispose of (each, a ""transfer"") Shares only (i) by operation of law. Term and text match the print. The transfer restriction itself is a legal_clause category, which PPM scope does not allow, so only the printed definition is recorded.",VERIFIED_ONE_SIDED,A,8fbaa442a5f926fb750aba15b64a328a8a737995b1492a65e539ab39b5cc165c
e152442306281ee929bb,SRC421,27,PAIR_57B88DA13E46A69FBDA5E9E1,CLASSIFICATION_CONFLICT,77,7,source_table|subject_name,ACCEPT_A,"Both lanes read the printed sentence identically: The Fund's term is perpetual unless the Fund is otherwise terminated under the terms of the Declaration of Trust, filed as legal_term / fund_term. The conflict is only in two context fields and A is right on both. Term is the printed row heading of the page-27 summary table, so source_table SUMMARY OF OFFERING TERMS is printed and B's blank is wrong; and subject_name takes the entity's full printed name, Apollo S3 Private Markets Fund, not the in-document abbreviation the Fund that B used.",RESOLVED,A,8fbaa442a5f926fb750aba15b64a328a8a737995b1492a65e539ab39b5cc165c
7f59c3aaae5cf6bbd6f0,SRC421,28,,ADJUDICATOR_ADD,,,,ADD,"The second page-28 term printed with the source of its meaning, benefit plan investor within the meaning of ERISA, added for the same reason. The third quoted phrase on that page, plan assets, is not added: the page attaches no defining source to it and states only that the Fund's underlying assets will not be considered plan assets.",ADDED,ADJUDICATOR,8fbaa442a5f926fb750aba15b64a328a8a737995b1492a65e539ab39b5cc165c
27a2b92bf9e9e40e9ad1,SRC421,28,PAIR_EFE92A5AA43D1684F0F32E19,A_ONLY,78,,,ACCEPT_A,"Page-28 image prints: State Street Bank and Trust Company serves as the Fund's custodian (the ""Custodian""). Term and text match the print.",VERIFIED_ONE_SIDED,A,8fbaa442a5f926fb750aba15b64a328a8a737995b1492a65e539ab39b5cc165c
5acb0514ba8363be571b,SRC421,28,PAIR_0CBD836363CE1180AD2A9783,A_ONLY,79,,,ACCEPT_A,"Page-28 image prints: Investors subject to the Employee Retirement Income Security Act of 1974, as amended (""ERISA""). Term and text match the print.",VERIFIED_ONE_SIDED,A,8fbaa442a5f926fb750aba15b64a328a8a737995b1492a65e539ab39b5cc165c
1d32bca18631a3dd08b6,SRC421,28,,ADJUDICATOR_ADD,,,,ADD,"Correction to this shard's own earlier page-28 ruling. Page 72 prints a ""required majority"" (as defined in Section 57(o) of the 1940 Act) and that row is published, as are interested persons (as defined in the 1940 Act) on page 6 and accredited investor within the meaning of Rule 501 on page 20. A term printed with the source of its meaning is therefore a definition_context record throughout this document, and page 28 prints the same form twice. The first is added here.",ADDED,ADJUDICATOR,8fbaa442a5f926fb750aba15b64a328a8a737995b1492a65e539ab39b5cc165c
ff894c0c2bd2eb6025de,SRC421,28,PAIR_F06E2DA4E8357BC0E464D44D,A_ONLY,80,,,ACCEPT_A,"Transfer Agent is the printed row heading in the left column of the page-28 summary table and its printed answer is SS&C GIDS, Inc. serves as the Fund's transfer agent. The label is the printed heading, as rule 20 requires, and the text is the row's printed content. This is the page-28 occurrence, separate from the page-21 parenthetical.",VERIFIED_ONE_SIDED,A,8fbaa442a5f926fb750aba15b64a328a8a737995b1492a65e539ab39b5cc165c
dd4df3e65b0fcaa810b6,SRC421,29,PAIR_A77A2801C59D41F901878BAE,B_ONLY,,8,,ACCEPT_B,"Footnote (4) annotates the printed Acquired Fund Fees and Expenses line and runs from page 29 onto page 30. B labels the row with that printed line and its text carries the whole footnote, including the page-30 continuation on historic returns and the estimated annualized amounts for the fiscal year ending March 31, 2026. A's text stops at the page break.",VERIFIED_ONE_SIDED,B,8fbaa442a5f926fb750aba15b64a328a8a737995b1492a65e539ab39b5cc165c
09f2c162f0c1dd437a70,SRC421,29,PAIR_D0CF31635D08B814CA2DF431,VALUE_CONFLICT,87,9,record_family|source_table|subject_type|subject_name|term_category|text_raw|evidence_quote|definition_keys,ACCEPT_B,"The two lanes filed different printed passages under the same row label. B's side is footnote (2), which annotates the Management Fee line of the Estimated Annual Operating Expenses table and states the 1.50% annualized fee on the Fund's net assets; that is what a row labelled Management Fee holds. A's side carries text from footnote (4), the 0.75% to 1.50% range the Portfolio Funds charge, which is not this Fund's management fee and does not belong under this label. B is source-correct.",RESOLVED,B,8fbaa442a5f926fb750aba15b64a328a8a737995b1492a65e539ab39b5cc165c
6e9beb1a5d290df6dafc,SRC421,29,PAIR_05902C4E483690DEAD9DA326,B_ONLY,,10,,ACCEPT_B,"Footnote (3) annotates the printed Other Expenses line. B labels the row with that printed line, keeps the marker in definition_keys, and includes the final printed sentence giving the estimation basis, the fiscal year ending March 31, 2026, which A dropped.",VERIFIED_ONE_SIDED,B,8fbaa442a5f926fb750aba15b64a328a8a737995b1492a65e539ab39b5cc165c
6d5adb32a29805383c31,SRC421,29,PAIR_87C3602E3DB1990D496FFBAD,B_ONLY,,11,,ACCEPT_B,"Footnote (1) on the page-29 image annotates the printed fee-table line Maximum Sales Load, and B labels the row with that printed line and puts the marker 1 in definition_keys, which is the convention already settled for this document's page-2 fee table. B's text is the whole printed footnote, including the transaction-fee sentences A dropped.",VERIFIED_ONE_SIDED,B,8fbaa442a5f926fb750aba15b64a328a8a737995b1492a65e539ab39b5cc165c
ea46ee6ab23fb50b0c8d,SRC421,29,,ADJUDICATOR_ADD,,,,ADD,"Neither lane recorded the printed methodology note above the fee tables, which states the basis of every percentage in them: estimated expenses for the fiscal year ending March 31, 2026 and an assumed net asset level. A stated basis for a table is a methodology note and therefore a definition_context record. The note carries no printed term of its own, so it takes the printed heading that governs it. The figure is transcribed as printed, including the document's own $825,000,000 million wording.",ADDED,ADJUDICATOR,8fbaa442a5f926fb750aba15b64a328a8a737995b1492a65e539ab39b5cc165c
e2f2bc1fbac224860004,SRC421,29,PAIR_5C57B022E1D5A3135846F496,VALUE_CONFLICT,88,12,source_table|source_row_label|subject_type|subject_name|text_raw|definition_keys,MERGE,"Neither lane is complete on the printed Class I2 cell. B is right on the label and the table: extraction rule 3 drops the footnote marker from Management Fee(2) into definition_keys, and the printed table title is Estimated Annual Operating Expenses, which A replaced with the page's section heading. A is right on the value and the subject: B's text_raw repeats the row label, and B's subject_type fee_scope is not a controlled value while the share class is already carried in source_column_label. The published row takes B's label, table and key with A's 1.50% and fund subject.",RESOLVED,A+B+ADJUDICATOR,8fbaa442a5f926fb750aba15b64a328a8a737995b1492a65e539ab39b5cc165c
01ffb8dbed9ac2124818,SRC421,29,PAIR_F4A5DDA014870CC3AC61E8DA,VALUE_CONFLICT,89,13,source_table|source_row_label|subject_type|subject_name|text_raw|definition_keys,MERGE,"The printed Class S2 cell of the same Management Fee row, settled the same way: B's printed line label, printed table title and footnote marker in definition_keys, with A's 1.50% value and fund subject. The two class columns are separate printed cells and each keeps its own row.",RESOLVED,A+B+ADJUDICATOR,8fbaa442a5f926fb750aba15b64a328a8a737995b1492a65e539ab39b5cc165c
e3ba462a139fb8718632,SRC421,30,PAIR_049421993ECA2989CDC61494,B_ONLY,,14,,ACCEPT_B,"Footnote (6) annotates the printed Fee Waiver and/or Expense Reimbursement line. B labels the row with that printed line and its text is the whole printed footnote: the Excluded Expenses definition, the 0.50% per annum cap, the thirty-six month repayment window, the initial one-year term and the continuance through at least April 30, 2026. A's text stops at the 0.50% cap and also drops the printed parenthetical for borrowing and structuring costs and the collective term Excluded Expenses.",VERIFIED_ONE_SIDED,B,8fbaa442a5f926fb750aba15b64a328a8a737995b1492a65e539ab39b5cc165c
fd69857567e21236b747,SRC421,30,PAIR_E0D81D4C1E3F54BD9A7359AC,B_ONLY,,15,,ACCEPT_B,"Footnote (5) on the page-30 image annotates the printed Interest Payments on Borrowed Funds line. B labels the row with that printed line and keeps the marker in definition_keys, the convention settled on page 2. Both lanes read the same single printed sentence.",VERIFIED_ONE_SIDED,B,8fbaa442a5f926fb750aba15b64a328a8a737995b1492a65e539ab39b5cc165c
bd32e3c744c0f2641f8e,SRC421,30,,ADJUDICATOR_ADD,,,,ADD,"Neither lane recorded the printed assumptions note governing the expense examples, which states that distributions are reinvested at NAV, that the annual expense percentages hold, how the fee waiver is applied, and that the 5% annual return is an SEC-required assumption and not a prediction. That is a methodology note and therefore a definition_context record. It carries no printed term of its own, so it takes the printed heading that governs it.",ADDED,ADJUDICATOR,8fbaa442a5f926fb750aba15b64a328a8a737995b1492a65e539ab39b5cc165c
d6cc3f9f0e9d782e1811,SRC421,33,PAIR_266B09D1A4522805BF44A133,A_ONLY,92,,,ACCEPT_A,"Both lanes read the same printed sentence in THE FUND section on page 33, so one row is published, not two. A's label Term names the provision and is the printed name the document itself gives it in the page-27 summary; B's label is the clause's opening words, The Fund's term, which extraction rule 20 forbids. A also carries the printed section heading in source_table and the full printed fund name, both of which B blanked or abbreviated.",VERIFIED_ONE_SIDED,A,8fbaa442a5f926fb750aba15b64a328a8a737995b1492a65e539ab39b5cc165c
22bcb3451cd0b55d5e13,SRC421,35,PAIR_97CE2B80548BC60E78DB0573,A_ONLY,93,,,ACCEPT_A,"Page-35 image prints: (ii) direct or indirect investments in the equity and/or credit of private companies, alongside private market funds and/or other private market firms (""Co-Investments""). This is the page-35 occurrence, separate from page 7.",VERIFIED_ONE_SIDED,A,8fbaa442a5f926fb750aba15b64a328a8a737995b1492a65e539ab39b5cc165c
57e596f80585d8b19a3b,SRC421,35,PAIR_7BC1022C9679674F80864207,A_ONLY,95,,,ACCEPT_A,"Page 35 restates what the term covers: invest a portion of its assets in a portfolio of Liquid Assets, including cash and/or cash equivalents, liquid fixed income securities and other credit instruments, and other investment companies, including money market funds and ETFs. The sentence enumerates the contents of Liquid Assets, so it states the term's meaning rather than merely using it.",VERIFIED_ONE_SIDED,A,8fbaa442a5f926fb750aba15b64a328a8a737995b1492a65e539ab39b5cc165c
987bcd64ab5a98b41a0f,SRC421,35,PAIR_DA7267B07ED3FA003554C756,A_ONLY,96,,,ACCEPT_A,"Page-35 image prints: often requiring a bespoke structure that may include the creation of new vehicles or securities (""Non-Traditional Secondary Investments""). Page-35 occurrence.",VERIFIED_ONE_SIDED,A,8fbaa442a5f926fb750aba15b64a328a8a737995b1492a65e539ab39b5cc165c
dc8ff01d4ecd508eceaa,SRC421,35,PAIR_3F4C9E887C08922AD80EECAC,A_ONLY,97,,,ACCEPT_A,"Page-35 image prints: investments in private markets funds managed by various unaffiliated asset managers (""Portfolio Funds""). Page-35 occurrence.",VERIFIED_ONE_SIDED,A,8fbaa442a5f926fb750aba15b64a328a8a737995b1492a65e539ab39b5cc165c
a9d13388da7a33ccaa20,SRC421,35,PAIR_7F09C1295BC79AE092298828,A_ONLY,98,,,ACCEPT_A,"Page-35 image prints the alternative name: (""Primary Investments"" or ""Primaries""). Separately printed defined term, its own record.",VERIFIED_ONE_SIDED,A,8fbaa442a5f926fb750aba15b64a328a8a737995b1492a65e539ab39b5cc165c
8bc0b61546db513164fa,SRC421,35,PAIR_C5ECF9BF738222A1A46BEDC4,A_ONLY,99,,,ACCEPT_A,"Page-35 image prints: (iii) primary investments in newly formed Portfolio Funds (""Primary Investments"" or ""Primaries""). Page-35 occurrence.",VERIFIED_ONE_SIDED,A,8fbaa442a5f926fb750aba15b64a328a8a737995b1492a65e539ab39b5cc165c
c192c2502dbdcf66392d,SRC421,35,PAIR_1B2784AA61F11BB590012A09,A_ONLY,100,,,ACCEPT_A,"Page-35 image prints: an actively managed portfolio of private equity, private credit and other private assets (collectively, ""private market investments""). Page-35 occurrence.",VERIFIED_ONE_SIDED,A,8fbaa442a5f926fb750aba15b64a328a8a737995b1492a65e539ab39b5cc165c
21d6f41032b52bb4e2fe,SRC421,35,PAIR_D55CCFDC209AF03F20CD578E,A_ONLY,101,,,ACCEPT_A,"Page-35 image prints the alternative name: ""Secondary Investments"" or ""Secondaries"". Separately printed defined term, its own record.",VERIFIED_ONE_SIDED,A,8fbaa442a5f926fb750aba15b64a328a8a737995b1492a65e539ab39b5cc165c
d38b275eb23f48d46cf8,SRC421,35,PAIR_C30A3D87F4369EECE1E17D63,A_ONLY,102,,,ACCEPT_A,"Page-35 image prints: and, together with Traditional Secondary Investments, ""Secondary Investments"" or ""Secondaries"". Page-35 occurrence.",VERIFIED_ONE_SIDED,A,8fbaa442a5f926fb750aba15b64a328a8a737995b1492a65e539ab39b5cc165c
289c2643bdef86f1b9ab,SRC421,35,PAIR_FFA056CBDBDEABECCE149314,A_ONLY,103,,,ACCEPT_A,"Page-35 image prints: (a) from pre-existing investors in these Portfolio Funds (""Traditional Secondary Investments""). Page-35 occurrence.",VERIFIED_ONE_SIDED,A,8fbaa442a5f926fb750aba15b64a328a8a737995b1492a65e539ab39b5cc165c
3748ab4627c67db7adf3,SRC421,36,,ADJUDICATOR_ADD,,,,ADD,"Page 36 reprints the Over-Commitments paragraph, including the quoted term with its meaning stated, (i.e., to ""over-commit""), which neither lane recorded. Each page's printed occurrence is its own record in this document, the convention A applies to RIC on pages 8 and 36 and to SEC on pages 3 and 6.",ADDED,ADJUDICATOR,8fbaa442a5f926fb750aba15b64a328a8a737995b1492a65e539ab39b5cc165c
ded988e54f0e63131bab,SRC421,36,PAIR_46E51F048DEFC6A050F6504B,A_ONLY,104,,,ACCEPT_A,"Page-36 image prints: other securities and instruments issued in transactions exempt from the registration requirements of the Securities Act (""Private Credit Investments""). Page-36 occurrence.",VERIFIED_ONE_SIDED,A,8fbaa442a5f926fb750aba15b64a328a8a737995b1492a65e539ab39b5cc165c
53d619c6a4a9f63cdfe6,SRC421,36,PAIR_3338D4029B8D9AD304F56627,A_ONLY,105,,,ACCEPT_A,"Page-36 image prints: to maintain compliance with the requirements to qualify as regulated investment company (a ""RIC""). Page-36 occurrence, and unlike the page-22 row this page does introduce the abbreviation.",VERIFIED_ONE_SIDED,A,8fbaa442a5f926fb750aba15b64a328a8a737995b1492a65e539ab39b5cc165c
165fb0f25f6bdaaedddc,SRC421,37,,ADJUDICATOR_ADD,,,,ADD,"The page-37 image prints a parenthetical defined term neither lane recorded: the investment committee and a team of experienced investment professionals within the S3 business (the ""Fund Investment Team""). It is the same printed form as the definitions A recorded throughout the document, and the following sentences use the term as defined.",ADDED,ADJUDICATOR,8fbaa442a5f926fb750aba15b64a328a8a737995b1492a65e539ab39b5cc165c
4aa796122fdecf95b958,SRC421,37,PAIR_98F46C71C9CA4B68D7B3AEF0,A_ONLY,106,,,ACCEPT_A,Page-37 image prints the underlined defined term and its meaning: Private Credit: Encompasses a range of investments primarily in the form of senior debt securities and loans issued by privately-held companies predominantly backed by private market sponsors. Term and text match the print.,VERIFIED_ONE_SIDED,A,8fbaa442a5f926fb750aba15b64a328a8a737995b1492a65e539ab39b5cc165c
c3706e4f65bca319eeed,SRC421,37,PAIR_D0B1A1BBE96279E32BD499B2,A_ONLY,107,,,ACCEPT_A,Page-37 image prints: Private Equity: Encompasses buyout and growth investments that provide equity capital to private companies in support of business growth strategies or fundamental value creation and strategic business improvement. Term and text match the print.,VERIFIED_ONE_SIDED,A,8fbaa442a5f926fb750aba15b64a328a8a737995b1492a65e539ab39b5cc165c
47088f15a3e3e4c8cb9c,SRC421,37,PAIR_2871B8DA1F8BB335487AA05D,A_ONLY,108,,,ACCEPT_A,"Page-37 image prints the gloss: vintage years (i.e., the year in which a Portfolio Fund begins investing or the year in which an underlying investment in a Portfolio Fund is made). Term and text match the print.",VERIFIED_ONE_SIDED,A,8fbaa442a5f926fb750aba15b64a328a8a737995b1492a65e539ab39b5cc165c
5917296de41f1911736c,SRC421,40,,ADJUDICATOR_ADD,,,,ADD,"Both lanes recorded zero rows on page 40. The page prints a definitional test neither recorded: The Fund considers debt securities to be below investment grade if, at the time of investment, they are rated below the four highest categories by at least one independent credit rating agency or, if unrated, are determined by the Adviser to be of comparable quality. The sentence states the term's meaning with an explicit test, the same construction as the non-diversified and valuation risk definitions published from page 56.",ADDED,ADJUDICATOR,8fbaa442a5f926fb750aba15b64a328a8a737995b1492a65e539ab39b5cc165c
e3f6eb18f2eee6376af6,SRC421,41,,ADJUDICATOR_ADD,,,,ADD,"Both lanes recorded zero rows on page 41. The page states what S3 is, the term the document uses throughout for the business that manages the Fund: S3 is Apollo's Sponsor and Secondary Solutions business. That is the same is construction as the retail customer definition on page 98 and the controlled group definition on page 118, both published.",ADDED,ADJUDICATOR,8fbaa442a5f926fb750aba15b64a328a8a737995b1492a65e539ab39b5cc165c
c06932617dd19ea5a66a,SRC421,42,,ADJUDICATOR_ADD,,,,ADD,"Both lanes recorded zero rows on page 42, but the page prints a parenthetical defined term in the borrowing sentence: (for these purposes, ""total net assets""). It is the same printed form as the definitions published throughout this document, and the term governs both the 33 1/3% borrowing limit and the 50% preferred-share limit on the same page.",ADDED,ADJUDICATOR,8fbaa442a5f926fb750aba15b64a328a8a737995b1492a65e539ab39b5cc165c
5b52ee481f528e19013d,SRC421,47,PAIR_82F1F4F6A5CFA5DAD800EE8A,A_ONLY,109,,,ACCEPT_A,"Page-47 image prints: This may result in the Fund making commitments to Portfolio Funds in an aggregate amount that exceeds the total amounts invested by Shareholders in the Fund at the time of such commitment (i.e., to ""over-commit""). A's text_raw matches this page's wording, which says Portfolio Funds where pages 8 and 36 say private market investments, so it is this page's own printed occurrence.",VERIFIED_ONE_SIDED,A,8fbaa442a5f926fb750aba15b64a328a8a737995b1492a65e539ab39b5cc165c
ab9b5a841dae99870e0a,SRC421,56,PAIR_CBB0DA94494D921C89996D29,A_ONLY,110,,,ACCEPT_A,"Page-56 image prints: The Fund is classified as a ""non-diversified"" investment company for purposes of the 1940 Act, which means it is not subject to percentage limitations under the 1940 Act on assets that may be invested in the securities of any one issuer. The which means clause states the term's meaning, so it is a printed definition.",VERIFIED_ONE_SIDED,A,8fbaa442a5f926fb750aba15b64a328a8a737995b1492a65e539ab39b5cc165c
45307a14ac96416065be,SRC421,56,PAIR_EE0130EE7FC5EDD04F5E852C,A_ONLY,111,,,ACCEPT_A,"Page-56 image prints: The Fund is subject to valuation risk, which is the risk that one or more of the securities in which the Fund invests are valued at prices that the Fund is unable to obtain upon sale. A's text is the defining clause; the list of causes that follows it on the page qualifies the same definition and does not make a second record.",VERIFIED_ONE_SIDED,A,8fbaa442a5f926fb750aba15b64a328a8a737995b1492a65e539ab39b5cc165c
e1ac225ed763cfb5257e,SRC421,61,PAIR_0085A8BEB8B729190CECC5C1,A_ONLY,112,,,ACCEPT_A,"Page-61 image prints: the exit or potential exit of one or more countries from the European Union (""EU""). Term and text match the print.",VERIFIED_ONE_SIDED,A,8fbaa442a5f926fb750aba15b64a328a8a737995b1492a65e539ab39b5cc165c
b25cdbae2e69c7719468,SRC421,62,PAIR_2A2013076AC311938A893668,A_ONLY,113,,,ACCEPT_A,"Page-62 image prints: as evidenced by the bank run on the Silicon Valley Bank (SVB) Financial Group (""SVB"") causing it to be placed into receivership. Term and text match the print, including the inner (SVB) that is part of the printed company name.",VERIFIED_ONE_SIDED,A,8fbaa442a5f926fb750aba15b64a328a8a737995b1492a65e539ab39b5cc165c
63bf14c31717fb2e5e83,SRC421,63,PAIR_28C767451D1D8DD0B60BB5B6,A_ONLY,114,,,ACCEPT_A,"Page-63 image prints: On January 1, 2021, a free trade agreement agreed between the UK and EU (the ""FTA"") came into force. Term and text match the print.",VERIFIED_ONE_SIDED,A,8fbaa442a5f926fb750aba15b64a328a8a737995b1492a65e539ab39b5cc165c
7badec60d294d5c26e87,SRC421,63,PAIR_D7E810565064E7340C048BD5,A_ONLY,115,,,ACCEPT_A,"Page-63 image prints: The United Kingdom (""UK"") ceased to be a member of the EU on January 31, 2020. Term and text match the print.",VERIFIED_ONE_SIDED,A,8fbaa442a5f926fb750aba15b64a328a8a737995b1492a65e539ab39b5cc165c
b3e641f387cc6004478b,SRC421,66,PAIR_B76F7093EE3AB04DACF20BE0,A_ONLY,116,,,ACCEPT_A,"Page-66 image prints the indemnification provision closing with (each such person, an ""Indemnitee""), and A's text_raw carries both printed limbs, the present or former Trustee or officer and the person serving at the Fund's request in another enterprise. Term and text match the print.",VERIFIED_ONE_SIDED,A,8fbaa442a5f926fb750aba15b64a328a8a737995b1492a65e539ab39b5cc165c
2e665a45a443e3368829,SRC421,70,PAIR_EBA3669599ED55D53E12694A,A_ONLY,117,,,ACCEPT_A,"Page-70 image prints: the allocations committee of Apollo Global Management, Inc. (""AGM"" and such committee, the ""AGM Allocations Committee""). Term and text match the print.",VERIFIED_ONE_SIDED,A,8fbaa442a5f926fb750aba15b64a328a8a737995b1492a65e539ab39b5cc165c
fdb306a427468f8d3ba0,SRC421,70,PAIR_3C6429F97545373CDE4C272D,A_ONLY,118,,,ACCEPT_A,"Page-70 image prints the second half of the same parenthetical, and such committee, the ""AGM Allocations Committee"". A separately printed defined term, so it is its own record.",VERIFIED_ONE_SIDED,A,8fbaa442a5f926fb750aba15b64a328a8a737995b1492a65e539ab39b5cc165c
9c4c434f85abc95e8de0,SRC421,70,PAIR_A66CDE05E39AF3F2A1CEBE70,A_ONLY,119,,,ACCEPT_A,"Page-70 image prints: other investment funds, partnerships, limited liability companies, corporations or similar investment vehicles ... or in a similar capacity (collectively, including the Fund, ""Apollo Clients""). A's text carries the whole printed enumeration.",VERIFIED_ONE_SIDED,A,8fbaa442a5f926fb750aba15b64a328a8a737995b1492a65e539ab39b5cc165c
e62ef3b5ebacebc4af27,SRC421,71,PAIR_79DB528F4EEBEDD3F86DB9BB,A_ONLY,120,,,ACCEPT_A,"Page-71 image prints: the actions taken by subcommittees to the AGM Allocations Committee (the ""Allocations Sub-Committees""). Term and text match the print.",VERIFIED_ONE_SIDED,A,8fbaa442a5f926fb750aba15b64a328a8a737995b1492a65e539ab39b5cc165c
ad29c3f979adafe865af,SRC421,72,PAIR_3CF650DD7BD2DC44D842832D,A_ONLY,121,,,ACCEPT_A,"Page-72 image prints, in The Exemptive Order paragraph: an exemptive order from the SEC ... subject to the conditions included therein (the ""Order""). Term and text match the print.",VERIFIED_ONE_SIDED,A,8fbaa442a5f926fb750aba15b64a328a8a737995b1492a65e539ab39b5cc165c
60802bfa45c55371d3a7,SRC421,72,PAIR_89356528597D3ABD103DA7AF,A_ONLY,122,,,ACCEPT_A,"Page-72 image prints: Under the terms of the Order, a ""required majority"" (as defined in Section 57(o) of the 1940 Act) of the Fund's Independent Trustees must be able to reach certain conclusions. The term is printed with the source of its meaning, the same form as interested persons on page 6.",VERIFIED_ONE_SIDED,A,8fbaa442a5f926fb750aba15b64a328a8a737995b1492a65e539ab39b5cc165c
de6a407ac556c5e95b2d,SRC421,73,PAIR_8F8DCD9F759E4548D648BD92,A_ONLY,123,,,ACCEPT_A,"Page-73 image prints: (and for this purpose, any such portfolio company that is providing such services could be considered an Affiliated Service Provider for purpose of the governing documents). The parenthetical states which entity falls under the capitalized term, so it is a printed definition, and A's text names that entity.",VERIFIED_ONE_SIDED,A,8fbaa442a5f926fb750aba15b64a328a8a737995b1492a65e539ab39b5cc165c
6cd1b4866d5a8465a2a4,SRC421,75,,ADJUDICATOR_ADD,,,,ADD,"Both lanes recorded zero rows on page 75. The page states a test that fixes who is an affiliate of the Fund for 1940 Act purposes, the same kind of printed definitional test as the below investment grade sentence added on page 40.",ADDED,ADJUDICATOR,8fbaa442a5f926fb750aba15b64a328a8a737995b1492a65e539ab39b5cc165c
716bd33acf63c826eec0,SRC421,79,PAIR_C6E9C7491BA497A02EA4EFBF,A_ONLY,124,,,ACCEPT_A,"Page-79 image prints: Apollo maintains a code of ethics (the ""Code of Ethics""). Term and text match the print.",VERIFIED_ONE_SIDED,A,8fbaa442a5f926fb750aba15b64a328a8a737995b1492a65e539ab39b5cc165c
07773fdaf022c3909e35,SRC421,79,PAIR_1434884B7B3D955423A892CB,A_ONLY,125,,,ACCEPT_A,"Page-79 image prints: Apollo has established a ""one-way"" information barrier policy (""S3 Information Barrier Policy""). Term and text match the print, including the printed quotation marks around one-way.",VERIFIED_ONE_SIDED,A,8fbaa442a5f926fb750aba15b64a328a8a737995b1492a65e539ab39b5cc165c
6d35ba5886ea291d2b7b,SRC421,82,PAIR_518D25059AD0FBE9987A161B,A_ONLY,126,,,ACCEPT_A,"Page-82 image prints: Apollo Global Funding, LLC (""AGF"") is a subsidiary of Apollo and an affiliate of AGS. Term and text match the print.",VERIFIED_ONE_SIDED,A,8fbaa442a5f926fb750aba15b64a328a8a737995b1492a65e539ab39b5cc165c
6b925cdf66f82c477f28,SRC421,82,PAIR_DB73893FD0ACB3F6233DFBAE,A_ONLY,127,,,ACCEPT_A,"Page-82 image prints: Apollo Global Securities, LLC (""AGS""), an affiliate of Apollo, which is a broker-dealer registered with the SEC. Term and text match the print.",VERIFIED_ONE_SIDED,A,8fbaa442a5f926fb750aba15b64a328a8a737995b1492a65e539ab39b5cc165c
e7a59fd12cc1061a9a49,SRC421,82,PAIR_8293F071F89070A087A25558,A_ONLY,128,,,ACCEPT_A,"Page-82 image prints: such as MidCap Financial Services, LLC (together with its subsidiaries, ""MidCap""). A's text keeps the printed together with its subsidiaries scope.",VERIFIED_ONE_SIDED,A,8fbaa442a5f926fb750aba15b64a328a8a737995b1492a65e539ab39b5cc165c
7cc4eeef4149536941dd,SRC421,85,PAIR_6CB82AE316EC127EC2389471,A_ONLY,129,,,ACCEPT_A,"Page-85 image prints the italic heading Fees Paid to Apollo and, under it, the whole provision A recorded verbatim: certain fees received by the Adviser will not be applied to reduce management fees and a portion will be retained by the Adviser or its affiliates or employees. The provision governs whether fees offset the management fee, which is the fee_offset category, and the label is the printed heading.",VERIFIED_ONE_SIDED,A,8fbaa442a5f926fb750aba15b64a328a8a737995b1492a65e539ab39b5cc165c
1fe22338c1d065704f9d,SRC421,86,PAIR_62233D3897C2AA39EE8AC602,A_ONLY,130,,,ACCEPT_A,"Page-86 image prints: Athene Holding Ltd. (together with its subsidiaries, ""Athene"") is a retirement services company that issues, reinsures and acquires retirement savings products designed for individuals and institutions seeking to fund retirement needs. Term and text match the print.",VERIFIED_ONE_SIDED,A,8fbaa442a5f926fb750aba15b64a328a8a737995b1492a65e539ab39b5cc165c
2ef677f90c9ecd44e370,SRC421,86,PAIR_882377A5D40908928EE3550A,A_ONLY,131,,,ACCEPT_A,"Page-86 image prints: Athora Holding Ltd. is a strategic platform that acquires or reinsures blocks of insurance business in the German and broader European life insurance market (together with its subsidiaries, ""Athora""). Term and text match the print.",VERIFIED_ONE_SIDED,A,8fbaa442a5f926fb750aba15b64a328a8a737995b1492a65e539ab39b5cc165c
3c7bf3714c2d56605b0a,SRC421,88,PAIR_5045CFE8DC77F24C48F15C89,A_ONLY,132,,,ACCEPT_A,"Page-88 image prints: The Board currently has two standing committees: an audit committee (the ""Audit Committee"") and a governance committee (the ""Governance Committee""). Term and text match the print.",VERIFIED_ONE_SIDED,A,8fbaa442a5f926fb750aba15b64a328a8a737995b1492a65e539ab39b5cc165c
9acb5e0e8288379885a2,SRC421,88,,ADJUDICATOR_ADD,,,,ADD,"Page 88 prints a fourth term with the source of its meaning that neither lane recorded, in the Audit Committee paragraph. Only the defined term and its source are recorded; the trustee named in the sentence is not carried into any field.",ADDED,ADJUDICATOR,8fbaa442a5f926fb750aba15b64a328a8a737995b1492a65e539ab39b5cc165c
bc66d6f64eb9bad0872f,SRC421,88,PAIR_7E99AF5E64E31DDB45A87899,A_ONLY,133,,,ACCEPT_A,"Page-88 image prints the second half of the same sentence, a governance committee (the ""Governance Committee""). Separately printed defined term, its own record.",VERIFIED_ONE_SIDED,A,8fbaa442a5f926fb750aba15b64a328a8a737995b1492a65e539ab39b5cc165c
f6c66f43382c1cf2a5b9,SRC421,88,,ADJUDICATOR_ADD,,,,ADD,"The Audit Committee paragraph on page 88 prints the singular term with a narrower citation, Section 2(a)(19), than the plural in The Role of the Board paragraph. It is a separately printed statement of the term's source and neither lane recorded it.",ADDED,ADJUDICATOR,8fbaa442a5f926fb750aba15b64a328a8a737995b1492a65e539ab39b5cc165c
9ab7322f3e10fa162d3f,SRC421,88,,ADJUDICATOR_ADD,,,,ADD,"Page 88 prints a third term with the source of its meaning that neither lane recorded, in The Role of the Board paragraph. This is the form published on pages 6, 20 and 72 and restored on page 28, so it is a record here too.",ADDED,ADJUDICATOR,8fbaa442a5f926fb750aba15b64a328a8a737995b1492a65e539ab39b5cc165c
40083938acd035cccedd,SRC421,91,PAIR_E2911F3EDCECB856A9B6E1B0,A_ONLY,134,,,ACCEPT_A,"Page-91 image prints: determined on a consolidated basis in accordance with accounting principles generally accepted in the United States (""GAAP""). Term and text match the print.",VERIFIED_ONE_SIDED,A,8fbaa442a5f926fb750aba15b64a328a8a737995b1492a65e539ab39b5cc165c
174c92266e7c85806bc4,SRC421,91,PAIR_A3B6BACC748D1C2D5A2B3588,A_ONLY,135,,,ACCEPT_A,"Page-91 image prints: For purposes of the Investment Advisory and Management Agreement, net assets means the Fund's total assets less liabilities determined on a consolidated basis in accordance with accounting principles generally accepted in the United States (""GAAP""). This page's wording spells out GAAP where the page-24 occurrence abbreviates it, so it is this page's own record.",VERIFIED_ONE_SIDED,A,8fbaa442a5f926fb750aba15b64a328a8a737995b1492a65e539ab39b5cc165c
02b72226d0d144e01cf0,SRC421,91,PAIR_17F7F2905CC7D669056C5FAC,VALUE_CONFLICT,136,17,source_table|subject_name|text_raw|evidence_quote,MERGE,"Neither lane is complete, and this is the same split as the page-24 Management Fee row. A kept only the first sentence; B carried the provision but dropped the printed sentence on payment in arrears within 5 business days after the NAV computation. B also blanked source_table, which the page prints as the bold sub-heading Management Fee, and used the abbreviation the Fund in subject_name where the entity's full printed name is Apollo S3 Private Markets Fund. The published text is the whole printed provision read off the image, and it keeps the document's own repetition of the Purchased Shares and net profits sentences in the second and third paragraphs rather than silently editing the source.",RESOLVED,A+B+ADJUDICATOR,8fbaa442a5f926fb750aba15b64a328a8a737995b1492a65e539ab39b5cc165c
363c8fa705c8b6f099ba,SRC421,92,,ADJUDICATOR_ADD,,,,ADD,"Page 92 prints a quoted term with the source of its meaning that neither lane recorded, in the sentence on automatic termination of the advisory agreement. The unquoted majority (as defined by the 1940 Act) in the same paragraph is not added: the page marks no term there, so there is nothing printed as a defined term to record.",ADDED,ADJUDICATOR,8fbaa442a5f926fb750aba15b64a328a8a737995b1492a65e539ab39b5cc165c
aabf6301efb67607ef10,SRC421,92,PAIR_D7315F800BCDD589FB3BF0E7,A_ONLY,137,,,ACCEPT_A,Page-92 image prints: The Expense Limitation Agreement may be extended for additional one-year periods with the consent of the Adviser and the Fund. term_extension is in the PPM legal_term whitelist and the label is the printed agreement name.,VERIFIED_ONE_SIDED,A,8fbaa442a5f926fb750aba15b64a328a8a737995b1492a65e539ab39b5cc165c
335b3e8db808572e74ea,SRC421,92,PAIR_82121C388303E6972F3DD1E4,A_ONLY,138,,,ACCEPT_A,"Page-92 image prints: After the initial term of two years, the Investment Advisory and Management Agreement may continue in effect from year to year if such continuance is approved annually by either the Board or the vote of a majority of the outstanding voting securities of the Fund. A's text is the whole printed sentence and fund_term is its primary meaning, the term of the agreement.",VERIFIED_ONE_SIDED,A,8fbaa442a5f926fb750aba15b64a328a8a737995b1492a65e539ab39b5cc165c
2e308b2c0a5fc28f7fe0,SRC421,92,PAIR_CD4B8FF3F3054DAA526399BB,B_ONLY,,18,,MERGE,"Page-92 image prints the organizational-cost paragraph and B carries all of it, including the two sentences A dropped: the Adviser has agreed to advance those costs to the Fund, and those costs are subject to recoupment in accordance with the Expense Limitation Agreement. organizational_expense is in the PPM whitelist and A's competing row is rejected as a four-word fragment of the same passage. B is not complete, however: it blanked source_table, so this row fell back to the all-capitals section heading, which page 92 already carries in title case from the advisory-agreement row, listing one printed heading twice. The row is republished under the printed sub-heading that governs the paragraph, Investment Advisory and Management Agreement and Reimbursement Arrangements, the same sub-heading A used for its reading of this passage and the assignment row uses on this page, and with the entity's full printed name in subject_name.; Source review: p92: The Fund’s initial offering costs are being capitalized and amortized over the 12-month period following commencement of operations. The Fund’s organizational costs are expensed as incurred. (Physical page 92 (printed page 90) shows an apostrophe in each possessive; two replacement characters arose during text transcription. The correction restores those printed characters without changing the clause or its values.)",RESOLVED,B+ADJUDICATOR,8fbaa442a5f926fb750aba15b64a328a8a737995b1492a65e539ab39b5cc165c
7854beb5e32b92011405,SRC421,93,PAIR_CC31E7FBCB1F820C9A0549A3,A_ONLY,141,,,ACCEPT_A,"Page-93 image prints: in accordance with Certification Topic ASC 820 of the Financial Accounting Standards Board (""ASC 820""). Term and text match the print, including the document's own wording Certification Topic.",VERIFIED_ONE_SIDED,A,8fbaa442a5f926fb750aba15b64a328a8a737995b1492a65e539ab39b5cc165c
20e2be2b2c9f8c79a322,SRC421,93,PAIR_B74366CCEEDEA28F8082B787,A_ONLY,142,,,ACCEPT_A,"Page-93 image prints: as of the close of business on the last business day of each month and in connection with the Fund's offer to purchase Shares, on each date that Shares are to be repurchased, as of the date of any distribution and at such other times as the Board shall determine (each, a ""Determination Date""). A's text carries the whole printed enumeration the term names.",VERIFIED_ONE_SIDED,A,8fbaa442a5f926fb750aba15b64a328a8a737995b1492a65e539ab39b5cc165c
a261bed526b362516e04,SRC421,96,,ADJUDICATOR_ADD,,,,ADD,"Both lanes recorded zero rows on page 96, but the page prints a parenthetical defined term in the list of fair value factors: discounted cash flow analysis (""DCF""). Same printed form as the definitions published throughout this document.",ADDED,ADJUDICATOR,8fbaa442a5f926fb750aba15b64a328a8a737995b1492a65e539ab39b5cc165c
0123bf36807486cc78f6,SRC421,97,PAIR_41BF76C0F82221B0C183FF57,A_ONLY,143,,,ACCEPT_A,"Page-97 image prints: the Shares will be sold only to persons or entities that are ""accredited investors,"" as defined in Section 501(a) of Regulation D under the Securities Act. Term and text match the print; this is the page-97 occurrence.",VERIFIED_ONE_SIDED,A,8fbaa442a5f926fb750aba15b64a328a8a737995b1492a65e539ab39b5cc165c
96057a418147f9e1bfe9,SRC421,98,PAIR_8341DDD1B67A8C1339EFD965,A_ONLY,144,,,ACCEPT_A,"Page-98 image prints: A retail customer is any natural person, or the legal representative of such person, who receives a recommendation of any securities transaction or investment strategy involving securities from a broker-dealer and uses the recommendation primarily for personal, family, or household purposes. The is any construction states the term's meaning, and A's text carries the whole printed definition.",VERIFIED_ONE_SIDED,A,8fbaa442a5f926fb750aba15b64a328a8a737995b1492a65e539ab39b5cc165c
9354a67fab79a76fb819,SRC421,98,PAIR_EDD7AD72417C060D2DC6B2A2,A_ONLY,145,,,MERGE,"The provision is printed on page 98 but A recorded it wrongly on three counts. Its text stops at successive one-year periods and drops the printed approval condition, which is the operative part of the continuance. Its source_table names the agreement rather than the printed bold heading, which is Distributor. And its category should follow the provision's primary meaning, the term of the agreement, which is how the identically shaped sentence on page 92 is published; term_extension there was the duplicate that was rejected.",RESOLVED,A+ADJUDICATOR,8fbaa442a5f926fb750aba15b64a328a8a737995b1492a65e539ab39b5cc165c
16ef0c625abfa846a922,SRC421,99,PAIR_48F594FD47B8E08F4F65C76F,A_ONLY,146,,,ACCEPT_A,"Page-99 image prints: ""Service fees"" are defined for purposes of FINRA rules to mean fees paid for providing shareholder services or the maintenance of shareholder accounts. Term and text match the print.",VERIFIED_ONE_SIDED,A,8fbaa442a5f926fb750aba15b64a328a8a737995b1492a65e539ab39b5cc165c
7749ab120cabf7cb6920,SRC421,101,PAIR_777C998DF0400EB06C5822B9,A_ONLY,147,,,ACCEPT_A,"Page-101 image prints: For purposes of this Prospectus, a ""Business Day"" means any day other than a Saturday, Sunday or any other day on which banks in New York, New York are required by law to be closed. Term and text match the print.",VERIFIED_ONE_SIDED,A,8fbaa442a5f926fb750aba15b64a328a8a737995b1492a65e539ab39b5cc165c
b1d2ae51ee8b9f5c0658,SRC421,106,PAIR_B6ED1E623BF2EAFDE2BEDD69,A_ONLY,148,,,ACCEPT_A,"Page-106 image prints: in compliance with Rule 13e-4 under the Securities Exchange Act of 1934 (""1934 Act""). Term and text match the print.",VERIFIED_ONE_SIDED,A,8fbaa442a5f926fb750aba15b64a328a8a737995b1492a65e539ab39b5cc165c
07cd627a07eeade0ddeb,SRC421,106,PAIR_1EDE77B60471B00E7B9C96B6,A_ONLY,149,,,ACCEPT_A,"Page-106 image prints: The expiration date of a repurchase offer (the ""Expiration Date"") will be a date set by the Board occurring no sooner than 20 business days after the commencement date of the repurchase offer. Term and text match the print.",VERIFIED_ONE_SIDED,A,8fbaa442a5f926fb750aba15b64a328a8a737995b1492a65e539ab39b5cc165c
0aa012966a31178a9d13,SRC421,106,PAIR_4A06ED8560970D51636E8D9A,A_ONLY,150,,,ACCEPT_A,"Page-106 image prints: Fund Shares are expected to be repurchased within 45 calendar days following the relevant Valuation Date (such date, the ""Repurchase Date""). Term and text match the print.",VERIFIED_ONE_SIDED,A,8fbaa442a5f926fb750aba15b64a328a8a737995b1492a65e539ab39b5cc165c
8e83a687ad1d8ceada5e,SRC421,106,PAIR_2D6101D1087369DCC7FE0312,A_ONLY,151,,,ACCEPT_A,"Page-106 image prints: the last business day of each such calendar quarter or such other day being a ""Valuation Date"". Term and text match the print.",VERIFIED_ONE_SIDED,A,8fbaa442a5f926fb750aba15b64a328a8a737995b1492a65e539ab39b5cc165c
e2a9beae92f67d930b4c,SRC421,108,PAIR_CFEF22028AE29DDB719188B0,A_ONLY,152,,,ACCEPT_A,"Page-108 image prints: Employee benefit plans and other plans subject to ERISA or the Code, including corporate savings and 401(k) plans, IRAs and Keogh Plans (each, an ""ERISA Plan""). A's text carries the whole printed enumeration.",VERIFIED_ONE_SIDED,A,8fbaa442a5f926fb750aba15b64a328a8a737995b1492a65e539ab39b5cc165c
6b0585835f01b743be1f,SRC421,109,,ADJUDICATOR_ADD,,,,ADD,"Both lanes recorded zero rows on page 109. The page states what a return of capital is, in the same is construction as the retail customer definition on page 98 and the controlled group definition on page 118, both published.",ADDED,ADJUDICATOR,8fbaa442a5f926fb750aba15b64a328a8a737995b1492a65e539ab39b5cc165c
991c793b83a2a50452b8,SRC421,112,,ADJUDICATOR_ADD,,,,ADD,"The second of the three page-112 terms printed with the source of its meaning, in the conversion sentence.",ADDED,ADJUDICATOR,8fbaa442a5f926fb750aba15b64a328a8a737995b1492a65e539ab39b5cc165c
73be0012f9b6a5e210de,SRC421,112,,ADJUDICATOR_ADD,,,,ADD,"The third of the three page-112 terms printed with the source of its meaning, in the same conversion sentence. The unquoted phrase voting securities, as defined in the 1940 Act, in the preceding sentence is not added: the page marks no term there, the same test applied on page 92.",ADDED,ADJUDICATOR,8fbaa442a5f926fb750aba15b64a328a8a737995b1492a65e539ab39b5cc165c
43efc12a6dcde1c6fe38,SRC421,112,,ADJUDICATOR_ADD,,,,ADD,"Both lanes recorded zero rows on page 112. The Anti-Takeover paragraph prints three quoted terms with the source of their meaning, the form published on pages 6, 20, 28, 72, 88 and 92. This is the first.",ADDED,ADJUDICATOR,8fbaa442a5f926fb750aba15b64a328a8a737995b1492a65e539ab39b5cc165c
f0c850b17a3c9ef4f930,SRC421,113,PAIR_B66DCF9BB336291BEC6DE4D8,A_ONLY,153,,,ACCEPT_A,"Page-113 image prints: Shareholders eligible to bring such derivative action under the Delaware Statutory Trust Act (the ""DSTA""). Term and text match the print.",VERIFIED_ONE_SIDED,A,8fbaa442a5f926fb750aba15b64a328a8a737995b1492a65e539ab39b5cc165c
195c56331868bd9acfb3,SRC421,115,PAIR_EBBFD11EE4A2E63887D06F76,A_ONLY,154,,,ACCEPT_A,"Page-115 image prints: controlled foreign corporations (""CFCs""). Term and text match the print.",VERIFIED_ONE_SIDED,A,8fbaa442a5f926fb750aba15b64a328a8a737995b1492a65e539ab39b5cc165c
74ae8dcffb5ee4548167,SRC421,115,PAIR_731E3945A01145603A9888E0,A_ONLY,155,,,ACCEPT_A,"Page-115 image prints: passive foreign investment companies (""PFICs""). Term and text match the print.",VERIFIED_ONE_SIDED,A,8fbaa442a5f926fb750aba15b64a328a8a737995b1492a65e539ab39b5cc165c
5f2de4ef5b4e38f05f2b,SRC421,115,PAIR_DC3754AEF1A0D30306DD9B17,A_ONLY,156,,,ACCEPT_A,"Page-115 image prints: real estate investment trusts (""REITs""). Term and text match the print.",VERIFIED_ONE_SIDED,A,8fbaa442a5f926fb750aba15b64a328a8a737995b1492a65e539ab39b5cc165c
d9fa0e255199868d0ed3,SRC421,115,PAIR_0627E42A5A50A4FDE136119D,A_ONLY,157,,,ACCEPT_A,"Page-115 image prints: For purposes of this discussion, a ""U.S. Shareholder"" is a beneficial owner of the Fund's Shares that is for U.S. federal income tax purposes, followed by four bulleted limbs. A's text carries all four.",VERIFIED_ONE_SIDED,A,8fbaa442a5f926fb750aba15b64a328a8a737995b1492a65e539ab39b5cc165c
5c8d13a8af9774c72c8b,SRC421,116,PAIR_BE2D5A459AB7761789681517,A_ONLY,158,,,ACCEPT_A,"Page-116 image prints: the Fund must distribute to its Shareholders, for each taxable year, at least 90% of its investment company taxable income ... (the ""Annual Distribution Requirement""). Term and text match the print.",VERIFIED_ONE_SIDED,A,8fbaa442a5f926fb750aba15b64a328a8a737995b1492a65e539ab39b5cc165c
6f29f6696ec2df953f05,SRC421,116,PAIR_E45D43F5ACD233729BE0D56E,A_ONLY,159,,,ACCEPT_A,"Page-116 image prints the three printed limbs, 98% of ordinary income, 98.2% of net capital gain income for the one-year period ending October 31 and undistributed income from preceding years less over-distributions (together, the ""Excise Tax Distribution Requirements""). A's text carries all three with the printed percentages intact.",VERIFIED_ONE_SIDED,A,8fbaa442a5f926fb750aba15b64a328a8a737995b1492a65e539ab39b5cc165c
dd304072e1ad1e865b1e,SRC421,116,PAIR_B686CA4997DDF16403CD5B06,A_ONLY,160,,,ACCEPT_A,"Page-116 image prints the parenthetical gloss: investment company taxable income (which generally is the Fund's net ordinary taxable income and realized net short-term capital gains in excess of realized net long-term capital losses, determined without regard to the dividends paid deduction). Term and text match the print.",VERIFIED_ONE_SIDED,A,8fbaa442a5f926fb750aba15b64a328a8a737995b1492a65e539ab39b5cc165c
4b60cc2c9a4ec4177292,SRC421,117,PAIR_A6C5A7F6DA11AD9DB81EF07D,A_ONLY,161,,,ACCEPT_A,"Page-117 image prints the bullet ending (collectively, the ""90% Gross Income Test""). A's text carries the printed limbs of the test.",VERIFIED_ONE_SIDED,A,8fbaa442a5f926fb750aba15b64a328a8a737995b1492a65e539ab39b5cc165c
ed02c5d6f9d231316719,SRC421,117,PAIR_D0871F39C727BAA44A93BDDF,A_ONLY,162,,,ACCEPT_A,"Page-117 image prints the two diversification bullets ending (collectively, the ""Diversification Tests""). A's text carries both, with the printed 50%, 5%, 10% and 25% thresholds intact.",VERIFIED_ONE_SIDED,A,8fbaa442a5f926fb750aba15b64a328a8a737995b1492a65e539ab39b5cc165c
2ef88be94acab00abc05,SRC421,117,PAIR_2812A54CC4980931C6369399,A_ONLY,163,,,ACCEPT_A,"Page-117 image prints: treated under applicable U.S. federal income tax rules as having original issue discount (""OID""). Term and text match the print.",VERIFIED_ONE_SIDED,A,8fbaa442a5f926fb750aba15b64a328a8a737995b1492a65e539ab39b5cc165c
014818c062085d6b24eb,SRC421,117,PAIR_8088BD9BEB7628AEEBF59670,A_ONLY,164,,,ACCEPT_A,"Page-117 image prints: net income derived from an interest in a qualified publicly traded partnership (""QPTP""). Term and text match the print.",VERIFIED_ONE_SIDED,A,8fbaa442a5f926fb750aba15b64a328a8a737995b1492a65e539ab39b5cc165c
95e4a6555c30c040cdec,SRC421,118,PAIR_5D3514DEB9AC06C54650798D,A_ONLY,165,,,ACCEPT_A,Page-118 image prints: A controlled group is one or more chains of corporations connected through stock ownership with the Fund if (a) at least 20% of the total combined voting power ... and (b) the Fund directly owns at least 20% or more of the combined voting stock of at least one of the other corporations. A's text carries both printed limbs.,VERIFIED_ONE_SIDED,A,8fbaa442a5f926fb750aba15b64a328a8a737995b1492a65e539ab39b5cc165c
05fae8af54cf7d0737d5,SRC421,120,PAIR_411177E84521418AC60B3B3E,A_ONLY,166,,,ACCEPT_A,"Page-120 image prints: a foreign corporation will be classified as a CFC if more than 50% of the shares of the corporation, measured by reference to combined voting power or value, is owned (directly, indirectly or by attribution) by U.S. shareholders. Term and text match the print.",VERIFIED_ONE_SIDED,A,8fbaa442a5f926fb750aba15b64a328a8a737995b1492a65e539ab39b5cc165c
8a45c8faf3c1c9f97c64,SRC421,120,PAIR_5DF923FCBFCF3534FCA5A6C8,A_ONLY,167,,,ACCEPT_A,"Page-120 image prints: elects to treat the PFIC as a ""qualified electing fund"" under the Code (a ""QEF""). Term and text match the print.",VERIFIED_ONE_SIDED,A,8fbaa442a5f926fb750aba15b64a328a8a737995b1492a65e539ab39b5cc165c
0325ffb31514076cd506,SRC421,120,PAIR_DBC9BAE4D97DA7EF50BADD99,A_ONLY,168,,,ACCEPT_A,"Page-120 image prints: A ""U.S. shareholder,"" for this purpose, is any U.S. person that possesses (actually or constructively) 10% or more of the combined value or voting power of all classes of shares of a corporation. The lower-case term is defined separately from the page-115 U.S. Shareholder, so it is its own record.",VERIFIED_ONE_SIDED,A,8fbaa442a5f926fb750aba15b64a328a8a737995b1492a65e539ab39b5cc165c
744eb9d6399758373273,SRC421,121,,ADJUDICATOR_ADD,,,,ADD,"Both lanes recorded zero rows on page 121. The page prints a parenthetical gloss on net capital gains, the same which generally are construction as the investment company taxable income gloss published from page 116.",ADDED,ADJUDICATOR,8fbaa442a5f926fb750aba15b64a328a8a737995b1492a65e539ab39b5cc165c
3046e85575f5cf167adc,SRC421,125,PAIR_A9C037D0F9AC723747CA6D36,A_ONLY,169,,,ACCEPT_A,"Page-125 image prints: A ""Non-U.S. Shareholder"" generally is a beneficial owner of Shares that is not a U.S. Shareholder or an entity treated as a partnership for U.S. federal income tax purposes. This includes nonresident alien individuals, foreign trusts or estates and foreign corporations. A's text carries both printed sentences.",VERIFIED_ONE_SIDED,A,8fbaa442a5f926fb750aba15b64a328a8a737995b1492a65e539ab39b5cc165c
bd3a60ed255ae0c3465c,SRC421,125,PAIR_79D6D765E13BDCA34FEA0B52,A_ONLY,170,,,ACCEPT_A,"Page-125 image prints: unrelated business taxable income (""UBTI""). Term and text match the print.",VERIFIED_ONE_SIDED,A,8fbaa442a5f926fb750aba15b64a328a8a737995b1492a65e539ab39b5cc165c
1bcac6d7249d06548c4e,SRC421,126,PAIR_1E9DDDBA5FB5FED0AA5127BC,A_ONLY,171,,,ACCEPT_A,"Page-126 image prints: the Fund's ""qualified net interest income"" (generally, the Fund's U.S.-source interest income, other than certain contingent interest and interest from obligations of a corporation or partnership in which the Fund is at least a 10% shareholder, reduced by expenses that are allocable to such income). Term and text match the print.",VERIFIED_ONE_SIDED,A,8fbaa442a5f926fb750aba15b64a328a8a737995b1492a65e539ab39b5cc165c
ae2eeadc6436f8658622,SRC421,126,PAIR_4EE689B9AEE980C6C6D970BC,A_ONLY,172,,,ACCEPT_A,"Page-126 image prints: the Fund's ""qualified short-term capital gains"" (generally, the excess of the Fund's net short-term capital gain over its long-term capital loss for such taxable year). A's text is the whole printed gloss and matches the image.",VERIFIED_ONE_SIDED,A,8fbaa442a5f926fb750aba15b64a328a8a737995b1492a65e539ab39b5cc165c
a1c50cc59307a679fed4,SRC421,127,PAIR_A0B79A8E1C9E3FCE76A9C1AB,A_ONLY,173,,,ACCEPT_A,"Page-127 image prints: who fail to provide the Fund with their correct taxpayer identification numbers (TINs). Term and text match the print, and the page prints this parenthetical without quotation marks, which A reproduced.",VERIFIED_ONE_SIDED,A,8fbaa442a5f926fb750aba15b64a328a8a737995b1492a65e539ab39b5cc165c
036b59841b3d8a6bad9a,SRC421,127,PAIR_43FFDA5EF0D659F3523003DF,A_ONLY,174,,,ACCEPT_A,"Page-127 image prints: For these purposes, ""net investment income"" generally includes interest and taxable distributions and deemed distributions paid with respect to Shares, and net gain attributable to the disposition of Shares (in each case, unless the Shares are held in connection with certain trades or businesses), but will be reduced by any deductions properly allocable to these distributions or this net gain. A's text carries the whole printed definition.",VERIFIED_ONE_SIDED,A,8fbaa442a5f926fb750aba15b64a328a8a737995b1492a65e539ab39b5cc165c
b51f74c521930a337ac2,SRC421,127,PAIR_0C4F1CC74E1E7297A135A30E,A_ONLY,175,,,ACCEPT_A,"Page-127 image prints: U.S. withholding provisions commonly referred to as the Foreign Account Tax Compliance Act (""FATCA""). Term and text match the print.",VERIFIED_ONE_SIDED,A,8fbaa442a5f926fb750aba15b64a328a8a737995b1492a65e539ab39b5cc165c
6f4417a123a4b2293adf,SRC421,131,PAIR_9C3AF19F9B0AE1EAF76D15E1,A_ONLY,176,,,ACCEPT_A,Page-131 image prints: The Fund's fiscal year is the 12-month period ending on March 31. Term and text match the print.,VERIFIED_ONE_SIDED,A,8fbaa442a5f926fb750aba15b64a328a8a737995b1492a65e539ab39b5cc165c
cebcbc103271c38e3d5a,SRC421,131,PAIR_54EEC3C9FBD2735E21239D72,A_ONLY,177,,,ACCEPT_A,"Page-131 image prints: The Fund's taxable year is the 12-month period ending on September 30. A separately printed statement from the fiscal year, so it is its own record.",VERIFIED_ONE_SIDED,A,8fbaa442a5f926fb750aba15b64a328a8a737995b1492a65e539ab39b5cc165c
fa2c923af946d99fad7b,SRC421,132,,ADJUDICATOR_ADD,,,,ADD,"Both lanes recorded zero rows on page 132, but the page prints a parenthetical defined term, Deloitte & Touche LLP (""Deloitte""), in the same form as the Custodian, Administrator and Transfer Agent definitions published elsewhere in this document.",ADDED,ADJUDICATOR,8fbaa442a5f926fb750aba15b64a328a8a737995b1492a65e539ab39b5cc165c
fa866a4ae729ad92bc30,SRC607,1,PAIR_CEFE716EFD9DBB4CE3D7FCA7,B_ONLY,,1,,MERGE,"The document_context row reached adjudication as two one-sided rows because the lanes filed it on different pages. Its source_page is '1' by contract, whatever page the identity was read off, so B's page-1 row is the one that survives and A's page-29 row is rejected. A's note that a page carrying only a document_context row fails validation is correct, but page 1 also prints an eligible subscription_fund fact, so the constraint is satisfied without moving the context row. Merged because neither lane is complete: subject_name is B's 'Lubert-Adler Real Estate Fund VII, L.P.', printed verbatim on the cover, in place of A's concatenation with the document title. manager_name and investor_name are A's, dropped by B; both are printed inside this document, the general partner on pages 3, 4, 29, 41 and 43 and the purchaser on pages 5, 8, 12, 21, 41 and 43, and they are document-level facts that belong on this row alone. asset_class 'Real Estate' is dropped: the page states no asset class, it only appears inside the fund's own name, and copying subject_name into that column is barred. portfolio_name stays blank because the only candidate is the document's own title.",RESOLVED,B+ADJUDICATOR,89188919c2905e70708febd40bfdf0e406a89a69abccd46310a15a437ac6ec7a
ceb7c66a80550b751675,SRC607,1,PAIR_9846FCA630A6D1622888634D,B_ONLY,,2,,ACCEPT_B,"B_ONLY confirmed against page-001.png. The cover prints 'SUBSCRIPTION MATERIALS OF LUBERT-ADLER REAL ESTATE FUND VII, L.P.' and the paragraph beneath it names 'Lubert-Adler Real Estate Fund VII, L.P. (the ""Fund"")', so the page states which fund is being subscribed to, which is exactly the subscription_fund category. A marked the page NO_ELIGIBLE_DATA and missed it. B's row is correct as written: subject_type fund for a named vehicle, text_raw copied verbatim from the printed title, and a quote that carries it. Document ruling on prose scope, decided once and applied to all 43 pages: a whitelisted subscription fact is recorded where the page states it as a term of this subscription, which is the cover's identification of the fund, the delivery instruction naming the general partner, the questionnaire's filled answers, the operative subscription clause on page 29, and the two executed signature pages. It is not recorded where the fund or the general partner is merely named inside a representation, a definition, or explanatory prose. Recording every mention would publish the same two names about thirty times; recording none of them loses the terms the subscription actually sets.",VERIFIED_ONE_SIDED,B,89188919c2905e70708febd40bfdf0e406a89a69abccd46310a15a437ac6ec7a
6d732d6827ed4834eff0,SRC607,3,PAIR_3BA0E8CABFD95DF89F05426B,B_ONLY,,3,,MERGE,"B_ONLY confirmed against page-003.png. Under the printed heading 'F. Delivery of Documents' the page states 'Completed and signed Subscription Materials are to be delivered to the general partner of the Fund at the following address:' and then names 'Lubert-Adler Group VII, L.P.', so the page identifies the general partner and the row is right; A missed it. Merged rather than accepted for one correction: subject_type is 'manager', not B's 'other_printed_scope'. subject_type classifies what subject_name names, the page names this entity in its role as the fund's general partner, and 'manager' is the controlled value for that; 'other_printed_scope' is the residual bucket and must not be used where a precise value exists. The evidence_quote is widened to the delivery sentence so it proves the role as well as the name, which B's bare name did not. The street address and the named contact on the same block are left out as personal and operational details excluded for this document type.",RESOLVED,B+ADJUDICATOR,89188919c2905e70708febd40bfdf0e406a89a69abccd46310a15a437ac6ec7a
b6e77c41eb0ef2f1391e,SRC607,5,,ADJUDICATOR_ADD,,,,ADD,"Recovered from page-005.png; neither lane held it and both marked the page NO_ELIGIBLE_DATA. Question 1.2 of the Confidential Purchaser Questionnaire, 'Amount of Subscription Requested:', is completed with '$25 million'. It is the requested_commitment stated in the purchaser's own hand at the front of the document, and it reconciles with the $25,000,000 executed on pages 41 and 43. Both lanes missed it for the same mechanical reason: the completed answers on this form live in an annotation layer that the TXT does not carry, so page 5 reads as an empty form in text and only the image shows the answer.",ADDED,ADJUDICATOR,89188919c2905e70708febd40bfdf0e406a89a69abccd46310a15a437ac6ec7a
3d2bf2d2a04d7e0ec162,SRC607,6,,ADJUDICATOR_ADD,,,,ADD,"Recovered from page-006.png; neither lane held it. Question 1.3 asks the purchaser to check the form of ownership, one category only, and the box marked X is '(k) Governmental plan as defined in ERISA section 3(32) and/or Code section 414(d)'. A selected form of ownership is the printed subscriber_entity_type, and that category would otherwise be unreachable in this document type. The 3.3 accredited-investor and 3.4 qualified-purchaser boxes are left out under the same ruling: those are qualification representations, which this document type excludes, while 1.3 states what the subscriber is. Missed by both lanes because the checked box is in an annotation layer the TXT does not carry.",ADDED,ADJUDICATOR,89188919c2905e70708febd40bfdf0e406a89a69abccd46310a15a437ac6ec7a
b596b0f48fbf06889e47,SRC607,12,,ADJUDICATOR_ADD,,,,ADD,"Recovered from page-012.png; neither lane held it. Question 3.1 prints 'Type of entity (please select only one): - this section must be completed', none of its printed boxes is checked, and the answer is written on the line that follows: 'Other entity or additional information if requested: state government pension plan'. That is the subscriber_entity_type stated in answer to the document's own entity-type question. The other completed answers on the page are left out because no whitelisted category covers them: the date formed, the number of beneficiaries, and the purchaser's own jurisdiction of formation, which is Pennsylvania and must not be forced onto fund_jurisdiction, a field that carries the fund's Delaware organisation. Missed by both lanes because the completed answer is in an annotation layer the TXT does not carry.",ADDED,ADJUDICATOR,89188919c2905e70708febd40bfdf0e406a89a69abccd46310a15a437ac6ec7a
b37e493bd6eacb954d8c,SRC607,18,,ADJUDICATOR_ADD,,,,ADD,Upstream source review: the previous coverage instruction excluded this printed definition as reference-only content; source page 18.,ADDED,ADJUDICATOR,89188919c2905e70708febd40bfdf0e406a89a69abccd46310a15a437ac6ec7a
2ded9fc48b5b89002d16,SRC607,19,,ADJUDICATOR_ADD,,,,ADD,Upstream source review: the previous coverage instruction excluded this printed definition as reference-only content; source page 19.,ADDED,ADJUDICATOR,89188919c2905e70708febd40bfdf0e406a89a69abccd46310a15a437ac6ec7a
e4fa36b6472ebf349dd1,SRC607,19,,ADJUDICATOR_ADD,,,,ADD,Upstream source review: the previous coverage instruction excluded this printed definition as reference-only content; source page 19.,ADDED,ADJUDICATOR,89188919c2905e70708febd40bfdf0e406a89a69abccd46310a15a437ac6ec7a
9ab574b676ffcc1ec148,SRC607,19,,ADJUDICATOR_ADD,,,,ADD,Upstream source review: the previous coverage instruction excluded this printed definition as reference-only content; source page 19.,ADDED,ADJUDICATOR,89188919c2905e70708febd40bfdf0e406a89a69abccd46310a15a437ac6ec7a
dec6ea63e26946e554ca,SRC607,19,,ADJUDICATOR_ADD,,,,ADD,Upstream source review: the previous coverage instruction excluded this printed definition as reference-only content; source page 19.,ADDED,ADJUDICATOR,89188919c2905e70708febd40bfdf0e406a89a69abccd46310a15a437ac6ec7a
981884816d654b1a9878,SRC607,19,,ADJUDICATOR_ADD,,,,ADD,Upstream source review: the previous coverage instruction excluded this printed definition as reference-only content; source page 19.,ADDED,ADJUDICATOR,89188919c2905e70708febd40bfdf0e406a89a69abccd46310a15a437ac6ec7a
3d98951a80041d943bb3,SRC607,19,,ADJUDICATOR_ADD,,,,ADD,Upstream source review: the previous coverage instruction excluded this printed definition as reference-only content; source page 19.,ADDED,ADJUDICATOR,89188919c2905e70708febd40bfdf0e406a89a69abccd46310a15a437ac6ec7a
2416856847de0ac57106,SRC607,19,,ADJUDICATOR_ADD,,,,ADD,Upstream source review: the previous coverage instruction excluded this printed definition as reference-only content; source page 19.,ADDED,ADJUDICATOR,89188919c2905e70708febd40bfdf0e406a89a69abccd46310a15a437ac6ec7a
35cc147499db5ead4469,SRC607,21,,ADJUDICATOR_ADD,,,,ADD,"Recovered from page-021.png; neither lane held it. The Confidential Purchaser Questionnaire is executed on this page over 'Name: Glenn E. Becker  Title: Chairman' with the date 6/25/14 written on the Date rule, which is an execution_date for this document and matches the purchaser's date on the two signature pages. The bank and wire lines below it are left out as excluded operational detail; they are in any case unfilled and point to an attachment.",ADDED,ADJUDICATOR,89188919c2905e70708febd40bfdf0e406a89a69abccd46310a15a437ac6ec7a
968cf1757d4f3c22b9bc,SRC607,29,PAIR_86B4387926181A551798FB80,A_ONLY,2,,,MERGE,"Page 29 carries three eligible facts and both lanes reached all three, but each keyed them its own way, so two of them arrived as four one-sided rows. Keys are settled on A's reading and content on B's. A's source_row_label '1. Subscription' is the label the page actually prints over the provision, with the two facts under it taking occurrence 1 and 2; B's labels, 'a Delaware limited partnership' and 'Lubert-Adler Real Estate Fund VII, L.P.', are phrases lifted out of the sentence and are not printed labels of anything. B's text_raw is the verbatim printed fact where A composed summarising sentences the page never prints, and text_raw is copied, not written. subject_name is A's full printed fund name in place of B's defined-term shorthand 'Fund', because where a page prints both a full name and an abbreviation the full name is taken. This row is the fund_jurisdiction fact, published once here; B's copy of the same printed cell under its own key is rejected.",RESOLVED,A+ADJUDICATOR,89188919c2905e70708febd40bfdf0e406a89a69abccd46310a15a437ac6ec7a
d54e3d1b103904b967ff,SRC607,29,PAIR_763AF8A719B08F1D9989F18A,A_ONLY,3,,,MERGE,"Page 29 carries three eligible facts and both lanes reached all three, but each keyed them its own way, so two of them arrived as four one-sided rows. Keys are settled on A's reading and content on B's. A's source_row_label '1. Subscription' is the label the page actually prints over the provision, with the two facts under it taking occurrence 1 and 2; B's labels, 'a Delaware limited partnership' and 'Lubert-Adler Real Estate Fund VII, L.P.', are phrases lifted out of the sentence and are not printed labels of anything. B's text_raw is the verbatim printed fact where A composed summarising sentences the page never prints, and text_raw is copied, not written. subject_name is A's full printed fund name in place of B's defined-term shorthand 'Fund', because where a page prints both a full name and an abbreviation the full name is taken. This row is the subscription_fund fact, the second of the two facts printed under '1. Subscription' and so occurrence 2; B's copy under its own key is rejected.",RESOLVED,A+ADJUDICATOR,89188919c2905e70708febd40bfdf0e406a89a69abccd46310a15a437ac6ec7a
f863e94108d61f978620,SRC607,29,PAIR_0621CB10385B487767DF23FF,VALUE_CONFLICT,4,4,source_row_label|subject_type|text_raw,MERGE,"The file's only paired conflict, and it is not two readings of a value: both lanes read the same printed line, 'To:  Lubert-Adler Group VII, L.P.'. source_row_label is B's 'To:', the label the page prints, where A took the whole line including the value into the label. text_raw is B's verbatim 'Lubert-Adler Group VII, L.P.'; A's text_raw is a sentence the page never prints, and text_raw is copied, not composed. subject_type is A's 'manager': the page addresses this entity as the fund's general partner, so the precise controlled value applies and B's residual 'other_printed_scope' does not.",RESOLVED,A+B+ADJUDICATOR,89188919c2905e70708febd40bfdf0e406a89a69abccd46310a15a437ac6ec7a
f6f7a034b6b27fdb4ad2,SRC607,41,PAIR_2065DB1F2E126F9DD49B0113,B_ONLY,,7,,MERGE,"Field rulings applied to every row on this signature page: source_structure_type FORM (A), because the page is a completion form of ruled fill-in lines and not running prose; source_section 'B. SUBSCRIPTION AGREEMENT' and source_table 'IN WITNESS WHEREOF' (B), which split the printed section this page belongs to, confirmed by its own 'B-13' stamp, from the block the rows sit in, where A collapsed the two into one field; and text_raw as the printed value (B), because A wrote sentences the page never prints and text_raw is copied, not composed. The general partner's acceptance date, written in the form the page prints across its fill-ins instead of a reformatted 'July 11, 2014'.",RESOLVED,B+ADJUDICATOR,89188919c2905e70708febd40bfdf0e406a89a69abccd46310a15a437ac6ec7a
a4e3e672e4991f32f8dc,SRC607,41,PAIR_BB40C53FFF5ABBDD08A7B0F7,B_ONLY,,8,,MERGE,"Field rulings applied to every row on this signature page: source_structure_type FORM (A), because the page is a completion form of ruled fill-in lines and not running prose; source_section 'B. SUBSCRIPTION AGREEMENT' and source_table 'IN WITNESS WHEREOF' (B), which split the printed section this page belongs to, confirmed by its own 'B-13' stamp, from the block the rows sit in, where A collapsed the two into one field; and text_raw as the printed value (B), because A wrote sentences the page never prints and text_raw is copied, not composed. The Purchaser's execution date. Occurrence is 2, not A's 1: the page prints 'Date' twice on the same line, once under the individual purchasers' column and once under the column that is signed, and occurrence counts every printing of the label.",RESOLVED,B+ADJUDICATOR,89188919c2905e70708febd40bfdf0e406a89a69abccd46310a15a437ac6ec7a
c067cf2529647681c73a,SRC607,41,PAIR_2BC60A260DAEB1C201BCA612,B_ONLY,,9,,MERGE,"Field rulings applied to every row on this signature page: source_structure_type FORM (A), because the page is a completion form of ruled fill-in lines and not running prose; source_section 'B. SUBSCRIPTION AGREEMENT' and source_table 'IN WITNESS WHEREOF' (B), which split the printed section this page belongs to, confirmed by its own 'B-13' stamp, from the block the rows sit in, where A collapsed the two into one field; and text_raw as the printed value (B), because A wrote sentences the page never prints and text_raw is copied, not composed. The general partner's own execution block, 'Lubert-Adler Group VII, L.P. By: Lubert-Adler Group VII, LLC, its general partner'.",RESOLVED,B+ADJUDICATOR,89188919c2905e70708febd40bfdf0e406a89a69abccd46310a15a437ac6ec7a
34f4e798be79a745f8e7,SRC607,41,PAIR_A2E35433B593FC2898C0BCE7,VALUE_CONFLICT,6,10,source_structure_type|source_section|source_table|subject_name|text_raw|condition_raw|evidence_quote,MERGE,"Field rulings applied to every row on this signature page: source_structure_type FORM (A), because the page is a completion form of ruled fill-in lines and not running prose; source_section 'B. SUBSCRIPTION AGREEMENT' and source_table 'IN WITNESS WHEREOF' (B), which split the printed section this page belongs to, confirmed by its own 'B-13' stamp, from the block the rows sit in, where A collapsed the two into one field; and text_raw as the printed value (B), because A wrote sentences the page never prints and text_raw is copied, not composed. The amount the general partner accepted, equal to the amount subscribed. The acceptance date is carried in condition_raw and is also its own execution_date row.",RESOLVED,A+B+ADJUDICATOR,89188919c2905e70708febd40bfdf0e406a89a69abccd46310a15a437ac6ec7a
7c366acbd73ab62dfac0,SRC607,41,PAIR_27E10396E32E82A0FD5F1C77,VALUE_CONFLICT,7,11,source_structure_type|source_section|source_table|subject_name|text_raw,MERGE,"Field rulings applied to every row on this signature page: source_structure_type FORM (A), because the page is a completion form of ruled fill-in lines and not running prose; source_section 'B. SUBSCRIPTION AGREEMENT' and source_table 'IN WITNESS WHEREOF' (B), which split the printed section this page belongs to, confirmed by its own 'B-13' stamp, from the block the rows sit in, where A collapsed the two into one field; and text_raw as the printed value (B), because A wrote sentences the page never prints and text_raw is copied, not composed. The amount the Purchaser subscribed for, printed on the completion line 'U.S. Dollar amount of Interests purchased'.",RESOLVED,A+B+ADJUDICATOR,89188919c2905e70708febd40bfdf0e406a89a69abccd46310a15a437ac6ec7a
9f18e7c2a7e9056e2a20,SRC607,43,PAIR_6DF1D9883A56DBA35A96B9D1,B_ONLY,,12,,MERGE,"Field rulings applied to every row on this signature page: source_structure_type FORM (A), because the page is a completion form of ruled fill-in lines and not running prose; source_section 'B. SUBSCRIPTION AGREEMENT' and source_table 'IN WITNESS WHEREOF' (B), which split the printed section this page belongs to, confirmed by its own 'B-13' stamp, from the block the rows sit in, where A collapsed the two into one field; and text_raw as the printed value (B), because A wrote sentences the page never prints and text_raw is copied, not composed. The general partner's acceptance date, written in the form the page prints across its fill-ins instead of a reformatted 'July 11, 2014'.",RESOLVED,B+ADJUDICATOR,89188919c2905e70708febd40bfdf0e406a89a69abccd46310a15a437ac6ec7a
634a14899ebdb7d43b81,SRC607,43,PAIR_8CF0520E010A8C085E7B9F1C,B_ONLY,,13,,MERGE,"Field rulings applied to every row on this signature page: source_structure_type FORM (A), because the page is a completion form of ruled fill-in lines and not running prose; source_section 'B. SUBSCRIPTION AGREEMENT' and source_table 'IN WITNESS WHEREOF' (B), which split the printed section this page belongs to, confirmed by its own 'B-13' stamp, from the block the rows sit in, where A collapsed the two into one field; and text_raw as the printed value (B), because A wrote sentences the page never prints and text_raw is copied, not composed. The Purchaser's execution date. Occurrence is 2, not A's 1: the page prints 'Date' twice on the same line, once under the individual purchasers' column and once under the column that is signed, and occurrence counts every printing of the label.",RESOLVED,B+ADJUDICATOR,89188919c2905e70708febd40bfdf0e406a89a69abccd46310a15a437ac6ec7a
a883113f3eb8f7511788,SRC607,43,PAIR_94D4CABA13EDF0418C460CD5,B_ONLY,,14,,MERGE,"Field rulings applied to every row on this signature page: source_structure_type FORM (A), because the page is a completion form of ruled fill-in lines and not running prose; source_section 'B. SUBSCRIPTION AGREEMENT' and source_table 'IN WITNESS WHEREOF' (B), which split the printed section this page belongs to, confirmed by its own 'B-13' stamp, from the block the rows sit in, where A collapsed the two into one field; and text_raw as the printed value (B), because A wrote sentences the page never prints and text_raw is copied, not composed. The general partner's own execution block, 'Lubert-Adler Group VII, L.P. By: Lubert-Adler Group VII, LLC, its general partner'.",RESOLVED,B+ADJUDICATOR,89188919c2905e70708febd40bfdf0e406a89a69abccd46310a15a437ac6ec7a
060fa7a5b1fe11c0e9ab,SRC607,43,PAIR_D50506B6FB450183D0723991,B_ONLY,,15,,MERGE,"Field rulings applied to every row on this signature page: source_structure_type FORM (A), because the page is a completion form of ruled fill-in lines and not running prose; source_section 'B. SUBSCRIPTION AGREEMENT' and source_table 'IN WITNESS WHEREOF' (B), which split the printed section this page belongs to, confirmed by its own 'B-13' stamp, from the block the rows sit in, where A collapsed the two into one field; and text_raw as the printed value (B), because A wrote sentences the page never prints and text_raw is copied, not composed. The amount the general partner accepted, equal to the amount subscribed. The acceptance date is carried in condition_raw and is also its own execution_date row.",RESOLVED,B+ADJUDICATOR,89188919c2905e70708febd40bfdf0e406a89a69abccd46310a15a437ac6ec7a
49fe06d9cf1a52ad93ee,SRC607,43,PAIR_7E02CA61BF9EFF1F5442B28A,B_ONLY,,16,,MERGE,"Field rulings applied to every row on this signature page: source_structure_type FORM (A), because the page is a completion form of ruled fill-in lines and not running prose; source_section 'B. SUBSCRIPTION AGREEMENT' and source_table 'IN WITNESS WHEREOF' (B), which split the printed section this page belongs to, confirmed by its own 'B-13' stamp, from the block the rows sit in, where A collapsed the two into one field; and text_raw as the printed value (B), because A wrote sentences the page never prints and text_raw is copied, not composed. The amount the Purchaser subscribed for, printed on the completion line 'U.S. Dollar amount of Interests purchased'.",RESOLVED,B+ADJUDICATOR,89188919c2905e70708febd40bfdf0e406a89a69abccd46310a15a437ac6ec7a
fae4371d49fba6c77b79,SRC612,1,PAIR_5151D4A88A9DC4BDBF6E482D,B_ONLY,,1,,MERGE,"Verified against page-001.png. The two lanes filed the document_context row on different pages, so it is merged here on page 1, which the contract fixes as its constant. investor_name is the all-caps form page 1 prints in both its header block and its opening sentence; A title-cased it, which the page prints nowhere. asset_class and strategy are kept from A: the printed title states both dimensions and the delivered database is filtered on them, and the bar on copying subject_name into these fields targets a row label that is itself the grouping, not a document title naming an asset class and a strategy. source_table is blank because a DOCUMENT-structure row is read out of no table, and source_section carries the printed title to satisfy the source_table-or-source_section requirement. as_of_date is the handwritten fill-in read off the image, which the TXT renders as '20l~', so notes carry IMAGE_ONLY:.",RESOLVED,B+ADJUDICATOR,9aaf853a1b3ceefddf659360e76652dacf8b306e7676e9b9b5350737b1c5f921
6cf4316cffe60c36a6cc,SRC612,1,PAIR_F67C063C3AB9A7B2A5F9317E,B_ONLY,,2,,MERGE,"Verified against page-001.png. Reversing my first reading of this row. I had rejected it as a recital, but page 1 carries no other candidate and the pipeline will not accept a page whose only record is the document_context row, while the contract fixes that row's page at 1. A's answer to the same squeeze was to file the context row on page 3, which the contract forbids outright. The recital is admissible on its own terms: page 2 opens 'in consideration of the foregoing recitals which are incorporated herein', so these recitals are part of the Agreement, and the primary meaning of this one is the statutory source and limit of SERS' authority to invest the Fund, which is governing_law. text_raw is widened from B's clipped 'subject to terms and conditions imposed by law' to the whole recital, so the row states a proposition instead of a fragment, per the grain rule that a paragraph of background around one statement is one row quoted at the statement. The Agreement's own governing-law provision is still Section 21 on page 14 and is extracted separately. Post-extraction identity review: the recital itself defines the phrase as the Pennsylvania State Employees' Retirement Fund, a pension portfolio; the final subject uses that full printed name and portfolio grain.; post-extraction identity review corrected notes against the printed source grain",RESOLVED,B+ADJUDICATOR,9aaf853a1b3ceefddf659360e76652dacf8b306e7676e9b9b5350737b1c5f921
517652a989e2733cd5ed,SRC612,3,PAIR_8A5F731B28E24D8C23E1574C,A_ONLY,2,,,MERGE,"Verified against page-003.png. Both lanes read Section 3(e); they did not pair because they wrote the label two ways. text_raw is B's, which carries the whole provision including the trade-confirmation sentence A dropped. source_section is the printed heading of the numbered section that governs the provision, and source_row_label is the provision's own printed label including its printed number or letter; page 8's image settles the convention, printing '(h) Notice of Change.' and '10. Changes in MANAGER's Status.' B dropped the numbers, A left source_section blank.",RESOLVED,A+ADJUDICATOR,9aaf853a1b3ceefddf659360e76652dacf8b306e7676e9b9b5350737b1c5f921
8dc63bf5813c8b5108ab,SRC612,4,,ADJUDICATOR_ADD,,,,ADD,"Verified against page-004.png, which prints '(f) Information to be Furnished.' (the TXT renders the caption 'In/ormation', an artifact the image settles). A separately headed operative obligation on MANAGER to furnish information on request, which is reporting. Neither lane extracted this; A declared the page NO_ELIGIBLE_DATA with layout_checked=NO and B wrote no row for it. source_section is the printed heading of the numbered section that governs the provision, and source_row_label is the provision's own printed label including its printed number or letter; page 8's image settles the convention, printing '(h) Notice of Change.' and '10. Changes in MANAGER's Status.' B dropped the numbers, A left source_section blank.",ADDED,ADJUDICATOR,9aaf853a1b3ceefddf659360e76652dacf8b306e7676e9b9b5350737b1c5f921
d0a45a05e758c4068157,SRC612,4,,ADJUDICATOR_ADD,,,,ADD,"Verified against page-004.png, which prints '(i) Class Actions.' (the TXT runs the caption together as 'ClassActions'). A separately headed operative notification obligation carrying a printed five-business-day deadline. Neither lane extracted this; A declared the page NO_ELIGIBLE_DATA with layout_checked=NO and B wrote no row for it. source_section is the printed heading of the numbered section that governs the provision, and source_row_label is the provision's own printed label including its printed number or letter; page 8's image settles the convention, printing '(h) Notice of Change.' and '10. Changes in MANAGER's Status.' B dropped the numbers, A left source_section blank.",ADDED,ADJUDICATOR,9aaf853a1b3ceefddf659360e76652dacf8b306e7676e9b9b5350737b1c5f921
f68579102e7a059383a8,SRC612,5,,ADJUDICATOR_ADD,,,,ADD,"Verified against page-005.png. The page prints the numbered heading '5. Compensation.' and nothing beneath it: the body is withheld, which is what the filename's 'Redacted' records. This is the Agreement's management fee provision, so it is recorded with text_raw REDACTED and evidence_class redacted, per the contract's redaction rule. Both lanes declared page 5 NO_ELIGIBLE_DATA and lost the document's most valuable term. source_section and source_row_label are both the printed heading, which is the only label the provision prints.",ADDED,ADJUDICATOR,9aaf853a1b3ceefddf659360e76652dacf8b306e7676e9b9b5350737b1c5f921
d6d6bb53716dee9baad1,SRC612,8,PAIR_128A60F6698A7EFDB9E1159D,B_ONLY,,5,,MERGE,"Verified against page-008.png, which prints '(h) Notice of Change.' A missed this provision entirely; the page prints it and it is an operative notification obligation on MANAGER, so the one-sided row is confirmed from the source and not from the lane. source_section is the printed heading of the numbered section that governs the provision, and source_row_label is the provision's own printed label including its printed number or letter; page 8's image settles the convention, printing '(h) Notice of Change.' and '10. Changes in MANAGER's Status.' B dropped the numbers, A left source_section blank.",RESOLVED,B+ADJUDICATOR,9aaf853a1b3ceefddf659360e76652dacf8b306e7676e9b9b5350737b1c5f921
b9b06e0e3326854f97bd,SRC612,8,PAIR_19736405CE77F7997D6F6F25,B_ONLY,,4,,MERGE,"Verified against page-008.png and page-009.png. term_category is 'notice', B's reading: the operative content of Section 10 is the duty to notify SERS in writing, and the departure of investment personnel is one of eight enumerated triggers with no key-person suspension or termination consequence attached, so A's 'key_person' names the subject matter and not the provision. text_raw is B's, which carries all eight triggers A condensed. source_section is the printed heading of the numbered section that governs the provision, and source_row_label is the provision's own printed label including its printed number or letter; page 8's image settles the convention, printing '(h) Notice of Change.' and '10. Changes in MANAGER's Status.' B dropped the numbers, A left source_section blank.",RESOLVED,B+ADJUDICATOR,9aaf853a1b3ceefddf659360e76652dacf8b306e7676e9b9b5350737b1c5f921
9df86dfcac4aa53d8180,SRC612,9,PAIR_6F72ECB27DA167D96D85D557,VALUE_CONFLICT,4,6,source_row_label|text_raw,MERGE,"Verified against page-009.png and page-010.png. The lanes read the same provision and differ only on how much of it they kept: text_raw is B's, which carries all three sentences of Section 12, including the SERS-supplied-information sentence and the flow-down to Affiliates that completes on page 10. source_section is the printed heading of the numbered section that governs the provision, and source_row_label is the provision's own printed label including its printed number or letter; page 8's image settles the convention, printing '(h) Notice of Change.' and '10. Changes in MANAGER's Status.' B dropped the numbers, A left source_section blank.",RESOLVED,A+B+ADJUDICATOR,9aaf853a1b3ceefddf659360e76652dacf8b306e7676e9b9b5350737b1c5f921
909e2d475e9b2d35fafe,SRC612,10,,ADJUDICATOR_ADD,,,,ADD,"Verified against page-010.png. The page prints '14. Soft Dollars Report.' followed by a blank block down to Section 15: the heading is printed and the body is withheld. It is a reporting provision, recorded REDACTED with evidence_class redacted on the same rule applied to Section 5. Both lanes declared page 10 NO_ELIGIBLE_DATA.",ADDED,ADJUDICATOR,9aaf853a1b3ceefddf659360e76652dacf8b306e7676e9b9b5350737b1c5f921
40d14d98a72274cad4d6,SRC612,11,PAIR_3D134F7A630059096B0D60FE,VALUE_CONFLICT,5,7,source_row_label|text_raw,MERGE,"Verified against page-011.png. Not a value disagreement: the lanes read the same provision and differ on label form and on how much text they kept. text_raw is B's, which carries the modes of assignment and the ab initio nullity A dropped. source_section is the printed heading of the numbered section that governs the provision, and source_row_label is the provision's own printed label including its printed number or letter; page 8's image settles the convention, printing '(h) Notice of Change.' and '10. Changes in MANAGER's Status.' B dropped the numbers, A left source_section blank.",RESOLVED,A+B+ADJUDICATOR,9aaf853a1b3ceefddf659360e76652dacf8b306e7676e9b9b5350737b1c5f921
7108b0baa8c4a0efd79e,SRC612,11,,ADJUDICATOR_ADD,,,,ADD,"Verified against page-011.png, which prints '18. Maintenance, Preservation and Review of Records.' A numbered operative provision requiring MANAGER to maintain records for the longer of the term or four years and giving SERS a right to inspect, duplicate and audit them, which is reporting. Both lanes read page 11 and took only Section 16 from it. source_section is the printed heading of the numbered section that governs the provision, and source_row_label is the provision's own printed label including its printed number or letter; page 8's image settles the convention, printing '(h) Notice of Change.' and '10. Changes in MANAGER's Status.' B dropped the numbers, A left source_section blank.",ADDED,ADJUDICATOR,9aaf853a1b3ceefddf659360e76652dacf8b306e7676e9b9b5350737b1c5f921
4fc0255cfcd800b1a74f,SRC612,12,PAIR_CC8417EAAB86E9A26E1593F6,VALUE_CONFLICT,6,8,source_row_label|text_raw,MERGE,"Verified against page-012.png. Not a value disagreement: same provision, different label form and length. text_raw is B's, which carries all four printed methods of service A summarised. source_section is the printed heading of the numbered section that governs the provision, and source_row_label is the provision's own printed label including its printed number or letter; page 8's image settles the convention, printing '(h) Notice of Change.' and '10. Changes in MANAGER's Status.' B dropped the numbers, A left source_section blank.",RESOLVED,A+B+ADJUDICATOR,9aaf853a1b3ceefddf659360e76652dacf8b306e7676e9b9b5350737b1c5f921
3c8ed337e6cc6e3b0ee7,SRC612,13,PAIR_66C5AF545CA76F48164DEF77,B_ONLY,,10,,MERGE,"Verified against page-013.png. Same Section 20(b) as A's row; text_raw is B's, which carries the fee proration and SERS' right to withhold fees until subsection (d) is complied with, both of which A dropped. source_section is the printed heading of the numbered section that governs the provision, and source_row_label is the provision's own printed label including its printed number or letter; page 8's image settles the convention, printing '(h) Notice of Change.' and '10. Changes in MANAGER's Status.' B dropped the numbers, A left source_section blank.",RESOLVED,B+ADJUDICATOR,9aaf853a1b3ceefddf659360e76652dacf8b306e7676e9b9b5350737b1c5f921
1ea37a4fa35a29fc99b6,SRC612,13,PAIR_FC416D581FC9E1E29221B443,B_ONLY,,9,,MERGE,"Verified against page-013.png, which prints '(d) Final Report.' A missed it; the page prints a thirty-day post-termination reporting obligation on MANAGER, so the one-sided row is confirmed from the source. source_section is the printed heading of the numbered section that governs the provision, and source_row_label is the provision's own printed label including its printed number or letter; page 8's image settles the convention, printing '(h) Notice of Change.' and '10. Changes in MANAGER's Status.' B dropped the numbers, A left source_section blank.",RESOLVED,B+ADJUDICATOR,9aaf853a1b3ceefddf659360e76652dacf8b306e7676e9b9b5350737b1c5f921
f8b5df7e82d0aa7ca3de,SRC612,13,PAIR_9A9C0522EE0934D5D0A2E6CB,B_ONLY,,11,,MERGE,"Verified against page-013.png, which prints '(a) Expiration.' carrying both a five-year initial term and an automatic five-year renewal at SERS' option. B's split is right and A's single fund_term row loses the renewal: one separately headed provision carrying two distinct whitelisted terms is two rows under one printed label, separated by source_occurrence, per the grain rule that a sentence carrying two distinct obligations is two rows. This is occurrence 1, the initial term. source_section is the printed heading of the numbered section that governs the provision, and source_row_label is the provision's own printed label including its printed number or letter; page 8's image settles the convention, printing '(h) Notice of Change.' and '10. Changes in MANAGER's Status.' B dropped the numbers, A left source_section blank.",RESOLVED,B+ADJUDICATOR,9aaf853a1b3ceefddf659360e76652dacf8b306e7676e9b9b5350737b1c5f921
60986bbd96755d2b31c0,SRC612,13,PAIR_D218C619440AD5CA6FD31BDC,B_ONLY,,12,,MERGE,"Verified against page-013.png. Occurrence 2 of the same printed '(a) Expiration' label: the automatic renewal for subsequent five-year terms at SERS' option, a distinct whitelisted term from the initial term in occurrence 1. one separately headed provision carrying two distinct whitelisted terms is two rows under one printed label, separated by source_occurrence, per the grain rule that a sentence carrying two distinct obligations is two rows. source_section is the printed heading of the numbered section that governs the provision, and source_row_label is the provision's own printed label including its printed number or letter; page 8's image settles the convention, printing '(h) Notice of Change.' and '10. Changes in MANAGER's Status.' B dropped the numbers, A left source_section blank.",RESOLVED,B+ADJUDICATOR,9aaf853a1b3ceefddf659360e76652dacf8b306e7676e9b9b5350737b1c5f921
f0ef3e1bffdc892884c7,SRC612,14,PAIR_6C87FCE85AA1202DBE4E1D92,B_ONLY,,13,,MERGE,"Verified against page-014.png. Same Section 21 as A's row; text_raw is B's, which carries the Board of Claims exclusive jurisdiction and the consent to service of process A dropped. evidence_quote is A's, a single printed line, because the contract asks for one short printed line and B's ran across the line break. source_section is the printed heading of the numbered section that governs the provision, and source_row_label is the provision's own printed label including its printed number or letter; page 8's image settles the convention, printing '(h) Notice of Change.' and '10. Changes in MANAGER's Status.' B dropped the numbers, A left source_section blank.",RESOLVED,B+ADJUDICATOR,9aaf853a1b3ceefddf659360e76652dacf8b306e7676e9b9b5350737b1c5f921
bb26cc2748692f091110,SRC612,25,PAIR_DAAD8418E21CB0EB236CAF22,B_ONLY,,16,,MERGE,"Verified against page-025.png, and the one row Exhibit A does yield. The page prints 'The Board further requires those public markets investment advisors selected and working on its behalf to perform the following activities:' and item 3 is a quarterly reporting obligation. MANAGER is such an advisor and Section 2 makes this Policy binding on it, so unlike the rest of B's Exhibit A rows this one binds a party. A missed it. source_row_label is the printed numeral and source_section is 'D. Investment Advisors', the heading of the section it sits in, printed on page 24. Document-level scope ruling, applied to every page: an eligible provision states an operative rule, threshold or obligation binding a party to this Agreement, SERS or MANAGER (the 'Contractor' of Exhibit D under Section 17). Exhibit A, the Statement of Investment Policy, is incorporated by Section 2 and is in scope only where it binds such a party.",RESOLVED,B+ADJUDICATOR,9aaf853a1b3ceefddf659360e76652dacf8b306e7676e9b9b5350737b1c5f921
b233b8b9d8d5c80f2418,SRC612,34,,ADJUDICATOR_ADD,,,,ADD,Upstream source review: the previous coverage instruction excluded this printed definition as reference-only content; source page 34.,ADDED,ADJUDICATOR,9aaf853a1b3ceefddf659360e76652dacf8b306e7676e9b9b5350737b1c5f921
5f6f94e0c8a8906bbad3,SRC612,34,,ADJUDICATOR_ADD,,,,ADD,Upstream source review: the previous coverage instruction excluded this printed definition as reference-only content; source page 34.,ADDED,ADJUDICATOR,9aaf853a1b3ceefddf659360e76652dacf8b306e7676e9b9b5350737b1c5f921
e3b5198cbb7f05a5bb5a,SRC612,34,,ADJUDICATOR_ADD,,,,ADD,Upstream source review: the previous coverage instruction excluded this printed definition as reference-only content; source page 34.,ADDED,ADJUDICATOR,9aaf853a1b3ceefddf659360e76652dacf8b306e7676e9b9b5350737b1c5f921
f7ae5957a31462a4bbd2,SRC612,34,,ADJUDICATOR_ADD,,,,ADD,Upstream source review: the previous coverage instruction excluded this printed definition as reference-only content; source page 34.,ADDED,ADJUDICATOR,9aaf853a1b3ceefddf659360e76652dacf8b306e7676e9b9b5350737b1c5f921
3073587c4437ae73286e,SRC612,34,,ADJUDICATOR_ADD,,,,ADD,Upstream source review: the previous coverage instruction excluded this printed definition as reference-only content; source page 34.,ADDED,ADJUDICATOR,9aaf853a1b3ceefddf659360e76652dacf8b306e7676e9b9b5350737b1c5f921
0fc0a1fb4636bf632a2d,SRC612,34,,ADJUDICATOR_ADD,,,,ADD,Upstream source review: the previous coverage instruction excluded this printed definition as reference-only content; source page 34.,ADDED,ADJUDICATOR,9aaf853a1b3ceefddf659360e76652dacf8b306e7676e9b9b5350737b1c5f921
1e5923165c74cbe136bc,SRC612,34,,ADJUDICATOR_ADD,,,,ADD,Upstream source review: the previous coverage instruction excluded this printed definition as reference-only content; source page 34.,ADDED,ADJUDICATOR,9aaf853a1b3ceefddf659360e76652dacf8b306e7676e9b9b5350737b1c5f921
38eaa41667900c4ff8dc,SRC612,34,,ADJUDICATOR_ADD,,,,ADD,Upstream source review: the previous coverage instruction excluded this printed definition as reference-only content; source page 34.,ADDED,ADJUDICATOR,9aaf853a1b3ceefddf659360e76652dacf8b306e7676e9b9b5350737b1c5f921
ec726ab3fdd0a5fd9d85,SRC612,34,,ADJUDICATOR_ADD,,,,ADD,Upstream source review: the previous coverage instruction excluded this printed definition as reference-only content; source page 34.,ADDED,ADJUDICATOR,9aaf853a1b3ceefddf659360e76652dacf8b306e7676e9b9b5350737b1c5f921
ded8454abec970ccef59,SRC612,34,,ADJUDICATOR_ADD,,,,ADD,Upstream source review: the previous coverage instruction excluded this printed definition as reference-only content; source page 34.,ADDED,ADJUDICATOR,9aaf853a1b3ceefddf659360e76652dacf8b306e7676e9b9b5350737b1c5f921
6f8b4450997597a4368b,SRC612,34,,ADJUDICATOR_ADD,,,,ADD,Upstream source review: the previous coverage instruction excluded this printed definition as reference-only content; source page 34.,ADDED,ADJUDICATOR,9aaf853a1b3ceefddf659360e76652dacf8b306e7676e9b9b5350737b1c5f921
83c7dfc7214a3cfa7d31,SRC612,34,,ADJUDICATOR_ADD,,,,ADD,Upstream source review: the previous coverage instruction excluded this printed definition as reference-only content; source page 34.,ADDED,ADJUDICATOR,9aaf853a1b3ceefddf659360e76652dacf8b306e7676e9b9b5350737b1c5f921
9166091bea613cfba18e,SRC612,34,,ADJUDICATOR_ADD,,,,ADD,Upstream source review: the previous coverage instruction excluded this printed definition as reference-only content; source page 34.,ADDED,ADJUDICATOR,9aaf853a1b3ceefddf659360e76652dacf8b306e7676e9b9b5350737b1c5f921
e47747c9d41d464ba931,SRC612,34,,ADJUDICATOR_ADD,,,,ADD,Upstream source review: the previous coverage instruction excluded this printed definition as reference-only content; source page 34.,ADDED,ADJUDICATOR,9aaf853a1b3ceefddf659360e76652dacf8b306e7676e9b9b5350737b1c5f921
595dfbdf74c9007445fe,SRC612,40,PAIR_03F8B84327A492380B2D4511,B_ONLY,,26,,MERGE,"Verified against page-040.png. Section I prints three paragraphs and two carry whitelisted terms; A wrote only the extension and lost the term itself. one separately headed provision carrying two distinct whitelisted terms is two rows under one printed label, separated by source_occurrence, per the grain rule that a sentence carrying two distinct obligations is two rows, so this is occurrence 1, the term of the Contract. B's label was the paragraph's opening words; the page prints no sub-label, so the label is the section heading and occurrence separates the two rows. Exhibit D is in scope: Section 17 on page 11 incorporates it and makes MANAGER the 'Contractor' it binds. Its provisions carry no captions, so source_row_label is the printed numeral or letter and source_section is the printed roman-numeral heading, which is how B labelled Section IV and is applied here to every Exhibit D row.",RESOLVED,B+ADJUDICATOR,9aaf853a1b3ceefddf659360e76652dacf8b306e7676e9b9b5350737b1c5f921
cb3d5bde9961ee940a04,SRC612,40,PAIR_37DD1B46444587D566F4C952,B_ONLY,,25,,MERGE,"Verified against page-040.png. Occurrence 2 of Section I: the Commonwealth's right to extend for up to three months. text_raw is B's, which carries the second sentence limiting the extension to the time needed to enter a new contract. evidence_quote is the single printed line the right sits on. Exhibit D is in scope: Section 17 on page 11 incorporates it and makes MANAGER the 'Contractor' it binds. Its provisions carry no captions, so source_row_label is the printed numeral or letter and source_section is the printed roman-numeral heading, which is how B labelled Section IV and is applied here to every Exhibit D row.",RESOLVED,B+ADJUDICATOR,9aaf853a1b3ceefddf659360e76652dacf8b306e7676e9b9b5350737b1c5f921
a13beb400decdd9d997e,SRC612,41,PAIR_20D945FA6CD9F5C8F2B3E6E8,B_ONLY,,27,,MERGE,"Verified against page-041.png. A missed the page entirely. Paragraph 9 is an operative confidentiality obligation on Contractor with seven printed exceptions, and B's text_raw carries all of them. Label corrected to the printed numeral; B used the paragraph's opening words. Exhibit D is in scope: Section 17 on page 11 incorporates it and makes MANAGER the 'Contractor' it binds. Its provisions carry no captions, so source_row_label is the printed numeral or letter and source_section is the printed roman-numeral heading, which is how B labelled Section IV and is applied here to every Exhibit D row.",RESOLVED,B+ADJUDICATOR,9aaf853a1b3ceefddf659360e76652dacf8b306e7676e9b9b5350737b1c5f921
527c1c25ae87dee929c0,SRC612,42,PAIR_41EAE7A55B1976CEE086FDEC,B_ONLY,,28,,MERGE,"Verified against page-042.png. A missed the page. Paragraph 11 is an operative annual filing obligation with a printed February 15 deadline and a $1,000 threshold. Label corrected to the printed numeral. Exhibit D is in scope: Section 17 on page 11 incorporates it and makes MANAGER the 'Contractor' it binds. Its provisions carry no captions, so source_row_label is the printed numeral or letter and source_section is the printed roman-numeral heading, which is how B labelled Section IV and is applied here to every Exhibit D row.",RESOLVED,B+ADJUDICATOR,9aaf853a1b3ceefddf659360e76652dacf8b306e7676e9b9b5350737b1c5f921
41f72cea459bb4370dba,SRC612,42,PAIR_8453DC591C1AAC7EE5586340,B_ONLY,,29,,MERGE,"Verified against page-042.png. Paragraph 13 is an operative immediate written notification obligation on Contractor. Label corrected to the printed numeral. Exhibit D is in scope: Section 17 on page 11 incorporates it and makes MANAGER the 'Contractor' it binds. Its provisions carry no captions, so source_row_label is the printed numeral or letter and source_section is the printed roman-numeral heading, which is how B labelled Section IV and is applied here to every Exhibit D row.",RESOLVED,B+ADJUDICATOR,9aaf853a1b3ceefddf659360e76652dacf8b306e7676e9b9b5350737b1c5f921
231b1a4b115aced83cc7,SRC612,43,PAIR_CCE43DDFD757A858C955C217,B_ONLY,,30,,MERGE,"Verified against page-043.png. 'Confidential information' is a printed defined term of Exhibit D whose meaning is confidentiality, which is what the legal_term family is for. Label corrected to the printed letter, matching the sibling lettered paragraphs. Exhibit D is in scope: Section 17 on page 11 incorporates it and makes MANAGER the 'Contractor' it binds. Its provisions carry no captions, so source_row_label is the printed numeral or letter and source_section is the printed roman-numeral heading, which is how B labelled Section IV and is applied here to every Exhibit D row.",RESOLVED,B+ADJUDICATOR,9aaf853a1b3ceefddf659360e76652dacf8b306e7676e9b9b5350737b1c5f921
5a35bd1b0a5e1ce90186,SRC612,44,PAIR_EBD24D871AA53CFED204AC1B,B_ONLY,,31,,MERGE,"Verified against page-044.png. Paragraph b of Section IV is an operative tax certification by Contractor. B's label and category are right; source_section is set to the printed roman-numeral heading. Exhibit D is in scope: Section 17 on page 11 incorporates it and makes MANAGER the 'Contractor' it binds. Its provisions carry no captions, so source_row_label is the printed numeral or letter and source_section is the printed roman-numeral heading, which is how B labelled Section IV and is applied here to every Exhibit D row.",RESOLVED,B+ADJUDICATOR,9aaf853a1b3ceefddf659360e76652dacf8b306e7676e9b9b5350737b1c5f921
9b81680d32b320ee83ac,SRC612,45,PAIR_2F4E054DC806E633E3FF105B,B_ONLY,,33,,MERGE,"Verified against page-045.png. Paragraph c of Section IV is an operative continuing notification obligation with a printed fifteen-day deadline. Exhibit D is in scope: Section 17 on page 11 incorporates it and makes MANAGER the 'Contractor' it binds. Its provisions carry no captions, so source_row_label is the printed numeral or letter and source_section is the printed roman-numeral heading, which is how B labelled Section IV and is applied here to every Exhibit D row.",RESOLVED,B+ADJUDICATOR,9aaf853a1b3ceefddf659360e76652dacf8b306e7676e9b9b5350737b1c5f921
aae9f5cd60c187811492,SRC612,45,PAIR_2260F26A760D45B075ABBE7C,B_ONLY,,32,,MERGE,"Verified against page-045.png. Section V is a separately headed operative assignment of antitrust claims to the Commonwealth. Label set to the printed heading, which is the only label the section prints. Exhibit D is in scope: Section 17 on page 11 incorporates it and makes MANAGER the 'Contractor' it binds. Its provisions carry no captions, so source_row_label is the printed numeral or letter and source_section is the printed roman-numeral heading, which is how B labelled Section IV and is applied here to every Exhibit D row.",RESOLVED,B+ADJUDICATOR,9aaf853a1b3ceefddf659360e76652dacf8b306e7676e9b9b5350737b1c5f921
e97d7e6975f1ace15a4d,SRC612,45,PAIR_5219DB50DC930B66FD1AA6B5,B_ONLY,,34,,MERGE,"Verified against page-045.png. Section VII is a separately headed operative tax certification made by executing the Contract. Label set to the printed heading. Exhibit D is in scope: Section 17 on page 11 incorporates it and makes MANAGER the 'Contractor' it binds. Its provisions carry no captions, so source_row_label is the printed numeral or letter and source_section is the printed roman-numeral heading, which is how B labelled Section IV and is applied here to every Exhibit D row.",RESOLVED,B+ADJUDICATOR,9aaf853a1b3ceefddf659360e76652dacf8b306e7676e9b9b5350737b1c5f921
6396989ecfe549c4c5cc,SRC028,1,PAIR_C62E9F07727DE4D469FE1AFE,CLASSIFICATION_CONFLICT,1,1,subject_name|investor_name,ACCEPT_A,"subject_name/investor_name: the row's subject_type is document, so subject_name is the document the page names, 'PSERS Base Management Fees - External Management' (A). B put 'PSERS' there, which is the asset owner and belongs in investor_name, printed on the page and which A records and B leaves blank. manager_name stays blank: Aon Hewitt Investment Consulting is the consultant that wrote the report, not the investment manager, and portfolio_name stays blank because its only candidate is the document title.",RESOLVED,A,91068b29d6128f34c2cb9f612208cc934849cc65200842ad7c017de0b59d0eb5
a2b6efb15f36644affa9,SRC028,1,PAIR_509E616D5D008BCCDDB36AD7,CONTEXT_CONFLICT,2,2,source_section|evidence_quote,ACCEPT_B,"source_section: the page prints one heading above the table and B recorded it; A left it blank on all 87 rows. A printed heading above the table is source_section, and the same string is the table's only title, so both fields carry it. evidence_quote: A joined the two printed lines of a wrapped Peer Universe cell into one quote; a quote is one printed line and is never joined. B cites the printed line the value sits on.",RESOLVED,B,91068b29d6128f34c2cb9f612208cc934849cc65200842ad7c017de0b59d0eb5
d439605cd0da9688a46e,SRC028,1,PAIR_6ADC7DCB91733C9ADEFDD9FA,CONTEXT_CONFLICT,3,3,source_section|evidence_quote,MERGE,"source_section: the page prints one heading above the table and B recorded it; A left it blank on all 87 rows. A printed heading above the table is source_section, and the same string is the table's only title, so both fields carry it. evidence_quote: A joined the two printed lines of a wrapped Peer Universe cell into one quote; a quote is one printed line and is never joined. B cites the printed line the value sits on. metric_value_raw corrected from page-001.png: the image prints 5,082,149,000, the TXT layer splits the numeral as '5 ,082,149,000' and both lanes copied that through. The split is an artifact, not the page: the TXT renders the same printed number two ways in one row (e.g. '1 9,771,000' and '19,771,000' for Non-US Equity, whose Adjustments cell is a dash so the two money columns must be equal), and every corrected figure is confirmed by the printed totals (asset-class CAFR sums to the printed 372,313,000, assets to 40,814,922,000, the fixed-income block to 87,464,000 and 12,942,517,000, and CAFR+Adjustments=Adjusted Base on all four adjusted rows). notes carries IMAGE_ONLY: because no TXT line prints the value in its page form.",RESOLVED,A+B+ADJUDICATOR,91068b29d6128f34c2cb9f612208cc934849cc65200842ad7c017de0b59d0eb5
c298f5ad15910626719e,SRC028,1,PAIR_9CD35A625D9DB01BCD3C075F,CONTEXT_CONFLICT,4,4,source_section|source_column_label|metric_name|evidence_quote,MERGE,"source_section: the page prints one heading above the table and B recorded it; A left it blank on all 87 rows. A printed heading above the table is source_section, and the same string is the table's only title, so both fields carry it. source_column_label/metric_name: the printed header is 'Adjustments*' where the asterisk is the footnote marker keying '* Portable alpha manager fees misclassified as Absolute Return fees...'. Footnote markers are dropped from labels, so B's 'Adjustments' is right. evidence_quote: A joined the two printed lines of a wrapped Peer Universe cell into one quote; a quote is one printed line and is never joined. B cites the printed line the value sits on. metric_value_raw corrected from page-001.png: the image prints (2,625,000), the TXT layer splits the numeral as '( 2,625,000)' and both lanes copied that through. The split is an artifact, not the page: the TXT renders the same printed number two ways in one row (e.g. '1 9,771,000' and '19,771,000' for Non-US Equity, whose Adjustments cell is a dash so the two money columns must be equal), and every corrected figure is confirmed by the printed totals (asset-class CAFR sums to the printed 372,313,000, assets to 40,814,922,000, the fixed-income block to 87,464,000 and 12,942,517,000, and CAFR+Adjustments=Adjusted Base on all four adjusted rows). notes carries IMAGE_ONLY: because no TXT line prints the value in its page form.",RESOLVED,A+B+ADJUDICATOR,91068b29d6128f34c2cb9f612208cc934849cc65200842ad7c017de0b59d0eb5
79ccd8db39319f38cb95,SRC028,1,PAIR_5144391A76D1A00FD2A8767A,CONTEXT_CONFLICT,5,5,source_section|evidence_quote,MERGE,"source_section: the page prints one heading above the table and B recorded it; A left it blank on all 87 rows. A printed heading above the table is source_section, and the same string is the table's only title, so both fields carry it. evidence_quote: A joined the two printed lines of a wrapped Peer Universe cell into one quote; a quote is one printed line and is never joined. B cites the printed line the value sits on. metric_value_raw corrected from page-001.png: the image prints 78,202,000, the TXT layer splits the numeral as '7 8,202,000' and both lanes copied that through. The split is an artifact, not the page: the TXT renders the same printed number two ways in one row (e.g. '1 9,771,000' and '19,771,000' for Non-US Equity, whose Adjustments cell is a dash so the two money columns must be equal), and every corrected figure is confirmed by the printed totals (asset-class CAFR sums to the printed 372,313,000, assets to 40,814,922,000, the fixed-income block to 87,464,000 and 12,942,517,000, and CAFR+Adjustments=Adjusted Base on all four adjusted rows). notes carries IMAGE_ONLY: because no TXT line prints the value in its page form.",RESOLVED,A+B+ADJUDICATOR,91068b29d6128f34c2cb9f612208cc934849cc65200842ad7c017de0b59d0eb5
67463fdc460f1a557809,SRC028,1,PAIR_693D0AC73FEEE16724B2EB2A,CONTEXT_CONFLICT,6,6,source_section|evidence_quote,ACCEPT_B,"source_section: the page prints one heading above the table and B recorded it; A left it blank on all 87 rows. A printed heading above the table is source_section, and the same string is the table's only title, so both fields carry it. evidence_quote: A joined the two printed lines of a wrapped Peer Universe cell into one quote; a quote is one printed line and is never joined. B cites the printed line the value sits on.",RESOLVED,B,91068b29d6128f34c2cb9f612208cc934849cc65200842ad7c017de0b59d0eb5
3e4ad24f633cf449814b,SRC028,1,PAIR_EAF89FAB83A51A4FDC5279B4,CONTEXT_CONFLICT,7,7,source_section|evidence_quote,ACCEPT_B,"source_section: the page prints one heading above the table and B recorded it; A left it blank on all 87 rows. A printed heading above the table is source_section, and the same string is the table's only title, so both fields carry it. evidence_quote: A joined the two printed lines of a wrapped Peer Universe cell into one quote; a quote is one printed line and is never joined. B cites the printed line the value sits on.",RESOLVED,B,91068b29d6128f34c2cb9f612208cc934849cc65200842ad7c017de0b59d0eb5
12b43ddf11bc8e4b1620,SRC028,1,PAIR_443744D331AE73873C0DD900,CONTEXT_CONFLICT,8,8,source_section,MERGE,"source_section: the page prints one heading above the table and B recorded it; A left it blank on all 87 rows. A printed heading above the table is source_section, and the same string is the table's only title, so both fields carry it. metric_value_raw corrected from page-001.png: the image prints 6,757,000, the TXT layer splits the numeral as '6 ,757,000' and both lanes copied that through. The split is an artifact, not the page: the TXT renders the same printed number two ways in one row (e.g. '1 9,771,000' and '19,771,000' for Non-US Equity, whose Adjustments cell is a dash so the two money columns must be equal), and every corrected figure is confirmed by the printed totals (asset-class CAFR sums to the printed 372,313,000, assets to 40,814,922,000, the fixed-income block to 87,464,000 and 12,942,517,000, and CAFR+Adjustments=Adjusted Base on all four adjusted rows). notes carries IMAGE_ONLY: because no TXT line prints the value in its page form.",RESOLVED,A+B+ADJUDICATOR,91068b29d6128f34c2cb9f612208cc934849cc65200842ad7c017de0b59d0eb5
c8d3b3c5d46cb17b4886,SRC028,1,PAIR_956C47C2CE531EAE3AAB6076,CONTEXT_CONFLICT,9,9,source_section,MERGE,"source_section: the page prints one heading above the table and B recorded it; A left it blank on all 87 rows. A printed heading above the table is source_section, and the same string is the table's only title, so both fields carry it. metric_value_raw corrected from page-001.png: the image prints 990,835,000, the TXT layer splits the numeral as '9 90,835,000' and both lanes copied that through. The split is an artifact, not the page: the TXT renders the same printed number two ways in one row (e.g. '1 9,771,000' and '19,771,000' for Non-US Equity, whose Adjustments cell is a dash so the two money columns must be equal), and every corrected figure is confirmed by the printed totals (asset-class CAFR sums to the printed 372,313,000, assets to 40,814,922,000, the fixed-income block to 87,464,000 and 12,942,517,000, and CAFR+Adjustments=Adjusted Base on all four adjusted rows). notes carries IMAGE_ONLY: because no TXT line prints the value in its page form.",RESOLVED,A+B+ADJUDICATOR,91068b29d6128f34c2cb9f612208cc934849cc65200842ad7c017de0b59d0eb5
1503dbcfba53bab8fd8d,SRC028,1,PAIR_8DA73D8187B10BDE9DE2C796,CONTEXT_CONFLICT,10,10,source_section|source_column_label|metric_name,MERGE,"source_section: the page prints one heading above the table and B recorded it; A left it blank on all 87 rows. A printed heading above the table is source_section, and the same string is the table's only title, so both fields carry it. source_column_label/metric_name: the printed header is 'Adjustments*' where the asterisk is the footnote marker keying '* Portable alpha manager fees misclassified as Absolute Return fees...'. Footnote markers are dropped from labels, so B's 'Adjustments' is right. metric_value_raw corrected from page-001.png: the image prints 2,625,000, the TXT layer splits the numeral as '2 ,625,000' and both lanes copied that through. The split is an artifact, not the page: the TXT renders the same printed number two ways in one row (e.g. '1 9,771,000' and '19,771,000' for Non-US Equity, whose Adjustments cell is a dash so the two money columns must be equal), and every corrected figure is confirmed by the printed totals (asset-class CAFR sums to the printed 372,313,000, assets to 40,814,922,000, the fixed-income block to 87,464,000 and 12,942,517,000, and CAFR+Adjustments=Adjusted Base on all four adjusted rows). notes carries IMAGE_ONLY: because no TXT line prints the value in its page form.",RESOLVED,A+B+ADJUDICATOR,91068b29d6128f34c2cb9f612208cc934849cc65200842ad7c017de0b59d0eb5
1a923ebc39e2e24b4b45,SRC028,1,PAIR_39020435F68D040FB5335634,CONTEXT_CONFLICT,11,11,source_section,MERGE,"source_section: the page prints one heading above the table and B recorded it; A left it blank on all 87 rows. A printed heading above the table is source_section, and the same string is the table's only title, so both fields carry it. metric_value_raw corrected from page-001.png: the image prints 4,132,000, the TXT layer splits the numeral as '4 ,132,000' and both lanes copied that through. The split is an artifact, not the page: the TXT renders the same printed number two ways in one row (e.g. '1 9,771,000' and '19,771,000' for Non-US Equity, whose Adjustments cell is a dash so the two money columns must be equal), and every corrected figure is confirmed by the printed totals (asset-class CAFR sums to the printed 372,313,000, assets to 40,814,922,000, the fixed-income block to 87,464,000 and 12,942,517,000, and CAFR+Adjustments=Adjusted Base on all four adjusted rows). notes carries IMAGE_ONLY: because no TXT line prints the value in its page form.",RESOLVED,A+B+ADJUDICATOR,91068b29d6128f34c2cb9f612208cc934849cc65200842ad7c017de0b59d0eb5
6e0f8c1917f1982fecdd,SRC028,1,PAIR_C8E255F6AA8C507535E676DE,CONTEXT_CONFLICT,12,12,source_section,ACCEPT_B,"source_section: the page prints one heading above the table and B recorded it; A left it blank on all 87 rows. A printed heading above the table is source_section, and the same string is the table's only title, so both fields carry it.",RESOLVED,B,91068b29d6128f34c2cb9f612208cc934849cc65200842ad7c017de0b59d0eb5
22f7873034981c71c6f1,SRC028,1,PAIR_3BB963209DFEFCED3652C67A,CONTEXT_CONFLICT,13,13,source_section,ACCEPT_B,"source_section: the page prints one heading above the table and B recorded it; A left it blank on all 87 rows. A printed heading above the table is source_section, and the same string is the table's only title, so both fields carry it.",RESOLVED,B,91068b29d6128f34c2cb9f612208cc934849cc65200842ad7c017de0b59d0eb5
8266baebc128949f038a,SRC028,1,PAIR_EC598C8EE623A3212132365B,CONTEXT_CONFLICT,14,14,source_section,MERGE,"source_section: the page prints one heading above the table and B recorded it; A left it blank on all 87 rows. A printed heading above the table is source_section, and the same string is the table's only title, so both fields carry it. metric_value_raw corrected from page-001.png: the image prints 1,669,000, the TXT layer splits the numeral as '1 ,669,000' and both lanes copied that through. The split is an artifact, not the page: the TXT renders the same printed number two ways in one row (e.g. '1 9,771,000' and '19,771,000' for Non-US Equity, whose Adjustments cell is a dash so the two money columns must be equal), and every corrected figure is confirmed by the printed totals (asset-class CAFR sums to the printed 372,313,000, assets to 40,814,922,000, the fixed-income block to 87,464,000 and 12,942,517,000, and CAFR+Adjustments=Adjusted Base on all four adjusted rows). notes carries IMAGE_ONLY: because no TXT line prints the value in its page form.",RESOLVED,A+B+ADJUDICATOR,91068b29d6128f34c2cb9f612208cc934849cc65200842ad7c017de0b59d0eb5
b49e906f4eb79988c426,SRC028,1,PAIR_CBE846FD9285CFADAE878E4C,CONTEXT_CONFLICT,15,15,source_section,MERGE,"source_section: the page prints one heading above the table and B recorded it; A left it blank on all 87 rows. A printed heading above the table is source_section, and the same string is the table's only title, so both fields carry it. metric_value_raw corrected from page-001.png: the image prints 345,980,000, the TXT layer splits the numeral as '3 45,980,000' and both lanes copied that through. The split is an artifact, not the page: the TXT renders the same printed number two ways in one row (e.g. '1 9,771,000' and '19,771,000' for Non-US Equity, whose Adjustments cell is a dash so the two money columns must be equal), and every corrected figure is confirmed by the printed totals (asset-class CAFR sums to the printed 372,313,000, assets to 40,814,922,000, the fixed-income block to 87,464,000 and 12,942,517,000, and CAFR+Adjustments=Adjusted Base on all four adjusted rows). notes carries IMAGE_ONLY: because no TXT line prints the value in its page form.",RESOLVED,A+B+ADJUDICATOR,91068b29d6128f34c2cb9f612208cc934849cc65200842ad7c017de0b59d0eb5
1dc3cc214f064acfb5d0,SRC028,1,PAIR_0A0951C843A6017C85743704,CONTEXT_CONFLICT,16,16,source_section,MERGE,"source_section: the page prints one heading above the table and B recorded it; A left it blank on all 87 rows. A printed heading above the table is source_section, and the same string is the table's only title, so both fields carry it. metric_value_raw corrected from page-001.png: the image prints 1,669,000, the TXT layer splits the numeral as '1 ,669,000' and both lanes copied that through. The split is an artifact, not the page: the TXT renders the same printed number two ways in one row (e.g. '1 9,771,000' and '19,771,000' for Non-US Equity, whose Adjustments cell is a dash so the two money columns must be equal), and every corrected figure is confirmed by the printed totals (asset-class CAFR sums to the printed 372,313,000, assets to 40,814,922,000, the fixed-income block to 87,464,000 and 12,942,517,000, and CAFR+Adjustments=Adjusted Base on all four adjusted rows). notes carries IMAGE_ONLY: because no TXT line prints the value in its page form.",RESOLVED,A+B+ADJUDICATOR,91068b29d6128f34c2cb9f612208cc934849cc65200842ad7c017de0b59d0eb5
2a2422f85c27a91d546c,SRC028,1,PAIR_9D0B967318267548915D10AE,CONTEXT_CONFLICT,17,17,source_section,ACCEPT_B,"source_section: the page prints one heading above the table and B recorded it; A left it blank on all 87 rows. A printed heading above the table is source_section, and the same string is the table's only title, so both fields carry it.",RESOLVED,B,91068b29d6128f34c2cb9f612208cc934849cc65200842ad7c017de0b59d0eb5
77c1dcad719c502429e1,SRC028,1,PAIR_7B9A8DF7AFFB7C765C96C2C6,CONTEXT_CONFLICT,18,18,source_section,ACCEPT_B,"source_section: the page prints one heading above the table and B recorded it; A left it blank on all 87 rows. A printed heading above the table is source_section, and the same string is the table's only title, so both fields carry it.",RESOLVED,B,91068b29d6128f34c2cb9f612208cc934849cc65200842ad7c017de0b59d0eb5
0b14b087120f20ce1140,SRC028,1,PAIR_627AFECAE4B6E34AC076A27C,CONTEXT_CONFLICT,19,19,source_section,ACCEPT_B,"source_section: the page prints one heading above the table and B recorded it; A left it blank on all 87 rows. A printed heading above the table is source_section, and the same string is the table's only title, so both fields carry it.",RESOLVED,B,91068b29d6128f34c2cb9f612208cc934849cc65200842ad7c017de0b59d0eb5
66c6ad2643816f1fcc84,SRC028,1,PAIR_8A96161D9010D4FEFEB86981,CONTEXT_CONFLICT,20,20,source_section,MERGE,"source_section: the page prints one heading above the table and B recorded it; A left it blank on all 87 rows. A printed heading above the table is source_section, and the same string is the table's only title, so both fields carry it. metric_value_raw corrected from page-001.png: the image prints 4,472,747,000, the TXT layer splits the numeral as '4 ,472,747,000' and both lanes copied that through. The split is an artifact, not the page: the TXT renders the same printed number two ways in one row (e.g. '1 9,771,000' and '19,771,000' for Non-US Equity, whose Adjustments cell is a dash so the two money columns must be equal), and every corrected figure is confirmed by the printed totals (asset-class CAFR sums to the printed 372,313,000, assets to 40,814,922,000, the fixed-income block to 87,464,000 and 12,942,517,000, and CAFR+Adjustments=Adjusted Base on all four adjusted rows). notes carries IMAGE_ONLY: because no TXT line prints the value in its page form.",RESOLVED,A+B+ADJUDICATOR,91068b29d6128f34c2cb9f612208cc934849cc65200842ad7c017de0b59d0eb5
86aae2a9bfff1f4cdbaa,SRC028,1,PAIR_69B83B50DFAEA7A5B97A2CE6,CONTEXT_CONFLICT,21,21,source_section,MERGE,"source_section: the page prints one heading above the table and B recorded it; A left it blank on all 87 rows. A printed heading above the table is source_section, and the same string is the table's only title, so both fields carry it. metric_value_raw corrected from page-001.png: the image prints 51,025,000, the TXT layer splits the numeral as '5 1,025,000' and both lanes copied that through. The split is an artifact, not the page: the TXT renders the same printed number two ways in one row (e.g. '1 9,771,000' and '19,771,000' for Non-US Equity, whose Adjustments cell is a dash so the two money columns must be equal), and every corrected figure is confirmed by the printed totals (asset-class CAFR sums to the printed 372,313,000, assets to 40,814,922,000, the fixed-income block to 87,464,000 and 12,942,517,000, and CAFR+Adjustments=Adjusted Base on all four adjusted rows). notes carries IMAGE_ONLY: because no TXT line prints the value in its page form.",RESOLVED,A+B+ADJUDICATOR,91068b29d6128f34c2cb9f612208cc934849cc65200842ad7c017de0b59d0eb5
27873a1dce0dff46f812,SRC028,1,PAIR_B97E0118612F797CE9D411B8,CONTEXT_CONFLICT,22,22,source_section,ACCEPT_B,"source_section: the page prints one heading above the table and B recorded it; A left it blank on all 87 rows. A printed heading above the table is source_section, and the same string is the table's only title, so both fields carry it.",RESOLVED,B,91068b29d6128f34c2cb9f612208cc934849cc65200842ad7c017de0b59d0eb5
f6d14c5ffff564be5efa,SRC028,1,PAIR_C713CBA17265205E833DD889,CONTEXT_CONFLICT,23,23,source_section,ACCEPT_B,"source_section: the page prints one heading above the table and B recorded it; A left it blank on all 87 rows. A printed heading above the table is source_section, and the same string is the table's only title, so both fields carry it.",RESOLVED,B,91068b29d6128f34c2cb9f612208cc934849cc65200842ad7c017de0b59d0eb5
94f0a856a99c339bfb6a,SRC028,1,PAIR_28E707948C97D0DF2D60BDE0,CONTEXT_CONFLICT,24,24,source_section,ACCEPT_B,"source_section: the page prints one heading above the table and B recorded it; A left it blank on all 87 rows. A printed heading above the table is source_section, and the same string is the table's only title, so both fields carry it.",RESOLVED,B,91068b29d6128f34c2cb9f612208cc934849cc65200842ad7c017de0b59d0eb5
819bb00389cc88a1a3d9,SRC028,1,PAIR_2A6A6EF404BA80097EF1BE15,CONTEXT_CONFLICT,25,25,source_section,MERGE,"source_section: the page prints one heading above the table and B recorded it; A left it blank on all 87 rows. A printed heading above the table is source_section, and the same string is the table's only title, so both fields carry it. metric_value_raw corrected from page-001.png: the image prints 5,897,967,000, the TXT layer splits the numeral as '5 ,897,967,000' and both lanes copied that through. The split is an artifact, not the page: the TXT renders the same printed number two ways in one row (e.g. '1 9,771,000' and '19,771,000' for Non-US Equity, whose Adjustments cell is a dash so the two money columns must be equal), and every corrected figure is confirmed by the printed totals (asset-class CAFR sums to the printed 372,313,000, assets to 40,814,922,000, the fixed-income block to 87,464,000 and 12,942,517,000, and CAFR+Adjustments=Adjusted Base on all four adjusted rows). notes carries IMAGE_ONLY: because no TXT line prints the value in its page form.",RESOLVED,A+B+ADJUDICATOR,91068b29d6128f34c2cb9f612208cc934849cc65200842ad7c017de0b59d0eb5
f7b96aca7b427bfa7778,SRC028,1,PAIR_11F973168DDA2CAAB2E8535C,CONTEXT_CONFLICT,26,26,source_section,MERGE,"source_section: the page prints one heading above the table and B recorded it; A left it blank on all 87 rows. A printed heading above the table is source_section, and the same string is the table's only title, so both fields carry it. metric_value_raw corrected from page-001.png: the image prints 26,107,000, the TXT layer splits the numeral as '2 6,107,000' and both lanes copied that through. The split is an artifact, not the page: the TXT renders the same printed number two ways in one row (e.g. '1 9,771,000' and '19,771,000' for Non-US Equity, whose Adjustments cell is a dash so the two money columns must be equal), and every corrected figure is confirmed by the printed totals (asset-class CAFR sums to the printed 372,313,000, assets to 40,814,922,000, the fixed-income block to 87,464,000 and 12,942,517,000, and CAFR+Adjustments=Adjusted Base on all four adjusted rows). notes carries IMAGE_ONLY: because no TXT line prints the value in its page form.",RESOLVED,A+B+ADJUDICATOR,91068b29d6128f34c2cb9f612208cc934849cc65200842ad7c017de0b59d0eb5
98926df25fa6a563df51,SRC028,1,PAIR_B117D061705D57BDEE999B0D,CONTEXT_CONFLICT,27,27,source_section,ACCEPT_B,"source_section: the page prints one heading above the table and B recorded it; A left it blank on all 87 rows. A printed heading above the table is source_section, and the same string is the table's only title, so both fields carry it.",RESOLVED,B,91068b29d6128f34c2cb9f612208cc934849cc65200842ad7c017de0b59d0eb5
ce866d5b8be125da3061,SRC028,1,PAIR_CBFACCE4FFE6FA3A7F025D18,CONTEXT_CONFLICT,28,28,source_section,ACCEPT_B,"source_section: the page prints one heading above the table and B recorded it; A left it blank on all 87 rows. A printed heading above the table is source_section, and the same string is the table's only title, so both fields carry it.",RESOLVED,B,91068b29d6128f34c2cb9f612208cc934849cc65200842ad7c017de0b59d0eb5
272d4c8e82f6552454ed,SRC028,1,PAIR_6C330646F53BF4AC7627B349,CONTEXT_CONFLICT,29,29,source_section,MERGE,"source_section: the page prints one heading above the table and B recorded it; A left it blank on all 87 rows. A printed heading above the table is source_section, and the same string is the table's only title, so both fields carry it. metric_value_raw corrected from page-001.png: the image prints 198,000, the TXT layer splits the numeral as '1 98,000' and both lanes copied that through. The split is an artifact, not the page: the TXT renders the same printed number two ways in one row (e.g. '1 9,771,000' and '19,771,000' for Non-US Equity, whose Adjustments cell is a dash so the two money columns must be equal), and every corrected figure is confirmed by the printed totals (asset-class CAFR sums to the printed 372,313,000, assets to 40,814,922,000, the fixed-income block to 87,464,000 and 12,942,517,000, and CAFR+Adjustments=Adjusted Base on all four adjusted rows). notes carries IMAGE_ONLY: because no TXT line prints the value in its page form.",RESOLVED,A+B+ADJUDICATOR,91068b29d6128f34c2cb9f612208cc934849cc65200842ad7c017de0b59d0eb5
bcb332a0237e426bda97,SRC028,1,PAIR_0F4AB6B67584019D95E99C60,CONTEXT_CONFLICT,30,30,source_section,ACCEPT_B,"source_section: the page prints one heading above the table and B recorded it; A left it blank on all 87 rows. A printed heading above the table is source_section, and the same string is the table's only title, so both fields carry it.",RESOLVED,B,91068b29d6128f34c2cb9f612208cc934849cc65200842ad7c017de0b59d0eb5
75c513fc92a778246637,SRC028,1,PAIR_36036092D4EA3E89297378D2,CONTEXT_CONFLICT,31,31,source_section|source_column_label|metric_name,ACCEPT_B,"source_section: the page prints one heading above the table and B recorded it; A left it blank on all 87 rows. A printed heading above the table is source_section, and the same string is the table's only title, so both fields carry it. source_column_label/metric_name: the printed header is 'Adjustments*' where the asterisk is the footnote marker keying '* Portable alpha manager fees misclassified as Absolute Return fees...'. Footnote markers are dropped from labels, so B's 'Adjustments' is right.",RESOLVED,B,91068b29d6128f34c2cb9f612208cc934849cc65200842ad7c017de0b59d0eb5
f6a6ff611653c6460a76,SRC028,1,PAIR_86D82977A7ED1AA8848FD6B8,CONTEXT_CONFLICT,32,32,source_section,ACCEPT_B,"source_section: the page prints one heading above the table and B recorded it; A left it blank on all 87 rows. A printed heading above the table is source_section, and the same string is the table's only title, so both fields carry it.",RESOLVED,B,91068b29d6128f34c2cb9f612208cc934849cc65200842ad7c017de0b59d0eb5
844e52882a370689de27,SRC028,1,PAIR_92E565F62BE0A0AD83AA5E41,CONTEXT_CONFLICT,33,33,source_section,ACCEPT_B,"source_section: the page prints one heading above the table and B recorded it; A left it blank on all 87 rows. A printed heading above the table is source_section, and the same string is the table's only title, so both fields carry it.",RESOLVED,B,91068b29d6128f34c2cb9f612208cc934849cc65200842ad7c017de0b59d0eb5
25535e7b66c524f2c966,SRC028,1,PAIR_4733C3B685986FF8DA04823C,CONTEXT_CONFLICT,34,34,source_section,MERGE,"source_section: the page prints one heading above the table and B recorded it; A left it blank on all 87 rows. A printed heading above the table is source_section, and the same string is the table's only title, so both fields carry it. metric_value_raw corrected from page-001.png: the image prints 8,295,000, the TXT layer splits the numeral as '8 ,295,000' and both lanes copied that through. The split is an artifact, not the page: the TXT renders the same printed number two ways in one row (e.g. '1 9,771,000' and '19,771,000' for Non-US Equity, whose Adjustments cell is a dash so the two money columns must be equal), and every corrected figure is confirmed by the printed totals (asset-class CAFR sums to the printed 372,313,000, assets to 40,814,922,000, the fixed-income block to 87,464,000 and 12,942,517,000, and CAFR+Adjustments=Adjusted Base on all four adjusted rows). notes carries IMAGE_ONLY: because no TXT line prints the value in its page form.",RESOLVED,A+B+ADJUDICATOR,91068b29d6128f34c2cb9f612208cc934849cc65200842ad7c017de0b59d0eb5
27ee9533b53f6101750d,SRC028,1,PAIR_08888D3E9C7B59FE77775118,CONTEXT_CONFLICT,35,35,source_section,MERGE,"source_section: the page prints one heading above the table and B recorded it; A left it blank on all 87 rows. A printed heading above the table is source_section, and the same string is the table's only title, so both fields carry it. metric_value_raw corrected from page-001.png: the image prints 1,893,389,000, the TXT layer splits the numeral as '1 ,893,389,000' and both lanes copied that through. The split is an artifact, not the page: the TXT renders the same printed number two ways in one row (e.g. '1 9,771,000' and '19,771,000' for Non-US Equity, whose Adjustments cell is a dash so the two money columns must be equal), and every corrected figure is confirmed by the printed totals (asset-class CAFR sums to the printed 372,313,000, assets to 40,814,922,000, the fixed-income block to 87,464,000 and 12,942,517,000, and CAFR+Adjustments=Adjusted Base on all four adjusted rows). notes carries IMAGE_ONLY: because no TXT line prints the value in its page form.",RESOLVED,A+B+ADJUDICATOR,91068b29d6128f34c2cb9f612208cc934849cc65200842ad7c017de0b59d0eb5
877fff5ef22c39c2770c,SRC028,1,PAIR_1A3AEE570E0223F39C1AED0F,CONTEXT_CONFLICT,36,36,source_section,MERGE,"source_section: the page prints one heading above the table and B recorded it; A left it blank on all 87 rows. A printed heading above the table is source_section, and the same string is the table's only title, so both fields carry it. metric_value_raw corrected from page-001.png: the image prints 8,295,000, the TXT layer splits the numeral as '8 ,295,000' and both lanes copied that through. The split is an artifact, not the page: the TXT renders the same printed number two ways in one row (e.g. '1 9,771,000' and '19,771,000' for Non-US Equity, whose Adjustments cell is a dash so the two money columns must be equal), and every corrected figure is confirmed by the printed totals (asset-class CAFR sums to the printed 372,313,000, assets to 40,814,922,000, the fixed-income block to 87,464,000 and 12,942,517,000, and CAFR+Adjustments=Adjusted Base on all four adjusted rows). notes carries IMAGE_ONLY: because no TXT line prints the value in its page form.",RESOLVED,A+B+ADJUDICATOR,91068b29d6128f34c2cb9f612208cc934849cc65200842ad7c017de0b59d0eb5
7fa7aadd948ba96267e2,SRC028,1,PAIR_8CE018AC1E773116DD7F866C,CONTEXT_CONFLICT,37,37,source_section,ACCEPT_B,"source_section: the page prints one heading above the table and B recorded it; A left it blank on all 87 rows. A printed heading above the table is source_section, and the same string is the table's only title, so both fields carry it.",RESOLVED,B,91068b29d6128f34c2cb9f612208cc934849cc65200842ad7c017de0b59d0eb5
57f7189a0bdaba53e687,SRC028,1,PAIR_1B7747326722EFBF6A8F3DA0,CONTEXT_CONFLICT,38,38,source_section,ACCEPT_B,"source_section: the page prints one heading above the table and B recorded it; A left it blank on all 87 rows. A printed heading above the table is source_section, and the same string is the table's only title, so both fields carry it.",RESOLVED,B,91068b29d6128f34c2cb9f612208cc934849cc65200842ad7c017de0b59d0eb5
3ab2c6c2f896fd5500cd,SRC028,1,PAIR_0035C7937C7177DD1FB091BE,CONTEXT_CONFLICT,39,39,source_section,MERGE,"source_section: the page prints one heading above the table and B recorded it; A left it blank on all 87 rows. A printed heading above the table is source_section, and the same string is the table's only title, so both fields carry it. metric_value_raw corrected from page-001.png: the image prints 1,633,000, the TXT layer splits the numeral as '1 ,633,000' and both lanes copied that through. The split is an artifact, not the page: the TXT renders the same printed number two ways in one row (e.g. '1 9,771,000' and '19,771,000' for Non-US Equity, whose Adjustments cell is a dash so the two money columns must be equal), and every corrected figure is confirmed by the printed totals (asset-class CAFR sums to the printed 372,313,000, assets to 40,814,922,000, the fixed-income block to 87,464,000 and 12,942,517,000, and CAFR+Adjustments=Adjusted Base on all four adjusted rows). notes carries IMAGE_ONLY: because no TXT line prints the value in its page form.",RESOLVED,A+B+ADJUDICATOR,91068b29d6128f34c2cb9f612208cc934849cc65200842ad7c017de0b59d0eb5
2fe3d7302f34bba8dde8,SRC028,1,PAIR_4F8A3E23C4E2A52BF2264A0B,CONTEXT_CONFLICT,40,40,source_section,MERGE,"source_section: the page prints one heading above the table and B recorded it; A left it blank on all 87 rows. A printed heading above the table is source_section, and the same string is the table's only title, so both fields carry it. metric_value_raw corrected from page-001.png: the image prints 410,414,000, the TXT layer splits the numeral as '4 10,414,000' and both lanes copied that through. The split is an artifact, not the page: the TXT renders the same printed number two ways in one row (e.g. '1 9,771,000' and '19,771,000' for Non-US Equity, whose Adjustments cell is a dash so the two money columns must be equal), and every corrected figure is confirmed by the printed totals (asset-class CAFR sums to the printed 372,313,000, assets to 40,814,922,000, the fixed-income block to 87,464,000 and 12,942,517,000, and CAFR+Adjustments=Adjusted Base on all four adjusted rows). notes carries IMAGE_ONLY: because no TXT line prints the value in its page form.",RESOLVED,A+B+ADJUDICATOR,91068b29d6128f34c2cb9f612208cc934849cc65200842ad7c017de0b59d0eb5
fe44407737b08d87422f,SRC028,1,PAIR_7B9B86FFA3A8B605E5B356E1,CONTEXT_CONFLICT,41,41,source_section,MERGE,"source_section: the page prints one heading above the table and B recorded it; A left it blank on all 87 rows. A printed heading above the table is source_section, and the same string is the table's only title, so both fields carry it. metric_value_raw corrected from page-001.png: the image prints 1,633,000, the TXT layer splits the numeral as '1 ,633,000' and both lanes copied that through. The split is an artifact, not the page: the TXT renders the same printed number two ways in one row (e.g. '1 9,771,000' and '19,771,000' for Non-US Equity, whose Adjustments cell is a dash so the two money columns must be equal), and every corrected figure is confirmed by the printed totals (asset-class CAFR sums to the printed 372,313,000, assets to 40,814,922,000, the fixed-income block to 87,464,000 and 12,942,517,000, and CAFR+Adjustments=Adjusted Base on all four adjusted rows). notes carries IMAGE_ONLY: because no TXT line prints the value in its page form.",RESOLVED,A+B+ADJUDICATOR,91068b29d6128f34c2cb9f612208cc934849cc65200842ad7c017de0b59d0eb5
02058f14d5d0e3f095f1,SRC028,1,PAIR_3A4F688A67535B530A6F4F18,CONTEXT_CONFLICT,42,42,source_section,ACCEPT_B,"source_section: the page prints one heading above the table and B recorded it; A left it blank on all 87 rows. A printed heading above the table is source_section, and the same string is the table's only title, so both fields carry it.",RESOLVED,B,91068b29d6128f34c2cb9f612208cc934849cc65200842ad7c017de0b59d0eb5
22eb1d58e5b0480575c1,SRC028,1,PAIR_669059485929A2BC68840845,CONTEXT_CONFLICT,43,43,source_section,ACCEPT_B,"source_section: the page prints one heading above the table and B recorded it; A left it blank on all 87 rows. A printed heading above the table is source_section, and the same string is the table's only title, so both fields carry it.",RESOLVED,B,91068b29d6128f34c2cb9f612208cc934849cc65200842ad7c017de0b59d0eb5
e84ed042790bb3b656fc,SRC028,1,PAIR_F19F48F975ADD103C2B1A508,CONTEXT_CONFLICT,44,44,source_section,MERGE,"source_section: the page prints one heading above the table and B recorded it; A left it blank on all 87 rows. A printed heading above the table is source_section, and the same string is the table's only title, so both fields carry it. metric_value_raw corrected from page-001.png: the image prints 420,000, the TXT layer splits the numeral as '4 20,000' and both lanes copied that through. The split is an artifact, not the page: the TXT renders the same printed number two ways in one row (e.g. '1 9,771,000' and '19,771,000' for Non-US Equity, whose Adjustments cell is a dash so the two money columns must be equal), and every corrected figure is confirmed by the printed totals (asset-class CAFR sums to the printed 372,313,000, assets to 40,814,922,000, the fixed-income block to 87,464,000 and 12,942,517,000, and CAFR+Adjustments=Adjusted Base on all four adjusted rows). notes carries IMAGE_ONLY: because no TXT line prints the value in its page form.",RESOLVED,A+B+ADJUDICATOR,91068b29d6128f34c2cb9f612208cc934849cc65200842ad7c017de0b59d0eb5
b16fad65a037314cbad8,SRC028,1,PAIR_35687C748FE81A5AAD32C90A,CONTEXT_CONFLICT,45,45,source_section,MERGE,"source_section: the page prints one heading above the table and B recorded it; A left it blank on all 87 rows. A printed heading above the table is source_section, and the same string is the table's only title, so both fields carry it. metric_value_raw corrected from page-001.png: the image prints 177,400,000, the TXT layer splits the numeral as '1 77,400,000' and both lanes copied that through. The split is an artifact, not the page: the TXT renders the same printed number two ways in one row (e.g. '1 9,771,000' and '19,771,000' for Non-US Equity, whose Adjustments cell is a dash so the two money columns must be equal), and every corrected figure is confirmed by the printed totals (asset-class CAFR sums to the printed 372,313,000, assets to 40,814,922,000, the fixed-income block to 87,464,000 and 12,942,517,000, and CAFR+Adjustments=Adjusted Base on all four adjusted rows). notes carries IMAGE_ONLY: because no TXT line prints the value in its page form.",RESOLVED,A+B+ADJUDICATOR,91068b29d6128f34c2cb9f612208cc934849cc65200842ad7c017de0b59d0eb5
815534231fe07301c593,SRC028,1,PAIR_4DB66F8F60A39F4AB01283E1,CONTEXT_CONFLICT,46,46,source_section,ACCEPT_B,"source_section: the page prints one heading above the table and B recorded it; A left it blank on all 87 rows. A printed heading above the table is source_section, and the same string is the table's only title, so both fields carry it.",RESOLVED,B,91068b29d6128f34c2cb9f612208cc934849cc65200842ad7c017de0b59d0eb5
4f724a990894d3c5ca07,SRC028,1,PAIR_CC8962FBD0BF2ABB6A0ED68D,CONTEXT_CONFLICT,47,47,source_section,ACCEPT_B,"source_section: the page prints one heading above the table and B recorded it; A left it blank on all 87 rows. A printed heading above the table is source_section, and the same string is the table's only title, so both fields carry it.",RESOLVED,B,91068b29d6128f34c2cb9f612208cc934849cc65200842ad7c017de0b59d0eb5
8dd964739fe66bc945cd,SRC028,1,PAIR_7639787E8ED62DB5ED9F14CE,CONTEXT_CONFLICT,48,48,source_section,ACCEPT_B,"source_section: the page prints one heading above the table and B recorded it; A left it blank on all 87 rows. A printed heading above the table is source_section, and the same string is the table's only title, so both fields carry it.",RESOLVED,B,91068b29d6128f34c2cb9f612208cc934849cc65200842ad7c017de0b59d0eb5
535e6e40ec977ae7ca90,SRC028,1,PAIR_D5EE172746A421F30429F385,CONTEXT_CONFLICT,49,49,source_section,ACCEPT_B,"source_section: the page prints one heading above the table and B recorded it; A left it blank on all 87 rows. A printed heading above the table is source_section, and the same string is the table's only title, so both fields carry it.",RESOLVED,B,91068b29d6128f34c2cb9f612208cc934849cc65200842ad7c017de0b59d0eb5
d1504439eb5d170cab25,SRC028,1,PAIR_879D423B63AAA31765BD51E7,CONTEXT_CONFLICT,50,50,source_section,MERGE,"source_section: the page prints one heading above the table and B recorded it; A left it blank on all 87 rows. A printed heading above the table is source_section, and the same string is the table's only title, so both fields carry it. metric_value_raw corrected from page-001.png: the image prints 4,282,411,000, the TXT layer splits the numeral as '4 ,282,411,000' and both lanes copied that through. The split is an artifact, not the page: the TXT renders the same printed number two ways in one row (e.g. '1 9,771,000' and '19,771,000' for Non-US Equity, whose Adjustments cell is a dash so the two money columns must be equal), and every corrected figure is confirmed by the printed totals (asset-class CAFR sums to the printed 372,313,000, assets to 40,814,922,000, the fixed-income block to 87,464,000 and 12,942,517,000, and CAFR+Adjustments=Adjusted Base on all four adjusted rows). notes carries IMAGE_ONLY: because no TXT line prints the value in its page form.",RESOLVED,A+B+ADJUDICATOR,91068b29d6128f34c2cb9f612208cc934849cc65200842ad7c017de0b59d0eb5
42b375681dbc5ab59f06,SRC028,1,PAIR_9363857092B90A66A49BFC40,CONTEXT_CONFLICT,51,51,source_section,MERGE,"source_section: the page prints one heading above the table and B recorded it; A left it blank on all 87 rows. A printed heading above the table is source_section, and the same string is the table's only title, so both fields carry it. metric_value_raw corrected from page-001.png: the image prints 19,771,000, the TXT layer splits the numeral as '1 9,771,000' and both lanes copied that through. The split is an artifact, not the page: the TXT renders the same printed number two ways in one row (e.g. '1 9,771,000' and '19,771,000' for Non-US Equity, whose Adjustments cell is a dash so the two money columns must be equal), and every corrected figure is confirmed by the printed totals (asset-class CAFR sums to the printed 372,313,000, assets to 40,814,922,000, the fixed-income block to 87,464,000 and 12,942,517,000, and CAFR+Adjustments=Adjusted Base on all four adjusted rows). notes carries IMAGE_ONLY: because no TXT line prints the value in its page form.",RESOLVED,A+B+ADJUDICATOR,91068b29d6128f34c2cb9f612208cc934849cc65200842ad7c017de0b59d0eb5
ac544058f3018da566bb,SRC028,1,PAIR_4425E97CC678B4B417D5D010,CONTEXT_CONFLICT,52,52,source_section,ACCEPT_B,"source_section: the page prints one heading above the table and B recorded it; A left it blank on all 87 rows. A printed heading above the table is source_section, and the same string is the table's only title, so both fields carry it.",RESOLVED,B,91068b29d6128f34c2cb9f612208cc934849cc65200842ad7c017de0b59d0eb5
6516d9e8c1f4f26a61a2,SRC028,1,PAIR_FFCB6301F2FD70E0FFDCB9D5,CONTEXT_CONFLICT,53,53,source_section,ACCEPT_B,"source_section: the page prints one heading above the table and B recorded it; A left it blank on all 87 rows. A printed heading above the table is source_section, and the same string is the table's only title, so both fields carry it.",RESOLVED,B,91068b29d6128f34c2cb9f612208cc934849cc65200842ad7c017de0b59d0eb5
76664114b52310f8343c,SRC028,1,PAIR_EB4ADFE9A8F94F5AEC95FC86,CONTEXT_CONFLICT,54,54,source_section,MERGE,"source_section: the page prints one heading above the table and B recorded it; A left it blank on all 87 rows. A printed heading above the table is source_section, and the same string is the table's only title, so both fields carry it. metric_value_raw corrected from page-001.png: the image prints 1,649,000, the TXT layer splits the numeral as '1 ,649,000' and both lanes copied that through. The split is an artifact, not the page: the TXT renders the same printed number two ways in one row (e.g. '1 9,771,000' and '19,771,000' for Non-US Equity, whose Adjustments cell is a dash so the two money columns must be equal), and every corrected figure is confirmed by the printed totals (asset-class CAFR sums to the printed 372,313,000, assets to 40,814,922,000, the fixed-income block to 87,464,000 and 12,942,517,000, and CAFR+Adjustments=Adjusted Base on all four adjusted rows). notes carries IMAGE_ONLY: because no TXT line prints the value in its page form.",RESOLVED,A+B+ADJUDICATOR,91068b29d6128f34c2cb9f612208cc934849cc65200842ad7c017de0b59d0eb5
9f9562157a271a801aee,SRC028,1,PAIR_CD38A94A3289B429E866B515,CONTEXT_CONFLICT,55,55,source_section,MERGE,"source_section: the page prints one heading above the table and B recorded it; A left it blank on all 87 rows. A printed heading above the table is source_section, and the same string is the table's only title, so both fields carry it. metric_value_raw corrected from page-001.png: the image prints 484,000,000, the TXT layer splits the numeral as '4 84,000,000' and both lanes copied that through. The split is an artifact, not the page: the TXT renders the same printed number two ways in one row (e.g. '1 9,771,000' and '19,771,000' for Non-US Equity, whose Adjustments cell is a dash so the two money columns must be equal), and every corrected figure is confirmed by the printed totals (asset-class CAFR sums to the printed 372,313,000, assets to 40,814,922,000, the fixed-income block to 87,464,000 and 12,942,517,000, and CAFR+Adjustments=Adjusted Base on all four adjusted rows). notes carries IMAGE_ONLY: because no TXT line prints the value in its page form.",RESOLVED,A+B+ADJUDICATOR,91068b29d6128f34c2cb9f612208cc934849cc65200842ad7c017de0b59d0eb5
0e2222c838eb7e96d277,SRC028,1,PAIR_A67F09F74A23FE4354C23719,CONTEXT_CONFLICT,56,56,source_section,MERGE,"source_section: the page prints one heading above the table and B recorded it; A left it blank on all 87 rows. A printed heading above the table is source_section, and the same string is the table's only title, so both fields carry it. metric_value_raw corrected from page-001.png: the image prints 1,649,000, the TXT layer splits the numeral as '1 ,649,000' and both lanes copied that through. The split is an artifact, not the page: the TXT renders the same printed number two ways in one row (e.g. '1 9,771,000' and '19,771,000' for Non-US Equity, whose Adjustments cell is a dash so the two money columns must be equal), and every corrected figure is confirmed by the printed totals (asset-class CAFR sums to the printed 372,313,000, assets to 40,814,922,000, the fixed-income block to 87,464,000 and 12,942,517,000, and CAFR+Adjustments=Adjusted Base on all four adjusted rows). notes carries IMAGE_ONLY: because no TXT line prints the value in its page form.",RESOLVED,A+B+ADJUDICATOR,91068b29d6128f34c2cb9f612208cc934849cc65200842ad7c017de0b59d0eb5
688f003df632def9d9e2,SRC028,1,PAIR_74482790A1D9F7F755008169,CONTEXT_CONFLICT,57,57,source_section,ACCEPT_B,"source_section: the page prints one heading above the table and B recorded it; A left it blank on all 87 rows. A printed heading above the table is source_section, and the same string is the table's only title, so both fields carry it.",RESOLVED,B,91068b29d6128f34c2cb9f612208cc934849cc65200842ad7c017de0b59d0eb5
4be92cab1543bcddad57,SRC028,1,PAIR_35E635AB8C39BA754F7BB50A,CONTEXT_CONFLICT,58,58,source_section,ACCEPT_B,"source_section: the page prints one heading above the table and B recorded it; A left it blank on all 87 rows. A printed heading above the table is source_section, and the same string is the table's only title, so both fields carry it.",RESOLVED,B,91068b29d6128f34c2cb9f612208cc934849cc65200842ad7c017de0b59d0eb5
4ff865fec20627630324,SRC028,1,PAIR_37A0F52B233A196F837FC30A,CONTEXT_CONFLICT,59,59,source_section|evidence_quote,MERGE,"source_section: the page prints one heading above the table and B recorded it; A left it blank on all 87 rows. A printed heading above the table is source_section, and the same string is the table's only title, so both fields carry it. evidence_quote: A joined the two printed lines of a wrapped Peer Universe cell into one quote; a quote is one printed line and is never joined. B cites the printed line the value sits on. metric_value_raw corrected from page-001.png: the image prints 102,714,000, the TXT layer splits the numeral as '1 02,714,000' and both lanes copied that through. The split is an artifact, not the page: the TXT renders the same printed number two ways in one row (e.g. '1 9,771,000' and '19,771,000' for Non-US Equity, whose Adjustments cell is a dash so the two money columns must be equal), and every corrected figure is confirmed by the printed totals (asset-class CAFR sums to the printed 372,313,000, assets to 40,814,922,000, the fixed-income block to 87,464,000 and 12,942,517,000, and CAFR+Adjustments=Adjusted Base on all four adjusted rows). notes carries IMAGE_ONLY: because no TXT line prints the value in its page form.",RESOLVED,A+B+ADJUDICATOR,91068b29d6128f34c2cb9f612208cc934849cc65200842ad7c017de0b59d0eb5
5322fe3609db3bf56f8f,SRC028,1,PAIR_C9A7F8EC225DD51FD290F984,CONTEXT_CONFLICT,60,60,source_section|evidence_quote,MERGE,"source_section: the page prints one heading above the table and B recorded it; A left it blank on all 87 rows. A printed heading above the table is source_section, and the same string is the table's only title, so both fields carry it. evidence_quote: A joined the two printed lines of a wrapped Peer Universe cell into one quote; a quote is one printed line and is never joined. B cites the printed line the value sits on. metric_value_raw corrected from page-001.png: the image prints 7,423,011,000, the TXT layer splits the numeral as '7 ,423,011,000' and both lanes copied that through. The split is an artifact, not the page: the TXT renders the same printed number two ways in one row (e.g. '1 9,771,000' and '19,771,000' for Non-US Equity, whose Adjustments cell is a dash so the two money columns must be equal), and every corrected figure is confirmed by the printed totals (asset-class CAFR sums to the printed 372,313,000, assets to 40,814,922,000, the fixed-income block to 87,464,000 and 12,942,517,000, and CAFR+Adjustments=Adjusted Base on all four adjusted rows). notes carries IMAGE_ONLY: because no TXT line prints the value in its page form.",RESOLVED,A+B+ADJUDICATOR,91068b29d6128f34c2cb9f612208cc934849cc65200842ad7c017de0b59d0eb5
f6737b7df229c093e501,SRC028,1,PAIR_0C9C66EC0C4334B5F66FCCA0,CONTEXT_CONFLICT,61,61,source_section|evidence_quote,ACCEPT_B,"source_section: the page prints one heading above the table and B recorded it; A left it blank on all 87 rows. A printed heading above the table is source_section, and the same string is the table's only title, so both fields carry it. evidence_quote: A joined the two printed lines of a wrapped Peer Universe cell into one quote; a quote is one printed line and is never joined. B cites the printed line the value sits on.",RESOLVED,B,91068b29d6128f34c2cb9f612208cc934849cc65200842ad7c017de0b59d0eb5
484a728a0984919bed45,SRC028,1,PAIR_40B5E0597DFED615A042A3D7,CONTEXT_CONFLICT,62,62,source_section|evidence_quote,ACCEPT_B,"source_section: the page prints one heading above the table and B recorded it; A left it blank on all 87 rows. A printed heading above the table is source_section, and the same string is the table's only title, so both fields carry it. evidence_quote: A joined the two printed lines of a wrapped Peer Universe cell into one quote; a quote is one printed line and is never joined. B cites the printed line the value sits on.",RESOLVED,B,91068b29d6128f34c2cb9f612208cc934849cc65200842ad7c017de0b59d0eb5
b37d69746a2a3561e864,SRC028,1,PAIR_85AA45C26CD0DDDC9E35FCD2,CONTEXT_CONFLICT,63,63,source_section|evidence_quote,ACCEPT_B,"source_section: the page prints one heading above the table and B recorded it; A left it blank on all 87 rows. A printed heading above the table is source_section, and the same string is the table's only title, so both fields carry it. evidence_quote: A joined the two printed lines of a wrapped Peer Universe cell into one quote; a quote is one printed line and is never joined. B cites the printed line the value sits on.",RESOLVED,B,91068b29d6128f34c2cb9f612208cc934849cc65200842ad7c017de0b59d0eb5
9288cc773feb9d9d3fc0,SRC028,1,PAIR_BB3E8B2D87589BF5B95BED0A,CONTEXT_CONFLICT,64,64,source_section|evidence_quote,ACCEPT_B,"source_section: the page prints one heading above the table and B recorded it; A left it blank on all 87 rows. A printed heading above the table is source_section, and the same string is the table's only title, so both fields carry it. evidence_quote: A joined the two printed lines of a wrapped Peer Universe cell into one quote; a quote is one printed line and is never joined. B cites the printed line the value sits on.",RESOLVED,B,91068b29d6128f34c2cb9f612208cc934849cc65200842ad7c017de0b59d0eb5
efef84c2777d65df86b1,SRC028,1,PAIR_9E13D758FD00666FD3FE3D69,CONTEXT_CONFLICT,65,65,source_section|evidence_quote,MERGE,"source_section: the page prints one heading above the table and B recorded it; A left it blank on all 87 rows. A printed heading above the table is source_section, and the same string is the table's only title, so both fields carry it. evidence_quote: A joined the two printed lines of a wrapped Peer Universe cell into one quote; a quote is one printed line and is never joined. B cites the printed line the value sits on. metric_value_raw corrected from page-001.png: the image prints 5,336,731,000, the TXT layer splits the numeral as '5 ,336,731,000' and both lanes copied that through. The split is an artifact, not the page: the TXT renders the same printed number two ways in one row (e.g. '1 9,771,000' and '19,771,000' for Non-US Equity, whose Adjustments cell is a dash so the two money columns must be equal), and every corrected figure is confirmed by the printed totals (asset-class CAFR sums to the printed 372,313,000, assets to 40,814,922,000, the fixed-income block to 87,464,000 and 12,942,517,000, and CAFR+Adjustments=Adjusted Base on all four adjusted rows). notes carries IMAGE_ONLY: because no TXT line prints the value in its page form.",RESOLVED,A+B+ADJUDICATOR,91068b29d6128f34c2cb9f612208cc934849cc65200842ad7c017de0b59d0eb5
da6028abd18748c39a5c,SRC028,1,PAIR_4FE4BAE7FCADF6B61B6209B3,CONTEXT_CONFLICT,66,66,source_section|source_column_label|metric_name|evidence_quote,MERGE,"source_section: the page prints one heading above the table and B recorded it; A left it blank on all 87 rows. A printed heading above the table is source_section, and the same string is the table's only title, so both fields carry it. source_column_label/metric_name: the printed header is 'Adjustments*' where the asterisk is the footnote marker keying '* Portable alpha manager fees misclassified as Absolute Return fees...'. Footnote markers are dropped from labels, so B's 'Adjustments' is right. evidence_quote: A joined the two printed lines of a wrapped Peer Universe cell into one quote; a quote is one printed line and is never joined. B cites the printed line the value sits on. metric_value_raw corrected from page-001.png: the image prints (198,000), the TXT layer splits the numeral as '( 198,000)' and both lanes copied that through. The split is an artifact, not the page: the TXT renders the same printed number two ways in one row (e.g. '1 9,771,000' and '19,771,000' for Non-US Equity, whose Adjustments cell is a dash so the two money columns must be equal), and every corrected figure is confirmed by the printed totals (asset-class CAFR sums to the printed 372,313,000, assets to 40,814,922,000, the fixed-income block to 87,464,000 and 12,942,517,000, and CAFR+Adjustments=Adjusted Base on all four adjusted rows). notes carries IMAGE_ONLY: because no TXT line prints the value in its page form.",RESOLVED,A+B+ADJUDICATOR,91068b29d6128f34c2cb9f612208cc934849cc65200842ad7c017de0b59d0eb5
fd6618aa4629eca575b4,SRC028,1,PAIR_6CFCB44F8CA7B3765C38BAC5,CONTEXT_CONFLICT,67,67,source_section|evidence_quote,MERGE,"source_section: the page prints one heading above the table and B recorded it; A left it blank on all 87 rows. A printed heading above the table is source_section, and the same string is the table's only title, so both fields carry it. evidence_quote: A joined the two printed lines of a wrapped Peer Universe cell into one quote; a quote is one printed line and is never joined. B cites the printed line the value sits on. metric_value_raw corrected from page-001.png: the image prints 50,609,000, the TXT layer splits the numeral as '5 0,609,000' and both lanes copied that through. The split is an artifact, not the page: the TXT renders the same printed number two ways in one row (e.g. '1 9,771,000' and '19,771,000' for Non-US Equity, whose Adjustments cell is a dash so the two money columns must be equal), and every corrected figure is confirmed by the printed totals (asset-class CAFR sums to the printed 372,313,000, assets to 40,814,922,000, the fixed-income block to 87,464,000 and 12,942,517,000, and CAFR+Adjustments=Adjusted Base on all four adjusted rows). notes carries IMAGE_ONLY: because no TXT line prints the value in its page form.",RESOLVED,A+B+ADJUDICATOR,91068b29d6128f34c2cb9f612208cc934849cc65200842ad7c017de0b59d0eb5
6ebc3640e3b75a96ee26,SRC028,1,PAIR_FE100C47486162DEE4F4E2A7,CONTEXT_CONFLICT,68,68,source_section|evidence_quote,ACCEPT_B,"source_section: the page prints one heading above the table and B recorded it; A left it blank on all 87 rows. A printed heading above the table is source_section, and the same string is the table's only title, so both fields carry it. evidence_quote: A joined the two printed lines of a wrapped Peer Universe cell into one quote; a quote is one printed line and is never joined. B cites the printed line the value sits on.",RESOLVED,B,91068b29d6128f34c2cb9f612208cc934849cc65200842ad7c017de0b59d0eb5
ced6dc165338c7e45849,SRC028,1,PAIR_4CFBFDF1FE067BEEA7564A55,CONTEXT_CONFLICT,69,69,source_section|evidence_quote,ACCEPT_B,"source_section: the page prints one heading above the table and B recorded it; A left it blank on all 87 rows. A printed heading above the table is source_section, and the same string is the table's only title, so both fields carry it. evidence_quote: A joined the two printed lines of a wrapped Peer Universe cell into one quote; a quote is one printed line and is never joined. B cites the printed line the value sits on.",RESOLVED,B,91068b29d6128f34c2cb9f612208cc934849cc65200842ad7c017de0b59d0eb5
10b4efb1e85f1b5d981a,SRC028,1,PAIR_A7F7EF42835DB897776C978D,CONTEXT_CONFLICT,70,70,source_section,ACCEPT_B,"source_section: the page prints one heading above the table and B recorded it; A left it blank on all 87 rows. A printed heading above the table is source_section, and the same string is the table's only title, so both fields carry it.",RESOLVED,B,91068b29d6128f34c2cb9f612208cc934849cc65200842ad7c017de0b59d0eb5
950723e61ff13fe96dc8,SRC028,1,PAIR_E6CCC4611BF28C8913FB11AE,CONTEXT_CONFLICT,71,71,source_section,MERGE,"source_section: the page prints one heading above the table and B recorded it; A left it blank on all 87 rows. A printed heading above the table is source_section, and the same string is the table's only title, so both fields carry it. metric_value_raw corrected from page-001.png: the image prints 2,462,455,000, the TXT layer splits the numeral as '2 ,462,455,000' and both lanes copied that through. The split is an artifact, not the page: the TXT renders the same printed number two ways in one row (e.g. '1 9,771,000' and '19,771,000' for Non-US Equity, whose Adjustments cell is a dash so the two money columns must be equal), and every corrected figure is confirmed by the printed totals (asset-class CAFR sums to the printed 372,313,000, assets to 40,814,922,000, the fixed-income block to 87,464,000 and 12,942,517,000, and CAFR+Adjustments=Adjusted Base on all four adjusted rows). notes carries IMAGE_ONLY: because no TXT line prints the value in its page form.",RESOLVED,A+B+ADJUDICATOR,91068b29d6128f34c2cb9f612208cc934849cc65200842ad7c017de0b59d0eb5
7ddd5a83bfff58602022,SRC028,1,PAIR_3B2D816E47CB32B4D01B2B41,CONTEXT_CONFLICT,72,72,source_section,MERGE,"source_section: the page prints one heading above the table and B recorded it; A left it blank on all 87 rows. A printed heading above the table is source_section, and the same string is the table's only title, so both fields carry it. metric_value_raw corrected from page-001.png: the image prints 19,632,000, the TXT layer splits the numeral as '1 9,632,000' and both lanes copied that through. The split is an artifact, not the page: the TXT renders the same printed number two ways in one row (e.g. '1 9,771,000' and '19,771,000' for Non-US Equity, whose Adjustments cell is a dash so the two money columns must be equal), and every corrected figure is confirmed by the printed totals (asset-class CAFR sums to the printed 372,313,000, assets to 40,814,922,000, the fixed-income block to 87,464,000 and 12,942,517,000, and CAFR+Adjustments=Adjusted Base on all four adjusted rows). notes carries IMAGE_ONLY: because no TXT line prints the value in its page form.",RESOLVED,A+B+ADJUDICATOR,91068b29d6128f34c2cb9f612208cc934849cc65200842ad7c017de0b59d0eb5
65a079b2b4bb203e67ac,SRC028,1,PAIR_FFCE4E8A961C2A9B0A0619A1,CONTEXT_CONFLICT,73,73,source_section,ACCEPT_B,"source_section: the page prints one heading above the table and B recorded it; A left it blank on all 87 rows. A printed heading above the table is source_section, and the same string is the table's only title, so both fields carry it.",RESOLVED,B,91068b29d6128f34c2cb9f612208cc934849cc65200842ad7c017de0b59d0eb5
efaf51f405828ea1d0d8,SRC028,1,PAIR_03CA8700960210D39B4706B2,CONTEXT_CONFLICT,74,74,source_section,ACCEPT_B,"source_section: the page prints one heading above the table and B recorded it; A left it blank on all 87 rows. A printed heading above the table is source_section, and the same string is the table's only title, so both fields carry it.",RESOLVED,B,91068b29d6128f34c2cb9f612208cc934849cc65200842ad7c017de0b59d0eb5
e6a95baaa2e220f7db4c,SRC028,1,PAIR_F774BABF80C5FB355B6C6F67,CONTEXT_CONFLICT,75,75,source_section,ACCEPT_B,"source_section: the page prints one heading above the table and B recorded it; A left it blank on all 87 rows. A printed heading above the table is source_section, and the same string is the table's only title, so both fields carry it.",RESOLVED,B,91068b29d6128f34c2cb9f612208cc934849cc65200842ad7c017de0b59d0eb5
11d20cb9f751528eaa90,SRC028,1,PAIR_AFDD1CD613540631C2FD6C6F,CONTEXT_CONFLICT,76,76,source_section,ACCEPT_B,"source_section: the page prints one heading above the table and B recorded it; A left it blank on all 87 rows. A printed heading above the table is source_section, and the same string is the table's only title, so both fields carry it.",RESOLVED,B,91068b29d6128f34c2cb9f612208cc934849cc65200842ad7c017de0b59d0eb5
9bfc3dfb7157d3dce2a2,SRC028,1,PAIR_541857AC27FBB06C1D4E698E,CONTEXT_CONFLICT,77,77,source_section,MERGE,"source_section: the page prints one heading above the table and B recorded it; A left it blank on all 87 rows. A printed heading above the table is source_section, and the same string is the table's only title, so both fields carry it. metric_value_raw corrected from page-001.png: the image prints 87,464,000, the TXT layer splits the numeral as '8 7,464,000' and both lanes copied that through. The split is an artifact, not the page: the TXT renders the same printed number two ways in one row (e.g. '1 9,771,000' and '19,771,000' for Non-US Equity, whose Adjustments cell is a dash so the two money columns must be equal), and every corrected figure is confirmed by the printed totals (asset-class CAFR sums to the printed 372,313,000, assets to 40,814,922,000, the fixed-income block to 87,464,000 and 12,942,517,000, and CAFR+Adjustments=Adjusted Base on all four adjusted rows). notes carries IMAGE_ONLY: because no TXT line prints the value in its page form.",RESOLVED,A+B+ADJUDICATOR,91068b29d6128f34c2cb9f612208cc934849cc65200842ad7c017de0b59d0eb5
0f504b4948bebc52817e,SRC028,1,PAIR_2C2B028FE9A2AFD8B56122F6,CONTEXT_CONFLICT,78,78,source_section,ACCEPT_B,"source_section: the page prints one heading above the table and B recorded it; A left it blank on all 87 rows. A printed heading above the table is source_section, and the same string is the table's only title, so both fields carry it.",RESOLVED,B,91068b29d6128f34c2cb9f612208cc934849cc65200842ad7c017de0b59d0eb5
b8fc28b776a03698890a,SRC028,1,PAIR_EBA6F9E9BE887CC64A70A52A,CONTEXT_CONFLICT,79,79,source_section,MERGE,"source_section: the page prints one heading above the table and B recorded it; A left it blank on all 87 rows. A printed heading above the table is source_section, and the same string is the table's only title, so both fields carry it. metric_value_raw corrected from page-001.png: the image prints 4,961,000, the TXT layer splits the numeral as '4 ,961,000' and both lanes copied that through. The split is an artifact, not the page: the TXT renders the same printed number two ways in one row (e.g. '1 9,771,000' and '19,771,000' for Non-US Equity, whose Adjustments cell is a dash so the two money columns must be equal), and every corrected figure is confirmed by the printed totals (asset-class CAFR sums to the printed 372,313,000, assets to 40,814,922,000, the fixed-income block to 87,464,000 and 12,942,517,000, and CAFR+Adjustments=Adjusted Base on all four adjusted rows). notes carries IMAGE_ONLY: because no TXT line prints the value in its page form.",RESOLVED,A+B+ADJUDICATOR,91068b29d6128f34c2cb9f612208cc934849cc65200842ad7c017de0b59d0eb5
4fed55ccb8f22ef59668,SRC028,1,PAIR_F907F20ECF0780BFD597600F,CONTEXT_CONFLICT,80,80,source_section,MERGE,"source_section: the page prints one heading above the table and B recorded it; A left it blank on all 87 rows. A printed heading above the table is source_section, and the same string is the table's only title, so both fields carry it. metric_value_raw corrected from page-001.png: the image prints 1,154,009,000, the TXT layer splits the numeral as '1 ,154,009,000' and both lanes copied that through. The split is an artifact, not the page: the TXT renders the same printed number two ways in one row (e.g. '1 9,771,000' and '19,771,000' for Non-US Equity, whose Adjustments cell is a dash so the two money columns must be equal), and every corrected figure is confirmed by the printed totals (asset-class CAFR sums to the printed 372,313,000, assets to 40,814,922,000, the fixed-income block to 87,464,000 and 12,942,517,000, and CAFR+Adjustments=Adjusted Base on all four adjusted rows). notes carries IMAGE_ONLY: because no TXT line prints the value in its page form.",RESOLVED,A+B+ADJUDICATOR,91068b29d6128f34c2cb9f612208cc934849cc65200842ad7c017de0b59d0eb5
4223b045f8702a0ed7b1,SRC028,1,PAIR_557B559CCE5D984F439E8511,CONTEXT_CONFLICT,81,81,source_section,MERGE,"source_section: the page prints one heading above the table and B recorded it; A left it blank on all 87 rows. A printed heading above the table is source_section, and the same string is the table's only title, so both fields carry it. metric_value_raw corrected from page-001.png: the image prints 4,961,000, the TXT layer splits the numeral as '4 ,961,000' and both lanes copied that through. The split is an artifact, not the page: the TXT renders the same printed number two ways in one row (e.g. '1 9,771,000' and '19,771,000' for Non-US Equity, whose Adjustments cell is a dash so the two money columns must be equal), and every corrected figure is confirmed by the printed totals (asset-class CAFR sums to the printed 372,313,000, assets to 40,814,922,000, the fixed-income block to 87,464,000 and 12,942,517,000, and CAFR+Adjustments=Adjusted Base on all four adjusted rows). notes carries IMAGE_ONLY: because no TXT line prints the value in its page form.",RESOLVED,A+B+ADJUDICATOR,91068b29d6128f34c2cb9f612208cc934849cc65200842ad7c017de0b59d0eb5
7a0878ff755f62dfb59d,SRC028,1,PAIR_494C41508EC7DE0E8C819D2C,CONTEXT_CONFLICT,82,82,source_section,ACCEPT_B,"source_section: the page prints one heading above the table and B recorded it; A left it blank on all 87 rows. A printed heading above the table is source_section, and the same string is the table's only title, so both fields carry it.",RESOLVED,B,91068b29d6128f34c2cb9f612208cc934849cc65200842ad7c017de0b59d0eb5
f55585db66b958cebfb0,SRC028,1,PAIR_D4FF12C9CF5E12CB01F1ED27,CONTEXT_CONFLICT,83,83,source_section,ACCEPT_B,"source_section: the page prints one heading above the table and B recorded it; A left it blank on all 87 rows. A printed heading above the table is source_section, and the same string is the table's only title, so both fields carry it.",RESOLVED,B,91068b29d6128f34c2cb9f612208cc934849cc65200842ad7c017de0b59d0eb5
91989a8219032464e707,SRC028,1,PAIR_01873AFF82A7752DC01B257C,CONTEXT_CONFLICT,84,84,source_section,MERGE,"source_section: the page prints one heading above the table and B recorded it; A left it blank on all 87 rows. A printed heading above the table is source_section, and the same string is the table's only title, so both fields carry it. metric_value_raw corrected from page-001.png: the image prints 1,494,000, the TXT layer splits the numeral as '1 ,494,000' and both lanes copied that through. The split is an artifact, not the page: the TXT renders the same printed number two ways in one row (e.g. '1 9,771,000' and '19,771,000' for Non-US Equity, whose Adjustments cell is a dash so the two money columns must be equal), and every corrected figure is confirmed by the printed totals (asset-class CAFR sums to the printed 372,313,000, assets to 40,814,922,000, the fixed-income block to 87,464,000 and 12,942,517,000, and CAFR+Adjustments=Adjusted Base on all four adjusted rows). notes carries IMAGE_ONLY: because no TXT line prints the value in its page form.",RESOLVED,A+B+ADJUDICATOR,91068b29d6128f34c2cb9f612208cc934849cc65200842ad7c017de0b59d0eb5
72f658b09ebc6924ea45,SRC028,1,PAIR_A8A08932E4E053A0058D3ABB,CONTEXT_CONFLICT,85,85,source_section,MERGE,"source_section: the page prints one heading above the table and B recorded it; A left it blank on all 87 rows. A printed heading above the table is source_section, and the same string is the table's only title, so both fields carry it. metric_value_raw corrected from page-001.png: the image prints 339,000,000, the TXT layer splits the numeral as '3 39,000,000' and both lanes copied that through. The split is an artifact, not the page: the TXT renders the same printed number two ways in one row (e.g. '1 9,771,000' and '19,771,000' for Non-US Equity, whose Adjustments cell is a dash so the two money columns must be equal), and every corrected figure is confirmed by the printed totals (asset-class CAFR sums to the printed 372,313,000, assets to 40,814,922,000, the fixed-income block to 87,464,000 and 12,942,517,000, and CAFR+Adjustments=Adjusted Base on all four adjusted rows). notes carries IMAGE_ONLY: because no TXT line prints the value in its page form.",RESOLVED,A+B+ADJUDICATOR,91068b29d6128f34c2cb9f612208cc934849cc65200842ad7c017de0b59d0eb5
9af5ca2670ffc7b53f79,SRC028,1,PAIR_D125F2769752268C431EBDD1,CONTEXT_CONFLICT,86,86,source_section,MERGE,"source_section: the page prints one heading above the table and B recorded it; A left it blank on all 87 rows. A printed heading above the table is source_section, and the same string is the table's only title, so both fields carry it. metric_value_raw corrected from page-001.png: the image prints 1,494,000, the TXT layer splits the numeral as '1 ,494,000' and both lanes copied that through. The split is an artifact, not the page: the TXT renders the same printed number two ways in one row (e.g. '1 9,771,000' and '19,771,000' for Non-US Equity, whose Adjustments cell is a dash so the two money columns must be equal), and every corrected figure is confirmed by the printed totals (asset-class CAFR sums to the printed 372,313,000, assets to 40,814,922,000, the fixed-income block to 87,464,000 and 12,942,517,000, and CAFR+Adjustments=Adjusted Base on all four adjusted rows). notes carries IMAGE_ONLY: because no TXT line prints the value in its page form.",RESOLVED,A+B+ADJUDICATOR,91068b29d6128f34c2cb9f612208cc934849cc65200842ad7c017de0b59d0eb5
9e71b6777430bb665474,SRC028,1,PAIR_2BD5009435744EA52F7AF7C3,CONTEXT_CONFLICT,87,87,source_section,ACCEPT_B,"source_section: the page prints one heading above the table and B recorded it; A left it blank on all 87 rows. A printed heading above the table is source_section, and the same string is the table's only title, so both fields carry it.",RESOLVED,B,91068b29d6128f34c2cb9f612208cc934849cc65200842ad7c017de0b59d0eb5
9ca3699dadfca25ccda0,SRC028,1,PAIR_04543FB894790C03DB7943EF,CONTEXT_CONFLICT,88,88,source_section,ACCEPT_B,"source_section: the page prints one heading above the table and B recorded it; A left it blank on all 87 rows. A printed heading above the table is source_section, and the same string is the table's only title, so both fields carry it.",RESOLVED,B,91068b29d6128f34c2cb9f612208cc934849cc65200842ad7c017de0b59d0eb5
94e023208b0898436ba5,SRC132,1,PAIR_833767C0467943EEE61CD164,CONTEXT_CONFLICT,1,1,manager_name,MERGE,"document_context merged: one row for the document on page 1, carrying the printed cover title. source_section and source_table are the printed section heading above the text; valuation_observation is a tabular family, so source_table cannot be blank.",RESOLVED,A+B+ADJUDICATOR,21face6058046d49fc7005fb8a2e7b63f7bf95ffb0e72cf05abbb350733d2e6d
64b1488a57f2c7d9a5a8,SRC132,1,PAIR_586EB90CB0B38D06732D6C11,CLASSIFICATION_CONFLICT,2,2,source_section|subject_type|subject_name|evidence_quote,MERGE,"Same fact, same value; subject is the fund whose valuation practice the sentence states; the provider named in the sentence is the value of the valuer or oversight measure, not the subject. A typed the subject as the NAV itself.",RESOLVED,A+B+ADJUDICATOR,21face6058046d49fc7005fb8a2e7b63f7bf95ffb0e72cf05abbb350733d2e6d
cf79e72321276883c3c4,SRC132,1,,ADJUDICATOR_ADD,,,,ADD,"Printed frequency neither lane extracted: the page states how many days a year the NAV is published. The value is the printed numeral with unit 'days'; the word 'per year' sits on the next column line, so the quote stops where the TXT line does.",ADDED,ADJUDICATOR,21face6058046d49fc7005fb8a2e7b63f7bf95ffb0e72cf05abbb350733d2e6d
30a4a4d7b976ca96f25d,SRC132,1,PAIR_933CBA1B7C00773571564ED3,B_ONLY,,4,,MERGE,"B_ONLY confirmed: the page states the peers' NAV frequency. subject_type is peer_group, which is the controlled type for a peer universe; B typed it other_printed_scope.",RESOLVED,B+ADJUDICATOR,21face6058046d49fc7005fb8a2e7b63f7bf95ffb0e72cf05abbb350733d2e6d
8c7142c2ba5dbb239789,SRC132,1,PAIR_C85208CB17BD443F4EFEAD50,B_ONLY,,6,,MERGE,"B_ONLY confirmed: the page states who administers the valuation guidelines. subject is the fund whose valuation practice the sentence states; the provider named in the sentence is the value of the valuer or oversight measure, not the subject.",RESOLVED,B+ADJUDICATOR,21face6058046d49fc7005fb8a2e7b63f7bf95ffb0e72cf05abbb350733d2e6d
e091eed990f3f9ba4631,SRC132,1,PAIR_0D07055A419946D53FF27FFD,VALUE_CONFLICT,3,5,source_section|source_row_label|metric_name|metric_value_raw,MERGE,"A paraphrased the printed sentence and B took only the first TXT line of it; the value is the printed statement read off the page image. metric_value_raw reads the printed sentence off page-001.png; the two-column body text interleaves line by line in the TXT layer, so evidence_quote can only be the longest single-line fragment the TXT offers. source_section and source_table are the printed section heading above the text; valuation_observation is a tabular family, so source_table cannot be blank.",RESOLVED,A+B+ADJUDICATOR,21face6058046d49fc7005fb8a2e7b63f7bf95ffb0e72cf05abbb350733d2e6d
d596a7ca57ec989b48d9,SRC132,1,PAIR_FEE67872833D97770DDF68CE,B_ONLY,,7,,MERGE,"B_ONLY confirmed on page-001.png: the guidelines' overarching principle is a stated valuation method. B's value stopped at the TXT line break. metric_value_raw reads the printed sentence off page-001.png; the two-column body text interleaves line by line in the TXT layer, so evidence_quote can only be the longest single-line fragment the TXT offers.",RESOLVED,B+ADJUDICATOR,21face6058046d49fc7005fb8a2e7b63f7bf95ffb0e72cf05abbb350733d2e6d
69d5dbc33542c0da2789,SRC132,2,PAIR_146E12B7E463DB031FE36272,VALUE_CONFLICT,4,11,source_section|source_row_label|subject_type|subject_name|metric_category|metric_name|metric_value_raw,MERGE,"The proof point is published as one independent_review fact carrying the printed 1% variance; the value is the printed numeral with unit '%', not 'within 1%'.",RESOLVED,A+B+ADJUDICATOR,21face6058046d49fc7005fb8a2e7b63f7bf95ffb0e72cf05abbb350733d2e6d
50058e92148e3a2b6dcf,SRC132,2,PAIR_34AF23614DBB0D2A26AD1CC6,B_ONLY,,14,,MERGE,B_ONLY confirmed: the carrying basis for borrowings. The appositive naming the principal balance repaid at maturity explains this basis and is not a third fact.,RESOLVED,B+ADJUDICATOR,21face6058046d49fc7005fb8a2e7b63f7bf95ffb0e72cf05abbb350733d2e6d
4ee4d65d4592d04ea72d,SRC132,2,PAIR_CD7C5E41C3DECCB628505085,B_ONLY,,15,,MERGE,"B_ONLY confirmed: that the fund does not mark its debt to market is one operative method fact, and how borrowings are then carried is a second; A combined both into one row and B added four more from the argument that follows.",RESOLVED,B+ADJUDICATOR,21face6058046d49fc7005fb8a2e7b63f7bf95ffb0e72cf05abbb350733d2e6d
0ea4f1c27424e661596a,SRC132,2,PAIR_170E20B1F751DD5C5AD00D12,B_ONLY,,20,,MERGE,"B_ONLY confirmed: the administrator's calculation cadence is printed on this page and the contract carries one category per row, so who calculates and how often are two rows.",RESOLVED,B+ADJUDICATOR,21face6058046d49fc7005fb8a2e7b63f7bf95ffb0e72cf05abbb350733d2e6d
08089bf9e6234ca5edde,SRC132,2,PAIR_EDCA6A25008B646B85AE6553,B_ONLY,,21,,MERGE,"The appraisal factors are published once, as one fact. One row per printed valuation fact. B split single sentences into a row per noun phrase, leaving values that are not facts and cannot be read without the sentence; the named factors are published once, in the fact that states them. Category method, not input: the contract reserves input for a numeric value and rejects prose there, so a named-factor list can only be a method.",RESOLVED,B+ADJUDICATOR,21face6058046d49fc7005fb8a2e7b63f7bf95ffb0e72cf05abbb350733d2e6d
c846aaeab31654f010ec,SRC132,2,PAIR_48C346FAD1F4151F24135D23,B_ONLY,,25,,MERGE,"The factors behind the daily NAV are published once, as one fact. One row per printed valuation fact. B split single sentences into a row per noun phrase, leaving values that are not facts and cannot be read without the sentence; the named factors are published once, in the fact that states them. Category method: the contract reserves input for a numeric value.",RESOLVED,B+ADJUDICATOR,21face6058046d49fc7005fb8a2e7b63f7bf95ffb0e72cf05abbb350733d2e6d
afcde7b9677b9bbe2170,SRC132,2,PAIR_2A220A929AB30C2191F255E2,A_ONLY,6,,,MERGE,"Who holds the final valuation decision is oversight, not independent_review. Both lanes reached it under different labels; published once.",RESOLVED,A+ADJUDICATOR,21face6058046d49fc7005fb8a2e7b63f7bf95ffb0e72cf05abbb350733d2e6d
fc7c4e665d39a4a55eb5,SRC132,2,PAIR_1DAA5751670138D3EFDAE62E,A_ONLY,7,,,MERGE,"Both lanes reached this fact under different labels; published once. subject is the fund whose valuation practice the sentence states; the provider named in the sentence is the value of the valuer or oversight measure, not the subject.",RESOLVED,A+ADJUDICATOR,21face6058046d49fc7005fb8a2e7b63f7bf95ffb0e72cf05abbb350733d2e6d
f62733cb0a00d7a5d480,SRC132,2,PAIR_6605D99584EEFF37396057BC,A_ONLY,8,,,MERGE,"Both lanes named SitusAMC under different labels; published once. subject is the fund whose valuation practice the sentence states; the provider named in the sentence is the value of the valuer or oversight measure, not the subject.",RESOLVED,A+ADJUDICATOR,21face6058046d49fc7005fb8a2e7b63f7bf95ffb0e72cf05abbb350733d2e6d
48204c75a82bcd859bed,SRC132,2,PAIR_31E7BA81C6425B449C289600,A_ONLY,9,,,MERGE,"Both lanes named ALPS under different labels; published once. subject is the fund whose valuation practice the sentence states; the provider named in the sentence is the value of the valuer or oversight measure, not the subject.",RESOLVED,A+ADJUDICATOR,21face6058046d49fc7005fb8a2e7b63f7bf95ffb0e72cf05abbb350733d2e6d
48528af92360720fb2b1,SRC132,2,PAIR_9F95927E87EDBA0A9B0EE15B,B_ONLY,,35,,MERGE,B_ONLY confirmed: publication cadence is stated separately from calculation cadence and is its own printed frequency.,RESOLVED,B+ADJUDICATOR,21face6058046d49fc7005fb8a2e7b63f7bf95ffb0e72cf05abbb350733d2e6d
9b5f0cf03d0386a14c55,SRC132,2,PAIR_9A0E9C3870EFAC3D25C47BA7,B_ONLY,,36,,MERGE,B_ONLY confirmed: review and approval before publication is a printed control on the NAV; A missed it.,RESOLVED,B+ADJUDICATOR,21face6058046d49fc7005fb8a2e7b63f7bf95ffb0e72cf05abbb350733d2e6d
61f6df5859e5bebc3c10,SRC132,2,PAIR_33CD27F7350DF4607D89FD2E,B_ONLY,,37,,MERGE,"B_ONLY confirmed: when a newly acquired property joins the appraisal cycle is a distinct printed frequency, not a restatement of the quarterly cadence.",RESOLVED,B+ADJUDICATOR,21face6058046d49fc7005fb8a2e7b63f7bf95ffb0e72cf05abbb350733d2e6d
dc0bb4192b73c5734512,SRC132,2,PAIR_CDFA8819FE5204B1B8402323,B_ONLY,,38,,MERGE,B_ONLY confirmed on page-002.png: the initial carrying basis of a newly acquired property is a stated valuation method; A missed it.,RESOLVED,B+ADJUDICATOR,21face6058046d49fc7005fb8a2e7b63f7bf95ffb0e72cf05abbb350733d2e6d
9c53629be96a4808e3ec,SRC132,2,PAIR_0C39709C626E28A5E98ACE19,B_ONLY,,39,,MERGE,"B_ONLY confirmed: what the share class NAV is adjusted for. Category method, not adjustment: the contract reserves adjustment for a numeric value and rejects prose there.",RESOLVED,B+ADJUDICATOR,21face6058046d49fc7005fb8a2e7b63f7bf95ffb0e72cf05abbb350733d2e6d
150ef17c82bca831233c,SRC132,2,PAIR_A42CD33BF947F3A78CFDA473,A_ONLY,10,,,MERGE,"How the valuation advisor is paid is a governance safeguard on the valuation, so the category is oversight; A typed it independent_review and B typed it method. A's quote spliced a right-column line into the middle of a left-column sentence; the quote is a single printed line.",RESOLVED,A+ADJUDICATOR,21face6058046d49fc7005fb8a2e7b63f7bf95ffb0e72cf05abbb350733d2e6d
bd11a7d0d39f9cac2e90,SRC132,2,PAIR_AB9B6F672C982878C215309E,B_ONLY,,32,,MERGE,"B_ONLY confirmed: the reporting line is a second operative fact in the same sentence, separately meaningful from the decision authority, so both are published; the 'truly independent valuation process' clause that closes the sentence is its conclusion, not a third fact.",RESOLVED,B+ADJUDICATOR,21face6058046d49fc7005fb8a2e7b63f7bf95ffb0e72cf05abbb350733d2e6d
c30e9ab8667619fb07e3,SRC247,1,PAIR_E86A240D9C320C3CE8A656D2,CONTEXT_CONFLICT,1,1,source_table|as_of_date|evidence_quote,MERGE,"document_context: B's source_table is the printed cover line; A's 'Supplement No. 4 to the Prospectus' is a paraphrase of two printed lines. B's evidence_quote is one printed line where A joined two. A's as_of_date is right: page 1 prints May 31, 2024 as the NAV date the whole supplement reports.",RESOLVED,A+B+ADJUDICATOR,6fd8c243900f1595c3cdb0b4b5e44eacac39db50a5f75d39d13626fd3a8ed5e0
13bca1aa42a0405c48ca,SRC247,1,PAIR_CB1D36090AA3CCAF7F7F610D,CONTEXT_CONFLICT,2,2,source_section|source_table,ACCEPT_B,"source_section: A left it blank on every row; B filled it. Kept where the page prints a heading above the content ('July 1, 2024 Transaction Price' and 'May 31, 2024 NAV Per Share' on page 1, 'Share Repurchase Request Update' on page 3, 'Status of our Current Public Offering' on page 4). Blanked where B repeated the table's own stub head ('Components of NAV', 'NAV Per Share'): that is the table's name, which source_table already carries, not a section heading printed above it, and pages 2 and 3 print no heading over those tables. source_table: B's printed name. A paraphrased the cover as 'Supplement No. 4 to the Prospectus', titled the page-1 table with its own column header 'Transaction Price (per share)', put the date column header into the components table's name ('Components of NAV May 31, 2024'), and fell back to UNTITLED_TABLE_n for two tables the page names in bold ('Components of NAV', 'NAV Per Share'). The page-2 assumptions table is the first untitled table on its page, so UNTITLED_TABLE_1.",RESOLVED,B,6fd8c243900f1595c3cdb0b4b5e44eacac39db50a5f75d39d13626fd3a8ed5e0
cc0c35fbb5c12e882a1f,SRC247,1,PAIR_8F6B133527D8683AFF9390F0,CONTEXT_CONFLICT,3,3,source_section|source_table,ACCEPT_B,"source_section: A left it blank on every row; B filled it. Kept where the page prints a heading above the content ('July 1, 2024 Transaction Price' and 'May 31, 2024 NAV Per Share' on page 1, 'Share Repurchase Request Update' on page 3, 'Status of our Current Public Offering' on page 4). Blanked where B repeated the table's own stub head ('Components of NAV', 'NAV Per Share'): that is the table's name, which source_table already carries, not a section heading printed above it, and pages 2 and 3 print no heading over those tables. source_table: B's printed name. A paraphrased the cover as 'Supplement No. 4 to the Prospectus', titled the page-1 table with its own column header 'Transaction Price (per share)', put the date column header into the components table's name ('Components of NAV May 31, 2024'), and fell back to UNTITLED_TABLE_n for two tables the page names in bold ('Components of NAV', 'NAV Per Share'). The page-2 assumptions table is the first untitled table on its page, so UNTITLED_TABLE_1.",RESOLVED,B,6fd8c243900f1595c3cdb0b4b5e44eacac39db50a5f75d39d13626fd3a8ed5e0
6cbbb7e7debdbd68b773,SRC247,1,PAIR_61C9E6F73154231BABE1A709,CONTEXT_CONFLICT,4,4,source_section|source_table,ACCEPT_B,"source_section: A left it blank on every row; B filled it. Kept where the page prints a heading above the content ('July 1, 2024 Transaction Price' and 'May 31, 2024 NAV Per Share' on page 1, 'Share Repurchase Request Update' on page 3, 'Status of our Current Public Offering' on page 4). Blanked where B repeated the table's own stub head ('Components of NAV', 'NAV Per Share'): that is the table's name, which source_table already carries, not a section heading printed above it, and pages 2 and 3 print no heading over those tables. source_table: B's printed name. A paraphrased the cover as 'Supplement No. 4 to the Prospectus', titled the page-1 table with its own column header 'Transaction Price (per share)', put the date column header into the components table's name ('Components of NAV May 31, 2024'), and fell back to UNTITLED_TABLE_n for two tables the page names in bold ('Components of NAV', 'NAV Per Share'). The page-2 assumptions table is the first untitled table on its page, so UNTITLED_TABLE_1.",RESOLVED,B,6fd8c243900f1595c3cdb0b4b5e44eacac39db50a5f75d39d13626fd3a8ed5e0
2f1c39e8a60fb70710a4,SRC247,1,PAIR_B9AAF78B9C222F4A6E13C265,CONTEXT_CONFLICT,5,5,source_section|source_table,ACCEPT_B,"source_section: A left it blank on every row; B filled it. Kept where the page prints a heading above the content ('July 1, 2024 Transaction Price' and 'May 31, 2024 NAV Per Share' on page 1, 'Share Repurchase Request Update' on page 3, 'Status of our Current Public Offering' on page 4). Blanked where B repeated the table's own stub head ('Components of NAV', 'NAV Per Share'): that is the table's name, which source_table already carries, not a section heading printed above it, and pages 2 and 3 print no heading over those tables. source_table: B's printed name. A paraphrased the cover as 'Supplement No. 4 to the Prospectus', titled the page-1 table with its own column header 'Transaction Price (per share)', put the date column header into the components table's name ('Components of NAV May 31, 2024'), and fell back to UNTITLED_TABLE_n for two tables the page names in bold ('Components of NAV', 'NAV Per Share'). The page-2 assumptions table is the first untitled table on its page, so UNTITLED_TABLE_1.",RESOLVED,B,6fd8c243900f1595c3cdb0b4b5e44eacac39db50a5f75d39d13626fd3a8ed5e0
0dff67658dbcc5c2b620,SRC247,1,PAIR_707D469A6833667D2C916DBD,B_ONLY,,6,,MERGE,"subject_type: the row's subject is the entity the supplement reports on, so reporting_entity; B typed it fund. B read a printed valuation fact that A missed. valuation_observation is an allowed family for NAV_Statement and method, valuer, frequency, oversight and independent_review are its qualitative categories, so the sentence is in scope, not narrative to be skipped.",RESOLVED,B+ADJUDICATOR,6fd8c243900f1595c3cdb0b4b5e44eacac39db50a5f75d39d13626fd3a8ed5e0
15c34ad8a764e0756375,SRC247,1,PAIR_BCAEDEA3764FAEE75F63D3F7,B_ONLY,,7,,MERGE,"subject_type: the row's subject is the entity the supplement reports on, so reporting_entity; B typed it fund. B read a printed valuation fact that A missed. valuation_observation is an allowed family for NAV_Statement and method, valuer, frequency, oversight and independent_review are its qualitative categories, so the sentence is in scope, not narrative to be skipped.",RESOLVED,B+ADJUDICATOR,6fd8c243900f1595c3cdb0b4b5e44eacac39db50a5f75d39d13626fd3a8ed5e0
e61f85ee2f00d99be4db,SRC247,1,PAIR_ED35D63E4DC06E991DD3A4E1,B_ONLY,,8,,ACCEPT_B,"B read a printed valuation fact that A missed. valuation_observation is an allowed family for NAV_Statement and method, valuer, frequency, oversight and independent_review are its qualitative categories, so the sentence is in scope, not narrative to be skipped.",VERIFIED_ONE_SIDED,B,6fd8c243900f1595c3cdb0b4b5e44eacac39db50a5f75d39d13626fd3a8ed5e0
c49c3f87b03815396ed2,SRC247,1,PAIR_D17B6A9E3F7971A6F40C9D41,B_ONLY,,9,,MERGE,"subject_type: the row's subject is the entity the supplement reports on, so reporting_entity; B typed it fund. B read a printed valuation fact that A missed. valuation_observation is an allowed family for NAV_Statement and method, valuer, frequency, oversight and independent_review are its qualitative categories, so the sentence is in scope, not narrative to be skipped.",RESOLVED,B+ADJUDICATOR,6fd8c243900f1595c3cdb0b4b5e44eacac39db50a5f75d39d13626fd3a8ed5e0
736fc4f811eeed6b2e55,SRC247,1,PAIR_699A1D57AA9BE5E8CFE37FDF,B_ONLY,,10,,MERGE,"subject_type: the row's subject is the entity the supplement reports on, so reporting_entity; B typed it fund. B read a printed valuation fact that A missed. valuation_observation is an allowed family for NAV_Statement and method, valuer, frequency, oversight and independent_review are its qualitative categories, so the sentence is in scope, not narrative to be skipped.",RESOLVED,B+ADJUDICATOR,6fd8c243900f1595c3cdb0b4b5e44eacac39db50a5f75d39d13626fd3a8ed5e0
f6e3ab1891d000440768,SRC247,2,PAIR_4BB35AB4FA1E76A3B755E78B,CLASSIFICATION_CONFLICT,6,11,source_section|source_table|source_column_label|subject_type,MERGE,"source_section: A left it blank on every row; B filled it. Kept where the page prints a heading above the content ('July 1, 2024 Transaction Price' and 'May 31, 2024 NAV Per Share' on page 1, 'Share Repurchase Request Update' on page 3, 'Status of our Current Public Offering' on page 4). Blanked where B repeated the table's own stub head ('Components of NAV', 'NAV Per Share'): that is the table's name, which source_table already carries, not a section heading printed above it, and pages 2 and 3 print no heading over those tables. source_table: B's printed name. A paraphrased the cover as 'Supplement No. 4 to the Prospectus', titled the page-1 table with its own column header 'Transaction Price (per share)', put the date column header into the components table's name ('Components of NAV May 31, 2024'), and fell back to UNTITLED_TABLE_n for two tables the page names in bold ('Components of NAV', 'NAV Per Share'). The page-2 assumptions table is the first untitled table on its page, so UNTITLED_TABLE_1. source_column_label: the printed column header 'May 31, 2024' / 'April 30, 2024'. A repeated the whole header line 'Components of NAV May 31, 2024', which is the stub head plus the column header, not the column's own label. subject_type/subject_name: read off each row's own printed label (A). B typed 'fund' on 82 rows indiscriminately, including the four property types of the assumptions and sensitivity tables and the 'Total' column, which are not vehicles. The entity's own statement lines and the Total column are reporting_entity, the share classes are other_printed_scope, and the property types are asset_class. The Total column's subject is the reporting entity, not the word 'Total': it carries the same $9,694,639 the components table states for the entity.",RESOLVED,A+B+ADJUDICATOR,6fd8c243900f1595c3cdb0b4b5e44eacac39db50a5f75d39d13626fd3a8ed5e0
f530d1d0c4916d1cf9b9,SRC247,2,PAIR_838FCBF3EAC755B46CFB3CA1,CLASSIFICATION_CONFLICT,7,12,source_section|source_table|source_column_label|subject_type,MERGE,"source_section: A left it blank on every row; B filled it. Kept where the page prints a heading above the content ('July 1, 2024 Transaction Price' and 'May 31, 2024 NAV Per Share' on page 1, 'Share Repurchase Request Update' on page 3, 'Status of our Current Public Offering' on page 4). Blanked where B repeated the table's own stub head ('Components of NAV', 'NAV Per Share'): that is the table's name, which source_table already carries, not a section heading printed above it, and pages 2 and 3 print no heading over those tables. source_table: B's printed name. A paraphrased the cover as 'Supplement No. 4 to the Prospectus', titled the page-1 table with its own column header 'Transaction Price (per share)', put the date column header into the components table's name ('Components of NAV May 31, 2024'), and fell back to UNTITLED_TABLE_n for two tables the page names in bold ('Components of NAV', 'NAV Per Share'). The page-2 assumptions table is the first untitled table on its page, so UNTITLED_TABLE_1. source_column_label: the printed column header 'May 31, 2024' / 'April 30, 2024'. A repeated the whole header line 'Components of NAV May 31, 2024', which is the stub head plus the column header, not the column's own label. subject_type/subject_name: read off each row's own printed label (A). B typed 'fund' on 82 rows indiscriminately, including the four property types of the assumptions and sensitivity tables and the 'Total' column, which are not vehicles. The entity's own statement lines and the Total column are reporting_entity, the share classes are other_printed_scope, and the property types are asset_class. The Total column's subject is the reporting entity, not the word 'Total': it carries the same $9,694,639 the components table states for the entity.",RESOLVED,A+B+ADJUDICATOR,6fd8c243900f1595c3cdb0b4b5e44eacac39db50a5f75d39d13626fd3a8ed5e0
3e8e78d0b7c0ef8d272a,SRC247,2,PAIR_3AD1E7100B2C743093A7BA5F,CLASSIFICATION_CONFLICT,8,13,source_section|source_table|source_column_label|subject_type,MERGE,"source_section: A left it blank on every row; B filled it. Kept where the page prints a heading above the content ('July 1, 2024 Transaction Price' and 'May 31, 2024 NAV Per Share' on page 1, 'Share Repurchase Request Update' on page 3, 'Status of our Current Public Offering' on page 4). Blanked where B repeated the table's own stub head ('Components of NAV', 'NAV Per Share'): that is the table's name, which source_table already carries, not a section heading printed above it, and pages 2 and 3 print no heading over those tables. source_table: B's printed name. A paraphrased the cover as 'Supplement No. 4 to the Prospectus', titled the page-1 table with its own column header 'Transaction Price (per share)', put the date column header into the components table's name ('Components of NAV May 31, 2024'), and fell back to UNTITLED_TABLE_n for two tables the page names in bold ('Components of NAV', 'NAV Per Share'). The page-2 assumptions table is the first untitled table on its page, so UNTITLED_TABLE_1. source_column_label: the printed column header 'May 31, 2024' / 'April 30, 2024'. A repeated the whole header line 'Components of NAV May 31, 2024', which is the stub head plus the column header, not the column's own label. subject_type/subject_name: read off each row's own printed label (A). B typed 'fund' on 82 rows indiscriminately, including the four property types of the assumptions and sensitivity tables and the 'Total' column, which are not vehicles. The entity's own statement lines and the Total column are reporting_entity, the share classes are other_printed_scope, and the property types are asset_class. The Total column's subject is the reporting entity, not the word 'Total': it carries the same $9,694,639 the components table states for the entity.",RESOLVED,A+B+ADJUDICATOR,6fd8c243900f1595c3cdb0b4b5e44eacac39db50a5f75d39d13626fd3a8ed5e0
960ec6a218316ac12173,SRC247,2,PAIR_2135937CD67C20B36C52375F,CLASSIFICATION_CONFLICT,9,14,source_section|source_table|source_column_label|subject_type,MERGE,"source_section: A left it blank on every row; B filled it. Kept where the page prints a heading above the content ('July 1, 2024 Transaction Price' and 'May 31, 2024 NAV Per Share' on page 1, 'Share Repurchase Request Update' on page 3, 'Status of our Current Public Offering' on page 4). Blanked where B repeated the table's own stub head ('Components of NAV', 'NAV Per Share'): that is the table's name, which source_table already carries, not a section heading printed above it, and pages 2 and 3 print no heading over those tables. source_table: B's printed name. A paraphrased the cover as 'Supplement No. 4 to the Prospectus', titled the page-1 table with its own column header 'Transaction Price (per share)', put the date column header into the components table's name ('Components of NAV May 31, 2024'), and fell back to UNTITLED_TABLE_n for two tables the page names in bold ('Components of NAV', 'NAV Per Share'). The page-2 assumptions table is the first untitled table on its page, so UNTITLED_TABLE_1. source_column_label: the printed column header 'May 31, 2024' / 'April 30, 2024'. A repeated the whole header line 'Components of NAV May 31, 2024', which is the stub head plus the column header, not the column's own label. subject_type/subject_name: read off each row's own printed label (A). B typed 'fund' on 82 rows indiscriminately, including the four property types of the assumptions and sensitivity tables and the 'Total' column, which are not vehicles. The entity's own statement lines and the Total column are reporting_entity, the share classes are other_printed_scope, and the property types are asset_class. The Total column's subject is the reporting entity, not the word 'Total': it carries the same $9,694,639 the components table states for the entity.",RESOLVED,A+B+ADJUDICATOR,6fd8c243900f1595c3cdb0b4b5e44eacac39db50a5f75d39d13626fd3a8ed5e0
10e152d665d499542785,SRC247,2,PAIR_9FA322690A53273544093444,CLASSIFICATION_CONFLICT,10,15,source_section|source_table|source_column_label|subject_type,MERGE,"source_section: A left it blank on every row; B filled it. Kept where the page prints a heading above the content ('July 1, 2024 Transaction Price' and 'May 31, 2024 NAV Per Share' on page 1, 'Share Repurchase Request Update' on page 3, 'Status of our Current Public Offering' on page 4). Blanked where B repeated the table's own stub head ('Components of NAV', 'NAV Per Share'): that is the table's name, which source_table already carries, not a section heading printed above it, and pages 2 and 3 print no heading over those tables. source_table: B's printed name. A paraphrased the cover as 'Supplement No. 4 to the Prospectus', titled the page-1 table with its own column header 'Transaction Price (per share)', put the date column header into the components table's name ('Components of NAV May 31, 2024'), and fell back to UNTITLED_TABLE_n for two tables the page names in bold ('Components of NAV', 'NAV Per Share'). The page-2 assumptions table is the first untitled table on its page, so UNTITLED_TABLE_1. source_column_label: the printed column header 'May 31, 2024' / 'April 30, 2024'. A repeated the whole header line 'Components of NAV May 31, 2024', which is the stub head plus the column header, not the column's own label. subject_type/subject_name: read off each row's own printed label (A). B typed 'fund' on 82 rows indiscriminately, including the four property types of the assumptions and sensitivity tables and the 'Total' column, which are not vehicles. The entity's own statement lines and the Total column are reporting_entity, the share classes are other_printed_scope, and the property types are asset_class. The Total column's subject is the reporting entity, not the word 'Total': it carries the same $9,694,639 the components table states for the entity.",RESOLVED,A+B+ADJUDICATOR,6fd8c243900f1595c3cdb0b4b5e44eacac39db50a5f75d39d13626fd3a8ed5e0
f2531e0afc61aff6988e,SRC247,2,PAIR_CE9EE784714B69C1C4C9CC0D,CLASSIFICATION_CONFLICT,11,16,source_section|source_table|source_column_label|subject_type,MERGE,"source_section: A left it blank on every row; B filled it. Kept where the page prints a heading above the content ('July 1, 2024 Transaction Price' and 'May 31, 2024 NAV Per Share' on page 1, 'Share Repurchase Request Update' on page 3, 'Status of our Current Public Offering' on page 4). Blanked where B repeated the table's own stub head ('Components of NAV', 'NAV Per Share'): that is the table's name, which source_table already carries, not a section heading printed above it, and pages 2 and 3 print no heading over those tables. source_table: B's printed name. A paraphrased the cover as 'Supplement No. 4 to the Prospectus', titled the page-1 table with its own column header 'Transaction Price (per share)', put the date column header into the components table's name ('Components of NAV May 31, 2024'), and fell back to UNTITLED_TABLE_n for two tables the page names in bold ('Components of NAV', 'NAV Per Share'). The page-2 assumptions table is the first untitled table on its page, so UNTITLED_TABLE_1. source_column_label: the printed column header 'May 31, 2024' / 'April 30, 2024'. A repeated the whole header line 'Components of NAV May 31, 2024', which is the stub head plus the column header, not the column's own label. subject_type/subject_name: read off each row's own printed label (A). B typed 'fund' on 82 rows indiscriminately, including the four property types of the assumptions and sensitivity tables and the 'Total' column, which are not vehicles. The entity's own statement lines and the Total column are reporting_entity, the share classes are other_printed_scope, and the property types are asset_class. The Total column's subject is the reporting entity, not the word 'Total': it carries the same $9,694,639 the components table states for the entity.",RESOLVED,A+B+ADJUDICATOR,6fd8c243900f1595c3cdb0b4b5e44eacac39db50a5f75d39d13626fd3a8ed5e0
f3c8a2ac4636bc0f645e,SRC247,2,PAIR_0D1FB07EAE3DC983AAED3E9E,CLASSIFICATION_CONFLICT,12,17,source_section|source_table|source_column_label|subject_type,MERGE,"source_section: A left it blank on every row; B filled it. Kept where the page prints a heading above the content ('July 1, 2024 Transaction Price' and 'May 31, 2024 NAV Per Share' on page 1, 'Share Repurchase Request Update' on page 3, 'Status of our Current Public Offering' on page 4). Blanked where B repeated the table's own stub head ('Components of NAV', 'NAV Per Share'): that is the table's name, which source_table already carries, not a section heading printed above it, and pages 2 and 3 print no heading over those tables. source_table: B's printed name. A paraphrased the cover as 'Supplement No. 4 to the Prospectus', titled the page-1 table with its own column header 'Transaction Price (per share)', put the date column header into the components table's name ('Components of NAV May 31, 2024'), and fell back to UNTITLED_TABLE_n for two tables the page names in bold ('Components of NAV', 'NAV Per Share'). The page-2 assumptions table is the first untitled table on its page, so UNTITLED_TABLE_1. source_column_label: the printed column header 'May 31, 2024' / 'April 30, 2024'. A repeated the whole header line 'Components of NAV May 31, 2024', which is the stub head plus the column header, not the column's own label. subject_type/subject_name: read off each row's own printed label (A). B typed 'fund' on 82 rows indiscriminately, including the four property types of the assumptions and sensitivity tables and the 'Total' column, which are not vehicles. The entity's own statement lines and the Total column are reporting_entity, the share classes are other_printed_scope, and the property types are asset_class. The Total column's subject is the reporting entity, not the word 'Total': it carries the same $9,694,639 the components table states for the entity.; Source review: p2: Net asset value (The heading distinguishes the whole fund from separate share-class balances.) | p2: Net asset value (Printed heading or definition supporting the source-reviewed qualifier.)",RESOLVED,A+B+ADJUDICATOR,6fd8c243900f1595c3cdb0b4b5e44eacac39db50a5f75d39d13626fd3a8ed5e0
9f8da394e5e4b51c9b52,SRC247,2,PAIR_504DFF68041405CF042C48D9,CLASSIFICATION_CONFLICT,13,18,source_section|source_table|source_column_label|subject_type,MERGE,"source_section: A left it blank on every row; B filled it. Kept where the page prints a heading above the content ('July 1, 2024 Transaction Price' and 'May 31, 2024 NAV Per Share' on page 1, 'Share Repurchase Request Update' on page 3, 'Status of our Current Public Offering' on page 4). Blanked where B repeated the table's own stub head ('Components of NAV', 'NAV Per Share'): that is the table's name, which source_table already carries, not a section heading printed above it, and pages 2 and 3 print no heading over those tables. source_table: B's printed name. A paraphrased the cover as 'Supplement No. 4 to the Prospectus', titled the page-1 table with its own column header 'Transaction Price (per share)', put the date column header into the components table's name ('Components of NAV May 31, 2024'), and fell back to UNTITLED_TABLE_n for two tables the page names in bold ('Components of NAV', 'NAV Per Share'). The page-2 assumptions table is the first untitled table on its page, so UNTITLED_TABLE_1. source_column_label: the printed column header 'May 31, 2024' / 'April 30, 2024'. A repeated the whole header line 'Components of NAV May 31, 2024', which is the stub head plus the column header, not the column's own label. subject_type/subject_name: read off each row's own printed label (A). B typed 'fund' on 82 rows indiscriminately, including the four property types of the assumptions and sensitivity tables and the 'Total' column, which are not vehicles. The entity's own statement lines and the Total column are reporting_entity, the share classes are other_printed_scope, and the property types are asset_class. The Total column's subject is the reporting entity, not the word 'Total': it carries the same $9,694,639 the components table states for the entity.",RESOLVED,A+B+ADJUDICATOR,6fd8c243900f1595c3cdb0b4b5e44eacac39db50a5f75d39d13626fd3a8ed5e0
25133e8dd16d376b316a,SRC247,2,PAIR_483ADA125E0C43F5DF70A497,CLASSIFICATION_CONFLICT,14,19,source_section|source_table|source_column_label|subject_type|unit,MERGE,"source_section: A left it blank on every row; B filled it. Kept where the page prints a heading above the content ('July 1, 2024 Transaction Price' and 'May 31, 2024 NAV Per Share' on page 1, 'Share Repurchase Request Update' on page 3, 'Status of our Current Public Offering' on page 4). Blanked where B repeated the table's own stub head ('Components of NAV', 'NAV Per Share'): that is the table's name, which source_table already carries, not a section heading printed above it, and pages 2 and 3 print no heading over those tables. source_table: B's printed name. A paraphrased the cover as 'Supplement No. 4 to the Prospectus', titled the page-1 table with its own column header 'Transaction Price (per share)', put the date column header into the components table's name ('Components of NAV May 31, 2024'), and fell back to UNTITLED_TABLE_n for two tables the page names in bold ('Components of NAV', 'NAV Per Share'). The page-2 assumptions table is the first untitled table on its page, so UNTITLED_TABLE_1. source_column_label: the printed column header 'May 31, 2024' / 'April 30, 2024'. A repeated the whole header line 'Components of NAV May 31, 2024', which is the stub head plus the column header, not the column's own label. subject_type/subject_name: read off each row's own printed label (A). B typed 'fund' on 82 rows indiscriminately, including the four property types of the assumptions and sensitivity tables and the 'Total' column, which are not vehicles. The entity's own statement lines and the Total column are reporting_entity, the share classes are other_printed_scope, and the property types are asset_class. The Total column's subject is the reporting entity, not the word 'Total': it carries the same $9,694,639 the components table states for the entity. unit: 'shares/units' on the share-count rows, whose own row label 'Number of outstanding shares/units' prints the unit, and blank on the NAV per share rows, where B put 'per share/unit'. That phrase comes from the scale banner '($ and shares/units in thousands, except per share/unit data)', which currency_scale already carries verbatim; a currency and a per-share denomination are not units of measure.",RESOLVED,A+B+ADJUDICATOR,6fd8c243900f1595c3cdb0b4b5e44eacac39db50a5f75d39d13626fd3a8ed5e0
24a4a76125cedd276855,SRC247,2,PAIR_372EBCCA1ED25BE78FFD1EED,CLASSIFICATION_CONFLICT,15,20,source_section|source_table|source_column_label|subject_type,MERGE,"source_section: A left it blank on every row; B filled it. Kept where the page prints a heading above the content ('July 1, 2024 Transaction Price' and 'May 31, 2024 NAV Per Share' on page 1, 'Share Repurchase Request Update' on page 3, 'Status of our Current Public Offering' on page 4). Blanked where B repeated the table's own stub head ('Components of NAV', 'NAV Per Share'): that is the table's name, which source_table already carries, not a section heading printed above it, and pages 2 and 3 print no heading over those tables. source_table: B's printed name. A paraphrased the cover as 'Supplement No. 4 to the Prospectus', titled the page-1 table with its own column header 'Transaction Price (per share)', put the date column header into the components table's name ('Components of NAV May 31, 2024'), and fell back to UNTITLED_TABLE_n for two tables the page names in bold ('Components of NAV', 'NAV Per Share'). The page-2 assumptions table is the first untitled table on its page, so UNTITLED_TABLE_1. source_column_label: the printed column header 'May 31, 2024' / 'April 30, 2024'. A repeated the whole header line 'Components of NAV May 31, 2024', which is the stub head plus the column header, not the column's own label. subject_type/subject_name: read off each row's own printed label (A). B typed 'fund' on 82 rows indiscriminately, including the four property types of the assumptions and sensitivity tables and the 'Total' column, which are not vehicles. The entity's own statement lines and the Total column are reporting_entity, the share classes are other_printed_scope, and the property types are asset_class. The Total column's subject is the reporting entity, not the word 'Total': it carries the same $9,694,639 the components table states for the entity.",RESOLVED,A+B+ADJUDICATOR,6fd8c243900f1595c3cdb0b4b5e44eacac39db50a5f75d39d13626fd3a8ed5e0
6f1f0fb7e0db79ed2e75,SRC247,2,PAIR_C24D102C0FC91BF087863C7B,CLASSIFICATION_CONFLICT,16,21,source_section|source_table|source_column_label|subject_type,MERGE,"source_section: A left it blank on every row; B filled it. Kept where the page prints a heading above the content ('July 1, 2024 Transaction Price' and 'May 31, 2024 NAV Per Share' on page 1, 'Share Repurchase Request Update' on page 3, 'Status of our Current Public Offering' on page 4). Blanked where B repeated the table's own stub head ('Components of NAV', 'NAV Per Share'): that is the table's name, which source_table already carries, not a section heading printed above it, and pages 2 and 3 print no heading over those tables. source_table: B's printed name. A paraphrased the cover as 'Supplement No. 4 to the Prospectus', titled the page-1 table with its own column header 'Transaction Price (per share)', put the date column header into the components table's name ('Components of NAV May 31, 2024'), and fell back to UNTITLED_TABLE_n for two tables the page names in bold ('Components of NAV', 'NAV Per Share'). The page-2 assumptions table is the first untitled table on its page, so UNTITLED_TABLE_1. source_column_label: the printed column header 'May 31, 2024' / 'April 30, 2024'. A repeated the whole header line 'Components of NAV May 31, 2024', which is the stub head plus the column header, not the column's own label. subject_type/subject_name: read off each row's own printed label (A). B typed 'fund' on 82 rows indiscriminately, including the four property types of the assumptions and sensitivity tables and the 'Total' column, which are not vehicles. The entity's own statement lines and the Total column are reporting_entity, the share classes are other_printed_scope, and the property types are asset_class. The Total column's subject is the reporting entity, not the word 'Total': it carries the same $9,694,639 the components table states for the entity.",RESOLVED,A+B+ADJUDICATOR,6fd8c243900f1595c3cdb0b4b5e44eacac39db50a5f75d39d13626fd3a8ed5e0
9608dcee7aedb9684767,SRC247,2,PAIR_F7CA43B96066377962B0C07F,CLASSIFICATION_CONFLICT,17,22,source_section|source_table|source_column_label|subject_type,MERGE,"source_section: A left it blank on every row; B filled it. Kept where the page prints a heading above the content ('July 1, 2024 Transaction Price' and 'May 31, 2024 NAV Per Share' on page 1, 'Share Repurchase Request Update' on page 3, 'Status of our Current Public Offering' on page 4). Blanked where B repeated the table's own stub head ('Components of NAV', 'NAV Per Share'): that is the table's name, which source_table already carries, not a section heading printed above it, and pages 2 and 3 print no heading over those tables. source_table: B's printed name. A paraphrased the cover as 'Supplement No. 4 to the Prospectus', titled the page-1 table with its own column header 'Transaction Price (per share)', put the date column header into the components table's name ('Components of NAV May 31, 2024'), and fell back to UNTITLED_TABLE_n for two tables the page names in bold ('Components of NAV', 'NAV Per Share'). The page-2 assumptions table is the first untitled table on its page, so UNTITLED_TABLE_1. source_column_label: the printed column header 'May 31, 2024' / 'April 30, 2024'. A repeated the whole header line 'Components of NAV May 31, 2024', which is the stub head plus the column header, not the column's own label. subject_type/subject_name: read off each row's own printed label (A). B typed 'fund' on 82 rows indiscriminately, including the four property types of the assumptions and sensitivity tables and the 'Total' column, which are not vehicles. The entity's own statement lines and the Total column are reporting_entity, the share classes are other_printed_scope, and the property types are asset_class. The Total column's subject is the reporting entity, not the word 'Total': it carries the same $9,694,639 the components table states for the entity.",RESOLVED,A+B+ADJUDICATOR,6fd8c243900f1595c3cdb0b4b5e44eacac39db50a5f75d39d13626fd3a8ed5e0
353075769f1f8a849b75,SRC247,2,PAIR_67FC27E5F63FD6C28BEFFCBE,CLASSIFICATION_CONFLICT,18,23,source_section|source_table|source_column_label|subject_type,MERGE,"source_section: A left it blank on every row; B filled it. Kept where the page prints a heading above the content ('July 1, 2024 Transaction Price' and 'May 31, 2024 NAV Per Share' on page 1, 'Share Repurchase Request Update' on page 3, 'Status of our Current Public Offering' on page 4). Blanked where B repeated the table's own stub head ('Components of NAV', 'NAV Per Share'): that is the table's name, which source_table already carries, not a section heading printed above it, and pages 2 and 3 print no heading over those tables. source_table: B's printed name. A paraphrased the cover as 'Supplement No. 4 to the Prospectus', titled the page-1 table with its own column header 'Transaction Price (per share)', put the date column header into the components table's name ('Components of NAV May 31, 2024'), and fell back to UNTITLED_TABLE_n for two tables the page names in bold ('Components of NAV', 'NAV Per Share'). The page-2 assumptions table is the first untitled table on its page, so UNTITLED_TABLE_1. source_column_label: the printed column header 'May 31, 2024' / 'April 30, 2024'. A repeated the whole header line 'Components of NAV May 31, 2024', which is the stub head plus the column header, not the column's own label. subject_type/subject_name: read off each row's own printed label (A). B typed 'fund' on 82 rows indiscriminately, including the four property types of the assumptions and sensitivity tables and the 'Total' column, which are not vehicles. The entity's own statement lines and the Total column are reporting_entity, the share classes are other_printed_scope, and the property types are asset_class. The Total column's subject is the reporting entity, not the word 'Total': it carries the same $9,694,639 the components table states for the entity.",RESOLVED,A+B+ADJUDICATOR,6fd8c243900f1595c3cdb0b4b5e44eacac39db50a5f75d39d13626fd3a8ed5e0
688124c4791c24b848a9,SRC247,2,PAIR_B878B9F2C7644C0BE15BA349,CLASSIFICATION_CONFLICT,19,24,source_section|source_table|source_column_label|subject_type,MERGE,"source_section: A left it blank on every row; B filled it. Kept where the page prints a heading above the content ('July 1, 2024 Transaction Price' and 'May 31, 2024 NAV Per Share' on page 1, 'Share Repurchase Request Update' on page 3, 'Status of our Current Public Offering' on page 4). Blanked where B repeated the table's own stub head ('Components of NAV', 'NAV Per Share'): that is the table's name, which source_table already carries, not a section heading printed above it, and pages 2 and 3 print no heading over those tables. source_table: B's printed name. A paraphrased the cover as 'Supplement No. 4 to the Prospectus', titled the page-1 table with its own column header 'Transaction Price (per share)', put the date column header into the components table's name ('Components of NAV May 31, 2024'), and fell back to UNTITLED_TABLE_n for two tables the page names in bold ('Components of NAV', 'NAV Per Share'). The page-2 assumptions table is the first untitled table on its page, so UNTITLED_TABLE_1. source_column_label: the printed column header 'May 31, 2024' / 'April 30, 2024'. A repeated the whole header line 'Components of NAV May 31, 2024', which is the stub head plus the column header, not the column's own label. subject_type/subject_name: read off each row's own printed label (A). B typed 'fund' on 82 rows indiscriminately, including the four property types of the assumptions and sensitivity tables and the 'Total' column, which are not vehicles. The entity's own statement lines and the Total column are reporting_entity, the share classes are other_printed_scope, and the property types are asset_class. The Total column's subject is the reporting entity, not the word 'Total': it carries the same $9,694,639 the components table states for the entity.",RESOLVED,A+B+ADJUDICATOR,6fd8c243900f1595c3cdb0b4b5e44eacac39db50a5f75d39d13626fd3a8ed5e0
3d71fbde41059a19409a,SRC247,2,PAIR_2931D0E3BE0E7FE0EA55D835,CLASSIFICATION_CONFLICT,20,25,source_section|source_table|subject_type|subject_name|unit,MERGE,"source_section: A left it blank on every row; B filled it. Kept where the page prints a heading above the content ('July 1, 2024 Transaction Price' and 'May 31, 2024 NAV Per Share' on page 1, 'Share Repurchase Request Update' on page 3, 'Status of our Current Public Offering' on page 4). Blanked where B repeated the table's own stub head ('Components of NAV', 'NAV Per Share'): that is the table's name, which source_table already carries, not a section heading printed above it, and pages 2 and 3 print no heading over those tables. source_table: B's printed name. A paraphrased the cover as 'Supplement No. 4 to the Prospectus', titled the page-1 table with its own column header 'Transaction Price (per share)', put the date column header into the components table's name ('Components of NAV May 31, 2024'), and fell back to UNTITLED_TABLE_n for two tables the page names in bold ('Components of NAV', 'NAV Per Share'). The page-2 assumptions table is the first untitled table on its page, so UNTITLED_TABLE_1. subject_type/subject_name: read off each row's own printed label (A). B typed 'fund' on 82 rows indiscriminately, including the four property types of the assumptions and sensitivity tables and the 'Total' column, which are not vehicles. The entity's own statement lines and the Total column are reporting_entity, the share classes are other_printed_scope, and the property types are asset_class. The Total column's subject is the reporting entity, not the word 'Total': it carries the same $9,694,639 the components table states for the entity. unit: 'shares/units' on the share-count rows, whose own row label 'Number of outstanding shares/units' prints the unit, and blank on the NAV per share rows, where B put 'per share/unit'. That phrase comes from the scale banner '($ and shares/units in thousands, except per share/unit data)', which currency_scale already carries verbatim; a currency and a per-share denomination are not units of measure.",RESOLVED,A+B+ADJUDICATOR,6fd8c243900f1595c3cdb0b4b5e44eacac39db50a5f75d39d13626fd3a8ed5e0
a3f6b0e08874eecffd79,SRC247,2,PAIR_E34700C5B891A2C69312C268,CLASSIFICATION_CONFLICT,21,26,source_section|source_table|subject_type|subject_name|unit,MERGE,"source_section: A left it blank on every row; B filled it. Kept where the page prints a heading above the content ('July 1, 2024 Transaction Price' and 'May 31, 2024 NAV Per Share' on page 1, 'Share Repurchase Request Update' on page 3, 'Status of our Current Public Offering' on page 4). Blanked where B repeated the table's own stub head ('Components of NAV', 'NAV Per Share'): that is the table's name, which source_table already carries, not a section heading printed above it, and pages 2 and 3 print no heading over those tables. source_table: B's printed name. A paraphrased the cover as 'Supplement No. 4 to the Prospectus', titled the page-1 table with its own column header 'Transaction Price (per share)', put the date column header into the components table's name ('Components of NAV May 31, 2024'), and fell back to UNTITLED_TABLE_n for two tables the page names in bold ('Components of NAV', 'NAV Per Share'). The page-2 assumptions table is the first untitled table on its page, so UNTITLED_TABLE_1. subject_type/subject_name: read off each row's own printed label (A). B typed 'fund' on 82 rows indiscriminately, including the four property types of the assumptions and sensitivity tables and the 'Total' column, which are not vehicles. The entity's own statement lines and the Total column are reporting_entity, the share classes are other_printed_scope, and the property types are asset_class. The Total column's subject is the reporting entity, not the word 'Total': it carries the same $9,694,639 the components table states for the entity. unit: 'shares/units' on the share-count rows, whose own row label 'Number of outstanding shares/units' prints the unit, and blank on the NAV per share rows, where B put 'per share/unit'. That phrase comes from the scale banner '($ and shares/units in thousands, except per share/unit data)', which currency_scale already carries verbatim; a currency and a per-share denomination are not units of measure.",RESOLVED,A+B+ADJUDICATOR,6fd8c243900f1595c3cdb0b4b5e44eacac39db50a5f75d39d13626fd3a8ed5e0
76670b555a1b16ca230c,SRC247,2,PAIR_673B2B1D18395F8C5E07082D,CLASSIFICATION_CONFLICT,22,27,source_section|source_table|subject_type|subject_name|unit,MERGE,"source_section: A left it blank on every row; B filled it. Kept where the page prints a heading above the content ('July 1, 2024 Transaction Price' and 'May 31, 2024 NAV Per Share' on page 1, 'Share Repurchase Request Update' on page 3, 'Status of our Current Public Offering' on page 4). Blanked where B repeated the table's own stub head ('Components of NAV', 'NAV Per Share'): that is the table's name, which source_table already carries, not a section heading printed above it, and pages 2 and 3 print no heading over those tables. source_table: B's printed name. A paraphrased the cover as 'Supplement No. 4 to the Prospectus', titled the page-1 table with its own column header 'Transaction Price (per share)', put the date column header into the components table's name ('Components of NAV May 31, 2024'), and fell back to UNTITLED_TABLE_n for two tables the page names in bold ('Components of NAV', 'NAV Per Share'). The page-2 assumptions table is the first untitled table on its page, so UNTITLED_TABLE_1. subject_type/subject_name: read off each row's own printed label (A). B typed 'fund' on 82 rows indiscriminately, including the four property types of the assumptions and sensitivity tables and the 'Total' column, which are not vehicles. The entity's own statement lines and the Total column are reporting_entity, the share classes are other_printed_scope, and the property types are asset_class. The Total column's subject is the reporting entity, not the word 'Total': it carries the same $9,694,639 the components table states for the entity. unit: 'shares/units' on the share-count rows, whose own row label 'Number of outstanding shares/units' prints the unit, and blank on the NAV per share rows, where B put 'per share/unit'. That phrase comes from the scale banner '($ and shares/units in thousands, except per share/unit data)', which currency_scale already carries verbatim; a currency and a per-share denomination are not units of measure.",RESOLVED,A+B+ADJUDICATOR,6fd8c243900f1595c3cdb0b4b5e44eacac39db50a5f75d39d13626fd3a8ed5e0
16d87efac36c77b73095,SRC247,2,PAIR_85EEFB38795523C50737BB70,CLASSIFICATION_CONFLICT,23,28,source_section|source_table|subject_type|subject_name|unit,MERGE,"source_section: A left it blank on every row; B filled it. Kept where the page prints a heading above the content ('July 1, 2024 Transaction Price' and 'May 31, 2024 NAV Per Share' on page 1, 'Share Repurchase Request Update' on page 3, 'Status of our Current Public Offering' on page 4). Blanked where B repeated the table's own stub head ('Components of NAV', 'NAV Per Share'): that is the table's name, which source_table already carries, not a section heading printed above it, and pages 2 and 3 print no heading over those tables. source_table: B's printed name. A paraphrased the cover as 'Supplement No. 4 to the Prospectus', titled the page-1 table with its own column header 'Transaction Price (per share)', put the date column header into the components table's name ('Components of NAV May 31, 2024'), and fell back to UNTITLED_TABLE_n for two tables the page names in bold ('Components of NAV', 'NAV Per Share'). The page-2 assumptions table is the first untitled table on its page, so UNTITLED_TABLE_1. subject_type/subject_name: read off each row's own printed label (A). B typed 'fund' on 82 rows indiscriminately, including the four property types of the assumptions and sensitivity tables and the 'Total' column, which are not vehicles. The entity's own statement lines and the Total column are reporting_entity, the share classes are other_printed_scope, and the property types are asset_class. The Total column's subject is the reporting entity, not the word 'Total': it carries the same $9,694,639 the components table states for the entity. unit: 'shares/units' on the share-count rows, whose own row label 'Number of outstanding shares/units' prints the unit, and blank on the NAV per share rows, where B put 'per share/unit'. That phrase comes from the scale banner '($ and shares/units in thousands, except per share/unit data)', which currency_scale already carries verbatim; a currency and a per-share denomination are not units of measure.",RESOLVED,A+B+ADJUDICATOR,6fd8c243900f1595c3cdb0b4b5e44eacac39db50a5f75d39d13626fd3a8ed5e0
143b052d2af86dcd43dc,SRC247,2,PAIR_D00C9BF047F5C75103CB8616,CLASSIFICATION_CONFLICT,24,29,source_section|source_table|subject_type|unit,MERGE,"source_section: A left it blank on every row; B filled it. Kept where the page prints a heading above the content ('July 1, 2024 Transaction Price' and 'May 31, 2024 NAV Per Share' on page 1, 'Share Repurchase Request Update' on page 3, 'Status of our Current Public Offering' on page 4). Blanked where B repeated the table's own stub head ('Components of NAV', 'NAV Per Share'): that is the table's name, which source_table already carries, not a section heading printed above it, and pages 2 and 3 print no heading over those tables. source_table: B's printed name. A paraphrased the cover as 'Supplement No. 4 to the Prospectus', titled the page-1 table with its own column header 'Transaction Price (per share)', put the date column header into the components table's name ('Components of NAV May 31, 2024'), and fell back to UNTITLED_TABLE_n for two tables the page names in bold ('Components of NAV', 'NAV Per Share'). The page-2 assumptions table is the first untitled table on its page, so UNTITLED_TABLE_1. subject_type/subject_name: read off each row's own printed label (A). B typed 'fund' on 82 rows indiscriminately, including the four property types of the assumptions and sensitivity tables and the 'Total' column, which are not vehicles. The entity's own statement lines and the Total column are reporting_entity, the share classes are other_printed_scope, and the property types are asset_class. The Total column's subject is the reporting entity, not the word 'Total': it carries the same $9,694,639 the components table states for the entity. unit: 'shares/units' on the share-count rows, whose own row label 'Number of outstanding shares/units' prints the unit, and blank on the NAV per share rows, where B put 'per share/unit'. That phrase comes from the scale banner '($ and shares/units in thousands, except per share/unit data)', which currency_scale already carries verbatim; a currency and a per-share denomination are not units of measure.",RESOLVED,A+B+ADJUDICATOR,6fd8c243900f1595c3cdb0b4b5e44eacac39db50a5f75d39d13626fd3a8ed5e0
c9a968497de52faccb70,SRC247,2,PAIR_A18599525D6A52938DF5569A,VALUE_CONFLICT,25,30,source_section|source_table|subject_type|subject_name|metric_category|metric_value_raw,MERGE,"source_section: A left it blank on every row; B filled it. Kept where the page prints a heading above the content ('July 1, 2024 Transaction Price' and 'May 31, 2024 NAV Per Share' on page 1, 'Share Repurchase Request Update' on page 3, 'Status of our Current Public Offering' on page 4). Blanked where B repeated the table's own stub head ('Components of NAV', 'NAV Per Share'): that is the table's name, which source_table already carries, not a section heading printed above it, and pages 2 and 3 print no heading over those tables. source_table: B's printed name. A paraphrased the cover as 'Supplement No. 4 to the Prospectus', titled the page-1 table with its own column header 'Transaction Price (per share)', put the date column header into the components table's name ('Components of NAV May 31, 2024'), and fell back to UNTITLED_TABLE_n for two tables the page names in bold ('Components of NAV', 'NAV Per Share'). The page-2 assumptions table is the first untitled table on its page, so UNTITLED_TABLE_1. metric_value_raw: the page prints '$ 4,204,636' and B keeps the printed '$'; A stripped it. The value column is raw and the only normalisation is closing the gap after the symbol, so B's form is right on all twelve Net asset value cells of the two by-class tables. subject_type/subject_name: read off each row's own printed label (A). B typed 'fund' on 82 rows indiscriminately, including the four property types of the assumptions and sensitivity tables and the 'Total' column, which are not vehicles. The entity's own statement lines and the Total column are reporting_entity, the share classes are other_printed_scope, and the property types are asset_class. The Total column's subject is the reporting entity, not the word 'Total': it carries the same $9,694,639 the components table states for the entity. metric_category: the by-class table's 'Net asset value' row is nav, not B's nav_component. A class's net asset value is a NAV; nav_component is for the line items that build NAV up, and B itself typed the identically labelled row in the components table as nav.; Source review: p2: Net asset value (The heading distinguishes the whole fund from separate share-class balances.) | p2: Net asset value (Printed heading or definition supporting the source-reviewed qualifier.)",RESOLVED,A+B+ADJUDICATOR,6fd8c243900f1595c3cdb0b4b5e44eacac39db50a5f75d39d13626fd3a8ed5e0
88df6decdaf72f591a74,SRC247,2,PAIR_CB77508B6BB21029549353CA,VALUE_CONFLICT,26,31,source_section|source_table|subject_type|subject_name|metric_category|metric_value_raw,MERGE,"source_section: A left it blank on every row; B filled it. Kept where the page prints a heading above the content ('July 1, 2024 Transaction Price' and 'May 31, 2024 NAV Per Share' on page 1, 'Share Repurchase Request Update' on page 3, 'Status of our Current Public Offering' on page 4). Blanked where B repeated the table's own stub head ('Components of NAV', 'NAV Per Share'): that is the table's name, which source_table already carries, not a section heading printed above it, and pages 2 and 3 print no heading over those tables. source_table: B's printed name. A paraphrased the cover as 'Supplement No. 4 to the Prospectus', titled the page-1 table with its own column header 'Transaction Price (per share)', put the date column header into the components table's name ('Components of NAV May 31, 2024'), and fell back to UNTITLED_TABLE_n for two tables the page names in bold ('Components of NAV', 'NAV Per Share'). The page-2 assumptions table is the first untitled table on its page, so UNTITLED_TABLE_1. metric_value_raw: the page prints '$ 4,204,636' and B keeps the printed '$'; A stripped it. The value column is raw and the only normalisation is closing the gap after the symbol, so B's form is right on all twelve Net asset value cells of the two by-class tables. subject_type/subject_name: read off each row's own printed label (A). B typed 'fund' on 82 rows indiscriminately, including the four property types of the assumptions and sensitivity tables and the 'Total' column, which are not vehicles. The entity's own statement lines and the Total column are reporting_entity, the share classes are other_printed_scope, and the property types are asset_class. The Total column's subject is the reporting entity, not the word 'Total': it carries the same $9,694,639 the components table states for the entity. metric_category: the by-class table's 'Net asset value' row is nav, not B's nav_component. A class's net asset value is a NAV; nav_component is for the line items that build NAV up, and B itself typed the identically labelled row in the components table as nav.; Source review: p2: Net asset value (The heading distinguishes the whole fund from separate share-class balances.) | p2: Net asset value (Printed heading or definition supporting the source-reviewed qualifier.)",RESOLVED,A+B+ADJUDICATOR,6fd8c243900f1595c3cdb0b4b5e44eacac39db50a5f75d39d13626fd3a8ed5e0
a6cab97a181ea3846629,SRC247,2,PAIR_1E1852264BBA0021A1583FA1,VALUE_CONFLICT,27,32,source_section|source_table|subject_type|subject_name|metric_category|metric_value_raw,MERGE,"source_section: A left it blank on every row; B filled it. Kept where the page prints a heading above the content ('July 1, 2024 Transaction Price' and 'May 31, 2024 NAV Per Share' on page 1, 'Share Repurchase Request Update' on page 3, 'Status of our Current Public Offering' on page 4). Blanked where B repeated the table's own stub head ('Components of NAV', 'NAV Per Share'): that is the table's name, which source_table already carries, not a section heading printed above it, and pages 2 and 3 print no heading over those tables. source_table: B's printed name. A paraphrased the cover as 'Supplement No. 4 to the Prospectus', titled the page-1 table with its own column header 'Transaction Price (per share)', put the date column header into the components table's name ('Components of NAV May 31, 2024'), and fell back to UNTITLED_TABLE_n for two tables the page names in bold ('Components of NAV', 'NAV Per Share'). The page-2 assumptions table is the first untitled table on its page, so UNTITLED_TABLE_1. metric_value_raw: the page prints '$ 4,204,636' and B keeps the printed '$'; A stripped it. The value column is raw and the only normalisation is closing the gap after the symbol, so B's form is right on all twelve Net asset value cells of the two by-class tables. subject_type/subject_name: read off each row's own printed label (A). B typed 'fund' on 82 rows indiscriminately, including the four property types of the assumptions and sensitivity tables and the 'Total' column, which are not vehicles. The entity's own statement lines and the Total column are reporting_entity, the share classes are other_printed_scope, and the property types are asset_class. The Total column's subject is the reporting entity, not the word 'Total': it carries the same $9,694,639 the components table states for the entity. metric_category: the by-class table's 'Net asset value' row is nav, not B's nav_component. A class's net asset value is a NAV; nav_component is for the line items that build NAV up, and B itself typed the identically labelled row in the components table as nav.; Source review: p2: Net asset value (The heading distinguishes the whole fund from separate share-class balances.) | p2: Net asset value (Printed heading or definition supporting the source-reviewed qualifier.)",RESOLVED,A+B+ADJUDICATOR,6fd8c243900f1595c3cdb0b4b5e44eacac39db50a5f75d39d13626fd3a8ed5e0
5529d51d328bd2877c33,SRC247,2,PAIR_A3A7E43C6874179AB08C9D02,VALUE_CONFLICT,28,33,source_section|source_table|subject_type|subject_name|metric_category|metric_value_raw,MERGE,"source_section: A left it blank on every row; B filled it. Kept where the page prints a heading above the content ('July 1, 2024 Transaction Price' and 'May 31, 2024 NAV Per Share' on page 1, 'Share Repurchase Request Update' on page 3, 'Status of our Current Public Offering' on page 4). Blanked where B repeated the table's own stub head ('Components of NAV', 'NAV Per Share'): that is the table's name, which source_table already carries, not a section heading printed above it, and pages 2 and 3 print no heading over those tables. source_table: B's printed name. A paraphrased the cover as 'Supplement No. 4 to the Prospectus', titled the page-1 table with its own column header 'Transaction Price (per share)', put the date column header into the components table's name ('Components of NAV May 31, 2024'), and fell back to UNTITLED_TABLE_n for two tables the page names in bold ('Components of NAV', 'NAV Per Share'). The page-2 assumptions table is the first untitled table on its page, so UNTITLED_TABLE_1. metric_value_raw: the page prints '$ 4,204,636' and B keeps the printed '$'; A stripped it. The value column is raw and the only normalisation is closing the gap after the symbol, so B's form is right on all twelve Net asset value cells of the two by-class tables. subject_type/subject_name: read off each row's own printed label (A). B typed 'fund' on 82 rows indiscriminately, including the four property types of the assumptions and sensitivity tables and the 'Total' column, which are not vehicles. The entity's own statement lines and the Total column are reporting_entity, the share classes are other_printed_scope, and the property types are asset_class. The Total column's subject is the reporting entity, not the word 'Total': it carries the same $9,694,639 the components table states for the entity. metric_category: the by-class table's 'Net asset value' row is nav, not B's nav_component. A class's net asset value is a NAV; nav_component is for the line items that build NAV up, and B itself typed the identically labelled row in the components table as nav.; Source review: p2: Net asset value (The heading distinguishes the whole fund from separate share-class balances.) | p2: Net asset value (Printed heading or definition supporting the source-reviewed qualifier.)",RESOLVED,A+B+ADJUDICATOR,6fd8c243900f1595c3cdb0b4b5e44eacac39db50a5f75d39d13626fd3a8ed5e0
f8b065f6cbe7dffa7664,SRC247,2,PAIR_B205054DBA620940406DE1A5,VALUE_CONFLICT,29,34,source_section|source_table|subject_type|metric_category|metric_value_raw,MERGE,"source_section: A left it blank on every row; B filled it. Kept where the page prints a heading above the content ('July 1, 2024 Transaction Price' and 'May 31, 2024 NAV Per Share' on page 1, 'Share Repurchase Request Update' on page 3, 'Status of our Current Public Offering' on page 4). Blanked where B repeated the table's own stub head ('Components of NAV', 'NAV Per Share'): that is the table's name, which source_table already carries, not a section heading printed above it, and pages 2 and 3 print no heading over those tables. source_table: B's printed name. A paraphrased the cover as 'Supplement No. 4 to the Prospectus', titled the page-1 table with its own column header 'Transaction Price (per share)', put the date column header into the components table's name ('Components of NAV May 31, 2024'), and fell back to UNTITLED_TABLE_n for two tables the page names in bold ('Components of NAV', 'NAV Per Share'). The page-2 assumptions table is the first untitled table on its page, so UNTITLED_TABLE_1. metric_value_raw: the page prints '$ 4,204,636' and B keeps the printed '$'; A stripped it. The value column is raw and the only normalisation is closing the gap after the symbol, so B's form is right on all twelve Net asset value cells of the two by-class tables. subject_type/subject_name: read off each row's own printed label (A). B typed 'fund' on 82 rows indiscriminately, including the four property types of the assumptions and sensitivity tables and the 'Total' column, which are not vehicles. The entity's own statement lines and the Total column are reporting_entity, the share classes are other_printed_scope, and the property types are asset_class. The Total column's subject is the reporting entity, not the word 'Total': it carries the same $9,694,639 the components table states for the entity. metric_category: the by-class table's 'Net asset value' row is nav, not B's nav_component. A class's net asset value is a NAV; nav_component is for the line items that build NAV up, and B itself typed the identically labelled row in the components table as nav.; Source review: p2: Net asset value (The heading distinguishes the whole fund from separate share-class balances.) | p2: Net asset value (Printed heading or definition supporting the source-reviewed qualifier.)",RESOLVED,A+B+ADJUDICATOR,6fd8c243900f1595c3cdb0b4b5e44eacac39db50a5f75d39d13626fd3a8ed5e0
f7fe9dfe73f81a36c7d6,SRC247,2,PAIR_3C45968D0050CC01CB12B17E,VALUE_CONFLICT,30,35,source_section|source_table|subject_type|subject_name|metric_category|metric_value_raw,MERGE,"source_section: A left it blank on every row; B filled it. Kept where the page prints a heading above the content ('July 1, 2024 Transaction Price' and 'May 31, 2024 NAV Per Share' on page 1, 'Share Repurchase Request Update' on page 3, 'Status of our Current Public Offering' on page 4). Blanked where B repeated the table's own stub head ('Components of NAV', 'NAV Per Share'): that is the table's name, which source_table already carries, not a section heading printed above it, and pages 2 and 3 print no heading over those tables. source_table: B's printed name. A paraphrased the cover as 'Supplement No. 4 to the Prospectus', titled the page-1 table with its own column header 'Transaction Price (per share)', put the date column header into the components table's name ('Components of NAV May 31, 2024'), and fell back to UNTITLED_TABLE_n for two tables the page names in bold ('Components of NAV', 'NAV Per Share'). The page-2 assumptions table is the first untitled table on its page, so UNTITLED_TABLE_1. metric_value_raw: the page prints '$ 4,204,636' and B keeps the printed '$'; A stripped it. The value column is raw and the only normalisation is closing the gap after the symbol, so B's form is right on all twelve Net asset value cells of the two by-class tables. subject_type/subject_name: read off each row's own printed label (A). B typed 'fund' on 82 rows indiscriminately, including the four property types of the assumptions and sensitivity tables and the 'Total' column, which are not vehicles. The entity's own statement lines and the Total column are reporting_entity, the share classes are other_printed_scope, and the property types are asset_class. The Total column's subject is the reporting entity, not the word 'Total': it carries the same $9,694,639 the components table states for the entity. metric_category: the by-class table's 'Net asset value' row is nav, not B's nav_component. A class's net asset value is a NAV; nav_component is for the line items that build NAV up, and B itself typed the identically labelled row in the components table as nav.; Source review: p2: Net asset value (The heading distinguishes the whole fund from separate share-class balances.) | p2: Net asset value (Printed heading or definition supporting the source-reviewed qualifier.)",RESOLVED,A+B+ADJUDICATOR,6fd8c243900f1595c3cdb0b4b5e44eacac39db50a5f75d39d13626fd3a8ed5e0
5e2f721e8c2532ba2c76,SRC247,2,PAIR_E9E6FC555341427E3E2112EC,CLASSIFICATION_CONFLICT,31,36,source_section|source_table|subject_type|subject_name|unit,MERGE,"source_section: A left it blank on every row; B filled it. Kept where the page prints a heading above the content ('July 1, 2024 Transaction Price' and 'May 31, 2024 NAV Per Share' on page 1, 'Share Repurchase Request Update' on page 3, 'Status of our Current Public Offering' on page 4). Blanked where B repeated the table's own stub head ('Components of NAV', 'NAV Per Share'): that is the table's name, which source_table already carries, not a section heading printed above it, and pages 2 and 3 print no heading over those tables. source_table: B's printed name. A paraphrased the cover as 'Supplement No. 4 to the Prospectus', titled the page-1 table with its own column header 'Transaction Price (per share)', put the date column header into the components table's name ('Components of NAV May 31, 2024'), and fell back to UNTITLED_TABLE_n for two tables the page names in bold ('Components of NAV', 'NAV Per Share'). The page-2 assumptions table is the first untitled table on its page, so UNTITLED_TABLE_1. subject_type/subject_name: read off each row's own printed label (A). B typed 'fund' on 82 rows indiscriminately, including the four property types of the assumptions and sensitivity tables and the 'Total' column, which are not vehicles. The entity's own statement lines and the Total column are reporting_entity, the share classes are other_printed_scope, and the property types are asset_class. The Total column's subject is the reporting entity, not the word 'Total': it carries the same $9,694,639 the components table states for the entity. unit: 'shares/units' on the share-count rows, whose own row label 'Number of outstanding shares/units' prints the unit, and blank on the NAV per share rows, where B put 'per share/unit'. That phrase comes from the scale banner '($ and shares/units in thousands, except per share/unit data)', which currency_scale already carries verbatim; a currency and a per-share denomination are not units of measure.",RESOLVED,A+B+ADJUDICATOR,6fd8c243900f1595c3cdb0b4b5e44eacac39db50a5f75d39d13626fd3a8ed5e0
ba75d6c934b1ebb5b5fa,SRC247,2,PAIR_294A899F8C7856D1215E65B0,CLASSIFICATION_CONFLICT,32,37,source_section|source_table|subject_type|subject_name|unit,MERGE,"source_section: A left it blank on every row; B filled it. Kept where the page prints a heading above the content ('July 1, 2024 Transaction Price' and 'May 31, 2024 NAV Per Share' on page 1, 'Share Repurchase Request Update' on page 3, 'Status of our Current Public Offering' on page 4). Blanked where B repeated the table's own stub head ('Components of NAV', 'NAV Per Share'): that is the table's name, which source_table already carries, not a section heading printed above it, and pages 2 and 3 print no heading over those tables. source_table: B's printed name. A paraphrased the cover as 'Supplement No. 4 to the Prospectus', titled the page-1 table with its own column header 'Transaction Price (per share)', put the date column header into the components table's name ('Components of NAV May 31, 2024'), and fell back to UNTITLED_TABLE_n for two tables the page names in bold ('Components of NAV', 'NAV Per Share'). The page-2 assumptions table is the first untitled table on its page, so UNTITLED_TABLE_1. subject_type/subject_name: read off each row's own printed label (A). B typed 'fund' on 82 rows indiscriminately, including the four property types of the assumptions and sensitivity tables and the 'Total' column, which are not vehicles. The entity's own statement lines and the Total column are reporting_entity, the share classes are other_printed_scope, and the property types are asset_class. The Total column's subject is the reporting entity, not the word 'Total': it carries the same $9,694,639 the components table states for the entity. unit: 'shares/units' on the share-count rows, whose own row label 'Number of outstanding shares/units' prints the unit, and blank on the NAV per share rows, where B put 'per share/unit'. That phrase comes from the scale banner '($ and shares/units in thousands, except per share/unit data)', which currency_scale already carries verbatim; a currency and a per-share denomination are not units of measure.",RESOLVED,A+B+ADJUDICATOR,6fd8c243900f1595c3cdb0b4b5e44eacac39db50a5f75d39d13626fd3a8ed5e0
ab689c4f74eda03341b7,SRC247,2,PAIR_42CA96B32444233A2261C9D5,CLASSIFICATION_CONFLICT,33,38,source_section|source_table|subject_type|subject_name|unit,MERGE,"source_section: A left it blank on every row; B filled it. Kept where the page prints a heading above the content ('July 1, 2024 Transaction Price' and 'May 31, 2024 NAV Per Share' on page 1, 'Share Repurchase Request Update' on page 3, 'Status of our Current Public Offering' on page 4). Blanked where B repeated the table's own stub head ('Components of NAV', 'NAV Per Share'): that is the table's name, which source_table already carries, not a section heading printed above it, and pages 2 and 3 print no heading over those tables. source_table: B's printed name. A paraphrased the cover as 'Supplement No. 4 to the Prospectus', titled the page-1 table with its own column header 'Transaction Price (per share)', put the date column header into the components table's name ('Components of NAV May 31, 2024'), and fell back to UNTITLED_TABLE_n for two tables the page names in bold ('Components of NAV', 'NAV Per Share'). The page-2 assumptions table is the first untitled table on its page, so UNTITLED_TABLE_1. subject_type/subject_name: read off each row's own printed label (A). B typed 'fund' on 82 rows indiscriminately, including the four property types of the assumptions and sensitivity tables and the 'Total' column, which are not vehicles. The entity's own statement lines and the Total column are reporting_entity, the share classes are other_printed_scope, and the property types are asset_class. The Total column's subject is the reporting entity, not the word 'Total': it carries the same $9,694,639 the components table states for the entity. unit: 'shares/units' on the share-count rows, whose own row label 'Number of outstanding shares/units' prints the unit, and blank on the NAV per share rows, where B put 'per share/unit'. That phrase comes from the scale banner '($ and shares/units in thousands, except per share/unit data)', which currency_scale already carries verbatim; a currency and a per-share denomination are not units of measure.",RESOLVED,A+B+ADJUDICATOR,6fd8c243900f1595c3cdb0b4b5e44eacac39db50a5f75d39d13626fd3a8ed5e0
7e567693009fc72ff01d,SRC247,2,PAIR_8960AD763D7F6874A24D8090,CLASSIFICATION_CONFLICT,34,39,source_section|source_table|subject_type|subject_name|unit,MERGE,"source_section: A left it blank on every row; B filled it. Kept where the page prints a heading above the content ('July 1, 2024 Transaction Price' and 'May 31, 2024 NAV Per Share' on page 1, 'Share Repurchase Request Update' on page 3, 'Status of our Current Public Offering' on page 4). Blanked where B repeated the table's own stub head ('Components of NAV', 'NAV Per Share'): that is the table's name, which source_table already carries, not a section heading printed above it, and pages 2 and 3 print no heading over those tables. source_table: B's printed name. A paraphrased the cover as 'Supplement No. 4 to the Prospectus', titled the page-1 table with its own column header 'Transaction Price (per share)', put the date column header into the components table's name ('Components of NAV May 31, 2024'), and fell back to UNTITLED_TABLE_n for two tables the page names in bold ('Components of NAV', 'NAV Per Share'). The page-2 assumptions table is the first untitled table on its page, so UNTITLED_TABLE_1. subject_type/subject_name: read off each row's own printed label (A). B typed 'fund' on 82 rows indiscriminately, including the four property types of the assumptions and sensitivity tables and the 'Total' column, which are not vehicles. The entity's own statement lines and the Total column are reporting_entity, the share classes are other_printed_scope, and the property types are asset_class. The Total column's subject is the reporting entity, not the word 'Total': it carries the same $9,694,639 the components table states for the entity. unit: 'shares/units' on the share-count rows, whose own row label 'Number of outstanding shares/units' prints the unit, and blank on the NAV per share rows, where B put 'per share/unit'. That phrase comes from the scale banner '($ and shares/units in thousands, except per share/unit data)', which currency_scale already carries verbatim; a currency and a per-share denomination are not units of measure.",RESOLVED,A+B+ADJUDICATOR,6fd8c243900f1595c3cdb0b4b5e44eacac39db50a5f75d39d13626fd3a8ed5e0
e115574a12fe2de6cc29,SRC247,2,PAIR_F6AB38D78BD78AF24D99CA53,CLASSIFICATION_CONFLICT,35,40,source_section|source_table|subject_type|unit,MERGE,"source_section: A left it blank on every row; B filled it. Kept where the page prints a heading above the content ('July 1, 2024 Transaction Price' and 'May 31, 2024 NAV Per Share' on page 1, 'Share Repurchase Request Update' on page 3, 'Status of our Current Public Offering' on page 4). Blanked where B repeated the table's own stub head ('Components of NAV', 'NAV Per Share'): that is the table's name, which source_table already carries, not a section heading printed above it, and pages 2 and 3 print no heading over those tables. source_table: B's printed name. A paraphrased the cover as 'Supplement No. 4 to the Prospectus', titled the page-1 table with its own column header 'Transaction Price (per share)', put the date column header into the components table's name ('Components of NAV May 31, 2024'), and fell back to UNTITLED_TABLE_n for two tables the page names in bold ('Components of NAV', 'NAV Per Share'). The page-2 assumptions table is the first untitled table on its page, so UNTITLED_TABLE_1. subject_type/subject_name: read off each row's own printed label (A). B typed 'fund' on 82 rows indiscriminately, including the four property types of the assumptions and sensitivity tables and the 'Total' column, which are not vehicles. The entity's own statement lines and the Total column are reporting_entity, the share classes are other_printed_scope, and the property types are asset_class. The Total column's subject is the reporting entity, not the word 'Total': it carries the same $9,694,639 the components table states for the entity. unit: 'shares/units' on the share-count rows, whose own row label 'Number of outstanding shares/units' prints the unit, and blank on the NAV per share rows, where B put 'per share/unit'. That phrase comes from the scale banner '($ and shares/units in thousands, except per share/unit data)', which currency_scale already carries verbatim; a currency and a per-share denomination are not units of measure.",RESOLVED,A+B+ADJUDICATOR,6fd8c243900f1595c3cdb0b4b5e44eacac39db50a5f75d39d13626fd3a8ed5e0
e8eea47416dbe8e025c3,SRC247,2,PAIR_0D1BD72FFD5963FC3ABB8018,CLASSIFICATION_CONFLICT,36,41,source_section|source_table|subject_type|subject_name|unit,MERGE,"source_section: A left it blank on every row; B filled it. Kept where the page prints a heading above the content ('July 1, 2024 Transaction Price' and 'May 31, 2024 NAV Per Share' on page 1, 'Share Repurchase Request Update' on page 3, 'Status of our Current Public Offering' on page 4). Blanked where B repeated the table's own stub head ('Components of NAV', 'NAV Per Share'): that is the table's name, which source_table already carries, not a section heading printed above it, and pages 2 and 3 print no heading over those tables. source_table: B's printed name. A paraphrased the cover as 'Supplement No. 4 to the Prospectus', titled the page-1 table with its own column header 'Transaction Price (per share)', put the date column header into the components table's name ('Components of NAV May 31, 2024'), and fell back to UNTITLED_TABLE_n for two tables the page names in bold ('Components of NAV', 'NAV Per Share'). The page-2 assumptions table is the first untitled table on its page, so UNTITLED_TABLE_1. subject_type/subject_name: read off each row's own printed label (A). B typed 'fund' on 82 rows indiscriminately, including the four property types of the assumptions and sensitivity tables and the 'Total' column, which are not vehicles. The entity's own statement lines and the Total column are reporting_entity, the share classes are other_printed_scope, and the property types are asset_class. The Total column's subject is the reporting entity, not the word 'Total': it carries the same $9,694,639 the components table states for the entity. unit: 'shares/units' on the share-count rows, whose own row label 'Number of outstanding shares/units' prints the unit, and blank on the NAV per share rows, where B put 'per share/unit'. That phrase comes from the scale banner '($ and shares/units in thousands, except per share/unit data)', which currency_scale already carries verbatim; a currency and a per-share denomination are not units of measure.",RESOLVED,A+B+ADJUDICATOR,6fd8c243900f1595c3cdb0b4b5e44eacac39db50a5f75d39d13626fd3a8ed5e0
881774f2dca90cc48834,SRC247,2,PAIR_930BEB90A427513F9A515EA0,CLASSIFICATION_CONFLICT,37,42,source_table|subject_type,MERGE,"source_table: B's printed name. A paraphrased the cover as 'Supplement No. 4 to the Prospectus', titled the page-1 table with its own column header 'Transaction Price (per share)', put the date column header into the components table's name ('Components of NAV May 31, 2024'), and fell back to UNTITLED_TABLE_n for two tables the page names in bold ('Components of NAV', 'NAV Per Share'). The page-2 assumptions table is the first untitled table on its page, so UNTITLED_TABLE_1. subject_type/subject_name: read off each row's own printed label (A). B typed 'fund' on 82 rows indiscriminately, including the four property types of the assumptions and sensitivity tables and the 'Total' column, which are not vehicles. The entity's own statement lines and the Total column are reporting_entity, the share classes are other_printed_scope, and the property types are asset_class. The Total column's subject is the reporting entity, not the word 'Total': it carries the same $9,694,639 the components table states for the entity.",RESOLVED,A+B+ADJUDICATOR,6fd8c243900f1595c3cdb0b4b5e44eacac39db50a5f75d39d13626fd3a8ed5e0
b0c53c329c71a343dda1,SRC247,2,PAIR_EE6D4722CC145685B5D3CC40,CLASSIFICATION_CONFLICT,38,43,source_table|subject_type,MERGE,"source_table: B's printed name. A paraphrased the cover as 'Supplement No. 4 to the Prospectus', titled the page-1 table with its own column header 'Transaction Price (per share)', put the date column header into the components table's name ('Components of NAV May 31, 2024'), and fell back to UNTITLED_TABLE_n for two tables the page names in bold ('Components of NAV', 'NAV Per Share'). The page-2 assumptions table is the first untitled table on its page, so UNTITLED_TABLE_1. subject_type/subject_name: read off each row's own printed label (A). B typed 'fund' on 82 rows indiscriminately, including the four property types of the assumptions and sensitivity tables and the 'Total' column, which are not vehicles. The entity's own statement lines and the Total column are reporting_entity, the share classes are other_printed_scope, and the property types are asset_class. The Total column's subject is the reporting entity, not the word 'Total': it carries the same $9,694,639 the components table states for the entity.",RESOLVED,A+B+ADJUDICATOR,6fd8c243900f1595c3cdb0b4b5e44eacac39db50a5f75d39d13626fd3a8ed5e0
8f143b873ba1331801b0,SRC247,2,PAIR_21C3E61E7FF6735287E0FAE5,CLASSIFICATION_CONFLICT,39,44,source_table|subject_type,MERGE,"source_table: B's printed name. A paraphrased the cover as 'Supplement No. 4 to the Prospectus', titled the page-1 table with its own column header 'Transaction Price (per share)', put the date column header into the components table's name ('Components of NAV May 31, 2024'), and fell back to UNTITLED_TABLE_n for two tables the page names in bold ('Components of NAV', 'NAV Per Share'). The page-2 assumptions table is the first untitled table on its page, so UNTITLED_TABLE_1. subject_type/subject_name: read off each row's own printed label (A). B typed 'fund' on 82 rows indiscriminately, including the four property types of the assumptions and sensitivity tables and the 'Total' column, which are not vehicles. The entity's own statement lines and the Total column are reporting_entity, the share classes are other_printed_scope, and the property types are asset_class. The Total column's subject is the reporting entity, not the word 'Total': it carries the same $9,694,639 the components table states for the entity.",RESOLVED,A+B+ADJUDICATOR,6fd8c243900f1595c3cdb0b4b5e44eacac39db50a5f75d39d13626fd3a8ed5e0
2acacbe8bb0fb6018182,SRC247,2,PAIR_FCCA2E8247CD4C1D24CFBC72,CLASSIFICATION_CONFLICT,40,45,source_table|subject_type,MERGE,"source_table: B's printed name. A paraphrased the cover as 'Supplement No. 4 to the Prospectus', titled the page-1 table with its own column header 'Transaction Price (per share)', put the date column header into the components table's name ('Components of NAV May 31, 2024'), and fell back to UNTITLED_TABLE_n for two tables the page names in bold ('Components of NAV', 'NAV Per Share'). The page-2 assumptions table is the first untitled table on its page, so UNTITLED_TABLE_1. subject_type/subject_name: read off each row's own printed label (A). B typed 'fund' on 82 rows indiscriminately, including the four property types of the assumptions and sensitivity tables and the 'Total' column, which are not vehicles. The entity's own statement lines and the Total column are reporting_entity, the share classes are other_printed_scope, and the property types are asset_class. The Total column's subject is the reporting entity, not the word 'Total': it carries the same $9,694,639 the components table states for the entity.",RESOLVED,A+B+ADJUDICATOR,6fd8c243900f1595c3cdb0b4b5e44eacac39db50a5f75d39d13626fd3a8ed5e0
29f13cb6aaeb01331cc6,SRC247,2,PAIR_974E1C41DC2DC811AF9E0E2D,CLASSIFICATION_CONFLICT,41,46,source_table|subject_type,MERGE,"source_table: B's printed name. A paraphrased the cover as 'Supplement No. 4 to the Prospectus', titled the page-1 table with its own column header 'Transaction Price (per share)', put the date column header into the components table's name ('Components of NAV May 31, 2024'), and fell back to UNTITLED_TABLE_n for two tables the page names in bold ('Components of NAV', 'NAV Per Share'). The page-2 assumptions table is the first untitled table on its page, so UNTITLED_TABLE_1. subject_type/subject_name: read off each row's own printed label (A). B typed 'fund' on 82 rows indiscriminately, including the four property types of the assumptions and sensitivity tables and the 'Total' column, which are not vehicles. The entity's own statement lines and the Total column are reporting_entity, the share classes are other_printed_scope, and the property types are asset_class. The Total column's subject is the reporting entity, not the word 'Total': it carries the same $9,694,639 the components table states for the entity.",RESOLVED,A+B+ADJUDICATOR,6fd8c243900f1595c3cdb0b4b5e44eacac39db50a5f75d39d13626fd3a8ed5e0
e141a578dbc60dffb071,SRC247,2,PAIR_2C8F09EAF1B9D153512135E1,CLASSIFICATION_CONFLICT,42,47,source_table|subject_type,MERGE,"source_table: B's printed name. A paraphrased the cover as 'Supplement No. 4 to the Prospectus', titled the page-1 table with its own column header 'Transaction Price (per share)', put the date column header into the components table's name ('Components of NAV May 31, 2024'), and fell back to UNTITLED_TABLE_n for two tables the page names in bold ('Components of NAV', 'NAV Per Share'). The page-2 assumptions table is the first untitled table on its page, so UNTITLED_TABLE_1. subject_type/subject_name: read off each row's own printed label (A). B typed 'fund' on 82 rows indiscriminately, including the four property types of the assumptions and sensitivity tables and the 'Total' column, which are not vehicles. The entity's own statement lines and the Total column are reporting_entity, the share classes are other_printed_scope, and the property types are asset_class. The Total column's subject is the reporting entity, not the word 'Total': it carries the same $9,694,639 the components table states for the entity.",RESOLVED,A+B+ADJUDICATOR,6fd8c243900f1595c3cdb0b4b5e44eacac39db50a5f75d39d13626fd3a8ed5e0
4ce4d5af8c639c2666a0,SRC247,2,PAIR_AB605DBAB19B015989F4808E,CLASSIFICATION_CONFLICT,43,48,source_table|subject_type,MERGE,"source_table: B's printed name. A paraphrased the cover as 'Supplement No. 4 to the Prospectus', titled the page-1 table with its own column header 'Transaction Price (per share)', put the date column header into the components table's name ('Components of NAV May 31, 2024'), and fell back to UNTITLED_TABLE_n for two tables the page names in bold ('Components of NAV', 'NAV Per Share'). The page-2 assumptions table is the first untitled table on its page, so UNTITLED_TABLE_1. subject_type/subject_name: read off each row's own printed label (A). B typed 'fund' on 82 rows indiscriminately, including the four property types of the assumptions and sensitivity tables and the 'Total' column, which are not vehicles. The entity's own statement lines and the Total column are reporting_entity, the share classes are other_printed_scope, and the property types are asset_class. The Total column's subject is the reporting entity, not the word 'Total': it carries the same $9,694,639 the components table states for the entity.",RESOLVED,A+B+ADJUDICATOR,6fd8c243900f1595c3cdb0b4b5e44eacac39db50a5f75d39d13626fd3a8ed5e0
4c6afad2a7b174982835,SRC247,2,PAIR_585E0737860EA5373403A60E,CLASSIFICATION_CONFLICT,44,49,source_table|subject_type,MERGE,"source_table: B's printed name. A paraphrased the cover as 'Supplement No. 4 to the Prospectus', titled the page-1 table with its own column header 'Transaction Price (per share)', put the date column header into the components table's name ('Components of NAV May 31, 2024'), and fell back to UNTITLED_TABLE_n for two tables the page names in bold ('Components of NAV', 'NAV Per Share'). The page-2 assumptions table is the first untitled table on its page, so UNTITLED_TABLE_1. subject_type/subject_name: read off each row's own printed label (A). B typed 'fund' on 82 rows indiscriminately, including the four property types of the assumptions and sensitivity tables and the 'Total' column, which are not vehicles. The entity's own statement lines and the Total column are reporting_entity, the share classes are other_printed_scope, and the property types are asset_class. The Total column's subject is the reporting entity, not the word 'Total': it carries the same $9,694,639 the components table states for the entity.",RESOLVED,A+B+ADJUDICATOR,6fd8c243900f1595c3cdb0b4b5e44eacac39db50a5f75d39d13626fd3a8ed5e0
ab3a768fc53e8f5c2fb2,SRC247,3,PAIR_947BF757323A35AC3C8336D5,CLASSIFICATION_CONFLICT,45,50,source_section|source_table|source_column_label|subject_type,MERGE,"source_section: A left it blank on every row; B filled it. Kept where the page prints a heading above the content ('July 1, 2024 Transaction Price' and 'May 31, 2024 NAV Per Share' on page 1, 'Share Repurchase Request Update' on page 3, 'Status of our Current Public Offering' on page 4). Blanked where B repeated the table's own stub head ('Components of NAV', 'NAV Per Share'): that is the table's name, which source_table already carries, not a section heading printed above it, and pages 2 and 3 print no heading over those tables. source_table: B's printed name. A paraphrased the cover as 'Supplement No. 4 to the Prospectus', titled the page-1 table with its own column header 'Transaction Price (per share)', put the date column header into the components table's name ('Components of NAV May 31, 2024'), and fell back to UNTITLED_TABLE_n for two tables the page names in bold ('Components of NAV', 'NAV Per Share'). The page-2 assumptions table is the first untitled table on its page, so UNTITLED_TABLE_1. source_column_label: the printed column header 'May 31, 2024' / 'April 30, 2024'. A repeated the whole header line 'Components of NAV May 31, 2024', which is the stub head plus the column header, not the column's own label. subject_type/subject_name: read off each row's own printed label (A). B typed 'fund' on 82 rows indiscriminately, including the four property types of the assumptions and sensitivity tables and the 'Total' column, which are not vehicles. The entity's own statement lines and the Total column are reporting_entity, the share classes are other_printed_scope, and the property types are asset_class. The Total column's subject is the reporting entity, not the word 'Total': it carries the same $9,694,639 the components table states for the entity.",RESOLVED,A+B+ADJUDICATOR,6fd8c243900f1595c3cdb0b4b5e44eacac39db50a5f75d39d13626fd3a8ed5e0
edbb7ef2ac3b169e594e,SRC247,3,PAIR_75194E89061501478BAF631E,CLASSIFICATION_CONFLICT,46,51,source_section|source_table|source_column_label|subject_type,MERGE,"source_section: A left it blank on every row; B filled it. Kept where the page prints a heading above the content ('July 1, 2024 Transaction Price' and 'May 31, 2024 NAV Per Share' on page 1, 'Share Repurchase Request Update' on page 3, 'Status of our Current Public Offering' on page 4). Blanked where B repeated the table's own stub head ('Components of NAV', 'NAV Per Share'): that is the table's name, which source_table already carries, not a section heading printed above it, and pages 2 and 3 print no heading over those tables. source_table: B's printed name. A paraphrased the cover as 'Supplement No. 4 to the Prospectus', titled the page-1 table with its own column header 'Transaction Price (per share)', put the date column header into the components table's name ('Components of NAV May 31, 2024'), and fell back to UNTITLED_TABLE_n for two tables the page names in bold ('Components of NAV', 'NAV Per Share'). The page-2 assumptions table is the first untitled table on its page, so UNTITLED_TABLE_1. source_column_label: the printed column header 'May 31, 2024' / 'April 30, 2024'. A repeated the whole header line 'Components of NAV May 31, 2024', which is the stub head plus the column header, not the column's own label. subject_type/subject_name: read off each row's own printed label (A). B typed 'fund' on 82 rows indiscriminately, including the four property types of the assumptions and sensitivity tables and the 'Total' column, which are not vehicles. The entity's own statement lines and the Total column are reporting_entity, the share classes are other_printed_scope, and the property types are asset_class. The Total column's subject is the reporting entity, not the word 'Total': it carries the same $9,694,639 the components table states for the entity.",RESOLVED,A+B+ADJUDICATOR,6fd8c243900f1595c3cdb0b4b5e44eacac39db50a5f75d39d13626fd3a8ed5e0
6852a00fb0f423733a73,SRC247,3,PAIR_C29157E8B9D1F40E800AECB8,CLASSIFICATION_CONFLICT,47,52,source_section|source_table|source_column_label|subject_type,MERGE,"source_section: A left it blank on every row; B filled it. Kept where the page prints a heading above the content ('July 1, 2024 Transaction Price' and 'May 31, 2024 NAV Per Share' on page 1, 'Share Repurchase Request Update' on page 3, 'Status of our Current Public Offering' on page 4). Blanked where B repeated the table's own stub head ('Components of NAV', 'NAV Per Share'): that is the table's name, which source_table already carries, not a section heading printed above it, and pages 2 and 3 print no heading over those tables. source_table: B's printed name. A paraphrased the cover as 'Supplement No. 4 to the Prospectus', titled the page-1 table with its own column header 'Transaction Price (per share)', put the date column header into the components table's name ('Components of NAV May 31, 2024'), and fell back to UNTITLED_TABLE_n for two tables the page names in bold ('Components of NAV', 'NAV Per Share'). The page-2 assumptions table is the first untitled table on its page, so UNTITLED_TABLE_1. source_column_label: the printed column header 'May 31, 2024' / 'April 30, 2024'. A repeated the whole header line 'Components of NAV May 31, 2024', which is the stub head plus the column header, not the column's own label. subject_type/subject_name: read off each row's own printed label (A). B typed 'fund' on 82 rows indiscriminately, including the four property types of the assumptions and sensitivity tables and the 'Total' column, which are not vehicles. The entity's own statement lines and the Total column are reporting_entity, the share classes are other_printed_scope, and the property types are asset_class. The Total column's subject is the reporting entity, not the word 'Total': it carries the same $9,694,639 the components table states for the entity.",RESOLVED,A+B+ADJUDICATOR,6fd8c243900f1595c3cdb0b4b5e44eacac39db50a5f75d39d13626fd3a8ed5e0
bbba3c771bbe0fc7ba2d,SRC247,3,PAIR_F59D5CB5245EAF8A4FF63351,CLASSIFICATION_CONFLICT,48,53,source_section|source_table|source_column_label|subject_type,MERGE,"source_section: A left it blank on every row; B filled it. Kept where the page prints a heading above the content ('July 1, 2024 Transaction Price' and 'May 31, 2024 NAV Per Share' on page 1, 'Share Repurchase Request Update' on page 3, 'Status of our Current Public Offering' on page 4). Blanked where B repeated the table's own stub head ('Components of NAV', 'NAV Per Share'): that is the table's name, which source_table already carries, not a section heading printed above it, and pages 2 and 3 print no heading over those tables. source_table: B's printed name. A paraphrased the cover as 'Supplement No. 4 to the Prospectus', titled the page-1 table with its own column header 'Transaction Price (per share)', put the date column header into the components table's name ('Components of NAV May 31, 2024'), and fell back to UNTITLED_TABLE_n for two tables the page names in bold ('Components of NAV', 'NAV Per Share'). The page-2 assumptions table is the first untitled table on its page, so UNTITLED_TABLE_1. source_column_label: the printed column header 'May 31, 2024' / 'April 30, 2024'. A repeated the whole header line 'Components of NAV May 31, 2024', which is the stub head plus the column header, not the column's own label. subject_type/subject_name: read off each row's own printed label (A). B typed 'fund' on 82 rows indiscriminately, including the four property types of the assumptions and sensitivity tables and the 'Total' column, which are not vehicles. The entity's own statement lines and the Total column are reporting_entity, the share classes are other_printed_scope, and the property types are asset_class. The Total column's subject is the reporting entity, not the word 'Total': it carries the same $9,694,639 the components table states for the entity.",RESOLVED,A+B+ADJUDICATOR,6fd8c243900f1595c3cdb0b4b5e44eacac39db50a5f75d39d13626fd3a8ed5e0
23852d4b796974df945b,SRC247,3,PAIR_FB371759321A147A00EF4E38,CLASSIFICATION_CONFLICT,49,54,source_section|source_table|source_column_label|subject_type,MERGE,"source_section: A left it blank on every row; B filled it. Kept where the page prints a heading above the content ('July 1, 2024 Transaction Price' and 'May 31, 2024 NAV Per Share' on page 1, 'Share Repurchase Request Update' on page 3, 'Status of our Current Public Offering' on page 4). Blanked where B repeated the table's own stub head ('Components of NAV', 'NAV Per Share'): that is the table's name, which source_table already carries, not a section heading printed above it, and pages 2 and 3 print no heading over those tables. source_table: B's printed name. A paraphrased the cover as 'Supplement No. 4 to the Prospectus', titled the page-1 table with its own column header 'Transaction Price (per share)', put the date column header into the components table's name ('Components of NAV May 31, 2024'), and fell back to UNTITLED_TABLE_n for two tables the page names in bold ('Components of NAV', 'NAV Per Share'). The page-2 assumptions table is the first untitled table on its page, so UNTITLED_TABLE_1. source_column_label: the printed column header 'May 31, 2024' / 'April 30, 2024'. A repeated the whole header line 'Components of NAV May 31, 2024', which is the stub head plus the column header, not the column's own label. subject_type/subject_name: read off each row's own printed label (A). B typed 'fund' on 82 rows indiscriminately, including the four property types of the assumptions and sensitivity tables and the 'Total' column, which are not vehicles. The entity's own statement lines and the Total column are reporting_entity, the share classes are other_printed_scope, and the property types are asset_class. The Total column's subject is the reporting entity, not the word 'Total': it carries the same $9,694,639 the components table states for the entity.",RESOLVED,A+B+ADJUDICATOR,6fd8c243900f1595c3cdb0b4b5e44eacac39db50a5f75d39d13626fd3a8ed5e0
1d4f99f273eccdd04c2f,SRC247,3,PAIR_812CAD62613029184904BB48,CLASSIFICATION_CONFLICT,50,55,source_section|source_table|source_column_label|subject_type,MERGE,"source_section: A left it blank on every row; B filled it. Kept where the page prints a heading above the content ('July 1, 2024 Transaction Price' and 'May 31, 2024 NAV Per Share' on page 1, 'Share Repurchase Request Update' on page 3, 'Status of our Current Public Offering' on page 4). Blanked where B repeated the table's own stub head ('Components of NAV', 'NAV Per Share'): that is the table's name, which source_table already carries, not a section heading printed above it, and pages 2 and 3 print no heading over those tables. source_table: B's printed name. A paraphrased the cover as 'Supplement No. 4 to the Prospectus', titled the page-1 table with its own column header 'Transaction Price (per share)', put the date column header into the components table's name ('Components of NAV May 31, 2024'), and fell back to UNTITLED_TABLE_n for two tables the page names in bold ('Components of NAV', 'NAV Per Share'). The page-2 assumptions table is the first untitled table on its page, so UNTITLED_TABLE_1. source_column_label: the printed column header 'May 31, 2024' / 'April 30, 2024'. A repeated the whole header line 'Components of NAV May 31, 2024', which is the stub head plus the column header, not the column's own label. subject_type/subject_name: read off each row's own printed label (A). B typed 'fund' on 82 rows indiscriminately, including the four property types of the assumptions and sensitivity tables and the 'Total' column, which are not vehicles. The entity's own statement lines and the Total column are reporting_entity, the share classes are other_printed_scope, and the property types are asset_class. The Total column's subject is the reporting entity, not the word 'Total': it carries the same $9,694,639 the components table states for the entity.",RESOLVED,A+B+ADJUDICATOR,6fd8c243900f1595c3cdb0b4b5e44eacac39db50a5f75d39d13626fd3a8ed5e0
f542da781d62c2c166e5,SRC247,3,PAIR_4160607B437B26B65121ED83,CLASSIFICATION_CONFLICT,51,56,source_section|source_table|source_column_label|subject_type,MERGE,"source_section: A left it blank on every row; B filled it. Kept where the page prints a heading above the content ('July 1, 2024 Transaction Price' and 'May 31, 2024 NAV Per Share' on page 1, 'Share Repurchase Request Update' on page 3, 'Status of our Current Public Offering' on page 4). Blanked where B repeated the table's own stub head ('Components of NAV', 'NAV Per Share'): that is the table's name, which source_table already carries, not a section heading printed above it, and pages 2 and 3 print no heading over those tables. source_table: B's printed name. A paraphrased the cover as 'Supplement No. 4 to the Prospectus', titled the page-1 table with its own column header 'Transaction Price (per share)', put the date column header into the components table's name ('Components of NAV May 31, 2024'), and fell back to UNTITLED_TABLE_n for two tables the page names in bold ('Components of NAV', 'NAV Per Share'). The page-2 assumptions table is the first untitled table on its page, so UNTITLED_TABLE_1. source_column_label: the printed column header 'May 31, 2024' / 'April 30, 2024'. A repeated the whole header line 'Components of NAV May 31, 2024', which is the stub head plus the column header, not the column's own label. subject_type/subject_name: read off each row's own printed label (A). B typed 'fund' on 82 rows indiscriminately, including the four property types of the assumptions and sensitivity tables and the 'Total' column, which are not vehicles. The entity's own statement lines and the Total column are reporting_entity, the share classes are other_printed_scope, and the property types are asset_class. The Total column's subject is the reporting entity, not the word 'Total': it carries the same $9,694,639 the components table states for the entity.; Source review: p3: Net asset value (The heading distinguishes the whole fund from separate share-class balances.) | p3: Net asset value (Printed heading or definition supporting the source-reviewed qualifier.)",RESOLVED,A+B+ADJUDICATOR,6fd8c243900f1595c3cdb0b4b5e44eacac39db50a5f75d39d13626fd3a8ed5e0
79cd1485cc4a03a39efa,SRC247,3,PAIR_8DEB9129DE54EBD19EA13C59,CLASSIFICATION_CONFLICT,52,57,source_section|source_table|source_column_label|subject_type,MERGE,"source_section: A left it blank on every row; B filled it. Kept where the page prints a heading above the content ('July 1, 2024 Transaction Price' and 'May 31, 2024 NAV Per Share' on page 1, 'Share Repurchase Request Update' on page 3, 'Status of our Current Public Offering' on page 4). Blanked where B repeated the table's own stub head ('Components of NAV', 'NAV Per Share'): that is the table's name, which source_table already carries, not a section heading printed above it, and pages 2 and 3 print no heading over those tables. source_table: B's printed name. A paraphrased the cover as 'Supplement No. 4 to the Prospectus', titled the page-1 table with its own column header 'Transaction Price (per share)', put the date column header into the components table's name ('Components of NAV May 31, 2024'), and fell back to UNTITLED_TABLE_n for two tables the page names in bold ('Components of NAV', 'NAV Per Share'). The page-2 assumptions table is the first untitled table on its page, so UNTITLED_TABLE_1. source_column_label: the printed column header 'May 31, 2024' / 'April 30, 2024'. A repeated the whole header line 'Components of NAV May 31, 2024', which is the stub head plus the column header, not the column's own label. subject_type/subject_name: read off each row's own printed label (A). B typed 'fund' on 82 rows indiscriminately, including the four property types of the assumptions and sensitivity tables and the 'Total' column, which are not vehicles. The entity's own statement lines and the Total column are reporting_entity, the share classes are other_printed_scope, and the property types are asset_class. The Total column's subject is the reporting entity, not the word 'Total': it carries the same $9,694,639 the components table states for the entity.",RESOLVED,A+B+ADJUDICATOR,6fd8c243900f1595c3cdb0b4b5e44eacac39db50a5f75d39d13626fd3a8ed5e0
209b40718dd5929bb7c7,SRC247,3,PAIR_9214888DED2680030986508F,CLASSIFICATION_CONFLICT,53,58,source_section|source_table|source_column_label|subject_type|unit,MERGE,"source_section: A left it blank on every row; B filled it. Kept where the page prints a heading above the content ('July 1, 2024 Transaction Price' and 'May 31, 2024 NAV Per Share' on page 1, 'Share Repurchase Request Update' on page 3, 'Status of our Current Public Offering' on page 4). Blanked where B repeated the table's own stub head ('Components of NAV', 'NAV Per Share'): that is the table's name, which source_table already carries, not a section heading printed above it, and pages 2 and 3 print no heading over those tables. source_table: B's printed name. A paraphrased the cover as 'Supplement No. 4 to the Prospectus', titled the page-1 table with its own column header 'Transaction Price (per share)', put the date column header into the components table's name ('Components of NAV May 31, 2024'), and fell back to UNTITLED_TABLE_n for two tables the page names in bold ('Components of NAV', 'NAV Per Share'). The page-2 assumptions table is the first untitled table on its page, so UNTITLED_TABLE_1. source_column_label: the printed column header 'May 31, 2024' / 'April 30, 2024'. A repeated the whole header line 'Components of NAV May 31, 2024', which is the stub head plus the column header, not the column's own label. subject_type/subject_name: read off each row's own printed label (A). B typed 'fund' on 82 rows indiscriminately, including the four property types of the assumptions and sensitivity tables and the 'Total' column, which are not vehicles. The entity's own statement lines and the Total column are reporting_entity, the share classes are other_printed_scope, and the property types are asset_class. The Total column's subject is the reporting entity, not the word 'Total': it carries the same $9,694,639 the components table states for the entity. unit: 'shares/units' on the share-count rows, whose own row label 'Number of outstanding shares/units' prints the unit, and blank on the NAV per share rows, where B put 'per share/unit'. That phrase comes from the scale banner '($ and shares/units in thousands, except per share/unit data)', which currency_scale already carries verbatim; a currency and a per-share denomination are not units of measure.",RESOLVED,A+B+ADJUDICATOR,6fd8c243900f1595c3cdb0b4b5e44eacac39db50a5f75d39d13626fd3a8ed5e0
fddde8708abafbaeab13,SRC247,3,PAIR_5D3DBC56E971DAED1C4E13BC,CLASSIFICATION_CONFLICT,54,59,source_section|source_table|source_column_label|subject_type,MERGE,"source_section: A left it blank on every row; B filled it. Kept where the page prints a heading above the content ('July 1, 2024 Transaction Price' and 'May 31, 2024 NAV Per Share' on page 1, 'Share Repurchase Request Update' on page 3, 'Status of our Current Public Offering' on page 4). Blanked where B repeated the table's own stub head ('Components of NAV', 'NAV Per Share'): that is the table's name, which source_table already carries, not a section heading printed above it, and pages 2 and 3 print no heading over those tables. source_table: B's printed name. A paraphrased the cover as 'Supplement No. 4 to the Prospectus', titled the page-1 table with its own column header 'Transaction Price (per share)', put the date column header into the components table's name ('Components of NAV May 31, 2024'), and fell back to UNTITLED_TABLE_n for two tables the page names in bold ('Components of NAV', 'NAV Per Share'). The page-2 assumptions table is the first untitled table on its page, so UNTITLED_TABLE_1. source_column_label: the printed column header 'May 31, 2024' / 'April 30, 2024'. A repeated the whole header line 'Components of NAV May 31, 2024', which is the stub head plus the column header, not the column's own label. subject_type/subject_name: read off each row's own printed label (A). B typed 'fund' on 82 rows indiscriminately, including the four property types of the assumptions and sensitivity tables and the 'Total' column, which are not vehicles. The entity's own statement lines and the Total column are reporting_entity, the share classes are other_printed_scope, and the property types are asset_class. The Total column's subject is the reporting entity, not the word 'Total': it carries the same $9,694,639 the components table states for the entity.",RESOLVED,A+B+ADJUDICATOR,6fd8c243900f1595c3cdb0b4b5e44eacac39db50a5f75d39d13626fd3a8ed5e0
656ce01278f5f86ce5e6,SRC247,3,PAIR_D9D5A2E7947416E08C10095D,CLASSIFICATION_CONFLICT,55,60,source_section|source_table|source_column_label|subject_type,MERGE,"source_section: A left it blank on every row; B filled it. Kept where the page prints a heading above the content ('July 1, 2024 Transaction Price' and 'May 31, 2024 NAV Per Share' on page 1, 'Share Repurchase Request Update' on page 3, 'Status of our Current Public Offering' on page 4). Blanked where B repeated the table's own stub head ('Components of NAV', 'NAV Per Share'): that is the table's name, which source_table already carries, not a section heading printed above it, and pages 2 and 3 print no heading over those tables. source_table: B's printed name. A paraphrased the cover as 'Supplement No. 4 to the Prospectus', titled the page-1 table with its own column header 'Transaction Price (per share)', put the date column header into the components table's name ('Components of NAV May 31, 2024'), and fell back to UNTITLED_TABLE_n for two tables the page names in bold ('Components of NAV', 'NAV Per Share'). The page-2 assumptions table is the first untitled table on its page, so UNTITLED_TABLE_1. source_column_label: the printed column header 'May 31, 2024' / 'April 30, 2024'. A repeated the whole header line 'Components of NAV May 31, 2024', which is the stub head plus the column header, not the column's own label. subject_type/subject_name: read off each row's own printed label (A). B typed 'fund' on 82 rows indiscriminately, including the four property types of the assumptions and sensitivity tables and the 'Total' column, which are not vehicles. The entity's own statement lines and the Total column are reporting_entity, the share classes are other_printed_scope, and the property types are asset_class. The Total column's subject is the reporting entity, not the word 'Total': it carries the same $9,694,639 the components table states for the entity.",RESOLVED,A+B+ADJUDICATOR,6fd8c243900f1595c3cdb0b4b5e44eacac39db50a5f75d39d13626fd3a8ed5e0
7402adc36e17de562e06,SRC247,3,PAIR_611CBF75B85AAA1494906E4B,CLASSIFICATION_CONFLICT,56,61,source_section|source_table|source_column_label|subject_type,MERGE,"source_section: A left it blank on every row; B filled it. Kept where the page prints a heading above the content ('July 1, 2024 Transaction Price' and 'May 31, 2024 NAV Per Share' on page 1, 'Share Repurchase Request Update' on page 3, 'Status of our Current Public Offering' on page 4). Blanked where B repeated the table's own stub head ('Components of NAV', 'NAV Per Share'): that is the table's name, which source_table already carries, not a section heading printed above it, and pages 2 and 3 print no heading over those tables. source_table: B's printed name. A paraphrased the cover as 'Supplement No. 4 to the Prospectus', titled the page-1 table with its own column header 'Transaction Price (per share)', put the date column header into the components table's name ('Components of NAV May 31, 2024'), and fell back to UNTITLED_TABLE_n for two tables the page names in bold ('Components of NAV', 'NAV Per Share'). The page-2 assumptions table is the first untitled table on its page, so UNTITLED_TABLE_1. source_column_label: the printed column header 'May 31, 2024' / 'April 30, 2024'. A repeated the whole header line 'Components of NAV May 31, 2024', which is the stub head plus the column header, not the column's own label. subject_type/subject_name: read off each row's own printed label (A). B typed 'fund' on 82 rows indiscriminately, including the four property types of the assumptions and sensitivity tables and the 'Total' column, which are not vehicles. The entity's own statement lines and the Total column are reporting_entity, the share classes are other_printed_scope, and the property types are asset_class. The Total column's subject is the reporting entity, not the word 'Total': it carries the same $9,694,639 the components table states for the entity.",RESOLVED,A+B+ADJUDICATOR,6fd8c243900f1595c3cdb0b4b5e44eacac39db50a5f75d39d13626fd3a8ed5e0
bd7fc98eb28d806033e5,SRC247,3,PAIR_72ABA595BB6E8B7887B958DE,CLASSIFICATION_CONFLICT,57,62,source_section|source_table|source_column_label|subject_type,MERGE,"source_section: A left it blank on every row; B filled it. Kept where the page prints a heading above the content ('July 1, 2024 Transaction Price' and 'May 31, 2024 NAV Per Share' on page 1, 'Share Repurchase Request Update' on page 3, 'Status of our Current Public Offering' on page 4). Blanked where B repeated the table's own stub head ('Components of NAV', 'NAV Per Share'): that is the table's name, which source_table already carries, not a section heading printed above it, and pages 2 and 3 print no heading over those tables. source_table: B's printed name. A paraphrased the cover as 'Supplement No. 4 to the Prospectus', titled the page-1 table with its own column header 'Transaction Price (per share)', put the date column header into the components table's name ('Components of NAV May 31, 2024'), and fell back to UNTITLED_TABLE_n for two tables the page names in bold ('Components of NAV', 'NAV Per Share'). The page-2 assumptions table is the first untitled table on its page, so UNTITLED_TABLE_1. source_column_label: the printed column header 'May 31, 2024' / 'April 30, 2024'. A repeated the whole header line 'Components of NAV May 31, 2024', which is the stub head plus the column header, not the column's own label. subject_type/subject_name: read off each row's own printed label (A). B typed 'fund' on 82 rows indiscriminately, including the four property types of the assumptions and sensitivity tables and the 'Total' column, which are not vehicles. The entity's own statement lines and the Total column are reporting_entity, the share classes are other_printed_scope, and the property types are asset_class. The Total column's subject is the reporting entity, not the word 'Total': it carries the same $9,694,639 the components table states for the entity.",RESOLVED,A+B+ADJUDICATOR,6fd8c243900f1595c3cdb0b4b5e44eacac39db50a5f75d39d13626fd3a8ed5e0
60304bcf9f17ba991205,SRC247,3,PAIR_9CB8838AC89E61641FA10662,CLASSIFICATION_CONFLICT,58,63,source_section|source_table|source_column_label|subject_type,MERGE,"source_section: A left it blank on every row; B filled it. Kept where the page prints a heading above the content ('July 1, 2024 Transaction Price' and 'May 31, 2024 NAV Per Share' on page 1, 'Share Repurchase Request Update' on page 3, 'Status of our Current Public Offering' on page 4). Blanked where B repeated the table's own stub head ('Components of NAV', 'NAV Per Share'): that is the table's name, which source_table already carries, not a section heading printed above it, and pages 2 and 3 print no heading over those tables. source_table: B's printed name. A paraphrased the cover as 'Supplement No. 4 to the Prospectus', titled the page-1 table with its own column header 'Transaction Price (per share)', put the date column header into the components table's name ('Components of NAV May 31, 2024'), and fell back to UNTITLED_TABLE_n for two tables the page names in bold ('Components of NAV', 'NAV Per Share'). The page-2 assumptions table is the first untitled table on its page, so UNTITLED_TABLE_1. source_column_label: the printed column header 'May 31, 2024' / 'April 30, 2024'. A repeated the whole header line 'Components of NAV May 31, 2024', which is the stub head plus the column header, not the column's own label. subject_type/subject_name: read off each row's own printed label (A). B typed 'fund' on 82 rows indiscriminately, including the four property types of the assumptions and sensitivity tables and the 'Total' column, which are not vehicles. The entity's own statement lines and the Total column are reporting_entity, the share classes are other_printed_scope, and the property types are asset_class. The Total column's subject is the reporting entity, not the word 'Total': it carries the same $9,694,639 the components table states for the entity.",RESOLVED,A+B+ADJUDICATOR,6fd8c243900f1595c3cdb0b4b5e44eacac39db50a5f75d39d13626fd3a8ed5e0
15752cc3f89573baf82f,SRC247,3,PAIR_34B7209C06461A99B3E23BF1,CLASSIFICATION_CONFLICT,77,64,source_section|source_table|subject_type|subject_name|unit,MERGE,"source_section: A left it blank on every row; B filled it. Kept where the page prints a heading above the content ('July 1, 2024 Transaction Price' and 'May 31, 2024 NAV Per Share' on page 1, 'Share Repurchase Request Update' on page 3, 'Status of our Current Public Offering' on page 4). Blanked where B repeated the table's own stub head ('Components of NAV', 'NAV Per Share'): that is the table's name, which source_table already carries, not a section heading printed above it, and pages 2 and 3 print no heading over those tables. source_table: B's printed name. A paraphrased the cover as 'Supplement No. 4 to the Prospectus', titled the page-1 table with its own column header 'Transaction Price (per share)', put the date column header into the components table's name ('Components of NAV May 31, 2024'), and fell back to UNTITLED_TABLE_n for two tables the page names in bold ('Components of NAV', 'NAV Per Share'). The page-2 assumptions table is the first untitled table on its page, so UNTITLED_TABLE_1. subject_type/subject_name: read off each row's own printed label (A). B typed 'fund' on 82 rows indiscriminately, including the four property types of the assumptions and sensitivity tables and the 'Total' column, which are not vehicles. The entity's own statement lines and the Total column are reporting_entity, the share classes are other_printed_scope, and the property types are asset_class. The Total column's subject is the reporting entity, not the word 'Total': it carries the same $9,694,639 the components table states for the entity. unit: 'shares/units' on the share-count rows, whose own row label 'Number of outstanding shares/units' prints the unit, and blank on the NAV per share rows, where B put 'per share/unit'. That phrase comes from the scale banner '($ and shares/units in thousands, except per share/unit data)', which currency_scale already carries verbatim; a currency and a per-share denomination are not units of measure.",RESOLVED,A+B+ADJUDICATOR,6fd8c243900f1595c3cdb0b4b5e44eacac39db50a5f75d39d13626fd3a8ed5e0
f77253a8554761addebd,SRC247,3,PAIR_4535E019A3D1B0DFE91CFCDA,CLASSIFICATION_CONFLICT,78,65,source_section|source_table|subject_type|subject_name|unit,MERGE,"source_section: A left it blank on every row; B filled it. Kept where the page prints a heading above the content ('July 1, 2024 Transaction Price' and 'May 31, 2024 NAV Per Share' on page 1, 'Share Repurchase Request Update' on page 3, 'Status of our Current Public Offering' on page 4). Blanked where B repeated the table's own stub head ('Components of NAV', 'NAV Per Share'): that is the table's name, which source_table already carries, not a section heading printed above it, and pages 2 and 3 print no heading over those tables. source_table: B's printed name. A paraphrased the cover as 'Supplement No. 4 to the Prospectus', titled the page-1 table with its own column header 'Transaction Price (per share)', put the date column header into the components table's name ('Components of NAV May 31, 2024'), and fell back to UNTITLED_TABLE_n for two tables the page names in bold ('Components of NAV', 'NAV Per Share'). The page-2 assumptions table is the first untitled table on its page, so UNTITLED_TABLE_1. subject_type/subject_name: read off each row's own printed label (A). B typed 'fund' on 82 rows indiscriminately, including the four property types of the assumptions and sensitivity tables and the 'Total' column, which are not vehicles. The entity's own statement lines and the Total column are reporting_entity, the share classes are other_printed_scope, and the property types are asset_class. The Total column's subject is the reporting entity, not the word 'Total': it carries the same $9,694,639 the components table states for the entity. unit: 'shares/units' on the share-count rows, whose own row label 'Number of outstanding shares/units' prints the unit, and blank on the NAV per share rows, where B put 'per share/unit'. That phrase comes from the scale banner '($ and shares/units in thousands, except per share/unit data)', which currency_scale already carries verbatim; a currency and a per-share denomination are not units of measure.",RESOLVED,A+B+ADJUDICATOR,6fd8c243900f1595c3cdb0b4b5e44eacac39db50a5f75d39d13626fd3a8ed5e0
cab065cfcdb6f2cfb559,SRC247,3,PAIR_FFC54DA33265F55E6B59D0E6,CLASSIFICATION_CONFLICT,79,66,source_section|source_table|subject_type|subject_name|unit,MERGE,"source_section: A left it blank on every row; B filled it. Kept where the page prints a heading above the content ('July 1, 2024 Transaction Price' and 'May 31, 2024 NAV Per Share' on page 1, 'Share Repurchase Request Update' on page 3, 'Status of our Current Public Offering' on page 4). Blanked where B repeated the table's own stub head ('Components of NAV', 'NAV Per Share'): that is the table's name, which source_table already carries, not a section heading printed above it, and pages 2 and 3 print no heading over those tables. source_table: B's printed name. A paraphrased the cover as 'Supplement No. 4 to the Prospectus', titled the page-1 table with its own column header 'Transaction Price (per share)', put the date column header into the components table's name ('Components of NAV May 31, 2024'), and fell back to UNTITLED_TABLE_n for two tables the page names in bold ('Components of NAV', 'NAV Per Share'). The page-2 assumptions table is the first untitled table on its page, so UNTITLED_TABLE_1. subject_type/subject_name: read off each row's own printed label (A). B typed 'fund' on 82 rows indiscriminately, including the four property types of the assumptions and sensitivity tables and the 'Total' column, which are not vehicles. The entity's own statement lines and the Total column are reporting_entity, the share classes are other_printed_scope, and the property types are asset_class. The Total column's subject is the reporting entity, not the word 'Total': it carries the same $9,694,639 the components table states for the entity. unit: 'shares/units' on the share-count rows, whose own row label 'Number of outstanding shares/units' prints the unit, and blank on the NAV per share rows, where B put 'per share/unit'. That phrase comes from the scale banner '($ and shares/units in thousands, except per share/unit data)', which currency_scale already carries verbatim; a currency and a per-share denomination are not units of measure.",RESOLVED,A+B+ADJUDICATOR,6fd8c243900f1595c3cdb0b4b5e44eacac39db50a5f75d39d13626fd3a8ed5e0
60ef4c35a6583723046c,SRC247,3,PAIR_E1591F428BACE5AFB3B17652,CLASSIFICATION_CONFLICT,80,67,source_section|source_table|subject_type|subject_name|unit,MERGE,"source_section: A left it blank on every row; B filled it. Kept where the page prints a heading above the content ('July 1, 2024 Transaction Price' and 'May 31, 2024 NAV Per Share' on page 1, 'Share Repurchase Request Update' on page 3, 'Status of our Current Public Offering' on page 4). Blanked where B repeated the table's own stub head ('Components of NAV', 'NAV Per Share'): that is the table's name, which source_table already carries, not a section heading printed above it, and pages 2 and 3 print no heading over those tables. source_table: B's printed name. A paraphrased the cover as 'Supplement No. 4 to the Prospectus', titled the page-1 table with its own column header 'Transaction Price (per share)', put the date column header into the components table's name ('Components of NAV May 31, 2024'), and fell back to UNTITLED_TABLE_n for two tables the page names in bold ('Components of NAV', 'NAV Per Share'). The page-2 assumptions table is the first untitled table on its page, so UNTITLED_TABLE_1. subject_type/subject_name: read off each row's own printed label (A). B typed 'fund' on 82 rows indiscriminately, including the four property types of the assumptions and sensitivity tables and the 'Total' column, which are not vehicles. The entity's own statement lines and the Total column are reporting_entity, the share classes are other_printed_scope, and the property types are asset_class. The Total column's subject is the reporting entity, not the word 'Total': it carries the same $9,694,639 the components table states for the entity. unit: 'shares/units' on the share-count rows, whose own row label 'Number of outstanding shares/units' prints the unit, and blank on the NAV per share rows, where B put 'per share/unit'. That phrase comes from the scale banner '($ and shares/units in thousands, except per share/unit data)', which currency_scale already carries verbatim; a currency and a per-share denomination are not units of measure.",RESOLVED,A+B+ADJUDICATOR,6fd8c243900f1595c3cdb0b4b5e44eacac39db50a5f75d39d13626fd3a8ed5e0
cfa1b54c3cb02f7c40ea,SRC247,3,PAIR_38B62CAD0D618207A7B3127B,CLASSIFICATION_CONFLICT,81,68,source_section|source_table|subject_type|unit,MERGE,"source_section: A left it blank on every row; B filled it. Kept where the page prints a heading above the content ('July 1, 2024 Transaction Price' and 'May 31, 2024 NAV Per Share' on page 1, 'Share Repurchase Request Update' on page 3, 'Status of our Current Public Offering' on page 4). Blanked where B repeated the table's own stub head ('Components of NAV', 'NAV Per Share'): that is the table's name, which source_table already carries, not a section heading printed above it, and pages 2 and 3 print no heading over those tables. source_table: B's printed name. A paraphrased the cover as 'Supplement No. 4 to the Prospectus', titled the page-1 table with its own column header 'Transaction Price (per share)', put the date column header into the components table's name ('Components of NAV May 31, 2024'), and fell back to UNTITLED_TABLE_n for two tables the page names in bold ('Components of NAV', 'NAV Per Share'). The page-2 assumptions table is the first untitled table on its page, so UNTITLED_TABLE_1. subject_type/subject_name: read off each row's own printed label (A). B typed 'fund' on 82 rows indiscriminately, including the four property types of the assumptions and sensitivity tables and the 'Total' column, which are not vehicles. The entity's own statement lines and the Total column are reporting_entity, the share classes are other_printed_scope, and the property types are asset_class. The Total column's subject is the reporting entity, not the word 'Total': it carries the same $9,694,639 the components table states for the entity. unit: 'shares/units' on the share-count rows, whose own row label 'Number of outstanding shares/units' prints the unit, and blank on the NAV per share rows, where B put 'per share/unit'. That phrase comes from the scale banner '($ and shares/units in thousands, except per share/unit data)', which currency_scale already carries verbatim; a currency and a per-share denomination are not units of measure.",RESOLVED,A+B+ADJUDICATOR,6fd8c243900f1595c3cdb0b4b5e44eacac39db50a5f75d39d13626fd3a8ed5e0
46c3cfc5f9198f4712d6,SRC247,3,PAIR_4A3CF07322DE6D722254B5B1,VALUE_CONFLICT,82,69,source_section|source_table|subject_type|subject_name|metric_category|metric_value_raw,MERGE,"source_section: A left it blank on every row; B filled it. Kept where the page prints a heading above the content ('July 1, 2024 Transaction Price' and 'May 31, 2024 NAV Per Share' on page 1, 'Share Repurchase Request Update' on page 3, 'Status of our Current Public Offering' on page 4). Blanked where B repeated the table's own stub head ('Components of NAV', 'NAV Per Share'): that is the table's name, which source_table already carries, not a section heading printed above it, and pages 2 and 3 print no heading over those tables. source_table: B's printed name. A paraphrased the cover as 'Supplement No. 4 to the Prospectus', titled the page-1 table with its own column header 'Transaction Price (per share)', put the date column header into the components table's name ('Components of NAV May 31, 2024'), and fell back to UNTITLED_TABLE_n for two tables the page names in bold ('Components of NAV', 'NAV Per Share'). The page-2 assumptions table is the first untitled table on its page, so UNTITLED_TABLE_1. metric_value_raw: the page prints '$ 4,204,636' and B keeps the printed '$'; A stripped it. The value column is raw and the only normalisation is closing the gap after the symbol, so B's form is right on all twelve Net asset value cells of the two by-class tables. subject_type/subject_name: read off each row's own printed label (A). B typed 'fund' on 82 rows indiscriminately, including the four property types of the assumptions and sensitivity tables and the 'Total' column, which are not vehicles. The entity's own statement lines and the Total column are reporting_entity, the share classes are other_printed_scope, and the property types are asset_class. The Total column's subject is the reporting entity, not the word 'Total': it carries the same $9,694,639 the components table states for the entity. metric_category: the by-class table's 'Net asset value' row is nav, not B's nav_component. A class's net asset value is a NAV; nav_component is for the line items that build NAV up, and B itself typed the identically labelled row in the components table as nav.; Source review: p3: Net asset value (The heading distinguishes the whole fund from separate share-class balances.) | p3: Net asset value (Printed heading or definition supporting the source-reviewed qualifier.)",RESOLVED,A+B+ADJUDICATOR,6fd8c243900f1595c3cdb0b4b5e44eacac39db50a5f75d39d13626fd3a8ed5e0
8baa1f996b53130e46e3,SRC247,3,PAIR_C1ABDE86DE54E78A7FAAA526,VALUE_CONFLICT,83,70,source_section|source_table|subject_type|subject_name|metric_category|metric_value_raw,MERGE,"source_section: A left it blank on every row; B filled it. Kept where the page prints a heading above the content ('July 1, 2024 Transaction Price' and 'May 31, 2024 NAV Per Share' on page 1, 'Share Repurchase Request Update' on page 3, 'Status of our Current Public Offering' on page 4). Blanked where B repeated the table's own stub head ('Components of NAV', 'NAV Per Share'): that is the table's name, which source_table already carries, not a section heading printed above it, and pages 2 and 3 print no heading over those tables. source_table: B's printed name. A paraphrased the cover as 'Supplement No. 4 to the Prospectus', titled the page-1 table with its own column header 'Transaction Price (per share)', put the date column header into the components table's name ('Components of NAV May 31, 2024'), and fell back to UNTITLED_TABLE_n for two tables the page names in bold ('Components of NAV', 'NAV Per Share'). The page-2 assumptions table is the first untitled table on its page, so UNTITLED_TABLE_1. metric_value_raw: the page prints '$ 4,204,636' and B keeps the printed '$'; A stripped it. The value column is raw and the only normalisation is closing the gap after the symbol, so B's form is right on all twelve Net asset value cells of the two by-class tables. subject_type/subject_name: read off each row's own printed label (A). B typed 'fund' on 82 rows indiscriminately, including the four property types of the assumptions and sensitivity tables and the 'Total' column, which are not vehicles. The entity's own statement lines and the Total column are reporting_entity, the share classes are other_printed_scope, and the property types are asset_class. The Total column's subject is the reporting entity, not the word 'Total': it carries the same $9,694,639 the components table states for the entity. metric_category: the by-class table's 'Net asset value' row is nav, not B's nav_component. A class's net asset value is a NAV; nav_component is for the line items that build NAV up, and B itself typed the identically labelled row in the components table as nav.; Source review: p3: Net asset value (The heading distinguishes the whole fund from separate share-class balances.) | p3: Net asset value (Printed heading or definition supporting the source-reviewed qualifier.)",RESOLVED,A+B+ADJUDICATOR,6fd8c243900f1595c3cdb0b4b5e44eacac39db50a5f75d39d13626fd3a8ed5e0
172b5f09672a9c3617d3,SRC247,3,PAIR_56E849541D83CC544B684677,VALUE_CONFLICT,84,71,source_section|source_table|subject_type|subject_name|metric_category|metric_value_raw,MERGE,"source_section: A left it blank on every row; B filled it. Kept where the page prints a heading above the content ('July 1, 2024 Transaction Price' and 'May 31, 2024 NAV Per Share' on page 1, 'Share Repurchase Request Update' on page 3, 'Status of our Current Public Offering' on page 4). Blanked where B repeated the table's own stub head ('Components of NAV', 'NAV Per Share'): that is the table's name, which source_table already carries, not a section heading printed above it, and pages 2 and 3 print no heading over those tables. source_table: B's printed name. A paraphrased the cover as 'Supplement No. 4 to the Prospectus', titled the page-1 table with its own column header 'Transaction Price (per share)', put the date column header into the components table's name ('Components of NAV May 31, 2024'), and fell back to UNTITLED_TABLE_n for two tables the page names in bold ('Components of NAV', 'NAV Per Share'). The page-2 assumptions table is the first untitled table on its page, so UNTITLED_TABLE_1. metric_value_raw: the page prints '$ 4,204,636' and B keeps the printed '$'; A stripped it. The value column is raw and the only normalisation is closing the gap after the symbol, so B's form is right on all twelve Net asset value cells of the two by-class tables. subject_type/subject_name: read off each row's own printed label (A). B typed 'fund' on 82 rows indiscriminately, including the four property types of the assumptions and sensitivity tables and the 'Total' column, which are not vehicles. The entity's own statement lines and the Total column are reporting_entity, the share classes are other_printed_scope, and the property types are asset_class. The Total column's subject is the reporting entity, not the word 'Total': it carries the same $9,694,639 the components table states for the entity. metric_category: the by-class table's 'Net asset value' row is nav, not B's nav_component. A class's net asset value is a NAV; nav_component is for the line items that build NAV up, and B itself typed the identically labelled row in the components table as nav.; Source review: p3: Net asset value (The heading distinguishes the whole fund from separate share-class balances.) | p3: Net asset value (Printed heading or definition supporting the source-reviewed qualifier.)",RESOLVED,A+B+ADJUDICATOR,6fd8c243900f1595c3cdb0b4b5e44eacac39db50a5f75d39d13626fd3a8ed5e0
3d9861e0e8019657f9f6,SRC247,3,PAIR_0A565EDD85DA6FE56EDAC977,VALUE_CONFLICT,85,72,source_section|source_table|subject_type|subject_name|metric_category|metric_value_raw,MERGE,"source_section: A left it blank on every row; B filled it. Kept where the page prints a heading above the content ('July 1, 2024 Transaction Price' and 'May 31, 2024 NAV Per Share' on page 1, 'Share Repurchase Request Update' on page 3, 'Status of our Current Public Offering' on page 4). Blanked where B repeated the table's own stub head ('Components of NAV', 'NAV Per Share'): that is the table's name, which source_table already carries, not a section heading printed above it, and pages 2 and 3 print no heading over those tables. source_table: B's printed name. A paraphrased the cover as 'Supplement No. 4 to the Prospectus', titled the page-1 table with its own column header 'Transaction Price (per share)', put the date column header into the components table's name ('Components of NAV May 31, 2024'), and fell back to UNTITLED_TABLE_n for two tables the page names in bold ('Components of NAV', 'NAV Per Share'). The page-2 assumptions table is the first untitled table on its page, so UNTITLED_TABLE_1. metric_value_raw: the page prints '$ 4,204,636' and B keeps the printed '$'; A stripped it. The value column is raw and the only normalisation is closing the gap after the symbol, so B's form is right on all twelve Net asset value cells of the two by-class tables. subject_type/subject_name: read off each row's own printed label (A). B typed 'fund' on 82 rows indiscriminately, including the four property types of the assumptions and sensitivity tables and the 'Total' column, which are not vehicles. The entity's own statement lines and the Total column are reporting_entity, the share classes are other_printed_scope, and the property types are asset_class. The Total column's subject is the reporting entity, not the word 'Total': it carries the same $9,694,639 the components table states for the entity. metric_category: the by-class table's 'Net asset value' row is nav, not B's nav_component. A class's net asset value is a NAV; nav_component is for the line items that build NAV up, and B itself typed the identically labelled row in the components table as nav.; Source review: p3: Net asset value (The heading distinguishes the whole fund from separate share-class balances.) | p3: Net asset value (Printed heading or definition supporting the source-reviewed qualifier.)",RESOLVED,A+B+ADJUDICATOR,6fd8c243900f1595c3cdb0b4b5e44eacac39db50a5f75d39d13626fd3a8ed5e0
a87919dbb437dee012e2,SRC247,3,PAIR_FA030AF9D8FFC48A164F3163,VALUE_CONFLICT,86,73,source_section|source_table|subject_type|metric_category|metric_value_raw,MERGE,"source_section: A left it blank on every row; B filled it. Kept where the page prints a heading above the content ('July 1, 2024 Transaction Price' and 'May 31, 2024 NAV Per Share' on page 1, 'Share Repurchase Request Update' on page 3, 'Status of our Current Public Offering' on page 4). Blanked where B repeated the table's own stub head ('Components of NAV', 'NAV Per Share'): that is the table's name, which source_table already carries, not a section heading printed above it, and pages 2 and 3 print no heading over those tables. source_table: B's printed name. A paraphrased the cover as 'Supplement No. 4 to the Prospectus', titled the page-1 table with its own column header 'Transaction Price (per share)', put the date column header into the components table's name ('Components of NAV May 31, 2024'), and fell back to UNTITLED_TABLE_n for two tables the page names in bold ('Components of NAV', 'NAV Per Share'). The page-2 assumptions table is the first untitled table on its page, so UNTITLED_TABLE_1. metric_value_raw: the page prints '$ 4,204,636' and B keeps the printed '$'; A stripped it. The value column is raw and the only normalisation is closing the gap after the symbol, so B's form is right on all twelve Net asset value cells of the two by-class tables. subject_type/subject_name: read off each row's own printed label (A). B typed 'fund' on 82 rows indiscriminately, including the four property types of the assumptions and sensitivity tables and the 'Total' column, which are not vehicles. The entity's own statement lines and the Total column are reporting_entity, the share classes are other_printed_scope, and the property types are asset_class. The Total column's subject is the reporting entity, not the word 'Total': it carries the same $9,694,639 the components table states for the entity. metric_category: the by-class table's 'Net asset value' row is nav, not B's nav_component. A class's net asset value is a NAV; nav_component is for the line items that build NAV up, and B itself typed the identically labelled row in the components table as nav.; Source review: p3: Net asset value (The heading distinguishes the whole fund from separate share-class balances.) | p3: Net asset value (Printed heading or definition supporting the source-reviewed qualifier.)",RESOLVED,A+B+ADJUDICATOR,6fd8c243900f1595c3cdb0b4b5e44eacac39db50a5f75d39d13626fd3a8ed5e0
8fca710359498dd7f538,SRC247,3,PAIR_ABB46360D3B6E6ABABAE69C7,VALUE_CONFLICT,87,74,source_section|source_table|subject_type|subject_name|metric_category|metric_value_raw,MERGE,"source_section: A left it blank on every row; B filled it. Kept where the page prints a heading above the content ('July 1, 2024 Transaction Price' and 'May 31, 2024 NAV Per Share' on page 1, 'Share Repurchase Request Update' on page 3, 'Status of our Current Public Offering' on page 4). Blanked where B repeated the table's own stub head ('Components of NAV', 'NAV Per Share'): that is the table's name, which source_table already carries, not a section heading printed above it, and pages 2 and 3 print no heading over those tables. source_table: B's printed name. A paraphrased the cover as 'Supplement No. 4 to the Prospectus', titled the page-1 table with its own column header 'Transaction Price (per share)', put the date column header into the components table's name ('Components of NAV May 31, 2024'), and fell back to UNTITLED_TABLE_n for two tables the page names in bold ('Components of NAV', 'NAV Per Share'). The page-2 assumptions table is the first untitled table on its page, so UNTITLED_TABLE_1. metric_value_raw: the page prints '$ 4,204,636' and B keeps the printed '$'; A stripped it. The value column is raw and the only normalisation is closing the gap after the symbol, so B's form is right on all twelve Net asset value cells of the two by-class tables. subject_type/subject_name: read off each row's own printed label (A). B typed 'fund' on 82 rows indiscriminately, including the four property types of the assumptions and sensitivity tables and the 'Total' column, which are not vehicles. The entity's own statement lines and the Total column are reporting_entity, the share classes are other_printed_scope, and the property types are asset_class. The Total column's subject is the reporting entity, not the word 'Total': it carries the same $9,694,639 the components table states for the entity. metric_category: the by-class table's 'Net asset value' row is nav, not B's nav_component. A class's net asset value is a NAV; nav_component is for the line items that build NAV up, and B itself typed the identically labelled row in the components table as nav.; Source review: p3: Net asset value (The heading distinguishes the whole fund from separate share-class balances.) | p3: Net asset value (Printed heading or definition supporting the source-reviewed qualifier.)",RESOLVED,A+B+ADJUDICATOR,6fd8c243900f1595c3cdb0b4b5e44eacac39db50a5f75d39d13626fd3a8ed5e0
4b0f0621b0c99dc2601b,SRC247,3,PAIR_D6E7A07B1078552001E80C86,CLASSIFICATION_CONFLICT,88,75,source_section|source_table|subject_type|subject_name|unit,MERGE,"source_section: A left it blank on every row; B filled it. Kept where the page prints a heading above the content ('July 1, 2024 Transaction Price' and 'May 31, 2024 NAV Per Share' on page 1, 'Share Repurchase Request Update' on page 3, 'Status of our Current Public Offering' on page 4). Blanked where B repeated the table's own stub head ('Components of NAV', 'NAV Per Share'): that is the table's name, which source_table already carries, not a section heading printed above it, and pages 2 and 3 print no heading over those tables. source_table: B's printed name. A paraphrased the cover as 'Supplement No. 4 to the Prospectus', titled the page-1 table with its own column header 'Transaction Price (per share)', put the date column header into the components table's name ('Components of NAV May 31, 2024'), and fell back to UNTITLED_TABLE_n for two tables the page names in bold ('Components of NAV', 'NAV Per Share'). The page-2 assumptions table is the first untitled table on its page, so UNTITLED_TABLE_1. subject_type/subject_name: read off each row's own printed label (A). B typed 'fund' on 82 rows indiscriminately, including the four property types of the assumptions and sensitivity tables and the 'Total' column, which are not vehicles. The entity's own statement lines and the Total column are reporting_entity, the share classes are other_printed_scope, and the property types are asset_class. The Total column's subject is the reporting entity, not the word 'Total': it carries the same $9,694,639 the components table states for the entity. unit: 'shares/units' on the share-count rows, whose own row label 'Number of outstanding shares/units' prints the unit, and blank on the NAV per share rows, where B put 'per share/unit'. That phrase comes from the scale banner '($ and shares/units in thousands, except per share/unit data)', which currency_scale already carries verbatim; a currency and a per-share denomination are not units of measure.",RESOLVED,A+B+ADJUDICATOR,6fd8c243900f1595c3cdb0b4b5e44eacac39db50a5f75d39d13626fd3a8ed5e0
faa280ff2f0b1044a1eb,SRC247,3,PAIR_6B269D04569DC49A9CEA1604,CLASSIFICATION_CONFLICT,89,76,source_section|source_table|subject_type|subject_name|unit,MERGE,"source_section: A left it blank on every row; B filled it. Kept where the page prints a heading above the content ('July 1, 2024 Transaction Price' and 'May 31, 2024 NAV Per Share' on page 1, 'Share Repurchase Request Update' on page 3, 'Status of our Current Public Offering' on page 4). Blanked where B repeated the table's own stub head ('Components of NAV', 'NAV Per Share'): that is the table's name, which source_table already carries, not a section heading printed above it, and pages 2 and 3 print no heading over those tables. source_table: B's printed name. A paraphrased the cover as 'Supplement No. 4 to the Prospectus', titled the page-1 table with its own column header 'Transaction Price (per share)', put the date column header into the components table's name ('Components of NAV May 31, 2024'), and fell back to UNTITLED_TABLE_n for two tables the page names in bold ('Components of NAV', 'NAV Per Share'). The page-2 assumptions table is the first untitled table on its page, so UNTITLED_TABLE_1. subject_type/subject_name: read off each row's own printed label (A). B typed 'fund' on 82 rows indiscriminately, including the four property types of the assumptions and sensitivity tables and the 'Total' column, which are not vehicles. The entity's own statement lines and the Total column are reporting_entity, the share classes are other_printed_scope, and the property types are asset_class. The Total column's subject is the reporting entity, not the word 'Total': it carries the same $9,694,639 the components table states for the entity. unit: 'shares/units' on the share-count rows, whose own row label 'Number of outstanding shares/units' prints the unit, and blank on the NAV per share rows, where B put 'per share/unit'. That phrase comes from the scale banner '($ and shares/units in thousands, except per share/unit data)', which currency_scale already carries verbatim; a currency and a per-share denomination are not units of measure.",RESOLVED,A+B+ADJUDICATOR,6fd8c243900f1595c3cdb0b4b5e44eacac39db50a5f75d39d13626fd3a8ed5e0
d1e6dfd03dc4e7ed29ae,SRC247,3,PAIR_D88D215483CFC92E0824FFA8,CLASSIFICATION_CONFLICT,90,77,source_section|source_table|subject_type|subject_name|unit,MERGE,"source_section: A left it blank on every row; B filled it. Kept where the page prints a heading above the content ('July 1, 2024 Transaction Price' and 'May 31, 2024 NAV Per Share' on page 1, 'Share Repurchase Request Update' on page 3, 'Status of our Current Public Offering' on page 4). Blanked where B repeated the table's own stub head ('Components of NAV', 'NAV Per Share'): that is the table's name, which source_table already carries, not a section heading printed above it, and pages 2 and 3 print no heading over those tables. source_table: B's printed name. A paraphrased the cover as 'Supplement No. 4 to the Prospectus', titled the page-1 table with its own column header 'Transaction Price (per share)', put the date column header into the components table's name ('Components of NAV May 31, 2024'), and fell back to UNTITLED_TABLE_n for two tables the page names in bold ('Components of NAV', 'NAV Per Share'). The page-2 assumptions table is the first untitled table on its page, so UNTITLED_TABLE_1. subject_type/subject_name: read off each row's own printed label (A). B typed 'fund' on 82 rows indiscriminately, including the four property types of the assumptions and sensitivity tables and the 'Total' column, which are not vehicles. The entity's own statement lines and the Total column are reporting_entity, the share classes are other_printed_scope, and the property types are asset_class. The Total column's subject is the reporting entity, not the word 'Total': it carries the same $9,694,639 the components table states for the entity. unit: 'shares/units' on the share-count rows, whose own row label 'Number of outstanding shares/units' prints the unit, and blank on the NAV per share rows, where B put 'per share/unit'. That phrase comes from the scale banner '($ and shares/units in thousands, except per share/unit data)', which currency_scale already carries verbatim; a currency and a per-share denomination are not units of measure.",RESOLVED,A+B+ADJUDICATOR,6fd8c243900f1595c3cdb0b4b5e44eacac39db50a5f75d39d13626fd3a8ed5e0
234229db83f42d8e12c0,SRC247,3,PAIR_10B6387E85B1E5B51926B2DF,CLASSIFICATION_CONFLICT,91,78,source_section|source_table|subject_type|subject_name|unit,MERGE,"source_section: A left it blank on every row; B filled it. Kept where the page prints a heading above the content ('July 1, 2024 Transaction Price' and 'May 31, 2024 NAV Per Share' on page 1, 'Share Repurchase Request Update' on page 3, 'Status of our Current Public Offering' on page 4). Blanked where B repeated the table's own stub head ('Components of NAV', 'NAV Per Share'): that is the table's name, which source_table already carries, not a section heading printed above it, and pages 2 and 3 print no heading over those tables. source_table: B's printed name. A paraphrased the cover as 'Supplement No. 4 to the Prospectus', titled the page-1 table with its own column header 'Transaction Price (per share)', put the date column header into the components table's name ('Components of NAV May 31, 2024'), and fell back to UNTITLED_TABLE_n for two tables the page names in bold ('Components of NAV', 'NAV Per Share'). The page-2 assumptions table is the first untitled table on its page, so UNTITLED_TABLE_1. subject_type/subject_name: read off each row's own printed label (A). B typed 'fund' on 82 rows indiscriminately, including the four property types of the assumptions and sensitivity tables and the 'Total' column, which are not vehicles. The entity's own statement lines and the Total column are reporting_entity, the share classes are other_printed_scope, and the property types are asset_class. The Total column's subject is the reporting entity, not the word 'Total': it carries the same $9,694,639 the components table states for the entity. unit: 'shares/units' on the share-count rows, whose own row label 'Number of outstanding shares/units' prints the unit, and blank on the NAV per share rows, where B put 'per share/unit'. That phrase comes from the scale banner '($ and shares/units in thousands, except per share/unit data)', which currency_scale already carries verbatim; a currency and a per-share denomination are not units of measure.",RESOLVED,A+B+ADJUDICATOR,6fd8c243900f1595c3cdb0b4b5e44eacac39db50a5f75d39d13626fd3a8ed5e0
4f05e272de47c971706a,SRC247,3,PAIR_452F5646FB3F4752D42F5EFC,CLASSIFICATION_CONFLICT,92,79,source_section|source_table|subject_type|unit,MERGE,"source_section: A left it blank on every row; B filled it. Kept where the page prints a heading above the content ('July 1, 2024 Transaction Price' and 'May 31, 2024 NAV Per Share' on page 1, 'Share Repurchase Request Update' on page 3, 'Status of our Current Public Offering' on page 4). Blanked where B repeated the table's own stub head ('Components of NAV', 'NAV Per Share'): that is the table's name, which source_table already carries, not a section heading printed above it, and pages 2 and 3 print no heading over those tables. source_table: B's printed name. A paraphrased the cover as 'Supplement No. 4 to the Prospectus', titled the page-1 table with its own column header 'Transaction Price (per share)', put the date column header into the components table's name ('Components of NAV May 31, 2024'), and fell back to UNTITLED_TABLE_n for two tables the page names in bold ('Components of NAV', 'NAV Per Share'). The page-2 assumptions table is the first untitled table on its page, so UNTITLED_TABLE_1. subject_type/subject_name: read off each row's own printed label (A). B typed 'fund' on 82 rows indiscriminately, including the four property types of the assumptions and sensitivity tables and the 'Total' column, which are not vehicles. The entity's own statement lines and the Total column are reporting_entity, the share classes are other_printed_scope, and the property types are asset_class. The Total column's subject is the reporting entity, not the word 'Total': it carries the same $9,694,639 the components table states for the entity. unit: 'shares/units' on the share-count rows, whose own row label 'Number of outstanding shares/units' prints the unit, and blank on the NAV per share rows, where B put 'per share/unit'. That phrase comes from the scale banner '($ and shares/units in thousands, except per share/unit data)', which currency_scale already carries verbatim; a currency and a per-share denomination are not units of measure.",RESOLVED,A+B+ADJUDICATOR,6fd8c243900f1595c3cdb0b4b5e44eacac39db50a5f75d39d13626fd3a8ed5e0
28cf879aadcb315b899b,SRC247,3,PAIR_AE0594BB7CB1A6E3C369CDB6,CLASSIFICATION_CONFLICT,93,80,source_section|source_table|subject_type|subject_name|unit,MERGE,"source_section: A left it blank on every row; B filled it. Kept where the page prints a heading above the content ('July 1, 2024 Transaction Price' and 'May 31, 2024 NAV Per Share' on page 1, 'Share Repurchase Request Update' on page 3, 'Status of our Current Public Offering' on page 4). Blanked where B repeated the table's own stub head ('Components of NAV', 'NAV Per Share'): that is the table's name, which source_table already carries, not a section heading printed above it, and pages 2 and 3 print no heading over those tables. source_table: B's printed name. A paraphrased the cover as 'Supplement No. 4 to the Prospectus', titled the page-1 table with its own column header 'Transaction Price (per share)', put the date column header into the components table's name ('Components of NAV May 31, 2024'), and fell back to UNTITLED_TABLE_n for two tables the page names in bold ('Components of NAV', 'NAV Per Share'). The page-2 assumptions table is the first untitled table on its page, so UNTITLED_TABLE_1. subject_type/subject_name: read off each row's own printed label (A). B typed 'fund' on 82 rows indiscriminately, including the four property types of the assumptions and sensitivity tables and the 'Total' column, which are not vehicles. The entity's own statement lines and the Total column are reporting_entity, the share classes are other_printed_scope, and the property types are asset_class. The Total column's subject is the reporting entity, not the word 'Total': it carries the same $9,694,639 the components table states for the entity. unit: 'shares/units' on the share-count rows, whose own row label 'Number of outstanding shares/units' prints the unit, and blank on the NAV per share rows, where B put 'per share/unit'. That phrase comes from the scale banner '($ and shares/units in thousands, except per share/unit data)', which currency_scale already carries verbatim; a currency and a per-share denomination are not units of measure.",RESOLVED,A+B+ADJUDICATOR,6fd8c243900f1595c3cdb0b4b5e44eacac39db50a5f75d39d13626fd3a8ed5e0
52e98b5aa292bb3a6ef8,SRC247,3,PAIR_AAE15B5A601613A78F1E67DB,B_ONLY,,81,,MERGE,"subject_type: the row's subject is the entity the supplement reports on, so reporting_entity; B typed it fund. metric_value_raw: B carried the sentence into the value ('0.33% of NAV per month'); the value holds the numeral and its printed symbol only, and unit takes the printed %.",RESOLVED,B+ADJUDICATOR,6fd8c243900f1595c3cdb0b4b5e44eacac39db50a5f75d39d13626fd3a8ed5e0
3dbbdbeb024ff3b450b1,SRC247,3,PAIR_E14B52F25AA364094E16152A,B_ONLY,,82,,MERGE,"subject_type: the row's subject is the entity the supplement reports on, so reporting_entity; B typed it fund. metric_value_raw: B carried the sentence into the value ('0.33% of NAV per month'); the value holds the numeral and its printed symbol only, and unit takes the printed %.",RESOLVED,B+ADJUDICATOR,6fd8c243900f1595c3cdb0b4b5e44eacac39db50a5f75d39d13626fd3a8ed5e0
61cad766de26416d4c0e,SRC247,3,PAIR_A7D83BDEEBFE5CDDD1AA91B5,CLASSIFICATION_CONFLICT,61,94,source_row_label|subject_type|subject_name|metric_name,MERGE,"subject_type/subject_name: read off each row's own printed label (A). B typed 'fund' on 82 rows indiscriminately, including the four property types of the assumptions and sensitivity tables and the 'Total' column, which are not vehicles. The entity's own statement lines and the Total column are reporting_entity, the share classes are other_printed_scope, and the property types are asset_class. The Total column's subject is the reporting entity, not the word 'Total': it carries the same $9,694,639 the components table states for the entity. Sensitivity table rebuilt from page-003.png. The row is identified by two printed stub cells, the Input label wrapped over two lines as 'Discount Rate' / '(weighted average)' and the scenario in the Hypothetical Change column, so the row label carries both (A). B kept the second physical line alone, which leaves '(weighted average)' as the row label and as the subject and pushes the scenario onto source_occurrence, where a reader cannot see it; nav_observation admits no condition_raw to hold it instead. metric_name is the leaf column header, the investment values whose change the cell states, and the subject is the property type, not the input.",RESOLVED,A+B+ADJUDICATOR,6fd8c243900f1595c3cdb0b4b5e44eacac39db50a5f75d39d13626fd3a8ed5e0
d4ade5d1b04aa282c17f,SRC247,3,PAIR_45FFA575F4B4DA8BACF3A44E,CLASSIFICATION_CONFLICT,62,95,source_row_label|subject_type|subject_name|metric_name,MERGE,"subject_type/subject_name: read off each row's own printed label (A). B typed 'fund' on 82 rows indiscriminately, including the four property types of the assumptions and sensitivity tables and the 'Total' column, which are not vehicles. The entity's own statement lines and the Total column are reporting_entity, the share classes are other_printed_scope, and the property types are asset_class. The Total column's subject is the reporting entity, not the word 'Total': it carries the same $9,694,639 the components table states for the entity. Sensitivity table rebuilt from page-003.png. The row is identified by two printed stub cells, the Input label wrapped over two lines as 'Discount Rate' / '(weighted average)' and the scenario in the Hypothetical Change column, so the row label carries both (A). B kept the second physical line alone, which leaves '(weighted average)' as the row label and as the subject and pushes the scenario onto source_occurrence, where a reader cannot see it; nav_observation admits no condition_raw to hold it instead. metric_name is the leaf column header, the investment values whose change the cell states, and the subject is the property type, not the input.",RESOLVED,A+B+ADJUDICATOR,6fd8c243900f1595c3cdb0b4b5e44eacac39db50a5f75d39d13626fd3a8ed5e0
2912166fe2d2164e6df6,SRC247,3,PAIR_8341BCF8C7B486137BEAF807,CLASSIFICATION_CONFLICT,63,96,source_row_label|subject_type|subject_name|metric_name,MERGE,"subject_type/subject_name: read off each row's own printed label (A). B typed 'fund' on 82 rows indiscriminately, including the four property types of the assumptions and sensitivity tables and the 'Total' column, which are not vehicles. The entity's own statement lines and the Total column are reporting_entity, the share classes are other_printed_scope, and the property types are asset_class. The Total column's subject is the reporting entity, not the word 'Total': it carries the same $9,694,639 the components table states for the entity. Sensitivity table rebuilt from page-003.png. The row is identified by two printed stub cells, the Input label wrapped over two lines as 'Discount Rate' / '(weighted average)' and the scenario in the Hypothetical Change column, so the row label carries both (A). B kept the second physical line alone, which leaves '(weighted average)' as the row label and as the subject and pushes the scenario onto source_occurrence, where a reader cannot see it; nav_observation admits no condition_raw to hold it instead. metric_name is the leaf column header, the investment values whose change the cell states, and the subject is the property type, not the input.",RESOLVED,A+B+ADJUDICATOR,6fd8c243900f1595c3cdb0b4b5e44eacac39db50a5f75d39d13626fd3a8ed5e0
0f9231fc91b418b81fcd,SRC247,3,PAIR_BDC3D71E945E0EBED2B72C28,CLASSIFICATION_CONFLICT,64,97,source_row_label|subject_type|subject_name|metric_name,MERGE,"subject_type/subject_name: read off each row's own printed label (A). B typed 'fund' on 82 rows indiscriminately, including the four property types of the assumptions and sensitivity tables and the 'Total' column, which are not vehicles. The entity's own statement lines and the Total column are reporting_entity, the share classes are other_printed_scope, and the property types are asset_class. The Total column's subject is the reporting entity, not the word 'Total': it carries the same $9,694,639 the components table states for the entity. Sensitivity table rebuilt from page-003.png. The row is identified by two printed stub cells, the Input label wrapped over two lines as 'Discount Rate' / '(weighted average)' and the scenario in the Hypothetical Change column, so the row label carries both (A). B kept the second physical line alone, which leaves '(weighted average)' as the row label and as the subject and pushes the scenario onto source_occurrence, where a reader cannot see it; nav_observation admits no condition_raw to hold it instead. metric_name is the leaf column header, the investment values whose change the cell states, and the subject is the property type, not the input.",RESOLVED,A+B+ADJUDICATOR,6fd8c243900f1595c3cdb0b4b5e44eacac39db50a5f75d39d13626fd3a8ed5e0
d804d59ee0e3bc6a5f45,SRC247,3,PAIR_9939DE6EF73D4FAE90B8D24E,CLASSIFICATION_CONFLICT,65,85,source_row_label|subject_type|subject_name|metric_name,MERGE,"subject_type/subject_name: read off each row's own printed label (A). B typed 'fund' on 82 rows indiscriminately, including the four property types of the assumptions and sensitivity tables and the 'Total' column, which are not vehicles. The entity's own statement lines and the Total column are reporting_entity, the share classes are other_printed_scope, and the property types are asset_class. The Total column's subject is the reporting entity, not the word 'Total': it carries the same $9,694,639 the components table states for the entity. Sensitivity table rebuilt from page-003.png. The row is identified by two printed stub cells, the Input label wrapped over two lines as 'Discount Rate' / '(weighted average)' and the scenario in the Hypothetical Change column, so the row label carries both (A). B kept the second physical line alone, which leaves '(weighted average)' as the row label and as the subject and pushes the scenario onto source_occurrence, where a reader cannot see it; nav_observation admits no condition_raw to hold it instead. metric_name is the leaf column header, the investment values whose change the cell states, and the subject is the property type, not the input.",RESOLVED,A+B+ADJUDICATOR,6fd8c243900f1595c3cdb0b4b5e44eacac39db50a5f75d39d13626fd3a8ed5e0
eb4f4cef4346542d9441,SRC247,3,PAIR_B719ACD8494B0A14C849AA48,CLASSIFICATION_CONFLICT,66,87,source_row_label|subject_type|subject_name|metric_name,MERGE,"subject_type/subject_name: read off each row's own printed label (A). B typed 'fund' on 82 rows indiscriminately, including the four property types of the assumptions and sensitivity tables and the 'Total' column, which are not vehicles. The entity's own statement lines and the Total column are reporting_entity, the share classes are other_printed_scope, and the property types are asset_class. The Total column's subject is the reporting entity, not the word 'Total': it carries the same $9,694,639 the components table states for the entity. Sensitivity table rebuilt from page-003.png. The row is identified by two printed stub cells, the Input label wrapped over two lines as 'Discount Rate' / '(weighted average)' and the scenario in the Hypothetical Change column, so the row label carries both (A). B kept the second physical line alone, which leaves '(weighted average)' as the row label and as the subject and pushes the scenario onto source_occurrence, where a reader cannot see it; nav_observation admits no condition_raw to hold it instead. metric_name is the leaf column header, the investment values whose change the cell states, and the subject is the property type, not the input.",RESOLVED,A+B+ADJUDICATOR,6fd8c243900f1595c3cdb0b4b5e44eacac39db50a5f75d39d13626fd3a8ed5e0
9fb4b498e222d6cac11c,SRC247,3,PAIR_4950DFA9709F91D3118E84B3,CLASSIFICATION_CONFLICT,67,89,source_row_label|subject_type|subject_name|metric_name,MERGE,"subject_type/subject_name: read off each row's own printed label (A). B typed 'fund' on 82 rows indiscriminately, including the four property types of the assumptions and sensitivity tables and the 'Total' column, which are not vehicles. The entity's own statement lines and the Total column are reporting_entity, the share classes are other_printed_scope, and the property types are asset_class. The Total column's subject is the reporting entity, not the word 'Total': it carries the same $9,694,639 the components table states for the entity. Sensitivity table rebuilt from page-003.png. The row is identified by two printed stub cells, the Input label wrapped over two lines as 'Discount Rate' / '(weighted average)' and the scenario in the Hypothetical Change column, so the row label carries both (A). B kept the second physical line alone, which leaves '(weighted average)' as the row label and as the subject and pushes the scenario onto source_occurrence, where a reader cannot see it; nav_observation admits no condition_raw to hold it instead. metric_name is the leaf column header, the investment values whose change the cell states, and the subject is the property type, not the input.",RESOLVED,A+B+ADJUDICATOR,6fd8c243900f1595c3cdb0b4b5e44eacac39db50a5f75d39d13626fd3a8ed5e0
8cd57927dae1257032f5,SRC247,3,PAIR_9AA5E9DEB8C3C73B637F5495,CLASSIFICATION_CONFLICT,68,91,source_row_label|subject_type|subject_name|metric_name,MERGE,"subject_type/subject_name: read off each row's own printed label (A). B typed 'fund' on 82 rows indiscriminately, including the four property types of the assumptions and sensitivity tables and the 'Total' column, which are not vehicles. The entity's own statement lines and the Total column are reporting_entity, the share classes are other_printed_scope, and the property types are asset_class. The Total column's subject is the reporting entity, not the word 'Total': it carries the same $9,694,639 the components table states for the entity. Sensitivity table rebuilt from page-003.png. The row is identified by two printed stub cells, the Input label wrapped over two lines as 'Discount Rate' / '(weighted average)' and the scenario in the Hypothetical Change column, so the row label carries both (A). B kept the second physical line alone, which leaves '(weighted average)' as the row label and as the subject and pushes the scenario onto source_occurrence, where a reader cannot see it; nav_observation admits no condition_raw to hold it instead. metric_name is the leaf column header, the investment values whose change the cell states, and the subject is the property type, not the input.",RESOLVED,A+B+ADJUDICATOR,6fd8c243900f1595c3cdb0b4b5e44eacac39db50a5f75d39d13626fd3a8ed5e0
56a94d2a0aa0e3424d7b,SRC247,3,PAIR_4C8E04E423ACEBD8E446716D,CLASSIFICATION_CONFLICT,69,99,source_row_label|subject_type|subject_name|metric_name,MERGE,"subject_type/subject_name: read off each row's own printed label (A). B typed 'fund' on 82 rows indiscriminately, including the four property types of the assumptions and sensitivity tables and the 'Total' column, which are not vehicles. The entity's own statement lines and the Total column are reporting_entity, the share classes are other_printed_scope, and the property types are asset_class. The Total column's subject is the reporting entity, not the word 'Total': it carries the same $9,694,639 the components table states for the entity. Sensitivity table rebuilt from page-003.png. The row is identified by two printed stub cells, the Input label wrapped over two lines as 'Discount Rate' / '(weighted average)' and the scenario in the Hypothetical Change column, so the row label carries both (A). B kept the second physical line alone, which leaves '(weighted average)' as the row label and as the subject and pushes the scenario onto source_occurrence, where a reader cannot see it; nav_observation admits no condition_raw to hold it instead. metric_name is the leaf column header, the investment values whose change the cell states, and the subject is the property type, not the input.",RESOLVED,A+B+ADJUDICATOR,6fd8c243900f1595c3cdb0b4b5e44eacac39db50a5f75d39d13626fd3a8ed5e0
69b186cec53caa87d328,SRC247,3,PAIR_E89ADE9857210C9B561FBFBB,CLASSIFICATION_CONFLICT,70,100,source_row_label|subject_type|subject_name|metric_name,MERGE,"subject_type/subject_name: read off each row's own printed label (A). B typed 'fund' on 82 rows indiscriminately, including the four property types of the assumptions and sensitivity tables and the 'Total' column, which are not vehicles. The entity's own statement lines and the Total column are reporting_entity, the share classes are other_printed_scope, and the property types are asset_class. The Total column's subject is the reporting entity, not the word 'Total': it carries the same $9,694,639 the components table states for the entity. Sensitivity table rebuilt from page-003.png. The row is identified by two printed stub cells, the Input label wrapped over two lines as 'Discount Rate' / '(weighted average)' and the scenario in the Hypothetical Change column, so the row label carries both (A). B kept the second physical line alone, which leaves '(weighted average)' as the row label and as the subject and pushes the scenario onto source_occurrence, where a reader cannot see it; nav_observation admits no condition_raw to hold it instead. metric_name is the leaf column header, the investment values whose change the cell states, and the subject is the property type, not the input.",RESOLVED,A+B+ADJUDICATOR,6fd8c243900f1595c3cdb0b4b5e44eacac39db50a5f75d39d13626fd3a8ed5e0
58ec97d69500a1141c83,SRC247,3,PAIR_1478569E780B66C3DEB9D023,CLASSIFICATION_CONFLICT,71,101,source_row_label|subject_type|subject_name|metric_name,MERGE,"subject_type/subject_name: read off each row's own printed label (A). B typed 'fund' on 82 rows indiscriminately, including the four property types of the assumptions and sensitivity tables and the 'Total' column, which are not vehicles. The entity's own statement lines and the Total column are reporting_entity, the share classes are other_printed_scope, and the property types are asset_class. The Total column's subject is the reporting entity, not the word 'Total': it carries the same $9,694,639 the components table states for the entity. Sensitivity table rebuilt from page-003.png. The row is identified by two printed stub cells, the Input label wrapped over two lines as 'Discount Rate' / '(weighted average)' and the scenario in the Hypothetical Change column, so the row label carries both (A). B kept the second physical line alone, which leaves '(weighted average)' as the row label and as the subject and pushes the scenario onto source_occurrence, where a reader cannot see it; nav_observation admits no condition_raw to hold it instead. metric_name is the leaf column header, the investment values whose change the cell states, and the subject is the property type, not the input.",RESOLVED,A+B+ADJUDICATOR,6fd8c243900f1595c3cdb0b4b5e44eacac39db50a5f75d39d13626fd3a8ed5e0
646014a0e9b7e390b821,SRC247,3,PAIR_A0F25CBE835BF4E5EA2996CE,CLASSIFICATION_CONFLICT,72,102,source_row_label|subject_type|subject_name|metric_name,MERGE,"subject_type/subject_name: read off each row's own printed label (A). B typed 'fund' on 82 rows indiscriminately, including the four property types of the assumptions and sensitivity tables and the 'Total' column, which are not vehicles. The entity's own statement lines and the Total column are reporting_entity, the share classes are other_printed_scope, and the property types are asset_class. The Total column's subject is the reporting entity, not the word 'Total': it carries the same $9,694,639 the components table states for the entity. Sensitivity table rebuilt from page-003.png. The row is identified by two printed stub cells, the Input label wrapped over two lines as 'Discount Rate' / '(weighted average)' and the scenario in the Hypothetical Change column, so the row label carries both (A). B kept the second physical line alone, which leaves '(weighted average)' as the row label and as the subject and pushes the scenario onto source_occurrence, where a reader cannot see it; nav_observation admits no condition_raw to hold it instead. metric_name is the leaf column header, the investment values whose change the cell states, and the subject is the property type, not the input.",RESOLVED,A+B+ADJUDICATOR,6fd8c243900f1595c3cdb0b4b5e44eacac39db50a5f75d39d13626fd3a8ed5e0
3b39e000e2b11f4c5172,SRC247,3,PAIR_0E7F45B797D4CE4C5EA9E380,CLASSIFICATION_CONFLICT,73,86,source_row_label|source_occurrence|subject_type|subject_name|metric_name,MERGE,"subject_type/subject_name: read off each row's own printed label (A). B typed 'fund' on 82 rows indiscriminately, including the four property types of the assumptions and sensitivity tables and the 'Total' column, which are not vehicles. The entity's own statement lines and the Total column are reporting_entity, the share classes are other_printed_scope, and the property types are asset_class. The Total column's subject is the reporting entity, not the word 'Total': it carries the same $9,694,639 the components table states for the entity. Sensitivity table rebuilt from page-003.png. The row is identified by two printed stub cells, the Input label wrapped over two lines as 'Discount Rate' / '(weighted average)' and the scenario in the Hypothetical Change column, so the row label carries both (A). B kept the second physical line alone, which leaves '(weighted average)' as the row label and as the subject and pushes the scenario onto source_occurrence, where a reader cannot see it; nav_observation admits no condition_raw to hold it instead. metric_name is the leaf column header, the investment values whose change the cell states, and the subject is the property type, not the input.",RESOLVED,A+B+ADJUDICATOR,6fd8c243900f1595c3cdb0b4b5e44eacac39db50a5f75d39d13626fd3a8ed5e0
3d51c9f0d471ef98c540,SRC247,3,PAIR_34FC1BFA1678FEBDAC5057AC,CLASSIFICATION_CONFLICT,74,88,source_row_label|source_occurrence|subject_type|subject_name|metric_name,MERGE,"subject_type/subject_name: read off each row's own printed label (A). B typed 'fund' on 82 rows indiscriminately, including the four property types of the assumptions and sensitivity tables and the 'Total' column, which are not vehicles. The entity's own statement lines and the Total column are reporting_entity, the share classes are other_printed_scope, and the property types are asset_class. The Total column's subject is the reporting entity, not the word 'Total': it carries the same $9,694,639 the components table states for the entity. Sensitivity table rebuilt from page-003.png. The row is identified by two printed stub cells, the Input label wrapped over two lines as 'Discount Rate' / '(weighted average)' and the scenario in the Hypothetical Change column, so the row label carries both (A). B kept the second physical line alone, which leaves '(weighted average)' as the row label and as the subject and pushes the scenario onto source_occurrence, where a reader cannot see it; nav_observation admits no condition_raw to hold it instead. metric_name is the leaf column header, the investment values whose change the cell states, and the subject is the property type, not the input.",RESOLVED,A+B+ADJUDICATOR,6fd8c243900f1595c3cdb0b4b5e44eacac39db50a5f75d39d13626fd3a8ed5e0
0ded32f57f66eb5f9d0e,SRC247,3,PAIR_376FECBB28D8F73288E3963C,CLASSIFICATION_CONFLICT,75,90,source_row_label|source_occurrence|subject_type|subject_name|metric_name,MERGE,"subject_type/subject_name: read off each row's own printed label (A). B typed 'fund' on 82 rows indiscriminately, including the four property types of the assumptions and sensitivity tables and the 'Total' column, which are not vehicles. The entity's own statement lines and the Total column are reporting_entity, the share classes are other_printed_scope, and the property types are asset_class. The Total column's subject is the reporting entity, not the word 'Total': it carries the same $9,694,639 the components table states for the entity. Sensitivity table rebuilt from page-003.png. The row is identified by two printed stub cells, the Input label wrapped over two lines as 'Discount Rate' / '(weighted average)' and the scenario in the Hypothetical Change column, so the row label carries both (A). B kept the second physical line alone, which leaves '(weighted average)' as the row label and as the subject and pushes the scenario onto source_occurrence, where a reader cannot see it; nav_observation admits no condition_raw to hold it instead. metric_name is the leaf column header, the investment values whose change the cell states, and the subject is the property type, not the input.",RESOLVED,A+B+ADJUDICATOR,6fd8c243900f1595c3cdb0b4b5e44eacac39db50a5f75d39d13626fd3a8ed5e0
e7ac70969a29787d36e7,SRC247,3,PAIR_3CE0855D4B02CBCE55C8D212,CLASSIFICATION_CONFLICT,76,92,source_row_label|source_occurrence|subject_type|subject_name|metric_name,MERGE,"subject_type/subject_name: read off each row's own printed label (A). B typed 'fund' on 82 rows indiscriminately, including the four property types of the assumptions and sensitivity tables and the 'Total' column, which are not vehicles. The entity's own statement lines and the Total column are reporting_entity, the share classes are other_printed_scope, and the property types are asset_class. The Total column's subject is the reporting entity, not the word 'Total': it carries the same $9,694,639 the components table states for the entity. Sensitivity table rebuilt from page-003.png. The row is identified by two printed stub cells, the Input label wrapped over two lines as 'Discount Rate' / '(weighted average)' and the scenario in the Hypothetical Change column, so the row label carries both (A). B kept the second physical line alone, which leaves '(weighted average)' as the row label and as the subject and pushes the scenario onto source_occurrence, where a reader cannot see it; nav_observation admits no condition_raw to hold it instead. metric_name is the leaf column header, the investment values whose change the cell states, and the subject is the property type, not the input.",RESOLVED,A+B+ADJUDICATOR,6fd8c243900f1595c3cdb0b4b5e44eacac39db50a5f75d39d13626fd3a8ed5e0
e396c0e774c303443c59,SRC247,3,PAIR_7CC4B71EFE8772DA2AE6B2C6,B_ONLY,,103,,ACCEPT_B,"B read a printed valuation fact that A missed. valuation_observation is an allowed family for NAV_Statement and method, valuer, frequency, oversight and independent_review are its qualitative categories, so the sentence is in scope, not narrative to be skipped.",VERIFIED_ONE_SIDED,B,6fd8c243900f1595c3cdb0b4b5e44eacac39db50a5f75d39d13626fd3a8ed5e0
b5362fd30673ffa2c122,SRC247,3,PAIR_DD18575A7722267EF2032A4B,B_ONLY,,104,,MERGE,"subject_type: the row's subject is the entity the supplement reports on, so reporting_entity; B typed it fund. B read a printed valuation fact that A missed. valuation_observation is an allowed family for NAV_Statement and method, valuer, frequency, oversight and independent_review are its qualitative categories, so the sentence is in scope, not narrative to be skipped.",RESOLVED,B+ADJUDICATOR,6fd8c243900f1595c3cdb0b4b5e44eacac39db50a5f75d39d13626fd3a8ed5e0
d7d3bddf6bb55eef9d7f,SRC247,3,PAIR_B8BAD6ABFCC9408778DFDE05,B_ONLY,,105,,ACCEPT_B,"B read a printed valuation fact that A missed. valuation_observation is an allowed family for NAV_Statement and method, valuer, frequency, oversight and independent_review are its qualitative categories, so the sentence is in scope, not narrative to be skipped.",VERIFIED_ONE_SIDED,B,6fd8c243900f1595c3cdb0b4b5e44eacac39db50a5f75d39d13626fd3a8ed5e0
c425cf0042c107199c08,SRC247,4,PAIR_4C1390D753627DC89977D5EC,B_ONLY,,106,,MERGE,"subject_type: the row's subject is the entity the supplement reports on, so reporting_entity; B typed it fund.",RESOLVED,B+ADJUDICATOR,6fd8c243900f1595c3cdb0b4b5e44eacac39db50a5f75d39d13626fd3a8ed5e0
7b43d388d9607090427c,SRC247,4,PAIR_E09355BF2682BF391318B3A5,B_ONLY,,107,,MERGE,"subject_type: the row's subject is the entity the supplement reports on, so reporting_entity; B typed it fund. metric_value_raw: the page prints 'approximately 3%'; the value column holds the numeral and its symbol and nothing else, so the qualifier moves to notes. B applied that same rule two sentences later, writing $9.7 with currency_scale 'billion' for 'approximately $9.7 billion'.",RESOLVED,B+ADJUDICATOR,6fd8c243900f1595c3cdb0b4b5e44eacac39db50a5f75d39d13626fd3a8ed5e0
e1c35492aac730fcb5ab,SRC247,4,PAIR_EF98837E85CF5D24BB6AF3A5,B_ONLY,,108,,MERGE,"subject_type: the row's subject is the entity the supplement reports on, so reporting_entity; B typed it fund.",RESOLVED,B+ADJUDICATOR,6fd8c243900f1595c3cdb0b4b5e44eacac39db50a5f75d39d13626fd3a8ed5e0
9507952200c1e01bfdcc,SRC247,4,PAIR_93F8356370CE41A3F2AD98CD,B_ONLY,,109,,MERGE,"subject_type: the row's subject is the entity the supplement reports on, so reporting_entity; B typed it fund.; Source review: p4: aggregate NAV (The heading distinguishes the whole fund from separate share-class balances.) | p4: aggregate NAV (Printed heading or definition supporting the source-reviewed qualifier.)",RESOLVED,B+ADJUDICATOR,6fd8c243900f1595c3cdb0b4b5e44eacac39db50a5f75d39d13626fd3a8ed5e0
b2404330afaeca3a4120,SRC247,4,PAIR_3FBFB95C387061345D32E773,B_ONLY,,110,,ACCEPT_B,Both lanes read the printed cell the same way; B's row is source-correct.,VERIFIED_ONE_SIDED,B,6fd8c243900f1595c3cdb0b4b5e44eacac39db50a5f75d39d13626fd3a8ed5e0
5049d825270faae919b4,SRC247,4,PAIR_A069B19DFE0222435C7F518F,B_ONLY,,111,,ACCEPT_B,Both lanes read the printed cell the same way; B's row is source-correct.,VERIFIED_ONE_SIDED,B,6fd8c243900f1595c3cdb0b4b5e44eacac39db50a5f75d39d13626fd3a8ed5e0
68584ef3911b0e591875,SRC247,4,PAIR_B01E4AC9CE65140E7F5481FE,B_ONLY,,112,,ACCEPT_B,Both lanes read the printed cell the same way; B's row is source-correct.,VERIFIED_ONE_SIDED,B,6fd8c243900f1595c3cdb0b4b5e44eacac39db50a5f75d39d13626fd3a8ed5e0
3f0977b5fb1bfee3eb9c,SRC247,4,PAIR_AD4867EBF115A83E0DBB2011,B_ONLY,,113,,ACCEPT_B,Both lanes read the printed cell the same way; B's row is source-correct.,VERIFIED_ONE_SIDED,B,6fd8c243900f1595c3cdb0b4b5e44eacac39db50a5f75d39d13626fd3a8ed5e0
a30db91b37195a1e761d,SRC247,4,PAIR_1217620748C3F43AAC93FC64,B_ONLY,,114,,ACCEPT_B,Both lanes read the printed cell the same way; B's row is source-correct.,VERIFIED_ONE_SIDED,B,6fd8c243900f1595c3cdb0b4b5e44eacac39db50a5f75d39d13626fd3a8ed5e0
c6cc3c18baa4543b1b29,SRC247,4,PAIR_CED3C898C8A44FF7CEF3A659,B_ONLY,,115,,ACCEPT_B,Both lanes read the printed cell the same way; B's row is source-correct.,VERIFIED_ONE_SIDED,B,6fd8c243900f1595c3cdb0b4b5e44eacac39db50a5f75d39d13626fd3a8ed5e0
cc76473f7531b4c02a65,SRC247,4,PAIR_6DD2FB39DA2695B68E1AC7B3,B_ONLY,,116,,ACCEPT_B,Both lanes read the printed cell the same way; B's row is source-correct.,VERIFIED_ONE_SIDED,B,6fd8c243900f1595c3cdb0b4b5e44eacac39db50a5f75d39d13626fd3a8ed5e0
5c04900fcd99404f8250,SRC247,4,PAIR_2DDE56FBEF8B104F80441803,B_ONLY,,117,,ACCEPT_B,Both lanes read the printed cell the same way; B's row is source-correct.,VERIFIED_ONE_SIDED,B,6fd8c243900f1595c3cdb0b4b5e44eacac39db50a5f75d39d13626fd3a8ed5e0
66269b57eca925a512ad,SRC247,4,PAIR_C10681BC5C6D475322FE251B,B_ONLY,,118,,ACCEPT_B,Both lanes read the printed cell the same way; B's row is source-correct.,VERIFIED_ONE_SIDED,B,6fd8c243900f1595c3cdb0b4b5e44eacac39db50a5f75d39d13626fd3a8ed5e0
e4e2cebeb8893c729854,SRC247,4,PAIR_EAC31650C829143128A92A12,B_ONLY,,119,,ACCEPT_B,Both lanes read the printed cell the same way; B's row is source-correct.,VERIFIED_ONE_SIDED,B,6fd8c243900f1595c3cdb0b4b5e44eacac39db50a5f75d39d13626fd3a8ed5e0
0fce24830edcfb6ccc78,SRC407,1,PAIR_432D657A0C9BDDE5A1E21861,CONTEXT_CONFLICT,1,1,source_section|source_table|evidence_quote,MERGE,"document_context merged: one row for the document on page 1, source_section from the printed statement title.",RESOLVED,A+B+ADJUDICATOR,42fd3fd5192cd82559b79a6adfdcdbf321ee96ab2925a30c3f3513e2aabdc3b6
43eb6627ba5f1c377ea6,SRC407,1,PAIR_F92BA228BF7DAAF8E0B19D37,CONTEXT_CONFLICT,2,2,asset_class|strategy|currency_scale,MERGE,"source_section blanked: the only headings this document prints are the in-table groupings, which the placement rule makes asset_class/strategy and never source_section; pages 2-7 and 11 print no heading above the table at all. asset_class and strategy take the printed group name without the portfolio percentage and without '(Continued)': B's form split one class into two on the continuation pages and carried a running-header marker into the data. subject_type 'fund': the row label names a vehicle (L.P./LP/LLC/SCSp/Limited Partnership), which the label-driven rule types fund, not investment. currency_scale '$': the symbol is printed once at the head of the Cost and Fair Value columns and governs every value beneath it.",RESOLVED,A+B+ADJUDICATOR,42fd3fd5192cd82559b79a6adfdcdbf321ee96ab2925a30c3f3513e2aabdc3b6
9554ac0b9673e049e650,SRC407,1,PAIR_7307B8751D4619F480F3A332,CONTEXT_CONFLICT,3,3,asset_class|strategy|currency_scale,MERGE,"source_section blanked: the only headings this document prints are the in-table groupings, which the placement rule makes asset_class/strategy and never source_section; pages 2-7 and 11 print no heading above the table at all. asset_class and strategy take the printed group name without the portfolio percentage and without '(Continued)': B's form split one class into two on the continuation pages and carried a running-header marker into the data. subject_type 'fund': the row label names a vehicle (L.P./LP/LLC/SCSp/Limited Partnership), which the label-driven rule types fund, not investment. currency_scale '$': the symbol is printed once at the head of the Cost and Fair Value columns and governs every value beneath it.; Source review: p1: Fair Value (Individual holdings, aggregate rows, and the hierarchy note have separate value scopes.) | p1: Fair Value (Printed heading or definition supporting the source-reviewed qualifier.)",RESOLVED,A+B+ADJUDICATOR,42fd3fd5192cd82559b79a6adfdcdbf321ee96ab2925a30c3f3513e2aabdc3b6
99d4bd922504e6ac9b37,SRC407,1,PAIR_653995430941E9740C2DD4E7,CONTEXT_CONFLICT,4,4,asset_class|strategy|currency_scale,MERGE,"source_section blanked: the only headings this document prints are the in-table groupings, which the placement rule makes asset_class/strategy and never source_section; pages 2-7 and 11 print no heading above the table at all. asset_class and strategy take the printed group name without the portfolio percentage and without '(Continued)': B's form split one class into two on the continuation pages and carried a running-header marker into the data. subject_type 'fund': the row label names a vehicle (L.P./LP/LLC/SCSp/Limited Partnership), which the label-driven rule types fund, not investment. currency_scale '$': the symbol is printed once at the head of the Cost and Fair Value columns and governs every value beneath it.",RESOLVED,A+B+ADJUDICATOR,42fd3fd5192cd82559b79a6adfdcdbf321ee96ab2925a30c3f3513e2aabdc3b6
56e9eed7942124d44d4c,SRC407,1,PAIR_B975D1F12D5CD7D1E2F91560,CONTEXT_CONFLICT,5,5,asset_class|strategy|currency_scale,MERGE,"source_section blanked: the only headings this document prints are the in-table groupings, which the placement rule makes asset_class/strategy and never source_section; pages 2-7 and 11 print no heading above the table at all. asset_class and strategy take the printed group name without the portfolio percentage and without '(Continued)': B's form split one class into two on the continuation pages and carried a running-header marker into the data. subject_type 'fund': the row label names a vehicle (L.P./LP/LLC/SCSp/Limited Partnership), which the label-driven rule types fund, not investment. currency_scale '$': the symbol is printed once at the head of the Cost and Fair Value columns and governs every value beneath it.; Source review: p1: Fair Value (Individual holdings, aggregate rows, and the hierarchy note have separate value scopes.) | p1: Fair Value (Printed heading or definition supporting the source-reviewed qualifier.)",RESOLVED,A+B+ADJUDICATOR,42fd3fd5192cd82559b79a6adfdcdbf321ee96ab2925a30c3f3513e2aabdc3b6
7d147289ed06c10ea628,SRC407,1,PAIR_0FBBD14FFF9319DD091FDC69,CONTEXT_CONFLICT,6,6,asset_class|strategy|currency_scale,MERGE,"source_section blanked: the only headings this document prints are the in-table groupings, which the placement rule makes asset_class/strategy and never source_section; pages 2-7 and 11 print no heading above the table at all. asset_class and strategy take the printed group name without the portfolio percentage and without '(Continued)': B's form split one class into two on the continuation pages and carried a running-header marker into the data. subject_type 'fund': the row label names a vehicle (L.P./LP/LLC/SCSp/Limited Partnership), which the label-driven rule types fund, not investment. currency_scale '$': the symbol is printed once at the head of the Cost and Fair Value columns and governs every value beneath it.",RESOLVED,A+B+ADJUDICATOR,42fd3fd5192cd82559b79a6adfdcdbf321ee96ab2925a30c3f3513e2aabdc3b6
698f77da637c8f9b7078,SRC407,1,PAIR_0BD8D11F738EAF7F0F2012F9,CONTEXT_CONFLICT,7,7,asset_class|strategy|currency_scale,MERGE,"source_section blanked: the only headings this document prints are the in-table groupings, which the placement rule makes asset_class/strategy and never source_section; pages 2-7 and 11 print no heading above the table at all. asset_class and strategy take the printed group name without the portfolio percentage and without '(Continued)': B's form split one class into two on the continuation pages and carried a running-header marker into the data. subject_type 'fund': the row label names a vehicle (L.P./LP/LLC/SCSp/Limited Partnership), which the label-driven rule types fund, not investment. currency_scale '$': the symbol is printed once at the head of the Cost and Fair Value columns and governs every value beneath it.; Source review: p1: Fair Value (Individual holdings, aggregate rows, and the hierarchy note have separate value scopes.) | p1: Fair Value (Printed heading or definition supporting the source-reviewed qualifier.)",RESOLVED,A+B+ADJUDICATOR,42fd3fd5192cd82559b79a6adfdcdbf321ee96ab2925a30c3f3513e2aabdc3b6
10dc28cc90a99d03a67e,SRC407,1,PAIR_03712F0FCFC4DA3556BE123F,CONTEXT_CONFLICT,8,8,asset_class|strategy|currency_scale,MERGE,"source_section blanked: the only headings this document prints are the in-table groupings, which the placement rule makes asset_class/strategy and never source_section; pages 2-7 and 11 print no heading above the table at all. asset_class and strategy take the printed group name without the portfolio percentage and without '(Continued)': B's form split one class into two on the continuation pages and carried a running-header marker into the data. subject_type 'fund': the row label names a vehicle (L.P./LP/LLC/SCSp/Limited Partnership), which the label-driven rule types fund, not investment. currency_scale '$': the symbol is printed once at the head of the Cost and Fair Value columns and governs every value beneath it.",RESOLVED,A+B+ADJUDICATOR,42fd3fd5192cd82559b79a6adfdcdbf321ee96ab2925a30c3f3513e2aabdc3b6
f6ff3aa127968b1f00b6,SRC407,1,PAIR_53D2A03722202451F814AD00,CONTEXT_CONFLICT,9,9,asset_class|strategy|currency_scale,MERGE,"source_section blanked: the only headings this document prints are the in-table groupings, which the placement rule makes asset_class/strategy and never source_section; pages 2-7 and 11 print no heading above the table at all. asset_class and strategy take the printed group name without the portfolio percentage and without '(Continued)': B's form split one class into two on the continuation pages and carried a running-header marker into the data. subject_type 'fund': the row label names a vehicle (L.P./LP/LLC/SCSp/Limited Partnership), which the label-driven rule types fund, not investment. currency_scale '$': the symbol is printed once at the head of the Cost and Fair Value columns and governs every value beneath it.; Source review: p1: Fair Value (Individual holdings, aggregate rows, and the hierarchy note have separate value scopes.) | p1: Fair Value (Printed heading or definition supporting the source-reviewed qualifier.)",RESOLVED,A+B+ADJUDICATOR,42fd3fd5192cd82559b79a6adfdcdbf321ee96ab2925a30c3f3513e2aabdc3b6
06c113b8a8717bc960be,SRC407,1,PAIR_9CAD99AC13AAFD737DB0FED1,CONTEXT_CONFLICT,10,10,asset_class|strategy|currency_scale,MERGE,"source_section blanked: the only headings this document prints are the in-table groupings, which the placement rule makes asset_class/strategy and never source_section; pages 2-7 and 11 print no heading above the table at all. asset_class and strategy take the printed group name without the portfolio percentage and without '(Continued)': B's form split one class into two on the continuation pages and carried a running-header marker into the data. subject_type 'fund': the row label names a vehicle (L.P./LP/LLC/SCSp/Limited Partnership), which the label-driven rule types fund, not investment. currency_scale '$': the symbol is printed once at the head of the Cost and Fair Value columns and governs every value beneath it.",RESOLVED,A+B+ADJUDICATOR,42fd3fd5192cd82559b79a6adfdcdbf321ee96ab2925a30c3f3513e2aabdc3b6
6765d47af3febf2508b4,SRC407,1,PAIR_2A1858B88CAC705CE0865945,CONTEXT_CONFLICT,11,11,asset_class|strategy|currency_scale,MERGE,"source_section blanked: the only headings this document prints are the in-table groupings, which the placement rule makes asset_class/strategy and never source_section; pages 2-7 and 11 print no heading above the table at all. asset_class and strategy take the printed group name without the portfolio percentage and without '(Continued)': B's form split one class into two on the continuation pages and carried a running-header marker into the data. subject_type 'fund': the row label names a vehicle (L.P./LP/LLC/SCSp/Limited Partnership), which the label-driven rule types fund, not investment. currency_scale '$': the symbol is printed once at the head of the Cost and Fair Value columns and governs every value beneath it.; Source review: p1: Fair Value (Individual holdings, aggregate rows, and the hierarchy note have separate value scopes.) | p1: Fair Value (Printed heading or definition supporting the source-reviewed qualifier.)",RESOLVED,A+B+ADJUDICATOR,42fd3fd5192cd82559b79a6adfdcdbf321ee96ab2925a30c3f3513e2aabdc3b6
e5c61f7551ef7a199f76,SRC407,1,PAIR_52136C8744CBF5E30D1CE4A9,CONTEXT_CONFLICT,12,12,asset_class|strategy|currency_scale,MERGE,"source_section blanked: the only headings this document prints are the in-table groupings, which the placement rule makes asset_class/strategy and never source_section; pages 2-7 and 11 print no heading above the table at all. asset_class and strategy take the printed group name without the portfolio percentage and without '(Continued)': B's form split one class into two on the continuation pages and carried a running-header marker into the data. subject_type 'fund': the row label names a vehicle (L.P./LP/LLC/SCSp/Limited Partnership), which the label-driven rule types fund, not investment. currency_scale '$': the symbol is printed once at the head of the Cost and Fair Value columns and governs every value beneath it.",RESOLVED,A+B+ADJUDICATOR,42fd3fd5192cd82559b79a6adfdcdbf321ee96ab2925a30c3f3513e2aabdc3b6
7abc0e253cab18ecf56a,SRC407,1,PAIR_505002B20D66C0E8C66F5556,CONTEXT_CONFLICT,13,13,asset_class|strategy|currency_scale,MERGE,"source_section blanked: the only headings this document prints are the in-table groupings, which the placement rule makes asset_class/strategy and never source_section; pages 2-7 and 11 print no heading above the table at all. asset_class and strategy take the printed group name without the portfolio percentage and without '(Continued)': B's form split one class into two on the continuation pages and carried a running-header marker into the data. subject_type 'fund': the row label names a vehicle (L.P./LP/LLC/SCSp/Limited Partnership), which the label-driven rule types fund, not investment. currency_scale '$': the symbol is printed once at the head of the Cost and Fair Value columns and governs every value beneath it.; Source review: p1: Fair Value (Individual holdings, aggregate rows, and the hierarchy note have separate value scopes.) | p1: Fair Value (Printed heading or definition supporting the source-reviewed qualifier.)",RESOLVED,A+B+ADJUDICATOR,42fd3fd5192cd82559b79a6adfdcdbf321ee96ab2925a30c3f3513e2aabdc3b6
655c5398b05081c20a6d,SRC407,1,PAIR_5591A5D9662CA117C8553DE0,CONTEXT_CONFLICT,14,14,asset_class|strategy|currency_scale,MERGE,"source_section blanked: the only headings this document prints are the in-table groupings, which the placement rule makes asset_class/strategy and never source_section; pages 2-7 and 11 print no heading above the table at all. asset_class and strategy take the printed group name without the portfolio percentage and without '(Continued)': B's form split one class into two on the continuation pages and carried a running-header marker into the data. subject_type 'fund': the row label names a vehicle (L.P./LP/LLC/SCSp/Limited Partnership), which the label-driven rule types fund, not investment. currency_scale '$': the symbol is printed once at the head of the Cost and Fair Value columns and governs every value beneath it.",RESOLVED,A+B+ADJUDICATOR,42fd3fd5192cd82559b79a6adfdcdbf321ee96ab2925a30c3f3513e2aabdc3b6
6a59335c69408558b4cd,SRC407,1,PAIR_6336756AC5C6F447D641927C,CONTEXT_CONFLICT,15,15,asset_class|strategy|currency_scale,MERGE,"source_section blanked: the only headings this document prints are the in-table groupings, which the placement rule makes asset_class/strategy and never source_section; pages 2-7 and 11 print no heading above the table at all. asset_class and strategy take the printed group name without the portfolio percentage and without '(Continued)': B's form split one class into two on the continuation pages and carried a running-header marker into the data. subject_type 'fund': the row label names a vehicle (L.P./LP/LLC/SCSp/Limited Partnership), which the label-driven rule types fund, not investment. currency_scale '$': the symbol is printed once at the head of the Cost and Fair Value columns and governs every value beneath it.; Source review: p1: Fair Value (Individual holdings, aggregate rows, and the hierarchy note have separate value scopes.) | p1: Fair Value (Printed heading or definition supporting the source-reviewed qualifier.)",RESOLVED,A+B+ADJUDICATOR,42fd3fd5192cd82559b79a6adfdcdbf321ee96ab2925a30c3f3513e2aabdc3b6
dad260dc79380d3d9c9a,SRC407,1,PAIR_BDBE78EBF461B7BB9D1B240C,CONTEXT_CONFLICT,16,16,asset_class|strategy|currency_scale,MERGE,"source_section blanked: the only headings this document prints are the in-table groupings, which the placement rule makes asset_class/strategy and never source_section; pages 2-7 and 11 print no heading above the table at all. asset_class and strategy take the printed group name without the portfolio percentage and without '(Continued)': B's form split one class into two on the continuation pages and carried a running-header marker into the data. subject_type 'fund': the row label names a vehicle (L.P./LP/LLC/SCSp/Limited Partnership), which the label-driven rule types fund, not investment. currency_scale '$': the symbol is printed once at the head of the Cost and Fair Value columns and governs every value beneath it.",RESOLVED,A+B+ADJUDICATOR,42fd3fd5192cd82559b79a6adfdcdbf321ee96ab2925a30c3f3513e2aabdc3b6
def6f49869c2e668affe,SRC407,1,PAIR_97CFFB3885FAC0D5C6F40634,CONTEXT_CONFLICT,17,17,asset_class|strategy|currency_scale,MERGE,"source_section blanked: the only headings this document prints are the in-table groupings, which the placement rule makes asset_class/strategy and never source_section; pages 2-7 and 11 print no heading above the table at all. asset_class and strategy take the printed group name without the portfolio percentage and without '(Continued)': B's form split one class into two on the continuation pages and carried a running-header marker into the data. subject_type 'fund': the row label names a vehicle (L.P./LP/LLC/SCSp/Limited Partnership), which the label-driven rule types fund, not investment. currency_scale '$': the symbol is printed once at the head of the Cost and Fair Value columns and governs every value beneath it.; Source review: p1: Fair Value (Individual holdings, aggregate rows, and the hierarchy note have separate value scopes.) | p1: Fair Value (Printed heading or definition supporting the source-reviewed qualifier.)",RESOLVED,A+B+ADJUDICATOR,42fd3fd5192cd82559b79a6adfdcdbf321ee96ab2925a30c3f3513e2aabdc3b6
a03a2083456d9705876a,SRC407,1,PAIR_D264295A3A22D45A6DE2C590,CONTEXT_CONFLICT,18,18,asset_class|strategy|currency_scale,MERGE,"source_section blanked: the only headings this document prints are the in-table groupings, which the placement rule makes asset_class/strategy and never source_section; pages 2-7 and 11 print no heading above the table at all. asset_class and strategy take the printed group name without the portfolio percentage and without '(Continued)': B's form split one class into two on the continuation pages and carried a running-header marker into the data. subject_type 'fund': the row label names a vehicle (L.P./LP/LLC/SCSp/Limited Partnership), which the label-driven rule types fund, not investment. currency_scale '$': the symbol is printed once at the head of the Cost and Fair Value columns and governs every value beneath it.",RESOLVED,A+B+ADJUDICATOR,42fd3fd5192cd82559b79a6adfdcdbf321ee96ab2925a30c3f3513e2aabdc3b6
ceb2029e03fdb5abe1b5,SRC407,1,PAIR_6DDF72B6AC382EF2235FF459,CONTEXT_CONFLICT,19,19,asset_class|strategy|currency_scale,MERGE,"source_section blanked: the only headings this document prints are the in-table groupings, which the placement rule makes asset_class/strategy and never source_section; pages 2-7 and 11 print no heading above the table at all. asset_class and strategy take the printed group name without the portfolio percentage and without '(Continued)': B's form split one class into two on the continuation pages and carried a running-header marker into the data. subject_type 'fund': the row label names a vehicle (L.P./LP/LLC/SCSp/Limited Partnership), which the label-driven rule types fund, not investment. currency_scale '$': the symbol is printed once at the head of the Cost and Fair Value columns and governs every value beneath it.; Source review: p1: Fair Value (Individual holdings, aggregate rows, and the hierarchy note have separate value scopes.) | p1: Fair Value (Printed heading or definition supporting the source-reviewed qualifier.)",RESOLVED,A+B+ADJUDICATOR,42fd3fd5192cd82559b79a6adfdcdbf321ee96ab2925a30c3f3513e2aabdc3b6
d736faa879c8fa74fbbd,SRC407,1,PAIR_4C7B300A447DF2F26D71BD2E,CONTEXT_CONFLICT,20,20,asset_class|strategy|currency_scale,MERGE,"source_section blanked: the only headings this document prints are the in-table groupings, which the placement rule makes asset_class/strategy and never source_section; pages 2-7 and 11 print no heading above the table at all. asset_class and strategy take the printed group name without the portfolio percentage and without '(Continued)': B's form split one class into two on the continuation pages and carried a running-header marker into the data. subject_type 'fund': the row label names a vehicle (L.P./LP/LLC/SCSp/Limited Partnership), which the label-driven rule types fund, not investment. currency_scale '$': the symbol is printed once at the head of the Cost and Fair Value columns and governs every value beneath it.",RESOLVED,A+B+ADJUDICATOR,42fd3fd5192cd82559b79a6adfdcdbf321ee96ab2925a30c3f3513e2aabdc3b6
9c3f8028eb71d7cdfb95,SRC407,1,PAIR_E72E171BDA83F9EDBE56BE22,CONTEXT_CONFLICT,21,21,asset_class|strategy|currency_scale,MERGE,"source_section blanked: the only headings this document prints are the in-table groupings, which the placement rule makes asset_class/strategy and never source_section; pages 2-7 and 11 print no heading above the table at all. asset_class and strategy take the printed group name without the portfolio percentage and without '(Continued)': B's form split one class into two on the continuation pages and carried a running-header marker into the data. subject_type 'fund': the row label names a vehicle (L.P./LP/LLC/SCSp/Limited Partnership), which the label-driven rule types fund, not investment. currency_scale '$': the symbol is printed once at the head of the Cost and Fair Value columns and governs every value beneath it.; Source review: p1: Fair Value (Individual holdings, aggregate rows, and the hierarchy note have separate value scopes.) | p1: Fair Value (Printed heading or definition supporting the source-reviewed qualifier.)",RESOLVED,A+B+ADJUDICATOR,42fd3fd5192cd82559b79a6adfdcdbf321ee96ab2925a30c3f3513e2aabdc3b6
d9d5b5fa8c8466416283,SRC407,1,PAIR_FF84AEDA7A5BD339C50E219F,CONTEXT_CONFLICT,22,22,asset_class|strategy|currency_scale,MERGE,"source_section blanked: the only headings this document prints are the in-table groupings, which the placement rule makes asset_class/strategy and never source_section; pages 2-7 and 11 print no heading above the table at all. asset_class and strategy take the printed group name without the portfolio percentage and without '(Continued)': B's form split one class into two on the continuation pages and carried a running-header marker into the data. subject_type 'fund': the row label names a vehicle (L.P./LP/LLC/SCSp/Limited Partnership), which the label-driven rule types fund, not investment. currency_scale '$': the symbol is printed once at the head of the Cost and Fair Value columns and governs every value beneath it.",RESOLVED,A+B+ADJUDICATOR,42fd3fd5192cd82559b79a6adfdcdbf321ee96ab2925a30c3f3513e2aabdc3b6
9b6e9ea86116684c050b,SRC407,1,PAIR_491E40AC0E06411AED92590D,CONTEXT_CONFLICT,23,23,asset_class|strategy|currency_scale,MERGE,"source_section blanked: the only headings this document prints are the in-table groupings, which the placement rule makes asset_class/strategy and never source_section; pages 2-7 and 11 print no heading above the table at all. asset_class and strategy take the printed group name without the portfolio percentage and without '(Continued)': B's form split one class into two on the continuation pages and carried a running-header marker into the data. subject_type 'fund': the row label names a vehicle (L.P./LP/LLC/SCSp/Limited Partnership), which the label-driven rule types fund, not investment. currency_scale '$': the symbol is printed once at the head of the Cost and Fair Value columns and governs every value beneath it.; Source review: p1: Fair Value (Individual holdings, aggregate rows, and the hierarchy note have separate value scopes.) | p1: Fair Value (Printed heading or definition supporting the source-reviewed qualifier.)",RESOLVED,A+B+ADJUDICATOR,42fd3fd5192cd82559b79a6adfdcdbf321ee96ab2925a30c3f3513e2aabdc3b6
465726e067a5e73248b8,SRC407,1,PAIR_420826C804E5F2AA2AEAC535,VALUE_CONFLICT,24,24,asset_class|strategy|currency_scale|metric_value_raw,MERGE,"source_section blanked: the only headings this document prints are the in-table groupings, which the placement rule makes asset_class/strategy and never source_section; pages 2-7 and 11 print no heading above the table at all. metric_value_raw keeps the printed '$' that A stripped; the value column is raw and stripping a printed symbol is a normalisation. asset_class and strategy take the printed group name without the portfolio percentage and without '(Continued)': B's form split one class into two on the continuation pages and carried a running-header marker into the data. subject_type 'fund': the row label names a vehicle (L.P./LP/LLC/SCSp/Limited Partnership), which the label-driven rule types fund, not investment. currency_scale '$': the symbol is printed once at the head of the Cost and Fair Value columns and governs every value beneath it.",RESOLVED,A+B+ADJUDICATOR,42fd3fd5192cd82559b79a6adfdcdbf321ee96ab2925a30c3f3513e2aabdc3b6
3a916c7dbbca39d1b89e,SRC407,1,PAIR_882A0A7D2A2583400C0C8D4A,VALUE_CONFLICT,25,25,asset_class|strategy|currency_scale|metric_value_raw,MERGE,"source_section blanked: the only headings this document prints are the in-table groupings, which the placement rule makes asset_class/strategy and never source_section; pages 2-7 and 11 print no heading above the table at all. metric_value_raw keeps the printed '$' that A stripped; the value column is raw and stripping a printed symbol is a normalisation. asset_class and strategy take the printed group name without the portfolio percentage and without '(Continued)': B's form split one class into two on the continuation pages and carried a running-header marker into the data. subject_type 'fund': the row label names a vehicle (L.P./LP/LLC/SCSp/Limited Partnership), which the label-driven rule types fund, not investment. currency_scale '$': the symbol is printed once at the head of the Cost and Fair Value columns and governs every value beneath it.; Source review: p1: Fair Value (Individual holdings, aggregate rows, and the hierarchy note have separate value scopes.) | p1: Fair Value (Printed heading or definition supporting the source-reviewed qualifier.)",RESOLVED,A+B+ADJUDICATOR,42fd3fd5192cd82559b79a6adfdcdbf321ee96ab2925a30c3f3513e2aabdc3b6
889c7cf4e5211ed8c205,SRC407,1,PAIR_ADC8A58EDEF46CBA01A7347E,CONTEXT_CONFLICT,26,26,asset_class|strategy|currency_scale,MERGE,"source_section blanked: the only headings this document prints are the in-table groupings, which the placement rule makes asset_class/strategy and never source_section; pages 2-7 and 11 print no heading above the table at all. asset_class and strategy take the printed group name without the portfolio percentage and without '(Continued)': B's form split one class into two on the continuation pages and carried a running-header marker into the data. subject_type 'fund': the row label names a vehicle (L.P./LP/LLC/SCSp/Limited Partnership), which the label-driven rule types fund, not investment. currency_scale '$': the symbol is printed once at the head of the Cost and Fair Value columns and governs every value beneath it.",RESOLVED,A+B+ADJUDICATOR,42fd3fd5192cd82559b79a6adfdcdbf321ee96ab2925a30c3f3513e2aabdc3b6
767cb70edcc3a82ff9ef,SRC407,1,PAIR_C226B5CA5B1C1D6382D42711,CONTEXT_CONFLICT,27,27,asset_class|strategy|currency_scale,MERGE,"source_section blanked: the only headings this document prints are the in-table groupings, which the placement rule makes asset_class/strategy and never source_section; pages 2-7 and 11 print no heading above the table at all. asset_class and strategy take the printed group name without the portfolio percentage and without '(Continued)': B's form split one class into two on the continuation pages and carried a running-header marker into the data. subject_type 'fund': the row label names a vehicle (L.P./LP/LLC/SCSp/Limited Partnership), which the label-driven rule types fund, not investment. currency_scale '$': the symbol is printed once at the head of the Cost and Fair Value columns and governs every value beneath it.; Source review: p1: Fair Value (Individual holdings, aggregate rows, and the hierarchy note have separate value scopes.) | p1: Fair Value (Printed heading or definition supporting the source-reviewed qualifier.)",RESOLVED,A+B+ADJUDICATOR,42fd3fd5192cd82559b79a6adfdcdbf321ee96ab2925a30c3f3513e2aabdc3b6
a343375885fa852e7cb6,SRC407,1,PAIR_7E1893B1C75961019A28797D,CONTEXT_CONFLICT,28,28,asset_class|strategy|currency_scale,MERGE,"source_section blanked: the only headings this document prints are the in-table groupings, which the placement rule makes asset_class/strategy and never source_section; pages 2-7 and 11 print no heading above the table at all. asset_class and strategy take the printed group name without the portfolio percentage and without '(Continued)': B's form split one class into two on the continuation pages and carried a running-header marker into the data. subject_type 'fund': the row label names a vehicle (L.P./LP/LLC/SCSp/Limited Partnership), which the label-driven rule types fund, not investment. currency_scale '$': the symbol is printed once at the head of the Cost and Fair Value columns and governs every value beneath it.",RESOLVED,A+B+ADJUDICATOR,42fd3fd5192cd82559b79a6adfdcdbf321ee96ab2925a30c3f3513e2aabdc3b6
4cee18081bfe05e1b917,SRC407,1,PAIR_394076F30A8108950DDEEA35,CONTEXT_CONFLICT,29,29,asset_class|strategy|currency_scale,MERGE,"source_section blanked: the only headings this document prints are the in-table groupings, which the placement rule makes asset_class/strategy and never source_section; pages 2-7 and 11 print no heading above the table at all. asset_class and strategy take the printed group name without the portfolio percentage and without '(Continued)': B's form split one class into two on the continuation pages and carried a running-header marker into the data. subject_type 'fund': the row label names a vehicle (L.P./LP/LLC/SCSp/Limited Partnership), which the label-driven rule types fund, not investment. currency_scale '$': the symbol is printed once at the head of the Cost and Fair Value columns and governs every value beneath it.; Source review: p1: Fair Value (Individual holdings, aggregate rows, and the hierarchy note have separate value scopes.) | p1: Fair Value (Printed heading or definition supporting the source-reviewed qualifier.)",RESOLVED,A+B+ADJUDICATOR,42fd3fd5192cd82559b79a6adfdcdbf321ee96ab2925a30c3f3513e2aabdc3b6
5192da72323a1a340cb0,SRC407,1,PAIR_C411A6C3120F82AE868F82EE,CONTEXT_CONFLICT,30,30,asset_class|strategy|currency_scale,MERGE,"source_section blanked: the only headings this document prints are the in-table groupings, which the placement rule makes asset_class/strategy and never source_section; pages 2-7 and 11 print no heading above the table at all. asset_class and strategy take the printed group name without the portfolio percentage and without '(Continued)': B's form split one class into two on the continuation pages and carried a running-header marker into the data. subject_type 'fund': the row label names a vehicle (L.P./LP/LLC/SCSp/Limited Partnership), which the label-driven rule types fund, not investment. currency_scale '$': the symbol is printed once at the head of the Cost and Fair Value columns and governs every value beneath it.",RESOLVED,A+B+ADJUDICATOR,42fd3fd5192cd82559b79a6adfdcdbf321ee96ab2925a30c3f3513e2aabdc3b6
223515f69aeadbd79503,SRC407,1,PAIR_3108007450D4A614D6947976,CONTEXT_CONFLICT,31,31,asset_class|strategy|currency_scale,MERGE,"source_section blanked: the only headings this document prints are the in-table groupings, which the placement rule makes asset_class/strategy and never source_section; pages 2-7 and 11 print no heading above the table at all. asset_class and strategy take the printed group name without the portfolio percentage and without '(Continued)': B's form split one class into two on the continuation pages and carried a running-header marker into the data. subject_type 'fund': the row label names a vehicle (L.P./LP/LLC/SCSp/Limited Partnership), which the label-driven rule types fund, not investment. currency_scale '$': the symbol is printed once at the head of the Cost and Fair Value columns and governs every value beneath it.; Source review: p1: Fair Value (Individual holdings, aggregate rows, and the hierarchy note have separate value scopes.) | p1: Fair Value (Printed heading or definition supporting the source-reviewed qualifier.)",RESOLVED,A+B+ADJUDICATOR,42fd3fd5192cd82559b79a6adfdcdbf321ee96ab2925a30c3f3513e2aabdc3b6
2c42d9237c94f6ef2e1a,SRC407,1,PAIR_7F804CE98FED1DC92BCD1007,CONTEXT_CONFLICT,32,32,asset_class|strategy|currency_scale,MERGE,"source_section blanked: the only headings this document prints are the in-table groupings, which the placement rule makes asset_class/strategy and never source_section; pages 2-7 and 11 print no heading above the table at all. asset_class and strategy take the printed group name without the portfolio percentage and without '(Continued)': B's form split one class into two on the continuation pages and carried a running-header marker into the data. subject_type 'fund': the row label names a vehicle (L.P./LP/LLC/SCSp/Limited Partnership), which the label-driven rule types fund, not investment. currency_scale '$': the symbol is printed once at the head of the Cost and Fair Value columns and governs every value beneath it.",RESOLVED,A+B+ADJUDICATOR,42fd3fd5192cd82559b79a6adfdcdbf321ee96ab2925a30c3f3513e2aabdc3b6
7be81e5e16b1b3884f42,SRC407,1,PAIR_F436A30D95F9163292DD5FE9,CONTEXT_CONFLICT,33,33,asset_class|strategy|currency_scale,MERGE,"source_section blanked: the only headings this document prints are the in-table groupings, which the placement rule makes asset_class/strategy and never source_section; pages 2-7 and 11 print no heading above the table at all. asset_class and strategy take the printed group name without the portfolio percentage and without '(Continued)': B's form split one class into two on the continuation pages and carried a running-header marker into the data. subject_type 'fund': the row label names a vehicle (L.P./LP/LLC/SCSp/Limited Partnership), which the label-driven rule types fund, not investment. currency_scale '$': the symbol is printed once at the head of the Cost and Fair Value columns and governs every value beneath it.; Source review: p1: Fair Value (Individual holdings, aggregate rows, and the hierarchy note have separate value scopes.) | p1: Fair Value (Printed heading or definition supporting the source-reviewed qualifier.)",RESOLVED,A+B+ADJUDICATOR,42fd3fd5192cd82559b79a6adfdcdbf321ee96ab2925a30c3f3513e2aabdc3b6
4f0c8d0442cd9fa13073,SRC407,1,PAIR_294C9BDE9222BAB306D41287,CONTEXT_CONFLICT,34,34,asset_class|strategy|currency_scale,MERGE,"source_section blanked: the only headings this document prints are the in-table groupings, which the placement rule makes asset_class/strategy and never source_section; pages 2-7 and 11 print no heading above the table at all. asset_class and strategy take the printed group name without the portfolio percentage and without '(Continued)': B's form split one class into two on the continuation pages and carried a running-header marker into the data. subject_type 'fund': the row label names a vehicle (L.P./LP/LLC/SCSp/Limited Partnership), which the label-driven rule types fund, not investment. currency_scale '$': the symbol is printed once at the head of the Cost and Fair Value columns and governs every value beneath it.",RESOLVED,A+B+ADJUDICATOR,42fd3fd5192cd82559b79a6adfdcdbf321ee96ab2925a30c3f3513e2aabdc3b6
12c7b6c7807a5edf2534,SRC407,1,PAIR_207BC5B95DF928EB82D6B0BB,CONTEXT_CONFLICT,35,35,asset_class|strategy|currency_scale,MERGE,"source_section blanked: the only headings this document prints are the in-table groupings, which the placement rule makes asset_class/strategy and never source_section; pages 2-7 and 11 print no heading above the table at all. asset_class and strategy take the printed group name without the portfolio percentage and without '(Continued)': B's form split one class into two on the continuation pages and carried a running-header marker into the data. subject_type 'fund': the row label names a vehicle (L.P./LP/LLC/SCSp/Limited Partnership), which the label-driven rule types fund, not investment. currency_scale '$': the symbol is printed once at the head of the Cost and Fair Value columns and governs every value beneath it.; Source review: p1: Fair Value (Individual holdings, aggregate rows, and the hierarchy note have separate value scopes.) | p1: Fair Value (Printed heading or definition supporting the source-reviewed qualifier.)",RESOLVED,A+B+ADJUDICATOR,42fd3fd5192cd82559b79a6adfdcdbf321ee96ab2925a30c3f3513e2aabdc3b6
50b8122a4004f0b197d8,SRC407,1,,ADJUDICATOR_ADD,,,,ADD,"printed group percentage published as portfolio_weight on the page carrying that group's total row; asset_class/strategy blank where they would repeat subject_name. source_section blanked: the only headings this document prints are the in-table groupings, which the placement rule makes asset_class/strategy and never source_section; pages 2-7 and 11 print no heading above the table at all.",ADDED,ADJUDICATOR,42fd3fd5192cd82559b79a6adfdcdbf321ee96ab2925a30c3f3513e2aabdc3b6
83ff1b206a35bd77c373,SRC407,1,,ADJUDICATOR_ADD,,,,ADD,"printed group percentage published as portfolio_weight on the page carrying that group's total row; asset_class/strategy blank where they would repeat subject_name. source_section blanked: the only headings this document prints are the in-table groupings, which the placement rule makes asset_class/strategy and never source_section; pages 2-7 and 11 print no heading above the table at all.",ADDED,ADJUDICATOR,42fd3fd5192cd82559b79a6adfdcdbf321ee96ab2925a30c3f3513e2aabdc3b6
0ce9e5a07b90980a1b4e,SRC407,1,PAIR_2E2949B1F964CA578C91DC9E,CONTEXT_CONFLICT,36,36,asset_class|strategy|currency_scale,MERGE,"source_section blanked: the only headings this document prints are the in-table groupings, which the placement rule makes asset_class/strategy and never source_section; pages 2-7 and 11 print no heading above the table at all. asset_class and strategy take the printed group name without the portfolio percentage and without '(Continued)': B's form split one class into two on the continuation pages and carried a running-header marker into the data. subject_type 'fund': the row label names a vehicle (L.P./LP/LLC/SCSp/Limited Partnership), which the label-driven rule types fund, not investment. currency_scale '$': the symbol is printed once at the head of the Cost and Fair Value columns and governs every value beneath it.",RESOLVED,A+B+ADJUDICATOR,42fd3fd5192cd82559b79a6adfdcdbf321ee96ab2925a30c3f3513e2aabdc3b6
ac561e12546e3eb1e4c0,SRC407,1,PAIR_062800009B0595A45694E553,CONTEXT_CONFLICT,37,37,asset_class|strategy|currency_scale,MERGE,"source_section blanked: the only headings this document prints are the in-table groupings, which the placement rule makes asset_class/strategy and never source_section; pages 2-7 and 11 print no heading above the table at all. asset_class and strategy take the printed group name without the portfolio percentage and without '(Continued)': B's form split one class into two on the continuation pages and carried a running-header marker into the data. subject_type 'fund': the row label names a vehicle (L.P./LP/LLC/SCSp/Limited Partnership), which the label-driven rule types fund, not investment. currency_scale '$': the symbol is printed once at the head of the Cost and Fair Value columns and governs every value beneath it.; Source review: p1: Fair Value (Individual holdings, aggregate rows, and the hierarchy note have separate value scopes.) | p1: Fair Value (Printed heading or definition supporting the source-reviewed qualifier.)",RESOLVED,A+B+ADJUDICATOR,42fd3fd5192cd82559b79a6adfdcdbf321ee96ab2925a30c3f3513e2aabdc3b6
e7edd91a3ceaabe618cc,SRC407,1,PAIR_04F7981CBB780B681BF10FE4,CONTEXT_CONFLICT,38,38,asset_class|strategy|currency_scale,MERGE,"source_section blanked: the only headings this document prints are the in-table groupings, which the placement rule makes asset_class/strategy and never source_section; pages 2-7 and 11 print no heading above the table at all. asset_class and strategy take the printed group name without the portfolio percentage and without '(Continued)': B's form split one class into two on the continuation pages and carried a running-header marker into the data. subject_type 'fund': the row label names a vehicle (L.P./LP/LLC/SCSp/Limited Partnership), which the label-driven rule types fund, not investment. currency_scale '$': the symbol is printed once at the head of the Cost and Fair Value columns and governs every value beneath it.",RESOLVED,A+B+ADJUDICATOR,42fd3fd5192cd82559b79a6adfdcdbf321ee96ab2925a30c3f3513e2aabdc3b6
d6195999eb7bc0972732,SRC407,1,PAIR_F06C2B8A4EA807580FEE0D2D,CONTEXT_CONFLICT,39,39,asset_class|strategy|currency_scale,MERGE,"source_section blanked: the only headings this document prints are the in-table groupings, which the placement rule makes asset_class/strategy and never source_section; pages 2-7 and 11 print no heading above the table at all. asset_class and strategy take the printed group name without the portfolio percentage and without '(Continued)': B's form split one class into two on the continuation pages and carried a running-header marker into the data. subject_type 'fund': the row label names a vehicle (L.P./LP/LLC/SCSp/Limited Partnership), which the label-driven rule types fund, not investment. currency_scale '$': the symbol is printed once at the head of the Cost and Fair Value columns and governs every value beneath it.; Source review: p1: Fair Value (Individual holdings, aggregate rows, and the hierarchy note have separate value scopes.) | p1: Fair Value (Printed heading or definition supporting the source-reviewed qualifier.)",RESOLVED,A+B+ADJUDICATOR,42fd3fd5192cd82559b79a6adfdcdbf321ee96ab2925a30c3f3513e2aabdc3b6
bfe97db51c12f426b4cc,SRC407,1,PAIR_6881C9CB6E1CD1B32124C12B,CONTEXT_CONFLICT,40,40,asset_class|strategy|currency_scale,MERGE,"source_section blanked: the only headings this document prints are the in-table groupings, which the placement rule makes asset_class/strategy and never source_section; pages 2-7 and 11 print no heading above the table at all. asset_class and strategy take the printed group name without the portfolio percentage and without '(Continued)': B's form split one class into two on the continuation pages and carried a running-header marker into the data. subject_type 'fund': the row label names a vehicle (L.P./LP/LLC/SCSp/Limited Partnership), which the label-driven rule types fund, not investment. currency_scale '$': the symbol is printed once at the head of the Cost and Fair Value columns and governs every value beneath it.",RESOLVED,A+B+ADJUDICATOR,42fd3fd5192cd82559b79a6adfdcdbf321ee96ab2925a30c3f3513e2aabdc3b6
e27f338f0b9499476047,SRC407,1,PAIR_FA8F72624FC1CDEF9BBC514F,CONTEXT_CONFLICT,41,41,asset_class|strategy|currency_scale,MERGE,"source_section blanked: the only headings this document prints are the in-table groupings, which the placement rule makes asset_class/strategy and never source_section; pages 2-7 and 11 print no heading above the table at all. asset_class and strategy take the printed group name without the portfolio percentage and without '(Continued)': B's form split one class into two on the continuation pages and carried a running-header marker into the data. subject_type 'fund': the row label names a vehicle (L.P./LP/LLC/SCSp/Limited Partnership), which the label-driven rule types fund, not investment. currency_scale '$': the symbol is printed once at the head of the Cost and Fair Value columns and governs every value beneath it.; Source review: p1: Fair Value (Individual holdings, aggregate rows, and the hierarchy note have separate value scopes.) | p1: Fair Value (Printed heading or definition supporting the source-reviewed qualifier.)",RESOLVED,A+B+ADJUDICATOR,42fd3fd5192cd82559b79a6adfdcdbf321ee96ab2925a30c3f3513e2aabdc3b6
b4a5f38e974a17119d84,SRC407,1,PAIR_C55E255A3D78667F39CE4797,CONTEXT_CONFLICT,42,42,asset_class|strategy|currency_scale,MERGE,"source_section blanked: the only headings this document prints are the in-table groupings, which the placement rule makes asset_class/strategy and never source_section; pages 2-7 and 11 print no heading above the table at all. asset_class and strategy take the printed group name without the portfolio percentage and without '(Continued)': B's form split one class into two on the continuation pages and carried a running-header marker into the data. subject_type 'fund': the row label names a vehicle (L.P./LP/LLC/SCSp/Limited Partnership), which the label-driven rule types fund, not investment. currency_scale '$': the symbol is printed once at the head of the Cost and Fair Value columns and governs every value beneath it.",RESOLVED,A+B+ADJUDICATOR,42fd3fd5192cd82559b79a6adfdcdbf321ee96ab2925a30c3f3513e2aabdc3b6
cc818b9c8f1fe845d8f5,SRC407,1,PAIR_32E3BED15262CE13FEEFC84B,CONTEXT_CONFLICT,43,43,asset_class|strategy|currency_scale,MERGE,"source_section blanked: the only headings this document prints are the in-table groupings, which the placement rule makes asset_class/strategy and never source_section; pages 2-7 and 11 print no heading above the table at all. asset_class and strategy take the printed group name without the portfolio percentage and without '(Continued)': B's form split one class into two on the continuation pages and carried a running-header marker into the data. subject_type 'fund': the row label names a vehicle (L.P./LP/LLC/SCSp/Limited Partnership), which the label-driven rule types fund, not investment. currency_scale '$': the symbol is printed once at the head of the Cost and Fair Value columns and governs every value beneath it.; Source review: p1: Fair Value (Individual holdings, aggregate rows, and the hierarchy note have separate value scopes.) | p1: Fair Value (Printed heading or definition supporting the source-reviewed qualifier.)",RESOLVED,A+B+ADJUDICATOR,42fd3fd5192cd82559b79a6adfdcdbf321ee96ab2925a30c3f3513e2aabdc3b6
7796996b950507cf996d,SRC407,1,PAIR_C73A02E69E40F60F7A988239,CONTEXT_CONFLICT,44,44,asset_class|strategy|currency_scale,MERGE,"source_section blanked: the only headings this document prints are the in-table groupings, which the placement rule makes asset_class/strategy and never source_section; pages 2-7 and 11 print no heading above the table at all. asset_class and strategy take the printed group name without the portfolio percentage and without '(Continued)': B's form split one class into two on the continuation pages and carried a running-header marker into the data. subject_type 'fund': the row label names a vehicle (L.P./LP/LLC/SCSp/Limited Partnership), which the label-driven rule types fund, not investment. currency_scale '$': the symbol is printed once at the head of the Cost and Fair Value columns and governs every value beneath it.",RESOLVED,A+B+ADJUDICATOR,42fd3fd5192cd82559b79a6adfdcdbf321ee96ab2925a30c3f3513e2aabdc3b6
7c036974162251c732b9,SRC407,1,PAIR_353D0EEC8B194E0E5068DC80,CONTEXT_CONFLICT,45,45,asset_class|strategy|currency_scale,MERGE,"source_section blanked: the only headings this document prints are the in-table groupings, which the placement rule makes asset_class/strategy and never source_section; pages 2-7 and 11 print no heading above the table at all. asset_class and strategy take the printed group name without the portfolio percentage and without '(Continued)': B's form split one class into two on the continuation pages and carried a running-header marker into the data. subject_type 'fund': the row label names a vehicle (L.P./LP/LLC/SCSp/Limited Partnership), which the label-driven rule types fund, not investment. currency_scale '$': the symbol is printed once at the head of the Cost and Fair Value columns and governs every value beneath it.; Source review: p1: Fair Value (Individual holdings, aggregate rows, and the hierarchy note have separate value scopes.) | p1: Fair Value (Printed heading or definition supporting the source-reviewed qualifier.)",RESOLVED,A+B+ADJUDICATOR,42fd3fd5192cd82559b79a6adfdcdbf321ee96ab2925a30c3f3513e2aabdc3b6
f23b60ae1ddf00247d62,SRC407,1,PAIR_D3A2DCE6B4E875F0B1EA6129,CONTEXT_CONFLICT,46,46,asset_class|strategy|currency_scale,MERGE,"source_section blanked: the only headings this document prints are the in-table groupings, which the placement rule makes asset_class/strategy and never source_section; pages 2-7 and 11 print no heading above the table at all. asset_class and strategy take the printed group name without the portfolio percentage and without '(Continued)': B's form split one class into two on the continuation pages and carried a running-header marker into the data. subject_type 'fund': the row label names a vehicle (L.P./LP/LLC/SCSp/Limited Partnership), which the label-driven rule types fund, not investment. currency_scale '$': the symbol is printed once at the head of the Cost and Fair Value columns and governs every value beneath it.",RESOLVED,A+B+ADJUDICATOR,42fd3fd5192cd82559b79a6adfdcdbf321ee96ab2925a30c3f3513e2aabdc3b6
60af7a96f1647ad30bf5,SRC407,1,PAIR_3805A9BA1AE5857EF165A82F,CONTEXT_CONFLICT,47,47,asset_class|strategy|currency_scale,MERGE,"source_section blanked: the only headings this document prints are the in-table groupings, which the placement rule makes asset_class/strategy and never source_section; pages 2-7 and 11 print no heading above the table at all. asset_class and strategy take the printed group name without the portfolio percentage and without '(Continued)': B's form split one class into two on the continuation pages and carried a running-header marker into the data. subject_type 'fund': the row label names a vehicle (L.P./LP/LLC/SCSp/Limited Partnership), which the label-driven rule types fund, not investment. currency_scale '$': the symbol is printed once at the head of the Cost and Fair Value columns and governs every value beneath it.; Source review: p1: Fair Value (Individual holdings, aggregate rows, and the hierarchy note have separate value scopes.) | p1: Fair Value (Printed heading or definition supporting the source-reviewed qualifier.)",RESOLVED,A+B+ADJUDICATOR,42fd3fd5192cd82559b79a6adfdcdbf321ee96ab2925a30c3f3513e2aabdc3b6
a552a953785af34b2a55,SRC407,1,PAIR_C3AB9489DEC6F4D419385854,CONTEXT_CONFLICT,48,48,asset_class|strategy|currency_scale,MERGE,"source_section blanked: the only headings this document prints are the in-table groupings, which the placement rule makes asset_class/strategy and never source_section; pages 2-7 and 11 print no heading above the table at all. asset_class and strategy take the printed group name without the portfolio percentage and without '(Continued)': B's form split one class into two on the continuation pages and carried a running-header marker into the data. subject_type 'fund': the row label names a vehicle (L.P./LP/LLC/SCSp/Limited Partnership), which the label-driven rule types fund, not investment. currency_scale '$': the symbol is printed once at the head of the Cost and Fair Value columns and governs every value beneath it.",RESOLVED,A+B+ADJUDICATOR,42fd3fd5192cd82559b79a6adfdcdbf321ee96ab2925a30c3f3513e2aabdc3b6
0c58478b9d142e2bad83,SRC407,1,PAIR_572AEB01A38571522EAF8078,CONTEXT_CONFLICT,49,49,asset_class|strategy|currency_scale,MERGE,"source_section blanked: the only headings this document prints are the in-table groupings, which the placement rule makes asset_class/strategy and never source_section; pages 2-7 and 11 print no heading above the table at all. asset_class and strategy take the printed group name without the portfolio percentage and without '(Continued)': B's form split one class into two on the continuation pages and carried a running-header marker into the data. subject_type 'fund': the row label names a vehicle (L.P./LP/LLC/SCSp/Limited Partnership), which the label-driven rule types fund, not investment. currency_scale '$': the symbol is printed once at the head of the Cost and Fair Value columns and governs every value beneath it.; Source review: p1: Fair Value (Individual holdings, aggregate rows, and the hierarchy note have separate value scopes.) | p1: Fair Value (Printed heading or definition supporting the source-reviewed qualifier.)",RESOLVED,A+B+ADJUDICATOR,42fd3fd5192cd82559b79a6adfdcdbf321ee96ab2925a30c3f3513e2aabdc3b6
395662d55a351cb21410,SRC407,1,PAIR_2E09688840E2C493B8B60935,CONTEXT_CONFLICT,50,50,asset_class|strategy|currency_scale,MERGE,"source_section blanked: the only headings this document prints are the in-table groupings, which the placement rule makes asset_class/strategy and never source_section; pages 2-7 and 11 print no heading above the table at all. asset_class and strategy take the printed group name without the portfolio percentage and without '(Continued)': B's form split one class into two on the continuation pages and carried a running-header marker into the data. subject_type 'fund': the row label names a vehicle (L.P./LP/LLC/SCSp/Limited Partnership), which the label-driven rule types fund, not investment. currency_scale '$': the symbol is printed once at the head of the Cost and Fair Value columns and governs every value beneath it.",RESOLVED,A+B+ADJUDICATOR,42fd3fd5192cd82559b79a6adfdcdbf321ee96ab2925a30c3f3513e2aabdc3b6
5c76f556e5dfa4f479af,SRC407,1,PAIR_22002A8D01849FE1B4EB9055,CONTEXT_CONFLICT,51,51,asset_class|strategy|currency_scale,MERGE,"source_section blanked: the only headings this document prints are the in-table groupings, which the placement rule makes asset_class/strategy and never source_section; pages 2-7 and 11 print no heading above the table at all. asset_class and strategy take the printed group name without the portfolio percentage and without '(Continued)': B's form split one class into two on the continuation pages and carried a running-header marker into the data. subject_type 'fund': the row label names a vehicle (L.P./LP/LLC/SCSp/Limited Partnership), which the label-driven rule types fund, not investment. currency_scale '$': the symbol is printed once at the head of the Cost and Fair Value columns and governs every value beneath it.; Source review: p1: Fair Value (Individual holdings, aggregate rows, and the hierarchy note have separate value scopes.) | p1: Fair Value (Printed heading or definition supporting the source-reviewed qualifier.)",RESOLVED,A+B+ADJUDICATOR,42fd3fd5192cd82559b79a6adfdcdbf321ee96ab2925a30c3f3513e2aabdc3b6
1c719cb705ae02fab3f8,SRC407,1,PAIR_AEAD0C6DB5CFDD345160BE62,CONTEXT_CONFLICT,52,52,asset_class|strategy|currency_scale,MERGE,"source_section blanked: the only headings this document prints are the in-table groupings, which the placement rule makes asset_class/strategy and never source_section; pages 2-7 and 11 print no heading above the table at all. asset_class and strategy take the printed group name without the portfolio percentage and without '(Continued)': B's form split one class into two on the continuation pages and carried a running-header marker into the data. subject_type 'fund': the row label names a vehicle (L.P./LP/LLC/SCSp/Limited Partnership), which the label-driven rule types fund, not investment. currency_scale '$': the symbol is printed once at the head of the Cost and Fair Value columns and governs every value beneath it.; Source review: p1: Fair Value (Individual holdings, aggregate rows, and the hierarchy note have separate value scopes.) | p1: Fair Value (Printed heading or definition supporting the source-reviewed qualifier.)",RESOLVED,A+B+ADJUDICATOR,42fd3fd5192cd82559b79a6adfdcdbf321ee96ab2925a30c3f3513e2aabdc3b6
dcbc5a8131f12b2e1a3d,SRC407,1,PAIR_833EFF637502156BD56B9C08,CONTEXT_CONFLICT,53,53,asset_class|strategy|currency_scale,MERGE,"source_section blanked: the only headings this document prints are the in-table groupings, which the placement rule makes asset_class/strategy and never source_section; pages 2-7 and 11 print no heading above the table at all. asset_class and strategy take the printed group name without the portfolio percentage and without '(Continued)': B's form split one class into two on the continuation pages and carried a running-header marker into the data. subject_type 'fund': the row label names a vehicle (L.P./LP/LLC/SCSp/Limited Partnership), which the label-driven rule types fund, not investment. currency_scale '$': the symbol is printed once at the head of the Cost and Fair Value columns and governs every value beneath it.",RESOLVED,A+B+ADJUDICATOR,42fd3fd5192cd82559b79a6adfdcdbf321ee96ab2925a30c3f3513e2aabdc3b6
d8721fdca8253d525ff4,SRC407,1,PAIR_11F94C49C2D393DAA3E3B9F8,CONTEXT_CONFLICT,54,54,asset_class|strategy|currency_scale,MERGE,"source_section blanked: the only headings this document prints are the in-table groupings, which the placement rule makes asset_class/strategy and never source_section; pages 2-7 and 11 print no heading above the table at all. asset_class and strategy take the printed group name without the portfolio percentage and without '(Continued)': B's form split one class into two on the continuation pages and carried a running-header marker into the data. subject_type 'fund': the row label names a vehicle (L.P./LP/LLC/SCSp/Limited Partnership), which the label-driven rule types fund, not investment. currency_scale '$': the symbol is printed once at the head of the Cost and Fair Value columns and governs every value beneath it.; Source review: p1: Fair Value (Individual holdings, aggregate rows, and the hierarchy note have separate value scopes.) | p1: Fair Value (Printed heading or definition supporting the source-reviewed qualifier.)",RESOLVED,A+B+ADJUDICATOR,42fd3fd5192cd82559b79a6adfdcdbf321ee96ab2925a30c3f3513e2aabdc3b6
b8a9b9287d5e8a17a57c,SRC407,1,PAIR_44892FD1BABC4844A461D32E,CONTEXT_CONFLICT,55,55,asset_class|strategy|currency_scale,MERGE,"source_section blanked: the only headings this document prints are the in-table groupings, which the placement rule makes asset_class/strategy and never source_section; pages 2-7 and 11 print no heading above the table at all. asset_class and strategy take the printed group name without the portfolio percentage and without '(Continued)': B's form split one class into two on the continuation pages and carried a running-header marker into the data. subject_type 'fund': the row label names a vehicle (L.P./LP/LLC/SCSp/Limited Partnership), which the label-driven rule types fund, not investment. currency_scale '$': the symbol is printed once at the head of the Cost and Fair Value columns and governs every value beneath it.",RESOLVED,A+B+ADJUDICATOR,42fd3fd5192cd82559b79a6adfdcdbf321ee96ab2925a30c3f3513e2aabdc3b6
ab271179a222a29c37f9,SRC407,1,PAIR_B6114826D1A36A6FBCB531E5,CONTEXT_CONFLICT,56,56,asset_class|strategy|currency_scale,MERGE,"source_section blanked: the only headings this document prints are the in-table groupings, which the placement rule makes asset_class/strategy and never source_section; pages 2-7 and 11 print no heading above the table at all. asset_class and strategy take the printed group name without the portfolio percentage and without '(Continued)': B's form split one class into two on the continuation pages and carried a running-header marker into the data. subject_type 'fund': the row label names a vehicle (L.P./LP/LLC/SCSp/Limited Partnership), which the label-driven rule types fund, not investment. currency_scale '$': the symbol is printed once at the head of the Cost and Fair Value columns and governs every value beneath it.; Source review: p1: Fair Value (Individual holdings, aggregate rows, and the hierarchy note have separate value scopes.) | p1: Fair Value (Printed heading or definition supporting the source-reviewed qualifier.)",RESOLVED,A+B+ADJUDICATOR,42fd3fd5192cd82559b79a6adfdcdbf321ee96ab2925a30c3f3513e2aabdc3b6
b03257f2ed79a89377fe,SRC407,1,PAIR_57D7D9FEEAAC4127578C76B1,CONTEXT_CONFLICT,57,57,asset_class|strategy|currency_scale,MERGE,"source_section blanked: the only headings this document prints are the in-table groupings, which the placement rule makes asset_class/strategy and never source_section; pages 2-7 and 11 print no heading above the table at all. asset_class and strategy take the printed group name without the portfolio percentage and without '(Continued)': B's form split one class into two on the continuation pages and carried a running-header marker into the data. subject_type 'fund': the row label names a vehicle (L.P./LP/LLC/SCSp/Limited Partnership), which the label-driven rule types fund, not investment. currency_scale '$': the symbol is printed once at the head of the Cost and Fair Value columns and governs every value beneath it.",RESOLVED,A+B+ADJUDICATOR,42fd3fd5192cd82559b79a6adfdcdbf321ee96ab2925a30c3f3513e2aabdc3b6
7168191a2f8427916ba4,SRC407,1,PAIR_3C30823475CF18DCDF3DB9B9,CONTEXT_CONFLICT,58,58,asset_class|strategy|currency_scale,MERGE,"source_section blanked: the only headings this document prints are the in-table groupings, which the placement rule makes asset_class/strategy and never source_section; pages 2-7 and 11 print no heading above the table at all. asset_class and strategy take the printed group name without the portfolio percentage and without '(Continued)': B's form split one class into two on the continuation pages and carried a running-header marker into the data. subject_type 'fund': the row label names a vehicle (L.P./LP/LLC/SCSp/Limited Partnership), which the label-driven rule types fund, not investment. currency_scale '$': the symbol is printed once at the head of the Cost and Fair Value columns and governs every value beneath it.; Source review: p1: Fair Value (Individual holdings, aggregate rows, and the hierarchy note have separate value scopes.) | p1: Fair Value (Printed heading or definition supporting the source-reviewed qualifier.)",RESOLVED,A+B+ADJUDICATOR,42fd3fd5192cd82559b79a6adfdcdbf321ee96ab2925a30c3f3513e2aabdc3b6
29048fda7133fa744400,SRC407,1,PAIR_AFBD3341974D64BBA6FDA182,CONTEXT_CONFLICT,59,59,asset_class|strategy|currency_scale,MERGE,"source_section blanked: the only headings this document prints are the in-table groupings, which the placement rule makes asset_class/strategy and never source_section; pages 2-7 and 11 print no heading above the table at all. asset_class and strategy take the printed group name without the portfolio percentage and without '(Continued)': B's form split one class into two on the continuation pages and carried a running-header marker into the data. subject_type 'fund': the row label names a vehicle (L.P./LP/LLC/SCSp/Limited Partnership), which the label-driven rule types fund, not investment. currency_scale '$': the symbol is printed once at the head of the Cost and Fair Value columns and governs every value beneath it.",RESOLVED,A+B+ADJUDICATOR,42fd3fd5192cd82559b79a6adfdcdbf321ee96ab2925a30c3f3513e2aabdc3b6
5737a3206014110807f3,SRC407,1,PAIR_4C10B151D718200A8A3765C6,CONTEXT_CONFLICT,60,60,asset_class|strategy|currency_scale,MERGE,"source_section blanked: the only headings this document prints are the in-table groupings, which the placement rule makes asset_class/strategy and never source_section; pages 2-7 and 11 print no heading above the table at all. asset_class and strategy take the printed group name without the portfolio percentage and without '(Continued)': B's form split one class into two on the continuation pages and carried a running-header marker into the data. subject_type 'fund': the row label names a vehicle (L.P./LP/LLC/SCSp/Limited Partnership), which the label-driven rule types fund, not investment. currency_scale '$': the symbol is printed once at the head of the Cost and Fair Value columns and governs every value beneath it.; Source review: p1: Fair Value (Individual holdings, aggregate rows, and the hierarchy note have separate value scopes.) | p1: Fair Value (Printed heading or definition supporting the source-reviewed qualifier.)",RESOLVED,A+B+ADJUDICATOR,42fd3fd5192cd82559b79a6adfdcdbf321ee96ab2925a30c3f3513e2aabdc3b6
43f0c64afe1505b2857f,SRC407,1,PAIR_D12EF14DA1132CC43CCBA70E,CONTEXT_CONFLICT,61,61,asset_class|strategy|currency_scale,MERGE,"source_section blanked: the only headings this document prints are the in-table groupings, which the placement rule makes asset_class/strategy and never source_section; pages 2-7 and 11 print no heading above the table at all. asset_class and strategy take the printed group name without the portfolio percentage and without '(Continued)': B's form split one class into two on the continuation pages and carried a running-header marker into the data. subject_type 'fund': the row label names a vehicle (L.P./LP/LLC/SCSp/Limited Partnership), which the label-driven rule types fund, not investment. currency_scale '$': the symbol is printed once at the head of the Cost and Fair Value columns and governs every value beneath it.",RESOLVED,A+B+ADJUDICATOR,42fd3fd5192cd82559b79a6adfdcdbf321ee96ab2925a30c3f3513e2aabdc3b6
80661cf19171da297713,SRC407,1,PAIR_6701C9AA9A17A0F29A5A69F9,CONTEXT_CONFLICT,62,62,asset_class|strategy|currency_scale,MERGE,"source_section blanked: the only headings this document prints are the in-table groupings, which the placement rule makes asset_class/strategy and never source_section; pages 2-7 and 11 print no heading above the table at all. asset_class and strategy take the printed group name without the portfolio percentage and without '(Continued)': B's form split one class into two on the continuation pages and carried a running-header marker into the data. subject_type 'fund': the row label names a vehicle (L.P./LP/LLC/SCSp/Limited Partnership), which the label-driven rule types fund, not investment. currency_scale '$': the symbol is printed once at the head of the Cost and Fair Value columns and governs every value beneath it.; Source review: p1: Fair Value (Individual holdings, aggregate rows, and the hierarchy note have separate value scopes.) | p1: Fair Value (Printed heading or definition supporting the source-reviewed qualifier.)",RESOLVED,A+B+ADJUDICATOR,42fd3fd5192cd82559b79a6adfdcdbf321ee96ab2925a30c3f3513e2aabdc3b6
3bef35c5f6ba706369f3,SRC407,1,PAIR_811C15EAEBD2F7C29A6FD3C5,CONTEXT_CONFLICT,63,63,asset_class|strategy|currency_scale,MERGE,"source_section blanked: the only headings this document prints are the in-table groupings, which the placement rule makes asset_class/strategy and never source_section; pages 2-7 and 11 print no heading above the table at all. asset_class and strategy take the printed group name without the portfolio percentage and without '(Continued)': B's form split one class into two on the continuation pages and carried a running-header marker into the data. subject_type 'fund': the row label names a vehicle (L.P./LP/LLC/SCSp/Limited Partnership), which the label-driven rule types fund, not investment. currency_scale '$': the symbol is printed once at the head of the Cost and Fair Value columns and governs every value beneath it.",RESOLVED,A+B+ADJUDICATOR,42fd3fd5192cd82559b79a6adfdcdbf321ee96ab2925a30c3f3513e2aabdc3b6
4296b559d59cd4209d43,SRC407,1,PAIR_6C85E0A2F94D12F720AF2E85,CONTEXT_CONFLICT,64,64,asset_class|strategy|currency_scale,MERGE,"source_section blanked: the only headings this document prints are the in-table groupings, which the placement rule makes asset_class/strategy and never source_section; pages 2-7 and 11 print no heading above the table at all. asset_class and strategy take the printed group name without the portfolio percentage and without '(Continued)': B's form split one class into two on the continuation pages and carried a running-header marker into the data. subject_type 'fund': the row label names a vehicle (L.P./LP/LLC/SCSp/Limited Partnership), which the label-driven rule types fund, not investment. currency_scale '$': the symbol is printed once at the head of the Cost and Fair Value columns and governs every value beneath it.; Source review: p1: Fair Value (Individual holdings, aggregate rows, and the hierarchy note have separate value scopes.) | p1: Fair Value (Printed heading or definition supporting the source-reviewed qualifier.)",RESOLVED,A+B+ADJUDICATOR,42fd3fd5192cd82559b79a6adfdcdbf321ee96ab2925a30c3f3513e2aabdc3b6
e9f42c9a97f8b17f485e,SRC407,1,PAIR_92A4389096E2071F18ABD1E5,CONTEXT_CONFLICT,65,65,asset_class|strategy|currency_scale,MERGE,"source_section blanked: the only headings this document prints are the in-table groupings, which the placement rule makes asset_class/strategy and never source_section; pages 2-7 and 11 print no heading above the table at all. asset_class and strategy take the printed group name without the portfolio percentage and without '(Continued)': B's form split one class into two on the continuation pages and carried a running-header marker into the data. subject_type 'fund': the row label names a vehicle (L.P./LP/LLC/SCSp/Limited Partnership), which the label-driven rule types fund, not investment. currency_scale '$': the symbol is printed once at the head of the Cost and Fair Value columns and governs every value beneath it.",RESOLVED,A+B+ADJUDICATOR,42fd3fd5192cd82559b79a6adfdcdbf321ee96ab2925a30c3f3513e2aabdc3b6
381732d9461f8d7012c8,SRC407,1,PAIR_CAF6DA74B7BCD58D20061327,CONTEXT_CONFLICT,66,66,asset_class|strategy|currency_scale,MERGE,"source_section blanked: the only headings this document prints are the in-table groupings, which the placement rule makes asset_class/strategy and never source_section; pages 2-7 and 11 print no heading above the table at all. asset_class and strategy take the printed group name without the portfolio percentage and without '(Continued)': B's form split one class into two on the continuation pages and carried a running-header marker into the data. subject_type 'fund': the row label names a vehicle (L.P./LP/LLC/SCSp/Limited Partnership), which the label-driven rule types fund, not investment. currency_scale '$': the symbol is printed once at the head of the Cost and Fair Value columns and governs every value beneath it.; Source review: p1: Fair Value (Individual holdings, aggregate rows, and the hierarchy note have separate value scopes.) | p1: Fair Value (Printed heading or definition supporting the source-reviewed qualifier.)",RESOLVED,A+B+ADJUDICATOR,42fd3fd5192cd82559b79a6adfdcdbf321ee96ab2925a30c3f3513e2aabdc3b6
f1240f1025faaf28a734,SRC407,1,PAIR_6B43C7EB32C0FCBD8C73E8AC,CONTEXT_CONFLICT,67,67,asset_class|strategy|currency_scale,MERGE,"source_section blanked: the only headings this document prints are the in-table groupings, which the placement rule makes asset_class/strategy and never source_section; pages 2-7 and 11 print no heading above the table at all. asset_class and strategy take the printed group name without the portfolio percentage and without '(Continued)': B's form split one class into two on the continuation pages and carried a running-header marker into the data. subject_type 'fund': the row label names a vehicle (L.P./LP/LLC/SCSp/Limited Partnership), which the label-driven rule types fund, not investment. currency_scale '$': the symbol is printed once at the head of the Cost and Fair Value columns and governs every value beneath it.",RESOLVED,A+B+ADJUDICATOR,42fd3fd5192cd82559b79a6adfdcdbf321ee96ab2925a30c3f3513e2aabdc3b6
952f3fc32fe80dec26d8,SRC407,1,PAIR_B1249D8876AC96BCAB20B1CC,CONTEXT_CONFLICT,68,68,asset_class|strategy|currency_scale,MERGE,"source_section blanked: the only headings this document prints are the in-table groupings, which the placement rule makes asset_class/strategy and never source_section; pages 2-7 and 11 print no heading above the table at all. asset_class and strategy take the printed group name without the portfolio percentage and without '(Continued)': B's form split one class into two on the continuation pages and carried a running-header marker into the data. subject_type 'fund': the row label names a vehicle (L.P./LP/LLC/SCSp/Limited Partnership), which the label-driven rule types fund, not investment. currency_scale '$': the symbol is printed once at the head of the Cost and Fair Value columns and governs every value beneath it.; Source review: p1: Fair Value (Individual holdings, aggregate rows, and the hierarchy note have separate value scopes.) | p1: Fair Value (Printed heading or definition supporting the source-reviewed qualifier.)",RESOLVED,A+B+ADJUDICATOR,42fd3fd5192cd82559b79a6adfdcdbf321ee96ab2925a30c3f3513e2aabdc3b6
5335ebf6a61da6783c6b,SRC407,1,PAIR_B70B5CCBC4AB65C00840F0F4,CONTEXT_CONFLICT,69,69,asset_class|strategy|currency_scale,MERGE,"source_section blanked: the only headings this document prints are the in-table groupings, which the placement rule makes asset_class/strategy and never source_section; pages 2-7 and 11 print no heading above the table at all. asset_class and strategy take the printed group name without the portfolio percentage and without '(Continued)': B's form split one class into two on the continuation pages and carried a running-header marker into the data. subject_type 'fund': the row label names a vehicle (L.P./LP/LLC/SCSp/Limited Partnership), which the label-driven rule types fund, not investment. currency_scale '$': the symbol is printed once at the head of the Cost and Fair Value columns and governs every value beneath it.",RESOLVED,A+B+ADJUDICATOR,42fd3fd5192cd82559b79a6adfdcdbf321ee96ab2925a30c3f3513e2aabdc3b6
d94c84c3479165f87663,SRC407,1,PAIR_21422FD544196D4A753DE61B,CONTEXT_CONFLICT,70,70,asset_class|strategy|currency_scale,MERGE,"source_section blanked: the only headings this document prints are the in-table groupings, which the placement rule makes asset_class/strategy and never source_section; pages 2-7 and 11 print no heading above the table at all. asset_class and strategy take the printed group name without the portfolio percentage and without '(Continued)': B's form split one class into two on the continuation pages and carried a running-header marker into the data. subject_type 'fund': the row label names a vehicle (L.P./LP/LLC/SCSp/Limited Partnership), which the label-driven rule types fund, not investment. currency_scale '$': the symbol is printed once at the head of the Cost and Fair Value columns and governs every value beneath it.; Source review: p1: Fair Value (Individual holdings, aggregate rows, and the hierarchy note have separate value scopes.) | p1: Fair Value (Printed heading or definition supporting the source-reviewed qualifier.)",RESOLVED,A+B+ADJUDICATOR,42fd3fd5192cd82559b79a6adfdcdbf321ee96ab2925a30c3f3513e2aabdc3b6
db53382e726529b26db4,SRC407,1,PAIR_87BBA50D2D178F9A04128CDB,CONTEXT_CONFLICT,71,71,asset_class|strategy|currency_scale,MERGE,"source_section blanked: the only headings this document prints are the in-table groupings, which the placement rule makes asset_class/strategy and never source_section; pages 2-7 and 11 print no heading above the table at all. asset_class and strategy take the printed group name without the portfolio percentage and without '(Continued)': B's form split one class into two on the continuation pages and carried a running-header marker into the data. subject_type 'fund': the row label names a vehicle (L.P./LP/LLC/SCSp/Limited Partnership), which the label-driven rule types fund, not investment. currency_scale '$': the symbol is printed once at the head of the Cost and Fair Value columns and governs every value beneath it.",RESOLVED,A+B+ADJUDICATOR,42fd3fd5192cd82559b79a6adfdcdbf321ee96ab2925a30c3f3513e2aabdc3b6
0089d5dde58a2bb364a5,SRC407,1,PAIR_D7C3C9F4D198921046060589,CONTEXT_CONFLICT,72,72,asset_class|strategy|currency_scale,MERGE,"source_section blanked: the only headings this document prints are the in-table groupings, which the placement rule makes asset_class/strategy and never source_section; pages 2-7 and 11 print no heading above the table at all. asset_class and strategy take the printed group name without the portfolio percentage and without '(Continued)': B's form split one class into two on the continuation pages and carried a running-header marker into the data. subject_type 'fund': the row label names a vehicle (L.P./LP/LLC/SCSp/Limited Partnership), which the label-driven rule types fund, not investment. currency_scale '$': the symbol is printed once at the head of the Cost and Fair Value columns and governs every value beneath it.; Source review: p1: Fair Value (Individual holdings, aggregate rows, and the hierarchy note have separate value scopes.) | p1: Fair Value (Printed heading or definition supporting the source-reviewed qualifier.)",RESOLVED,A+B+ADJUDICATOR,42fd3fd5192cd82559b79a6adfdcdbf321ee96ab2925a30c3f3513e2aabdc3b6
c0ef47b17eb7104888d7,SRC407,1,,ADJUDICATOR_ADD,,,,ADD,"printed group percentage published as portfolio_weight on the page carrying that group's total row; asset_class/strategy blank where they would repeat subject_name. source_section blanked: the only headings this document prints are the in-table groupings, which the placement rule makes asset_class/strategy and never source_section; pages 2-7 and 11 print no heading above the table at all.",ADDED,ADJUDICATOR,42fd3fd5192cd82559b79a6adfdcdbf321ee96ab2925a30c3f3513e2aabdc3b6
9f6bb7b226a91e0eb9b8,SRC407,1,PAIR_AC17F639186C8DD979587433,CONTEXT_CONFLICT,73,73,asset_class|strategy|currency_scale,MERGE,"source_section blanked: the only headings this document prints are the in-table groupings, which the placement rule makes asset_class/strategy and never source_section; pages 2-7 and 11 print no heading above the table at all. asset_class and strategy take the printed group name without the portfolio percentage and without '(Continued)': B's form split one class into two on the continuation pages and carried a running-header marker into the data. subject_type 'fund': the row label names a vehicle (L.P./LP/LLC/SCSp/Limited Partnership), which the label-driven rule types fund, not investment. currency_scale '$': the symbol is printed once at the head of the Cost and Fair Value columns and governs every value beneath it.",RESOLVED,A+B+ADJUDICATOR,42fd3fd5192cd82559b79a6adfdcdbf321ee96ab2925a30c3f3513e2aabdc3b6
01008100b701fd7bc892,SRC407,1,PAIR_C78457C4870BBBE52CE757D6,CONTEXT_CONFLICT,74,74,asset_class|strategy|currency_scale,MERGE,"source_section blanked: the only headings this document prints are the in-table groupings, which the placement rule makes asset_class/strategy and never source_section; pages 2-7 and 11 print no heading above the table at all. asset_class and strategy take the printed group name without the portfolio percentage and without '(Continued)': B's form split one class into two on the continuation pages and carried a running-header marker into the data. subject_type 'fund': the row label names a vehicle (L.P./LP/LLC/SCSp/Limited Partnership), which the label-driven rule types fund, not investment. currency_scale '$': the symbol is printed once at the head of the Cost and Fair Value columns and governs every value beneath it.; Source review: p1: Fair Value (Individual holdings, aggregate rows, and the hierarchy note have separate value scopes.) | p1: Fair Value (Printed heading or definition supporting the source-reviewed qualifier.)",RESOLVED,A+B+ADJUDICATOR,42fd3fd5192cd82559b79a6adfdcdbf321ee96ab2925a30c3f3513e2aabdc3b6
cda7a0b3ced57f96c5c2,SRC407,1,PAIR_566FCC73A7FBEE7FE8DCE30B,CONTEXT_CONFLICT,75,75,asset_class|strategy|currency_scale,MERGE,"source_section blanked: the only headings this document prints are the in-table groupings, which the placement rule makes asset_class/strategy and never source_section; pages 2-7 and 11 print no heading above the table at all. asset_class and strategy take the printed group name without the portfolio percentage and without '(Continued)': B's form split one class into two on the continuation pages and carried a running-header marker into the data. subject_type 'fund': the row label names a vehicle (L.P./LP/LLC/SCSp/Limited Partnership), which the label-driven rule types fund, not investment. currency_scale '$': the symbol is printed once at the head of the Cost and Fair Value columns and governs every value beneath it.",RESOLVED,A+B+ADJUDICATOR,42fd3fd5192cd82559b79a6adfdcdbf321ee96ab2925a30c3f3513e2aabdc3b6
cbcca54846cb278d198e,SRC407,1,PAIR_C4C81D852AB78D0A11EB8A69,CONTEXT_CONFLICT,76,76,asset_class|strategy|currency_scale,MERGE,"source_section blanked: the only headings this document prints are the in-table groupings, which the placement rule makes asset_class/strategy and never source_section; pages 2-7 and 11 print no heading above the table at all. asset_class and strategy take the printed group name without the portfolio percentage and without '(Continued)': B's form split one class into two on the continuation pages and carried a running-header marker into the data. subject_type 'fund': the row label names a vehicle (L.P./LP/LLC/SCSp/Limited Partnership), which the label-driven rule types fund, not investment. currency_scale '$': the symbol is printed once at the head of the Cost and Fair Value columns and governs every value beneath it.; Source review: p1: Fair Value (Individual holdings, aggregate rows, and the hierarchy note have separate value scopes.) | p1: Fair Value (Printed heading or definition supporting the source-reviewed qualifier.)",RESOLVED,A+B+ADJUDICATOR,42fd3fd5192cd82559b79a6adfdcdbf321ee96ab2925a30c3f3513e2aabdc3b6
74fdc10097931ad9a3c5,SRC407,1,PAIR_FE505C3FE1E64125D6619E96,CONTEXT_CONFLICT,77,77,asset_class|strategy|currency_scale,MERGE,"source_section blanked: the only headings this document prints are the in-table groupings, which the placement rule makes asset_class/strategy and never source_section; pages 2-7 and 11 print no heading above the table at all. asset_class and strategy take the printed group name without the portfolio percentage and without '(Continued)': B's form split one class into two on the continuation pages and carried a running-header marker into the data. subject_type 'fund': the row label names a vehicle (L.P./LP/LLC/SCSp/Limited Partnership), which the label-driven rule types fund, not investment. currency_scale '$': the symbol is printed once at the head of the Cost and Fair Value columns and governs every value beneath it.",RESOLVED,A+B+ADJUDICATOR,42fd3fd5192cd82559b79a6adfdcdbf321ee96ab2925a30c3f3513e2aabdc3b6
51ad4a18d299380aff67,SRC407,1,PAIR_6389A7AEEC47004B68EAD3B5,CONTEXT_CONFLICT,78,78,asset_class|strategy|currency_scale,MERGE,"source_section blanked: the only headings this document prints are the in-table groupings, which the placement rule makes asset_class/strategy and never source_section; pages 2-7 and 11 print no heading above the table at all. asset_class and strategy take the printed group name without the portfolio percentage and without '(Continued)': B's form split one class into two on the continuation pages and carried a running-header marker into the data. subject_type 'fund': the row label names a vehicle (L.P./LP/LLC/SCSp/Limited Partnership), which the label-driven rule types fund, not investment. currency_scale '$': the symbol is printed once at the head of the Cost and Fair Value columns and governs every value beneath it.; Source review: p1: Fair Value (Individual holdings, aggregate rows, and the hierarchy note have separate value scopes.) | p1: Fair Value (Printed heading or definition supporting the source-reviewed qualifier.)",RESOLVED,A+B+ADJUDICATOR,42fd3fd5192cd82559b79a6adfdcdbf321ee96ab2925a30c3f3513e2aabdc3b6
330ad9c8b979c31954e6,SRC407,1,PAIR_5F5E0CBBFF8216F1E55C91F6,CONTEXT_CONFLICT,79,79,asset_class|strategy|currency_scale,MERGE,"source_section blanked: the only headings this document prints are the in-table groupings, which the placement rule makes asset_class/strategy and never source_section; pages 2-7 and 11 print no heading above the table at all. asset_class and strategy take the printed group name without the portfolio percentage and without '(Continued)': B's form split one class into two on the continuation pages and carried a running-header marker into the data. subject_type 'fund': the row label names a vehicle (L.P./LP/LLC/SCSp/Limited Partnership), which the label-driven rule types fund, not investment. currency_scale '$': the symbol is printed once at the head of the Cost and Fair Value columns and governs every value beneath it.",RESOLVED,A+B+ADJUDICATOR,42fd3fd5192cd82559b79a6adfdcdbf321ee96ab2925a30c3f3513e2aabdc3b6
6b42c37a3e7bc36a48ce,SRC407,1,PAIR_D7606BF32333A9385241D373,CONTEXT_CONFLICT,80,80,asset_class|strategy|currency_scale,MERGE,"source_section blanked: the only headings this document prints are the in-table groupings, which the placement rule makes asset_class/strategy and never source_section; pages 2-7 and 11 print no heading above the table at all. asset_class and strategy take the printed group name without the portfolio percentage and without '(Continued)': B's form split one class into two on the continuation pages and carried a running-header marker into the data. subject_type 'fund': the row label names a vehicle (L.P./LP/LLC/SCSp/Limited Partnership), which the label-driven rule types fund, not investment. currency_scale '$': the symbol is printed once at the head of the Cost and Fair Value columns and governs every value beneath it.; Source review: p1: Fair Value (Individual holdings, aggregate rows, and the hierarchy note have separate value scopes.) | p1: Fair Value (Printed heading or definition supporting the source-reviewed qualifier.)",RESOLVED,A+B+ADJUDICATOR,42fd3fd5192cd82559b79a6adfdcdbf321ee96ab2925a30c3f3513e2aabdc3b6
47c8ddb0b77216f9a78d,SRC407,1,PAIR_701A28E28A09689C3D5F4CEC,CONTEXT_CONFLICT,81,81,asset_class|strategy|currency_scale,MERGE,"source_section blanked: the only headings this document prints are the in-table groupings, which the placement rule makes asset_class/strategy and never source_section; pages 2-7 and 11 print no heading above the table at all. asset_class and strategy take the printed group name without the portfolio percentage and without '(Continued)': B's form split one class into two on the continuation pages and carried a running-header marker into the data. subject_type 'fund': the row label names a vehicle (L.P./LP/LLC/SCSp/Limited Partnership), which the label-driven rule types fund, not investment. currency_scale '$': the symbol is printed once at the head of the Cost and Fair Value columns and governs every value beneath it.",RESOLVED,A+B+ADJUDICATOR,42fd3fd5192cd82559b79a6adfdcdbf321ee96ab2925a30c3f3513e2aabdc3b6
6d296f06c624f7409970,SRC407,1,PAIR_71328C371BD7966D704C4CE4,CONTEXT_CONFLICT,82,82,asset_class|strategy|currency_scale,MERGE,"source_section blanked: the only headings this document prints are the in-table groupings, which the placement rule makes asset_class/strategy and never source_section; pages 2-7 and 11 print no heading above the table at all. asset_class and strategy take the printed group name without the portfolio percentage and without '(Continued)': B's form split one class into two on the continuation pages and carried a running-header marker into the data. subject_type 'fund': the row label names a vehicle (L.P./LP/LLC/SCSp/Limited Partnership), which the label-driven rule types fund, not investment. currency_scale '$': the symbol is printed once at the head of the Cost and Fair Value columns and governs every value beneath it.; Source review: p1: Fair Value (Individual holdings, aggregate rows, and the hierarchy note have separate value scopes.) | p1: Fair Value (Printed heading or definition supporting the source-reviewed qualifier.)",RESOLVED,A+B+ADJUDICATOR,42fd3fd5192cd82559b79a6adfdcdbf321ee96ab2925a30c3f3513e2aabdc3b6
7caae474cd1aa57cba40,SRC407,1,PAIR_FB984E117D9D7BD5652D0B60,CONTEXT_CONFLICT,83,83,asset_class|strategy|currency_scale,MERGE,"source_section blanked: the only headings this document prints are the in-table groupings, which the placement rule makes asset_class/strategy and never source_section; pages 2-7 and 11 print no heading above the table at all. asset_class and strategy take the printed group name without the portfolio percentage and without '(Continued)': B's form split one class into two on the continuation pages and carried a running-header marker into the data. subject_type 'fund': the row label names a vehicle (L.P./LP/LLC/SCSp/Limited Partnership), which the label-driven rule types fund, not investment. currency_scale '$': the symbol is printed once at the head of the Cost and Fair Value columns and governs every value beneath it.",RESOLVED,A+B+ADJUDICATOR,42fd3fd5192cd82559b79a6adfdcdbf321ee96ab2925a30c3f3513e2aabdc3b6
937012a5c1c966c69001,SRC407,1,PAIR_B3224E85103EB5755FC1A9C0,CONTEXT_CONFLICT,84,84,asset_class|strategy|currency_scale,MERGE,"source_section blanked: the only headings this document prints are the in-table groupings, which the placement rule makes asset_class/strategy and never source_section; pages 2-7 and 11 print no heading above the table at all. asset_class and strategy take the printed group name without the portfolio percentage and without '(Continued)': B's form split one class into two on the continuation pages and carried a running-header marker into the data. subject_type 'fund': the row label names a vehicle (L.P./LP/LLC/SCSp/Limited Partnership), which the label-driven rule types fund, not investment. currency_scale '$': the symbol is printed once at the head of the Cost and Fair Value columns and governs every value beneath it.; Source review: p1: Fair Value (Individual holdings, aggregate rows, and the hierarchy note have separate value scopes.) | p1: Fair Value (Printed heading or definition supporting the source-reviewed qualifier.)",RESOLVED,A+B+ADJUDICATOR,42fd3fd5192cd82559b79a6adfdcdbf321ee96ab2925a30c3f3513e2aabdc3b6
aba2b61e0f80158757ad,SRC407,1,PAIR_57DC39E7D1228715CA806128,CONTEXT_CONFLICT,85,85,asset_class|strategy|currency_scale,MERGE,"source_section blanked: the only headings this document prints are the in-table groupings, which the placement rule makes asset_class/strategy and never source_section; pages 2-7 and 11 print no heading above the table at all. asset_class and strategy take the printed group name without the portfolio percentage and without '(Continued)': B's form split one class into two on the continuation pages and carried a running-header marker into the data. subject_type 'fund': the row label names a vehicle (L.P./LP/LLC/SCSp/Limited Partnership), which the label-driven rule types fund, not investment. currency_scale '$': the symbol is printed once at the head of the Cost and Fair Value columns and governs every value beneath it.",RESOLVED,A+B+ADJUDICATOR,42fd3fd5192cd82559b79a6adfdcdbf321ee96ab2925a30c3f3513e2aabdc3b6
f58f0264427eee1b2487,SRC407,1,PAIR_199CC8C2424F9D5A617ECF90,CONTEXT_CONFLICT,86,86,asset_class|strategy|currency_scale,MERGE,"source_section blanked: the only headings this document prints are the in-table groupings, which the placement rule makes asset_class/strategy and never source_section; pages 2-7 and 11 print no heading above the table at all. asset_class and strategy take the printed group name without the portfolio percentage and without '(Continued)': B's form split one class into two on the continuation pages and carried a running-header marker into the data. subject_type 'fund': the row label names a vehicle (L.P./LP/LLC/SCSp/Limited Partnership), which the label-driven rule types fund, not investment. currency_scale '$': the symbol is printed once at the head of the Cost and Fair Value columns and governs every value beneath it.; Source review: p1: Fair Value (Individual holdings, aggregate rows, and the hierarchy note have separate value scopes.) | p1: Fair Value (Printed heading or definition supporting the source-reviewed qualifier.)",RESOLVED,A+B+ADJUDICATOR,42fd3fd5192cd82559b79a6adfdcdbf321ee96ab2925a30c3f3513e2aabdc3b6
3ebc4f5265f52a23ec54,SRC407,1,PAIR_0C6795E87FA947D19E687215,CONTEXT_CONFLICT,87,87,asset_class|strategy|currency_scale,MERGE,"source_section blanked: the only headings this document prints are the in-table groupings, which the placement rule makes asset_class/strategy and never source_section; pages 2-7 and 11 print no heading above the table at all. asset_class and strategy take the printed group name without the portfolio percentage and without '(Continued)': B's form split one class into two on the continuation pages and carried a running-header marker into the data. subject_type 'fund': the row label names a vehicle (L.P./LP/LLC/SCSp/Limited Partnership), which the label-driven rule types fund, not investment. currency_scale '$': the symbol is printed once at the head of the Cost and Fair Value columns and governs every value beneath it.",RESOLVED,A+B+ADJUDICATOR,42fd3fd5192cd82559b79a6adfdcdbf321ee96ab2925a30c3f3513e2aabdc3b6
edf3c21408da47e5b955,SRC407,1,PAIR_897D5C45712940ABF087106C,CONTEXT_CONFLICT,88,88,asset_class|strategy|currency_scale,MERGE,"source_section blanked: the only headings this document prints are the in-table groupings, which the placement rule makes asset_class/strategy and never source_section; pages 2-7 and 11 print no heading above the table at all. asset_class and strategy take the printed group name without the portfolio percentage and without '(Continued)': B's form split one class into two on the continuation pages and carried a running-header marker into the data. subject_type 'fund': the row label names a vehicle (L.P./LP/LLC/SCSp/Limited Partnership), which the label-driven rule types fund, not investment. currency_scale '$': the symbol is printed once at the head of the Cost and Fair Value columns and governs every value beneath it.; Source review: p1: Fair Value (Individual holdings, aggregate rows, and the hierarchy note have separate value scopes.) | p1: Fair Value (Printed heading or definition supporting the source-reviewed qualifier.)",RESOLVED,A+B+ADJUDICATOR,42fd3fd5192cd82559b79a6adfdcdbf321ee96ab2925a30c3f3513e2aabdc3b6
b0978bf763f702294559,SRC407,1,PAIR_DAD00D42B5AD02779C4552FC,CONTEXT_CONFLICT,89,89,asset_class|strategy|currency_scale,MERGE,"source_section blanked: the only headings this document prints are the in-table groupings, which the placement rule makes asset_class/strategy and never source_section; pages 2-7 and 11 print no heading above the table at all. asset_class and strategy take the printed group name without the portfolio percentage and without '(Continued)': B's form split one class into two on the continuation pages and carried a running-header marker into the data. subject_type 'fund': the row label names a vehicle (L.P./LP/LLC/SCSp/Limited Partnership), which the label-driven rule types fund, not investment. currency_scale '$': the symbol is printed once at the head of the Cost and Fair Value columns and governs every value beneath it.",RESOLVED,A+B+ADJUDICATOR,42fd3fd5192cd82559b79a6adfdcdbf321ee96ab2925a30c3f3513e2aabdc3b6
d08c18dfa5723c78d1aa,SRC407,1,PAIR_2A0B3F4011C0D054CF8FA31A,CONTEXT_CONFLICT,90,90,asset_class|strategy|currency_scale,MERGE,"source_section blanked: the only headings this document prints are the in-table groupings, which the placement rule makes asset_class/strategy and never source_section; pages 2-7 and 11 print no heading above the table at all. asset_class and strategy take the printed group name without the portfolio percentage and without '(Continued)': B's form split one class into two on the continuation pages and carried a running-header marker into the data. subject_type 'fund': the row label names a vehicle (L.P./LP/LLC/SCSp/Limited Partnership), which the label-driven rule types fund, not investment. currency_scale '$': the symbol is printed once at the head of the Cost and Fair Value columns and governs every value beneath it.; Source review: p1: Fair Value (Individual holdings, aggregate rows, and the hierarchy note have separate value scopes.) | p1: Fair Value (Printed heading or definition supporting the source-reviewed qualifier.)",RESOLVED,A+B+ADJUDICATOR,42fd3fd5192cd82559b79a6adfdcdbf321ee96ab2925a30c3f3513e2aabdc3b6
77ccab5b44a8eb10aca4,SRC407,1,PAIR_B8D7C8DB8F06E0ED8C65BF69,CONTEXT_CONFLICT,91,91,asset_class|strategy|currency_scale,MERGE,"source_section blanked: the only headings this document prints are the in-table groupings, which the placement rule makes asset_class/strategy and never source_section; pages 2-7 and 11 print no heading above the table at all. asset_class and strategy take the printed group name without the portfolio percentage and without '(Continued)': B's form split one class into two on the continuation pages and carried a running-header marker into the data. subject_type 'fund': the row label names a vehicle (L.P./LP/LLC/SCSp/Limited Partnership), which the label-driven rule types fund, not investment. currency_scale '$': the symbol is printed once at the head of the Cost and Fair Value columns and governs every value beneath it.",RESOLVED,A+B+ADJUDICATOR,42fd3fd5192cd82559b79a6adfdcdbf321ee96ab2925a30c3f3513e2aabdc3b6
2358189610ecf37626be,SRC407,1,PAIR_55BEFC9D0E4132B2003CDD22,CONTEXT_CONFLICT,92,92,asset_class|strategy|currency_scale,MERGE,"source_section blanked: the only headings this document prints are the in-table groupings, which the placement rule makes asset_class/strategy and never source_section; pages 2-7 and 11 print no heading above the table at all. asset_class and strategy take the printed group name without the portfolio percentage and without '(Continued)': B's form split one class into two on the continuation pages and carried a running-header marker into the data. subject_type 'fund': the row label names a vehicle (L.P./LP/LLC/SCSp/Limited Partnership), which the label-driven rule types fund, not investment. currency_scale '$': the symbol is printed once at the head of the Cost and Fair Value columns and governs every value beneath it.; Source review: p1: Fair Value (Individual holdings, aggregate rows, and the hierarchy note have separate value scopes.) | p1: Fair Value (Printed heading or definition supporting the source-reviewed qualifier.)",RESOLVED,A+B+ADJUDICATOR,42fd3fd5192cd82559b79a6adfdcdbf321ee96ab2925a30c3f3513e2aabdc3b6
e8e9aa75d9397db0f17a,SRC407,1,PAIR_3DA925DE9D965DA3B3BE76FE,CONTEXT_CONFLICT,93,93,asset_class|strategy|currency_scale,MERGE,"source_section blanked: the only headings this document prints are the in-table groupings, which the placement rule makes asset_class/strategy and never source_section; pages 2-7 and 11 print no heading above the table at all. asset_class and strategy take the printed group name without the portfolio percentage and without '(Continued)': B's form split one class into two on the continuation pages and carried a running-header marker into the data. subject_type 'fund': the row label names a vehicle (L.P./LP/LLC/SCSp/Limited Partnership), which the label-driven rule types fund, not investment. currency_scale '$': the symbol is printed once at the head of the Cost and Fair Value columns and governs every value beneath it.",RESOLVED,A+B+ADJUDICATOR,42fd3fd5192cd82559b79a6adfdcdbf321ee96ab2925a30c3f3513e2aabdc3b6
7bce4cb3cce49122e8bb,SRC407,1,PAIR_3C83354700D92730F046A77F,CONTEXT_CONFLICT,94,94,asset_class|strategy|currency_scale,MERGE,"source_section blanked: the only headings this document prints are the in-table groupings, which the placement rule makes asset_class/strategy and never source_section; pages 2-7 and 11 print no heading above the table at all. asset_class and strategy take the printed group name without the portfolio percentage and without '(Continued)': B's form split one class into two on the continuation pages and carried a running-header marker into the data. subject_type 'fund': the row label names a vehicle (L.P./LP/LLC/SCSp/Limited Partnership), which the label-driven rule types fund, not investment. currency_scale '$': the symbol is printed once at the head of the Cost and Fair Value columns and governs every value beneath it.; Source review: p1: Fair Value (Individual holdings, aggregate rows, and the hierarchy note have separate value scopes.) | p1: Fair Value (Printed heading or definition supporting the source-reviewed qualifier.)",RESOLVED,A+B+ADJUDICATOR,42fd3fd5192cd82559b79a6adfdcdbf321ee96ab2925a30c3f3513e2aabdc3b6
b5f465b06af06b0b6b15,SRC407,1,PAIR_3B0E16D60C9D2F934BF2E2EB,CONTEXT_CONFLICT,95,95,asset_class|strategy|currency_scale,MERGE,"source_section blanked: the only headings this document prints are the in-table groupings, which the placement rule makes asset_class/strategy and never source_section; pages 2-7 and 11 print no heading above the table at all. asset_class and strategy take the printed group name without the portfolio percentage and without '(Continued)': B's form split one class into two on the continuation pages and carried a running-header marker into the data. subject_type 'fund': the row label names a vehicle (L.P./LP/LLC/SCSp/Limited Partnership), which the label-driven rule types fund, not investment. currency_scale '$': the symbol is printed once at the head of the Cost and Fair Value columns and governs every value beneath it.",RESOLVED,A+B+ADJUDICATOR,42fd3fd5192cd82559b79a6adfdcdbf321ee96ab2925a30c3f3513e2aabdc3b6
e7cee26d6724d5871fd5,SRC407,1,PAIR_F0584A936D1459913730F43C,CONTEXT_CONFLICT,96,96,asset_class|strategy|currency_scale,MERGE,"source_section blanked: the only headings this document prints are the in-table groupings, which the placement rule makes asset_class/strategy and never source_section; pages 2-7 and 11 print no heading above the table at all. asset_class and strategy take the printed group name without the portfolio percentage and without '(Continued)': B's form split one class into two on the continuation pages and carried a running-header marker into the data. subject_type 'fund': the row label names a vehicle (L.P./LP/LLC/SCSp/Limited Partnership), which the label-driven rule types fund, not investment. currency_scale '$': the symbol is printed once at the head of the Cost and Fair Value columns and governs every value beneath it.; Source review: p1: Fair Value (Individual holdings, aggregate rows, and the hierarchy note have separate value scopes.) | p1: Fair Value (Printed heading or definition supporting the source-reviewed qualifier.)",RESOLVED,A+B+ADJUDICATOR,42fd3fd5192cd82559b79a6adfdcdbf321ee96ab2925a30c3f3513e2aabdc3b6
44786ad74faf0f1e4a48,SRC407,1,PAIR_37549B685702E85225115FA9,CONTEXT_CONFLICT,97,97,asset_class|strategy|currency_scale,MERGE,"source_section blanked: the only headings this document prints are the in-table groupings, which the placement rule makes asset_class/strategy and never source_section; pages 2-7 and 11 print no heading above the table at all. asset_class and strategy take the printed group name without the portfolio percentage and without '(Continued)': B's form split one class into two on the continuation pages and carried a running-header marker into the data. subject_type 'fund': the row label names a vehicle (L.P./LP/LLC/SCSp/Limited Partnership), which the label-driven rule types fund, not investment. currency_scale '$': the symbol is printed once at the head of the Cost and Fair Value columns and governs every value beneath it.",RESOLVED,A+B+ADJUDICATOR,42fd3fd5192cd82559b79a6adfdcdbf321ee96ab2925a30c3f3513e2aabdc3b6
dda2830330636c684758,SRC407,1,PAIR_8A87CEE0CCB9501AFA883FD3,CONTEXT_CONFLICT,98,98,asset_class|strategy|currency_scale,MERGE,"source_section blanked: the only headings this document prints are the in-table groupings, which the placement rule makes asset_class/strategy and never source_section; pages 2-7 and 11 print no heading above the table at all. asset_class and strategy take the printed group name without the portfolio percentage and without '(Continued)': B's form split one class into two on the continuation pages and carried a running-header marker into the data. subject_type 'fund': the row label names a vehicle (L.P./LP/LLC/SCSp/Limited Partnership), which the label-driven rule types fund, not investment. currency_scale '$': the symbol is printed once at the head of the Cost and Fair Value columns and governs every value beneath it.; Source review: p1: Fair Value (Individual holdings, aggregate rows, and the hierarchy note have separate value scopes.) | p1: Fair Value (Printed heading or definition supporting the source-reviewed qualifier.)",RESOLVED,A+B+ADJUDICATOR,42fd3fd5192cd82559b79a6adfdcdbf321ee96ab2925a30c3f3513e2aabdc3b6
fc7b7ce1aa9a0f1d0da8,SRC407,1,,ADJUDICATOR_ADD,,,,ADD,"printed group total row neither lane extracted; the page prints Cost and Fair Value for it on the same rule as every other row. source_section blanked: the only headings this document prints are the in-table groupings, which the placement rule makes asset_class/strategy and never source_section; pages 2-7 and 11 print no heading above the table at all.",ADDED,ADJUDICATOR,42fd3fd5192cd82559b79a6adfdcdbf321ee96ab2925a30c3f3513e2aabdc3b6
0e92519f2be08467f2b3,SRC407,1,,ADJUDICATOR_ADD,,,,ADD,"printed group total row neither lane extracted; the page prints Cost and Fair Value for it on the same rule as every other row. source_section blanked: the only headings this document prints are the in-table groupings, which the placement rule makes asset_class/strategy and never source_section; pages 2-7 and 11 print no heading above the table at all.; Source review: p1: Fair Value (Individual holdings, aggregate rows, and the hierarchy note have separate value scopes.) | p1: Fair Value (Printed heading or definition supporting the source-reviewed qualifier.)",ADDED,ADJUDICATOR,42fd3fd5192cd82559b79a6adfdcdbf321ee96ab2925a30c3f3513e2aabdc3b6
68e4f854d116c4964484,SRC407,1,,ADJUDICATOR_ADD,,,,ADD,"printed group total row neither lane extracted; the page prints Cost and Fair Value for it on the same rule as every other row. source_section blanked: the only headings this document prints are the in-table groupings, which the placement rule makes asset_class/strategy and never source_section; pages 2-7 and 11 print no heading above the table at all.",ADDED,ADJUDICATOR,42fd3fd5192cd82559b79a6adfdcdbf321ee96ab2925a30c3f3513e2aabdc3b6
d90cc62d89b638961bf7,SRC407,1,,ADJUDICATOR_ADD,,,,ADD,"printed group total row neither lane extracted; the page prints Cost and Fair Value for it on the same rule as every other row. source_section blanked: the only headings this document prints are the in-table groupings, which the placement rule makes asset_class/strategy and never source_section; pages 2-7 and 11 print no heading above the table at all.; Source review: p1: Fair Value (Individual holdings, aggregate rows, and the hierarchy note have separate value scopes.) | p1: Fair Value (Printed heading or definition supporting the source-reviewed qualifier.)",ADDED,ADJUDICATOR,42fd3fd5192cd82559b79a6adfdcdbf321ee96ab2925a30c3f3513e2aabdc3b6
97c0f6be6bc7dde57584,SRC407,1,,ADJUDICATOR_ADD,,,,ADD,"printed group total row neither lane extracted; the page prints Cost and Fair Value for it on the same rule as every other row. source_section blanked: the only headings this document prints are the in-table groupings, which the placement rule makes asset_class/strategy and never source_section; pages 2-7 and 11 print no heading above the table at all.",ADDED,ADJUDICATOR,42fd3fd5192cd82559b79a6adfdcdbf321ee96ab2925a30c3f3513e2aabdc3b6
25b401b43c93693d2e0f,SRC407,1,,ADJUDICATOR_ADD,,,,ADD,"printed group total row neither lane extracted; the page prints Cost and Fair Value for it on the same rule as every other row. source_section blanked: the only headings this document prints are the in-table groupings, which the placement rule makes asset_class/strategy and never source_section; pages 2-7 and 11 print no heading above the table at all.; Source review: p1: Fair Value (Individual holdings, aggregate rows, and the hierarchy note have separate value scopes.) | p1: Fair Value (Printed heading or definition supporting the source-reviewed qualifier.)",ADDED,ADJUDICATOR,42fd3fd5192cd82559b79a6adfdcdbf321ee96ab2925a30c3f3513e2aabdc3b6
2bbb5150e923a2406a25,SRC407,1,PAIR_1C02A6CEE5F13642A937D3ED,CONTEXT_CONFLICT,99,99,asset_class|strategy|currency_scale,MERGE,"source_section blanked: the only headings this document prints are the in-table groupings, which the placement rule makes asset_class/strategy and never source_section; pages 2-7 and 11 print no heading above the table at all. asset_class and strategy take the printed group name without the portfolio percentage and without '(Continued)': B's form split one class into two on the continuation pages and carried a running-header marker into the data. subject_type 'fund': the row label names a vehicle (L.P./LP/LLC/SCSp/Limited Partnership), which the label-driven rule types fund, not investment. currency_scale '$': the symbol is printed once at the head of the Cost and Fair Value columns and governs every value beneath it.",RESOLVED,A+B+ADJUDICATOR,42fd3fd5192cd82559b79a6adfdcdbf321ee96ab2925a30c3f3513e2aabdc3b6
566d157709979bade51c,SRC407,1,PAIR_89A32D5FBA67A74DAF960FE0,CONTEXT_CONFLICT,100,100,asset_class|strategy|currency_scale,MERGE,"source_section blanked: the only headings this document prints are the in-table groupings, which the placement rule makes asset_class/strategy and never source_section; pages 2-7 and 11 print no heading above the table at all. asset_class and strategy take the printed group name without the portfolio percentage and without '(Continued)': B's form split one class into two on the continuation pages and carried a running-header marker into the data. subject_type 'fund': the row label names a vehicle (L.P./LP/LLC/SCSp/Limited Partnership), which the label-driven rule types fund, not investment. currency_scale '$': the symbol is printed once at the head of the Cost and Fair Value columns and governs every value beneath it.; Source review: p1: Fair Value (Individual holdings, aggregate rows, and the hierarchy note have separate value scopes.) | p1: Fair Value (Printed heading or definition supporting the source-reviewed qualifier.)",RESOLVED,A+B+ADJUDICATOR,42fd3fd5192cd82559b79a6adfdcdbf321ee96ab2925a30c3f3513e2aabdc3b6
681c615972db6d5f2137,SRC407,1,PAIR_DDA0FCACB02458FA7B8D86FC,CONTEXT_CONFLICT,101,101,asset_class|strategy|currency_scale,MERGE,"source_section blanked: the only headings this document prints are the in-table groupings, which the placement rule makes asset_class/strategy and never source_section; pages 2-7 and 11 print no heading above the table at all. asset_class and strategy take the printed group name without the portfolio percentage and without '(Continued)': B's form split one class into two on the continuation pages and carried a running-header marker into the data. subject_type 'fund': the row label names a vehicle (L.P./LP/LLC/SCSp/Limited Partnership), which the label-driven rule types fund, not investment. currency_scale '$': the symbol is printed once at the head of the Cost and Fair Value columns and governs every value beneath it.",RESOLVED,A+B+ADJUDICATOR,42fd3fd5192cd82559b79a6adfdcdbf321ee96ab2925a30c3f3513e2aabdc3b6
99dd592fa420ec1683c1,SRC407,1,PAIR_F5C0DAEDF48BF05A11419EA9,CONTEXT_CONFLICT,102,102,asset_class|strategy|currency_scale,MERGE,"source_section blanked: the only headings this document prints are the in-table groupings, which the placement rule makes asset_class/strategy and never source_section; pages 2-7 and 11 print no heading above the table at all. asset_class and strategy take the printed group name without the portfolio percentage and without '(Continued)': B's form split one class into two on the continuation pages and carried a running-header marker into the data. subject_type 'fund': the row label names a vehicle (L.P./LP/LLC/SCSp/Limited Partnership), which the label-driven rule types fund, not investment. currency_scale '$': the symbol is printed once at the head of the Cost and Fair Value columns and governs every value beneath it.; Source review: p1: Fair Value (Individual holdings, aggregate rows, and the hierarchy note have separate value scopes.) | p1: Fair Value (Printed heading or definition supporting the source-reviewed qualifier.)",RESOLVED,A+B+ADJUDICATOR,42fd3fd5192cd82559b79a6adfdcdbf321ee96ab2925a30c3f3513e2aabdc3b6
1c0b68a37ed5f1c51c25,SRC407,1,PAIR_2A896587437C3DAF00C35263,CONTEXT_CONFLICT,103,103,asset_class|strategy|currency_scale,MERGE,"source_section blanked: the only headings this document prints are the in-table groupings, which the placement rule makes asset_class/strategy and never source_section; pages 2-7 and 11 print no heading above the table at all. asset_class and strategy take the printed group name without the portfolio percentage and without '(Continued)': B's form split one class into two on the continuation pages and carried a running-header marker into the data. subject_type 'fund': the row label names a vehicle (L.P./LP/LLC/SCSp/Limited Partnership), which the label-driven rule types fund, not investment. currency_scale '$': the symbol is printed once at the head of the Cost and Fair Value columns and governs every value beneath it.",RESOLVED,A+B+ADJUDICATOR,42fd3fd5192cd82559b79a6adfdcdbf321ee96ab2925a30c3f3513e2aabdc3b6
e06261d87ed3391e8c4b,SRC407,1,PAIR_701A407113C3E85E415BD6DC,CONTEXT_CONFLICT,104,104,asset_class|strategy|currency_scale,MERGE,"source_section blanked: the only headings this document prints are the in-table groupings, which the placement rule makes asset_class/strategy and never source_section; pages 2-7 and 11 print no heading above the table at all. asset_class and strategy take the printed group name without the portfolio percentage and without '(Continued)': B's form split one class into two on the continuation pages and carried a running-header marker into the data. subject_type 'fund': the row label names a vehicle (L.P./LP/LLC/SCSp/Limited Partnership), which the label-driven rule types fund, not investment. currency_scale '$': the symbol is printed once at the head of the Cost and Fair Value columns and governs every value beneath it.; Source review: p1: Fair Value (Individual holdings, aggregate rows, and the hierarchy note have separate value scopes.) | p1: Fair Value (Printed heading or definition supporting the source-reviewed qualifier.)",RESOLVED,A+B+ADJUDICATOR,42fd3fd5192cd82559b79a6adfdcdbf321ee96ab2925a30c3f3513e2aabdc3b6
5c1782403900b16ba289,SRC407,1,PAIR_39810D4E92B88BBBA9E4F700,CONTEXT_CONFLICT,105,105,asset_class|strategy|currency_scale,MERGE,"source_section blanked: the only headings this document prints are the in-table groupings, which the placement rule makes asset_class/strategy and never source_section; pages 2-7 and 11 print no heading above the table at all. asset_class and strategy take the printed group name without the portfolio percentage and without '(Continued)': B's form split one class into two on the continuation pages and carried a running-header marker into the data. subject_type 'fund': the row label names a vehicle (L.P./LP/LLC/SCSp/Limited Partnership), which the label-driven rule types fund, not investment. currency_scale '$': the symbol is printed once at the head of the Cost and Fair Value columns and governs every value beneath it.",RESOLVED,A+B+ADJUDICATOR,42fd3fd5192cd82559b79a6adfdcdbf321ee96ab2925a30c3f3513e2aabdc3b6
147702f5981464f7b1f1,SRC407,1,PAIR_A7DDEEBF485CE60B8C1440F6,CONTEXT_CONFLICT,106,106,asset_class|strategy|currency_scale,MERGE,"source_section blanked: the only headings this document prints are the in-table groupings, which the placement rule makes asset_class/strategy and never source_section; pages 2-7 and 11 print no heading above the table at all. asset_class and strategy take the printed group name without the portfolio percentage and without '(Continued)': B's form split one class into two on the continuation pages and carried a running-header marker into the data. subject_type 'fund': the row label names a vehicle (L.P./LP/LLC/SCSp/Limited Partnership), which the label-driven rule types fund, not investment. currency_scale '$': the symbol is printed once at the head of the Cost and Fair Value columns and governs every value beneath it.; Source review: p1: Fair Value (Individual holdings, aggregate rows, and the hierarchy note have separate value scopes.) | p1: Fair Value (Printed heading or definition supporting the source-reviewed qualifier.)",RESOLVED,A+B+ADJUDICATOR,42fd3fd5192cd82559b79a6adfdcdbf321ee96ab2925a30c3f3513e2aabdc3b6
1edc9ae84dd5fdfb60eb,SRC407,1,PAIR_0F639BC35B295D5A5A86CF0A,CONTEXT_CONFLICT,107,107,asset_class|strategy|currency_scale,MERGE,"source_section blanked: the only headings this document prints are the in-table groupings, which the placement rule makes asset_class/strategy and never source_section; pages 2-7 and 11 print no heading above the table at all. asset_class and strategy take the printed group name without the portfolio percentage and without '(Continued)': B's form split one class into two on the continuation pages and carried a running-header marker into the data. subject_type 'fund': the row label names a vehicle (L.P./LP/LLC/SCSp/Limited Partnership), which the label-driven rule types fund, not investment. currency_scale '$': the symbol is printed once at the head of the Cost and Fair Value columns and governs every value beneath it.",RESOLVED,A+B+ADJUDICATOR,42fd3fd5192cd82559b79a6adfdcdbf321ee96ab2925a30c3f3513e2aabdc3b6
bb1be79544bdb050fddc,SRC407,1,PAIR_CDDE931BC1F1DFEB66ED3522,CONTEXT_CONFLICT,108,108,asset_class|strategy|currency_scale,MERGE,"source_section blanked: the only headings this document prints are the in-table groupings, which the placement rule makes asset_class/strategy and never source_section; pages 2-7 and 11 print no heading above the table at all. asset_class and strategy take the printed group name without the portfolio percentage and without '(Continued)': B's form split one class into two on the continuation pages and carried a running-header marker into the data. subject_type 'fund': the row label names a vehicle (L.P./LP/LLC/SCSp/Limited Partnership), which the label-driven rule types fund, not investment. currency_scale '$': the symbol is printed once at the head of the Cost and Fair Value columns and governs every value beneath it.; Source review: p1: Fair Value (Individual holdings, aggregate rows, and the hierarchy note have separate value scopes.) | p1: Fair Value (Printed heading or definition supporting the source-reviewed qualifier.)",RESOLVED,A+B+ADJUDICATOR,42fd3fd5192cd82559b79a6adfdcdbf321ee96ab2925a30c3f3513e2aabdc3b6
17d211c3e90cc339d26b,SRC407,2,PAIR_A28B7D78BC34ACF6D0D15FBE,VALUE_CONFLICT,109,109,source_section|asset_class|strategy|currency_scale|metric_value_raw,MERGE,"source_section blanked: the only headings this document prints are the in-table groupings, which the placement rule makes asset_class/strategy and never source_section; pages 2-7 and 11 print no heading above the table at all. metric_value_raw keeps the printed '$' that A stripped; the value column is raw and stripping a printed symbol is a normalisation. asset_class and strategy take the printed group name without the portfolio percentage and without '(Continued)': B's form split one class into two on the continuation pages and carried a running-header marker into the data. subject_type 'fund': the row label names a vehicle (L.P./LP/LLC/SCSp/Limited Partnership), which the label-driven rule types fund, not investment. currency_scale '$': the symbol is printed once at the head of the Cost and Fair Value columns and governs every value beneath it.",RESOLVED,A+B+ADJUDICATOR,42fd3fd5192cd82559b79a6adfdcdbf321ee96ab2925a30c3f3513e2aabdc3b6
aa1c707ce9d677128897,SRC407,2,PAIR_80EADEE44C513E6DA8BEB1E1,VALUE_CONFLICT,110,110,source_section|asset_class|strategy|currency_scale|metric_value_raw,MERGE,"source_section blanked: the only headings this document prints are the in-table groupings, which the placement rule makes asset_class/strategy and never source_section; pages 2-7 and 11 print no heading above the table at all. metric_value_raw keeps the printed '$' that A stripped; the value column is raw and stripping a printed symbol is a normalisation. asset_class and strategy take the printed group name without the portfolio percentage and without '(Continued)': B's form split one class into two on the continuation pages and carried a running-header marker into the data. subject_type 'fund': the row label names a vehicle (L.P./LP/LLC/SCSp/Limited Partnership), which the label-driven rule types fund, not investment. currency_scale '$': the symbol is printed once at the head of the Cost and Fair Value columns and governs every value beneath it.; Source review: p2: Fair Value (Individual holdings, aggregate rows, and the hierarchy note have separate value scopes.) | p2: Fair Value (Printed heading or definition supporting the source-reviewed qualifier.)",RESOLVED,A+B+ADJUDICATOR,42fd3fd5192cd82559b79a6adfdcdbf321ee96ab2925a30c3f3513e2aabdc3b6
f09dc56ba7bd414dd8cb,SRC407,2,PAIR_EE4B644736C6EF7CBEC35A3D,CONTEXT_CONFLICT,111,111,source_section|asset_class|strategy|currency_scale,MERGE,"source_section blanked: the only headings this document prints are the in-table groupings, which the placement rule makes asset_class/strategy and never source_section; pages 2-7 and 11 print no heading above the table at all. asset_class and strategy take the printed group name without the portfolio percentage and without '(Continued)': B's form split one class into two on the continuation pages and carried a running-header marker into the data. subject_type 'fund': the row label names a vehicle (L.P./LP/LLC/SCSp/Limited Partnership), which the label-driven rule types fund, not investment. currency_scale '$': the symbol is printed once at the head of the Cost and Fair Value columns and governs every value beneath it.",RESOLVED,A+B+ADJUDICATOR,42fd3fd5192cd82559b79a6adfdcdbf321ee96ab2925a30c3f3513e2aabdc3b6
00aa068fcefe87e2d95e,SRC407,2,PAIR_38DFF134D6559CC79773EE97,CONTEXT_CONFLICT,112,112,source_section|asset_class|strategy|currency_scale,MERGE,"source_section blanked: the only headings this document prints are the in-table groupings, which the placement rule makes asset_class/strategy and never source_section; pages 2-7 and 11 print no heading above the table at all. asset_class and strategy take the printed group name without the portfolio percentage and without '(Continued)': B's form split one class into two on the continuation pages and carried a running-header marker into the data. subject_type 'fund': the row label names a vehicle (L.P./LP/LLC/SCSp/Limited Partnership), which the label-driven rule types fund, not investment. currency_scale '$': the symbol is printed once at the head of the Cost and Fair Value columns and governs every value beneath it.; Source review: p2: Fair Value (Individual holdings, aggregate rows, and the hierarchy note have separate value scopes.) | p2: Fair Value (Printed heading or definition supporting the source-reviewed qualifier.)",RESOLVED,A+B+ADJUDICATOR,42fd3fd5192cd82559b79a6adfdcdbf321ee96ab2925a30c3f3513e2aabdc3b6
6ef0a7fdffacc610ee11,SRC407,2,PAIR_C24D4C60BD84747A2CB0A0A4,CONTEXT_CONFLICT,113,113,source_section|asset_class|strategy|currency_scale,MERGE,"source_section blanked: the only headings this document prints are the in-table groupings, which the placement rule makes asset_class/strategy and never source_section; pages 2-7 and 11 print no heading above the table at all. asset_class and strategy take the printed group name without the portfolio percentage and without '(Continued)': B's form split one class into two on the continuation pages and carried a running-header marker into the data. subject_type 'fund': the row label names a vehicle (L.P./LP/LLC/SCSp/Limited Partnership), which the label-driven rule types fund, not investment. currency_scale '$': the symbol is printed once at the head of the Cost and Fair Value columns and governs every value beneath it.",RESOLVED,A+B+ADJUDICATOR,42fd3fd5192cd82559b79a6adfdcdbf321ee96ab2925a30c3f3513e2aabdc3b6
a654c34b95815eef3545,SRC407,2,PAIR_BB8893C83CBEFE851D848B24,CONTEXT_CONFLICT,114,114,source_section|asset_class|strategy|currency_scale,MERGE,"source_section blanked: the only headings this document prints are the in-table groupings, which the placement rule makes asset_class/strategy and never source_section; pages 2-7 and 11 print no heading above the table at all. asset_class and strategy take the printed group name without the portfolio percentage and without '(Continued)': B's form split one class into two on the continuation pages and carried a running-header marker into the data. subject_type 'fund': the row label names a vehicle (L.P./LP/LLC/SCSp/Limited Partnership), which the label-driven rule types fund, not investment. currency_scale '$': the symbol is printed once at the head of the Cost and Fair Value columns and governs every value beneath it.; Source review: p2: Fair Value (Individual holdings, aggregate rows, and the hierarchy note have separate value scopes.) | p2: Fair Value (Printed heading or definition supporting the source-reviewed qualifier.)",RESOLVED,A+B+ADJUDICATOR,42fd3fd5192cd82559b79a6adfdcdbf321ee96ab2925a30c3f3513e2aabdc3b6
6eb4aaaede17da7d640f,SRC407,2,PAIR_0B93D5B5D22289AEEDD24A75,CONTEXT_CONFLICT,115,115,source_section|asset_class|strategy|currency_scale,MERGE,"source_section blanked: the only headings this document prints are the in-table groupings, which the placement rule makes asset_class/strategy and never source_section; pages 2-7 and 11 print no heading above the table at all. asset_class and strategy take the printed group name without the portfolio percentage and without '(Continued)': B's form split one class into two on the continuation pages and carried a running-header marker into the data. subject_type 'fund': the row label names a vehicle (L.P./LP/LLC/SCSp/Limited Partnership), which the label-driven rule types fund, not investment. currency_scale '$': the symbol is printed once at the head of the Cost and Fair Value columns and governs every value beneath it.",RESOLVED,A+B+ADJUDICATOR,42fd3fd5192cd82559b79a6adfdcdbf321ee96ab2925a30c3f3513e2aabdc3b6
27f29156cf6f7e2e0f93,SRC407,2,PAIR_6ABA2587A1006095BD5064F3,CONTEXT_CONFLICT,116,116,source_section|asset_class|strategy|currency_scale,MERGE,"source_section blanked: the only headings this document prints are the in-table groupings, which the placement rule makes asset_class/strategy and never source_section; pages 2-7 and 11 print no heading above the table at all. asset_class and strategy take the printed group name without the portfolio percentage and without '(Continued)': B's form split one class into two on the continuation pages and carried a running-header marker into the data. subject_type 'fund': the row label names a vehicle (L.P./LP/LLC/SCSp/Limited Partnership), which the label-driven rule types fund, not investment. currency_scale '$': the symbol is printed once at the head of the Cost and Fair Value columns and governs every value beneath it.; Source review: p2: Fair Value (Individual holdings, aggregate rows, and the hierarchy note have separate value scopes.) | p2: Fair Value (Printed heading or definition supporting the source-reviewed qualifier.)",RESOLVED,A+B+ADJUDICATOR,42fd3fd5192cd82559b79a6adfdcdbf321ee96ab2925a30c3f3513e2aabdc3b6
10cbe92b448090146991,SRC407,2,PAIR_CF52E7F0D73BA335E7A07DA9,CONTEXT_CONFLICT,117,117,source_section|asset_class|strategy|currency_scale,MERGE,"source_section blanked: the only headings this document prints are the in-table groupings, which the placement rule makes asset_class/strategy and never source_section; pages 2-7 and 11 print no heading above the table at all. asset_class and strategy take the printed group name without the portfolio percentage and without '(Continued)': B's form split one class into two on the continuation pages and carried a running-header marker into the data. subject_type 'fund': the row label names a vehicle (L.P./LP/LLC/SCSp/Limited Partnership), which the label-driven rule types fund, not investment. currency_scale '$': the symbol is printed once at the head of the Cost and Fair Value columns and governs every value beneath it.",RESOLVED,A+B+ADJUDICATOR,42fd3fd5192cd82559b79a6adfdcdbf321ee96ab2925a30c3f3513e2aabdc3b6
06e400f9af8d0f830658,SRC407,2,PAIR_280064E9F8DFF2380AF64364,CONTEXT_CONFLICT,118,118,source_section|asset_class|strategy|currency_scale,MERGE,"source_section blanked: the only headings this document prints are the in-table groupings, which the placement rule makes asset_class/strategy and never source_section; pages 2-7 and 11 print no heading above the table at all. asset_class and strategy take the printed group name without the portfolio percentage and without '(Continued)': B's form split one class into two on the continuation pages and carried a running-header marker into the data. subject_type 'fund': the row label names a vehicle (L.P./LP/LLC/SCSp/Limited Partnership), which the label-driven rule types fund, not investment. currency_scale '$': the symbol is printed once at the head of the Cost and Fair Value columns and governs every value beneath it.; Source review: p2: Fair Value (Individual holdings, aggregate rows, and the hierarchy note have separate value scopes.) | p2: Fair Value (Printed heading or definition supporting the source-reviewed qualifier.)",RESOLVED,A+B+ADJUDICATOR,42fd3fd5192cd82559b79a6adfdcdbf321ee96ab2925a30c3f3513e2aabdc3b6
2afcb3e92c44920dcb9c,SRC407,2,PAIR_3239427831DC9A790174409E,CONTEXT_CONFLICT,119,119,source_section|asset_class|strategy|currency_scale,MERGE,"source_section blanked: the only headings this document prints are the in-table groupings, which the placement rule makes asset_class/strategy and never source_section; pages 2-7 and 11 print no heading above the table at all. asset_class and strategy take the printed group name without the portfolio percentage and without '(Continued)': B's form split one class into two on the continuation pages and carried a running-header marker into the data. subject_type 'fund': the row label names a vehicle (L.P./LP/LLC/SCSp/Limited Partnership), which the label-driven rule types fund, not investment. currency_scale '$': the symbol is printed once at the head of the Cost and Fair Value columns and governs every value beneath it.",RESOLVED,A+B+ADJUDICATOR,42fd3fd5192cd82559b79a6adfdcdbf321ee96ab2925a30c3f3513e2aabdc3b6
ef75fc3e0f93673888d5,SRC407,2,PAIR_3BA6849DF182A4ADBF1A3CDA,CONTEXT_CONFLICT,120,120,source_section|asset_class|strategy|currency_scale,MERGE,"source_section blanked: the only headings this document prints are the in-table groupings, which the placement rule makes asset_class/strategy and never source_section; pages 2-7 and 11 print no heading above the table at all. asset_class and strategy take the printed group name without the portfolio percentage and without '(Continued)': B's form split one class into two on the continuation pages and carried a running-header marker into the data. subject_type 'fund': the row label names a vehicle (L.P./LP/LLC/SCSp/Limited Partnership), which the label-driven rule types fund, not investment. currency_scale '$': the symbol is printed once at the head of the Cost and Fair Value columns and governs every value beneath it.; Source review: p2: Fair Value (Individual holdings, aggregate rows, and the hierarchy note have separate value scopes.) | p2: Fair Value (Printed heading or definition supporting the source-reviewed qualifier.)",RESOLVED,A+B+ADJUDICATOR,42fd3fd5192cd82559b79a6adfdcdbf321ee96ab2925a30c3f3513e2aabdc3b6
bdb2260661f993a509d6,SRC407,2,PAIR_7A03DF75D454D153A978F31A,CONTEXT_CONFLICT,121,121,source_section|asset_class|strategy|currency_scale,MERGE,"source_section blanked: the only headings this document prints are the in-table groupings, which the placement rule makes asset_class/strategy and never source_section; pages 2-7 and 11 print no heading above the table at all. asset_class and strategy take the printed group name without the portfolio percentage and without '(Continued)': B's form split one class into two on the continuation pages and carried a running-header marker into the data. subject_type 'fund': the row label names a vehicle (L.P./LP/LLC/SCSp/Limited Partnership), which the label-driven rule types fund, not investment. currency_scale '$': the symbol is printed once at the head of the Cost and Fair Value columns and governs every value beneath it.",RESOLVED,A+B+ADJUDICATOR,42fd3fd5192cd82559b79a6adfdcdbf321ee96ab2925a30c3f3513e2aabdc3b6
f7a277ff4b0a293d4fae,SRC407,2,PAIR_96DCBA6939CA68E2275D421A,CONTEXT_CONFLICT,122,122,source_section|asset_class|strategy|currency_scale,MERGE,"source_section blanked: the only headings this document prints are the in-table groupings, which the placement rule makes asset_class/strategy and never source_section; pages 2-7 and 11 print no heading above the table at all. asset_class and strategy take the printed group name without the portfolio percentage and without '(Continued)': B's form split one class into two on the continuation pages and carried a running-header marker into the data. subject_type 'fund': the row label names a vehicle (L.P./LP/LLC/SCSp/Limited Partnership), which the label-driven rule types fund, not investment. currency_scale '$': the symbol is printed once at the head of the Cost and Fair Value columns and governs every value beneath it.; Source review: p2: Fair Value (Individual holdings, aggregate rows, and the hierarchy note have separate value scopes.) | p2: Fair Value (Printed heading or definition supporting the source-reviewed qualifier.)",RESOLVED,A+B+ADJUDICATOR,42fd3fd5192cd82559b79a6adfdcdbf321ee96ab2925a30c3f3513e2aabdc3b6
2818c158ce1438a00aa7,SRC407,2,PAIR_0F17A5688581C48629A4F298,CONTEXT_CONFLICT,123,123,source_section|asset_class|strategy|currency_scale,MERGE,"source_section blanked: the only headings this document prints are the in-table groupings, which the placement rule makes asset_class/strategy and never source_section; pages 2-7 and 11 print no heading above the table at all. asset_class and strategy take the printed group name without the portfolio percentage and without '(Continued)': B's form split one class into two on the continuation pages and carried a running-header marker into the data. subject_type 'fund': the row label names a vehicle (L.P./LP/LLC/SCSp/Limited Partnership), which the label-driven rule types fund, not investment. currency_scale '$': the symbol is printed once at the head of the Cost and Fair Value columns and governs every value beneath it.",RESOLVED,A+B+ADJUDICATOR,42fd3fd5192cd82559b79a6adfdcdbf321ee96ab2925a30c3f3513e2aabdc3b6
d6f62f643e9d548e7fb1,SRC407,2,PAIR_6FCCB5C7F9B262BD7F9D2674,CONTEXT_CONFLICT,124,124,source_section|asset_class|strategy|currency_scale,MERGE,"source_section blanked: the only headings this document prints are the in-table groupings, which the placement rule makes asset_class/strategy and never source_section; pages 2-7 and 11 print no heading above the table at all. asset_class and strategy take the printed group name without the portfolio percentage and without '(Continued)': B's form split one class into two on the continuation pages and carried a running-header marker into the data. subject_type 'fund': the row label names a vehicle (L.P./LP/LLC/SCSp/Limited Partnership), which the label-driven rule types fund, not investment. currency_scale '$': the symbol is printed once at the head of the Cost and Fair Value columns and governs every value beneath it.; Source review: p2: Fair Value (Individual holdings, aggregate rows, and the hierarchy note have separate value scopes.) | p2: Fair Value (Printed heading or definition supporting the source-reviewed qualifier.)",RESOLVED,A+B+ADJUDICATOR,42fd3fd5192cd82559b79a6adfdcdbf321ee96ab2925a30c3f3513e2aabdc3b6
4dc51f675e1af085cfb1,SRC407,2,PAIR_F6F5BCD2737024E7A98C1D79,CONTEXT_CONFLICT,125,125,source_section|asset_class|strategy|currency_scale,MERGE,"source_section blanked: the only headings this document prints are the in-table groupings, which the placement rule makes asset_class/strategy and never source_section; pages 2-7 and 11 print no heading above the table at all. asset_class and strategy take the printed group name without the portfolio percentage and without '(Continued)': B's form split one class into two on the continuation pages and carried a running-header marker into the data. subject_type 'fund': the row label names a vehicle (L.P./LP/LLC/SCSp/Limited Partnership), which the label-driven rule types fund, not investment. currency_scale '$': the symbol is printed once at the head of the Cost and Fair Value columns and governs every value beneath it.",RESOLVED,A+B+ADJUDICATOR,42fd3fd5192cd82559b79a6adfdcdbf321ee96ab2925a30c3f3513e2aabdc3b6
32dd4ba9e8f8a48e79f3,SRC407,2,PAIR_C177ABC50B6855B7CE228E1E,CONTEXT_CONFLICT,126,126,source_section|asset_class|strategy|currency_scale,MERGE,"source_section blanked: the only headings this document prints are the in-table groupings, which the placement rule makes asset_class/strategy and never source_section; pages 2-7 and 11 print no heading above the table at all. asset_class and strategy take the printed group name without the portfolio percentage and without '(Continued)': B's form split one class into two on the continuation pages and carried a running-header marker into the data. subject_type 'fund': the row label names a vehicle (L.P./LP/LLC/SCSp/Limited Partnership), which the label-driven rule types fund, not investment. currency_scale '$': the symbol is printed once at the head of the Cost and Fair Value columns and governs every value beneath it.; Source review: p2: Fair Value (Individual holdings, aggregate rows, and the hierarchy note have separate value scopes.) | p2: Fair Value (Printed heading or definition supporting the source-reviewed qualifier.)",RESOLVED,A+B+ADJUDICATOR,42fd3fd5192cd82559b79a6adfdcdbf321ee96ab2925a30c3f3513e2aabdc3b6
b81df8d1cf465717cae9,SRC407,2,PAIR_2E80AF140CE3BD59C76EA8E3,CONTEXT_CONFLICT,127,127,source_section|asset_class|strategy|currency_scale,MERGE,"source_section blanked: the only headings this document prints are the in-table groupings, which the placement rule makes asset_class/strategy and never source_section; pages 2-7 and 11 print no heading above the table at all. asset_class and strategy take the printed group name without the portfolio percentage and without '(Continued)': B's form split one class into two on the continuation pages and carried a running-header marker into the data. subject_type 'fund': the row label names a vehicle (L.P./LP/LLC/SCSp/Limited Partnership), which the label-driven rule types fund, not investment. currency_scale '$': the symbol is printed once at the head of the Cost and Fair Value columns and governs every value beneath it.",RESOLVED,A+B+ADJUDICATOR,42fd3fd5192cd82559b79a6adfdcdbf321ee96ab2925a30c3f3513e2aabdc3b6
9e3e45d17a26a570ec86,SRC407,2,PAIR_F2C678009D590F28E6535A2A,CONTEXT_CONFLICT,128,128,source_section|asset_class|strategy|currency_scale,MERGE,"source_section blanked: the only headings this document prints are the in-table groupings, which the placement rule makes asset_class/strategy and never source_section; pages 2-7 and 11 print no heading above the table at all. asset_class and strategy take the printed group name without the portfolio percentage and without '(Continued)': B's form split one class into two on the continuation pages and carried a running-header marker into the data. subject_type 'fund': the row label names a vehicle (L.P./LP/LLC/SCSp/Limited Partnership), which the label-driven rule types fund, not investment. currency_scale '$': the symbol is printed once at the head of the Cost and Fair Value columns and governs every value beneath it.; Source review: p2: Fair Value (Individual holdings, aggregate rows, and the hierarchy note have separate value scopes.) | p2: Fair Value (Printed heading or definition supporting the source-reviewed qualifier.)",RESOLVED,A+B+ADJUDICATOR,42fd3fd5192cd82559b79a6adfdcdbf321ee96ab2925a30c3f3513e2aabdc3b6
35d039452d97750e9791,SRC407,2,PAIR_B4F8B1F00DEFC36ABB15AC31,CONTEXT_CONFLICT,129,129,source_section|asset_class|strategy|currency_scale,MERGE,"source_section blanked: the only headings this document prints are the in-table groupings, which the placement rule makes asset_class/strategy and never source_section; pages 2-7 and 11 print no heading above the table at all. asset_class and strategy take the printed group name without the portfolio percentage and without '(Continued)': B's form split one class into two on the continuation pages and carried a running-header marker into the data. subject_type 'fund': the row label names a vehicle (L.P./LP/LLC/SCSp/Limited Partnership), which the label-driven rule types fund, not investment. currency_scale '$': the symbol is printed once at the head of the Cost and Fair Value columns and governs every value beneath it.",RESOLVED,A+B+ADJUDICATOR,42fd3fd5192cd82559b79a6adfdcdbf321ee96ab2925a30c3f3513e2aabdc3b6
d103636d53cbaf1cc19b,SRC407,2,PAIR_1B2F0E710D818B7E161CFF72,CONTEXT_CONFLICT,130,130,source_section|asset_class|strategy|currency_scale,MERGE,"source_section blanked: the only headings this document prints are the in-table groupings, which the placement rule makes asset_class/strategy and never source_section; pages 2-7 and 11 print no heading above the table at all. asset_class and strategy take the printed group name without the portfolio percentage and without '(Continued)': B's form split one class into two on the continuation pages and carried a running-header marker into the data. subject_type 'fund': the row label names a vehicle (L.P./LP/LLC/SCSp/Limited Partnership), which the label-driven rule types fund, not investment. currency_scale '$': the symbol is printed once at the head of the Cost and Fair Value columns and governs every value beneath it.; Source review: p2: Fair Value (Individual holdings, aggregate rows, and the hierarchy note have separate value scopes.) | p2: Fair Value (Printed heading or definition supporting the source-reviewed qualifier.)",RESOLVED,A+B+ADJUDICATOR,42fd3fd5192cd82559b79a6adfdcdbf321ee96ab2925a30c3f3513e2aabdc3b6
5b9f5dcb5f8e28d70d1b,SRC407,2,PAIR_6E2A8B6C83BF7DD0D088B12A,CONTEXT_CONFLICT,131,131,source_section|asset_class|strategy|currency_scale,MERGE,"source_section blanked: the only headings this document prints are the in-table groupings, which the placement rule makes asset_class/strategy and never source_section; pages 2-7 and 11 print no heading above the table at all. asset_class and strategy take the printed group name without the portfolio percentage and without '(Continued)': B's form split one class into two on the continuation pages and carried a running-header marker into the data. subject_type 'fund': the row label names a vehicle (L.P./LP/LLC/SCSp/Limited Partnership), which the label-driven rule types fund, not investment. currency_scale '$': the symbol is printed once at the head of the Cost and Fair Value columns and governs every value beneath it.",RESOLVED,A+B+ADJUDICATOR,42fd3fd5192cd82559b79a6adfdcdbf321ee96ab2925a30c3f3513e2aabdc3b6
d57f08e36cb22f7969d5,SRC407,2,PAIR_C8CE0626CFA9BDBBC1A87563,CONTEXT_CONFLICT,132,132,source_section|asset_class|strategy|currency_scale,MERGE,"source_section blanked: the only headings this document prints are the in-table groupings, which the placement rule makes asset_class/strategy and never source_section; pages 2-7 and 11 print no heading above the table at all. asset_class and strategy take the printed group name without the portfolio percentage and without '(Continued)': B's form split one class into two on the continuation pages and carried a running-header marker into the data. subject_type 'fund': the row label names a vehicle (L.P./LP/LLC/SCSp/Limited Partnership), which the label-driven rule types fund, not investment. currency_scale '$': the symbol is printed once at the head of the Cost and Fair Value columns and governs every value beneath it.; Source review: p2: Fair Value (Individual holdings, aggregate rows, and the hierarchy note have separate value scopes.) | p2: Fair Value (Printed heading or definition supporting the source-reviewed qualifier.)",RESOLVED,A+B+ADJUDICATOR,42fd3fd5192cd82559b79a6adfdcdbf321ee96ab2925a30c3f3513e2aabdc3b6
290bf55bc580d9cd677f,SRC407,2,PAIR_0308E9A1D3431BCBBC63F87A,CONTEXT_CONFLICT,133,133,source_section|asset_class|strategy|currency_scale,MERGE,"source_section blanked: the only headings this document prints are the in-table groupings, which the placement rule makes asset_class/strategy and never source_section; pages 2-7 and 11 print no heading above the table at all. asset_class and strategy take the printed group name without the portfolio percentage and without '(Continued)': B's form split one class into two on the continuation pages and carried a running-header marker into the data. subject_type 'fund': the row label names a vehicle (L.P./LP/LLC/SCSp/Limited Partnership), which the label-driven rule types fund, not investment. currency_scale '$': the symbol is printed once at the head of the Cost and Fair Value columns and governs every value beneath it.",RESOLVED,A+B+ADJUDICATOR,42fd3fd5192cd82559b79a6adfdcdbf321ee96ab2925a30c3f3513e2aabdc3b6
f2fe7b371f5dcf162fb3,SRC407,2,PAIR_B2FF052351BC94CD0AC7027C,CONTEXT_CONFLICT,134,134,source_section|asset_class|strategy|currency_scale,MERGE,"source_section blanked: the only headings this document prints are the in-table groupings, which the placement rule makes asset_class/strategy and never source_section; pages 2-7 and 11 print no heading above the table at all. asset_class and strategy take the printed group name without the portfolio percentage and without '(Continued)': B's form split one class into two on the continuation pages and carried a running-header marker into the data. subject_type 'fund': the row label names a vehicle (L.P./LP/LLC/SCSp/Limited Partnership), which the label-driven rule types fund, not investment. currency_scale '$': the symbol is printed once at the head of the Cost and Fair Value columns and governs every value beneath it.; Source review: p2: Fair Value (Individual holdings, aggregate rows, and the hierarchy note have separate value scopes.) | p2: Fair Value (Printed heading or definition supporting the source-reviewed qualifier.)",RESOLVED,A+B+ADJUDICATOR,42fd3fd5192cd82559b79a6adfdcdbf321ee96ab2925a30c3f3513e2aabdc3b6
aba388f0229d00f9696b,SRC407,2,PAIR_D82A3895B3E8FF4AFC233F3D,CONTEXT_CONFLICT,135,135,source_section|asset_class|strategy|currency_scale,MERGE,"source_section blanked: the only headings this document prints are the in-table groupings, which the placement rule makes asset_class/strategy and never source_section; pages 2-7 and 11 print no heading above the table at all. asset_class and strategy take the printed group name without the portfolio percentage and without '(Continued)': B's form split one class into two on the continuation pages and carried a running-header marker into the data. subject_type 'fund': the row label names a vehicle (L.P./LP/LLC/SCSp/Limited Partnership), which the label-driven rule types fund, not investment. currency_scale '$': the symbol is printed once at the head of the Cost and Fair Value columns and governs every value beneath it.",RESOLVED,A+B+ADJUDICATOR,42fd3fd5192cd82559b79a6adfdcdbf321ee96ab2925a30c3f3513e2aabdc3b6
9fe289e7ccb67d872f0b,SRC407,2,PAIR_16ED1F761B608C5F7AECF126,CONTEXT_CONFLICT,136,136,source_section|asset_class|strategy|currency_scale,MERGE,"source_section blanked: the only headings this document prints are the in-table groupings, which the placement rule makes asset_class/strategy and never source_section; pages 2-7 and 11 print no heading above the table at all. asset_class and strategy take the printed group name without the portfolio percentage and without '(Continued)': B's form split one class into two on the continuation pages and carried a running-header marker into the data. subject_type 'fund': the row label names a vehicle (L.P./LP/LLC/SCSp/Limited Partnership), which the label-driven rule types fund, not investment. currency_scale '$': the symbol is printed once at the head of the Cost and Fair Value columns and governs every value beneath it.; Source review: p2: Fair Value (Individual holdings, aggregate rows, and the hierarchy note have separate value scopes.) | p2: Fair Value (Printed heading or definition supporting the source-reviewed qualifier.)",RESOLVED,A+B+ADJUDICATOR,42fd3fd5192cd82559b79a6adfdcdbf321ee96ab2925a30c3f3513e2aabdc3b6
c375e38430a82f36cf0d,SRC407,2,PAIR_68D5EDB22A8E67DE89ADCC59,CONTEXT_CONFLICT,137,137,source_section|asset_class|strategy|currency_scale,MERGE,"source_section blanked: the only headings this document prints are the in-table groupings, which the placement rule makes asset_class/strategy and never source_section; pages 2-7 and 11 print no heading above the table at all. asset_class and strategy take the printed group name without the portfolio percentage and without '(Continued)': B's form split one class into two on the continuation pages and carried a running-header marker into the data. subject_type 'fund': the row label names a vehicle (L.P./LP/LLC/SCSp/Limited Partnership), which the label-driven rule types fund, not investment. currency_scale '$': the symbol is printed once at the head of the Cost and Fair Value columns and governs every value beneath it.",RESOLVED,A+B+ADJUDICATOR,42fd3fd5192cd82559b79a6adfdcdbf321ee96ab2925a30c3f3513e2aabdc3b6
d995d080364aaed3563a,SRC407,2,PAIR_19259650E69CEA682AE10B79,CONTEXT_CONFLICT,138,138,source_section|asset_class|strategy|currency_scale,MERGE,"source_section blanked: the only headings this document prints are the in-table groupings, which the placement rule makes asset_class/strategy and never source_section; pages 2-7 and 11 print no heading above the table at all. asset_class and strategy take the printed group name without the portfolio percentage and without '(Continued)': B's form split one class into two on the continuation pages and carried a running-header marker into the data. subject_type 'fund': the row label names a vehicle (L.P./LP/LLC/SCSp/Limited Partnership), which the label-driven rule types fund, not investment. currency_scale '$': the symbol is printed once at the head of the Cost and Fair Value columns and governs every value beneath it.; Source review: p2: Fair Value (Individual holdings, aggregate rows, and the hierarchy note have separate value scopes.) | p2: Fair Value (Printed heading or definition supporting the source-reviewed qualifier.)",RESOLVED,A+B+ADJUDICATOR,42fd3fd5192cd82559b79a6adfdcdbf321ee96ab2925a30c3f3513e2aabdc3b6
4772ed2694742f343bc3,SRC407,2,PAIR_ABE36F89FC6F2D888348B4F0,CONTEXT_CONFLICT,139,139,source_section|asset_class|strategy|currency_scale,MERGE,"source_section blanked: the only headings this document prints are the in-table groupings, which the placement rule makes asset_class/strategy and never source_section; pages 2-7 and 11 print no heading above the table at all. asset_class and strategy take the printed group name without the portfolio percentage and without '(Continued)': B's form split one class into two on the continuation pages and carried a running-header marker into the data. subject_type 'fund': the row label names a vehicle (L.P./LP/LLC/SCSp/Limited Partnership), which the label-driven rule types fund, not investment. currency_scale '$': the symbol is printed once at the head of the Cost and Fair Value columns and governs every value beneath it.",RESOLVED,A+B+ADJUDICATOR,42fd3fd5192cd82559b79a6adfdcdbf321ee96ab2925a30c3f3513e2aabdc3b6
db67aa9cc31a9e6cfac1,SRC407,2,PAIR_8AB816CF51381434A18D5608,CONTEXT_CONFLICT,140,140,source_section|asset_class|strategy|currency_scale,MERGE,"source_section blanked: the only headings this document prints are the in-table groupings, which the placement rule makes asset_class/strategy and never source_section; pages 2-7 and 11 print no heading above the table at all. asset_class and strategy take the printed group name without the portfolio percentage and without '(Continued)': B's form split one class into two on the continuation pages and carried a running-header marker into the data. subject_type 'fund': the row label names a vehicle (L.P./LP/LLC/SCSp/Limited Partnership), which the label-driven rule types fund, not investment. currency_scale '$': the symbol is printed once at the head of the Cost and Fair Value columns and governs every value beneath it.; Source review: p2: Fair Value (Individual holdings, aggregate rows, and the hierarchy note have separate value scopes.) | p2: Fair Value (Printed heading or definition supporting the source-reviewed qualifier.)",RESOLVED,A+B+ADJUDICATOR,42fd3fd5192cd82559b79a6adfdcdbf321ee96ab2925a30c3f3513e2aabdc3b6
4ad4bd9f3ad10bdffa7b,SRC407,2,PAIR_84C9AD1507529252848935A0,CONTEXT_CONFLICT,141,141,source_section|asset_class|strategy|currency_scale,MERGE,"source_section blanked: the only headings this document prints are the in-table groupings, which the placement rule makes asset_class/strategy and never source_section; pages 2-7 and 11 print no heading above the table at all. asset_class and strategy take the printed group name without the portfolio percentage and without '(Continued)': B's form split one class into two on the continuation pages and carried a running-header marker into the data. subject_type 'fund': the row label names a vehicle (L.P./LP/LLC/SCSp/Limited Partnership), which the label-driven rule types fund, not investment. currency_scale '$': the symbol is printed once at the head of the Cost and Fair Value columns and governs every value beneath it.",RESOLVED,A+B+ADJUDICATOR,42fd3fd5192cd82559b79a6adfdcdbf321ee96ab2925a30c3f3513e2aabdc3b6
4ed5c274b7d96c7c8685,SRC407,2,PAIR_9B455BE9F87ACB3A9A32CD9C,CONTEXT_CONFLICT,142,142,source_section|asset_class|strategy|currency_scale,MERGE,"source_section blanked: the only headings this document prints are the in-table groupings, which the placement rule makes asset_class/strategy and never source_section; pages 2-7 and 11 print no heading above the table at all. asset_class and strategy take the printed group name without the portfolio percentage and without '(Continued)': B's form split one class into two on the continuation pages and carried a running-header marker into the data. subject_type 'fund': the row label names a vehicle (L.P./LP/LLC/SCSp/Limited Partnership), which the label-driven rule types fund, not investment. currency_scale '$': the symbol is printed once at the head of the Cost and Fair Value columns and governs every value beneath it.; Source review: p2: Fair Value (Individual holdings, aggregate rows, and the hierarchy note have separate value scopes.) | p2: Fair Value (Printed heading or definition supporting the source-reviewed qualifier.)",RESOLVED,A+B+ADJUDICATOR,42fd3fd5192cd82559b79a6adfdcdbf321ee96ab2925a30c3f3513e2aabdc3b6
ab06857f4a1c43c911a9,SRC407,2,PAIR_0C5DBDD1DD5E638342553646,CONTEXT_CONFLICT,143,143,source_section|asset_class|strategy|currency_scale,MERGE,"source_section blanked: the only headings this document prints are the in-table groupings, which the placement rule makes asset_class/strategy and never source_section; pages 2-7 and 11 print no heading above the table at all. asset_class and strategy take the printed group name without the portfolio percentage and without '(Continued)': B's form split one class into two on the continuation pages and carried a running-header marker into the data. subject_type 'fund': the row label names a vehicle (L.P./LP/LLC/SCSp/Limited Partnership), which the label-driven rule types fund, not investment. currency_scale '$': the symbol is printed once at the head of the Cost and Fair Value columns and governs every value beneath it.",RESOLVED,A+B+ADJUDICATOR,42fd3fd5192cd82559b79a6adfdcdbf321ee96ab2925a30c3f3513e2aabdc3b6
720a925a63bb4b9c8c9e,SRC407,2,PAIR_913516DCD5AF161B4CCDD377,CONTEXT_CONFLICT,144,144,source_section|asset_class|strategy|currency_scale,MERGE,"source_section blanked: the only headings this document prints are the in-table groupings, which the placement rule makes asset_class/strategy and never source_section; pages 2-7 and 11 print no heading above the table at all. asset_class and strategy take the printed group name without the portfolio percentage and without '(Continued)': B's form split one class into two on the continuation pages and carried a running-header marker into the data. subject_type 'fund': the row label names a vehicle (L.P./LP/LLC/SCSp/Limited Partnership), which the label-driven rule types fund, not investment. currency_scale '$': the symbol is printed once at the head of the Cost and Fair Value columns and governs every value beneath it.; Source review: p2: Fair Value (Individual holdings, aggregate rows, and the hierarchy note have separate value scopes.) | p2: Fair Value (Printed heading or definition supporting the source-reviewed qualifier.)",RESOLVED,A+B+ADJUDICATOR,42fd3fd5192cd82559b79a6adfdcdbf321ee96ab2925a30c3f3513e2aabdc3b6
de088d3df4bc7e457592,SRC407,2,PAIR_B84B097C3851565E66F60A8D,CONTEXT_CONFLICT,145,145,source_section|asset_class|strategy|currency_scale,MERGE,"source_section blanked: the only headings this document prints are the in-table groupings, which the placement rule makes asset_class/strategy and never source_section; pages 2-7 and 11 print no heading above the table at all. asset_class and strategy take the printed group name without the portfolio percentage and without '(Continued)': B's form split one class into two on the continuation pages and carried a running-header marker into the data. subject_type 'fund': the row label names a vehicle (L.P./LP/LLC/SCSp/Limited Partnership), which the label-driven rule types fund, not investment. currency_scale '$': the symbol is printed once at the head of the Cost and Fair Value columns and governs every value beneath it.",RESOLVED,A+B+ADJUDICATOR,42fd3fd5192cd82559b79a6adfdcdbf321ee96ab2925a30c3f3513e2aabdc3b6
330741bf3fa89e37d2a5,SRC407,2,PAIR_B5D67A6D4AE49EF4CF59D638,CONTEXT_CONFLICT,146,146,source_section|asset_class|strategy|currency_scale,MERGE,"source_section blanked: the only headings this document prints are the in-table groupings, which the placement rule makes asset_class/strategy and never source_section; pages 2-7 and 11 print no heading above the table at all. asset_class and strategy take the printed group name without the portfolio percentage and without '(Continued)': B's form split one class into two on the continuation pages and carried a running-header marker into the data. subject_type 'fund': the row label names a vehicle (L.P./LP/LLC/SCSp/Limited Partnership), which the label-driven rule types fund, not investment. currency_scale '$': the symbol is printed once at the head of the Cost and Fair Value columns and governs every value beneath it.; Source review: p2: Fair Value (Individual holdings, aggregate rows, and the hierarchy note have separate value scopes.) | p2: Fair Value (Printed heading or definition supporting the source-reviewed qualifier.)",RESOLVED,A+B+ADJUDICATOR,42fd3fd5192cd82559b79a6adfdcdbf321ee96ab2925a30c3f3513e2aabdc3b6
76e96f4ee0e69f756d95,SRC407,2,PAIR_E3033266E9FF4108551F2587,CONTEXT_CONFLICT,147,147,source_section|asset_class|strategy|currency_scale,MERGE,"source_section blanked: the only headings this document prints are the in-table groupings, which the placement rule makes asset_class/strategy and never source_section; pages 2-7 and 11 print no heading above the table at all. asset_class and strategy take the printed group name without the portfolio percentage and without '(Continued)': B's form split one class into two on the continuation pages and carried a running-header marker into the data. subject_type 'fund': the row label names a vehicle (L.P./LP/LLC/SCSp/Limited Partnership), which the label-driven rule types fund, not investment. currency_scale '$': the symbol is printed once at the head of the Cost and Fair Value columns and governs every value beneath it.",RESOLVED,A+B+ADJUDICATOR,42fd3fd5192cd82559b79a6adfdcdbf321ee96ab2925a30c3f3513e2aabdc3b6
9e807b3109817899375b,SRC407,2,PAIR_E4C8F42D2304114CBCF8C9E3,CONTEXT_CONFLICT,148,148,source_section|asset_class|strategy|currency_scale,MERGE,"source_section blanked: the only headings this document prints are the in-table groupings, which the placement rule makes asset_class/strategy and never source_section; pages 2-7 and 11 print no heading above the table at all. asset_class and strategy take the printed group name without the portfolio percentage and without '(Continued)': B's form split one class into two on the continuation pages and carried a running-header marker into the data. subject_type 'fund': the row label names a vehicle (L.P./LP/LLC/SCSp/Limited Partnership), which the label-driven rule types fund, not investment. currency_scale '$': the symbol is printed once at the head of the Cost and Fair Value columns and governs every value beneath it.; Source review: p2: Fair Value (Individual holdings, aggregate rows, and the hierarchy note have separate value scopes.) | p2: Fair Value (Printed heading or definition supporting the source-reviewed qualifier.)",RESOLVED,A+B+ADJUDICATOR,42fd3fd5192cd82559b79a6adfdcdbf321ee96ab2925a30c3f3513e2aabdc3b6
6d5b7abfca474124f41f,SRC407,2,PAIR_B3F674E57A19EB56FC366CE2,CONTEXT_CONFLICT,149,149,source_section|asset_class|strategy|currency_scale,MERGE,"source_section blanked: the only headings this document prints are the in-table groupings, which the placement rule makes asset_class/strategy and never source_section; pages 2-7 and 11 print no heading above the table at all. asset_class and strategy take the printed group name without the portfolio percentage and without '(Continued)': B's form split one class into two on the continuation pages and carried a running-header marker into the data. subject_type 'fund': the row label names a vehicle (L.P./LP/LLC/SCSp/Limited Partnership), which the label-driven rule types fund, not investment. currency_scale '$': the symbol is printed once at the head of the Cost and Fair Value columns and governs every value beneath it.",RESOLVED,A+B+ADJUDICATOR,42fd3fd5192cd82559b79a6adfdcdbf321ee96ab2925a30c3f3513e2aabdc3b6
bcc3857d74637c3f431f,SRC407,2,PAIR_61A7A4499EDAB5422457C2C9,CONTEXT_CONFLICT,150,150,source_section|asset_class|strategy|currency_scale,MERGE,"source_section blanked: the only headings this document prints are the in-table groupings, which the placement rule makes asset_class/strategy and never source_section; pages 2-7 and 11 print no heading above the table at all. asset_class and strategy take the printed group name without the portfolio percentage and without '(Continued)': B's form split one class into two on the continuation pages and carried a running-header marker into the data. subject_type 'fund': the row label names a vehicle (L.P./LP/LLC/SCSp/Limited Partnership), which the label-driven rule types fund, not investment. currency_scale '$': the symbol is printed once at the head of the Cost and Fair Value columns and governs every value beneath it.; Source review: p2: Fair Value (Individual holdings, aggregate rows, and the hierarchy note have separate value scopes.) | p2: Fair Value (Printed heading or definition supporting the source-reviewed qualifier.)",RESOLVED,A+B+ADJUDICATOR,42fd3fd5192cd82559b79a6adfdcdbf321ee96ab2925a30c3f3513e2aabdc3b6
37c1bd5c7534e99ec274,SRC407,2,PAIR_557D112F529EFCFA2F65C76E,CONTEXT_CONFLICT,151,151,source_section|asset_class|strategy|currency_scale,MERGE,"source_section blanked: the only headings this document prints are the in-table groupings, which the placement rule makes asset_class/strategy and never source_section; pages 2-7 and 11 print no heading above the table at all. asset_class and strategy take the printed group name without the portfolio percentage and without '(Continued)': B's form split one class into two on the continuation pages and carried a running-header marker into the data. subject_type 'fund': the row label names a vehicle (L.P./LP/LLC/SCSp/Limited Partnership), which the label-driven rule types fund, not investment. currency_scale '$': the symbol is printed once at the head of the Cost and Fair Value columns and governs every value beneath it.",RESOLVED,A+B+ADJUDICATOR,42fd3fd5192cd82559b79a6adfdcdbf321ee96ab2925a30c3f3513e2aabdc3b6
ad29a89a6690b4428142,SRC407,2,PAIR_6D7BA18AB4BC1BCB1021C765,CONTEXT_CONFLICT,152,152,source_section|asset_class|strategy|currency_scale,MERGE,"source_section blanked: the only headings this document prints are the in-table groupings, which the placement rule makes asset_class/strategy and never source_section; pages 2-7 and 11 print no heading above the table at all. asset_class and strategy take the printed group name without the portfolio percentage and without '(Continued)': B's form split one class into two on the continuation pages and carried a running-header marker into the data. subject_type 'fund': the row label names a vehicle (L.P./LP/LLC/SCSp/Limited Partnership), which the label-driven rule types fund, not investment. currency_scale '$': the symbol is printed once at the head of the Cost and Fair Value columns and governs every value beneath it.; Source review: p2: Fair Value (Individual holdings, aggregate rows, and the hierarchy note have separate value scopes.) | p2: Fair Value (Printed heading or definition supporting the source-reviewed qualifier.)",RESOLVED,A+B+ADJUDICATOR,42fd3fd5192cd82559b79a6adfdcdbf321ee96ab2925a30c3f3513e2aabdc3b6
e6a3e63a5e6e07a621df,SRC407,2,PAIR_9D7999D44A77E7EAD9646DDC,CONTEXT_CONFLICT,153,153,source_section|asset_class|strategy|currency_scale,MERGE,"source_section blanked: the only headings this document prints are the in-table groupings, which the placement rule makes asset_class/strategy and never source_section; pages 2-7 and 11 print no heading above the table at all. asset_class and strategy take the printed group name without the portfolio percentage and without '(Continued)': B's form split one class into two on the continuation pages and carried a running-header marker into the data. subject_type 'fund': the row label names a vehicle (L.P./LP/LLC/SCSp/Limited Partnership), which the label-driven rule types fund, not investment. currency_scale '$': the symbol is printed once at the head of the Cost and Fair Value columns and governs every value beneath it.",RESOLVED,A+B+ADJUDICATOR,42fd3fd5192cd82559b79a6adfdcdbf321ee96ab2925a30c3f3513e2aabdc3b6
2774fa3cb1ae8cb49e54,SRC407,2,PAIR_8D29A02B1FC717CA0B3C2F44,CONTEXT_CONFLICT,154,154,source_section|asset_class|strategy|currency_scale,MERGE,"source_section blanked: the only headings this document prints are the in-table groupings, which the placement rule makes asset_class/strategy and never source_section; pages 2-7 and 11 print no heading above the table at all. asset_class and strategy take the printed group name without the portfolio percentage and without '(Continued)': B's form split one class into two on the continuation pages and carried a running-header marker into the data. subject_type 'fund': the row label names a vehicle (L.P./LP/LLC/SCSp/Limited Partnership), which the label-driven rule types fund, not investment. currency_scale '$': the symbol is printed once at the head of the Cost and Fair Value columns and governs every value beneath it.; Source review: p2: Fair Value (Individual holdings, aggregate rows, and the hierarchy note have separate value scopes.) | p2: Fair Value (Printed heading or definition supporting the source-reviewed qualifier.)",RESOLVED,A+B+ADJUDICATOR,42fd3fd5192cd82559b79a6adfdcdbf321ee96ab2925a30c3f3513e2aabdc3b6
df4d08db56c807b66edc,SRC407,2,PAIR_73D370681669D543FD43A50C,CONTEXT_CONFLICT,155,155,source_section|asset_class|strategy|currency_scale,MERGE,"source_section blanked: the only headings this document prints are the in-table groupings, which the placement rule makes asset_class/strategy and never source_section; pages 2-7 and 11 print no heading above the table at all. asset_class and strategy take the printed group name without the portfolio percentage and without '(Continued)': B's form split one class into two on the continuation pages and carried a running-header marker into the data. subject_type 'fund': the row label names a vehicle (L.P./LP/LLC/SCSp/Limited Partnership), which the label-driven rule types fund, not investment. currency_scale '$': the symbol is printed once at the head of the Cost and Fair Value columns and governs every value beneath it.",RESOLVED,A+B+ADJUDICATOR,42fd3fd5192cd82559b79a6adfdcdbf321ee96ab2925a30c3f3513e2aabdc3b6
eb61662ae6aec7055d8d,SRC407,2,PAIR_2F882DE911744CE080B8501C,CONTEXT_CONFLICT,156,156,source_section|asset_class|strategy|currency_scale,MERGE,"source_section blanked: the only headings this document prints are the in-table groupings, which the placement rule makes asset_class/strategy and never source_section; pages 2-7 and 11 print no heading above the table at all. asset_class and strategy take the printed group name without the portfolio percentage and without '(Continued)': B's form split one class into two on the continuation pages and carried a running-header marker into the data. subject_type 'fund': the row label names a vehicle (L.P./LP/LLC/SCSp/Limited Partnership), which the label-driven rule types fund, not investment. currency_scale '$': the symbol is printed once at the head of the Cost and Fair Value columns and governs every value beneath it.; Source review: p2: Fair Value (Individual holdings, aggregate rows, and the hierarchy note have separate value scopes.) | p2: Fair Value (Printed heading or definition supporting the source-reviewed qualifier.)",RESOLVED,A+B+ADJUDICATOR,42fd3fd5192cd82559b79a6adfdcdbf321ee96ab2925a30c3f3513e2aabdc3b6
cb04fc3ebb5ce5d88da6,SRC407,2,PAIR_B169E135F1C6F91FDC112CC8,CONTEXT_CONFLICT,157,157,source_section|asset_class|strategy|currency_scale,MERGE,"source_section blanked: the only headings this document prints are the in-table groupings, which the placement rule makes asset_class/strategy and never source_section; pages 2-7 and 11 print no heading above the table at all. asset_class and strategy take the printed group name without the portfolio percentage and without '(Continued)': B's form split one class into two on the continuation pages and carried a running-header marker into the data. subject_type 'fund': the row label names a vehicle (L.P./LP/LLC/SCSp/Limited Partnership), which the label-driven rule types fund, not investment. currency_scale '$': the symbol is printed once at the head of the Cost and Fair Value columns and governs every value beneath it.",RESOLVED,A+B+ADJUDICATOR,42fd3fd5192cd82559b79a6adfdcdbf321ee96ab2925a30c3f3513e2aabdc3b6
321105d04b96a291a3da,SRC407,2,PAIR_86D4C3681BFD9C8B84B4FFC0,CONTEXT_CONFLICT,158,158,source_section|asset_class|strategy|currency_scale,MERGE,"source_section blanked: the only headings this document prints are the in-table groupings, which the placement rule makes asset_class/strategy and never source_section; pages 2-7 and 11 print no heading above the table at all. asset_class and strategy take the printed group name without the portfolio percentage and without '(Continued)': B's form split one class into two on the continuation pages and carried a running-header marker into the data. subject_type 'fund': the row label names a vehicle (L.P./LP/LLC/SCSp/Limited Partnership), which the label-driven rule types fund, not investment. currency_scale '$': the symbol is printed once at the head of the Cost and Fair Value columns and governs every value beneath it.; Source review: p2: Fair Value (Individual holdings, aggregate rows, and the hierarchy note have separate value scopes.) | p2: Fair Value (Printed heading or definition supporting the source-reviewed qualifier.)",RESOLVED,A+B+ADJUDICATOR,42fd3fd5192cd82559b79a6adfdcdbf321ee96ab2925a30c3f3513e2aabdc3b6
7a9e2962784e4a9e7c21,SRC407,2,PAIR_D566AAE968CB62AD76C0EC0A,CONTEXT_CONFLICT,159,159,source_section|asset_class|strategy|currency_scale,MERGE,"source_section blanked: the only headings this document prints are the in-table groupings, which the placement rule makes asset_class/strategy and never source_section; pages 2-7 and 11 print no heading above the table at all. asset_class and strategy take the printed group name without the portfolio percentage and without '(Continued)': B's form split one class into two on the continuation pages and carried a running-header marker into the data. subject_type 'fund': the row label names a vehicle (L.P./LP/LLC/SCSp/Limited Partnership), which the label-driven rule types fund, not investment. currency_scale '$': the symbol is printed once at the head of the Cost and Fair Value columns and governs every value beneath it.",RESOLVED,A+B+ADJUDICATOR,42fd3fd5192cd82559b79a6adfdcdbf321ee96ab2925a30c3f3513e2aabdc3b6
b8634a1b74dff8b3a94d,SRC407,2,PAIR_5A42B61A7CF3D90926B6B64D,CONTEXT_CONFLICT,160,160,source_section|asset_class|strategy|currency_scale,MERGE,"source_section blanked: the only headings this document prints are the in-table groupings, which the placement rule makes asset_class/strategy and never source_section; pages 2-7 and 11 print no heading above the table at all. asset_class and strategy take the printed group name without the portfolio percentage and without '(Continued)': B's form split one class into two on the continuation pages and carried a running-header marker into the data. subject_type 'fund': the row label names a vehicle (L.P./LP/LLC/SCSp/Limited Partnership), which the label-driven rule types fund, not investment. currency_scale '$': the symbol is printed once at the head of the Cost and Fair Value columns and governs every value beneath it.; Source review: p2: Fair Value (Individual holdings, aggregate rows, and the hierarchy note have separate value scopes.) | p2: Fair Value (Printed heading or definition supporting the source-reviewed qualifier.)",RESOLVED,A+B+ADJUDICATOR,42fd3fd5192cd82559b79a6adfdcdbf321ee96ab2925a30c3f3513e2aabdc3b6
e730bffe3eef4486da7d,SRC407,2,PAIR_87958619BED3AB0B8F05073A,CONTEXT_CONFLICT,161,161,source_section|asset_class|strategy|currency_scale,MERGE,"source_section blanked: the only headings this document prints are the in-table groupings, which the placement rule makes asset_class/strategy and never source_section; pages 2-7 and 11 print no heading above the table at all. asset_class and strategy take the printed group name without the portfolio percentage and without '(Continued)': B's form split one class into two on the continuation pages and carried a running-header marker into the data. subject_type 'fund': the row label names a vehicle (L.P./LP/LLC/SCSp/Limited Partnership), which the label-driven rule types fund, not investment. currency_scale '$': the symbol is printed once at the head of the Cost and Fair Value columns and governs every value beneath it.",RESOLVED,A+B+ADJUDICATOR,42fd3fd5192cd82559b79a6adfdcdbf321ee96ab2925a30c3f3513e2aabdc3b6
99daa50dd19c63ebd91b,SRC407,2,PAIR_135243905C8862F8156057E8,CONTEXT_CONFLICT,162,162,source_section|asset_class|strategy|currency_scale,MERGE,"source_section blanked: the only headings this document prints are the in-table groupings, which the placement rule makes asset_class/strategy and never source_section; pages 2-7 and 11 print no heading above the table at all. asset_class and strategy take the printed group name without the portfolio percentage and without '(Continued)': B's form split one class into two on the continuation pages and carried a running-header marker into the data. subject_type 'fund': the row label names a vehicle (L.P./LP/LLC/SCSp/Limited Partnership), which the label-driven rule types fund, not investment. currency_scale '$': the symbol is printed once at the head of the Cost and Fair Value columns and governs every value beneath it.; Source review: p2: Fair Value (Individual holdings, aggregate rows, and the hierarchy note have separate value scopes.) | p2: Fair Value (Printed heading or definition supporting the source-reviewed qualifier.)",RESOLVED,A+B+ADJUDICATOR,42fd3fd5192cd82559b79a6adfdcdbf321ee96ab2925a30c3f3513e2aabdc3b6
457c1a72d19f5668f5ce,SRC407,2,PAIR_DF168AAC39E6344758EDE3EC,CONTEXT_CONFLICT,163,163,source_section|asset_class|strategy|currency_scale,MERGE,"source_section blanked: the only headings this document prints are the in-table groupings, which the placement rule makes asset_class/strategy and never source_section; pages 2-7 and 11 print no heading above the table at all. asset_class and strategy take the printed group name without the portfolio percentage and without '(Continued)': B's form split one class into two on the continuation pages and carried a running-header marker into the data. subject_type 'fund': the row label names a vehicle (L.P./LP/LLC/SCSp/Limited Partnership), which the label-driven rule types fund, not investment. currency_scale '$': the symbol is printed once at the head of the Cost and Fair Value columns and governs every value beneath it.",RESOLVED,A+B+ADJUDICATOR,42fd3fd5192cd82559b79a6adfdcdbf321ee96ab2925a30c3f3513e2aabdc3b6
45302b10c53504e114f5,SRC407,2,PAIR_AB1DB79975A79723E23968C9,CONTEXT_CONFLICT,164,164,source_section|asset_class|strategy|currency_scale,MERGE,"source_section blanked: the only headings this document prints are the in-table groupings, which the placement rule makes asset_class/strategy and never source_section; pages 2-7 and 11 print no heading above the table at all. asset_class and strategy take the printed group name without the portfolio percentage and without '(Continued)': B's form split one class into two on the continuation pages and carried a running-header marker into the data. subject_type 'fund': the row label names a vehicle (L.P./LP/LLC/SCSp/Limited Partnership), which the label-driven rule types fund, not investment. currency_scale '$': the symbol is printed once at the head of the Cost and Fair Value columns and governs every value beneath it.; Source review: p2: Fair Value (Individual holdings, aggregate rows, and the hierarchy note have separate value scopes.) | p2: Fair Value (Printed heading or definition supporting the source-reviewed qualifier.)",RESOLVED,A+B+ADJUDICATOR,42fd3fd5192cd82559b79a6adfdcdbf321ee96ab2925a30c3f3513e2aabdc3b6
43c67e609c45acde4b0b,SRC407,2,PAIR_755DFA1B66AB237EBD351CC6,CONTEXT_CONFLICT,165,165,source_section|asset_class|strategy|currency_scale,MERGE,"source_section blanked: the only headings this document prints are the in-table groupings, which the placement rule makes asset_class/strategy and never source_section; pages 2-7 and 11 print no heading above the table at all. asset_class and strategy take the printed group name without the portfolio percentage and without '(Continued)': B's form split one class into two on the continuation pages and carried a running-header marker into the data. subject_type 'fund': the row label names a vehicle (L.P./LP/LLC/SCSp/Limited Partnership), which the label-driven rule types fund, not investment. currency_scale '$': the symbol is printed once at the head of the Cost and Fair Value columns and governs every value beneath it.",RESOLVED,A+B+ADJUDICATOR,42fd3fd5192cd82559b79a6adfdcdbf321ee96ab2925a30c3f3513e2aabdc3b6
ea12fea54f93ad41641f,SRC407,2,PAIR_346D49008E9A676EFE677140,CONTEXT_CONFLICT,166,166,source_section|asset_class|strategy|currency_scale,MERGE,"source_section blanked: the only headings this document prints are the in-table groupings, which the placement rule makes asset_class/strategy and never source_section; pages 2-7 and 11 print no heading above the table at all. asset_class and strategy take the printed group name without the portfolio percentage and without '(Continued)': B's form split one class into two on the continuation pages and carried a running-header marker into the data. subject_type 'fund': the row label names a vehicle (L.P./LP/LLC/SCSp/Limited Partnership), which the label-driven rule types fund, not investment. currency_scale '$': the symbol is printed once at the head of the Cost and Fair Value columns and governs every value beneath it.; Source review: p2: Fair Value (Individual holdings, aggregate rows, and the hierarchy note have separate value scopes.) | p2: Fair Value (Printed heading or definition supporting the source-reviewed qualifier.)",RESOLVED,A+B+ADJUDICATOR,42fd3fd5192cd82559b79a6adfdcdbf321ee96ab2925a30c3f3513e2aabdc3b6
7408e1701048f4bbe925,SRC407,2,PAIR_3ED72F3B0B01099189D234BB,CONTEXT_CONFLICT,167,167,source_section|asset_class|strategy|currency_scale,MERGE,"source_section blanked: the only headings this document prints are the in-table groupings, which the placement rule makes asset_class/strategy and never source_section; pages 2-7 and 11 print no heading above the table at all. asset_class and strategy take the printed group name without the portfolio percentage and without '(Continued)': B's form split one class into two on the continuation pages and carried a running-header marker into the data. subject_type 'fund': the row label names a vehicle (L.P./LP/LLC/SCSp/Limited Partnership), which the label-driven rule types fund, not investment. currency_scale '$': the symbol is printed once at the head of the Cost and Fair Value columns and governs every value beneath it.",RESOLVED,A+B+ADJUDICATOR,42fd3fd5192cd82559b79a6adfdcdbf321ee96ab2925a30c3f3513e2aabdc3b6
9834b2bcea5ef9704149,SRC407,2,PAIR_49A430A8719EA460F8477BA3,CONTEXT_CONFLICT,168,168,source_section|asset_class|strategy|currency_scale,MERGE,"source_section blanked: the only headings this document prints are the in-table groupings, which the placement rule makes asset_class/strategy and never source_section; pages 2-7 and 11 print no heading above the table at all. asset_class and strategy take the printed group name without the portfolio percentage and without '(Continued)': B's form split one class into two on the continuation pages and carried a running-header marker into the data. subject_type 'fund': the row label names a vehicle (L.P./LP/LLC/SCSp/Limited Partnership), which the label-driven rule types fund, not investment. currency_scale '$': the symbol is printed once at the head of the Cost and Fair Value columns and governs every value beneath it.; Source review: p2: Fair Value (Individual holdings, aggregate rows, and the hierarchy note have separate value scopes.) | p2: Fair Value (Printed heading or definition supporting the source-reviewed qualifier.)",RESOLVED,A+B+ADJUDICATOR,42fd3fd5192cd82559b79a6adfdcdbf321ee96ab2925a30c3f3513e2aabdc3b6
38bc4d45a63d6d1d2594,SRC407,2,PAIR_26FFD080DDAEF1F7E04ACF8E,CONTEXT_CONFLICT,169,169,source_section|asset_class|strategy|currency_scale,MERGE,"source_section blanked: the only headings this document prints are the in-table groupings, which the placement rule makes asset_class/strategy and never source_section; pages 2-7 and 11 print no heading above the table at all. asset_class and strategy take the printed group name without the portfolio percentage and without '(Continued)': B's form split one class into two on the continuation pages and carried a running-header marker into the data. subject_type 'fund': the row label names a vehicle (L.P./LP/LLC/SCSp/Limited Partnership), which the label-driven rule types fund, not investment. currency_scale '$': the symbol is printed once at the head of the Cost and Fair Value columns and governs every value beneath it.",RESOLVED,A+B+ADJUDICATOR,42fd3fd5192cd82559b79a6adfdcdbf321ee96ab2925a30c3f3513e2aabdc3b6
aba4b59197e35ccb6dab,SRC407,2,PAIR_212C8FF29AD08F15D2472267,CONTEXT_CONFLICT,170,170,source_section|asset_class|strategy|currency_scale,MERGE,"source_section blanked: the only headings this document prints are the in-table groupings, which the placement rule makes asset_class/strategy and never source_section; pages 2-7 and 11 print no heading above the table at all. asset_class and strategy take the printed group name without the portfolio percentage and without '(Continued)': B's form split one class into two on the continuation pages and carried a running-header marker into the data. subject_type 'fund': the row label names a vehicle (L.P./LP/LLC/SCSp/Limited Partnership), which the label-driven rule types fund, not investment. currency_scale '$': the symbol is printed once at the head of the Cost and Fair Value columns and governs every value beneath it.; Source review: p2: Fair Value (Individual holdings, aggregate rows, and the hierarchy note have separate value scopes.) | p2: Fair Value (Printed heading or definition supporting the source-reviewed qualifier.)",RESOLVED,A+B+ADJUDICATOR,42fd3fd5192cd82559b79a6adfdcdbf321ee96ab2925a30c3f3513e2aabdc3b6
ceb9a085a602d2156dfc,SRC407,2,PAIR_72FB21CAE854C4BDBE29CCFE,CONTEXT_CONFLICT,171,171,source_section|asset_class|strategy|currency_scale,MERGE,"source_section blanked: the only headings this document prints are the in-table groupings, which the placement rule makes asset_class/strategy and never source_section; pages 2-7 and 11 print no heading above the table at all. asset_class and strategy take the printed group name without the portfolio percentage and without '(Continued)': B's form split one class into two on the continuation pages and carried a running-header marker into the data. subject_type 'fund': the row label names a vehicle (L.P./LP/LLC/SCSp/Limited Partnership), which the label-driven rule types fund, not investment. currency_scale '$': the symbol is printed once at the head of the Cost and Fair Value columns and governs every value beneath it.",RESOLVED,A+B+ADJUDICATOR,42fd3fd5192cd82559b79a6adfdcdbf321ee96ab2925a30c3f3513e2aabdc3b6
c094fe31a89667a07092,SRC407,2,PAIR_1E28158EF6B35C956D6E0FE7,CONTEXT_CONFLICT,172,172,source_section|asset_class|strategy|currency_scale,MERGE,"source_section blanked: the only headings this document prints are the in-table groupings, which the placement rule makes asset_class/strategy and never source_section; pages 2-7 and 11 print no heading above the table at all. asset_class and strategy take the printed group name without the portfolio percentage and without '(Continued)': B's form split one class into two on the continuation pages and carried a running-header marker into the data. subject_type 'fund': the row label names a vehicle (L.P./LP/LLC/SCSp/Limited Partnership), which the label-driven rule types fund, not investment. currency_scale '$': the symbol is printed once at the head of the Cost and Fair Value columns and governs every value beneath it.; Source review: p2: Fair Value (Individual holdings, aggregate rows, and the hierarchy note have separate value scopes.) | p2: Fair Value (Printed heading or definition supporting the source-reviewed qualifier.)",RESOLVED,A+B+ADJUDICATOR,42fd3fd5192cd82559b79a6adfdcdbf321ee96ab2925a30c3f3513e2aabdc3b6
cbed510daa7dece2556c,SRC407,2,PAIR_4F9528F57FD71839B6E37603,CONTEXT_CONFLICT,173,173,source_section|asset_class|strategy|currency_scale,MERGE,"source_section blanked: the only headings this document prints are the in-table groupings, which the placement rule makes asset_class/strategy and never source_section; pages 2-7 and 11 print no heading above the table at all. asset_class and strategy take the printed group name without the portfolio percentage and without '(Continued)': B's form split one class into two on the continuation pages and carried a running-header marker into the data. subject_type 'fund': the row label names a vehicle (L.P./LP/LLC/SCSp/Limited Partnership), which the label-driven rule types fund, not investment. currency_scale '$': the symbol is printed once at the head of the Cost and Fair Value columns and governs every value beneath it.",RESOLVED,A+B+ADJUDICATOR,42fd3fd5192cd82559b79a6adfdcdbf321ee96ab2925a30c3f3513e2aabdc3b6
2104c3e8d5a9b4e72a62,SRC407,2,PAIR_C761017842DC0148BFB433C9,CONTEXT_CONFLICT,174,174,source_section|asset_class|strategy|currency_scale,MERGE,"source_section blanked: the only headings this document prints are the in-table groupings, which the placement rule makes asset_class/strategy and never source_section; pages 2-7 and 11 print no heading above the table at all. asset_class and strategy take the printed group name without the portfolio percentage and without '(Continued)': B's form split one class into two on the continuation pages and carried a running-header marker into the data. subject_type 'fund': the row label names a vehicle (L.P./LP/LLC/SCSp/Limited Partnership), which the label-driven rule types fund, not investment. currency_scale '$': the symbol is printed once at the head of the Cost and Fair Value columns and governs every value beneath it.; Source review: p2: Fair Value (Individual holdings, aggregate rows, and the hierarchy note have separate value scopes.) | p2: Fair Value (Printed heading or definition supporting the source-reviewed qualifier.)",RESOLVED,A+B+ADJUDICATOR,42fd3fd5192cd82559b79a6adfdcdbf321ee96ab2925a30c3f3513e2aabdc3b6
8cb39ece2088c993bc02,SRC407,2,PAIR_030EB0306E32A109DE8E8B22,CONTEXT_CONFLICT,175,175,source_section|asset_class|strategy|currency_scale,MERGE,"source_section blanked: the only headings this document prints are the in-table groupings, which the placement rule makes asset_class/strategy and never source_section; pages 2-7 and 11 print no heading above the table at all. asset_class and strategy take the printed group name without the portfolio percentage and without '(Continued)': B's form split one class into two on the continuation pages and carried a running-header marker into the data. subject_type 'fund': the row label names a vehicle (L.P./LP/LLC/SCSp/Limited Partnership), which the label-driven rule types fund, not investment. currency_scale '$': the symbol is printed once at the head of the Cost and Fair Value columns and governs every value beneath it.; Source review: p2: Fair Value (Individual holdings, aggregate rows, and the hierarchy note have separate value scopes.) | p2: Fair Value (Printed heading or definition supporting the source-reviewed qualifier.)",RESOLVED,A+B+ADJUDICATOR,42fd3fd5192cd82559b79a6adfdcdbf321ee96ab2925a30c3f3513e2aabdc3b6
66af826b99537f8c8944,SRC407,2,PAIR_ADBD5B961FEF526EB0C6A33A,CONTEXT_CONFLICT,176,176,source_section|asset_class|strategy|currency_scale,MERGE,"source_section blanked: the only headings this document prints are the in-table groupings, which the placement rule makes asset_class/strategy and never source_section; pages 2-7 and 11 print no heading above the table at all. asset_class and strategy take the printed group name without the portfolio percentage and without '(Continued)': B's form split one class into two on the continuation pages and carried a running-header marker into the data. subject_type 'fund': the row label names a vehicle (L.P./LP/LLC/SCSp/Limited Partnership), which the label-driven rule types fund, not investment. currency_scale '$': the symbol is printed once at the head of the Cost and Fair Value columns and governs every value beneath it.",RESOLVED,A+B+ADJUDICATOR,42fd3fd5192cd82559b79a6adfdcdbf321ee96ab2925a30c3f3513e2aabdc3b6
0dc4c9387208e6b5d07e,SRC407,2,PAIR_580B569C3F0B713A842702D8,CONTEXT_CONFLICT,177,177,source_section|asset_class|strategy|currency_scale,MERGE,"source_section blanked: the only headings this document prints are the in-table groupings, which the placement rule makes asset_class/strategy and never source_section; pages 2-7 and 11 print no heading above the table at all. asset_class and strategy take the printed group name without the portfolio percentage and without '(Continued)': B's form split one class into two on the continuation pages and carried a running-header marker into the data. subject_type 'fund': the row label names a vehicle (L.P./LP/LLC/SCSp/Limited Partnership), which the label-driven rule types fund, not investment. currency_scale '$': the symbol is printed once at the head of the Cost and Fair Value columns and governs every value beneath it.; Source review: p2: Fair Value (Individual holdings, aggregate rows, and the hierarchy note have separate value scopes.) | p2: Fair Value (Printed heading or definition supporting the source-reviewed qualifier.)",RESOLVED,A+B+ADJUDICATOR,42fd3fd5192cd82559b79a6adfdcdbf321ee96ab2925a30c3f3513e2aabdc3b6
306d667725be32e7df9d,SRC407,2,PAIR_6743EE31B9F94F60ADA22E45,CONTEXT_CONFLICT,178,178,source_section|asset_class|strategy|currency_scale,MERGE,"source_section blanked: the only headings this document prints are the in-table groupings, which the placement rule makes asset_class/strategy and never source_section; pages 2-7 and 11 print no heading above the table at all. asset_class and strategy take the printed group name without the portfolio percentage and without '(Continued)': B's form split one class into two on the continuation pages and carried a running-header marker into the data. subject_type 'fund': the row label names a vehicle (L.P./LP/LLC/SCSp/Limited Partnership), which the label-driven rule types fund, not investment. currency_scale '$': the symbol is printed once at the head of the Cost and Fair Value columns and governs every value beneath it.",RESOLVED,A+B+ADJUDICATOR,42fd3fd5192cd82559b79a6adfdcdbf321ee96ab2925a30c3f3513e2aabdc3b6
2902d1ba416d92d6dd94,SRC407,2,PAIR_CC27907DFACE83F814C7AFE1,CONTEXT_CONFLICT,179,179,source_section|asset_class|strategy|currency_scale,MERGE,"source_section blanked: the only headings this document prints are the in-table groupings, which the placement rule makes asset_class/strategy and never source_section; pages 2-7 and 11 print no heading above the table at all. asset_class and strategy take the printed group name without the portfolio percentage and without '(Continued)': B's form split one class into two on the continuation pages and carried a running-header marker into the data. subject_type 'fund': the row label names a vehicle (L.P./LP/LLC/SCSp/Limited Partnership), which the label-driven rule types fund, not investment. currency_scale '$': the symbol is printed once at the head of the Cost and Fair Value columns and governs every value beneath it.; Source review: p2: Fair Value (Individual holdings, aggregate rows, and the hierarchy note have separate value scopes.) | p2: Fair Value (Printed heading or definition supporting the source-reviewed qualifier.)",RESOLVED,A+B+ADJUDICATOR,42fd3fd5192cd82559b79a6adfdcdbf321ee96ab2925a30c3f3513e2aabdc3b6
e1a86347e50c0baed19a,SRC407,2,PAIR_671A750ED4ECBB29C3B9502A,CONTEXT_CONFLICT,180,180,source_section|asset_class|strategy|currency_scale,MERGE,"source_section blanked: the only headings this document prints are the in-table groupings, which the placement rule makes asset_class/strategy and never source_section; pages 2-7 and 11 print no heading above the table at all. asset_class and strategy take the printed group name without the portfolio percentage and without '(Continued)': B's form split one class into two on the continuation pages and carried a running-header marker into the data. subject_type 'fund': the row label names a vehicle (L.P./LP/LLC/SCSp/Limited Partnership), which the label-driven rule types fund, not investment. currency_scale '$': the symbol is printed once at the head of the Cost and Fair Value columns and governs every value beneath it.",RESOLVED,A+B+ADJUDICATOR,42fd3fd5192cd82559b79a6adfdcdbf321ee96ab2925a30c3f3513e2aabdc3b6
ea8fd2d00b9174aeb8c5,SRC407,2,PAIR_A1A7006890433860E96463D4,CONTEXT_CONFLICT,181,181,source_section|asset_class|strategy|currency_scale,MERGE,"source_section blanked: the only headings this document prints are the in-table groupings, which the placement rule makes asset_class/strategy and never source_section; pages 2-7 and 11 print no heading above the table at all. asset_class and strategy take the printed group name without the portfolio percentage and without '(Continued)': B's form split one class into two on the continuation pages and carried a running-header marker into the data. subject_type 'fund': the row label names a vehicle (L.P./LP/LLC/SCSp/Limited Partnership), which the label-driven rule types fund, not investment. currency_scale '$': the symbol is printed once at the head of the Cost and Fair Value columns and governs every value beneath it.; Source review: p2: Fair Value (Individual holdings, aggregate rows, and the hierarchy note have separate value scopes.) | p2: Fair Value (Printed heading or definition supporting the source-reviewed qualifier.)",RESOLVED,A+B+ADJUDICATOR,42fd3fd5192cd82559b79a6adfdcdbf321ee96ab2925a30c3f3513e2aabdc3b6
225781e09b9a90795295,SRC407,2,PAIR_F0A968853D8FCCF1FA014EE6,CONTEXT_CONFLICT,182,182,source_section|asset_class|strategy|currency_scale,MERGE,"source_section blanked: the only headings this document prints are the in-table groupings, which the placement rule makes asset_class/strategy and never source_section; pages 2-7 and 11 print no heading above the table at all. asset_class and strategy take the printed group name without the portfolio percentage and without '(Continued)': B's form split one class into two on the continuation pages and carried a running-header marker into the data. subject_type 'fund': the row label names a vehicle (L.P./LP/LLC/SCSp/Limited Partnership), which the label-driven rule types fund, not investment. currency_scale '$': the symbol is printed once at the head of the Cost and Fair Value columns and governs every value beneath it.",RESOLVED,A+B+ADJUDICATOR,42fd3fd5192cd82559b79a6adfdcdbf321ee96ab2925a30c3f3513e2aabdc3b6
74816ece232af7eac6cc,SRC407,2,PAIR_E018769A2DF616FB0C1F4725,CONTEXT_CONFLICT,183,183,source_section|asset_class|strategy|currency_scale,MERGE,"source_section blanked: the only headings this document prints are the in-table groupings, which the placement rule makes asset_class/strategy and never source_section; pages 2-7 and 11 print no heading above the table at all. asset_class and strategy take the printed group name without the portfolio percentage and without '(Continued)': B's form split one class into two on the continuation pages and carried a running-header marker into the data. subject_type 'fund': the row label names a vehicle (L.P./LP/LLC/SCSp/Limited Partnership), which the label-driven rule types fund, not investment. currency_scale '$': the symbol is printed once at the head of the Cost and Fair Value columns and governs every value beneath it.; Source review: p2: Fair Value (Individual holdings, aggregate rows, and the hierarchy note have separate value scopes.) | p2: Fair Value (Printed heading or definition supporting the source-reviewed qualifier.)",RESOLVED,A+B+ADJUDICATOR,42fd3fd5192cd82559b79a6adfdcdbf321ee96ab2925a30c3f3513e2aabdc3b6
639092b951ecdc010c25,SRC407,2,PAIR_AA344503EE21AC52762624CB,CONTEXT_CONFLICT,184,184,source_section|asset_class|strategy|currency_scale,MERGE,"source_section blanked: the only headings this document prints are the in-table groupings, which the placement rule makes asset_class/strategy and never source_section; pages 2-7 and 11 print no heading above the table at all. asset_class and strategy take the printed group name without the portfolio percentage and without '(Continued)': B's form split one class into two on the continuation pages and carried a running-header marker into the data. subject_type 'fund': the row label names a vehicle (L.P./LP/LLC/SCSp/Limited Partnership), which the label-driven rule types fund, not investment. currency_scale '$': the symbol is printed once at the head of the Cost and Fair Value columns and governs every value beneath it.",RESOLVED,A+B+ADJUDICATOR,42fd3fd5192cd82559b79a6adfdcdbf321ee96ab2925a30c3f3513e2aabdc3b6
0bd5bdc935d9d24fb151,SRC407,2,PAIR_F08E583F4D3B44AE35575F9F,CONTEXT_CONFLICT,185,185,source_section|asset_class|strategy|currency_scale,MERGE,"source_section blanked: the only headings this document prints are the in-table groupings, which the placement rule makes asset_class/strategy and never source_section; pages 2-7 and 11 print no heading above the table at all. asset_class and strategy take the printed group name without the portfolio percentage and without '(Continued)': B's form split one class into two on the continuation pages and carried a running-header marker into the data. subject_type 'fund': the row label names a vehicle (L.P./LP/LLC/SCSp/Limited Partnership), which the label-driven rule types fund, not investment. currency_scale '$': the symbol is printed once at the head of the Cost and Fair Value columns and governs every value beneath it.; Source review: p2: Fair Value (Individual holdings, aggregate rows, and the hierarchy note have separate value scopes.) | p2: Fair Value (Printed heading or definition supporting the source-reviewed qualifier.)",RESOLVED,A+B+ADJUDICATOR,42fd3fd5192cd82559b79a6adfdcdbf321ee96ab2925a30c3f3513e2aabdc3b6
a1a96577e3688adb7fa0,SRC407,2,PAIR_6F45D07E5716951A84A9A203,CONTEXT_CONFLICT,186,186,source_section|asset_class|strategy|currency_scale,MERGE,"source_section blanked: the only headings this document prints are the in-table groupings, which the placement rule makes asset_class/strategy and never source_section; pages 2-7 and 11 print no heading above the table at all. asset_class and strategy take the printed group name without the portfolio percentage and without '(Continued)': B's form split one class into two on the continuation pages and carried a running-header marker into the data. subject_type 'fund': the row label names a vehicle (L.P./LP/LLC/SCSp/Limited Partnership), which the label-driven rule types fund, not investment. currency_scale '$': the symbol is printed once at the head of the Cost and Fair Value columns and governs every value beneath it.",RESOLVED,A+B+ADJUDICATOR,42fd3fd5192cd82559b79a6adfdcdbf321ee96ab2925a30c3f3513e2aabdc3b6
dd458db1a0826438ebce,SRC407,2,PAIR_FAC3BCFBFCF306AA7E53269D,CONTEXT_CONFLICT,187,187,source_section|asset_class|strategy|currency_scale,MERGE,"source_section blanked: the only headings this document prints are the in-table groupings, which the placement rule makes asset_class/strategy and never source_section; pages 2-7 and 11 print no heading above the table at all. asset_class and strategy take the printed group name without the portfolio percentage and without '(Continued)': B's form split one class into two on the continuation pages and carried a running-header marker into the data. subject_type 'fund': the row label names a vehicle (L.P./LP/LLC/SCSp/Limited Partnership), which the label-driven rule types fund, not investment. currency_scale '$': the symbol is printed once at the head of the Cost and Fair Value columns and governs every value beneath it.; Source review: p2: Fair Value (Individual holdings, aggregate rows, and the hierarchy note have separate value scopes.) | p2: Fair Value (Printed heading or definition supporting the source-reviewed qualifier.)",RESOLVED,A+B+ADJUDICATOR,42fd3fd5192cd82559b79a6adfdcdbf321ee96ab2925a30c3f3513e2aabdc3b6
7fada20b7fc05d4443d4,SRC407,2,PAIR_FEFB937DA9A900C79B10702C,CONTEXT_CONFLICT,188,188,source_section|asset_class|strategy|currency_scale,MERGE,"source_section blanked: the only headings this document prints are the in-table groupings, which the placement rule makes asset_class/strategy and never source_section; pages 2-7 and 11 print no heading above the table at all. asset_class and strategy take the printed group name without the portfolio percentage and without '(Continued)': B's form split one class into two on the continuation pages and carried a running-header marker into the data. subject_type 'fund': the row label names a vehicle (L.P./LP/LLC/SCSp/Limited Partnership), which the label-driven rule types fund, not investment. currency_scale '$': the symbol is printed once at the head of the Cost and Fair Value columns and governs every value beneath it.",RESOLVED,A+B+ADJUDICATOR,42fd3fd5192cd82559b79a6adfdcdbf321ee96ab2925a30c3f3513e2aabdc3b6
d6c0f7fa42f82b03032b,SRC407,2,PAIR_6B69D802F6688311CE377508,CONTEXT_CONFLICT,189,189,source_section|asset_class|strategy|currency_scale,MERGE,"source_section blanked: the only headings this document prints are the in-table groupings, which the placement rule makes asset_class/strategy and never source_section; pages 2-7 and 11 print no heading above the table at all. asset_class and strategy take the printed group name without the portfolio percentage and without '(Continued)': B's form split one class into two on the continuation pages and carried a running-header marker into the data. subject_type 'fund': the row label names a vehicle (L.P./LP/LLC/SCSp/Limited Partnership), which the label-driven rule types fund, not investment. currency_scale '$': the symbol is printed once at the head of the Cost and Fair Value columns and governs every value beneath it.; Source review: p2: Fair Value (Individual holdings, aggregate rows, and the hierarchy note have separate value scopes.) | p2: Fair Value (Printed heading or definition supporting the source-reviewed qualifier.)",RESOLVED,A+B+ADJUDICATOR,42fd3fd5192cd82559b79a6adfdcdbf321ee96ab2925a30c3f3513e2aabdc3b6
c872fa8e3703881751ab,SRC407,2,PAIR_453CFF39BF18424819F8C3EE,CONTEXT_CONFLICT,190,190,source_section|asset_class|strategy|currency_scale,MERGE,"source_section blanked: the only headings this document prints are the in-table groupings, which the placement rule makes asset_class/strategy and never source_section; pages 2-7 and 11 print no heading above the table at all. asset_class and strategy take the printed group name without the portfolio percentage and without '(Continued)': B's form split one class into two on the continuation pages and carried a running-header marker into the data. subject_type 'fund': the row label names a vehicle (L.P./LP/LLC/SCSp/Limited Partnership), which the label-driven rule types fund, not investment. currency_scale '$': the symbol is printed once at the head of the Cost and Fair Value columns and governs every value beneath it.",RESOLVED,A+B+ADJUDICATOR,42fd3fd5192cd82559b79a6adfdcdbf321ee96ab2925a30c3f3513e2aabdc3b6
aacafeaa1c29562c6e4b,SRC407,2,PAIR_E1F565AB73524A19516289D2,CONTEXT_CONFLICT,191,191,source_section|asset_class|strategy|currency_scale,MERGE,"source_section blanked: the only headings this document prints are the in-table groupings, which the placement rule makes asset_class/strategy and never source_section; pages 2-7 and 11 print no heading above the table at all. asset_class and strategy take the printed group name without the portfolio percentage and without '(Continued)': B's form split one class into two on the continuation pages and carried a running-header marker into the data. subject_type 'fund': the row label names a vehicle (L.P./LP/LLC/SCSp/Limited Partnership), which the label-driven rule types fund, not investment. currency_scale '$': the symbol is printed once at the head of the Cost and Fair Value columns and governs every value beneath it.; Source review: p2: Fair Value (Individual holdings, aggregate rows, and the hierarchy note have separate value scopes.) | p2: Fair Value (Printed heading or definition supporting the source-reviewed qualifier.)",RESOLVED,A+B+ADJUDICATOR,42fd3fd5192cd82559b79a6adfdcdbf321ee96ab2925a30c3f3513e2aabdc3b6
5e08f40b3bf5f0471ccf,SRC407,2,PAIR_CF41D132C9440B61CE6516E9,CONTEXT_CONFLICT,192,192,source_section|asset_class|strategy|currency_scale,MERGE,"source_section blanked: the only headings this document prints are the in-table groupings, which the placement rule makes asset_class/strategy and never source_section; pages 2-7 and 11 print no heading above the table at all. asset_class and strategy take the printed group name without the portfolio percentage and without '(Continued)': B's form split one class into two on the continuation pages and carried a running-header marker into the data. subject_type 'fund': the row label names a vehicle (L.P./LP/LLC/SCSp/Limited Partnership), which the label-driven rule types fund, not investment. currency_scale '$': the symbol is printed once at the head of the Cost and Fair Value columns and governs every value beneath it.",RESOLVED,A+B+ADJUDICATOR,42fd3fd5192cd82559b79a6adfdcdbf321ee96ab2925a30c3f3513e2aabdc3b6
0e9f8af4da52cb782987,SRC407,2,PAIR_511F25AA2E66458AF82E20EE,CONTEXT_CONFLICT,193,193,source_section|asset_class|strategy|currency_scale,MERGE,"source_section blanked: the only headings this document prints are the in-table groupings, which the placement rule makes asset_class/strategy and never source_section; pages 2-7 and 11 print no heading above the table at all. asset_class and strategy take the printed group name without the portfolio percentage and without '(Continued)': B's form split one class into two on the continuation pages and carried a running-header marker into the data. subject_type 'fund': the row label names a vehicle (L.P./LP/LLC/SCSp/Limited Partnership), which the label-driven rule types fund, not investment. currency_scale '$': the symbol is printed once at the head of the Cost and Fair Value columns and governs every value beneath it.; Source review: p2: Fair Value (Individual holdings, aggregate rows, and the hierarchy note have separate value scopes.) | p2: Fair Value (Printed heading or definition supporting the source-reviewed qualifier.)",RESOLVED,A+B+ADJUDICATOR,42fd3fd5192cd82559b79a6adfdcdbf321ee96ab2925a30c3f3513e2aabdc3b6
cabd7bc78d7f35fa1490,SRC407,2,PAIR_AB1FFBC1793168F57D7DF3BE,CONTEXT_CONFLICT,194,194,source_section|asset_class|strategy|currency_scale,MERGE,"source_section blanked: the only headings this document prints are the in-table groupings, which the placement rule makes asset_class/strategy and never source_section; pages 2-7 and 11 print no heading above the table at all. asset_class and strategy take the printed group name without the portfolio percentage and without '(Continued)': B's form split one class into two on the continuation pages and carried a running-header marker into the data. subject_type 'fund': the row label names a vehicle (L.P./LP/LLC/SCSp/Limited Partnership), which the label-driven rule types fund, not investment. currency_scale '$': the symbol is printed once at the head of the Cost and Fair Value columns and governs every value beneath it.; Source review: p2: Fair Value (Individual holdings, aggregate rows, and the hierarchy note have separate value scopes.) | p2: Fair Value (Printed heading or definition supporting the source-reviewed qualifier.)",RESOLVED,A+B+ADJUDICATOR,42fd3fd5192cd82559b79a6adfdcdbf321ee96ab2925a30c3f3513e2aabdc3b6
d937c3f214ea8952be6a,SRC407,2,PAIR_07970A31DC052CAB50E7328B,CONTEXT_CONFLICT,195,195,source_section|asset_class|strategy|currency_scale,MERGE,"source_section blanked: the only headings this document prints are the in-table groupings, which the placement rule makes asset_class/strategy and never source_section; pages 2-7 and 11 print no heading above the table at all. asset_class and strategy take the printed group name without the portfolio percentage and without '(Continued)': B's form split one class into two on the continuation pages and carried a running-header marker into the data. subject_type 'fund': the row label names a vehicle (L.P./LP/LLC/SCSp/Limited Partnership), which the label-driven rule types fund, not investment. currency_scale '$': the symbol is printed once at the head of the Cost and Fair Value columns and governs every value beneath it.",RESOLVED,A+B+ADJUDICATOR,42fd3fd5192cd82559b79a6adfdcdbf321ee96ab2925a30c3f3513e2aabdc3b6
919362f9da504383a9ca,SRC407,2,PAIR_8B9E7D2B78B9559216CCC021,CONTEXT_CONFLICT,196,196,source_section|asset_class|strategy|currency_scale,MERGE,"source_section blanked: the only headings this document prints are the in-table groupings, which the placement rule makes asset_class/strategy and never source_section; pages 2-7 and 11 print no heading above the table at all. asset_class and strategy take the printed group name without the portfolio percentage and without '(Continued)': B's form split one class into two on the continuation pages and carried a running-header marker into the data. subject_type 'fund': the row label names a vehicle (L.P./LP/LLC/SCSp/Limited Partnership), which the label-driven rule types fund, not investment. currency_scale '$': the symbol is printed once at the head of the Cost and Fair Value columns and governs every value beneath it.; Source review: p2: Fair Value (Individual holdings, aggregate rows, and the hierarchy note have separate value scopes.) | p2: Fair Value (Printed heading or definition supporting the source-reviewed qualifier.)",RESOLVED,A+B+ADJUDICATOR,42fd3fd5192cd82559b79a6adfdcdbf321ee96ab2925a30c3f3513e2aabdc3b6
33885927fcae35132a1c,SRC407,2,PAIR_E6AE25C9F643AF6B819ED4A9,CONTEXT_CONFLICT,197,197,source_section|asset_class|strategy|currency_scale,MERGE,"source_section blanked: the only headings this document prints are the in-table groupings, which the placement rule makes asset_class/strategy and never source_section; pages 2-7 and 11 print no heading above the table at all. asset_class and strategy take the printed group name without the portfolio percentage and without '(Continued)': B's form split one class into two on the continuation pages and carried a running-header marker into the data. subject_type 'fund': the row label names a vehicle (L.P./LP/LLC/SCSp/Limited Partnership), which the label-driven rule types fund, not investment. currency_scale '$': the symbol is printed once at the head of the Cost and Fair Value columns and governs every value beneath it.",RESOLVED,A+B+ADJUDICATOR,42fd3fd5192cd82559b79a6adfdcdbf321ee96ab2925a30c3f3513e2aabdc3b6
4590577bd51d6d15ef72,SRC407,2,PAIR_9D68C89C7E52A64039C24EB5,CONTEXT_CONFLICT,198,198,source_section|asset_class|strategy|currency_scale,MERGE,"source_section blanked: the only headings this document prints are the in-table groupings, which the placement rule makes asset_class/strategy and never source_section; pages 2-7 and 11 print no heading above the table at all. asset_class and strategy take the printed group name without the portfolio percentage and without '(Continued)': B's form split one class into two on the continuation pages and carried a running-header marker into the data. subject_type 'fund': the row label names a vehicle (L.P./LP/LLC/SCSp/Limited Partnership), which the label-driven rule types fund, not investment. currency_scale '$': the symbol is printed once at the head of the Cost and Fair Value columns and governs every value beneath it.; Source review: p2: Fair Value (Individual holdings, aggregate rows, and the hierarchy note have separate value scopes.) | p2: Fair Value (Printed heading or definition supporting the source-reviewed qualifier.)",RESOLVED,A+B+ADJUDICATOR,42fd3fd5192cd82559b79a6adfdcdbf321ee96ab2925a30c3f3513e2aabdc3b6
5c7b89a7538647fcceef,SRC407,2,PAIR_19A6CC4737D93C1A8D15262D,CONTEXT_CONFLICT,199,199,source_section|asset_class|strategy|currency_scale,MERGE,"source_section blanked: the only headings this document prints are the in-table groupings, which the placement rule makes asset_class/strategy and never source_section; pages 2-7 and 11 print no heading above the table at all. asset_class and strategy take the printed group name without the portfolio percentage and without '(Continued)': B's form split one class into two on the continuation pages and carried a running-header marker into the data. subject_type 'fund': the row label names a vehicle (L.P./LP/LLC/SCSp/Limited Partnership), which the label-driven rule types fund, not investment. currency_scale '$': the symbol is printed once at the head of the Cost and Fair Value columns and governs every value beneath it.",RESOLVED,A+B+ADJUDICATOR,42fd3fd5192cd82559b79a6adfdcdbf321ee96ab2925a30c3f3513e2aabdc3b6
c53d09a150f6f01ce366,SRC407,2,PAIR_3E72CD44A2BFAD4A2E2562C0,CONTEXT_CONFLICT,200,200,source_section|asset_class|strategy|currency_scale,MERGE,"source_section blanked: the only headings this document prints are the in-table groupings, which the placement rule makes asset_class/strategy and never source_section; pages 2-7 and 11 print no heading above the table at all. asset_class and strategy take the printed group name without the portfolio percentage and without '(Continued)': B's form split one class into two on the continuation pages and carried a running-header marker into the data. subject_type 'fund': the row label names a vehicle (L.P./LP/LLC/SCSp/Limited Partnership), which the label-driven rule types fund, not investment. currency_scale '$': the symbol is printed once at the head of the Cost and Fair Value columns and governs every value beneath it.; Source review: p2: Fair Value (Individual holdings, aggregate rows, and the hierarchy note have separate value scopes.) | p2: Fair Value (Printed heading or definition supporting the source-reviewed qualifier.)",RESOLVED,A+B+ADJUDICATOR,42fd3fd5192cd82559b79a6adfdcdbf321ee96ab2925a30c3f3513e2aabdc3b6
5e620765b184460d2b9a,SRC407,2,PAIR_333173F75096A39C355BC0F7,CONTEXT_CONFLICT,201,201,source_section|asset_class|strategy|currency_scale,MERGE,"source_section blanked: the only headings this document prints are the in-table groupings, which the placement rule makes asset_class/strategy and never source_section; pages 2-7 and 11 print no heading above the table at all. asset_class and strategy take the printed group name without the portfolio percentage and without '(Continued)': B's form split one class into two on the continuation pages and carried a running-header marker into the data. subject_type 'fund': the row label names a vehicle (L.P./LP/LLC/SCSp/Limited Partnership), which the label-driven rule types fund, not investment. currency_scale '$': the symbol is printed once at the head of the Cost and Fair Value columns and governs every value beneath it.",RESOLVED,A+B+ADJUDICATOR,42fd3fd5192cd82559b79a6adfdcdbf321ee96ab2925a30c3f3513e2aabdc3b6
0de9fa86d385b38fa3d9,SRC407,2,PAIR_B0FE5E3FF157E0F839A701D6,CONTEXT_CONFLICT,202,202,source_section|asset_class|strategy|currency_scale,MERGE,"source_section blanked: the only headings this document prints are the in-table groupings, which the placement rule makes asset_class/strategy and never source_section; pages 2-7 and 11 print no heading above the table at all. asset_class and strategy take the printed group name without the portfolio percentage and without '(Continued)': B's form split one class into two on the continuation pages and carried a running-header marker into the data. subject_type 'fund': the row label names a vehicle (L.P./LP/LLC/SCSp/Limited Partnership), which the label-driven rule types fund, not investment. currency_scale '$': the symbol is printed once at the head of the Cost and Fair Value columns and governs every value beneath it.; Source review: p2: Fair Value (Individual holdings, aggregate rows, and the hierarchy note have separate value scopes.) | p2: Fair Value (Printed heading or definition supporting the source-reviewed qualifier.)",RESOLVED,A+B+ADJUDICATOR,42fd3fd5192cd82559b79a6adfdcdbf321ee96ab2925a30c3f3513e2aabdc3b6
2b53751937690dc76e7b,SRC407,2,PAIR_0395942869BA81FD9C5C2EF9,CONTEXT_CONFLICT,203,203,source_section|asset_class|strategy|currency_scale,MERGE,"source_section blanked: the only headings this document prints are the in-table groupings, which the placement rule makes asset_class/strategy and never source_section; pages 2-7 and 11 print no heading above the table at all. asset_class and strategy take the printed group name without the portfolio percentage and without '(Continued)': B's form split one class into two on the continuation pages and carried a running-header marker into the data. subject_type 'fund': the row label names a vehicle (L.P./LP/LLC/SCSp/Limited Partnership), which the label-driven rule types fund, not investment. currency_scale '$': the symbol is printed once at the head of the Cost and Fair Value columns and governs every value beneath it.",RESOLVED,A+B+ADJUDICATOR,42fd3fd5192cd82559b79a6adfdcdbf321ee96ab2925a30c3f3513e2aabdc3b6
20c27b24f607cd450083,SRC407,2,PAIR_95A5CF93C0514186B87127A5,CONTEXT_CONFLICT,204,204,source_section|asset_class|strategy|currency_scale,MERGE,"source_section blanked: the only headings this document prints are the in-table groupings, which the placement rule makes asset_class/strategy and never source_section; pages 2-7 and 11 print no heading above the table at all. asset_class and strategy take the printed group name without the portfolio percentage and without '(Continued)': B's form split one class into two on the continuation pages and carried a running-header marker into the data. subject_type 'fund': the row label names a vehicle (L.P./LP/LLC/SCSp/Limited Partnership), which the label-driven rule types fund, not investment. currency_scale '$': the symbol is printed once at the head of the Cost and Fair Value columns and governs every value beneath it.; Source review: p2: Fair Value (Individual holdings, aggregate rows, and the hierarchy note have separate value scopes.) | p2: Fair Value (Printed heading or definition supporting the source-reviewed qualifier.)",RESOLVED,A+B+ADJUDICATOR,42fd3fd5192cd82559b79a6adfdcdbf321ee96ab2925a30c3f3513e2aabdc3b6
7f7adda8f6c2e0de166d,SRC407,2,PAIR_A7D752E2846DBBC9C60A9659,CONTEXT_CONFLICT,205,205,source_section|asset_class|strategy|currency_scale,MERGE,"source_section blanked: the only headings this document prints are the in-table groupings, which the placement rule makes asset_class/strategy and never source_section; pages 2-7 and 11 print no heading above the table at all. asset_class and strategy take the printed group name without the portfolio percentage and without '(Continued)': B's form split one class into two on the continuation pages and carried a running-header marker into the data. subject_type 'fund': the row label names a vehicle (L.P./LP/LLC/SCSp/Limited Partnership), which the label-driven rule types fund, not investment. currency_scale '$': the symbol is printed once at the head of the Cost and Fair Value columns and governs every value beneath it.",RESOLVED,A+B+ADJUDICATOR,42fd3fd5192cd82559b79a6adfdcdbf321ee96ab2925a30c3f3513e2aabdc3b6
56b7ea4b1309e2b8c69c,SRC407,2,PAIR_3627543A6AD6AE9CAD6EB79A,CONTEXT_CONFLICT,206,206,source_section|asset_class|strategy|currency_scale,MERGE,"source_section blanked: the only headings this document prints are the in-table groupings, which the placement rule makes asset_class/strategy and never source_section; pages 2-7 and 11 print no heading above the table at all. asset_class and strategy take the printed group name without the portfolio percentage and without '(Continued)': B's form split one class into two on the continuation pages and carried a running-header marker into the data. subject_type 'fund': the row label names a vehicle (L.P./LP/LLC/SCSp/Limited Partnership), which the label-driven rule types fund, not investment. currency_scale '$': the symbol is printed once at the head of the Cost and Fair Value columns and governs every value beneath it.; Source review: p2: Fair Value (Individual holdings, aggregate rows, and the hierarchy note have separate value scopes.) | p2: Fair Value (Printed heading or definition supporting the source-reviewed qualifier.)",RESOLVED,A+B+ADJUDICATOR,42fd3fd5192cd82559b79a6adfdcdbf321ee96ab2925a30c3f3513e2aabdc3b6
9b470147e77b08c1ff07,SRC407,2,PAIR_EB6D035A3B5584D31DEBD32B,CONTEXT_CONFLICT,207,207,source_section|asset_class|strategy|currency_scale,MERGE,"source_section blanked: the only headings this document prints are the in-table groupings, which the placement rule makes asset_class/strategy and never source_section; pages 2-7 and 11 print no heading above the table at all. asset_class and strategy take the printed group name without the portfolio percentage and without '(Continued)': B's form split one class into two on the continuation pages and carried a running-header marker into the data. subject_type 'fund': the row label names a vehicle (L.P./LP/LLC/SCSp/Limited Partnership), which the label-driven rule types fund, not investment. currency_scale '$': the symbol is printed once at the head of the Cost and Fair Value columns and governs every value beneath it.",RESOLVED,A+B+ADJUDICATOR,42fd3fd5192cd82559b79a6adfdcdbf321ee96ab2925a30c3f3513e2aabdc3b6
599036b2130fc6b5473b,SRC407,2,PAIR_8A432484D1D64A0EFF9E4DCB,CONTEXT_CONFLICT,208,208,source_section|asset_class|strategy|currency_scale,MERGE,"source_section blanked: the only headings this document prints are the in-table groupings, which the placement rule makes asset_class/strategy and never source_section; pages 2-7 and 11 print no heading above the table at all. asset_class and strategy take the printed group name without the portfolio percentage and without '(Continued)': B's form split one class into two on the continuation pages and carried a running-header marker into the data. subject_type 'fund': the row label names a vehicle (L.P./LP/LLC/SCSp/Limited Partnership), which the label-driven rule types fund, not investment. currency_scale '$': the symbol is printed once at the head of the Cost and Fair Value columns and governs every value beneath it.; Source review: p2: Fair Value (Individual holdings, aggregate rows, and the hierarchy note have separate value scopes.) | p2: Fair Value (Printed heading or definition supporting the source-reviewed qualifier.)",RESOLVED,A+B+ADJUDICATOR,42fd3fd5192cd82559b79a6adfdcdbf321ee96ab2925a30c3f3513e2aabdc3b6
2d7e1d8a422a07e3250f,SRC407,2,PAIR_49E001BEBB94688E8B95F414,CONTEXT_CONFLICT,209,209,source_section|asset_class|strategy|currency_scale,MERGE,"source_section blanked: the only headings this document prints are the in-table groupings, which the placement rule makes asset_class/strategy and never source_section; pages 2-7 and 11 print no heading above the table at all. asset_class and strategy take the printed group name without the portfolio percentage and without '(Continued)': B's form split one class into two on the continuation pages and carried a running-header marker into the data. subject_type 'fund': the row label names a vehicle (L.P./LP/LLC/SCSp/Limited Partnership), which the label-driven rule types fund, not investment. currency_scale '$': the symbol is printed once at the head of the Cost and Fair Value columns and governs every value beneath it.",RESOLVED,A+B+ADJUDICATOR,42fd3fd5192cd82559b79a6adfdcdbf321ee96ab2925a30c3f3513e2aabdc3b6
b5108bb5bd8647473059,SRC407,2,PAIR_929137444A231DF920A63256,CONTEXT_CONFLICT,210,210,source_section|asset_class|strategy|currency_scale,MERGE,"source_section blanked: the only headings this document prints are the in-table groupings, which the placement rule makes asset_class/strategy and never source_section; pages 2-7 and 11 print no heading above the table at all. asset_class and strategy take the printed group name without the portfolio percentage and without '(Continued)': B's form split one class into two on the continuation pages and carried a running-header marker into the data. subject_type 'fund': the row label names a vehicle (L.P./LP/LLC/SCSp/Limited Partnership), which the label-driven rule types fund, not investment. currency_scale '$': the symbol is printed once at the head of the Cost and Fair Value columns and governs every value beneath it.; Source review: p2: Fair Value (Individual holdings, aggregate rows, and the hierarchy note have separate value scopes.) | p2: Fair Value (Printed heading or definition supporting the source-reviewed qualifier.)",RESOLVED,A+B+ADJUDICATOR,42fd3fd5192cd82559b79a6adfdcdbf321ee96ab2925a30c3f3513e2aabdc3b6
a9738c9826c4a7555358,SRC407,2,PAIR_82A0ACF8C7263354AC7DBA0B,CONTEXT_CONFLICT,211,211,source_section|asset_class|strategy|currency_scale,MERGE,"source_section blanked: the only headings this document prints are the in-table groupings, which the placement rule makes asset_class/strategy and never source_section; pages 2-7 and 11 print no heading above the table at all. asset_class and strategy take the printed group name without the portfolio percentage and without '(Continued)': B's form split one class into two on the continuation pages and carried a running-header marker into the data. subject_type 'fund': the row label names a vehicle (L.P./LP/LLC/SCSp/Limited Partnership), which the label-driven rule types fund, not investment. currency_scale '$': the symbol is printed once at the head of the Cost and Fair Value columns and governs every value beneath it.",RESOLVED,A+B+ADJUDICATOR,42fd3fd5192cd82559b79a6adfdcdbf321ee96ab2925a30c3f3513e2aabdc3b6
bbf13997dbef1d4bc9c6,SRC407,2,PAIR_425E011CF3CD2B313ABCC518,CONTEXT_CONFLICT,212,212,source_section|asset_class|strategy|currency_scale,MERGE,"source_section blanked: the only headings this document prints are the in-table groupings, which the placement rule makes asset_class/strategy and never source_section; pages 2-7 and 11 print no heading above the table at all. asset_class and strategy take the printed group name without the portfolio percentage and without '(Continued)': B's form split one class into two on the continuation pages and carried a running-header marker into the data. subject_type 'fund': the row label names a vehicle (L.P./LP/LLC/SCSp/Limited Partnership), which the label-driven rule types fund, not investment. currency_scale '$': the symbol is printed once at the head of the Cost and Fair Value columns and governs every value beneath it.; Source review: p2: Fair Value (Individual holdings, aggregate rows, and the hierarchy note have separate value scopes.) | p2: Fair Value (Printed heading or definition supporting the source-reviewed qualifier.)",RESOLVED,A+B+ADJUDICATOR,42fd3fd5192cd82559b79a6adfdcdbf321ee96ab2925a30c3f3513e2aabdc3b6
8f383b46d20bc09ea3ff,SRC407,2,PAIR_2B3067CCBC14B440F5C68590,CONTEXT_CONFLICT,213,213,source_section|asset_class|strategy|currency_scale,MERGE,"source_section blanked: the only headings this document prints are the in-table groupings, which the placement rule makes asset_class/strategy and never source_section; pages 2-7 and 11 print no heading above the table at all. asset_class and strategy take the printed group name without the portfolio percentage and without '(Continued)': B's form split one class into two on the continuation pages and carried a running-header marker into the data. subject_type 'fund': the row label names a vehicle (L.P./LP/LLC/SCSp/Limited Partnership), which the label-driven rule types fund, not investment. currency_scale '$': the symbol is printed once at the head of the Cost and Fair Value columns and governs every value beneath it.",RESOLVED,A+B+ADJUDICATOR,42fd3fd5192cd82559b79a6adfdcdbf321ee96ab2925a30c3f3513e2aabdc3b6
ea3f47b5002fbb1fc135,SRC407,2,PAIR_6238E3B19CC88430458C9C51,CONTEXT_CONFLICT,214,214,source_section|asset_class|strategy|currency_scale,MERGE,"source_section blanked: the only headings this document prints are the in-table groupings, which the placement rule makes asset_class/strategy and never source_section; pages 2-7 and 11 print no heading above the table at all. asset_class and strategy take the printed group name without the portfolio percentage and without '(Continued)': B's form split one class into two on the continuation pages and carried a running-header marker into the data. subject_type 'fund': the row label names a vehicle (L.P./LP/LLC/SCSp/Limited Partnership), which the label-driven rule types fund, not investment. currency_scale '$': the symbol is printed once at the head of the Cost and Fair Value columns and governs every value beneath it.",RESOLVED,A+B+ADJUDICATOR,42fd3fd5192cd82559b79a6adfdcdbf321ee96ab2925a30c3f3513e2aabdc3b6
b484f7f695b44eff924e,SRC407,2,PAIR_4711F933EFC05A34A8EF3092,CONTEXT_CONFLICT,215,215,source_section|asset_class|strategy|currency_scale,MERGE,"source_section blanked: the only headings this document prints are the in-table groupings, which the placement rule makes asset_class/strategy and never source_section; pages 2-7 and 11 print no heading above the table at all. asset_class and strategy take the printed group name without the portfolio percentage and without '(Continued)': B's form split one class into two on the continuation pages and carried a running-header marker into the data. subject_type 'fund': the row label names a vehicle (L.P./LP/LLC/SCSp/Limited Partnership), which the label-driven rule types fund, not investment. currency_scale '$': the symbol is printed once at the head of the Cost and Fair Value columns and governs every value beneath it.; Source review: p2: Fair Value (Individual holdings, aggregate rows, and the hierarchy note have separate value scopes.) | p2: Fair Value (Printed heading or definition supporting the source-reviewed qualifier.)",RESOLVED,A+B+ADJUDICATOR,42fd3fd5192cd82559b79a6adfdcdbf321ee96ab2925a30c3f3513e2aabdc3b6
1f4660a228feb8226b0e,SRC407,2,PAIR_17E158B4A6009D87A83DF5BB,CONTEXT_CONFLICT,216,216,source_section|asset_class|strategy|currency_scale,MERGE,"source_section blanked: the only headings this document prints are the in-table groupings, which the placement rule makes asset_class/strategy and never source_section; pages 2-7 and 11 print no heading above the table at all. asset_class and strategy take the printed group name without the portfolio percentage and without '(Continued)': B's form split one class into two on the continuation pages and carried a running-header marker into the data. subject_type 'fund': the row label names a vehicle (L.P./LP/LLC/SCSp/Limited Partnership), which the label-driven rule types fund, not investment. currency_scale '$': the symbol is printed once at the head of the Cost and Fair Value columns and governs every value beneath it.",RESOLVED,A+B+ADJUDICATOR,42fd3fd5192cd82559b79a6adfdcdbf321ee96ab2925a30c3f3513e2aabdc3b6
d43c4482d3c0a974d155,SRC407,2,PAIR_53F30B9D75D8E4D3505631F2,CONTEXT_CONFLICT,217,217,source_section|asset_class|strategy|currency_scale,MERGE,"source_section blanked: the only headings this document prints are the in-table groupings, which the placement rule makes asset_class/strategy and never source_section; pages 2-7 and 11 print no heading above the table at all. asset_class and strategy take the printed group name without the portfolio percentage and without '(Continued)': B's form split one class into two on the continuation pages and carried a running-header marker into the data. subject_type 'fund': the row label names a vehicle (L.P./LP/LLC/SCSp/Limited Partnership), which the label-driven rule types fund, not investment. currency_scale '$': the symbol is printed once at the head of the Cost and Fair Value columns and governs every value beneath it.; Source review: p2: Fair Value (Individual holdings, aggregate rows, and the hierarchy note have separate value scopes.) | p2: Fair Value (Printed heading or definition supporting the source-reviewed qualifier.)",RESOLVED,A+B+ADJUDICATOR,42fd3fd5192cd82559b79a6adfdcdbf321ee96ab2925a30c3f3513e2aabdc3b6
9dbaec26667d6fc262d5,SRC407,2,PAIR_A972C76BA834FA8E33106538,CONTEXT_CONFLICT,218,218,source_section|asset_class|strategy|currency_scale,MERGE,"source_section blanked: the only headings this document prints are the in-table groupings, which the placement rule makes asset_class/strategy and never source_section; pages 2-7 and 11 print no heading above the table at all. asset_class and strategy take the printed group name without the portfolio percentage and without '(Continued)': B's form split one class into two on the continuation pages and carried a running-header marker into the data. subject_type 'fund': the row label names a vehicle (L.P./LP/LLC/SCSp/Limited Partnership), which the label-driven rule types fund, not investment. currency_scale '$': the symbol is printed once at the head of the Cost and Fair Value columns and governs every value beneath it.",RESOLVED,A+B+ADJUDICATOR,42fd3fd5192cd82559b79a6adfdcdbf321ee96ab2925a30c3f3513e2aabdc3b6
b509b9f85edfa86e0684,SRC407,2,PAIR_729F30198BB6C6FC3F9FD8D1,CONTEXT_CONFLICT,219,219,source_section|asset_class|strategy|currency_scale,MERGE,"source_section blanked: the only headings this document prints are the in-table groupings, which the placement rule makes asset_class/strategy and never source_section; pages 2-7 and 11 print no heading above the table at all. asset_class and strategy take the printed group name without the portfolio percentage and without '(Continued)': B's form split one class into two on the continuation pages and carried a running-header marker into the data. subject_type 'fund': the row label names a vehicle (L.P./LP/LLC/SCSp/Limited Partnership), which the label-driven rule types fund, not investment. currency_scale '$': the symbol is printed once at the head of the Cost and Fair Value columns and governs every value beneath it.; Source review: p2: Fair Value (Individual holdings, aggregate rows, and the hierarchy note have separate value scopes.) | p2: Fair Value (Printed heading or definition supporting the source-reviewed qualifier.)",RESOLVED,A+B+ADJUDICATOR,42fd3fd5192cd82559b79a6adfdcdbf321ee96ab2925a30c3f3513e2aabdc3b6
5e9ac12cecc1b929957d,SRC407,2,PAIR_4DB7C813DBC10F0A879CED89,CONTEXT_CONFLICT,220,220,source_section|asset_class|strategy|currency_scale,MERGE,"source_section blanked: the only headings this document prints are the in-table groupings, which the placement rule makes asset_class/strategy and never source_section; pages 2-7 and 11 print no heading above the table at all. asset_class and strategy take the printed group name without the portfolio percentage and without '(Continued)': B's form split one class into two on the continuation pages and carried a running-header marker into the data. subject_type 'fund': the row label names a vehicle (L.P./LP/LLC/SCSp/Limited Partnership), which the label-driven rule types fund, not investment. currency_scale '$': the symbol is printed once at the head of the Cost and Fair Value columns and governs every value beneath it.",RESOLVED,A+B+ADJUDICATOR,42fd3fd5192cd82559b79a6adfdcdbf321ee96ab2925a30c3f3513e2aabdc3b6
cd27432eeeeeecc98670,SRC407,2,PAIR_805F4693A76261028E60A4EC,CONTEXT_CONFLICT,221,221,source_section|asset_class|strategy|currency_scale,MERGE,"source_section blanked: the only headings this document prints are the in-table groupings, which the placement rule makes asset_class/strategy and never source_section; pages 2-7 and 11 print no heading above the table at all. asset_class and strategy take the printed group name without the portfolio percentage and without '(Continued)': B's form split one class into two on the continuation pages and carried a running-header marker into the data. subject_type 'fund': the row label names a vehicle (L.P./LP/LLC/SCSp/Limited Partnership), which the label-driven rule types fund, not investment. currency_scale '$': the symbol is printed once at the head of the Cost and Fair Value columns and governs every value beneath it.; Source review: p2: Fair Value (Individual holdings, aggregate rows, and the hierarchy note have separate value scopes.) | p2: Fair Value (Printed heading or definition supporting the source-reviewed qualifier.)",RESOLVED,A+B+ADJUDICATOR,42fd3fd5192cd82559b79a6adfdcdbf321ee96ab2925a30c3f3513e2aabdc3b6
84e6287bd75304bf5ff1,SRC407,2,PAIR_D364F8A8BC1ABCD1CBB57E8B,CONTEXT_CONFLICT,222,222,source_section|asset_class|strategy|currency_scale,MERGE,"source_section blanked: the only headings this document prints are the in-table groupings, which the placement rule makes asset_class/strategy and never source_section; pages 2-7 and 11 print no heading above the table at all. asset_class and strategy take the printed group name without the portfolio percentage and without '(Continued)': B's form split one class into two on the continuation pages and carried a running-header marker into the data. subject_type 'fund': the row label names a vehicle (L.P./LP/LLC/SCSp/Limited Partnership), which the label-driven rule types fund, not investment. currency_scale '$': the symbol is printed once at the head of the Cost and Fair Value columns and governs every value beneath it.",RESOLVED,A+B+ADJUDICATOR,42fd3fd5192cd82559b79a6adfdcdbf321ee96ab2925a30c3f3513e2aabdc3b6
8860e35761d5259bd14c,SRC407,2,PAIR_97CBA99246FF146F1CB88661,CONTEXT_CONFLICT,223,223,source_section|asset_class|strategy|currency_scale,MERGE,"source_section blanked: the only headings this document prints are the in-table groupings, which the placement rule makes asset_class/strategy and never source_section; pages 2-7 and 11 print no heading above the table at all. asset_class and strategy take the printed group name without the portfolio percentage and without '(Continued)': B's form split one class into two on the continuation pages and carried a running-header marker into the data. subject_type 'fund': the row label names a vehicle (L.P./LP/LLC/SCSp/Limited Partnership), which the label-driven rule types fund, not investment. currency_scale '$': the symbol is printed once at the head of the Cost and Fair Value columns and governs every value beneath it.; Source review: p2: Fair Value (Individual holdings, aggregate rows, and the hierarchy note have separate value scopes.) | p2: Fair Value (Printed heading or definition supporting the source-reviewed qualifier.)",RESOLVED,A+B+ADJUDICATOR,42fd3fd5192cd82559b79a6adfdcdbf321ee96ab2925a30c3f3513e2aabdc3b6
f47d148264ce771f0dfa,SRC407,2,PAIR_FAF839DF97106FD9187A4492,CONTEXT_CONFLICT,224,224,source_section|asset_class|strategy|currency_scale,MERGE,"source_section blanked: the only headings this document prints are the in-table groupings, which the placement rule makes asset_class/strategy and never source_section; pages 2-7 and 11 print no heading above the table at all. asset_class and strategy take the printed group name without the portfolio percentage and without '(Continued)': B's form split one class into two on the continuation pages and carried a running-header marker into the data. subject_type 'fund': the row label names a vehicle (L.P./LP/LLC/SCSp/Limited Partnership), which the label-driven rule types fund, not investment. currency_scale '$': the symbol is printed once at the head of the Cost and Fair Value columns and governs every value beneath it.",RESOLVED,A+B+ADJUDICATOR,42fd3fd5192cd82559b79a6adfdcdbf321ee96ab2925a30c3f3513e2aabdc3b6
6624096f6a8abb608839,SRC407,2,PAIR_74C7B9883628768AD70AD105,CONTEXT_CONFLICT,225,225,source_section|asset_class|strategy|currency_scale,MERGE,"source_section blanked: the only headings this document prints are the in-table groupings, which the placement rule makes asset_class/strategy and never source_section; pages 2-7 and 11 print no heading above the table at all. asset_class and strategy take the printed group name without the portfolio percentage and without '(Continued)': B's form split one class into two on the continuation pages and carried a running-header marker into the data. subject_type 'fund': the row label names a vehicle (L.P./LP/LLC/SCSp/Limited Partnership), which the label-driven rule types fund, not investment. currency_scale '$': the symbol is printed once at the head of the Cost and Fair Value columns and governs every value beneath it.; Source review: p2: Fair Value (Individual holdings, aggregate rows, and the hierarchy note have separate value scopes.) | p2: Fair Value (Printed heading or definition supporting the source-reviewed qualifier.)",RESOLVED,A+B+ADJUDICATOR,42fd3fd5192cd82559b79a6adfdcdbf321ee96ab2925a30c3f3513e2aabdc3b6
6293631896eb20963c18,SRC407,2,PAIR_032A365FA6798905791E67B3,CONTEXT_CONFLICT,226,226,source_section|asset_class|strategy|currency_scale,MERGE,"source_section blanked: the only headings this document prints are the in-table groupings, which the placement rule makes asset_class/strategy and never source_section; pages 2-7 and 11 print no heading above the table at all. asset_class and strategy take the printed group name without the portfolio percentage and without '(Continued)': B's form split one class into two on the continuation pages and carried a running-header marker into the data. subject_type 'fund': the row label names a vehicle (L.P./LP/LLC/SCSp/Limited Partnership), which the label-driven rule types fund, not investment. currency_scale '$': the symbol is printed once at the head of the Cost and Fair Value columns and governs every value beneath it.",RESOLVED,A+B+ADJUDICATOR,42fd3fd5192cd82559b79a6adfdcdbf321ee96ab2925a30c3f3513e2aabdc3b6
4c19ce57d8484649647e,SRC407,2,PAIR_C6B257E72DC9E9DFC4F95C7A,CONTEXT_CONFLICT,227,227,source_section|asset_class|strategy|currency_scale,MERGE,"source_section blanked: the only headings this document prints are the in-table groupings, which the placement rule makes asset_class/strategy and never source_section; pages 2-7 and 11 print no heading above the table at all. asset_class and strategy take the printed group name without the portfolio percentage and without '(Continued)': B's form split one class into two on the continuation pages and carried a running-header marker into the data. subject_type 'fund': the row label names a vehicle (L.P./LP/LLC/SCSp/Limited Partnership), which the label-driven rule types fund, not investment. currency_scale '$': the symbol is printed once at the head of the Cost and Fair Value columns and governs every value beneath it.; Source review: p2: Fair Value (Individual holdings, aggregate rows, and the hierarchy note have separate value scopes.) | p2: Fair Value (Printed heading or definition supporting the source-reviewed qualifier.)",RESOLVED,A+B+ADJUDICATOR,42fd3fd5192cd82559b79a6adfdcdbf321ee96ab2925a30c3f3513e2aabdc3b6
eefd7e08dc617755b7f3,SRC407,2,PAIR_7F5D2331D5DDDCEA3669F6E5,CONTEXT_CONFLICT,228,228,source_section|asset_class|strategy|currency_scale,MERGE,"source_section blanked: the only headings this document prints are the in-table groupings, which the placement rule makes asset_class/strategy and never source_section; pages 2-7 and 11 print no heading above the table at all. asset_class and strategy take the printed group name without the portfolio percentage and without '(Continued)': B's form split one class into two on the continuation pages and carried a running-header marker into the data. subject_type 'fund': the row label names a vehicle (L.P./LP/LLC/SCSp/Limited Partnership), which the label-driven rule types fund, not investment. currency_scale '$': the symbol is printed once at the head of the Cost and Fair Value columns and governs every value beneath it.",RESOLVED,A+B+ADJUDICATOR,42fd3fd5192cd82559b79a6adfdcdbf321ee96ab2925a30c3f3513e2aabdc3b6
8c8e15f77befc4f20adf,SRC407,2,PAIR_1561A914725A39AD7940B1EB,CONTEXT_CONFLICT,229,229,source_section|asset_class|strategy|currency_scale,MERGE,"source_section blanked: the only headings this document prints are the in-table groupings, which the placement rule makes asset_class/strategy and never source_section; pages 2-7 and 11 print no heading above the table at all. asset_class and strategy take the printed group name without the portfolio percentage and without '(Continued)': B's form split one class into two on the continuation pages and carried a running-header marker into the data. subject_type 'fund': the row label names a vehicle (L.P./LP/LLC/SCSp/Limited Partnership), which the label-driven rule types fund, not investment. currency_scale '$': the symbol is printed once at the head of the Cost and Fair Value columns and governs every value beneath it.; Source review: p2: Fair Value (Individual holdings, aggregate rows, and the hierarchy note have separate value scopes.) | p2: Fair Value (Printed heading or definition supporting the source-reviewed qualifier.)",RESOLVED,A+B+ADJUDICATOR,42fd3fd5192cd82559b79a6adfdcdbf321ee96ab2925a30c3f3513e2aabdc3b6
dafb7820ea157d895789,SRC407,2,PAIR_C6B1E6429271C74D0806504A,CONTEXT_CONFLICT,230,230,source_section|asset_class|strategy|currency_scale,MERGE,"source_section blanked: the only headings this document prints are the in-table groupings, which the placement rule makes asset_class/strategy and never source_section; pages 2-7 and 11 print no heading above the table at all. asset_class and strategy take the printed group name without the portfolio percentage and without '(Continued)': B's form split one class into two on the continuation pages and carried a running-header marker into the data. subject_type 'fund': the row label names a vehicle (L.P./LP/LLC/SCSp/Limited Partnership), which the label-driven rule types fund, not investment. currency_scale '$': the symbol is printed once at the head of the Cost and Fair Value columns and governs every value beneath it.",RESOLVED,A+B+ADJUDICATOR,42fd3fd5192cd82559b79a6adfdcdbf321ee96ab2925a30c3f3513e2aabdc3b6
4fb30b8bb305d22cb091,SRC407,2,PAIR_FF9A502CF87683C4EFA30C53,CONTEXT_CONFLICT,231,231,source_section|asset_class|strategy|currency_scale,MERGE,"source_section blanked: the only headings this document prints are the in-table groupings, which the placement rule makes asset_class/strategy and never source_section; pages 2-7 and 11 print no heading above the table at all. asset_class and strategy take the printed group name without the portfolio percentage and without '(Continued)': B's form split one class into two on the continuation pages and carried a running-header marker into the data. subject_type 'fund': the row label names a vehicle (L.P./LP/LLC/SCSp/Limited Partnership), which the label-driven rule types fund, not investment. currency_scale '$': the symbol is printed once at the head of the Cost and Fair Value columns and governs every value beneath it.; Source review: p2: Fair Value (Individual holdings, aggregate rows, and the hierarchy note have separate value scopes.) | p2: Fair Value (Printed heading or definition supporting the source-reviewed qualifier.)",RESOLVED,A+B+ADJUDICATOR,42fd3fd5192cd82559b79a6adfdcdbf321ee96ab2925a30c3f3513e2aabdc3b6
4bd28df2b3403f362d35,SRC407,2,PAIR_4C3F0F6FFBA105EB515B3660,CONTEXT_CONFLICT,232,232,source_section|asset_class|strategy|currency_scale,MERGE,"source_section blanked: the only headings this document prints are the in-table groupings, which the placement rule makes asset_class/strategy and never source_section; pages 2-7 and 11 print no heading above the table at all. asset_class and strategy take the printed group name without the portfolio percentage and without '(Continued)': B's form split one class into two on the continuation pages and carried a running-header marker into the data. subject_type 'fund': the row label names a vehicle (L.P./LP/LLC/SCSp/Limited Partnership), which the label-driven rule types fund, not investment. currency_scale '$': the symbol is printed once at the head of the Cost and Fair Value columns and governs every value beneath it.",RESOLVED,A+B+ADJUDICATOR,42fd3fd5192cd82559b79a6adfdcdbf321ee96ab2925a30c3f3513e2aabdc3b6
52658ce04e36c3706ca1,SRC407,2,PAIR_CE3CC7D5AD1EA0EAF0A2DC6E,CONTEXT_CONFLICT,233,233,source_section|asset_class|strategy|currency_scale,MERGE,"source_section blanked: the only headings this document prints are the in-table groupings, which the placement rule makes asset_class/strategy and never source_section; pages 2-7 and 11 print no heading above the table at all. asset_class and strategy take the printed group name without the portfolio percentage and without '(Continued)': B's form split one class into two on the continuation pages and carried a running-header marker into the data. subject_type 'fund': the row label names a vehicle (L.P./LP/LLC/SCSp/Limited Partnership), which the label-driven rule types fund, not investment. currency_scale '$': the symbol is printed once at the head of the Cost and Fair Value columns and governs every value beneath it.; Source review: p2: Fair Value (Individual holdings, aggregate rows, and the hierarchy note have separate value scopes.) | p2: Fair Value (Printed heading or definition supporting the source-reviewed qualifier.)",RESOLVED,A+B+ADJUDICATOR,42fd3fd5192cd82559b79a6adfdcdbf321ee96ab2925a30c3f3513e2aabdc3b6
6b13c50058b2a2b244dd,SRC407,2,PAIR_0240AD4359436AFC27A099D3,CONTEXT_CONFLICT,234,234,source_section|asset_class|strategy|currency_scale,MERGE,"source_section blanked: the only headings this document prints are the in-table groupings, which the placement rule makes asset_class/strategy and never source_section; pages 2-7 and 11 print no heading above the table at all. asset_class and strategy take the printed group name without the portfolio percentage and without '(Continued)': B's form split one class into two on the continuation pages and carried a running-header marker into the data. subject_type 'fund': the row label names a vehicle (L.P./LP/LLC/SCSp/Limited Partnership), which the label-driven rule types fund, not investment. currency_scale '$': the symbol is printed once at the head of the Cost and Fair Value columns and governs every value beneath it.",RESOLVED,A+B+ADJUDICATOR,42fd3fd5192cd82559b79a6adfdcdbf321ee96ab2925a30c3f3513e2aabdc3b6
fbc6a86aad25a89e2432,SRC407,2,PAIR_8F1A7C06A3FA62E428D852AF,CONTEXT_CONFLICT,235,235,source_section|asset_class|strategy|currency_scale,MERGE,"source_section blanked: the only headings this document prints are the in-table groupings, which the placement rule makes asset_class/strategy and never source_section; pages 2-7 and 11 print no heading above the table at all. asset_class and strategy take the printed group name without the portfolio percentage and without '(Continued)': B's form split one class into two on the continuation pages and carried a running-header marker into the data. subject_type 'fund': the row label names a vehicle (L.P./LP/LLC/SCSp/Limited Partnership), which the label-driven rule types fund, not investment. currency_scale '$': the symbol is printed once at the head of the Cost and Fair Value columns and governs every value beneath it.; Source review: p2: Fair Value (Individual holdings, aggregate rows, and the hierarchy note have separate value scopes.) | p2: Fair Value (Printed heading or definition supporting the source-reviewed qualifier.)",RESOLVED,A+B+ADJUDICATOR,42fd3fd5192cd82559b79a6adfdcdbf321ee96ab2925a30c3f3513e2aabdc3b6
91d82a8af5a90e200d60,SRC407,2,PAIR_9367F5131916FEEE27662FC6,CONTEXT_CONFLICT,236,236,source_section|asset_class|strategy|currency_scale,MERGE,"source_section blanked: the only headings this document prints are the in-table groupings, which the placement rule makes asset_class/strategy and never source_section; pages 2-7 and 11 print no heading above the table at all. asset_class and strategy take the printed group name without the portfolio percentage and without '(Continued)': B's form split one class into two on the continuation pages and carried a running-header marker into the data. subject_type 'fund': the row label names a vehicle (L.P./LP/LLC/SCSp/Limited Partnership), which the label-driven rule types fund, not investment. currency_scale '$': the symbol is printed once at the head of the Cost and Fair Value columns and governs every value beneath it.",RESOLVED,A+B+ADJUDICATOR,42fd3fd5192cd82559b79a6adfdcdbf321ee96ab2925a30c3f3513e2aabdc3b6
aff5622e29d62344ffd3,SRC407,2,PAIR_87F8C470B7BBCCD7B43FA72D,CONTEXT_CONFLICT,237,237,source_section|asset_class|strategy|currency_scale,MERGE,"source_section blanked: the only headings this document prints are the in-table groupings, which the placement rule makes asset_class/strategy and never source_section; pages 2-7 and 11 print no heading above the table at all. asset_class and strategy take the printed group name without the portfolio percentage and without '(Continued)': B's form split one class into two on the continuation pages and carried a running-header marker into the data. subject_type 'fund': the row label names a vehicle (L.P./LP/LLC/SCSp/Limited Partnership), which the label-driven rule types fund, not investment. currency_scale '$': the symbol is printed once at the head of the Cost and Fair Value columns and governs every value beneath it.; Source review: p2: Fair Value (Individual holdings, aggregate rows, and the hierarchy note have separate value scopes.) | p2: Fair Value (Printed heading or definition supporting the source-reviewed qualifier.)",RESOLVED,A+B+ADJUDICATOR,42fd3fd5192cd82559b79a6adfdcdbf321ee96ab2925a30c3f3513e2aabdc3b6
a7440bcf1bd389b653d2,SRC407,3,PAIR_CA2CA87E3F89F20383342BCB,CONTEXT_CONFLICT,238,238,source_section|asset_class|strategy|currency_scale,MERGE,"source_section blanked: the only headings this document prints are the in-table groupings, which the placement rule makes asset_class/strategy and never source_section; pages 2-7 and 11 print no heading above the table at all. metric_value_raw keeps the printed '$' that A stripped; the value column is raw and stripping a printed symbol is a normalisation. asset_class and strategy take the printed group name without the portfolio percentage and without '(Continued)': B's form split one class into two on the continuation pages and carried a running-header marker into the data. subject_type 'fund': the row label names a vehicle (L.P./LP/LLC/SCSp/Limited Partnership), which the label-driven rule types fund, not investment. currency_scale '$': the symbol is printed once at the head of the Cost and Fair Value columns and governs every value beneath it.",RESOLVED,A+B+ADJUDICATOR,42fd3fd5192cd82559b79a6adfdcdbf321ee96ab2925a30c3f3513e2aabdc3b6
14088b863ddc4be2fd1f,SRC407,3,PAIR_9A99178FBAC857B0892C3AB4,CONTEXT_CONFLICT,239,239,source_section|asset_class|strategy|currency_scale,MERGE,"source_section blanked: the only headings this document prints are the in-table groupings, which the placement rule makes asset_class/strategy and never source_section; pages 2-7 and 11 print no heading above the table at all. metric_value_raw keeps the printed '$' that A stripped; the value column is raw and stripping a printed symbol is a normalisation. asset_class and strategy take the printed group name without the portfolio percentage and without '(Continued)': B's form split one class into two on the continuation pages and carried a running-header marker into the data. subject_type 'fund': the row label names a vehicle (L.P./LP/LLC/SCSp/Limited Partnership), which the label-driven rule types fund, not investment. currency_scale '$': the symbol is printed once at the head of the Cost and Fair Value columns and governs every value beneath it.; Source review: p3: Fair Value (Individual holdings, aggregate rows, and the hierarchy note have separate value scopes.) | p3: Fair Value (Printed heading or definition supporting the source-reviewed qualifier.)",RESOLVED,A+B+ADJUDICATOR,42fd3fd5192cd82559b79a6adfdcdbf321ee96ab2925a30c3f3513e2aabdc3b6
9a198f6ffc0c09ea0820,SRC407,3,PAIR_FB57061D25328D0BD6BA7250,CONTEXT_CONFLICT,240,240,source_section|asset_class|strategy|currency_scale,MERGE,"source_section blanked: the only headings this document prints are the in-table groupings, which the placement rule makes asset_class/strategy and never source_section; pages 2-7 and 11 print no heading above the table at all. asset_class and strategy take the printed group name without the portfolio percentage and without '(Continued)': B's form split one class into two on the continuation pages and carried a running-header marker into the data. subject_type 'fund': the row label names a vehicle (L.P./LP/LLC/SCSp/Limited Partnership), which the label-driven rule types fund, not investment. currency_scale '$': the symbol is printed once at the head of the Cost and Fair Value columns and governs every value beneath it.",RESOLVED,A+B+ADJUDICATOR,42fd3fd5192cd82559b79a6adfdcdbf321ee96ab2925a30c3f3513e2aabdc3b6
b15ec99a67c3e5cd4a37,SRC407,3,PAIR_E58548FDFBB57703DA87FE56,CONTEXT_CONFLICT,241,241,source_section|asset_class|strategy|currency_scale,MERGE,"source_section blanked: the only headings this document prints are the in-table groupings, which the placement rule makes asset_class/strategy and never source_section; pages 2-7 and 11 print no heading above the table at all. asset_class and strategy take the printed group name without the portfolio percentage and without '(Continued)': B's form split one class into two on the continuation pages and carried a running-header marker into the data. subject_type 'fund': the row label names a vehicle (L.P./LP/LLC/SCSp/Limited Partnership), which the label-driven rule types fund, not investment. currency_scale '$': the symbol is printed once at the head of the Cost and Fair Value columns and governs every value beneath it.; Source review: p3: Fair Value (Individual holdings, aggregate rows, and the hierarchy note have separate value scopes.) | p3: Fair Value (Printed heading or definition supporting the source-reviewed qualifier.)",RESOLVED,A+B+ADJUDICATOR,42fd3fd5192cd82559b79a6adfdcdbf321ee96ab2925a30c3f3513e2aabdc3b6
f30145fbc594777d45f2,SRC407,3,PAIR_78D0845A65CD639948DE6AD4,CONTEXT_CONFLICT,242,242,source_section|asset_class|strategy|currency_scale,MERGE,"source_section blanked: the only headings this document prints are the in-table groupings, which the placement rule makes asset_class/strategy and never source_section; pages 2-7 and 11 print no heading above the table at all. asset_class and strategy take the printed group name without the portfolio percentage and without '(Continued)': B's form split one class into two on the continuation pages and carried a running-header marker into the data. subject_type 'fund': the row label names a vehicle (L.P./LP/LLC/SCSp/Limited Partnership), which the label-driven rule types fund, not investment. currency_scale '$': the symbol is printed once at the head of the Cost and Fair Value columns and governs every value beneath it.",RESOLVED,A+B+ADJUDICATOR,42fd3fd5192cd82559b79a6adfdcdbf321ee96ab2925a30c3f3513e2aabdc3b6
002059b4b5d5fa59fc9d,SRC407,3,PAIR_E01C79671DFF7008EB584E1A,CONTEXT_CONFLICT,243,243,source_section|asset_class|strategy|currency_scale,MERGE,"source_section blanked: the only headings this document prints are the in-table groupings, which the placement rule makes asset_class/strategy and never source_section; pages 2-7 and 11 print no heading above the table at all. asset_class and strategy take the printed group name without the portfolio percentage and without '(Continued)': B's form split one class into two on the continuation pages and carried a running-header marker into the data. subject_type 'fund': the row label names a vehicle (L.P./LP/LLC/SCSp/Limited Partnership), which the label-driven rule types fund, not investment. currency_scale '$': the symbol is printed once at the head of the Cost and Fair Value columns and governs every value beneath it.; Source review: p3: Fair Value (Individual holdings, aggregate rows, and the hierarchy note have separate value scopes.) | p3: Fair Value (Printed heading or definition supporting the source-reviewed qualifier.)",RESOLVED,A+B+ADJUDICATOR,42fd3fd5192cd82559b79a6adfdcdbf321ee96ab2925a30c3f3513e2aabdc3b6
a40c91f6e9ebbdc91da6,SRC407,3,PAIR_00946D880BA9BDCD648C3FCF,CONTEXT_CONFLICT,244,244,source_section|asset_class|strategy|currency_scale,MERGE,"source_section blanked: the only headings this document prints are the in-table groupings, which the placement rule makes asset_class/strategy and never source_section; pages 2-7 and 11 print no heading above the table at all. asset_class and strategy take the printed group name without the portfolio percentage and without '(Continued)': B's form split one class into two on the continuation pages and carried a running-header marker into the data. subject_type 'fund': the row label names a vehicle (L.P./LP/LLC/SCSp/Limited Partnership), which the label-driven rule types fund, not investment. currency_scale '$': the symbol is printed once at the head of the Cost and Fair Value columns and governs every value beneath it.",RESOLVED,A+B+ADJUDICATOR,42fd3fd5192cd82559b79a6adfdcdbf321ee96ab2925a30c3f3513e2aabdc3b6
7e8c64a4409ad7064fcc,SRC407,3,PAIR_2AB311D8471A0497999588E9,CONTEXT_CONFLICT,245,245,source_section|asset_class|strategy|currency_scale,MERGE,"source_section blanked: the only headings this document prints are the in-table groupings, which the placement rule makes asset_class/strategy and never source_section; pages 2-7 and 11 print no heading above the table at all. asset_class and strategy take the printed group name without the portfolio percentage and without '(Continued)': B's form split one class into two on the continuation pages and carried a running-header marker into the data. subject_type 'fund': the row label names a vehicle (L.P./LP/LLC/SCSp/Limited Partnership), which the label-driven rule types fund, not investment. currency_scale '$': the symbol is printed once at the head of the Cost and Fair Value columns and governs every value beneath it.; Source review: p3: Fair Value (Individual holdings, aggregate rows, and the hierarchy note have separate value scopes.) | p3: Fair Value (Printed heading or definition supporting the source-reviewed qualifier.)",RESOLVED,A+B+ADJUDICATOR,42fd3fd5192cd82559b79a6adfdcdbf321ee96ab2925a30c3f3513e2aabdc3b6
def2f22f1709d3e82538,SRC407,3,PAIR_690BEACE61A8B8D9335AAB2A,CONTEXT_CONFLICT,246,246,source_section|asset_class|strategy|currency_scale,MERGE,"source_section blanked: the only headings this document prints are the in-table groupings, which the placement rule makes asset_class/strategy and never source_section; pages 2-7 and 11 print no heading above the table at all. asset_class and strategy take the printed group name without the portfolio percentage and without '(Continued)': B's form split one class into two on the continuation pages and carried a running-header marker into the data. subject_type 'fund': the row label names a vehicle (L.P./LP/LLC/SCSp/Limited Partnership), which the label-driven rule types fund, not investment. currency_scale '$': the symbol is printed once at the head of the Cost and Fair Value columns and governs every value beneath it.",RESOLVED,A+B+ADJUDICATOR,42fd3fd5192cd82559b79a6adfdcdbf321ee96ab2925a30c3f3513e2aabdc3b6
a32587282170df387919,SRC407,3,PAIR_9D2ED588D004254A789BF0E2,CONTEXT_CONFLICT,247,247,source_section|asset_class|strategy|currency_scale,MERGE,"source_section blanked: the only headings this document prints are the in-table groupings, which the placement rule makes asset_class/strategy and never source_section; pages 2-7 and 11 print no heading above the table at all. asset_class and strategy take the printed group name without the portfolio percentage and without '(Continued)': B's form split one class into two on the continuation pages and carried a running-header marker into the data. subject_type 'fund': the row label names a vehicle (L.P./LP/LLC/SCSp/Limited Partnership), which the label-driven rule types fund, not investment. currency_scale '$': the symbol is printed once at the head of the Cost and Fair Value columns and governs every value beneath it.; Source review: p3: Fair Value (Individual holdings, aggregate rows, and the hierarchy note have separate value scopes.) | p3: Fair Value (Printed heading or definition supporting the source-reviewed qualifier.)",RESOLVED,A+B+ADJUDICATOR,42fd3fd5192cd82559b79a6adfdcdbf321ee96ab2925a30c3f3513e2aabdc3b6
e045d3d299b489d1c0b7,SRC407,3,PAIR_9BEFD24844030F422E6B4A86,CONTEXT_CONFLICT,248,248,source_section|asset_class|strategy|currency_scale,MERGE,"source_section blanked: the only headings this document prints are the in-table groupings, which the placement rule makes asset_class/strategy and never source_section; pages 2-7 and 11 print no heading above the table at all. asset_class and strategy take the printed group name without the portfolio percentage and without '(Continued)': B's form split one class into two on the continuation pages and carried a running-header marker into the data. subject_type 'fund': the row label names a vehicle (L.P./LP/LLC/SCSp/Limited Partnership), which the label-driven rule types fund, not investment. currency_scale '$': the symbol is printed once at the head of the Cost and Fair Value columns and governs every value beneath it.",RESOLVED,A+B+ADJUDICATOR,42fd3fd5192cd82559b79a6adfdcdbf321ee96ab2925a30c3f3513e2aabdc3b6
ea9231a3d05836fad525,SRC407,3,PAIR_72E54A025B9179D0EC74BD09,CONTEXT_CONFLICT,249,249,source_section|asset_class|strategy|currency_scale,MERGE,"source_section blanked: the only headings this document prints are the in-table groupings, which the placement rule makes asset_class/strategy and never source_section; pages 2-7 and 11 print no heading above the table at all. asset_class and strategy take the printed group name without the portfolio percentage and without '(Continued)': B's form split one class into two on the continuation pages and carried a running-header marker into the data. subject_type 'fund': the row label names a vehicle (L.P./LP/LLC/SCSp/Limited Partnership), which the label-driven rule types fund, not investment. currency_scale '$': the symbol is printed once at the head of the Cost and Fair Value columns and governs every value beneath it.; Source review: p3: Fair Value (Individual holdings, aggregate rows, and the hierarchy note have separate value scopes.) | p3: Fair Value (Printed heading or definition supporting the source-reviewed qualifier.)",RESOLVED,A+B+ADJUDICATOR,42fd3fd5192cd82559b79a6adfdcdbf321ee96ab2925a30c3f3513e2aabdc3b6
6af124d9bdea7ec33f36,SRC407,3,PAIR_C389360CCDB6B9B3500B7B49,CONTEXT_CONFLICT,250,250,source_section|asset_class|strategy|currency_scale,MERGE,"source_section blanked: the only headings this document prints are the in-table groupings, which the placement rule makes asset_class/strategy and never source_section; pages 2-7 and 11 print no heading above the table at all. asset_class and strategy take the printed group name without the portfolio percentage and without '(Continued)': B's form split one class into two on the continuation pages and carried a running-header marker into the data. subject_type 'fund': the row label names a vehicle (L.P./LP/LLC/SCSp/Limited Partnership), which the label-driven rule types fund, not investment. currency_scale '$': the symbol is printed once at the head of the Cost and Fair Value columns and governs every value beneath it.",RESOLVED,A+B+ADJUDICATOR,42fd3fd5192cd82559b79a6adfdcdbf321ee96ab2925a30c3f3513e2aabdc3b6
7e942ad7152dd5a3c213,SRC407,3,PAIR_4C5F4F5FF8413841EF65578E,CONTEXT_CONFLICT,251,251,source_section|asset_class|strategy|currency_scale,MERGE,"source_section blanked: the only headings this document prints are the in-table groupings, which the placement rule makes asset_class/strategy and never source_section; pages 2-7 and 11 print no heading above the table at all. asset_class and strategy take the printed group name without the portfolio percentage and without '(Continued)': B's form split one class into two on the continuation pages and carried a running-header marker into the data. subject_type 'fund': the row label names a vehicle (L.P./LP/LLC/SCSp/Limited Partnership), which the label-driven rule types fund, not investment. currency_scale '$': the symbol is printed once at the head of the Cost and Fair Value columns and governs every value beneath it.; Source review: p3: Fair Value (Individual holdings, aggregate rows, and the hierarchy note have separate value scopes.) | p3: Fair Value (Printed heading or definition supporting the source-reviewed qualifier.)",RESOLVED,A+B+ADJUDICATOR,42fd3fd5192cd82559b79a6adfdcdbf321ee96ab2925a30c3f3513e2aabdc3b6
b8ae6c0316aaa6922d0b,SRC407,3,PAIR_DB5588FE03D7E6EC1E3B9275,CONTEXT_CONFLICT,252,252,source_section|asset_class|strategy|currency_scale,MERGE,"source_section blanked: the only headings this document prints are the in-table groupings, which the placement rule makes asset_class/strategy and never source_section; pages 2-7 and 11 print no heading above the table at all. asset_class and strategy take the printed group name without the portfolio percentage and without '(Continued)': B's form split one class into two on the continuation pages and carried a running-header marker into the data. subject_type 'fund': the row label names a vehicle (L.P./LP/LLC/SCSp/Limited Partnership), which the label-driven rule types fund, not investment. currency_scale '$': the symbol is printed once at the head of the Cost and Fair Value columns and governs every value beneath it.",RESOLVED,A+B+ADJUDICATOR,42fd3fd5192cd82559b79a6adfdcdbf321ee96ab2925a30c3f3513e2aabdc3b6
5031a396908fb8a3a362,SRC407,3,PAIR_72AEED9516E19D47DA0DC38E,CONTEXT_CONFLICT,253,253,source_section|asset_class|strategy|currency_scale,MERGE,"source_section blanked: the only headings this document prints are the in-table groupings, which the placement rule makes asset_class/strategy and never source_section; pages 2-7 and 11 print no heading above the table at all. asset_class and strategy take the printed group name without the portfolio percentage and without '(Continued)': B's form split one class into two on the continuation pages and carried a running-header marker into the data. subject_type 'fund': the row label names a vehicle (L.P./LP/LLC/SCSp/Limited Partnership), which the label-driven rule types fund, not investment. currency_scale '$': the symbol is printed once at the head of the Cost and Fair Value columns and governs every value beneath it.; Source review: p3: Fair Value (Individual holdings, aggregate rows, and the hierarchy note have separate value scopes.) | p3: Fair Value (Printed heading or definition supporting the source-reviewed qualifier.)",RESOLVED,A+B+ADJUDICATOR,42fd3fd5192cd82559b79a6adfdcdbf321ee96ab2925a30c3f3513e2aabdc3b6
6fa3fdb9e5012982f32d,SRC407,3,PAIR_3F21FD4DAB5CE6E09A43D7C3,CONTEXT_CONFLICT,254,254,source_section|asset_class|strategy|currency_scale,MERGE,"source_section blanked: the only headings this document prints are the in-table groupings, which the placement rule makes asset_class/strategy and never source_section; pages 2-7 and 11 print no heading above the table at all. asset_class and strategy take the printed group name without the portfolio percentage and without '(Continued)': B's form split one class into two on the continuation pages and carried a running-header marker into the data. subject_type 'fund': the row label names a vehicle (L.P./LP/LLC/SCSp/Limited Partnership), which the label-driven rule types fund, not investment. currency_scale '$': the symbol is printed once at the head of the Cost and Fair Value columns and governs every value beneath it.",RESOLVED,A+B+ADJUDICATOR,42fd3fd5192cd82559b79a6adfdcdbf321ee96ab2925a30c3f3513e2aabdc3b6
5dda557a30c7b8cfd1d4,SRC407,3,PAIR_58F071DCAF21CB42434FF29A,CONTEXT_CONFLICT,255,255,source_section|asset_class|strategy|currency_scale,MERGE,"source_section blanked: the only headings this document prints are the in-table groupings, which the placement rule makes asset_class/strategy and never source_section; pages 2-7 and 11 print no heading above the table at all. asset_class and strategy take the printed group name without the portfolio percentage and without '(Continued)': B's form split one class into two on the continuation pages and carried a running-header marker into the data. subject_type 'fund': the row label names a vehicle (L.P./LP/LLC/SCSp/Limited Partnership), which the label-driven rule types fund, not investment. currency_scale '$': the symbol is printed once at the head of the Cost and Fair Value columns and governs every value beneath it.; Source review: p3: Fair Value (Individual holdings, aggregate rows, and the hierarchy note have separate value scopes.) | p3: Fair Value (Printed heading or definition supporting the source-reviewed qualifier.)",RESOLVED,A+B+ADJUDICATOR,42fd3fd5192cd82559b79a6adfdcdbf321ee96ab2925a30c3f3513e2aabdc3b6
693f358558f7f524977e,SRC407,3,PAIR_4E0897049DBDB6E93FE628F3,CONTEXT_CONFLICT,256,256,source_section|asset_class|strategy|currency_scale,MERGE,"source_section blanked: the only headings this document prints are the in-table groupings, which the placement rule makes asset_class/strategy and never source_section; pages 2-7 and 11 print no heading above the table at all. asset_class and strategy take the printed group name without the portfolio percentage and without '(Continued)': B's form split one class into two on the continuation pages and carried a running-header marker into the data. subject_type 'fund': the row label names a vehicle (L.P./LP/LLC/SCSp/Limited Partnership), which the label-driven rule types fund, not investment. currency_scale '$': the symbol is printed once at the head of the Cost and Fair Value columns and governs every value beneath it.",RESOLVED,A+B+ADJUDICATOR,42fd3fd5192cd82559b79a6adfdcdbf321ee96ab2925a30c3f3513e2aabdc3b6
f0a6726c9a7bd757b51c,SRC407,3,PAIR_9E915A4E5919620B9748FEB4,CONTEXT_CONFLICT,257,257,source_section|asset_class|strategy|currency_scale,MERGE,"source_section blanked: the only headings this document prints are the in-table groupings, which the placement rule makes asset_class/strategy and never source_section; pages 2-7 and 11 print no heading above the table at all. asset_class and strategy take the printed group name without the portfolio percentage and without '(Continued)': B's form split one class into two on the continuation pages and carried a running-header marker into the data. subject_type 'fund': the row label names a vehicle (L.P./LP/LLC/SCSp/Limited Partnership), which the label-driven rule types fund, not investment. currency_scale '$': the symbol is printed once at the head of the Cost and Fair Value columns and governs every value beneath it.; Source review: p3: Fair Value (Individual holdings, aggregate rows, and the hierarchy note have separate value scopes.) | p3: Fair Value (Printed heading or definition supporting the source-reviewed qualifier.)",RESOLVED,A+B+ADJUDICATOR,42fd3fd5192cd82559b79a6adfdcdbf321ee96ab2925a30c3f3513e2aabdc3b6
cb0f3d8b1dc8a4d3a03c,SRC407,3,PAIR_6630826A4F74B6A2216F75D9,CONTEXT_CONFLICT,258,258,source_section|asset_class|strategy|currency_scale,MERGE,"source_section blanked: the only headings this document prints are the in-table groupings, which the placement rule makes asset_class/strategy and never source_section; pages 2-7 and 11 print no heading above the table at all. asset_class and strategy take the printed group name without the portfolio percentage and without '(Continued)': B's form split one class into two on the continuation pages and carried a running-header marker into the data. subject_type 'fund': the row label names a vehicle (L.P./LP/LLC/SCSp/Limited Partnership), which the label-driven rule types fund, not investment. currency_scale '$': the symbol is printed once at the head of the Cost and Fair Value columns and governs every value beneath it.",RESOLVED,A+B+ADJUDICATOR,42fd3fd5192cd82559b79a6adfdcdbf321ee96ab2925a30c3f3513e2aabdc3b6
9fb0ccb675c94726dd67,SRC407,3,PAIR_C1C87ACDD0E2008D1514AFDC,CONTEXT_CONFLICT,259,259,source_section|asset_class|strategy|currency_scale,MERGE,"source_section blanked: the only headings this document prints are the in-table groupings, which the placement rule makes asset_class/strategy and never source_section; pages 2-7 and 11 print no heading above the table at all. asset_class and strategy take the printed group name without the portfolio percentage and without '(Continued)': B's form split one class into two on the continuation pages and carried a running-header marker into the data. subject_type 'fund': the row label names a vehicle (L.P./LP/LLC/SCSp/Limited Partnership), which the label-driven rule types fund, not investment. currency_scale '$': the symbol is printed once at the head of the Cost and Fair Value columns and governs every value beneath it.; Source review: p3: Fair Value (Individual holdings, aggregate rows, and the hierarchy note have separate value scopes.) | p3: Fair Value (Printed heading or definition supporting the source-reviewed qualifier.)",RESOLVED,A+B+ADJUDICATOR,42fd3fd5192cd82559b79a6adfdcdbf321ee96ab2925a30c3f3513e2aabdc3b6
963c082e1cd0e4a19026,SRC407,3,PAIR_BDBD68F7557FB9DC42ABE3E1,CONTEXT_CONFLICT,260,260,source_section|asset_class|strategy|currency_scale,MERGE,"source_section blanked: the only headings this document prints are the in-table groupings, which the placement rule makes asset_class/strategy and never source_section; pages 2-7 and 11 print no heading above the table at all. asset_class and strategy take the printed group name without the portfolio percentage and without '(Continued)': B's form split one class into two on the continuation pages and carried a running-header marker into the data. subject_type 'fund': the row label names a vehicle (L.P./LP/LLC/SCSp/Limited Partnership), which the label-driven rule types fund, not investment. currency_scale '$': the symbol is printed once at the head of the Cost and Fair Value columns and governs every value beneath it.",RESOLVED,A+B+ADJUDICATOR,42fd3fd5192cd82559b79a6adfdcdbf321ee96ab2925a30c3f3513e2aabdc3b6
41b043779631a7eddabd,SRC407,3,PAIR_1F40ADF46B011F7A013E5268,CONTEXT_CONFLICT,261,261,source_section|asset_class|strategy|currency_scale,MERGE,"source_section blanked: the only headings this document prints are the in-table groupings, which the placement rule makes asset_class/strategy and never source_section; pages 2-7 and 11 print no heading above the table at all. asset_class and strategy take the printed group name without the portfolio percentage and without '(Continued)': B's form split one class into two on the continuation pages and carried a running-header marker into the data. subject_type 'fund': the row label names a vehicle (L.P./LP/LLC/SCSp/Limited Partnership), which the label-driven rule types fund, not investment. currency_scale '$': the symbol is printed once at the head of the Cost and Fair Value columns and governs every value beneath it.; Source review: p3: Fair Value (Individual holdings, aggregate rows, and the hierarchy note have separate value scopes.) | p3: Fair Value (Printed heading or definition supporting the source-reviewed qualifier.)",RESOLVED,A+B+ADJUDICATOR,42fd3fd5192cd82559b79a6adfdcdbf321ee96ab2925a30c3f3513e2aabdc3b6
27468895d9b489565399,SRC407,3,PAIR_F3400D668F07787CF967654C,CONTEXT_CONFLICT,262,262,source_section|asset_class|strategy|currency_scale,MERGE,"source_section blanked: the only headings this document prints are the in-table groupings, which the placement rule makes asset_class/strategy and never source_section; pages 2-7 and 11 print no heading above the table at all. asset_class and strategy take the printed group name without the portfolio percentage and without '(Continued)': B's form split one class into two on the continuation pages and carried a running-header marker into the data. subject_type 'fund': the row label names a vehicle (L.P./LP/LLC/SCSp/Limited Partnership), which the label-driven rule types fund, not investment. currency_scale '$': the symbol is printed once at the head of the Cost and Fair Value columns and governs every value beneath it.",RESOLVED,A+B+ADJUDICATOR,42fd3fd5192cd82559b79a6adfdcdbf321ee96ab2925a30c3f3513e2aabdc3b6
51559afdcb6915b8f19f,SRC407,3,PAIR_FFBDB528C2017315BC845DEF,CONTEXT_CONFLICT,263,263,source_section|asset_class|strategy|currency_scale,MERGE,"source_section blanked: the only headings this document prints are the in-table groupings, which the placement rule makes asset_class/strategy and never source_section; pages 2-7 and 11 print no heading above the table at all. asset_class and strategy take the printed group name without the portfolio percentage and without '(Continued)': B's form split one class into two on the continuation pages and carried a running-header marker into the data. subject_type 'fund': the row label names a vehicle (L.P./LP/LLC/SCSp/Limited Partnership), which the label-driven rule types fund, not investment. currency_scale '$': the symbol is printed once at the head of the Cost and Fair Value columns and governs every value beneath it.; Source review: p3: Fair Value (Individual holdings, aggregate rows, and the hierarchy note have separate value scopes.) | p3: Fair Value (Printed heading or definition supporting the source-reviewed qualifier.)",RESOLVED,A+B+ADJUDICATOR,42fd3fd5192cd82559b79a6adfdcdbf321ee96ab2925a30c3f3513e2aabdc3b6
71272656743077f4566b,SRC407,3,PAIR_0A7C075FB2782D67533E66AE,CONTEXT_CONFLICT,264,264,source_section|asset_class|strategy|currency_scale,MERGE,"source_section blanked: the only headings this document prints are the in-table groupings, which the placement rule makes asset_class/strategy and never source_section; pages 2-7 and 11 print no heading above the table at all. asset_class and strategy take the printed group name without the portfolio percentage and without '(Continued)': B's form split one class into two on the continuation pages and carried a running-header marker into the data. subject_type 'fund': the row label names a vehicle (L.P./LP/LLC/SCSp/Limited Partnership), which the label-driven rule types fund, not investment. currency_scale '$': the symbol is printed once at the head of the Cost and Fair Value columns and governs every value beneath it.",RESOLVED,A+B+ADJUDICATOR,42fd3fd5192cd82559b79a6adfdcdbf321ee96ab2925a30c3f3513e2aabdc3b6
0315d98914c1b952f257,SRC407,3,PAIR_AC602BDE39A4D7DB84722397,CONTEXT_CONFLICT,265,265,source_section|asset_class|strategy|currency_scale,MERGE,"source_section blanked: the only headings this document prints are the in-table groupings, which the placement rule makes asset_class/strategy and never source_section; pages 2-7 and 11 print no heading above the table at all. asset_class and strategy take the printed group name without the portfolio percentage and without '(Continued)': B's form split one class into two on the continuation pages and carried a running-header marker into the data. subject_type 'fund': the row label names a vehicle (L.P./LP/LLC/SCSp/Limited Partnership), which the label-driven rule types fund, not investment. currency_scale '$': the symbol is printed once at the head of the Cost and Fair Value columns and governs every value beneath it.; Source review: p3: Fair Value (Individual holdings, aggregate rows, and the hierarchy note have separate value scopes.) | p3: Fair Value (Printed heading or definition supporting the source-reviewed qualifier.)",RESOLVED,A+B+ADJUDICATOR,42fd3fd5192cd82559b79a6adfdcdbf321ee96ab2925a30c3f3513e2aabdc3b6
3ed269f555020ae55f6b,SRC407,3,PAIR_DDCC03B44F8DFD3B5AED27BC,CONTEXT_CONFLICT,266,266,source_section|asset_class|strategy|currency_scale,MERGE,"source_section blanked: the only headings this document prints are the in-table groupings, which the placement rule makes asset_class/strategy and never source_section; pages 2-7 and 11 print no heading above the table at all. asset_class and strategy take the printed group name without the portfolio percentage and without '(Continued)': B's form split one class into two on the continuation pages and carried a running-header marker into the data. subject_type 'fund': the row label names a vehicle (L.P./LP/LLC/SCSp/Limited Partnership), which the label-driven rule types fund, not investment. currency_scale '$': the symbol is printed once at the head of the Cost and Fair Value columns and governs every value beneath it.",RESOLVED,A+B+ADJUDICATOR,42fd3fd5192cd82559b79a6adfdcdbf321ee96ab2925a30c3f3513e2aabdc3b6
8bf6555fda85e2ce02bb,SRC407,3,PAIR_DDBF77E56A5BFBF330FC804B,CONTEXT_CONFLICT,267,267,source_section|asset_class|strategy|currency_scale,MERGE,"source_section blanked: the only headings this document prints are the in-table groupings, which the placement rule makes asset_class/strategy and never source_section; pages 2-7 and 11 print no heading above the table at all. asset_class and strategy take the printed group name without the portfolio percentage and without '(Continued)': B's form split one class into two on the continuation pages and carried a running-header marker into the data. subject_type 'fund': the row label names a vehicle (L.P./LP/LLC/SCSp/Limited Partnership), which the label-driven rule types fund, not investment. currency_scale '$': the symbol is printed once at the head of the Cost and Fair Value columns and governs every value beneath it.; Source review: p3: Fair Value (Individual holdings, aggregate rows, and the hierarchy note have separate value scopes.) | p3: Fair Value (Printed heading or definition supporting the source-reviewed qualifier.)",RESOLVED,A+B+ADJUDICATOR,42fd3fd5192cd82559b79a6adfdcdbf321ee96ab2925a30c3f3513e2aabdc3b6
f184658c73931ead5d76,SRC407,3,PAIR_6D28E871730C6AA714ADED1A,CONTEXT_CONFLICT,268,268,source_section|asset_class|strategy|currency_scale,MERGE,"source_section blanked: the only headings this document prints are the in-table groupings, which the placement rule makes asset_class/strategy and never source_section; pages 2-7 and 11 print no heading above the table at all. asset_class and strategy take the printed group name without the portfolio percentage and without '(Continued)': B's form split one class into two on the continuation pages and carried a running-header marker into the data. subject_type 'fund': the row label names a vehicle (L.P./LP/LLC/SCSp/Limited Partnership), which the label-driven rule types fund, not investment. currency_scale '$': the symbol is printed once at the head of the Cost and Fair Value columns and governs every value beneath it.",RESOLVED,A+B+ADJUDICATOR,42fd3fd5192cd82559b79a6adfdcdbf321ee96ab2925a30c3f3513e2aabdc3b6
3f16590ce66de470a030,SRC407,3,PAIR_081186A157040939FD56CB12,CONTEXT_CONFLICT,269,269,source_section|asset_class|strategy|currency_scale,MERGE,"source_section blanked: the only headings this document prints are the in-table groupings, which the placement rule makes asset_class/strategy and never source_section; pages 2-7 and 11 print no heading above the table at all. asset_class and strategy take the printed group name without the portfolio percentage and without '(Continued)': B's form split one class into two on the continuation pages and carried a running-header marker into the data. subject_type 'fund': the row label names a vehicle (L.P./LP/LLC/SCSp/Limited Partnership), which the label-driven rule types fund, not investment. currency_scale '$': the symbol is printed once at the head of the Cost and Fair Value columns and governs every value beneath it.; Source review: p3: Fair Value (Individual holdings, aggregate rows, and the hierarchy note have separate value scopes.) | p3: Fair Value (Printed heading or definition supporting the source-reviewed qualifier.)",RESOLVED,A+B+ADJUDICATOR,42fd3fd5192cd82559b79a6adfdcdbf321ee96ab2925a30c3f3513e2aabdc3b6
d1b6a9694c2bd23b39a5,SRC407,3,PAIR_86CA9BD51934EE30E508A4EB,CONTEXT_CONFLICT,270,270,source_section|asset_class|strategy|currency_scale,MERGE,"source_section blanked: the only headings this document prints are the in-table groupings, which the placement rule makes asset_class/strategy and never source_section; pages 2-7 and 11 print no heading above the table at all. asset_class and strategy take the printed group name without the portfolio percentage and without '(Continued)': B's form split one class into two on the continuation pages and carried a running-header marker into the data. subject_type 'fund': the row label names a vehicle (L.P./LP/LLC/SCSp/Limited Partnership), which the label-driven rule types fund, not investment. currency_scale '$': the symbol is printed once at the head of the Cost and Fair Value columns and governs every value beneath it.",RESOLVED,A+B+ADJUDICATOR,42fd3fd5192cd82559b79a6adfdcdbf321ee96ab2925a30c3f3513e2aabdc3b6
f890e87e679f97ad8b4b,SRC407,3,PAIR_557F4E357EB1D966449D097E,CONTEXT_CONFLICT,271,271,source_section|asset_class|strategy|currency_scale,MERGE,"source_section blanked: the only headings this document prints are the in-table groupings, which the placement rule makes asset_class/strategy and never source_section; pages 2-7 and 11 print no heading above the table at all. asset_class and strategy take the printed group name without the portfolio percentage and without '(Continued)': B's form split one class into two on the continuation pages and carried a running-header marker into the data. subject_type 'fund': the row label names a vehicle (L.P./LP/LLC/SCSp/Limited Partnership), which the label-driven rule types fund, not investment. currency_scale '$': the symbol is printed once at the head of the Cost and Fair Value columns and governs every value beneath it.; Source review: p3: Fair Value (Individual holdings, aggregate rows, and the hierarchy note have separate value scopes.) | p3: Fair Value (Printed heading or definition supporting the source-reviewed qualifier.)",RESOLVED,A+B+ADJUDICATOR,42fd3fd5192cd82559b79a6adfdcdbf321ee96ab2925a30c3f3513e2aabdc3b6
b2e4aac78391a8eb4b04,SRC407,3,PAIR_76CC24D08F3CB545D0433A9B,CONTEXT_CONFLICT,272,272,source_section|asset_class|strategy|currency_scale,MERGE,"source_section blanked: the only headings this document prints are the in-table groupings, which the placement rule makes asset_class/strategy and never source_section; pages 2-7 and 11 print no heading above the table at all. asset_class and strategy take the printed group name without the portfolio percentage and without '(Continued)': B's form split one class into two on the continuation pages and carried a running-header marker into the data. subject_type 'fund': the row label names a vehicle (L.P./LP/LLC/SCSp/Limited Partnership), which the label-driven rule types fund, not investment. currency_scale '$': the symbol is printed once at the head of the Cost and Fair Value columns and governs every value beneath it.",RESOLVED,A+B+ADJUDICATOR,42fd3fd5192cd82559b79a6adfdcdbf321ee96ab2925a30c3f3513e2aabdc3b6
6bd14325a64a7bcede16,SRC407,3,PAIR_57262769AB4C05F0D900E8F1,CONTEXT_CONFLICT,273,273,source_section|asset_class|strategy|currency_scale,MERGE,"source_section blanked: the only headings this document prints are the in-table groupings, which the placement rule makes asset_class/strategy and never source_section; pages 2-7 and 11 print no heading above the table at all. asset_class and strategy take the printed group name without the portfolio percentage and without '(Continued)': B's form split one class into two on the continuation pages and carried a running-header marker into the data. subject_type 'fund': the row label names a vehicle (L.P./LP/LLC/SCSp/Limited Partnership), which the label-driven rule types fund, not investment. currency_scale '$': the symbol is printed once at the head of the Cost and Fair Value columns and governs every value beneath it.; Source review: p3: Fair Value (Individual holdings, aggregate rows, and the hierarchy note have separate value scopes.) | p3: Fair Value (Printed heading or definition supporting the source-reviewed qualifier.)",RESOLVED,A+B+ADJUDICATOR,42fd3fd5192cd82559b79a6adfdcdbf321ee96ab2925a30c3f3513e2aabdc3b6
8b5d45afb40e49469077,SRC407,3,PAIR_B28D6ED3CCE530A0D90261C0,CONTEXT_CONFLICT,274,274,source_section|asset_class|strategy|currency_scale,MERGE,"source_section blanked: the only headings this document prints are the in-table groupings, which the placement rule makes asset_class/strategy and never source_section; pages 2-7 and 11 print no heading above the table at all. asset_class and strategy take the printed group name without the portfolio percentage and without '(Continued)': B's form split one class into two on the continuation pages and carried a running-header marker into the data. subject_type 'fund': the row label names a vehicle (L.P./LP/LLC/SCSp/Limited Partnership), which the label-driven rule types fund, not investment. currency_scale '$': the symbol is printed once at the head of the Cost and Fair Value columns and governs every value beneath it.",RESOLVED,A+B+ADJUDICATOR,42fd3fd5192cd82559b79a6adfdcdbf321ee96ab2925a30c3f3513e2aabdc3b6
26385b93a41bf168c338,SRC407,3,PAIR_0611AE167D1C2C636594B6C1,CONTEXT_CONFLICT,275,275,source_section|asset_class|strategy|currency_scale,MERGE,"source_section blanked: the only headings this document prints are the in-table groupings, which the placement rule makes asset_class/strategy and never source_section; pages 2-7 and 11 print no heading above the table at all. asset_class and strategy take the printed group name without the portfolio percentage and without '(Continued)': B's form split one class into two on the continuation pages and carried a running-header marker into the data. subject_type 'fund': the row label names a vehicle (L.P./LP/LLC/SCSp/Limited Partnership), which the label-driven rule types fund, not investment. currency_scale '$': the symbol is printed once at the head of the Cost and Fair Value columns and governs every value beneath it.; Source review: p3: Fair Value (Individual holdings, aggregate rows, and the hierarchy note have separate value scopes.) | p3: Fair Value (Printed heading or definition supporting the source-reviewed qualifier.)",RESOLVED,A+B+ADJUDICATOR,42fd3fd5192cd82559b79a6adfdcdbf321ee96ab2925a30c3f3513e2aabdc3b6
094c512897047e11a971,SRC407,3,PAIR_3F4EE0B12BE53FF698A3C850,CONTEXT_CONFLICT,276,276,source_section|asset_class|strategy|currency_scale,MERGE,"source_section blanked: the only headings this document prints are the in-table groupings, which the placement rule makes asset_class/strategy and never source_section; pages 2-7 and 11 print no heading above the table at all. asset_class and strategy take the printed group name without the portfolio percentage and without '(Continued)': B's form split one class into two on the continuation pages and carried a running-header marker into the data. subject_type 'fund': the row label names a vehicle (L.P./LP/LLC/SCSp/Limited Partnership), which the label-driven rule types fund, not investment. currency_scale '$': the symbol is printed once at the head of the Cost and Fair Value columns and governs every value beneath it.",RESOLVED,A+B+ADJUDICATOR,42fd3fd5192cd82559b79a6adfdcdbf321ee96ab2925a30c3f3513e2aabdc3b6
ebba9f2d093757489f4f,SRC407,3,PAIR_C5DBE7B2EAD6BB7D3282F663,CONTEXT_CONFLICT,277,277,source_section|asset_class|strategy|currency_scale,MERGE,"source_section blanked: the only headings this document prints are the in-table groupings, which the placement rule makes asset_class/strategy and never source_section; pages 2-7 and 11 print no heading above the table at all. asset_class and strategy take the printed group name without the portfolio percentage and without '(Continued)': B's form split one class into two on the continuation pages and carried a running-header marker into the data. subject_type 'fund': the row label names a vehicle (L.P./LP/LLC/SCSp/Limited Partnership), which the label-driven rule types fund, not investment. currency_scale '$': the symbol is printed once at the head of the Cost and Fair Value columns and governs every value beneath it.; Source review: p3: Fair Value (Individual holdings, aggregate rows, and the hierarchy note have separate value scopes.) | p3: Fair Value (Printed heading or definition supporting the source-reviewed qualifier.)",RESOLVED,A+B+ADJUDICATOR,42fd3fd5192cd82559b79a6adfdcdbf321ee96ab2925a30c3f3513e2aabdc3b6
749fae4f49f90d5b2654,SRC407,3,PAIR_A959C7A481D313C70C26701F,CONTEXT_CONFLICT,278,278,source_section|asset_class|strategy|currency_scale,MERGE,"source_section blanked: the only headings this document prints are the in-table groupings, which the placement rule makes asset_class/strategy and never source_section; pages 2-7 and 11 print no heading above the table at all. asset_class and strategy take the printed group name without the portfolio percentage and without '(Continued)': B's form split one class into two on the continuation pages and carried a running-header marker into the data. subject_type 'fund': the row label names a vehicle (L.P./LP/LLC/SCSp/Limited Partnership), which the label-driven rule types fund, not investment. currency_scale '$': the symbol is printed once at the head of the Cost and Fair Value columns and governs every value beneath it.",RESOLVED,A+B+ADJUDICATOR,42fd3fd5192cd82559b79a6adfdcdbf321ee96ab2925a30c3f3513e2aabdc3b6
a746d7d1442377666bfc,SRC407,3,PAIR_11FAD135E55AAB8ABF6987D5,CONTEXT_CONFLICT,279,279,source_section|asset_class|strategy|currency_scale,MERGE,"source_section blanked: the only headings this document prints are the in-table groupings, which the placement rule makes asset_class/strategy and never source_section; pages 2-7 and 11 print no heading above the table at all. asset_class and strategy take the printed group name without the portfolio percentage and without '(Continued)': B's form split one class into two on the continuation pages and carried a running-header marker into the data. subject_type 'fund': the row label names a vehicle (L.P./LP/LLC/SCSp/Limited Partnership), which the label-driven rule types fund, not investment. currency_scale '$': the symbol is printed once at the head of the Cost and Fair Value columns and governs every value beneath it.; Source review: p3: Fair Value (Individual holdings, aggregate rows, and the hierarchy note have separate value scopes.) | p3: Fair Value (Printed heading or definition supporting the source-reviewed qualifier.)",RESOLVED,A+B+ADJUDICATOR,42fd3fd5192cd82559b79a6adfdcdbf321ee96ab2925a30c3f3513e2aabdc3b6
1643c5141b3dfcd11cc2,SRC407,3,PAIR_99D782D90AC3BAB5F67CB503,CONTEXT_CONFLICT,280,280,source_section|asset_class|strategy|currency_scale,MERGE,"source_section blanked: the only headings this document prints are the in-table groupings, which the placement rule makes asset_class/strategy and never source_section; pages 2-7 and 11 print no heading above the table at all. asset_class and strategy take the printed group name without the portfolio percentage and without '(Continued)': B's form split one class into two on the continuation pages and carried a running-header marker into the data. subject_type 'fund': the row label names a vehicle (L.P./LP/LLC/SCSp/Limited Partnership), which the label-driven rule types fund, not investment. currency_scale '$': the symbol is printed once at the head of the Cost and Fair Value columns and governs every value beneath it.; Source review: p3: Fair Value (Individual holdings, aggregate rows, and the hierarchy note have separate value scopes.) | p3: Fair Value (Printed heading or definition supporting the source-reviewed qualifier.)",RESOLVED,A+B+ADJUDICATOR,42fd3fd5192cd82559b79a6adfdcdbf321ee96ab2925a30c3f3513e2aabdc3b6
91216c173317b895533d,SRC407,3,PAIR_457445A60C9EA37B4364C11A,CONTEXT_CONFLICT,281,281,source_section|asset_class|strategy|currency_scale,MERGE,"source_section blanked: the only headings this document prints are the in-table groupings, which the placement rule makes asset_class/strategy and never source_section; pages 2-7 and 11 print no heading above the table at all. asset_class and strategy take the printed group name without the portfolio percentage and without '(Continued)': B's form split one class into two on the continuation pages and carried a running-header marker into the data. subject_type 'fund': the row label names a vehicle (L.P./LP/LLC/SCSp/Limited Partnership), which the label-driven rule types fund, not investment. currency_scale '$': the symbol is printed once at the head of the Cost and Fair Value columns and governs every value beneath it.",RESOLVED,A+B+ADJUDICATOR,42fd3fd5192cd82559b79a6adfdcdbf321ee96ab2925a30c3f3513e2aabdc3b6
9fe5052981b95cb8d546,SRC407,3,PAIR_9B67FE29C94614BE387A604C,CONTEXT_CONFLICT,282,282,source_section|asset_class|strategy|currency_scale,MERGE,"source_section blanked: the only headings this document prints are the in-table groupings, which the placement rule makes asset_class/strategy and never source_section; pages 2-7 and 11 print no heading above the table at all. asset_class and strategy take the printed group name without the portfolio percentage and without '(Continued)': B's form split one class into two on the continuation pages and carried a running-header marker into the data. subject_type 'fund': the row label names a vehicle (L.P./LP/LLC/SCSp/Limited Partnership), which the label-driven rule types fund, not investment. currency_scale '$': the symbol is printed once at the head of the Cost and Fair Value columns and governs every value beneath it.; Source review: p3: Fair Value (Individual holdings, aggregate rows, and the hierarchy note have separate value scopes.) | p3: Fair Value (Printed heading or definition supporting the source-reviewed qualifier.)",RESOLVED,A+B+ADJUDICATOR,42fd3fd5192cd82559b79a6adfdcdbf321ee96ab2925a30c3f3513e2aabdc3b6
40d82930ee3285f2e2d6,SRC407,3,PAIR_52E4BD5136C3419B9D483350,CONTEXT_CONFLICT,283,283,source_section|asset_class|strategy|currency_scale,MERGE,"source_section blanked: the only headings this document prints are the in-table groupings, which the placement rule makes asset_class/strategy and never source_section; pages 2-7 and 11 print no heading above the table at all. asset_class and strategy take the printed group name without the portfolio percentage and without '(Continued)': B's form split one class into two on the continuation pages and carried a running-header marker into the data. subject_type 'fund': the row label names a vehicle (L.P./LP/LLC/SCSp/Limited Partnership), which the label-driven rule types fund, not investment. currency_scale '$': the symbol is printed once at the head of the Cost and Fair Value columns and governs every value beneath it.",RESOLVED,A+B+ADJUDICATOR,42fd3fd5192cd82559b79a6adfdcdbf321ee96ab2925a30c3f3513e2aabdc3b6
d553db78efed82a492e9,SRC407,3,PAIR_F3ACAF53C4C3EA0B78A718BF,CONTEXT_CONFLICT,284,284,source_section|asset_class|strategy|currency_scale,MERGE,"source_section blanked: the only headings this document prints are the in-table groupings, which the placement rule makes asset_class/strategy and never source_section; pages 2-7 and 11 print no heading above the table at all. asset_class and strategy take the printed group name without the portfolio percentage and without '(Continued)': B's form split one class into two on the continuation pages and carried a running-header marker into the data. subject_type 'fund': the row label names a vehicle (L.P./LP/LLC/SCSp/Limited Partnership), which the label-driven rule types fund, not investment. currency_scale '$': the symbol is printed once at the head of the Cost and Fair Value columns and governs every value beneath it.; Source review: p3: Fair Value (Individual holdings, aggregate rows, and the hierarchy note have separate value scopes.) | p3: Fair Value (Printed heading or definition supporting the source-reviewed qualifier.)",RESOLVED,A+B+ADJUDICATOR,42fd3fd5192cd82559b79a6adfdcdbf321ee96ab2925a30c3f3513e2aabdc3b6
b2f4205d61cfdabdb703,SRC407,3,PAIR_DC8E58FF9115F9EF884999D5,CONTEXT_CONFLICT,285,285,source_section|asset_class|strategy|currency_scale,MERGE,"source_section blanked: the only headings this document prints are the in-table groupings, which the placement rule makes asset_class/strategy and never source_section; pages 2-7 and 11 print no heading above the table at all. asset_class and strategy take the printed group name without the portfolio percentage and without '(Continued)': B's form split one class into two on the continuation pages and carried a running-header marker into the data. subject_type 'fund': the row label names a vehicle (L.P./LP/LLC/SCSp/Limited Partnership), which the label-driven rule types fund, not investment. currency_scale '$': the symbol is printed once at the head of the Cost and Fair Value columns and governs every value beneath it.",RESOLVED,A+B+ADJUDICATOR,42fd3fd5192cd82559b79a6adfdcdbf321ee96ab2925a30c3f3513e2aabdc3b6
279e5224c72a78f87ffb,SRC407,3,PAIR_87CB765A034A819DC022BE0E,CONTEXT_CONFLICT,286,286,source_section|asset_class|strategy|currency_scale,MERGE,"source_section blanked: the only headings this document prints are the in-table groupings, which the placement rule makes asset_class/strategy and never source_section; pages 2-7 and 11 print no heading above the table at all. asset_class and strategy take the printed group name without the portfolio percentage and without '(Continued)': B's form split one class into two on the continuation pages and carried a running-header marker into the data. subject_type 'fund': the row label names a vehicle (L.P./LP/LLC/SCSp/Limited Partnership), which the label-driven rule types fund, not investment. currency_scale '$': the symbol is printed once at the head of the Cost and Fair Value columns and governs every value beneath it.; Source review: p3: Fair Value (Individual holdings, aggregate rows, and the hierarchy note have separate value scopes.) | p3: Fair Value (Printed heading or definition supporting the source-reviewed qualifier.)",RESOLVED,A+B+ADJUDICATOR,42fd3fd5192cd82559b79a6adfdcdbf321ee96ab2925a30c3f3513e2aabdc3b6
5d8ebd9b90b672895693,SRC407,3,PAIR_F3B7BA6546511438FA6455AF,CONTEXT_CONFLICT,287,287,source_section|asset_class|strategy|currency_scale,MERGE,"source_section blanked: the only headings this document prints are the in-table groupings, which the placement rule makes asset_class/strategy and never source_section; pages 2-7 and 11 print no heading above the table at all. asset_class and strategy take the printed group name without the portfolio percentage and without '(Continued)': B's form split one class into two on the continuation pages and carried a running-header marker into the data. subject_type 'fund': the row label names a vehicle (L.P./LP/LLC/SCSp/Limited Partnership), which the label-driven rule types fund, not investment. currency_scale '$': the symbol is printed once at the head of the Cost and Fair Value columns and governs every value beneath it.",RESOLVED,A+B+ADJUDICATOR,42fd3fd5192cd82559b79a6adfdcdbf321ee96ab2925a30c3f3513e2aabdc3b6
0ce438fb9e5ae7236dac,SRC407,3,PAIR_E2C11C12F0FFB4BCD45C7CEE,CONTEXT_CONFLICT,288,288,source_section|asset_class|strategy|currency_scale,MERGE,"source_section blanked: the only headings this document prints are the in-table groupings, which the placement rule makes asset_class/strategy and never source_section; pages 2-7 and 11 print no heading above the table at all. asset_class and strategy take the printed group name without the portfolio percentage and without '(Continued)': B's form split one class into two on the continuation pages and carried a running-header marker into the data. subject_type 'fund': the row label names a vehicle (L.P./LP/LLC/SCSp/Limited Partnership), which the label-driven rule types fund, not investment. currency_scale '$': the symbol is printed once at the head of the Cost and Fair Value columns and governs every value beneath it.; Source review: p3: Fair Value (Individual holdings, aggregate rows, and the hierarchy note have separate value scopes.) | p3: Fair Value (Printed heading or definition supporting the source-reviewed qualifier.)",RESOLVED,A+B+ADJUDICATOR,42fd3fd5192cd82559b79a6adfdcdbf321ee96ab2925a30c3f3513e2aabdc3b6
cffc9ac956852b4eeccf,SRC407,3,PAIR_302DE0C239C95B038E70C02C,CONTEXT_CONFLICT,289,289,source_section|asset_class|strategy|currency_scale,MERGE,"source_section blanked: the only headings this document prints are the in-table groupings, which the placement rule makes asset_class/strategy and never source_section; pages 2-7 and 11 print no heading above the table at all. asset_class and strategy take the printed group name without the portfolio percentage and without '(Continued)': B's form split one class into two on the continuation pages and carried a running-header marker into the data. subject_type 'fund': the row label names a vehicle (L.P./LP/LLC/SCSp/Limited Partnership), which the label-driven rule types fund, not investment. currency_scale '$': the symbol is printed once at the head of the Cost and Fair Value columns and governs every value beneath it.",RESOLVED,A+B+ADJUDICATOR,42fd3fd5192cd82559b79a6adfdcdbf321ee96ab2925a30c3f3513e2aabdc3b6
759d4b5a8dc49d38ee01,SRC407,3,PAIR_CFA3BC9BBA159657F6F84288,CONTEXT_CONFLICT,290,290,source_section|asset_class|strategy|currency_scale,MERGE,"source_section blanked: the only headings this document prints are the in-table groupings, which the placement rule makes asset_class/strategy and never source_section; pages 2-7 and 11 print no heading above the table at all. asset_class and strategy take the printed group name without the portfolio percentage and without '(Continued)': B's form split one class into two on the continuation pages and carried a running-header marker into the data. subject_type 'fund': the row label names a vehicle (L.P./LP/LLC/SCSp/Limited Partnership), which the label-driven rule types fund, not investment. currency_scale '$': the symbol is printed once at the head of the Cost and Fair Value columns and governs every value beneath it.; Source review: p3: Fair Value (Individual holdings, aggregate rows, and the hierarchy note have separate value scopes.) | p3: Fair Value (Printed heading or definition supporting the source-reviewed qualifier.)",RESOLVED,A+B+ADJUDICATOR,42fd3fd5192cd82559b79a6adfdcdbf321ee96ab2925a30c3f3513e2aabdc3b6
1fb85ee5c3376efd7a6d,SRC407,3,PAIR_46F5C2D47BD10068A46A1EFF,CONTEXT_CONFLICT,291,291,source_section|asset_class|strategy|currency_scale,MERGE,"source_section blanked: the only headings this document prints are the in-table groupings, which the placement rule makes asset_class/strategy and never source_section; pages 2-7 and 11 print no heading above the table at all. asset_class and strategy take the printed group name without the portfolio percentage and without '(Continued)': B's form split one class into two on the continuation pages and carried a running-header marker into the data. subject_type 'fund': the row label names a vehicle (L.P./LP/LLC/SCSp/Limited Partnership), which the label-driven rule types fund, not investment. currency_scale '$': the symbol is printed once at the head of the Cost and Fair Value columns and governs every value beneath it.",RESOLVED,A+B+ADJUDICATOR,42fd3fd5192cd82559b79a6adfdcdbf321ee96ab2925a30c3f3513e2aabdc3b6
8187302a293fa8d005ec,SRC407,3,PAIR_77F3A5371A3B318F88929FF6,CONTEXT_CONFLICT,292,292,source_section|asset_class|strategy|currency_scale,MERGE,"source_section blanked: the only headings this document prints are the in-table groupings, which the placement rule makes asset_class/strategy and never source_section; pages 2-7 and 11 print no heading above the table at all. asset_class and strategy take the printed group name without the portfolio percentage and without '(Continued)': B's form split one class into two on the continuation pages and carried a running-header marker into the data. subject_type 'fund': the row label names a vehicle (L.P./LP/LLC/SCSp/Limited Partnership), which the label-driven rule types fund, not investment. currency_scale '$': the symbol is printed once at the head of the Cost and Fair Value columns and governs every value beneath it.; Source review: p3: Fair Value (Individual holdings, aggregate rows, and the hierarchy note have separate value scopes.) | p3: Fair Value (Printed heading or definition supporting the source-reviewed qualifier.)",RESOLVED,A+B+ADJUDICATOR,42fd3fd5192cd82559b79a6adfdcdbf321ee96ab2925a30c3f3513e2aabdc3b6
0d9a67b67c799dbd9e75,SRC407,3,PAIR_C74646A503E92AB9763EE5D7,CONTEXT_CONFLICT,293,293,source_section|asset_class|strategy|currency_scale,MERGE,"source_section blanked: the only headings this document prints are the in-table groupings, which the placement rule makes asset_class/strategy and never source_section; pages 2-7 and 11 print no heading above the table at all. asset_class and strategy take the printed group name without the portfolio percentage and without '(Continued)': B's form split one class into two on the continuation pages and carried a running-header marker into the data. subject_type 'fund': the row label names a vehicle (L.P./LP/LLC/SCSp/Limited Partnership), which the label-driven rule types fund, not investment. currency_scale '$': the symbol is printed once at the head of the Cost and Fair Value columns and governs every value beneath it.",RESOLVED,A+B+ADJUDICATOR,42fd3fd5192cd82559b79a6adfdcdbf321ee96ab2925a30c3f3513e2aabdc3b6
53f9b219546db2708371,SRC407,3,PAIR_48A246975141176312915E3D,CONTEXT_CONFLICT,294,294,source_section|asset_class|strategy|currency_scale,MERGE,"source_section blanked: the only headings this document prints are the in-table groupings, which the placement rule makes asset_class/strategy and never source_section; pages 2-7 and 11 print no heading above the table at all. asset_class and strategy take the printed group name without the portfolio percentage and without '(Continued)': B's form split one class into two on the continuation pages and carried a running-header marker into the data. subject_type 'fund': the row label names a vehicle (L.P./LP/LLC/SCSp/Limited Partnership), which the label-driven rule types fund, not investment. currency_scale '$': the symbol is printed once at the head of the Cost and Fair Value columns and governs every value beneath it.; Source review: p3: Fair Value (Individual holdings, aggregate rows, and the hierarchy note have separate value scopes.) | p3: Fair Value (Printed heading or definition supporting the source-reviewed qualifier.)",RESOLVED,A+B+ADJUDICATOR,42fd3fd5192cd82559b79a6adfdcdbf321ee96ab2925a30c3f3513e2aabdc3b6
0d22383966a52b1a2226,SRC407,3,PAIR_B8E2006CF90AEAE14FA5E422,CONTEXT_CONFLICT,295,295,source_section|asset_class|strategy|currency_scale,MERGE,"source_section blanked: the only headings this document prints are the in-table groupings, which the placement rule makes asset_class/strategy and never source_section; pages 2-7 and 11 print no heading above the table at all. asset_class and strategy take the printed group name without the portfolio percentage and without '(Continued)': B's form split one class into two on the continuation pages and carried a running-header marker into the data. subject_type 'fund': the row label names a vehicle (L.P./LP/LLC/SCSp/Limited Partnership), which the label-driven rule types fund, not investment. currency_scale '$': the symbol is printed once at the head of the Cost and Fair Value columns and governs every value beneath it.",RESOLVED,A+B+ADJUDICATOR,42fd3fd5192cd82559b79a6adfdcdbf321ee96ab2925a30c3f3513e2aabdc3b6
5353bb5bbabf9fca8737,SRC407,3,PAIR_E2F66C708A1C64F912842F49,CONTEXT_CONFLICT,296,296,source_section|asset_class|strategy|currency_scale,MERGE,"source_section blanked: the only headings this document prints are the in-table groupings, which the placement rule makes asset_class/strategy and never source_section; pages 2-7 and 11 print no heading above the table at all. asset_class and strategy take the printed group name without the portfolio percentage and without '(Continued)': B's form split one class into two on the continuation pages and carried a running-header marker into the data. subject_type 'fund': the row label names a vehicle (L.P./LP/LLC/SCSp/Limited Partnership), which the label-driven rule types fund, not investment. currency_scale '$': the symbol is printed once at the head of the Cost and Fair Value columns and governs every value beneath it.; Source review: p3: Fair Value (Individual holdings, aggregate rows, and the hierarchy note have separate value scopes.) | p3: Fair Value (Printed heading or definition supporting the source-reviewed qualifier.)",RESOLVED,A+B+ADJUDICATOR,42fd3fd5192cd82559b79a6adfdcdbf321ee96ab2925a30c3f3513e2aabdc3b6
aad22d1a23a756d19299,SRC407,3,PAIR_22805A21DFE0A6BE8BBE02B0,CONTEXT_CONFLICT,297,297,source_section|asset_class|strategy|currency_scale,MERGE,"source_section blanked: the only headings this document prints are the in-table groupings, which the placement rule makes asset_class/strategy and never source_section; pages 2-7 and 11 print no heading above the table at all. asset_class and strategy take the printed group name without the portfolio percentage and without '(Continued)': B's form split one class into two on the continuation pages and carried a running-header marker into the data. subject_type 'fund': the row label names a vehicle (L.P./LP/LLC/SCSp/Limited Partnership), which the label-driven rule types fund, not investment. currency_scale '$': the symbol is printed once at the head of the Cost and Fair Value columns and governs every value beneath it.",RESOLVED,A+B+ADJUDICATOR,42fd3fd5192cd82559b79a6adfdcdbf321ee96ab2925a30c3f3513e2aabdc3b6
c5172398b30949a9205b,SRC407,3,PAIR_14F1E4210BBF5C6F365876B9,CONTEXT_CONFLICT,298,298,source_section|asset_class|strategy|currency_scale,MERGE,"source_section blanked: the only headings this document prints are the in-table groupings, which the placement rule makes asset_class/strategy and never source_section; pages 2-7 and 11 print no heading above the table at all. asset_class and strategy take the printed group name without the portfolio percentage and without '(Continued)': B's form split one class into two on the continuation pages and carried a running-header marker into the data. subject_type 'fund': the row label names a vehicle (L.P./LP/LLC/SCSp/Limited Partnership), which the label-driven rule types fund, not investment. currency_scale '$': the symbol is printed once at the head of the Cost and Fair Value columns and governs every value beneath it.; Source review: p3: Fair Value (Individual holdings, aggregate rows, and the hierarchy note have separate value scopes.) | p3: Fair Value (Printed heading or definition supporting the source-reviewed qualifier.)",RESOLVED,A+B+ADJUDICATOR,42fd3fd5192cd82559b79a6adfdcdbf321ee96ab2925a30c3f3513e2aabdc3b6
943d7c957540a86339c0,SRC407,3,PAIR_1413B74920D31FC8C15E9DB7,CONTEXT_CONFLICT,299,299,source_section|asset_class|strategy|currency_scale,MERGE,"source_section blanked: the only headings this document prints are the in-table groupings, which the placement rule makes asset_class/strategy and never source_section; pages 2-7 and 11 print no heading above the table at all. asset_class and strategy take the printed group name without the portfolio percentage and without '(Continued)': B's form split one class into two on the continuation pages and carried a running-header marker into the data. subject_type 'fund': the row label names a vehicle (L.P./LP/LLC/SCSp/Limited Partnership), which the label-driven rule types fund, not investment. currency_scale '$': the symbol is printed once at the head of the Cost and Fair Value columns and governs every value beneath it.",RESOLVED,A+B+ADJUDICATOR,42fd3fd5192cd82559b79a6adfdcdbf321ee96ab2925a30c3f3513e2aabdc3b6
063668db3948816166cf,SRC407,3,PAIR_3238A15C8AE5D8EF2CDF043E,CONTEXT_CONFLICT,300,300,source_section|asset_class|strategy|currency_scale,MERGE,"source_section blanked: the only headings this document prints are the in-table groupings, which the placement rule makes asset_class/strategy and never source_section; pages 2-7 and 11 print no heading above the table at all. asset_class and strategy take the printed group name without the portfolio percentage and without '(Continued)': B's form split one class into two on the continuation pages and carried a running-header marker into the data. subject_type 'fund': the row label names a vehicle (L.P./LP/LLC/SCSp/Limited Partnership), which the label-driven rule types fund, not investment. currency_scale '$': the symbol is printed once at the head of the Cost and Fair Value columns and governs every value beneath it.; Source review: p3: Fair Value (Individual holdings, aggregate rows, and the hierarchy note have separate value scopes.) | p3: Fair Value (Printed heading or definition supporting the source-reviewed qualifier.)",RESOLVED,A+B+ADJUDICATOR,42fd3fd5192cd82559b79a6adfdcdbf321ee96ab2925a30c3f3513e2aabdc3b6
4d50fb05bb4c61ecbf8a,SRC407,3,PAIR_35BBE29081448845667123BC,CONTEXT_CONFLICT,301,301,source_section|asset_class|strategy|currency_scale,MERGE,"source_section blanked: the only headings this document prints are the in-table groupings, which the placement rule makes asset_class/strategy and never source_section; pages 2-7 and 11 print no heading above the table at all. asset_class and strategy take the printed group name without the portfolio percentage and without '(Continued)': B's form split one class into two on the continuation pages and carried a running-header marker into the data. subject_type 'fund': the row label names a vehicle (L.P./LP/LLC/SCSp/Limited Partnership), which the label-driven rule types fund, not investment. currency_scale '$': the symbol is printed once at the head of the Cost and Fair Value columns and governs every value beneath it.",RESOLVED,A+B+ADJUDICATOR,42fd3fd5192cd82559b79a6adfdcdbf321ee96ab2925a30c3f3513e2aabdc3b6
a37d877b5d3531d91192,SRC407,3,PAIR_4C208590CC06BA05E715935C,CONTEXT_CONFLICT,302,302,source_section|asset_class|strategy|currency_scale,MERGE,"source_section blanked: the only headings this document prints are the in-table groupings, which the placement rule makes asset_class/strategy and never source_section; pages 2-7 and 11 print no heading above the table at all. asset_class and strategy take the printed group name without the portfolio percentage and without '(Continued)': B's form split one class into two on the continuation pages and carried a running-header marker into the data. subject_type 'fund': the row label names a vehicle (L.P./LP/LLC/SCSp/Limited Partnership), which the label-driven rule types fund, not investment. currency_scale '$': the symbol is printed once at the head of the Cost and Fair Value columns and governs every value beneath it.; Source review: p3: Fair Value (Individual holdings, aggregate rows, and the hierarchy note have separate value scopes.) | p3: Fair Value (Printed heading or definition supporting the source-reviewed qualifier.)",RESOLVED,A+B+ADJUDICATOR,42fd3fd5192cd82559b79a6adfdcdbf321ee96ab2925a30c3f3513e2aabdc3b6
9490c154db8ac8f8de5d,SRC407,3,PAIR_05A28BC8A2867A514A37D4AD,CONTEXT_CONFLICT,303,303,source_section|asset_class|strategy|currency_scale,MERGE,"source_section blanked: the only headings this document prints are the in-table groupings, which the placement rule makes asset_class/strategy and never source_section; pages 2-7 and 11 print no heading above the table at all. asset_class and strategy take the printed group name without the portfolio percentage and without '(Continued)': B's form split one class into two on the continuation pages and carried a running-header marker into the data. subject_type 'fund': the row label names a vehicle (L.P./LP/LLC/SCSp/Limited Partnership), which the label-driven rule types fund, not investment. currency_scale '$': the symbol is printed once at the head of the Cost and Fair Value columns and governs every value beneath it.",RESOLVED,A+B+ADJUDICATOR,42fd3fd5192cd82559b79a6adfdcdbf321ee96ab2925a30c3f3513e2aabdc3b6
ae80b826e939e1904666,SRC407,3,PAIR_D0F0BFFFE51FD3659D92BC47,CONTEXT_CONFLICT,304,304,source_section|asset_class|strategy|currency_scale,MERGE,"source_section blanked: the only headings this document prints are the in-table groupings, which the placement rule makes asset_class/strategy and never source_section; pages 2-7 and 11 print no heading above the table at all. asset_class and strategy take the printed group name without the portfolio percentage and without '(Continued)': B's form split one class into two on the continuation pages and carried a running-header marker into the data. subject_type 'fund': the row label names a vehicle (L.P./LP/LLC/SCSp/Limited Partnership), which the label-driven rule types fund, not investment. currency_scale '$': the symbol is printed once at the head of the Cost and Fair Value columns and governs every value beneath it.; Source review: p3: Fair Value (Individual holdings, aggregate rows, and the hierarchy note have separate value scopes.) | p3: Fair Value (Printed heading or definition supporting the source-reviewed qualifier.)",RESOLVED,A+B+ADJUDICATOR,42fd3fd5192cd82559b79a6adfdcdbf321ee96ab2925a30c3f3513e2aabdc3b6
347f8c20fc0ea0156209,SRC407,3,PAIR_BC364A3695522AB96EE2260A,CONTEXT_CONFLICT,305,305,source_section|asset_class|strategy|currency_scale,MERGE,"source_section blanked: the only headings this document prints are the in-table groupings, which the placement rule makes asset_class/strategy and never source_section; pages 2-7 and 11 print no heading above the table at all. asset_class and strategy take the printed group name without the portfolio percentage and without '(Continued)': B's form split one class into two on the continuation pages and carried a running-header marker into the data. subject_type 'fund': the row label names a vehicle (L.P./LP/LLC/SCSp/Limited Partnership), which the label-driven rule types fund, not investment. currency_scale '$': the symbol is printed once at the head of the Cost and Fair Value columns and governs every value beneath it.",RESOLVED,A+B+ADJUDICATOR,42fd3fd5192cd82559b79a6adfdcdbf321ee96ab2925a30c3f3513e2aabdc3b6
59a80b3574a34aee5325,SRC407,3,PAIR_2FD5934D1C7772501E4727D3,CONTEXT_CONFLICT,306,306,source_section|asset_class|strategy|currency_scale,MERGE,"source_section blanked: the only headings this document prints are the in-table groupings, which the placement rule makes asset_class/strategy and never source_section; pages 2-7 and 11 print no heading above the table at all. asset_class and strategy take the printed group name without the portfolio percentage and without '(Continued)': B's form split one class into two on the continuation pages and carried a running-header marker into the data. subject_type 'fund': the row label names a vehicle (L.P./LP/LLC/SCSp/Limited Partnership), which the label-driven rule types fund, not investment. currency_scale '$': the symbol is printed once at the head of the Cost and Fair Value columns and governs every value beneath it.; Source review: p3: Fair Value (Individual holdings, aggregate rows, and the hierarchy note have separate value scopes.) | p3: Fair Value (Printed heading or definition supporting the source-reviewed qualifier.)",RESOLVED,A+B+ADJUDICATOR,42fd3fd5192cd82559b79a6adfdcdbf321ee96ab2925a30c3f3513e2aabdc3b6
e8c33014d2ba69eaa54b,SRC407,3,PAIR_531C5D7B5A2375419973D9B2,CONTEXT_CONFLICT,307,307,source_section|asset_class|strategy|currency_scale,MERGE,"source_section blanked: the only headings this document prints are the in-table groupings, which the placement rule makes asset_class/strategy and never source_section; pages 2-7 and 11 print no heading above the table at all. asset_class and strategy take the printed group name without the portfolio percentage and without '(Continued)': B's form split one class into two on the continuation pages and carried a running-header marker into the data. subject_type 'fund': the row label names a vehicle (L.P./LP/LLC/SCSp/Limited Partnership), which the label-driven rule types fund, not investment. currency_scale '$': the symbol is printed once at the head of the Cost and Fair Value columns and governs every value beneath it.",RESOLVED,A+B+ADJUDICATOR,42fd3fd5192cd82559b79a6adfdcdbf321ee96ab2925a30c3f3513e2aabdc3b6
f5f014077a5d91bd2b69,SRC407,3,PAIR_4108E730963AE0EE56CA8C5D,CONTEXT_CONFLICT,308,308,source_section|asset_class|strategy|currency_scale,MERGE,"source_section blanked: the only headings this document prints are the in-table groupings, which the placement rule makes asset_class/strategy and never source_section; pages 2-7 and 11 print no heading above the table at all. asset_class and strategy take the printed group name without the portfolio percentage and without '(Continued)': B's form split one class into two on the continuation pages and carried a running-header marker into the data. subject_type 'fund': the row label names a vehicle (L.P./LP/LLC/SCSp/Limited Partnership), which the label-driven rule types fund, not investment. currency_scale '$': the symbol is printed once at the head of the Cost and Fair Value columns and governs every value beneath it.; Source review: p3: Fair Value (Individual holdings, aggregate rows, and the hierarchy note have separate value scopes.) | p3: Fair Value (Printed heading or definition supporting the source-reviewed qualifier.)",RESOLVED,A+B+ADJUDICATOR,42fd3fd5192cd82559b79a6adfdcdbf321ee96ab2925a30c3f3513e2aabdc3b6
cc44d7d09011dbe6a7c5,SRC407,3,PAIR_79507E3C6886422C076E620E,CONTEXT_CONFLICT,309,309,source_section|asset_class|strategy|currency_scale,MERGE,"source_section blanked: the only headings this document prints are the in-table groupings, which the placement rule makes asset_class/strategy and never source_section; pages 2-7 and 11 print no heading above the table at all. asset_class and strategy take the printed group name without the portfolio percentage and without '(Continued)': B's form split one class into two on the continuation pages and carried a running-header marker into the data. subject_type 'fund': the row label names a vehicle (L.P./LP/LLC/SCSp/Limited Partnership), which the label-driven rule types fund, not investment. currency_scale '$': the symbol is printed once at the head of the Cost and Fair Value columns and governs every value beneath it.",RESOLVED,A+B+ADJUDICATOR,42fd3fd5192cd82559b79a6adfdcdbf321ee96ab2925a30c3f3513e2aabdc3b6
d084646709e827da40fb,SRC407,3,PAIR_0646BFE8808E692FCE80D534,CONTEXT_CONFLICT,310,310,source_section|asset_class|strategy|currency_scale,MERGE,"source_section blanked: the only headings this document prints are the in-table groupings, which the placement rule makes asset_class/strategy and never source_section; pages 2-7 and 11 print no heading above the table at all. asset_class and strategy take the printed group name without the portfolio percentage and without '(Continued)': B's form split one class into two on the continuation pages and carried a running-header marker into the data. subject_type 'fund': the row label names a vehicle (L.P./LP/LLC/SCSp/Limited Partnership), which the label-driven rule types fund, not investment. currency_scale '$': the symbol is printed once at the head of the Cost and Fair Value columns and governs every value beneath it.; Source review: p3: Fair Value (Individual holdings, aggregate rows, and the hierarchy note have separate value scopes.) | p3: Fair Value (Printed heading or definition supporting the source-reviewed qualifier.)",RESOLVED,A+B+ADJUDICATOR,42fd3fd5192cd82559b79a6adfdcdbf321ee96ab2925a30c3f3513e2aabdc3b6
054419d07c0803c67711,SRC407,3,PAIR_81DF67240749A799054338D2,CONTEXT_CONFLICT,311,311,source_section|asset_class|strategy|currency_scale,MERGE,"source_section blanked: the only headings this document prints are the in-table groupings, which the placement rule makes asset_class/strategy and never source_section; pages 2-7 and 11 print no heading above the table at all. asset_class and strategy take the printed group name without the portfolio percentage and without '(Continued)': B's form split one class into two on the continuation pages and carried a running-header marker into the data. subject_type 'fund': the row label names a vehicle (L.P./LP/LLC/SCSp/Limited Partnership), which the label-driven rule types fund, not investment. currency_scale '$': the symbol is printed once at the head of the Cost and Fair Value columns and governs every value beneath it.",RESOLVED,A+B+ADJUDICATOR,42fd3fd5192cd82559b79a6adfdcdbf321ee96ab2925a30c3f3513e2aabdc3b6
7d35070ef161633d3ccc,SRC407,3,PAIR_B78882D933A05C9DB55284C1,CONTEXT_CONFLICT,312,312,source_section|asset_class|strategy|currency_scale,MERGE,"source_section blanked: the only headings this document prints are the in-table groupings, which the placement rule makes asset_class/strategy and never source_section; pages 2-7 and 11 print no heading above the table at all. asset_class and strategy take the printed group name without the portfolio percentage and without '(Continued)': B's form split one class into two on the continuation pages and carried a running-header marker into the data. subject_type 'fund': the row label names a vehicle (L.P./LP/LLC/SCSp/Limited Partnership), which the label-driven rule types fund, not investment. currency_scale '$': the symbol is printed once at the head of the Cost and Fair Value columns and governs every value beneath it.; Source review: p3: Fair Value (Individual holdings, aggregate rows, and the hierarchy note have separate value scopes.) | p3: Fair Value (Printed heading or definition supporting the source-reviewed qualifier.)",RESOLVED,A+B+ADJUDICATOR,42fd3fd5192cd82559b79a6adfdcdbf321ee96ab2925a30c3f3513e2aabdc3b6
7f159b7a812c797409d1,SRC407,3,PAIR_F72513AF24787635BD0670A9,CONTEXT_CONFLICT,313,313,source_section|asset_class|strategy|currency_scale,MERGE,"source_section blanked: the only headings this document prints are the in-table groupings, which the placement rule makes asset_class/strategy and never source_section; pages 2-7 and 11 print no heading above the table at all. asset_class and strategy take the printed group name without the portfolio percentage and without '(Continued)': B's form split one class into two on the continuation pages and carried a running-header marker into the data. subject_type 'fund': the row label names a vehicle (L.P./LP/LLC/SCSp/Limited Partnership), which the label-driven rule types fund, not investment. currency_scale '$': the symbol is printed once at the head of the Cost and Fair Value columns and governs every value beneath it.",RESOLVED,A+B+ADJUDICATOR,42fd3fd5192cd82559b79a6adfdcdbf321ee96ab2925a30c3f3513e2aabdc3b6
7aebb0634e6600afca4a,SRC407,3,PAIR_7FEBA2D6431C49A82893D939,CONTEXT_CONFLICT,314,314,source_section|asset_class|strategy|currency_scale,MERGE,"source_section blanked: the only headings this document prints are the in-table groupings, which the placement rule makes asset_class/strategy and never source_section; pages 2-7 and 11 print no heading above the table at all. asset_class and strategy take the printed group name without the portfolio percentage and without '(Continued)': B's form split one class into two on the continuation pages and carried a running-header marker into the data. subject_type 'fund': the row label names a vehicle (L.P./LP/LLC/SCSp/Limited Partnership), which the label-driven rule types fund, not investment. currency_scale '$': the symbol is printed once at the head of the Cost and Fair Value columns and governs every value beneath it.; Source review: p3: Fair Value (Individual holdings, aggregate rows, and the hierarchy note have separate value scopes.) | p3: Fair Value (Printed heading or definition supporting the source-reviewed qualifier.)",RESOLVED,A+B+ADJUDICATOR,42fd3fd5192cd82559b79a6adfdcdbf321ee96ab2925a30c3f3513e2aabdc3b6
c941835e9b6deabf7548,SRC407,3,PAIR_2B35B29AB843007B5AC97FEE,CONTEXT_CONFLICT,315,315,source_section|asset_class|strategy|currency_scale,MERGE,"source_section blanked: the only headings this document prints are the in-table groupings, which the placement rule makes asset_class/strategy and never source_section; pages 2-7 and 11 print no heading above the table at all. asset_class and strategy take the printed group name without the portfolio percentage and without '(Continued)': B's form split one class into two on the continuation pages and carried a running-header marker into the data. subject_type 'fund': the row label names a vehicle (L.P./LP/LLC/SCSp/Limited Partnership), which the label-driven rule types fund, not investment. currency_scale '$': the symbol is printed once at the head of the Cost and Fair Value columns and governs every value beneath it.",RESOLVED,A+B+ADJUDICATOR,42fd3fd5192cd82559b79a6adfdcdbf321ee96ab2925a30c3f3513e2aabdc3b6
21783c206e698eaa5e95,SRC407,3,PAIR_11DDFB1BA68ED858D297373E,CONTEXT_CONFLICT,316,316,source_section|asset_class|strategy|currency_scale,MERGE,"source_section blanked: the only headings this document prints are the in-table groupings, which the placement rule makes asset_class/strategy and never source_section; pages 2-7 and 11 print no heading above the table at all. asset_class and strategy take the printed group name without the portfolio percentage and without '(Continued)': B's form split one class into two on the continuation pages and carried a running-header marker into the data. subject_type 'fund': the row label names a vehicle (L.P./LP/LLC/SCSp/Limited Partnership), which the label-driven rule types fund, not investment. currency_scale '$': the symbol is printed once at the head of the Cost and Fair Value columns and governs every value beneath it.; Source review: p3: Fair Value (Individual holdings, aggregate rows, and the hierarchy note have separate value scopes.) | p3: Fair Value (Printed heading or definition supporting the source-reviewed qualifier.)",RESOLVED,A+B+ADJUDICATOR,42fd3fd5192cd82559b79a6adfdcdbf321ee96ab2925a30c3f3513e2aabdc3b6
cd50f5358ffe676bccdf,SRC407,3,PAIR_55DA2D3059167A9FBD6F61C9,CONTEXT_CONFLICT,317,317,source_section|asset_class|strategy|currency_scale,MERGE,"source_section blanked: the only headings this document prints are the in-table groupings, which the placement rule makes asset_class/strategy and never source_section; pages 2-7 and 11 print no heading above the table at all. asset_class and strategy take the printed group name without the portfolio percentage and without '(Continued)': B's form split one class into two on the continuation pages and carried a running-header marker into the data. subject_type 'fund': the row label names a vehicle (L.P./LP/LLC/SCSp/Limited Partnership), which the label-driven rule types fund, not investment. currency_scale '$': the symbol is printed once at the head of the Cost and Fair Value columns and governs every value beneath it.",RESOLVED,A+B+ADJUDICATOR,42fd3fd5192cd82559b79a6adfdcdbf321ee96ab2925a30c3f3513e2aabdc3b6
eb22a5123c5570d30e07,SRC407,3,PAIR_DD48E942E8277B375B68A540,CONTEXT_CONFLICT,318,318,source_section|asset_class|strategy|currency_scale,MERGE,"source_section blanked: the only headings this document prints are the in-table groupings, which the placement rule makes asset_class/strategy and never source_section; pages 2-7 and 11 print no heading above the table at all. asset_class and strategy take the printed group name without the portfolio percentage and without '(Continued)': B's form split one class into two on the continuation pages and carried a running-header marker into the data. subject_type 'fund': the row label names a vehicle (L.P./LP/LLC/SCSp/Limited Partnership), which the label-driven rule types fund, not investment. currency_scale '$': the symbol is printed once at the head of the Cost and Fair Value columns and governs every value beneath it.; Source review: p3: Fair Value (Individual holdings, aggregate rows, and the hierarchy note have separate value scopes.) | p3: Fair Value (Printed heading or definition supporting the source-reviewed qualifier.)",RESOLVED,A+B+ADJUDICATOR,42fd3fd5192cd82559b79a6adfdcdbf321ee96ab2925a30c3f3513e2aabdc3b6
063a78707869bee28e5e,SRC407,3,PAIR_2BCB4B532284CE276606830B,CONTEXT_CONFLICT,319,319,source_section|asset_class|strategy|currency_scale,MERGE,"source_section blanked: the only headings this document prints are the in-table groupings, which the placement rule makes asset_class/strategy and never source_section; pages 2-7 and 11 print no heading above the table at all. asset_class and strategy take the printed group name without the portfolio percentage and without '(Continued)': B's form split one class into two on the continuation pages and carried a running-header marker into the data. subject_type 'fund': the row label names a vehicle (L.P./LP/LLC/SCSp/Limited Partnership), which the label-driven rule types fund, not investment. currency_scale '$': the symbol is printed once at the head of the Cost and Fair Value columns and governs every value beneath it.",RESOLVED,A+B+ADJUDICATOR,42fd3fd5192cd82559b79a6adfdcdbf321ee96ab2925a30c3f3513e2aabdc3b6
fb7682e82b8d9f4e0d80,SRC407,3,PAIR_2A789B3B4249AA2B6E9ECDD7,CONTEXT_CONFLICT,320,320,source_section|asset_class|strategy|currency_scale,MERGE,"source_section blanked: the only headings this document prints are the in-table groupings, which the placement rule makes asset_class/strategy and never source_section; pages 2-7 and 11 print no heading above the table at all. asset_class and strategy take the printed group name without the portfolio percentage and without '(Continued)': B's form split one class into two on the continuation pages and carried a running-header marker into the data. subject_type 'fund': the row label names a vehicle (L.P./LP/LLC/SCSp/Limited Partnership), which the label-driven rule types fund, not investment. currency_scale '$': the symbol is printed once at the head of the Cost and Fair Value columns and governs every value beneath it.; Source review: p3: Fair Value (Individual holdings, aggregate rows, and the hierarchy note have separate value scopes.) | p3: Fair Value (Printed heading or definition supporting the source-reviewed qualifier.)",RESOLVED,A+B+ADJUDICATOR,42fd3fd5192cd82559b79a6adfdcdbf321ee96ab2925a30c3f3513e2aabdc3b6
ceb78d15793f8e64e2c3,SRC407,3,PAIR_CA503500AEAAD6BD26DEA12F,CONTEXT_CONFLICT,321,321,source_section|asset_class|strategy|currency_scale,MERGE,"source_section blanked: the only headings this document prints are the in-table groupings, which the placement rule makes asset_class/strategy and never source_section; pages 2-7 and 11 print no heading above the table at all. asset_class and strategy take the printed group name without the portfolio percentage and without '(Continued)': B's form split one class into two on the continuation pages and carried a running-header marker into the data. subject_type 'fund': the row label names a vehicle (L.P./LP/LLC/SCSp/Limited Partnership), which the label-driven rule types fund, not investment. currency_scale '$': the symbol is printed once at the head of the Cost and Fair Value columns and governs every value beneath it.",RESOLVED,A+B+ADJUDICATOR,42fd3fd5192cd82559b79a6adfdcdbf321ee96ab2925a30c3f3513e2aabdc3b6
8181b08e6d9f2281c709,SRC407,3,PAIR_B7C4F670C20DA05E18ADB472,CONTEXT_CONFLICT,322,322,source_section|asset_class|strategy|currency_scale,MERGE,"source_section blanked: the only headings this document prints are the in-table groupings, which the placement rule makes asset_class/strategy and never source_section; pages 2-7 and 11 print no heading above the table at all. asset_class and strategy take the printed group name without the portfolio percentage and without '(Continued)': B's form split one class into two on the continuation pages and carried a running-header marker into the data. subject_type 'fund': the row label names a vehicle (L.P./LP/LLC/SCSp/Limited Partnership), which the label-driven rule types fund, not investment. currency_scale '$': the symbol is printed once at the head of the Cost and Fair Value columns and governs every value beneath it.; Source review: p3: Fair Value (Individual holdings, aggregate rows, and the hierarchy note have separate value scopes.) | p3: Fair Value (Printed heading or definition supporting the source-reviewed qualifier.)",RESOLVED,A+B+ADJUDICATOR,42fd3fd5192cd82559b79a6adfdcdbf321ee96ab2925a30c3f3513e2aabdc3b6
977f0d8df469c6a29533,SRC407,3,PAIR_DFA4923EC80A0AAB92F78CA3,CONTEXT_CONFLICT,323,323,source_section|asset_class|strategy|currency_scale,MERGE,"source_section blanked: the only headings this document prints are the in-table groupings, which the placement rule makes asset_class/strategy and never source_section; pages 2-7 and 11 print no heading above the table at all. asset_class and strategy take the printed group name without the portfolio percentage and without '(Continued)': B's form split one class into two on the continuation pages and carried a running-header marker into the data. subject_type 'fund': the row label names a vehicle (L.P./LP/LLC/SCSp/Limited Partnership), which the label-driven rule types fund, not investment. currency_scale '$': the symbol is printed once at the head of the Cost and Fair Value columns and governs every value beneath it.",RESOLVED,A+B+ADJUDICATOR,42fd3fd5192cd82559b79a6adfdcdbf321ee96ab2925a30c3f3513e2aabdc3b6
c3ca4d69aba7d35c8725,SRC407,3,PAIR_F86776B39F7107EDA13FCCE4,CONTEXT_CONFLICT,324,324,source_section|asset_class|strategy|currency_scale,MERGE,"source_section blanked: the only headings this document prints are the in-table groupings, which the placement rule makes asset_class/strategy and never source_section; pages 2-7 and 11 print no heading above the table at all. asset_class and strategy take the printed group name without the portfolio percentage and without '(Continued)': B's form split one class into two on the continuation pages and carried a running-header marker into the data. subject_type 'fund': the row label names a vehicle (L.P./LP/LLC/SCSp/Limited Partnership), which the label-driven rule types fund, not investment. currency_scale '$': the symbol is printed once at the head of the Cost and Fair Value columns and governs every value beneath it.; Source review: p3: Fair Value (Individual holdings, aggregate rows, and the hierarchy note have separate value scopes.) | p3: Fair Value (Printed heading or definition supporting the source-reviewed qualifier.)",RESOLVED,A+B+ADJUDICATOR,42fd3fd5192cd82559b79a6adfdcdbf321ee96ab2925a30c3f3513e2aabdc3b6
7962f6b9b15586ea6cf7,SRC407,3,PAIR_3858A6F9BC6AFBD5789C2681,CONTEXT_CONFLICT,325,325,source_section|asset_class|strategy|currency_scale,MERGE,"source_section blanked: the only headings this document prints are the in-table groupings, which the placement rule makes asset_class/strategy and never source_section; pages 2-7 and 11 print no heading above the table at all. asset_class and strategy take the printed group name without the portfolio percentage and without '(Continued)': B's form split one class into two on the continuation pages and carried a running-header marker into the data. subject_type 'fund': the row label names a vehicle (L.P./LP/LLC/SCSp/Limited Partnership), which the label-driven rule types fund, not investment. currency_scale '$': the symbol is printed once at the head of the Cost and Fair Value columns and governs every value beneath it.",RESOLVED,A+B+ADJUDICATOR,42fd3fd5192cd82559b79a6adfdcdbf321ee96ab2925a30c3f3513e2aabdc3b6
9ac6605b53c8ab736a91,SRC407,3,PAIR_C4373EFF56CDD25A6974599F,CONTEXT_CONFLICT,326,326,source_section|asset_class|strategy|currency_scale,MERGE,"source_section blanked: the only headings this document prints are the in-table groupings, which the placement rule makes asset_class/strategy and never source_section; pages 2-7 and 11 print no heading above the table at all. asset_class and strategy take the printed group name without the portfolio percentage and without '(Continued)': B's form split one class into two on the continuation pages and carried a running-header marker into the data. subject_type 'fund': the row label names a vehicle (L.P./LP/LLC/SCSp/Limited Partnership), which the label-driven rule types fund, not investment. currency_scale '$': the symbol is printed once at the head of the Cost and Fair Value columns and governs every value beneath it.; Source review: p3: Fair Value (Individual holdings, aggregate rows, and the hierarchy note have separate value scopes.) | p3: Fair Value (Printed heading or definition supporting the source-reviewed qualifier.)",RESOLVED,A+B+ADJUDICATOR,42fd3fd5192cd82559b79a6adfdcdbf321ee96ab2925a30c3f3513e2aabdc3b6
92dffb088c52695e0d95,SRC407,3,PAIR_5952F82B84CFAF929C3877E6,CONTEXT_CONFLICT,327,327,source_section|asset_class|strategy|currency_scale,MERGE,"source_section blanked: the only headings this document prints are the in-table groupings, which the placement rule makes asset_class/strategy and never source_section; pages 2-7 and 11 print no heading above the table at all. asset_class and strategy take the printed group name without the portfolio percentage and without '(Continued)': B's form split one class into two on the continuation pages and carried a running-header marker into the data. subject_type 'fund': the row label names a vehicle (L.P./LP/LLC/SCSp/Limited Partnership), which the label-driven rule types fund, not investment. currency_scale '$': the symbol is printed once at the head of the Cost and Fair Value columns and governs every value beneath it.",RESOLVED,A+B+ADJUDICATOR,42fd3fd5192cd82559b79a6adfdcdbf321ee96ab2925a30c3f3513e2aabdc3b6
b42b5c23c552572eaa60,SRC407,3,PAIR_7715E0D7A12A417C75D55740,CONTEXT_CONFLICT,328,328,source_section|asset_class|strategy|currency_scale,MERGE,"source_section blanked: the only headings this document prints are the in-table groupings, which the placement rule makes asset_class/strategy and never source_section; pages 2-7 and 11 print no heading above the table at all. asset_class and strategy take the printed group name without the portfolio percentage and without '(Continued)': B's form split one class into two on the continuation pages and carried a running-header marker into the data. subject_type 'fund': the row label names a vehicle (L.P./LP/LLC/SCSp/Limited Partnership), which the label-driven rule types fund, not investment. currency_scale '$': the symbol is printed once at the head of the Cost and Fair Value columns and governs every value beneath it.; Source review: p3: Fair Value (Individual holdings, aggregate rows, and the hierarchy note have separate value scopes.) | p3: Fair Value (Printed heading or definition supporting the source-reviewed qualifier.)",RESOLVED,A+B+ADJUDICATOR,42fd3fd5192cd82559b79a6adfdcdbf321ee96ab2925a30c3f3513e2aabdc3b6
3d96ad9166e936572bc9,SRC407,3,PAIR_8D08DF6DA5775C779F5FBF38,CONTEXT_CONFLICT,329,329,source_section|asset_class|strategy|currency_scale,MERGE,"source_section blanked: the only headings this document prints are the in-table groupings, which the placement rule makes asset_class/strategy and never source_section; pages 2-7 and 11 print no heading above the table at all. asset_class and strategy take the printed group name without the portfolio percentage and without '(Continued)': B's form split one class into two on the continuation pages and carried a running-header marker into the data. subject_type 'fund': the row label names a vehicle (L.P./LP/LLC/SCSp/Limited Partnership), which the label-driven rule types fund, not investment. currency_scale '$': the symbol is printed once at the head of the Cost and Fair Value columns and governs every value beneath it.",RESOLVED,A+B+ADJUDICATOR,42fd3fd5192cd82559b79a6adfdcdbf321ee96ab2925a30c3f3513e2aabdc3b6
56707315cb67a62f0123,SRC407,3,PAIR_84E7FB47EB226978FE7F559D,CONTEXT_CONFLICT,330,330,source_section|asset_class|strategy|currency_scale,MERGE,"source_section blanked: the only headings this document prints are the in-table groupings, which the placement rule makes asset_class/strategy and never source_section; pages 2-7 and 11 print no heading above the table at all. asset_class and strategy take the printed group name without the portfolio percentage and without '(Continued)': B's form split one class into two on the continuation pages and carried a running-header marker into the data. subject_type 'fund': the row label names a vehicle (L.P./LP/LLC/SCSp/Limited Partnership), which the label-driven rule types fund, not investment. currency_scale '$': the symbol is printed once at the head of the Cost and Fair Value columns and governs every value beneath it.; Source review: p3: Fair Value (Individual holdings, aggregate rows, and the hierarchy note have separate value scopes.) | p3: Fair Value (Printed heading or definition supporting the source-reviewed qualifier.)",RESOLVED,A+B+ADJUDICATOR,42fd3fd5192cd82559b79a6adfdcdbf321ee96ab2925a30c3f3513e2aabdc3b6
5d04dab31f387fb4c3df,SRC407,3,PAIR_A5ECD0581401F7E9BC293567,CONTEXT_CONFLICT,331,331,source_section|asset_class|strategy|currency_scale,MERGE,"source_section blanked: the only headings this document prints are the in-table groupings, which the placement rule makes asset_class/strategy and never source_section; pages 2-7 and 11 print no heading above the table at all. asset_class and strategy take the printed group name without the portfolio percentage and without '(Continued)': B's form split one class into two on the continuation pages and carried a running-header marker into the data. subject_type 'fund': the row label names a vehicle (L.P./LP/LLC/SCSp/Limited Partnership), which the label-driven rule types fund, not investment. currency_scale '$': the symbol is printed once at the head of the Cost and Fair Value columns and governs every value beneath it.",RESOLVED,A+B+ADJUDICATOR,42fd3fd5192cd82559b79a6adfdcdbf321ee96ab2925a30c3f3513e2aabdc3b6
9303e015787b0be464ed,SRC407,3,PAIR_695C5B4C8B5E865823AC0B2D,CONTEXT_CONFLICT,332,332,source_section|asset_class|strategy|currency_scale,MERGE,"source_section blanked: the only headings this document prints are the in-table groupings, which the placement rule makes asset_class/strategy and never source_section; pages 2-7 and 11 print no heading above the table at all. asset_class and strategy take the printed group name without the portfolio percentage and without '(Continued)': B's form split one class into two on the continuation pages and carried a running-header marker into the data. subject_type 'fund': the row label names a vehicle (L.P./LP/LLC/SCSp/Limited Partnership), which the label-driven rule types fund, not investment. currency_scale '$': the symbol is printed once at the head of the Cost and Fair Value columns and governs every value beneath it.; Source review: p3: Fair Value (Individual holdings, aggregate rows, and the hierarchy note have separate value scopes.) | p3: Fair Value (Printed heading or definition supporting the source-reviewed qualifier.)",RESOLVED,A+B+ADJUDICATOR,42fd3fd5192cd82559b79a6adfdcdbf321ee96ab2925a30c3f3513e2aabdc3b6
d211a15910455e9f9063,SRC407,3,PAIR_09503AEED4330A40CB626C9D,CONTEXT_CONFLICT,333,333,source_section|asset_class|strategy|currency_scale,MERGE,"source_section blanked: the only headings this document prints are the in-table groupings, which the placement rule makes asset_class/strategy and never source_section; pages 2-7 and 11 print no heading above the table at all. asset_class and strategy take the printed group name without the portfolio percentage and without '(Continued)': B's form split one class into two on the continuation pages and carried a running-header marker into the data. subject_type 'fund': the row label names a vehicle (L.P./LP/LLC/SCSp/Limited Partnership), which the label-driven rule types fund, not investment. currency_scale '$': the symbol is printed once at the head of the Cost and Fair Value columns and governs every value beneath it.",RESOLVED,A+B+ADJUDICATOR,42fd3fd5192cd82559b79a6adfdcdbf321ee96ab2925a30c3f3513e2aabdc3b6
0a3a340a3e1a854564dd,SRC407,3,PAIR_77547039261B3BDA0C2C550C,CONTEXT_CONFLICT,334,334,source_section|asset_class|strategy|currency_scale,MERGE,"source_section blanked: the only headings this document prints are the in-table groupings, which the placement rule makes asset_class/strategy and never source_section; pages 2-7 and 11 print no heading above the table at all. asset_class and strategy take the printed group name without the portfolio percentage and without '(Continued)': B's form split one class into two on the continuation pages and carried a running-header marker into the data. subject_type 'fund': the row label names a vehicle (L.P./LP/LLC/SCSp/Limited Partnership), which the label-driven rule types fund, not investment. currency_scale '$': the symbol is printed once at the head of the Cost and Fair Value columns and governs every value beneath it.; Source review: p3: Fair Value (Individual holdings, aggregate rows, and the hierarchy note have separate value scopes.) | p3: Fair Value (Printed heading or definition supporting the source-reviewed qualifier.)",RESOLVED,A+B+ADJUDICATOR,42fd3fd5192cd82559b79a6adfdcdbf321ee96ab2925a30c3f3513e2aabdc3b6
31c5aeeb60a46e4c0b99,SRC407,3,PAIR_7B4CBE19619383AE4ED14142,CONTEXT_CONFLICT,335,335,source_section|asset_class|strategy|currency_scale,MERGE,"source_section blanked: the only headings this document prints are the in-table groupings, which the placement rule makes asset_class/strategy and never source_section; pages 2-7 and 11 print no heading above the table at all. asset_class and strategy take the printed group name without the portfolio percentage and without '(Continued)': B's form split one class into two on the continuation pages and carried a running-header marker into the data. subject_type 'fund': the row label names a vehicle (L.P./LP/LLC/SCSp/Limited Partnership), which the label-driven rule types fund, not investment. currency_scale '$': the symbol is printed once at the head of the Cost and Fair Value columns and governs every value beneath it.",RESOLVED,A+B+ADJUDICATOR,42fd3fd5192cd82559b79a6adfdcdbf321ee96ab2925a30c3f3513e2aabdc3b6
5444beec7eaaa900b103,SRC407,3,PAIR_DE3FBA1CA85ED449704502FB,CONTEXT_CONFLICT,336,336,source_section|asset_class|strategy|currency_scale,MERGE,"source_section blanked: the only headings this document prints are the in-table groupings, which the placement rule makes asset_class/strategy and never source_section; pages 2-7 and 11 print no heading above the table at all. asset_class and strategy take the printed group name without the portfolio percentage and without '(Continued)': B's form split one class into two on the continuation pages and carried a running-header marker into the data. subject_type 'fund': the row label names a vehicle (L.P./LP/LLC/SCSp/Limited Partnership), which the label-driven rule types fund, not investment. currency_scale '$': the symbol is printed once at the head of the Cost and Fair Value columns and governs every value beneath it.; Source review: p3: Fair Value (Individual holdings, aggregate rows, and the hierarchy note have separate value scopes.) | p3: Fair Value (Printed heading or definition supporting the source-reviewed qualifier.)",RESOLVED,A+B+ADJUDICATOR,42fd3fd5192cd82559b79a6adfdcdbf321ee96ab2925a30c3f3513e2aabdc3b6
dcc47bf06fc062c2e753,SRC407,3,PAIR_5BEAFE0211F85919BB8E65C8,CONTEXT_CONFLICT,337,337,source_section|asset_class|strategy|currency_scale,MERGE,"source_section blanked: the only headings this document prints are the in-table groupings, which the placement rule makes asset_class/strategy and never source_section; pages 2-7 and 11 print no heading above the table at all. asset_class and strategy take the printed group name without the portfolio percentage and without '(Continued)': B's form split one class into two on the continuation pages and carried a running-header marker into the data. subject_type 'fund': the row label names a vehicle (L.P./LP/LLC/SCSp/Limited Partnership), which the label-driven rule types fund, not investment. currency_scale '$': the symbol is printed once at the head of the Cost and Fair Value columns and governs every value beneath it.",RESOLVED,A+B+ADJUDICATOR,42fd3fd5192cd82559b79a6adfdcdbf321ee96ab2925a30c3f3513e2aabdc3b6
fe555fe515f912ef727e,SRC407,3,PAIR_5CD291B067688EA5E48A46BC,CONTEXT_CONFLICT,338,338,source_section|asset_class|strategy|currency_scale,MERGE,"source_section blanked: the only headings this document prints are the in-table groupings, which the placement rule makes asset_class/strategy and never source_section; pages 2-7 and 11 print no heading above the table at all. asset_class and strategy take the printed group name without the portfolio percentage and without '(Continued)': B's form split one class into two on the continuation pages and carried a running-header marker into the data. subject_type 'fund': the row label names a vehicle (L.P./LP/LLC/SCSp/Limited Partnership), which the label-driven rule types fund, not investment. currency_scale '$': the symbol is printed once at the head of the Cost and Fair Value columns and governs every value beneath it.; Source review: p3: Fair Value (Individual holdings, aggregate rows, and the hierarchy note have separate value scopes.) | p3: Fair Value (Printed heading or definition supporting the source-reviewed qualifier.)",RESOLVED,A+B+ADJUDICATOR,42fd3fd5192cd82559b79a6adfdcdbf321ee96ab2925a30c3f3513e2aabdc3b6
89bd4bac5deb42382c1a,SRC407,3,PAIR_CBEF1D0999A388822AD228E6,CONTEXT_CONFLICT,339,339,source_section|asset_class|strategy|currency_scale,MERGE,"source_section blanked: the only headings this document prints are the in-table groupings, which the placement rule makes asset_class/strategy and never source_section; pages 2-7 and 11 print no heading above the table at all. asset_class and strategy take the printed group name without the portfolio percentage and without '(Continued)': B's form split one class into two on the continuation pages and carried a running-header marker into the data. subject_type 'fund': the row label names a vehicle (L.P./LP/LLC/SCSp/Limited Partnership), which the label-driven rule types fund, not investment. currency_scale '$': the symbol is printed once at the head of the Cost and Fair Value columns and governs every value beneath it.",RESOLVED,A+B+ADJUDICATOR,42fd3fd5192cd82559b79a6adfdcdbf321ee96ab2925a30c3f3513e2aabdc3b6
97e8be356385925cfca3,SRC407,3,PAIR_C21EA88993F70A48942EEF18,CONTEXT_CONFLICT,340,340,source_section|asset_class|strategy|currency_scale,MERGE,"source_section blanked: the only headings this document prints are the in-table groupings, which the placement rule makes asset_class/strategy and never source_section; pages 2-7 and 11 print no heading above the table at all. asset_class and strategy take the printed group name without the portfolio percentage and without '(Continued)': B's form split one class into two on the continuation pages and carried a running-header marker into the data. subject_type 'fund': the row label names a vehicle (L.P./LP/LLC/SCSp/Limited Partnership), which the label-driven rule types fund, not investment. currency_scale '$': the symbol is printed once at the head of the Cost and Fair Value columns and governs every value beneath it.; Source review: p3: Fair Value (Individual holdings, aggregate rows, and the hierarchy note have separate value scopes.) | p3: Fair Value (Printed heading or definition supporting the source-reviewed qualifier.)",RESOLVED,A+B+ADJUDICATOR,42fd3fd5192cd82559b79a6adfdcdbf321ee96ab2925a30c3f3513e2aabdc3b6
4febe0a0f82fabb7a136,SRC407,3,PAIR_087D8CFE10D8622FA04F262C,CONTEXT_CONFLICT,341,341,source_section|asset_class|strategy|currency_scale,MERGE,"source_section blanked: the only headings this document prints are the in-table groupings, which the placement rule makes asset_class/strategy and never source_section; pages 2-7 and 11 print no heading above the table at all. asset_class and strategy take the printed group name without the portfolio percentage and without '(Continued)': B's form split one class into two on the continuation pages and carried a running-header marker into the data. subject_type 'fund': the row label names a vehicle (L.P./LP/LLC/SCSp/Limited Partnership), which the label-driven rule types fund, not investment. currency_scale '$': the symbol is printed once at the head of the Cost and Fair Value columns and governs every value beneath it.",RESOLVED,A+B+ADJUDICATOR,42fd3fd5192cd82559b79a6adfdcdbf321ee96ab2925a30c3f3513e2aabdc3b6
920f0813c92a6027aad5,SRC407,3,PAIR_1E6990EB0DA84084347FB406,CONTEXT_CONFLICT,342,342,source_section|asset_class|strategy|currency_scale,MERGE,"source_section blanked: the only headings this document prints are the in-table groupings, which the placement rule makes asset_class/strategy and never source_section; pages 2-7 and 11 print no heading above the table at all. asset_class and strategy take the printed group name without the portfolio percentage and without '(Continued)': B's form split one class into two on the continuation pages and carried a running-header marker into the data. subject_type 'fund': the row label names a vehicle (L.P./LP/LLC/SCSp/Limited Partnership), which the label-driven rule types fund, not investment. currency_scale '$': the symbol is printed once at the head of the Cost and Fair Value columns and governs every value beneath it.; Source review: p3: Fair Value (Individual holdings, aggregate rows, and the hierarchy note have separate value scopes.) | p3: Fair Value (Printed heading or definition supporting the source-reviewed qualifier.)",RESOLVED,A+B+ADJUDICATOR,42fd3fd5192cd82559b79a6adfdcdbf321ee96ab2925a30c3f3513e2aabdc3b6
37f1f6637b24d660ba0d,SRC407,3,PAIR_21583B43DEE7256BDC66574F,CONTEXT_CONFLICT,343,343,source_section|asset_class|strategy|currency_scale,MERGE,"source_section blanked: the only headings this document prints are the in-table groupings, which the placement rule makes asset_class/strategy and never source_section; pages 2-7 and 11 print no heading above the table at all. asset_class and strategy take the printed group name without the portfolio percentage and without '(Continued)': B's form split one class into two on the continuation pages and carried a running-header marker into the data. subject_type 'fund': the row label names a vehicle (L.P./LP/LLC/SCSp/Limited Partnership), which the label-driven rule types fund, not investment. currency_scale '$': the symbol is printed once at the head of the Cost and Fair Value columns and governs every value beneath it.",RESOLVED,A+B+ADJUDICATOR,42fd3fd5192cd82559b79a6adfdcdbf321ee96ab2925a30c3f3513e2aabdc3b6
1a23235583ad109395a2,SRC407,3,PAIR_4E29D5139CBF7CC95FADF00C,CONTEXT_CONFLICT,344,344,source_section|asset_class|strategy|currency_scale,MERGE,"source_section blanked: the only headings this document prints are the in-table groupings, which the placement rule makes asset_class/strategy and never source_section; pages 2-7 and 11 print no heading above the table at all. asset_class and strategy take the printed group name without the portfolio percentage and without '(Continued)': B's form split one class into two on the continuation pages and carried a running-header marker into the data. subject_type 'fund': the row label names a vehicle (L.P./LP/LLC/SCSp/Limited Partnership), which the label-driven rule types fund, not investment. currency_scale '$': the symbol is printed once at the head of the Cost and Fair Value columns and governs every value beneath it.",RESOLVED,A+B+ADJUDICATOR,42fd3fd5192cd82559b79a6adfdcdbf321ee96ab2925a30c3f3513e2aabdc3b6
b73f1d6103831f4bf2c4,SRC407,3,PAIR_D3150F556A7967B803B69B57,CONTEXT_CONFLICT,345,345,source_section|asset_class|strategy|currency_scale,MERGE,"source_section blanked: the only headings this document prints are the in-table groupings, which the placement rule makes asset_class/strategy and never source_section; pages 2-7 and 11 print no heading above the table at all. asset_class and strategy take the printed group name without the portfolio percentage and without '(Continued)': B's form split one class into two on the continuation pages and carried a running-header marker into the data. subject_type 'fund': the row label names a vehicle (L.P./LP/LLC/SCSp/Limited Partnership), which the label-driven rule types fund, not investment. currency_scale '$': the symbol is printed once at the head of the Cost and Fair Value columns and governs every value beneath it.; Source review: p3: Fair Value (Individual holdings, aggregate rows, and the hierarchy note have separate value scopes.) | p3: Fair Value (Printed heading or definition supporting the source-reviewed qualifier.)",RESOLVED,A+B+ADJUDICATOR,42fd3fd5192cd82559b79a6adfdcdbf321ee96ab2925a30c3f3513e2aabdc3b6
15be5e3339f51f95fb1d,SRC407,3,PAIR_000AFF7BB74CE8BFBAD4DF61,CONTEXT_CONFLICT,346,346,source_section|asset_class|strategy|currency_scale,MERGE,"source_section blanked: the only headings this document prints are the in-table groupings, which the placement rule makes asset_class/strategy and never source_section; pages 2-7 and 11 print no heading above the table at all. asset_class and strategy take the printed group name without the portfolio percentage and without '(Continued)': B's form split one class into two on the continuation pages and carried a running-header marker into the data. subject_type 'fund': the row label names a vehicle (L.P./LP/LLC/SCSp/Limited Partnership), which the label-driven rule types fund, not investment. currency_scale '$': the symbol is printed once at the head of the Cost and Fair Value columns and governs every value beneath it.",RESOLVED,A+B+ADJUDICATOR,42fd3fd5192cd82559b79a6adfdcdbf321ee96ab2925a30c3f3513e2aabdc3b6
f3de962b06553c3fbdf1,SRC407,3,PAIR_28DA294738A5CAE164D9668B,CONTEXT_CONFLICT,347,347,source_section|asset_class|strategy|currency_scale,MERGE,"source_section blanked: the only headings this document prints are the in-table groupings, which the placement rule makes asset_class/strategy and never source_section; pages 2-7 and 11 print no heading above the table at all. asset_class and strategy take the printed group name without the portfolio percentage and without '(Continued)': B's form split one class into two on the continuation pages and carried a running-header marker into the data. subject_type 'fund': the row label names a vehicle (L.P./LP/LLC/SCSp/Limited Partnership), which the label-driven rule types fund, not investment. currency_scale '$': the symbol is printed once at the head of the Cost and Fair Value columns and governs every value beneath it.; Source review: p3: Fair Value (Individual holdings, aggregate rows, and the hierarchy note have separate value scopes.) | p3: Fair Value (Printed heading or definition supporting the source-reviewed qualifier.)",RESOLVED,A+B+ADJUDICATOR,42fd3fd5192cd82559b79a6adfdcdbf321ee96ab2925a30c3f3513e2aabdc3b6
569a15e691fe1726422a,SRC407,3,PAIR_09EC3333F0C09E7AA8B27ECD,CONTEXT_CONFLICT,348,348,source_section|asset_class|strategy|currency_scale,MERGE,"source_section blanked: the only headings this document prints are the in-table groupings, which the placement rule makes asset_class/strategy and never source_section; pages 2-7 and 11 print no heading above the table at all. asset_class and strategy take the printed group name without the portfolio percentage and without '(Continued)': B's form split one class into two on the continuation pages and carried a running-header marker into the data. subject_type 'fund': the row label names a vehicle (L.P./LP/LLC/SCSp/Limited Partnership), which the label-driven rule types fund, not investment. currency_scale '$': the symbol is printed once at the head of the Cost and Fair Value columns and governs every value beneath it.",RESOLVED,A+B+ADJUDICATOR,42fd3fd5192cd82559b79a6adfdcdbf321ee96ab2925a30c3f3513e2aabdc3b6
5e0f361ef57c974b7046,SRC407,3,PAIR_45058EB25935BE7C835AB9DA,CONTEXT_CONFLICT,349,349,source_section|asset_class|strategy|currency_scale,MERGE,"source_section blanked: the only headings this document prints are the in-table groupings, which the placement rule makes asset_class/strategy and never source_section; pages 2-7 and 11 print no heading above the table at all. asset_class and strategy take the printed group name without the portfolio percentage and without '(Continued)': B's form split one class into two on the continuation pages and carried a running-header marker into the data. subject_type 'fund': the row label names a vehicle (L.P./LP/LLC/SCSp/Limited Partnership), which the label-driven rule types fund, not investment. currency_scale '$': the symbol is printed once at the head of the Cost and Fair Value columns and governs every value beneath it.; Source review: p3: Fair Value (Individual holdings, aggregate rows, and the hierarchy note have separate value scopes.) | p3: Fair Value (Printed heading or definition supporting the source-reviewed qualifier.)",RESOLVED,A+B+ADJUDICATOR,42fd3fd5192cd82559b79a6adfdcdbf321ee96ab2925a30c3f3513e2aabdc3b6
f123bd454d2cfcfb25f7,SRC407,3,PAIR_223B2649B09D4A7C6890FD34,CONTEXT_CONFLICT,350,350,source_section|asset_class|strategy|currency_scale,MERGE,"source_section blanked: the only headings this document prints are the in-table groupings, which the placement rule makes asset_class/strategy and never source_section; pages 2-7 and 11 print no heading above the table at all. asset_class and strategy take the printed group name without the portfolio percentage and without '(Continued)': B's form split one class into two on the continuation pages and carried a running-header marker into the data. subject_type 'fund': the row label names a vehicle (L.P./LP/LLC/SCSp/Limited Partnership), which the label-driven rule types fund, not investment. currency_scale '$': the symbol is printed once at the head of the Cost and Fair Value columns and governs every value beneath it.",RESOLVED,A+B+ADJUDICATOR,42fd3fd5192cd82559b79a6adfdcdbf321ee96ab2925a30c3f3513e2aabdc3b6
045186863709d9c9b91b,SRC407,3,PAIR_2E6D7B4AF7705AA835AC2483,CONTEXT_CONFLICT,351,351,source_section|asset_class|strategy|currency_scale,MERGE,"source_section blanked: the only headings this document prints are the in-table groupings, which the placement rule makes asset_class/strategy and never source_section; pages 2-7 and 11 print no heading above the table at all. asset_class and strategy take the printed group name without the portfolio percentage and without '(Continued)': B's form split one class into two on the continuation pages and carried a running-header marker into the data. subject_type 'fund': the row label names a vehicle (L.P./LP/LLC/SCSp/Limited Partnership), which the label-driven rule types fund, not investment. currency_scale '$': the symbol is printed once at the head of the Cost and Fair Value columns and governs every value beneath it.; Source review: p3: Fair Value (Individual holdings, aggregate rows, and the hierarchy note have separate value scopes.) | p3: Fair Value (Printed heading or definition supporting the source-reviewed qualifier.)",RESOLVED,A+B+ADJUDICATOR,42fd3fd5192cd82559b79a6adfdcdbf321ee96ab2925a30c3f3513e2aabdc3b6
c48b68699d11d2458c7d,SRC407,3,PAIR_60A2536C7C6F7734B1A6C896,CONTEXT_CONFLICT,352,352,source_section|asset_class|strategy|currency_scale,MERGE,"source_section blanked: the only headings this document prints are the in-table groupings, which the placement rule makes asset_class/strategy and never source_section; pages 2-7 and 11 print no heading above the table at all. asset_class and strategy take the printed group name without the portfolio percentage and without '(Continued)': B's form split one class into two on the continuation pages and carried a running-header marker into the data. subject_type 'fund': the row label names a vehicle (L.P./LP/LLC/SCSp/Limited Partnership), which the label-driven rule types fund, not investment. currency_scale '$': the symbol is printed once at the head of the Cost and Fair Value columns and governs every value beneath it.",RESOLVED,A+B+ADJUDICATOR,42fd3fd5192cd82559b79a6adfdcdbf321ee96ab2925a30c3f3513e2aabdc3b6
3a5e787bdfa6682dabeb,SRC407,3,PAIR_7BEAA4F888D927D0C8C258C1,CONTEXT_CONFLICT,353,353,source_section|asset_class|strategy|currency_scale,MERGE,"source_section blanked: the only headings this document prints are the in-table groupings, which the placement rule makes asset_class/strategy and never source_section; pages 2-7 and 11 print no heading above the table at all. asset_class and strategy take the printed group name without the portfolio percentage and without '(Continued)': B's form split one class into two on the continuation pages and carried a running-header marker into the data. subject_type 'fund': the row label names a vehicle (L.P./LP/LLC/SCSp/Limited Partnership), which the label-driven rule types fund, not investment. currency_scale '$': the symbol is printed once at the head of the Cost and Fair Value columns and governs every value beneath it.; Source review: p3: Fair Value (Individual holdings, aggregate rows, and the hierarchy note have separate value scopes.) | p3: Fair Value (Printed heading or definition supporting the source-reviewed qualifier.)",RESOLVED,A+B+ADJUDICATOR,42fd3fd5192cd82559b79a6adfdcdbf321ee96ab2925a30c3f3513e2aabdc3b6
5cb1360b1d9ad94dbf8f,SRC407,3,PAIR_89F0190DDB25423684E6C758,CONTEXT_CONFLICT,354,354,source_section|asset_class|strategy|currency_scale,MERGE,"source_section blanked: the only headings this document prints are the in-table groupings, which the placement rule makes asset_class/strategy and never source_section; pages 2-7 and 11 print no heading above the table at all. asset_class and strategy take the printed group name without the portfolio percentage and without '(Continued)': B's form split one class into two on the continuation pages and carried a running-header marker into the data. subject_type 'fund': the row label names a vehicle (L.P./LP/LLC/SCSp/Limited Partnership), which the label-driven rule types fund, not investment. currency_scale '$': the symbol is printed once at the head of the Cost and Fair Value columns and governs every value beneath it.",RESOLVED,A+B+ADJUDICATOR,42fd3fd5192cd82559b79a6adfdcdbf321ee96ab2925a30c3f3513e2aabdc3b6
129fc4bf901672fe156c,SRC407,3,PAIR_CA2351685F063EEA5DBCB85A,CONTEXT_CONFLICT,355,355,source_section|asset_class|strategy|currency_scale,MERGE,"source_section blanked: the only headings this document prints are the in-table groupings, which the placement rule makes asset_class/strategy and never source_section; pages 2-7 and 11 print no heading above the table at all. asset_class and strategy take the printed group name without the portfolio percentage and without '(Continued)': B's form split one class into two on the continuation pages and carried a running-header marker into the data. subject_type 'fund': the row label names a vehicle (L.P./LP/LLC/SCSp/Limited Partnership), which the label-driven rule types fund, not investment. currency_scale '$': the symbol is printed once at the head of the Cost and Fair Value columns and governs every value beneath it.; Source review: p3: Fair Value (Individual holdings, aggregate rows, and the hierarchy note have separate value scopes.) | p3: Fair Value (Printed heading or definition supporting the source-reviewed qualifier.)",RESOLVED,A+B+ADJUDICATOR,42fd3fd5192cd82559b79a6adfdcdbf321ee96ab2925a30c3f3513e2aabdc3b6
173eb65c9923cd710873,SRC407,3,PAIR_B279260DB57425A077560F48,CONTEXT_CONFLICT,356,356,source_section|asset_class|strategy|currency_scale,MERGE,"source_section blanked: the only headings this document prints are the in-table groupings, which the placement rule makes asset_class/strategy and never source_section; pages 2-7 and 11 print no heading above the table at all. asset_class and strategy take the printed group name without the portfolio percentage and without '(Continued)': B's form split one class into two on the continuation pages and carried a running-header marker into the data. subject_type 'fund': the row label names a vehicle (L.P./LP/LLC/SCSp/Limited Partnership), which the label-driven rule types fund, not investment. currency_scale '$': the symbol is printed once at the head of the Cost and Fair Value columns and governs every value beneath it.; Source review: p3: Fair Value (Individual holdings, aggregate rows, and the hierarchy note have separate value scopes.) | p3: Fair Value (Printed heading or definition supporting the source-reviewed qualifier.)",RESOLVED,A+B+ADJUDICATOR,42fd3fd5192cd82559b79a6adfdcdbf321ee96ab2925a30c3f3513e2aabdc3b6
254a406a0aeeb7080fd6,SRC407,3,PAIR_558B81085D245D4CCD3E7CF8,CONTEXT_CONFLICT,357,357,source_section|asset_class|strategy|currency_scale,MERGE,"source_section blanked: the only headings this document prints are the in-table groupings, which the placement rule makes asset_class/strategy and never source_section; pages 2-7 and 11 print no heading above the table at all. asset_class and strategy take the printed group name without the portfolio percentage and without '(Continued)': B's form split one class into two on the continuation pages and carried a running-header marker into the data. subject_type 'fund': the row label names a vehicle (L.P./LP/LLC/SCSp/Limited Partnership), which the label-driven rule types fund, not investment. currency_scale '$': the symbol is printed once at the head of the Cost and Fair Value columns and governs every value beneath it.",RESOLVED,A+B+ADJUDICATOR,42fd3fd5192cd82559b79a6adfdcdbf321ee96ab2925a30c3f3513e2aabdc3b6
4d0eb0a3ab630148309d,SRC407,3,PAIR_6BA18A84044F98381FBD509D,CONTEXT_CONFLICT,358,358,source_section|asset_class|strategy|currency_scale,MERGE,"source_section blanked: the only headings this document prints are the in-table groupings, which the placement rule makes asset_class/strategy and never source_section; pages 2-7 and 11 print no heading above the table at all. asset_class and strategy take the printed group name without the portfolio percentage and without '(Continued)': B's form split one class into two on the continuation pages and carried a running-header marker into the data. subject_type 'fund': the row label names a vehicle (L.P./LP/LLC/SCSp/Limited Partnership), which the label-driven rule types fund, not investment. currency_scale '$': the symbol is printed once at the head of the Cost and Fair Value columns and governs every value beneath it.; Source review: p3: Fair Value (Individual holdings, aggregate rows, and the hierarchy note have separate value scopes.) | p3: Fair Value (Printed heading or definition supporting the source-reviewed qualifier.)",RESOLVED,A+B+ADJUDICATOR,42fd3fd5192cd82559b79a6adfdcdbf321ee96ab2925a30c3f3513e2aabdc3b6
a074ed4b1f06b196ee43,SRC407,3,PAIR_82A9C63916B76052C7964B3C,CONTEXT_CONFLICT,359,359,source_section|asset_class|strategy|currency_scale,MERGE,"source_section blanked: the only headings this document prints are the in-table groupings, which the placement rule makes asset_class/strategy and never source_section; pages 2-7 and 11 print no heading above the table at all. asset_class and strategy take the printed group name without the portfolio percentage and without '(Continued)': B's form split one class into two on the continuation pages and carried a running-header marker into the data. subject_type 'fund': the row label names a vehicle (L.P./LP/LLC/SCSp/Limited Partnership), which the label-driven rule types fund, not investment. currency_scale '$': the symbol is printed once at the head of the Cost and Fair Value columns and governs every value beneath it.",RESOLVED,A+B+ADJUDICATOR,42fd3fd5192cd82559b79a6adfdcdbf321ee96ab2925a30c3f3513e2aabdc3b6
05e16393149dbd5bad94,SRC407,3,PAIR_344BF7FFF925966560E73783,CONTEXT_CONFLICT,360,360,source_section|asset_class|strategy|currency_scale,MERGE,"source_section blanked: the only headings this document prints are the in-table groupings, which the placement rule makes asset_class/strategy and never source_section; pages 2-7 and 11 print no heading above the table at all. asset_class and strategy take the printed group name without the portfolio percentage and without '(Continued)': B's form split one class into two on the continuation pages and carried a running-header marker into the data. subject_type 'fund': the row label names a vehicle (L.P./LP/LLC/SCSp/Limited Partnership), which the label-driven rule types fund, not investment. currency_scale '$': the symbol is printed once at the head of the Cost and Fair Value columns and governs every value beneath it.; Source review: p3: Fair Value (Individual holdings, aggregate rows, and the hierarchy note have separate value scopes.) | p3: Fair Value (Printed heading or definition supporting the source-reviewed qualifier.)",RESOLVED,A+B+ADJUDICATOR,42fd3fd5192cd82559b79a6adfdcdbf321ee96ab2925a30c3f3513e2aabdc3b6
0cf35c7c174141875ae1,SRC407,3,PAIR_369C6C4D25500718B55E1F00,CONTEXT_CONFLICT,361,361,source_section|asset_class|strategy|currency_scale,MERGE,"source_section blanked: the only headings this document prints are the in-table groupings, which the placement rule makes asset_class/strategy and never source_section; pages 2-7 and 11 print no heading above the table at all. asset_class and strategy take the printed group name without the portfolio percentage and without '(Continued)': B's form split one class into two on the continuation pages and carried a running-header marker into the data. subject_type 'fund': the row label names a vehicle (L.P./LP/LLC/SCSp/Limited Partnership), which the label-driven rule types fund, not investment. currency_scale '$': the symbol is printed once at the head of the Cost and Fair Value columns and governs every value beneath it.",RESOLVED,A+B+ADJUDICATOR,42fd3fd5192cd82559b79a6adfdcdbf321ee96ab2925a30c3f3513e2aabdc3b6
1992f456cf78b8c804e4,SRC407,3,PAIR_52B8B4C07EB0DA56A073B0B6,CONTEXT_CONFLICT,362,362,source_section|asset_class|strategy|currency_scale,MERGE,"source_section blanked: the only headings this document prints are the in-table groupings, which the placement rule makes asset_class/strategy and never source_section; pages 2-7 and 11 print no heading above the table at all. asset_class and strategy take the printed group name without the portfolio percentage and without '(Continued)': B's form split one class into two on the continuation pages and carried a running-header marker into the data. subject_type 'fund': the row label names a vehicle (L.P./LP/LLC/SCSp/Limited Partnership), which the label-driven rule types fund, not investment. currency_scale '$': the symbol is printed once at the head of the Cost and Fair Value columns and governs every value beneath it.; Source review: p3: Fair Value (Individual holdings, aggregate rows, and the hierarchy note have separate value scopes.) | p3: Fair Value (Printed heading or definition supporting the source-reviewed qualifier.)",RESOLVED,A+B+ADJUDICATOR,42fd3fd5192cd82559b79a6adfdcdbf321ee96ab2925a30c3f3513e2aabdc3b6
84c159d01145ebcda9ac,SRC407,4,PAIR_C6FE381807F87C855F8FAFBA,CONTEXT_CONFLICT,363,363,source_section|asset_class|strategy|currency_scale,MERGE,"source_section blanked: the only headings this document prints are the in-table groupings, which the placement rule makes asset_class/strategy and never source_section; pages 2-7 and 11 print no heading above the table at all. metric_value_raw keeps the printed '$' that A stripped; the value column is raw and stripping a printed symbol is a normalisation. asset_class and strategy take the printed group name without the portfolio percentage and without '(Continued)': B's form split one class into two on the continuation pages and carried a running-header marker into the data. subject_type 'fund': the row label names a vehicle (L.P./LP/LLC/SCSp/Limited Partnership), which the label-driven rule types fund, not investment. currency_scale '$': the symbol is printed once at the head of the Cost and Fair Value columns and governs every value beneath it.",RESOLVED,A+B+ADJUDICATOR,42fd3fd5192cd82559b79a6adfdcdbf321ee96ab2925a30c3f3513e2aabdc3b6
576233b7e2806d6591cd,SRC407,4,PAIR_EE51E75A7A70D77BE112EB43,CONTEXT_CONFLICT,364,364,source_section|asset_class|strategy|currency_scale,MERGE,"source_section blanked: the only headings this document prints are the in-table groupings, which the placement rule makes asset_class/strategy and never source_section; pages 2-7 and 11 print no heading above the table at all. metric_value_raw keeps the printed '$' that A stripped; the value column is raw and stripping a printed symbol is a normalisation. asset_class and strategy take the printed group name without the portfolio percentage and without '(Continued)': B's form split one class into two on the continuation pages and carried a running-header marker into the data. subject_type 'fund': the row label names a vehicle (L.P./LP/LLC/SCSp/Limited Partnership), which the label-driven rule types fund, not investment. currency_scale '$': the symbol is printed once at the head of the Cost and Fair Value columns and governs every value beneath it.; Source review: p4: Fair Value (Individual holdings, aggregate rows, and the hierarchy note have separate value scopes.) | p4: Fair Value (Printed heading or definition supporting the source-reviewed qualifier.)",RESOLVED,A+B+ADJUDICATOR,42fd3fd5192cd82559b79a6adfdcdbf321ee96ab2925a30c3f3513e2aabdc3b6
89e212f9f1b4f75b6d16,SRC407,4,PAIR_EEC207FAD8F17A6DB4A16ADF,CONTEXT_CONFLICT,365,365,source_section|asset_class|strategy|currency_scale,MERGE,"source_section blanked: the only headings this document prints are the in-table groupings, which the placement rule makes asset_class/strategy and never source_section; pages 2-7 and 11 print no heading above the table at all. asset_class and strategy take the printed group name without the portfolio percentage and without '(Continued)': B's form split one class into two on the continuation pages and carried a running-header marker into the data. subject_type 'fund': the row label names a vehicle (L.P./LP/LLC/SCSp/Limited Partnership), which the label-driven rule types fund, not investment. currency_scale '$': the symbol is printed once at the head of the Cost and Fair Value columns and governs every value beneath it.",RESOLVED,A+B+ADJUDICATOR,42fd3fd5192cd82559b79a6adfdcdbf321ee96ab2925a30c3f3513e2aabdc3b6
a54664ff7f09a319ec14,SRC407,4,PAIR_8E2EDEC50B36027C75FC4625,CONTEXT_CONFLICT,366,366,source_section|asset_class|strategy|currency_scale,MERGE,"source_section blanked: the only headings this document prints are the in-table groupings, which the placement rule makes asset_class/strategy and never source_section; pages 2-7 and 11 print no heading above the table at all. asset_class and strategy take the printed group name without the portfolio percentage and without '(Continued)': B's form split one class into two on the continuation pages and carried a running-header marker into the data. subject_type 'fund': the row label names a vehicle (L.P./LP/LLC/SCSp/Limited Partnership), which the label-driven rule types fund, not investment. currency_scale '$': the symbol is printed once at the head of the Cost and Fair Value columns and governs every value beneath it.; Source review: p4: Fair Value (Individual holdings, aggregate rows, and the hierarchy note have separate value scopes.) | p4: Fair Value (Printed heading or definition supporting the source-reviewed qualifier.)",RESOLVED,A+B+ADJUDICATOR,42fd3fd5192cd82559b79a6adfdcdbf321ee96ab2925a30c3f3513e2aabdc3b6
087f42cb59f4abfa5852,SRC407,4,PAIR_4F6D9D7C82B0AFCDFAB49250,CONTEXT_CONFLICT,367,367,source_section|asset_class|strategy|currency_scale,MERGE,"source_section blanked: the only headings this document prints are the in-table groupings, which the placement rule makes asset_class/strategy and never source_section; pages 2-7 and 11 print no heading above the table at all. asset_class and strategy take the printed group name without the portfolio percentage and without '(Continued)': B's form split one class into two on the continuation pages and carried a running-header marker into the data. subject_type 'fund': the row label names a vehicle (L.P./LP/LLC/SCSp/Limited Partnership), which the label-driven rule types fund, not investment. currency_scale '$': the symbol is printed once at the head of the Cost and Fair Value columns and governs every value beneath it.",RESOLVED,A+B+ADJUDICATOR,42fd3fd5192cd82559b79a6adfdcdbf321ee96ab2925a30c3f3513e2aabdc3b6
2fd939f91815b70d094e,SRC407,4,PAIR_E67FD2DC37C6A528CBBD6A01,CONTEXT_CONFLICT,368,368,source_section|asset_class|strategy|currency_scale,MERGE,"source_section blanked: the only headings this document prints are the in-table groupings, which the placement rule makes asset_class/strategy and never source_section; pages 2-7 and 11 print no heading above the table at all. asset_class and strategy take the printed group name without the portfolio percentage and without '(Continued)': B's form split one class into two on the continuation pages and carried a running-header marker into the data. subject_type 'fund': the row label names a vehicle (L.P./LP/LLC/SCSp/Limited Partnership), which the label-driven rule types fund, not investment. currency_scale '$': the symbol is printed once at the head of the Cost and Fair Value columns and governs every value beneath it.; Source review: p4: Fair Value (Individual holdings, aggregate rows, and the hierarchy note have separate value scopes.) | p4: Fair Value (Printed heading or definition supporting the source-reviewed qualifier.)",RESOLVED,A+B+ADJUDICATOR,42fd3fd5192cd82559b79a6adfdcdbf321ee96ab2925a30c3f3513e2aabdc3b6
23beb300440f3ece369d,SRC407,4,PAIR_9F4D5C3ADECC24DDD5855044,CONTEXT_CONFLICT,369,369,source_section|asset_class|strategy|currency_scale,MERGE,"source_section blanked: the only headings this document prints are the in-table groupings, which the placement rule makes asset_class/strategy and never source_section; pages 2-7 and 11 print no heading above the table at all. asset_class and strategy take the printed group name without the portfolio percentage and without '(Continued)': B's form split one class into two on the continuation pages and carried a running-header marker into the data. subject_type 'fund': the row label names a vehicle (L.P./LP/LLC/SCSp/Limited Partnership), which the label-driven rule types fund, not investment. currency_scale '$': the symbol is printed once at the head of the Cost and Fair Value columns and governs every value beneath it.",RESOLVED,A+B+ADJUDICATOR,42fd3fd5192cd82559b79a6adfdcdbf321ee96ab2925a30c3f3513e2aabdc3b6
dd7affa84855d818f064,SRC407,4,PAIR_C9B7235702BD2C57B12CA141,CONTEXT_CONFLICT,370,370,source_section|asset_class|strategy|currency_scale,MERGE,"source_section blanked: the only headings this document prints are the in-table groupings, which the placement rule makes asset_class/strategy and never source_section; pages 2-7 and 11 print no heading above the table at all. asset_class and strategy take the printed group name without the portfolio percentage and without '(Continued)': B's form split one class into two on the continuation pages and carried a running-header marker into the data. subject_type 'fund': the row label names a vehicle (L.P./LP/LLC/SCSp/Limited Partnership), which the label-driven rule types fund, not investment. currency_scale '$': the symbol is printed once at the head of the Cost and Fair Value columns and governs every value beneath it.; Source review: p4: Fair Value (Individual holdings, aggregate rows, and the hierarchy note have separate value scopes.) | p4: Fair Value (Printed heading or definition supporting the source-reviewed qualifier.)",RESOLVED,A+B+ADJUDICATOR,42fd3fd5192cd82559b79a6adfdcdbf321ee96ab2925a30c3f3513e2aabdc3b6
cff76eae6a2fd2f3ddc8,SRC407,4,PAIR_4976F1C338AB7A19EFC5C80C,CONTEXT_CONFLICT,371,371,source_section|asset_class|strategy|currency_scale,MERGE,"source_section blanked: the only headings this document prints are the in-table groupings, which the placement rule makes asset_class/strategy and never source_section; pages 2-7 and 11 print no heading above the table at all. asset_class and strategy take the printed group name without the portfolio percentage and without '(Continued)': B's form split one class into two on the continuation pages and carried a running-header marker into the data. subject_type 'fund': the row label names a vehicle (L.P./LP/LLC/SCSp/Limited Partnership), which the label-driven rule types fund, not investment. currency_scale '$': the symbol is printed once at the head of the Cost and Fair Value columns and governs every value beneath it.",RESOLVED,A+B+ADJUDICATOR,42fd3fd5192cd82559b79a6adfdcdbf321ee96ab2925a30c3f3513e2aabdc3b6
5b7bc08de16d77d254c7,SRC407,4,PAIR_9B8AE41D8D9FA8FC3C1CE27E,CONTEXT_CONFLICT,372,372,source_section|asset_class|strategy|currency_scale,MERGE,"source_section blanked: the only headings this document prints are the in-table groupings, which the placement rule makes asset_class/strategy and never source_section; pages 2-7 and 11 print no heading above the table at all. asset_class and strategy take the printed group name without the portfolio percentage and without '(Continued)': B's form split one class into two on the continuation pages and carried a running-header marker into the data. subject_type 'fund': the row label names a vehicle (L.P./LP/LLC/SCSp/Limited Partnership), which the label-driven rule types fund, not investment. currency_scale '$': the symbol is printed once at the head of the Cost and Fair Value columns and governs every value beneath it.; Source review: p4: Fair Value (Individual holdings, aggregate rows, and the hierarchy note have separate value scopes.) | p4: Fair Value (Printed heading or definition supporting the source-reviewed qualifier.)",RESOLVED,A+B+ADJUDICATOR,42fd3fd5192cd82559b79a6adfdcdbf321ee96ab2925a30c3f3513e2aabdc3b6
561125d40587266a9c1a,SRC407,4,PAIR_602441A269C38C07FCFA6AD2,CONTEXT_CONFLICT,373,373,source_section|asset_class|strategy|currency_scale,MERGE,"source_section blanked: the only headings this document prints are the in-table groupings, which the placement rule makes asset_class/strategy and never source_section; pages 2-7 and 11 print no heading above the table at all. asset_class and strategy take the printed group name without the portfolio percentage and without '(Continued)': B's form split one class into two on the continuation pages and carried a running-header marker into the data. subject_type 'fund': the row label names a vehicle (L.P./LP/LLC/SCSp/Limited Partnership), which the label-driven rule types fund, not investment. currency_scale '$': the symbol is printed once at the head of the Cost and Fair Value columns and governs every value beneath it.",RESOLVED,A+B+ADJUDICATOR,42fd3fd5192cd82559b79a6adfdcdbf321ee96ab2925a30c3f3513e2aabdc3b6
7df7442aa69b63b89dfe,SRC407,4,PAIR_3B9D7C43A8D9C06D5994B2DC,CONTEXT_CONFLICT,374,374,source_section|asset_class|strategy|currency_scale,MERGE,"source_section blanked: the only headings this document prints are the in-table groupings, which the placement rule makes asset_class/strategy and never source_section; pages 2-7 and 11 print no heading above the table at all. asset_class and strategy take the printed group name without the portfolio percentage and without '(Continued)': B's form split one class into two on the continuation pages and carried a running-header marker into the data. subject_type 'fund': the row label names a vehicle (L.P./LP/LLC/SCSp/Limited Partnership), which the label-driven rule types fund, not investment. currency_scale '$': the symbol is printed once at the head of the Cost and Fair Value columns and governs every value beneath it.; Source review: p4: Fair Value (Individual holdings, aggregate rows, and the hierarchy note have separate value scopes.) | p4: Fair Value (Printed heading or definition supporting the source-reviewed qualifier.)",RESOLVED,A+B+ADJUDICATOR,42fd3fd5192cd82559b79a6adfdcdbf321ee96ab2925a30c3f3513e2aabdc3b6
143b9b0e0db35dc3a77a,SRC407,4,PAIR_5E803A0FB6DFA4FC0FBD326C,CONTEXT_CONFLICT,375,375,source_section|asset_class|strategy|currency_scale,MERGE,"source_section blanked: the only headings this document prints are the in-table groupings, which the placement rule makes asset_class/strategy and never source_section; pages 2-7 and 11 print no heading above the table at all. asset_class and strategy take the printed group name without the portfolio percentage and without '(Continued)': B's form split one class into two on the continuation pages and carried a running-header marker into the data. subject_type 'fund': the row label names a vehicle (L.P./LP/LLC/SCSp/Limited Partnership), which the label-driven rule types fund, not investment. currency_scale '$': the symbol is printed once at the head of the Cost and Fair Value columns and governs every value beneath it.",RESOLVED,A+B+ADJUDICATOR,42fd3fd5192cd82559b79a6adfdcdbf321ee96ab2925a30c3f3513e2aabdc3b6
2a543d01651c6c19c50b,SRC407,4,PAIR_D5977E37C0601CD761E5ED99,CONTEXT_CONFLICT,376,376,source_section|asset_class|strategy|currency_scale,MERGE,"source_section blanked: the only headings this document prints are the in-table groupings, which the placement rule makes asset_class/strategy and never source_section; pages 2-7 and 11 print no heading above the table at all. asset_class and strategy take the printed group name without the portfolio percentage and without '(Continued)': B's form split one class into two on the continuation pages and carried a running-header marker into the data. subject_type 'fund': the row label names a vehicle (L.P./LP/LLC/SCSp/Limited Partnership), which the label-driven rule types fund, not investment. currency_scale '$': the symbol is printed once at the head of the Cost and Fair Value columns and governs every value beneath it.; Source review: p4: Fair Value (Individual holdings, aggregate rows, and the hierarchy note have separate value scopes.) | p4: Fair Value (Printed heading or definition supporting the source-reviewed qualifier.)",RESOLVED,A+B+ADJUDICATOR,42fd3fd5192cd82559b79a6adfdcdbf321ee96ab2925a30c3f3513e2aabdc3b6
593fc10ec8ef36cd6f9b,SRC407,4,PAIR_F6FD777DB3FE97104A675B91,CONTEXT_CONFLICT,377,377,source_section|asset_class|strategy|currency_scale,MERGE,"source_section blanked: the only headings this document prints are the in-table groupings, which the placement rule makes asset_class/strategy and never source_section; pages 2-7 and 11 print no heading above the table at all. asset_class and strategy take the printed group name without the portfolio percentage and without '(Continued)': B's form split one class into two on the continuation pages and carried a running-header marker into the data. subject_type 'fund': the row label names a vehicle (L.P./LP/LLC/SCSp/Limited Partnership), which the label-driven rule types fund, not investment. currency_scale '$': the symbol is printed once at the head of the Cost and Fair Value columns and governs every value beneath it.",RESOLVED,A+B+ADJUDICATOR,42fd3fd5192cd82559b79a6adfdcdbf321ee96ab2925a30c3f3513e2aabdc3b6
715a34127777a7e2aa09,SRC407,4,PAIR_FEE5359243484FA029344B03,CONTEXT_CONFLICT,378,378,source_section|asset_class|strategy|currency_scale,MERGE,"source_section blanked: the only headings this document prints are the in-table groupings, which the placement rule makes asset_class/strategy and never source_section; pages 2-7 and 11 print no heading above the table at all. asset_class and strategy take the printed group name without the portfolio percentage and without '(Continued)': B's form split one class into two on the continuation pages and carried a running-header marker into the data. subject_type 'fund': the row label names a vehicle (L.P./LP/LLC/SCSp/Limited Partnership), which the label-driven rule types fund, not investment. currency_scale '$': the symbol is printed once at the head of the Cost and Fair Value columns and governs every value beneath it.; Source review: p4: Fair Value (Individual holdings, aggregate rows, and the hierarchy note have separate value scopes.) | p4: Fair Value (Printed heading or definition supporting the source-reviewed qualifier.)",RESOLVED,A+B+ADJUDICATOR,42fd3fd5192cd82559b79a6adfdcdbf321ee96ab2925a30c3f3513e2aabdc3b6
729e5ec20d4618a52502,SRC407,4,PAIR_5F3C6FBEFBB16C7B21D15057,CONTEXT_CONFLICT,379,379,source_section|asset_class|strategy|currency_scale,MERGE,"source_section blanked: the only headings this document prints are the in-table groupings, which the placement rule makes asset_class/strategy and never source_section; pages 2-7 and 11 print no heading above the table at all. asset_class and strategy take the printed group name without the portfolio percentage and without '(Continued)': B's form split one class into two on the continuation pages and carried a running-header marker into the data. subject_type 'fund': the row label names a vehicle (L.P./LP/LLC/SCSp/Limited Partnership), which the label-driven rule types fund, not investment. currency_scale '$': the symbol is printed once at the head of the Cost and Fair Value columns and governs every value beneath it.",RESOLVED,A+B+ADJUDICATOR,42fd3fd5192cd82559b79a6adfdcdbf321ee96ab2925a30c3f3513e2aabdc3b6
f6ae99048874729eacb7,SRC407,4,PAIR_CA8260898FFCD471DAAAFB3A,CONTEXT_CONFLICT,380,380,source_section|asset_class|strategy|currency_scale,MERGE,"source_section blanked: the only headings this document prints are the in-table groupings, which the placement rule makes asset_class/strategy and never source_section; pages 2-7 and 11 print no heading above the table at all. asset_class and strategy take the printed group name without the portfolio percentage and without '(Continued)': B's form split one class into two on the continuation pages and carried a running-header marker into the data. subject_type 'fund': the row label names a vehicle (L.P./LP/LLC/SCSp/Limited Partnership), which the label-driven rule types fund, not investment. currency_scale '$': the symbol is printed once at the head of the Cost and Fair Value columns and governs every value beneath it.; Source review: p4: Fair Value (Individual holdings, aggregate rows, and the hierarchy note have separate value scopes.) | p4: Fair Value (Printed heading or definition supporting the source-reviewed qualifier.)",RESOLVED,A+B+ADJUDICATOR,42fd3fd5192cd82559b79a6adfdcdbf321ee96ab2925a30c3f3513e2aabdc3b6
6a647e3b9c325ec9cb6b,SRC407,4,PAIR_FD647B3C51F7C1354BE76993,CONTEXT_CONFLICT,381,381,source_section|asset_class|strategy|currency_scale,MERGE,"source_section blanked: the only headings this document prints are the in-table groupings, which the placement rule makes asset_class/strategy and never source_section; pages 2-7 and 11 print no heading above the table at all. asset_class and strategy take the printed group name without the portfolio percentage and without '(Continued)': B's form split one class into two on the continuation pages and carried a running-header marker into the data. subject_type 'fund': the row label names a vehicle (L.P./LP/LLC/SCSp/Limited Partnership), which the label-driven rule types fund, not investment. currency_scale '$': the symbol is printed once at the head of the Cost and Fair Value columns and governs every value beneath it.",RESOLVED,A+B+ADJUDICATOR,42fd3fd5192cd82559b79a6adfdcdbf321ee96ab2925a30c3f3513e2aabdc3b6
c1461b4ede98c18da79d,SRC407,4,PAIR_CF487EC63363C9F3E1E0AC40,CONTEXT_CONFLICT,382,382,source_section|asset_class|strategy|currency_scale,MERGE,"source_section blanked: the only headings this document prints are the in-table groupings, which the placement rule makes asset_class/strategy and never source_section; pages 2-7 and 11 print no heading above the table at all. asset_class and strategy take the printed group name without the portfolio percentage and without '(Continued)': B's form split one class into two on the continuation pages and carried a running-header marker into the data. subject_type 'fund': the row label names a vehicle (L.P./LP/LLC/SCSp/Limited Partnership), which the label-driven rule types fund, not investment. currency_scale '$': the symbol is printed once at the head of the Cost and Fair Value columns and governs every value beneath it.; Source review: p4: Fair Value (Individual holdings, aggregate rows, and the hierarchy note have separate value scopes.) | p4: Fair Value (Printed heading or definition supporting the source-reviewed qualifier.)",RESOLVED,A+B+ADJUDICATOR,42fd3fd5192cd82559b79a6adfdcdbf321ee96ab2925a30c3f3513e2aabdc3b6
dea5b05861fefbbad8d8,SRC407,4,PAIR_9F02528DC8F85DDEC184E9BD,CONTEXT_CONFLICT,383,383,source_section|asset_class|strategy|currency_scale,MERGE,"source_section blanked: the only headings this document prints are the in-table groupings, which the placement rule makes asset_class/strategy and never source_section; pages 2-7 and 11 print no heading above the table at all. asset_class and strategy take the printed group name without the portfolio percentage and without '(Continued)': B's form split one class into two on the continuation pages and carried a running-header marker into the data. subject_type 'fund': the row label names a vehicle (L.P./LP/LLC/SCSp/Limited Partnership), which the label-driven rule types fund, not investment. currency_scale '$': the symbol is printed once at the head of the Cost and Fair Value columns and governs every value beneath it.",RESOLVED,A+B+ADJUDICATOR,42fd3fd5192cd82559b79a6adfdcdbf321ee96ab2925a30c3f3513e2aabdc3b6
0b3b63d6a99de9c7df0d,SRC407,4,PAIR_A1AC7D47D935974C428FF695,CONTEXT_CONFLICT,384,384,source_section|asset_class|strategy|currency_scale,MERGE,"source_section blanked: the only headings this document prints are the in-table groupings, which the placement rule makes asset_class/strategy and never source_section; pages 2-7 and 11 print no heading above the table at all. asset_class and strategy take the printed group name without the portfolio percentage and without '(Continued)': B's form split one class into two on the continuation pages and carried a running-header marker into the data. subject_type 'fund': the row label names a vehicle (L.P./LP/LLC/SCSp/Limited Partnership), which the label-driven rule types fund, not investment. currency_scale '$': the symbol is printed once at the head of the Cost and Fair Value columns and governs every value beneath it.; Source review: p4: Fair Value (Individual holdings, aggregate rows, and the hierarchy note have separate value scopes.) | p4: Fair Value (Printed heading or definition supporting the source-reviewed qualifier.)",RESOLVED,A+B+ADJUDICATOR,42fd3fd5192cd82559b79a6adfdcdbf321ee96ab2925a30c3f3513e2aabdc3b6
321cfda5f11c93d782a4,SRC407,4,PAIR_92B0F228168CBA10D849C12B,CONTEXT_CONFLICT,385,385,source_section|asset_class|strategy|currency_scale,MERGE,"source_section blanked: the only headings this document prints are the in-table groupings, which the placement rule makes asset_class/strategy and never source_section; pages 2-7 and 11 print no heading above the table at all. asset_class and strategy take the printed group name without the portfolio percentage and without '(Continued)': B's form split one class into two on the continuation pages and carried a running-header marker into the data. subject_type 'fund': the row label names a vehicle (L.P./LP/LLC/SCSp/Limited Partnership), which the label-driven rule types fund, not investment. currency_scale '$': the symbol is printed once at the head of the Cost and Fair Value columns and governs every value beneath it.",RESOLVED,A+B+ADJUDICATOR,42fd3fd5192cd82559b79a6adfdcdbf321ee96ab2925a30c3f3513e2aabdc3b6
9393a7814732e99c00bc,SRC407,4,PAIR_207F3FD084292B714E9A6F8A,CONTEXT_CONFLICT,386,386,source_section|asset_class|strategy|currency_scale,MERGE,"source_section blanked: the only headings this document prints are the in-table groupings, which the placement rule makes asset_class/strategy and never source_section; pages 2-7 and 11 print no heading above the table at all. asset_class and strategy take the printed group name without the portfolio percentage and without '(Continued)': B's form split one class into two on the continuation pages and carried a running-header marker into the data. subject_type 'fund': the row label names a vehicle (L.P./LP/LLC/SCSp/Limited Partnership), which the label-driven rule types fund, not investment. currency_scale '$': the symbol is printed once at the head of the Cost and Fair Value columns and governs every value beneath it.; Source review: p4: Fair Value (Individual holdings, aggregate rows, and the hierarchy note have separate value scopes.) | p4: Fair Value (Printed heading or definition supporting the source-reviewed qualifier.)",RESOLVED,A+B+ADJUDICATOR,42fd3fd5192cd82559b79a6adfdcdbf321ee96ab2925a30c3f3513e2aabdc3b6
9404cf7395791bed09dd,SRC407,4,PAIR_73D76869AE6D652E6D3C3617,CONTEXT_CONFLICT,387,387,source_section|asset_class|strategy|currency_scale,MERGE,"source_section blanked: the only headings this document prints are the in-table groupings, which the placement rule makes asset_class/strategy and never source_section; pages 2-7 and 11 print no heading above the table at all. asset_class and strategy take the printed group name without the portfolio percentage and without '(Continued)': B's form split one class into two on the continuation pages and carried a running-header marker into the data. subject_type 'fund': the row label names a vehicle (L.P./LP/LLC/SCSp/Limited Partnership), which the label-driven rule types fund, not investment. currency_scale '$': the symbol is printed once at the head of the Cost and Fair Value columns and governs every value beneath it.",RESOLVED,A+B+ADJUDICATOR,42fd3fd5192cd82559b79a6adfdcdbf321ee96ab2925a30c3f3513e2aabdc3b6
cd33d8532953d2f98c99,SRC407,4,PAIR_A6863DBC1D06B2BA83151602,CONTEXT_CONFLICT,388,388,source_section|asset_class|strategy|currency_scale,MERGE,"source_section blanked: the only headings this document prints are the in-table groupings, which the placement rule makes asset_class/strategy and never source_section; pages 2-7 and 11 print no heading above the table at all. asset_class and strategy take the printed group name without the portfolio percentage and without '(Continued)': B's form split one class into two on the continuation pages and carried a running-header marker into the data. subject_type 'fund': the row label names a vehicle (L.P./LP/LLC/SCSp/Limited Partnership), which the label-driven rule types fund, not investment. currency_scale '$': the symbol is printed once at the head of the Cost and Fair Value columns and governs every value beneath it.; Source review: p4: Fair Value (Individual holdings, aggregate rows, and the hierarchy note have separate value scopes.) | p4: Fair Value (Printed heading or definition supporting the source-reviewed qualifier.)",RESOLVED,A+B+ADJUDICATOR,42fd3fd5192cd82559b79a6adfdcdbf321ee96ab2925a30c3f3513e2aabdc3b6
b0a668eca56f78fa0138,SRC407,4,PAIR_D614004BC4D1738DE3BF75ED,CONTEXT_CONFLICT,389,389,source_section|asset_class|strategy|currency_scale,MERGE,"source_section blanked: the only headings this document prints are the in-table groupings, which the placement rule makes asset_class/strategy and never source_section; pages 2-7 and 11 print no heading above the table at all. asset_class and strategy take the printed group name without the portfolio percentage and without '(Continued)': B's form split one class into two on the continuation pages and carried a running-header marker into the data. subject_type 'fund': the row label names a vehicle (L.P./LP/LLC/SCSp/Limited Partnership), which the label-driven rule types fund, not investment. currency_scale '$': the symbol is printed once at the head of the Cost and Fair Value columns and governs every value beneath it.",RESOLVED,A+B+ADJUDICATOR,42fd3fd5192cd82559b79a6adfdcdbf321ee96ab2925a30c3f3513e2aabdc3b6
beb31984185777e02437,SRC407,4,PAIR_20C0D2485F8795007AF682DE,CONTEXT_CONFLICT,390,390,source_section|asset_class|strategy|currency_scale,MERGE,"source_section blanked: the only headings this document prints are the in-table groupings, which the placement rule makes asset_class/strategy and never source_section; pages 2-7 and 11 print no heading above the table at all. asset_class and strategy take the printed group name without the portfolio percentage and without '(Continued)': B's form split one class into two on the continuation pages and carried a running-header marker into the data. subject_type 'fund': the row label names a vehicle (L.P./LP/LLC/SCSp/Limited Partnership), which the label-driven rule types fund, not investment. currency_scale '$': the symbol is printed once at the head of the Cost and Fair Value columns and governs every value beneath it.; Source review: p4: Fair Value (Individual holdings, aggregate rows, and the hierarchy note have separate value scopes.) | p4: Fair Value (Printed heading or definition supporting the source-reviewed qualifier.)",RESOLVED,A+B+ADJUDICATOR,42fd3fd5192cd82559b79a6adfdcdbf321ee96ab2925a30c3f3513e2aabdc3b6
7178a08bbb92394e4fb3,SRC407,4,PAIR_A7D0028C9C923F3240F7FFAD,CONTEXT_CONFLICT,391,391,source_section|asset_class|strategy|currency_scale,MERGE,"source_section blanked: the only headings this document prints are the in-table groupings, which the placement rule makes asset_class/strategy and never source_section; pages 2-7 and 11 print no heading above the table at all. asset_class and strategy take the printed group name without the portfolio percentage and without '(Continued)': B's form split one class into two on the continuation pages and carried a running-header marker into the data. subject_type 'fund': the row label names a vehicle (L.P./LP/LLC/SCSp/Limited Partnership), which the label-driven rule types fund, not investment. currency_scale '$': the symbol is printed once at the head of the Cost and Fair Value columns and governs every value beneath it.",RESOLVED,A+B+ADJUDICATOR,42fd3fd5192cd82559b79a6adfdcdbf321ee96ab2925a30c3f3513e2aabdc3b6
9ee411f3d645121cfbe2,SRC407,4,PAIR_14B8898540AEF455E1325CBC,CONTEXT_CONFLICT,392,392,source_section|asset_class|strategy|currency_scale,MERGE,"source_section blanked: the only headings this document prints are the in-table groupings, which the placement rule makes asset_class/strategy and never source_section; pages 2-7 and 11 print no heading above the table at all. asset_class and strategy take the printed group name without the portfolio percentage and without '(Continued)': B's form split one class into two on the continuation pages and carried a running-header marker into the data. subject_type 'fund': the row label names a vehicle (L.P./LP/LLC/SCSp/Limited Partnership), which the label-driven rule types fund, not investment. currency_scale '$': the symbol is printed once at the head of the Cost and Fair Value columns and governs every value beneath it.; Source review: p4: Fair Value (Individual holdings, aggregate rows, and the hierarchy note have separate value scopes.) | p4: Fair Value (Printed heading or definition supporting the source-reviewed qualifier.)",RESOLVED,A+B+ADJUDICATOR,42fd3fd5192cd82559b79a6adfdcdbf321ee96ab2925a30c3f3513e2aabdc3b6
16d842c631d5e3eaf748,SRC407,4,PAIR_BBE437FD7CD249D845D248BC,CONTEXT_CONFLICT,393,393,source_section|asset_class|strategy|currency_scale,MERGE,"source_section blanked: the only headings this document prints are the in-table groupings, which the placement rule makes asset_class/strategy and never source_section; pages 2-7 and 11 print no heading above the table at all. asset_class and strategy take the printed group name without the portfolio percentage and without '(Continued)': B's form split one class into two on the continuation pages and carried a running-header marker into the data. subject_type 'fund': the row label names a vehicle (L.P./LP/LLC/SCSp/Limited Partnership), which the label-driven rule types fund, not investment. currency_scale '$': the symbol is printed once at the head of the Cost and Fair Value columns and governs every value beneath it.",RESOLVED,A+B+ADJUDICATOR,42fd3fd5192cd82559b79a6adfdcdbf321ee96ab2925a30c3f3513e2aabdc3b6
3ef7813e9ef9b5fc7678,SRC407,4,PAIR_160DE27488D3B0DE0D5E560A,CONTEXT_CONFLICT,394,394,source_section|asset_class|strategy|currency_scale,MERGE,"source_section blanked: the only headings this document prints are the in-table groupings, which the placement rule makes asset_class/strategy and never source_section; pages 2-7 and 11 print no heading above the table at all. asset_class and strategy take the printed group name without the portfolio percentage and without '(Continued)': B's form split one class into two on the continuation pages and carried a running-header marker into the data. subject_type 'fund': the row label names a vehicle (L.P./LP/LLC/SCSp/Limited Partnership), which the label-driven rule types fund, not investment. currency_scale '$': the symbol is printed once at the head of the Cost and Fair Value columns and governs every value beneath it.; Source review: p4: Fair Value (Individual holdings, aggregate rows, and the hierarchy note have separate value scopes.) | p4: Fair Value (Printed heading or definition supporting the source-reviewed qualifier.)",RESOLVED,A+B+ADJUDICATOR,42fd3fd5192cd82559b79a6adfdcdbf321ee96ab2925a30c3f3513e2aabdc3b6
a8720569ece8c8e60dc6,SRC407,4,PAIR_7C890D43DDEF17C5758F58A0,CONTEXT_CONFLICT,395,395,source_section|asset_class|strategy|currency_scale,MERGE,"source_section blanked: the only headings this document prints are the in-table groupings, which the placement rule makes asset_class/strategy and never source_section; pages 2-7 and 11 print no heading above the table at all. asset_class and strategy take the printed group name without the portfolio percentage and without '(Continued)': B's form split one class into two on the continuation pages and carried a running-header marker into the data. subject_type 'fund': the row label names a vehicle (L.P./LP/LLC/SCSp/Limited Partnership), which the label-driven rule types fund, not investment. currency_scale '$': the symbol is printed once at the head of the Cost and Fair Value columns and governs every value beneath it.",RESOLVED,A+B+ADJUDICATOR,42fd3fd5192cd82559b79a6adfdcdbf321ee96ab2925a30c3f3513e2aabdc3b6
1266b68e015ec88cf1e6,SRC407,4,PAIR_1CE6F772349D84E44AFAF922,CONTEXT_CONFLICT,396,396,source_section|asset_class|strategy|currency_scale,MERGE,"source_section blanked: the only headings this document prints are the in-table groupings, which the placement rule makes asset_class/strategy and never source_section; pages 2-7 and 11 print no heading above the table at all. asset_class and strategy take the printed group name without the portfolio percentage and without '(Continued)': B's form split one class into two on the continuation pages and carried a running-header marker into the data. subject_type 'fund': the row label names a vehicle (L.P./LP/LLC/SCSp/Limited Partnership), which the label-driven rule types fund, not investment. currency_scale '$': the symbol is printed once at the head of the Cost and Fair Value columns and governs every value beneath it.; Source review: p4: Fair Value (Individual holdings, aggregate rows, and the hierarchy note have separate value scopes.) | p4: Fair Value (Printed heading or definition supporting the source-reviewed qualifier.)",RESOLVED,A+B+ADJUDICATOR,42fd3fd5192cd82559b79a6adfdcdbf321ee96ab2925a30c3f3513e2aabdc3b6
75f41f677ca05dd0ef19,SRC407,4,PAIR_3B415B9BB99DFD4801624F51,CONTEXT_CONFLICT,397,397,source_section|asset_class|strategy|currency_scale,MERGE,"source_section blanked: the only headings this document prints are the in-table groupings, which the placement rule makes asset_class/strategy and never source_section; pages 2-7 and 11 print no heading above the table at all. asset_class and strategy take the printed group name without the portfolio percentage and without '(Continued)': B's form split one class into two on the continuation pages and carried a running-header marker into the data. subject_type 'fund': the row label names a vehicle (L.P./LP/LLC/SCSp/Limited Partnership), which the label-driven rule types fund, not investment. currency_scale '$': the symbol is printed once at the head of the Cost and Fair Value columns and governs every value beneath it.",RESOLVED,A+B+ADJUDICATOR,42fd3fd5192cd82559b79a6adfdcdbf321ee96ab2925a30c3f3513e2aabdc3b6
8c2025d647f359f6392a,SRC407,4,PAIR_586FD0C47558544146D5F5C9,CONTEXT_CONFLICT,398,398,source_section|asset_class|strategy|currency_scale,MERGE,"source_section blanked: the only headings this document prints are the in-table groupings, which the placement rule makes asset_class/strategy and never source_section; pages 2-7 and 11 print no heading above the table at all. asset_class and strategy take the printed group name without the portfolio percentage and without '(Continued)': B's form split one class into two on the continuation pages and carried a running-header marker into the data. subject_type 'fund': the row label names a vehicle (L.P./LP/LLC/SCSp/Limited Partnership), which the label-driven rule types fund, not investment. currency_scale '$': the symbol is printed once at the head of the Cost and Fair Value columns and governs every value beneath it.; Source review: p4: Fair Value (Individual holdings, aggregate rows, and the hierarchy note have separate value scopes.) | p4: Fair Value (Printed heading or definition supporting the source-reviewed qualifier.)",RESOLVED,A+B+ADJUDICATOR,42fd3fd5192cd82559b79a6adfdcdbf321ee96ab2925a30c3f3513e2aabdc3b6
4cbf4e18f4d36feb76a7,SRC407,4,PAIR_9C3FDD8CF9BCE343840932C1,CONTEXT_CONFLICT,399,399,source_section|asset_class|strategy|currency_scale,MERGE,"source_section blanked: the only headings this document prints are the in-table groupings, which the placement rule makes asset_class/strategy and never source_section; pages 2-7 and 11 print no heading above the table at all. asset_class and strategy take the printed group name without the portfolio percentage and without '(Continued)': B's form split one class into two on the continuation pages and carried a running-header marker into the data. subject_type 'fund': the row label names a vehicle (L.P./LP/LLC/SCSp/Limited Partnership), which the label-driven rule types fund, not investment. currency_scale '$': the symbol is printed once at the head of the Cost and Fair Value columns and governs every value beneath it.",RESOLVED,A+B+ADJUDICATOR,42fd3fd5192cd82559b79a6adfdcdbf321ee96ab2925a30c3f3513e2aabdc3b6
009deda586cbb358f39e,SRC407,4,PAIR_0452BBF53F456AEAEFADC1D7,CONTEXT_CONFLICT,400,400,source_section|asset_class|strategy|currency_scale,MERGE,"source_section blanked: the only headings this document prints are the in-table groupings, which the placement rule makes asset_class/strategy and never source_section; pages 2-7 and 11 print no heading above the table at all. asset_class and strategy take the printed group name without the portfolio percentage and without '(Continued)': B's form split one class into two on the continuation pages and carried a running-header marker into the data. subject_type 'fund': the row label names a vehicle (L.P./LP/LLC/SCSp/Limited Partnership), which the label-driven rule types fund, not investment. currency_scale '$': the symbol is printed once at the head of the Cost and Fair Value columns and governs every value beneath it.; Source review: p4: Fair Value (Individual holdings, aggregate rows, and the hierarchy note have separate value scopes.) | p4: Fair Value (Printed heading or definition supporting the source-reviewed qualifier.)",RESOLVED,A+B+ADJUDICATOR,42fd3fd5192cd82559b79a6adfdcdbf321ee96ab2925a30c3f3513e2aabdc3b6
93cff1fe3d5dd29c827b,SRC407,4,PAIR_EA8B45836CE15B80567BBA43,CONTEXT_CONFLICT,401,401,source_section|asset_class|strategy|currency_scale,MERGE,"source_section blanked: the only headings this document prints are the in-table groupings, which the placement rule makes asset_class/strategy and never source_section; pages 2-7 and 11 print no heading above the table at all. asset_class and strategy take the printed group name without the portfolio percentage and without '(Continued)': B's form split one class into two on the continuation pages and carried a running-header marker into the data. subject_type 'fund': the row label names a vehicle (L.P./LP/LLC/SCSp/Limited Partnership), which the label-driven rule types fund, not investment. currency_scale '$': the symbol is printed once at the head of the Cost and Fair Value columns and governs every value beneath it.",RESOLVED,A+B+ADJUDICATOR,42fd3fd5192cd82559b79a6adfdcdbf321ee96ab2925a30c3f3513e2aabdc3b6
35e6719dab7ffa2d62b7,SRC407,4,PAIR_0B303CE2D44D4C63A68EFCF2,CONTEXT_CONFLICT,402,402,source_section|asset_class|strategy|currency_scale,MERGE,"source_section blanked: the only headings this document prints are the in-table groupings, which the placement rule makes asset_class/strategy and never source_section; pages 2-7 and 11 print no heading above the table at all. asset_class and strategy take the printed group name without the portfolio percentage and without '(Continued)': B's form split one class into two on the continuation pages and carried a running-header marker into the data. subject_type 'fund': the row label names a vehicle (L.P./LP/LLC/SCSp/Limited Partnership), which the label-driven rule types fund, not investment. currency_scale '$': the symbol is printed once at the head of the Cost and Fair Value columns and governs every value beneath it.; Source review: p4: Fair Value (Individual holdings, aggregate rows, and the hierarchy note have separate value scopes.) | p4: Fair Value (Printed heading or definition supporting the source-reviewed qualifier.)",RESOLVED,A+B+ADJUDICATOR,42fd3fd5192cd82559b79a6adfdcdbf321ee96ab2925a30c3f3513e2aabdc3b6
f955c00d0fedb4517850,SRC407,4,PAIR_493399CEB1BAF50B3749AEC4,CONTEXT_CONFLICT,403,403,source_section|asset_class|strategy|currency_scale,MERGE,"source_section blanked: the only headings this document prints are the in-table groupings, which the placement rule makes asset_class/strategy and never source_section; pages 2-7 and 11 print no heading above the table at all. asset_class and strategy take the printed group name without the portfolio percentage and without '(Continued)': B's form split one class into two on the continuation pages and carried a running-header marker into the data. subject_type 'fund': the row label names a vehicle (L.P./LP/LLC/SCSp/Limited Partnership), which the label-driven rule types fund, not investment. currency_scale '$': the symbol is printed once at the head of the Cost and Fair Value columns and governs every value beneath it.",RESOLVED,A+B+ADJUDICATOR,42fd3fd5192cd82559b79a6adfdcdbf321ee96ab2925a30c3f3513e2aabdc3b6
45476320cc20f1aecac2,SRC407,4,PAIR_2E0573D0690A5299A3CB58FD,CONTEXT_CONFLICT,404,404,source_section|asset_class|strategy|currency_scale,MERGE,"source_section blanked: the only headings this document prints are the in-table groupings, which the placement rule makes asset_class/strategy and never source_section; pages 2-7 and 11 print no heading above the table at all. asset_class and strategy take the printed group name without the portfolio percentage and without '(Continued)': B's form split one class into two on the continuation pages and carried a running-header marker into the data. subject_type 'fund': the row label names a vehicle (L.P./LP/LLC/SCSp/Limited Partnership), which the label-driven rule types fund, not investment. currency_scale '$': the symbol is printed once at the head of the Cost and Fair Value columns and governs every value beneath it.; Source review: p4: Fair Value (Individual holdings, aggregate rows, and the hierarchy note have separate value scopes.) | p4: Fair Value (Printed heading or definition supporting the source-reviewed qualifier.)",RESOLVED,A+B+ADJUDICATOR,42fd3fd5192cd82559b79a6adfdcdbf321ee96ab2925a30c3f3513e2aabdc3b6
2584a88da1c1d7b00bbd,SRC407,4,PAIR_0159608DE333E91433DAD6F8,CONTEXT_CONFLICT,405,405,source_section|asset_class|strategy|currency_scale,MERGE,"source_section blanked: the only headings this document prints are the in-table groupings, which the placement rule makes asset_class/strategy and never source_section; pages 2-7 and 11 print no heading above the table at all. asset_class and strategy take the printed group name without the portfolio percentage and without '(Continued)': B's form split one class into two on the continuation pages and carried a running-header marker into the data. subject_type 'fund': the row label names a vehicle (L.P./LP/LLC/SCSp/Limited Partnership), which the label-driven rule types fund, not investment. currency_scale '$': the symbol is printed once at the head of the Cost and Fair Value columns and governs every value beneath it.",RESOLVED,A+B+ADJUDICATOR,42fd3fd5192cd82559b79a6adfdcdbf321ee96ab2925a30c3f3513e2aabdc3b6
2624fcb001e1fca6cd8a,SRC407,4,PAIR_2C2DC7B7B73DA5272DC0A3FF,CONTEXT_CONFLICT,406,406,source_section|asset_class|strategy|currency_scale,MERGE,"source_section blanked: the only headings this document prints are the in-table groupings, which the placement rule makes asset_class/strategy and never source_section; pages 2-7 and 11 print no heading above the table at all. asset_class and strategy take the printed group name without the portfolio percentage and without '(Continued)': B's form split one class into two on the continuation pages and carried a running-header marker into the data. subject_type 'fund': the row label names a vehicle (L.P./LP/LLC/SCSp/Limited Partnership), which the label-driven rule types fund, not investment. currency_scale '$': the symbol is printed once at the head of the Cost and Fair Value columns and governs every value beneath it.",RESOLVED,A+B+ADJUDICATOR,42fd3fd5192cd82559b79a6adfdcdbf321ee96ab2925a30c3f3513e2aabdc3b6
f66426374c4b78d63886,SRC407,4,PAIR_2F2FAB6F2C6C045517F23537,CONTEXT_CONFLICT,407,407,source_section|asset_class|strategy|currency_scale,MERGE,"source_section blanked: the only headings this document prints are the in-table groupings, which the placement rule makes asset_class/strategy and never source_section; pages 2-7 and 11 print no heading above the table at all. asset_class and strategy take the printed group name without the portfolio percentage and without '(Continued)': B's form split one class into two on the continuation pages and carried a running-header marker into the data. subject_type 'fund': the row label names a vehicle (L.P./LP/LLC/SCSp/Limited Partnership), which the label-driven rule types fund, not investment. currency_scale '$': the symbol is printed once at the head of the Cost and Fair Value columns and governs every value beneath it.; Source review: p4: Fair Value (Individual holdings, aggregate rows, and the hierarchy note have separate value scopes.) | p4: Fair Value (Printed heading or definition supporting the source-reviewed qualifier.)",RESOLVED,A+B+ADJUDICATOR,42fd3fd5192cd82559b79a6adfdcdbf321ee96ab2925a30c3f3513e2aabdc3b6
cc6f00c2d63ab967a39f,SRC407,4,PAIR_9F7FB44318BF1E6E0CE9565C,CONTEXT_CONFLICT,408,408,source_section|asset_class|strategy|currency_scale,MERGE,"source_section blanked: the only headings this document prints are the in-table groupings, which the placement rule makes asset_class/strategy and never source_section; pages 2-7 and 11 print no heading above the table at all. asset_class and strategy take the printed group name without the portfolio percentage and without '(Continued)': B's form split one class into two on the continuation pages and carried a running-header marker into the data. subject_type 'fund': the row label names a vehicle (L.P./LP/LLC/SCSp/Limited Partnership), which the label-driven rule types fund, not investment. currency_scale '$': the symbol is printed once at the head of the Cost and Fair Value columns and governs every value beneath it.",RESOLVED,A+B+ADJUDICATOR,42fd3fd5192cd82559b79a6adfdcdbf321ee96ab2925a30c3f3513e2aabdc3b6
0796fffa0d68ec596866,SRC407,4,PAIR_C11DB94ADEB165EF619FD864,CONTEXT_CONFLICT,409,409,source_section|asset_class|strategy|currency_scale,MERGE,"source_section blanked: the only headings this document prints are the in-table groupings, which the placement rule makes asset_class/strategy and never source_section; pages 2-7 and 11 print no heading above the table at all. asset_class and strategy take the printed group name without the portfolio percentage and without '(Continued)': B's form split one class into two on the continuation pages and carried a running-header marker into the data. subject_type 'fund': the row label names a vehicle (L.P./LP/LLC/SCSp/Limited Partnership), which the label-driven rule types fund, not investment. currency_scale '$': the symbol is printed once at the head of the Cost and Fair Value columns and governs every value beneath it.; Source review: p4: Fair Value (Individual holdings, aggregate rows, and the hierarchy note have separate value scopes.) | p4: Fair Value (Printed heading or definition supporting the source-reviewed qualifier.)",RESOLVED,A+B+ADJUDICATOR,42fd3fd5192cd82559b79a6adfdcdbf321ee96ab2925a30c3f3513e2aabdc3b6
7f2c109ed376fb79dd69,SRC407,4,PAIR_ED4C62CA4FCE0F8EAFE151D4,CONTEXT_CONFLICT,410,410,source_section|asset_class|strategy|currency_scale,MERGE,"source_section blanked: the only headings this document prints are the in-table groupings, which the placement rule makes asset_class/strategy and never source_section; pages 2-7 and 11 print no heading above the table at all. asset_class and strategy take the printed group name without the portfolio percentage and without '(Continued)': B's form split one class into two on the continuation pages and carried a running-header marker into the data. subject_type 'fund': the row label names a vehicle (L.P./LP/LLC/SCSp/Limited Partnership), which the label-driven rule types fund, not investment. currency_scale '$': the symbol is printed once at the head of the Cost and Fair Value columns and governs every value beneath it.",RESOLVED,A+B+ADJUDICATOR,42fd3fd5192cd82559b79a6adfdcdbf321ee96ab2925a30c3f3513e2aabdc3b6
a235c4fe1a1c9567844c,SRC407,4,PAIR_D50746C826A938D7ABFEC7CF,CONTEXT_CONFLICT,411,411,source_section|asset_class|strategy|currency_scale,MERGE,"source_section blanked: the only headings this document prints are the in-table groupings, which the placement rule makes asset_class/strategy and never source_section; pages 2-7 and 11 print no heading above the table at all. asset_class and strategy take the printed group name without the portfolio percentage and without '(Continued)': B's form split one class into two on the continuation pages and carried a running-header marker into the data. subject_type 'fund': the row label names a vehicle (L.P./LP/LLC/SCSp/Limited Partnership), which the label-driven rule types fund, not investment. currency_scale '$': the symbol is printed once at the head of the Cost and Fair Value columns and governs every value beneath it.; Source review: p4: Fair Value (Individual holdings, aggregate rows, and the hierarchy note have separate value scopes.) | p4: Fair Value (Printed heading or definition supporting the source-reviewed qualifier.)",RESOLVED,A+B+ADJUDICATOR,42fd3fd5192cd82559b79a6adfdcdbf321ee96ab2925a30c3f3513e2aabdc3b6
41b51a8a2b9f9942211b,SRC407,4,PAIR_82E95C5FD999A1BBB4F5305D,CONTEXT_CONFLICT,412,412,source_section|asset_class|strategy|currency_scale,MERGE,"source_section blanked: the only headings this document prints are the in-table groupings, which the placement rule makes asset_class/strategy and never source_section; pages 2-7 and 11 print no heading above the table at all. asset_class and strategy take the printed group name without the portfolio percentage and without '(Continued)': B's form split one class into two on the continuation pages and carried a running-header marker into the data. subject_type 'fund': the row label names a vehicle (L.P./LP/LLC/SCSp/Limited Partnership), which the label-driven rule types fund, not investment. currency_scale '$': the symbol is printed once at the head of the Cost and Fair Value columns and governs every value beneath it.",RESOLVED,A+B+ADJUDICATOR,42fd3fd5192cd82559b79a6adfdcdbf321ee96ab2925a30c3f3513e2aabdc3b6
fe5abf7b138447e2e6c0,SRC407,4,PAIR_79DAA236768CB69F48E03172,CONTEXT_CONFLICT,413,413,source_section|asset_class|strategy|currency_scale,MERGE,"source_section blanked: the only headings this document prints are the in-table groupings, which the placement rule makes asset_class/strategy and never source_section; pages 2-7 and 11 print no heading above the table at all. asset_class and strategy take the printed group name without the portfolio percentage and without '(Continued)': B's form split one class into two on the continuation pages and carried a running-header marker into the data. subject_type 'fund': the row label names a vehicle (L.P./LP/LLC/SCSp/Limited Partnership), which the label-driven rule types fund, not investment. currency_scale '$': the symbol is printed once at the head of the Cost and Fair Value columns and governs every value beneath it.; Source review: p4: Fair Value (Individual holdings, aggregate rows, and the hierarchy note have separate value scopes.) | p4: Fair Value (Printed heading or definition supporting the source-reviewed qualifier.)",RESOLVED,A+B+ADJUDICATOR,42fd3fd5192cd82559b79a6adfdcdbf321ee96ab2925a30c3f3513e2aabdc3b6
1c3e5811bcc831dffb98,SRC407,4,PAIR_9DFF45071EB6408CFAFE9176,CONTEXT_CONFLICT,414,414,source_section|asset_class|strategy|currency_scale,MERGE,"source_section blanked: the only headings this document prints are the in-table groupings, which the placement rule makes asset_class/strategy and never source_section; pages 2-7 and 11 print no heading above the table at all. asset_class and strategy take the printed group name without the portfolio percentage and without '(Continued)': B's form split one class into two on the continuation pages and carried a running-header marker into the data. subject_type 'fund': the row label names a vehicle (L.P./LP/LLC/SCSp/Limited Partnership), which the label-driven rule types fund, not investment. currency_scale '$': the symbol is printed once at the head of the Cost and Fair Value columns and governs every value beneath it.",RESOLVED,A+B+ADJUDICATOR,42fd3fd5192cd82559b79a6adfdcdbf321ee96ab2925a30c3f3513e2aabdc3b6
2aed9e77387a8f498c98,SRC407,4,PAIR_4A845B5F5035D7954BD3F2AD,CONTEXT_CONFLICT,415,415,source_section|asset_class|strategy|currency_scale,MERGE,"source_section blanked: the only headings this document prints are the in-table groupings, which the placement rule makes asset_class/strategy and never source_section; pages 2-7 and 11 print no heading above the table at all. asset_class and strategy take the printed group name without the portfolio percentage and without '(Continued)': B's form split one class into two on the continuation pages and carried a running-header marker into the data. subject_type 'fund': the row label names a vehicle (L.P./LP/LLC/SCSp/Limited Partnership), which the label-driven rule types fund, not investment. currency_scale '$': the symbol is printed once at the head of the Cost and Fair Value columns and governs every value beneath it.; Source review: p4: Fair Value (Individual holdings, aggregate rows, and the hierarchy note have separate value scopes.) | p4: Fair Value (Printed heading or definition supporting the source-reviewed qualifier.)",RESOLVED,A+B+ADJUDICATOR,42fd3fd5192cd82559b79a6adfdcdbf321ee96ab2925a30c3f3513e2aabdc3b6
9f90e7ebec0ed58a6e77,SRC407,4,PAIR_B259F15A1BF7603E816DB5D5,CONTEXT_CONFLICT,416,416,source_section|asset_class|strategy|currency_scale,MERGE,"source_section blanked: the only headings this document prints are the in-table groupings, which the placement rule makes asset_class/strategy and never source_section; pages 2-7 and 11 print no heading above the table at all. asset_class and strategy take the printed group name without the portfolio percentage and without '(Continued)': B's form split one class into two on the continuation pages and carried a running-header marker into the data. subject_type 'fund': the row label names a vehicle (L.P./LP/LLC/SCSp/Limited Partnership), which the label-driven rule types fund, not investment. currency_scale '$': the symbol is printed once at the head of the Cost and Fair Value columns and governs every value beneath it.",RESOLVED,A+B+ADJUDICATOR,42fd3fd5192cd82559b79a6adfdcdbf321ee96ab2925a30c3f3513e2aabdc3b6
516b960c0987a0b145c1,SRC407,4,PAIR_0225F47BAEA53F4DFFE639B5,CONTEXT_CONFLICT,417,417,source_section|asset_class|strategy|currency_scale,MERGE,"source_section blanked: the only headings this document prints are the in-table groupings, which the placement rule makes asset_class/strategy and never source_section; pages 2-7 and 11 print no heading above the table at all. asset_class and strategy take the printed group name without the portfolio percentage and without '(Continued)': B's form split one class into two on the continuation pages and carried a running-header marker into the data. subject_type 'fund': the row label names a vehicle (L.P./LP/LLC/SCSp/Limited Partnership), which the label-driven rule types fund, not investment. currency_scale '$': the symbol is printed once at the head of the Cost and Fair Value columns and governs every value beneath it.; Source review: p4: Fair Value (Individual holdings, aggregate rows, and the hierarchy note have separate value scopes.) | p4: Fair Value (Printed heading or definition supporting the source-reviewed qualifier.)",RESOLVED,A+B+ADJUDICATOR,42fd3fd5192cd82559b79a6adfdcdbf321ee96ab2925a30c3f3513e2aabdc3b6
d117b9cd42d96c35ed8f,SRC407,4,PAIR_CD7A8DC290B067E667005B0F,CONTEXT_CONFLICT,418,418,source_section|asset_class|strategy|currency_scale,MERGE,"source_section blanked: the only headings this document prints are the in-table groupings, which the placement rule makes asset_class/strategy and never source_section; pages 2-7 and 11 print no heading above the table at all. asset_class and strategy take the printed group name without the portfolio percentage and without '(Continued)': B's form split one class into two on the continuation pages and carried a running-header marker into the data. subject_type 'fund': the row label names a vehicle (L.P./LP/LLC/SCSp/Limited Partnership), which the label-driven rule types fund, not investment. currency_scale '$': the symbol is printed once at the head of the Cost and Fair Value columns and governs every value beneath it.",RESOLVED,A+B+ADJUDICATOR,42fd3fd5192cd82559b79a6adfdcdbf321ee96ab2925a30c3f3513e2aabdc3b6
e46aad94bdf24b0dc6b6,SRC407,4,PAIR_BBC698EB51FC74BF0588EFFE,CONTEXT_CONFLICT,419,419,source_section|asset_class|strategy|currency_scale,MERGE,"source_section blanked: the only headings this document prints are the in-table groupings, which the placement rule makes asset_class/strategy and never source_section; pages 2-7 and 11 print no heading above the table at all. asset_class and strategy take the printed group name without the portfolio percentage and without '(Continued)': B's form split one class into two on the continuation pages and carried a running-header marker into the data. subject_type 'fund': the row label names a vehicle (L.P./LP/LLC/SCSp/Limited Partnership), which the label-driven rule types fund, not investment. currency_scale '$': the symbol is printed once at the head of the Cost and Fair Value columns and governs every value beneath it.; Source review: p4: Fair Value (Individual holdings, aggregate rows, and the hierarchy note have separate value scopes.) | p4: Fair Value (Printed heading or definition supporting the source-reviewed qualifier.)",RESOLVED,A+B+ADJUDICATOR,42fd3fd5192cd82559b79a6adfdcdbf321ee96ab2925a30c3f3513e2aabdc3b6
b1871454bf9d9a24fbcc,SRC407,4,PAIR_CCB9A795C07B6727DEB7AFC3,CONTEXT_CONFLICT,420,420,source_section|asset_class|strategy|currency_scale,MERGE,"source_section blanked: the only headings this document prints are the in-table groupings, which the placement rule makes asset_class/strategy and never source_section; pages 2-7 and 11 print no heading above the table at all. asset_class and strategy take the printed group name without the portfolio percentage and without '(Continued)': B's form split one class into two on the continuation pages and carried a running-header marker into the data. subject_type 'fund': the row label names a vehicle (L.P./LP/LLC/SCSp/Limited Partnership), which the label-driven rule types fund, not investment. currency_scale '$': the symbol is printed once at the head of the Cost and Fair Value columns and governs every value beneath it.",RESOLVED,A+B+ADJUDICATOR,42fd3fd5192cd82559b79a6adfdcdbf321ee96ab2925a30c3f3513e2aabdc3b6
6b420419ad27d5539e6e,SRC407,4,PAIR_EFDC899DE4F9BFAA75F84870,CONTEXT_CONFLICT,421,421,source_section|asset_class|strategy|currency_scale,MERGE,"source_section blanked: the only headings this document prints are the in-table groupings, which the placement rule makes asset_class/strategy and never source_section; pages 2-7 and 11 print no heading above the table at all. asset_class and strategy take the printed group name without the portfolio percentage and without '(Continued)': B's form split one class into two on the continuation pages and carried a running-header marker into the data. subject_type 'fund': the row label names a vehicle (L.P./LP/LLC/SCSp/Limited Partnership), which the label-driven rule types fund, not investment. currency_scale '$': the symbol is printed once at the head of the Cost and Fair Value columns and governs every value beneath it.; Source review: p4: Fair Value (Individual holdings, aggregate rows, and the hierarchy note have separate value scopes.) | p4: Fair Value (Printed heading or definition supporting the source-reviewed qualifier.)",RESOLVED,A+B+ADJUDICATOR,42fd3fd5192cd82559b79a6adfdcdbf321ee96ab2925a30c3f3513e2aabdc3b6
d2a45d5dbf9b9794fe72,SRC407,4,PAIR_83168685EE4B7A84678EC735,CONTEXT_CONFLICT,422,422,source_section|asset_class|strategy|currency_scale,MERGE,"source_section blanked: the only headings this document prints are the in-table groupings, which the placement rule makes asset_class/strategy and never source_section; pages 2-7 and 11 print no heading above the table at all. asset_class and strategy take the printed group name without the portfolio percentage and without '(Continued)': B's form split one class into two on the continuation pages and carried a running-header marker into the data. subject_type 'fund': the row label names a vehicle (L.P./LP/LLC/SCSp/Limited Partnership), which the label-driven rule types fund, not investment. currency_scale '$': the symbol is printed once at the head of the Cost and Fair Value columns and governs every value beneath it.",RESOLVED,A+B+ADJUDICATOR,42fd3fd5192cd82559b79a6adfdcdbf321ee96ab2925a30c3f3513e2aabdc3b6
ad0fb7f670eacda9f7f1,SRC407,4,PAIR_923C0159804802B435F0DEF7,CONTEXT_CONFLICT,423,423,source_section|asset_class|strategy|currency_scale,MERGE,"source_section blanked: the only headings this document prints are the in-table groupings, which the placement rule makes asset_class/strategy and never source_section; pages 2-7 and 11 print no heading above the table at all. asset_class and strategy take the printed group name without the portfolio percentage and without '(Continued)': B's form split one class into two on the continuation pages and carried a running-header marker into the data. subject_type 'fund': the row label names a vehicle (L.P./LP/LLC/SCSp/Limited Partnership), which the label-driven rule types fund, not investment. currency_scale '$': the symbol is printed once at the head of the Cost and Fair Value columns and governs every value beneath it.; Source review: p4: Fair Value (Individual holdings, aggregate rows, and the hierarchy note have separate value scopes.) | p4: Fair Value (Printed heading or definition supporting the source-reviewed qualifier.)",RESOLVED,A+B+ADJUDICATOR,42fd3fd5192cd82559b79a6adfdcdbf321ee96ab2925a30c3f3513e2aabdc3b6
0a98b55a091309f05d2a,SRC407,4,PAIR_B9210022EC7CB0882A27A154,CONTEXT_CONFLICT,424,424,source_section|asset_class|strategy|currency_scale,MERGE,"source_section blanked: the only headings this document prints are the in-table groupings, which the placement rule makes asset_class/strategy and never source_section; pages 2-7 and 11 print no heading above the table at all. asset_class and strategy take the printed group name without the portfolio percentage and without '(Continued)': B's form split one class into two on the continuation pages and carried a running-header marker into the data. subject_type 'fund': the row label names a vehicle (L.P./LP/LLC/SCSp/Limited Partnership), which the label-driven rule types fund, not investment. currency_scale '$': the symbol is printed once at the head of the Cost and Fair Value columns and governs every value beneath it.",RESOLVED,A+B+ADJUDICATOR,42fd3fd5192cd82559b79a6adfdcdbf321ee96ab2925a30c3f3513e2aabdc3b6
82573575bd7313e81a96,SRC407,4,PAIR_6C4CA460DC11C7B80B94BDFA,CONTEXT_CONFLICT,425,425,source_section|asset_class|strategy|currency_scale,MERGE,"source_section blanked: the only headings this document prints are the in-table groupings, which the placement rule makes asset_class/strategy and never source_section; pages 2-7 and 11 print no heading above the table at all. asset_class and strategy take the printed group name without the portfolio percentage and without '(Continued)': B's form split one class into two on the continuation pages and carried a running-header marker into the data. subject_type 'fund': the row label names a vehicle (L.P./LP/LLC/SCSp/Limited Partnership), which the label-driven rule types fund, not investment. currency_scale '$': the symbol is printed once at the head of the Cost and Fair Value columns and governs every value beneath it.; Source review: p4: Fair Value (Individual holdings, aggregate rows, and the hierarchy note have separate value scopes.) | p4: Fair Value (Printed heading or definition supporting the source-reviewed qualifier.)",RESOLVED,A+B+ADJUDICATOR,42fd3fd5192cd82559b79a6adfdcdbf321ee96ab2925a30c3f3513e2aabdc3b6
e8e4352fea6670c05f04,SRC407,4,PAIR_2C8097A8C476986C177E9A5C,CONTEXT_CONFLICT,426,426,source_section|asset_class|strategy|currency_scale,MERGE,"source_section blanked: the only headings this document prints are the in-table groupings, which the placement rule makes asset_class/strategy and never source_section; pages 2-7 and 11 print no heading above the table at all. asset_class and strategy take the printed group name without the portfolio percentage and without '(Continued)': B's form split one class into two on the continuation pages and carried a running-header marker into the data. subject_type 'fund': the row label names a vehicle (L.P./LP/LLC/SCSp/Limited Partnership), which the label-driven rule types fund, not investment. currency_scale '$': the symbol is printed once at the head of the Cost and Fair Value columns and governs every value beneath it.",RESOLVED,A+B+ADJUDICATOR,42fd3fd5192cd82559b79a6adfdcdbf321ee96ab2925a30c3f3513e2aabdc3b6
5cffdb6148073c44f5d6,SRC407,4,PAIR_DB2DDCD9E6F487D2F2C43229,CONTEXT_CONFLICT,427,427,source_section|asset_class|strategy|currency_scale,MERGE,"source_section blanked: the only headings this document prints are the in-table groupings, which the placement rule makes asset_class/strategy and never source_section; pages 2-7 and 11 print no heading above the table at all. asset_class and strategy take the printed group name without the portfolio percentage and without '(Continued)': B's form split one class into two on the continuation pages and carried a running-header marker into the data. subject_type 'fund': the row label names a vehicle (L.P./LP/LLC/SCSp/Limited Partnership), which the label-driven rule types fund, not investment. currency_scale '$': the symbol is printed once at the head of the Cost and Fair Value columns and governs every value beneath it.; Source review: p4: Fair Value (Individual holdings, aggregate rows, and the hierarchy note have separate value scopes.) | p4: Fair Value (Printed heading or definition supporting the source-reviewed qualifier.)",RESOLVED,A+B+ADJUDICATOR,42fd3fd5192cd82559b79a6adfdcdbf321ee96ab2925a30c3f3513e2aabdc3b6
6829d8aea965405362a4,SRC407,4,PAIR_32AC148A265745F62ABF4B84,CONTEXT_CONFLICT,428,428,source_section|asset_class|strategy|currency_scale,MERGE,"source_section blanked: the only headings this document prints are the in-table groupings, which the placement rule makes asset_class/strategy and never source_section; pages 2-7 and 11 print no heading above the table at all. asset_class and strategy take the printed group name without the portfolio percentage and without '(Continued)': B's form split one class into two on the continuation pages and carried a running-header marker into the data. subject_type 'fund': the row label names a vehicle (L.P./LP/LLC/SCSp/Limited Partnership), which the label-driven rule types fund, not investment. currency_scale '$': the symbol is printed once at the head of the Cost and Fair Value columns and governs every value beneath it.",RESOLVED,A+B+ADJUDICATOR,42fd3fd5192cd82559b79a6adfdcdbf321ee96ab2925a30c3f3513e2aabdc3b6
ccd96806ccc793437eaa,SRC407,4,PAIR_41AE1EE8F800DF6EB10194E8,CONTEXT_CONFLICT,429,429,source_section|asset_class|strategy|currency_scale,MERGE,"source_section blanked: the only headings this document prints are the in-table groupings, which the placement rule makes asset_class/strategy and never source_section; pages 2-7 and 11 print no heading above the table at all. asset_class and strategy take the printed group name without the portfolio percentage and without '(Continued)': B's form split one class into two on the continuation pages and carried a running-header marker into the data. subject_type 'fund': the row label names a vehicle (L.P./LP/LLC/SCSp/Limited Partnership), which the label-driven rule types fund, not investment. currency_scale '$': the symbol is printed once at the head of the Cost and Fair Value columns and governs every value beneath it.; Source review: p4: Fair Value (Individual holdings, aggregate rows, and the hierarchy note have separate value scopes.) | p4: Fair Value (Printed heading or definition supporting the source-reviewed qualifier.)",RESOLVED,A+B+ADJUDICATOR,42fd3fd5192cd82559b79a6adfdcdbf321ee96ab2925a30c3f3513e2aabdc3b6
5ad6cf2932fba935cd9f,SRC407,4,PAIR_550907948DAA18981A6B6EA2,CONTEXT_CONFLICT,430,430,source_section|asset_class|strategy|currency_scale,MERGE,"source_section blanked: the only headings this document prints are the in-table groupings, which the placement rule makes asset_class/strategy and never source_section; pages 2-7 and 11 print no heading above the table at all. asset_class and strategy take the printed group name without the portfolio percentage and without '(Continued)': B's form split one class into two on the continuation pages and carried a running-header marker into the data. subject_type 'fund': the row label names a vehicle (L.P./LP/LLC/SCSp/Limited Partnership), which the label-driven rule types fund, not investment. currency_scale '$': the symbol is printed once at the head of the Cost and Fair Value columns and governs every value beneath it.",RESOLVED,A+B+ADJUDICATOR,42fd3fd5192cd82559b79a6adfdcdbf321ee96ab2925a30c3f3513e2aabdc3b6
62db45ba5546814963ef,SRC407,4,PAIR_00CB950EE567769BFE2E4329,CONTEXT_CONFLICT,431,431,source_section|asset_class|strategy|currency_scale,MERGE,"source_section blanked: the only headings this document prints are the in-table groupings, which the placement rule makes asset_class/strategy and never source_section; pages 2-7 and 11 print no heading above the table at all. asset_class and strategy take the printed group name without the portfolio percentage and without '(Continued)': B's form split one class into two on the continuation pages and carried a running-header marker into the data. subject_type 'fund': the row label names a vehicle (L.P./LP/LLC/SCSp/Limited Partnership), which the label-driven rule types fund, not investment. currency_scale '$': the symbol is printed once at the head of the Cost and Fair Value columns and governs every value beneath it.; Source review: p4: Fair Value (Individual holdings, aggregate rows, and the hierarchy note have separate value scopes.) | p4: Fair Value (Printed heading or definition supporting the source-reviewed qualifier.)",RESOLVED,A+B+ADJUDICATOR,42fd3fd5192cd82559b79a6adfdcdbf321ee96ab2925a30c3f3513e2aabdc3b6
09bedecb16d1a0ab0c7c,SRC407,4,PAIR_FB7AD119CBAA83F7F65705C6,CONTEXT_CONFLICT,432,432,source_section|asset_class|strategy|currency_scale,MERGE,"source_section blanked: the only headings this document prints are the in-table groupings, which the placement rule makes asset_class/strategy and never source_section; pages 2-7 and 11 print no heading above the table at all. asset_class and strategy take the printed group name without the portfolio percentage and without '(Continued)': B's form split one class into two on the continuation pages and carried a running-header marker into the data. subject_type 'fund': the row label names a vehicle (L.P./LP/LLC/SCSp/Limited Partnership), which the label-driven rule types fund, not investment. currency_scale '$': the symbol is printed once at the head of the Cost and Fair Value columns and governs every value beneath it.",RESOLVED,A+B+ADJUDICATOR,42fd3fd5192cd82559b79a6adfdcdbf321ee96ab2925a30c3f3513e2aabdc3b6
d9247ce4213898fc5914,SRC407,4,PAIR_7A31E1F13FD7D847EB1C3765,CONTEXT_CONFLICT,433,433,source_section|asset_class|strategy|currency_scale,MERGE,"source_section blanked: the only headings this document prints are the in-table groupings, which the placement rule makes asset_class/strategy and never source_section; pages 2-7 and 11 print no heading above the table at all. asset_class and strategy take the printed group name without the portfolio percentage and without '(Continued)': B's form split one class into two on the continuation pages and carried a running-header marker into the data. subject_type 'fund': the row label names a vehicle (L.P./LP/LLC/SCSp/Limited Partnership), which the label-driven rule types fund, not investment. currency_scale '$': the symbol is printed once at the head of the Cost and Fair Value columns and governs every value beneath it.; Source review: p4: Fair Value (Individual holdings, aggregate rows, and the hierarchy note have separate value scopes.) | p4: Fair Value (Printed heading or definition supporting the source-reviewed qualifier.)",RESOLVED,A+B+ADJUDICATOR,42fd3fd5192cd82559b79a6adfdcdbf321ee96ab2925a30c3f3513e2aabdc3b6
b91f9480029191a94ff6,SRC407,4,PAIR_15C037EA84E7A3A2C6EACB63,CONTEXT_CONFLICT,434,434,source_section|asset_class|strategy|currency_scale,MERGE,"source_section blanked: the only headings this document prints are the in-table groupings, which the placement rule makes asset_class/strategy and never source_section; pages 2-7 and 11 print no heading above the table at all. asset_class and strategy take the printed group name without the portfolio percentage and without '(Continued)': B's form split one class into two on the continuation pages and carried a running-header marker into the data. subject_type 'fund': the row label names a vehicle (L.P./LP/LLC/SCSp/Limited Partnership), which the label-driven rule types fund, not investment. currency_scale '$': the symbol is printed once at the head of the Cost and Fair Value columns and governs every value beneath it.",RESOLVED,A+B+ADJUDICATOR,42fd3fd5192cd82559b79a6adfdcdbf321ee96ab2925a30c3f3513e2aabdc3b6
564452f4df95e835d399,SRC407,4,PAIR_D853591742C0F2CDB9095A21,CONTEXT_CONFLICT,435,435,source_section|asset_class|strategy|currency_scale,MERGE,"source_section blanked: the only headings this document prints are the in-table groupings, which the placement rule makes asset_class/strategy and never source_section; pages 2-7 and 11 print no heading above the table at all. asset_class and strategy take the printed group name without the portfolio percentage and without '(Continued)': B's form split one class into two on the continuation pages and carried a running-header marker into the data. subject_type 'fund': the row label names a vehicle (L.P./LP/LLC/SCSp/Limited Partnership), which the label-driven rule types fund, not investment. currency_scale '$': the symbol is printed once at the head of the Cost and Fair Value columns and governs every value beneath it.; Source review: p4: Fair Value (Individual holdings, aggregate rows, and the hierarchy note have separate value scopes.) | p4: Fair Value (Printed heading or definition supporting the source-reviewed qualifier.)",RESOLVED,A+B+ADJUDICATOR,42fd3fd5192cd82559b79a6adfdcdbf321ee96ab2925a30c3f3513e2aabdc3b6
9c9637b34412773a1749,SRC407,4,PAIR_BDBFA552C9FCE65AF8B1FA76,CONTEXT_CONFLICT,436,436,source_section|asset_class|strategy|currency_scale,MERGE,"source_section blanked: the only headings this document prints are the in-table groupings, which the placement rule makes asset_class/strategy and never source_section; pages 2-7 and 11 print no heading above the table at all. asset_class and strategy take the printed group name without the portfolio percentage and without '(Continued)': B's form split one class into two on the continuation pages and carried a running-header marker into the data. subject_type 'fund': the row label names a vehicle (L.P./LP/LLC/SCSp/Limited Partnership), which the label-driven rule types fund, not investment. currency_scale '$': the symbol is printed once at the head of the Cost and Fair Value columns and governs every value beneath it.",RESOLVED,A+B+ADJUDICATOR,42fd3fd5192cd82559b79a6adfdcdbf321ee96ab2925a30c3f3513e2aabdc3b6
27fb7b6fe5f4a9fc989b,SRC407,4,PAIR_56BA4124B5246C42F5CD7D59,CONTEXT_CONFLICT,437,437,source_section|asset_class|strategy|currency_scale,MERGE,"source_section blanked: the only headings this document prints are the in-table groupings, which the placement rule makes asset_class/strategy and never source_section; pages 2-7 and 11 print no heading above the table at all. asset_class and strategy take the printed group name without the portfolio percentage and without '(Continued)': B's form split one class into two on the continuation pages and carried a running-header marker into the data. subject_type 'fund': the row label names a vehicle (L.P./LP/LLC/SCSp/Limited Partnership), which the label-driven rule types fund, not investment. currency_scale '$': the symbol is printed once at the head of the Cost and Fair Value columns and governs every value beneath it.; Source review: p4: Fair Value (Individual holdings, aggregate rows, and the hierarchy note have separate value scopes.) | p4: Fair Value (Printed heading or definition supporting the source-reviewed qualifier.)",RESOLVED,A+B+ADJUDICATOR,42fd3fd5192cd82559b79a6adfdcdbf321ee96ab2925a30c3f3513e2aabdc3b6
3fec5264f89bde9a2c46,SRC407,4,PAIR_67C2DA480068C5EA78D9D52E,CONTEXT_CONFLICT,438,438,source_section|asset_class|strategy|currency_scale,MERGE,"source_section blanked: the only headings this document prints are the in-table groupings, which the placement rule makes asset_class/strategy and never source_section; pages 2-7 and 11 print no heading above the table at all. asset_class and strategy take the printed group name without the portfolio percentage and without '(Continued)': B's form split one class into two on the continuation pages and carried a running-header marker into the data. subject_type 'fund': the row label names a vehicle (L.P./LP/LLC/SCSp/Limited Partnership), which the label-driven rule types fund, not investment. currency_scale '$': the symbol is printed once at the head of the Cost and Fair Value columns and governs every value beneath it.",RESOLVED,A+B+ADJUDICATOR,42fd3fd5192cd82559b79a6adfdcdbf321ee96ab2925a30c3f3513e2aabdc3b6
822ce6fd542db5c4a3de,SRC407,4,PAIR_664866C0A2918E701A8F1C42,CONTEXT_CONFLICT,439,439,source_section|asset_class|strategy|currency_scale,MERGE,"source_section blanked: the only headings this document prints are the in-table groupings, which the placement rule makes asset_class/strategy and never source_section; pages 2-7 and 11 print no heading above the table at all. asset_class and strategy take the printed group name without the portfolio percentage and without '(Continued)': B's form split one class into two on the continuation pages and carried a running-header marker into the data. subject_type 'fund': the row label names a vehicle (L.P./LP/LLC/SCSp/Limited Partnership), which the label-driven rule types fund, not investment. currency_scale '$': the symbol is printed once at the head of the Cost and Fair Value columns and governs every value beneath it.; Source review: p4: Fair Value (Individual holdings, aggregate rows, and the hierarchy note have separate value scopes.) | p4: Fair Value (Printed heading or definition supporting the source-reviewed qualifier.)",RESOLVED,A+B+ADJUDICATOR,42fd3fd5192cd82559b79a6adfdcdbf321ee96ab2925a30c3f3513e2aabdc3b6
0679925d3d699f378b47,SRC407,4,PAIR_AEF3B7E5B02D497C4B1D539F,CONTEXT_CONFLICT,440,440,source_section|asset_class|strategy|currency_scale,MERGE,"source_section blanked: the only headings this document prints are the in-table groupings, which the placement rule makes asset_class/strategy and never source_section; pages 2-7 and 11 print no heading above the table at all. asset_class and strategy take the printed group name without the portfolio percentage and without '(Continued)': B's form split one class into two on the continuation pages and carried a running-header marker into the data. subject_type 'fund': the row label names a vehicle (L.P./LP/LLC/SCSp/Limited Partnership), which the label-driven rule types fund, not investment. currency_scale '$': the symbol is printed once at the head of the Cost and Fair Value columns and governs every value beneath it.",RESOLVED,A+B+ADJUDICATOR,42fd3fd5192cd82559b79a6adfdcdbf321ee96ab2925a30c3f3513e2aabdc3b6
a0a6a82140269612723c,SRC407,4,PAIR_808607DCF9CA907091261194,CONTEXT_CONFLICT,441,441,source_section|asset_class|strategy|currency_scale,MERGE,"source_section blanked: the only headings this document prints are the in-table groupings, which the placement rule makes asset_class/strategy and never source_section; pages 2-7 and 11 print no heading above the table at all. asset_class and strategy take the printed group name without the portfolio percentage and without '(Continued)': B's form split one class into two on the continuation pages and carried a running-header marker into the data. subject_type 'fund': the row label names a vehicle (L.P./LP/LLC/SCSp/Limited Partnership), which the label-driven rule types fund, not investment. currency_scale '$': the symbol is printed once at the head of the Cost and Fair Value columns and governs every value beneath it.; Source review: p4: Fair Value (Individual holdings, aggregate rows, and the hierarchy note have separate value scopes.) | p4: Fair Value (Printed heading or definition supporting the source-reviewed qualifier.)",RESOLVED,A+B+ADJUDICATOR,42fd3fd5192cd82559b79a6adfdcdbf321ee96ab2925a30c3f3513e2aabdc3b6
92d1ce11cdc1a057282e,SRC407,4,PAIR_3393EF74BB8DF19CB892AA18,CONTEXT_CONFLICT,442,442,source_section|asset_class|strategy|currency_scale,MERGE,"source_section blanked: the only headings this document prints are the in-table groupings, which the placement rule makes asset_class/strategy and never source_section; pages 2-7 and 11 print no heading above the table at all. asset_class and strategy take the printed group name without the portfolio percentage and without '(Continued)': B's form split one class into two on the continuation pages and carried a running-header marker into the data. subject_type 'fund': the row label names a vehicle (L.P./LP/LLC/SCSp/Limited Partnership), which the label-driven rule types fund, not investment. currency_scale '$': the symbol is printed once at the head of the Cost and Fair Value columns and governs every value beneath it.",RESOLVED,A+B+ADJUDICATOR,42fd3fd5192cd82559b79a6adfdcdbf321ee96ab2925a30c3f3513e2aabdc3b6
bfca79c6337ab551e9cd,SRC407,4,PAIR_9F8E485703FE30E5675A7323,CONTEXT_CONFLICT,443,443,source_section|asset_class|strategy|currency_scale,MERGE,"source_section blanked: the only headings this document prints are the in-table groupings, which the placement rule makes asset_class/strategy and never source_section; pages 2-7 and 11 print no heading above the table at all. asset_class and strategy take the printed group name without the portfolio percentage and without '(Continued)': B's form split one class into two on the continuation pages and carried a running-header marker into the data. subject_type 'fund': the row label names a vehicle (L.P./LP/LLC/SCSp/Limited Partnership), which the label-driven rule types fund, not investment. currency_scale '$': the symbol is printed once at the head of the Cost and Fair Value columns and governs every value beneath it.; Source review: p4: Fair Value (Individual holdings, aggregate rows, and the hierarchy note have separate value scopes.) | p4: Fair Value (Printed heading or definition supporting the source-reviewed qualifier.)",RESOLVED,A+B+ADJUDICATOR,42fd3fd5192cd82559b79a6adfdcdbf321ee96ab2925a30c3f3513e2aabdc3b6
de51a85377bb2fb554e2,SRC407,4,PAIR_5F1DCFF666F65148485B43D4,CONTEXT_CONFLICT,444,444,source_section|asset_class|strategy|currency_scale,MERGE,"source_section blanked: the only headings this document prints are the in-table groupings, which the placement rule makes asset_class/strategy and never source_section; pages 2-7 and 11 print no heading above the table at all. asset_class and strategy take the printed group name without the portfolio percentage and without '(Continued)': B's form split one class into two on the continuation pages and carried a running-header marker into the data. subject_type 'fund': the row label names a vehicle (L.P./LP/LLC/SCSp/Limited Partnership), which the label-driven rule types fund, not investment. currency_scale '$': the symbol is printed once at the head of the Cost and Fair Value columns and governs every value beneath it.",RESOLVED,A+B+ADJUDICATOR,42fd3fd5192cd82559b79a6adfdcdbf321ee96ab2925a30c3f3513e2aabdc3b6
77ec6be4bfa777df1d35,SRC407,4,PAIR_0C8B6359724C0934B379FE26,CONTEXT_CONFLICT,445,445,source_section|asset_class|strategy|currency_scale,MERGE,"source_section blanked: the only headings this document prints are the in-table groupings, which the placement rule makes asset_class/strategy and never source_section; pages 2-7 and 11 print no heading above the table at all. asset_class and strategy take the printed group name without the portfolio percentage and without '(Continued)': B's form split one class into two on the continuation pages and carried a running-header marker into the data. subject_type 'fund': the row label names a vehicle (L.P./LP/LLC/SCSp/Limited Partnership), which the label-driven rule types fund, not investment. currency_scale '$': the symbol is printed once at the head of the Cost and Fair Value columns and governs every value beneath it.; Source review: p4: Fair Value (Individual holdings, aggregate rows, and the hierarchy note have separate value scopes.) | p4: Fair Value (Printed heading or definition supporting the source-reviewed qualifier.)",RESOLVED,A+B+ADJUDICATOR,42fd3fd5192cd82559b79a6adfdcdbf321ee96ab2925a30c3f3513e2aabdc3b6
ea36b2cc83dd6a9fb99e,SRC407,4,PAIR_0A7400686809536A9F60500F,CONTEXT_CONFLICT,446,446,source_section|asset_class|strategy|currency_scale,MERGE,"source_section blanked: the only headings this document prints are the in-table groupings, which the placement rule makes asset_class/strategy and never source_section; pages 2-7 and 11 print no heading above the table at all. asset_class and strategy take the printed group name without the portfolio percentage and without '(Continued)': B's form split one class into two on the continuation pages and carried a running-header marker into the data. subject_type 'fund': the row label names a vehicle (L.P./LP/LLC/SCSp/Limited Partnership), which the label-driven rule types fund, not investment. currency_scale '$': the symbol is printed once at the head of the Cost and Fair Value columns and governs every value beneath it.",RESOLVED,A+B+ADJUDICATOR,42fd3fd5192cd82559b79a6adfdcdbf321ee96ab2925a30c3f3513e2aabdc3b6
6d5cb8f976fde73d1fc8,SRC407,4,PAIR_1014EAE573CFFECA0A937C66,CONTEXT_CONFLICT,447,447,source_section|asset_class|strategy|currency_scale,MERGE,"source_section blanked: the only headings this document prints are the in-table groupings, which the placement rule makes asset_class/strategy and never source_section; pages 2-7 and 11 print no heading above the table at all. asset_class and strategy take the printed group name without the portfolio percentage and without '(Continued)': B's form split one class into two on the continuation pages and carried a running-header marker into the data. subject_type 'fund': the row label names a vehicle (L.P./LP/LLC/SCSp/Limited Partnership), which the label-driven rule types fund, not investment. currency_scale '$': the symbol is printed once at the head of the Cost and Fair Value columns and governs every value beneath it.; Source review: p4: Fair Value (Individual holdings, aggregate rows, and the hierarchy note have separate value scopes.) | p4: Fair Value (Printed heading or definition supporting the source-reviewed qualifier.)",RESOLVED,A+B+ADJUDICATOR,42fd3fd5192cd82559b79a6adfdcdbf321ee96ab2925a30c3f3513e2aabdc3b6
5d18b82eebdee4c73a38,SRC407,4,PAIR_6E2464BEC35E8F765DD6F081,CONTEXT_CONFLICT,448,448,source_section|asset_class|strategy|currency_scale,MERGE,"source_section blanked: the only headings this document prints are the in-table groupings, which the placement rule makes asset_class/strategy and never source_section; pages 2-7 and 11 print no heading above the table at all. asset_class and strategy take the printed group name without the portfolio percentage and without '(Continued)': B's form split one class into two on the continuation pages and carried a running-header marker into the data. subject_type 'fund': the row label names a vehicle (L.P./LP/LLC/SCSp/Limited Partnership), which the label-driven rule types fund, not investment. currency_scale '$': the symbol is printed once at the head of the Cost and Fair Value columns and governs every value beneath it.",RESOLVED,A+B+ADJUDICATOR,42fd3fd5192cd82559b79a6adfdcdbf321ee96ab2925a30c3f3513e2aabdc3b6
97fe1e016d4579a928b0,SRC407,4,PAIR_656CCC64AE65BBB273E4DC9D,CONTEXT_CONFLICT,449,449,source_section|asset_class|strategy|currency_scale,MERGE,"source_section blanked: the only headings this document prints are the in-table groupings, which the placement rule makes asset_class/strategy and never source_section; pages 2-7 and 11 print no heading above the table at all. asset_class and strategy take the printed group name without the portfolio percentage and without '(Continued)': B's form split one class into two on the continuation pages and carried a running-header marker into the data. subject_type 'fund': the row label names a vehicle (L.P./LP/LLC/SCSp/Limited Partnership), which the label-driven rule types fund, not investment. currency_scale '$': the symbol is printed once at the head of the Cost and Fair Value columns and governs every value beneath it.; Source review: p4: Fair Value (Individual holdings, aggregate rows, and the hierarchy note have separate value scopes.) | p4: Fair Value (Printed heading or definition supporting the source-reviewed qualifier.)",RESOLVED,A+B+ADJUDICATOR,42fd3fd5192cd82559b79a6adfdcdbf321ee96ab2925a30c3f3513e2aabdc3b6
c613b764489c5fc4b370,SRC407,4,PAIR_672A7027DFFC78AA213EB3C0,CONTEXT_CONFLICT,450,450,source_section|asset_class|strategy|currency_scale,MERGE,"source_section blanked: the only headings this document prints are the in-table groupings, which the placement rule makes asset_class/strategy and never source_section; pages 2-7 and 11 print no heading above the table at all. asset_class and strategy take the printed group name without the portfolio percentage and without '(Continued)': B's form split one class into two on the continuation pages and carried a running-header marker into the data. subject_type 'fund': the row label names a vehicle (L.P./LP/LLC/SCSp/Limited Partnership), which the label-driven rule types fund, not investment. currency_scale '$': the symbol is printed once at the head of the Cost and Fair Value columns and governs every value beneath it.",RESOLVED,A+B+ADJUDICATOR,42fd3fd5192cd82559b79a6adfdcdbf321ee96ab2925a30c3f3513e2aabdc3b6
acbd132166610ac80bd4,SRC407,4,PAIR_CC43CFA86F1674AF02375235,CONTEXT_CONFLICT,451,451,source_section|asset_class|strategy|currency_scale,MERGE,"source_section blanked: the only headings this document prints are the in-table groupings, which the placement rule makes asset_class/strategy and never source_section; pages 2-7 and 11 print no heading above the table at all. asset_class and strategy take the printed group name without the portfolio percentage and without '(Continued)': B's form split one class into two on the continuation pages and carried a running-header marker into the data. subject_type 'fund': the row label names a vehicle (L.P./LP/LLC/SCSp/Limited Partnership), which the label-driven rule types fund, not investment. currency_scale '$': the symbol is printed once at the head of the Cost and Fair Value columns and governs every value beneath it.; Source review: p4: Fair Value (Individual holdings, aggregate rows, and the hierarchy note have separate value scopes.) | p4: Fair Value (Printed heading or definition supporting the source-reviewed qualifier.)",RESOLVED,A+B+ADJUDICATOR,42fd3fd5192cd82559b79a6adfdcdbf321ee96ab2925a30c3f3513e2aabdc3b6
012460bd402473701ed0,SRC407,4,PAIR_01443E3E31B4E3A5DECD19C8,CONTEXT_CONFLICT,452,452,source_section|asset_class|strategy|currency_scale,MERGE,"source_section blanked: the only headings this document prints are the in-table groupings, which the placement rule makes asset_class/strategy and never source_section; pages 2-7 and 11 print no heading above the table at all. asset_class and strategy take the printed group name without the portfolio percentage and without '(Continued)': B's form split one class into two on the continuation pages and carried a running-header marker into the data. subject_type 'fund': the row label names a vehicle (L.P./LP/LLC/SCSp/Limited Partnership), which the label-driven rule types fund, not investment. currency_scale '$': the symbol is printed once at the head of the Cost and Fair Value columns and governs every value beneath it.",RESOLVED,A+B+ADJUDICATOR,42fd3fd5192cd82559b79a6adfdcdbf321ee96ab2925a30c3f3513e2aabdc3b6
3b69a53dc6048164a419,SRC407,4,PAIR_E03EEBCAC60C16B05B624E3C,CONTEXT_CONFLICT,453,453,source_section|asset_class|strategy|currency_scale,MERGE,"source_section blanked: the only headings this document prints are the in-table groupings, which the placement rule makes asset_class/strategy and never source_section; pages 2-7 and 11 print no heading above the table at all. asset_class and strategy take the printed group name without the portfolio percentage and without '(Continued)': B's form split one class into two on the continuation pages and carried a running-header marker into the data. subject_type 'fund': the row label names a vehicle (L.P./LP/LLC/SCSp/Limited Partnership), which the label-driven rule types fund, not investment. currency_scale '$': the symbol is printed once at the head of the Cost and Fair Value columns and governs every value beneath it.; Source review: p4: Fair Value (Individual holdings, aggregate rows, and the hierarchy note have separate value scopes.) | p4: Fair Value (Printed heading or definition supporting the source-reviewed qualifier.)",RESOLVED,A+B+ADJUDICATOR,42fd3fd5192cd82559b79a6adfdcdbf321ee96ab2925a30c3f3513e2aabdc3b6
0286b198225056089753,SRC407,4,PAIR_92A679445B9B23339266BB4C,CONTEXT_CONFLICT,454,454,source_section|asset_class|strategy|currency_scale,MERGE,"source_section blanked: the only headings this document prints are the in-table groupings, which the placement rule makes asset_class/strategy and never source_section; pages 2-7 and 11 print no heading above the table at all. asset_class and strategy take the printed group name without the portfolio percentage and without '(Continued)': B's form split one class into two on the continuation pages and carried a running-header marker into the data. subject_type 'fund': the row label names a vehicle (L.P./LP/LLC/SCSp/Limited Partnership), which the label-driven rule types fund, not investment. currency_scale '$': the symbol is printed once at the head of the Cost and Fair Value columns and governs every value beneath it.",RESOLVED,A+B+ADJUDICATOR,42fd3fd5192cd82559b79a6adfdcdbf321ee96ab2925a30c3f3513e2aabdc3b6
d58e0c325fc8c8d681a1,SRC407,4,PAIR_4518587C8A232C060EA3CA6B,CONTEXT_CONFLICT,455,455,source_section|asset_class|strategy|currency_scale,MERGE,"source_section blanked: the only headings this document prints are the in-table groupings, which the placement rule makes asset_class/strategy and never source_section; pages 2-7 and 11 print no heading above the table at all. asset_class and strategy take the printed group name without the portfolio percentage and without '(Continued)': B's form split one class into two on the continuation pages and carried a running-header marker into the data. subject_type 'fund': the row label names a vehicle (L.P./LP/LLC/SCSp/Limited Partnership), which the label-driven rule types fund, not investment. currency_scale '$': the symbol is printed once at the head of the Cost and Fair Value columns and governs every value beneath it.; Source review: p4: Fair Value (Individual holdings, aggregate rows, and the hierarchy note have separate value scopes.) | p4: Fair Value (Printed heading or definition supporting the source-reviewed qualifier.)",RESOLVED,A+B+ADJUDICATOR,42fd3fd5192cd82559b79a6adfdcdbf321ee96ab2925a30c3f3513e2aabdc3b6
bacf3ec5a6fe4a80c00e,SRC407,4,PAIR_DD15133AC187AF4875536A8C,CONTEXT_CONFLICT,456,456,source_section|asset_class|strategy|currency_scale,MERGE,"source_section blanked: the only headings this document prints are the in-table groupings, which the placement rule makes asset_class/strategy and never source_section; pages 2-7 and 11 print no heading above the table at all. asset_class and strategy take the printed group name without the portfolio percentage and without '(Continued)': B's form split one class into two on the continuation pages and carried a running-header marker into the data. subject_type 'fund': the row label names a vehicle (L.P./LP/LLC/SCSp/Limited Partnership), which the label-driven rule types fund, not investment. currency_scale '$': the symbol is printed once at the head of the Cost and Fair Value columns and governs every value beneath it.",RESOLVED,A+B+ADJUDICATOR,42fd3fd5192cd82559b79a6adfdcdbf321ee96ab2925a30c3f3513e2aabdc3b6
4b44f9a7f80835871150,SRC407,4,PAIR_FFC5A058B19686BEB3B697D5,CONTEXT_CONFLICT,457,457,source_section|asset_class|strategy|currency_scale,MERGE,"source_section blanked: the only headings this document prints are the in-table groupings, which the placement rule makes asset_class/strategy and never source_section; pages 2-7 and 11 print no heading above the table at all. asset_class and strategy take the printed group name without the portfolio percentage and without '(Continued)': B's form split one class into two on the continuation pages and carried a running-header marker into the data. subject_type 'fund': the row label names a vehicle (L.P./LP/LLC/SCSp/Limited Partnership), which the label-driven rule types fund, not investment. currency_scale '$': the symbol is printed once at the head of the Cost and Fair Value columns and governs every value beneath it.; Source review: p4: Fair Value (Individual holdings, aggregate rows, and the hierarchy note have separate value scopes.) | p4: Fair Value (Printed heading or definition supporting the source-reviewed qualifier.)",RESOLVED,A+B+ADJUDICATOR,42fd3fd5192cd82559b79a6adfdcdbf321ee96ab2925a30c3f3513e2aabdc3b6
40603b1d77bccc8bd4f8,SRC407,4,PAIR_DF1435015D50693948403A36,CONTEXT_CONFLICT,458,458,source_section|asset_class|strategy|currency_scale,MERGE,"source_section blanked: the only headings this document prints are the in-table groupings, which the placement rule makes asset_class/strategy and never source_section; pages 2-7 and 11 print no heading above the table at all. asset_class and strategy take the printed group name without the portfolio percentage and without '(Continued)': B's form split one class into two on the continuation pages and carried a running-header marker into the data. subject_type 'fund': the row label names a vehicle (L.P./LP/LLC/SCSp/Limited Partnership), which the label-driven rule types fund, not investment. currency_scale '$': the symbol is printed once at the head of the Cost and Fair Value columns and governs every value beneath it.",RESOLVED,A+B+ADJUDICATOR,42fd3fd5192cd82559b79a6adfdcdbf321ee96ab2925a30c3f3513e2aabdc3b6
bccbd3e4380a48d1a75d,SRC407,4,PAIR_652D1F1221686DE020547536,CONTEXT_CONFLICT,459,459,source_section|asset_class|strategy|currency_scale,MERGE,"source_section blanked: the only headings this document prints are the in-table groupings, which the placement rule makes asset_class/strategy and never source_section; pages 2-7 and 11 print no heading above the table at all. asset_class and strategy take the printed group name without the portfolio percentage and without '(Continued)': B's form split one class into two on the continuation pages and carried a running-header marker into the data. subject_type 'fund': the row label names a vehicle (L.P./LP/LLC/SCSp/Limited Partnership), which the label-driven rule types fund, not investment. currency_scale '$': the symbol is printed once at the head of the Cost and Fair Value columns and governs every value beneath it.; Source review: p4: Fair Value (Individual holdings, aggregate rows, and the hierarchy note have separate value scopes.) | p4: Fair Value (Printed heading or definition supporting the source-reviewed qualifier.)",RESOLVED,A+B+ADJUDICATOR,42fd3fd5192cd82559b79a6adfdcdbf321ee96ab2925a30c3f3513e2aabdc3b6
891493b09cc6bf2cd408,SRC407,4,PAIR_5AEB2C8C61BFD537F2C02570,CONTEXT_CONFLICT,460,460,source_section|asset_class|strategy|currency_scale,MERGE,"source_section blanked: the only headings this document prints are the in-table groupings, which the placement rule makes asset_class/strategy and never source_section; pages 2-7 and 11 print no heading above the table at all. asset_class and strategy take the printed group name without the portfolio percentage and without '(Continued)': B's form split one class into two on the continuation pages and carried a running-header marker into the data. subject_type 'fund': the row label names a vehicle (L.P./LP/LLC/SCSp/Limited Partnership), which the label-driven rule types fund, not investment. currency_scale '$': the symbol is printed once at the head of the Cost and Fair Value columns and governs every value beneath it.",RESOLVED,A+B+ADJUDICATOR,42fd3fd5192cd82559b79a6adfdcdbf321ee96ab2925a30c3f3513e2aabdc3b6
90f8e060796ff778ee37,SRC407,4,PAIR_8E365F62F36C315F229BEE63,CONTEXT_CONFLICT,461,461,source_section|asset_class|strategy|currency_scale,MERGE,"source_section blanked: the only headings this document prints are the in-table groupings, which the placement rule makes asset_class/strategy and never source_section; pages 2-7 and 11 print no heading above the table at all. asset_class and strategy take the printed group name without the portfolio percentage and without '(Continued)': B's form split one class into two on the continuation pages and carried a running-header marker into the data. subject_type 'fund': the row label names a vehicle (L.P./LP/LLC/SCSp/Limited Partnership), which the label-driven rule types fund, not investment. currency_scale '$': the symbol is printed once at the head of the Cost and Fair Value columns and governs every value beneath it.; Source review: p4: Fair Value (Individual holdings, aggregate rows, and the hierarchy note have separate value scopes.) | p4: Fair Value (Printed heading or definition supporting the source-reviewed qualifier.)",RESOLVED,A+B+ADJUDICATOR,42fd3fd5192cd82559b79a6adfdcdbf321ee96ab2925a30c3f3513e2aabdc3b6
dddf12f81bf6be5ea43f,SRC407,4,PAIR_315B2EA79F626BB8FF45264F,CONTEXT_CONFLICT,462,462,source_section|asset_class|strategy|currency_scale,MERGE,"source_section blanked: the only headings this document prints are the in-table groupings, which the placement rule makes asset_class/strategy and never source_section; pages 2-7 and 11 print no heading above the table at all. asset_class and strategy take the printed group name without the portfolio percentage and without '(Continued)': B's form split one class into two on the continuation pages and carried a running-header marker into the data. subject_type 'fund': the row label names a vehicle (L.P./LP/LLC/SCSp/Limited Partnership), which the label-driven rule types fund, not investment. currency_scale '$': the symbol is printed once at the head of the Cost and Fair Value columns and governs every value beneath it.",RESOLVED,A+B+ADJUDICATOR,42fd3fd5192cd82559b79a6adfdcdbf321ee96ab2925a30c3f3513e2aabdc3b6
48db7c9cd31b58047879,SRC407,4,PAIR_D4A97EAF1C755E779500E9EE,CONTEXT_CONFLICT,463,463,source_section|asset_class|strategy|currency_scale,MERGE,"source_section blanked: the only headings this document prints are the in-table groupings, which the placement rule makes asset_class/strategy and never source_section; pages 2-7 and 11 print no heading above the table at all. asset_class and strategy take the printed group name without the portfolio percentage and without '(Continued)': B's form split one class into two on the continuation pages and carried a running-header marker into the data. subject_type 'fund': the row label names a vehicle (L.P./LP/LLC/SCSp/Limited Partnership), which the label-driven rule types fund, not investment. currency_scale '$': the symbol is printed once at the head of the Cost and Fair Value columns and governs every value beneath it.; Source review: p4: Fair Value (Individual holdings, aggregate rows, and the hierarchy note have separate value scopes.) | p4: Fair Value (Printed heading or definition supporting the source-reviewed qualifier.)",RESOLVED,A+B+ADJUDICATOR,42fd3fd5192cd82559b79a6adfdcdbf321ee96ab2925a30c3f3513e2aabdc3b6
4da9ff9ba0d830393ccb,SRC407,4,PAIR_57E7E709E161285D644837C5,CONTEXT_CONFLICT,464,464,source_section|asset_class|strategy|currency_scale,MERGE,"source_section blanked: the only headings this document prints are the in-table groupings, which the placement rule makes asset_class/strategy and never source_section; pages 2-7 and 11 print no heading above the table at all. asset_class and strategy take the printed group name without the portfolio percentage and without '(Continued)': B's form split one class into two on the continuation pages and carried a running-header marker into the data. subject_type 'fund': the row label names a vehicle (L.P./LP/LLC/SCSp/Limited Partnership), which the label-driven rule types fund, not investment. currency_scale '$': the symbol is printed once at the head of the Cost and Fair Value columns and governs every value beneath it.",RESOLVED,A+B+ADJUDICATOR,42fd3fd5192cd82559b79a6adfdcdbf321ee96ab2925a30c3f3513e2aabdc3b6
573adcfdad933c86a5bc,SRC407,4,PAIR_088F94C94A1267AF8E3B4610,CONTEXT_CONFLICT,465,465,source_section|asset_class|strategy|currency_scale,MERGE,"source_section blanked: the only headings this document prints are the in-table groupings, which the placement rule makes asset_class/strategy and never source_section; pages 2-7 and 11 print no heading above the table at all. asset_class and strategy take the printed group name without the portfolio percentage and without '(Continued)': B's form split one class into two on the continuation pages and carried a running-header marker into the data. subject_type 'fund': the row label names a vehicle (L.P./LP/LLC/SCSp/Limited Partnership), which the label-driven rule types fund, not investment. currency_scale '$': the symbol is printed once at the head of the Cost and Fair Value columns and governs every value beneath it.; Source review: p4: Fair Value (Individual holdings, aggregate rows, and the hierarchy note have separate value scopes.) | p4: Fair Value (Printed heading or definition supporting the source-reviewed qualifier.)",RESOLVED,A+B+ADJUDICATOR,42fd3fd5192cd82559b79a6adfdcdbf321ee96ab2925a30c3f3513e2aabdc3b6
6cbf93be1724ba2fcb3f,SRC407,4,PAIR_6F8FB51A825E51C9A3AE725F,CONTEXT_CONFLICT,466,466,source_section|asset_class|strategy|currency_scale,MERGE,"source_section blanked: the only headings this document prints are the in-table groupings, which the placement rule makes asset_class/strategy and never source_section; pages 2-7 and 11 print no heading above the table at all. asset_class and strategy take the printed group name without the portfolio percentage and without '(Continued)': B's form split one class into two on the continuation pages and carried a running-header marker into the data. subject_type 'fund': the row label names a vehicle (L.P./LP/LLC/SCSp/Limited Partnership), which the label-driven rule types fund, not investment. currency_scale '$': the symbol is printed once at the head of the Cost and Fair Value columns and governs every value beneath it.",RESOLVED,A+B+ADJUDICATOR,42fd3fd5192cd82559b79a6adfdcdbf321ee96ab2925a30c3f3513e2aabdc3b6
8a2b7fb454a94fc1c842,SRC407,4,PAIR_24BAC5D3E43B249DBB2131CE,CONTEXT_CONFLICT,467,467,source_section|asset_class|strategy|currency_scale,MERGE,"source_section blanked: the only headings this document prints are the in-table groupings, which the placement rule makes asset_class/strategy and never source_section; pages 2-7 and 11 print no heading above the table at all. asset_class and strategy take the printed group name without the portfolio percentage and without '(Continued)': B's form split one class into two on the continuation pages and carried a running-header marker into the data. subject_type 'fund': the row label names a vehicle (L.P./LP/LLC/SCSp/Limited Partnership), which the label-driven rule types fund, not investment. currency_scale '$': the symbol is printed once at the head of the Cost and Fair Value columns and governs every value beneath it.; Source review: p4: Fair Value (Individual holdings, aggregate rows, and the hierarchy note have separate value scopes.) | p4: Fair Value (Printed heading or definition supporting the source-reviewed qualifier.)",RESOLVED,A+B+ADJUDICATOR,42fd3fd5192cd82559b79a6adfdcdbf321ee96ab2925a30c3f3513e2aabdc3b6
cfebdf2564f74b8a00df,SRC407,4,PAIR_6EBE1AE217A2B40700203DD8,CONTEXT_CONFLICT,468,468,source_section|asset_class|strategy|currency_scale,MERGE,"source_section blanked: the only headings this document prints are the in-table groupings, which the placement rule makes asset_class/strategy and never source_section; pages 2-7 and 11 print no heading above the table at all. asset_class and strategy take the printed group name without the portfolio percentage and without '(Continued)': B's form split one class into two on the continuation pages and carried a running-header marker into the data. subject_type 'fund': the row label names a vehicle (L.P./LP/LLC/SCSp/Limited Partnership), which the label-driven rule types fund, not investment. currency_scale '$': the symbol is printed once at the head of the Cost and Fair Value columns and governs every value beneath it.",RESOLVED,A+B+ADJUDICATOR,42fd3fd5192cd82559b79a6adfdcdbf321ee96ab2925a30c3f3513e2aabdc3b6
b5b438ade5029dda3505,SRC407,4,PAIR_FB840472FCE9BC718A21384F,CONTEXT_CONFLICT,469,469,source_section|asset_class|strategy|currency_scale,MERGE,"source_section blanked: the only headings this document prints are the in-table groupings, which the placement rule makes asset_class/strategy and never source_section; pages 2-7 and 11 print no heading above the table at all. asset_class and strategy take the printed group name without the portfolio percentage and without '(Continued)': B's form split one class into two on the continuation pages and carried a running-header marker into the data. subject_type 'fund': the row label names a vehicle (L.P./LP/LLC/SCSp/Limited Partnership), which the label-driven rule types fund, not investment. currency_scale '$': the symbol is printed once at the head of the Cost and Fair Value columns and governs every value beneath it.; Source review: p4: Fair Value (Individual holdings, aggregate rows, and the hierarchy note have separate value scopes.) | p4: Fair Value (Printed heading or definition supporting the source-reviewed qualifier.)",RESOLVED,A+B+ADJUDICATOR,42fd3fd5192cd82559b79a6adfdcdbf321ee96ab2925a30c3f3513e2aabdc3b6
4bd654f067a01123db53,SRC407,4,PAIR_27175FA559533DF08B5AD7B9,CONTEXT_CONFLICT,470,470,source_section|asset_class|strategy|currency_scale,MERGE,"source_section blanked: the only headings this document prints are the in-table groupings, which the placement rule makes asset_class/strategy and never source_section; pages 2-7 and 11 print no heading above the table at all. asset_class and strategy take the printed group name without the portfolio percentage and without '(Continued)': B's form split one class into two on the continuation pages and carried a running-header marker into the data. subject_type 'fund': the row label names a vehicle (L.P./LP/LLC/SCSp/Limited Partnership), which the label-driven rule types fund, not investment. currency_scale '$': the symbol is printed once at the head of the Cost and Fair Value columns and governs every value beneath it.",RESOLVED,A+B+ADJUDICATOR,42fd3fd5192cd82559b79a6adfdcdbf321ee96ab2925a30c3f3513e2aabdc3b6
1af6f0761169a8dbfd2c,SRC407,4,PAIR_68F0FCF4E8357285E79247EA,CONTEXT_CONFLICT,471,471,source_section|asset_class|strategy|currency_scale,MERGE,"source_section blanked: the only headings this document prints are the in-table groupings, which the placement rule makes asset_class/strategy and never source_section; pages 2-7 and 11 print no heading above the table at all. asset_class and strategy take the printed group name without the portfolio percentage and without '(Continued)': B's form split one class into two on the continuation pages and carried a running-header marker into the data. subject_type 'fund': the row label names a vehicle (L.P./LP/LLC/SCSp/Limited Partnership), which the label-driven rule types fund, not investment. currency_scale '$': the symbol is printed once at the head of the Cost and Fair Value columns and governs every value beneath it.; Source review: p4: Fair Value (Individual holdings, aggregate rows, and the hierarchy note have separate value scopes.) | p4: Fair Value (Printed heading or definition supporting the source-reviewed qualifier.)",RESOLVED,A+B+ADJUDICATOR,42fd3fd5192cd82559b79a6adfdcdbf321ee96ab2925a30c3f3513e2aabdc3b6
3fef5507152529803676,SRC407,4,PAIR_825076374A7C6C150992D58A,CONTEXT_CONFLICT,472,472,source_section|asset_class|strategy|currency_scale,MERGE,"source_section blanked: the only headings this document prints are the in-table groupings, which the placement rule makes asset_class/strategy and never source_section; pages 2-7 and 11 print no heading above the table at all. asset_class and strategy take the printed group name without the portfolio percentage and without '(Continued)': B's form split one class into two on the continuation pages and carried a running-header marker into the data. subject_type 'fund': the row label names a vehicle (L.P./LP/LLC/SCSp/Limited Partnership), which the label-driven rule types fund, not investment. currency_scale '$': the symbol is printed once at the head of the Cost and Fair Value columns and governs every value beneath it.",RESOLVED,A+B+ADJUDICATOR,42fd3fd5192cd82559b79a6adfdcdbf321ee96ab2925a30c3f3513e2aabdc3b6
ba96fd3c58f86accc846,SRC407,4,PAIR_59C886F255216BEF3DD45BC3,CONTEXT_CONFLICT,473,473,source_section|asset_class|strategy|currency_scale,MERGE,"source_section blanked: the only headings this document prints are the in-table groupings, which the placement rule makes asset_class/strategy and never source_section; pages 2-7 and 11 print no heading above the table at all. asset_class and strategy take the printed group name without the portfolio percentage and without '(Continued)': B's form split one class into two on the continuation pages and carried a running-header marker into the data. subject_type 'fund': the row label names a vehicle (L.P./LP/LLC/SCSp/Limited Partnership), which the label-driven rule types fund, not investment. currency_scale '$': the symbol is printed once at the head of the Cost and Fair Value columns and governs every value beneath it.; Source review: p4: Fair Value (Individual holdings, aggregate rows, and the hierarchy note have separate value scopes.) | p4: Fair Value (Printed heading or definition supporting the source-reviewed qualifier.)",RESOLVED,A+B+ADJUDICATOR,42fd3fd5192cd82559b79a6adfdcdbf321ee96ab2925a30c3f3513e2aabdc3b6
0a8978c320da9c2a06b3,SRC407,4,PAIR_F5D7DE3D483CFE5D6E44ACFC,CONTEXT_CONFLICT,474,474,source_section|asset_class|strategy|currency_scale,MERGE,"source_section blanked: the only headings this document prints are the in-table groupings, which the placement rule makes asset_class/strategy and never source_section; pages 2-7 and 11 print no heading above the table at all. asset_class and strategy take the printed group name without the portfolio percentage and without '(Continued)': B's form split one class into two on the continuation pages and carried a running-header marker into the data. subject_type 'fund': the row label names a vehicle (L.P./LP/LLC/SCSp/Limited Partnership), which the label-driven rule types fund, not investment. currency_scale '$': the symbol is printed once at the head of the Cost and Fair Value columns and governs every value beneath it.",RESOLVED,A+B+ADJUDICATOR,42fd3fd5192cd82559b79a6adfdcdbf321ee96ab2925a30c3f3513e2aabdc3b6
0c52341b62fea1b88ea2,SRC407,4,PAIR_12D28F87834B02ABB882FB16,CONTEXT_CONFLICT,475,475,source_section|asset_class|strategy|currency_scale,MERGE,"source_section blanked: the only headings this document prints are the in-table groupings, which the placement rule makes asset_class/strategy and never source_section; pages 2-7 and 11 print no heading above the table at all. asset_class and strategy take the printed group name without the portfolio percentage and without '(Continued)': B's form split one class into two on the continuation pages and carried a running-header marker into the data. subject_type 'fund': the row label names a vehicle (L.P./LP/LLC/SCSp/Limited Partnership), which the label-driven rule types fund, not investment. currency_scale '$': the symbol is printed once at the head of the Cost and Fair Value columns and governs every value beneath it.; Source review: p4: Fair Value (Individual holdings, aggregate rows, and the hierarchy note have separate value scopes.) | p4: Fair Value (Printed heading or definition supporting the source-reviewed qualifier.)",RESOLVED,A+B+ADJUDICATOR,42fd3fd5192cd82559b79a6adfdcdbf321ee96ab2925a30c3f3513e2aabdc3b6
3c52dabfefdccfd59115,SRC407,4,PAIR_2E4D842BF0ABE5195D897AC3,CONTEXT_CONFLICT,476,476,source_section|asset_class|strategy|currency_scale,MERGE,"source_section blanked: the only headings this document prints are the in-table groupings, which the placement rule makes asset_class/strategy and never source_section; pages 2-7 and 11 print no heading above the table at all. asset_class and strategy take the printed group name without the portfolio percentage and without '(Continued)': B's form split one class into two on the continuation pages and carried a running-header marker into the data. subject_type 'fund': the row label names a vehicle (L.P./LP/LLC/SCSp/Limited Partnership), which the label-driven rule types fund, not investment. currency_scale '$': the symbol is printed once at the head of the Cost and Fair Value columns and governs every value beneath it.",RESOLVED,A+B+ADJUDICATOR,42fd3fd5192cd82559b79a6adfdcdbf321ee96ab2925a30c3f3513e2aabdc3b6
e8bd0b50c6f3a189af03,SRC407,4,PAIR_A716B934DA27955B6978BBB0,CONTEXT_CONFLICT,477,477,source_section|asset_class|strategy|currency_scale,MERGE,"source_section blanked: the only headings this document prints are the in-table groupings, which the placement rule makes asset_class/strategy and never source_section; pages 2-7 and 11 print no heading above the table at all. asset_class and strategy take the printed group name without the portfolio percentage and without '(Continued)': B's form split one class into two on the continuation pages and carried a running-header marker into the data. subject_type 'fund': the row label names a vehicle (L.P./LP/LLC/SCSp/Limited Partnership), which the label-driven rule types fund, not investment. currency_scale '$': the symbol is printed once at the head of the Cost and Fair Value columns and governs every value beneath it.; Source review: p4: Fair Value (Individual holdings, aggregate rows, and the hierarchy note have separate value scopes.) | p4: Fair Value (Printed heading or definition supporting the source-reviewed qualifier.)",RESOLVED,A+B+ADJUDICATOR,42fd3fd5192cd82559b79a6adfdcdbf321ee96ab2925a30c3f3513e2aabdc3b6
f16c769cf07ceb31bbb8,SRC407,4,PAIR_FFB877FF4CB7A477A2E89154,CONTEXT_CONFLICT,478,478,source_section|asset_class|strategy|currency_scale,MERGE,"source_section blanked: the only headings this document prints are the in-table groupings, which the placement rule makes asset_class/strategy and never source_section; pages 2-7 and 11 print no heading above the table at all. asset_class and strategy take the printed group name without the portfolio percentage and without '(Continued)': B's form split one class into two on the continuation pages and carried a running-header marker into the data. subject_type 'fund': the row label names a vehicle (L.P./LP/LLC/SCSp/Limited Partnership), which the label-driven rule types fund, not investment. currency_scale '$': the symbol is printed once at the head of the Cost and Fair Value columns and governs every value beneath it.",RESOLVED,A+B+ADJUDICATOR,42fd3fd5192cd82559b79a6adfdcdbf321ee96ab2925a30c3f3513e2aabdc3b6
02c91dde81c5bce35c1b,SRC407,4,PAIR_01FBCDA88451BC8DA2FD91C7,CONTEXT_CONFLICT,479,479,source_section|asset_class|strategy|currency_scale,MERGE,"source_section blanked: the only headings this document prints are the in-table groupings, which the placement rule makes asset_class/strategy and never source_section; pages 2-7 and 11 print no heading above the table at all. asset_class and strategy take the printed group name without the portfolio percentage and without '(Continued)': B's form split one class into two on the continuation pages and carried a running-header marker into the data. subject_type 'fund': the row label names a vehicle (L.P./LP/LLC/SCSp/Limited Partnership), which the label-driven rule types fund, not investment. currency_scale '$': the symbol is printed once at the head of the Cost and Fair Value columns and governs every value beneath it.; Source review: p4: Fair Value (Individual holdings, aggregate rows, and the hierarchy note have separate value scopes.) | p4: Fair Value (Printed heading or definition supporting the source-reviewed qualifier.)",RESOLVED,A+B+ADJUDICATOR,42fd3fd5192cd82559b79a6adfdcdbf321ee96ab2925a30c3f3513e2aabdc3b6
f84050cca6e34903834e,SRC407,4,PAIR_9DBF4C0C55A16B7431E70D4B,CONTEXT_CONFLICT,480,480,source_section|asset_class|strategy|currency_scale,MERGE,"source_section blanked: the only headings this document prints are the in-table groupings, which the placement rule makes asset_class/strategy and never source_section; pages 2-7 and 11 print no heading above the table at all. asset_class and strategy take the printed group name without the portfolio percentage and without '(Continued)': B's form split one class into two on the continuation pages and carried a running-header marker into the data. subject_type 'fund': the row label names a vehicle (L.P./LP/LLC/SCSp/Limited Partnership), which the label-driven rule types fund, not investment. currency_scale '$': the symbol is printed once at the head of the Cost and Fair Value columns and governs every value beneath it.",RESOLVED,A+B+ADJUDICATOR,42fd3fd5192cd82559b79a6adfdcdbf321ee96ab2925a30c3f3513e2aabdc3b6
e708fa2be8af7052d373,SRC407,4,PAIR_D19EC216C5251DA33133AE34,CONTEXT_CONFLICT,481,481,source_section|asset_class|strategy|currency_scale,MERGE,"source_section blanked: the only headings this document prints are the in-table groupings, which the placement rule makes asset_class/strategy and never source_section; pages 2-7 and 11 print no heading above the table at all. asset_class and strategy take the printed group name without the portfolio percentage and without '(Continued)': B's form split one class into two on the continuation pages and carried a running-header marker into the data. subject_type 'fund': the row label names a vehicle (L.P./LP/LLC/SCSp/Limited Partnership), which the label-driven rule types fund, not investment. currency_scale '$': the symbol is printed once at the head of the Cost and Fair Value columns and governs every value beneath it.; Source review: p4: Fair Value (Individual holdings, aggregate rows, and the hierarchy note have separate value scopes.) | p4: Fair Value (Printed heading or definition supporting the source-reviewed qualifier.)",RESOLVED,A+B+ADJUDICATOR,42fd3fd5192cd82559b79a6adfdcdbf321ee96ab2925a30c3f3513e2aabdc3b6
6a6ecdb27ef37b6c27b6,SRC407,4,PAIR_F7BC78586F7BDF50DDFE8BC6,CONTEXT_CONFLICT,482,482,source_section|asset_class|strategy|currency_scale,MERGE,"source_section blanked: the only headings this document prints are the in-table groupings, which the placement rule makes asset_class/strategy and never source_section; pages 2-7 and 11 print no heading above the table at all. asset_class and strategy take the printed group name without the portfolio percentage and without '(Continued)': B's form split one class into two on the continuation pages and carried a running-header marker into the data. subject_type 'fund': the row label names a vehicle (L.P./LP/LLC/SCSp/Limited Partnership), which the label-driven rule types fund, not investment. currency_scale '$': the symbol is printed once at the head of the Cost and Fair Value columns and governs every value beneath it.",RESOLVED,A+B+ADJUDICATOR,42fd3fd5192cd82559b79a6adfdcdbf321ee96ab2925a30c3f3513e2aabdc3b6
ae2b57e9ffa071ddf412,SRC407,4,PAIR_863934C156C81D5A62293516,CONTEXT_CONFLICT,483,483,source_section|asset_class|strategy|currency_scale,MERGE,"source_section blanked: the only headings this document prints are the in-table groupings, which the placement rule makes asset_class/strategy and never source_section; pages 2-7 and 11 print no heading above the table at all. asset_class and strategy take the printed group name without the portfolio percentage and without '(Continued)': B's form split one class into two on the continuation pages and carried a running-header marker into the data. subject_type 'fund': the row label names a vehicle (L.P./LP/LLC/SCSp/Limited Partnership), which the label-driven rule types fund, not investment. currency_scale '$': the symbol is printed once at the head of the Cost and Fair Value columns and governs every value beneath it.; Source review: p4: Fair Value (Individual holdings, aggregate rows, and the hierarchy note have separate value scopes.) | p4: Fair Value (Printed heading or definition supporting the source-reviewed qualifier.)",RESOLVED,A+B+ADJUDICATOR,42fd3fd5192cd82559b79a6adfdcdbf321ee96ab2925a30c3f3513e2aabdc3b6
2b3faecf3b73c41aab7e,SRC407,4,PAIR_263C1CEDDEFE351425C66151,CONTEXT_CONFLICT,484,484,source_section|asset_class|strategy|currency_scale,MERGE,"source_section blanked: the only headings this document prints are the in-table groupings, which the placement rule makes asset_class/strategy and never source_section; pages 2-7 and 11 print no heading above the table at all. asset_class and strategy take the printed group name without the portfolio percentage and without '(Continued)': B's form split one class into two on the continuation pages and carried a running-header marker into the data. subject_type 'fund': the row label names a vehicle (L.P./LP/LLC/SCSp/Limited Partnership), which the label-driven rule types fund, not investment. currency_scale '$': the symbol is printed once at the head of the Cost and Fair Value columns and governs every value beneath it.",RESOLVED,A+B+ADJUDICATOR,42fd3fd5192cd82559b79a6adfdcdbf321ee96ab2925a30c3f3513e2aabdc3b6
8510919853d061a0265b,SRC407,4,PAIR_87549CB48A17EA5295783B4F,CONTEXT_CONFLICT,485,485,source_section|asset_class|strategy|currency_scale,MERGE,"source_section blanked: the only headings this document prints are the in-table groupings, which the placement rule makes asset_class/strategy and never source_section; pages 2-7 and 11 print no heading above the table at all. asset_class and strategy take the printed group name without the portfolio percentage and without '(Continued)': B's form split one class into two on the continuation pages and carried a running-header marker into the data. subject_type 'fund': the row label names a vehicle (L.P./LP/LLC/SCSp/Limited Partnership), which the label-driven rule types fund, not investment. currency_scale '$': the symbol is printed once at the head of the Cost and Fair Value columns and governs every value beneath it.; Source review: p4: Fair Value (Individual holdings, aggregate rows, and the hierarchy note have separate value scopes.) | p4: Fair Value (Printed heading or definition supporting the source-reviewed qualifier.)",RESOLVED,A+B+ADJUDICATOR,42fd3fd5192cd82559b79a6adfdcdbf321ee96ab2925a30c3f3513e2aabdc3b6
7b9d5b97165913d99432,SRC407,4,PAIR_0665D49588EC672B69A5D03B,CONTEXT_CONFLICT,486,486,source_section|asset_class|strategy|currency_scale,MERGE,"source_section blanked: the only headings this document prints are the in-table groupings, which the placement rule makes asset_class/strategy and never source_section; pages 2-7 and 11 print no heading above the table at all. asset_class and strategy take the printed group name without the portfolio percentage and without '(Continued)': B's form split one class into two on the continuation pages and carried a running-header marker into the data. subject_type 'fund': the row label names a vehicle (L.P./LP/LLC/SCSp/Limited Partnership), which the label-driven rule types fund, not investment. currency_scale '$': the symbol is printed once at the head of the Cost and Fair Value columns and governs every value beneath it.",RESOLVED,A+B+ADJUDICATOR,42fd3fd5192cd82559b79a6adfdcdbf321ee96ab2925a30c3f3513e2aabdc3b6
8f2a7a7bbd171af398cb,SRC407,4,PAIR_866616BB5ED13FA00C8BA43A,CONTEXT_CONFLICT,487,487,source_section|asset_class|strategy|currency_scale,MERGE,"source_section blanked: the only headings this document prints are the in-table groupings, which the placement rule makes asset_class/strategy and never source_section; pages 2-7 and 11 print no heading above the table at all. asset_class and strategy take the printed group name without the portfolio percentage and without '(Continued)': B's form split one class into two on the continuation pages and carried a running-header marker into the data. subject_type 'fund': the row label names a vehicle (L.P./LP/LLC/SCSp/Limited Partnership), which the label-driven rule types fund, not investment. currency_scale '$': the symbol is printed once at the head of the Cost and Fair Value columns and governs every value beneath it.; Source review: p4: Fair Value (Individual holdings, aggregate rows, and the hierarchy note have separate value scopes.) | p4: Fair Value (Printed heading or definition supporting the source-reviewed qualifier.)",RESOLVED,A+B+ADJUDICATOR,42fd3fd5192cd82559b79a6adfdcdbf321ee96ab2925a30c3f3513e2aabdc3b6
2fdde5af85a794a62b74,SRC407,4,PAIR_BE92703D557AAE5D0607F256,CONTEXT_CONFLICT,488,488,source_section|asset_class|strategy|currency_scale,MERGE,"source_section blanked: the only headings this document prints are the in-table groupings, which the placement rule makes asset_class/strategy and never source_section; pages 2-7 and 11 print no heading above the table at all. asset_class and strategy take the printed group name without the portfolio percentage and without '(Continued)': B's form split one class into two on the continuation pages and carried a running-header marker into the data. subject_type 'fund': the row label names a vehicle (L.P./LP/LLC/SCSp/Limited Partnership), which the label-driven rule types fund, not investment. currency_scale '$': the symbol is printed once at the head of the Cost and Fair Value columns and governs every value beneath it.",RESOLVED,A+B+ADJUDICATOR,42fd3fd5192cd82559b79a6adfdcdbf321ee96ab2925a30c3f3513e2aabdc3b6
85b26f5f1a3328fac277,SRC407,4,PAIR_B228ACC5E3F0C8845A54D570,CONTEXT_CONFLICT,489,489,source_section|asset_class|strategy|currency_scale,MERGE,"source_section blanked: the only headings this document prints are the in-table groupings, which the placement rule makes asset_class/strategy and never source_section; pages 2-7 and 11 print no heading above the table at all. asset_class and strategy take the printed group name without the portfolio percentage and without '(Continued)': B's form split one class into two on the continuation pages and carried a running-header marker into the data. subject_type 'fund': the row label names a vehicle (L.P./LP/LLC/SCSp/Limited Partnership), which the label-driven rule types fund, not investment. currency_scale '$': the symbol is printed once at the head of the Cost and Fair Value columns and governs every value beneath it.; Source review: p4: Fair Value (Individual holdings, aggregate rows, and the hierarchy note have separate value scopes.) | p4: Fair Value (Printed heading or definition supporting the source-reviewed qualifier.)",RESOLVED,A+B+ADJUDICATOR,42fd3fd5192cd82559b79a6adfdcdbf321ee96ab2925a30c3f3513e2aabdc3b6
30f2572bc8fae71aeb12,SRC407,4,PAIR_4EDE8FEA00A57CB0A50A26B9,CONTEXT_CONFLICT,490,490,source_section|asset_class|strategy|currency_scale,MERGE,"source_section blanked: the only headings this document prints are the in-table groupings, which the placement rule makes asset_class/strategy and never source_section; pages 2-7 and 11 print no heading above the table at all. asset_class and strategy take the printed group name without the portfolio percentage and without '(Continued)': B's form split one class into two on the continuation pages and carried a running-header marker into the data. subject_type 'fund': the row label names a vehicle (L.P./LP/LLC/SCSp/Limited Partnership), which the label-driven rule types fund, not investment. currency_scale '$': the symbol is printed once at the head of the Cost and Fair Value columns and governs every value beneath it.",RESOLVED,A+B+ADJUDICATOR,42fd3fd5192cd82559b79a6adfdcdbf321ee96ab2925a30c3f3513e2aabdc3b6
57713d1831978153262e,SRC407,4,PAIR_4E1A09D28C1009423A8259A7,CONTEXT_CONFLICT,491,491,source_section|asset_class|strategy|currency_scale,MERGE,"source_section blanked: the only headings this document prints are the in-table groupings, which the placement rule makes asset_class/strategy and never source_section; pages 2-7 and 11 print no heading above the table at all. asset_class and strategy take the printed group name without the portfolio percentage and without '(Continued)': B's form split one class into two on the continuation pages and carried a running-header marker into the data. subject_type 'fund': the row label names a vehicle (L.P./LP/LLC/SCSp/Limited Partnership), which the label-driven rule types fund, not investment. currency_scale '$': the symbol is printed once at the head of the Cost and Fair Value columns and governs every value beneath it.; Source review: p4: Fair Value (Individual holdings, aggregate rows, and the hierarchy note have separate value scopes.) | p4: Fair Value (Printed heading or definition supporting the source-reviewed qualifier.)",RESOLVED,A+B+ADJUDICATOR,42fd3fd5192cd82559b79a6adfdcdbf321ee96ab2925a30c3f3513e2aabdc3b6
5fc952168adc3a0c2c8d,SRC407,4,PAIR_FB64CBD3C7E667D081A93C74,CONTEXT_CONFLICT,492,492,source_section|asset_class|strategy|currency_scale,MERGE,"source_section blanked: the only headings this document prints are the in-table groupings, which the placement rule makes asset_class/strategy and never source_section; pages 2-7 and 11 print no heading above the table at all. asset_class and strategy take the printed group name without the portfolio percentage and without '(Continued)': B's form split one class into two on the continuation pages and carried a running-header marker into the data. subject_type 'fund': the row label names a vehicle (L.P./LP/LLC/SCSp/Limited Partnership), which the label-driven rule types fund, not investment. currency_scale '$': the symbol is printed once at the head of the Cost and Fair Value columns and governs every value beneath it.",RESOLVED,A+B+ADJUDICATOR,42fd3fd5192cd82559b79a6adfdcdbf321ee96ab2925a30c3f3513e2aabdc3b6
07c196c46dc331d4a24a,SRC407,4,PAIR_D441F46C6A29735D800157D2,CONTEXT_CONFLICT,493,493,source_section|asset_class|strategy|currency_scale,MERGE,"source_section blanked: the only headings this document prints are the in-table groupings, which the placement rule makes asset_class/strategy and never source_section; pages 2-7 and 11 print no heading above the table at all. asset_class and strategy take the printed group name without the portfolio percentage and without '(Continued)': B's form split one class into two on the continuation pages and carried a running-header marker into the data. subject_type 'fund': the row label names a vehicle (L.P./LP/LLC/SCSp/Limited Partnership), which the label-driven rule types fund, not investment. currency_scale '$': the symbol is printed once at the head of the Cost and Fair Value columns and governs every value beneath it.; Source review: p4: Fair Value (Individual holdings, aggregate rows, and the hierarchy note have separate value scopes.) | p4: Fair Value (Printed heading or definition supporting the source-reviewed qualifier.)",RESOLVED,A+B+ADJUDICATOR,42fd3fd5192cd82559b79a6adfdcdbf321ee96ab2925a30c3f3513e2aabdc3b6
ed4d44f0d6c8198f7741,SRC407,5,PAIR_43DD893E781AA7B511DA5529,CONTEXT_CONFLICT,494,494,source_section|asset_class|strategy|currency_scale,MERGE,"source_section blanked: the only headings this document prints are the in-table groupings, which the placement rule makes asset_class/strategy and never source_section; pages 2-7 and 11 print no heading above the table at all. metric_value_raw keeps the printed '$' that A stripped; the value column is raw and stripping a printed symbol is a normalisation. asset_class and strategy take the printed group name without the portfolio percentage and without '(Continued)': B's form split one class into two on the continuation pages and carried a running-header marker into the data. subject_type 'fund': the row label names a vehicle (L.P./LP/LLC/SCSp/Limited Partnership), which the label-driven rule types fund, not investment. currency_scale '$': the symbol is printed once at the head of the Cost and Fair Value columns and governs every value beneath it.",RESOLVED,A+B+ADJUDICATOR,42fd3fd5192cd82559b79a6adfdcdbf321ee96ab2925a30c3f3513e2aabdc3b6
d87ac12694d6b538e0ed,SRC407,5,PAIR_CDA158FAFDEC8D780945615D,CONTEXT_CONFLICT,495,495,source_section|asset_class|strategy|currency_scale,MERGE,"source_section blanked: the only headings this document prints are the in-table groupings, which the placement rule makes asset_class/strategy and never source_section; pages 2-7 and 11 print no heading above the table at all. metric_value_raw keeps the printed '$' that A stripped; the value column is raw and stripping a printed symbol is a normalisation. asset_class and strategy take the printed group name without the portfolio percentage and without '(Continued)': B's form split one class into two on the continuation pages and carried a running-header marker into the data. subject_type 'fund': the row label names a vehicle (L.P./LP/LLC/SCSp/Limited Partnership), which the label-driven rule types fund, not investment. currency_scale '$': the symbol is printed once at the head of the Cost and Fair Value columns and governs every value beneath it.; Source review: p5: Fair Value (Individual holdings, aggregate rows, and the hierarchy note have separate value scopes.) | p5: Fair Value (Printed heading or definition supporting the source-reviewed qualifier.)",RESOLVED,A+B+ADJUDICATOR,42fd3fd5192cd82559b79a6adfdcdbf321ee96ab2925a30c3f3513e2aabdc3b6
4675fd1b678b8b6286aa,SRC407,5,PAIR_FA7B2038E58A13C34BE717F9,CONTEXT_CONFLICT,496,496,source_section|asset_class|strategy|currency_scale,MERGE,"source_section blanked: the only headings this document prints are the in-table groupings, which the placement rule makes asset_class/strategy and never source_section; pages 2-7 and 11 print no heading above the table at all. asset_class and strategy take the printed group name without the portfolio percentage and without '(Continued)': B's form split one class into two on the continuation pages and carried a running-header marker into the data. subject_type 'fund': the row label names a vehicle (L.P./LP/LLC/SCSp/Limited Partnership), which the label-driven rule types fund, not investment. currency_scale '$': the symbol is printed once at the head of the Cost and Fair Value columns and governs every value beneath it.",RESOLVED,A+B+ADJUDICATOR,42fd3fd5192cd82559b79a6adfdcdbf321ee96ab2925a30c3f3513e2aabdc3b6
9edef37b3f4b9621065c,SRC407,5,PAIR_E2726A8F50263975FCEB202B,CONTEXT_CONFLICT,497,497,source_section|asset_class|strategy|currency_scale,MERGE,"source_section blanked: the only headings this document prints are the in-table groupings, which the placement rule makes asset_class/strategy and never source_section; pages 2-7 and 11 print no heading above the table at all. asset_class and strategy take the printed group name without the portfolio percentage and without '(Continued)': B's form split one class into two on the continuation pages and carried a running-header marker into the data. subject_type 'fund': the row label names a vehicle (L.P./LP/LLC/SCSp/Limited Partnership), which the label-driven rule types fund, not investment. currency_scale '$': the symbol is printed once at the head of the Cost and Fair Value columns and governs every value beneath it.; Source review: p5: Fair Value (Individual holdings, aggregate rows, and the hierarchy note have separate value scopes.) | p5: Fair Value (Printed heading or definition supporting the source-reviewed qualifier.)",RESOLVED,A+B+ADJUDICATOR,42fd3fd5192cd82559b79a6adfdcdbf321ee96ab2925a30c3f3513e2aabdc3b6
012786d469c9391787ee,SRC407,5,PAIR_B073F251B903B2D1EA639368,CONTEXT_CONFLICT,498,498,source_section|asset_class|strategy|currency_scale,MERGE,"source_section blanked: the only headings this document prints are the in-table groupings, which the placement rule makes asset_class/strategy and never source_section; pages 2-7 and 11 print no heading above the table at all. asset_class and strategy take the printed group name without the portfolio percentage and without '(Continued)': B's form split one class into two on the continuation pages and carried a running-header marker into the data. subject_type 'fund': the row label names a vehicle (L.P./LP/LLC/SCSp/Limited Partnership), which the label-driven rule types fund, not investment. currency_scale '$': the symbol is printed once at the head of the Cost and Fair Value columns and governs every value beneath it.",RESOLVED,A+B+ADJUDICATOR,42fd3fd5192cd82559b79a6adfdcdbf321ee96ab2925a30c3f3513e2aabdc3b6
7db2b5bca72830fd8dbc,SRC407,5,PAIR_D4E10B51F15B0C463DF98325,CONTEXT_CONFLICT,499,499,source_section|asset_class|strategy|currency_scale,MERGE,"source_section blanked: the only headings this document prints are the in-table groupings, which the placement rule makes asset_class/strategy and never source_section; pages 2-7 and 11 print no heading above the table at all. asset_class and strategy take the printed group name without the portfolio percentage and without '(Continued)': B's form split one class into two on the continuation pages and carried a running-header marker into the data. subject_type 'fund': the row label names a vehicle (L.P./LP/LLC/SCSp/Limited Partnership), which the label-driven rule types fund, not investment. currency_scale '$': the symbol is printed once at the head of the Cost and Fair Value columns and governs every value beneath it.; Source review: p5: Fair Value (Individual holdings, aggregate rows, and the hierarchy note have separate value scopes.) | p5: Fair Value (Printed heading or definition supporting the source-reviewed qualifier.)",RESOLVED,A+B+ADJUDICATOR,42fd3fd5192cd82559b79a6adfdcdbf321ee96ab2925a30c3f3513e2aabdc3b6
49109e9170633f8ae4a7,SRC407,5,PAIR_FB587F3DF2DD98BCC3D0F4CB,CONTEXT_CONFLICT,500,500,source_section|asset_class|strategy|currency_scale,MERGE,"source_section blanked: the only headings this document prints are the in-table groupings, which the placement rule makes asset_class/strategy and never source_section; pages 2-7 and 11 print no heading above the table at all. asset_class and strategy take the printed group name without the portfolio percentage and without '(Continued)': B's form split one class into two on the continuation pages and carried a running-header marker into the data. subject_type 'fund': the row label names a vehicle (L.P./LP/LLC/SCSp/Limited Partnership), which the label-driven rule types fund, not investment. currency_scale '$': the symbol is printed once at the head of the Cost and Fair Value columns and governs every value beneath it.",RESOLVED,A+B+ADJUDICATOR,42fd3fd5192cd82559b79a6adfdcdbf321ee96ab2925a30c3f3513e2aabdc3b6
6eafdcdcbb0feb614459,SRC407,5,PAIR_45B375151846C99476AB2146,CONTEXT_CONFLICT,501,501,source_section|asset_class|strategy|currency_scale,MERGE,"source_section blanked: the only headings this document prints are the in-table groupings, which the placement rule makes asset_class/strategy and never source_section; pages 2-7 and 11 print no heading above the table at all. asset_class and strategy take the printed group name without the portfolio percentage and without '(Continued)': B's form split one class into two on the continuation pages and carried a running-header marker into the data. subject_type 'fund': the row label names a vehicle (L.P./LP/LLC/SCSp/Limited Partnership), which the label-driven rule types fund, not investment. currency_scale '$': the symbol is printed once at the head of the Cost and Fair Value columns and governs every value beneath it.; Source review: p5: Fair Value (Individual holdings, aggregate rows, and the hierarchy note have separate value scopes.) | p5: Fair Value (Printed heading or definition supporting the source-reviewed qualifier.)",RESOLVED,A+B+ADJUDICATOR,42fd3fd5192cd82559b79a6adfdcdbf321ee96ab2925a30c3f3513e2aabdc3b6
8a70e6c9aa36dbcf9a46,SRC407,5,PAIR_607FA864CA480F5A59D85433,CONTEXT_CONFLICT,502,502,source_section|asset_class|strategy|currency_scale,MERGE,"source_section blanked: the only headings this document prints are the in-table groupings, which the placement rule makes asset_class/strategy and never source_section; pages 2-7 and 11 print no heading above the table at all. asset_class and strategy take the printed group name without the portfolio percentage and without '(Continued)': B's form split one class into two on the continuation pages and carried a running-header marker into the data. subject_type 'fund': the row label names a vehicle (L.P./LP/LLC/SCSp/Limited Partnership), which the label-driven rule types fund, not investment. currency_scale '$': the symbol is printed once at the head of the Cost and Fair Value columns and governs every value beneath it.",RESOLVED,A+B+ADJUDICATOR,42fd3fd5192cd82559b79a6adfdcdbf321ee96ab2925a30c3f3513e2aabdc3b6
e53c5c09ef1afbce52c9,SRC407,5,PAIR_8F6C5BD1AD9ECA18D0452BAE,CONTEXT_CONFLICT,503,503,source_section|asset_class|strategy|currency_scale,MERGE,"source_section blanked: the only headings this document prints are the in-table groupings, which the placement rule makes asset_class/strategy and never source_section; pages 2-7 and 11 print no heading above the table at all. asset_class and strategy take the printed group name without the portfolio percentage and without '(Continued)': B's form split one class into two on the continuation pages and carried a running-header marker into the data. subject_type 'fund': the row label names a vehicle (L.P./LP/LLC/SCSp/Limited Partnership), which the label-driven rule types fund, not investment. currency_scale '$': the symbol is printed once at the head of the Cost and Fair Value columns and governs every value beneath it.; Source review: p5: Fair Value (Individual holdings, aggregate rows, and the hierarchy note have separate value scopes.) | p5: Fair Value (Printed heading or definition supporting the source-reviewed qualifier.)",RESOLVED,A+B+ADJUDICATOR,42fd3fd5192cd82559b79a6adfdcdbf321ee96ab2925a30c3f3513e2aabdc3b6
13017374781ff9317095,SRC407,5,PAIR_9D60E376ED3AB0691965B3AF,CONTEXT_CONFLICT,504,504,source_section|asset_class|strategy|currency_scale,MERGE,"source_section blanked: the only headings this document prints are the in-table groupings, which the placement rule makes asset_class/strategy and never source_section; pages 2-7 and 11 print no heading above the table at all. asset_class and strategy take the printed group name without the portfolio percentage and without '(Continued)': B's form split one class into two on the continuation pages and carried a running-header marker into the data. subject_type 'fund': the row label names a vehicle (L.P./LP/LLC/SCSp/Limited Partnership), which the label-driven rule types fund, not investment. currency_scale '$': the symbol is printed once at the head of the Cost and Fair Value columns and governs every value beneath it.",RESOLVED,A+B+ADJUDICATOR,42fd3fd5192cd82559b79a6adfdcdbf321ee96ab2925a30c3f3513e2aabdc3b6
25359701c7c7260a90ba,SRC407,5,PAIR_AE5D7F47EEE9CBEC9BA1E27C,CONTEXT_CONFLICT,505,505,source_section|asset_class|strategy|currency_scale,MERGE,"source_section blanked: the only headings this document prints are the in-table groupings, which the placement rule makes asset_class/strategy and never source_section; pages 2-7 and 11 print no heading above the table at all. asset_class and strategy take the printed group name without the portfolio percentage and without '(Continued)': B's form split one class into two on the continuation pages and carried a running-header marker into the data. subject_type 'fund': the row label names a vehicle (L.P./LP/LLC/SCSp/Limited Partnership), which the label-driven rule types fund, not investment. currency_scale '$': the symbol is printed once at the head of the Cost and Fair Value columns and governs every value beneath it.; Source review: p5: Fair Value (Individual holdings, aggregate rows, and the hierarchy note have separate value scopes.) | p5: Fair Value (Printed heading or definition supporting the source-reviewed qualifier.)",RESOLVED,A+B+ADJUDICATOR,42fd3fd5192cd82559b79a6adfdcdbf321ee96ab2925a30c3f3513e2aabdc3b6
a0e82e97363215f0b21d,SRC407,5,PAIR_D0193CCB1C11F656B8C0D38E,CONTEXT_CONFLICT,506,506,source_section|asset_class|strategy|currency_scale,MERGE,"source_section blanked: the only headings this document prints are the in-table groupings, which the placement rule makes asset_class/strategy and never source_section; pages 2-7 and 11 print no heading above the table at all. asset_class and strategy take the printed group name without the portfolio percentage and without '(Continued)': B's form split one class into two on the continuation pages and carried a running-header marker into the data. subject_type 'fund': the row label names a vehicle (L.P./LP/LLC/SCSp/Limited Partnership), which the label-driven rule types fund, not investment. currency_scale '$': the symbol is printed once at the head of the Cost and Fair Value columns and governs every value beneath it.",RESOLVED,A+B+ADJUDICATOR,42fd3fd5192cd82559b79a6adfdcdbf321ee96ab2925a30c3f3513e2aabdc3b6
82ccadabea5dbd2932c7,SRC407,5,PAIR_9415823F062E262C4517A3E4,CONTEXT_CONFLICT,507,507,source_section|asset_class|strategy|currency_scale,MERGE,"source_section blanked: the only headings this document prints are the in-table groupings, which the placement rule makes asset_class/strategy and never source_section; pages 2-7 and 11 print no heading above the table at all. asset_class and strategy take the printed group name without the portfolio percentage and without '(Continued)': B's form split one class into two on the continuation pages and carried a running-header marker into the data. subject_type 'fund': the row label names a vehicle (L.P./LP/LLC/SCSp/Limited Partnership), which the label-driven rule types fund, not investment. currency_scale '$': the symbol is printed once at the head of the Cost and Fair Value columns and governs every value beneath it.; Source review: p5: Fair Value (Individual holdings, aggregate rows, and the hierarchy note have separate value scopes.) | p5: Fair Value (Printed heading or definition supporting the source-reviewed qualifier.)",RESOLVED,A+B+ADJUDICATOR,42fd3fd5192cd82559b79a6adfdcdbf321ee96ab2925a30c3f3513e2aabdc3b6
87ae2b12e5b21a75123f,SRC407,5,PAIR_49D0BDA62241D1AB78DE608C,CONTEXT_CONFLICT,508,508,source_section|asset_class|strategy|currency_scale,MERGE,"source_section blanked: the only headings this document prints are the in-table groupings, which the placement rule makes asset_class/strategy and never source_section; pages 2-7 and 11 print no heading above the table at all. asset_class and strategy take the printed group name without the portfolio percentage and without '(Continued)': B's form split one class into two on the continuation pages and carried a running-header marker into the data. subject_type 'fund': the row label names a vehicle (L.P./LP/LLC/SCSp/Limited Partnership), which the label-driven rule types fund, not investment. currency_scale '$': the symbol is printed once at the head of the Cost and Fair Value columns and governs every value beneath it.",RESOLVED,A+B+ADJUDICATOR,42fd3fd5192cd82559b79a6adfdcdbf321ee96ab2925a30c3f3513e2aabdc3b6
fc56171cd357a5f59605,SRC407,5,PAIR_B728B93B05706F44123246DB,CONTEXT_CONFLICT,509,509,source_section|asset_class|strategy|currency_scale,MERGE,"source_section blanked: the only headings this document prints are the in-table groupings, which the placement rule makes asset_class/strategy and never source_section; pages 2-7 and 11 print no heading above the table at all. asset_class and strategy take the printed group name without the portfolio percentage and without '(Continued)': B's form split one class into two on the continuation pages and carried a running-header marker into the data. subject_type 'fund': the row label names a vehicle (L.P./LP/LLC/SCSp/Limited Partnership), which the label-driven rule types fund, not investment. currency_scale '$': the symbol is printed once at the head of the Cost and Fair Value columns and governs every value beneath it.; Source review: p5: Fair Value (Individual holdings, aggregate rows, and the hierarchy note have separate value scopes.) | p5: Fair Value (Printed heading or definition supporting the source-reviewed qualifier.)",RESOLVED,A+B+ADJUDICATOR,42fd3fd5192cd82559b79a6adfdcdbf321ee96ab2925a30c3f3513e2aabdc3b6
71c622e7f93552e78d9d,SRC407,5,PAIR_065D0495285299568EFB37FE,CONTEXT_CONFLICT,510,510,source_section|asset_class|strategy|currency_scale,MERGE,"source_section blanked: the only headings this document prints are the in-table groupings, which the placement rule makes asset_class/strategy and never source_section; pages 2-7 and 11 print no heading above the table at all. asset_class and strategy take the printed group name without the portfolio percentage and without '(Continued)': B's form split one class into two on the continuation pages and carried a running-header marker into the data. subject_type 'fund': the row label names a vehicle (L.P./LP/LLC/SCSp/Limited Partnership), which the label-driven rule types fund, not investment. currency_scale '$': the symbol is printed once at the head of the Cost and Fair Value columns and governs every value beneath it.",RESOLVED,A+B+ADJUDICATOR,42fd3fd5192cd82559b79a6adfdcdbf321ee96ab2925a30c3f3513e2aabdc3b6
7e842825176f23ccf4e1,SRC407,5,PAIR_EB8A199BABC3628BE2CBB929,CONTEXT_CONFLICT,511,511,source_section|asset_class|strategy|currency_scale,MERGE,"source_section blanked: the only headings this document prints are the in-table groupings, which the placement rule makes asset_class/strategy and never source_section; pages 2-7 and 11 print no heading above the table at all. asset_class and strategy take the printed group name without the portfolio percentage and without '(Continued)': B's form split one class into two on the continuation pages and carried a running-header marker into the data. subject_type 'fund': the row label names a vehicle (L.P./LP/LLC/SCSp/Limited Partnership), which the label-driven rule types fund, not investment. currency_scale '$': the symbol is printed once at the head of the Cost and Fair Value columns and governs every value beneath it.; Source review: p5: Fair Value (Individual holdings, aggregate rows, and the hierarchy note have separate value scopes.) | p5: Fair Value (Printed heading or definition supporting the source-reviewed qualifier.)",RESOLVED,A+B+ADJUDICATOR,42fd3fd5192cd82559b79a6adfdcdbf321ee96ab2925a30c3f3513e2aabdc3b6
99392b092b5a22859a7c,SRC407,5,PAIR_E32A288C6A4B101FC0EC7E1F,CONTEXT_CONFLICT,512,512,source_section|asset_class|strategy|currency_scale,MERGE,"source_section blanked: the only headings this document prints are the in-table groupings, which the placement rule makes asset_class/strategy and never source_section; pages 2-7 and 11 print no heading above the table at all. asset_class and strategy take the printed group name without the portfolio percentage and without '(Continued)': B's form split one class into two on the continuation pages and carried a running-header marker into the data. subject_type 'fund': the row label names a vehicle (L.P./LP/LLC/SCSp/Limited Partnership), which the label-driven rule types fund, not investment. currency_scale '$': the symbol is printed once at the head of the Cost and Fair Value columns and governs every value beneath it.",RESOLVED,A+B+ADJUDICATOR,42fd3fd5192cd82559b79a6adfdcdbf321ee96ab2925a30c3f3513e2aabdc3b6
441ee79acb57195c2f2d,SRC407,5,PAIR_15870DEC0A0666B5CA35948E,CONTEXT_CONFLICT,513,513,source_section|asset_class|strategy|currency_scale,MERGE,"source_section blanked: the only headings this document prints are the in-table groupings, which the placement rule makes asset_class/strategy and never source_section; pages 2-7 and 11 print no heading above the table at all. asset_class and strategy take the printed group name without the portfolio percentage and without '(Continued)': B's form split one class into two on the continuation pages and carried a running-header marker into the data. subject_type 'fund': the row label names a vehicle (L.P./LP/LLC/SCSp/Limited Partnership), which the label-driven rule types fund, not investment. currency_scale '$': the symbol is printed once at the head of the Cost and Fair Value columns and governs every value beneath it.; Source review: p5: Fair Value (Individual holdings, aggregate rows, and the hierarchy note have separate value scopes.) | p5: Fair Value (Printed heading or definition supporting the source-reviewed qualifier.)",RESOLVED,A+B+ADJUDICATOR,42fd3fd5192cd82559b79a6adfdcdbf321ee96ab2925a30c3f3513e2aabdc3b6
335258124942176e2122,SRC407,5,PAIR_9D671562AD1A293A11A0563E,CONTEXT_CONFLICT,514,514,source_section|asset_class|strategy|currency_scale,MERGE,"source_section blanked: the only headings this document prints are the in-table groupings, which the placement rule makes asset_class/strategy and never source_section; pages 2-7 and 11 print no heading above the table at all. asset_class and strategy take the printed group name without the portfolio percentage and without '(Continued)': B's form split one class into two on the continuation pages and carried a running-header marker into the data. subject_type 'fund': the row label names a vehicle (L.P./LP/LLC/SCSp/Limited Partnership), which the label-driven rule types fund, not investment. currency_scale '$': the symbol is printed once at the head of the Cost and Fair Value columns and governs every value beneath it.",RESOLVED,A+B+ADJUDICATOR,42fd3fd5192cd82559b79a6adfdcdbf321ee96ab2925a30c3f3513e2aabdc3b6
37bfd5656d75bca714bd,SRC407,5,PAIR_3960672B8EBB731DBE8A4742,CONTEXT_CONFLICT,515,515,source_section|asset_class|strategy|currency_scale,MERGE,"source_section blanked: the only headings this document prints are the in-table groupings, which the placement rule makes asset_class/strategy and never source_section; pages 2-7 and 11 print no heading above the table at all. asset_class and strategy take the printed group name without the portfolio percentage and without '(Continued)': B's form split one class into two on the continuation pages and carried a running-header marker into the data. subject_type 'fund': the row label names a vehicle (L.P./LP/LLC/SCSp/Limited Partnership), which the label-driven rule types fund, not investment. currency_scale '$': the symbol is printed once at the head of the Cost and Fair Value columns and governs every value beneath it.; Source review: p5: Fair Value (Individual holdings, aggregate rows, and the hierarchy note have separate value scopes.) | p5: Fair Value (Printed heading or definition supporting the source-reviewed qualifier.)",RESOLVED,A+B+ADJUDICATOR,42fd3fd5192cd82559b79a6adfdcdbf321ee96ab2925a30c3f3513e2aabdc3b6
583ebf16bed8e0be43f9,SRC407,5,PAIR_63E87131B1B957EC10BED2D4,CONTEXT_CONFLICT,516,516,source_section|asset_class|strategy|currency_scale,MERGE,"source_section blanked: the only headings this document prints are the in-table groupings, which the placement rule makes asset_class/strategy and never source_section; pages 2-7 and 11 print no heading above the table at all. asset_class and strategy take the printed group name without the portfolio percentage and without '(Continued)': B's form split one class into two on the continuation pages and carried a running-header marker into the data. subject_type 'fund': the row label names a vehicle (L.P./LP/LLC/SCSp/Limited Partnership), which the label-driven rule types fund, not investment. currency_scale '$': the symbol is printed once at the head of the Cost and Fair Value columns and governs every value beneath it.",RESOLVED,A+B+ADJUDICATOR,42fd3fd5192cd82559b79a6adfdcdbf321ee96ab2925a30c3f3513e2aabdc3b6
469fe450581320fc4d9d,SRC407,5,PAIR_4DC222AD12E5FC2EA339FA7C,CONTEXT_CONFLICT,517,517,source_section|asset_class|strategy|currency_scale,MERGE,"source_section blanked: the only headings this document prints are the in-table groupings, which the placement rule makes asset_class/strategy and never source_section; pages 2-7 and 11 print no heading above the table at all. asset_class and strategy take the printed group name without the portfolio percentage and without '(Continued)': B's form split one class into two on the continuation pages and carried a running-header marker into the data. subject_type 'fund': the row label names a vehicle (L.P./LP/LLC/SCSp/Limited Partnership), which the label-driven rule types fund, not investment. currency_scale '$': the symbol is printed once at the head of the Cost and Fair Value columns and governs every value beneath it.; Source review: p5: Fair Value (Individual holdings, aggregate rows, and the hierarchy note have separate value scopes.) | p5: Fair Value (Printed heading or definition supporting the source-reviewed qualifier.)",RESOLVED,A+B+ADJUDICATOR,42fd3fd5192cd82559b79a6adfdcdbf321ee96ab2925a30c3f3513e2aabdc3b6
8e01913fe6c4a136d167,SRC407,5,PAIR_2C7010769AE7891CAD693CB7,CONTEXT_CONFLICT,518,518,source_section|asset_class|strategy|currency_scale,MERGE,"source_section blanked: the only headings this document prints are the in-table groupings, which the placement rule makes asset_class/strategy and never source_section; pages 2-7 and 11 print no heading above the table at all. asset_class and strategy take the printed group name without the portfolio percentage and without '(Continued)': B's form split one class into two on the continuation pages and carried a running-header marker into the data. subject_type 'fund': the row label names a vehicle (L.P./LP/LLC/SCSp/Limited Partnership), which the label-driven rule types fund, not investment. currency_scale '$': the symbol is printed once at the head of the Cost and Fair Value columns and governs every value beneath it.",RESOLVED,A+B+ADJUDICATOR,42fd3fd5192cd82559b79a6adfdcdbf321ee96ab2925a30c3f3513e2aabdc3b6
0717b7c83ce639201cef,SRC407,5,PAIR_36173F6BB43B5EA02D8D18B3,CONTEXT_CONFLICT,519,519,source_section|asset_class|strategy|currency_scale,MERGE,"source_section blanked: the only headings this document prints are the in-table groupings, which the placement rule makes asset_class/strategy and never source_section; pages 2-7 and 11 print no heading above the table at all. asset_class and strategy take the printed group name without the portfolio percentage and without '(Continued)': B's form split one class into two on the continuation pages and carried a running-header marker into the data. subject_type 'fund': the row label names a vehicle (L.P./LP/LLC/SCSp/Limited Partnership), which the label-driven rule types fund, not investment. currency_scale '$': the symbol is printed once at the head of the Cost and Fair Value columns and governs every value beneath it.; Source review: p5: Fair Value (Individual holdings, aggregate rows, and the hierarchy note have separate value scopes.) | p5: Fair Value (Printed heading or definition supporting the source-reviewed qualifier.)",RESOLVED,A+B+ADJUDICATOR,42fd3fd5192cd82559b79a6adfdcdbf321ee96ab2925a30c3f3513e2aabdc3b6
fb41e48465364f10f432,SRC407,5,PAIR_A11FABE0801956468D55A233,CONTEXT_CONFLICT,520,520,source_section|asset_class|strategy|currency_scale,MERGE,"source_section blanked: the only headings this document prints are the in-table groupings, which the placement rule makes asset_class/strategy and never source_section; pages 2-7 and 11 print no heading above the table at all. asset_class and strategy take the printed group name without the portfolio percentage and without '(Continued)': B's form split one class into two on the continuation pages and carried a running-header marker into the data. subject_type 'fund': the row label names a vehicle (L.P./LP/LLC/SCSp/Limited Partnership), which the label-driven rule types fund, not investment. currency_scale '$': the symbol is printed once at the head of the Cost and Fair Value columns and governs every value beneath it.",RESOLVED,A+B+ADJUDICATOR,42fd3fd5192cd82559b79a6adfdcdbf321ee96ab2925a30c3f3513e2aabdc3b6
d3947c2e466430fb5e7a,SRC407,5,PAIR_8F755024D381ADEE97770F70,CONTEXT_CONFLICT,521,521,source_section|asset_class|strategy|currency_scale,MERGE,"source_section blanked: the only headings this document prints are the in-table groupings, which the placement rule makes asset_class/strategy and never source_section; pages 2-7 and 11 print no heading above the table at all. asset_class and strategy take the printed group name without the portfolio percentage and without '(Continued)': B's form split one class into two on the continuation pages and carried a running-header marker into the data. subject_type 'fund': the row label names a vehicle (L.P./LP/LLC/SCSp/Limited Partnership), which the label-driven rule types fund, not investment. currency_scale '$': the symbol is printed once at the head of the Cost and Fair Value columns and governs every value beneath it.; Source review: p5: Fair Value (Individual holdings, aggregate rows, and the hierarchy note have separate value scopes.) | p5: Fair Value (Printed heading or definition supporting the source-reviewed qualifier.)",RESOLVED,A+B+ADJUDICATOR,42fd3fd5192cd82559b79a6adfdcdbf321ee96ab2925a30c3f3513e2aabdc3b6
24518426101a2e89a3fd,SRC407,5,PAIR_486B3607D42CDA9D4FBC4201,CONTEXT_CONFLICT,522,522,source_section|asset_class|strategy|currency_scale,MERGE,"source_section blanked: the only headings this document prints are the in-table groupings, which the placement rule makes asset_class/strategy and never source_section; pages 2-7 and 11 print no heading above the table at all. asset_class and strategy take the printed group name without the portfolio percentage and without '(Continued)': B's form split one class into two on the continuation pages and carried a running-header marker into the data. subject_type 'fund': the row label names a vehicle (L.P./LP/LLC/SCSp/Limited Partnership), which the label-driven rule types fund, not investment. currency_scale '$': the symbol is printed once at the head of the Cost and Fair Value columns and governs every value beneath it.",RESOLVED,A+B+ADJUDICATOR,42fd3fd5192cd82559b79a6adfdcdbf321ee96ab2925a30c3f3513e2aabdc3b6
9b1c171138788d8c4bcf,SRC407,5,PAIR_97F6D09BD51ADA6788030C38,CONTEXT_CONFLICT,523,523,source_section|asset_class|strategy|currency_scale,MERGE,"source_section blanked: the only headings this document prints are the in-table groupings, which the placement rule makes asset_class/strategy and never source_section; pages 2-7 and 11 print no heading above the table at all. asset_class and strategy take the printed group name without the portfolio percentage and without '(Continued)': B's form split one class into two on the continuation pages and carried a running-header marker into the data. subject_type 'fund': the row label names a vehicle (L.P./LP/LLC/SCSp/Limited Partnership), which the label-driven rule types fund, not investment. currency_scale '$': the symbol is printed once at the head of the Cost and Fair Value columns and governs every value beneath it.; Source review: p5: Fair Value (Individual holdings, aggregate rows, and the hierarchy note have separate value scopes.) | p5: Fair Value (Printed heading or definition supporting the source-reviewed qualifier.)",RESOLVED,A+B+ADJUDICATOR,42fd3fd5192cd82559b79a6adfdcdbf321ee96ab2925a30c3f3513e2aabdc3b6
fd144c6cfb76d1ce8513,SRC407,5,PAIR_9EA338CCEE7D3B6E843F77D4,CONTEXT_CONFLICT,524,524,source_section|asset_class|strategy|currency_scale,MERGE,"source_section blanked: the only headings this document prints are the in-table groupings, which the placement rule makes asset_class/strategy and never source_section; pages 2-7 and 11 print no heading above the table at all. asset_class and strategy take the printed group name without the portfolio percentage and without '(Continued)': B's form split one class into two on the continuation pages and carried a running-header marker into the data. subject_type 'fund': the row label names a vehicle (L.P./LP/LLC/SCSp/Limited Partnership), which the label-driven rule types fund, not investment. currency_scale '$': the symbol is printed once at the head of the Cost and Fair Value columns and governs every value beneath it.",RESOLVED,A+B+ADJUDICATOR,42fd3fd5192cd82559b79a6adfdcdbf321ee96ab2925a30c3f3513e2aabdc3b6
ea99fe09a4a47ce8ccb0,SRC407,5,PAIR_C117E437E039B6F30C49A617,CONTEXT_CONFLICT,525,525,source_section|asset_class|strategy|currency_scale,MERGE,"source_section blanked: the only headings this document prints are the in-table groupings, which the placement rule makes asset_class/strategy and never source_section; pages 2-7 and 11 print no heading above the table at all. asset_class and strategy take the printed group name without the portfolio percentage and without '(Continued)': B's form split one class into two on the continuation pages and carried a running-header marker into the data. subject_type 'fund': the row label names a vehicle (L.P./LP/LLC/SCSp/Limited Partnership), which the label-driven rule types fund, not investment. currency_scale '$': the symbol is printed once at the head of the Cost and Fair Value columns and governs every value beneath it.; Source review: p5: Fair Value (Individual holdings, aggregate rows, and the hierarchy note have separate value scopes.) | p5: Fair Value (Printed heading or definition supporting the source-reviewed qualifier.)",RESOLVED,A+B+ADJUDICATOR,42fd3fd5192cd82559b79a6adfdcdbf321ee96ab2925a30c3f3513e2aabdc3b6
f7390589d9cdfb8283cb,SRC407,5,PAIR_379AEA001C372EAAD3515406,CONTEXT_CONFLICT,526,526,source_section|asset_class|strategy|currency_scale,MERGE,"source_section blanked: the only headings this document prints are the in-table groupings, which the placement rule makes asset_class/strategy and never source_section; pages 2-7 and 11 print no heading above the table at all. asset_class and strategy take the printed group name without the portfolio percentage and without '(Continued)': B's form split one class into two on the continuation pages and carried a running-header marker into the data. subject_type 'fund': the row label names a vehicle (L.P./LP/LLC/SCSp/Limited Partnership), which the label-driven rule types fund, not investment. currency_scale '$': the symbol is printed once at the head of the Cost and Fair Value columns and governs every value beneath it.",RESOLVED,A+B+ADJUDICATOR,42fd3fd5192cd82559b79a6adfdcdbf321ee96ab2925a30c3f3513e2aabdc3b6
acc35bf1f51652261f79,SRC407,5,PAIR_06FD824F38A992441E0C3D4E,CONTEXT_CONFLICT,527,527,source_section|asset_class|strategy|currency_scale,MERGE,"source_section blanked: the only headings this document prints are the in-table groupings, which the placement rule makes asset_class/strategy and never source_section; pages 2-7 and 11 print no heading above the table at all. asset_class and strategy take the printed group name without the portfolio percentage and without '(Continued)': B's form split one class into two on the continuation pages and carried a running-header marker into the data. subject_type 'fund': the row label names a vehicle (L.P./LP/LLC/SCSp/Limited Partnership), which the label-driven rule types fund, not investment. currency_scale '$': the symbol is printed once at the head of the Cost and Fair Value columns and governs every value beneath it.; Source review: p5: Fair Value (Individual holdings, aggregate rows, and the hierarchy note have separate value scopes.) | p5: Fair Value (Printed heading or definition supporting the source-reviewed qualifier.)",RESOLVED,A+B+ADJUDICATOR,42fd3fd5192cd82559b79a6adfdcdbf321ee96ab2925a30c3f3513e2aabdc3b6
1aed6f8a2cf70f98dd2f,SRC407,5,PAIR_B10B3A09B484160A811475A9,CONTEXT_CONFLICT,528,528,source_section|asset_class|strategy|currency_scale,MERGE,"source_section blanked: the only headings this document prints are the in-table groupings, which the placement rule makes asset_class/strategy and never source_section; pages 2-7 and 11 print no heading above the table at all. asset_class and strategy take the printed group name without the portfolio percentage and without '(Continued)': B's form split one class into two on the continuation pages and carried a running-header marker into the data. subject_type 'fund': the row label names a vehicle (L.P./LP/LLC/SCSp/Limited Partnership), which the label-driven rule types fund, not investment. currency_scale '$': the symbol is printed once at the head of the Cost and Fair Value columns and governs every value beneath it.",RESOLVED,A+B+ADJUDICATOR,42fd3fd5192cd82559b79a6adfdcdbf321ee96ab2925a30c3f3513e2aabdc3b6
eaed20af7a8786b38232,SRC407,5,PAIR_59406A848E35EC4395A25351,CONTEXT_CONFLICT,529,529,source_section|asset_class|strategy|currency_scale,MERGE,"source_section blanked: the only headings this document prints are the in-table groupings, which the placement rule makes asset_class/strategy and never source_section; pages 2-7 and 11 print no heading above the table at all. asset_class and strategy take the printed group name without the portfolio percentage and without '(Continued)': B's form split one class into two on the continuation pages and carried a running-header marker into the data. subject_type 'fund': the row label names a vehicle (L.P./LP/LLC/SCSp/Limited Partnership), which the label-driven rule types fund, not investment. currency_scale '$': the symbol is printed once at the head of the Cost and Fair Value columns and governs every value beneath it.; Source review: p5: Fair Value (Individual holdings, aggregate rows, and the hierarchy note have separate value scopes.) | p5: Fair Value (Printed heading or definition supporting the source-reviewed qualifier.)",RESOLVED,A+B+ADJUDICATOR,42fd3fd5192cd82559b79a6adfdcdbf321ee96ab2925a30c3f3513e2aabdc3b6
ca2eb63ce8e465e52a1b,SRC407,5,PAIR_FBB122873FB9505F991043EC,CONTEXT_CONFLICT,530,530,source_section|asset_class|strategy|currency_scale,MERGE,"source_section blanked: the only headings this document prints are the in-table groupings, which the placement rule makes asset_class/strategy and never source_section; pages 2-7 and 11 print no heading above the table at all. asset_class and strategy take the printed group name without the portfolio percentage and without '(Continued)': B's form split one class into two on the continuation pages and carried a running-header marker into the data. subject_type 'fund': the row label names a vehicle (L.P./LP/LLC/SCSp/Limited Partnership), which the label-driven rule types fund, not investment. currency_scale '$': the symbol is printed once at the head of the Cost and Fair Value columns and governs every value beneath it.",RESOLVED,A+B+ADJUDICATOR,42fd3fd5192cd82559b79a6adfdcdbf321ee96ab2925a30c3f3513e2aabdc3b6
b4580513c7e0f63a8e9d,SRC407,5,PAIR_D36DAB9B26938F32B529BDB8,CONTEXT_CONFLICT,531,531,source_section|asset_class|strategy|currency_scale,MERGE,"source_section blanked: the only headings this document prints are the in-table groupings, which the placement rule makes asset_class/strategy and never source_section; pages 2-7 and 11 print no heading above the table at all. asset_class and strategy take the printed group name without the portfolio percentage and without '(Continued)': B's form split one class into two on the continuation pages and carried a running-header marker into the data. subject_type 'fund': the row label names a vehicle (L.P./LP/LLC/SCSp/Limited Partnership), which the label-driven rule types fund, not investment. currency_scale '$': the symbol is printed once at the head of the Cost and Fair Value columns and governs every value beneath it.; Source review: p5: Fair Value (Individual holdings, aggregate rows, and the hierarchy note have separate value scopes.) | p5: Fair Value (Printed heading or definition supporting the source-reviewed qualifier.)",RESOLVED,A+B+ADJUDICATOR,42fd3fd5192cd82559b79a6adfdcdbf321ee96ab2925a30c3f3513e2aabdc3b6
c5422ef4fe6d4ac205ee,SRC407,5,PAIR_998A1031D84C5534959958A6,CONTEXT_CONFLICT,532,532,source_section|asset_class|strategy|currency_scale,MERGE,"source_section blanked: the only headings this document prints are the in-table groupings, which the placement rule makes asset_class/strategy and never source_section; pages 2-7 and 11 print no heading above the table at all. asset_class and strategy take the printed group name without the portfolio percentage and without '(Continued)': B's form split one class into two on the continuation pages and carried a running-header marker into the data. subject_type 'fund': the row label names a vehicle (L.P./LP/LLC/SCSp/Limited Partnership), which the label-driven rule types fund, not investment. currency_scale '$': the symbol is printed once at the head of the Cost and Fair Value columns and governs every value beneath it.",RESOLVED,A+B+ADJUDICATOR,42fd3fd5192cd82559b79a6adfdcdbf321ee96ab2925a30c3f3513e2aabdc3b6
f04aaa4bcfd5a16e3de8,SRC407,5,PAIR_01DB2BD15EB0537A07F96C0F,CONTEXT_CONFLICT,533,533,source_section|asset_class|strategy|currency_scale,MERGE,"source_section blanked: the only headings this document prints are the in-table groupings, which the placement rule makes asset_class/strategy and never source_section; pages 2-7 and 11 print no heading above the table at all. asset_class and strategy take the printed group name without the portfolio percentage and without '(Continued)': B's form split one class into two on the continuation pages and carried a running-header marker into the data. subject_type 'fund': the row label names a vehicle (L.P./LP/LLC/SCSp/Limited Partnership), which the label-driven rule types fund, not investment. currency_scale '$': the symbol is printed once at the head of the Cost and Fair Value columns and governs every value beneath it.; Source review: p5: Fair Value (Individual holdings, aggregate rows, and the hierarchy note have separate value scopes.) | p5: Fair Value (Printed heading or definition supporting the source-reviewed qualifier.)",RESOLVED,A+B+ADJUDICATOR,42fd3fd5192cd82559b79a6adfdcdbf321ee96ab2925a30c3f3513e2aabdc3b6
7ea77980657cde6a3fdc,SRC407,5,PAIR_2F73696742E4F3909C601D38,CONTEXT_CONFLICT,534,534,source_section|asset_class|strategy|currency_scale,MERGE,"source_section blanked: the only headings this document prints are the in-table groupings, which the placement rule makes asset_class/strategy and never source_section; pages 2-7 and 11 print no heading above the table at all. asset_class and strategy take the printed group name without the portfolio percentage and without '(Continued)': B's form split one class into two on the continuation pages and carried a running-header marker into the data. subject_type 'fund': the row label names a vehicle (L.P./LP/LLC/SCSp/Limited Partnership), which the label-driven rule types fund, not investment. currency_scale '$': the symbol is printed once at the head of the Cost and Fair Value columns and governs every value beneath it.; Source review: p5: Fair Value (Individual holdings, aggregate rows, and the hierarchy note have separate value scopes.) | p5: Fair Value (Printed heading or definition supporting the source-reviewed qualifier.)",RESOLVED,A+B+ADJUDICATOR,42fd3fd5192cd82559b79a6adfdcdbf321ee96ab2925a30c3f3513e2aabdc3b6
8e02600f03540f8a9d59,SRC407,5,PAIR_6E49C827B4EEA37B872AAE4C,CONTEXT_CONFLICT,535,535,source_section|asset_class|strategy|currency_scale,MERGE,"source_section blanked: the only headings this document prints are the in-table groupings, which the placement rule makes asset_class/strategy and never source_section; pages 2-7 and 11 print no heading above the table at all. asset_class and strategy take the printed group name without the portfolio percentage and without '(Continued)': B's form split one class into two on the continuation pages and carried a running-header marker into the data. subject_type 'fund': the row label names a vehicle (L.P./LP/LLC/SCSp/Limited Partnership), which the label-driven rule types fund, not investment. currency_scale '$': the symbol is printed once at the head of the Cost and Fair Value columns and governs every value beneath it.",RESOLVED,A+B+ADJUDICATOR,42fd3fd5192cd82559b79a6adfdcdbf321ee96ab2925a30c3f3513e2aabdc3b6
c16d73ab06645013efb8,SRC407,5,PAIR_099824193FA7E2A0F5178EC1,CONTEXT_CONFLICT,536,536,source_section|asset_class|strategy|currency_scale,MERGE,"source_section blanked: the only headings this document prints are the in-table groupings, which the placement rule makes asset_class/strategy and never source_section; pages 2-7 and 11 print no heading above the table at all. asset_class and strategy take the printed group name without the portfolio percentage and without '(Continued)': B's form split one class into two on the continuation pages and carried a running-header marker into the data. subject_type 'fund': the row label names a vehicle (L.P./LP/LLC/SCSp/Limited Partnership), which the label-driven rule types fund, not investment. currency_scale '$': the symbol is printed once at the head of the Cost and Fair Value columns and governs every value beneath it.; Source review: p5: Fair Value (Individual holdings, aggregate rows, and the hierarchy note have separate value scopes.) | p5: Fair Value (Printed heading or definition supporting the source-reviewed qualifier.)",RESOLVED,A+B+ADJUDICATOR,42fd3fd5192cd82559b79a6adfdcdbf321ee96ab2925a30c3f3513e2aabdc3b6
b26d9e900a4f1470435b,SRC407,5,PAIR_5A633D305B5A428998670148,CONTEXT_CONFLICT,537,537,source_section|asset_class|strategy|currency_scale,MERGE,"source_section blanked: the only headings this document prints are the in-table groupings, which the placement rule makes asset_class/strategy and never source_section; pages 2-7 and 11 print no heading above the table at all. asset_class and strategy take the printed group name without the portfolio percentage and without '(Continued)': B's form split one class into two on the continuation pages and carried a running-header marker into the data. subject_type 'fund': the row label names a vehicle (L.P./LP/LLC/SCSp/Limited Partnership), which the label-driven rule types fund, not investment. currency_scale '$': the symbol is printed once at the head of the Cost and Fair Value columns and governs every value beneath it.",RESOLVED,A+B+ADJUDICATOR,42fd3fd5192cd82559b79a6adfdcdbf321ee96ab2925a30c3f3513e2aabdc3b6
306c695ea2dd50d06385,SRC407,5,PAIR_6E3677D1F83367A80EC89536,CONTEXT_CONFLICT,538,538,source_section|asset_class|strategy|currency_scale,MERGE,"source_section blanked: the only headings this document prints are the in-table groupings, which the placement rule makes asset_class/strategy and never source_section; pages 2-7 and 11 print no heading above the table at all. asset_class and strategy take the printed group name without the portfolio percentage and without '(Continued)': B's form split one class into two on the continuation pages and carried a running-header marker into the data. subject_type 'fund': the row label names a vehicle (L.P./LP/LLC/SCSp/Limited Partnership), which the label-driven rule types fund, not investment. currency_scale '$': the symbol is printed once at the head of the Cost and Fair Value columns and governs every value beneath it.",RESOLVED,A+B+ADJUDICATOR,42fd3fd5192cd82559b79a6adfdcdbf321ee96ab2925a30c3f3513e2aabdc3b6
9427e5b1d1508c576490,SRC407,5,PAIR_6B8ECA01D9D70685F552BEEC,CONTEXT_CONFLICT,539,539,source_section|asset_class|strategy|currency_scale,MERGE,"source_section blanked: the only headings this document prints are the in-table groupings, which the placement rule makes asset_class/strategy and never source_section; pages 2-7 and 11 print no heading above the table at all. asset_class and strategy take the printed group name without the portfolio percentage and without '(Continued)': B's form split one class into two on the continuation pages and carried a running-header marker into the data. subject_type 'fund': the row label names a vehicle (L.P./LP/LLC/SCSp/Limited Partnership), which the label-driven rule types fund, not investment. currency_scale '$': the symbol is printed once at the head of the Cost and Fair Value columns and governs every value beneath it.; Source review: p5: Fair Value (Individual holdings, aggregate rows, and the hierarchy note have separate value scopes.) | p5: Fair Value (Printed heading or definition supporting the source-reviewed qualifier.)",RESOLVED,A+B+ADJUDICATOR,42fd3fd5192cd82559b79a6adfdcdbf321ee96ab2925a30c3f3513e2aabdc3b6
ebc3f560f7513117b3bc,SRC407,5,PAIR_6B8CFE09FB944D0C25865436,CONTEXT_CONFLICT,540,540,source_section|asset_class|strategy|currency_scale,MERGE,"source_section blanked: the only headings this document prints are the in-table groupings, which the placement rule makes asset_class/strategy and never source_section; pages 2-7 and 11 print no heading above the table at all. asset_class and strategy take the printed group name without the portfolio percentage and without '(Continued)': B's form split one class into two on the continuation pages and carried a running-header marker into the data. subject_type 'fund': the row label names a vehicle (L.P./LP/LLC/SCSp/Limited Partnership), which the label-driven rule types fund, not investment. currency_scale '$': the symbol is printed once at the head of the Cost and Fair Value columns and governs every value beneath it.",RESOLVED,A+B+ADJUDICATOR,42fd3fd5192cd82559b79a6adfdcdbf321ee96ab2925a30c3f3513e2aabdc3b6
98a702977c9bf60bf4a0,SRC407,5,PAIR_E509BDF58155FB4EC15C7441,CONTEXT_CONFLICT,541,541,source_section|asset_class|strategy|currency_scale,MERGE,"source_section blanked: the only headings this document prints are the in-table groupings, which the placement rule makes asset_class/strategy and never source_section; pages 2-7 and 11 print no heading above the table at all. asset_class and strategy take the printed group name without the portfolio percentage and without '(Continued)': B's form split one class into two on the continuation pages and carried a running-header marker into the data. subject_type 'fund': the row label names a vehicle (L.P./LP/LLC/SCSp/Limited Partnership), which the label-driven rule types fund, not investment. currency_scale '$': the symbol is printed once at the head of the Cost and Fair Value columns and governs every value beneath it.; Source review: p5: Fair Value (Individual holdings, aggregate rows, and the hierarchy note have separate value scopes.) | p5: Fair Value (Printed heading or definition supporting the source-reviewed qualifier.)",RESOLVED,A+B+ADJUDICATOR,42fd3fd5192cd82559b79a6adfdcdbf321ee96ab2925a30c3f3513e2aabdc3b6
11917a8d99ecb4626389,SRC407,5,PAIR_52233BD054FA29AE19ACB928,CONTEXT_CONFLICT,542,542,source_section|asset_class|strategy|currency_scale,MERGE,"source_section blanked: the only headings this document prints are the in-table groupings, which the placement rule makes asset_class/strategy and never source_section; pages 2-7 and 11 print no heading above the table at all. asset_class and strategy take the printed group name without the portfolio percentage and without '(Continued)': B's form split one class into two on the continuation pages and carried a running-header marker into the data. subject_type 'fund': the row label names a vehicle (L.P./LP/LLC/SCSp/Limited Partnership), which the label-driven rule types fund, not investment. currency_scale '$': the symbol is printed once at the head of the Cost and Fair Value columns and governs every value beneath it.",RESOLVED,A+B+ADJUDICATOR,42fd3fd5192cd82559b79a6adfdcdbf321ee96ab2925a30c3f3513e2aabdc3b6
ac9398d0f5b72a0a7978,SRC407,5,PAIR_072C5B61A7404138B90652CB,CONTEXT_CONFLICT,543,543,source_section|asset_class|strategy|currency_scale,MERGE,"source_section blanked: the only headings this document prints are the in-table groupings, which the placement rule makes asset_class/strategy and never source_section; pages 2-7 and 11 print no heading above the table at all. asset_class and strategy take the printed group name without the portfolio percentage and without '(Continued)': B's form split one class into two on the continuation pages and carried a running-header marker into the data. subject_type 'fund': the row label names a vehicle (L.P./LP/LLC/SCSp/Limited Partnership), which the label-driven rule types fund, not investment. currency_scale '$': the symbol is printed once at the head of the Cost and Fair Value columns and governs every value beneath it.; Source review: p5: Fair Value (Individual holdings, aggregate rows, and the hierarchy note have separate value scopes.) | p5: Fair Value (Printed heading or definition supporting the source-reviewed qualifier.)",RESOLVED,A+B+ADJUDICATOR,42fd3fd5192cd82559b79a6adfdcdbf321ee96ab2925a30c3f3513e2aabdc3b6
b4e01e4f79408b7133b3,SRC407,5,PAIR_68D8749B35873FE2D921569D,CONTEXT_CONFLICT,544,544,source_section|asset_class|strategy|currency_scale,MERGE,"source_section blanked: the only headings this document prints are the in-table groupings, which the placement rule makes asset_class/strategy and never source_section; pages 2-7 and 11 print no heading above the table at all. asset_class and strategy take the printed group name without the portfolio percentage and without '(Continued)': B's form split one class into two on the continuation pages and carried a running-header marker into the data. subject_type 'fund': the row label names a vehicle (L.P./LP/LLC/SCSp/Limited Partnership), which the label-driven rule types fund, not investment. currency_scale '$': the symbol is printed once at the head of the Cost and Fair Value columns and governs every value beneath it.",RESOLVED,A+B+ADJUDICATOR,42fd3fd5192cd82559b79a6adfdcdbf321ee96ab2925a30c3f3513e2aabdc3b6
e57a392e40f53aaf3563,SRC407,5,PAIR_95B067E1D9E3C25CBF125538,CONTEXT_CONFLICT,545,545,source_section|asset_class|strategy|currency_scale,MERGE,"source_section blanked: the only headings this document prints are the in-table groupings, which the placement rule makes asset_class/strategy and never source_section; pages 2-7 and 11 print no heading above the table at all. asset_class and strategy take the printed group name without the portfolio percentage and without '(Continued)': B's form split one class into two on the continuation pages and carried a running-header marker into the data. subject_type 'fund': the row label names a vehicle (L.P./LP/LLC/SCSp/Limited Partnership), which the label-driven rule types fund, not investment. currency_scale '$': the symbol is printed once at the head of the Cost and Fair Value columns and governs every value beneath it.; Source review: p5: Fair Value (Individual holdings, aggregate rows, and the hierarchy note have separate value scopes.) | p5: Fair Value (Printed heading or definition supporting the source-reviewed qualifier.)",RESOLVED,A+B+ADJUDICATOR,42fd3fd5192cd82559b79a6adfdcdbf321ee96ab2925a30c3f3513e2aabdc3b6
1cb0ec5a318e1abe816d,SRC407,5,PAIR_DEBE716F58E83BC88B9629E1,CONTEXT_CONFLICT,546,546,source_section|asset_class|strategy|currency_scale,MERGE,"source_section blanked: the only headings this document prints are the in-table groupings, which the placement rule makes asset_class/strategy and never source_section; pages 2-7 and 11 print no heading above the table at all. asset_class and strategy take the printed group name without the portfolio percentage and without '(Continued)': B's form split one class into two on the continuation pages and carried a running-header marker into the data. subject_type 'fund': the row label names a vehicle (L.P./LP/LLC/SCSp/Limited Partnership), which the label-driven rule types fund, not investment. currency_scale '$': the symbol is printed once at the head of the Cost and Fair Value columns and governs every value beneath it.",RESOLVED,A+B+ADJUDICATOR,42fd3fd5192cd82559b79a6adfdcdbf321ee96ab2925a30c3f3513e2aabdc3b6
e57986fc038edcdb2b3e,SRC407,5,PAIR_082EDA1EA82D8D5D4EF03F53,CONTEXT_CONFLICT,547,547,source_section|asset_class|strategy|currency_scale,MERGE,"source_section blanked: the only headings this document prints are the in-table groupings, which the placement rule makes asset_class/strategy and never source_section; pages 2-7 and 11 print no heading above the table at all. asset_class and strategy take the printed group name without the portfolio percentage and without '(Continued)': B's form split one class into two on the continuation pages and carried a running-header marker into the data. subject_type 'fund': the row label names a vehicle (L.P./LP/LLC/SCSp/Limited Partnership), which the label-driven rule types fund, not investment. currency_scale '$': the symbol is printed once at the head of the Cost and Fair Value columns and governs every value beneath it.; Source review: p5: Fair Value (Individual holdings, aggregate rows, and the hierarchy note have separate value scopes.) | p5: Fair Value (Printed heading or definition supporting the source-reviewed qualifier.)",RESOLVED,A+B+ADJUDICATOR,42fd3fd5192cd82559b79a6adfdcdbf321ee96ab2925a30c3f3513e2aabdc3b6
dd19bcd2448103de5800,SRC407,5,PAIR_D8FF6186A747EDBA31415D14,CONTEXT_CONFLICT,548,548,source_section|asset_class|strategy|currency_scale,MERGE,"source_section blanked: the only headings this document prints are the in-table groupings, which the placement rule makes asset_class/strategy and never source_section; pages 2-7 and 11 print no heading above the table at all. asset_class and strategy take the printed group name without the portfolio percentage and without '(Continued)': B's form split one class into two on the continuation pages and carried a running-header marker into the data. subject_type 'fund': the row label names a vehicle (L.P./LP/LLC/SCSp/Limited Partnership), which the label-driven rule types fund, not investment. currency_scale '$': the symbol is printed once at the head of the Cost and Fair Value columns and governs every value beneath it.",RESOLVED,A+B+ADJUDICATOR,42fd3fd5192cd82559b79a6adfdcdbf321ee96ab2925a30c3f3513e2aabdc3b6
578e304cac849d979b8d,SRC407,5,PAIR_659088AE59D3FB170CD9ED09,CONTEXT_CONFLICT,549,549,source_section|asset_class|strategy|currency_scale,MERGE,"source_section blanked: the only headings this document prints are the in-table groupings, which the placement rule makes asset_class/strategy and never source_section; pages 2-7 and 11 print no heading above the table at all. asset_class and strategy take the printed group name without the portfolio percentage and without '(Continued)': B's form split one class into two on the continuation pages and carried a running-header marker into the data. subject_type 'fund': the row label names a vehicle (L.P./LP/LLC/SCSp/Limited Partnership), which the label-driven rule types fund, not investment. currency_scale '$': the symbol is printed once at the head of the Cost and Fair Value columns and governs every value beneath it.; Source review: p5: Fair Value (Individual holdings, aggregate rows, and the hierarchy note have separate value scopes.) | p5: Fair Value (Printed heading or definition supporting the source-reviewed qualifier.)",RESOLVED,A+B+ADJUDICATOR,42fd3fd5192cd82559b79a6adfdcdbf321ee96ab2925a30c3f3513e2aabdc3b6
0327856d6f515ce7d372,SRC407,5,PAIR_424355974815E78AEE6F979C,CONTEXT_CONFLICT,550,550,source_section|asset_class|strategy|currency_scale,MERGE,"source_section blanked: the only headings this document prints are the in-table groupings, which the placement rule makes asset_class/strategy and never source_section; pages 2-7 and 11 print no heading above the table at all. asset_class and strategy take the printed group name without the portfolio percentage and without '(Continued)': B's form split one class into two on the continuation pages and carried a running-header marker into the data. subject_type 'fund': the row label names a vehicle (L.P./LP/LLC/SCSp/Limited Partnership), which the label-driven rule types fund, not investment. currency_scale '$': the symbol is printed once at the head of the Cost and Fair Value columns and governs every value beneath it.; Source review: p5: Fair Value (Individual holdings, aggregate rows, and the hierarchy note have separate value scopes.) | p5: Fair Value (Printed heading or definition supporting the source-reviewed qualifier.)",RESOLVED,A+B+ADJUDICATOR,42fd3fd5192cd82559b79a6adfdcdbf321ee96ab2925a30c3f3513e2aabdc3b6
b81a2f1716cb985848a0,SRC407,5,PAIR_BA31914AF8954DE81BE7B5AC,CONTEXT_CONFLICT,551,551,source_section|asset_class|strategy|currency_scale,MERGE,"source_section blanked: the only headings this document prints are the in-table groupings, which the placement rule makes asset_class/strategy and never source_section; pages 2-7 and 11 print no heading above the table at all. asset_class and strategy take the printed group name without the portfolio percentage and without '(Continued)': B's form split one class into two on the continuation pages and carried a running-header marker into the data. subject_type 'fund': the row label names a vehicle (L.P./LP/LLC/SCSp/Limited Partnership), which the label-driven rule types fund, not investment. currency_scale '$': the symbol is printed once at the head of the Cost and Fair Value columns and governs every value beneath it.",RESOLVED,A+B+ADJUDICATOR,42fd3fd5192cd82559b79a6adfdcdbf321ee96ab2925a30c3f3513e2aabdc3b6
34bc4cee5673988c769e,SRC407,5,PAIR_A034FEFB1E71E0D7FFAC8E96,CONTEXT_CONFLICT,552,552,source_section|asset_class|strategy|currency_scale,MERGE,"source_section blanked: the only headings this document prints are the in-table groupings, which the placement rule makes asset_class/strategy and never source_section; pages 2-7 and 11 print no heading above the table at all. asset_class and strategy take the printed group name without the portfolio percentage and without '(Continued)': B's form split one class into two on the continuation pages and carried a running-header marker into the data. subject_type 'fund': the row label names a vehicle (L.P./LP/LLC/SCSp/Limited Partnership), which the label-driven rule types fund, not investment. currency_scale '$': the symbol is printed once at the head of the Cost and Fair Value columns and governs every value beneath it.; Source review: p5: Fair Value (Individual holdings, aggregate rows, and the hierarchy note have separate value scopes.) | p5: Fair Value (Printed heading or definition supporting the source-reviewed qualifier.)",RESOLVED,A+B+ADJUDICATOR,42fd3fd5192cd82559b79a6adfdcdbf321ee96ab2925a30c3f3513e2aabdc3b6
88b9bacbe85665f7a2c9,SRC407,5,PAIR_27200A71E348849A10810900,CONTEXT_CONFLICT,553,553,source_section|asset_class|strategy|currency_scale,MERGE,"source_section blanked: the only headings this document prints are the in-table groupings, which the placement rule makes asset_class/strategy and never source_section; pages 2-7 and 11 print no heading above the table at all. asset_class and strategy take the printed group name without the portfolio percentage and without '(Continued)': B's form split one class into two on the continuation pages and carried a running-header marker into the data. subject_type 'fund': the row label names a vehicle (L.P./LP/LLC/SCSp/Limited Partnership), which the label-driven rule types fund, not investment. currency_scale '$': the symbol is printed once at the head of the Cost and Fair Value columns and governs every value beneath it.",RESOLVED,A+B+ADJUDICATOR,42fd3fd5192cd82559b79a6adfdcdbf321ee96ab2925a30c3f3513e2aabdc3b6
510c14c1a162acb87598,SRC407,5,PAIR_1FB99427B749560E32E9C5B6,CONTEXT_CONFLICT,554,554,source_section|asset_class|strategy|currency_scale,MERGE,"source_section blanked: the only headings this document prints are the in-table groupings, which the placement rule makes asset_class/strategy and never source_section; pages 2-7 and 11 print no heading above the table at all. asset_class and strategy take the printed group name without the portfolio percentage and without '(Continued)': B's form split one class into two on the continuation pages and carried a running-header marker into the data. subject_type 'fund': the row label names a vehicle (L.P./LP/LLC/SCSp/Limited Partnership), which the label-driven rule types fund, not investment. currency_scale '$': the symbol is printed once at the head of the Cost and Fair Value columns and governs every value beneath it.; Source review: p5: Fair Value (Individual holdings, aggregate rows, and the hierarchy note have separate value scopes.) | p5: Fair Value (Printed heading or definition supporting the source-reviewed qualifier.)",RESOLVED,A+B+ADJUDICATOR,42fd3fd5192cd82559b79a6adfdcdbf321ee96ab2925a30c3f3513e2aabdc3b6
be3a0277bc2499badbe4,SRC407,5,PAIR_72B783692B9493C7FE8AA2BD,CONTEXT_CONFLICT,555,555,source_section|asset_class|strategy|currency_scale,MERGE,"source_section blanked: the only headings this document prints are the in-table groupings, which the placement rule makes asset_class/strategy and never source_section; pages 2-7 and 11 print no heading above the table at all. asset_class and strategy take the printed group name without the portfolio percentage and without '(Continued)': B's form split one class into two on the continuation pages and carried a running-header marker into the data. subject_type 'fund': the row label names a vehicle (L.P./LP/LLC/SCSp/Limited Partnership), which the label-driven rule types fund, not investment. currency_scale '$': the symbol is printed once at the head of the Cost and Fair Value columns and governs every value beneath it.",RESOLVED,A+B+ADJUDICATOR,42fd3fd5192cd82559b79a6adfdcdbf321ee96ab2925a30c3f3513e2aabdc3b6
2f29d469666f3cbc99c1,SRC407,5,PAIR_34485B553F279002C23E30F9,CONTEXT_CONFLICT,556,556,source_section|asset_class|strategy|currency_scale,MERGE,"source_section blanked: the only headings this document prints are the in-table groupings, which the placement rule makes asset_class/strategy and never source_section; pages 2-7 and 11 print no heading above the table at all. asset_class and strategy take the printed group name without the portfolio percentage and without '(Continued)': B's form split one class into two on the continuation pages and carried a running-header marker into the data. subject_type 'fund': the row label names a vehicle (L.P./LP/LLC/SCSp/Limited Partnership), which the label-driven rule types fund, not investment. currency_scale '$': the symbol is printed once at the head of the Cost and Fair Value columns and governs every value beneath it.; Source review: p5: Fair Value (Individual holdings, aggregate rows, and the hierarchy note have separate value scopes.) | p5: Fair Value (Printed heading or definition supporting the source-reviewed qualifier.)",RESOLVED,A+B+ADJUDICATOR,42fd3fd5192cd82559b79a6adfdcdbf321ee96ab2925a30c3f3513e2aabdc3b6
52f6497fc2c9d155ed7b,SRC407,5,PAIR_5C671419BD445A82246BE0A1,CONTEXT_CONFLICT,557,557,source_section|asset_class|strategy|currency_scale,MERGE,"source_section blanked: the only headings this document prints are the in-table groupings, which the placement rule makes asset_class/strategy and never source_section; pages 2-7 and 11 print no heading above the table at all. asset_class and strategy take the printed group name without the portfolio percentage and without '(Continued)': B's form split one class into two on the continuation pages and carried a running-header marker into the data. subject_type 'fund': the row label names a vehicle (L.P./LP/LLC/SCSp/Limited Partnership), which the label-driven rule types fund, not investment. currency_scale '$': the symbol is printed once at the head of the Cost and Fair Value columns and governs every value beneath it.",RESOLVED,A+B+ADJUDICATOR,42fd3fd5192cd82559b79a6adfdcdbf321ee96ab2925a30c3f3513e2aabdc3b6
1a826c349825988aacd3,SRC407,5,PAIR_36565567A66221AA00ED63EF,CONTEXT_CONFLICT,558,558,source_section|asset_class|strategy|currency_scale,MERGE,"source_section blanked: the only headings this document prints are the in-table groupings, which the placement rule makes asset_class/strategy and never source_section; pages 2-7 and 11 print no heading above the table at all. asset_class and strategy take the printed group name without the portfolio percentage and without '(Continued)': B's form split one class into two on the continuation pages and carried a running-header marker into the data. subject_type 'fund': the row label names a vehicle (L.P./LP/LLC/SCSp/Limited Partnership), which the label-driven rule types fund, not investment. currency_scale '$': the symbol is printed once at the head of the Cost and Fair Value columns and governs every value beneath it.; Source review: p5: Fair Value (Individual holdings, aggregate rows, and the hierarchy note have separate value scopes.) | p5: Fair Value (Printed heading or definition supporting the source-reviewed qualifier.)",RESOLVED,A+B+ADJUDICATOR,42fd3fd5192cd82559b79a6adfdcdbf321ee96ab2925a30c3f3513e2aabdc3b6
06d00a75a97d9ae407fb,SRC407,5,PAIR_900F4C576C21A01AC3A3105E,CONTEXT_CONFLICT,559,559,source_section|asset_class|strategy|currency_scale,MERGE,"source_section blanked: the only headings this document prints are the in-table groupings, which the placement rule makes asset_class/strategy and never source_section; pages 2-7 and 11 print no heading above the table at all. asset_class and strategy take the printed group name without the portfolio percentage and without '(Continued)': B's form split one class into two on the continuation pages and carried a running-header marker into the data. subject_type 'fund': the row label names a vehicle (L.P./LP/LLC/SCSp/Limited Partnership), which the label-driven rule types fund, not investment. currency_scale '$': the symbol is printed once at the head of the Cost and Fair Value columns and governs every value beneath it.",RESOLVED,A+B+ADJUDICATOR,42fd3fd5192cd82559b79a6adfdcdbf321ee96ab2925a30c3f3513e2aabdc3b6
98d2e6e2c85778360e09,SRC407,5,PAIR_A0B3833BCBD7B917689B6A54,CONTEXT_CONFLICT,560,560,source_section|asset_class|strategy|currency_scale,MERGE,"source_section blanked: the only headings this document prints are the in-table groupings, which the placement rule makes asset_class/strategy and never source_section; pages 2-7 and 11 print no heading above the table at all. asset_class and strategy take the printed group name without the portfolio percentage and without '(Continued)': B's form split one class into two on the continuation pages and carried a running-header marker into the data. subject_type 'fund': the row label names a vehicle (L.P./LP/LLC/SCSp/Limited Partnership), which the label-driven rule types fund, not investment. currency_scale '$': the symbol is printed once at the head of the Cost and Fair Value columns and governs every value beneath it.; Source review: p5: Fair Value (Individual holdings, aggregate rows, and the hierarchy note have separate value scopes.) | p5: Fair Value (Printed heading or definition supporting the source-reviewed qualifier.)",RESOLVED,A+B+ADJUDICATOR,42fd3fd5192cd82559b79a6adfdcdbf321ee96ab2925a30c3f3513e2aabdc3b6
48888dbc774a1a8df150,SRC407,5,PAIR_63DB7B0D68B628F6D7472D86,CONTEXT_CONFLICT,561,561,source_section|asset_class|strategy|currency_scale,MERGE,"source_section blanked: the only headings this document prints are the in-table groupings, which the placement rule makes asset_class/strategy and never source_section; pages 2-7 and 11 print no heading above the table at all. asset_class and strategy take the printed group name without the portfolio percentage and without '(Continued)': B's form split one class into two on the continuation pages and carried a running-header marker into the data. subject_type 'fund': the row label names a vehicle (L.P./LP/LLC/SCSp/Limited Partnership), which the label-driven rule types fund, not investment. currency_scale '$': the symbol is printed once at the head of the Cost and Fair Value columns and governs every value beneath it.",RESOLVED,A+B+ADJUDICATOR,42fd3fd5192cd82559b79a6adfdcdbf321ee96ab2925a30c3f3513e2aabdc3b6
62e396f9ba7ade754ee3,SRC407,5,PAIR_9C0106DDD464CB91C8364FB5,CONTEXT_CONFLICT,562,562,source_section|asset_class|strategy|currency_scale,MERGE,"source_section blanked: the only headings this document prints are the in-table groupings, which the placement rule makes asset_class/strategy and never source_section; pages 2-7 and 11 print no heading above the table at all. asset_class and strategy take the printed group name without the portfolio percentage and without '(Continued)': B's form split one class into two on the continuation pages and carried a running-header marker into the data. subject_type 'fund': the row label names a vehicle (L.P./LP/LLC/SCSp/Limited Partnership), which the label-driven rule types fund, not investment. currency_scale '$': the symbol is printed once at the head of the Cost and Fair Value columns and governs every value beneath it.; Source review: p5: Fair Value (Individual holdings, aggregate rows, and the hierarchy note have separate value scopes.) | p5: Fair Value (Printed heading or definition supporting the source-reviewed qualifier.)",RESOLVED,A+B+ADJUDICATOR,42fd3fd5192cd82559b79a6adfdcdbf321ee96ab2925a30c3f3513e2aabdc3b6
105e5c535f9b9979e4c4,SRC407,5,PAIR_1B6A2751237045A6D51E3130,CONTEXT_CONFLICT,563,563,source_section|asset_class|strategy|currency_scale,MERGE,"source_section blanked: the only headings this document prints are the in-table groupings, which the placement rule makes asset_class/strategy and never source_section; pages 2-7 and 11 print no heading above the table at all. asset_class and strategy take the printed group name without the portfolio percentage and without '(Continued)': B's form split one class into two on the continuation pages and carried a running-header marker into the data. subject_type 'fund': the row label names a vehicle (L.P./LP/LLC/SCSp/Limited Partnership), which the label-driven rule types fund, not investment. currency_scale '$': the symbol is printed once at the head of the Cost and Fair Value columns and governs every value beneath it.",RESOLVED,A+B+ADJUDICATOR,42fd3fd5192cd82559b79a6adfdcdbf321ee96ab2925a30c3f3513e2aabdc3b6
437f9cdf2e4da91db188,SRC407,5,PAIR_D231B793EB0081080C85840E,CONTEXT_CONFLICT,564,564,source_section|asset_class|strategy|currency_scale,MERGE,"source_section blanked: the only headings this document prints are the in-table groupings, which the placement rule makes asset_class/strategy and never source_section; pages 2-7 and 11 print no heading above the table at all. asset_class and strategy take the printed group name without the portfolio percentage and without '(Continued)': B's form split one class into two on the continuation pages and carried a running-header marker into the data. subject_type 'fund': the row label names a vehicle (L.P./LP/LLC/SCSp/Limited Partnership), which the label-driven rule types fund, not investment. currency_scale '$': the symbol is printed once at the head of the Cost and Fair Value columns and governs every value beneath it.; Source review: p5: Fair Value (Individual holdings, aggregate rows, and the hierarchy note have separate value scopes.) | p5: Fair Value (Printed heading or definition supporting the source-reviewed qualifier.)",RESOLVED,A+B+ADJUDICATOR,42fd3fd5192cd82559b79a6adfdcdbf321ee96ab2925a30c3f3513e2aabdc3b6
55eb7753a3f1688d1e23,SRC407,5,PAIR_57A64A69DF42369A4339B255,CONTEXT_CONFLICT,565,565,source_section|asset_class|strategy|currency_scale,MERGE,"source_section blanked: the only headings this document prints are the in-table groupings, which the placement rule makes asset_class/strategy and never source_section; pages 2-7 and 11 print no heading above the table at all. asset_class and strategy take the printed group name without the portfolio percentage and without '(Continued)': B's form split one class into two on the continuation pages and carried a running-header marker into the data. subject_type 'fund': the row label names a vehicle (L.P./LP/LLC/SCSp/Limited Partnership), which the label-driven rule types fund, not investment. currency_scale '$': the symbol is printed once at the head of the Cost and Fair Value columns and governs every value beneath it.",RESOLVED,A+B+ADJUDICATOR,42fd3fd5192cd82559b79a6adfdcdbf321ee96ab2925a30c3f3513e2aabdc3b6
56557a933972429ed809,SRC407,5,PAIR_FCDB113FD796756DEA5881D8,CONTEXT_CONFLICT,566,566,source_section|asset_class|strategy|currency_scale,MERGE,"source_section blanked: the only headings this document prints are the in-table groupings, which the placement rule makes asset_class/strategy and never source_section; pages 2-7 and 11 print no heading above the table at all. asset_class and strategy take the printed group name without the portfolio percentage and without '(Continued)': B's form split one class into two on the continuation pages and carried a running-header marker into the data. subject_type 'fund': the row label names a vehicle (L.P./LP/LLC/SCSp/Limited Partnership), which the label-driven rule types fund, not investment. currency_scale '$': the symbol is printed once at the head of the Cost and Fair Value columns and governs every value beneath it.; Source review: p5: Fair Value (Individual holdings, aggregate rows, and the hierarchy note have separate value scopes.) | p5: Fair Value (Printed heading or definition supporting the source-reviewed qualifier.)",RESOLVED,A+B+ADJUDICATOR,42fd3fd5192cd82559b79a6adfdcdbf321ee96ab2925a30c3f3513e2aabdc3b6
cd57602f8d4221d46773,SRC407,5,PAIR_9765652C4DC5F1D55EF9B342,CONTEXT_CONFLICT,567,567,source_section|asset_class|strategy|currency_scale,MERGE,"source_section blanked: the only headings this document prints are the in-table groupings, which the placement rule makes asset_class/strategy and never source_section; pages 2-7 and 11 print no heading above the table at all. asset_class and strategy take the printed group name without the portfolio percentage and without '(Continued)': B's form split one class into two on the continuation pages and carried a running-header marker into the data. subject_type 'fund': the row label names a vehicle (L.P./LP/LLC/SCSp/Limited Partnership), which the label-driven rule types fund, not investment. currency_scale '$': the symbol is printed once at the head of the Cost and Fair Value columns and governs every value beneath it.",RESOLVED,A+B+ADJUDICATOR,42fd3fd5192cd82559b79a6adfdcdbf321ee96ab2925a30c3f3513e2aabdc3b6
2496bdc24944830de532,SRC407,5,PAIR_D06D98F33F186D841532B39A,CONTEXT_CONFLICT,568,568,source_section|asset_class|strategy|currency_scale,MERGE,"source_section blanked: the only headings this document prints are the in-table groupings, which the placement rule makes asset_class/strategy and never source_section; pages 2-7 and 11 print no heading above the table at all. asset_class and strategy take the printed group name without the portfolio percentage and without '(Continued)': B's form split one class into two on the continuation pages and carried a running-header marker into the data. subject_type 'fund': the row label names a vehicle (L.P./LP/LLC/SCSp/Limited Partnership), which the label-driven rule types fund, not investment. currency_scale '$': the symbol is printed once at the head of the Cost and Fair Value columns and governs every value beneath it.; Source review: p5: Fair Value (Individual holdings, aggregate rows, and the hierarchy note have separate value scopes.) | p5: Fair Value (Printed heading or definition supporting the source-reviewed qualifier.)",RESOLVED,A+B+ADJUDICATOR,42fd3fd5192cd82559b79a6adfdcdbf321ee96ab2925a30c3f3513e2aabdc3b6
1e9fd2668039d5049dfa,SRC407,5,PAIR_3870895BFE284D287210686A,CONTEXT_CONFLICT,569,569,source_section|asset_class|strategy|currency_scale,MERGE,"source_section blanked: the only headings this document prints are the in-table groupings, which the placement rule makes asset_class/strategy and never source_section; pages 2-7 and 11 print no heading above the table at all. asset_class and strategy take the printed group name without the portfolio percentage and without '(Continued)': B's form split one class into two on the continuation pages and carried a running-header marker into the data. subject_type 'fund': the row label names a vehicle (L.P./LP/LLC/SCSp/Limited Partnership), which the label-driven rule types fund, not investment. currency_scale '$': the symbol is printed once at the head of the Cost and Fair Value columns and governs every value beneath it.",RESOLVED,A+B+ADJUDICATOR,42fd3fd5192cd82559b79a6adfdcdbf321ee96ab2925a30c3f3513e2aabdc3b6
30c143b798cbcf1630e9,SRC407,5,PAIR_C967831FD01EABF4E0295429,CONTEXT_CONFLICT,570,570,source_section|asset_class|strategy|currency_scale,MERGE,"source_section blanked: the only headings this document prints are the in-table groupings, which the placement rule makes asset_class/strategy and never source_section; pages 2-7 and 11 print no heading above the table at all. asset_class and strategy take the printed group name without the portfolio percentage and without '(Continued)': B's form split one class into two on the continuation pages and carried a running-header marker into the data. subject_type 'fund': the row label names a vehicle (L.P./LP/LLC/SCSp/Limited Partnership), which the label-driven rule types fund, not investment. currency_scale '$': the symbol is printed once at the head of the Cost and Fair Value columns and governs every value beneath it.; Source review: p5: Fair Value (Individual holdings, aggregate rows, and the hierarchy note have separate value scopes.) | p5: Fair Value (Printed heading or definition supporting the source-reviewed qualifier.)",RESOLVED,A+B+ADJUDICATOR,42fd3fd5192cd82559b79a6adfdcdbf321ee96ab2925a30c3f3513e2aabdc3b6
a444967a1307233bd6c3,SRC407,5,PAIR_51699417349AFC0872F2D245,CONTEXT_CONFLICT,571,571,source_section|asset_class|strategy|currency_scale,MERGE,"source_section blanked: the only headings this document prints are the in-table groupings, which the placement rule makes asset_class/strategy and never source_section; pages 2-7 and 11 print no heading above the table at all. asset_class and strategy take the printed group name without the portfolio percentage and without '(Continued)': B's form split one class into two on the continuation pages and carried a running-header marker into the data. subject_type 'fund': the row label names a vehicle (L.P./LP/LLC/SCSp/Limited Partnership), which the label-driven rule types fund, not investment. currency_scale '$': the symbol is printed once at the head of the Cost and Fair Value columns and governs every value beneath it.",RESOLVED,A+B+ADJUDICATOR,42fd3fd5192cd82559b79a6adfdcdbf321ee96ab2925a30c3f3513e2aabdc3b6
eff211b0ee03ea3bc41f,SRC407,5,PAIR_9075A9E2774B77A34ED30C36,CONTEXT_CONFLICT,572,572,source_section|asset_class|strategy|currency_scale,MERGE,"source_section blanked: the only headings this document prints are the in-table groupings, which the placement rule makes asset_class/strategy and never source_section; pages 2-7 and 11 print no heading above the table at all. asset_class and strategy take the printed group name without the portfolio percentage and without '(Continued)': B's form split one class into two on the continuation pages and carried a running-header marker into the data. subject_type 'fund': the row label names a vehicle (L.P./LP/LLC/SCSp/Limited Partnership), which the label-driven rule types fund, not investment. currency_scale '$': the symbol is printed once at the head of the Cost and Fair Value columns and governs every value beneath it.; Source review: p5: Fair Value (Individual holdings, aggregate rows, and the hierarchy note have separate value scopes.) | p5: Fair Value (Printed heading or definition supporting the source-reviewed qualifier.)",RESOLVED,A+B+ADJUDICATOR,42fd3fd5192cd82559b79a6adfdcdbf321ee96ab2925a30c3f3513e2aabdc3b6
d4fe9728901e8be292fa,SRC407,5,PAIR_B5A60147F4A3DB8B73AFAE6A,CONTEXT_CONFLICT,573,573,source_section|asset_class|strategy|currency_scale,MERGE,"source_section blanked: the only headings this document prints are the in-table groupings, which the placement rule makes asset_class/strategy and never source_section; pages 2-7 and 11 print no heading above the table at all. asset_class and strategy take the printed group name without the portfolio percentage and without '(Continued)': B's form split one class into two on the continuation pages and carried a running-header marker into the data. subject_type 'fund': the row label names a vehicle (L.P./LP/LLC/SCSp/Limited Partnership), which the label-driven rule types fund, not investment. currency_scale '$': the symbol is printed once at the head of the Cost and Fair Value columns and governs every value beneath it.",RESOLVED,A+B+ADJUDICATOR,42fd3fd5192cd82559b79a6adfdcdbf321ee96ab2925a30c3f3513e2aabdc3b6
f8471fdf67c0f77588ef,SRC407,5,PAIR_BFB9E846AE41ACD1BD6EE118,CONTEXT_CONFLICT,574,574,source_section|asset_class|strategy|currency_scale,MERGE,"source_section blanked: the only headings this document prints are the in-table groupings, which the placement rule makes asset_class/strategy and never source_section; pages 2-7 and 11 print no heading above the table at all. asset_class and strategy take the printed group name without the portfolio percentage and without '(Continued)': B's form split one class into two on the continuation pages and carried a running-header marker into the data. subject_type 'fund': the row label names a vehicle (L.P./LP/LLC/SCSp/Limited Partnership), which the label-driven rule types fund, not investment. currency_scale '$': the symbol is printed once at the head of the Cost and Fair Value columns and governs every value beneath it.; Source review: p5: Fair Value (Individual holdings, aggregate rows, and the hierarchy note have separate value scopes.) | p5: Fair Value (Printed heading or definition supporting the source-reviewed qualifier.)",RESOLVED,A+B+ADJUDICATOR,42fd3fd5192cd82559b79a6adfdcdbf321ee96ab2925a30c3f3513e2aabdc3b6
2db910bb565e44bcdd0e,SRC407,5,PAIR_61C88CB1CE74940228FDB01C,CONTEXT_CONFLICT,575,575,source_section|asset_class|strategy|currency_scale,MERGE,"source_section blanked: the only headings this document prints are the in-table groupings, which the placement rule makes asset_class/strategy and never source_section; pages 2-7 and 11 print no heading above the table at all. asset_class and strategy take the printed group name without the portfolio percentage and without '(Continued)': B's form split one class into two on the continuation pages and carried a running-header marker into the data. subject_type 'fund': the row label names a vehicle (L.P./LP/LLC/SCSp/Limited Partnership), which the label-driven rule types fund, not investment. currency_scale '$': the symbol is printed once at the head of the Cost and Fair Value columns and governs every value beneath it.",RESOLVED,A+B+ADJUDICATOR,42fd3fd5192cd82559b79a6adfdcdbf321ee96ab2925a30c3f3513e2aabdc3b6
9595fcfb9486815ac630,SRC407,5,PAIR_29A432DF04E96472A48D81D4,CONTEXT_CONFLICT,576,576,source_section|asset_class|strategy|currency_scale,MERGE,"source_section blanked: the only headings this document prints are the in-table groupings, which the placement rule makes asset_class/strategy and never source_section; pages 2-7 and 11 print no heading above the table at all. asset_class and strategy take the printed group name without the portfolio percentage and without '(Continued)': B's form split one class into two on the continuation pages and carried a running-header marker into the data. subject_type 'fund': the row label names a vehicle (L.P./LP/LLC/SCSp/Limited Partnership), which the label-driven rule types fund, not investment. currency_scale '$': the symbol is printed once at the head of the Cost and Fair Value columns and governs every value beneath it.; Source review: p5: Fair Value (Individual holdings, aggregate rows, and the hierarchy note have separate value scopes.) | p5: Fair Value (Printed heading or definition supporting the source-reviewed qualifier.)",RESOLVED,A+B+ADJUDICATOR,42fd3fd5192cd82559b79a6adfdcdbf321ee96ab2925a30c3f3513e2aabdc3b6
af994e345aa2de7f87c5,SRC407,5,PAIR_215E9B70BA05ADD69F729C72,CONTEXT_CONFLICT,577,577,source_section|asset_class|strategy|currency_scale,MERGE,"source_section blanked: the only headings this document prints are the in-table groupings, which the placement rule makes asset_class/strategy and never source_section; pages 2-7 and 11 print no heading above the table at all. asset_class and strategy take the printed group name without the portfolio percentage and without '(Continued)': B's form split one class into two on the continuation pages and carried a running-header marker into the data. subject_type 'fund': the row label names a vehicle (L.P./LP/LLC/SCSp/Limited Partnership), which the label-driven rule types fund, not investment. currency_scale '$': the symbol is printed once at the head of the Cost and Fair Value columns and governs every value beneath it.",RESOLVED,A+B+ADJUDICATOR,42fd3fd5192cd82559b79a6adfdcdbf321ee96ab2925a30c3f3513e2aabdc3b6
28a24b37749eead6a493,SRC407,5,PAIR_D016E92FD4D89564F6A1F83E,CONTEXT_CONFLICT,578,578,source_section|asset_class|strategy|currency_scale,MERGE,"source_section blanked: the only headings this document prints are the in-table groupings, which the placement rule makes asset_class/strategy and never source_section; pages 2-7 and 11 print no heading above the table at all. asset_class and strategy take the printed group name without the portfolio percentage and without '(Continued)': B's form split one class into two on the continuation pages and carried a running-header marker into the data. subject_type 'fund': the row label names a vehicle (L.P./LP/LLC/SCSp/Limited Partnership), which the label-driven rule types fund, not investment. currency_scale '$': the symbol is printed once at the head of the Cost and Fair Value columns and governs every value beneath it.; Source review: p5: Fair Value (Individual holdings, aggregate rows, and the hierarchy note have separate value scopes.) | p5: Fair Value (Printed heading or definition supporting the source-reviewed qualifier.)",RESOLVED,A+B+ADJUDICATOR,42fd3fd5192cd82559b79a6adfdcdbf321ee96ab2925a30c3f3513e2aabdc3b6
4adfe2d13820fccd387b,SRC407,5,PAIR_4EB4DF0A87D27D552C76E198,CONTEXT_CONFLICT,579,579,source_section|asset_class|strategy|currency_scale,MERGE,"source_section blanked: the only headings this document prints are the in-table groupings, which the placement rule makes asset_class/strategy and never source_section; pages 2-7 and 11 print no heading above the table at all. asset_class and strategy take the printed group name without the portfolio percentage and without '(Continued)': B's form split one class into two on the continuation pages and carried a running-header marker into the data. subject_type 'fund': the row label names a vehicle (L.P./LP/LLC/SCSp/Limited Partnership), which the label-driven rule types fund, not investment. currency_scale '$': the symbol is printed once at the head of the Cost and Fair Value columns and governs every value beneath it.",RESOLVED,A+B+ADJUDICATOR,42fd3fd5192cd82559b79a6adfdcdbf321ee96ab2925a30c3f3513e2aabdc3b6
4079122b0c2e1bd51beb,SRC407,5,PAIR_F0CF1192FDBE7431D8A73284,CONTEXT_CONFLICT,580,580,source_section|asset_class|strategy|currency_scale,MERGE,"source_section blanked: the only headings this document prints are the in-table groupings, which the placement rule makes asset_class/strategy and never source_section; pages 2-7 and 11 print no heading above the table at all. asset_class and strategy take the printed group name without the portfolio percentage and without '(Continued)': B's form split one class into two on the continuation pages and carried a running-header marker into the data. subject_type 'fund': the row label names a vehicle (L.P./LP/LLC/SCSp/Limited Partnership), which the label-driven rule types fund, not investment. currency_scale '$': the symbol is printed once at the head of the Cost and Fair Value columns and governs every value beneath it.; Source review: p5: Fair Value (Individual holdings, aggregate rows, and the hierarchy note have separate value scopes.) | p5: Fair Value (Printed heading or definition supporting the source-reviewed qualifier.)",RESOLVED,A+B+ADJUDICATOR,42fd3fd5192cd82559b79a6adfdcdbf321ee96ab2925a30c3f3513e2aabdc3b6
f5b92717467954b5a5c2,SRC407,5,PAIR_9A29E68737FAFBBF35377672,CONTEXT_CONFLICT,581,581,source_section|asset_class|strategy|currency_scale,MERGE,"source_section blanked: the only headings this document prints are the in-table groupings, which the placement rule makes asset_class/strategy and never source_section; pages 2-7 and 11 print no heading above the table at all. asset_class and strategy take the printed group name without the portfolio percentage and without '(Continued)': B's form split one class into two on the continuation pages and carried a running-header marker into the data. subject_type 'fund': the row label names a vehicle (L.P./LP/LLC/SCSp/Limited Partnership), which the label-driven rule types fund, not investment. currency_scale '$': the symbol is printed once at the head of the Cost and Fair Value columns and governs every value beneath it.",RESOLVED,A+B+ADJUDICATOR,42fd3fd5192cd82559b79a6adfdcdbf321ee96ab2925a30c3f3513e2aabdc3b6
2844abf3bb9ec3327e05,SRC407,5,PAIR_8EE176302EC962D4F66FB672,CONTEXT_CONFLICT,582,582,source_section|asset_class|strategy|currency_scale,MERGE,"source_section blanked: the only headings this document prints are the in-table groupings, which the placement rule makes asset_class/strategy and never source_section; pages 2-7 and 11 print no heading above the table at all. asset_class and strategy take the printed group name without the portfolio percentage and without '(Continued)': B's form split one class into two on the continuation pages and carried a running-header marker into the data. subject_type 'fund': the row label names a vehicle (L.P./LP/LLC/SCSp/Limited Partnership), which the label-driven rule types fund, not investment. currency_scale '$': the symbol is printed once at the head of the Cost and Fair Value columns and governs every value beneath it.; Source review: p5: Fair Value (Individual holdings, aggregate rows, and the hierarchy note have separate value scopes.) | p5: Fair Value (Printed heading or definition supporting the source-reviewed qualifier.)",RESOLVED,A+B+ADJUDICATOR,42fd3fd5192cd82559b79a6adfdcdbf321ee96ab2925a30c3f3513e2aabdc3b6
0d9cbcc1eba9563b4a07,SRC407,5,PAIR_5900CA36491BF4B62C3D7BCC,CONTEXT_CONFLICT,583,583,source_section|asset_class|strategy|currency_scale,MERGE,"source_section blanked: the only headings this document prints are the in-table groupings, which the placement rule makes asset_class/strategy and never source_section; pages 2-7 and 11 print no heading above the table at all. asset_class and strategy take the printed group name without the portfolio percentage and without '(Continued)': B's form split one class into two on the continuation pages and carried a running-header marker into the data. subject_type 'fund': the row label names a vehicle (L.P./LP/LLC/SCSp/Limited Partnership), which the label-driven rule types fund, not investment. currency_scale '$': the symbol is printed once at the head of the Cost and Fair Value columns and governs every value beneath it.",RESOLVED,A+B+ADJUDICATOR,42fd3fd5192cd82559b79a6adfdcdbf321ee96ab2925a30c3f3513e2aabdc3b6
fbed163fd3435adc35c7,SRC407,5,PAIR_833443CE497E6789841835EA,CONTEXT_CONFLICT,584,584,source_section|asset_class|strategy|currency_scale,MERGE,"source_section blanked: the only headings this document prints are the in-table groupings, which the placement rule makes asset_class/strategy and never source_section; pages 2-7 and 11 print no heading above the table at all. asset_class and strategy take the printed group name without the portfolio percentage and without '(Continued)': B's form split one class into two on the continuation pages and carried a running-header marker into the data. subject_type 'fund': the row label names a vehicle (L.P./LP/LLC/SCSp/Limited Partnership), which the label-driven rule types fund, not investment. currency_scale '$': the symbol is printed once at the head of the Cost and Fair Value columns and governs every value beneath it.; Source review: p5: Fair Value (Individual holdings, aggregate rows, and the hierarchy note have separate value scopes.) | p5: Fair Value (Printed heading or definition supporting the source-reviewed qualifier.)",RESOLVED,A+B+ADJUDICATOR,42fd3fd5192cd82559b79a6adfdcdbf321ee96ab2925a30c3f3513e2aabdc3b6
eb587d94103d3c6b847f,SRC407,5,PAIR_82895857261BEBCF292B4F0D,CONTEXT_CONFLICT,585,585,source_section|asset_class|strategy|currency_scale,MERGE,"source_section blanked: the only headings this document prints are the in-table groupings, which the placement rule makes asset_class/strategy and never source_section; pages 2-7 and 11 print no heading above the table at all. asset_class and strategy take the printed group name without the portfolio percentage and without '(Continued)': B's form split one class into two on the continuation pages and carried a running-header marker into the data. subject_type 'fund': the row label names a vehicle (L.P./LP/LLC/SCSp/Limited Partnership), which the label-driven rule types fund, not investment. currency_scale '$': the symbol is printed once at the head of the Cost and Fair Value columns and governs every value beneath it.",RESOLVED,A+B+ADJUDICATOR,42fd3fd5192cd82559b79a6adfdcdbf321ee96ab2925a30c3f3513e2aabdc3b6
f08d39ed1737c1ebb146,SRC407,5,PAIR_D690899BF6226161AD7171F5,CONTEXT_CONFLICT,586,586,source_section|asset_class|strategy|currency_scale,MERGE,"source_section blanked: the only headings this document prints are the in-table groupings, which the placement rule makes asset_class/strategy and never source_section; pages 2-7 and 11 print no heading above the table at all. asset_class and strategy take the printed group name without the portfolio percentage and without '(Continued)': B's form split one class into two on the continuation pages and carried a running-header marker into the data. subject_type 'fund': the row label names a vehicle (L.P./LP/LLC/SCSp/Limited Partnership), which the label-driven rule types fund, not investment. currency_scale '$': the symbol is printed once at the head of the Cost and Fair Value columns and governs every value beneath it.; Source review: p5: Fair Value (Individual holdings, aggregate rows, and the hierarchy note have separate value scopes.) | p5: Fair Value (Printed heading or definition supporting the source-reviewed qualifier.)",RESOLVED,A+B+ADJUDICATOR,42fd3fd5192cd82559b79a6adfdcdbf321ee96ab2925a30c3f3513e2aabdc3b6
2c92452f6099e36d8f37,SRC407,5,PAIR_408BB7C7DF3C1E0F40C6E3BC,CONTEXT_CONFLICT,587,587,source_section|asset_class|strategy|currency_scale,MERGE,"source_section blanked: the only headings this document prints are the in-table groupings, which the placement rule makes asset_class/strategy and never source_section; pages 2-7 and 11 print no heading above the table at all. asset_class and strategy take the printed group name without the portfolio percentage and without '(Continued)': B's form split one class into two on the continuation pages and carried a running-header marker into the data. subject_type 'fund': the row label names a vehicle (L.P./LP/LLC/SCSp/Limited Partnership), which the label-driven rule types fund, not investment. currency_scale '$': the symbol is printed once at the head of the Cost and Fair Value columns and governs every value beneath it.",RESOLVED,A+B+ADJUDICATOR,42fd3fd5192cd82559b79a6adfdcdbf321ee96ab2925a30c3f3513e2aabdc3b6
bee92c1d1029e781d628,SRC407,5,PAIR_36B47A5EFA0583EA172506C2,CONTEXT_CONFLICT,588,588,source_section|asset_class|strategy|currency_scale,MERGE,"source_section blanked: the only headings this document prints are the in-table groupings, which the placement rule makes asset_class/strategy and never source_section; pages 2-7 and 11 print no heading above the table at all. asset_class and strategy take the printed group name without the portfolio percentage and without '(Continued)': B's form split one class into two on the continuation pages and carried a running-header marker into the data. subject_type 'fund': the row label names a vehicle (L.P./LP/LLC/SCSp/Limited Partnership), which the label-driven rule types fund, not investment. currency_scale '$': the symbol is printed once at the head of the Cost and Fair Value columns and governs every value beneath it.; Source review: p5: Fair Value (Individual holdings, aggregate rows, and the hierarchy note have separate value scopes.) | p5: Fair Value (Printed heading or definition supporting the source-reviewed qualifier.)",RESOLVED,A+B+ADJUDICATOR,42fd3fd5192cd82559b79a6adfdcdbf321ee96ab2925a30c3f3513e2aabdc3b6
7ad4b585d3f914ae66e9,SRC407,5,PAIR_65824EE1221ADA0D7FCBA55B,CONTEXT_CONFLICT,589,589,source_section|asset_class|strategy|currency_scale,MERGE,"source_section blanked: the only headings this document prints are the in-table groupings, which the placement rule makes asset_class/strategy and never source_section; pages 2-7 and 11 print no heading above the table at all. asset_class and strategy take the printed group name without the portfolio percentage and without '(Continued)': B's form split one class into two on the continuation pages and carried a running-header marker into the data. subject_type 'fund': the row label names a vehicle (L.P./LP/LLC/SCSp/Limited Partnership), which the label-driven rule types fund, not investment. currency_scale '$': the symbol is printed once at the head of the Cost and Fair Value columns and governs every value beneath it.",RESOLVED,A+B+ADJUDICATOR,42fd3fd5192cd82559b79a6adfdcdbf321ee96ab2925a30c3f3513e2aabdc3b6
f5276e7cdcba77cde6ef,SRC407,5,PAIR_1C960F5D431BA33C519F4BA9,CONTEXT_CONFLICT,590,590,source_section|asset_class|strategy|currency_scale,MERGE,"source_section blanked: the only headings this document prints are the in-table groupings, which the placement rule makes asset_class/strategy and never source_section; pages 2-7 and 11 print no heading above the table at all. asset_class and strategy take the printed group name without the portfolio percentage and without '(Continued)': B's form split one class into two on the continuation pages and carried a running-header marker into the data. subject_type 'fund': the row label names a vehicle (L.P./LP/LLC/SCSp/Limited Partnership), which the label-driven rule types fund, not investment. currency_scale '$': the symbol is printed once at the head of the Cost and Fair Value columns and governs every value beneath it.; Source review: p5: Fair Value (Individual holdings, aggregate rows, and the hierarchy note have separate value scopes.) | p5: Fair Value (Printed heading or definition supporting the source-reviewed qualifier.)",RESOLVED,A+B+ADJUDICATOR,42fd3fd5192cd82559b79a6adfdcdbf321ee96ab2925a30c3f3513e2aabdc3b6
9ac259cf427a171657ca,SRC407,5,PAIR_0D76572AFF34B49B366A46E4,CONTEXT_CONFLICT,591,591,source_section|asset_class|strategy|currency_scale,MERGE,"source_section blanked: the only headings this document prints are the in-table groupings, which the placement rule makes asset_class/strategy and never source_section; pages 2-7 and 11 print no heading above the table at all. asset_class and strategy take the printed group name without the portfolio percentage and without '(Continued)': B's form split one class into two on the continuation pages and carried a running-header marker into the data. subject_type 'fund': the row label names a vehicle (L.P./LP/LLC/SCSp/Limited Partnership), which the label-driven rule types fund, not investment. currency_scale '$': the symbol is printed once at the head of the Cost and Fair Value columns and governs every value beneath it.",RESOLVED,A+B+ADJUDICATOR,42fd3fd5192cd82559b79a6adfdcdbf321ee96ab2925a30c3f3513e2aabdc3b6
1e98da2ee7f9c89f6795,SRC407,5,PAIR_4CAB6FB55C810029CA214C16,CONTEXT_CONFLICT,592,592,source_section|asset_class|strategy|currency_scale,MERGE,"source_section blanked: the only headings this document prints are the in-table groupings, which the placement rule makes asset_class/strategy and never source_section; pages 2-7 and 11 print no heading above the table at all. asset_class and strategy take the printed group name without the portfolio percentage and without '(Continued)': B's form split one class into two on the continuation pages and carried a running-header marker into the data. subject_type 'fund': the row label names a vehicle (L.P./LP/LLC/SCSp/Limited Partnership), which the label-driven rule types fund, not investment. currency_scale '$': the symbol is printed once at the head of the Cost and Fair Value columns and governs every value beneath it.; Source review: p5: Fair Value (Individual holdings, aggregate rows, and the hierarchy note have separate value scopes.) | p5: Fair Value (Printed heading or definition supporting the source-reviewed qualifier.)",RESOLVED,A+B+ADJUDICATOR,42fd3fd5192cd82559b79a6adfdcdbf321ee96ab2925a30c3f3513e2aabdc3b6
ad30b70518d75a34b540,SRC407,5,PAIR_8E189CE2B402B4D077A84751,CONTEXT_CONFLICT,593,593,source_section|asset_class|strategy|currency_scale,MERGE,"source_section blanked: the only headings this document prints are the in-table groupings, which the placement rule makes asset_class/strategy and never source_section; pages 2-7 and 11 print no heading above the table at all. asset_class and strategy take the printed group name without the portfolio percentage and without '(Continued)': B's form split one class into two on the continuation pages and carried a running-header marker into the data. subject_type 'fund': the row label names a vehicle (L.P./LP/LLC/SCSp/Limited Partnership), which the label-driven rule types fund, not investment. currency_scale '$': the symbol is printed once at the head of the Cost and Fair Value columns and governs every value beneath it.",RESOLVED,A+B+ADJUDICATOR,42fd3fd5192cd82559b79a6adfdcdbf321ee96ab2925a30c3f3513e2aabdc3b6
dc4145aa31cdeebcb7d0,SRC407,5,PAIR_564C10145EA2FEF04DEE58F8,CONTEXT_CONFLICT,594,594,source_section|asset_class|strategy|currency_scale,MERGE,"source_section blanked: the only headings this document prints are the in-table groupings, which the placement rule makes asset_class/strategy and never source_section; pages 2-7 and 11 print no heading above the table at all. asset_class and strategy take the printed group name without the portfolio percentage and without '(Continued)': B's form split one class into two on the continuation pages and carried a running-header marker into the data. subject_type 'fund': the row label names a vehicle (L.P./LP/LLC/SCSp/Limited Partnership), which the label-driven rule types fund, not investment. currency_scale '$': the symbol is printed once at the head of the Cost and Fair Value columns and governs every value beneath it.; Source review: p5: Fair Value (Individual holdings, aggregate rows, and the hierarchy note have separate value scopes.) | p5: Fair Value (Printed heading or definition supporting the source-reviewed qualifier.)",RESOLVED,A+B+ADJUDICATOR,42fd3fd5192cd82559b79a6adfdcdbf321ee96ab2925a30c3f3513e2aabdc3b6
068e7077b6d35c5af2d3,SRC407,5,PAIR_E1D884615ABFB259ED0DCD66,CONTEXT_CONFLICT,595,595,source_section|asset_class|strategy|currency_scale,MERGE,"source_section blanked: the only headings this document prints are the in-table groupings, which the placement rule makes asset_class/strategy and never source_section; pages 2-7 and 11 print no heading above the table at all. asset_class and strategy take the printed group name without the portfolio percentage and without '(Continued)': B's form split one class into two on the continuation pages and carried a running-header marker into the data. subject_type 'fund': the row label names a vehicle (L.P./LP/LLC/SCSp/Limited Partnership), which the label-driven rule types fund, not investment. currency_scale '$': the symbol is printed once at the head of the Cost and Fair Value columns and governs every value beneath it.",RESOLVED,A+B+ADJUDICATOR,42fd3fd5192cd82559b79a6adfdcdbf321ee96ab2925a30c3f3513e2aabdc3b6
1c78291219c0f5311c92,SRC407,5,PAIR_EE6542D6895D04364B35301F,CONTEXT_CONFLICT,596,596,source_section|asset_class|strategy|currency_scale,MERGE,"source_section blanked: the only headings this document prints are the in-table groupings, which the placement rule makes asset_class/strategy and never source_section; pages 2-7 and 11 print no heading above the table at all. asset_class and strategy take the printed group name without the portfolio percentage and without '(Continued)': B's form split one class into two on the continuation pages and carried a running-header marker into the data. subject_type 'fund': the row label names a vehicle (L.P./LP/LLC/SCSp/Limited Partnership), which the label-driven rule types fund, not investment. currency_scale '$': the symbol is printed once at the head of the Cost and Fair Value columns and governs every value beneath it.; Source review: p5: Fair Value (Individual holdings, aggregate rows, and the hierarchy note have separate value scopes.) | p5: Fair Value (Printed heading or definition supporting the source-reviewed qualifier.)",RESOLVED,A+B+ADJUDICATOR,42fd3fd5192cd82559b79a6adfdcdbf321ee96ab2925a30c3f3513e2aabdc3b6
e82c4f8a6ebf6217e68f,SRC407,5,PAIR_4854D16DBAB532B37A649A60,CONTEXT_CONFLICT,597,597,source_section|asset_class|strategy|currency_scale,MERGE,"source_section blanked: the only headings this document prints are the in-table groupings, which the placement rule makes asset_class/strategy and never source_section; pages 2-7 and 11 print no heading above the table at all. asset_class and strategy take the printed group name without the portfolio percentage and without '(Continued)': B's form split one class into two on the continuation pages and carried a running-header marker into the data. subject_type 'fund': the row label names a vehicle (L.P./LP/LLC/SCSp/Limited Partnership), which the label-driven rule types fund, not investment. currency_scale '$': the symbol is printed once at the head of the Cost and Fair Value columns and governs every value beneath it.",RESOLVED,A+B+ADJUDICATOR,42fd3fd5192cd82559b79a6adfdcdbf321ee96ab2925a30c3f3513e2aabdc3b6
e781f77b260e913279b5,SRC407,5,PAIR_68AE7D7AE5256938F78CFE3D,CONTEXT_CONFLICT,598,598,source_section|asset_class|strategy|currency_scale,MERGE,"source_section blanked: the only headings this document prints are the in-table groupings, which the placement rule makes asset_class/strategy and never source_section; pages 2-7 and 11 print no heading above the table at all. asset_class and strategy take the printed group name without the portfolio percentage and without '(Continued)': B's form split one class into two on the continuation pages and carried a running-header marker into the data. subject_type 'fund': the row label names a vehicle (L.P./LP/LLC/SCSp/Limited Partnership), which the label-driven rule types fund, not investment. currency_scale '$': the symbol is printed once at the head of the Cost and Fair Value columns and governs every value beneath it.; Source review: p5: Fair Value (Individual holdings, aggregate rows, and the hierarchy note have separate value scopes.) | p5: Fair Value (Printed heading or definition supporting the source-reviewed qualifier.)",RESOLVED,A+B+ADJUDICATOR,42fd3fd5192cd82559b79a6adfdcdbf321ee96ab2925a30c3f3513e2aabdc3b6
2791b23c5e44e97a5353,SRC407,5,PAIR_C7902CEEE68262607DA4E847,CONTEXT_CONFLICT,599,599,source_section|asset_class|strategy|currency_scale,MERGE,"source_section blanked: the only headings this document prints are the in-table groupings, which the placement rule makes asset_class/strategy and never source_section; pages 2-7 and 11 print no heading above the table at all. asset_class and strategy take the printed group name without the portfolio percentage and without '(Continued)': B's form split one class into two on the continuation pages and carried a running-header marker into the data. subject_type 'fund': the row label names a vehicle (L.P./LP/LLC/SCSp/Limited Partnership), which the label-driven rule types fund, not investment. currency_scale '$': the symbol is printed once at the head of the Cost and Fair Value columns and governs every value beneath it.",RESOLVED,A+B+ADJUDICATOR,42fd3fd5192cd82559b79a6adfdcdbf321ee96ab2925a30c3f3513e2aabdc3b6
4c6080a42f17e1e22d71,SRC407,5,PAIR_2328E564740110B7A763F535,CONTEXT_CONFLICT,600,600,source_section|asset_class|strategy|currency_scale,MERGE,"source_section blanked: the only headings this document prints are the in-table groupings, which the placement rule makes asset_class/strategy and never source_section; pages 2-7 and 11 print no heading above the table at all. asset_class and strategy take the printed group name without the portfolio percentage and without '(Continued)': B's form split one class into two on the continuation pages and carried a running-header marker into the data. subject_type 'fund': the row label names a vehicle (L.P./LP/LLC/SCSp/Limited Partnership), which the label-driven rule types fund, not investment. currency_scale '$': the symbol is printed once at the head of the Cost and Fair Value columns and governs every value beneath it.; Source review: p5: Fair Value (Individual holdings, aggregate rows, and the hierarchy note have separate value scopes.) | p5: Fair Value (Printed heading or definition supporting the source-reviewed qualifier.)",RESOLVED,A+B+ADJUDICATOR,42fd3fd5192cd82559b79a6adfdcdbf321ee96ab2925a30c3f3513e2aabdc3b6
fa8b064ecdb6d198b329,SRC407,5,PAIR_FD583C15B3B225EADA592E41,CONTEXT_CONFLICT,601,601,source_section|asset_class|strategy|currency_scale,MERGE,"source_section blanked: the only headings this document prints are the in-table groupings, which the placement rule makes asset_class/strategy and never source_section; pages 2-7 and 11 print no heading above the table at all. asset_class and strategy take the printed group name without the portfolio percentage and without '(Continued)': B's form split one class into two on the continuation pages and carried a running-header marker into the data. subject_type 'fund': the row label names a vehicle (L.P./LP/LLC/SCSp/Limited Partnership), which the label-driven rule types fund, not investment. currency_scale '$': the symbol is printed once at the head of the Cost and Fair Value columns and governs every value beneath it.",RESOLVED,A+B+ADJUDICATOR,42fd3fd5192cd82559b79a6adfdcdbf321ee96ab2925a30c3f3513e2aabdc3b6
90e96d5d69b75baba51a,SRC407,5,PAIR_E1EF80DD1A1ABD6996766AE4,CONTEXT_CONFLICT,602,602,source_section|asset_class|strategy|currency_scale,MERGE,"source_section blanked: the only headings this document prints are the in-table groupings, which the placement rule makes asset_class/strategy and never source_section; pages 2-7 and 11 print no heading above the table at all. asset_class and strategy take the printed group name without the portfolio percentage and without '(Continued)': B's form split one class into two on the continuation pages and carried a running-header marker into the data. subject_type 'fund': the row label names a vehicle (L.P./LP/LLC/SCSp/Limited Partnership), which the label-driven rule types fund, not investment. currency_scale '$': the symbol is printed once at the head of the Cost and Fair Value columns and governs every value beneath it.; Source review: p5: Fair Value (Individual holdings, aggregate rows, and the hierarchy note have separate value scopes.) | p5: Fair Value (Printed heading or definition supporting the source-reviewed qualifier.)",RESOLVED,A+B+ADJUDICATOR,42fd3fd5192cd82559b79a6adfdcdbf321ee96ab2925a30c3f3513e2aabdc3b6
6bb2f5fd3754b4e5a183,SRC407,5,PAIR_1F39A4435A05FB47B192A068,CONTEXT_CONFLICT,603,603,source_section|asset_class|strategy|currency_scale,MERGE,"source_section blanked: the only headings this document prints are the in-table groupings, which the placement rule makes asset_class/strategy and never source_section; pages 2-7 and 11 print no heading above the table at all. asset_class and strategy take the printed group name without the portfolio percentage and without '(Continued)': B's form split one class into two on the continuation pages and carried a running-header marker into the data. subject_type 'fund': the row label names a vehicle (L.P./LP/LLC/SCSp/Limited Partnership), which the label-driven rule types fund, not investment. currency_scale '$': the symbol is printed once at the head of the Cost and Fair Value columns and governs every value beneath it.",RESOLVED,A+B+ADJUDICATOR,42fd3fd5192cd82559b79a6adfdcdbf321ee96ab2925a30c3f3513e2aabdc3b6
4275cff25444c6c5e679,SRC407,5,PAIR_73C611684ABF1D94F6144099,CONTEXT_CONFLICT,604,604,source_section|asset_class|strategy|currency_scale,MERGE,"source_section blanked: the only headings this document prints are the in-table groupings, which the placement rule makes asset_class/strategy and never source_section; pages 2-7 and 11 print no heading above the table at all. asset_class and strategy take the printed group name without the portfolio percentage and without '(Continued)': B's form split one class into two on the continuation pages and carried a running-header marker into the data. subject_type 'fund': the row label names a vehicle (L.P./LP/LLC/SCSp/Limited Partnership), which the label-driven rule types fund, not investment. currency_scale '$': the symbol is printed once at the head of the Cost and Fair Value columns and governs every value beneath it.; Source review: p5: Fair Value (Individual holdings, aggregate rows, and the hierarchy note have separate value scopes.) | p5: Fair Value (Printed heading or definition supporting the source-reviewed qualifier.)",RESOLVED,A+B+ADJUDICATOR,42fd3fd5192cd82559b79a6adfdcdbf321ee96ab2925a30c3f3513e2aabdc3b6
b115d408184aef788475,SRC407,5,PAIR_C9BCCAA9C467B107D5A50F07,CONTEXT_CONFLICT,605,605,source_section|asset_class|strategy|currency_scale,MERGE,"source_section blanked: the only headings this document prints are the in-table groupings, which the placement rule makes asset_class/strategy and never source_section; pages 2-7 and 11 print no heading above the table at all. asset_class and strategy take the printed group name without the portfolio percentage and without '(Continued)': B's form split one class into two on the continuation pages and carried a running-header marker into the data. subject_type 'fund': the row label names a vehicle (L.P./LP/LLC/SCSp/Limited Partnership), which the label-driven rule types fund, not investment. currency_scale '$': the symbol is printed once at the head of the Cost and Fair Value columns and governs every value beneath it.",RESOLVED,A+B+ADJUDICATOR,42fd3fd5192cd82559b79a6adfdcdbf321ee96ab2925a30c3f3513e2aabdc3b6
d6d1275f3fda718028a8,SRC407,5,PAIR_C523DFD1D0C971A92DB63835,CONTEXT_CONFLICT,606,606,source_section|asset_class|strategy|currency_scale,MERGE,"source_section blanked: the only headings this document prints are the in-table groupings, which the placement rule makes asset_class/strategy and never source_section; pages 2-7 and 11 print no heading above the table at all. asset_class and strategy take the printed group name without the portfolio percentage and without '(Continued)': B's form split one class into two on the continuation pages and carried a running-header marker into the data. subject_type 'fund': the row label names a vehicle (L.P./LP/LLC/SCSp/Limited Partnership), which the label-driven rule types fund, not investment. currency_scale '$': the symbol is printed once at the head of the Cost and Fair Value columns and governs every value beneath it.; Source review: p5: Fair Value (Individual holdings, aggregate rows, and the hierarchy note have separate value scopes.) | p5: Fair Value (Printed heading or definition supporting the source-reviewed qualifier.)",RESOLVED,A+B+ADJUDICATOR,42fd3fd5192cd82559b79a6adfdcdbf321ee96ab2925a30c3f3513e2aabdc3b6
e95087fe93418d08c15b,SRC407,5,PAIR_BE877CD864377E42706F3160,CONTEXT_CONFLICT,607,607,source_section|asset_class|strategy|currency_scale,MERGE,"source_section blanked: the only headings this document prints are the in-table groupings, which the placement rule makes asset_class/strategy and never source_section; pages 2-7 and 11 print no heading above the table at all. asset_class and strategy take the printed group name without the portfolio percentage and without '(Continued)': B's form split one class into two on the continuation pages and carried a running-header marker into the data. subject_type 'fund': the row label names a vehicle (L.P./LP/LLC/SCSp/Limited Partnership), which the label-driven rule types fund, not investment. currency_scale '$': the symbol is printed once at the head of the Cost and Fair Value columns and governs every value beneath it.",RESOLVED,A+B+ADJUDICATOR,42fd3fd5192cd82559b79a6adfdcdbf321ee96ab2925a30c3f3513e2aabdc3b6
c9fc86aa995ae1abcc42,SRC407,5,PAIR_27AA78F3FBF1271CA4001771,CONTEXT_CONFLICT,608,608,source_section|asset_class|strategy|currency_scale,MERGE,"source_section blanked: the only headings this document prints are the in-table groupings, which the placement rule makes asset_class/strategy and never source_section; pages 2-7 and 11 print no heading above the table at all. asset_class and strategy take the printed group name without the portfolio percentage and without '(Continued)': B's form split one class into two on the continuation pages and carried a running-header marker into the data. subject_type 'fund': the row label names a vehicle (L.P./LP/LLC/SCSp/Limited Partnership), which the label-driven rule types fund, not investment. currency_scale '$': the symbol is printed once at the head of the Cost and Fair Value columns and governs every value beneath it.; Source review: p5: Fair Value (Individual holdings, aggregate rows, and the hierarchy note have separate value scopes.) | p5: Fair Value (Printed heading or definition supporting the source-reviewed qualifier.)",RESOLVED,A+B+ADJUDICATOR,42fd3fd5192cd82559b79a6adfdcdbf321ee96ab2925a30c3f3513e2aabdc3b6
aedf177b11181e90c5d8,SRC407,5,PAIR_C8C925CB70DF36A7E237953C,CONTEXT_CONFLICT,609,609,source_section|asset_class|strategy|currency_scale,MERGE,"source_section blanked: the only headings this document prints are the in-table groupings, which the placement rule makes asset_class/strategy and never source_section; pages 2-7 and 11 print no heading above the table at all. asset_class and strategy take the printed group name without the portfolio percentage and without '(Continued)': B's form split one class into two on the continuation pages and carried a running-header marker into the data. subject_type 'fund': the row label names a vehicle (L.P./LP/LLC/SCSp/Limited Partnership), which the label-driven rule types fund, not investment. currency_scale '$': the symbol is printed once at the head of the Cost and Fair Value columns and governs every value beneath it.",RESOLVED,A+B+ADJUDICATOR,42fd3fd5192cd82559b79a6adfdcdbf321ee96ab2925a30c3f3513e2aabdc3b6
35f22700789f10aedf11,SRC407,5,PAIR_A680DF6C3E9195D4EB50C6EF,CONTEXT_CONFLICT,610,610,source_section|asset_class|strategy|currency_scale,MERGE,"source_section blanked: the only headings this document prints are the in-table groupings, which the placement rule makes asset_class/strategy and never source_section; pages 2-7 and 11 print no heading above the table at all. asset_class and strategy take the printed group name without the portfolio percentage and without '(Continued)': B's form split one class into two on the continuation pages and carried a running-header marker into the data. subject_type 'fund': the row label names a vehicle (L.P./LP/LLC/SCSp/Limited Partnership), which the label-driven rule types fund, not investment. currency_scale '$': the symbol is printed once at the head of the Cost and Fair Value columns and governs every value beneath it.; Source review: p5: Fair Value (Individual holdings, aggregate rows, and the hierarchy note have separate value scopes.) | p5: Fair Value (Printed heading or definition supporting the source-reviewed qualifier.)",RESOLVED,A+B+ADJUDICATOR,42fd3fd5192cd82559b79a6adfdcdbf321ee96ab2925a30c3f3513e2aabdc3b6
e6e58cb952811dcc2c44,SRC407,5,PAIR_B93C044B7FD86942254BBDC5,CONTEXT_CONFLICT,611,611,source_section|asset_class|strategy|currency_scale,MERGE,"source_section blanked: the only headings this document prints are the in-table groupings, which the placement rule makes asset_class/strategy and never source_section; pages 2-7 and 11 print no heading above the table at all. asset_class and strategy take the printed group name without the portfolio percentage and without '(Continued)': B's form split one class into two on the continuation pages and carried a running-header marker into the data. subject_type 'fund': the row label names a vehicle (L.P./LP/LLC/SCSp/Limited Partnership), which the label-driven rule types fund, not investment. currency_scale '$': the symbol is printed once at the head of the Cost and Fair Value columns and governs every value beneath it.",RESOLVED,A+B+ADJUDICATOR,42fd3fd5192cd82559b79a6adfdcdbf321ee96ab2925a30c3f3513e2aabdc3b6
5806454765895708b200,SRC407,5,PAIR_B630568F387CC939AA9532FB,CONTEXT_CONFLICT,612,612,source_section|asset_class|strategy|currency_scale,MERGE,"source_section blanked: the only headings this document prints are the in-table groupings, which the placement rule makes asset_class/strategy and never source_section; pages 2-7 and 11 print no heading above the table at all. asset_class and strategy take the printed group name without the portfolio percentage and without '(Continued)': B's form split one class into two on the continuation pages and carried a running-header marker into the data. subject_type 'fund': the row label names a vehicle (L.P./LP/LLC/SCSp/Limited Partnership), which the label-driven rule types fund, not investment. currency_scale '$': the symbol is printed once at the head of the Cost and Fair Value columns and governs every value beneath it.; Source review: p5: Fair Value (Individual holdings, aggregate rows, and the hierarchy note have separate value scopes.) | p5: Fair Value (Printed heading or definition supporting the source-reviewed qualifier.)",RESOLVED,A+B+ADJUDICATOR,42fd3fd5192cd82559b79a6adfdcdbf321ee96ab2925a30c3f3513e2aabdc3b6
0dda6b6876bc71544b82,SRC407,5,PAIR_F0856418B890D067910451E5,CONTEXT_CONFLICT,613,613,source_section|asset_class|strategy|currency_scale,MERGE,"source_section blanked: the only headings this document prints are the in-table groupings, which the placement rule makes asset_class/strategy and never source_section; pages 2-7 and 11 print no heading above the table at all. asset_class and strategy take the printed group name without the portfolio percentage and without '(Continued)': B's form split one class into two on the continuation pages and carried a running-header marker into the data. subject_type 'fund': the row label names a vehicle (L.P./LP/LLC/SCSp/Limited Partnership), which the label-driven rule types fund, not investment. currency_scale '$': the symbol is printed once at the head of the Cost and Fair Value columns and governs every value beneath it.",RESOLVED,A+B+ADJUDICATOR,42fd3fd5192cd82559b79a6adfdcdbf321ee96ab2925a30c3f3513e2aabdc3b6
483c1a38d2cffad275bb,SRC407,5,PAIR_333B34FA88A97A3B949D6860,CONTEXT_CONFLICT,614,614,source_section|asset_class|strategy|currency_scale,MERGE,"source_section blanked: the only headings this document prints are the in-table groupings, which the placement rule makes asset_class/strategy and never source_section; pages 2-7 and 11 print no heading above the table at all. asset_class and strategy take the printed group name without the portfolio percentage and without '(Continued)': B's form split one class into two on the continuation pages and carried a running-header marker into the data. subject_type 'fund': the row label names a vehicle (L.P./LP/LLC/SCSp/Limited Partnership), which the label-driven rule types fund, not investment. currency_scale '$': the symbol is printed once at the head of the Cost and Fair Value columns and governs every value beneath it.; Source review: p5: Fair Value (Individual holdings, aggregate rows, and the hierarchy note have separate value scopes.) | p5: Fair Value (Printed heading or definition supporting the source-reviewed qualifier.)",RESOLVED,A+B+ADJUDICATOR,42fd3fd5192cd82559b79a6adfdcdbf321ee96ab2925a30c3f3513e2aabdc3b6
b5d159ddd78f0aaa8ed4,SRC407,5,PAIR_33306C18D77E23FDCC310296,CONTEXT_CONFLICT,615,615,source_section|asset_class|strategy|currency_scale,MERGE,"source_section blanked: the only headings this document prints are the in-table groupings, which the placement rule makes asset_class/strategy and never source_section; pages 2-7 and 11 print no heading above the table at all. asset_class and strategy take the printed group name without the portfolio percentage and without '(Continued)': B's form split one class into two on the continuation pages and carried a running-header marker into the data. subject_type 'fund': the row label names a vehicle (L.P./LP/LLC/SCSp/Limited Partnership), which the label-driven rule types fund, not investment. currency_scale '$': the symbol is printed once at the head of the Cost and Fair Value columns and governs every value beneath it.",RESOLVED,A+B+ADJUDICATOR,42fd3fd5192cd82559b79a6adfdcdbf321ee96ab2925a30c3f3513e2aabdc3b6
855ba171e5339fdcae0c,SRC407,5,PAIR_F908FC55FB8C72C1394B196A,CONTEXT_CONFLICT,616,616,source_section|asset_class|strategy|currency_scale,MERGE,"source_section blanked: the only headings this document prints are the in-table groupings, which the placement rule makes asset_class/strategy and never source_section; pages 2-7 and 11 print no heading above the table at all. asset_class and strategy take the printed group name without the portfolio percentage and without '(Continued)': B's form split one class into two on the continuation pages and carried a running-header marker into the data. subject_type 'fund': the row label names a vehicle (L.P./LP/LLC/SCSp/Limited Partnership), which the label-driven rule types fund, not investment. currency_scale '$': the symbol is printed once at the head of the Cost and Fair Value columns and governs every value beneath it.; Source review: p5: Fair Value (Individual holdings, aggregate rows, and the hierarchy note have separate value scopes.) | p5: Fair Value (Printed heading or definition supporting the source-reviewed qualifier.)",RESOLVED,A+B+ADJUDICATOR,42fd3fd5192cd82559b79a6adfdcdbf321ee96ab2925a30c3f3513e2aabdc3b6
04ac9d23f36fea4c9c39,SRC407,5,PAIR_F8756E8DBC283162DD30160D,CONTEXT_CONFLICT,617,617,source_section|asset_class|strategy|currency_scale,MERGE,"source_section blanked: the only headings this document prints are the in-table groupings, which the placement rule makes asset_class/strategy and never source_section; pages 2-7 and 11 print no heading above the table at all. asset_class and strategy take the printed group name without the portfolio percentage and without '(Continued)': B's form split one class into two on the continuation pages and carried a running-header marker into the data. subject_type 'fund': the row label names a vehicle (L.P./LP/LLC/SCSp/Limited Partnership), which the label-driven rule types fund, not investment. currency_scale '$': the symbol is printed once at the head of the Cost and Fair Value columns and governs every value beneath it.",RESOLVED,A+B+ADJUDICATOR,42fd3fd5192cd82559b79a6adfdcdbf321ee96ab2925a30c3f3513e2aabdc3b6
7677ffe60ec8c6aa6354,SRC407,5,PAIR_3053281AC384F78D2AF4E6E0,CONTEXT_CONFLICT,618,618,source_section|asset_class|strategy|currency_scale,MERGE,"source_section blanked: the only headings this document prints are the in-table groupings, which the placement rule makes asset_class/strategy and never source_section; pages 2-7 and 11 print no heading above the table at all. asset_class and strategy take the printed group name without the portfolio percentage and without '(Continued)': B's form split one class into two on the continuation pages and carried a running-header marker into the data. subject_type 'fund': the row label names a vehicle (L.P./LP/LLC/SCSp/Limited Partnership), which the label-driven rule types fund, not investment. currency_scale '$': the symbol is printed once at the head of the Cost and Fair Value columns and governs every value beneath it.; Source review: p5: Fair Value (Individual holdings, aggregate rows, and the hierarchy note have separate value scopes.) | p5: Fair Value (Printed heading or definition supporting the source-reviewed qualifier.)",RESOLVED,A+B+ADJUDICATOR,42fd3fd5192cd82559b79a6adfdcdbf321ee96ab2925a30c3f3513e2aabdc3b6
8c007421362a6871a7a2,SRC407,6,PAIR_91C4DE5D9BF1F1BF5C963AF3,CONTEXT_CONFLICT,619,619,source_section|asset_class|strategy|currency_scale,MERGE,"source_section blanked: the only headings this document prints are the in-table groupings, which the placement rule makes asset_class/strategy and never source_section; pages 2-7 and 11 print no heading above the table at all. metric_value_raw keeps the printed '$' that A stripped; the value column is raw and stripping a printed symbol is a normalisation. asset_class and strategy take the printed group name without the portfolio percentage and without '(Continued)': B's form split one class into two on the continuation pages and carried a running-header marker into the data. subject_type 'fund': the row label names a vehicle (L.P./LP/LLC/SCSp/Limited Partnership), which the label-driven rule types fund, not investment. currency_scale '$': the symbol is printed once at the head of the Cost and Fair Value columns and governs every value beneath it.",RESOLVED,A+B+ADJUDICATOR,42fd3fd5192cd82559b79a6adfdcdbf321ee96ab2925a30c3f3513e2aabdc3b6
83bd0719dd60bc934c31,SRC407,6,PAIR_04B8A6A9618DE11E31D7033E,CONTEXT_CONFLICT,620,620,source_section|asset_class|strategy|currency_scale,MERGE,"source_section blanked: the only headings this document prints are the in-table groupings, which the placement rule makes asset_class/strategy and never source_section; pages 2-7 and 11 print no heading above the table at all. metric_value_raw keeps the printed '$' that A stripped; the value column is raw and stripping a printed symbol is a normalisation. asset_class and strategy take the printed group name without the portfolio percentage and without '(Continued)': B's form split one class into two on the continuation pages and carried a running-header marker into the data. subject_type 'fund': the row label names a vehicle (L.P./LP/LLC/SCSp/Limited Partnership), which the label-driven rule types fund, not investment. currency_scale '$': the symbol is printed once at the head of the Cost and Fair Value columns and governs every value beneath it.; Source review: p6: Fair Value (Individual holdings, aggregate rows, and the hierarchy note have separate value scopes.) | p6: Fair Value (Printed heading or definition supporting the source-reviewed qualifier.)",RESOLVED,A+B+ADJUDICATOR,42fd3fd5192cd82559b79a6adfdcdbf321ee96ab2925a30c3f3513e2aabdc3b6
a074555a9a882dd5418e,SRC407,6,PAIR_405A10D5DDB052FE2D7553AF,CONTEXT_CONFLICT,621,621,source_section|asset_class|strategy|currency_scale,MERGE,"source_section blanked: the only headings this document prints are the in-table groupings, which the placement rule makes asset_class/strategy and never source_section; pages 2-7 and 11 print no heading above the table at all. asset_class and strategy take the printed group name without the portfolio percentage and without '(Continued)': B's form split one class into two on the continuation pages and carried a running-header marker into the data. subject_type 'fund': the row label names a vehicle (L.P./LP/LLC/SCSp/Limited Partnership), which the label-driven rule types fund, not investment. currency_scale '$': the symbol is printed once at the head of the Cost and Fair Value columns and governs every value beneath it.",RESOLVED,A+B+ADJUDICATOR,42fd3fd5192cd82559b79a6adfdcdbf321ee96ab2925a30c3f3513e2aabdc3b6
8b9f54e3732416153741,SRC407,6,PAIR_74793BBADFCCA31E8D42E239,CONTEXT_CONFLICT,622,622,source_section|asset_class|strategy|currency_scale,MERGE,"source_section blanked: the only headings this document prints are the in-table groupings, which the placement rule makes asset_class/strategy and never source_section; pages 2-7 and 11 print no heading above the table at all. asset_class and strategy take the printed group name without the portfolio percentage and without '(Continued)': B's form split one class into two on the continuation pages and carried a running-header marker into the data. subject_type 'fund': the row label names a vehicle (L.P./LP/LLC/SCSp/Limited Partnership), which the label-driven rule types fund, not investment. currency_scale '$': the symbol is printed once at the head of the Cost and Fair Value columns and governs every value beneath it.; Source review: p6: Fair Value (Individual holdings, aggregate rows, and the hierarchy note have separate value scopes.) | p6: Fair Value (Printed heading or definition supporting the source-reviewed qualifier.)",RESOLVED,A+B+ADJUDICATOR,42fd3fd5192cd82559b79a6adfdcdbf321ee96ab2925a30c3f3513e2aabdc3b6
3085e770fc9e49abb7de,SRC407,6,PAIR_7572B7D181929BB09A89E234,CONTEXT_CONFLICT,623,623,source_section|asset_class|strategy|currency_scale,MERGE,"source_section blanked: the only headings this document prints are the in-table groupings, which the placement rule makes asset_class/strategy and never source_section; pages 2-7 and 11 print no heading above the table at all. asset_class and strategy take the printed group name without the portfolio percentage and without '(Continued)': B's form split one class into two on the continuation pages and carried a running-header marker into the data. subject_type 'fund': the row label names a vehicle (L.P./LP/LLC/SCSp/Limited Partnership), which the label-driven rule types fund, not investment. currency_scale '$': the symbol is printed once at the head of the Cost and Fair Value columns and governs every value beneath it.",RESOLVED,A+B+ADJUDICATOR,42fd3fd5192cd82559b79a6adfdcdbf321ee96ab2925a30c3f3513e2aabdc3b6
ac43380d1044fbbdfcca,SRC407,6,PAIR_CE2BA1957ED84FD1BDFCAD14,CONTEXT_CONFLICT,624,624,source_section|asset_class|strategy|currency_scale,MERGE,"source_section blanked: the only headings this document prints are the in-table groupings, which the placement rule makes asset_class/strategy and never source_section; pages 2-7 and 11 print no heading above the table at all. asset_class and strategy take the printed group name without the portfolio percentage and without '(Continued)': B's form split one class into two on the continuation pages and carried a running-header marker into the data. subject_type 'fund': the row label names a vehicle (L.P./LP/LLC/SCSp/Limited Partnership), which the label-driven rule types fund, not investment. currency_scale '$': the symbol is printed once at the head of the Cost and Fair Value columns and governs every value beneath it.; Source review: p6: Fair Value (Individual holdings, aggregate rows, and the hierarchy note have separate value scopes.) | p6: Fair Value (Printed heading or definition supporting the source-reviewed qualifier.)",RESOLVED,A+B+ADJUDICATOR,42fd3fd5192cd82559b79a6adfdcdbf321ee96ab2925a30c3f3513e2aabdc3b6
4b5211a4c761cc47620c,SRC407,6,PAIR_92B56756AB3AA96CB2DB014B,CONTEXT_CONFLICT,625,625,source_section|asset_class|strategy|currency_scale,MERGE,"source_section blanked: the only headings this document prints are the in-table groupings, which the placement rule makes asset_class/strategy and never source_section; pages 2-7 and 11 print no heading above the table at all. asset_class and strategy take the printed group name without the portfolio percentage and without '(Continued)': B's form split one class into two on the continuation pages and carried a running-header marker into the data. subject_type 'fund': the row label names a vehicle (L.P./LP/LLC/SCSp/Limited Partnership), which the label-driven rule types fund, not investment. currency_scale '$': the symbol is printed once at the head of the Cost and Fair Value columns and governs every value beneath it.",RESOLVED,A+B+ADJUDICATOR,42fd3fd5192cd82559b79a6adfdcdbf321ee96ab2925a30c3f3513e2aabdc3b6
6edd411e1d67cd21f0fd,SRC407,6,PAIR_2C42D38634DD9354622AF12E,CONTEXT_CONFLICT,626,626,source_section|asset_class|strategy|currency_scale,MERGE,"source_section blanked: the only headings this document prints are the in-table groupings, which the placement rule makes asset_class/strategy and never source_section; pages 2-7 and 11 print no heading above the table at all. asset_class and strategy take the printed group name without the portfolio percentage and without '(Continued)': B's form split one class into two on the continuation pages and carried a running-header marker into the data. subject_type 'fund': the row label names a vehicle (L.P./LP/LLC/SCSp/Limited Partnership), which the label-driven rule types fund, not investment. currency_scale '$': the symbol is printed once at the head of the Cost and Fair Value columns and governs every value beneath it.; Source review: p6: Fair Value (Individual holdings, aggregate rows, and the hierarchy note have separate value scopes.) | p6: Fair Value (Printed heading or definition supporting the source-reviewed qualifier.)",RESOLVED,A+B+ADJUDICATOR,42fd3fd5192cd82559b79a6adfdcdbf321ee96ab2925a30c3f3513e2aabdc3b6
9a70b40acce8bd7ebdd8,SRC407,6,PAIR_F678A0C577888CDCA023B0EA,CONTEXT_CONFLICT,627,627,source_section|asset_class|strategy|currency_scale,MERGE,"source_section blanked: the only headings this document prints are the in-table groupings, which the placement rule makes asset_class/strategy and never source_section; pages 2-7 and 11 print no heading above the table at all. asset_class and strategy take the printed group name without the portfolio percentage and without '(Continued)': B's form split one class into two on the continuation pages and carried a running-header marker into the data. subject_type 'fund': the row label names a vehicle (L.P./LP/LLC/SCSp/Limited Partnership), which the label-driven rule types fund, not investment. currency_scale '$': the symbol is printed once at the head of the Cost and Fair Value columns and governs every value beneath it.",RESOLVED,A+B+ADJUDICATOR,42fd3fd5192cd82559b79a6adfdcdbf321ee96ab2925a30c3f3513e2aabdc3b6
cedf11f4b17c5088f1bb,SRC407,6,PAIR_75BE931E855A39CC9AAB2C74,CONTEXT_CONFLICT,628,628,source_section|asset_class|strategy|currency_scale,MERGE,"source_section blanked: the only headings this document prints are the in-table groupings, which the placement rule makes asset_class/strategy and never source_section; pages 2-7 and 11 print no heading above the table at all. asset_class and strategy take the printed group name without the portfolio percentage and without '(Continued)': B's form split one class into two on the continuation pages and carried a running-header marker into the data. subject_type 'fund': the row label names a vehicle (L.P./LP/LLC/SCSp/Limited Partnership), which the label-driven rule types fund, not investment. currency_scale '$': the symbol is printed once at the head of the Cost and Fair Value columns and governs every value beneath it.; Source review: p6: Fair Value (Individual holdings, aggregate rows, and the hierarchy note have separate value scopes.) | p6: Fair Value (Printed heading or definition supporting the source-reviewed qualifier.)",RESOLVED,A+B+ADJUDICATOR,42fd3fd5192cd82559b79a6adfdcdbf321ee96ab2925a30c3f3513e2aabdc3b6
78010776368872df1e5e,SRC407,6,PAIR_0A7732223B0F5C910C4AB53D,CONTEXT_CONFLICT,629,629,source_section|asset_class|strategy|currency_scale,MERGE,"source_section blanked: the only headings this document prints are the in-table groupings, which the placement rule makes asset_class/strategy and never source_section; pages 2-7 and 11 print no heading above the table at all. asset_class and strategy take the printed group name without the portfolio percentage and without '(Continued)': B's form split one class into two on the continuation pages and carried a running-header marker into the data. subject_type 'fund': the row label names a vehicle (L.P./LP/LLC/SCSp/Limited Partnership), which the label-driven rule types fund, not investment. currency_scale '$': the symbol is printed once at the head of the Cost and Fair Value columns and governs every value beneath it.",RESOLVED,A+B+ADJUDICATOR,42fd3fd5192cd82559b79a6adfdcdbf321ee96ab2925a30c3f3513e2aabdc3b6
c124e0856dad5d0cad4a,SRC407,6,PAIR_2C51DE6A3E4EAFEB78DD37C7,CONTEXT_CONFLICT,630,630,source_section|asset_class|strategy|currency_scale,MERGE,"source_section blanked: the only headings this document prints are the in-table groupings, which the placement rule makes asset_class/strategy and never source_section; pages 2-7 and 11 print no heading above the table at all. asset_class and strategy take the printed group name without the portfolio percentage and without '(Continued)': B's form split one class into two on the continuation pages and carried a running-header marker into the data. subject_type 'fund': the row label names a vehicle (L.P./LP/LLC/SCSp/Limited Partnership), which the label-driven rule types fund, not investment. currency_scale '$': the symbol is printed once at the head of the Cost and Fair Value columns and governs every value beneath it.; Source review: p6: Fair Value (Individual holdings, aggregate rows, and the hierarchy note have separate value scopes.) | p6: Fair Value (Printed heading or definition supporting the source-reviewed qualifier.)",RESOLVED,A+B+ADJUDICATOR,42fd3fd5192cd82559b79a6adfdcdbf321ee96ab2925a30c3f3513e2aabdc3b6
f3c1ed621f4c75bdd619,SRC407,6,PAIR_FAE089F14CFECF4E9B81F188,CONTEXT_CONFLICT,631,631,source_section|asset_class|strategy|currency_scale,MERGE,"source_section blanked: the only headings this document prints are the in-table groupings, which the placement rule makes asset_class/strategy and never source_section; pages 2-7 and 11 print no heading above the table at all. asset_class and strategy take the printed group name without the portfolio percentage and without '(Continued)': B's form split one class into two on the continuation pages and carried a running-header marker into the data. subject_type 'fund': the row label names a vehicle (L.P./LP/LLC/SCSp/Limited Partnership), which the label-driven rule types fund, not investment. currency_scale '$': the symbol is printed once at the head of the Cost and Fair Value columns and governs every value beneath it.",RESOLVED,A+B+ADJUDICATOR,42fd3fd5192cd82559b79a6adfdcdbf321ee96ab2925a30c3f3513e2aabdc3b6
6c8e7fcb858a08295888,SRC407,6,PAIR_8A36DFAFA349D1B4ACFDE208,CONTEXT_CONFLICT,632,632,source_section|asset_class|strategy|currency_scale,MERGE,"source_section blanked: the only headings this document prints are the in-table groupings, which the placement rule makes asset_class/strategy and never source_section; pages 2-7 and 11 print no heading above the table at all. asset_class and strategy take the printed group name without the portfolio percentage and without '(Continued)': B's form split one class into two on the continuation pages and carried a running-header marker into the data. subject_type 'fund': the row label names a vehicle (L.P./LP/LLC/SCSp/Limited Partnership), which the label-driven rule types fund, not investment. currency_scale '$': the symbol is printed once at the head of the Cost and Fair Value columns and governs every value beneath it.; Source review: p6: Fair Value (Individual holdings, aggregate rows, and the hierarchy note have separate value scopes.) | p6: Fair Value (Printed heading or definition supporting the source-reviewed qualifier.)",RESOLVED,A+B+ADJUDICATOR,42fd3fd5192cd82559b79a6adfdcdbf321ee96ab2925a30c3f3513e2aabdc3b6
3de49e8656283242000d,SRC407,6,PAIR_EC66B50AECDF4AF56256BC6C,CONTEXT_CONFLICT,633,633,source_section|asset_class|strategy|currency_scale,MERGE,"source_section blanked: the only headings this document prints are the in-table groupings, which the placement rule makes asset_class/strategy and never source_section; pages 2-7 and 11 print no heading above the table at all. asset_class and strategy take the printed group name without the portfolio percentage and without '(Continued)': B's form split one class into two on the continuation pages and carried a running-header marker into the data. subject_type 'fund': the row label names a vehicle (L.P./LP/LLC/SCSp/Limited Partnership), which the label-driven rule types fund, not investment. currency_scale '$': the symbol is printed once at the head of the Cost and Fair Value columns and governs every value beneath it.",RESOLVED,A+B+ADJUDICATOR,42fd3fd5192cd82559b79a6adfdcdbf321ee96ab2925a30c3f3513e2aabdc3b6
fab02a383347acd245f9,SRC407,6,PAIR_7D1FA651915D604189FEEFBF,CONTEXT_CONFLICT,634,634,source_section|asset_class|strategy|currency_scale,MERGE,"source_section blanked: the only headings this document prints are the in-table groupings, which the placement rule makes asset_class/strategy and never source_section; pages 2-7 and 11 print no heading above the table at all. asset_class and strategy take the printed group name without the portfolio percentage and without '(Continued)': B's form split one class into two on the continuation pages and carried a running-header marker into the data. subject_type 'fund': the row label names a vehicle (L.P./LP/LLC/SCSp/Limited Partnership), which the label-driven rule types fund, not investment. currency_scale '$': the symbol is printed once at the head of the Cost and Fair Value columns and governs every value beneath it.; Source review: p6: Fair Value (Individual holdings, aggregate rows, and the hierarchy note have separate value scopes.) | p6: Fair Value (Printed heading or definition supporting the source-reviewed qualifier.)",RESOLVED,A+B+ADJUDICATOR,42fd3fd5192cd82559b79a6adfdcdbf321ee96ab2925a30c3f3513e2aabdc3b6
228679ef69c589afaef6,SRC407,6,PAIR_C4F68AC6B94DF838CD75E3A9,CONTEXT_CONFLICT,635,635,source_section|asset_class|strategy|currency_scale,MERGE,"source_section blanked: the only headings this document prints are the in-table groupings, which the placement rule makes asset_class/strategy and never source_section; pages 2-7 and 11 print no heading above the table at all. asset_class and strategy take the printed group name without the portfolio percentage and without '(Continued)': B's form split one class into two on the continuation pages and carried a running-header marker into the data. subject_type 'fund': the row label names a vehicle (L.P./LP/LLC/SCSp/Limited Partnership), which the label-driven rule types fund, not investment. currency_scale '$': the symbol is printed once at the head of the Cost and Fair Value columns and governs every value beneath it.",RESOLVED,A+B+ADJUDICATOR,42fd3fd5192cd82559b79a6adfdcdbf321ee96ab2925a30c3f3513e2aabdc3b6
c26aec8f7f1e783fd2b8,SRC407,6,PAIR_0DDB7CDB6E13CB2058480489,CONTEXT_CONFLICT,636,636,source_section|asset_class|strategy|currency_scale,MERGE,"source_section blanked: the only headings this document prints are the in-table groupings, which the placement rule makes asset_class/strategy and never source_section; pages 2-7 and 11 print no heading above the table at all. asset_class and strategy take the printed group name without the portfolio percentage and without '(Continued)': B's form split one class into two on the continuation pages and carried a running-header marker into the data. subject_type 'fund': the row label names a vehicle (L.P./LP/LLC/SCSp/Limited Partnership), which the label-driven rule types fund, not investment. currency_scale '$': the symbol is printed once at the head of the Cost and Fair Value columns and governs every value beneath it.; Source review: p6: Fair Value (Individual holdings, aggregate rows, and the hierarchy note have separate value scopes.) | p6: Fair Value (Printed heading or definition supporting the source-reviewed qualifier.)",RESOLVED,A+B+ADJUDICATOR,42fd3fd5192cd82559b79a6adfdcdbf321ee96ab2925a30c3f3513e2aabdc3b6
7fa1a20e75c893a9dad3,SRC407,6,PAIR_35B9FBAC32A92976D06E9138,CONTEXT_CONFLICT,637,637,source_section|asset_class|strategy|currency_scale,MERGE,"source_section blanked: the only headings this document prints are the in-table groupings, which the placement rule makes asset_class/strategy and never source_section; pages 2-7 and 11 print no heading above the table at all. asset_class and strategy take the printed group name without the portfolio percentage and without '(Continued)': B's form split one class into two on the continuation pages and carried a running-header marker into the data. subject_type 'fund': the row label names a vehicle (L.P./LP/LLC/SCSp/Limited Partnership), which the label-driven rule types fund, not investment. currency_scale '$': the symbol is printed once at the head of the Cost and Fair Value columns and governs every value beneath it.",RESOLVED,A+B+ADJUDICATOR,42fd3fd5192cd82559b79a6adfdcdbf321ee96ab2925a30c3f3513e2aabdc3b6
1fba886139df6d97e003,SRC407,6,PAIR_4DFB23D3ED05E2FE1DC1F70A,CONTEXT_CONFLICT,638,638,source_section|asset_class|strategy|currency_scale,MERGE,"source_section blanked: the only headings this document prints are the in-table groupings, which the placement rule makes asset_class/strategy and never source_section; pages 2-7 and 11 print no heading above the table at all. asset_class and strategy take the printed group name without the portfolio percentage and without '(Continued)': B's form split one class into two on the continuation pages and carried a running-header marker into the data. subject_type 'fund': the row label names a vehicle (L.P./LP/LLC/SCSp/Limited Partnership), which the label-driven rule types fund, not investment. currency_scale '$': the symbol is printed once at the head of the Cost and Fair Value columns and governs every value beneath it.; Source review: p6: Fair Value (Individual holdings, aggregate rows, and the hierarchy note have separate value scopes.) | p6: Fair Value (Printed heading or definition supporting the source-reviewed qualifier.)",RESOLVED,A+B+ADJUDICATOR,42fd3fd5192cd82559b79a6adfdcdbf321ee96ab2925a30c3f3513e2aabdc3b6
ae3a7e4dcaddaf4800bc,SRC407,6,PAIR_52AC6C8A987FB6DCACC87AB0,CONTEXT_CONFLICT,639,639,source_section|asset_class|strategy|currency_scale,MERGE,"source_section blanked: the only headings this document prints are the in-table groupings, which the placement rule makes asset_class/strategy and never source_section; pages 2-7 and 11 print no heading above the table at all. asset_class and strategy take the printed group name without the portfolio percentage and without '(Continued)': B's form split one class into two on the continuation pages and carried a running-header marker into the data. subject_type 'fund': the row label names a vehicle (L.P./LP/LLC/SCSp/Limited Partnership), which the label-driven rule types fund, not investment. currency_scale '$': the symbol is printed once at the head of the Cost and Fair Value columns and governs every value beneath it.",RESOLVED,A+B+ADJUDICATOR,42fd3fd5192cd82559b79a6adfdcdbf321ee96ab2925a30c3f3513e2aabdc3b6
0884408457638f5f35c2,SRC407,6,PAIR_B177482CD2EC0E9DC82B95E7,CONTEXT_CONFLICT,640,640,source_section|asset_class|strategy|currency_scale,MERGE,"source_section blanked: the only headings this document prints are the in-table groupings, which the placement rule makes asset_class/strategy and never source_section; pages 2-7 and 11 print no heading above the table at all. asset_class and strategy take the printed group name without the portfolio percentage and without '(Continued)': B's form split one class into two on the continuation pages and carried a running-header marker into the data. subject_type 'fund': the row label names a vehicle (L.P./LP/LLC/SCSp/Limited Partnership), which the label-driven rule types fund, not investment. currency_scale '$': the symbol is printed once at the head of the Cost and Fair Value columns and governs every value beneath it.; Source review: p6: Fair Value (Individual holdings, aggregate rows, and the hierarchy note have separate value scopes.) | p6: Fair Value (Printed heading or definition supporting the source-reviewed qualifier.)",RESOLVED,A+B+ADJUDICATOR,42fd3fd5192cd82559b79a6adfdcdbf321ee96ab2925a30c3f3513e2aabdc3b6
8f51f4f1dcdba7968247,SRC407,6,PAIR_7DB29BE5F8F11E27D4319DB3,CONTEXT_CONFLICT,641,641,source_section|asset_class|strategy|currency_scale,MERGE,"source_section blanked: the only headings this document prints are the in-table groupings, which the placement rule makes asset_class/strategy and never source_section; pages 2-7 and 11 print no heading above the table at all. asset_class and strategy take the printed group name without the portfolio percentage and without '(Continued)': B's form split one class into two on the continuation pages and carried a running-header marker into the data. subject_type 'fund': the row label names a vehicle (L.P./LP/LLC/SCSp/Limited Partnership), which the label-driven rule types fund, not investment. currency_scale '$': the symbol is printed once at the head of the Cost and Fair Value columns and governs every value beneath it.",RESOLVED,A+B+ADJUDICATOR,42fd3fd5192cd82559b79a6adfdcdbf321ee96ab2925a30c3f3513e2aabdc3b6
6985a971c8ff72820abf,SRC407,6,PAIR_ADF37B4995DF65677A917037,CONTEXT_CONFLICT,642,642,source_section|asset_class|strategy|currency_scale,MERGE,"source_section blanked: the only headings this document prints are the in-table groupings, which the placement rule makes asset_class/strategy and never source_section; pages 2-7 and 11 print no heading above the table at all. asset_class and strategy take the printed group name without the portfolio percentage and without '(Continued)': B's form split one class into two on the continuation pages and carried a running-header marker into the data. subject_type 'fund': the row label names a vehicle (L.P./LP/LLC/SCSp/Limited Partnership), which the label-driven rule types fund, not investment. currency_scale '$': the symbol is printed once at the head of the Cost and Fair Value columns and governs every value beneath it.; Source review: p6: Fair Value (Individual holdings, aggregate rows, and the hierarchy note have separate value scopes.) | p6: Fair Value (Printed heading or definition supporting the source-reviewed qualifier.)",RESOLVED,A+B+ADJUDICATOR,42fd3fd5192cd82559b79a6adfdcdbf321ee96ab2925a30c3f3513e2aabdc3b6
51984451cd9fe5914361,SRC407,6,PAIR_1B35F159AE691AD3B64FFAAF,CONTEXT_CONFLICT,643,643,source_section|asset_class|strategy|currency_scale,MERGE,"source_section blanked: the only headings this document prints are the in-table groupings, which the placement rule makes asset_class/strategy and never source_section; pages 2-7 and 11 print no heading above the table at all. asset_class and strategy take the printed group name without the portfolio percentage and without '(Continued)': B's form split one class into two on the continuation pages and carried a running-header marker into the data. subject_type 'fund': the row label names a vehicle (L.P./LP/LLC/SCSp/Limited Partnership), which the label-driven rule types fund, not investment. currency_scale '$': the symbol is printed once at the head of the Cost and Fair Value columns and governs every value beneath it.",RESOLVED,A+B+ADJUDICATOR,42fd3fd5192cd82559b79a6adfdcdbf321ee96ab2925a30c3f3513e2aabdc3b6
9033426f2870bab0b67b,SRC407,6,PAIR_195C5959D606ABEB80230CAA,CONTEXT_CONFLICT,644,644,source_section|asset_class|strategy|currency_scale,MERGE,"source_section blanked: the only headings this document prints are the in-table groupings, which the placement rule makes asset_class/strategy and never source_section; pages 2-7 and 11 print no heading above the table at all. asset_class and strategy take the printed group name without the portfolio percentage and without '(Continued)': B's form split one class into two on the continuation pages and carried a running-header marker into the data. subject_type 'fund': the row label names a vehicle (L.P./LP/LLC/SCSp/Limited Partnership), which the label-driven rule types fund, not investment. currency_scale '$': the symbol is printed once at the head of the Cost and Fair Value columns and governs every value beneath it.; Source review: p6: Fair Value (Individual holdings, aggregate rows, and the hierarchy note have separate value scopes.) | p6: Fair Value (Printed heading or definition supporting the source-reviewed qualifier.)",RESOLVED,A+B+ADJUDICATOR,42fd3fd5192cd82559b79a6adfdcdbf321ee96ab2925a30c3f3513e2aabdc3b6
2a12f7bf3f3ee8f5eb68,SRC407,6,PAIR_009761D6D25EB8DFB51DDF84,CONTEXT_CONFLICT,645,645,source_section|asset_class|strategy|currency_scale,MERGE,"source_section blanked: the only headings this document prints are the in-table groupings, which the placement rule makes asset_class/strategy and never source_section; pages 2-7 and 11 print no heading above the table at all. asset_class and strategy take the printed group name without the portfolio percentage and without '(Continued)': B's form split one class into two on the continuation pages and carried a running-header marker into the data. subject_type 'fund': the row label names a vehicle (L.P./LP/LLC/SCSp/Limited Partnership), which the label-driven rule types fund, not investment. currency_scale '$': the symbol is printed once at the head of the Cost and Fair Value columns and governs every value beneath it.",RESOLVED,A+B+ADJUDICATOR,42fd3fd5192cd82559b79a6adfdcdbf321ee96ab2925a30c3f3513e2aabdc3b6
8cf9410bdb02f45b6473,SRC407,6,PAIR_203420F43370708534091181,CONTEXT_CONFLICT,646,646,source_section|asset_class|strategy|currency_scale,MERGE,"source_section blanked: the only headings this document prints are the in-table groupings, which the placement rule makes asset_class/strategy and never source_section; pages 2-7 and 11 print no heading above the table at all. asset_class and strategy take the printed group name without the portfolio percentage and without '(Continued)': B's form split one class into two on the continuation pages and carried a running-header marker into the data. subject_type 'fund': the row label names a vehicle (L.P./LP/LLC/SCSp/Limited Partnership), which the label-driven rule types fund, not investment. currency_scale '$': the symbol is printed once at the head of the Cost and Fair Value columns and governs every value beneath it.; Source review: p6: Fair Value (Individual holdings, aggregate rows, and the hierarchy note have separate value scopes.) | p6: Fair Value (Printed heading or definition supporting the source-reviewed qualifier.)",RESOLVED,A+B+ADJUDICATOR,42fd3fd5192cd82559b79a6adfdcdbf321ee96ab2925a30c3f3513e2aabdc3b6
92c28765739c9a2f99cb,SRC407,6,PAIR_21975DBE0DACD8E5883F448A,CONTEXT_CONFLICT,647,647,source_section|asset_class|strategy|currency_scale,MERGE,"source_section blanked: the only headings this document prints are the in-table groupings, which the placement rule makes asset_class/strategy and never source_section; pages 2-7 and 11 print no heading above the table at all. asset_class and strategy take the printed group name without the portfolio percentage and without '(Continued)': B's form split one class into two on the continuation pages and carried a running-header marker into the data. subject_type 'fund': the row label names a vehicle (L.P./LP/LLC/SCSp/Limited Partnership), which the label-driven rule types fund, not investment. currency_scale '$': the symbol is printed once at the head of the Cost and Fair Value columns and governs every value beneath it.",RESOLVED,A+B+ADJUDICATOR,42fd3fd5192cd82559b79a6adfdcdbf321ee96ab2925a30c3f3513e2aabdc3b6
cef653d0a8bc200008b9,SRC407,6,PAIR_D01126E8108C081EBAF2D730,CONTEXT_CONFLICT,648,648,source_section|asset_class|strategy|currency_scale,MERGE,"source_section blanked: the only headings this document prints are the in-table groupings, which the placement rule makes asset_class/strategy and never source_section; pages 2-7 and 11 print no heading above the table at all. asset_class and strategy take the printed group name without the portfolio percentage and without '(Continued)': B's form split one class into two on the continuation pages and carried a running-header marker into the data. subject_type 'fund': the row label names a vehicle (L.P./LP/LLC/SCSp/Limited Partnership), which the label-driven rule types fund, not investment. currency_scale '$': the symbol is printed once at the head of the Cost and Fair Value columns and governs every value beneath it.; Source review: p6: Fair Value (Individual holdings, aggregate rows, and the hierarchy note have separate value scopes.) | p6: Fair Value (Printed heading or definition supporting the source-reviewed qualifier.)",RESOLVED,A+B+ADJUDICATOR,42fd3fd5192cd82559b79a6adfdcdbf321ee96ab2925a30c3f3513e2aabdc3b6
cf64468053177ed12da7,SRC407,6,PAIR_A4C1D00BFFF5E12D86A87D6A,CONTEXT_CONFLICT,649,649,source_section|asset_class|strategy|currency_scale,MERGE,"source_section blanked: the only headings this document prints are the in-table groupings, which the placement rule makes asset_class/strategy and never source_section; pages 2-7 and 11 print no heading above the table at all. asset_class and strategy take the printed group name without the portfolio percentage and without '(Continued)': B's form split one class into two on the continuation pages and carried a running-header marker into the data. subject_type 'fund': the row label names a vehicle (L.P./LP/LLC/SCSp/Limited Partnership), which the label-driven rule types fund, not investment. currency_scale '$': the symbol is printed once at the head of the Cost and Fair Value columns and governs every value beneath it.",RESOLVED,A+B+ADJUDICATOR,42fd3fd5192cd82559b79a6adfdcdbf321ee96ab2925a30c3f3513e2aabdc3b6
e1412ed1fc8288f848b8,SRC407,6,PAIR_6F1098CF66876E4F011A0C18,CONTEXT_CONFLICT,650,650,source_section|asset_class|strategy|currency_scale,MERGE,"source_section blanked: the only headings this document prints are the in-table groupings, which the placement rule makes asset_class/strategy and never source_section; pages 2-7 and 11 print no heading above the table at all. asset_class and strategy take the printed group name without the portfolio percentage and without '(Continued)': B's form split one class into two on the continuation pages and carried a running-header marker into the data. subject_type 'fund': the row label names a vehicle (L.P./LP/LLC/SCSp/Limited Partnership), which the label-driven rule types fund, not investment. currency_scale '$': the symbol is printed once at the head of the Cost and Fair Value columns and governs every value beneath it.; Source review: p6: Fair Value (Individual holdings, aggregate rows, and the hierarchy note have separate value scopes.) | p6: Fair Value (Printed heading or definition supporting the source-reviewed qualifier.)",RESOLVED,A+B+ADJUDICATOR,42fd3fd5192cd82559b79a6adfdcdbf321ee96ab2925a30c3f3513e2aabdc3b6
650f25b4fdeffb81f62e,SRC407,6,PAIR_1FFFFFF4023B1BD4AAE7FC60,CONTEXT_CONFLICT,651,651,source_section|asset_class|strategy|currency_scale,MERGE,"source_section blanked: the only headings this document prints are the in-table groupings, which the placement rule makes asset_class/strategy and never source_section; pages 2-7 and 11 print no heading above the table at all. asset_class and strategy take the printed group name without the portfolio percentage and without '(Continued)': B's form split one class into two on the continuation pages and carried a running-header marker into the data. subject_type 'fund': the row label names a vehicle (L.P./LP/LLC/SCSp/Limited Partnership), which the label-driven rule types fund, not investment. currency_scale '$': the symbol is printed once at the head of the Cost and Fair Value columns and governs every value beneath it.",RESOLVED,A+B+ADJUDICATOR,42fd3fd5192cd82559b79a6adfdcdbf321ee96ab2925a30c3f3513e2aabdc3b6
89e762133bed34cfb6f1,SRC407,6,PAIR_267542F6371A6E8019A422A9,CONTEXT_CONFLICT,652,652,source_section|asset_class|strategy|currency_scale,MERGE,"source_section blanked: the only headings this document prints are the in-table groupings, which the placement rule makes asset_class/strategy and never source_section; pages 2-7 and 11 print no heading above the table at all. asset_class and strategy take the printed group name without the portfolio percentage and without '(Continued)': B's form split one class into two on the continuation pages and carried a running-header marker into the data. subject_type 'fund': the row label names a vehicle (L.P./LP/LLC/SCSp/Limited Partnership), which the label-driven rule types fund, not investment. currency_scale '$': the symbol is printed once at the head of the Cost and Fair Value columns and governs every value beneath it.; Source review: p6: Fair Value (Individual holdings, aggregate rows, and the hierarchy note have separate value scopes.) | p6: Fair Value (Printed heading or definition supporting the source-reviewed qualifier.)",RESOLVED,A+B+ADJUDICATOR,42fd3fd5192cd82559b79a6adfdcdbf321ee96ab2925a30c3f3513e2aabdc3b6
7532aeae748f675387e7,SRC407,6,PAIR_BCAD757E6AF127C32ED63F6B,CONTEXT_CONFLICT,653,653,source_section|asset_class|strategy|currency_scale,MERGE,"source_section blanked: the only headings this document prints are the in-table groupings, which the placement rule makes asset_class/strategy and never source_section; pages 2-7 and 11 print no heading above the table at all. asset_class and strategy take the printed group name without the portfolio percentage and without '(Continued)': B's form split one class into two on the continuation pages and carried a running-header marker into the data. subject_type 'fund': the row label names a vehicle (L.P./LP/LLC/SCSp/Limited Partnership), which the label-driven rule types fund, not investment. currency_scale '$': the symbol is printed once at the head of the Cost and Fair Value columns and governs every value beneath it.",RESOLVED,A+B+ADJUDICATOR,42fd3fd5192cd82559b79a6adfdcdbf321ee96ab2925a30c3f3513e2aabdc3b6
1e8326c90b0655302360,SRC407,6,PAIR_4AE3E3F68403E40D74B21734,CONTEXT_CONFLICT,654,654,source_section|asset_class|strategy|currency_scale,MERGE,"source_section blanked: the only headings this document prints are the in-table groupings, which the placement rule makes asset_class/strategy and never source_section; pages 2-7 and 11 print no heading above the table at all. asset_class and strategy take the printed group name without the portfolio percentage and without '(Continued)': B's form split one class into two on the continuation pages and carried a running-header marker into the data. subject_type 'fund': the row label names a vehicle (L.P./LP/LLC/SCSp/Limited Partnership), which the label-driven rule types fund, not investment. currency_scale '$': the symbol is printed once at the head of the Cost and Fair Value columns and governs every value beneath it.; Source review: p6: Fair Value (Individual holdings, aggregate rows, and the hierarchy note have separate value scopes.) | p6: Fair Value (Printed heading or definition supporting the source-reviewed qualifier.)",RESOLVED,A+B+ADJUDICATOR,42fd3fd5192cd82559b79a6adfdcdbf321ee96ab2925a30c3f3513e2aabdc3b6
e103ac6beccb84e882c4,SRC407,6,PAIR_47F348130901993303CA7775,CONTEXT_CONFLICT,655,655,source_section|asset_class|strategy|currency_scale,MERGE,"source_section blanked: the only headings this document prints are the in-table groupings, which the placement rule makes asset_class/strategy and never source_section; pages 2-7 and 11 print no heading above the table at all. asset_class and strategy take the printed group name without the portfolio percentage and without '(Continued)': B's form split one class into two on the continuation pages and carried a running-header marker into the data. subject_type 'fund': the row label names a vehicle (L.P./LP/LLC/SCSp/Limited Partnership), which the label-driven rule types fund, not investment. currency_scale '$': the symbol is printed once at the head of the Cost and Fair Value columns and governs every value beneath it.",RESOLVED,A+B+ADJUDICATOR,42fd3fd5192cd82559b79a6adfdcdbf321ee96ab2925a30c3f3513e2aabdc3b6
ceaf4c48e809c2b4fc06,SRC407,6,PAIR_AA8A1EEB39601B2461A12659,CONTEXT_CONFLICT,656,656,source_section|asset_class|strategy|currency_scale,MERGE,"source_section blanked: the only headings this document prints are the in-table groupings, which the placement rule makes asset_class/strategy and never source_section; pages 2-7 and 11 print no heading above the table at all. asset_class and strategy take the printed group name without the portfolio percentage and without '(Continued)': B's form split one class into two on the continuation pages and carried a running-header marker into the data. subject_type 'fund': the row label names a vehicle (L.P./LP/LLC/SCSp/Limited Partnership), which the label-driven rule types fund, not investment. currency_scale '$': the symbol is printed once at the head of the Cost and Fair Value columns and governs every value beneath it.; Source review: p6: Fair Value (Individual holdings, aggregate rows, and the hierarchy note have separate value scopes.) | p6: Fair Value (Printed heading or definition supporting the source-reviewed qualifier.)",RESOLVED,A+B+ADJUDICATOR,42fd3fd5192cd82559b79a6adfdcdbf321ee96ab2925a30c3f3513e2aabdc3b6
0624007a3aced074dc63,SRC407,6,PAIR_A05C5C6835D3ABDE47D42B7F,CONTEXT_CONFLICT,657,657,source_section|asset_class|strategy|currency_scale,MERGE,"source_section blanked: the only headings this document prints are the in-table groupings, which the placement rule makes asset_class/strategy and never source_section; pages 2-7 and 11 print no heading above the table at all. asset_class and strategy take the printed group name without the portfolio percentage and without '(Continued)': B's form split one class into two on the continuation pages and carried a running-header marker into the data. subject_type 'fund': the row label names a vehicle (L.P./LP/LLC/SCSp/Limited Partnership), which the label-driven rule types fund, not investment. currency_scale '$': the symbol is printed once at the head of the Cost and Fair Value columns and governs every value beneath it.",RESOLVED,A+B+ADJUDICATOR,42fd3fd5192cd82559b79a6adfdcdbf321ee96ab2925a30c3f3513e2aabdc3b6
fb00f0104d86bbb19912,SRC407,6,PAIR_B60D41544CCF18B284C0DA80,CONTEXT_CONFLICT,658,658,source_section|asset_class|strategy|currency_scale,MERGE,"source_section blanked: the only headings this document prints are the in-table groupings, which the placement rule makes asset_class/strategy and never source_section; pages 2-7 and 11 print no heading above the table at all. asset_class and strategy take the printed group name without the portfolio percentage and without '(Continued)': B's form split one class into two on the continuation pages and carried a running-header marker into the data. subject_type 'fund': the row label names a vehicle (L.P./LP/LLC/SCSp/Limited Partnership), which the label-driven rule types fund, not investment. currency_scale '$': the symbol is printed once at the head of the Cost and Fair Value columns and governs every value beneath it.; Source review: p6: Fair Value (Individual holdings, aggregate rows, and the hierarchy note have separate value scopes.) | p6: Fair Value (Printed heading or definition supporting the source-reviewed qualifier.)",RESOLVED,A+B+ADJUDICATOR,42fd3fd5192cd82559b79a6adfdcdbf321ee96ab2925a30c3f3513e2aabdc3b6
d8157748c0f2d3e8b876,SRC407,6,PAIR_36D73374818F255656C56724,CONTEXT_CONFLICT,659,659,source_section|asset_class|strategy|currency_scale,MERGE,"source_section blanked: the only headings this document prints are the in-table groupings, which the placement rule makes asset_class/strategy and never source_section; pages 2-7 and 11 print no heading above the table at all. asset_class and strategy take the printed group name without the portfolio percentage and without '(Continued)': B's form split one class into two on the continuation pages and carried a running-header marker into the data. subject_type 'fund': the row label names a vehicle (L.P./LP/LLC/SCSp/Limited Partnership), which the label-driven rule types fund, not investment. currency_scale '$': the symbol is printed once at the head of the Cost and Fair Value columns and governs every value beneath it.",RESOLVED,A+B+ADJUDICATOR,42fd3fd5192cd82559b79a6adfdcdbf321ee96ab2925a30c3f3513e2aabdc3b6
d837c39dc1be1b10fbc9,SRC407,6,PAIR_923E7337DA434CF6595BDE87,CONTEXT_CONFLICT,660,660,source_section|asset_class|strategy|currency_scale,MERGE,"source_section blanked: the only headings this document prints are the in-table groupings, which the placement rule makes asset_class/strategy and never source_section; pages 2-7 and 11 print no heading above the table at all. asset_class and strategy take the printed group name without the portfolio percentage and without '(Continued)': B's form split one class into two on the continuation pages and carried a running-header marker into the data. subject_type 'fund': the row label names a vehicle (L.P./LP/LLC/SCSp/Limited Partnership), which the label-driven rule types fund, not investment. currency_scale '$': the symbol is printed once at the head of the Cost and Fair Value columns and governs every value beneath it.; Source review: p6: Fair Value (Individual holdings, aggregate rows, and the hierarchy note have separate value scopes.) | p6: Fair Value (Printed heading or definition supporting the source-reviewed qualifier.)",RESOLVED,A+B+ADJUDICATOR,42fd3fd5192cd82559b79a6adfdcdbf321ee96ab2925a30c3f3513e2aabdc3b6
f535037b1e9239893e19,SRC407,6,PAIR_8F7F15328473DBC1AB93E45E,CONTEXT_CONFLICT,661,661,source_section|asset_class|strategy|currency_scale,MERGE,"source_section blanked: the only headings this document prints are the in-table groupings, which the placement rule makes asset_class/strategy and never source_section; pages 2-7 and 11 print no heading above the table at all. asset_class and strategy take the printed group name without the portfolio percentage and without '(Continued)': B's form split one class into two on the continuation pages and carried a running-header marker into the data. subject_type 'fund': the row label names a vehicle (L.P./LP/LLC/SCSp/Limited Partnership), which the label-driven rule types fund, not investment. currency_scale '$': the symbol is printed once at the head of the Cost and Fair Value columns and governs every value beneath it.",RESOLVED,A+B+ADJUDICATOR,42fd3fd5192cd82559b79a6adfdcdbf321ee96ab2925a30c3f3513e2aabdc3b6
adf9ec1c52bc2e656f6e,SRC407,6,PAIR_9BFFC3DDD668F0040CF2F0BF,CONTEXT_CONFLICT,662,662,source_section|asset_class|strategy|currency_scale,MERGE,"source_section blanked: the only headings this document prints are the in-table groupings, which the placement rule makes asset_class/strategy and never source_section; pages 2-7 and 11 print no heading above the table at all. asset_class and strategy take the printed group name without the portfolio percentage and without '(Continued)': B's form split one class into two on the continuation pages and carried a running-header marker into the data. subject_type 'fund': the row label names a vehicle (L.P./LP/LLC/SCSp/Limited Partnership), which the label-driven rule types fund, not investment. currency_scale '$': the symbol is printed once at the head of the Cost and Fair Value columns and governs every value beneath it.; Source review: p6: Fair Value (Individual holdings, aggregate rows, and the hierarchy note have separate value scopes.) | p6: Fair Value (Printed heading or definition supporting the source-reviewed qualifier.)",RESOLVED,A+B+ADJUDICATOR,42fd3fd5192cd82559b79a6adfdcdbf321ee96ab2925a30c3f3513e2aabdc3b6
1dc41dea4accb191f6fd,SRC407,6,PAIR_1F661054DF286680F366EAF4,CONTEXT_CONFLICT,663,663,source_section|asset_class|strategy|currency_scale,MERGE,"source_section blanked: the only headings this document prints are the in-table groupings, which the placement rule makes asset_class/strategy and never source_section; pages 2-7 and 11 print no heading above the table at all. asset_class and strategy take the printed group name without the portfolio percentage and without '(Continued)': B's form split one class into two on the continuation pages and carried a running-header marker into the data. subject_type 'fund': the row label names a vehicle (L.P./LP/LLC/SCSp/Limited Partnership), which the label-driven rule types fund, not investment. currency_scale '$': the symbol is printed once at the head of the Cost and Fair Value columns and governs every value beneath it.",RESOLVED,A+B+ADJUDICATOR,42fd3fd5192cd82559b79a6adfdcdbf321ee96ab2925a30c3f3513e2aabdc3b6
c8436b709cf208482fa2,SRC407,6,PAIR_FD1ACE455FCC1727189F39C0,CONTEXT_CONFLICT,664,664,source_section|asset_class|strategy|currency_scale,MERGE,"source_section blanked: the only headings this document prints are the in-table groupings, which the placement rule makes asset_class/strategy and never source_section; pages 2-7 and 11 print no heading above the table at all. asset_class and strategy take the printed group name without the portfolio percentage and without '(Continued)': B's form split one class into two on the continuation pages and carried a running-header marker into the data. subject_type 'fund': the row label names a vehicle (L.P./LP/LLC/SCSp/Limited Partnership), which the label-driven rule types fund, not investment. currency_scale '$': the symbol is printed once at the head of the Cost and Fair Value columns and governs every value beneath it.; Source review: p6: Fair Value (Individual holdings, aggregate rows, and the hierarchy note have separate value scopes.) | p6: Fair Value (Printed heading or definition supporting the source-reviewed qualifier.)",RESOLVED,A+B+ADJUDICATOR,42fd3fd5192cd82559b79a6adfdcdbf321ee96ab2925a30c3f3513e2aabdc3b6
78a125f0e7727bee4677,SRC407,6,PAIR_DF019A8FBC259C0FDB6265B8,CONTEXT_CONFLICT,665,665,source_section|asset_class|strategy|currency_scale,MERGE,"source_section blanked: the only headings this document prints are the in-table groupings, which the placement rule makes asset_class/strategy and never source_section; pages 2-7 and 11 print no heading above the table at all. asset_class and strategy take the printed group name without the portfolio percentage and without '(Continued)': B's form split one class into two on the continuation pages and carried a running-header marker into the data. subject_type 'fund': the row label names a vehicle (L.P./LP/LLC/SCSp/Limited Partnership), which the label-driven rule types fund, not investment. currency_scale '$': the symbol is printed once at the head of the Cost and Fair Value columns and governs every value beneath it.",RESOLVED,A+B+ADJUDICATOR,42fd3fd5192cd82559b79a6adfdcdbf321ee96ab2925a30c3f3513e2aabdc3b6
4a8542fc43669dd81b41,SRC407,6,PAIR_9402BD16B1585FD00369E029,CONTEXT_CONFLICT,666,666,source_section|asset_class|strategy|currency_scale,MERGE,"source_section blanked: the only headings this document prints are the in-table groupings, which the placement rule makes asset_class/strategy and never source_section; pages 2-7 and 11 print no heading above the table at all. asset_class and strategy take the printed group name without the portfolio percentage and without '(Continued)': B's form split one class into two on the continuation pages and carried a running-header marker into the data. subject_type 'fund': the row label names a vehicle (L.P./LP/LLC/SCSp/Limited Partnership), which the label-driven rule types fund, not investment. currency_scale '$': the symbol is printed once at the head of the Cost and Fair Value columns and governs every value beneath it.; Source review: p6: Fair Value (Individual holdings, aggregate rows, and the hierarchy note have separate value scopes.) | p6: Fair Value (Printed heading or definition supporting the source-reviewed qualifier.)",RESOLVED,A+B+ADJUDICATOR,42fd3fd5192cd82559b79a6adfdcdbf321ee96ab2925a30c3f3513e2aabdc3b6
bbc206aaaeb9129182ec,SRC407,6,PAIR_D228F6ED91BBCD08EB6FAC89,CONTEXT_CONFLICT,667,667,source_section|asset_class|strategy|currency_scale,MERGE,"source_section blanked: the only headings this document prints are the in-table groupings, which the placement rule makes asset_class/strategy and never source_section; pages 2-7 and 11 print no heading above the table at all. asset_class and strategy take the printed group name without the portfolio percentage and without '(Continued)': B's form split one class into two on the continuation pages and carried a running-header marker into the data. subject_type 'fund': the row label names a vehicle (L.P./LP/LLC/SCSp/Limited Partnership), which the label-driven rule types fund, not investment. currency_scale '$': the symbol is printed once at the head of the Cost and Fair Value columns and governs every value beneath it.",RESOLVED,A+B+ADJUDICATOR,42fd3fd5192cd82559b79a6adfdcdbf321ee96ab2925a30c3f3513e2aabdc3b6
b84b065462ea38108b90,SRC407,6,PAIR_9A853FA8F42A3B3CC205684D,CONTEXT_CONFLICT,668,668,source_section|asset_class|strategy|currency_scale,MERGE,"source_section blanked: the only headings this document prints are the in-table groupings, which the placement rule makes asset_class/strategy and never source_section; pages 2-7 and 11 print no heading above the table at all. asset_class and strategy take the printed group name without the portfolio percentage and without '(Continued)': B's form split one class into two on the continuation pages and carried a running-header marker into the data. subject_type 'fund': the row label names a vehicle (L.P./LP/LLC/SCSp/Limited Partnership), which the label-driven rule types fund, not investment. currency_scale '$': the symbol is printed once at the head of the Cost and Fair Value columns and governs every value beneath it.; Source review: p6: Fair Value (Individual holdings, aggregate rows, and the hierarchy note have separate value scopes.) | p6: Fair Value (Printed heading or definition supporting the source-reviewed qualifier.)",RESOLVED,A+B+ADJUDICATOR,42fd3fd5192cd82559b79a6adfdcdbf321ee96ab2925a30c3f3513e2aabdc3b6
7dadf914e97381eda174,SRC407,6,PAIR_0F2FF96699546ECF929A0F8C,CONTEXT_CONFLICT,669,669,source_section|asset_class|strategy|currency_scale,MERGE,"source_section blanked: the only headings this document prints are the in-table groupings, which the placement rule makes asset_class/strategy and never source_section; pages 2-7 and 11 print no heading above the table at all. asset_class and strategy take the printed group name without the portfolio percentage and without '(Continued)': B's form split one class into two on the continuation pages and carried a running-header marker into the data. subject_type 'fund': the row label names a vehicle (L.P./LP/LLC/SCSp/Limited Partnership), which the label-driven rule types fund, not investment. currency_scale '$': the symbol is printed once at the head of the Cost and Fair Value columns and governs every value beneath it.",RESOLVED,A+B+ADJUDICATOR,42fd3fd5192cd82559b79a6adfdcdbf321ee96ab2925a30c3f3513e2aabdc3b6
cdb164a634d9f8c8fd0c,SRC407,6,PAIR_C44970A9E78A47F60D7923C6,CONTEXT_CONFLICT,670,670,source_section|asset_class|strategy|currency_scale,MERGE,"source_section blanked: the only headings this document prints are the in-table groupings, which the placement rule makes asset_class/strategy and never source_section; pages 2-7 and 11 print no heading above the table at all. asset_class and strategy take the printed group name without the portfolio percentage and without '(Continued)': B's form split one class into two on the continuation pages and carried a running-header marker into the data. subject_type 'fund': the row label names a vehicle (L.P./LP/LLC/SCSp/Limited Partnership), which the label-driven rule types fund, not investment. currency_scale '$': the symbol is printed once at the head of the Cost and Fair Value columns and governs every value beneath it.; Source review: p6: Fair Value (Individual holdings, aggregate rows, and the hierarchy note have separate value scopes.) | p6: Fair Value (Printed heading or definition supporting the source-reviewed qualifier.)",RESOLVED,A+B+ADJUDICATOR,42fd3fd5192cd82559b79a6adfdcdbf321ee96ab2925a30c3f3513e2aabdc3b6
4791d4cb44cdbf6e064e,SRC407,6,PAIR_75049CCA373D5A8A1E49A505,CONTEXT_CONFLICT,671,671,source_section|asset_class|strategy|currency_scale,MERGE,"source_section blanked: the only headings this document prints are the in-table groupings, which the placement rule makes asset_class/strategy and never source_section; pages 2-7 and 11 print no heading above the table at all. asset_class and strategy take the printed group name without the portfolio percentage and without '(Continued)': B's form split one class into two on the continuation pages and carried a running-header marker into the data. subject_type 'fund': the row label names a vehicle (L.P./LP/LLC/SCSp/Limited Partnership), which the label-driven rule types fund, not investment. currency_scale '$': the symbol is printed once at the head of the Cost and Fair Value columns and governs every value beneath it.",RESOLVED,A+B+ADJUDICATOR,42fd3fd5192cd82559b79a6adfdcdbf321ee96ab2925a30c3f3513e2aabdc3b6
3485bb1f91d836d1f079,SRC407,6,PAIR_8563313C354AC78A7EB74C31,CONTEXT_CONFLICT,672,672,source_section|asset_class|strategy|currency_scale,MERGE,"source_section blanked: the only headings this document prints are the in-table groupings, which the placement rule makes asset_class/strategy and never source_section; pages 2-7 and 11 print no heading above the table at all. asset_class and strategy take the printed group name without the portfolio percentage and without '(Continued)': B's form split one class into two on the continuation pages and carried a running-header marker into the data. subject_type 'fund': the row label names a vehicle (L.P./LP/LLC/SCSp/Limited Partnership), which the label-driven rule types fund, not investment. currency_scale '$': the symbol is printed once at the head of the Cost and Fair Value columns and governs every value beneath it.; Source review: p6: Fair Value (Individual holdings, aggregate rows, and the hierarchy note have separate value scopes.) | p6: Fair Value (Printed heading or definition supporting the source-reviewed qualifier.)",RESOLVED,A+B+ADJUDICATOR,42fd3fd5192cd82559b79a6adfdcdbf321ee96ab2925a30c3f3513e2aabdc3b6
bd26c3d726aca1cf9a76,SRC407,6,PAIR_1AAED2A4AD3F35F19E436FA4,CONTEXT_CONFLICT,673,673,source_section|asset_class|strategy|currency_scale,MERGE,"source_section blanked: the only headings this document prints are the in-table groupings, which the placement rule makes asset_class/strategy and never source_section; pages 2-7 and 11 print no heading above the table at all. asset_class and strategy take the printed group name without the portfolio percentage and without '(Continued)': B's form split one class into two on the continuation pages and carried a running-header marker into the data. subject_type 'fund': the row label names a vehicle (L.P./LP/LLC/SCSp/Limited Partnership), which the label-driven rule types fund, not investment. currency_scale '$': the symbol is printed once at the head of the Cost and Fair Value columns and governs every value beneath it.",RESOLVED,A+B+ADJUDICATOR,42fd3fd5192cd82559b79a6adfdcdbf321ee96ab2925a30c3f3513e2aabdc3b6
67f44fc94e354d54b88a,SRC407,6,PAIR_1124A37B7401A2EF1F29503A,CONTEXT_CONFLICT,674,674,source_section|asset_class|strategy|currency_scale,MERGE,"source_section blanked: the only headings this document prints are the in-table groupings, which the placement rule makes asset_class/strategy and never source_section; pages 2-7 and 11 print no heading above the table at all. asset_class and strategy take the printed group name without the portfolio percentage and without '(Continued)': B's form split one class into two on the continuation pages and carried a running-header marker into the data. subject_type 'fund': the row label names a vehicle (L.P./LP/LLC/SCSp/Limited Partnership), which the label-driven rule types fund, not investment. currency_scale '$': the symbol is printed once at the head of the Cost and Fair Value columns and governs every value beneath it.; Source review: p6: Fair Value (Individual holdings, aggregate rows, and the hierarchy note have separate value scopes.) | p6: Fair Value (Printed heading or definition supporting the source-reviewed qualifier.)",RESOLVED,A+B+ADJUDICATOR,42fd3fd5192cd82559b79a6adfdcdbf321ee96ab2925a30c3f3513e2aabdc3b6
f83ff72a1cf9d235ded6,SRC407,6,PAIR_C2A7F67ED21C12B9270FC2AE,CONTEXT_CONFLICT,675,675,source_section|asset_class|strategy|currency_scale,MERGE,"source_section blanked: the only headings this document prints are the in-table groupings, which the placement rule makes asset_class/strategy and never source_section; pages 2-7 and 11 print no heading above the table at all. asset_class and strategy take the printed group name without the portfolio percentage and without '(Continued)': B's form split one class into two on the continuation pages and carried a running-header marker into the data. subject_type 'fund': the row label names a vehicle (L.P./LP/LLC/SCSp/Limited Partnership), which the label-driven rule types fund, not investment. currency_scale '$': the symbol is printed once at the head of the Cost and Fair Value columns and governs every value beneath it.",RESOLVED,A+B+ADJUDICATOR,42fd3fd5192cd82559b79a6adfdcdbf321ee96ab2925a30c3f3513e2aabdc3b6
867027b423f9558f77d8,SRC407,6,PAIR_04CFB1E37BC9FF0A1C30F5A1,CONTEXT_CONFLICT,676,676,source_section|asset_class|strategy|currency_scale,MERGE,"source_section blanked: the only headings this document prints are the in-table groupings, which the placement rule makes asset_class/strategy and never source_section; pages 2-7 and 11 print no heading above the table at all. asset_class and strategy take the printed group name without the portfolio percentage and without '(Continued)': B's form split one class into two on the continuation pages and carried a running-header marker into the data. subject_type 'fund': the row label names a vehicle (L.P./LP/LLC/SCSp/Limited Partnership), which the label-driven rule types fund, not investment. currency_scale '$': the symbol is printed once at the head of the Cost and Fair Value columns and governs every value beneath it.; Source review: p6: Fair Value (Individual holdings, aggregate rows, and the hierarchy note have separate value scopes.) | p6: Fair Value (Printed heading or definition supporting the source-reviewed qualifier.)",RESOLVED,A+B+ADJUDICATOR,42fd3fd5192cd82559b79a6adfdcdbf321ee96ab2925a30c3f3513e2aabdc3b6
6f7caff9a04d5f8107be,SRC407,6,PAIR_9838B9E3A5311448A745957E,CONTEXT_CONFLICT,677,677,source_section|asset_class|strategy|currency_scale,MERGE,"source_section blanked: the only headings this document prints are the in-table groupings, which the placement rule makes asset_class/strategy and never source_section; pages 2-7 and 11 print no heading above the table at all. asset_class and strategy take the printed group name without the portfolio percentage and without '(Continued)': B's form split one class into two on the continuation pages and carried a running-header marker into the data. subject_type 'fund': the row label names a vehicle (L.P./LP/LLC/SCSp/Limited Partnership), which the label-driven rule types fund, not investment. currency_scale '$': the symbol is printed once at the head of the Cost and Fair Value columns and governs every value beneath it.",RESOLVED,A+B+ADJUDICATOR,42fd3fd5192cd82559b79a6adfdcdbf321ee96ab2925a30c3f3513e2aabdc3b6
86c4d90e491deaca6d70,SRC407,6,PAIR_F45C0A30A6E2922DFD1A0B62,CONTEXT_CONFLICT,678,678,source_section|asset_class|strategy|currency_scale,MERGE,"source_section blanked: the only headings this document prints are the in-table groupings, which the placement rule makes asset_class/strategy and never source_section; pages 2-7 and 11 print no heading above the table at all. asset_class and strategy take the printed group name without the portfolio percentage and without '(Continued)': B's form split one class into two on the continuation pages and carried a running-header marker into the data. subject_type 'fund': the row label names a vehicle (L.P./LP/LLC/SCSp/Limited Partnership), which the label-driven rule types fund, not investment. currency_scale '$': the symbol is printed once at the head of the Cost and Fair Value columns and governs every value beneath it.; Source review: p6: Fair Value (Individual holdings, aggregate rows, and the hierarchy note have separate value scopes.) | p6: Fair Value (Printed heading or definition supporting the source-reviewed qualifier.)",RESOLVED,A+B+ADJUDICATOR,42fd3fd5192cd82559b79a6adfdcdbf321ee96ab2925a30c3f3513e2aabdc3b6
652fe9e62f0ef46da2ef,SRC407,6,PAIR_E60C828A9C39688535E2EAF2,CONTEXT_CONFLICT,679,679,source_section|asset_class|strategy|currency_scale,MERGE,"source_section blanked: the only headings this document prints are the in-table groupings, which the placement rule makes asset_class/strategy and never source_section; pages 2-7 and 11 print no heading above the table at all. asset_class and strategy take the printed group name without the portfolio percentage and without '(Continued)': B's form split one class into two on the continuation pages and carried a running-header marker into the data. subject_type 'fund': the row label names a vehicle (L.P./LP/LLC/SCSp/Limited Partnership), which the label-driven rule types fund, not investment. currency_scale '$': the symbol is printed once at the head of the Cost and Fair Value columns and governs every value beneath it.",RESOLVED,A+B+ADJUDICATOR,42fd3fd5192cd82559b79a6adfdcdbf321ee96ab2925a30c3f3513e2aabdc3b6
325d8e9e790b2139c53a,SRC407,6,PAIR_120C784262EB52A46C7BB902,CONTEXT_CONFLICT,680,680,source_section|asset_class|strategy|currency_scale,MERGE,"source_section blanked: the only headings this document prints are the in-table groupings, which the placement rule makes asset_class/strategy and never source_section; pages 2-7 and 11 print no heading above the table at all. asset_class and strategy take the printed group name without the portfolio percentage and without '(Continued)': B's form split one class into two on the continuation pages and carried a running-header marker into the data. subject_type 'fund': the row label names a vehicle (L.P./LP/LLC/SCSp/Limited Partnership), which the label-driven rule types fund, not investment. currency_scale '$': the symbol is printed once at the head of the Cost and Fair Value columns and governs every value beneath it.; Source review: p6: Fair Value (Individual holdings, aggregate rows, and the hierarchy note have separate value scopes.) | p6: Fair Value (Printed heading or definition supporting the source-reviewed qualifier.)",RESOLVED,A+B+ADJUDICATOR,42fd3fd5192cd82559b79a6adfdcdbf321ee96ab2925a30c3f3513e2aabdc3b6
622733ca818b45cac614,SRC407,6,PAIR_E49B814EE232D8DAA7A3588D,CONTEXT_CONFLICT,681,681,source_section|asset_class|strategy|currency_scale,MERGE,"source_section blanked: the only headings this document prints are the in-table groupings, which the placement rule makes asset_class/strategy and never source_section; pages 2-7 and 11 print no heading above the table at all. asset_class and strategy take the printed group name without the portfolio percentage and without '(Continued)': B's form split one class into two on the continuation pages and carried a running-header marker into the data. subject_type 'fund': the row label names a vehicle (L.P./LP/LLC/SCSp/Limited Partnership), which the label-driven rule types fund, not investment. currency_scale '$': the symbol is printed once at the head of the Cost and Fair Value columns and governs every value beneath it.",RESOLVED,A+B+ADJUDICATOR,42fd3fd5192cd82559b79a6adfdcdbf321ee96ab2925a30c3f3513e2aabdc3b6
2b47356ee1de479cce0b,SRC407,6,PAIR_CA12C049EED1C3A912C607AC,CONTEXT_CONFLICT,682,682,source_section|asset_class|strategy|currency_scale,MERGE,"source_section blanked: the only headings this document prints are the in-table groupings, which the placement rule makes asset_class/strategy and never source_section; pages 2-7 and 11 print no heading above the table at all. asset_class and strategy take the printed group name without the portfolio percentage and without '(Continued)': B's form split one class into two on the continuation pages and carried a running-header marker into the data. subject_type 'fund': the row label names a vehicle (L.P./LP/LLC/SCSp/Limited Partnership), which the label-driven rule types fund, not investment. currency_scale '$': the symbol is printed once at the head of the Cost and Fair Value columns and governs every value beneath it.; Source review: p6: Fair Value (Individual holdings, aggregate rows, and the hierarchy note have separate value scopes.) | p6: Fair Value (Printed heading or definition supporting the source-reviewed qualifier.)",RESOLVED,A+B+ADJUDICATOR,42fd3fd5192cd82559b79a6adfdcdbf321ee96ab2925a30c3f3513e2aabdc3b6
20294acb201aba8afa14,SRC407,6,PAIR_860D58C936D6F0684B3134C4,CONTEXT_CONFLICT,683,683,source_section|asset_class|strategy|currency_scale,MERGE,"source_section blanked: the only headings this document prints are the in-table groupings, which the placement rule makes asset_class/strategy and never source_section; pages 2-7 and 11 print no heading above the table at all. asset_class and strategy take the printed group name without the portfolio percentage and without '(Continued)': B's form split one class into two on the continuation pages and carried a running-header marker into the data. subject_type 'fund': the row label names a vehicle (L.P./LP/LLC/SCSp/Limited Partnership), which the label-driven rule types fund, not investment. currency_scale '$': the symbol is printed once at the head of the Cost and Fair Value columns and governs every value beneath it.",RESOLVED,A+B+ADJUDICATOR,42fd3fd5192cd82559b79a6adfdcdbf321ee96ab2925a30c3f3513e2aabdc3b6
2fffcf7cc158c254d0f1,SRC407,6,PAIR_C277FB4426DDE6B6F3D0CA47,CONTEXT_CONFLICT,684,684,source_section|asset_class|strategy|currency_scale,MERGE,"source_section blanked: the only headings this document prints are the in-table groupings, which the placement rule makes asset_class/strategy and never source_section; pages 2-7 and 11 print no heading above the table at all. asset_class and strategy take the printed group name without the portfolio percentage and without '(Continued)': B's form split one class into two on the continuation pages and carried a running-header marker into the data. subject_type 'fund': the row label names a vehicle (L.P./LP/LLC/SCSp/Limited Partnership), which the label-driven rule types fund, not investment. currency_scale '$': the symbol is printed once at the head of the Cost and Fair Value columns and governs every value beneath it.; Source review: p6: Fair Value (Individual holdings, aggregate rows, and the hierarchy note have separate value scopes.) | p6: Fair Value (Printed heading or definition supporting the source-reviewed qualifier.)",RESOLVED,A+B+ADJUDICATOR,42fd3fd5192cd82559b79a6adfdcdbf321ee96ab2925a30c3f3513e2aabdc3b6
db5a932b5795ac7aa166,SRC407,6,PAIR_846EBF5DA3A9CF36D752F048,CONTEXT_CONFLICT,685,685,source_section|asset_class|strategy|currency_scale,MERGE,"source_section blanked: the only headings this document prints are the in-table groupings, which the placement rule makes asset_class/strategy and never source_section; pages 2-7 and 11 print no heading above the table at all. asset_class and strategy take the printed group name without the portfolio percentage and without '(Continued)': B's form split one class into two on the continuation pages and carried a running-header marker into the data. subject_type 'fund': the row label names a vehicle (L.P./LP/LLC/SCSp/Limited Partnership), which the label-driven rule types fund, not investment. currency_scale '$': the symbol is printed once at the head of the Cost and Fair Value columns and governs every value beneath it.",RESOLVED,A+B+ADJUDICATOR,42fd3fd5192cd82559b79a6adfdcdbf321ee96ab2925a30c3f3513e2aabdc3b6
462a5d35b9eb263955c7,SRC407,6,PAIR_FD9BC9CB4C86FD5A740BC984,CONTEXT_CONFLICT,686,686,source_section|asset_class|strategy|currency_scale,MERGE,"source_section blanked: the only headings this document prints are the in-table groupings, which the placement rule makes asset_class/strategy and never source_section; pages 2-7 and 11 print no heading above the table at all. asset_class and strategy take the printed group name without the portfolio percentage and without '(Continued)': B's form split one class into two on the continuation pages and carried a running-header marker into the data. subject_type 'fund': the row label names a vehicle (L.P./LP/LLC/SCSp/Limited Partnership), which the label-driven rule types fund, not investment. currency_scale '$': the symbol is printed once at the head of the Cost and Fair Value columns and governs every value beneath it.; Source review: p6: Fair Value (Individual holdings, aggregate rows, and the hierarchy note have separate value scopes.) | p6: Fair Value (Printed heading or definition supporting the source-reviewed qualifier.)",RESOLVED,A+B+ADJUDICATOR,42fd3fd5192cd82559b79a6adfdcdbf321ee96ab2925a30c3f3513e2aabdc3b6
bdad45265fbe0d26cfdc,SRC407,6,PAIR_F4DC5C21F5F567B08C85D90D,CONTEXT_CONFLICT,687,687,source_section|asset_class|strategy|currency_scale,MERGE,"source_section blanked: the only headings this document prints are the in-table groupings, which the placement rule makes asset_class/strategy and never source_section; pages 2-7 and 11 print no heading above the table at all. asset_class and strategy take the printed group name without the portfolio percentage and without '(Continued)': B's form split one class into two on the continuation pages and carried a running-header marker into the data. subject_type 'fund': the row label names a vehicle (L.P./LP/LLC/SCSp/Limited Partnership), which the label-driven rule types fund, not investment. currency_scale '$': the symbol is printed once at the head of the Cost and Fair Value columns and governs every value beneath it.",RESOLVED,A+B+ADJUDICATOR,42fd3fd5192cd82559b79a6adfdcdbf321ee96ab2925a30c3f3513e2aabdc3b6
346f29da4aa2603508c1,SRC407,6,PAIR_BD84B1E0F58E5F44CE420EF8,CONTEXT_CONFLICT,688,688,source_section|asset_class|strategy|currency_scale,MERGE,"source_section blanked: the only headings this document prints are the in-table groupings, which the placement rule makes asset_class/strategy and never source_section; pages 2-7 and 11 print no heading above the table at all. asset_class and strategy take the printed group name without the portfolio percentage and without '(Continued)': B's form split one class into two on the continuation pages and carried a running-header marker into the data. subject_type 'fund': the row label names a vehicle (L.P./LP/LLC/SCSp/Limited Partnership), which the label-driven rule types fund, not investment. currency_scale '$': the symbol is printed once at the head of the Cost and Fair Value columns and governs every value beneath it.; Source review: p6: Fair Value (Individual holdings, aggregate rows, and the hierarchy note have separate value scopes.) | p6: Fair Value (Printed heading or definition supporting the source-reviewed qualifier.)",RESOLVED,A+B+ADJUDICATOR,42fd3fd5192cd82559b79a6adfdcdbf321ee96ab2925a30c3f3513e2aabdc3b6
d0c1848d24636cfb6fb8,SRC407,6,PAIR_CD1E8B4D69553A32CC658B14,CONTEXT_CONFLICT,689,689,source_section|asset_class|strategy|currency_scale,MERGE,"source_section blanked: the only headings this document prints are the in-table groupings, which the placement rule makes asset_class/strategy and never source_section; pages 2-7 and 11 print no heading above the table at all. asset_class and strategy take the printed group name without the portfolio percentage and without '(Continued)': B's form split one class into two on the continuation pages and carried a running-header marker into the data. subject_type 'fund': the row label names a vehicle (L.P./LP/LLC/SCSp/Limited Partnership), which the label-driven rule types fund, not investment. currency_scale '$': the symbol is printed once at the head of the Cost and Fair Value columns and governs every value beneath it.",RESOLVED,A+B+ADJUDICATOR,42fd3fd5192cd82559b79a6adfdcdbf321ee96ab2925a30c3f3513e2aabdc3b6
5696fb8b1454c0a2ca87,SRC407,6,PAIR_FBAF014D0EDDF0FB99ACA98F,CONTEXT_CONFLICT,690,690,source_section|asset_class|strategy|currency_scale,MERGE,"source_section blanked: the only headings this document prints are the in-table groupings, which the placement rule makes asset_class/strategy and never source_section; pages 2-7 and 11 print no heading above the table at all. asset_class and strategy take the printed group name without the portfolio percentage and without '(Continued)': B's form split one class into two on the continuation pages and carried a running-header marker into the data. subject_type 'fund': the row label names a vehicle (L.P./LP/LLC/SCSp/Limited Partnership), which the label-driven rule types fund, not investment. currency_scale '$': the symbol is printed once at the head of the Cost and Fair Value columns and governs every value beneath it.; Source review: p6: Fair Value (Individual holdings, aggregate rows, and the hierarchy note have separate value scopes.) | p6: Fair Value (Printed heading or definition supporting the source-reviewed qualifier.)",RESOLVED,A+B+ADJUDICATOR,42fd3fd5192cd82559b79a6adfdcdbf321ee96ab2925a30c3f3513e2aabdc3b6
f2f44def978a0f27e9ac,SRC407,6,PAIR_BE2B88639E33279636B55048,CONTEXT_CONFLICT,691,691,source_section|asset_class|strategy|currency_scale,MERGE,"source_section blanked: the only headings this document prints are the in-table groupings, which the placement rule makes asset_class/strategy and never source_section; pages 2-7 and 11 print no heading above the table at all. asset_class and strategy take the printed group name without the portfolio percentage and without '(Continued)': B's form split one class into two on the continuation pages and carried a running-header marker into the data. subject_type 'fund': the row label names a vehicle (L.P./LP/LLC/SCSp/Limited Partnership), which the label-driven rule types fund, not investment. currency_scale '$': the symbol is printed once at the head of the Cost and Fair Value columns and governs every value beneath it.",RESOLVED,A+B+ADJUDICATOR,42fd3fd5192cd82559b79a6adfdcdbf321ee96ab2925a30c3f3513e2aabdc3b6
7d288fba1466f6c22d14,SRC407,6,PAIR_2E46F96D16C91E6DE7E71F38,CONTEXT_CONFLICT,692,692,source_section|asset_class|strategy|currency_scale,MERGE,"source_section blanked: the only headings this document prints are the in-table groupings, which the placement rule makes asset_class/strategy and never source_section; pages 2-7 and 11 print no heading above the table at all. asset_class and strategy take the printed group name without the portfolio percentage and without '(Continued)': B's form split one class into two on the continuation pages and carried a running-header marker into the data. subject_type 'fund': the row label names a vehicle (L.P./LP/LLC/SCSp/Limited Partnership), which the label-driven rule types fund, not investment. currency_scale '$': the symbol is printed once at the head of the Cost and Fair Value columns and governs every value beneath it.; Source review: p6: Fair Value (Individual holdings, aggregate rows, and the hierarchy note have separate value scopes.) | p6: Fair Value (Printed heading or definition supporting the source-reviewed qualifier.)",RESOLVED,A+B+ADJUDICATOR,42fd3fd5192cd82559b79a6adfdcdbf321ee96ab2925a30c3f3513e2aabdc3b6
7a3bf738a06f9a6a1b3a,SRC407,6,PAIR_9AEE21A9842A28918F1E03FE,CONTEXT_CONFLICT,693,693,source_section|asset_class|strategy|currency_scale,MERGE,"source_section blanked: the only headings this document prints are the in-table groupings, which the placement rule makes asset_class/strategy and never source_section; pages 2-7 and 11 print no heading above the table at all. asset_class and strategy take the printed group name without the portfolio percentage and without '(Continued)': B's form split one class into two on the continuation pages and carried a running-header marker into the data. subject_type 'fund': the row label names a vehicle (L.P./LP/LLC/SCSp/Limited Partnership), which the label-driven rule types fund, not investment. currency_scale '$': the symbol is printed once at the head of the Cost and Fair Value columns and governs every value beneath it.",RESOLVED,A+B+ADJUDICATOR,42fd3fd5192cd82559b79a6adfdcdbf321ee96ab2925a30c3f3513e2aabdc3b6
820de30a4b1ac358245f,SRC407,6,PAIR_CAA79FC09297650A5C02E9FD,CONTEXT_CONFLICT,694,694,source_section|asset_class|strategy|currency_scale,MERGE,"source_section blanked: the only headings this document prints are the in-table groupings, which the placement rule makes asset_class/strategy and never source_section; pages 2-7 and 11 print no heading above the table at all. asset_class and strategy take the printed group name without the portfolio percentage and without '(Continued)': B's form split one class into two on the continuation pages and carried a running-header marker into the data. subject_type 'fund': the row label names a vehicle (L.P./LP/LLC/SCSp/Limited Partnership), which the label-driven rule types fund, not investment. currency_scale '$': the symbol is printed once at the head of the Cost and Fair Value columns and governs every value beneath it.; Source review: p6: Fair Value (Individual holdings, aggregate rows, and the hierarchy note have separate value scopes.) | p6: Fair Value (Printed heading or definition supporting the source-reviewed qualifier.)",RESOLVED,A+B+ADJUDICATOR,42fd3fd5192cd82559b79a6adfdcdbf321ee96ab2925a30c3f3513e2aabdc3b6
6fc7bf9c7f046a76e73c,SRC407,6,PAIR_3CDD36EC178C748950F24E35,CONTEXT_CONFLICT,695,695,source_section|asset_class|strategy|currency_scale,MERGE,"source_section blanked: the only headings this document prints are the in-table groupings, which the placement rule makes asset_class/strategy and never source_section; pages 2-7 and 11 print no heading above the table at all. asset_class and strategy take the printed group name without the portfolio percentage and without '(Continued)': B's form split one class into two on the continuation pages and carried a running-header marker into the data. subject_type 'fund': the row label names a vehicle (L.P./LP/LLC/SCSp/Limited Partnership), which the label-driven rule types fund, not investment. currency_scale '$': the symbol is printed once at the head of the Cost and Fair Value columns and governs every value beneath it.",RESOLVED,A+B+ADJUDICATOR,42fd3fd5192cd82559b79a6adfdcdbf321ee96ab2925a30c3f3513e2aabdc3b6
7091acbe2741df3aea73,SRC407,6,PAIR_E637DAA7409EB07CCD9CCF1E,CONTEXT_CONFLICT,696,696,source_section|asset_class|strategy|currency_scale,MERGE,"source_section blanked: the only headings this document prints are the in-table groupings, which the placement rule makes asset_class/strategy and never source_section; pages 2-7 and 11 print no heading above the table at all. asset_class and strategy take the printed group name without the portfolio percentage and without '(Continued)': B's form split one class into two on the continuation pages and carried a running-header marker into the data. subject_type 'fund': the row label names a vehicle (L.P./LP/LLC/SCSp/Limited Partnership), which the label-driven rule types fund, not investment. currency_scale '$': the symbol is printed once at the head of the Cost and Fair Value columns and governs every value beneath it.; Source review: p6: Fair Value (Individual holdings, aggregate rows, and the hierarchy note have separate value scopes.) | p6: Fair Value (Printed heading or definition supporting the source-reviewed qualifier.)",RESOLVED,A+B+ADJUDICATOR,42fd3fd5192cd82559b79a6adfdcdbf321ee96ab2925a30c3f3513e2aabdc3b6
73571c0f7b70e1e34bf0,SRC407,6,PAIR_4C1247828005E64A268EEC40,CONTEXT_CONFLICT,697,697,source_section|asset_class|strategy|currency_scale,MERGE,"source_section blanked: the only headings this document prints are the in-table groupings, which the placement rule makes asset_class/strategy and never source_section; pages 2-7 and 11 print no heading above the table at all. asset_class and strategy take the printed group name without the portfolio percentage and without '(Continued)': B's form split one class into two on the continuation pages and carried a running-header marker into the data. subject_type 'fund': the row label names a vehicle (L.P./LP/LLC/SCSp/Limited Partnership), which the label-driven rule types fund, not investment. currency_scale '$': the symbol is printed once at the head of the Cost and Fair Value columns and governs every value beneath it.",RESOLVED,A+B+ADJUDICATOR,42fd3fd5192cd82559b79a6adfdcdbf321ee96ab2925a30c3f3513e2aabdc3b6
bbec4bebb5980ddc8afa,SRC407,6,PAIR_05E1A403D1A8476FA54FDFF4,CONTEXT_CONFLICT,698,698,source_section|asset_class|strategy|currency_scale,MERGE,"source_section blanked: the only headings this document prints are the in-table groupings, which the placement rule makes asset_class/strategy and never source_section; pages 2-7 and 11 print no heading above the table at all. asset_class and strategy take the printed group name without the portfolio percentage and without '(Continued)': B's form split one class into two on the continuation pages and carried a running-header marker into the data. subject_type 'fund': the row label names a vehicle (L.P./LP/LLC/SCSp/Limited Partnership), which the label-driven rule types fund, not investment. currency_scale '$': the symbol is printed once at the head of the Cost and Fair Value columns and governs every value beneath it.; Source review: p6: Fair Value (Individual holdings, aggregate rows, and the hierarchy note have separate value scopes.) | p6: Fair Value (Printed heading or definition supporting the source-reviewed qualifier.)",RESOLVED,A+B+ADJUDICATOR,42fd3fd5192cd82559b79a6adfdcdbf321ee96ab2925a30c3f3513e2aabdc3b6
307558cb257c6f80af83,SRC407,6,PAIR_068BBE503B0121F875E0647B,CONTEXT_CONFLICT,699,699,source_section|asset_class|strategy|currency_scale,MERGE,"source_section blanked: the only headings this document prints are the in-table groupings, which the placement rule makes asset_class/strategy and never source_section; pages 2-7 and 11 print no heading above the table at all. asset_class and strategy take the printed group name without the portfolio percentage and without '(Continued)': B's form split one class into two on the continuation pages and carried a running-header marker into the data. subject_type 'fund': the row label names a vehicle (L.P./LP/LLC/SCSp/Limited Partnership), which the label-driven rule types fund, not investment. currency_scale '$': the symbol is printed once at the head of the Cost and Fair Value columns and governs every value beneath it.",RESOLVED,A+B+ADJUDICATOR,42fd3fd5192cd82559b79a6adfdcdbf321ee96ab2925a30c3f3513e2aabdc3b6
2fb315a3e2ddc8334ee9,SRC407,6,PAIR_1E7498FA4E6FF73C94E389FA,CONTEXT_CONFLICT,700,700,source_section|asset_class|strategy|currency_scale,MERGE,"source_section blanked: the only headings this document prints are the in-table groupings, which the placement rule makes asset_class/strategy and never source_section; pages 2-7 and 11 print no heading above the table at all. asset_class and strategy take the printed group name without the portfolio percentage and without '(Continued)': B's form split one class into two on the continuation pages and carried a running-header marker into the data. subject_type 'fund': the row label names a vehicle (L.P./LP/LLC/SCSp/Limited Partnership), which the label-driven rule types fund, not investment. currency_scale '$': the symbol is printed once at the head of the Cost and Fair Value columns and governs every value beneath it.; Source review: p6: Fair Value (Individual holdings, aggregate rows, and the hierarchy note have separate value scopes.) | p6: Fair Value (Printed heading or definition supporting the source-reviewed qualifier.)",RESOLVED,A+B+ADJUDICATOR,42fd3fd5192cd82559b79a6adfdcdbf321ee96ab2925a30c3f3513e2aabdc3b6
e879fbb39edb7ad35277,SRC407,6,PAIR_512CBCA4585AAC4DACF79A8E,CONTEXT_CONFLICT,701,701,source_section|asset_class|strategy|currency_scale,MERGE,"source_section blanked: the only headings this document prints are the in-table groupings, which the placement rule makes asset_class/strategy and never source_section; pages 2-7 and 11 print no heading above the table at all. asset_class and strategy take the printed group name without the portfolio percentage and without '(Continued)': B's form split one class into two on the continuation pages and carried a running-header marker into the data. subject_type 'fund': the row label names a vehicle (L.P./LP/LLC/SCSp/Limited Partnership), which the label-driven rule types fund, not investment. currency_scale '$': the symbol is printed once at the head of the Cost and Fair Value columns and governs every value beneath it.",RESOLVED,A+B+ADJUDICATOR,42fd3fd5192cd82559b79a6adfdcdbf321ee96ab2925a30c3f3513e2aabdc3b6
493c8dcf088a0a3df743,SRC407,6,PAIR_9F8FB1CA5B2F60053CCB40F2,CONTEXT_CONFLICT,702,702,source_section|asset_class|strategy|currency_scale,MERGE,"source_section blanked: the only headings this document prints are the in-table groupings, which the placement rule makes asset_class/strategy and never source_section; pages 2-7 and 11 print no heading above the table at all. asset_class and strategy take the printed group name without the portfolio percentage and without '(Continued)': B's form split one class into two on the continuation pages and carried a running-header marker into the data. subject_type 'fund': the row label names a vehicle (L.P./LP/LLC/SCSp/Limited Partnership), which the label-driven rule types fund, not investment. currency_scale '$': the symbol is printed once at the head of the Cost and Fair Value columns and governs every value beneath it.; Source review: p6: Fair Value (Individual holdings, aggregate rows, and the hierarchy note have separate value scopes.) | p6: Fair Value (Printed heading or definition supporting the source-reviewed qualifier.)",RESOLVED,A+B+ADJUDICATOR,42fd3fd5192cd82559b79a6adfdcdbf321ee96ab2925a30c3f3513e2aabdc3b6
95bd3ee4573bc069a1d9,SRC407,6,PAIR_FF1ABFAC68935A0C74120DBA,CONTEXT_CONFLICT,703,703,source_section|asset_class|strategy|currency_scale,MERGE,"source_section blanked: the only headings this document prints are the in-table groupings, which the placement rule makes asset_class/strategy and never source_section; pages 2-7 and 11 print no heading above the table at all. asset_class and strategy take the printed group name without the portfolio percentage and without '(Continued)': B's form split one class into two on the continuation pages and carried a running-header marker into the data. subject_type 'fund': the row label names a vehicle (L.P./LP/LLC/SCSp/Limited Partnership), which the label-driven rule types fund, not investment. currency_scale '$': the symbol is printed once at the head of the Cost and Fair Value columns and governs every value beneath it.",RESOLVED,A+B+ADJUDICATOR,42fd3fd5192cd82559b79a6adfdcdbf321ee96ab2925a30c3f3513e2aabdc3b6
cc96e72faf065d623a26,SRC407,6,PAIR_0B33D8A0F2F916C3F16DCB7A,CONTEXT_CONFLICT,704,704,source_section|asset_class|strategy|currency_scale,MERGE,"source_section blanked: the only headings this document prints are the in-table groupings, which the placement rule makes asset_class/strategy and never source_section; pages 2-7 and 11 print no heading above the table at all. asset_class and strategy take the printed group name without the portfolio percentage and without '(Continued)': B's form split one class into two on the continuation pages and carried a running-header marker into the data. subject_type 'fund': the row label names a vehicle (L.P./LP/LLC/SCSp/Limited Partnership), which the label-driven rule types fund, not investment. currency_scale '$': the symbol is printed once at the head of the Cost and Fair Value columns and governs every value beneath it.; Source review: p6: Fair Value (Individual holdings, aggregate rows, and the hierarchy note have separate value scopes.) | p6: Fair Value (Printed heading or definition supporting the source-reviewed qualifier.)",RESOLVED,A+B+ADJUDICATOR,42fd3fd5192cd82559b79a6adfdcdbf321ee96ab2925a30c3f3513e2aabdc3b6
03eee2e8b7cd845b4a1c,SRC407,6,PAIR_508C761322DC1488D76DDFA6,CONTEXT_CONFLICT,705,705,source_section|asset_class|strategy|currency_scale,MERGE,"source_section blanked: the only headings this document prints are the in-table groupings, which the placement rule makes asset_class/strategy and never source_section; pages 2-7 and 11 print no heading above the table at all. asset_class and strategy take the printed group name without the portfolio percentage and without '(Continued)': B's form split one class into two on the continuation pages and carried a running-header marker into the data. subject_type 'fund': the row label names a vehicle (L.P./LP/LLC/SCSp/Limited Partnership), which the label-driven rule types fund, not investment. currency_scale '$': the symbol is printed once at the head of the Cost and Fair Value columns and governs every value beneath it.",RESOLVED,A+B+ADJUDICATOR,42fd3fd5192cd82559b79a6adfdcdbf321ee96ab2925a30c3f3513e2aabdc3b6
0c1a63041fe7b6eb5121,SRC407,6,PAIR_E438AD4FDEA6234F3DCC4113,CONTEXT_CONFLICT,706,706,source_section|asset_class|strategy|currency_scale,MERGE,"source_section blanked: the only headings this document prints are the in-table groupings, which the placement rule makes asset_class/strategy and never source_section; pages 2-7 and 11 print no heading above the table at all. asset_class and strategy take the printed group name without the portfolio percentage and without '(Continued)': B's form split one class into two on the continuation pages and carried a running-header marker into the data. subject_type 'fund': the row label names a vehicle (L.P./LP/LLC/SCSp/Limited Partnership), which the label-driven rule types fund, not investment. currency_scale '$': the symbol is printed once at the head of the Cost and Fair Value columns and governs every value beneath it.; Source review: p6: Fair Value (Individual holdings, aggregate rows, and the hierarchy note have separate value scopes.) | p6: Fair Value (Printed heading or definition supporting the source-reviewed qualifier.)",RESOLVED,A+B+ADJUDICATOR,42fd3fd5192cd82559b79a6adfdcdbf321ee96ab2925a30c3f3513e2aabdc3b6
c98670fed47d96533b6d,SRC407,6,PAIR_495FFA1C86AC488B182E20F2,CONTEXT_CONFLICT,707,707,source_section|asset_class|strategy|currency_scale,MERGE,"source_section blanked: the only headings this document prints are the in-table groupings, which the placement rule makes asset_class/strategy and never source_section; pages 2-7 and 11 print no heading above the table at all. asset_class and strategy take the printed group name without the portfolio percentage and without '(Continued)': B's form split one class into two on the continuation pages and carried a running-header marker into the data. subject_type 'fund': the row label names a vehicle (L.P./LP/LLC/SCSp/Limited Partnership), which the label-driven rule types fund, not investment. currency_scale '$': the symbol is printed once at the head of the Cost and Fair Value columns and governs every value beneath it.",RESOLVED,A+B+ADJUDICATOR,42fd3fd5192cd82559b79a6adfdcdbf321ee96ab2925a30c3f3513e2aabdc3b6
a258a73a3c63b6fb163c,SRC407,6,PAIR_ECB0CAEF2F93143BE65A7ED0,CONTEXT_CONFLICT,708,708,source_section|asset_class|strategy|currency_scale,MERGE,"source_section blanked: the only headings this document prints are the in-table groupings, which the placement rule makes asset_class/strategy and never source_section; pages 2-7 and 11 print no heading above the table at all. asset_class and strategy take the printed group name without the portfolio percentage and without '(Continued)': B's form split one class into two on the continuation pages and carried a running-header marker into the data. subject_type 'fund': the row label names a vehicle (L.P./LP/LLC/SCSp/Limited Partnership), which the label-driven rule types fund, not investment. currency_scale '$': the symbol is printed once at the head of the Cost and Fair Value columns and governs every value beneath it.; Source review: p6: Fair Value (Individual holdings, aggregate rows, and the hierarchy note have separate value scopes.) | p6: Fair Value (Printed heading or definition supporting the source-reviewed qualifier.)",RESOLVED,A+B+ADJUDICATOR,42fd3fd5192cd82559b79a6adfdcdbf321ee96ab2925a30c3f3513e2aabdc3b6
08e61ab65adffcbc295a,SRC407,6,PAIR_E2A95ECE376D6D8B979C9B5E,CONTEXT_CONFLICT,709,709,source_section|asset_class|strategy|currency_scale,MERGE,"source_section blanked: the only headings this document prints are the in-table groupings, which the placement rule makes asset_class/strategy and never source_section; pages 2-7 and 11 print no heading above the table at all. asset_class and strategy take the printed group name without the portfolio percentage and without '(Continued)': B's form split one class into two on the continuation pages and carried a running-header marker into the data. subject_type 'fund': the row label names a vehicle (L.P./LP/LLC/SCSp/Limited Partnership), which the label-driven rule types fund, not investment. currency_scale '$': the symbol is printed once at the head of the Cost and Fair Value columns and governs every value beneath it.",RESOLVED,A+B+ADJUDICATOR,42fd3fd5192cd82559b79a6adfdcdbf321ee96ab2925a30c3f3513e2aabdc3b6
5d211e1c8b6d714867eb,SRC407,6,PAIR_DEF091E7C57E275EE9A817A8,CONTEXT_CONFLICT,710,710,source_section|asset_class|strategy|currency_scale,MERGE,"source_section blanked: the only headings this document prints are the in-table groupings, which the placement rule makes asset_class/strategy and never source_section; pages 2-7 and 11 print no heading above the table at all. asset_class and strategy take the printed group name without the portfolio percentage and without '(Continued)': B's form split one class into two on the continuation pages and carried a running-header marker into the data. subject_type 'fund': the row label names a vehicle (L.P./LP/LLC/SCSp/Limited Partnership), which the label-driven rule types fund, not investment. currency_scale '$': the symbol is printed once at the head of the Cost and Fair Value columns and governs every value beneath it.; Source review: p6: Fair Value (Individual holdings, aggregate rows, and the hierarchy note have separate value scopes.) | p6: Fair Value (Printed heading or definition supporting the source-reviewed qualifier.)",RESOLVED,A+B+ADJUDICATOR,42fd3fd5192cd82559b79a6adfdcdbf321ee96ab2925a30c3f3513e2aabdc3b6
9c0b87ed2b11598b3628,SRC407,6,PAIR_61C2220342BFF9F1E1D25879,CONTEXT_CONFLICT,711,711,source_section|asset_class|strategy|currency_scale,MERGE,"source_section blanked: the only headings this document prints are the in-table groupings, which the placement rule makes asset_class/strategy and never source_section; pages 2-7 and 11 print no heading above the table at all. asset_class and strategy take the printed group name without the portfolio percentage and without '(Continued)': B's form split one class into two on the continuation pages and carried a running-header marker into the data. subject_type 'fund': the row label names a vehicle (L.P./LP/LLC/SCSp/Limited Partnership), which the label-driven rule types fund, not investment. currency_scale '$': the symbol is printed once at the head of the Cost and Fair Value columns and governs every value beneath it.",RESOLVED,A+B+ADJUDICATOR,42fd3fd5192cd82559b79a6adfdcdbf321ee96ab2925a30c3f3513e2aabdc3b6
9cb7777cafcc0b88d098,SRC407,6,PAIR_1E239D51AACCAF05ACD47C30,CONTEXT_CONFLICT,712,712,source_section|asset_class|strategy|currency_scale,MERGE,"source_section blanked: the only headings this document prints are the in-table groupings, which the placement rule makes asset_class/strategy and never source_section; pages 2-7 and 11 print no heading above the table at all. asset_class and strategy take the printed group name without the portfolio percentage and without '(Continued)': B's form split one class into two on the continuation pages and carried a running-header marker into the data. subject_type 'fund': the row label names a vehicle (L.P./LP/LLC/SCSp/Limited Partnership), which the label-driven rule types fund, not investment. currency_scale '$': the symbol is printed once at the head of the Cost and Fair Value columns and governs every value beneath it.; Source review: p6: Fair Value (Individual holdings, aggregate rows, and the hierarchy note have separate value scopes.) | p6: Fair Value (Printed heading or definition supporting the source-reviewed qualifier.)",RESOLVED,A+B+ADJUDICATOR,42fd3fd5192cd82559b79a6adfdcdbf321ee96ab2925a30c3f3513e2aabdc3b6
fda2cdd295bd50926f04,SRC407,6,PAIR_CB9A6911DB37F4A6B1F2D830,CONTEXT_CONFLICT,713,713,source_section|asset_class|strategy|currency_scale,MERGE,"source_section blanked: the only headings this document prints are the in-table groupings, which the placement rule makes asset_class/strategy and never source_section; pages 2-7 and 11 print no heading above the table at all. asset_class and strategy take the printed group name without the portfolio percentage and without '(Continued)': B's form split one class into two on the continuation pages and carried a running-header marker into the data. subject_type 'fund': the row label names a vehicle (L.P./LP/LLC/SCSp/Limited Partnership), which the label-driven rule types fund, not investment. currency_scale '$': the symbol is printed once at the head of the Cost and Fair Value columns and governs every value beneath it.",RESOLVED,A+B+ADJUDICATOR,42fd3fd5192cd82559b79a6adfdcdbf321ee96ab2925a30c3f3513e2aabdc3b6
5456c1c1ac9b1e12022c,SRC407,6,PAIR_E488ADBD270C4229DF8C43D9,CONTEXT_CONFLICT,714,714,source_section|asset_class|strategy|currency_scale,MERGE,"source_section blanked: the only headings this document prints are the in-table groupings, which the placement rule makes asset_class/strategy and never source_section; pages 2-7 and 11 print no heading above the table at all. asset_class and strategy take the printed group name without the portfolio percentage and without '(Continued)': B's form split one class into two on the continuation pages and carried a running-header marker into the data. subject_type 'fund': the row label names a vehicle (L.P./LP/LLC/SCSp/Limited Partnership), which the label-driven rule types fund, not investment. currency_scale '$': the symbol is printed once at the head of the Cost and Fair Value columns and governs every value beneath it.; Source review: p6: Fair Value (Individual holdings, aggregate rows, and the hierarchy note have separate value scopes.) | p6: Fair Value (Printed heading or definition supporting the source-reviewed qualifier.)",RESOLVED,A+B+ADJUDICATOR,42fd3fd5192cd82559b79a6adfdcdbf321ee96ab2925a30c3f3513e2aabdc3b6
8a776a5192cb79f13d1e,SRC407,6,PAIR_E6941B5AAA3950D4AC08D63B,CONTEXT_CONFLICT,715,715,source_section|asset_class|strategy|currency_scale,MERGE,"source_section blanked: the only headings this document prints are the in-table groupings, which the placement rule makes asset_class/strategy and never source_section; pages 2-7 and 11 print no heading above the table at all. asset_class and strategy take the printed group name without the portfolio percentage and without '(Continued)': B's form split one class into two on the continuation pages and carried a running-header marker into the data. subject_type 'fund': the row label names a vehicle (L.P./LP/LLC/SCSp/Limited Partnership), which the label-driven rule types fund, not investment. currency_scale '$': the symbol is printed once at the head of the Cost and Fair Value columns and governs every value beneath it.",RESOLVED,A+B+ADJUDICATOR,42fd3fd5192cd82559b79a6adfdcdbf321ee96ab2925a30c3f3513e2aabdc3b6
a7d14c77ae7ede00f67d,SRC407,6,PAIR_C439E9A10E86EFA40A3D7AF7,CONTEXT_CONFLICT,716,716,source_section|asset_class|strategy|currency_scale,MERGE,"source_section blanked: the only headings this document prints are the in-table groupings, which the placement rule makes asset_class/strategy and never source_section; pages 2-7 and 11 print no heading above the table at all. asset_class and strategy take the printed group name without the portfolio percentage and without '(Continued)': B's form split one class into two on the continuation pages and carried a running-header marker into the data. subject_type 'fund': the row label names a vehicle (L.P./LP/LLC/SCSp/Limited Partnership), which the label-driven rule types fund, not investment. currency_scale '$': the symbol is printed once at the head of the Cost and Fair Value columns and governs every value beneath it.; Source review: p6: Fair Value (Individual holdings, aggregate rows, and the hierarchy note have separate value scopes.) | p6: Fair Value (Printed heading or definition supporting the source-reviewed qualifier.)",RESOLVED,A+B+ADJUDICATOR,42fd3fd5192cd82559b79a6adfdcdbf321ee96ab2925a30c3f3513e2aabdc3b6
e621b3dc6a4ca3fc0266,SRC407,6,PAIR_C335810E4CBB1DBFB38411A0,CONTEXT_CONFLICT,717,717,source_section|asset_class|strategy|currency_scale,MERGE,"source_section blanked: the only headings this document prints are the in-table groupings, which the placement rule makes asset_class/strategy and never source_section; pages 2-7 and 11 print no heading above the table at all. asset_class and strategy take the printed group name without the portfolio percentage and without '(Continued)': B's form split one class into two on the continuation pages and carried a running-header marker into the data. subject_type 'fund': the row label names a vehicle (L.P./LP/LLC/SCSp/Limited Partnership), which the label-driven rule types fund, not investment. currency_scale '$': the symbol is printed once at the head of the Cost and Fair Value columns and governs every value beneath it.",RESOLVED,A+B+ADJUDICATOR,42fd3fd5192cd82559b79a6adfdcdbf321ee96ab2925a30c3f3513e2aabdc3b6
daa73f21b7d577a9c826,SRC407,6,PAIR_6907DC39D31E7A1EF4BF7FD4,CONTEXT_CONFLICT,718,718,source_section|asset_class|strategy|currency_scale,MERGE,"source_section blanked: the only headings this document prints are the in-table groupings, which the placement rule makes asset_class/strategy and never source_section; pages 2-7 and 11 print no heading above the table at all. asset_class and strategy take the printed group name without the portfolio percentage and without '(Continued)': B's form split one class into two on the continuation pages and carried a running-header marker into the data. subject_type 'fund': the row label names a vehicle (L.P./LP/LLC/SCSp/Limited Partnership), which the label-driven rule types fund, not investment. currency_scale '$': the symbol is printed once at the head of the Cost and Fair Value columns and governs every value beneath it.; Source review: p6: Fair Value (Individual holdings, aggregate rows, and the hierarchy note have separate value scopes.) | p6: Fair Value (Printed heading or definition supporting the source-reviewed qualifier.)",RESOLVED,A+B+ADJUDICATOR,42fd3fd5192cd82559b79a6adfdcdbf321ee96ab2925a30c3f3513e2aabdc3b6
c5ff5dac9b2865c1cd35,SRC407,6,PAIR_E195826B9E9A42C8BEB2711A,CONTEXT_CONFLICT,719,719,source_section|asset_class|strategy|currency_scale,MERGE,"source_section blanked: the only headings this document prints are the in-table groupings, which the placement rule makes asset_class/strategy and never source_section; pages 2-7 and 11 print no heading above the table at all. asset_class and strategy take the printed group name without the portfolio percentage and without '(Continued)': B's form split one class into two on the continuation pages and carried a running-header marker into the data. subject_type 'fund': the row label names a vehicle (L.P./LP/LLC/SCSp/Limited Partnership), which the label-driven rule types fund, not investment. currency_scale '$': the symbol is printed once at the head of the Cost and Fair Value columns and governs every value beneath it.",RESOLVED,A+B+ADJUDICATOR,42fd3fd5192cd82559b79a6adfdcdbf321ee96ab2925a30c3f3513e2aabdc3b6
a542e30b5e0bddb5567c,SRC407,6,PAIR_25C776F509195639456780FB,CONTEXT_CONFLICT,720,720,source_section|asset_class|strategy|currency_scale,MERGE,"source_section blanked: the only headings this document prints are the in-table groupings, which the placement rule makes asset_class/strategy and never source_section; pages 2-7 and 11 print no heading above the table at all. asset_class and strategy take the printed group name without the portfolio percentage and without '(Continued)': B's form split one class into two on the continuation pages and carried a running-header marker into the data. subject_type 'fund': the row label names a vehicle (L.P./LP/LLC/SCSp/Limited Partnership), which the label-driven rule types fund, not investment. currency_scale '$': the symbol is printed once at the head of the Cost and Fair Value columns and governs every value beneath it.; Source review: p6: Fair Value (Individual holdings, aggregate rows, and the hierarchy note have separate value scopes.) | p6: Fair Value (Printed heading or definition supporting the source-reviewed qualifier.)",RESOLVED,A+B+ADJUDICATOR,42fd3fd5192cd82559b79a6adfdcdbf321ee96ab2925a30c3f3513e2aabdc3b6
3f1587ffcaa59340a99c,SRC407,6,PAIR_09CA495662E8127CE2717C6D,CONTEXT_CONFLICT,721,721,source_section|asset_class|strategy|currency_scale,MERGE,"source_section blanked: the only headings this document prints are the in-table groupings, which the placement rule makes asset_class/strategy and never source_section; pages 2-7 and 11 print no heading above the table at all. asset_class and strategy take the printed group name without the portfolio percentage and without '(Continued)': B's form split one class into two on the continuation pages and carried a running-header marker into the data. subject_type 'fund': the row label names a vehicle (L.P./LP/LLC/SCSp/Limited Partnership), which the label-driven rule types fund, not investment. currency_scale '$': the symbol is printed once at the head of the Cost and Fair Value columns and governs every value beneath it.",RESOLVED,A+B+ADJUDICATOR,42fd3fd5192cd82559b79a6adfdcdbf321ee96ab2925a30c3f3513e2aabdc3b6
3037024cb8e46ce0d023,SRC407,6,PAIR_2A32BC082943FC0608A8371D,CONTEXT_CONFLICT,722,722,source_section|asset_class|strategy|currency_scale,MERGE,"source_section blanked: the only headings this document prints are the in-table groupings, which the placement rule makes asset_class/strategy and never source_section; pages 2-7 and 11 print no heading above the table at all. asset_class and strategy take the printed group name without the portfolio percentage and without '(Continued)': B's form split one class into two on the continuation pages and carried a running-header marker into the data. subject_type 'fund': the row label names a vehicle (L.P./LP/LLC/SCSp/Limited Partnership), which the label-driven rule types fund, not investment. currency_scale '$': the symbol is printed once at the head of the Cost and Fair Value columns and governs every value beneath it.; Source review: p6: Fair Value (Individual holdings, aggregate rows, and the hierarchy note have separate value scopes.) | p6: Fair Value (Printed heading or definition supporting the source-reviewed qualifier.)",RESOLVED,A+B+ADJUDICATOR,42fd3fd5192cd82559b79a6adfdcdbf321ee96ab2925a30c3f3513e2aabdc3b6
c02686148d404e618b96,SRC407,6,PAIR_6A2D8A545B63A1B9056DD696,CONTEXT_CONFLICT,723,723,source_section|asset_class|strategy|currency_scale,MERGE,"source_section blanked: the only headings this document prints are the in-table groupings, which the placement rule makes asset_class/strategy and never source_section; pages 2-7 and 11 print no heading above the table at all. asset_class and strategy take the printed group name without the portfolio percentage and without '(Continued)': B's form split one class into two on the continuation pages and carried a running-header marker into the data. subject_type 'fund': the row label names a vehicle (L.P./LP/LLC/SCSp/Limited Partnership), which the label-driven rule types fund, not investment. currency_scale '$': the symbol is printed once at the head of the Cost and Fair Value columns and governs every value beneath it.",RESOLVED,A+B+ADJUDICATOR,42fd3fd5192cd82559b79a6adfdcdbf321ee96ab2925a30c3f3513e2aabdc3b6
c609d5359eb7cc1b6e41,SRC407,6,PAIR_E83F778A2D79BF16F3EF91D4,CONTEXT_CONFLICT,724,724,source_section|asset_class|strategy|currency_scale,MERGE,"source_section blanked: the only headings this document prints are the in-table groupings, which the placement rule makes asset_class/strategy and never source_section; pages 2-7 and 11 print no heading above the table at all. asset_class and strategy take the printed group name without the portfolio percentage and without '(Continued)': B's form split one class into two on the continuation pages and carried a running-header marker into the data. subject_type 'fund': the row label names a vehicle (L.P./LP/LLC/SCSp/Limited Partnership), which the label-driven rule types fund, not investment. currency_scale '$': the symbol is printed once at the head of the Cost and Fair Value columns and governs every value beneath it.; Source review: p6: Fair Value (Individual holdings, aggregate rows, and the hierarchy note have separate value scopes.) | p6: Fair Value (Printed heading or definition supporting the source-reviewed qualifier.)",RESOLVED,A+B+ADJUDICATOR,42fd3fd5192cd82559b79a6adfdcdbf321ee96ab2925a30c3f3513e2aabdc3b6
2fdc9bc67d942e61f692,SRC407,6,PAIR_FD63EAFFD27A3FD0D3034016,CONTEXT_CONFLICT,725,725,source_section|asset_class|strategy|currency_scale,MERGE,"source_section blanked: the only headings this document prints are the in-table groupings, which the placement rule makes asset_class/strategy and never source_section; pages 2-7 and 11 print no heading above the table at all. asset_class and strategy take the printed group name without the portfolio percentage and without '(Continued)': B's form split one class into two on the continuation pages and carried a running-header marker into the data. subject_type 'fund': the row label names a vehicle (L.P./LP/LLC/SCSp/Limited Partnership), which the label-driven rule types fund, not investment. currency_scale '$': the symbol is printed once at the head of the Cost and Fair Value columns and governs every value beneath it.",RESOLVED,A+B+ADJUDICATOR,42fd3fd5192cd82559b79a6adfdcdbf321ee96ab2925a30c3f3513e2aabdc3b6
da16345712e025fc6b72,SRC407,6,PAIR_73B76441C268B431B639D49D,CONTEXT_CONFLICT,726,726,source_section|asset_class|strategy|currency_scale,MERGE,"source_section blanked: the only headings this document prints are the in-table groupings, which the placement rule makes asset_class/strategy and never source_section; pages 2-7 and 11 print no heading above the table at all. asset_class and strategy take the printed group name without the portfolio percentage and without '(Continued)': B's form split one class into two on the continuation pages and carried a running-header marker into the data. subject_type 'fund': the row label names a vehicle (L.P./LP/LLC/SCSp/Limited Partnership), which the label-driven rule types fund, not investment. currency_scale '$': the symbol is printed once at the head of the Cost and Fair Value columns and governs every value beneath it.; Source review: p6: Fair Value (Individual holdings, aggregate rows, and the hierarchy note have separate value scopes.) | p6: Fair Value (Printed heading or definition supporting the source-reviewed qualifier.)",RESOLVED,A+B+ADJUDICATOR,42fd3fd5192cd82559b79a6adfdcdbf321ee96ab2925a30c3f3513e2aabdc3b6
45e370f76ec245af2982,SRC407,6,PAIR_6500DCDD1F7A78874E07E602,CONTEXT_CONFLICT,727,727,source_section|asset_class|strategy|currency_scale,MERGE,"source_section blanked: the only headings this document prints are the in-table groupings, which the placement rule makes asset_class/strategy and never source_section; pages 2-7 and 11 print no heading above the table at all. asset_class and strategy take the printed group name without the portfolio percentage and without '(Continued)': B's form split one class into two on the continuation pages and carried a running-header marker into the data. subject_type 'fund': the row label names a vehicle (L.P./LP/LLC/SCSp/Limited Partnership), which the label-driven rule types fund, not investment. currency_scale '$': the symbol is printed once at the head of the Cost and Fair Value columns and governs every value beneath it.",RESOLVED,A+B+ADJUDICATOR,42fd3fd5192cd82559b79a6adfdcdbf321ee96ab2925a30c3f3513e2aabdc3b6
9691a3556194f1cdaa8a,SRC407,6,PAIR_332808EA3E2F20E44914495A,CONTEXT_CONFLICT,728,728,source_section|asset_class|strategy|currency_scale,MERGE,"source_section blanked: the only headings this document prints are the in-table groupings, which the placement rule makes asset_class/strategy and never source_section; pages 2-7 and 11 print no heading above the table at all. asset_class and strategy take the printed group name without the portfolio percentage and without '(Continued)': B's form split one class into two on the continuation pages and carried a running-header marker into the data. subject_type 'fund': the row label names a vehicle (L.P./LP/LLC/SCSp/Limited Partnership), which the label-driven rule types fund, not investment. currency_scale '$': the symbol is printed once at the head of the Cost and Fair Value columns and governs every value beneath it.; Source review: p6: Fair Value (Individual holdings, aggregate rows, and the hierarchy note have separate value scopes.) | p6: Fair Value (Printed heading or definition supporting the source-reviewed qualifier.)",RESOLVED,A+B+ADJUDICATOR,42fd3fd5192cd82559b79a6adfdcdbf321ee96ab2925a30c3f3513e2aabdc3b6
e6333ee29f0a98e1896a,SRC407,6,PAIR_F396F2B96F02FE56049BEA94,CONTEXT_CONFLICT,729,729,source_section|asset_class|strategy|currency_scale,MERGE,"source_section blanked: the only headings this document prints are the in-table groupings, which the placement rule makes asset_class/strategy and never source_section; pages 2-7 and 11 print no heading above the table at all. asset_class and strategy take the printed group name without the portfolio percentage and without '(Continued)': B's form split one class into two on the continuation pages and carried a running-header marker into the data. subject_type 'fund': the row label names a vehicle (L.P./LP/LLC/SCSp/Limited Partnership), which the label-driven rule types fund, not investment. currency_scale '$': the symbol is printed once at the head of the Cost and Fair Value columns and governs every value beneath it.",RESOLVED,A+B+ADJUDICATOR,42fd3fd5192cd82559b79a6adfdcdbf321ee96ab2925a30c3f3513e2aabdc3b6
35db635cb1403d08f03a,SRC407,6,PAIR_0AD4E03DC28D8DA68E5674B7,CONTEXT_CONFLICT,730,730,source_section|asset_class|strategy|currency_scale,MERGE,"source_section blanked: the only headings this document prints are the in-table groupings, which the placement rule makes asset_class/strategy and never source_section; pages 2-7 and 11 print no heading above the table at all. asset_class and strategy take the printed group name without the portfolio percentage and without '(Continued)': B's form split one class into two on the continuation pages and carried a running-header marker into the data. subject_type 'fund': the row label names a vehicle (L.P./LP/LLC/SCSp/Limited Partnership), which the label-driven rule types fund, not investment. currency_scale '$': the symbol is printed once at the head of the Cost and Fair Value columns and governs every value beneath it.; Source review: p6: Fair Value (Individual holdings, aggregate rows, and the hierarchy note have separate value scopes.) | p6: Fair Value (Printed heading or definition supporting the source-reviewed qualifier.)",RESOLVED,A+B+ADJUDICATOR,42fd3fd5192cd82559b79a6adfdcdbf321ee96ab2925a30c3f3513e2aabdc3b6
0a9399547b66bac8bd1c,SRC407,6,PAIR_FE8541898CF4F8907EF790AE,CONTEXT_CONFLICT,731,731,source_section|asset_class|strategy|currency_scale,MERGE,"source_section blanked: the only headings this document prints are the in-table groupings, which the placement rule makes asset_class/strategy and never source_section; pages 2-7 and 11 print no heading above the table at all. asset_class and strategy take the printed group name without the portfolio percentage and without '(Continued)': B's form split one class into two on the continuation pages and carried a running-header marker into the data. subject_type 'fund': the row label names a vehicle (L.P./LP/LLC/SCSp/Limited Partnership), which the label-driven rule types fund, not investment. currency_scale '$': the symbol is printed once at the head of the Cost and Fair Value columns and governs every value beneath it.",RESOLVED,A+B+ADJUDICATOR,42fd3fd5192cd82559b79a6adfdcdbf321ee96ab2925a30c3f3513e2aabdc3b6
dc6af8158307117381ea,SRC407,6,PAIR_FF8603B680A34A6B057AA188,CONTEXT_CONFLICT,732,732,source_section|asset_class|strategy|currency_scale,MERGE,"source_section blanked: the only headings this document prints are the in-table groupings, which the placement rule makes asset_class/strategy and never source_section; pages 2-7 and 11 print no heading above the table at all. asset_class and strategy take the printed group name without the portfolio percentage and without '(Continued)': B's form split one class into two on the continuation pages and carried a running-header marker into the data. subject_type 'fund': the row label names a vehicle (L.P./LP/LLC/SCSp/Limited Partnership), which the label-driven rule types fund, not investment. currency_scale '$': the symbol is printed once at the head of the Cost and Fair Value columns and governs every value beneath it.; Source review: p6: Fair Value (Individual holdings, aggregate rows, and the hierarchy note have separate value scopes.) | p6: Fair Value (Printed heading or definition supporting the source-reviewed qualifier.)",RESOLVED,A+B+ADJUDICATOR,42fd3fd5192cd82559b79a6adfdcdbf321ee96ab2925a30c3f3513e2aabdc3b6
b2538b777958673944e9,SRC407,6,PAIR_875B408AD1D7BC94E5B96E51,CONTEXT_CONFLICT,733,733,source_section|asset_class|strategy|currency_scale,MERGE,"source_section blanked: the only headings this document prints are the in-table groupings, which the placement rule makes asset_class/strategy and never source_section; pages 2-7 and 11 print no heading above the table at all. asset_class and strategy take the printed group name without the portfolio percentage and without '(Continued)': B's form split one class into two on the continuation pages and carried a running-header marker into the data. subject_type 'fund': the row label names a vehicle (L.P./LP/LLC/SCSp/Limited Partnership), which the label-driven rule types fund, not investment. currency_scale '$': the symbol is printed once at the head of the Cost and Fair Value columns and governs every value beneath it.",RESOLVED,A+B+ADJUDICATOR,42fd3fd5192cd82559b79a6adfdcdbf321ee96ab2925a30c3f3513e2aabdc3b6
1aef352891c774f18c65,SRC407,6,PAIR_9D0AD33F80CDAFE0C4DA5BC7,CONTEXT_CONFLICT,734,734,source_section|asset_class|strategy|currency_scale,MERGE,"source_section blanked: the only headings this document prints are the in-table groupings, which the placement rule makes asset_class/strategy and never source_section; pages 2-7 and 11 print no heading above the table at all. asset_class and strategy take the printed group name without the portfolio percentage and without '(Continued)': B's form split one class into two on the continuation pages and carried a running-header marker into the data. subject_type 'fund': the row label names a vehicle (L.P./LP/LLC/SCSp/Limited Partnership), which the label-driven rule types fund, not investment. currency_scale '$': the symbol is printed once at the head of the Cost and Fair Value columns and governs every value beneath it.; Source review: p6: Fair Value (Individual holdings, aggregate rows, and the hierarchy note have separate value scopes.) | p6: Fair Value (Printed heading or definition supporting the source-reviewed qualifier.)",RESOLVED,A+B+ADJUDICATOR,42fd3fd5192cd82559b79a6adfdcdbf321ee96ab2925a30c3f3513e2aabdc3b6
1e67892d9c40ca544d10,SRC407,6,PAIR_A73BBCFBC0C7CD015320A2A7,CONTEXT_CONFLICT,735,735,source_section|asset_class|strategy|currency_scale,MERGE,"source_section blanked: the only headings this document prints are the in-table groupings, which the placement rule makes asset_class/strategy and never source_section; pages 2-7 and 11 print no heading above the table at all. asset_class and strategy take the printed group name without the portfolio percentage and without '(Continued)': B's form split one class into two on the continuation pages and carried a running-header marker into the data. subject_type 'fund': the row label names a vehicle (L.P./LP/LLC/SCSp/Limited Partnership), which the label-driven rule types fund, not investment. currency_scale '$': the symbol is printed once at the head of the Cost and Fair Value columns and governs every value beneath it.",RESOLVED,A+B+ADJUDICATOR,42fd3fd5192cd82559b79a6adfdcdbf321ee96ab2925a30c3f3513e2aabdc3b6
c86934b84be2fe848cac,SRC407,6,PAIR_3F8AB0434FAC675F85A6D496,CONTEXT_CONFLICT,736,736,source_section|asset_class|strategy|currency_scale,MERGE,"source_section blanked: the only headings this document prints are the in-table groupings, which the placement rule makes asset_class/strategy and never source_section; pages 2-7 and 11 print no heading above the table at all. asset_class and strategy take the printed group name without the portfolio percentage and without '(Continued)': B's form split one class into two on the continuation pages and carried a running-header marker into the data. subject_type 'fund': the row label names a vehicle (L.P./LP/LLC/SCSp/Limited Partnership), which the label-driven rule types fund, not investment. currency_scale '$': the symbol is printed once at the head of the Cost and Fair Value columns and governs every value beneath it.; Source review: p6: Fair Value (Individual holdings, aggregate rows, and the hierarchy note have separate value scopes.) | p6: Fair Value (Printed heading or definition supporting the source-reviewed qualifier.)",RESOLVED,A+B+ADJUDICATOR,42fd3fd5192cd82559b79a6adfdcdbf321ee96ab2925a30c3f3513e2aabdc3b6
ac1f733d766d58d562d2,SRC407,6,PAIR_B3C1DD8B8EB8AE886929D447,CONTEXT_CONFLICT,737,737,source_section|asset_class|strategy|currency_scale,MERGE,"source_section blanked: the only headings this document prints are the in-table groupings, which the placement rule makes asset_class/strategy and never source_section; pages 2-7 and 11 print no heading above the table at all. asset_class and strategy take the printed group name without the portfolio percentage and without '(Continued)': B's form split one class into two on the continuation pages and carried a running-header marker into the data. subject_type 'fund': the row label names a vehicle (L.P./LP/LLC/SCSp/Limited Partnership), which the label-driven rule types fund, not investment. currency_scale '$': the symbol is printed once at the head of the Cost and Fair Value columns and governs every value beneath it.",RESOLVED,A+B+ADJUDICATOR,42fd3fd5192cd82559b79a6adfdcdbf321ee96ab2925a30c3f3513e2aabdc3b6
cfcd0937099545cb87ee,SRC407,6,PAIR_6DE6A57590545BE1D3EEF922,CONTEXT_CONFLICT,738,738,source_section|asset_class|strategy|currency_scale,MERGE,"source_section blanked: the only headings this document prints are the in-table groupings, which the placement rule makes asset_class/strategy and never source_section; pages 2-7 and 11 print no heading above the table at all. asset_class and strategy take the printed group name without the portfolio percentage and without '(Continued)': B's form split one class into two on the continuation pages and carried a running-header marker into the data. subject_type 'fund': the row label names a vehicle (L.P./LP/LLC/SCSp/Limited Partnership), which the label-driven rule types fund, not investment. currency_scale '$': the symbol is printed once at the head of the Cost and Fair Value columns and governs every value beneath it.; Source review: p6: Fair Value (Individual holdings, aggregate rows, and the hierarchy note have separate value scopes.) | p6: Fair Value (Printed heading or definition supporting the source-reviewed qualifier.)",RESOLVED,A+B+ADJUDICATOR,42fd3fd5192cd82559b79a6adfdcdbf321ee96ab2925a30c3f3513e2aabdc3b6
071211f92bf19af5dccb,SRC407,6,PAIR_EAE5C91932F626ED6EE44EFC,CONTEXT_CONFLICT,739,739,source_section|asset_class|strategy|currency_scale,MERGE,"source_section blanked: the only headings this document prints are the in-table groupings, which the placement rule makes asset_class/strategy and never source_section; pages 2-7 and 11 print no heading above the table at all. asset_class and strategy take the printed group name without the portfolio percentage and without '(Continued)': B's form split one class into two on the continuation pages and carried a running-header marker into the data. subject_type 'fund': the row label names a vehicle (L.P./LP/LLC/SCSp/Limited Partnership), which the label-driven rule types fund, not investment. currency_scale '$': the symbol is printed once at the head of the Cost and Fair Value columns and governs every value beneath it.",RESOLVED,A+B+ADJUDICATOR,42fd3fd5192cd82559b79a6adfdcdbf321ee96ab2925a30c3f3513e2aabdc3b6
17a6035832858944208a,SRC407,6,PAIR_0C2CB3074551526F05237F16,CONTEXT_CONFLICT,740,740,source_section|asset_class|strategy|currency_scale,MERGE,"source_section blanked: the only headings this document prints are the in-table groupings, which the placement rule makes asset_class/strategy and never source_section; pages 2-7 and 11 print no heading above the table at all. asset_class and strategy take the printed group name without the portfolio percentage and without '(Continued)': B's form split one class into two on the continuation pages and carried a running-header marker into the data. subject_type 'fund': the row label names a vehicle (L.P./LP/LLC/SCSp/Limited Partnership), which the label-driven rule types fund, not investment. currency_scale '$': the symbol is printed once at the head of the Cost and Fair Value columns and governs every value beneath it.; Source review: p6: Fair Value (Individual holdings, aggregate rows, and the hierarchy note have separate value scopes.) | p6: Fair Value (Printed heading or definition supporting the source-reviewed qualifier.)",RESOLVED,A+B+ADJUDICATOR,42fd3fd5192cd82559b79a6adfdcdbf321ee96ab2925a30c3f3513e2aabdc3b6
1d38d6de007f819a81b9,SRC407,6,PAIR_747CDC8E666342DF5E15DEEF,CONTEXT_CONFLICT,741,741,source_section|asset_class|strategy|currency_scale,MERGE,"source_section blanked: the only headings this document prints are the in-table groupings, which the placement rule makes asset_class/strategy and never source_section; pages 2-7 and 11 print no heading above the table at all. asset_class and strategy take the printed group name without the portfolio percentage and without '(Continued)': B's form split one class into two on the continuation pages and carried a running-header marker into the data. subject_type 'fund': the row label names a vehicle (L.P./LP/LLC/SCSp/Limited Partnership), which the label-driven rule types fund, not investment. currency_scale '$': the symbol is printed once at the head of the Cost and Fair Value columns and governs every value beneath it.",RESOLVED,A+B+ADJUDICATOR,42fd3fd5192cd82559b79a6adfdcdbf321ee96ab2925a30c3f3513e2aabdc3b6
0ffd9371e73d13e0294b,SRC407,6,PAIR_34094F1320F5937A0EFF044B,CONTEXT_CONFLICT,742,742,source_section|asset_class|strategy|currency_scale,MERGE,"source_section blanked: the only headings this document prints are the in-table groupings, which the placement rule makes asset_class/strategy and never source_section; pages 2-7 and 11 print no heading above the table at all. asset_class and strategy take the printed group name without the portfolio percentage and without '(Continued)': B's form split one class into two on the continuation pages and carried a running-header marker into the data. subject_type 'fund': the row label names a vehicle (L.P./LP/LLC/SCSp/Limited Partnership), which the label-driven rule types fund, not investment. currency_scale '$': the symbol is printed once at the head of the Cost and Fair Value columns and governs every value beneath it.; Source review: p6: Fair Value (Individual holdings, aggregate rows, and the hierarchy note have separate value scopes.) | p6: Fair Value (Printed heading or definition supporting the source-reviewed qualifier.)",RESOLVED,A+B+ADJUDICATOR,42fd3fd5192cd82559b79a6adfdcdbf321ee96ab2925a30c3f3513e2aabdc3b6
61d860ecdd3091835627,SRC407,6,PAIR_1ABA7AE218D68AAF3E4A904C,CONTEXT_CONFLICT,743,743,source_section|asset_class|strategy|currency_scale,MERGE,"source_section blanked: the only headings this document prints are the in-table groupings, which the placement rule makes asset_class/strategy and never source_section; pages 2-7 and 11 print no heading above the table at all. asset_class and strategy take the printed group name without the portfolio percentage and without '(Continued)': B's form split one class into two on the continuation pages and carried a running-header marker into the data. subject_type 'fund': the row label names a vehicle (L.P./LP/LLC/SCSp/Limited Partnership), which the label-driven rule types fund, not investment. currency_scale '$': the symbol is printed once at the head of the Cost and Fair Value columns and governs every value beneath it.",RESOLVED,A+B+ADJUDICATOR,42fd3fd5192cd82559b79a6adfdcdbf321ee96ab2925a30c3f3513e2aabdc3b6
b84e9422f53576ce00af,SRC407,6,PAIR_370327B6D5F4839720188E7B,CONTEXT_CONFLICT,744,744,source_section|asset_class|strategy|currency_scale,MERGE,"source_section blanked: the only headings this document prints are the in-table groupings, which the placement rule makes asset_class/strategy and never source_section; pages 2-7 and 11 print no heading above the table at all. asset_class and strategy take the printed group name without the portfolio percentage and without '(Continued)': B's form split one class into two on the continuation pages and carried a running-header marker into the data. subject_type 'fund': the row label names a vehicle (L.P./LP/LLC/SCSp/Limited Partnership), which the label-driven rule types fund, not investment. currency_scale '$': the symbol is printed once at the head of the Cost and Fair Value columns and governs every value beneath it.; Source review: p6: Fair Value (Individual holdings, aggregate rows, and the hierarchy note have separate value scopes.) | p6: Fair Value (Printed heading or definition supporting the source-reviewed qualifier.)",RESOLVED,A+B+ADJUDICATOR,42fd3fd5192cd82559b79a6adfdcdbf321ee96ab2925a30c3f3513e2aabdc3b6
87ada1a220a8cce971d2,SRC407,6,PAIR_8555811BE653B545C1D6D44D,CONTEXT_CONFLICT,745,745,source_section|asset_class|strategy|currency_scale,MERGE,"source_section blanked: the only headings this document prints are the in-table groupings, which the placement rule makes asset_class/strategy and never source_section; pages 2-7 and 11 print no heading above the table at all. asset_class and strategy take the printed group name without the portfolio percentage and without '(Continued)': B's form split one class into two on the continuation pages and carried a running-header marker into the data. subject_type 'fund': the row label names a vehicle (L.P./LP/LLC/SCSp/Limited Partnership), which the label-driven rule types fund, not investment. currency_scale '$': the symbol is printed once at the head of the Cost and Fair Value columns and governs every value beneath it.",RESOLVED,A+B+ADJUDICATOR,42fd3fd5192cd82559b79a6adfdcdbf321ee96ab2925a30c3f3513e2aabdc3b6
ea9095a03fefbd33934f,SRC407,6,PAIR_2ED70534A42F8B698B096CF4,CONTEXT_CONFLICT,746,746,source_section|asset_class|strategy|currency_scale,MERGE,"source_section blanked: the only headings this document prints are the in-table groupings, which the placement rule makes asset_class/strategy and never source_section; pages 2-7 and 11 print no heading above the table at all. asset_class and strategy take the printed group name without the portfolio percentage and without '(Continued)': B's form split one class into two on the continuation pages and carried a running-header marker into the data. subject_type 'fund': the row label names a vehicle (L.P./LP/LLC/SCSp/Limited Partnership), which the label-driven rule types fund, not investment. currency_scale '$': the symbol is printed once at the head of the Cost and Fair Value columns and governs every value beneath it.; Source review: p6: Fair Value (Individual holdings, aggregate rows, and the hierarchy note have separate value scopes.) | p6: Fair Value (Printed heading or definition supporting the source-reviewed qualifier.)",RESOLVED,A+B+ADJUDICATOR,42fd3fd5192cd82559b79a6adfdcdbf321ee96ab2925a30c3f3513e2aabdc3b6
61190462b625d9baeecd,SRC407,7,PAIR_13B66BC5D08A97045D22D82B,CLASSIFICATION_CONFLICT,753,747,source_row_label|subject_name|asset_class|strategy,MERGE,"source_section blanked: the only headings this document prints are the in-table groupings, which the placement rule makes asset_class/strategy and never source_section; pages 2-7 and 11 print no heading above the table at all. asset_class and strategy take the printed group name without the portfolio percentage and without '(Continued)': B's form split one class into two on the continuation pages and carried a running-header marker into the data. subject_type 'fund': the row label names a vehicle (L.P./LP/LLC/SCSp/Limited Partnership), which the label-driven rule types fund, not investment. currency_scale '$': the symbol is printed once at the head of the Cost and Fair Value columns and governs every value beneath it.; Source review: p7: Total Investments (Individual holdings, aggregate rows, and the hierarchy note have separate value scopes.) | p7: Total Investments (Printed heading or definition supporting the source-reviewed qualifier.) | p7: Total Investments (Supersedes SR2891: the printed entity or table label is context, not a measurement basis; source labels retain its scope.)",RESOLVED,A+B+ADJUDICATOR,42fd3fd5192cd82559b79a6adfdcdbf321ee96ab2925a30c3f3513e2aabdc3b6
2af1e82dbb7e4f193598,SRC407,7,PAIR_38E71C5317CB6BE089264FC0,A_ONLY,754,,,MERGE,"source_section blanked: the only headings this document prints are the in-table groupings, which the placement rule makes asset_class/strategy and never source_section; pages 2-7 and 11 print no heading above the table at all. asset_class and strategy take the printed group name without the portfolio percentage and without '(Continued)': B's form split one class into two on the continuation pages and carried a running-header marker into the data. annualized 7-day yield printed inside the row label, published as interest_rate with unit '%'; footnote (e) names it. subject_type 'fund': the row label names a vehicle (L.P./LP/LLC/SCSp/Limited Partnership), which the label-driven rule types fund, not investment. A_ONLY confirmed against the page image: the cell is printed and eligible.",RESOLVED,A+ADJUDICATOR,42fd3fd5192cd82559b79a6adfdcdbf321ee96ab2925a30c3f3513e2aabdc3b6
b7bccbab8d6db3070933,SRC407,7,PAIR_EED81C7D605D560640042F69,CLASSIFICATION_CONFLICT,755,748,source_row_label|subject_name|asset_class|strategy,MERGE,"source_section blanked: the only headings this document prints are the in-table groupings, which the placement rule makes asset_class/strategy and never source_section; pages 2-7 and 11 print no heading above the table at all. asset_class and strategy take the printed group name without the portfolio percentage and without '(Continued)': B's form split one class into two on the continuation pages and carried a running-header marker into the data. subject_type 'fund': the row label names a vehicle (L.P./LP/LLC/SCSp/Limited Partnership), which the label-driven rule types fund, not investment. currency_scale '$': the symbol is printed once at the head of the Cost and Fair Value columns and governs every value beneath it.; Source review: p7: Total Investments (Individual holdings, aggregate rows, and the hierarchy note have separate value scopes.) | p7: Total Investments (Printed heading or definition supporting the source-reviewed qualifier.) | p7: Total Investments (Supersedes SR2892: the printed entity or table label is context, not a measurement basis; source labels retain its scope.)",RESOLVED,A+B+ADJUDICATOR,42fd3fd5192cd82559b79a6adfdcdbf321ee96ab2925a30c3f3513e2aabdc3b6
e4666cc0c7005f8ca1c0,SRC407,7,PAIR_8EFA482FF32EC4C474DAB0F9,A_ONLY,756,,,MERGE,"source_section blanked: the only headings this document prints are the in-table groupings, which the placement rule makes asset_class/strategy and never source_section; pages 2-7 and 11 print no heading above the table at all. asset_class and strategy take the printed group name without the portfolio percentage and without '(Continued)': B's form split one class into two on the continuation pages and carried a running-header marker into the data. annualized 7-day yield printed inside the row label, published as interest_rate with unit '%'; footnote (e) names it. subject_type 'fund': the row label names a vehicle (L.P./LP/LLC/SCSp/Limited Partnership), which the label-driven rule types fund, not investment. A_ONLY confirmed against the page image: the cell is printed and eligible.",RESOLVED,A+ADJUDICATOR,42fd3fd5192cd82559b79a6adfdcdbf321ee96ab2925a30c3f3513e2aabdc3b6
4aade72fc0ff0fe2f37f,SRC407,7,PAIR_9EB051465A98055D8B4E9E19,A_ONLY,761,,,MERGE,"source_section blanked: the only headings this document prints are the in-table groupings, which the placement rule makes asset_class/strategy and never source_section; pages 2-7 and 11 print no heading above the table at all. printed group percentage published as portfolio_weight on the page carrying that group's total row; asset_class/strategy blank where they would repeat subject_name. subject_type 'portfolio': the row is a printed group or total, not a holding. A_ONLY confirmed against the page image: the cell is printed and eligible.",RESOLVED,A+ADJUDICATOR,42fd3fd5192cd82559b79a6adfdcdbf321ee96ab2925a30c3f3513e2aabdc3b6
0a961609d5a5b1d03b78,SRC407,7,PAIR_0D5A0503A42A42B2AC6A730E,A_ONLY,762,,,MERGE,"source_section blanked: the only headings this document prints are the in-table groupings, which the placement rule makes asset_class/strategy and never source_section; pages 2-7 and 11 print no heading above the table at all. printed group percentage published as portfolio_weight on the page carrying that group's total row; asset_class/strategy blank where they would repeat subject_name. subject_type 'portfolio': the row is a printed group or total, not a holding. A_ONLY confirmed against the page image: the cell is printed and eligible.",RESOLVED,A+ADJUDICATOR,42fd3fd5192cd82559b79a6adfdcdbf321ee96ab2925a30c3f3513e2aabdc3b6
4ee72e89426d7906ea1f,SRC407,7,PAIR_CD9360A35AA0EAA870916938,A_ONLY,763,,,MERGE,"source_section blanked: the only headings this document prints are the in-table groupings, which the placement rule makes asset_class/strategy and never source_section; pages 2-7 and 11 print no heading above the table at all. printed group percentage published as portfolio_weight on the page carrying that group's total row; asset_class/strategy blank where they would repeat subject_name. subject_type 'portfolio': the row is a printed group or total, not a holding. A_ONLY confirmed against the page image: the cell is printed and eligible.",RESOLVED,A+ADJUDICATOR,42fd3fd5192cd82559b79a6adfdcdbf321ee96ab2925a30c3f3513e2aabdc3b6
8df05121a61c2bdb7f47,SRC407,7,PAIR_51C1E3A4C4DB94CACFA37C55,A_ONLY,764,,,MERGE,"source_section blanked: the only headings this document prints are the in-table groupings, which the placement rule makes asset_class/strategy and never source_section; pages 2-7 and 11 print no heading above the table at all. printed group percentage published as portfolio_weight on the page carrying that group's total row; asset_class/strategy blank where they would repeat subject_name. subject_type 'portfolio': the row is a printed group or total, not a holding. A_ONLY confirmed against the page image: the cell is printed and eligible.",RESOLVED,A+ADJUDICATOR,42fd3fd5192cd82559b79a6adfdcdbf321ee96ab2925a30c3f3513e2aabdc3b6
c0501df7badb321685ad,SRC407,7,PAIR_1B98C849E32869F9222C130B,A_ONLY,766,,,MERGE,"source_section blanked: the only headings this document prints are the in-table groupings, which the placement rule makes asset_class/strategy and never source_section; pages 2-7 and 11 print no heading above the table at all. metric_value_raw keeps the printed currency symbol, gap closed; the page prints '$' on this cell and both lanes dropped it. asset_class and strategy take the printed group name without the portfolio percentage and without '(Continued)': B's form split one class into two on the continuation pages and carried a running-header marker into the data. subject_type 'portfolio': the row is a printed group or total, not a holding. currency_scale '$': the symbol is printed once at the head of the Cost and Fair Value columns and governs every value beneath it. A_ONLY confirmed against the page image: the cell is printed and eligible.",RESOLVED,A+ADJUDICATOR,42fd3fd5192cd82559b79a6adfdcdbf321ee96ab2925a30c3f3513e2aabdc3b6
dba8b3f81adbe5b31fbf,SRC407,7,PAIR_52EDDED381936226857FBC49,A_ONLY,767,,,MERGE,"source_section blanked: the only headings this document prints are the in-table groupings, which the placement rule makes asset_class/strategy and never source_section; pages 2-7 and 11 print no heading above the table at all. metric_value_raw keeps the printed currency symbol, gap closed; the page prints '$' on this cell and both lanes dropped it. asset_class and strategy take the printed group name without the portfolio percentage and without '(Continued)': B's form split one class into two on the continuation pages and carried a running-header marker into the data. subject_type 'portfolio': the row is a printed group or total, not a holding. currency_scale '$': the symbol is printed once at the head of the Cost and Fair Value columns and governs every value beneath it. A_ONLY confirmed against the page image: the cell is printed and eligible.; Source review: p7: Total Investments (Individual holdings, aggregate rows, and the hierarchy note have separate value scopes.) | p7: Total Investments (Printed heading or definition supporting the source-reviewed qualifier.) | p7: Total Investments (Supersedes SR2893: the printed entity or table label is context, not a measurement basis; source labels retain its scope.)",RESOLVED,A+ADJUDICATOR,42fd3fd5192cd82559b79a6adfdcdbf321ee96ab2925a30c3f3513e2aabdc3b6
4e7c5738bf6c34496d08,SRC407,7,PAIR_37668E2F865E24E2359FEDFD,A_ONLY,768,,,MERGE,"source_section blanked: the only headings this document prints are the in-table groupings, which the placement rule makes asset_class/strategy and never source_section; pages 2-7 and 11 print no heading above the table at all. printed group percentage published as portfolio_weight on the page carrying that group's total row; asset_class/strategy blank where they would repeat subject_name. subject_type 'portfolio': the row is a printed group or total, not a holding. A_ONLY confirmed against the page image: the cell is printed and eligible.",RESOLVED,A+ADJUDICATOR,42fd3fd5192cd82559b79a6adfdcdbf321ee96ab2925a30c3f3513e2aabdc3b6
6156ae41895a79acf339,SRC407,7,PAIR_B1FFEB19FA6BFE63451D752B,A_ONLY,769,,,MERGE,"source_section blanked: the only headings this document prints are the in-table groupings, which the placement rule makes asset_class/strategy and never source_section; pages 2-7 and 11 print no heading above the table at all. asset_class and strategy take the printed group name without the portfolio percentage and without '(Continued)': B's form split one class into two on the continuation pages and carried a running-header marker into the data. subject_type 'portfolio': the row is a printed group or total, not a holding. currency_scale '$': the symbol is printed once at the head of the Cost and Fair Value columns and governs every value beneath it. A_ONLY confirmed against the page image: the cell is printed and eligible.; Source review: p7: Total Investments (Individual holdings, aggregate rows, and the hierarchy note have separate value scopes.) | p7: Total Investments (Printed heading or definition supporting the source-reviewed qualifier.) | p7: Total Investments (Supersedes SR2894: the printed entity or table label is context, not a measurement basis; source labels retain its scope.)",RESOLVED,A+ADJUDICATOR,42fd3fd5192cd82559b79a6adfdcdbf321ee96ab2925a30c3f3513e2aabdc3b6
5d5242d7a067a8632e54,SRC407,7,PAIR_B679EE894B2192029FE67381,A_ONLY,770,,,MERGE,"source_section blanked: the only headings this document prints are the in-table groupings, which the placement rule makes asset_class/strategy and never source_section; pages 2-7 and 11 print no heading above the table at all. metric_value_raw keeps the printed currency symbol, gap closed; the page prints '$' on this cell and both lanes dropped it. asset_class and strategy take the printed group name without the portfolio percentage and without '(Continued)': B's form split one class into two on the continuation pages and carried a running-header marker into the data. subject_type 'portfolio': the row is a printed group or total, not a holding. currency_scale '$': the symbol is printed once at the head of the Cost and Fair Value columns and governs every value beneath it. A_ONLY confirmed against the page image: the cell is printed and eligible.",RESOLVED,A+ADJUDICATOR,42fd3fd5192cd82559b79a6adfdcdbf321ee96ab2925a30c3f3513e2aabdc3b6
37d635364287ae235d73,SRC407,7,PAIR_F06A18546F67C5596D3B1374,A_ONLY,771,,,MERGE,"source_section blanked: the only headings this document prints are the in-table groupings, which the placement rule makes asset_class/strategy and never source_section; pages 2-7 and 11 print no heading above the table at all. metric_value_raw keeps the printed currency symbol, gap closed; the page prints '$' on this cell and both lanes dropped it. asset_class and strategy take the printed group name without the portfolio percentage and without '(Continued)': B's form split one class into two on the continuation pages and carried a running-header marker into the data. subject_type 'portfolio': the row is a printed group or total, not a holding. currency_scale '$': the symbol is printed once at the head of the Cost and Fair Value columns and governs every value beneath it. A_ONLY confirmed against the page image: the cell is printed and eligible.; Source review: p7: Total Investments (Individual holdings, aggregate rows, and the hierarchy note have separate value scopes.) | p7: Total Investments (Printed heading or definition supporting the source-reviewed qualifier.) | p7: Total Investments (Supersedes SR2895: the printed entity or table label is context, not a measurement basis; source labels retain its scope.)",RESOLVED,A+ADJUDICATOR,42fd3fd5192cd82559b79a6adfdcdbf321ee96ab2925a30c3f3513e2aabdc3b6
93d55a8d6a01d5be2c1c,SRC407,7,PAIR_C9081B19566CC3BFD392544D,A_ONLY,772,,,MERGE,"source_section blanked: the only headings this document prints are the in-table groupings, which the placement rule makes asset_class/strategy and never source_section; pages 2-7 and 11 print no heading above the table at all. asset_class and strategy take the printed group name without the portfolio percentage and without '(Continued)': B's form split one class into two on the continuation pages and carried a running-header marker into the data. subject_type 'portfolio': the row is a printed group or total, not a holding. currency_scale '$': the symbol is printed once at the head of the Cost and Fair Value columns and governs every value beneath it. A_ONLY confirmed against the page image: the cell is printed and eligible.",RESOLVED,A+ADJUDICATOR,42fd3fd5192cd82559b79a6adfdcdbf321ee96ab2925a30c3f3513e2aabdc3b6
b4482b45b094e4e4820f,SRC407,7,PAIR_8B610D323293DE8319CCF3A3,A_ONLY,773,,,MERGE,"source_section blanked: the only headings this document prints are the in-table groupings, which the placement rule makes asset_class/strategy and never source_section; pages 2-7 and 11 print no heading above the table at all. asset_class and strategy take the printed group name without the portfolio percentage and without '(Continued)': B's form split one class into two on the continuation pages and carried a running-header marker into the data. subject_type 'portfolio': the row is a printed group or total, not a holding. currency_scale '$': the symbol is printed once at the head of the Cost and Fair Value columns and governs every value beneath it. A_ONLY confirmed against the page image: the cell is printed and eligible.; Source review: p7: Total Investments (Individual holdings, aggregate rows, and the hierarchy note have separate value scopes.) | p7: Total Investments (Printed heading or definition supporting the source-reviewed qualifier.) | p7: Total Investments (Supersedes SR2896: the printed entity or table label is context, not a measurement basis; source labels retain its scope.)",RESOLVED,A+ADJUDICATOR,42fd3fd5192cd82559b79a6adfdcdbf321ee96ab2925a30c3f3513e2aabdc3b6
d9e79964fd352196f088,SRC407,7,PAIR_77624F880AAD2FFCAA74F12B,A_ONLY,774,,,MERGE,"source_section blanked: the only headings this document prints are the in-table groupings, which the placement rule makes asset_class/strategy and never source_section; pages 2-7 and 11 print no heading above the table at all. metric_value_raw keeps the printed currency symbol, gap closed; the page prints '$' on this cell and both lanes dropped it. asset_class and strategy take the printed group name without the portfolio percentage and without '(Continued)': B's form split one class into two on the continuation pages and carried a running-header marker into the data. subject_type 'portfolio': the row is a printed group or total, not a holding. currency_scale '$': the symbol is printed once at the head of the Cost and Fair Value columns and governs every value beneath it. A_ONLY confirmed against the page image: the cell is printed and eligible.",RESOLVED,A+ADJUDICATOR,42fd3fd5192cd82559b79a6adfdcdbf321ee96ab2925a30c3f3513e2aabdc3b6
9759262718c655d56fee,SRC407,7,PAIR_EDCBA8667C2E20A29DF92BB7,A_ONLY,775,,,MERGE,"source_section blanked: the only headings this document prints are the in-table groupings, which the placement rule makes asset_class/strategy and never source_section; pages 2-7 and 11 print no heading above the table at all. metric_value_raw keeps the printed currency symbol, gap closed; the page prints '$' on this cell and both lanes dropped it. asset_class and strategy take the printed group name without the portfolio percentage and without '(Continued)': B's form split one class into two on the continuation pages and carried a running-header marker into the data. subject_type 'portfolio': the row is a printed group or total, not a holding. currency_scale '$': the symbol is printed once at the head of the Cost and Fair Value columns and governs every value beneath it. A_ONLY confirmed against the page image: the cell is printed and eligible.; Source review: p7: Total Investments (Individual holdings, aggregate rows, and the hierarchy note have separate value scopes.) | p7: Total Investments (Printed heading or definition supporting the source-reviewed qualifier.) | p7: Total Investments (Supersedes SR2897: the printed entity or table label is context, not a measurement basis; source labels retain its scope.)",RESOLVED,A+ADJUDICATOR,42fd3fd5192cd82559b79a6adfdcdbf321ee96ab2925a30c3f3513e2aabdc3b6
925f05f79be5a45bf0ac,SRC407,7,PAIR_F3F8253735AF1C61E00B4E28,VALUE_CONFLICT,776,749,source_section|asset_class|strategy|currency_scale|metric_value_raw,MERGE,"source_section blanked: the only headings this document prints are the in-table groupings, which the placement rule makes asset_class/strategy and never source_section; pages 2-7 and 11 print no heading above the table at all. metric_value_raw keeps the printed '$' that A stripped; the value column is raw and stripping a printed symbol is a normalisation. asset_class and strategy take the printed group name without the portfolio percentage and without '(Continued)': B's form split one class into two on the continuation pages and carried a running-header marker into the data. subject_type 'fund': the row label names a vehicle (L.P./LP/LLC/SCSp/Limited Partnership), which the label-driven rule types fund, not investment. currency_scale '$': the symbol is printed once at the head of the Cost and Fair Value columns and governs every value beneath it.",RESOLVED,A+B+ADJUDICATOR,42fd3fd5192cd82559b79a6adfdcdbf321ee96ab2925a30c3f3513e2aabdc3b6
0853f58c03e77b7b45ef,SRC407,7,PAIR_CC6CC9D5341505DBE067A02B,VALUE_CONFLICT,777,750,source_section|asset_class|strategy|currency_scale|metric_value_raw,MERGE,"source_section blanked: the only headings this document prints are the in-table groupings, which the placement rule makes asset_class/strategy and never source_section; pages 2-7 and 11 print no heading above the table at all. metric_value_raw keeps the printed '$' that A stripped; the value column is raw and stripping a printed symbol is a normalisation. asset_class and strategy take the printed group name without the portfolio percentage and without '(Continued)': B's form split one class into two on the continuation pages and carried a running-header marker into the data. subject_type 'fund': the row label names a vehicle (L.P./LP/LLC/SCSp/Limited Partnership), which the label-driven rule types fund, not investment. currency_scale '$': the symbol is printed once at the head of the Cost and Fair Value columns and governs every value beneath it.; Source review: p7: Total Investments (Individual holdings, aggregate rows, and the hierarchy note have separate value scopes.) | p7: Total Investments (Printed heading or definition supporting the source-reviewed qualifier.) | p7: Total Investments (Supersedes SR2898: the printed entity or table label is context, not a measurement basis; source labels retain its scope.)",RESOLVED,A+B+ADJUDICATOR,42fd3fd5192cd82559b79a6adfdcdbf321ee96ab2925a30c3f3513e2aabdc3b6
fc9b92764aeb473358c9,SRC407,7,PAIR_EBF82909E6D3D053E9459A91,CONTEXT_CONFLICT,778,751,source_section|asset_class|strategy|currency_scale,MERGE,"source_section blanked: the only headings this document prints are the in-table groupings, which the placement rule makes asset_class/strategy and never source_section; pages 2-7 and 11 print no heading above the table at all. asset_class and strategy take the printed group name without the portfolio percentage and without '(Continued)': B's form split one class into two on the continuation pages and carried a running-header marker into the data. subject_type 'fund': the row label names a vehicle (L.P./LP/LLC/SCSp/Limited Partnership), which the label-driven rule types fund, not investment. currency_scale '$': the symbol is printed once at the head of the Cost and Fair Value columns and governs every value beneath it.",RESOLVED,A+B+ADJUDICATOR,42fd3fd5192cd82559b79a6adfdcdbf321ee96ab2925a30c3f3513e2aabdc3b6
9436f897a1b627edbae8,SRC407,7,PAIR_BF4235BB3B0F57171A877CBB,CONTEXT_CONFLICT,779,752,source_section|asset_class|strategy|currency_scale,MERGE,"source_section blanked: the only headings this document prints are the in-table groupings, which the placement rule makes asset_class/strategy and never source_section; pages 2-7 and 11 print no heading above the table at all. asset_class and strategy take the printed group name without the portfolio percentage and without '(Continued)': B's form split one class into two on the continuation pages and carried a running-header marker into the data. subject_type 'fund': the row label names a vehicle (L.P./LP/LLC/SCSp/Limited Partnership), which the label-driven rule types fund, not investment. currency_scale '$': the symbol is printed once at the head of the Cost and Fair Value columns and governs every value beneath it.; Source review: p7: Total Investments (Individual holdings, aggregate rows, and the hierarchy note have separate value scopes.) | p7: Total Investments (Printed heading or definition supporting the source-reviewed qualifier.) | p7: Total Investments (Supersedes SR2899: the printed entity or table label is context, not a measurement basis; source labels retain its scope.)",RESOLVED,A+B+ADJUDICATOR,42fd3fd5192cd82559b79a6adfdcdbf321ee96ab2925a30c3f3513e2aabdc3b6
344b718247820c10db96,SRC407,7,PAIR_84177E140C9C0E1AB889ABBB,CONTEXT_CONFLICT,780,753,source_section|asset_class|strategy|currency_scale,MERGE,"source_section blanked: the only headings this document prints are the in-table groupings, which the placement rule makes asset_class/strategy and never source_section; pages 2-7 and 11 print no heading above the table at all. asset_class and strategy take the printed group name without the portfolio percentage and without '(Continued)': B's form split one class into two on the continuation pages and carried a running-header marker into the data. subject_type 'fund': the row label names a vehicle (L.P./LP/LLC/SCSp/Limited Partnership), which the label-driven rule types fund, not investment. currency_scale '$': the symbol is printed once at the head of the Cost and Fair Value columns and governs every value beneath it.",RESOLVED,A+B+ADJUDICATOR,42fd3fd5192cd82559b79a6adfdcdbf321ee96ab2925a30c3f3513e2aabdc3b6
e4ee41750da95b51a6c7,SRC407,7,PAIR_A448B685CBF330C883D90677,CONTEXT_CONFLICT,781,754,source_section|asset_class|strategy|currency_scale,MERGE,"source_section blanked: the only headings this document prints are the in-table groupings, which the placement rule makes asset_class/strategy and never source_section; pages 2-7 and 11 print no heading above the table at all. asset_class and strategy take the printed group name without the portfolio percentage and without '(Continued)': B's form split one class into two on the continuation pages and carried a running-header marker into the data. subject_type 'fund': the row label names a vehicle (L.P./LP/LLC/SCSp/Limited Partnership), which the label-driven rule types fund, not investment. currency_scale '$': the symbol is printed once at the head of the Cost and Fair Value columns and governs every value beneath it.; Source review: p7: Total Investments (Individual holdings, aggregate rows, and the hierarchy note have separate value scopes.) | p7: Total Investments (Printed heading or definition supporting the source-reviewed qualifier.) | p7: Total Investments (Supersedes SR2900: the printed entity or table label is context, not a measurement basis; source labels retain its scope.)",RESOLVED,A+B+ADJUDICATOR,42fd3fd5192cd82559b79a6adfdcdbf321ee96ab2925a30c3f3513e2aabdc3b6
15830589823e557fdc32,SRC407,7,PAIR_82C0C4D94DB99948DB6BC10B,VALUE_CONFLICT,747,755,source_table|source_row_label|asset_class|currency_scale|metric_value_raw,MERGE,"source_section blanked: the only headings this document prints are the in-table groupings, which the placement rule makes asset_class/strategy and never source_section; pages 2-7 and 11 print no heading above the table at all. source_row_label is the printed Counterparty with occurrence 1-3; A folded the Settlement Date column into the label, which states that column twice. metric_value_raw keeps the printed '$' that A stripped; the value column is raw and stripping a printed symbol is a normalisation. source_table is the printed table title above this table, not the schedule; A filed the two derivative tables under the Consolidated Schedule of Investments. asset_class blanked: B's 'Equity Forward Contract' is a singularised copy of the table title, which source_table already carries; the page prints no class heading here. subject_type 'investment': the row is a derivative position, not a vehicle. currency_scale '$': the symbol is printed once at the head of the Cost and Fair Value columns and governs every value beneath it.",RESOLVED,A+B+ADJUDICATOR,42fd3fd5192cd82559b79a6adfdcdbf321ee96ab2925a30c3f3513e2aabdc3b6
c3e887f3c9a41d526243,SRC407,7,PAIR_14F8B7EBED87D36F80043F74,VALUE_CONFLICT,749,756,source_table|source_row_label|source_occurrence|asset_class|currency_scale|metric_value_raw,MERGE,"source_section blanked: the only headings this document prints are the in-table groupings, which the placement rule makes asset_class/strategy and never source_section; pages 2-7 and 11 print no heading above the table at all. source_row_label is the printed Counterparty with occurrence 1-3; A folded the Settlement Date column into the label, which states that column twice. metric_value_raw keeps the printed '$' that A stripped; the value column is raw and stripping a printed symbol is a normalisation. source_table is the printed table title above this table, not the schedule; A filed the two derivative tables under the Consolidated Schedule of Investments. asset_class blanked: B's 'Equity Forward Contract' is a singularised copy of the table title, which source_table already carries; the page prints no class heading here. subject_type 'investment': the row is a derivative position, not a vehicle. currency_scale '$': the symbol is printed once at the head of the Cost and Fair Value columns and governs every value beneath it.",RESOLVED,A+B+ADJUDICATOR,42fd3fd5192cd82559b79a6adfdcdbf321ee96ab2925a30c3f3513e2aabdc3b6
0f36b53f5830e28aef6f,SRC407,7,PAIR_70B6139A3934814416BF4F8A,VALUE_CONFLICT,751,757,source_table|source_row_label|source_occurrence|asset_class|currency_scale|metric_value_raw,MERGE,"source_section blanked: the only headings this document prints are the in-table groupings, which the placement rule makes asset_class/strategy and never source_section; pages 2-7 and 11 print no heading above the table at all. source_row_label is the printed Counterparty with occurrence 1-3; A folded the Settlement Date column into the label, which states that column twice. metric_value_raw keeps the printed '$' that A stripped; the value column is raw and stripping a printed symbol is a normalisation. source_table is the printed table title above this table, not the schedule; A filed the two derivative tables under the Consolidated Schedule of Investments. asset_class blanked: B's 'Equity Forward Contract' is a singularised copy of the table title, which source_table already carries; the page prints no class heading here. subject_type 'investment': the row is a derivative position, not a vehicle. currency_scale '$': the symbol is printed once at the head of the Cost and Fair Value columns and governs every value beneath it.",RESOLVED,A+B+ADJUDICATOR,42fd3fd5192cd82559b79a6adfdcdbf321ee96ab2925a30c3f3513e2aabdc3b6
546615e7e4e8bfcba489,SRC407,7,PAIR_266C9CD95D733C11202C6F26,B_ONLY,,758,,MERGE,"source_section blanked: the only headings this document prints are the in-table groupings, which the placement rule makes asset_class/strategy and never source_section; pages 2-7 and 11 print no heading above the table at all. source_table is the printed table title above this table, not the schedule; A filed the two derivative tables under the Consolidated Schedule of Investments. asset_class blanked: B's 'Equity Forward Contract' is a singularised copy of the table title, which source_table already carries; the page prints no class heading here. subject_type 'investment': the row is a derivative position, not a vehicle. B_ONLY confirmed against page-007.png: the Settlement Date column is printed and a forward's settlement date is its maturity_date; A missed all three.",RESOLVED,B+ADJUDICATOR,42fd3fd5192cd82559b79a6adfdcdbf321ee96ab2925a30c3f3513e2aabdc3b6
7cb58338cd7854f868e6,SRC407,7,PAIR_5D88935337F4E3A1CCCF489A,B_ONLY,,759,,MERGE,"source_section blanked: the only headings this document prints are the in-table groupings, which the placement rule makes asset_class/strategy and never source_section; pages 2-7 and 11 print no heading above the table at all. source_table is the printed table title above this table, not the schedule; A filed the two derivative tables under the Consolidated Schedule of Investments. asset_class blanked: B's 'Equity Forward Contract' is a singularised copy of the table title, which source_table already carries; the page prints no class heading here. subject_type 'investment': the row is a derivative position, not a vehicle. B_ONLY confirmed against page-007.png: the Settlement Date column is printed and a forward's settlement date is its maturity_date; A missed all three.",RESOLVED,B+ADJUDICATOR,42fd3fd5192cd82559b79a6adfdcdbf321ee96ab2925a30c3f3513e2aabdc3b6
4e0a9886738ef58c288b,SRC407,7,PAIR_C02E914361D67D1835B135DB,B_ONLY,,760,,MERGE,"source_section blanked: the only headings this document prints are the in-table groupings, which the placement rule makes asset_class/strategy and never source_section; pages 2-7 and 11 print no heading above the table at all. source_table is the printed table title above this table, not the schedule; A filed the two derivative tables under the Consolidated Schedule of Investments. asset_class blanked: B's 'Equity Forward Contract' is a singularised copy of the table title, which source_table already carries; the page prints no class heading here. subject_type 'investment': the row is a derivative position, not a vehicle. B_ONLY confirmed against page-007.png: the Settlement Date column is printed and a forward's settlement date is its maturity_date; A missed all three.",RESOLVED,B+ADJUDICATOR,42fd3fd5192cd82559b79a6adfdcdbf321ee96ab2925a30c3f3513e2aabdc3b6
a93724926319df0af629,SRC407,7,PAIR_559A1CEE8A11F66B21F2440C,VALUE_CONFLICT,748,761,source_table|source_row_label|asset_class|currency_scale|metric_value_raw,MERGE,"source_section blanked: the only headings this document prints are the in-table groupings, which the placement rule makes asset_class/strategy and never source_section; pages 2-7 and 11 print no heading above the table at all. source_row_label is the printed Counterparty with occurrence 1-3; A folded the Settlement Date column into the label, which states that column twice. metric_value_raw keeps the printed '$' that A stripped; the value column is raw and stripping a printed symbol is a normalisation. source_table is the printed table title above this table, not the schedule; A filed the two derivative tables under the Consolidated Schedule of Investments. asset_class blanked: B's 'Equity Forward Contract' is a singularised copy of the table title, which source_table already carries; the page prints no class heading here. subject_type 'investment': the row is a derivative position, not a vehicle. currency_scale '$': the symbol is printed once at the head of the Cost and Fair Value columns and governs every value beneath it.; Source review: p7: Unrealized (Individual holdings, aggregate rows, and the hierarchy note have separate value scopes.) | p7: Unrealized (Printed heading or definition supporting the source-reviewed qualifier.)",RESOLVED,A+B+ADJUDICATOR,42fd3fd5192cd82559b79a6adfdcdbf321ee96ab2925a30c3f3513e2aabdc3b6
33d0bdde2d9e29b74231,SRC407,7,PAIR_90B213041C432BAE4A0B8AAA,VALUE_CONFLICT,750,762,source_table|source_row_label|source_occurrence|asset_class|currency_scale|metric_value_raw,MERGE,"source_section blanked: the only headings this document prints are the in-table groupings, which the placement rule makes asset_class/strategy and never source_section; pages 2-7 and 11 print no heading above the table at all. source_row_label is the printed Counterparty with occurrence 1-3; A folded the Settlement Date column into the label, which states that column twice. metric_value_raw keeps the printed '$' that A stripped; the value column is raw and stripping a printed symbol is a normalisation. source_table is the printed table title above this table, not the schedule; A filed the two derivative tables under the Consolidated Schedule of Investments. asset_class blanked: B's 'Equity Forward Contract' is a singularised copy of the table title, which source_table already carries; the page prints no class heading here. subject_type 'investment': the row is a derivative position, not a vehicle. currency_scale '$': the symbol is printed once at the head of the Cost and Fair Value columns and governs every value beneath it.; Source review: p7: Unrealized (Individual holdings, aggregate rows, and the hierarchy note have separate value scopes.) | p7: Unrealized (Printed heading or definition supporting the source-reviewed qualifier.)",RESOLVED,A+B+ADJUDICATOR,42fd3fd5192cd82559b79a6adfdcdbf321ee96ab2925a30c3f3513e2aabdc3b6
a3298c227d76b87e72d0,SRC407,7,PAIR_4FBD0D7E7A07D29139D5ED34,VALUE_CONFLICT,752,763,source_table|source_row_label|source_occurrence|asset_class|currency_scale|metric_value_raw,MERGE,"source_section blanked: the only headings this document prints are the in-table groupings, which the placement rule makes asset_class/strategy and never source_section; pages 2-7 and 11 print no heading above the table at all. source_row_label is the printed Counterparty with occurrence 1-3; A folded the Settlement Date column into the label, which states that column twice. metric_value_raw keeps the printed '$' that A stripped; the value column is raw and stripping a printed symbol is a normalisation. source_table is the printed table title above this table, not the schedule; A filed the two derivative tables under the Consolidated Schedule of Investments. asset_class blanked: B's 'Equity Forward Contract' is a singularised copy of the table title, which source_table already carries; the page prints no class heading here. subject_type 'investment': the row is a derivative position, not a vehicle. currency_scale '$': the symbol is printed once at the head of the Cost and Fair Value columns and governs every value beneath it.; Source review: p7: Unrealized (Individual holdings, aggregate rows, and the hierarchy note have separate value scopes.) | p7: Unrealized (Printed heading or definition supporting the source-reviewed qualifier.)",RESOLVED,A+B+ADJUDICATOR,42fd3fd5192cd82559b79a6adfdcdbf321ee96ab2925a30c3f3513e2aabdc3b6
7fc3cec65bd0b693ee5c,SRC407,7,PAIR_A383ACD30BF4AF738917B4BA,VALUE_CONFLICT,757,764,source_table|asset_class|currency_scale|metric_value_raw,MERGE,"source_section blanked: the only headings this document prints are the in-table groupings, which the placement rule makes asset_class/strategy and never source_section; pages 2-7 and 11 print no heading above the table at all. metric_value_raw keeps the printed '$' that A stripped; the value column is raw and stripping a printed symbol is a normalisation. source_table is the printed table title above this table, not the schedule; A filed the two derivative tables under the Consolidated Schedule of Investments. asset_class blanked: B's 'Equity Forward Contract' is a singularised copy of the table title, which source_table already carries; the page prints no class heading here. subject_type 'investment': the row is a derivative position, not a vehicle. currency_scale '$': the symbol is printed once at the head of the Cost and Fair Value columns and governs every value beneath it.",RESOLVED,A+B+ADJUDICATOR,42fd3fd5192cd82559b79a6adfdcdbf321ee96ab2925a30c3f3513e2aabdc3b6
f1e76a27d0e6808c34da,SRC407,7,PAIR_34A5ED610E9D317B64EA14A2,VALUE_CONFLICT,758,765,source_table|asset_class|currency_scale|metric_value_raw,MERGE,"source_section blanked: the only headings this document prints are the in-table groupings, which the placement rule makes asset_class/strategy and never source_section; pages 2-7 and 11 print no heading above the table at all. metric_value_raw keeps the printed '$' that A stripped; the value column is raw and stripping a printed symbol is a normalisation. Sell value kept verbatim as '€ 272,370,876': the gap-closing normalisation is written for '$', and validate-final's own containment check strips only '$' and '(', so a closed-up '€' value is rejected. currency_scale carries '€'. source_table is the printed table title above this table, not the schedule; A filed the two derivative tables under the Consolidated Schedule of Investments. asset_class blanked: B's 'Equity Forward Contract' is a singularised copy of the table title, which source_table already carries; the page prints no class heading here. subject_type 'investment': the row is a derivative position, not a vehicle.",RESOLVED,A+B+ADJUDICATOR,42fd3fd5192cd82559b79a6adfdcdbf321ee96ab2925a30c3f3513e2aabdc3b6
01774eac07ace2c6edcf,SRC407,7,PAIR_75ACDB8E0B05FE3F5F625C03,CONTEXT_CONFLICT,759,766,source_table|asset_class,MERGE,"source_section blanked: the only headings this document prints are the in-table groupings, which the placement rule makes asset_class/strategy and never source_section; pages 2-7 and 11 print no heading above the table at all. source_table is the printed table title above this table, not the schedule; A filed the two derivative tables under the Consolidated Schedule of Investments. asset_class blanked: B's 'Equity Forward Contract' is a singularised copy of the table title, which source_table already carries; the page prints no class heading here. subject_type 'investment': the row is a derivative position, not a vehicle.",RESOLVED,A+B+ADJUDICATOR,42fd3fd5192cd82559b79a6adfdcdbf321ee96ab2925a30c3f3513e2aabdc3b6
698406e844ffb7698e33,SRC407,7,PAIR_21E780206D1CB1465D02A261,VALUE_CONFLICT,760,767,source_table|asset_class|currency_scale|metric_value_raw,MERGE,"source_section blanked: the only headings this document prints are the in-table groupings, which the placement rule makes asset_class/strategy and never source_section; pages 2-7 and 11 print no heading above the table at all. metric_value_raw keeps the printed '$' that A stripped; the value column is raw and stripping a printed symbol is a normalisation. source_table is the printed table title above this table, not the schedule; A filed the two derivative tables under the Consolidated Schedule of Investments. asset_class blanked: B's 'Equity Forward Contract' is a singularised copy of the table title, which source_table already carries; the page prints no class heading here. subject_type 'investment': the row is a derivative position, not a vehicle. currency_scale '$': the symbol is printed once at the head of the Cost and Fair Value columns and governs every value beneath it.; Source review: p7: Unrealized (Individual holdings, aggregate rows, and the hierarchy note have separate value scopes.) | p7: Unrealized (Printed heading or definition supporting the source-reviewed qualifier.)",RESOLVED,A+B+ADJUDICATOR,42fd3fd5192cd82559b79a6adfdcdbf321ee96ab2925a30c3f3513e2aabdc3b6
b202c9313a6f626dda25,SRC407,7,PAIR_8467B9B4CCE9F09D534F5A16,A_ONLY,765,,,MERGE,"source_section blanked: the only headings this document prints are the in-table groupings, which the placement rule makes asset_class/strategy and never source_section; pages 2-7 and 11 print no heading above the table at all. metric_value_raw keeps the printed currency symbol, gap closed; the page prints '$' on this cell and both lanes dropped it. source_table is the printed table title above this table, not the schedule; A filed the two derivative tables under the Consolidated Schedule of Investments. asset_class blanked: B's 'Equity Forward Contract' is a singularised copy of the table title, which source_table already carries; the page prints no class heading here. subject_type 'portfolio': the row is a printed group or total, not a holding. currency_scale '$': the symbol is printed once at the head of the Cost and Fair Value columns and governs every value beneath it. A_ONLY confirmed against the page image: the cell is printed and eligible.; Source review: p7: Unrealized (Individual holdings, aggregate rows, and the hierarchy note have separate value scopes.) | p7: Unrealized (Printed heading or definition supporting the source-reviewed qualifier.)",RESOLVED,A+ADJUDICATOR,42fd3fd5192cd82559b79a6adfdcdbf321ee96ab2925a30c3f3513e2aabdc3b6
b3835983dd0d898de43a,SRC407,8,,ADJUDICATOR_ADD,,,,ADD,Upstream source review: the previous coverage instruction excluded this printed definition as reference-only content; source page 8.,ADDED,ADJUDICATOR,42fd3fd5192cd82559b79a6adfdcdbf321ee96ab2925a30c3f3513e2aabdc3b6
7851c465bcd3e1f0be08,SRC407,8,,ADJUDICATOR_ADD,,,,ADD,Upstream source review: the previous coverage instruction excluded this printed definition as reference-only content; source page 8.,ADDED,ADJUDICATOR,42fd3fd5192cd82559b79a6adfdcdbf321ee96ab2925a30c3f3513e2aabdc3b6
4bea480729dc4ff99a5a,SRC407,8,,ADJUDICATOR_ADD,,,,ADD,Upstream source review: the previous coverage instruction excluded this printed definition as reference-only content; source page 8.,ADDED,ADJUDICATOR,42fd3fd5192cd82559b79a6adfdcdbf321ee96ab2925a30c3f3513e2aabdc3b6
538d4d43cac4ff574476,SRC407,8,,ADJUDICATOR_ADD,,,,ADD,Upstream source review: the previous coverage instruction excluded this printed definition as reference-only content; source page 8.,ADDED,ADJUDICATOR,42fd3fd5192cd82559b79a6adfdcdbf321ee96ab2925a30c3f3513e2aabdc3b6
30086490d7e3e6976296,SRC407,8,,ADJUDICATOR_ADD,,,,ADD,Upstream source review: the previous coverage instruction excluded this printed definition as reference-only content; source page 8.,ADDED,ADJUDICATOR,42fd3fd5192cd82559b79a6adfdcdbf321ee96ab2925a30c3f3513e2aabdc3b6
0e26e2931fa5e971dc63,SRC407,11,PAIR_8A8D7E9B16C302F30A21D0D8,A_ONLY,782,,,MERGE,"source_section blanked: the only headings this document prints are the in-table groupings, which the placement rule makes asset_class/strategy and never source_section; pages 2-7 and 11 print no heading above the table at all. metric_value_raw keeps the printed currency symbol, gap closed; the page prints '$' on this cell and both lanes dropped it. fair value hierarchy cell; every column of this table breaks fair value down by ASC 820 level, so fair_value is the only category that applies. subject_type 'investment': the row is a derivative position, not a vehicle. currency_scale '$': the symbol is printed once at the head of the Cost and Fair Value columns and governs every value beneath it. A_ONLY confirmed against the page image: the cell is printed and eligible.; Source review: p11: Investments in Securities at Value (Individual holdings, aggregate rows, and the hierarchy note have separate value scopes.) | p11: Investments in Securities at Value (Printed heading or definition supporting the source-reviewed qualifier.)",RESOLVED,A+ADJUDICATOR,42fd3fd5192cd82559b79a6adfdcdbf321ee96ab2925a30c3f3513e2aabdc3b6
53fa47808dda027a79bc,SRC407,11,PAIR_86A32D22E153914B15CB99AB,A_ONLY,783,,,MERGE,"source_section blanked: the only headings this document prints are the in-table groupings, which the placement rule makes asset_class/strategy and never source_section; pages 2-7 and 11 print no heading above the table at all. metric_value_raw keeps the printed currency symbol, gap closed; the page prints '$' on this cell and both lanes dropped it. fair value hierarchy cell; every column of this table breaks fair value down by ASC 820 level, so fair_value is the only category that applies. subject_type 'investment': the row is a derivative position, not a vehicle. currency_scale '$': the symbol is printed once at the head of the Cost and Fair Value columns and governs every value beneath it. A_ONLY confirmed against the page image: the cell is printed and eligible.; Source review: p11: Investments in Securities at Value (Individual holdings, aggregate rows, and the hierarchy note have separate value scopes.) | p11: Investments in Securities at Value (Printed heading or definition supporting the source-reviewed qualifier.)",RESOLVED,A+ADJUDICATOR,42fd3fd5192cd82559b79a6adfdcdbf321ee96ab2925a30c3f3513e2aabdc3b6
e6b6241d37d215556988,SRC407,11,PAIR_26CD53454352F64CC2AD5B13,A_ONLY,784,,,MERGE,"source_section blanked: the only headings this document prints are the in-table groupings, which the placement rule makes asset_class/strategy and never source_section; pages 2-7 and 11 print no heading above the table at all. metric_value_raw keeps the printed currency symbol, gap closed; the page prints '$' on this cell and both lanes dropped it. fair value hierarchy cell; every column of this table breaks fair value down by ASC 820 level, so fair_value is the only category that applies. subject_type 'investment': the row is a derivative position, not a vehicle. currency_scale '$': the symbol is printed once at the head of the Cost and Fair Value columns and governs every value beneath it. A_ONLY confirmed against the page image: the cell is printed and eligible.; Source review: p11: Investments in Securities at Value (Individual holdings, aggregate rows, and the hierarchy note have separate value scopes.) | p11: Investments in Securities at Value (Printed heading or definition supporting the source-reviewed qualifier.)",RESOLVED,A+ADJUDICATOR,42fd3fd5192cd82559b79a6adfdcdbf321ee96ab2925a30c3f3513e2aabdc3b6
ec4cad831e45f376a228,SRC407,11,PAIR_7A583D28BE1A7F5EB0D6AEFF,A_ONLY,785,,,MERGE,"source_section blanked: the only headings this document prints are the in-table groupings, which the placement rule makes asset_class/strategy and never source_section; pages 2-7 and 11 print no heading above the table at all. metric_value_raw keeps the printed currency symbol, gap closed; the page prints '$' on this cell and both lanes dropped it. fair value hierarchy cell; every column of this table breaks fair value down by ASC 820 level, so fair_value is the only category that applies. subject_type 'investment': the row is a derivative position, not a vehicle. currency_scale '$': the symbol is printed once at the head of the Cost and Fair Value columns and governs every value beneath it. A_ONLY confirmed against the page image: the cell is printed and eligible.; Source review: p11: Investments in Securities at Value (Individual holdings, aggregate rows, and the hierarchy note have separate value scopes.) | p11: Investments in Securities at Value (Printed heading or definition supporting the source-reviewed qualifier.)",RESOLVED,A+ADJUDICATOR,42fd3fd5192cd82559b79a6adfdcdbf321ee96ab2925a30c3f3513e2aabdc3b6
d880fbcbb863bab01438,SRC407,11,PAIR_24D3AC5C03CF6B23BDD5742A,A_ONLY,786,,,MERGE,"source_section blanked: the only headings this document prints are the in-table groupings, which the placement rule makes asset_class/strategy and never source_section; pages 2-7 and 11 print no heading above the table at all. metric_value_raw keeps the printed currency symbol, gap closed; the page prints '$' on this cell and both lanes dropped it. fair value hierarchy cell; every column of this table breaks fair value down by ASC 820 level, so fair_value is the only category that applies. subject_type 'portfolio': the row is a printed group or total, not a holding. currency_scale '$': the symbol is printed once at the head of the Cost and Fair Value columns and governs every value beneath it. A_ONLY confirmed against the page image: the cell is printed and eligible.; Source review: p11: Investments in Securities at Value (Individual holdings, aggregate rows, and the hierarchy note have separate value scopes.) | p11: Investments in Securities at Value (Printed heading or definition supporting the source-reviewed qualifier.)",RESOLVED,A+ADJUDICATOR,42fd3fd5192cd82559b79a6adfdcdbf321ee96ab2925a30c3f3513e2aabdc3b6
e05d1455feae1fbae7e4,SRC407,11,PAIR_61423FA65DF37F961E1B4E25,A_ONLY,787,,,MERGE,"source_section blanked: the only headings this document prints are the in-table groupings, which the placement rule makes asset_class/strategy and never source_section; pages 2-7 and 11 print no heading above the table at all. metric_value_raw keeps the printed currency symbol, gap closed; the page prints '$' on this cell and both lanes dropped it. fair value hierarchy cell; every column of this table breaks fair value down by ASC 820 level, so fair_value is the only category that applies. subject_type 'portfolio': the row is a printed group or total, not a holding. currency_scale '$': the symbol is printed once at the head of the Cost and Fair Value columns and governs every value beneath it. A_ONLY confirmed against the page image: the cell is printed and eligible.; Source review: p11: Investments in Securities at Value (Individual holdings, aggregate rows, and the hierarchy note have separate value scopes.) | p11: Investments in Securities at Value (Printed heading or definition supporting the source-reviewed qualifier.)",RESOLVED,A+ADJUDICATOR,42fd3fd5192cd82559b79a6adfdcdbf321ee96ab2925a30c3f3513e2aabdc3b6
a11a4aa6b46387a99c66,SRC407,11,PAIR_35E59EE38A22FBEE516A15FB,A_ONLY,788,,,MERGE,"source_section blanked: the only headings this document prints are the in-table groupings, which the placement rule makes asset_class/strategy and never source_section; pages 2-7 and 11 print no heading above the table at all. metric_value_raw keeps the printed currency symbol, gap closed; the page prints '$' on this cell and both lanes dropped it. fair value hierarchy cell; every column of this table breaks fair value down by ASC 820 level, so fair_value is the only category that applies. subject_type 'portfolio': the row is a printed group or total, not a holding. currency_scale '$': the symbol is printed once at the head of the Cost and Fair Value columns and governs every value beneath it. A_ONLY confirmed against the page image: the cell is printed and eligible.; Source review: p11: Investments in Securities at Value (Individual holdings, aggregate rows, and the hierarchy note have separate value scopes.) | p11: Investments in Securities at Value (Printed heading or definition supporting the source-reviewed qualifier.)",RESOLVED,A+ADJUDICATOR,42fd3fd5192cd82559b79a6adfdcdbf321ee96ab2925a30c3f3513e2aabdc3b6
f3dab12ba949d2eb9247,SRC407,11,PAIR_5F8644617A02F2FB48A0EE53,A_ONLY,789,,,MERGE,"source_section blanked: the only headings this document prints are the in-table groupings, which the placement rule makes asset_class/strategy and never source_section; pages 2-7 and 11 print no heading above the table at all. metric_value_raw keeps the printed currency symbol, gap closed; the page prints '$' on this cell and both lanes dropped it. fair value hierarchy cell; every column of this table breaks fair value down by ASC 820 level, so fair_value is the only category that applies. subject_type 'portfolio': the row is a printed group or total, not a holding. currency_scale '$': the symbol is printed once at the head of the Cost and Fair Value columns and governs every value beneath it. A_ONLY confirmed against the page image: the cell is printed and eligible.; Source review: p11: Investments in Securities at Value (Individual holdings, aggregate rows, and the hierarchy note have separate value scopes.) | p11: Investments in Securities at Value (Printed heading or definition supporting the source-reviewed qualifier.)",RESOLVED,A+ADJUDICATOR,42fd3fd5192cd82559b79a6adfdcdbf321ee96ab2925a30c3f3513e2aabdc3b6
744e36084fa9f2a0f6f1,SRC407,11,PAIR_146852D9F4320F24E789FDA5,A_ONLY,790,,,MERGE,"source_section blanked: the only headings this document prints are the in-table groupings, which the placement rule makes asset_class/strategy and never source_section; pages 2-7 and 11 print no heading above the table at all. metric_value_raw keeps the printed currency symbol, gap closed; the page prints '$' on this cell and both lanes dropped it. fair value hierarchy cell; every column of this table breaks fair value down by ASC 820 level, so fair_value is the only category that applies. subject_type 'portfolio': the row is a printed group or total, not a holding. currency_scale '$': the symbol is printed once at the head of the Cost and Fair Value columns and governs every value beneath it. A_ONLY confirmed against the page image: the cell is printed and eligible.; Source review: p11: Investments in Securities at Value (Individual holdings, aggregate rows, and the hierarchy note have separate value scopes.) | p11: Investments in Securities at Value (Printed heading or definition supporting the source-reviewed qualifier.)",RESOLVED,A+ADJUDICATOR,42fd3fd5192cd82559b79a6adfdcdbf321ee96ab2925a30c3f3513e2aabdc3b6
3497bcd9c07deaf63949,SRC407,11,PAIR_8F0D50355566AD5B4DE1F65D,A_ONLY,791,,,MERGE,"source_section blanked: the only headings this document prints are the in-table groupings, which the placement rule makes asset_class/strategy and never source_section; pages 2-7 and 11 print no heading above the table at all. metric_value_raw keeps the printed currency symbol, gap closed; the page prints '$' on this cell and both lanes dropped it. fair value hierarchy cell; every column of this table breaks fair value down by ASC 820 level, so fair_value is the only category that applies. subject_type 'portfolio': the row is a printed group or total, not a holding. currency_scale '$': the symbol is printed once at the head of the Cost and Fair Value columns and governs every value beneath it. A_ONLY confirmed against the page image: the cell is printed and eligible.; Source review: p11: Investments in Securities at Value (Individual holdings, aggregate rows, and the hierarchy note have separate value scopes.) | p11: Investments in Securities at Value (Printed heading or definition supporting the source-reviewed qualifier.)",RESOLVED,A+ADJUDICATOR,42fd3fd5192cd82559b79a6adfdcdbf321ee96ab2925a30c3f3513e2aabdc3b6
afd75e9a7b109f05edc7,SRC407,11,PAIR_75ADDEE942B507B5DFA9B71B,A_ONLY,792,,,MERGE,"source_section blanked: the only headings this document prints are the in-table groupings, which the placement rule makes asset_class/strategy and never source_section; pages 2-7 and 11 print no heading above the table at all. metric_value_raw keeps the printed currency symbol, gap closed; the page prints '$' on this cell and both lanes dropped it. fair value hierarchy cell; every column of this table breaks fair value down by ASC 820 level, so fair_value is the only category that applies. subject_type 'portfolio': the row is a printed group or total, not a holding. currency_scale '$': the symbol is printed once at the head of the Cost and Fair Value columns and governs every value beneath it. A_ONLY confirmed against the page image: the cell is printed and eligible.; Source review: p11: Investments in Securities at Value (Individual holdings, aggregate rows, and the hierarchy note have separate value scopes.) | p11: Investments in Securities at Value (Printed heading or definition supporting the source-reviewed qualifier.)",RESOLVED,A+ADJUDICATOR,42fd3fd5192cd82559b79a6adfdcdbf321ee96ab2925a30c3f3513e2aabdc3b6
604d74f23b8557aca6fb,SRC407,11,PAIR_BBB7E9E671E801B4E4811AC0,A_ONLY,793,,,MERGE,"source_section blanked: the only headings this document prints are the in-table groupings, which the placement rule makes asset_class/strategy and never source_section; pages 2-7 and 11 print no heading above the table at all. metric_value_raw keeps the printed currency symbol, gap closed; the page prints '$' on this cell and both lanes dropped it. fair value hierarchy cell; every column of this table breaks fair value down by ASC 820 level, so fair_value is the only category that applies. subject_type 'portfolio': the row is a printed group or total, not a holding. currency_scale '$': the symbol is printed once at the head of the Cost and Fair Value columns and governs every value beneath it. A_ONLY confirmed against the page image: the cell is printed and eligible.; Source review: p11: Investments in Securities at Value (Individual holdings, aggregate rows, and the hierarchy note have separate value scopes.) | p11: Investments in Securities at Value (Printed heading or definition supporting the source-reviewed qualifier.)",RESOLVED,A+ADJUDICATOR,42fd3fd5192cd82559b79a6adfdcdbf321ee96ab2925a30c3f3513e2aabdc3b6
80bdefa61685df543b62,SRC407,11,PAIR_DC0074E18D0350F908EC5786,A_ONLY,794,,,MERGE,"source_section blanked: the only headings this document prints are the in-table groupings, which the placement rule makes asset_class/strategy and never source_section; pages 2-7 and 11 print no heading above the table at all. metric_value_raw keeps the printed currency symbol, gap closed; the page prints '$' on this cell and both lanes dropped it. fair value hierarchy cell; every column of this table breaks fair value down by ASC 820 level, so fair_value is the only category that applies. subject_type 'portfolio': the row is a printed group or total, not a holding. currency_scale '$': the symbol is printed once at the head of the Cost and Fair Value columns and governs every value beneath it. A_ONLY confirmed against the page image: the cell is printed and eligible.; Source review: p11: Investments in Securities at Value (Individual holdings, aggregate rows, and the hierarchy note have separate value scopes.) | p11: Investments in Securities at Value (Printed heading or definition supporting the source-reviewed qualifier.)",RESOLVED,A+ADJUDICATOR,42fd3fd5192cd82559b79a6adfdcdbf321ee96ab2925a30c3f3513e2aabdc3b6
efbfb0cad68bbcfe4723,SRC462,1,PAIR_AA4267583B7F1FF9FA8E7821,B_ONLY,,5,,MERGE,"subject is the limited partner: the page is headed 'Limited Partner: Northumberland County Council' and every figure is that partner's capital account, so naming the fund as subject would state the partner's balance as the fund's. currency_scale '$': the page prints the symbol on the capital and commitment lines and it governs every figure in the column. Both lanes left it blank on every row. source_section blanked on page 1: Contributions, Income (loss) analysis and Distributions are group headings inside the table, which the placement rule keeps out of source_section, and the only heading above the table is the statement's own title, already carried by source_table. horizon is the printed period qualifier from the stacked column header (1st Quarter 2017 / Year-to-Date / Inception-to-Date); B put the period end date there, which is a date and not a period. period_end is the printed March 31, 2017 that closes every column; A left it blank. source_column_label corrected to the printed header '1st Quarter 2017'; B labelled this cell 'Year-to-Date 1st Quarter 2017', which is two column headers run together. B_ONLY confirmed against page-001.png: the cell is printed and the tax charge reduces the partner's capital; A skipped all nine tax cells.",RESOLVED,B+ADJUDICATOR,781662bf1c5ba4799d5da223c17c18d29a6a475934548a84c926ba38be788feb
2b1d1936b27eb03ee792,SRC462,1,PAIR_6CDE94ED5A85BE66614BB7FE,B_ONLY,,4,,MERGE,"subject is the limited partner: the page is headed 'Limited Partner: Northumberland County Council' and every figure is that partner's capital account, so naming the fund as subject would state the partner's balance as the fund's. currency_scale '$': the page prints the symbol on the capital and commitment lines and it governs every figure in the column. Both lanes left it blank on every row. source_section blanked on page 1: Contributions, Income (loss) analysis and Distributions are group headings inside the table, which the placement rule keeps out of source_section, and the only heading above the table is the statement's own title, already carried by source_table. horizon is the printed period qualifier from the stacked column header (1st Quarter 2017 / Year-to-Date / Inception-to-Date); B put the period end date there, which is a date and not a period. period_end is the printed March 31, 2017 that closes every column; A left it blank. B_ONLY confirmed against page-001.png: the cell is printed and the tax charge reduces the partner's capital; A skipped all nine tax cells.",RESOLVED,B+ADJUDICATOR,781662bf1c5ba4799d5da223c17c18d29a6a475934548a84c926ba38be788feb
bcc2e22681637a91bac4,SRC462,1,PAIR_7D379D41404455AB0D00A92D,B_ONLY,,6,,MERGE,"subject is the limited partner: the page is headed 'Limited Partner: Northumberland County Council' and every figure is that partner's capital account, so naming the fund as subject would state the partner's balance as the fund's. currency_scale '$': the page prints the symbol on the capital and commitment lines and it governs every figure in the column. Both lanes left it blank on every row. source_section blanked on page 1: Contributions, Income (loss) analysis and Distributions are group headings inside the table, which the placement rule keeps out of source_section, and the only heading above the table is the statement's own title, already carried by source_table. horizon is the printed period qualifier from the stacked column header (1st Quarter 2017 / Year-to-Date / Inception-to-Date); B put the period end date there, which is a date and not a period. period_end is the printed March 31, 2017 that closes every column; A left it blank. B_ONLY confirmed against page-001.png: the cell is printed and the tax charge reduces the partner's capital; A skipped all nine tax cells.",RESOLVED,B+ADJUDICATOR,781662bf1c5ba4799d5da223c17c18d29a6a475934548a84c926ba38be788feb
0a152fdf2c7a71ac40ce,SRC462,1,PAIR_5136300E6A978F1EA7B6D615,B_ONLY,,8,,MERGE,"subject is the limited partner: the page is headed 'Limited Partner: Northumberland County Council' and every figure is that partner's capital account, so naming the fund as subject would state the partner's balance as the fund's. currency_scale '$': the page prints the symbol on the capital and commitment lines and it governs every figure in the column. Both lanes left it blank on every row. source_section blanked on page 1: Contributions, Income (loss) analysis and Distributions are group headings inside the table, which the placement rule keeps out of source_section, and the only heading above the table is the statement's own title, already carried by source_table. horizon is the printed period qualifier from the stacked column header (1st Quarter 2017 / Year-to-Date / Inception-to-Date); B put the period end date there, which is a date and not a period. period_end is the printed March 31, 2017 that closes every column; A left it blank. source_column_label corrected to the printed header '1st Quarter 2017'; B labelled this cell 'Year-to-Date 1st Quarter 2017', which is two column headers run together. B_ONLY confirmed against page-001.png: the cell is printed and the tax charge reduces the partner's capital; A skipped all nine tax cells.",RESOLVED,B+ADJUDICATOR,781662bf1c5ba4799d5da223c17c18d29a6a475934548a84c926ba38be788feb
2bb0d75d4f38072e629b,SRC462,1,PAIR_95CE4873255A856B78AD6B61,B_ONLY,,7,,MERGE,"subject is the limited partner: the page is headed 'Limited Partner: Northumberland County Council' and every figure is that partner's capital account, so naming the fund as subject would state the partner's balance as the fund's. currency_scale '$': the page prints the symbol on the capital and commitment lines and it governs every figure in the column. Both lanes left it blank on every row. source_section blanked on page 1: Contributions, Income (loss) analysis and Distributions are group headings inside the table, which the placement rule keeps out of source_section, and the only heading above the table is the statement's own title, already carried by source_table. horizon is the printed period qualifier from the stacked column header (1st Quarter 2017 / Year-to-Date / Inception-to-Date); B put the period end date there, which is a date and not a period. period_end is the printed March 31, 2017 that closes every column; A left it blank. B_ONLY confirmed against page-001.png: the cell is printed and the tax charge reduces the partner's capital; A skipped all nine tax cells.",RESOLVED,B+ADJUDICATOR,781662bf1c5ba4799d5da223c17c18d29a6a475934548a84c926ba38be788feb
3172a03b1d2bab34b65d,SRC462,1,PAIR_E3741281199011E4A12F0DE7,B_ONLY,,9,,MERGE,"subject is the limited partner: the page is headed 'Limited Partner: Northumberland County Council' and every figure is that partner's capital account, so naming the fund as subject would state the partner's balance as the fund's. currency_scale '$': the page prints the symbol on the capital and commitment lines and it governs every figure in the column. Both lanes left it blank on every row. source_section blanked on page 1: Contributions, Income (loss) analysis and Distributions are group headings inside the table, which the placement rule keeps out of source_section, and the only heading above the table is the statement's own title, already carried by source_table. horizon is the printed period qualifier from the stacked column header (1st Quarter 2017 / Year-to-Date / Inception-to-Date); B put the period end date there, which is a date and not a period. period_end is the printed March 31, 2017 that closes every column; A left it blank. B_ONLY confirmed against page-001.png: the cell is printed and the tax charge reduces the partner's capital; A skipped all nine tax cells.",RESOLVED,B+ADJUDICATOR,781662bf1c5ba4799d5da223c17c18d29a6a475934548a84c926ba38be788feb
754a7f9d7be2727c72b5,SRC462,1,PAIR_354E22FCD9487BCE14A7EAD8,CLASSIFICATION_CONFLICT,27,25,record_family|source_section|source_column_label|subject_type|subject_name|period_end|as_of_date|metric_category,MERGE,"subject is the limited partner: the page is headed 'Limited Partner: Northumberland County Council' and every figure is that partner's capital account, so naming the fund as subject would state the partner's balance as the fund's. currency_scale '$': the page prints the symbol on the capital and commitment lines and it governs every figure in the column. Both lanes left it blank on every row. source_section blanked on page 1: Contributions, Income (loss) analysis and Distributions are group headings inside the table, which the placement rule keeps out of source_section, and the only heading above the table is the statement's own title, already carried by source_table. horizon is the printed period qualifier from the stacked column header (1st Quarter 2017 / Year-to-Date / Inception-to-Date); B put the period end date there, which is a date and not a period. period_end is the printed March 31, 2017 that closes every column; A left it blank. Family follows the category the line needs. fund_economics_observation carries no expense category, so an expense or interest charge can only sit in cash_flow_observation; every other line stays in the capital-account family.",RESOLVED,A+B+ADJUDICATOR,781662bf1c5ba4799d5da223c17c18d29a6a475934548a84c926ba38be788feb
ee4a4a7cc8ec6ca85377,SRC462,1,PAIR_B491E6A4C8E2F7DE97019DDA,CLASSIFICATION_CONFLICT,28,24,record_family|source_section|subject_type|subject_name|period_end|as_of_date|horizon|metric_category,MERGE,"subject is the limited partner: the page is headed 'Limited Partner: Northumberland County Council' and every figure is that partner's capital account, so naming the fund as subject would state the partner's balance as the fund's. currency_scale '$': the page prints the symbol on the capital and commitment lines and it governs every figure in the column. Both lanes left it blank on every row. source_section blanked on page 1: Contributions, Income (loss) analysis and Distributions are group headings inside the table, which the placement rule keeps out of source_section, and the only heading above the table is the statement's own title, already carried by source_table. horizon is the printed period qualifier from the stacked column header (1st Quarter 2017 / Year-to-Date / Inception-to-Date); B put the period end date there, which is a date and not a period. period_end is the printed March 31, 2017 that closes every column; A left it blank. Family follows the category the line needs. fund_economics_observation carries no expense category, so an expense or interest charge can only sit in cash_flow_observation; every other line stays in the capital-account family.",RESOLVED,A+B+ADJUDICATOR,781662bf1c5ba4799d5da223c17c18d29a6a475934548a84c926ba38be788feb
77cf7536888237b724e1,SRC462,1,PAIR_747A6B895E6FBBC128115AB1,CLASSIFICATION_CONFLICT,29,26,record_family|source_section|subject_type|subject_name|period_end|as_of_date|horizon|metric_category,MERGE,"subject is the limited partner: the page is headed 'Limited Partner: Northumberland County Council' and every figure is that partner's capital account, so naming the fund as subject would state the partner's balance as the fund's. currency_scale '$': the page prints the symbol on the capital and commitment lines and it governs every figure in the column. Both lanes left it blank on every row. source_section blanked on page 1: Contributions, Income (loss) analysis and Distributions are group headings inside the table, which the placement rule keeps out of source_section, and the only heading above the table is the statement's own title, already carried by source_table. horizon is the printed period qualifier from the stacked column header (1st Quarter 2017 / Year-to-Date / Inception-to-Date); B put the period end date there, which is a date and not a period. period_end is the printed March 31, 2017 that closes every column; A left it blank. Family follows the category the line needs. fund_economics_observation carries no expense category, so an expense or interest charge can only sit in cash_flow_observation; every other line stays in the capital-account family.",RESOLVED,A+B+ADJUDICATOR,781662bf1c5ba4799d5da223c17c18d29a6a475934548a84c926ba38be788feb
3ffa4b6cbde0d1adbeaa,SRC462,1,PAIR_00A71FC22D63A21D03E53114,B_ONLY,,28,,MERGE,"subject is the limited partner: the page is headed 'Limited Partner: Northumberland County Council' and every figure is that partner's capital account, so naming the fund as subject would state the partner's balance as the fund's. currency_scale '$': the page prints the symbol on the capital and commitment lines and it governs every figure in the column. Both lanes left it blank on every row. source_section blanked on page 1: Contributions, Income (loss) analysis and Distributions are group headings inside the table, which the placement rule keeps out of source_section, and the only heading above the table is the statement's own title, already carried by source_table. horizon is the printed period qualifier from the stacked column header (1st Quarter 2017 / Year-to-Date / Inception-to-Date); B put the period end date there, which is a date and not a period. period_end is the printed March 31, 2017 that closes every column; A left it blank. source_column_label corrected to the printed header '1st Quarter 2017'; B labelled this cell 'Year-to-Date 1st Quarter 2017', which is two column headers run together. B_ONLY confirmed against page-001.png: the cell is printed and the tax charge reduces the partner's capital; A skipped all nine tax cells.",RESOLVED,B+ADJUDICATOR,781662bf1c5ba4799d5da223c17c18d29a6a475934548a84c926ba38be788feb
284f9390ad69c8b2ca4a,SRC462,1,PAIR_65B297B82FCC74DDE0F52D0C,B_ONLY,,27,,MERGE,"subject is the limited partner: the page is headed 'Limited Partner: Northumberland County Council' and every figure is that partner's capital account, so naming the fund as subject would state the partner's balance as the fund's. currency_scale '$': the page prints the symbol on the capital and commitment lines and it governs every figure in the column. Both lanes left it blank on every row. source_section blanked on page 1: Contributions, Income (loss) analysis and Distributions are group headings inside the table, which the placement rule keeps out of source_section, and the only heading above the table is the statement's own title, already carried by source_table. horizon is the printed period qualifier from the stacked column header (1st Quarter 2017 / Year-to-Date / Inception-to-Date); B put the period end date there, which is a date and not a period. period_end is the printed March 31, 2017 that closes every column; A left it blank. B_ONLY confirmed against page-001.png: the cell is printed and the tax charge reduces the partner's capital; A skipped all nine tax cells.",RESOLVED,B+ADJUDICATOR,781662bf1c5ba4799d5da223c17c18d29a6a475934548a84c926ba38be788feb
548f3d6fa44ec09b3951,SRC462,1,PAIR_B02F021BDE94396B1844211A,B_ONLY,,29,,MERGE,"subject is the limited partner: the page is headed 'Limited Partner: Northumberland County Council' and every figure is that partner's capital account, so naming the fund as subject would state the partner's balance as the fund's. currency_scale '$': the page prints the symbol on the capital and commitment lines and it governs every figure in the column. Both lanes left it blank on every row. source_section blanked on page 1: Contributions, Income (loss) analysis and Distributions are group headings inside the table, which the placement rule keeps out of source_section, and the only heading above the table is the statement's own title, already carried by source_table. horizon is the printed period qualifier from the stacked column header (1st Quarter 2017 / Year-to-Date / Inception-to-Date); B put the period end date there, which is a date and not a period. period_end is the printed March 31, 2017 that closes every column; A left it blank. B_ONLY confirmed against page-001.png: the cell is printed and the tax charge reduces the partner's capital; A skipped all nine tax cells.",RESOLVED,B+ADJUDICATOR,781662bf1c5ba4799d5da223c17c18d29a6a475934548a84c926ba38be788feb
b6472a25f10794ef122a,SRC462,1,PAIR_B151B7547C354FDE5B461134,CLASSIFICATION_CONFLICT,42,30,record_family|source_section|subject_type|subject_name|period_end|as_of_date|horizon|metric_category,MERGE,"subject is the limited partner: the page is headed 'Limited Partner: Northumberland County Council' and every figure is that partner's capital account, so naming the fund as subject would state the partner's balance as the fund's. currency_scale '$': the page prints the symbol on the capital and commitment lines and it governs every figure in the column. Both lanes left it blank on every row. source_section blanked on page 1: Contributions, Income (loss) analysis and Distributions are group headings inside the table, which the placement rule keeps out of source_section, and the only heading above the table is the statement's own title, already carried by source_table. horizon is the printed period qualifier from the stacked column header (1st Quarter 2017 / Year-to-Date / Inception-to-Date); B put the period end date there, which is a date and not a period. period_end is the printed March 31, 2017 that closes every column; A left it blank. Family follows the category the line needs. fund_economics_observation carries no expense category, so an expense or interest charge can only sit in cash_flow_observation; every other line stays in the capital-account family.",RESOLVED,A+B+ADJUDICATOR,781662bf1c5ba4799d5da223c17c18d29a6a475934548a84c926ba38be788feb
82aabf4f99c6e5d2738d,SRC462,1,PAIR_D72F1F72074BD0D0D3D6DE3C,CLASSIFICATION_CONFLICT,43,32,record_family|source_section|source_column_label|source_occurrence|subject_type|subject_name|period_end|as_of_date|metric_category,MERGE,"subject is the limited partner: the page is headed 'Limited Partner: Northumberland County Council' and every figure is that partner's capital account, so naming the fund as subject would state the partner's balance as the fund's. currency_scale '$': the page prints the symbol on the capital and commitment lines and it governs every figure in the column. Both lanes left it blank on every row. source_section blanked on page 1: Contributions, Income (loss) analysis and Distributions are group headings inside the table, which the placement rule keeps out of source_section, and the only heading above the table is the statement's own title, already carried by source_table. horizon is the printed period qualifier from the stacked column header (1st Quarter 2017 / Year-to-Date / Inception-to-Date); B put the period end date there, which is a date and not a period. period_end is the printed March 31, 2017 that closes every column; A left it blank. Family follows the category the line needs. fund_economics_observation carries no expense category, so an expense or interest charge can only sit in cash_flow_observation; every other line stays in the capital-account family.",RESOLVED,A+B+ADJUDICATOR,781662bf1c5ba4799d5da223c17c18d29a6a475934548a84c926ba38be788feb
b9f91ce6ee4d531969c4,SRC462,1,PAIR_45D302946C00D10968CB01EC,CLASSIFICATION_CONFLICT,44,31,record_family|source_section|source_occurrence|subject_type|subject_name|period_end|as_of_date|horizon|metric_category,MERGE,"subject is the limited partner: the page is headed 'Limited Partner: Northumberland County Council' and every figure is that partner's capital account, so naming the fund as subject would state the partner's balance as the fund's. currency_scale '$': the page prints the symbol on the capital and commitment lines and it governs every figure in the column. Both lanes left it blank on every row. source_section blanked on page 1: Contributions, Income (loss) analysis and Distributions are group headings inside the table, which the placement rule keeps out of source_section, and the only heading above the table is the statement's own title, already carried by source_table. horizon is the printed period qualifier from the stacked column header (1st Quarter 2017 / Year-to-Date / Inception-to-Date); B put the period end date there, which is a date and not a period. period_end is the printed March 31, 2017 that closes every column; A left it blank. Family follows the category the line needs. fund_economics_observation carries no expense category, so an expense or interest charge can only sit in cash_flow_observation; every other line stays in the capital-account family.",RESOLVED,A+B+ADJUDICATOR,781662bf1c5ba4799d5da223c17c18d29a6a475934548a84c926ba38be788feb
f90a63fa16abc09f6804,SRC462,1,PAIR_2A5304481583FEB6D0136801,CLASSIFICATION_CONFLICT,45,33,record_family|source_section|source_occurrence|subject_type|subject_name|period_end|as_of_date|horizon|metric_category,MERGE,"subject is the limited partner: the page is headed 'Limited Partner: Northumberland County Council' and every figure is that partner's capital account, so naming the fund as subject would state the partner's balance as the fund's. currency_scale '$': the page prints the symbol on the capital and commitment lines and it governs every figure in the column. Both lanes left it blank on every row. source_section blanked on page 1: Contributions, Income (loss) analysis and Distributions are group headings inside the table, which the placement rule keeps out of source_section, and the only heading above the table is the statement's own title, already carried by source_table. horizon is the printed period qualifier from the stacked column header (1st Quarter 2017 / Year-to-Date / Inception-to-Date); B put the period end date there, which is a date and not a period. period_end is the printed March 31, 2017 that closes every column; A left it blank. Family follows the category the line needs. fund_economics_observation carries no expense category, so an expense or interest charge can only sit in cash_flow_observation; every other line stays in the capital-account family.",RESOLVED,A+B+ADJUDICATOR,781662bf1c5ba4799d5da223c17c18d29a6a475934548a84c926ba38be788feb
2954d569628a1129f7fe,SRC462,1,PAIR_09476AAA9572B50390CD00CE,EXACT,1,42,,MERGE,"Both lanes agree; confirmed against page-001.png. The fund is the document subject and the limited partner is recorded once here as investor_name, which is where the contract keeps it.",RESOLVED,A+B+ADJUDICATOR,781662bf1c5ba4799d5da223c17c18d29a6a475934548a84c926ba38be788feb
44c1d83be2c8cf7bf929,SRC462,1,PAIR_C7848C6ADBAFF39FE518859C,CLASSIFICATION_CONFLICT,2,43,source_column_label|subject_type|subject_name|period_end|as_of_date,MERGE,"subject is the limited partner: the page is headed 'Limited Partner: Northumberland County Council' and every figure is that partner's capital account, so naming the fund as subject would state the partner's balance as the fund's. currency_scale '$': the page prints the symbol on the capital and commitment lines and it governs every figure in the column. Both lanes left it blank on every row. source_section blanked on page 1: Contributions, Income (loss) analysis and Distributions are group headings inside the table, which the placement rule keeps out of source_section, and the only heading above the table is the statement's own title, already carried by source_table. horizon is the printed period qualifier from the stacked column header (1st Quarter 2017 / Year-to-Date / Inception-to-Date); B put the period end date there, which is a date and not a period. period_end is the printed March 31, 2017 that closes every column; A left it blank.; Source review: p1: Limited Partner: Northumberland County Council (The statement reports one limited partner capital account.) | p1: Limited Partner: Northumberland County Council (Printed heading or definition supporting the source-reviewed qualifier.) | p1: Limited Partner: Northumberland County Council (Supersedes SR2919: the printed entity or table label is context, not a measurement basis; source labels retain its scope.)",RESOLVED,A+B+ADJUDICATOR,781662bf1c5ba4799d5da223c17c18d29a6a475934548a84c926ba38be788feb
fda8f5a18aa12d3eec75,SRC462,1,PAIR_10B8972556348426D3012E3A,CLASSIFICATION_CONFLICT,3,44,subject_type|subject_name|period_end|as_of_date|horizon,MERGE,"subject is the limited partner: the page is headed 'Limited Partner: Northumberland County Council' and every figure is that partner's capital account, so naming the fund as subject would state the partner's balance as the fund's. currency_scale '$': the page prints the symbol on the capital and commitment lines and it governs every figure in the column. Both lanes left it blank on every row. source_section blanked on page 1: Contributions, Income (loss) analysis and Distributions are group headings inside the table, which the placement rule keeps out of source_section, and the only heading above the table is the statement's own title, already carried by source_table. horizon is the printed period qualifier from the stacked column header (1st Quarter 2017 / Year-to-Date / Inception-to-Date); B put the period end date there, which is a date and not a period. period_end is the printed March 31, 2017 that closes every column; A left it blank.; Source review: p1: Limited Partner: Northumberland County Council (The statement reports one limited partner capital account.) | p1: Limited Partner: Northumberland County Council (Printed heading or definition supporting the source-reviewed qualifier.) | p1: Limited Partner: Northumberland County Council (Supersedes SR2920: the printed entity or table label is context, not a measurement basis; source labels retain its scope.)",RESOLVED,A+B+ADJUDICATOR,781662bf1c5ba4799d5da223c17c18d29a6a475934548a84c926ba38be788feb
f5190633ec006e227610,SRC462,1,PAIR_C00838561BAC2F6CE00F1D11,CLASSIFICATION_CONFLICT,4,2,record_family|source_section|source_column_label|subject_type|subject_name|period_end|as_of_date,MERGE,"subject is the limited partner: the page is headed 'Limited Partner: Northumberland County Council' and every figure is that partner's capital account, so naming the fund as subject would state the partner's balance as the fund's. currency_scale '$': the page prints the symbol on the capital and commitment lines and it governs every figure in the column. Both lanes left it blank on every row. source_section blanked on page 1: Contributions, Income (loss) analysis and Distributions are group headings inside the table, which the placement rule keeps out of source_section, and the only heading above the table is the statement's own title, already carried by source_table. horizon is the printed period qualifier from the stacked column header (1st Quarter 2017 / Year-to-Date / Inception-to-Date); B put the period end date there, which is a date and not a period. period_end is the printed March 31, 2017 that closes every column; A left it blank.",RESOLVED,A+B+ADJUDICATOR,781662bf1c5ba4799d5da223c17c18d29a6a475934548a84c926ba38be788feb
6363807dec9befe71876,SRC462,1,PAIR_B6180687C5E7A8FEF15F1FCC,CLASSIFICATION_CONFLICT,5,1,record_family|source_section|subject_type|subject_name|period_end|as_of_date|horizon,MERGE,"subject is the limited partner: the page is headed 'Limited Partner: Northumberland County Council' and every figure is that partner's capital account, so naming the fund as subject would state the partner's balance as the fund's. currency_scale '$': the page prints the symbol on the capital and commitment lines and it governs every figure in the column. Both lanes left it blank on every row. source_section blanked on page 1: Contributions, Income (loss) analysis and Distributions are group headings inside the table, which the placement rule keeps out of source_section, and the only heading above the table is the statement's own title, already carried by source_table. horizon is the printed period qualifier from the stacked column header (1st Quarter 2017 / Year-to-Date / Inception-to-Date); B put the period end date there, which is a date and not a period. period_end is the printed March 31, 2017 that closes every column; A left it blank.",RESOLVED,A+B+ADJUDICATOR,781662bf1c5ba4799d5da223c17c18d29a6a475934548a84c926ba38be788feb
b69515510be98cd14c82,SRC462,1,PAIR_0A5B71FC0DEABB6AE5404CDB,CLASSIFICATION_CONFLICT,6,3,record_family|source_section|subject_type|subject_name|period_end|as_of_date|horizon,MERGE,"subject is the limited partner: the page is headed 'Limited Partner: Northumberland County Council' and every figure is that partner's capital account, so naming the fund as subject would state the partner's balance as the fund's. currency_scale '$': the page prints the symbol on the capital and commitment lines and it governs every figure in the column. Both lanes left it blank on every row. source_section blanked on page 1: Contributions, Income (loss) analysis and Distributions are group headings inside the table, which the placement rule keeps out of source_section, and the only heading above the table is the statement's own title, already carried by source_table. horizon is the printed period qualifier from the stacked column header (1st Quarter 2017 / Year-to-Date / Inception-to-Date); B put the period end date there, which is a date and not a period. period_end is the printed March 31, 2017 that closes every column; A left it blank.",RESOLVED,A+B+ADJUDICATOR,781662bf1c5ba4799d5da223c17c18d29a6a475934548a84c926ba38be788feb
f3a8249b925ffdf68c8e,SRC462,1,PAIR_620D9926B735CEED52A4DC62,CLASSIFICATION_CONFLICT,7,46,source_section|source_column_label|subject_type|subject_name|period_end|as_of_date,MERGE,"subject is the limited partner: the page is headed 'Limited Partner: Northumberland County Council' and every figure is that partner's capital account, so naming the fund as subject would state the partner's balance as the fund's. currency_scale '$': the page prints the symbol on the capital and commitment lines and it governs every figure in the column. Both lanes left it blank on every row. source_section blanked on page 1: Contributions, Income (loss) analysis and Distributions are group headings inside the table, which the placement rule keeps out of source_section, and the only heading above the table is the statement's own title, already carried by source_table. horizon is the printed period qualifier from the stacked column header (1st Quarter 2017 / Year-to-Date / Inception-to-Date); B put the period end date there, which is a date and not a period. period_end is the printed March 31, 2017 that closes every column; A left it blank.",RESOLVED,A+B+ADJUDICATOR,781662bf1c5ba4799d5da223c17c18d29a6a475934548a84c926ba38be788feb
4ec9028a2732688227c7,SRC462,1,PAIR_FCD8F7CCCE587D875AAB0B32,CLASSIFICATION_CONFLICT,8,45,source_section|subject_type|subject_name|period_end|as_of_date|horizon,MERGE,"subject is the limited partner: the page is headed 'Limited Partner: Northumberland County Council' and every figure is that partner's capital account, so naming the fund as subject would state the partner's balance as the fund's. currency_scale '$': the page prints the symbol on the capital and commitment lines and it governs every figure in the column. Both lanes left it blank on every row. source_section blanked on page 1: Contributions, Income (loss) analysis and Distributions are group headings inside the table, which the placement rule keeps out of source_section, and the only heading above the table is the statement's own title, already carried by source_table. horizon is the printed period qualifier from the stacked column header (1st Quarter 2017 / Year-to-Date / Inception-to-Date); B put the period end date there, which is a date and not a period. period_end is the printed March 31, 2017 that closes every column; A left it blank.",RESOLVED,A+B+ADJUDICATOR,781662bf1c5ba4799d5da223c17c18d29a6a475934548a84c926ba38be788feb
0e5b2b54584c7449bbb9,SRC462,1,PAIR_A2B21DD85B87C4874DE986B5,CLASSIFICATION_CONFLICT,9,47,source_section|subject_type|subject_name|period_end|as_of_date|horizon,MERGE,"subject is the limited partner: the page is headed 'Limited Partner: Northumberland County Council' and every figure is that partner's capital account, so naming the fund as subject would state the partner's balance as the fund's. currency_scale '$': the page prints the symbol on the capital and commitment lines and it governs every figure in the column. Both lanes left it blank on every row. source_section blanked on page 1: Contributions, Income (loss) analysis and Distributions are group headings inside the table, which the placement rule keeps out of source_section, and the only heading above the table is the statement's own title, already carried by source_table. horizon is the printed period qualifier from the stacked column header (1st Quarter 2017 / Year-to-Date / Inception-to-Date); B put the period end date there, which is a date and not a period. period_end is the printed March 31, 2017 that closes every column; A left it blank.",RESOLVED,A+B+ADJUDICATOR,781662bf1c5ba4799d5da223c17c18d29a6a475934548a84c926ba38be788feb
076a6da0ab0bafaa9cee,SRC462,1,PAIR_8C89333E16413855A3D54473,CLASSIFICATION_CONFLICT,10,49,source_column_label|subject_type|subject_name|period_end|as_of_date,MERGE,"subject is the limited partner: the page is headed 'Limited Partner: Northumberland County Council' and every figure is that partner's capital account, so naming the fund as subject would state the partner's balance as the fund's. currency_scale '$': the page prints the symbol on the capital and commitment lines and it governs every figure in the column. Both lanes left it blank on every row. source_section blanked on page 1: Contributions, Income (loss) analysis and Distributions are group headings inside the table, which the placement rule keeps out of source_section, and the only heading above the table is the statement's own title, already carried by source_table. horizon is the printed period qualifier from the stacked column header (1st Quarter 2017 / Year-to-Date / Inception-to-Date); B put the period end date there, which is a date and not a period. period_end is the printed March 31, 2017 that closes every column; A left it blank.; Source review: p1: Limited Partner: Northumberland County Council (The statement reports one limited partner capital account.) | p1: Limited Partner: Northumberland County Council (Printed heading or definition supporting the source-reviewed qualifier.) | p1: Limited Partner: Northumberland County Council (Supersedes SR2921: the printed entity or table label is context, not a measurement basis; source labels retain its scope.)",RESOLVED,A+B+ADJUDICATOR,781662bf1c5ba4799d5da223c17c18d29a6a475934548a84c926ba38be788feb
385b7b128d0463609534,SRC462,1,PAIR_38F7177C499117A3B0D9E4BA,CLASSIFICATION_CONFLICT,11,48,subject_type|subject_name|period_end|as_of_date|horizon,MERGE,"subject is the limited partner: the page is headed 'Limited Partner: Northumberland County Council' and every figure is that partner's capital account, so naming the fund as subject would state the partner's balance as the fund's. currency_scale '$': the page prints the symbol on the capital and commitment lines and it governs every figure in the column. Both lanes left it blank on every row. source_section blanked on page 1: Contributions, Income (loss) analysis and Distributions are group headings inside the table, which the placement rule keeps out of source_section, and the only heading above the table is the statement's own title, already carried by source_table. horizon is the printed period qualifier from the stacked column header (1st Quarter 2017 / Year-to-Date / Inception-to-Date); B put the period end date there, which is a date and not a period. period_end is the printed March 31, 2017 that closes every column; A left it blank.; Source review: p1: Limited Partner: Northumberland County Council (The statement reports one limited partner capital account.) | p1: Limited Partner: Northumberland County Council (Printed heading or definition supporting the source-reviewed qualifier.) | p1: Limited Partner: Northumberland County Council (Supersedes SR2922: the printed entity or table label is context, not a measurement basis; source labels retain its scope.)",RESOLVED,A+B+ADJUDICATOR,781662bf1c5ba4799d5da223c17c18d29a6a475934548a84c926ba38be788feb
82c9b23e0e83ac6f1950,SRC462,1,PAIR_97485E8B3901F97A582E6200,CLASSIFICATION_CONFLICT,12,50,subject_type|subject_name|period_end|as_of_date|horizon,MERGE,"subject is the limited partner: the page is headed 'Limited Partner: Northumberland County Council' and every figure is that partner's capital account, so naming the fund as subject would state the partner's balance as the fund's. currency_scale '$': the page prints the symbol on the capital and commitment lines and it governs every figure in the column. Both lanes left it blank on every row. source_section blanked on page 1: Contributions, Income (loss) analysis and Distributions are group headings inside the table, which the placement rule keeps out of source_section, and the only heading above the table is the statement's own title, already carried by source_table. horizon is the printed period qualifier from the stacked column header (1st Quarter 2017 / Year-to-Date / Inception-to-Date); B put the period end date there, which is a date and not a period. period_end is the printed March 31, 2017 that closes every column; A left it blank.; Source review: p1: Limited Partner: Northumberland County Council (The statement reports one limited partner capital account.) | p1: Limited Partner: Northumberland County Council (Printed heading or definition supporting the source-reviewed qualifier.) | p1: Limited Partner: Northumberland County Council (Supersedes SR2923: the printed entity or table label is context, not a measurement basis; source labels retain its scope.)",RESOLVED,A+B+ADJUDICATOR,781662bf1c5ba4799d5da223c17c18d29a6a475934548a84c926ba38be788feb
8b3aea60cf4f9cff551a,SRC462,1,PAIR_88620E805B617838F9619EC1,CLASSIFICATION_CONFLICT,13,11,record_family|source_section|source_column_label|subject_type|subject_name|period_end|as_of_date,MERGE,"subject is the limited partner: the page is headed 'Limited Partner: Northumberland County Council' and every figure is that partner's capital account, so naming the fund as subject would state the partner's balance as the fund's. currency_scale '$': the page prints the symbol on the capital and commitment lines and it governs every figure in the column. Both lanes left it blank on every row. source_section blanked on page 1: Contributions, Income (loss) analysis and Distributions are group headings inside the table, which the placement rule keeps out of source_section, and the only heading above the table is the statement's own title, already carried by source_table. horizon is the printed period qualifier from the stacked column header (1st Quarter 2017 / Year-to-Date / Inception-to-Date); B put the period end date there, which is a date and not a period. period_end is the printed March 31, 2017 that closes every column; A left it blank.",RESOLVED,A+B+ADJUDICATOR,781662bf1c5ba4799d5da223c17c18d29a6a475934548a84c926ba38be788feb
6e502c175d71bca7da79,SRC462,1,PAIR_56D9DD53FF48A1E4A5B167F2,CLASSIFICATION_CONFLICT,14,10,record_family|source_section|subject_type|subject_name|period_end|as_of_date|horizon,MERGE,"subject is the limited partner: the page is headed 'Limited Partner: Northumberland County Council' and every figure is that partner's capital account, so naming the fund as subject would state the partner's balance as the fund's. currency_scale '$': the page prints the symbol on the capital and commitment lines and it governs every figure in the column. Both lanes left it blank on every row. source_section blanked on page 1: Contributions, Income (loss) analysis and Distributions are group headings inside the table, which the placement rule keeps out of source_section, and the only heading above the table is the statement's own title, already carried by source_table. horizon is the printed period qualifier from the stacked column header (1st Quarter 2017 / Year-to-Date / Inception-to-Date); B put the period end date there, which is a date and not a period. period_end is the printed March 31, 2017 that closes every column; A left it blank.",RESOLVED,A+B+ADJUDICATOR,781662bf1c5ba4799d5da223c17c18d29a6a475934548a84c926ba38be788feb
352787f74dbfa327bb42,SRC462,1,PAIR_3E82488FCBF9CAF4C4FA15F5,CLASSIFICATION_CONFLICT,15,12,record_family|source_section|subject_type|subject_name|period_end|as_of_date|horizon,MERGE,"subject is the limited partner: the page is headed 'Limited Partner: Northumberland County Council' and every figure is that partner's capital account, so naming the fund as subject would state the partner's balance as the fund's. currency_scale '$': the page prints the symbol on the capital and commitment lines and it governs every figure in the column. Both lanes left it blank on every row. source_section blanked on page 1: Contributions, Income (loss) analysis and Distributions are group headings inside the table, which the placement rule keeps out of source_section, and the only heading above the table is the statement's own title, already carried by source_table. horizon is the printed period qualifier from the stacked column header (1st Quarter 2017 / Year-to-Date / Inception-to-Date); B put the period end date there, which is a date and not a period. period_end is the printed March 31, 2017 that closes every column; A left it blank.",RESOLVED,A+B+ADJUDICATOR,781662bf1c5ba4799d5da223c17c18d29a6a475934548a84c926ba38be788feb
16da1927a9e6283b15ed,SRC462,1,PAIR_A21D57E85243FDC6C80CEDB5,CLASSIFICATION_CONFLICT,16,14,record_family|source_section|source_column_label|subject_type|subject_name|period_end|as_of_date,MERGE,"subject is the limited partner: the page is headed 'Limited Partner: Northumberland County Council' and every figure is that partner's capital account, so naming the fund as subject would state the partner's balance as the fund's. currency_scale '$': the page prints the symbol on the capital and commitment lines and it governs every figure in the column. Both lanes left it blank on every row. source_section blanked on page 1: Contributions, Income (loss) analysis and Distributions are group headings inside the table, which the placement rule keeps out of source_section, and the only heading above the table is the statement's own title, already carried by source_table. horizon is the printed period qualifier from the stacked column header (1st Quarter 2017 / Year-to-Date / Inception-to-Date); B put the period end date there, which is a date and not a period. period_end is the printed March 31, 2017 that closes every column; A left it blank.",RESOLVED,A+B+ADJUDICATOR,781662bf1c5ba4799d5da223c17c18d29a6a475934548a84c926ba38be788feb
c3b7fcf43ff90e0f9136,SRC462,1,PAIR_7E089F926F492CB1714D2A22,CLASSIFICATION_CONFLICT,17,13,record_family|source_section|subject_type|subject_name|period_end|as_of_date|horizon,MERGE,"subject is the limited partner: the page is headed 'Limited Partner: Northumberland County Council' and every figure is that partner's capital account, so naming the fund as subject would state the partner's balance as the fund's. currency_scale '$': the page prints the symbol on the capital and commitment lines and it governs every figure in the column. Both lanes left it blank on every row. source_section blanked on page 1: Contributions, Income (loss) analysis and Distributions are group headings inside the table, which the placement rule keeps out of source_section, and the only heading above the table is the statement's own title, already carried by source_table. horizon is the printed period qualifier from the stacked column header (1st Quarter 2017 / Year-to-Date / Inception-to-Date); B put the period end date there, which is a date and not a period. period_end is the printed March 31, 2017 that closes every column; A left it blank.",RESOLVED,A+B+ADJUDICATOR,781662bf1c5ba4799d5da223c17c18d29a6a475934548a84c926ba38be788feb
c0d46fef4982ec9f8398,SRC462,1,PAIR_906C4549D2DEA6C2B0CA3164,CLASSIFICATION_CONFLICT,18,15,record_family|source_section|subject_type|subject_name|period_end|as_of_date|horizon,MERGE,"subject is the limited partner: the page is headed 'Limited Partner: Northumberland County Council' and every figure is that partner's capital account, so naming the fund as subject would state the partner's balance as the fund's. currency_scale '$': the page prints the symbol on the capital and commitment lines and it governs every figure in the column. Both lanes left it blank on every row. source_section blanked on page 1: Contributions, Income (loss) analysis and Distributions are group headings inside the table, which the placement rule keeps out of source_section, and the only heading above the table is the statement's own title, already carried by source_table. horizon is the printed period qualifier from the stacked column header (1st Quarter 2017 / Year-to-Date / Inception-to-Date); B put the period end date there, which is a date and not a period. period_end is the printed March 31, 2017 that closes every column; A left it blank.",RESOLVED,A+B+ADJUDICATOR,781662bf1c5ba4799d5da223c17c18d29a6a475934548a84c926ba38be788feb
eeeb6e2e828650531c44,SRC462,1,PAIR_75C35744461CE8A237C71F5A,CLASSIFICATION_CONFLICT,19,17,record_family|source_section|source_column_label|subject_type|subject_name|period_end|as_of_date,MERGE,"subject is the limited partner: the page is headed 'Limited Partner: Northumberland County Council' and every figure is that partner's capital account, so naming the fund as subject would state the partner's balance as the fund's. currency_scale '$': the page prints the symbol on the capital and commitment lines and it governs every figure in the column. Both lanes left it blank on every row. source_section blanked on page 1: Contributions, Income (loss) analysis and Distributions are group headings inside the table, which the placement rule keeps out of source_section, and the only heading above the table is the statement's own title, already carried by source_table. horizon is the printed period qualifier from the stacked column header (1st Quarter 2017 / Year-to-Date / Inception-to-Date); B put the period end date there, which is a date and not a period. period_end is the printed March 31, 2017 that closes every column; A left it blank.",RESOLVED,A+B+ADJUDICATOR,781662bf1c5ba4799d5da223c17c18d29a6a475934548a84c926ba38be788feb
c2b85bc133d5399796ef,SRC462,1,PAIR_7629D257788DF469CC12EF64,CLASSIFICATION_CONFLICT,20,16,record_family|source_section|subject_type|subject_name|period_end|as_of_date|horizon,MERGE,"subject is the limited partner: the page is headed 'Limited Partner: Northumberland County Council' and every figure is that partner's capital account, so naming the fund as subject would state the partner's balance as the fund's. currency_scale '$': the page prints the symbol on the capital and commitment lines and it governs every figure in the column. Both lanes left it blank on every row. source_section blanked on page 1: Contributions, Income (loss) analysis and Distributions are group headings inside the table, which the placement rule keeps out of source_section, and the only heading above the table is the statement's own title, already carried by source_table. horizon is the printed period qualifier from the stacked column header (1st Quarter 2017 / Year-to-Date / Inception-to-Date); B put the period end date there, which is a date and not a period. period_end is the printed March 31, 2017 that closes every column; A left it blank.",RESOLVED,A+B+ADJUDICATOR,781662bf1c5ba4799d5da223c17c18d29a6a475934548a84c926ba38be788feb
f5c366602da1365eba77,SRC462,1,PAIR_8B467F04970B5688F6D4F49C,CLASSIFICATION_CONFLICT,21,18,record_family|source_section|subject_type|subject_name|period_end|as_of_date|horizon,MERGE,"subject is the limited partner: the page is headed 'Limited Partner: Northumberland County Council' and every figure is that partner's capital account, so naming the fund as subject would state the partner's balance as the fund's. currency_scale '$': the page prints the symbol on the capital and commitment lines and it governs every figure in the column. Both lanes left it blank on every row. source_section blanked on page 1: Contributions, Income (loss) analysis and Distributions are group headings inside the table, which the placement rule keeps out of source_section, and the only heading above the table is the statement's own title, already carried by source_table. horizon is the printed period qualifier from the stacked column header (1st Quarter 2017 / Year-to-Date / Inception-to-Date); B put the period end date there, which is a date and not a period. period_end is the printed March 31, 2017 that closes every column; A left it blank.",RESOLVED,A+B+ADJUDICATOR,781662bf1c5ba4799d5da223c17c18d29a6a475934548a84c926ba38be788feb
43ea049300c391cfd4ad,SRC462,1,PAIR_4C916A64FC6D90859A26EC30,CLASSIFICATION_CONFLICT,22,19,record_family|source_section|subject_type|subject_name|period_end|as_of_date|horizon,MERGE,"subject is the limited partner: the page is headed 'Limited Partner: Northumberland County Council' and every figure is that partner's capital account, so naming the fund as subject would state the partner's balance as the fund's. currency_scale '$': the page prints the symbol on the capital and commitment lines and it governs every figure in the column. Both lanes left it blank on every row. source_section blanked on page 1: Contributions, Income (loss) analysis and Distributions are group headings inside the table, which the placement rule keeps out of source_section, and the only heading above the table is the statement's own title, already carried by source_table. horizon is the printed period qualifier from the stacked column header (1st Quarter 2017 / Year-to-Date / Inception-to-Date); B put the period end date there, which is a date and not a period. period_end is the printed March 31, 2017 that closes every column; A left it blank.",RESOLVED,A+B+ADJUDICATOR,781662bf1c5ba4799d5da223c17c18d29a6a475934548a84c926ba38be788feb
ce81bdd9c49d8e7d4ea5,SRC462,1,PAIR_8A78867349F4E43211D40CF6,CLASSIFICATION_CONFLICT,23,21,record_family|source_section|source_column_label|subject_type|subject_name|period_end|as_of_date,MERGE,"subject is the limited partner: the page is headed 'Limited Partner: Northumberland County Council' and every figure is that partner's capital account, so naming the fund as subject would state the partner's balance as the fund's. currency_scale '$': the page prints the symbol on the capital and commitment lines and it governs every figure in the column. Both lanes left it blank on every row. source_section blanked on page 1: Contributions, Income (loss) analysis and Distributions are group headings inside the table, which the placement rule keeps out of source_section, and the only heading above the table is the statement's own title, already carried by source_table. horizon is the printed period qualifier from the stacked column header (1st Quarter 2017 / Year-to-Date / Inception-to-Date); B put the period end date there, which is a date and not a period. period_end is the printed March 31, 2017 that closes every column; A left it blank.",RESOLVED,A+B+ADJUDICATOR,781662bf1c5ba4799d5da223c17c18d29a6a475934548a84c926ba38be788feb
3215a3cc426f648f25ed,SRC462,1,PAIR_738A21D26340E7CE01B6EB1C,CLASSIFICATION_CONFLICT,24,20,record_family|source_section|subject_type|subject_name|period_end|as_of_date|horizon,MERGE,"subject is the limited partner: the page is headed 'Limited Partner: Northumberland County Council' and every figure is that partner's capital account, so naming the fund as subject would state the partner's balance as the fund's. currency_scale '$': the page prints the symbol on the capital and commitment lines and it governs every figure in the column. Both lanes left it blank on every row. source_section blanked on page 1: Contributions, Income (loss) analysis and Distributions are group headings inside the table, which the placement rule keeps out of source_section, and the only heading above the table is the statement's own title, already carried by source_table. horizon is the printed period qualifier from the stacked column header (1st Quarter 2017 / Year-to-Date / Inception-to-Date); B put the period end date there, which is a date and not a period. period_end is the printed March 31, 2017 that closes every column; A left it blank.",RESOLVED,A+B+ADJUDICATOR,781662bf1c5ba4799d5da223c17c18d29a6a475934548a84c926ba38be788feb
2bc85b6cf4bbe655d1ca,SRC462,1,PAIR_308D6CF4CAF06567D5A9E266,CLASSIFICATION_CONFLICT,25,22,record_family|source_section|subject_type|subject_name|period_end|as_of_date|horizon,MERGE,"subject is the limited partner: the page is headed 'Limited Partner: Northumberland County Council' and every figure is that partner's capital account, so naming the fund as subject would state the partner's balance as the fund's. currency_scale '$': the page prints the symbol on the capital and commitment lines and it governs every figure in the column. Both lanes left it blank on every row. source_section blanked on page 1: Contributions, Income (loss) analysis and Distributions are group headings inside the table, which the placement rule keeps out of source_section, and the only heading above the table is the statement's own title, already carried by source_table. horizon is the printed period qualifier from the stacked column header (1st Quarter 2017 / Year-to-Date / Inception-to-Date); B put the period end date there, which is a date and not a period. period_end is the printed March 31, 2017 that closes every column; A left it blank.",RESOLVED,A+B+ADJUDICATOR,781662bf1c5ba4799d5da223c17c18d29a6a475934548a84c926ba38be788feb
91d5d11ed9d86b976562,SRC462,1,PAIR_6E90F706ADF4F3AA7DC72FE9,CLASSIFICATION_CONFLICT,26,23,record_family|source_section|subject_type|subject_name|period_end|as_of_date|horizon,MERGE,"subject is the limited partner: the page is headed 'Limited Partner: Northumberland County Council' and every figure is that partner's capital account, so naming the fund as subject would state the partner's balance as the fund's. currency_scale '$': the page prints the symbol on the capital and commitment lines and it governs every figure in the column. Both lanes left it blank on every row. source_section blanked on page 1: Contributions, Income (loss) analysis and Distributions are group headings inside the table, which the placement rule keeps out of source_section, and the only heading above the table is the statement's own title, already carried by source_table. horizon is the printed period qualifier from the stacked column header (1st Quarter 2017 / Year-to-Date / Inception-to-Date); B put the period end date there, which is a date and not a period. period_end is the printed March 31, 2017 that closes every column; A left it blank.",RESOLVED,A+B+ADJUDICATOR,781662bf1c5ba4799d5da223c17c18d29a6a475934548a84c926ba38be788feb
13f4b216b25e59f4a989,SRC462,1,PAIR_9CDB4E05A907009B524CFCDC,CLASSIFICATION_CONFLICT,30,52,source_section|source_column_label|subject_type|subject_name|period_end|as_of_date,MERGE,"subject is the limited partner: the page is headed 'Limited Partner: Northumberland County Council' and every figure is that partner's capital account, so naming the fund as subject would state the partner's balance as the fund's. currency_scale '$': the page prints the symbol on the capital and commitment lines and it governs every figure in the column. Both lanes left it blank on every row. source_section blanked on page 1: Contributions, Income (loss) analysis and Distributions are group headings inside the table, which the placement rule keeps out of source_section, and the only heading above the table is the statement's own title, already carried by source_table. horizon is the printed period qualifier from the stacked column header (1st Quarter 2017 / Year-to-Date / Inception-to-Date); B put the period end date there, which is a date and not a period. period_end is the printed March 31, 2017 that closes every column; A left it blank.",RESOLVED,A+B+ADJUDICATOR,781662bf1c5ba4799d5da223c17c18d29a6a475934548a84c926ba38be788feb
de8e7c97646689d6a8e4,SRC462,1,PAIR_F8C09F80D188029F6412AB3B,CLASSIFICATION_CONFLICT,31,51,source_section|subject_type|subject_name|period_end|as_of_date|horizon,MERGE,"subject is the limited partner: the page is headed 'Limited Partner: Northumberland County Council' and every figure is that partner's capital account, so naming the fund as subject would state the partner's balance as the fund's. currency_scale '$': the page prints the symbol on the capital and commitment lines and it governs every figure in the column. Both lanes left it blank on every row. source_section blanked on page 1: Contributions, Income (loss) analysis and Distributions are group headings inside the table, which the placement rule keeps out of source_section, and the only heading above the table is the statement's own title, already carried by source_table. horizon is the printed period qualifier from the stacked column header (1st Quarter 2017 / Year-to-Date / Inception-to-Date); B put the period end date there, which is a date and not a period. period_end is the printed March 31, 2017 that closes every column; A left it blank.",RESOLVED,A+B+ADJUDICATOR,781662bf1c5ba4799d5da223c17c18d29a6a475934548a84c926ba38be788feb
d16a53255d171e484760,SRC462,1,PAIR_0364EBB54DED59A72A396011,CLASSIFICATION_CONFLICT,32,53,source_section|subject_type|subject_name|period_end|as_of_date|horizon,MERGE,"subject is the limited partner: the page is headed 'Limited Partner: Northumberland County Council' and every figure is that partner's capital account, so naming the fund as subject would state the partner's balance as the fund's. currency_scale '$': the page prints the symbol on the capital and commitment lines and it governs every figure in the column. Both lanes left it blank on every row. source_section blanked on page 1: Contributions, Income (loss) analysis and Distributions are group headings inside the table, which the placement rule keeps out of source_section, and the only heading above the table is the statement's own title, already carried by source_table. horizon is the printed period qualifier from the stacked column header (1st Quarter 2017 / Year-to-Date / Inception-to-Date); B put the period end date there, which is a date and not a period. period_end is the printed March 31, 2017 that closes every column; A left it blank.",RESOLVED,A+B+ADJUDICATOR,781662bf1c5ba4799d5da223c17c18d29a6a475934548a84c926ba38be788feb
8428c193919488ac5918,SRC462,1,PAIR_E4781EC1899D671563C0A61B,CLASSIFICATION_CONFLICT,33,55,source_section|source_column_label|source_occurrence|subject_type|subject_name|period_end|as_of_date,MERGE,"subject is the limited partner: the page is headed 'Limited Partner: Northumberland County Council' and every figure is that partner's capital account, so naming the fund as subject would state the partner's balance as the fund's. currency_scale '$': the page prints the symbol on the capital and commitment lines and it governs every figure in the column. Both lanes left it blank on every row. source_section blanked on page 1: Contributions, Income (loss) analysis and Distributions are group headings inside the table, which the placement rule keeps out of source_section, and the only heading above the table is the statement's own title, already carried by source_table. horizon is the printed period qualifier from the stacked column header (1st Quarter 2017 / Year-to-Date / Inception-to-Date); B put the period end date there, which is a date and not a period. period_end is the printed March 31, 2017 that closes every column; A left it blank.",RESOLVED,A+B+ADJUDICATOR,781662bf1c5ba4799d5da223c17c18d29a6a475934548a84c926ba38be788feb
5bfa6c7e6b637d057a40,SRC462,1,PAIR_D875E7D20A8FEBD7B347CFA5,CLASSIFICATION_CONFLICT,34,54,source_section|source_occurrence|subject_type|subject_name|period_end|as_of_date|horizon,MERGE,"subject is the limited partner: the page is headed 'Limited Partner: Northumberland County Council' and every figure is that partner's capital account, so naming the fund as subject would state the partner's balance as the fund's. currency_scale '$': the page prints the symbol on the capital and commitment lines and it governs every figure in the column. Both lanes left it blank on every row. source_section blanked on page 1: Contributions, Income (loss) analysis and Distributions are group headings inside the table, which the placement rule keeps out of source_section, and the only heading above the table is the statement's own title, already carried by source_table. horizon is the printed period qualifier from the stacked column header (1st Quarter 2017 / Year-to-Date / Inception-to-Date); B put the period end date there, which is a date and not a period. period_end is the printed March 31, 2017 that closes every column; A left it blank.",RESOLVED,A+B+ADJUDICATOR,781662bf1c5ba4799d5da223c17c18d29a6a475934548a84c926ba38be788feb
525b4a3e8082c9459fd6,SRC462,1,PAIR_99ADD825B7F6D03DECE9DBD1,CLASSIFICATION_CONFLICT,35,56,source_section|source_occurrence|subject_type|subject_name|period_end|as_of_date|horizon,MERGE,"subject is the limited partner: the page is headed 'Limited Partner: Northumberland County Council' and every figure is that partner's capital account, so naming the fund as subject would state the partner's balance as the fund's. currency_scale '$': the page prints the symbol on the capital and commitment lines and it governs every figure in the column. Both lanes left it blank on every row. source_section blanked on page 1: Contributions, Income (loss) analysis and Distributions are group headings inside the table, which the placement rule keeps out of source_section, and the only heading above the table is the statement's own title, already carried by source_table. horizon is the printed period qualifier from the stacked column header (1st Quarter 2017 / Year-to-Date / Inception-to-Date); B put the period end date there, which is a date and not a period. period_end is the printed March 31, 2017 that closes every column; A left it blank.",RESOLVED,A+B+ADJUDICATOR,781662bf1c5ba4799d5da223c17c18d29a6a475934548a84c926ba38be788feb
9278b623b6d0032e5296,SRC462,1,PAIR_1E27FBAE14C3F7884438E022,CLASSIFICATION_CONFLICT,36,58,source_section|source_column_label|subject_type|subject_name|period_end|as_of_date,MERGE,"subject is the limited partner: the page is headed 'Limited Partner: Northumberland County Council' and every figure is that partner's capital account, so naming the fund as subject would state the partner's balance as the fund's. currency_scale '$': the page prints the symbol on the capital and commitment lines and it governs every figure in the column. Both lanes left it blank on every row. source_section blanked on page 1: Contributions, Income (loss) analysis and Distributions are group headings inside the table, which the placement rule keeps out of source_section, and the only heading above the table is the statement's own title, already carried by source_table. horizon is the printed period qualifier from the stacked column header (1st Quarter 2017 / Year-to-Date / Inception-to-Date); B put the period end date there, which is a date and not a period. period_end is the printed March 31, 2017 that closes every column; A left it blank.",RESOLVED,A+B+ADJUDICATOR,781662bf1c5ba4799d5da223c17c18d29a6a475934548a84c926ba38be788feb
551acd5dcd9e9ecd6699,SRC462,1,PAIR_ABA85D1517B86BC9A0BA83A1,CLASSIFICATION_CONFLICT,37,57,source_section|subject_type|subject_name|period_end|as_of_date|horizon,MERGE,"subject is the limited partner: the page is headed 'Limited Partner: Northumberland County Council' and every figure is that partner's capital account, so naming the fund as subject would state the partner's balance as the fund's. currency_scale '$': the page prints the symbol on the capital and commitment lines and it governs every figure in the column. Both lanes left it blank on every row. source_section blanked on page 1: Contributions, Income (loss) analysis and Distributions are group headings inside the table, which the placement rule keeps out of source_section, and the only heading above the table is the statement's own title, already carried by source_table. horizon is the printed period qualifier from the stacked column header (1st Quarter 2017 / Year-to-Date / Inception-to-Date); B put the period end date there, which is a date and not a period. period_end is the printed March 31, 2017 that closes every column; A left it blank.",RESOLVED,A+B+ADJUDICATOR,781662bf1c5ba4799d5da223c17c18d29a6a475934548a84c926ba38be788feb
3b5a5fbf03f1da067864,SRC462,1,PAIR_4D12C2C882D6EFCBD6C73E01,CLASSIFICATION_CONFLICT,38,59,source_section|subject_type|subject_name|period_end|as_of_date|horizon,MERGE,"subject is the limited partner: the page is headed 'Limited Partner: Northumberland County Council' and every figure is that partner's capital account, so naming the fund as subject would state the partner's balance as the fund's. currency_scale '$': the page prints the symbol on the capital and commitment lines and it governs every figure in the column. Both lanes left it blank on every row. source_section blanked on page 1: Contributions, Income (loss) analysis and Distributions are group headings inside the table, which the placement rule keeps out of source_section, and the only heading above the table is the statement's own title, already carried by source_table. horizon is the printed period qualifier from the stacked column header (1st Quarter 2017 / Year-to-Date / Inception-to-Date); B put the period end date there, which is a date and not a period. period_end is the printed March 31, 2017 that closes every column; A left it blank.",RESOLVED,A+B+ADJUDICATOR,781662bf1c5ba4799d5da223c17c18d29a6a475934548a84c926ba38be788feb
6ffd216befd31d10bfa9,SRC462,1,PAIR_619F65449A69317376C0A667,CLASSIFICATION_CONFLICT,39,61,source_section|source_column_label|subject_type|subject_name|period_end|as_of_date,MERGE,"subject is the limited partner: the page is headed 'Limited Partner: Northumberland County Council' and every figure is that partner's capital account, so naming the fund as subject would state the partner's balance as the fund's. currency_scale '$': the page prints the symbol on the capital and commitment lines and it governs every figure in the column. Both lanes left it blank on every row. source_section blanked on page 1: Contributions, Income (loss) analysis and Distributions are group headings inside the table, which the placement rule keeps out of source_section, and the only heading above the table is the statement's own title, already carried by source_table. horizon is the printed period qualifier from the stacked column header (1st Quarter 2017 / Year-to-Date / Inception-to-Date); B put the period end date there, which is a date and not a period. period_end is the printed March 31, 2017 that closes every column; A left it blank.",RESOLVED,A+B+ADJUDICATOR,781662bf1c5ba4799d5da223c17c18d29a6a475934548a84c926ba38be788feb
ee54a2b5252309bf55a3,SRC462,1,PAIR_11269D1E8112AE961F0E5CC4,CLASSIFICATION_CONFLICT,40,60,source_section|subject_type|subject_name|period_end|as_of_date|horizon,MERGE,"subject is the limited partner: the page is headed 'Limited Partner: Northumberland County Council' and every figure is that partner's capital account, so naming the fund as subject would state the partner's balance as the fund's. currency_scale '$': the page prints the symbol on the capital and commitment lines and it governs every figure in the column. Both lanes left it blank on every row. source_section blanked on page 1: Contributions, Income (loss) analysis and Distributions are group headings inside the table, which the placement rule keeps out of source_section, and the only heading above the table is the statement's own title, already carried by source_table. horizon is the printed period qualifier from the stacked column header (1st Quarter 2017 / Year-to-Date / Inception-to-Date); B put the period end date there, which is a date and not a period. period_end is the printed March 31, 2017 that closes every column; A left it blank.",RESOLVED,A+B+ADJUDICATOR,781662bf1c5ba4799d5da223c17c18d29a6a475934548a84c926ba38be788feb
b0099c11371e5263bd93,SRC462,1,PAIR_9B8CAFBF82AA1225EE96C3AA,CLASSIFICATION_CONFLICT,41,62,source_section|subject_type|subject_name|period_end|as_of_date|horizon,MERGE,"subject is the limited partner: the page is headed 'Limited Partner: Northumberland County Council' and every figure is that partner's capital account, so naming the fund as subject would state the partner's balance as the fund's. currency_scale '$': the page prints the symbol on the capital and commitment lines and it governs every figure in the column. Both lanes left it blank on every row. source_section blanked on page 1: Contributions, Income (loss) analysis and Distributions are group headings inside the table, which the placement rule keeps out of source_section, and the only heading above the table is the statement's own title, already carried by source_table. horizon is the printed period qualifier from the stacked column header (1st Quarter 2017 / Year-to-Date / Inception-to-Date); B put the period end date there, which is a date and not a period. period_end is the printed March 31, 2017 that closes every column; A left it blank.",RESOLVED,A+B+ADJUDICATOR,781662bf1c5ba4799d5da223c17c18d29a6a475934548a84c926ba38be788feb
0d4ce92af062ca573f51,SRC462,1,PAIR_6C70578BC770D0C85A2B7AB3,CLASSIFICATION_CONFLICT,46,34,record_family|source_section|subject_type|subject_name|period_end|as_of_date|horizon,MERGE,"subject is the limited partner: the page is headed 'Limited Partner: Northumberland County Council' and every figure is that partner's capital account, so naming the fund as subject would state the partner's balance as the fund's. currency_scale '$': the page prints the symbol on the capital and commitment lines and it governs every figure in the column. Both lanes left it blank on every row. source_section blanked on page 1: Contributions, Income (loss) analysis and Distributions are group headings inside the table, which the placement rule keeps out of source_section, and the only heading above the table is the statement's own title, already carried by source_table. horizon is the printed period qualifier from the stacked column header (1st Quarter 2017 / Year-to-Date / Inception-to-Date); B put the period end date there, which is a date and not a period. period_end is the printed March 31, 2017 that closes every column; A left it blank.",RESOLVED,A+B+ADJUDICATOR,781662bf1c5ba4799d5da223c17c18d29a6a475934548a84c926ba38be788feb
1c57dfb1e834183b3b47,SRC462,1,PAIR_1FF08C826D5F87A032B57FE3,CLASSIFICATION_CONFLICT,47,35,record_family|source_section|subject_type|subject_name|period_end|as_of_date|horizon,MERGE,"subject is the limited partner: the page is headed 'Limited Partner: Northumberland County Council' and every figure is that partner's capital account, so naming the fund as subject would state the partner's balance as the fund's. currency_scale '$': the page prints the symbol on the capital and commitment lines and it governs every figure in the column. Both lanes left it blank on every row. source_section blanked on page 1: Contributions, Income (loss) analysis and Distributions are group headings inside the table, which the placement rule keeps out of source_section, and the only heading above the table is the statement's own title, already carried by source_table. horizon is the printed period qualifier from the stacked column header (1st Quarter 2017 / Year-to-Date / Inception-to-Date); B put the period end date there, which is a date and not a period. period_end is the printed March 31, 2017 that closes every column; A left it blank.",RESOLVED,A+B+ADJUDICATOR,781662bf1c5ba4799d5da223c17c18d29a6a475934548a84c926ba38be788feb
b69ce729acedf76b3c3d,SRC462,1,PAIR_4199DB33137FB2ECC685E773,CLASSIFICATION_CONFLICT,48,66,source_section|subject_type|subject_name|period_end|as_of_date|horizon,MERGE,"subject is the limited partner: the page is headed 'Limited Partner: Northumberland County Council' and every figure is that partner's capital account, so naming the fund as subject would state the partner's balance as the fund's. currency_scale '$': the page prints the symbol on the capital and commitment lines and it governs every figure in the column. Both lanes left it blank on every row. source_section blanked on page 1: Contributions, Income (loss) analysis and Distributions are group headings inside the table, which the placement rule keeps out of source_section, and the only heading above the table is the statement's own title, already carried by source_table. horizon is the printed period qualifier from the stacked column header (1st Quarter 2017 / Year-to-Date / Inception-to-Date); B put the period end date there, which is a date and not a period. period_end is the printed March 31, 2017 that closes every column; A left it blank.",RESOLVED,A+B+ADJUDICATOR,781662bf1c5ba4799d5da223c17c18d29a6a475934548a84c926ba38be788feb
71172e3f30fb6cdc6713,SRC462,1,PAIR_C4DC5F3DD4226C59AB7C173A,CLASSIFICATION_CONFLICT,49,67,source_section|subject_type|subject_name|period_end|as_of_date|horizon,MERGE,"subject is the limited partner: the page is headed 'Limited Partner: Northumberland County Council' and every figure is that partner's capital account, so naming the fund as subject would state the partner's balance as the fund's. currency_scale '$': the page prints the symbol on the capital and commitment lines and it governs every figure in the column. Both lanes left it blank on every row. source_section blanked on page 1: Contributions, Income (loss) analysis and Distributions are group headings inside the table, which the placement rule keeps out of source_section, and the only heading above the table is the statement's own title, already carried by source_table. horizon is the printed period qualifier from the stacked column header (1st Quarter 2017 / Year-to-Date / Inception-to-Date); B put the period end date there, which is a date and not a period. period_end is the printed March 31, 2017 that closes every column; A left it blank.",RESOLVED,A+B+ADJUDICATOR,781662bf1c5ba4799d5da223c17c18d29a6a475934548a84c926ba38be788feb
fbaf717ce85b89d75af4,SRC462,1,PAIR_1A91404177A8A8842E572642,CLASSIFICATION_CONFLICT,50,37,record_family|source_section|source_column_label|subject_type|subject_name|period_end|as_of_date|metric_category,MERGE,"subject is the limited partner: the page is headed 'Limited Partner: Northumberland County Council' and every figure is that partner's capital account, so naming the fund as subject would state the partner's balance as the fund's. currency_scale '$': the page prints the symbol on the capital and commitment lines and it governs every figure in the column. Both lanes left it blank on every row. source_section blanked on page 1: Contributions, Income (loss) analysis and Distributions are group headings inside the table, which the placement rule keeps out of source_section, and the only heading above the table is the statement's own title, already carried by source_table. horizon is the printed period qualifier from the stacked column header (1st Quarter 2017 / Year-to-Date / Inception-to-Date); B put the period end date there, which is a date and not a period. period_end is the printed March 31, 2017 that closes every column; A left it blank. Family follows the category the line needs. fund_economics_observation carries no expense category, so an expense or interest charge can only sit in cash_flow_observation; every other line stays in the capital-account family.",RESOLVED,A+B+ADJUDICATOR,781662bf1c5ba4799d5da223c17c18d29a6a475934548a84c926ba38be788feb
65a3b672705adc02eca5,SRC462,1,PAIR_76F4D05B79FED28BD785FFF7,CLASSIFICATION_CONFLICT,51,36,record_family|source_section|subject_type|subject_name|period_end|as_of_date|horizon|metric_category,MERGE,"subject is the limited partner: the page is headed 'Limited Partner: Northumberland County Council' and every figure is that partner's capital account, so naming the fund as subject would state the partner's balance as the fund's. currency_scale '$': the page prints the symbol on the capital and commitment lines and it governs every figure in the column. Both lanes left it blank on every row. source_section blanked on page 1: Contributions, Income (loss) analysis and Distributions are group headings inside the table, which the placement rule keeps out of source_section, and the only heading above the table is the statement's own title, already carried by source_table. horizon is the printed period qualifier from the stacked column header (1st Quarter 2017 / Year-to-Date / Inception-to-Date); B put the period end date there, which is a date and not a period. period_end is the printed March 31, 2017 that closes every column; A left it blank. Family follows the category the line needs. fund_economics_observation carries no expense category, so an expense or interest charge can only sit in cash_flow_observation; every other line stays in the capital-account family.",RESOLVED,A+B+ADJUDICATOR,781662bf1c5ba4799d5da223c17c18d29a6a475934548a84c926ba38be788feb
6d4971a53f66ddb92704,SRC462,1,PAIR_7E8456E7252717A66BB72CE2,CLASSIFICATION_CONFLICT,52,38,record_family|source_section|subject_type|subject_name|period_end|as_of_date|horizon|metric_category,MERGE,"subject is the limited partner: the page is headed 'Limited Partner: Northumberland County Council' and every figure is that partner's capital account, so naming the fund as subject would state the partner's balance as the fund's. currency_scale '$': the page prints the symbol on the capital and commitment lines and it governs every figure in the column. Both lanes left it blank on every row. source_section blanked on page 1: Contributions, Income (loss) analysis and Distributions are group headings inside the table, which the placement rule keeps out of source_section, and the only heading above the table is the statement's own title, already carried by source_table. horizon is the printed period qualifier from the stacked column header (1st Quarter 2017 / Year-to-Date / Inception-to-Date); B put the period end date there, which is a date and not a period. period_end is the printed March 31, 2017 that closes every column; A left it blank. Family follows the category the line needs. fund_economics_observation carries no expense category, so an expense or interest charge can only sit in cash_flow_observation; every other line stays in the capital-account family.",RESOLVED,A+B+ADJUDICATOR,781662bf1c5ba4799d5da223c17c18d29a6a475934548a84c926ba38be788feb
9dc2178e424ef9f44e6d,SRC462,1,PAIR_E28CBEA9B3E149C4A55EFF06,CLASSIFICATION_CONFLICT,53,40,record_family|source_section|source_column_label|subject_type|subject_name|period_end|as_of_date,MERGE,"subject is the limited partner: the page is headed 'Limited Partner: Northumberland County Council' and every figure is that partner's capital account, so naming the fund as subject would state the partner's balance as the fund's. currency_scale '$': the page prints the symbol on the capital and commitment lines and it governs every figure in the column. Both lanes left it blank on every row. source_section blanked on page 1: Contributions, Income (loss) analysis and Distributions are group headings inside the table, which the placement rule keeps out of source_section, and the only heading above the table is the statement's own title, already carried by source_table. horizon is the printed period qualifier from the stacked column header (1st Quarter 2017 / Year-to-Date / Inception-to-Date); B put the period end date there, which is a date and not a period. period_end is the printed March 31, 2017 that closes every column; A left it blank.",RESOLVED,A+B+ADJUDICATOR,781662bf1c5ba4799d5da223c17c18d29a6a475934548a84c926ba38be788feb
c1074af170d5e85e365f,SRC462,1,PAIR_925E97E4C72574A00C4BA639,CLASSIFICATION_CONFLICT,54,39,record_family|source_section|subject_type|subject_name|period_end|as_of_date|horizon,MERGE,"subject is the limited partner: the page is headed 'Limited Partner: Northumberland County Council' and every figure is that partner's capital account, so naming the fund as subject would state the partner's balance as the fund's. currency_scale '$': the page prints the symbol on the capital and commitment lines and it governs every figure in the column. Both lanes left it blank on every row. source_section blanked on page 1: Contributions, Income (loss) analysis and Distributions are group headings inside the table, which the placement rule keeps out of source_section, and the only heading above the table is the statement's own title, already carried by source_table. horizon is the printed period qualifier from the stacked column header (1st Quarter 2017 / Year-to-Date / Inception-to-Date); B put the period end date there, which is a date and not a period. period_end is the printed March 31, 2017 that closes every column; A left it blank.",RESOLVED,A+B+ADJUDICATOR,781662bf1c5ba4799d5da223c17c18d29a6a475934548a84c926ba38be788feb
3cc48fa4961c08481dca,SRC462,1,PAIR_04169D22BA1398DB096EA57F,CLASSIFICATION_CONFLICT,55,41,record_family|source_section|subject_type|subject_name|period_end|as_of_date|horizon,MERGE,"subject is the limited partner: the page is headed 'Limited Partner: Northumberland County Council' and every figure is that partner's capital account, so naming the fund as subject would state the partner's balance as the fund's. currency_scale '$': the page prints the symbol on the capital and commitment lines and it governs every figure in the column. Both lanes left it blank on every row. source_section blanked on page 1: Contributions, Income (loss) analysis and Distributions are group headings inside the table, which the placement rule keeps out of source_section, and the only heading above the table is the statement's own title, already carried by source_table. horizon is the printed period qualifier from the stacked column header (1st Quarter 2017 / Year-to-Date / Inception-to-Date); B put the period end date there, which is a date and not a period. period_end is the printed March 31, 2017 that closes every column; A left it blank.",RESOLVED,A+B+ADJUDICATOR,781662bf1c5ba4799d5da223c17c18d29a6a475934548a84c926ba38be788feb
526b21ba356b42cffacb,SRC462,1,PAIR_1286EAB3A88DD38F33BAC044,CLASSIFICATION_CONFLICT,56,69,source_section|source_column_label|subject_type|subject_name|period_end|as_of_date,MERGE,"subject is the limited partner: the page is headed 'Limited Partner: Northumberland County Council' and every figure is that partner's capital account, so naming the fund as subject would state the partner's balance as the fund's. currency_scale '$': the page prints the symbol on the capital and commitment lines and it governs every figure in the column. Both lanes left it blank on every row. source_section blanked on page 1: Contributions, Income (loss) analysis and Distributions are group headings inside the table, which the placement rule keeps out of source_section, and the only heading above the table is the statement's own title, already carried by source_table. horizon is the printed period qualifier from the stacked column header (1st Quarter 2017 / Year-to-Date / Inception-to-Date); B put the period end date there, which is a date and not a period. period_end is the printed March 31, 2017 that closes every column; A left it blank.",RESOLVED,A+B+ADJUDICATOR,781662bf1c5ba4799d5da223c17c18d29a6a475934548a84c926ba38be788feb
900c1fb2b23c35f010b3,SRC462,1,PAIR_380B9A403472A562E5F7A653,CLASSIFICATION_CONFLICT,57,68,source_section|subject_type|subject_name|period_end|as_of_date|horizon,MERGE,"subject is the limited partner: the page is headed 'Limited Partner: Northumberland County Council' and every figure is that partner's capital account, so naming the fund as subject would state the partner's balance as the fund's. currency_scale '$': the page prints the symbol on the capital and commitment lines and it governs every figure in the column. Both lanes left it blank on every row. source_section blanked on page 1: Contributions, Income (loss) analysis and Distributions are group headings inside the table, which the placement rule keeps out of source_section, and the only heading above the table is the statement's own title, already carried by source_table. horizon is the printed period qualifier from the stacked column header (1st Quarter 2017 / Year-to-Date / Inception-to-Date); B put the period end date there, which is a date and not a period. period_end is the printed March 31, 2017 that closes every column; A left it blank.",RESOLVED,A+B+ADJUDICATOR,781662bf1c5ba4799d5da223c17c18d29a6a475934548a84c926ba38be788feb
199ac670093f1ee31155,SRC462,1,PAIR_3BD32403810F26EFBC563D5C,CLASSIFICATION_CONFLICT,58,70,source_section|subject_type|subject_name|period_end|as_of_date|horizon,MERGE,"subject is the limited partner: the page is headed 'Limited Partner: Northumberland County Council' and every figure is that partner's capital account, so naming the fund as subject would state the partner's balance as the fund's. currency_scale '$': the page prints the symbol on the capital and commitment lines and it governs every figure in the column. Both lanes left it blank on every row. source_section blanked on page 1: Contributions, Income (loss) analysis and Distributions are group headings inside the table, which the placement rule keeps out of source_section, and the only heading above the table is the statement's own title, already carried by source_table. horizon is the printed period qualifier from the stacked column header (1st Quarter 2017 / Year-to-Date / Inception-to-Date); B put the period end date there, which is a date and not a period. period_end is the printed March 31, 2017 that closes every column; A left it blank.",RESOLVED,A+B+ADJUDICATOR,781662bf1c5ba4799d5da223c17c18d29a6a475934548a84c926ba38be788feb
fdcfdeb2505ea6bd9e37,SRC462,1,PAIR_742136C81C66E3875ED09F83,CLASSIFICATION_CONFLICT,59,72,source_section|source_column_label|subject_type|subject_name|period_end|as_of_date,MERGE,"subject is the limited partner: the page is headed 'Limited Partner: Northumberland County Council' and every figure is that partner's capital account, so naming the fund as subject would state the partner's balance as the fund's. currency_scale '$': the page prints the symbol on the capital and commitment lines and it governs every figure in the column. Both lanes left it blank on every row. source_section blanked on page 1: Contributions, Income (loss) analysis and Distributions are group headings inside the table, which the placement rule keeps out of source_section, and the only heading above the table is the statement's own title, already carried by source_table. horizon is the printed period qualifier from the stacked column header (1st Quarter 2017 / Year-to-Date / Inception-to-Date); B put the period end date there, which is a date and not a period. period_end is the printed March 31, 2017 that closes every column; A left it blank.",RESOLVED,A+B+ADJUDICATOR,781662bf1c5ba4799d5da223c17c18d29a6a475934548a84c926ba38be788feb
958a0590cbd8029e4703,SRC462,1,PAIR_101DC6B03A4E55DA499496A3,CLASSIFICATION_CONFLICT,60,71,source_section|subject_type|subject_name|period_end|as_of_date|horizon,MERGE,"subject is the limited partner: the page is headed 'Limited Partner: Northumberland County Council' and every figure is that partner's capital account, so naming the fund as subject would state the partner's balance as the fund's. currency_scale '$': the page prints the symbol on the capital and commitment lines and it governs every figure in the column. Both lanes left it blank on every row. source_section blanked on page 1: Contributions, Income (loss) analysis and Distributions are group headings inside the table, which the placement rule keeps out of source_section, and the only heading above the table is the statement's own title, already carried by source_table. horizon is the printed period qualifier from the stacked column header (1st Quarter 2017 / Year-to-Date / Inception-to-Date); B put the period end date there, which is a date and not a period. period_end is the printed March 31, 2017 that closes every column; A left it blank.",RESOLVED,A+B+ADJUDICATOR,781662bf1c5ba4799d5da223c17c18d29a6a475934548a84c926ba38be788feb
b085a52c90f6f791f585,SRC462,1,PAIR_47042DB72341D5D37D09955F,CLASSIFICATION_CONFLICT,61,73,source_section|subject_type|subject_name|period_end|as_of_date|horizon,MERGE,"subject is the limited partner: the page is headed 'Limited Partner: Northumberland County Council' and every figure is that partner's capital account, so naming the fund as subject would state the partner's balance as the fund's. currency_scale '$': the page prints the symbol on the capital and commitment lines and it governs every figure in the column. Both lanes left it blank on every row. source_section blanked on page 1: Contributions, Income (loss) analysis and Distributions are group headings inside the table, which the placement rule keeps out of source_section, and the only heading above the table is the statement's own title, already carried by source_table. horizon is the printed period qualifier from the stacked column header (1st Quarter 2017 / Year-to-Date / Inception-to-Date); B put the period end date there, which is a date and not a period. period_end is the printed March 31, 2017 that closes every column; A left it blank.",RESOLVED,A+B+ADJUDICATOR,781662bf1c5ba4799d5da223c17c18d29a6a475934548a84c926ba38be788feb
9f62df82c0bf4ce336b5,SRC462,2,PAIR_45D05EDD694D7748F7D9E662,A_ONLY,62,,,MERGE,"subject is the limited partner: the page is headed 'Limited Partner: Northumberland County Council' and every figure is that partner's capital account, so naming the fund as subject would state the partner's balance as the fund's. currency_scale '$': the page prints the symbol on the capital and commitment lines and it governs every figure in the column. Both lanes left it blank on every row. source_section is 'Supplemental Information', the page heading above both boxes; each box's own title is the source_table. as_of_date blank: page 2 prints no date of its own, and a value the page attaches to no date carries none. A_ONLY confirmed against page-002.png: the cell is printed.",RESOLVED,A+ADJUDICATOR,781662bf1c5ba4799d5da223c17c18d29a6a475934548a84c926ba38be788feb
7e8ec16caa0141451ab3,SRC462,2,PAIR_3AABDDB61F2FA7D86DB743E9,A_ONLY,63,,,MERGE,"subject is the limited partner: the page is headed 'Limited Partner: Northumberland County Council' and every figure is that partner's capital account, so naming the fund as subject would state the partner's balance as the fund's. currency_scale '$': the page prints the symbol on the capital and commitment lines and it governs every figure in the column. Both lanes left it blank on every row. source_section is 'Supplemental Information', the page heading above both boxes; each box's own title is the source_table. as_of_date blank: page 2 prints no date of its own, and a value the page attaches to no date carries none. A_ONLY confirmed against page-002.png: the cell is printed.",RESOLVED,A+ADJUDICATOR,781662bf1c5ba4799d5da223c17c18d29a6a475934548a84c926ba38be788feb
319a1459ea06f4990542,SRC462,2,PAIR_56055E41B08C7F3CBE302CA1,VALUE_CONFLICT,64,77,source_section|subject_type|subject_name|as_of_date|metric_category|metric_value_raw,MERGE,"subject is the limited partner: the page is headed 'Limited Partner: Northumberland County Council' and every figure is that partner's capital account, so naming the fund as subject would state the partner's balance as the fund's. currency_scale '$': the page prints the symbol on the capital and commitment lines and it governs every figure in the column. Both lanes left it blank on every row. source_section is 'Supplemental Information', the page heading above both boxes; each box's own title is the source_table. as_of_date blank: page 2 prints no date of its own, and a value the page attaches to no date carries none. Family follows the category the line needs. fund_economics_observation carries no expense category, so an expense or interest charge can only sit in cash_flow_observation; every other line stays in the capital-account family. metric_value_raw closes the space the TXT layer inserts after the opening parenthesis; page-002.png prints (39,441,622) with no gap.",RESOLVED,A+B+ADJUDICATOR,781662bf1c5ba4799d5da223c17c18d29a6a475934548a84c926ba38be788feb
df147a56a023f03327b2,SRC462,2,PAIR_C77C34F65D52394A806D15BB,VALUE_CONFLICT,65,78,source_section|subject_type|subject_name|as_of_date|metric_category|metric_value_raw,MERGE,"subject is the limited partner: the page is headed 'Limited Partner: Northumberland County Council' and every figure is that partner's capital account, so naming the fund as subject would state the partner's balance as the fund's. currency_scale '$': the page prints the symbol on the capital and commitment lines and it governs every figure in the column. Both lanes left it blank on every row. source_section is 'Supplemental Information', the page heading above both boxes; each box's own title is the source_table. as_of_date blank: page 2 prints no date of its own, and a value the page attaches to no date carries none. Family follows the category the line needs. fund_economics_observation carries no expense category, so an expense or interest charge can only sit in cash_flow_observation; every other line stays in the capital-account family. metric_value_raw closes the space the TXT layer inserts after the opening parenthesis; page-002.png prints (39,441,622) with no gap.",RESOLVED,A+B+ADJUDICATOR,781662bf1c5ba4799d5da223c17c18d29a6a475934548a84c926ba38be788feb
c46814c360c9bdfa3463,SRC462,2,PAIR_AD4211AC263F11023DF8D2F6,VALUE_CONFLICT,66,79,source_section|subject_type|subject_name|as_of_date|metric_category|metric_value_raw,MERGE,"subject is the limited partner: the page is headed 'Limited Partner: Northumberland County Council' and every figure is that partner's capital account, so naming the fund as subject would state the partner's balance as the fund's. currency_scale '$': the page prints the symbol on the capital and commitment lines and it governs every figure in the column. Both lanes left it blank on every row. source_section is 'Supplemental Information', the page heading above both boxes; each box's own title is the source_table. as_of_date blank: page 2 prints no date of its own, and a value the page attaches to no date carries none. Family follows the category the line needs. fund_economics_observation carries no expense category, so an expense or interest charge can only sit in cash_flow_observation; every other line stays in the capital-account family. metric_value_raw closes the space the TXT layer inserts after the opening parenthesis; page-002.png prints (39,441,622) with no gap.",RESOLVED,A+B+ADJUDICATOR,781662bf1c5ba4799d5da223c17c18d29a6a475934548a84c926ba38be788feb
58fe6ff19757104361e1,SRC462,2,PAIR_D1921242A7771A8E9341E151,CLASSIFICATION_CONFLICT,67,80,source_section|subject_type|subject_name|as_of_date,MERGE,"subject is the limited partner: the page is headed 'Limited Partner: Northumberland County Council' and every figure is that partner's capital account, so naming the fund as subject would state the partner's balance as the fund's. currency_scale '$': the page prints the symbol on the capital and commitment lines and it governs every figure in the column. Both lanes left it blank on every row. source_section is 'Supplemental Information', the page heading above both boxes; each box's own title is the source_table. as_of_date blank: page 2 prints no date of its own, and a value the page attaches to no date carries none.",RESOLVED,A+B+ADJUDICATOR,781662bf1c5ba4799d5da223c17c18d29a6a475934548a84c926ba38be788feb
e7cd702856d752bde38d,SRC462,2,PAIR_440E17B2B423B8A61432AA2D,CLASSIFICATION_CONFLICT,68,81,source_section|subject_type|subject_name|as_of_date|metric_category,MERGE,"subject is the limited partner: the page is headed 'Limited Partner: Northumberland County Council' and every figure is that partner's capital account, so naming the fund as subject would state the partner's balance as the fund's. currency_scale '$': the page prints the symbol on the capital and commitment lines and it governs every figure in the column. Both lanes left it blank on every row. source_section is 'Supplemental Information', the page heading above both boxes; each box's own title is the source_table. as_of_date blank: page 2 prints no date of its own, and a value the page attaches to no date carries none.",RESOLVED,A+B+ADJUDICATOR,781662bf1c5ba4799d5da223c17c18d29a6a475934548a84c926ba38be788feb
4c6accb715eea6c7c759,SRC462,2,PAIR_EB5C609786DD89876CFA8C9A,CLASSIFICATION_CONFLICT,69,74,record_family|source_section|subject_type|subject_name|as_of_date|metric_category,MERGE,"subject is the limited partner: the page is headed 'Limited Partner: Northumberland County Council' and every figure is that partner's capital account, so naming the fund as subject would state the partner's balance as the fund's. currency_scale '$': the page prints the symbol on the capital and commitment lines and it governs every figure in the column. Both lanes left it blank on every row. source_section is 'Supplemental Information', the page heading above both boxes; each box's own title is the source_table. as_of_date blank: page 2 prints no date of its own, and a value the page attaches to no date carries none.",RESOLVED,A+B+ADJUDICATOR,781662bf1c5ba4799d5da223c17c18d29a6a475934548a84c926ba38be788feb
020c74d82f64e4edc65d,SRC462,2,PAIR_A387E7038C6B8D77E45F33B8,CLASSIFICATION_CONFLICT,70,82,source_section|subject_type|subject_name|as_of_date,MERGE,"subject is the limited partner: the page is headed 'Limited Partner: Northumberland County Council' and every figure is that partner's capital account, so naming the fund as subject would state the partner's balance as the fund's. currency_scale '$': the page prints the symbol on the capital and commitment lines and it governs every figure in the column. Both lanes left it blank on every row. source_section is 'Supplemental Information', the page heading above both boxes; each box's own title is the source_table. as_of_date blank: page 2 prints no date of its own, and a value the page attaches to no date carries none.",RESOLVED,A+B+ADJUDICATOR,781662bf1c5ba4799d5da223c17c18d29a6a475934548a84c926ba38be788feb
529ac383606019dc8c8f,SRC463,1,PAIR_7A069BB208AEFA8168318D1C,VALUE_CONFLICT,1,1,source_section|investor_name|text_raw|evidence_quote,MERGE,"Neither lane cites page 1 correctly. A took the investor name from page 2, which prints Northumberland County Council Pension Fund; this row cites page 1, whose banner over the tables prints Northumberland County Council acting in its capacity as the administering authority for the Northumberland County Council, and that is the name used here (the page image shows it as one two-line banner; the linearised text interleaves the words All amounts in euros between its two lines). B truncated it to Northumberland County Council. Subject name takes the printed capitalised form in the box, ANTIN INFRASTRUCTURE PARTNERS II LP, over B lower-case form. Evidence quote takes B full printed line INVESTEE FUND ANTIN INFRASTRUCTURE PARTNERS II LP, which proves the subject, over A bare heading CAPITAL ACCOUNT. Section CAPITAL ACCOUNT is printed at the top left of the page, so A populated value stands against B blank.; Source review: p2: Northumberland County Council Pension Fund (The second page prints the complete investor name.)",RESOLVED,A+B+ADJUDICATOR,ac5d733acff368c8d0df821d1311f97f2474a707afdae5eeeb7b23ab817372f3
133e13fb295f1316d24a,SRC463,1,PAIR_C58A7A8A508A2BD9C99EE3DB,A_ONLY,2,,,MERGE,"A filed this cell as ownership_percentage, which names a stake in a vehicle or a firm. The page prints % of Total Commitment D=B/A 100% 83.4745% 83.4747%, and its own printed formula makes it paid-in capital B over initial commitment A, so the category is paid_in_capital_multiple with the printed unit %. B did not extract the row. Metric name is the printed label without the formula key, and section, subject and date follow the document rules.; Source review: p1: INVESTOR (The capital account belongs to the investor, not the investee fund.) | p1: Northumberland County Council (The source prints this investor name on both pages.)",RESOLVED,A+ADJUDICATOR,ac5d733acff368c8d0df821d1311f97f2474a707afdae5eeeb7b23ab817372f3
008f482a8f0d55bf8855,SRC463,1,PAIR_6935C63010A427D81CCA9261,A_ONLY,3,,,MERGE,"Same printed line as the Capital Contribution series cell: % of Total Commitment D=B/A 100% 83.4745% 83.4747%. Category corrected from ownership_percentage to paid_in_capital_multiple, unit %.; Source review: p1: INVESTOR (The capital account belongs to the investor, not the investee fund.) | p1: Northumberland County Council (The source prints this investor name on both pages.)",RESOLVED,A+ADJUDICATOR,ac5d733acff368c8d0df821d1311f97f2474a707afdae5eeeb7b23ab817372f3
82714cb072895e181cf7,SRC463,1,PAIR_5A1736238826A9D60BE372E2,A_ONLY,4,,,MERGE,"Same printed line as the Capital Contribution series cell: % of Total Commitment D=B/A 100% 83.4745% 83.4747%. Category corrected from ownership_percentage to paid_in_capital_multiple, unit %.; Source review: p1: INVESTOR (The capital account belongs to the investor, not the investee fund.) | p1: Northumberland County Council (The source prints this investor name on both pages.)",RESOLVED,A+ADJUDICATOR,ac5d733acff368c8d0df821d1311f97f2474a707afdae5eeeb7b23ab817372f3
bea581b43d2b2056daa3,SRC463,1,PAIR_E29054D3D5D014D69B181B70,CLASSIFICATION_CONFLICT,5,2,source_section|subject_type|subject_name|metric_name,MERGE,"Document rules 1, 2 and 3. Printed line: Paid-in capital B 240 20,033,688 20,033,928; the printed metric name is Paid-in capital and B is the formula key.; Source review: p1: INVESTOR (The capital account belongs to the investor, not the investee fund.) | p1: Northumberland County Council (The source prints this investor name on both pages.)",RESOLVED,A+B+ADJUDICATOR,ac5d733acff368c8d0df821d1311f97f2474a707afdae5eeeb7b23ab817372f3
bd789914b28672d7b277,SRC463,1,PAIR_04A4BB5718B267B96CEB2AFC,CLASSIFICATION_CONFLICT,6,3,source_section|subject_type|subject_name|metric_name,MERGE,"Document rules 1, 2 and 3 as on the Capital Contribution series cell of this row.; Source review: p1: INVESTOR (The capital account belongs to the investor, not the investee fund.) | p1: Northumberland County Council (The source prints this investor name on both pages.)",RESOLVED,A+B+ADJUDICATOR,ac5d733acff368c8d0df821d1311f97f2474a707afdae5eeeb7b23ab817372f3
a609370594a75d4a93b8,SRC463,1,PAIR_1F2C84847A6BBF156FF680AD,CLASSIFICATION_CONFLICT,7,4,source_section|subject_type|subject_name|metric_name,MERGE,"Document rules 1, 2 and 3 as on the Capital Contribution series cell of this row.; Source review: p1: INVESTOR (The capital account belongs to the investor, not the investee fund.) | p1: Northumberland County Council (The source prints this investor name on both pages.)",RESOLVED,A+B+ADJUDICATOR,ac5d733acff368c8d0df821d1311f97f2474a707afdae5eeeb7b23ab817372f3
d55fe14efa7a11b27c13,SRC463,1,PAIR_4A0B8ABD270AFB8DB9492E84,CLASSIFICATION_CONFLICT,8,5,source_section|subject_type|subject_name|metric_name,MERGE,"Document rule 1 (subject): the boxed heading prints INVESTEE FUND ANTIN INFRASTRUCTURE PARTNERS II LP, so the subject is the named vehicle (subject_type fund), and the investor belongs in investor_name; B filed subject_type investor. Document rule 2 (section): page 1 prints CAPITAL ACCOUNT above the tables, so the populated source_section is right and B blank is wrong. Document rule 3 (metric_name): the printed row label is Initial Commitment and the A in the next narrow cell is the formula key, so B metric_name Initial Commitment A stores the key as part of the name.; Source review: p1: INVESTOR (The capital account belongs to the investor, not the investee fund.) | p1: Northumberland County Council (The source prints this investor name on both pages.)",RESOLVED,A+B+ADJUDICATOR,ac5d733acff368c8d0df821d1311f97f2474a707afdae5eeeb7b23ab817372f3
e9acdbcb96433bd0275f,SRC463,1,PAIR_8C9252BBAB9521C3DE4233C0,CLASSIFICATION_CONFLICT,9,6,source_section|subject_type|subject_name|metric_name,MERGE,"Document rules 1, 2 and 3 as on the Capital Contribution series cell of this row.; Source review: p1: INVESTOR (The capital account belongs to the investor, not the investee fund.) | p1: Northumberland County Council (The source prints this investor name on both pages.)",RESOLVED,A+B+ADJUDICATOR,ac5d733acff368c8d0df821d1311f97f2474a707afdae5eeeb7b23ab817372f3
50f1e2bd65d4bfb31f41,SRC463,1,PAIR_DEA02478E915650BDE833C5A,CLASSIFICATION_CONFLICT,10,7,source_section|subject_type|subject_name|metric_name,MERGE,"Document rules 1, 2 and 3 as on the Capital Contribution series cell of this row.; Source review: p1: INVESTOR (The capital account belongs to the investor, not the investee fund.) | p1: Northumberland County Council (The source prints this investor name on both pages.)",RESOLVED,A+B+ADJUDICATOR,ac5d733acff368c8d0df821d1311f97f2474a707afdae5eeeb7b23ab817372f3
c1c25fdf717a526995e5,SRC463,1,PAIR_246206FC55CC0963EAAE0835,CLASSIFICATION_CONFLICT,11,8,source_section|subject_type|subject_name|metric_name,MERGE,"Document rules 1, 2 and 3. Printed line: Residual Commitment C=A-B - 3,966,072 3,966,072; C=A-B is the formula key, not part of the metric name.; Source review: p1: INVESTOR (The capital account belongs to the investor, not the investee fund.) | p1: Northumberland County Council (The source prints this investor name on both pages.)",RESOLVED,A+B+ADJUDICATOR,ac5d733acff368c8d0df821d1311f97f2474a707afdae5eeeb7b23ab817372f3
90d417f629d9fdb3070f,SRC463,1,PAIR_F50111D95226215A21D5FD98,CLASSIFICATION_CONFLICT,12,9,source_section|subject_type|subject_name|metric_name,MERGE,"Document rules 1, 2 and 3 as on the Loan Commitment series cell of this row.; Source review: p1: INVESTOR (The capital account belongs to the investor, not the investee fund.) | p1: Northumberland County Council (The source prints this investor name on both pages.)",RESOLVED,A+B+ADJUDICATOR,ac5d733acff368c8d0df821d1311f97f2474a707afdae5eeeb7b23ab817372f3
e39f98c2373e9356eae8,SRC463,1,PAIR_9F447967D7D4BC07DDBC2880,CLASSIFICATION_CONFLICT,13,10,source_section|subject_type|subject_name|metric_name|basis_raw,MERGE,"Document rules 1, 2 and 3. Printed line: Income E - 273,234 273,234. Both lanes agree the category is income, which is the word the page prints.; Source review: p1: INVESTOR (The capital account belongs to the investor, not the investee fund.) | p1: Northumberland County Council (The source prints this investor name on both pages.)",RESOLVED,A+B+ADJUDICATOR,ac5d733acff368c8d0df821d1311f97f2474a707afdae5eeeb7b23ab817372f3
bf01f3120603b267cd92,SRC463,1,PAIR_501089EC75121DF938363FE2,CLASSIFICATION_CONFLICT,14,11,source_section|subject_type|subject_name|metric_name|basis_raw,MERGE,"Document rules 1, 2 and 3 as on the Loan Commitment series cell of this row.; Source review: p1: INVESTOR (The capital account belongs to the investor, not the investee fund.) | p1: Northumberland County Council (The source prints this investor name on both pages.)",RESOLVED,A+B+ADJUDICATOR,ac5d733acff368c8d0df821d1311f97f2474a707afdae5eeeb7b23ab817372f3
63a61332d1ccbc018497,SRC463,1,PAIR_B060FE9D2BB5571E203DD774,CLASSIFICATION_CONFLICT,18,12,source_section|subject_type|subject_name|metric_name|basis_raw,MERGE,"Document rules 1, 2 and 3. Printed line: Reimbursement of Capital F - 180,696 180,696. Category stays distribution: this is the capital-account summary table, whose family fund_economics_observation has no return_of_capital in its vocabulary; the dated schedule on page 2 carries that narrower name.; Source review: p1: INVESTOR (The capital account belongs to the investor, not the investee fund.) | p1: Northumberland County Council (The source prints this investor name on both pages.)",RESOLVED,A+B+ADJUDICATOR,ac5d733acff368c8d0df821d1311f97f2474a707afdae5eeeb7b23ab817372f3
179aa3ec2407b7be0fe1,SRC463,1,PAIR_8335FFED29A89271D72B489B,CLASSIFICATION_CONFLICT,19,13,source_section|subject_type|subject_name|metric_name|basis_raw,MERGE,"Document rules 1, 2 and 3 as on the Loan Commitment series cell of this row.; Source review: p1: INVESTOR (The capital account belongs to the investor, not the investee fund.) | p1: Northumberland County Council (The source prints this investor name on both pages.)",RESOLVED,A+B+ADJUDICATOR,ac5d733acff368c8d0df821d1311f97f2474a707afdae5eeeb7b23ab817372f3
bfc78368ad874f69018d,SRC463,1,PAIR_F0CC2A23F8A362FE06EF79D5,CLASSIFICATION_CONFLICT,20,14,source_section|subject_type|subject_name|metric_name|basis_raw,MERGE,"Document rules 1, 2 and 3. Printed line: Total Distribution H=E+F+G - 453,930 453,930; the total distribution line keeps the category distribution.; Source review: p1: INVESTOR (The capital account belongs to the investor, not the investee fund.) | p1: Northumberland County Council (The source prints this investor name on both pages.)",RESOLVED,A+B+ADJUDICATOR,ac5d733acff368c8d0df821d1311f97f2474a707afdae5eeeb7b23ab817372f3
48198f84b364c6bdad1e,SRC463,1,PAIR_28694E39D6A4E99A4522661B,CLASSIFICATION_CONFLICT,21,15,source_section|subject_type|subject_name|metric_name|basis_raw,MERGE,"Document rules 1, 2 and 3 as on the Loan Commitment series cell of this row.; Source review: p1: INVESTOR (The capital account belongs to the investor, not the investee fund.) | p1: Northumberland County Council (The source prints this investor name on both pages.)",RESOLVED,A+B+ADJUDICATOR,ac5d733acff368c8d0df821d1311f97f2474a707afdae5eeeb7b23ab817372f3
bb6b32b5c34d441d23d0,SRC463,1,PAIR_298860BBB2B350AE64222FA3,CLASSIFICATION_CONFLICT,22,16,source_section|subject_type|subject_name|metric_name|basis_raw|value_scope,MERGE,"Neither lane is complete. A is right on section, subject and date but set value_scope statement_line; B is right on value_scope but filed subject_type investor and put the formula key J in the metric name. The document is one investor capital account in one named vehicle, so the printed scope is fund_position, backed by the printed line INVESTEE FUND ANTIN INFRASTRUCTURE PARTNERS II LP; portfolio_total and statement_line would claim a plan aggregate or a balance-sheet line, neither of which this page prints. Metric name is the printed label Net Asset Value (NAV) with the key J excluded.; Source review: p1: INVESTOR (The capital account belongs to the investor, not the investee fund.) | p1: Northumberland County Council (The source prints this investor name on both pages.)",RESOLVED,A+B+ADJUDICATOR,ac5d733acff368c8d0df821d1311f97f2474a707afdae5eeeb7b23ab817372f3
8b8c377e5cbad8544817,SRC463,1,PAIR_F458856DA80D6F3542185805,CLASSIFICATION_CONFLICT,23,17,source_section|subject_type|subject_name|metric_name|basis_raw|value_scope,MERGE,"Same printed line as the Capital Contribution series cell: Net Asset Value (NAV) J 1,974,652 19,579,758 21,554,410. value_scope fund_position, backed by INVESTEE FUND ANTIN INFRASTRUCTURE PARTNERS II LP.; Source review: p1: INVESTOR (The capital account belongs to the investor, not the investee fund.) | p1: Northumberland County Council (The source prints this investor name on both pages.)",RESOLVED,A+B+ADJUDICATOR,ac5d733acff368c8d0df821d1311f97f2474a707afdae5eeeb7b23ab817372f3
59a145e8cacfc55b5bcf,SRC463,1,PAIR_128BD86B651D795E347E7C45,CLASSIFICATION_CONFLICT,24,18,source_section|subject_type|subject_name|metric_name|basis_raw|value_scope,MERGE,"Same printed line as the Capital Contribution series cell: Net Asset Value (NAV) J 1,974,652 19,579,758 21,554,410. A set value_scope portfolio_total on this TOTAL column; the column totals the two series of one investor position in one fund, not a portfolio, so the scope is fund_position.; Source review: p1: INVESTOR (The capital account belongs to the investor, not the investee fund.) | p1: Northumberland County Council (The source prints this investor name on both pages.)",RESOLVED,A+B+ADJUDICATOR,ac5d733acff368c8d0df821d1311f97f2474a707afdae5eeeb7b23ab817372f3
ac8f728ac73c14e7fcd6,SRC463,1,PAIR_CE8E1AA9A3B5A2DB64F4F812,CLASSIFICATION_CONFLICT,28,19,source_section|subject_type|subject_name|basis_raw|value_scope,MERGE,"Printed line: Net Asset Value 1,974,651.71 19,579,758.45 21,554,410.15, under the printed table header SHARE IN LP. Section, subject and date from A; value_scope fund_position from B, backed by INVESTEE FUND ANTIN INFRASTRUCTURE PARTNERS II LP.; Source review: p1: INVESTOR (The capital account belongs to the investor, not the investee fund.) | p1: Northumberland County Council (The source prints this investor name on both pages.)",RESOLVED,A+B+ADJUDICATOR,ac5d733acff368c8d0df821d1311f97f2474a707afdae5eeeb7b23ab817372f3
c63f9af133368394eb55,SRC463,1,PAIR_7D6A9BA7D4C3636EF5E10190,CLASSIFICATION_CONFLICT,29,20,source_section|subject_type|subject_name|basis_raw|value_scope,MERGE,"Same printed line as the Capital Contribution series cell: Net Asset Value 1,974,651.71 19,579,758.45 21,554,410.15. value_scope fund_position.; Source review: p1: INVESTOR (The capital account belongs to the investor, not the investee fund.) | p1: Northumberland County Council (The source prints this investor name on both pages.)",RESOLVED,A+B+ADJUDICATOR,ac5d733acff368c8d0df821d1311f97f2474a707afdae5eeeb7b23ab817372f3
46aaf8e5a700501aaf16,SRC463,1,PAIR_024D8E69F581D8E7698EDDCF,CLASSIFICATION_CONFLICT,30,21,source_section|subject_type|subject_name|basis_raw|value_scope,MERGE,"Same printed line as the Capital Contribution series cell: Net Asset Value 1,974,651.71 19,579,758.45 21,554,410.15. A set portfolio_total on this TOTAL column; it totals one investor two series in one fund, so fund_position.; Source review: p1: INVESTOR (The capital account belongs to the investor, not the investee fund.) | p1: Northumberland County Council (The source prints this investor name on both pages.)",RESOLVED,A+B+ADJUDICATOR,ac5d733acff368c8d0df821d1311f97f2474a707afdae5eeeb7b23ab817372f3
33c63f59ea70c287c621,SRC463,1,PAIR_4F5DBAF42469DE81FDB2239C,CLASSIFICATION_CONFLICT,31,22,source_section|subject_type|subject_name|as_of_date|horizon|metric_name|basis_raw|value_scope,MERGE,"Printed line: Net Asset Value - Last Quarter 1,380,645.73 19,579,758.45 20,960,404.18. Metric name is the printed label in full, including - Last Quarter, and the printed qualifier is also carried in horizon. The page states one date, Date of valuation 31/03/2017, so A populated as_of_date stands against B blank. value_scope fund_position from B.; Source review: p1: INVESTOR (The capital account belongs to the investor, not the investee fund.) | p1: Northumberland County Council (The source prints this investor name on both pages.) | p1: Net Asset Value - Last Quarter (The source gives a relative prior-quarter label, not a calendar date.)",RESOLVED,A+B+ADJUDICATOR,ac5d733acff368c8d0df821d1311f97f2474a707afdae5eeeb7b23ab817372f3
41b67b752dbfd802312a,SRC463,1,PAIR_07589EE5B33E40AFE7A419A5,CLASSIFICATION_CONFLICT,32,23,source_section|subject_type|subject_name|as_of_date|horizon|metric_name|basis_raw|value_scope,MERGE,"Same printed line as the Capital Contribution series cell: Net Asset Value - Last Quarter 1,380,645.73 19,579,758.45 20,960,404.18.; Source review: p1: INVESTOR (The capital account belongs to the investor, not the investee fund.) | p1: Northumberland County Council (The source prints this investor name on both pages.) | p1: Net Asset Value - Last Quarter (The source gives a relative prior-quarter label, not a calendar date.)",RESOLVED,A+B+ADJUDICATOR,ac5d733acff368c8d0df821d1311f97f2474a707afdae5eeeb7b23ab817372f3
9d8a57931ba2ab03c1a6,SRC463,1,PAIR_6DC8FC59C41BC54A8D195415,CLASSIFICATION_CONFLICT,33,24,source_section|subject_type|subject_name|as_of_date|horizon|metric_name|basis_raw|value_scope,MERGE,"Same printed line as the Capital Contribution series cell: Net Asset Value - Last Quarter 1,380,645.73 19,579,758.45 20,960,404.18. A set portfolio_total on this TOTAL column; corrected to fund_position.; Source review: p1: INVESTOR (The capital account belongs to the investor, not the investee fund.) | p1: Northumberland County Council (The source prints this investor name on both pages.) | p1: Net Asset Value - Last Quarter (The source gives a relative prior-quarter label, not a calendar date.)",RESOLVED,A+B+ADJUDICATOR,ac5d733acff368c8d0df821d1311f97f2474a707afdae5eeeb7b23ab817372f3
60f50dcf99f7755b1b94,SRC463,2,PAIR_3BA59E1197DE6D203FA52D49,CLASSIFICATION_CONFLICT,34,25,source_section|subject_type|subject_name|metric_name,MERGE,"Document rules 1, 2 and 4. Printed line: 01/06/2016 5.0541% 1,212,984.00 - 1,212,984.00.; Source review: p2: INVESTOR (The capital account belongs to the investor, not the investee fund.) | p2: Northumberland County Council (The source prints this investor name on both pages.)",RESOLVED,A+B+ADJUDICATOR,ac5d733acff368c8d0df821d1311f97f2474a707afdae5eeeb7b23ab817372f3
05c42ff9973dd5cb4d98,SRC463,2,PAIR_02943DF7B29316C311DF16EE,CLASSIFICATION_CONFLICT,35,26,source_section|subject_type|subject_name|metric_name,MERGE,"Document rules 1, 2 and 4. Printed line: 01/06/2016 5.0541% 1,212,984.00 - 1,212,984.00.; Source review: p2: INVESTOR (The capital account belongs to the investor, not the investee fund.) | p2: Northumberland County Council (The source prints this investor name on both pages.)",RESOLVED,A+B+ADJUDICATOR,ac5d733acff368c8d0df821d1311f97f2474a707afdae5eeeb7b23ab817372f3
e295e0df516bebcde5ae,SRC463,2,PAIR_B77EAC838F53642C67854B8A,CLASSIFICATION_CONFLICT,36,27,source_section|subject_type|subject_name|metric_name,MERGE,"Document rules 1, 2 and 4. Printed line: 03/07/2014 16.7000% 4,008,000.00 - 4,008,000.00.; Source review: p2: INVESTOR (The capital account belongs to the investor, not the investee fund.) | p2: Northumberland County Council (The source prints this investor name on both pages.)",RESOLVED,A+B+ADJUDICATOR,ac5d733acff368c8d0df821d1311f97f2474a707afdae5eeeb7b23ab817372f3
b995cfe37ac4258d1b35,SRC463,2,PAIR_F939CEFFDEEF29C7C255A1C3,CLASSIFICATION_CONFLICT,37,28,source_section|subject_type|subject_name|metric_name,MERGE,"Document rules 1, 2 and 4. Printed line: 03/07/2014 16.7000% 4,008,000.00 - 4,008,000.00.; Source review: p2: INVESTOR (The capital account belongs to the investor, not the investee fund.) | p2: Northumberland County Council (The source prints this investor name on both pages.)",RESOLVED,A+B+ADJUDICATOR,ac5d733acff368c8d0df821d1311f97f2474a707afdae5eeeb7b23ab817372f3
e7ca946e14511876c90d,SRC463,2,PAIR_438397B5A942DB2D20C58013,CLASSIFICATION_CONFLICT,38,29,source_section|subject_type|subject_name|metric_name,MERGE,"Document rules 1, 2 and 4. Printed line: 17/08/2015 12.8500% 3,084,000.00 - 3,084,000.00.; Source review: p2: INVESTOR (The capital account belongs to the investor, not the investee fund.) | p2: Northumberland County Council (The source prints this investor name on both pages.)",RESOLVED,A+B+ADJUDICATOR,ac5d733acff368c8d0df821d1311f97f2474a707afdae5eeeb7b23ab817372f3
5dc4cc3fbfad2cc24fa3,SRC463,2,PAIR_E21982C4CA57C03C594EA67F,CLASSIFICATION_CONFLICT,39,30,source_section|subject_type|subject_name|metric_name,MERGE,"Document rules 1, 2 and 4. Printed line: 17/08/2015 12.8500% 3,084,000.00 - 3,084,000.00.; Source review: p2: INVESTOR (The capital account belongs to the investor, not the investee fund.) | p2: Northumberland County Council (The source prints this investor name on both pages.)",RESOLVED,A+B+ADJUDICATOR,ac5d733acff368c8d0df821d1311f97f2474a707afdae5eeeb7b23ab817372f3
d35b88ea3f0ef5d936e5,SRC463,2,PAIR_1FF19788FF618F0054D21B99,CLASSIFICATION_CONFLICT,40,31,source_section|subject_type|subject_name|metric_name,MERGE,"Document rules 1, 2 and 4. Printed line: 22/12/2014 1.1500% 276,000.00 - 276,000.00.; Source review: p2: INVESTOR (The capital account belongs to the investor, not the investee fund.) | p2: Northumberland County Council (The source prints this investor name on both pages.)",RESOLVED,A+B+ADJUDICATOR,ac5d733acff368c8d0df821d1311f97f2474a707afdae5eeeb7b23ab817372f3
190768a18ccf0e030c26,SRC463,2,PAIR_A9317826957DD293C21E8FD1,CLASSIFICATION_CONFLICT,41,32,source_section|subject_type|subject_name|metric_name,MERGE,"Document rules 1, 2 and 4. Printed line: 22/12/2014 1.1500% 276,000.00 - 276,000.00.; Source review: p2: INVESTOR (The capital account belongs to the investor, not the investee fund.) | p2: Northumberland County Council (The source prints this investor name on both pages.)",RESOLVED,A+B+ADJUDICATOR,ac5d733acff368c8d0df821d1311f97f2474a707afdae5eeeb7b23ab817372f3
ee58dec177aa17356dd6,SRC463,2,PAIR_D07C571A583BE10211E31952,CLASSIFICATION_CONFLICT,42,33,source_section|subject_type|subject_name|metric_name,MERGE,"Document rules 1, 2 and 4. Printed line: 25/09/2014 13.2725% 3,185,400.00 - 3,185,400.00.; Source review: p2: INVESTOR (The capital account belongs to the investor, not the investee fund.) | p2: Northumberland County Council (The source prints this investor name on both pages.)",RESOLVED,A+B+ADJUDICATOR,ac5d733acff368c8d0df821d1311f97f2474a707afdae5eeeb7b23ab817372f3
8be18c973bc4a3d4f11f,SRC463,2,PAIR_3D90B182B44976F06DAA55C5,CLASSIFICATION_CONFLICT,43,34,source_section|subject_type|subject_name|metric_name,MERGE,"Document rules 1, 2 and 4. Printed line: 25/09/2014 13.2725% 3,185,400.00 - 3,185,400.00.; Source review: p2: INVESTOR (The capital account belongs to the investor, not the investee fund.) | p2: Northumberland County Council (The source prints this investor name on both pages.)",RESOLVED,A+B+ADJUDICATOR,ac5d733acff368c8d0df821d1311f97f2474a707afdae5eeeb7b23ab817372f3
40eb748cdf8634d79eb5,SRC463,2,PAIR_80E7FE44B1F2ED20484699A0,CLASSIFICATION_CONFLICT,44,35,source_section|subject_type|subject_name|metric_name,MERGE,"Document rules 1, 2 and 4. Printed line: 26/05/2015 15.7500% 3,780,000.00 - 3,780,000.00.; Source review: p2: INVESTOR (The capital account belongs to the investor, not the investee fund.) | p2: Northumberland County Council (The source prints this investor name on both pages.)",RESOLVED,A+B+ADJUDICATOR,ac5d733acff368c8d0df821d1311f97f2474a707afdae5eeeb7b23ab817372f3
cd24ef0c635a0bd07a43,SRC463,2,PAIR_B335312F8E1A124C5A6D7328,CLASSIFICATION_CONFLICT,45,36,source_section|subject_type|subject_name|metric_name,MERGE,"Document rules 1, 2 and 4. Printed line: 26/05/2015 15.7500% 3,780,000.00 - 3,780,000.00.; Source review: p2: INVESTOR (The capital account belongs to the investor, not the investee fund.) | p2: Northumberland County Council (The source prints this investor name on both pages.)",RESOLVED,A+B+ADJUDICATOR,ac5d733acff368c8d0df821d1311f97f2474a707afdae5eeeb7b23ab817372f3
dcc12d2bda69bdee5364,SRC463,2,PAIR_3A592A7F5C0BD0D49F511F9D,CLASSIFICATION_CONFLICT,46,37,source_section|subject_type|subject_name|metric_name,MERGE,"Document rules 1 and 2 (subject fund and the printed page heading CASH CALLS & DISTRIBUTIONS). Document rule 4 (metric_name): the rows of this schedule are dates and the columns are the measures, so the metric name is the leaf column header Capital Contribution; B put the date 28/04/2014 in metric_name, and a period is never a metric name. Printed line: 28/04/2014 1.8750% 450,000.00 240.00 449,760.00.; Source review: p2: INVESTOR (The capital account belongs to the investor, not the investee fund.) | p2: Northumberland County Council (The source prints this investor name on both pages.)",RESOLVED,A+B+ADJUDICATOR,ac5d733acff368c8d0df821d1311f97f2474a707afdae5eeeb7b23ab817372f3
57c24e1dd741ad9b4a1a,SRC463,2,PAIR_0672F7DE1D88D218DDE6245C,CLASSIFICATION_CONFLICT,47,38,source_section|subject_type|subject_name|metric_name,MERGE,"Document rules 1, 2 and 4; the metric name is the leaf column header Loan Commitment. Printed line: 28/04/2014 1.8750% 450,000.00 240.00 449,760.00.; Source review: p2: INVESTOR (The capital account belongs to the investor, not the investee fund.) | p2: Northumberland County Council (The source prints this investor name on both pages.)",RESOLVED,A+B+ADJUDICATOR,ac5d733acff368c8d0df821d1311f97f2474a707afdae5eeeb7b23ab817372f3
be3e270fbf76d31e47ef,SRC463,2,PAIR_FD6E14E431CA5570CB691954,CLASSIFICATION_CONFLICT,48,39,source_section|subject_type|subject_name|metric_name,MERGE,"Document rules 1, 2 and 4; the metric name is the leaf column header TOTAL. Printed line: 28/04/2014 1.8750% 450,000.00 240.00 449,760.00.; Source review: p2: INVESTOR (The capital account belongs to the investor, not the investee fund.) | p2: Northumberland County Council (The source prints this investor name on both pages.)",RESOLVED,A+B+ADJUDICATOR,ac5d733acff368c8d0df821d1311f97f2474a707afdae5eeeb7b23ab817372f3
e28af8fd8ff4d63ebc74,SRC463,2,PAIR_6047A010D256D2BC7AD07BBE,CLASSIFICATION_CONFLICT,49,40,source_section|subject_type|subject_name|metric_name,MERGE,"Document rules 1, 2 and 4. Printed line: 29/03/2016 1.7285% 414,840.00 - 414,840.00.; Source review: p2: INVESTOR (The capital account belongs to the investor, not the investee fund.) | p2: Northumberland County Council (The source prints this investor name on both pages.)",RESOLVED,A+B+ADJUDICATOR,ac5d733acff368c8d0df821d1311f97f2474a707afdae5eeeb7b23ab817372f3
1e609924b4bac9e6b17d,SRC463,2,PAIR_89849B6DA0EE69DE9FCF1B9D,CLASSIFICATION_CONFLICT,50,41,source_section|subject_type|subject_name|metric_name,MERGE,"Document rules 1, 2 and 4. Printed line: 29/03/2016 1.7285% 414,840.00 - 414,840.00.; Source review: p2: INVESTOR (The capital account belongs to the investor, not the investee fund.) | p2: Northumberland County Council (The source prints this investor name on both pages.)",RESOLVED,A+B+ADJUDICATOR,ac5d733acff368c8d0df821d1311f97f2474a707afdae5eeeb7b23ab817372f3
642dc8e90c243a3d21ca,SRC463,2,PAIR_889A56D6CAE720C81614419A,CLASSIFICATION_CONFLICT,51,42,source_section|subject_type|subject_name|metric_name,MERGE,"Document rules 1, 2 and 4. Printed line: 29/11/2016 15.0946% 3,622,704.00 - 3,622,704.00.; Source review: p2: INVESTOR (The capital account belongs to the investor, not the investee fund.) | p2: Northumberland County Council (The source prints this investor name on both pages.)",RESOLVED,A+B+ADJUDICATOR,ac5d733acff368c8d0df821d1311f97f2474a707afdae5eeeb7b23ab817372f3
f8c19b2765ce6cbea251,SRC463,2,PAIR_42373E0126F450760D6D98BB,CLASSIFICATION_CONFLICT,52,43,source_section|subject_type|subject_name|metric_name,MERGE,"Document rules 1, 2 and 4. Printed line: 29/11/2016 15.0946% 3,622,704.00 - 3,622,704.00.; Source review: p2: INVESTOR (The capital account belongs to the investor, not the investee fund.) | p2: Northumberland County Council (The source prints this investor name on both pages.)",RESOLVED,A+B+ADJUDICATOR,ac5d733acff368c8d0df821d1311f97f2474a707afdae5eeeb7b23ab817372f3
7e565f77d1595ba2f3c7,SRC463,2,PAIR_E4B2DBA86812D88399470AB5,CLASSIFICATION_CONFLICT,53,44,source_section|subject_type|subject_name|as_of_date|metric_name,MERGE,"Document rules 1, 2 and 4, and document rule 5 (as_of_date): the totals row prints no date of its own, and the page states Date of valuation 31/03/2017, so A populated as_of_date stands against B blank. Printed line: TOTAL 20,033,928.00 240.00 20,033,688.00.; Source review: p2: INVESTOR (The capital account belongs to the investor, not the investee fund.) | p2: Northumberland County Council (The source prints this investor name on both pages.)",RESOLVED,A+B+ADJUDICATOR,ac5d733acff368c8d0df821d1311f97f2474a707afdae5eeeb7b23ab817372f3
33aa390501ec129c221e,SRC463,2,PAIR_04AED20D41962B2609EAFF4B,CLASSIFICATION_CONFLICT,54,45,source_section|subject_type|subject_name|as_of_date|metric_name,MERGE,"Document rules 1, 2, 4 and 5. Printed line: TOTAL 20,033,928.00 240.00 20,033,688.00.; Source review: p2: INVESTOR (The capital account belongs to the investor, not the investee fund.) | p2: Northumberland County Council (The source prints this investor name on both pages.)",RESOLVED,A+B+ADJUDICATOR,ac5d733acff368c8d0df821d1311f97f2474a707afdae5eeeb7b23ab817372f3
8721786892dfd93d7896,SRC463,2,PAIR_990F6C2107BE5E67CC8D9FD5,CLASSIFICATION_CONFLICT,55,46,source_section|subject_type|subject_name|as_of_date,MERGE,"Document rule 5: the totals row prints no date and the page states Date of valuation 31/03/2017, so A populated as_of_date stands against B blank. Printed line: TOTAL 20,033,928.00 240.00 20,033,688.00.; Source review: p2: INVESTOR (The capital account belongs to the investor, not the investee fund.) | p2: Northumberland County Council (The source prints this investor name on both pages.)",RESOLVED,A+B+ADJUDICATOR,ac5d733acff368c8d0df821d1311f97f2474a707afdae5eeeb7b23ab817372f3
c6f9d6cfd3e0526930f4,SRC463,2,PAIR_96E1D6996BBC24CE477FC0ED,A_ONLY,56,,,MERGE,"Family and category as on the 04/03/2016 Income cell. Printed line: 02/11/2016 0.3348% 80,349.50 80,349.50.; Source review: p2: INVESTOR (The capital account belongs to the investor, not the investee fund.) | p2: Northumberland County Council (The source prints this investor name on both pages.) | p2: CASH CALLS & DISTRIBUTIONS (Preserve dated distribution amounts and their income components as cash-flow evidence.)",RESOLVED,A+ADJUDICATOR,ac5d733acff368c8d0df821d1311f97f2474a707afdae5eeeb7b23ab817372f3
71eb838ef5b3026d9417,SRC463,2,PAIR_DAEF8DE240498D600F56905F,A_ONLY,57,,,MERGE,"Family and category as on the 04/03/2016 TOTAL cell. Printed line: 02/11/2016 0.3348% 80,349.50 80,349.50.; Source review: p2: INVESTOR (The capital account belongs to the investor, not the investee fund.) | p2: Northumberland County Council (The source prints this investor name on both pages.) | p2: CASH CALLS & DISTRIBUTIONS (Preserve dated distribution amounts and their income components as cash-flow evidence.)",RESOLVED,A+ADJUDICATOR,ac5d733acff368c8d0df821d1311f97f2474a707afdae5eeeb7b23ab817372f3
951d11967abcaa7a9b18,SRC463,2,PAIR_E44A7EDE25AB31186E5CB4D1,A_ONLY,58,,,MERGE,"A filed this cell as cash_flow_observation with category interest. The column header prints Income, not interest, and cash_flow_observation has no income category, so A had to rename what the page states. fund_economics_observation does carry income, and both lanes already read the same printed word as income on the page 1 line Income E - 273,234 273,234, so the family here is fund_economics_observation and the category is income. B did not extract the column. Printed line: 04/03/2016 0.3036% 72,863.28 72,863.28.; Source review: p2: INVESTOR (The capital account belongs to the investor, not the investee fund.) | p2: Northumberland County Council (The source prints this investor name on both pages.) | p2: CASH CALLS & DISTRIBUTIONS (Preserve dated distribution amounts and their income components as cash-flow evidence.)",RESOLVED,A+ADJUDICATOR,ac5d733acff368c8d0df821d1311f97f2474a707afdae5eeeb7b23ab817372f3
752b877c78649a0d0a6a,SRC463,2,PAIR_4150B3CDE189FBB6F54BF1D6,A_ONLY,59,,,MERGE,"A filed this cell as net_cash_flow. Nothing on the line nets calls against distributions: the TOTAL column of the DISTRIBUTIONS table sums that date distribution components, and the same printed total on page 1 was read by both lanes as distribution (Total Distribution H=E+F+G - 453,930 453,930). Category distribution, and the family follows it to fund_economics_observation, whose vocabulary carries distribution. B did not extract the column. Printed line: 04/03/2016 0.3036% 72,863.28 72,863.28.; Source review: p2: INVESTOR (The capital account belongs to the investor, not the investee fund.) | p2: Northumberland County Council (The source prints this investor name on both pages.) | p2: CASH CALLS & DISTRIBUTIONS (Preserve dated distribution amounts and their income components as cash-flow evidence.)",RESOLVED,A+ADJUDICATOR,ac5d733acff368c8d0df821d1311f97f2474a707afdae5eeeb7b23ab817372f3
8f8b828aebe7fcab448f,SRC463,2,PAIR_7AC39FF3BD6C2ABE30E80F73,A_ONLY,60,,,MERGE,"Family and category as on the 04/03/2016 Income cell. Printed line: 06/12/2016 0.2530% 60,716.77 57,710.06 3,006.71.; Source review: p2: INVESTOR (The capital account belongs to the investor, not the investee fund.) | p2: Northumberland County Council (The source prints this investor name on both pages.) | p2: CASH CALLS & DISTRIBUTIONS (Preserve dated distribution amounts and their income components as cash-flow evidence.)",RESOLVED,A+ADJUDICATOR,ac5d733acff368c8d0df821d1311f97f2474a707afdae5eeeb7b23ab817372f3
2217b89e92c50b7e5afe,SRC463,2,PAIR_0373AED8ADC1B1B5AFDFD8DB,CLASSIFICATION_CONFLICT,61,47,source_section|subject_type|subject_name|metric_name,MERGE,"Document rules 1, 2 and 4; category return_of_capital as on the 24/08/2016 cell. Printed line: 06/12/2016 0.2530% 60,716.77 57,710.06 3,006.71.; Source review: p2: INVESTOR (The capital account belongs to the investor, not the investee fund.) | p2: Northumberland County Council (The source prints this investor name on both pages.)",RESOLVED,A+B+ADJUDICATOR,ac5d733acff368c8d0df821d1311f97f2474a707afdae5eeeb7b23ab817372f3
88729cfb0dffab1aee6b,SRC463,2,PAIR_3B3EE3FA3CF8454D38743AE0,A_ONLY,62,,,MERGE,"Family and category as on the 04/03/2016 TOTAL cell. Printed line: 06/12/2016 0.2530% 60,716.77 57,710.06 3,006.71.; Source review: p2: INVESTOR (The capital account belongs to the investor, not the investee fund.) | p2: Northumberland County Council (The source prints this investor name on both pages.) | p2: CASH CALLS & DISTRIBUTIONS (Preserve dated distribution amounts and their income components as cash-flow evidence.)",RESOLVED,A+ADJUDICATOR,ac5d733acff368c8d0df821d1311f97f2474a707afdae5eeeb7b23ab817372f3
c79cc8c90f5cde1e115b,SRC463,2,PAIR_DC476AAAFBC60CCB65AC426B,A_ONLY,63,,,MERGE,"Family and category as on the 04/03/2016 Income cell: the page prints Income, so fund_economics_observation with category income, not cash_flow_observation with interest. Printed line: 24/08/2016 1.0000% 240,000.00 62,311.12 177,688.88.; Source review: p2: INVESTOR (The capital account belongs to the investor, not the investee fund.) | p2: Northumberland County Council (The source prints this investor name on both pages.) | p2: CASH CALLS & DISTRIBUTIONS (Preserve dated distribution amounts and their income components as cash-flow evidence.)",RESOLVED,A+ADJUDICATOR,ac5d733acff368c8d0df821d1311f97f2474a707afdae5eeeb7b23ab817372f3
87adf5e1eb932670110c,SRC463,2,PAIR_4D1C20DCE6F39B9D4A778992,CLASSIFICATION_CONFLICT,64,48,source_section|subject_type|subject_name|metric_name,MERGE,"Document rules 1, 2 and 4. Both lanes agree the category is return_of_capital: this is the dated schedule, whose family cash_flow_observation carries that narrower name for the printed column Reimbursement of Capital. Printed line: 24/08/2016 1.0000% 240,000.00 62,311.12 177,688.88.; Source review: p2: INVESTOR (The capital account belongs to the investor, not the investee fund.) | p2: Northumberland County Council (The source prints this investor name on both pages.)",RESOLVED,A+B+ADJUDICATOR,ac5d733acff368c8d0df821d1311f97f2474a707afdae5eeeb7b23ab817372f3
8d1bbbec50883d9d9525,SRC463,2,PAIR_4F4A8BDF4CF3C9BA872E066F,A_ONLY,65,,,MERGE,"Family and category as on the 04/03/2016 TOTAL cell: a distribution total, not a net cash flow. Printed line: 24/08/2016 1.0000% 240,000.00 62,311.12 177,688.88.; Source review: p2: INVESTOR (The capital account belongs to the investor, not the investee fund.) | p2: Northumberland County Council (The source prints this investor name on both pages.) | p2: CASH CALLS & DISTRIBUTIONS (Preserve dated distribution amounts and their income components as cash-flow evidence.)",RESOLVED,A+ADJUDICATOR,ac5d733acff368c8d0df821d1311f97f2474a707afdae5eeeb7b23ab817372f3
748e5ca32961dcffaa5c,SRC463,2,PAIR_7DF4A963AE9472D4B392C1FB,A_ONLY,66,,,MERGE,"Family and category as on the 04/03/2016 Income cell; the totals row prints no date of its own and the page states Date of valuation 31/03/2017. Printed line: TOTAL 1.8914% 453,929.56 273,233.97 - - - 180,695.59 -.; Source review: p2: INVESTOR (The capital account belongs to the investor, not the investee fund.) | p2: Northumberland County Council (The source prints this investor name on both pages.) | p2: CASH CALLS & DISTRIBUTIONS (Preserve dated distribution amounts and their income components as cash-flow evidence.)",RESOLVED,A+ADJUDICATOR,ac5d733acff368c8d0df821d1311f97f2474a707afdae5eeeb7b23ab817372f3
477fd78d59f76f9403c9,SRC463,2,PAIR_4F1799DA37330BAC0ED68FEA,CLASSIFICATION_CONFLICT,67,49,source_section|subject_type|subject_name|as_of_date|metric_name,MERGE,"Document rules 1, 2, 4 and 5; category return_of_capital as on the dated cells. Printed line: TOTAL 1.8914% 453,929.56 273,233.97 - - - 180,695.59 -.; Source review: p2: INVESTOR (The capital account belongs to the investor, not the investee fund.) | p2: Northumberland County Council (The source prints this investor name on both pages.)",RESOLVED,A+B+ADJUDICATOR,ac5d733acff368c8d0df821d1311f97f2474a707afdae5eeeb7b23ab817372f3
d1b53654978ba16d44f6,SRC463,2,PAIR_6D896CEBA68F680049421857,A_ONLY,68,,,MERGE,"Family and category as on the 04/03/2016 TOTAL cell; the totals row prints no date of its own and the page states Date of valuation 31/03/2017. Printed line: TOTAL 1.8914% 453,929.56 273,233.97 - - - 180,695.59 -.; Source review: p2: INVESTOR (The capital account belongs to the investor, not the investee fund.) | p2: Northumberland County Council (The source prints this investor name on both pages.) | p2: CASH CALLS & DISTRIBUTIONS (Preserve dated distribution amounts and their income components as cash-flow evidence.)",RESOLVED,A+ADJUDICATOR,ac5d733acff368c8d0df821d1311f97f2474a707afdae5eeeb7b23ab817372f3
b1fcd1fe7b02812859f1,SRC463,2,,ADJUDICATOR_ADD,,,,ADD,"Second cell of the printed line % OF COMMITMENT 83.4747% 100% 83.4745%; on the page image 100% sits under the Capital Contribution column of the right block, matching the page 1 line % of Total Commitment D=B/A 100% 83.4745% 83.4747%.; Source review: p2: INVESTOR (The capital account belongs to the investor, not the investee fund.) | p2: Northumberland County Council (The source prints this investor name on both pages.)",ADDED,ADJUDICATOR,ac5d733acff368c8d0df821d1311f97f2474a707afdae5eeeb7b23ab817372f3
48571aa0796476675e4f,SRC463,2,,ADJUDICATOR_ADD,,,,ADD,"Third cell of the printed line % OF COMMITMENT 83.4747% 100% 83.4745%; on the page image 83.4745% sits under the Loan Commitment column of the right block, matching the page 1 line % of Total Commitment D=B/A 100% 83.4745% 83.4747%.; Source review: p2: INVESTOR (The capital account belongs to the investor, not the investee fund.) | p2: Northumberland County Council (The source prints this investor name on both pages.)",ADDED,ADJUDICATOR,ac5d733acff368c8d0df821d1311f97f2474a707afdae5eeeb7b23ab817372f3
c542ef5fa5b81c059b83,SRC463,2,,ADJUDICATOR_ADD,,,,ADD,"Neither lane extracted the printed summary line % OF COMMITMENT 83.4747% 100% 83.4745% under the CASH CALLS table. It prints the same three figures as the page 1 line % of Total Commitment D=B/A 100% 83.4745% 83.4747%, which is paid-in capital over initial commitment, so the category is paid_in_capital_multiple with the printed unit %. On the page image this cell sits under the left block TOTAL column. The per-call % of Commitment column above it is left unextracted: one call share of total commitment is not the cumulative paid-in multiple and no PCAP category names it.; Source review: p2: INVESTOR (The capital account belongs to the investor, not the investee fund.) | p2: Northumberland County Council (The source prints this investor name on both pages.)",ADDED,ADJUDICATOR,ac5d733acff368c8d0df821d1311f97f2474a707afdae5eeeb7b23ab817372f3
9667b78b48c714f53066,SRC151,3,PAIR_0024ED59873FFCB8D418B7AA,CLASSIFICATION_CONFLICT,1,1,source_table|subject_name|evidence_quote,MERGE,"neither lane is complete. subject_name must name the document, so it takes the deck's own printed title 2017 PROXY SEASON REVIEW & 2018 PREVIEW, where A put that title in title case and B named the issuer instead; the issuer moves to manager_name. source_table stays blank because no printed table governs a document identity row, and B's literal DOCUMENT is not a printed title. Both lanes filed the row on page 3, so there is no page disagreement to settle and the row stays where they cited it.",RESOLVED,A+B+ADJUDICATOR,5cc8128360b5ed8c4cc0ad7d9f9b52cb19de87d105ed8a745ffd0db6e53373e3
8dc9a346ab6fa565a6d9,SRC151,3,PAIR_3AE755523813D9B10ACE6CFA,B_ONLY,,2,,MERGE,"printed and eligible, and A missed two of these five cells. SUBJECT RULING applied to every row measuring Glass Lewis's own business or activity: subject_type service_provider and subject_name Glass Lewis, the reporting entity, where B varied it per block (Glass Lewis clients, Glass Lewis research); the block is already carried in source_table, so nothing is lost. CATEGORY RULING: coverage for the extent of the firm's reach over an external universe (clients, pensions, companies, countries) and aum for the US$35 trillion the clients hold. The 200+ analysts bullet is a staff headcount, which is reach over nothing and has no home in the controlled category list, so it stays out and is recorded in the coverage row. STRUCTURE RULING, applied to every row of this document: source_section takes the slide title, source_table takes the printed blue block, figure or table heading that governs the row, and source_row_label takes the printed line or category label the value sits on. A copied the slide title into source_table, which loses which block a row belongs to and forces one row label to cover several printed lines.",RESOLVED,B+ADJUDICATOR,5cc8128360b5ed8c4cc0ad7d9f9b52cb19de87d105ed8a745ffd0db6e53373e3
360f0f63f583c8540143,SRC151,3,PAIR_F8E37F55D158EB95F277C864,B_ONLY,,3,,MERGE,"printed and eligible, and A missed two of these five cells. SUBJECT RULING applied to every row measuring Glass Lewis's own business or activity: subject_type service_provider and subject_name Glass Lewis, the reporting entity, where B varied it per block (Glass Lewis clients, Glass Lewis research); the block is already carried in source_table, so nothing is lost. CATEGORY RULING: coverage for the extent of the firm's reach over an external universe (clients, pensions, companies, countries) and aum for the US$35 trillion the clients hold. The 200+ analysts bullet is a staff headcount, which is reach over nothing and has no home in the controlled category list, so it stays out and is recorded in the coverage row. STRUCTURE RULING, applied to every row of this document: source_section takes the slide title, source_table takes the printed blue block, figure or table heading that governs the row, and source_row_label takes the printed line or category label the value sits on. A copied the slide title into source_table, which loses which block a row belongs to and forces one row label to cover several printed lines.; Source review: p3: Glass Lewis clients (The assets belong to the stated clients, not the adviser.) | p3: Glass Lewis clients (Printed heading or definition supporting the source-reviewed qualifier.) | p3: Glass Lewis clients (Supersedes SR2924: the printed entity or table label is context, not a measurement basis; source labels retain its scope.)",RESOLVED,B+ADJUDICATOR,5cc8128360b5ed8c4cc0ad7d9f9b52cb19de87d105ed8a745ffd0db6e53373e3
0b157e156dc1dfccbcc5,SRC151,3,PAIR_A63A3F137AFC06C3235E3A5F,B_ONLY,,4,,MERGE,"printed and eligible, and A missed two of these five cells. SUBJECT RULING applied to every row measuring Glass Lewis's own business or activity: subject_type service_provider and subject_name Glass Lewis, the reporting entity, where B varied it per block (Glass Lewis clients, Glass Lewis research); the block is already carried in source_table, so nothing is lost. CATEGORY RULING: coverage for the extent of the firm's reach over an external universe (clients, pensions, companies, countries) and aum for the US$35 trillion the clients hold. The 200+ analysts bullet is a staff headcount, which is reach over nothing and has no home in the controlled category list, so it stays out and is recorded in the coverage row. STRUCTURE RULING, applied to every row of this document: source_section takes the slide title, source_table takes the printed blue block, figure or table heading that governs the row, and source_row_label takes the printed line or category label the value sits on. A copied the slide title into source_table, which loses which block a row belongs to and forces one row label to cover several printed lines.",RESOLVED,B+ADJUDICATOR,5cc8128360b5ed8c4cc0ad7d9f9b52cb19de87d105ed8a745ffd0db6e53373e3
6c7a24ced22b04895f20,SRC151,3,PAIR_8C00BE5627D15C4B04708858,B_ONLY,,5,,MERGE,"printed and eligible, and A missed two of these five cells. SUBJECT RULING applied to every row measuring Glass Lewis's own business or activity: subject_type service_provider and subject_name Glass Lewis, the reporting entity, where B varied it per block (Glass Lewis clients, Glass Lewis research); the block is already carried in source_table, so nothing is lost. CATEGORY RULING: coverage for the extent of the firm's reach over an external universe (clients, pensions, companies, countries) and aum for the US$35 trillion the clients hold. The 200+ analysts bullet is a staff headcount, which is reach over nothing and has no home in the controlled category list, so it stays out and is recorded in the coverage row. STRUCTURE RULING, applied to every row of this document: source_section takes the slide title, source_table takes the printed blue block, figure or table heading that governs the row, and source_row_label takes the printed line or category label the value sits on. A copied the slide title into source_table, which loses which block a row belongs to and forces one row label to cover several printed lines.",RESOLVED,B+ADJUDICATOR,5cc8128360b5ed8c4cc0ad7d9f9b52cb19de87d105ed8a745ffd0db6e53373e3
daa4a6ed4b514f60ddaa,SRC151,3,PAIR_B4F325AD7EC6BAAECC750E7E,B_ONLY,,6,,MERGE,"printed and eligible, and A missed two of these five cells. SUBJECT RULING applied to every row measuring Glass Lewis's own business or activity: subject_type service_provider and subject_name Glass Lewis, the reporting entity, where B varied it per block (Glass Lewis clients, Glass Lewis research); the block is already carried in source_table, so nothing is lost. CATEGORY RULING: coverage for the extent of the firm's reach over an external universe (clients, pensions, companies, countries) and aum for the US$35 trillion the clients hold. The 200+ analysts bullet is a staff headcount, which is reach over nothing and has no home in the controlled category list, so it stays out and is recorded in the coverage row. STRUCTURE RULING, applied to every row of this document: source_section takes the slide title, source_table takes the printed blue block, figure or table heading that governs the row, and source_row_label takes the printed line or category label the value sits on. A copied the slide title into source_table, which loses which block a row belongs to and forces one row label to cover several printed lines.",RESOLVED,B+ADJUDICATOR,5cc8128360b5ed8c4cc0ad7d9f9b52cb19de87d105ed8a745ffd0db6e53373e3
36e0b38d527fb2b42382,SRC151,4,PAIR_ED470D03FDEA7D317574724C,B_ONLY,,9,,MERGE,"printed and eligible. Under the subject ruling the actor is Glass Lewis, service_provider. The two counts are different categories: the 4,500 is engagement_count and the 1,500 is meeting_count, which the page prints as formal meetings and which B collapsed into engagement_count for both. horizon keeps the printed window last 18 months. STRUCTURE RULING, applied to every row of this document: source_section takes the slide title, source_table takes the printed blue block, figure or table heading that governs the row, and source_row_label takes the printed line or category label the value sits on. A copied the slide title into source_table, which loses which block a row belongs to and forces one row label to cover several printed lines.",RESOLVED,B+ADJUDICATOR,5cc8128360b5ed8c4cc0ad7d9f9b52cb19de87d105ed8a745ffd0db6e53373e3
9d17e53381631a597573,SRC151,4,PAIR_D0850DEEF821858A927962AE,B_ONLY,,10,,MERGE,"printed and eligible. Under the subject ruling the actor is Glass Lewis, service_provider. The two counts are different categories: the 4,500 is engagement_count and the 1,500 is meeting_count, which the page prints as formal meetings and which B collapsed into engagement_count for both. horizon keeps the printed window last 18 months. STRUCTURE RULING, applied to every row of this document: source_section takes the slide title, source_table takes the printed blue block, figure or table heading that governs the row, and source_row_label takes the printed line or category label the value sits on. A copied the slide title into source_table, which loses which block a row belongs to and forces one row label to cover several printed lines.",RESOLVED,B+ADJUDICATOR,5cc8128360b5ed8c4cc0ad7d9f9b52cb19de87d105ed8a745ffd0db6e53373e3
dc5a1055e4944a13efa1,SRC151,7,PAIR_C1F03880AE0B7EA70356B0EA,B_ONLY,,14,,MERGE,"printed and eligible, so A's zero for this page is overridden. A read the pie as a category-share breakdown with no controlled category, but a share of a counted population is coverage, which the family allows, and these are actual 2017 figures the deck exists to report. Verified on the PNG: the leader lines and legend colours give Governance 47%, Social 22%, Environmental 15%, Compensation 12% and Other 4%, summing to 100. B took source_section from page 6's divider; the printed title of this page is its own. subject_name takes the figure title, the population the shares are of, and metric_name the printed slice label. period_end 2017 is printed in that title. The evidence quote can only be the page title because the TXT for this page carries nothing else, which is what the IMAGE_ONLY note records.",RESOLVED,B+ADJUDICATOR,5cc8128360b5ed8c4cc0ad7d9f9b52cb19de87d105ed8a745ffd0db6e53373e3
a27f75230deb87f65fd5,SRC151,7,PAIR_73BD3BEBBC43D780C75840EC,B_ONLY,,15,,MERGE,"printed and eligible, so A's zero for this page is overridden. A read the pie as a category-share breakdown with no controlled category, but a share of a counted population is coverage, which the family allows, and these are actual 2017 figures the deck exists to report. Verified on the PNG: the leader lines and legend colours give Governance 47%, Social 22%, Environmental 15%, Compensation 12% and Other 4%, summing to 100. B took source_section from page 6's divider; the printed title of this page is its own. subject_name takes the figure title, the population the shares are of, and metric_name the printed slice label. period_end 2017 is printed in that title. The evidence quote can only be the page title because the TXT for this page carries nothing else, which is what the IMAGE_ONLY note records.",RESOLVED,B+ADJUDICATOR,5cc8128360b5ed8c4cc0ad7d9f9b52cb19de87d105ed8a745ffd0db6e53373e3
a39e57bde0836346155c,SRC151,7,PAIR_3E8A16635ADC7FC684BA247B,B_ONLY,,16,,MERGE,"printed and eligible, so A's zero for this page is overridden. A read the pie as a category-share breakdown with no controlled category, but a share of a counted population is coverage, which the family allows, and these are actual 2017 figures the deck exists to report. Verified on the PNG: the leader lines and legend colours give Governance 47%, Social 22%, Environmental 15%, Compensation 12% and Other 4%, summing to 100. B took source_section from page 6's divider; the printed title of this page is its own. subject_name takes the figure title, the population the shares are of, and metric_name the printed slice label. period_end 2017 is printed in that title. The evidence quote can only be the page title because the TXT for this page carries nothing else, which is what the IMAGE_ONLY note records.",RESOLVED,B+ADJUDICATOR,5cc8128360b5ed8c4cc0ad7d9f9b52cb19de87d105ed8a745ffd0db6e53373e3
a5053b74452ff60834e0,SRC151,7,PAIR_38630AE044C6B14F8D8B6418,B_ONLY,,17,,MERGE,"printed and eligible, so A's zero for this page is overridden. A read the pie as a category-share breakdown with no controlled category, but a share of a counted population is coverage, which the family allows, and these are actual 2017 figures the deck exists to report. Verified on the PNG: the leader lines and legend colours give Governance 47%, Social 22%, Environmental 15%, Compensation 12% and Other 4%, summing to 100. B took source_section from page 6's divider; the printed title of this page is its own. subject_name takes the figure title, the population the shares are of, and metric_name the printed slice label. period_end 2017 is printed in that title. The evidence quote can only be the page title because the TXT for this page carries nothing else, which is what the IMAGE_ONLY note records.",RESOLVED,B+ADJUDICATOR,5cc8128360b5ed8c4cc0ad7d9f9b52cb19de87d105ed8a745ffd0db6e53373e3
d75cc9781f4ad60e6f65,SRC151,7,PAIR_D346C81220F1FD98B9131F36,B_ONLY,,18,,MERGE,"printed and eligible, so A's zero for this page is overridden. A read the pie as a category-share breakdown with no controlled category, but a share of a counted population is coverage, which the family allows, and these are actual 2017 figures the deck exists to report. Verified on the PNG: the leader lines and legend colours give Governance 47%, Social 22%, Environmental 15%, Compensation 12% and Other 4%, summing to 100. B took source_section from page 6's divider; the printed title of this page is its own. subject_name takes the figure title, the population the shares are of, and metric_name the printed slice label. period_end 2017 is printed in that title. The evidence quote can only be the page title because the TXT for this page carries nothing else, which is what the IMAGE_ONLY note records.",RESOLVED,B+ADJUDICATOR,5cc8128360b5ed8c4cc0ad7d9f9b52cb19de87d105ed8a745ffd0db6e53373e3
2fe00a25f57577b74c1b,SRC151,8,PAIR_431E6F8E39F27C75BBC582CC,B_ONLY,,20,,MERGE,"printed and eligible. 2015 and 2017 are printed on the row's own line as the periods the two counts belong to, so they are period_end; PERIOD RULING applied document-wide: period_end takes a calendar year printed on the row's line or in the heading that governs it, and horizon is reserved for a printed window or relative label such as last 18 months or last year, which is where B wrongly filed these two years. STRUCTURE RULING, applied to every row of this document: source_section takes the slide title, source_table takes the printed blue block, figure or table heading that governs the row, and source_row_label takes the printed line or category label the value sits on. A copied the slide title into source_table, which loses which block a row belongs to and forces one row label to cover several printed lines.",RESOLVED,B+ADJUDICATOR,5cc8128360b5ed8c4cc0ad7d9f9b52cb19de87d105ed8a745ffd0db6e53373e3
d282aa20cd07d7bc2b06,SRC151,8,PAIR_92EDA9D6F504EF09EE79E44D,B_ONLY,,21,,MERGE,"printed and eligible. 2015 and 2017 are printed on the row's own line as the periods the two counts belong to, so they are period_end; PERIOD RULING applied document-wide: period_end takes a calendar year printed on the row's line or in the heading that governs it, and horizon is reserved for a printed window or relative label such as last 18 months or last year, which is where B wrongly filed these two years. STRUCTURE RULING, applied to every row of this document: source_section takes the slide title, source_table takes the printed blue block, figure or table heading that governs the row, and source_row_label takes the printed line or category label the value sits on. A copied the slide title into source_table, which loses which block a row belongs to and forces one row label to cover several printed lines.",RESOLVED,B+ADJUDICATOR,5cc8128360b5ed8c4cc0ad7d9f9b52cb19de87d105ed8a745ffd0db6e53373e3
17133f615db829a748f8,SRC151,9,PAIR_F446F9743B5E5C8B31B9D16E,CLASSIFICATION_CONFLICT,9,22,source_table|source_row_label|subject_name|period_end|metric_name|unit,MERGE,"both lanes have the cell and the value right; neither is complete. Under the structure ruling the printed sub-bullet heading NYC Comptroller's Board Accountability Project 2.0 is source_table and the printed line is source_row_label. period_end is blank because no year is printed on this page, where A supplied 2017 from the deck's subject. The quote takes the full printed sentence, which the TXT breaks across two lines, so it proves the value and the scope. STRUCTURE RULING, applied to every row of this document: source_section takes the slide title, source_table takes the printed blue block, figure or table heading that governs the row, and source_row_label takes the printed line or category label the value sits on. A copied the slide title into source_table, which loses which block a row belongs to and forces one row label to cover several printed lines.",RESOLVED,A+B+ADJUDICATOR,5cc8128360b5ed8c4cc0ad7d9f9b52cb19de87d105ed8a745ffd0db6e53373e3
e1763d3abedaf3d4e9d7,SRC151,10,PAIR_6B04284A00299F50F4871435,B_ONLY,,23,,MERGE,"printed and eligible, and A missed all eight. A read the pie as a share-of-cause breakdown with no controlled category; under the category ruling a share of a counted population is coverage. Verified on the PNG: Attendance 26%, Ongoing Compensation Concerns 16%, Overboarding 14%, Director Received Excessive Against Votes 14%, No Lead Director 9%, Poison Pill 7%, Insider/Affiliate on a Committee 7% and SHP Not Implemented 7%, summing to 100. subject_name takes the figure title and metric_name the printed slice label, where B put a bare % in metric_name, which names no measure.",RESOLVED,B+ADJUDICATOR,5cc8128360b5ed8c4cc0ad7d9f9b52cb19de87d105ed8a745ffd0db6e53373e3
c0c0c7f57f92f48f2fe1,SRC151,10,PAIR_CA3B1778982A233E4FEFC9EB,B_ONLY,,24,,MERGE,"printed and eligible, and A missed all eight. A read the pie as a share-of-cause breakdown with no controlled category; under the category ruling a share of a counted population is coverage. Verified on the PNG: Attendance 26%, Ongoing Compensation Concerns 16%, Overboarding 14%, Director Received Excessive Against Votes 14%, No Lead Director 9%, Poison Pill 7%, Insider/Affiliate on a Committee 7% and SHP Not Implemented 7%, summing to 100. subject_name takes the figure title and metric_name the printed slice label, where B put a bare % in metric_name, which names no measure.",RESOLVED,B+ADJUDICATOR,5cc8128360b5ed8c4cc0ad7d9f9b52cb19de87d105ed8a745ffd0db6e53373e3
356f2e14cc263f5eb5db,SRC151,10,PAIR_A8573DF2DF29FC8F71D84C81,B_ONLY,,25,,MERGE,"printed and eligible, and A missed all eight. A read the pie as a share-of-cause breakdown with no controlled category; under the category ruling a share of a counted population is coverage. Verified on the PNG: Attendance 26%, Ongoing Compensation Concerns 16%, Overboarding 14%, Director Received Excessive Against Votes 14%, No Lead Director 9%, Poison Pill 7%, Insider/Affiliate on a Committee 7% and SHP Not Implemented 7%, summing to 100. subject_name takes the figure title and metric_name the printed slice label, where B put a bare % in metric_name, which names no measure.",RESOLVED,B+ADJUDICATOR,5cc8128360b5ed8c4cc0ad7d9f9b52cb19de87d105ed8a745ffd0db6e53373e3
f3fd9cc7558cbc5ad60f,SRC151,10,PAIR_2E9152FAFB5B1D631461616A,B_ONLY,,26,,MERGE,"printed and eligible, and A missed all eight. A read the pie as a share-of-cause breakdown with no controlled category; under the category ruling a share of a counted population is coverage. Verified on the PNG: Attendance 26%, Ongoing Compensation Concerns 16%, Overboarding 14%, Director Received Excessive Against Votes 14%, No Lead Director 9%, Poison Pill 7%, Insider/Affiliate on a Committee 7% and SHP Not Implemented 7%, summing to 100. subject_name takes the figure title and metric_name the printed slice label, where B put a bare % in metric_name, which names no measure.",RESOLVED,B+ADJUDICATOR,5cc8128360b5ed8c4cc0ad7d9f9b52cb19de87d105ed8a745ffd0db6e53373e3
df5c91290565d98943bb,SRC151,10,PAIR_D94541B6172239A4C0A4C5A9,B_ONLY,,27,,MERGE,"printed and eligible, and A missed all eight. A read the pie as a share-of-cause breakdown with no controlled category; under the category ruling a share of a counted population is coverage. Verified on the PNG: Attendance 26%, Ongoing Compensation Concerns 16%, Overboarding 14%, Director Received Excessive Against Votes 14%, No Lead Director 9%, Poison Pill 7%, Insider/Affiliate on a Committee 7% and SHP Not Implemented 7%, summing to 100. subject_name takes the figure title and metric_name the printed slice label, where B put a bare % in metric_name, which names no measure.",RESOLVED,B+ADJUDICATOR,5cc8128360b5ed8c4cc0ad7d9f9b52cb19de87d105ed8a745ffd0db6e53373e3
1777a6bbf14ce69fd675,SRC151,10,PAIR_5EE4D38EAF58A3D53371C7B2,B_ONLY,,28,,MERGE,"printed and eligible, and A missed all eight. A read the pie as a share-of-cause breakdown with no controlled category; under the category ruling a share of a counted population is coverage. Verified on the PNG: Attendance 26%, Ongoing Compensation Concerns 16%, Overboarding 14%, Director Received Excessive Against Votes 14%, No Lead Director 9%, Poison Pill 7%, Insider/Affiliate on a Committee 7% and SHP Not Implemented 7%, summing to 100. subject_name takes the figure title and metric_name the printed slice label, where B put a bare % in metric_name, which names no measure.",RESOLVED,B+ADJUDICATOR,5cc8128360b5ed8c4cc0ad7d9f9b52cb19de87d105ed8a745ffd0db6e53373e3
f4cf177868ef4023d967,SRC151,10,PAIR_32D53257FC1785EEA8F20282,B_ONLY,,29,,MERGE,"printed and eligible, and A missed all eight. A read the pie as a share-of-cause breakdown with no controlled category; under the category ruling a share of a counted population is coverage. Verified on the PNG: Attendance 26%, Ongoing Compensation Concerns 16%, Overboarding 14%, Director Received Excessive Against Votes 14%, No Lead Director 9%, Poison Pill 7%, Insider/Affiliate on a Committee 7% and SHP Not Implemented 7%, summing to 100. subject_name takes the figure title and metric_name the printed slice label, where B put a bare % in metric_name, which names no measure.",RESOLVED,B+ADJUDICATOR,5cc8128360b5ed8c4cc0ad7d9f9b52cb19de87d105ed8a745ffd0db6e53373e3
306af3519af88c7890f6,SRC151,10,PAIR_EA91D5B227FD034AF77DC5A6,B_ONLY,,30,,MERGE,"printed and eligible, and A missed all eight. A read the pie as a share-of-cause breakdown with no controlled category; under the category ruling a share of a counted population is coverage. Verified on the PNG: Attendance 26%, Ongoing Compensation Concerns 16%, Overboarding 14%, Director Received Excessive Against Votes 14%, No Lead Director 9%, Poison Pill 7%, Insider/Affiliate on a Committee 7% and SHP Not Implemented 7%, summing to 100. subject_name takes the figure title and metric_name the printed slice label, where B put a bare % in metric_name, which names no measure.",RESOLVED,B+ADJUDICATOR,5cc8128360b5ed8c4cc0ad7d9f9b52cb19de87d105ed8a745ffd0db6e53373e3
ab98bfd594e70d71b219,SRC151,10,PAIR_02333439FF32800BBB33FEB1,CLASSIFICATION_CONFLICT,14,31,source_row_label|subject_type|subject_name|period_end|unit,MERGE,"printed and eligible. period_end is blank under the period ruling: this page prints no year, and A supplied 2017 and 2016 from the deck's subject rather than from the page. Under the structure ruling source_row_label is the printed bullet line. STRUCTURE RULING, applied to every row of this document: source_section takes the slide title, source_table takes the printed blue block, figure or table heading that governs the row, and source_row_label takes the printed line or category label the value sits on. A copied the slide title into source_table, which loses which block a row belongs to and forces one row label to cover several printed lines.",RESOLVED,A+B+ADJUDICATOR,5cc8128360b5ed8c4cc0ad7d9f9b52cb19de87d105ed8a745ffd0db6e53373e3
1a15ec1c1f4266cdb6b3,SRC151,10,PAIR_547E1CDB37A8004BE4D99B7F,CLASSIFICATION_CONFLICT,13,32,source_row_label|subject_type|subject_name|period_end|unit,MERGE,"printed and eligible. period_end is blank under the period ruling: this page prints no year, and A supplied 2017 and 2016 from the deck's subject rather than from the page. Under the structure ruling source_row_label is the printed bullet line. STRUCTURE RULING, applied to every row of this document: source_section takes the slide title, source_table takes the printed blue block, figure or table heading that governs the row, and source_row_label takes the printed line or category label the value sits on. A copied the slide title into source_table, which loses which block a row belongs to and forces one row label to cover several printed lines.",RESOLVED,A+B+ADJUDICATOR,5cc8128360b5ed8c4cc0ad7d9f9b52cb19de87d105ed8a745ffd0db6e53373e3
a9622a36ade92ab2a127,SRC151,10,PAIR_3719CC6C254F7F52AF07AFD6,CLASSIFICATION_CONFLICT,15,33,source_row_label|subject_type|subject_name|period_end|unit,MERGE,"printed and eligible. period_end is blank under the period ruling: this page prints no year, and A supplied 2017 and 2016 from the deck's subject rather than from the page. Under the structure ruling source_row_label is the printed bullet line. STRUCTURE RULING, applied to every row of this document: source_section takes the slide title, source_table takes the printed blue block, figure or table heading that governs the row, and source_row_label takes the printed line or category label the value sits on. A copied the slide title into source_table, which loses which block a row belongs to and forces one row label to cover several printed lines.",RESOLVED,A+B+ADJUDICATOR,5cc8128360b5ed8c4cc0ad7d9f9b52cb19de87d105ed8a745ffd0db6e53373e3
d2aff81660af5e7f6a1e,SRC151,10,PAIR_CDD3E3B0A15B9433F62F6BEE,B_ONLY,,34,,MERGE,"printed and eligible. period_end is blank under the period ruling: this page prints no year, and A supplied 2017 and 2016 from the deck's subject rather than from the page. Under the structure ruling source_row_label is the printed bullet line. STRUCTURE RULING, applied to every row of this document: source_section takes the slide title, source_table takes the printed blue block, figure or table heading that governs the row, and source_row_label takes the printed line or category label the value sits on. A copied the slide title into source_table, which loses which block a row belongs to and forces one row label to cover several printed lines.",RESOLVED,B+ADJUDICATOR,5cc8128360b5ed8c4cc0ad7d9f9b52cb19de87d105ed8a745ffd0db6e53373e3
4504c546d5ed0593ac2d,SRC151,10,PAIR_DF06C13C5EC781C74CE85DB0,B_ONLY,,35,,MERGE,"printed and eligible. The 37 is the prior-year comparator printed parenthetically; period_end stays blank because the page prints no year for either figure, and the note records what the parenthesis is. STRUCTURE RULING, applied to every row of this document: source_section takes the slide title, source_table takes the printed blue block, figure or table heading that governs the row, and source_row_label takes the printed line or category label the value sits on. A copied the slide title into source_table, which loses which block a row belongs to and forces one row label to cover several printed lines.",RESOLVED,B+ADJUDICATOR,5cc8128360b5ed8c4cc0ad7d9f9b52cb19de87d105ed8a745ffd0db6e53373e3
2dfec798173d8a8abb90,SRC151,10,PAIR_4AF0BAF0439EB8247DB7F119,CLASSIFICATION_CONFLICT,10,36,source_row_label|subject_type|subject_name|period_end,MERGE,"printed and eligible. period_end is blank under the period ruling: this page prints no year, and A supplied 2017 and 2016 from the deck's subject rather than from the page. Under the structure ruling source_row_label is the printed bullet line. STRUCTURE RULING, applied to every row of this document: source_section takes the slide title, source_table takes the printed blue block, figure or table heading that governs the row, and source_row_label takes the printed line or category label the value sits on. A copied the slide title into source_table, which loses which block a row belongs to and forces one row label to cover several printed lines.",RESOLVED,A+B+ADJUDICATOR,5cc8128360b5ed8c4cc0ad7d9f9b52cb19de87d105ed8a745ffd0db6e53373e3
181541f9b7d44a1c4e7b,SRC151,11,PAIR_EFFA00E2B8B3899CD43EEEBB,B_ONLY,,38,,MERGE,"printed and eligible, and A skipped this page entirely as case-study narration. It prints a 24-cell chart of Wells Fargo director vote support, which is real figures stated as fact, so the lane that skipped it was wrong. All 24 of B's values check against the PNG. VALUE-FORMAT CORRECTION: the chart prints the % symbol only on its first row, Enrique Hernandez Jr., and B appended an unprinted % to Cynthia H. Milligan, Donald M. James and Elizabeth A. Duke on both columns; metric_value_raw is what the cell itself prints, and the symbol the column carries once is recorded in unit for every row. The printed column years are periods, so they move from horizon to period_end under the period ruling.",RESOLVED,B+ADJUDICATOR,5cc8128360b5ed8c4cc0ad7d9f9b52cb19de87d105ed8a745ffd0db6e53373e3
cc2926deae73745a7b18,SRC151,11,PAIR_E676B7796AE89E7A31F50BDE,B_ONLY,,39,,MERGE,"printed and eligible, and A skipped this page entirely as case-study narration. It prints a 24-cell chart of Wells Fargo director vote support, which is real figures stated as fact, so the lane that skipped it was wrong. All 24 of B's values check against the PNG. VALUE-FORMAT CORRECTION: the chart prints the % symbol only on its first row, Enrique Hernandez Jr., and B appended an unprinted % to Cynthia H. Milligan, Donald M. James and Elizabeth A. Duke on both columns; metric_value_raw is what the cell itself prints, and the symbol the column carries once is recorded in unit for every row. The printed column years are periods, so they move from horizon to period_end under the period ruling.",RESOLVED,B+ADJUDICATOR,5cc8128360b5ed8c4cc0ad7d9f9b52cb19de87d105ed8a745ffd0db6e53373e3
a8004a0a905f6b4d4e34,SRC151,11,PAIR_1B2D665FA5C24EFCC32F18E1,B_ONLY,,40,,MERGE,"printed and eligible, and A skipped this page entirely as case-study narration. It prints a 24-cell chart of Wells Fargo director vote support, which is real figures stated as fact, so the lane that skipped it was wrong. All 24 of B's values check against the PNG. VALUE-FORMAT CORRECTION: the chart prints the % symbol only on its first row, Enrique Hernandez Jr., and B appended an unprinted % to Cynthia H. Milligan, Donald M. James and Elizabeth A. Duke on both columns; metric_value_raw is what the cell itself prints, and the symbol the column carries once is recorded in unit for every row. The printed column years are periods, so they move from horizon to period_end under the period ruling.",RESOLVED,B+ADJUDICATOR,5cc8128360b5ed8c4cc0ad7d9f9b52cb19de87d105ed8a745ffd0db6e53373e3
5dbd8218fe9909248678,SRC151,11,PAIR_D48D8CD6A607B7E6CCADAE4A,B_ONLY,,41,,MERGE,"printed and eligible, and A skipped this page entirely as case-study narration. It prints a 24-cell chart of Wells Fargo director vote support, which is real figures stated as fact, so the lane that skipped it was wrong. All 24 of B's values check against the PNG. VALUE-FORMAT CORRECTION: the chart prints the % symbol only on its first row, Enrique Hernandez Jr., and B appended an unprinted % to Cynthia H. Milligan, Donald M. James and Elizabeth A. Duke on both columns; metric_value_raw is what the cell itself prints, and the symbol the column carries once is recorded in unit for every row. The printed column years are periods, so they move from horizon to period_end under the period ruling.",RESOLVED,B+ADJUDICATOR,5cc8128360b5ed8c4cc0ad7d9f9b52cb19de87d105ed8a745ffd0db6e53373e3
1c7762c9164a86531c0c,SRC151,11,PAIR_1D476884FB777F3F337826D6,B_ONLY,,42,,MERGE,"printed and eligible, and A skipped this page entirely as case-study narration. It prints a 24-cell chart of Wells Fargo director vote support, which is real figures stated as fact, so the lane that skipped it was wrong. All 24 of B's values check against the PNG. VALUE-FORMAT CORRECTION: the chart prints the % symbol only on its first row, Enrique Hernandez Jr., and B appended an unprinted % to Cynthia H. Milligan, Donald M. James and Elizabeth A. Duke on both columns; metric_value_raw is what the cell itself prints, and the symbol the column carries once is recorded in unit for every row. The printed column years are periods, so they move from horizon to period_end under the period ruling.",RESOLVED,B+ADJUDICATOR,5cc8128360b5ed8c4cc0ad7d9f9b52cb19de87d105ed8a745ffd0db6e53373e3
9dbe7780307a6a313569,SRC151,11,PAIR_E47267AB8763923CE04EBAA7,B_ONLY,,43,,MERGE,"printed and eligible, and A skipped this page entirely as case-study narration. It prints a 24-cell chart of Wells Fargo director vote support, which is real figures stated as fact, so the lane that skipped it was wrong. All 24 of B's values check against the PNG. VALUE-FORMAT CORRECTION: the chart prints the % symbol only on its first row, Enrique Hernandez Jr., and B appended an unprinted % to Cynthia H. Milligan, Donald M. James and Elizabeth A. Duke on both columns; metric_value_raw is what the cell itself prints, and the symbol the column carries once is recorded in unit for every row. The printed column years are periods, so they move from horizon to period_end under the period ruling.",RESOLVED,B+ADJUDICATOR,5cc8128360b5ed8c4cc0ad7d9f9b52cb19de87d105ed8a745ffd0db6e53373e3
90aea9ea360d492f7fed,SRC151,11,PAIR_48CE63ACCBD2331203D06C75,B_ONLY,,44,,MERGE,"printed and eligible, and A skipped this page entirely as case-study narration. It prints a 24-cell chart of Wells Fargo director vote support, which is real figures stated as fact, so the lane that skipped it was wrong. All 24 of B's values check against the PNG. VALUE-FORMAT CORRECTION: the chart prints the % symbol only on its first row, Enrique Hernandez Jr., and B appended an unprinted % to Cynthia H. Milligan, Donald M. James and Elizabeth A. Duke on both columns; metric_value_raw is what the cell itself prints, and the symbol the column carries once is recorded in unit for every row. The printed column years are periods, so they move from horizon to period_end under the period ruling.",RESOLVED,B+ADJUDICATOR,5cc8128360b5ed8c4cc0ad7d9f9b52cb19de87d105ed8a745ffd0db6e53373e3
9898a189187ca17d32a1,SRC151,11,PAIR_BFB98744B157B896680625E8,B_ONLY,,45,,MERGE,"printed and eligible, and A skipped this page entirely as case-study narration. It prints a 24-cell chart of Wells Fargo director vote support, which is real figures stated as fact, so the lane that skipped it was wrong. All 24 of B's values check against the PNG. VALUE-FORMAT CORRECTION: the chart prints the % symbol only on its first row, Enrique Hernandez Jr., and B appended an unprinted % to Cynthia H. Milligan, Donald M. James and Elizabeth A. Duke on both columns; metric_value_raw is what the cell itself prints, and the symbol the column carries once is recorded in unit for every row. The printed column years are periods, so they move from horizon to period_end under the period ruling.",RESOLVED,B+ADJUDICATOR,5cc8128360b5ed8c4cc0ad7d9f9b52cb19de87d105ed8a745ffd0db6e53373e3
9794d3e24787c44e6c46,SRC151,11,PAIR_6ADCA7852DE7A15723A19946,B_ONLY,,46,,MERGE,"printed and eligible, and A skipped this page entirely as case-study narration. It prints a 24-cell chart of Wells Fargo director vote support, which is real figures stated as fact, so the lane that skipped it was wrong. All 24 of B's values check against the PNG. VALUE-FORMAT CORRECTION: the chart prints the % symbol only on its first row, Enrique Hernandez Jr., and B appended an unprinted % to Cynthia H. Milligan, Donald M. James and Elizabeth A. Duke on both columns; metric_value_raw is what the cell itself prints, and the symbol the column carries once is recorded in unit for every row. The printed column years are periods, so they move from horizon to period_end under the period ruling.",RESOLVED,B+ADJUDICATOR,5cc8128360b5ed8c4cc0ad7d9f9b52cb19de87d105ed8a745ffd0db6e53373e3
9b492fcc143ef32a8f33,SRC151,11,PAIR_0C1283E95D06A52A667BA9E1,B_ONLY,,47,,MERGE,"printed and eligible, and A skipped this page entirely as case-study narration. It prints a 24-cell chart of Wells Fargo director vote support, which is real figures stated as fact, so the lane that skipped it was wrong. All 24 of B's values check against the PNG. VALUE-FORMAT CORRECTION: the chart prints the % symbol only on its first row, Enrique Hernandez Jr., and B appended an unprinted % to Cynthia H. Milligan, Donald M. James and Elizabeth A. Duke on both columns; metric_value_raw is what the cell itself prints, and the symbol the column carries once is recorded in unit for every row. The printed column years are periods, so they move from horizon to period_end under the period ruling.",RESOLVED,B+ADJUDICATOR,5cc8128360b5ed8c4cc0ad7d9f9b52cb19de87d105ed8a745ffd0db6e53373e3
c8692faa00851b05a905,SRC151,11,PAIR_127948AC74CF166019FC9DBA,B_ONLY,,48,,MERGE,"printed and eligible, and A skipped this page entirely as case-study narration. It prints a 24-cell chart of Wells Fargo director vote support, which is real figures stated as fact, so the lane that skipped it was wrong. All 24 of B's values check against the PNG. VALUE-FORMAT CORRECTION: the chart prints the % symbol only on its first row, Enrique Hernandez Jr., and B appended an unprinted % to Cynthia H. Milligan, Donald M. James and Elizabeth A. Duke on both columns; metric_value_raw is what the cell itself prints, and the symbol the column carries once is recorded in unit for every row. The printed column years are periods, so they move from horizon to period_end under the period ruling.",RESOLVED,B+ADJUDICATOR,5cc8128360b5ed8c4cc0ad7d9f9b52cb19de87d105ed8a745ffd0db6e53373e3
cceb78a5c94bffb93343,SRC151,11,PAIR_0F773D3826A87E2955A7D50D,B_ONLY,,49,,MERGE,"printed and eligible, and A skipped this page entirely as case-study narration. It prints a 24-cell chart of Wells Fargo director vote support, which is real figures stated as fact, so the lane that skipped it was wrong. All 24 of B's values check against the PNG. VALUE-FORMAT CORRECTION: the chart prints the % symbol only on its first row, Enrique Hernandez Jr., and B appended an unprinted % to Cynthia H. Milligan, Donald M. James and Elizabeth A. Duke on both columns; metric_value_raw is what the cell itself prints, and the symbol the column carries once is recorded in unit for every row. The printed column years are periods, so they move from horizon to period_end under the period ruling.",RESOLVED,B+ADJUDICATOR,5cc8128360b5ed8c4cc0ad7d9f9b52cb19de87d105ed8a745ffd0db6e53373e3
61a7c46a43373f5f4760,SRC151,11,PAIR_A799C371225C55D4E18AC70A,B_ONLY,,50,,MERGE,"printed and eligible, and A skipped this page entirely as case-study narration. It prints a 24-cell chart of Wells Fargo director vote support, which is real figures stated as fact, so the lane that skipped it was wrong. All 24 of B's values check against the PNG. VALUE-FORMAT CORRECTION: the chart prints the % symbol only on its first row, Enrique Hernandez Jr., and B appended an unprinted % to Cynthia H. Milligan, Donald M. James and Elizabeth A. Duke on both columns; metric_value_raw is what the cell itself prints, and the symbol the column carries once is recorded in unit for every row. The printed column years are periods, so they move from horizon to period_end under the period ruling.",RESOLVED,B+ADJUDICATOR,5cc8128360b5ed8c4cc0ad7d9f9b52cb19de87d105ed8a745ffd0db6e53373e3
30a154184e742c14a465,SRC151,11,PAIR_AEADBD7BC03C61A033CE963B,B_ONLY,,51,,MERGE,"printed and eligible, and A skipped this page entirely as case-study narration. It prints a 24-cell chart of Wells Fargo director vote support, which is real figures stated as fact, so the lane that skipped it was wrong. All 24 of B's values check against the PNG. VALUE-FORMAT CORRECTION: the chart prints the % symbol only on its first row, Enrique Hernandez Jr., and B appended an unprinted % to Cynthia H. Milligan, Donald M. James and Elizabeth A. Duke on both columns; metric_value_raw is what the cell itself prints, and the symbol the column carries once is recorded in unit for every row. The printed column years are periods, so they move from horizon to period_end under the period ruling.",RESOLVED,B+ADJUDICATOR,5cc8128360b5ed8c4cc0ad7d9f9b52cb19de87d105ed8a745ffd0db6e53373e3
1ccd4eb875b272cc3bdf,SRC151,11,PAIR_4567A92B18D1EE8F6BE1934C,B_ONLY,,52,,MERGE,"printed and eligible, and A skipped this page entirely as case-study narration. It prints a 24-cell chart of Wells Fargo director vote support, which is real figures stated as fact, so the lane that skipped it was wrong. All 24 of B's values check against the PNG. VALUE-FORMAT CORRECTION: the chart prints the % symbol only on its first row, Enrique Hernandez Jr., and B appended an unprinted % to Cynthia H. Milligan, Donald M. James and Elizabeth A. Duke on both columns; metric_value_raw is what the cell itself prints, and the symbol the column carries once is recorded in unit for every row. The printed column years are periods, so they move from horizon to period_end under the period ruling.",RESOLVED,B+ADJUDICATOR,5cc8128360b5ed8c4cc0ad7d9f9b52cb19de87d105ed8a745ffd0db6e53373e3
5899c07e15ef6f3792b4,SRC151,11,PAIR_1451C9F316383C643BE9193B,B_ONLY,,53,,MERGE,"printed and eligible, and A skipped this page entirely as case-study narration. It prints a 24-cell chart of Wells Fargo director vote support, which is real figures stated as fact, so the lane that skipped it was wrong. All 24 of B's values check against the PNG. VALUE-FORMAT CORRECTION: the chart prints the % symbol only on its first row, Enrique Hernandez Jr., and B appended an unprinted % to Cynthia H. Milligan, Donald M. James and Elizabeth A. Duke on both columns; metric_value_raw is what the cell itself prints, and the symbol the column carries once is recorded in unit for every row. The printed column years are periods, so they move from horizon to period_end under the period ruling.",RESOLVED,B+ADJUDICATOR,5cc8128360b5ed8c4cc0ad7d9f9b52cb19de87d105ed8a745ffd0db6e53373e3
c6de05a775eb0212fcc2,SRC151,11,PAIR_DD55FC036F74E8F65ED0D091,B_ONLY,,54,,MERGE,"printed and eligible, and A skipped this page entirely as case-study narration. It prints a 24-cell chart of Wells Fargo director vote support, which is real figures stated as fact, so the lane that skipped it was wrong. All 24 of B's values check against the PNG. VALUE-FORMAT CORRECTION: the chart prints the % symbol only on its first row, Enrique Hernandez Jr., and B appended an unprinted % to Cynthia H. Milligan, Donald M. James and Elizabeth A. Duke on both columns; metric_value_raw is what the cell itself prints, and the symbol the column carries once is recorded in unit for every row. The printed column years are periods, so they move from horizon to period_end under the period ruling.",RESOLVED,B+ADJUDICATOR,5cc8128360b5ed8c4cc0ad7d9f9b52cb19de87d105ed8a745ffd0db6e53373e3
136ff76d62133dcaf6dc,SRC151,11,PAIR_82A528C180F03126CB43D64D,B_ONLY,,55,,MERGE,"printed and eligible, and A skipped this page entirely as case-study narration. It prints a 24-cell chart of Wells Fargo director vote support, which is real figures stated as fact, so the lane that skipped it was wrong. All 24 of B's values check against the PNG. VALUE-FORMAT CORRECTION: the chart prints the % symbol only on its first row, Enrique Hernandez Jr., and B appended an unprinted % to Cynthia H. Milligan, Donald M. James and Elizabeth A. Duke on both columns; metric_value_raw is what the cell itself prints, and the symbol the column carries once is recorded in unit for every row. The printed column years are periods, so they move from horizon to period_end under the period ruling.",RESOLVED,B+ADJUDICATOR,5cc8128360b5ed8c4cc0ad7d9f9b52cb19de87d105ed8a745ffd0db6e53373e3
64f2c159fc3b4477452a,SRC151,11,PAIR_BC578C58E15C6C46649D35E8,B_ONLY,,56,,MERGE,"printed and eligible, and A skipped this page entirely as case-study narration. It prints a 24-cell chart of Wells Fargo director vote support, which is real figures stated as fact, so the lane that skipped it was wrong. All 24 of B's values check against the PNG. VALUE-FORMAT CORRECTION: the chart prints the % symbol only on its first row, Enrique Hernandez Jr., and B appended an unprinted % to Cynthia H. Milligan, Donald M. James and Elizabeth A. Duke on both columns; metric_value_raw is what the cell itself prints, and the symbol the column carries once is recorded in unit for every row. The printed column years are periods, so they move from horizon to period_end under the period ruling.",RESOLVED,B+ADJUDICATOR,5cc8128360b5ed8c4cc0ad7d9f9b52cb19de87d105ed8a745ffd0db6e53373e3
1bc37f41ca92585169e7,SRC151,11,PAIR_3E287507C205304807E48F51,B_ONLY,,57,,MERGE,"printed and eligible, and A skipped this page entirely as case-study narration. It prints a 24-cell chart of Wells Fargo director vote support, which is real figures stated as fact, so the lane that skipped it was wrong. All 24 of B's values check against the PNG. VALUE-FORMAT CORRECTION: the chart prints the % symbol only on its first row, Enrique Hernandez Jr., and B appended an unprinted % to Cynthia H. Milligan, Donald M. James and Elizabeth A. Duke on both columns; metric_value_raw is what the cell itself prints, and the symbol the column carries once is recorded in unit for every row. The printed column years are periods, so they move from horizon to period_end under the period ruling.",RESOLVED,B+ADJUDICATOR,5cc8128360b5ed8c4cc0ad7d9f9b52cb19de87d105ed8a745ffd0db6e53373e3
6cd70781f698d2d69ec6,SRC151,11,PAIR_4BB05B0FA910FC0571BFC6B3,B_ONLY,,58,,MERGE,"printed and eligible, and A skipped this page entirely as case-study narration. It prints a 24-cell chart of Wells Fargo director vote support, which is real figures stated as fact, so the lane that skipped it was wrong. All 24 of B's values check against the PNG. VALUE-FORMAT CORRECTION: the chart prints the % symbol only on its first row, Enrique Hernandez Jr., and B appended an unprinted % to Cynthia H. Milligan, Donald M. James and Elizabeth A. Duke on both columns; metric_value_raw is what the cell itself prints, and the symbol the column carries once is recorded in unit for every row. The printed column years are periods, so they move from horizon to period_end under the period ruling.",RESOLVED,B+ADJUDICATOR,5cc8128360b5ed8c4cc0ad7d9f9b52cb19de87d105ed8a745ffd0db6e53373e3
851be45579d825fbadd1,SRC151,11,PAIR_6F86B5373F8E5E87377707DD,B_ONLY,,59,,MERGE,"printed and eligible, and A skipped this page entirely as case-study narration. It prints a 24-cell chart of Wells Fargo director vote support, which is real figures stated as fact, so the lane that skipped it was wrong. All 24 of B's values check against the PNG. VALUE-FORMAT CORRECTION: the chart prints the % symbol only on its first row, Enrique Hernandez Jr., and B appended an unprinted % to Cynthia H. Milligan, Donald M. James and Elizabeth A. Duke on both columns; metric_value_raw is what the cell itself prints, and the symbol the column carries once is recorded in unit for every row. The printed column years are periods, so they move from horizon to period_end under the period ruling.",RESOLVED,B+ADJUDICATOR,5cc8128360b5ed8c4cc0ad7d9f9b52cb19de87d105ed8a745ffd0db6e53373e3
3a66c3aaf2a270d15974,SRC151,11,PAIR_583D31F5F723CCD223D77C3B,B_ONLY,,60,,MERGE,"printed and eligible, and A skipped this page entirely as case-study narration. It prints a 24-cell chart of Wells Fargo director vote support, which is real figures stated as fact, so the lane that skipped it was wrong. All 24 of B's values check against the PNG. VALUE-FORMAT CORRECTION: the chart prints the % symbol only on its first row, Enrique Hernandez Jr., and B appended an unprinted % to Cynthia H. Milligan, Donald M. James and Elizabeth A. Duke on both columns; metric_value_raw is what the cell itself prints, and the symbol the column carries once is recorded in unit for every row. The printed column years are periods, so they move from horizon to period_end under the period ruling.",RESOLVED,B+ADJUDICATOR,5cc8128360b5ed8c4cc0ad7d9f9b52cb19de87d105ed8a745ffd0db6e53373e3
dd7663a856f79a96edff,SRC151,11,PAIR_924E9198E7FE69EAAC2051B4,B_ONLY,,61,,MERGE,"printed and eligible, and A skipped this page entirely as case-study narration. It prints a 24-cell chart of Wells Fargo director vote support, which is real figures stated as fact, so the lane that skipped it was wrong. All 24 of B's values check against the PNG. VALUE-FORMAT CORRECTION: the chart prints the % symbol only on its first row, Enrique Hernandez Jr., and B appended an unprinted % to Cynthia H. Milligan, Donald M. James and Elizabeth A. Duke on both columns; metric_value_raw is what the cell itself prints, and the symbol the column carries once is recorded in unit for every row. The printed column years are periods, so they move from horizon to period_end under the period ruling.",RESOLVED,B+ADJUDICATOR,5cc8128360b5ed8c4cc0ad7d9f9b52cb19de87d105ed8a745ffd0db6e53373e3
8898b55f94b74868eff2,SRC151,12,PAIR_D9BAAD3421C2B22279B3B5E3,B_ONLY,,62,,MERGE,"printed and eligible. Under the subject ruling the two GL support rates belong to Glass Lewis as service_provider, and the counts belong to the market population they count. period_end is 2017 only under the block the page heads Say on Pay Votes in 2017; the other blocks print no year. metric_name takes the printed wording.",RESOLVED,B+ADJUDICATOR,5cc8128360b5ed8c4cc0ad7d9f9b52cb19de87d105ed8a745ffd0db6e53373e3
3b193ad00ea23949335b,SRC151,12,PAIR_D6301CA333368DED22966930,B_ONLY,,63,,MERGE,"printed and eligible. Under the subject ruling the two GL support rates belong to Glass Lewis as service_provider, and the counts belong to the market population they count. period_end is 2017 only under the block the page heads Say on Pay Votes in 2017; the other blocks print no year. metric_name takes the printed wording.",RESOLVED,B+ADJUDICATOR,5cc8128360b5ed8c4cc0ad7d9f9b52cb19de87d105ed8a745ffd0db6e53373e3
1a9aab8fff9bc371ae1b,SRC151,12,PAIR_F3DF40F3117DA6FB3573FF1D,CLASSIFICATION_CONFLICT,18,64,source_table|source_row_label|source_occurrence|subject_type|subject_name|period_end|metric_category|metric_name,MERGE,"printed and eligible. Neither category fits: A's score rates nothing and B's target reads a decided outcome as an objective. This is the share of a counted population, so coverage, under the category ruling. No year is printed on this line or its block heading, so period_end is blank.",RESOLVED,A+B+ADJUDICATOR,5cc8128360b5ed8c4cc0ad7d9f9b52cb19de87d105ed8a745ffd0db6e53373e3
02dcd378272f2fffee2a,SRC151,12,PAIR_26744D89FA8BC076AE96117A,B_ONLY,,65,,MERGE,"printed and eligible. Under the subject ruling the two GL support rates belong to Glass Lewis as service_provider, and the counts belong to the market population they count. period_end is 2017 only under the block the page heads Say on Pay Votes in 2017; the other blocks print no year. metric_name takes the printed wording.",RESOLVED,B+ADJUDICATOR,5cc8128360b5ed8c4cc0ad7d9f9b52cb19de87d105ed8a745ffd0db6e53373e3
d1c457cf1a900a25e52e,SRC151,12,PAIR_7CCA917AF8EB58BF42C51A3E,B_ONLY,,66,,MERGE,"printed and eligible. Under the subject ruling the two GL support rates belong to Glass Lewis as service_provider, and the counts belong to the market population they count. period_end is 2017 only under the block the page heads Say on Pay Votes in 2017; the other blocks print no year. metric_name takes the printed wording.",RESOLVED,B+ADJUDICATOR,5cc8128360b5ed8c4cc0ad7d9f9b52cb19de87d105ed8a745ffd0db6e53373e3
e93ac23d89a9e7aa4f46,SRC151,12,PAIR_39D6F26C438EEB236DDC394C,B_ONLY,,67,,MERGE,"printed and eligible. Under the subject ruling the two GL support rates belong to Glass Lewis as service_provider, and the counts belong to the market population they count. period_end is 2017 only under the block the page heads Say on Pay Votes in 2017; the other blocks print no year. metric_name takes the printed wording.",RESOLVED,B+ADJUDICATOR,5cc8128360b5ed8c4cc0ad7d9f9b52cb19de87d105ed8a745ffd0db6e53373e3
02a98cc7717da75026b2,SRC151,12,PAIR_567B6112164EFB3EC35EA9F0,B_ONLY,,68,,MERGE,"printed and eligible. The 41 is the prior-year comparator; the page prints last year rather than a numeral year, so that printed relative label goes to horizon and period_end stays blank.",RESOLVED,B+ADJUDICATOR,5cc8128360b5ed8c4cc0ad7d9f9b52cb19de87d105ed8a745ffd0db6e53373e3
e075c23dfc2e9caeed9f,SRC151,12,PAIR_69C3AD7A0670FE53B99D481F,VALUE_CONFLICT,21,69,source_table|source_row_label|subject_type|subject_name|period_end|metric_value_raw,MERGE,"value conflict, and B is right. The page prints Average shareholder support: ~ 92%. A dropped the printed % from the value while keeping it in unit, which is the stripping the value-format rule forbids and which A itself did not do on the four other percentages on this page and the one on page 10. period_end 2017 comes from the printed block heading Say on Pay Votes in 2017. STRUCTURE RULING, applied to every row of this document: source_section takes the slide title, source_table takes the printed blue block, figure or table heading that governs the row, and source_row_label takes the printed line or category label the value sits on. A copied the slide title into source_table, which loses which block a row belongs to and forces one row label to cover several printed lines.",RESOLVED,A+B+ADJUDICATOR,5cc8128360b5ed8c4cc0ad7d9f9b52cb19de87d105ed8a745ffd0db6e53373e3
116a542a6f3d644981a6,SRC151,13,PAIR_BB8B283DF1F1FC3A83068956,CLASSIFICATION_CONFLICT,24,70,subject_type|subject_name|period_end|metric_category|metric_name,MERGE,"both lanes read all ten values correctly off the printed table; the disagreement is entirely classification. metric_name takes the printed issue, as A has it, because B's bare % is the column's unit and names no measure. metric_category is coverage, a share of a counted population, under the category ruling. subject_name takes the printed table title, the population the shares are of. period_end 2017 is printed in that title. The values stay bare as printed, with the % the column header carries recorded in unit.",RESOLVED,A+B+ADJUDICATOR,5cc8128360b5ed8c4cc0ad7d9f9b52cb19de87d105ed8a745ffd0db6e53373e3
d004e9215ceffb9050f4,SRC151,13,PAIR_7BD9B064347B7144BC0899BB,CLASSIFICATION_CONFLICT,25,71,subject_type|subject_name|period_end|metric_category|metric_name,MERGE,"both lanes read all ten values correctly off the printed table; the disagreement is entirely classification. metric_name takes the printed issue, as A has it, because B's bare % is the column's unit and names no measure. metric_category is coverage, a share of a counted population, under the category ruling. subject_name takes the printed table title, the population the shares are of. period_end 2017 is printed in that title. The values stay bare as printed, with the % the column header carries recorded in unit.",RESOLVED,A+B+ADJUDICATOR,5cc8128360b5ed8c4cc0ad7d9f9b52cb19de87d105ed8a745ffd0db6e53373e3
a15d63b035570a63473c,SRC151,13,PAIR_889A826C007331873D01D43B,CLASSIFICATION_CONFLICT,26,72,subject_type|subject_name|period_end|metric_category|metric_name,MERGE,"both lanes read all ten values correctly off the printed table; the disagreement is entirely classification. metric_name takes the printed issue, as A has it, because B's bare % is the column's unit and names no measure. metric_category is coverage, a share of a counted population, under the category ruling. subject_name takes the printed table title, the population the shares are of. period_end 2017 is printed in that title. The values stay bare as printed, with the % the column header carries recorded in unit.",RESOLVED,A+B+ADJUDICATOR,5cc8128360b5ed8c4cc0ad7d9f9b52cb19de87d105ed8a745ffd0db6e53373e3
0ad33be65c7a6410c138,SRC151,13,PAIR_FED5D5BC53C66B132375A01B,CLASSIFICATION_CONFLICT,27,73,subject_type|subject_name|period_end|metric_category|metric_name,MERGE,"both lanes read all ten values correctly off the printed table; the disagreement is entirely classification. metric_name takes the printed issue, as A has it, because B's bare % is the column's unit and names no measure. metric_category is coverage, a share of a counted population, under the category ruling. subject_name takes the printed table title, the population the shares are of. period_end 2017 is printed in that title. The values stay bare as printed, with the % the column header carries recorded in unit.",RESOLVED,A+B+ADJUDICATOR,5cc8128360b5ed8c4cc0ad7d9f9b52cb19de87d105ed8a745ffd0db6e53373e3
38dc4cae439719180ddf,SRC151,13,PAIR_D98095284A3CD85D8191DC81,CLASSIFICATION_CONFLICT,28,74,subject_type|subject_name|period_end|metric_category|metric_name,MERGE,"both lanes read all ten values correctly off the printed table; the disagreement is entirely classification. metric_name takes the printed issue, as A has it, because B's bare % is the column's unit and names no measure. metric_category is coverage, a share of a counted population, under the category ruling. subject_name takes the printed table title, the population the shares are of. period_end 2017 is printed in that title. The values stay bare as printed, with the % the column header carries recorded in unit.",RESOLVED,A+B+ADJUDICATOR,5cc8128360b5ed8c4cc0ad7d9f9b52cb19de87d105ed8a745ffd0db6e53373e3
97ecfd485625f9b38a58,SRC151,13,PAIR_3F4339E0F485DECA76FC063E,CLASSIFICATION_CONFLICT,29,75,subject_type|subject_name|period_end|metric_category|metric_name,MERGE,"both lanes read all ten values correctly off the printed table; the disagreement is entirely classification. metric_name takes the printed issue, as A has it, because B's bare % is the column's unit and names no measure. metric_category is coverage, a share of a counted population, under the category ruling. subject_name takes the printed table title, the population the shares are of. period_end 2017 is printed in that title. The values stay bare as printed, with the % the column header carries recorded in unit.",RESOLVED,A+B+ADJUDICATOR,5cc8128360b5ed8c4cc0ad7d9f9b52cb19de87d105ed8a745ffd0db6e53373e3
ef0f8a2c3fb5a68115b5,SRC151,13,PAIR_071B02C9E2CCBF7C9B7FC4C0,CLASSIFICATION_CONFLICT,30,76,subject_type|subject_name|period_end|metric_category|metric_name,MERGE,"both lanes read all ten values correctly off the printed table; the disagreement is entirely classification. metric_name takes the printed issue, as A has it, because B's bare % is the column's unit and names no measure. metric_category is coverage, a share of a counted population, under the category ruling. subject_name takes the printed table title, the population the shares are of. period_end 2017 is printed in that title. The values stay bare as printed, with the % the column header carries recorded in unit.",RESOLVED,A+B+ADJUDICATOR,5cc8128360b5ed8c4cc0ad7d9f9b52cb19de87d105ed8a745ffd0db6e53373e3
11157975ffa17f93c0fc,SRC151,13,PAIR_84F74597D49FFF1982D3F1D8,CLASSIFICATION_CONFLICT,31,77,subject_type|subject_name|period_end|metric_category|metric_name,MERGE,"both lanes read all ten values correctly off the printed table; the disagreement is entirely classification. metric_name takes the printed issue, as A has it, because B's bare % is the column's unit and names no measure. metric_category is coverage, a share of a counted population, under the category ruling. subject_name takes the printed table title, the population the shares are of. period_end 2017 is printed in that title. The values stay bare as printed, with the % the column header carries recorded in unit.",RESOLVED,A+B+ADJUDICATOR,5cc8128360b5ed8c4cc0ad7d9f9b52cb19de87d105ed8a745ffd0db6e53373e3
a6c02a28d42d26b06398,SRC151,13,PAIR_1AE9A840A6E942F03C9B6FB5,CLASSIFICATION_CONFLICT,32,78,subject_type|subject_name|period_end|metric_category|metric_name,MERGE,"both lanes read all ten values correctly off the printed table; the disagreement is entirely classification. metric_name takes the printed issue, as A has it, because B's bare % is the column's unit and names no measure. metric_category is coverage, a share of a counted population, under the category ruling. subject_name takes the printed table title, the population the shares are of. period_end 2017 is printed in that title. The values stay bare as printed, with the % the column header carries recorded in unit.",RESOLVED,A+B+ADJUDICATOR,5cc8128360b5ed8c4cc0ad7d9f9b52cb19de87d105ed8a745ffd0db6e53373e3
09986944eac6a5a37fbb,SRC151,13,PAIR_DFF0A9EBFDB590889541B633,CLASSIFICATION_CONFLICT,33,79,subject_type|subject_name|period_end|metric_category|metric_name,MERGE,"both lanes read all ten values correctly off the printed table; the disagreement is entirely classification. metric_name takes the printed issue, as A has it, because B's bare % is the column's unit and names no measure. metric_category is coverage, a share of a counted population, under the category ruling. subject_name takes the printed table title, the population the shares are of. period_end 2017 is printed in that title. The values stay bare as printed, with the % the column header carries recorded in unit.",RESOLVED,A+B+ADJUDICATOR,5cc8128360b5ed8c4cc0ad7d9f9b52cb19de87d105ed8a745ffd0db6e53373e3
e095ff564f73466b41c7,SRC151,17,PAIR_C38F8BB7D114457EB05E3141,CLASSIFICATION_CONFLICT,34,80,source_table|source_row_label|subject_name|period_end,MERGE,"both lanes have the provision and its text right. Under the structure ruling the printed provision heading is source_table and the printed provision text is source_row_label, where A copied the slide title into source_table. The provision binds Glass Lewis, so subject_type is service_provider and subject_name is Glass Lewis, where A named a guideline set that is not printed and B named the topic. period_end is blank: a provision is not a period-scoped measurement, and the years it takes effect are printed inside its own text. The quote takes the full printed provision, which the TXT breaks across lines. STRUCTURE RULING, applied to every row of this document: source_section takes the slide title, source_table takes the printed blue block, figure or table heading that governs the row, and source_row_label takes the printed line or category label the value sits on. A copied the slide title into source_table, which loses which block a row belongs to and forces one row label to cover several printed lines.",RESOLVED,A+B+ADJUDICATOR,5cc8128360b5ed8c4cc0ad7d9f9b52cb19de87d105ed8a745ffd0db6e53373e3
da7dc94096eb06b63f13,SRC151,17,PAIR_51023DDF60EA8E8EC606537D,CLASSIFICATION_CONFLICT,35,81,source_table|source_row_label|source_occurrence|subject_name|period_end,MERGE,"both lanes have the provision and its text right. Under the structure ruling the printed provision heading is source_table and the printed provision text is source_row_label, where A copied the slide title into source_table. The provision binds Glass Lewis, so subject_type is service_provider and subject_name is Glass Lewis, where A named a guideline set that is not printed and B named the topic. period_end is blank: a provision is not a period-scoped measurement, and the years it takes effect are printed inside its own text. The quote takes the full printed provision, which the TXT breaks across lines. STRUCTURE RULING, applied to every row of this document: source_section takes the slide title, source_table takes the printed blue block, figure or table heading that governs the row, and source_row_label takes the printed line or category label the value sits on. A copied the slide title into source_table, which loses which block a row belongs to and forces one row label to cover several printed lines.",RESOLVED,A+B+ADJUDICATOR,5cc8128360b5ed8c4cc0ad7d9f9b52cb19de87d105ed8a745ffd0db6e53373e3
707bed026e3d3f90a280,SRC151,17,PAIR_7878071D8C7647F511DA4169,CLASSIFICATION_CONFLICT,36,82,source_table|source_row_label|subject_name|period_end,MERGE,"both lanes have the provision and its text right. Under the structure ruling the printed provision heading is source_table and the printed provision text is source_row_label, where A copied the slide title into source_table. The provision binds Glass Lewis, so subject_type is service_provider and subject_name is Glass Lewis, where A named a guideline set that is not printed and B named the topic. period_end is blank: a provision is not a period-scoped measurement, and the years it takes effect are printed inside its own text. The quote takes the full printed provision, which the TXT breaks across lines. STRUCTURE RULING, applied to every row of this document: source_section takes the slide title, source_table takes the printed blue block, figure or table heading that governs the row, and source_row_label takes the printed line or category label the value sits on. A copied the slide title into source_table, which loses which block a row belongs to and forces one row label to cover several printed lines.",RESOLVED,A+B+ADJUDICATOR,5cc8128360b5ed8c4cc0ad7d9f9b52cb19de87d105ed8a745ffd0db6e53373e3
a10dc6fb71a9a4e44c0e,SRC151,17,PAIR_BDAB3447668F05F57E2A4FCE,B_ONLY,,83,,MERGE,"both lanes have the provision and its text right. Under the structure ruling the printed provision heading is source_table and the printed provision text is source_row_label, where A copied the slide title into source_table. The provision binds Glass Lewis, so subject_type is service_provider and subject_name is Glass Lewis, where A named a guideline set that is not printed and B named the topic. period_end is blank: a provision is not a period-scoped measurement, and the years it takes effect are printed inside its own text. The quote takes the full printed provision, which the TXT breaks across lines. STRUCTURE RULING, applied to every row of this document: source_section takes the slide title, source_table takes the printed blue block, figure or table heading that governs the row, and source_row_label takes the printed line or category label the value sits on. A copied the slide title into source_table, which loses which block a row belongs to and forces one row label to cover several printed lines.",RESOLVED,B+ADJUDICATOR,5cc8128360b5ed8c4cc0ad7d9f9b52cb19de87d105ed8a745ffd0db6e53373e3
0554eece4ff244cd9ec8,SRC151,17,PAIR_44304C3FA75651BEC8A980CD,CLASSIFICATION_CONFLICT,38,84,source_table|source_row_label|subject_name|period_end,MERGE,"both lanes have the provision and its text right. Under the structure ruling the printed provision heading is source_table and the printed provision text is source_row_label, where A copied the slide title into source_table. The provision binds Glass Lewis, so subject_type is service_provider and subject_name is Glass Lewis, where A named a guideline set that is not printed and B named the topic. period_end is blank: a provision is not a period-scoped measurement, and the years it takes effect are printed inside its own text. The quote takes the full printed provision, which the TXT breaks across lines. STRUCTURE RULING, applied to every row of this document: source_section takes the slide title, source_table takes the printed blue block, figure or table heading that governs the row, and source_row_label takes the printed line or category label the value sits on. A copied the slide title into source_table, which loses which block a row belongs to and forces one row label to cover several printed lines.",RESOLVED,A+B+ADJUDICATOR,5cc8128360b5ed8c4cc0ad7d9f9b52cb19de87d105ed8a745ffd0db6e53373e3
0e181b328e4d7f8902e0,SRC151,17,PAIR_1D20D8039E0F9122B9F7BB2D,B_ONLY,,85,,MERGE,"both lanes have the provision and its text right. Under the structure ruling the printed provision heading is source_table and the printed provision text is source_row_label, where A copied the slide title into source_table. The provision binds Glass Lewis, so subject_type is service_provider and subject_name is Glass Lewis, where A named a guideline set that is not printed and B named the topic. period_end is blank: a provision is not a period-scoped measurement, and the years it takes effect are printed inside its own text. The quote takes the full printed provision, which the TXT breaks across lines. STRUCTURE RULING, applied to every row of this document: source_section takes the slide title, source_table takes the printed blue block, figure or table heading that governs the row, and source_row_label takes the printed line or category label the value sits on. A copied the slide title into source_table, which loses which block a row belongs to and forces one row label to cover several printed lines.",RESOLVED,B+ADJUDICATOR,5cc8128360b5ed8c4cc0ad7d9f9b52cb19de87d105ed8a745ffd0db6e53373e3
c3056bf58f5cbc66d116,SRC151,18,PAIR_9D3FE5E1D994709F40034082,CLASSIFICATION_CONFLICT,40,86,source_table|source_row_label|subject_name|period_end,MERGE,"both lanes have the provision and its text right. Under the structure ruling the printed provision heading is source_table and the printed provision text is source_row_label, where A copied the slide title into source_table. The provision binds Glass Lewis, so subject_type is service_provider and subject_name is Glass Lewis, where A named a guideline set that is not printed and B named the topic. period_end is blank: a provision is not a period-scoped measurement, and the years it takes effect are printed inside its own text. The quote takes the full printed provision, which the TXT breaks across lines. STRUCTURE RULING, applied to every row of this document: source_section takes the slide title, source_table takes the printed blue block, figure or table heading that governs the row, and source_row_label takes the printed line or category label the value sits on. A copied the slide title into source_table, which loses which block a row belongs to and forces one row label to cover several printed lines.",RESOLVED,A+B+ADJUDICATOR,5cc8128360b5ed8c4cc0ad7d9f9b52cb19de87d105ed8a745ffd0db6e53373e3
9b7d8739e9e5346799dd,SRC151,18,PAIR_AD1CACEEFCD45303BB4BD6C5,CLASSIFICATION_CONFLICT,41,87,source_table|source_row_label|subject_name|period_end,MERGE,"both lanes have the provision and its text right. Under the structure ruling the printed provision heading is source_table and the printed provision text is source_row_label, where A copied the slide title into source_table. The provision binds Glass Lewis, so subject_type is service_provider and subject_name is Glass Lewis, where A named a guideline set that is not printed and B named the topic. period_end is blank: a provision is not a period-scoped measurement, and the years it takes effect are printed inside its own text. The quote takes the full printed provision, which the TXT breaks across lines. STRUCTURE RULING, applied to every row of this document: source_section takes the slide title, source_table takes the printed blue block, figure or table heading that governs the row, and source_row_label takes the printed line or category label the value sits on. A copied the slide title into source_table, which loses which block a row belongs to and forces one row label to cover several printed lines.",RESOLVED,A+B+ADJUDICATOR,5cc8128360b5ed8c4cc0ad7d9f9b52cb19de87d105ed8a745ffd0db6e53373e3
59c0836e3b2fbfee1349,SRC151,18,PAIR_6B314EAAEE761818939035FC,CLASSIFICATION_CONFLICT,42,88,source_table|source_row_label|subject_name|period_end,MERGE,"both lanes have the provision and its text right. Under the structure ruling the printed provision heading is source_table and the printed provision text is source_row_label, where A copied the slide title into source_table. The provision binds Glass Lewis, so subject_type is service_provider and subject_name is Glass Lewis, where A named a guideline set that is not printed and B named the topic. period_end is blank: a provision is not a period-scoped measurement, and the years it takes effect are printed inside its own text. The quote takes the full printed provision, which the TXT breaks across lines. STRUCTURE RULING, applied to every row of this document: source_section takes the slide title, source_table takes the printed blue block, figure or table heading that governs the row, and source_row_label takes the printed line or category label the value sits on. A copied the slide title into source_table, which loses which block a row belongs to and forces one row label to cover several printed lines.",RESOLVED,A+B+ADJUDICATOR,5cc8128360b5ed8c4cc0ad7d9f9b52cb19de87d105ed8a745ffd0db6e53373e3
2b1e83eadbc4fbe23bee,SRC151,18,PAIR_3349D238C1CCE6F8A72161D2,CLASSIFICATION_CONFLICT,43,89,source_table|source_row_label|subject_name|period_end,MERGE,"both lanes have the provision and its text right. Under the structure ruling the printed provision heading is source_table and the printed provision text is source_row_label, where A copied the slide title into source_table. The provision binds Glass Lewis, so subject_type is service_provider and subject_name is Glass Lewis, where A named a guideline set that is not printed and B named the topic. period_end is blank: a provision is not a period-scoped measurement, and the years it takes effect are printed inside its own text. The quote takes the full printed provision, which the TXT breaks across lines. STRUCTURE RULING, applied to every row of this document: source_section takes the slide title, source_table takes the printed blue block, figure or table heading that governs the row, and source_row_label takes the printed line or category label the value sits on. A copied the slide title into source_table, which loses which block a row belongs to and forces one row label to cover several printed lines.",RESOLVED,A+B+ADJUDICATOR,5cc8128360b5ed8c4cc0ad7d9f9b52cb19de87d105ed8a745ffd0db6e53373e3
ae2e283cd66a124511b8,SRC329,5,,ADJUDICATOR_ADD,,,,ADD,"Document ruling on prose provisions, settled once and applied to every page. IN: a lead-in that expressly introduces the trustee's own principles, requirements or standards, followed by separately set out items each stating a rule of conduct or a test that the trustee, its directors or its proposals must satisfy. OUT, on every page: the bold text of the six Wates Principles, which is an external framework's own principle text the trustee has adopted rather than a statement of its own; a named policy or framework mentioned inside a running narrative sentence; a narration of what a committee did, reviewed or approved during the year; outcomes the scheme aims for, such as the three bulleted strategic priorities on page 3; statements of how the board is composed; and a committee's remit under its printed Role heading, which allocates responsibility inside the governance structure instead of stating a rule that must be followed. Page-005.png prints 'As part of their appointment to the Trustee Board, each trustee director is required to:' above two bullets, which is an express obligation on each director; neither lane extracted them and both called page 5 NO_ELIGIBLE_DATA. Bullet 1 of 2, read off page-005.png.",ADDED,ADJUDICATOR,4f064e09a6d0e0b61d9ca94b0bb018d87e3d3c2a9b212c31463dd4f4b33d7150
4627cf9430134b677b0d,SRC329,5,,ADJUDICATOR_ADD,,,,ADD,"Same document ruling as the preceding row. Bullet 2 of 2 under 'each trustee director is required to:' on page-005.png, an operative obligation neither lane extracted.",ADDED,ADJUDICATOR,4f064e09a6d0e0b61d9ca94b0bb018d87e3d3c2a9b212c31463dd4f4b33d7150
3c6aaabb9d065d7a5886,SRC329,7,PAIR_37E1730F53ABF17B35612B3E,B_ONLY,,1,,MERGE,"The two lanes filed the single document_context row on different pages (A page 15, B page 7). The adjudicator rule sets it to page 1, but page 1 is a bare cover carrying no observation and csv_workflow.py rejects any page whose only record family is document_context, so page 1 is impossible on this file; it is filed on page 7, the earliest page in the document that carries an observation, and A's page-15 row is rejected so exactly one context row survives. Merged: A's full printed cover title as subject_name and A's printed reporting period, B's page and printed running title as text_raw; investor_name corrected off the TXT header-block form 'Ltd' to the printed 'Universities Superannuation Scheme Limited'.",RESOLVED,B+ADJUDICATOR,4f064e09a6d0e0b61d9ca94b0bb018d87e3d3c2a9b212c31463dd4f4b33d7150
def4f0b9dc7690e8de17,SRC329,7,PAIR_8979561A26E0755AEC674014,B_ONLY,,2,,ACCEPT_B,"One-sided row checked against page-007.png, not taken on B's word: the first bullet prints 'Regional meetings between the USS executive and groups of Vice Chancellors and other senior leaders from 34 USS employers', so the count is printed and eligible. engagement_count is the only allowed stewardship category for a stakeholder-engagement count, and A's page-7 NO_ELIGIBLE_DATA is wrong. B's cell, unit and quote are correct as written.",VERIFIED_ONE_SIDED,B,4f064e09a6d0e0b61d9ca94b0bb018d87e3d3c2a9b212c31463dd4f4b33d7150
f09a7ea6b93d12821ad5,SRC329,7,PAIR_D6FF38C6CDA3B7B13DA53B79,B_ONLY,,3,,MERGE,"Confirmed on page-007.png: 'members of the USS Trustee Board and the USS executive held Q&A sessions with around 450 members'. B read the cell correctly but wrote 'around 450' into the value column; metric_value_raw carries the printed number, and the approximation is preserved in metric_name and in the evidence quote, which is where wording belongs. Every other field is B's.",RESOLVED,B+ADJUDICATOR,4f064e09a6d0e0b61d9ca94b0bb018d87e3d3c2a9b212c31463dd4f4b33d7150
2232acd692ce4a95b35d,SRC329,15,,ADJUDICATOR_ADD,,,,ADD,"Same document ruling, applied to the second list on page-015.png, which both lanes missed: 'The aim is to ensure that the proposals:' introduces three separately set out requirements that remuneration proposals must satisfy, structurally identical to the six principles A extracted from the same page. Item (i) of three, read off page-015.png.",ADDED,ADJUDICATOR,4f064e09a6d0e0b61d9ca94b0bb018d87e3d3c2a9b212c31463dd4f4b33d7150
8fb3eb2432023a331194,SRC329,15,,ADJUDICATOR_ADD,,,,ADD,"Same ruling and same printed list on page-015.png. Item (ii) of three, missed by both lanes.",ADDED,ADJUDICATOR,4f064e09a6d0e0b61d9ca94b0bb018d87e3d3c2a9b212c31463dd4f4b33d7150
c3db847dd230ab8173f8,SRC329,15,,ADJUDICATOR_ADD,,,,ADD,"Same ruling and same printed list on page-015.png. Item (iii) of three, missed by both lanes.",ADDED,ADJUDICATOR,4f064e09a6d0e0b61d9ca94b0bb018d87e3d3c2a9b212c31463dd4f4b33d7150
06441268097c52449469,SRC329,15,PAIR_5B2CD43BACD6104B1848BA77,A_ONLY,2,,,ACCEPT_A,"Confirmed on page-015.png: the second column prints 'The principles that underpin our approach to remuneration are as follows:' above six bullets. Under the document ruling that is a lead-in expressly introducing the trustee's own remuneration principles, so each bullet is one separately set out operative policy statement. Bullet 1 of 6; A's text_raw matches the printed bullet and B's page-15 NO_ELIGIBLE_DATA is wrong.",VERIFIED_ONE_SIDED,A,4f064e09a6d0e0b61d9ca94b0bb018d87e3d3c2a9b212c31463dd4f4b33d7150
5e470d593e6849f57376,SRC329,15,PAIR_BFE0CC28F4634466C6CCAA86,A_ONLY,3,,,ACCEPT_A,Same ruling and same printed list on page-015.png. Bullet 2 of 6; A's text_raw matches the printed bullet.,VERIFIED_ONE_SIDED,A,4f064e09a6d0e0b61d9ca94b0bb018d87e3d3c2a9b212c31463dd4f4b33d7150
e0036fb5abc0dd1074b6,SRC329,15,PAIR_DC98A885CC4D929E42164517,A_ONLY,4,,,ACCEPT_A,Same ruling and same printed list on page-015.png. Bullet 3 of 6; A's text_raw matches the printed bullet.,VERIFIED_ONE_SIDED,A,4f064e09a6d0e0b61d9ca94b0bb018d87e3d3c2a9b212c31463dd4f4b33d7150
9da988f41f51f1b62f9e,SRC329,15,PAIR_023E2D73CC2F329E67E68556,A_ONLY,5,,,ACCEPT_A,Same ruling and same printed list on page-015.png. Bullet 4 of 6; A's text_raw matches the printed bullet.,VERIFIED_ONE_SIDED,A,4f064e09a6d0e0b61d9ca94b0bb018d87e3d3c2a9b212c31463dd4f4b33d7150
c6149152a8c59e04de2f,SRC329,15,PAIR_A573ED262AEEC5CA394D8CD1,A_ONLY,6,,,ACCEPT_A,Same ruling and same printed list on page-015.png. Bullet 5 of 6; A's text_raw matches the printed bullet.,VERIFIED_ONE_SIDED,A,4f064e09a6d0e0b61d9ca94b0bb018d87e3d3c2a9b212c31463dd4f4b33d7150
69ca1de2919e1008d153,SRC329,15,PAIR_BC949A80F047E8560AD59293,A_ONLY,7,,,ACCEPT_A,"Same ruling and same printed list on page-015.png. Bullet 6 of 6, printed at the head of the third column; A's text_raw matches the printed bullet.",VERIFIED_ONE_SIDED,A,4f064e09a6d0e0b61d9ca94b0bb018d87e3d3c2a9b212c31463dd4f4b33d7150
695f99e2ab8ab14597bf,SRC339,6,PAIR_CE1F6886F4EC1893BC1536DC,B_ONLY,,1,,MERGE,"The two lanes filed the single document_context row on different pages (A page 14, B page 3). The adjudicator rule sets it to page 1, but page 1 is a bare cover carrying no observation and csv_workflow.py rejects any page whose only record family is document_context, so page 1 is impossible here; it is filed on page 6, the earliest page in the document that carries a surviving record, and A's page-14 row is rejected so exactly one context row survives. period_start is blanked because the document prints only 'the financial year ended 30 June 2025'; A's '1 July 2024' is inferred, not printed.",RESOLVED,B+ADJUDICATOR,515888513c1cef84c8e5e67ff2186012c9fb069191591cec8966e568dc4e556e
7feb8b348b262332caf1,SRC339,6,PAIR_6FD90DD2CC375D17A522CE20,B_ONLY,,16,,ACCEPT_B,Same ruling and same printed statutory list on page-006.png. Bullet 3 of 3.,VERIFIED_ONE_SIDED,B,515888513c1cef84c8e5e67ff2186012c9fb069191591cec8966e568dc4e556e
194dc8c5077e70748d94,SRC339,6,PAIR_DA4FDD191BD63A0DD60EA1FE,B_ONLY,,17,,ACCEPT_B,"Kept under the ruling: page-006.png prints, under GUARDIANS' PURPOSE, that the New Zealand Superannuation and Retirement Income Act 2001 requires the Guardians to invest the Fund on a prudent, commercial basis and to manage it consistently with three bulleted requirements. That is the entity's own governing statute, not an external framework's principles, and each bullet is an operative obligation. Bullet 1 of 3; A's page-6 zero is wrong.",VERIFIED_ONE_SIDED,B,515888513c1cef84c8e5e67ff2186012c9fb069191591cec8966e568dc4e556e
3f90c0584b2d18a06eb9,SRC339,6,PAIR_9CE43D68DBB2A25ECA5D6E03,B_ONLY,,18,,ACCEPT_B,Same ruling and same printed statutory list on page-006.png. Bullet 2 of 3.,VERIFIED_ONE_SIDED,B,515888513c1cef84c8e5e67ff2186012c9fb069191591cec8966e568dc4e556e
92fe6be9b5f429a70167,SRC339,10,PAIR_46826E8E705BCB230524428B,B_ONLY,,52,,ACCEPT_B,Same ruling. 'Completing the attestation is a prerequisite for staff to receive any performance-based incentive payment' is an operative condition.,VERIFIED_ONE_SIDED,B,515888513c1cef84c8e5e67ff2186012c9fb069191591cec8966e568dc4e556e
b1c8175e98a880e7c767,SRC339,10,PAIR_432CA1BAA18367A39BEE4D79,B_ONLY,,53,,ACCEPT_B,Same ruling. 'Conflicts or potential conflicts of interest must be disclosed by advising the General Counsel or the Chief Executive...' is an operative instruction.,VERIFIED_ONE_SIDED,B,515888513c1cef84c8e5e67ff2186012c9fb069191591cec8966e568dc4e556e
5a6496ec2a780e67c66b,SRC339,10,PAIR_B25C679BC6BA1B12F8AC8FC6,B_ONLY,,56,,ACCEPT_B,Same ruling. 'Staff must complete a six-monthly attestation about their compliance with the Guardians' policies' is an obligation with a frequency.,VERIFIED_ONE_SIDED,B,515888513c1cef84c8e5e67ff2186012c9fb069191591cec8966e568dc4e556e
bf0d6c954678caa3f37c,SRC339,10,PAIR_2DBA4E8A24254B5D3DEB5622,B_ONLY,,58,,ACCEPT_B,Same ruling. Requires all potential suppliers and external partners to consider and disclose conflicts during procurement.,VERIFIED_ONE_SIDED,B,515888513c1cef84c8e5e67ff2186012c9fb069191591cec8966e568dc4e556e
7a2857b858f08e967398,SRC339,10,PAIR_676B113576141C9E9997CFB6,B_ONLY,,59,,ACCEPT_B,Same ruling. States that a Securities Trading Procedure applies to all personal trading and related information; a binding scope.,VERIFIED_ONE_SIDED,B,515888513c1cef84c8e5e67ff2186012c9fb069191591cec8966e568dc4e556e
2bd5c03b011c0cbed68a,SRC339,10,PAIR_FDC3599580E68D54F3E0F420,B_ONLY,,60,,ACCEPT_B,Kept under the ruling: the CONFLICTS OF INTEREST section of page-010.png states rules that bind the Board and staff. This row states the requirement to disclose actual or potential conflicts due to a close personal relationship or interest in a transaction. A's page-10 zero is wrong on these six rows.,VERIFIED_ONE_SIDED,B,515888513c1cef84c8e5e67ff2186012c9fb069191591cec8966e568dc4e556e
9c7f8e1e6dba684ea3a9,SRC339,11,PAIR_129D82E115640CEC14C6328B,B_ONLY,,63,,ACCEPT_B,"Same ruling and same printed list. Bullet 2 of 6, applying ESG due diligence to all direct investments.",VERIFIED_ONE_SIDED,B,515888513c1cef84c8e5e67ff2186012c9fb069191591cec8966e568dc4e556e
487c58d6f599841b0f2d,SRC339,11,PAIR_9301B7F3E7C0BCA4F0D927A5,B_ONLY,,65,,ACCEPT_B,"Same ruling and same printed list. Bullet 4 of 6, on ESG capability in external manager selection and contracts.",VERIFIED_ONE_SIDED,B,515888513c1cef84c8e5e67ff2186012c9fb069191591cec8966e568dc4e556e
7fe07fbaa72b6e0369d0,SRC339,11,PAIR_C72063338B41ECE85FE2C1E3,B_ONLY,,66,,ACCEPT_B,"Same ruling and same printed list. Bullet 3 of 6, on human rights, diversity, te ao Maori and Te Tiriti o Waitangi in due diligence.",VERIFIED_ONE_SIDED,B,515888513c1cef84c8e5e67ff2186012c9fb069191591cec8966e568dc4e556e
7f78db7457636c5caec1,SRC339,11,PAIR_B7DDB6833FF2B63E0FB4071A,B_ONLY,,67,,ACCEPT_B,"Kept under the ruling: page-011.png prints the lead-in 'We integrate sustainable investment into our investment processes by:' above six bullets, each a standing process requirement with its own scope. Bullet 1 of 6; A's page-11 zero is wrong on these six rows.",VERIFIED_ONE_SIDED,B,515888513c1cef84c8e5e67ff2186012c9fb069191591cec8966e568dc4e556e
2855d1e3cf885dfb9a9f,SRC339,11,PAIR_7A09AE876469DBEE9139C06E,B_ONLY,,68,,ACCEPT_B,"Same ruling and same printed list. Bullet 6 of 6, on monitoring listed equities and escalating if necessary.",VERIFIED_ONE_SIDED,B,515888513c1cef84c8e5e67ff2186012c9fb069191591cec8966e568dc4e556e
9b7107f0d511a91ead4a,SRC339,11,PAIR_0C54608D3CEB13CBD7B23539,B_ONLY,,69,,ACCEPT_B,"Same ruling and same printed list. Bullet 5 of 6, on seeking investments with measurable positive outcomes.",VERIFIED_ONE_SIDED,B,515888513c1cef84c8e5e67ff2186012c9fb069191591cec8966e568dc4e556e
17f7417a78befb4c4e3f,SRC339,13,PAIR_0EB3E4FD842BA16384525B7C,B_ONLY,,84,,MERGE,"Kept as the one bounded figure on page-013.png: the Engage section prints that the Fund holds shares in more than 1,000 companies, which is the population its engagement programme covers, so coverage is the right category and A's page-13 zero is wrong. B wrote the prose qualifier into the value column; metric_value_raw carries the printed number and the qualifier stays in the note and the evidence quote. as_of_date is blanked because page 13 prints no date; B's '2025' is inferred.",RESOLVED,B+ADJUDICATOR,515888513c1cef84c8e5e67ff2186012c9fb069191591cec8966e568dc4e556e
888ebcb4e73d0221ff6f,SRC339,13,PAIR_F7237D87009DC2C2753A224B,B_ONLY,,88,,ACCEPT_B,Same ruling and same printed list. Factor 2 of 4.,VERIFIED_ONE_SIDED,B,515888513c1cef84c8e5e67ff2186012c9fb069191591cec8966e568dc4e556e
8138a1ca290a6403b9f6,SRC339,13,PAIR_4EA236EB870DF3EB8AF7B773,B_ONLY,,90,,ACCEPT_B,"Kept under the ruling: 'Our priority areas for engagement are climate change, severe environmental damage, human rights, and bribery and corruption' fixes the Guardians' own standing engagement scope, which is a commitment and not a description.",VERIFIED_ONE_SIDED,B,515888513c1cef84c8e5e67ff2186012c9fb069191591cec8966e568dc4e556e
18928d7f4d4619b47539,SRC339,13,PAIR_161BB56EFE0CA52BA9D74A46,B_ONLY,,91,,ACCEPT_B,"Kept under the ruling: page-013.png prints the lead-in 'Other factors we take into account include:' above four bullets, which are the printed criteria of the engagement prioritisation policy. Factor 1 of 4.",VERIFIED_ONE_SIDED,B,515888513c1cef84c8e5e67ff2186012c9fb069191591cec8966e568dc4e556e
71bbaa0c994de4830938,SRC339,13,PAIR_5FC4220A3B44537CC3D6E449,B_ONLY,,92,,ACCEPT_B,Same ruling and same printed list. Factor 3 of 4.,VERIFIED_ONE_SIDED,B,515888513c1cef84c8e5e67ff2186012c9fb069191591cec8966e568dc4e556e
5d86fa561341b4235514,SRC339,13,PAIR_DB347253AAD9FABA68043F23,B_ONLY,,93,,ACCEPT_B,Same ruling and same printed list. Factor 4 of 4.,VERIFIED_ONE_SIDED,B,515888513c1cef84c8e5e67ff2186012c9fb069191591cec8966e568dc4e556e
b4e010e8f89b75da3d83,SRC339,14,PAIR_13AE8EA3451FB05A938D1EAE,CLASSIFICATION_CONFLICT,2,100,source_row_label|subject_type|subject_name|period_start|period_end|unit,ACCEPT_B,"Same printed sentence read by both lanes on page-014.png: reo carried out 543 engagement activities in the year from July 2024 to June 2025. B is taken on the context fields: the page prints 'In the year from July 2024 to June 2025', so B's verbatim July 2024 and June 2025 are right and A's reformatted 1 July 2024 and 30 June 2025 are not printed anywhere in the document; B's subject_name 'reo service' is printed while A's 'reo engagement on behalf of the Crown Financial Institutions' is constructed. Value, category and page agree.",RESOLVED,B,515888513c1cef84c8e5e67ff2186012c9fb069191591cec8966e568dc4e556e
8cd0ccdb89fee166ccc0,SRC339,14,PAIR_FB9936142205B0BA044890EB,B_ONLY,,101,,ACCEPT_B,"Same sentence, 352 companies covered. One-sided only because A filed the same cell under its own row label; A's duplicate is rejected under PAIR_BEF84F32D0F92C7FCC42210A so the cell is published once. Verified against page-014.png.",VERIFIED_ONE_SIDED,B,515888513c1cef84c8e5e67ff2186012c9fb069191591cec8966e568dc4e556e
73e1d6d91f1f282b866c,SRC339,14,PAIR_EB5E9461F14D655BF29BF9BF,B_ONLY,,102,,ACCEPT_B,"Same sentence, 34 countries. A's duplicate is rejected under PAIR_A21658287E64C42D33248A9F.",VERIFIED_ONE_SIDED,B,515888513c1cef84c8e5e67ff2186012c9fb069191591cec8966e568dc4e556e
a8dd2873813fd4f85266,SRC339,14,PAIR_4BC01DA52844D50E38126E9D,B_ONLY,,103,,ACCEPT_B,"Same sentence, 304 climate engagement activities. A's duplicate is rejected under PAIR_9FB527BB4488924DDB64587B.",VERIFIED_ONE_SIDED,B,515888513c1cef84c8e5e67ff2186012c9fb069191591cec8966e568dc4e556e
3e733903848388ce8be5,SRC339,14,PAIR_A9AD6EEDE98A3E4AC2E105C2,B_ONLY,,104,,ACCEPT_B,"Same sentence, 214 companies covered on climate change. A's duplicate is rejected under PAIR_F7BB1D544DAB88D08F8A6BC2.",VERIFIED_ONE_SIDED,B,515888513c1cef84c8e5e67ff2186012c9fb069191591cec8966e568dc4e556e
f8a7308b26e1ceb27e10,SRC339,14,PAIR_046906CFEFF04855F50B4C09,B_ONLY,,105,,ACCEPT_B,"Same sentence, 46 milestones achieved. Printed on page-014.png and missed by A entirely.",VERIFIED_ONE_SIDED,B,515888513c1cef84c8e5e67ff2186012c9fb069191591cec8966e568dc4e556e
93a7bed06b0b52de4f1a,SRC339,14,PAIR_DBC999F501502EC23E752A82,B_ONLY,,107,,MERGE,"Printed on page-014.png: 'it has engaged with more than 6,400 companies on a wide range of ESG issues'. Both lanes wrote the prose qualifier into the value column; metric_value_raw carries the printed number and the qualifier stays in the note and the evidence quote, the same repair applied to every 'more than' figure in this file. A's duplicate under PAIR_98C371DF17273156B464CEF9 is rejected.",RESOLVED,B+ADJUDICATOR,515888513c1cef84c8e5e67ff2186012c9fb069191591cec8966e568dc4e556e
8bfe3edea9568339daf1,SRC339,14,PAIR_8544930DAC7AE044808C9D4B,B_ONLY,,108,,MERGE,"Printed on page-014.png: 'The reo service has US$732 billion in assets under engagement (as at June 2025)'. B carries the printed as-at date; A's duplicate under PAIR_7A9F81BC1C28F31C209523A5 is rejected.; Source review: p14: US$732 billion in assets under engagement (The service reports engagement coverage rather than managed assets.) | p14: US$732 billion in assets under engagement (Printed heading or definition supporting the source-reviewed qualifier.) | p14: US$732 billion in assets under engagement (Supersedes SR2925: the printed entity or table label is context, not a measurement basis; source labels retain its scope.)",RESOLVED,B+ADJUDICATOR,515888513c1cef84c8e5e67ff2186012c9fb069191591cec8966e568dc4e556e
7c16fdc446934b68e33f,SRC339,15,PAIR_59025D6C9456C31D7E48168E,CLASSIFICATION_CONFLICT,9,126,subject_name|period_start|period_end|metric_name|unit,ACCEPT_B,Same page-15 ruling. Companies Engaged 105; B keeps the printed label while A appended a qualifier.,RESOLVED,B,515888513c1cef84c8e5e67ff2186012c9fb069191591cec8966e568dc4e556e
06077310603adfdc4a97,SRC339,15,PAIR_EAB82B6358822DC4AE428F7B,CLASSIFICATION_CONFLICT,10,127,subject_name|period_start|period_end|unit,ACCEPT_B,Same page-15 ruling. Engagements on climate change 142.,RESOLVED,B,515888513c1cef84c8e5e67ff2186012c9fb069191591cec8966e568dc4e556e
75ced4b17564335e4a1d,SRC339,15,PAIR_73F5ED8ACB802DAF6C2D70A7,B_ONLY,,128,,ACCEPT_B,Same ruling. Climate change engagement table prints Milestones achieved relating to Climate Change 16; A skipped it.,VERIFIED_ONE_SIDED,B,515888513c1cef84c8e5e67ff2186012c9fb069191591cec8966e568dc4e556e
3076d2bc0593764c08a1,SRC339,15,PAIR_4B0EBBF6C94B595A509AD89C,CLASSIFICATION_CONFLICT,11,129,subject_name|period_start|period_end|unit,ACCEPT_B,Same page-15 ruling. Companies engaged 191.,RESOLVED,B,515888513c1cef84c8e5e67ff2186012c9fb069191591cec8966e568dc4e556e
429f5090f6df7645e05d,SRC339,15,PAIR_E43C26F5B633556EBE8FE6D9,CLASSIFICATION_CONFLICT,12,130,subject_name|period_start|period_end|metric_category|unit,MERGE,"Same page-15 ruling, with one correction against B: Countries covered 27 measures the geographic breadth of the engagement programme, so the category is coverage, as both A and B typed the equivalent 34 countries figure on page 14; B's engagement_count would count countries as engagements. Every other field is B's.",RESOLVED,A+B+ADJUDICATOR,515888513c1cef84c8e5e67ff2186012c9fb069191591cec8966e568dc4e556e
a1b1471b91141c64769e,SRC339,15,PAIR_CF63C197721A485C9C51D0F5,CLASSIFICATION_CONFLICT,13,131,subject_name|period_start|period_end|unit,ACCEPT_B,"Page-15 and page-16 table ruling, settled once and applied to every cell on both pages. The values agree everywhere; the conflicts are conventions. B is taken because: the SDGs, sector, sub theme, milestone and progress tables have entities in the rows and measures in the columns, so the table-shape rule makes metric_name the leaf column header (Sum, %, Number) and A took the row label; neither page prints a period, so A's 1 July 2024 and 30 June 2025 are inferred and B's blanks are right; subject_name is the printed entity NZ Super Fund, which every table title names, and A used the table title or the row label; and B carries the printed unit including the % on every percentage column. Counted from page-015.png the page prints 51 value cells and B reached all 51 against A's 20. This row: Engagements 293.",RESOLVED,B,515888513c1cef84c8e5e67ff2186012c9fb069191591cec8966e568dc4e556e
f3e74d69fe22aed73f11,SRC339,15,PAIR_7C3CDC1D214C43680AC95E14,B_ONLY,,132,,ACCEPT_B,"Same page-15 ruling, one-sided and checked against page-015.png: the Engagement activities table prints Milestones achieved 45 and A skipped the row.",VERIFIED_ONE_SIDED,B,515888513c1cef84c8e5e67ff2186012c9fb069191591cec8966e568dc4e556e
a1b6a84180fc84a2e5ed,SRC339,15,PAIR_7BDAEE9528B898D7E8072BCE,B_ONLY,,133,,ACCEPT_B,Same ruling. Engagements by issue: Business Conduct 9.07%.,VERIFIED_ONE_SIDED,B,515888513c1cef84c8e5e67ff2186012c9fb069191591cec8966e568dc4e556e
388663caf7ed5b68e3ea,SRC339,15,PAIR_0D1135AA7294A5051211C463,B_ONLY,,134,,ACCEPT_B,"Same ruling. The Engagements by issue donut on page-015.png prints seven labelled percentages, all of which A skipped. Climate Change 25.77%.",VERIFIED_ONE_SIDED,B,515888513c1cef84c8e5e67ff2186012c9fb069191591cec8966e568dc4e556e
74d18da3fd00ffcd5065,SRC339,15,PAIR_BF161FEB4DB00407FC12BB02,B_ONLY,,135,,ACCEPT_B,Same ruling. Engagements by issue: Corporate Governance 23.96%.,VERIFIED_ONE_SIDED,B,515888513c1cef84c8e5e67ff2186012c9fb069191591cec8966e568dc4e556e
5ac723d2b2bfd5611222,SRC339,15,PAIR_1AAA607B04773A1A2BEA0C5A,B_ONLY,,136,,ACCEPT_B,Same ruling. Engagements by issue: Environmental Stewardship 16.70%.,VERIFIED_ONE_SIDED,B,515888513c1cef84c8e5e67ff2186012c9fb069191591cec8966e568dc4e556e
57de7939d5a8a943826d,SRC339,15,PAIR_29A2AF755D30028E4E75DD60,B_ONLY,,137,,ACCEPT_B,Same ruling. Engagements by issue: Human Rights 8.71%.,VERIFIED_ONE_SIDED,B,515888513c1cef84c8e5e67ff2186012c9fb069191591cec8966e568dc4e556e
30ac6dad13511d7cece9,SRC339,15,PAIR_E89BF36931F16C97E0C121CA,B_ONLY,,138,,ACCEPT_B,Same ruling. Engagements by issue: Labour Standards 14.34%.,VERIFIED_ONE_SIDED,B,515888513c1cef84c8e5e67ff2186012c9fb069191591cec8966e568dc4e556e
8d40034523dc6f7ef216,SRC339,15,PAIR_2D04DE99FE701BFC306D17CA,B_ONLY,,139,,ACCEPT_B,Same ruling. Engagements by issue: Public Health 1.45%.,VERIFIED_ONE_SIDED,B,515888513c1cef84c8e5e67ff2186012c9fb069191591cec8966e568dc4e556e
4de975f199a9d30bc57d,SRC339,15,PAIR_676F7589E7FCFBF8D8F58230,B_ONLY,,140,,ACCEPT_B,Same ruling. Milestones achieved by issue: Business Conduct 1.,VERIFIED_ONE_SIDED,B,515888513c1cef84c8e5e67ff2186012c9fb069191591cec8966e568dc4e556e
f4e4cef6301da7685a16,SRC339,15,PAIR_A5C48EE6C311B27EBE1C38F2,B_ONLY,,141,,ACCEPT_B,"Same ruling. The Milestones achieved by issue table on page-015.png prints seven values, all of which A skipped. Climate Change 16.",VERIFIED_ONE_SIDED,B,515888513c1cef84c8e5e67ff2186012c9fb069191591cec8966e568dc4e556e
730c73d855f201b8cb10,SRC339,15,PAIR_2CD2C6A2520A24A16D44EE13,B_ONLY,,142,,ACCEPT_B,Same ruling. Milestones achieved by issue: Corporate Governance 6.,VERIFIED_ONE_SIDED,B,515888513c1cef84c8e5e67ff2186012c9fb069191591cec8966e568dc4e556e
198868c8ab46bad6f3af,SRC339,15,PAIR_DB95145834A3442FFB0A282E,B_ONLY,,143,,ACCEPT_B,Same ruling. Milestones achieved by issue: Environmental Stewardship 15.,VERIFIED_ONE_SIDED,B,515888513c1cef84c8e5e67ff2186012c9fb069191591cec8966e568dc4e556e
ca045a07ca9f96bdf873,SRC339,15,PAIR_CE704143704958997723CE72,B_ONLY,,144,,ACCEPT_B,Same ruling. Milestones achieved by issue: Human Rights 1.,VERIFIED_ONE_SIDED,B,515888513c1cef84c8e5e67ff2186012c9fb069191591cec8966e568dc4e556e
946b600f4f1bf806462f,SRC339,15,PAIR_4AD17EE9633FBE5B916858C3,B_ONLY,,145,,ACCEPT_B,Same ruling. Milestones achieved by issue: Labour Standards 6.,VERIFIED_ONE_SIDED,B,515888513c1cef84c8e5e67ff2186012c9fb069191591cec8966e568dc4e556e
3bb5b1748c5a6db67148,SRC339,15,PAIR_F872069EFA694250012C00B0,B_ONLY,,146,,ACCEPT_B,"Same ruling. Milestones achieved by issue: Total 45, a printed total row.",VERIFIED_ONE_SIDED,B,515888513c1cef84c8e5e67ff2186012c9fb069191591cec8966e568dc4e556e
f77afc3f5d10e3fa0ff1,SRC339,15,PAIR_5E3FD8CC04107F95537339D4,B_ONLY,,147,,ACCEPT_B,Same ruling. SDG 10 Reduced Inequalities 1%.,VERIFIED_ONE_SIDED,B,515888513c1cef84c8e5e67ff2186012c9fb069191591cec8966e568dc4e556e
158d3aabbd80efdef3b6,SRC339,15,PAIR_32351CE9A81086EF008B93B4,CLASSIFICATION_CONFLICT,25,148,source_row_label|subject_name|period_start|period_end|metric_name|unit,ACCEPT_B,"Same page-15 ruling. SDG 10 Reduced Inequalities, Sum 3.",RESOLVED,B,515888513c1cef84c8e5e67ff2186012c9fb069191591cec8966e568dc4e556e
9f93c56826fe157d8e84,SRC339,15,PAIR_02F326643D71F1DEFFE3C849,B_ONLY,,149,,ACCEPT_B,Same ruling. SDG 11 Sustainable Cities and Communities 2%.,VERIFIED_ONE_SIDED,B,515888513c1cef84c8e5e67ff2186012c9fb069191591cec8966e568dc4e556e
b4206ccb473ee2d6b820,SRC339,15,PAIR_05DEF884B81B4DAAF8DC711F,CLASSIFICATION_CONFLICT,27,150,source_row_label|subject_name|period_start|period_end|metric_name|unit,ACCEPT_B,"Same page-15 ruling. SDG 11 Sustainable Cities and Communities, Sum 8.",RESOLVED,B,515888513c1cef84c8e5e67ff2186012c9fb069191591cec8966e568dc4e556e
8f47ab9cfd738d8e9b8d,SRC339,15,PAIR_B724841CEF22F392ECB4F3F6,B_ONLY,,151,,ACCEPT_B,Same ruling. SDG 12 Responsible Consumption and Production 16%.,VERIFIED_ONE_SIDED,B,515888513c1cef84c8e5e67ff2186012c9fb069191591cec8966e568dc4e556e
b8138135d0d88cf7adaa,SRC339,15,PAIR_0CCB7CF1C252486990C1FE75,CLASSIFICATION_CONFLICT,26,152,source_row_label|subject_name|period_start|period_end|metric_name|unit,ACCEPT_B,"Same page-15 ruling. SDG 12 Responsible Consumption and Production, Sum 61.",RESOLVED,B,515888513c1cef84c8e5e67ff2186012c9fb069191591cec8966e568dc4e556e
3d00dfe100d684710caf,SRC339,15,PAIR_061A95DEA16CA7888C8F9BA6,B_ONLY,,153,,ACCEPT_B,Same ruling. SDG 13 Climate Action 21%.,VERIFIED_ONE_SIDED,B,515888513c1cef84c8e5e67ff2186012c9fb069191591cec8966e568dc4e556e
2dd8d9da2c4481525bde,SRC339,15,PAIR_9222678B9F444AA7AA28EB85,CLASSIFICATION_CONFLICT,16,154,source_row_label|subject_name|period_start|period_end|metric_name|unit,ACCEPT_B,"Same page-15 ruling. SDG 13 Climate Action, Sum 81.",RESOLVED,B,515888513c1cef84c8e5e67ff2186012c9fb069191591cec8966e568dc4e556e
d62cbcdcd175f270a394,SRC339,15,PAIR_29C09C1754836D86B4E2F39A,B_ONLY,,155,,ACCEPT_B,Same ruling. SDG 14 Life Below Water 2%.,VERIFIED_ONE_SIDED,B,515888513c1cef84c8e5e67ff2186012c9fb069191591cec8966e568dc4e556e
131e523be5c85fc1169d,SRC339,15,PAIR_5000DD5AE991B3EDA5929473,CLASSIFICATION_CONFLICT,21,156,source_row_label|subject_name|period_start|period_end|metric_name|unit,ACCEPT_B,"Same page-15 ruling. SDG 14 Life Below Water, Sum 8.",RESOLVED,B,515888513c1cef84c8e5e67ff2186012c9fb069191591cec8966e568dc4e556e
8901dd9e0fecfb6dccce,SRC339,15,PAIR_1790A7EF3B33E2CCBEDCB8A5,B_ONLY,,157,,ACCEPT_B,Same ruling. SDG 15 Life on Land 6%.,VERIFIED_ONE_SIDED,B,515888513c1cef84c8e5e67ff2186012c9fb069191591cec8966e568dc4e556e
a16b430a6719b78be67a,SRC339,15,PAIR_BE1A276C1E2F01C2A925CEA1,CLASSIFICATION_CONFLICT,22,158,source_row_label|subject_name|period_start|period_end|metric_name|unit,ACCEPT_B,"Same page-15 ruling. SDG 15 Life on Land, Sum 23.",RESOLVED,B,515888513c1cef84c8e5e67ff2186012c9fb069191591cec8966e568dc4e556e
ea93955d163781488a1e,SRC339,15,PAIR_102E12E59A05297A70FAE54C,B_ONLY,,159,,ACCEPT_B,"Same ruling. SDG 16 Peace, Justice and Strong Institutions 1%.",VERIFIED_ONE_SIDED,B,515888513c1cef84c8e5e67ff2186012c9fb069191591cec8966e568dc4e556e
cfe798f2e0716cf1f2ab,SRC339,15,PAIR_110E4C6EC0CD7F5F51E79E86,CLASSIFICATION_CONFLICT,24,160,source_row_label|subject_name|period_start|period_end|metric_name|unit,ACCEPT_B,"Same page-15 ruling. SDG 16 Peace, Justice and Strong Institutions, Sum 3.",RESOLVED,B,515888513c1cef84c8e5e67ff2186012c9fb069191591cec8966e568dc4e556e
c8b2561a3f6965e9aa0e,SRC339,15,PAIR_DF8F70E264EA410265F446DA,B_ONLY,,161,,ACCEPT_B,Same ruling. The SDGs table prints a % column beside the Sum column and A extracted only Sum. SDG 2 Zero Hunger 3%.,VERIFIED_ONE_SIDED,B,515888513c1cef84c8e5e67ff2186012c9fb069191591cec8966e568dc4e556e
be5973d5a1d9ef1267a4,SRC339,15,PAIR_CC8842B9C73ABF83A273998B,CLASSIFICATION_CONFLICT,28,162,source_row_label|subject_name|period_start|period_end|metric_name|unit,ACCEPT_B,"Same page-15 ruling. SDG 2 Zero Hunger, Sum 10.",RESOLVED,B,515888513c1cef84c8e5e67ff2186012c9fb069191591cec8966e568dc4e556e
9a3218940d6027c39480,SRC339,15,PAIR_6BC9CBE60E3C633ED5D9C6B8,B_ONLY,,163,,ACCEPT_B,Same ruling. SDG 3 Good Health and Well-Being 4%.,VERIFIED_ONE_SIDED,B,515888513c1cef84c8e5e67ff2186012c9fb069191591cec8966e568dc4e556e
01d64b500c614d9c2b94,SRC339,15,PAIR_41579807C706D5D9C7D890ED,CLASSIFICATION_CONFLICT,19,164,source_row_label|subject_name|period_start|period_end|metric_name|unit,ACCEPT_B,"Same page-15 ruling. SDG 3 Good Health and Well-Being, Sum 17.",RESOLVED,B,515888513c1cef84c8e5e67ff2186012c9fb069191591cec8966e568dc4e556e
a64a7803d49089a9696b,SRC339,15,PAIR_BC9C3D13E714A6EFDE63DB3E,B_ONLY,,165,,ACCEPT_B,Same ruling. SDG 5 Gender Equality 3%.,VERIFIED_ONE_SIDED,B,515888513c1cef84c8e5e67ff2186012c9fb069191591cec8966e568dc4e556e
545361cae4359c79074b,SRC339,15,PAIR_429F52C31B9BE0EF6A1FAE84,CLASSIFICATION_CONFLICT,18,166,source_row_label|subject_name|period_start|period_end|metric_name|unit,ACCEPT_B,"Same page-15 ruling. SDG 5 Gender Equality, Sum 12.",RESOLVED,B,515888513c1cef84c8e5e67ff2186012c9fb069191591cec8966e568dc4e556e
1b522d099cf344b100e1,SRC339,15,PAIR_AC04968994CD498A69727FEC,B_ONLY,,167,,ACCEPT_B,Same ruling. SDG 6 Clean Water and Sanitation 8%.,VERIFIED_ONE_SIDED,B,515888513c1cef84c8e5e67ff2186012c9fb069191591cec8966e568dc4e556e
e609964b2efc754f4c12,SRC339,15,PAIR_43574D8194C0DB8716A6750D,CLASSIFICATION_CONFLICT,15,168,source_row_label|subject_name|period_start|period_end|metric_name|unit,ACCEPT_B,"Same page-15 ruling. SDG 6 Clean Water and Sanitation, Sum 31.",RESOLVED,B,515888513c1cef84c8e5e67ff2186012c9fb069191591cec8966e568dc4e556e
b1f314d690d49c9d11f8,SRC339,15,PAIR_6F6DDF56AE0254670C3AD0E3,B_ONLY,,169,,ACCEPT_B,Same ruling. SDG 7 Affordable and Clean Energy 1%.,VERIFIED_ONE_SIDED,B,515888513c1cef84c8e5e67ff2186012c9fb069191591cec8966e568dc4e556e
5802f7326008598d9d2d,SRC339,15,PAIR_1427D5DDAB29892BA881FC74,CLASSIFICATION_CONFLICT,14,170,source_row_label|subject_name|period_start|period_end|metric_name|unit,ACCEPT_B,"Same page-15 ruling. SDG 7 Affordable and Clean Energy, Sum 5.",RESOLVED,B,515888513c1cef84c8e5e67ff2186012c9fb069191591cec8966e568dc4e556e
3f5fc7f7d535c87120db,SRC339,15,PAIR_CEF94C13D42707997E748EF6,B_ONLY,,171,,ACCEPT_B,Same ruling. SDG 8 Decent Work and Economic Growth 11%.,VERIFIED_ONE_SIDED,B,515888513c1cef84c8e5e67ff2186012c9fb069191591cec8966e568dc4e556e
82f6fe1553d3c3f3f121,SRC339,15,PAIR_364972913E8EC344FA794DD3,CLASSIFICATION_CONFLICT,17,172,source_row_label|subject_name|period_start|period_end|metric_name|unit,ACCEPT_B,"Same page-15 ruling. SDG 8 Decent Work and Economic Growth, Sum 42.",RESOLVED,B,515888513c1cef84c8e5e67ff2186012c9fb069191591cec8966e568dc4e556e
ef54c6939a207bfccf1c,SRC339,15,PAIR_A6112E987A238D416E9301C5,B_ONLY,,173,,ACCEPT_B,"Same ruling. SDG 9 Industry, Innovation and Infrastructure 2%.",VERIFIED_ONE_SIDED,B,515888513c1cef84c8e5e67ff2186012c9fb069191591cec8966e568dc4e556e
bc68d31aaf60254de6c1,SRC339,15,PAIR_71B797393835056CB983E4F9,CLASSIFICATION_CONFLICT,20,174,source_row_label|subject_name|period_start|period_end|metric_name|unit,ACCEPT_B,"Same page-15 ruling. SDG 9 Industry, Innovation and Infrastructure, Sum 8.",RESOLVED,B,515888513c1cef84c8e5e67ff2186012c9fb069191591cec8966e568dc4e556e
03f7167b9c229473cb2a,SRC339,15,PAIR_3B6583836C9D67AFDBAFB7AB,B_ONLY,,175,,ACCEPT_B,"Same ruling. No SDG 18%. SDG rows 1, 4 and 17 print a dash in both columns and correctly produce no row in either lane.",VERIFIED_ONE_SIDED,B,515888513c1cef84c8e5e67ff2186012c9fb069191591cec8966e568dc4e556e
a6c079077b36473c6747,SRC339,15,PAIR_B8094D80D9A4A23F673277E4,CLASSIFICATION_CONFLICT,23,176,subject_name|period_start|period_end|metric_name|unit,ACCEPT_B,"Same page-15 ruling. No SDG, Sum 68.",RESOLVED,B,515888513c1cef84c8e5e67ff2186012c9fb069191591cec8966e568dc4e556e
db85d6c546daddc5eb0e,SRC339,16,PAIR_DB9BF152E39F3AAC738806BC,CLASSIFICATION_CONFLICT,29,177,subject_type|subject_name|asset_class|period_start|period_end|metric_name|unit,ACCEPT_B,"Same page-15 and page-16 table ruling. Counted from page-016.png the page prints 29 value cells across five tables and B reached all 29 against A's 23. A additionally put the GICS sector in asset_class; an equity sector is not an asset class and the row label already carries it, so B's blank is right. Climate engagement by sector: Communication Services 3.",RESOLVED,B,515888513c1cef84c8e5e67ff2186012c9fb069191591cec8966e568dc4e556e
631097a5ac09a4e7d7ed,SRC339,16,PAIR_A45867420892341854639E0E,CLASSIFICATION_CONFLICT,30,178,subject_type|subject_name|asset_class|period_start|period_end|metric_name|unit,ACCEPT_B,Same page-16 ruling. Consumer Discretionary 16.,RESOLVED,B,515888513c1cef84c8e5e67ff2186012c9fb069191591cec8966e568dc4e556e
909047242b3a904cebf0,SRC339,16,PAIR_323E16A0727623561A90C181,CLASSIFICATION_CONFLICT,31,179,subject_type|subject_name|asset_class|period_start|period_end|metric_name|unit,ACCEPT_B,Same page-16 ruling. Consumer Staples 18.,RESOLVED,B,515888513c1cef84c8e5e67ff2186012c9fb069191591cec8966e568dc4e556e
1cb56f0b6976b6d71d1f,SRC339,16,PAIR_A82E2DF0D7BED82488428328,CLASSIFICATION_CONFLICT,32,180,subject_type|subject_name|asset_class|period_start|period_end|metric_name|unit,ACCEPT_B,Same page-16 ruling. Energy 1.,RESOLVED,B,515888513c1cef84c8e5e67ff2186012c9fb069191591cec8966e568dc4e556e
b04d8db6f44185a9ca6f,SRC339,16,PAIR_F70652E36E1DA075660F6D07,CLASSIFICATION_CONFLICT,33,181,subject_type|subject_name|asset_class|period_start|period_end|metric_name|unit,ACCEPT_B,Same page-16 ruling. Financials 7.,RESOLVED,B,515888513c1cef84c8e5e67ff2186012c9fb069191591cec8966e568dc4e556e
48bc8b05607045683679,SRC339,16,PAIR_AA18F870C6B9E22F4FEA05B5,CLASSIFICATION_CONFLICT,34,182,subject_type|subject_name|asset_class|period_start|period_end|metric_name|unit,ACCEPT_B,Same page-16 ruling. Healthcare 17.,RESOLVED,B,515888513c1cef84c8e5e67ff2186012c9fb069191591cec8966e568dc4e556e
1a070e826e29896411dd,SRC339,16,PAIR_53627162BACD3AB9E724D5C7,CLASSIFICATION_CONFLICT,35,183,subject_type|subject_name|asset_class|period_start|period_end|metric_name|unit,ACCEPT_B,Same page-16 ruling. Industrials 27.,RESOLVED,B,515888513c1cef84c8e5e67ff2186012c9fb069191591cec8966e568dc4e556e
6921bf4d77a8cd5f5e84,SRC339,16,PAIR_29B05CB401A1CB4982867B8B,CLASSIFICATION_CONFLICT,36,184,subject_type|subject_name|asset_class|period_start|period_end|metric_name|unit,ACCEPT_B,Same page-16 ruling. Information Technology 20.,RESOLVED,B,515888513c1cef84c8e5e67ff2186012c9fb069191591cec8966e568dc4e556e
151eb8836e7b8de886ab,SRC339,16,PAIR_CB3173602071239B4A6D46A4,CLASSIFICATION_CONFLICT,37,185,subject_type|subject_name|asset_class|period_start|period_end|metric_name|unit,ACCEPT_B,Same page-16 ruling. Materials 14.,RESOLVED,B,515888513c1cef84c8e5e67ff2186012c9fb069191591cec8966e568dc4e556e
17588be01287dbedfcb9,SRC339,16,PAIR_69E98B669AC70A6E43AA367D,CLASSIFICATION_CONFLICT,38,186,subject_type|subject_name|asset_class|period_start|period_end|metric_name|unit,ACCEPT_B,Same page-16 ruling. Real Estate 13.,RESOLVED,B,515888513c1cef84c8e5e67ff2186012c9fb069191591cec8966e568dc4e556e
e360147695ac8e302950,SRC339,16,PAIR_7FCE845F42157E9362DDF2AA,CLASSIFICATION_CONFLICT,39,187,subject_type|subject_name|asset_class|period_start|period_end|metric_name|unit,ACCEPT_B,Same page-16 ruling. Utilities 6.,RESOLVED,B,515888513c1cef84c8e5e67ff2186012c9fb069191591cec8966e568dc4e556e
70ed44677139c7241b99,SRC339,16,PAIR_0D49EBB0FC91FADF172ACF57,CLASSIFICATION_CONFLICT,40,188,subject_name|period_start|period_end|metric_name|unit,ACCEPT_B,Same page-16 ruling. Sub theme: Climate Change Lobbying 8.,RESOLVED,B,515888513c1cef84c8e5e67ff2186012c9fb069191591cec8966e568dc4e556e
c23ada1adeb92e933f7c,SRC339,16,PAIR_47F78014E863B2C9E452219D,CLASSIFICATION_CONFLICT,41,189,subject_name|period_start|period_end|metric_name|unit,ACCEPT_B,Same page-16 ruling. Sub theme: Climate Change Other 7.,RESOLVED,B,515888513c1cef84c8e5e67ff2186012c9fb069191591cec8966e568dc4e556e
a503b4236fe1a25d1f80,SRC339,16,PAIR_58A045C620ED9413A3904382,CLASSIFICATION_CONFLICT,42,190,subject_name|period_start|period_end|metric_name|unit,ACCEPT_B,Same page-16 ruling. Sub theme: Climate Finance 21.,RESOLVED,B,515888513c1cef84c8e5e67ff2186012c9fb069191591cec8966e568dc4e556e
fbd8d41cb2cc9166f9a0,SRC339,16,PAIR_5D240CC4B59196BEA73EBDD1,CLASSIFICATION_CONFLICT,43,191,subject_name|period_start|period_end|metric_name|unit,ACCEPT_B,Same page-16 ruling. Sub theme: Disclosure and Transparency 50.,RESOLVED,B,515888513c1cef84c8e5e67ff2186012c9fb069191591cec8966e568dc4e556e
b144b4a1ac56ca2795dd,SRC339,16,PAIR_9D86061A6E1D3F804917B9DB,CLASSIFICATION_CONFLICT,44,192,subject_name|period_start|period_end|metric_name|unit,ACCEPT_B,Same page-16 ruling. Sub theme: Emissions Management 26.,RESOLVED,B,515888513c1cef84c8e5e67ff2186012c9fb069191591cec8966e568dc4e556e
4911a47580e79dc00c7e,SRC339,16,PAIR_9D35993E96108DFACD274BF5,CLASSIFICATION_CONFLICT,45,193,subject_name|period_start|period_end|metric_name|unit,ACCEPT_B,Same page-16 ruling. Sub theme: Energy Transition 48.,RESOLVED,B,515888513c1cef84c8e5e67ff2186012c9fb069191591cec8966e568dc4e556e
5712abebec19bb2e798d,SRC339,16,PAIR_DBD4BE76F8236FF307BFA9E1,CLASSIFICATION_CONFLICT,46,194,subject_name|period_start|period_end|metric_name|unit,ACCEPT_B,Same page-16 ruling. Sub theme: Just Transition 9.,RESOLVED,B,515888513c1cef84c8e5e67ff2186012c9fb069191591cec8966e568dc4e556e
5159a859ba2106f6c565,SRC339,16,PAIR_D203F5570190F103BFA8D6AD,CLASSIFICATION_CONFLICT,47,195,subject_name|period_start|period_end|metric_name|unit,ACCEPT_B,Same page-16 ruling. Climate engagement by sub theme: Net zero strategy 65.,RESOLVED,B,515888513c1cef84c8e5e67ff2186012c9fb069191591cec8966e568dc4e556e
ea1bd26cac7b446f5b34,SRC339,16,PAIR_4D8D8C365B4AD6C701BC84AB,CLASSIFICATION_CONFLICT,48,196,subject_name|period_start|period_end|metric_name|unit,ACCEPT_B,Same page-16 ruling. Sub theme: Resilience and Adaptation 46.,RESOLVED,B,515888513c1cef84c8e5e67ff2186012c9fb069191591cec8966e568dc4e556e
ea3422bb6ae7a8d58080,SRC339,16,PAIR_3DEFE87D933031AB7AD1A878,B_ONLY,,197,,ACCEPT_B,"Same page-16 ruling, one-sided and checked against page-016.png: the page prints a separate Climate milestone breakdown by sub theme table of six values that A skipped entirely, which is the whole 29 against 23 gap. B distinguishes it from the engagement breakdown of the same sub theme names by source_occurrence 2. Climate Change Lobbying 1.",VERIFIED_ONE_SIDED,B,515888513c1cef84c8e5e67ff2186012c9fb069191591cec8966e568dc4e556e
dfbc09cdb984032447e0,SRC339,16,PAIR_0EC68146AE6B7D875840F3F1,B_ONLY,,198,,ACCEPT_B,Same ruling. Climate milestone breakdown: Disclosure and Transparency 6.,VERIFIED_ONE_SIDED,B,515888513c1cef84c8e5e67ff2186012c9fb069191591cec8966e568dc4e556e
9663dfa9c9ec1254c00e,SRC339,16,PAIR_7FF0C90A8A79A8DA623596B7,B_ONLY,,199,,ACCEPT_B,Same ruling. Climate milestone breakdown: Emissions Management 7.,VERIFIED_ONE_SIDED,B,515888513c1cef84c8e5e67ff2186012c9fb069191591cec8966e568dc4e556e
3fba03fa4cf4ccd075e1,SRC339,16,PAIR_5F55F45C9855D88F1A6ABB2B,B_ONLY,,200,,ACCEPT_B,Same ruling. Climate milestone breakdown: Energy Transition 1.,VERIFIED_ONE_SIDED,B,515888513c1cef84c8e5e67ff2186012c9fb069191591cec8966e568dc4e556e
f6b597014582cb18c322,SRC339,16,PAIR_DC4C6DA43FB331B48102C015,B_ONLY,,201,,ACCEPT_B,Same ruling. Climate milestone breakdown: Net zero strategy 4.,VERIFIED_ONE_SIDED,B,515888513c1cef84c8e5e67ff2186012c9fb069191591cec8966e568dc4e556e
215b5fa5104245e6c5a7,SRC339,16,PAIR_7748FD7ED7C4A0FA6635B4DC,B_ONLY,,202,,ACCEPT_B,Same ruling. Climate milestone breakdown: Resilience and Adaptation 2.,VERIFIED_ONE_SIDED,B,515888513c1cef84c8e5e67ff2186012c9fb069191591cec8966e568dc4e556e
3f0bb34dd490b6231333,SRC339,16,PAIR_F7D9838AADE34432B80E6E9C,CLASSIFICATION_CONFLICT,49,203,subject_name|period_start|period_end|metric_name|unit,ACCEPT_B,Same page-16 ruling. Progress on engagement objectives: Complete 22.,RESOLVED,B,515888513c1cef84c8e5e67ff2186012c9fb069191591cec8966e568dc4e556e
bc19a24bd65de21ea533,SRC339,16,PAIR_E9AFC42218AE0A9949B60653,CLASSIFICATION_CONFLICT,50,204,subject_name|period_start|period_end|metric_name|unit,ACCEPT_B,Same page-16 ruling. Progress on engagement objectives: Not progressing 124.,RESOLVED,B,515888513c1cef84c8e5e67ff2186012c9fb069191591cec8966e568dc4e556e
2ae85e8fe52ad844377d,SRC339,16,PAIR_F405143F620645DEDC8FD3C3,CLASSIFICATION_CONFLICT,51,205,subject_name|period_start|period_end|metric_name|unit,ACCEPT_B,Same page-16 ruling. Progress on engagement objectives: Progressing 163.,RESOLVED,B,515888513c1cef84c8e5e67ff2186012c9fb069191591cec8966e568dc4e556e
5e5bb6d18292dce42aba,SRC339,18,PAIR_B759E01205A20D505E33D0E7,B_ONLY,,206,,ACCEPT_B,"Checked against page-018.png: the NZX50 CLIMATE CHANGE ENGAGEMENT section prints 'In the 2024 calendar year, we engaged with 10 companies', a bounded engagement count, so A's page-18 zero is wrong on this cell. The parallel 'including seven in the 2024/25 financial year' is printed as a word and cannot be a metric_value_raw, so it yields no second row.",VERIFIED_ONE_SIDED,B,515888513c1cef84c8e5e67ff2186012c9fb069191591cec8966e568dc4e556e
a058e7eecf379c5132e0,SRC339,19,PAIR_4B54EE28633A5EE4421427AD,B_ONLY,,219,,MERGE,"Checked on page-019.png: 'It was signed by more than 530 investors representing $29 trillion in assets under management'. The signatory count is a printed bounded figure and A skipped it. metric_value_raw carries the printed number and the 'more than' qualifier stays in the note and the quote, the same repair applied throughout this file.",RESOLVED,B+ADJUDICATOR,515888513c1cef84c8e5e67ff2186012c9fb069191591cec8966e568dc4e556e
4906590079f19a68fa40,SRC339,19,PAIR_208489BC6A9454DD5E84BF38,B_ONLY,,220,,MERGE,"The same printed sentence gives $29 trillion in assets under management. Both lanes extracted it; A's duplicate is rejected under PAIR_C76A58C8FCCA28DD0DB3054B, and B is taken because it cites the statement's release date printed on the page.; Source review: p19: 530 investors representing $29 trillion (The amount aggregates the signatories, not NZ Super Fund.) | p19: 530 investors representing $29 trillion (Printed heading or definition supporting the source-reviewed qualifier.) | p19: 530 investors representing $29 trillion (Supersedes SR2926: the printed entity or table label is context, not a measurement basis; source labels retain its scope.)",RESOLVED,B+ADJUDICATOR,515888513c1cef84c8e5e67ff2186012c9fb069191591cec8966e568dc4e556e
2877614bbb7664ed45cf,SRC339,19,PAIR_79B63A6D0002BB1A7351E50C,B_ONLY,,223,,ACCEPT_B,"Kept under the ruling: 'In commenting on public policy issues, we adhere to strict political neutrality' is an operative rule of conduct binding the Guardians, printed on page-019.png, and A's page-19 coverage recorded no policy row.",VERIFIED_ONE_SIDED,B,515888513c1cef84c8e5e67ff2186012c9fb069191591cec8966e568dc4e556e
4ba94b216d58f6df33fa,SRC339,20,PAIR_F5C9148D64F6C50C25A346C2,CLASSIFICATION_CONFLICT,53,224,source_table|source_row_label|subject_type|subject_name,ACCEPT_B,Same exclusions ruling. The CONDUCT provision: 'We may exclude a company where there is evidence from credible sources of a serious risk of breaches of standards of good corporate practice'.,RESOLVED,B,515888513c1cef84c8e5e67ff2186012c9fb069191591cec8966e568dc4e556e
98bf3ba9776d5823e4d7,SRC339,20,PAIR_E4ED169BC5833109E783615C,B_ONLY,,225,,ACCEPT_B,Same ruling. States that exclusion is a last resort and when the Guardians may move straight to it.,VERIFIED_ONE_SIDED,B,515888513c1cef84c8e5e67ff2186012c9fb069191591cec8966e568dc4e556e
3c3f724ecbcff46ef286,SRC339,20,PAIR_D58D7D5AE395522F7278E59F,B_ONLY,,226,,ACCEPT_B,Same ruling. States the two grounds on which a company may be excluded.,VERIFIED_ONE_SIDED,B,515888513c1cef84c8e5e67ff2186012c9fb069191591cec8966e568dc4e556e
9f225fecee173a30d5b3,SRC339,20,PAIR_8698240FCE46AC104A506A83,B_ONLY,,227,,ACCEPT_B,"Same ruling. A standing disclosure obligation with a stated frequency: exclusions are disclosed every six months, with the category of exclusion.",VERIFIED_ONE_SIDED,B,515888513c1cef84c8e5e67ff2186012c9fb069191591cec8966e568dc4e556e
6c673590f09a9a8fdb52,SRC339,20,PAIR_CD8B20C80B17DD534913DA9F,B_ONLY,,228,,ACCEPT_B,Same ruling. States that a decision to exclude is based on the Sustainable Investment Framework.,VERIFIED_ONE_SIDED,B,515888513c1cef84c8e5e67ff2186012c9fb069191591cec8966e568dc4e556e
51011e47ef9aa5112928,SRC339,20,PAIR_643A9336715F03197EB04806,B_ONLY,,229,,ACCEPT_B,"Same exclusions ruling, one-sided and checked on page-020.png. The lead-in itself is the operative rule, 'Companies that are directly involved in the following products or activities are excluded from the portfolio, based on specific criteria set out in the decision documents published on our website', and A recorded only the seven bullets under it.",VERIFIED_ONE_SIDED,B,515888513c1cef84c8e5e67ff2186012c9fb069191591cec8966e568dc4e556e
6cb95103caf463cbd7bc,SRC339,20,PAIR_216C451410745792135910E9,B_ONLY,,230,,ACCEPT_B,"Same ruling. States the basis of product exclusions: international conventions New Zealand has signed, New Zealand law, or significant actions by the Crown.",VERIFIED_ONE_SIDED,B,515888513c1cef84c8e5e67ff2186012c9fb069191591cec8966e568dc4e556e
33b8914dd34c7a465788,SRC339,20,PAIR_BE9844581725DB8A96E43681,CLASSIFICATION_CONFLICT,59,231,source_table|source_row_label|source_occurrence|subject_type|subject_name,ACCEPT_B,Same exclusions ruling. Product bullet 6 of 7.,RESOLVED,B,515888513c1cef84c8e5e67ff2186012c9fb069191591cec8966e568dc4e556e
f3b884e538a531b467f5,SRC339,20,PAIR_DA791AD221ED5A50CB7F030C,CLASSIFICATION_CONFLICT,56,232,source_table|source_row_label|source_occurrence|subject_type|subject_name,ACCEPT_B,Same exclusions ruling. Product bullet 3 of 7.,RESOLVED,B,515888513c1cef84c8e5e67ff2186012c9fb069191591cec8966e568dc4e556e
6904f21e96cefa0f0658,SRC339,20,PAIR_D63A3DD7B4E0B9A74E603E5B,CLASSIFICATION_CONFLICT,57,233,source_table|source_row_label|source_occurrence|subject_type|subject_name,ACCEPT_B,Same exclusions ruling. Product bullet 4 of 7.,RESOLVED,B,515888513c1cef84c8e5e67ff2186012c9fb069191591cec8966e568dc4e556e
8ab2e9468924aa726ff2,SRC339,20,PAIR_42B484F4C1B0E2CFE7327717,CLASSIFICATION_CONFLICT,54,234,source_table|source_row_label|subject_type|subject_name,ACCEPT_B,"Exclusions ruling for pages 20 and 21, settled once. This is the densest run of genuine provisions in the document and both lanes agree on the seven printed product bullets; the conflicts are conventions and B is taken throughout, because PRODUCTS and CONDUCT are the printed sub-headings and belong in source_table with the bullet text as source_row_label, where A repeated PRODUCTS as the row label under an occurrence index, and because the policy binds the Guardians, so subject_type investor with the printed entity name is right and A's constructed 'NZ Super Fund exclusions policy' is not printed. Product bullet 1 of 7 under 'Companies that are directly involved in the following products or activities are excluded from the portfolio'.",RESOLVED,B,515888513c1cef84c8e5e67ff2186012c9fb069191591cec8966e568dc4e556e
0c5b00d73f139c5d95cf,SRC339,20,PAIR_790B4E81AADC8F6CE041DFBF,CLASSIFICATION_CONFLICT,58,235,source_table|source_row_label|source_occurrence|subject_type|subject_name,ACCEPT_B,Same exclusions ruling. Product bullet 5 of 7.,RESOLVED,B,515888513c1cef84c8e5e67ff2186012c9fb069191591cec8966e568dc4e556e
7478a6ab23d9c4044be2,SRC339,20,PAIR_24274AA6479B32922ADEA0F5,CLASSIFICATION_CONFLICT,55,236,source_table|source_row_label|source_occurrence|subject_type|subject_name,ACCEPT_B,Same exclusions ruling. Product bullet 2 of 7.,RESOLVED,B,515888513c1cef84c8e5e67ff2186012c9fb069191591cec8966e568dc4e556e
40d17a05ecf7b8a8814d,SRC339,20,PAIR_409FD5F541DBEB2636D8C2FE,CLASSIFICATION_CONFLICT,60,237,source_table|source_row_label|source_occurrence|subject_type|subject_name,ACCEPT_B,Same exclusions ruling. Product bullet 7 of 7.,RESOLVED,B,515888513c1cef84c8e5e67ff2186012c9fb069191591cec8966e568dc4e556e
4cde8db53fa2f9d2bb17,SRC339,21,PAIR_1489F59597268F1E58B379AB,B_ONLY,,238,,ACCEPT_B,Same ruling. States the undertaking to apply exclusions to Collective Investment Vehicles so far as feasible.,VERIFIED_ONE_SIDED,B,515888513c1cef84c8e5e67ff2186012c9fb069191591cec8966e568dc4e556e
49dc61c04864cbac0fc7,SRC339,21,PAIR_13592C7236B11E84F2FA6955,B_ONLY,,239,,ACCEPT_B,"Same ruling, HOW WE APPLY EXCLUSIONS on page-021.png, which A left at one row for the whole page. States that the exclusions policy applies to all directly held securities and that the list is produced using ISINs.",VERIFIED_ONE_SIDED,B,515888513c1cef84c8e5e67ff2186012c9fb069191591cec8966e568dc4e556e
aff944052536c7601158,SRC339,21,PAIR_163E3D0EDA8AE62AA92E763E,B_ONLY,,240,,ACCEPT_B,Same ruling. States the ongoing monitoring obligation for compliance with the exclusion categories and list.,VERIFIED_ONE_SIDED,B,515888513c1cef84c8e5e67ff2186012c9fb069191591cec8966e568dc4e556e
5a8350a8c5cc383df9e9,SRC339,21,PAIR_9A32CAEF5C3388075755D28E,B_ONLY,,241,,ACCEPT_B,Same ruling. States that indirect exposure through CIVs is factored into the selection of access points.,VERIFIED_ONE_SIDED,B,515888513c1cef84c8e5e67ff2186012c9fb069191591cec8966e568dc4e556e
0b86b221889dbcc5884f,SRC339,21,PAIR_DF159B7B1DDD4D3FD8D3D020,VALUE_CONFLICT,61,242,source_table|source_row_label|subject_type|subject_name|text_raw,ACCEPT_B,"Same exclusions ruling, and the one value conflict on this file: both lanes read the SOVEREIGN BONDS provision but A's text_raw stops after the first sentence, dropping the two statutory obligations printed with it, that the Guardians is legally required to comply with sanctions imposed by the New Zealand Government and, under New Zealand law, with sanctions imposed by the UN Security Council. B carries the whole printed provision, which is the operative content A lost.",RESOLVED,B,515888513c1cef84c8e5e67ff2186012c9fb069191591cec8966e568dc4e556e
1b9cd078525458099e49,SRC339,22,PAIR_C3BC66943E915E169BACE66E,B_ONLY,,245,,ACCEPT_B,"Same voting ruling. The standing arrangement for global equities, printed under its own label: voting is executed by ISS on the Guardians' voting policies.",VERIFIED_ONE_SIDED,B,515888513c1cef84c8e5e67ff2186012c9fb069191591cec8966e568dc4e556e
f9e0b7a5ccd5a988bdc4,SRC339,22,PAIR_639B459BC6788F0C5280F7C4,B_ONLY,,246,,ACCEPT_B,"Same voting ruling. The standing arrangement for New Zealand equities, printed under its own label.",VERIFIED_ONE_SIDED,B,515888513c1cef84c8e5e67ff2186012c9fb069191591cec8966e568dc4e556e
308287de0e6c0078fc73,SRC339,22,PAIR_A4EE57ACBF90D0BF342CF909,B_ONLY,,247,,ACCEPT_B,"Same voting ruling. States what the Fund's votes must reflect, which fixes the voting standard.",VERIFIED_ONE_SIDED,B,515888513c1cef84c8e5e67ff2186012c9fb069191591cec8966e568dc4e556e
a79da81e3388c41d1a57,SRC339,22,PAIR_878BD6B377A5127166B68A39,B_ONLY,,252,,ACCEPT_B,Same voting ruling. Reserves the right to direct ISS or vote manually.,VERIFIED_ONE_SIDED,B,515888513c1cef84c8e5e67ff2186012c9fb069191591cec8966e568dc4e556e
819e8f042d152fc3e2a2,SRC339,22,PAIR_11074C82BB1724CE4A0B714E,B_ONLY,,253,,ACCEPT_B,"Voting ruling for pages 22 and 23, settled once against page-022.png and page-023.png. B extracted the whole Vote narrative and A only three statements; under the document ruling the operative ones are kept and the descriptive ones rejected. Kept here: 'We exercise our voting rights globally and domestically across the Fund's listed equities', the standing commitment the section rests on.",VERIFIED_ONE_SIDED,B,515888513c1cef84c8e5e67ff2186012c9fb069191591cec8966e568dc4e556e
e1533d6aa78a2906c087,SRC339,22,PAIR_F200D28514040844291030A3,B_ONLY,,254,,ACCEPT_B,Same voting ruling. 'We generally do not disclose our voting intentions ahead of meetings' is a standing disclosure rule.,VERIFIED_ONE_SIDED,B,515888513c1cef84c8e5e67ff2186012c9fb069191591cec8966e568dc4e556e
b63c0fd16173ea5d4ac3,SRC339,22,PAIR_5114A8A2288B2BB296C95BFB,CLASSIFICATION_CONFLICT,62,257,source_row_label|subject_type|subject_name,ACCEPT_B,"Same voting ruling and the same printed sentence in both lanes: the Guardians has adopted the stronger ISS policies on climate change, board governance, auditor oversight and ESG. B is taken because its source_row_label is the printed sentence, where A repeated the section name Vote under an occurrence index.",RESOLVED,B,515888513c1cef84c8e5e67ff2186012c9fb069191591cec8966e568dc4e556e
8f25878ee9fc0012de69,SRC339,22,PAIR_A6FB1180E631D95F9F64BA61,B_ONLY,,260,,ACCEPT_B,Same voting ruling. Sets the rule for departing from the policy guidelines in special circumstances.,VERIFIED_ONE_SIDED,B,515888513c1cef84c8e5e67ff2186012c9fb069191591cec8966e568dc4e556e
1ef4f0bd29812e279b14,SRC339,23,PAIR_72576E10FFCE0ED87E4FA262,CLASSIFICATION_CONFLICT,63,261,source_structure_type|subject_type|subject_name|geography|period_start|period_end|horizon|metric_category|unit,MERGE,"Voting statistics ruling for page 23, settled once and applied to all eight cells. The eight values agree; every field around them was contested and neither lane is publishable as it stands. Taken from A: source_structure_type TABLE, because page-023.png prints a ruled table with Global and New Zealand column headers, not narrative; geography, because those column headers are a printed geography B left blank; and metric_category meeting_count on the two meetings rows, where B typed vote_count although the row counts company meetings, not votes. Taken from B: subject_name NZ Super Fund, where A put the metric label into the entity field; horizon '2024/25 financial year', printed in the heading VOTING STATISTICS FOR THE 2024/25 FINANCIAL YEAR, in place of A's 1 July 2024 and 30 June 2025, which the document never prints; the printed apostrophe in the row label; and the printed units. This row: distinct company meetings voted at, Global, 1,500.",RESOLVED,A+B+ADJUDICATOR,515888513c1cef84c8e5e67ff2186012c9fb069191591cec8966e568dc4e556e
43bad79ad4145cb94a76,SRC339,23,PAIR_CDBBA13E53E99A794BE2D9E2,CLASSIFICATION_CONFLICT,64,262,source_structure_type|subject_type|subject_name|geography|period_start|period_end|horizon|metric_category|unit,MERGE,"Same page-23 voting statistics ruling. Distinct company meetings voted at, New Zealand, 48.",RESOLVED,A+B+ADJUDICATOR,515888513c1cef84c8e5e67ff2186012c9fb069191591cec8966e568dc4e556e
7666c16f60be0ec7d8e4,SRC339,23,PAIR_2434F6DD8AD70A10DFDF91FC,CLASSIFICATION_CONFLICT,65,263,source_structure_type|subject_type|subject_name|geography|period_start|period_end|horizon|unit,MERGE,"Same page-23 voting statistics ruling. Management-sponsored proposals, Global, 16,359.",RESOLVED,A+B+ADJUDICATOR,515888513c1cef84c8e5e67ff2186012c9fb069191591cec8966e568dc4e556e
04a4d4da518be7d28799,SRC339,23,PAIR_E5A9444AE27E815D43388067,CLASSIFICATION_CONFLICT,66,264,source_structure_type|subject_type|subject_name|geography|period_start|period_end|horizon|unit,MERGE,"Same page-23 voting statistics ruling. Management-sponsored proposals, New Zealand, 172.",RESOLVED,A+B+ADJUDICATOR,515888513c1cef84c8e5e67ff2186012c9fb069191591cec8966e568dc4e556e
7be8523687579340e4c0,SRC339,23,PAIR_1DFE9F3838EEB897AF917D23,CLASSIFICATION_CONFLICT,67,265,source_structure_type|subject_type|subject_name|geography|period_start|period_end|horizon|unit,MERGE,"Same page-23 voting statistics ruling. Shareholder-sponsored proposals, Global, 619.",RESOLVED,A+B+ADJUDICATOR,515888513c1cef84c8e5e67ff2186012c9fb069191591cec8966e568dc4e556e
0fe000112123268e7458,SRC339,23,PAIR_003B4EF800FF23D892AE3CA8,CLASSIFICATION_CONFLICT,68,266,source_structure_type|subject_type|subject_name|geography|period_start|period_end|horizon|unit,MERGE,"Same page-23 voting statistics ruling. Shareholder-sponsored proposals, New Zealand, 1.",RESOLVED,A+B+ADJUDICATOR,515888513c1cef84c8e5e67ff2186012c9fb069191591cec8966e568dc4e556e
1fa8697cb9a5b775727f,SRC339,23,PAIR_FA1FC692DDFEBC6BBC938981,CLASSIFICATION_CONFLICT,69,267,source_structure_type|source_row_label|subject_type|subject_name|geography|period_start|period_end|horizon|metric_name,MERGE,"Same page-23 voting statistics ruling; this row also carries the printed apostrophe in management’s, which A replaced with a straight quote. Percentage of votes cast in line with management’s recommendations, Global, 81%.",RESOLVED,A+B+ADJUDICATOR,515888513c1cef84c8e5e67ff2186012c9fb069191591cec8966e568dc4e556e
0176fce5ca0770202b61,SRC339,23,PAIR_DEEE861079E9BBD4C2413F1B,CLASSIFICATION_CONFLICT,70,268,source_structure_type|source_row_label|subject_type|subject_name|geography|period_start|period_end|horizon|metric_name,MERGE,"Same page-23 voting statistics ruling. Percentage of votes cast in line with management’s recommendations, New Zealand, 95%.",RESOLVED,A+B+ADJUDICATOR,515888513c1cef84c8e5e67ff2186012c9fb069191591cec8966e568dc4e556e
67865cadb1b4f8c62dea,SRC339,23,PAIR_942FB3ED0F89833C832E39B5,B_ONLY,,269,,ACCEPT_B,Same voting ruling. 'Our guidelines require us to withhold securities from lending or to recall shares on loan' is an obligation with a stated threshold. A's duplicate is rejected under PAIR_61D9760471DA4995C3EE2D65.,VERIFIED_ONE_SIDED,B,515888513c1cef84c8e5e67ff2186012c9fb069191591cec8966e568dc4e556e
b26e8c17903151df2385,SRC339,23,PAIR_3DC953D3A68C15755409C3AC,B_ONLY,,273,,ACCEPT_B,"Same voting ruling, page 23. 'We have instructed ISS not to vote in shareholder meetings in share-blocking countries unless the Fund owns 5% of votable shares' is a standing instruction with a threshold. Both lanes hold it; B is taken because its source_row_label is the printed sentence, and A's duplicate is rejected under PAIR_5762304C969D6BF20305B93B.",VERIFIED_ONE_SIDED,B,515888513c1cef84c8e5e67ff2186012c9fb069191591cec8966e568dc4e556e
906c8b74930164d6b75e,SRC339,23,PAIR_843DF038A9243BCB15C4C0DD,B_ONLY,,274,,ACCEPT_B,"Same voting ruling. 'We recall shares if there is a vote on certain specified items, including climate-related proposals' is a standing rule A did not hold.",VERIFIED_ONE_SIDED,B,515888513c1cef84c8e5e67ff2186012c9fb069191591cec8966e568dc4e556e
d7d43b3d07a3050a1b12,SRC339,23,PAIR_498CAF4648C51D8F9BA17499,B_ONLY,,275,,ACCEPT_B,Same voting ruling. States the constraint that applies when shares are on loan.,VERIFIED_ONE_SIDED,B,515888513c1cef84c8e5e67ff2186012c9fb069191591cec8966e568dc4e556e
f4cd0845089eeb6faa8a,SRC339,23,PAIR_ABE39FC40C71BC781E3DCE45,B_ONLY,,276,,ACCEPT_B,Same voting ruling. States the standing preference for segregated funds so voting control is retained.,VERIFIED_ONE_SIDED,B,515888513c1cef84c8e5e67ff2186012c9fb069191591cec8966e568dc4e556e
7a4edbe18855cf7aa28c,SRC339,24,PAIR_613B1D08B69215362BE6B4F6,B_ONLY,,277,,ACCEPT_B,"Same ruling and same printed list. Bullet 2 of 4, on detailing progress towards net zero under the 2021 Crown Financial Institutions' Responsible Investment Framework.",VERIFIED_ONE_SIDED,B,515888513c1cef84c8e5e67ff2186012c9fb069191591cec8966e568dc4e556e
5252da9a37e5fc1b6221,SRC339,24,PAIR_4EB8877C3DC73C937AE75A69,B_ONLY,,278,,ACCEPT_B,"Kept under the ruling: page-024.png prints the lead-in 'these are the key stewardship performance indicators for the Guardians and NZ Super Fund:' above four bullets, each a standing reporting obligation with a stated frequency and standard. A's page-24 zero is wrong. Bullet 1 of 4, on the annual Climate Change Report and assured GHG Emissions Inventory.",VERIFIED_ONE_SIDED,B,515888513c1cef84c8e5e67ff2186012c9fb069191591cec8966e568dc4e556e
d3f90f12e7bb14bd4ab8,SRC339,24,PAIR_16DC7EE2FCDD6EF8F3F0CFD9,B_ONLY,,279,,ACCEPT_B,"Same ruling and same printed list. Bullet 4 of 4, on annual reporting of impact-investment assets under management.",VERIFIED_ONE_SIDED,B,515888513c1cef84c8e5e67ff2186012c9fb069191591cec8966e568dc4e556e
c2e0437ba561a11b78c0,SRC339,24,PAIR_1A850C662566EB7E4C518086,B_ONLY,,280,,ACCEPT_B,"Same ruling and same printed list. Bullet 3 of 4, on annual net zero reporting under the Net Zero Asset Owners Commitment.",VERIFIED_ONE_SIDED,B,515888513c1cef84c8e5e67ff2186012c9fb069191591cec8966e568dc4e556e
e06d17928a8a366b0de2,SRC339,24,PAIR_EDD18FA3FA8AEADF891B9CF3,B_ONLY,,284,,ACCEPT_B,"Same ruling. The SOI Measure column of the SOI Measure Outcome 2024/25 table, which begins on page 24, states the performance measures the Guardians is held to. This one sets a threshold: achieve a four or five star rating for Policy, Governance and Strategy in the annual PRI assessment.",VERIFIED_ONE_SIDED,B,515888513c1cef84c8e5e67ff2186012c9fb069191591cec8966e568dc4e556e
453a25a8c47e0097cf2a,SRC339,24,PAIR_2225FEFC36D18F35FBB1DEDA,B_ONLY,,285,,ACCEPT_B,Same ruling. SOI Measure: report annually on the Fund's activities and outcomes against PRI Principles 1 and 2.,VERIFIED_ONE_SIDED,B,515888513c1cef84c8e5e67ff2186012c9fb069191591cec8966e568dc4e556e
d4704ffd5a761dd74c1b,SRC339,25,PAIR_F1FF7B8B5340BF1EF0396E15,VALUE_CONFLICT,73,288,source_table|source_row_label|subject_name|period_end|metric_name|metric_value_raw|unit,ACCEPT_A,"Page-025.png prints 'The 2024 PRI assessment ... rated the Fund: five stars (96%) for Policy, Governance and Strategy; four stars (77%) for listed equity, passive; four stars (77%) for listed equity, active; three stars (64%) for confidence-building measures.' A is taken on all four: it carries the numeric score with its printed % in metric_value_raw, where B wrote the prose 'five stars (96%)' into the value column; it names each of the four assessment categories in metric_name, where B put the identical label 'PRI assessment score' on all four, losing what each score measures; and its source_row_label '2024 PRI assessment' is printed, where B's is a sentence the page does not print. Policy, Governance and Strategy 96%.",RESOLVED,A,515888513c1cef84c8e5e67ff2186012c9fb069191591cec8966e568dc4e556e
072a0757aa7bbf51d0de,SRC339,25,PAIR_5647B7879726030BDF6D1EEC,VALUE_CONFLICT,74,290,source_table|source_row_label|source_occurrence|subject_name|period_end|metric_name|metric_value_raw|unit,ACCEPT_A,"Same page-25 PRI ruling. Listed equity, passive 77%.",RESOLVED,A,515888513c1cef84c8e5e67ff2186012c9fb069191591cec8966e568dc4e556e
8bd3f396ea3ca4fef01e,SRC339,25,PAIR_CF6722E68C4A39F38930A5EE,VALUE_CONFLICT,75,289,source_table|source_row_label|source_occurrence|subject_name|period_end|metric_name|metric_value_raw|unit,ACCEPT_A,"Same page-25 PRI ruling. Listed equity, active 77%.",RESOLVED,A,515888513c1cef84c8e5e67ff2186012c9fb069191591cec8966e568dc4e556e
26b41dfdbd41ede609ab,SRC339,25,PAIR_B6A91FD328E7194085048F7E,VALUE_CONFLICT,76,291,source_table|source_row_label|source_occurrence|subject_name|period_end|metric_name|metric_value_raw|unit,ACCEPT_A,Same page-25 PRI ruling. Confidence-building measures 64%.,RESOLVED,A,515888513c1cef84c8e5e67ff2186012c9fb069191591cec8966e568dc4e556e
567fe37b30949cbcf79d,SRC339,25,PAIR_A06E8D709DB8F22257343080,A_ONLY,77,,,MERGE,"Page-025.png prints the GSR score once: 'In both July 2024 and July 2025, NZ Super Fund achieved a 100% score in the GSR (governance, sustainability, resilience) scoreboard'. One printed value cell is one row, so A's second row for the same figure is rejected under PAIR_EA90EB05A63E57C1DACBB871 and B's duplicate under PAIR_4C2381D5DA1CD89CB2586B14. as_of_date is left blank because the one figure is stated for two dates and neither alone is its as-at date; the note records both. subject_name is the entity scored, which the page names.",RESOLVED,A+ADJUDICATOR,515888513c1cef84c8e5e67ff2186012c9fb069191591cec8966e568dc4e556e
918a365c436d38dd1c30,SRC339,25,PAIR_686A2364DD6DDA5F79983ACE,A_ONLY,79,,,MERGE,"Page-025.png prints the Fund's impact investments as NZ$2.7 billion in the Outcome column of the SOI table. Both lanes hold it; A is taken because its source_row_label and metric_name name the measure, where B's row label is a fragment of the linearised sentence. B's duplicate is rejected under PAIR_98A563D4E556A3C8ADEB8612.; Source review: p25: impact investments (The amount covers the impact-investment allocation.) | p25: impact investments (Printed heading or definition supporting the source-reviewed qualifier.) | p25: impact investments (Supersedes SR2927: the printed entity or table label is context, not a measurement basis; source labels retain its scope.)",RESOLVED,A+ADJUDICATOR,515888513c1cef84c8e5e67ff2186012c9fb069191591cec8966e568dc4e556e
67500ef2e1d952e21995,SRC339,25,PAIR_3F54C847BC72FCF4510107C5,B_ONLY,,298,,ACCEPT_B,"Kept under the ruling: the SOI Measure column continues onto page 25 and this measure, publish voting reports on an ongoing basis on our website, is not among the four bullets published from page 24, so it is a distinct printed commitment.",VERIFIED_ONE_SIDED,B,515888513c1cef84c8e5e67ff2186012c9fb069191591cec8966e568dc4e556e
2d071f8cc6065f43c251,SRC339,27,PAIR_2FB751D5748F7EF67B157306,CLASSIFICATION_CONFLICT,80,302,source_structure_type|source_table|source_column_label|subject_type|subject_name|unit|evidence_quote,MERGE,"Leadership ruling for pages 27 to 29, settled once and applied to all eleven cells. Neither lane is publishable as it stands. Taken from B: source_structure_type TABLE with the printed table titles Leadership and peak bodies, Collaborations on climate change and Collaborations on other ESG issues, and the printed Description column, where A filed everything under the section name Leadership as narrative. Taken from A: subject_name, because each figure measures the organisation named in the row, and B put NZ Super Fund on all of them, which would assert that the Fund has 5,000 signatories or AUS$1.9 trillion under management. Values carry the printed number with the 'more than' qualifier moved to the note, as elsewhere in this file. This row: PRI signatories, 5,000.",RESOLVED,A+B+ADJUDICATOR,515888513c1cef84c8e5e67ff2186012c9fb069191591cec8966e568dc4e556e
176d6670d4777e2b649f,SRC339,27,PAIR_777A526321100B0F137D9209,B_ONLY,,303,,MERGE,"Same leadership ruling. RIAA members, 500. The entity name is the one printed on the cited page, which spells it Association of Australasia.",RESOLVED,B+ADJUDICATOR,515888513c1cef84c8e5e67ff2186012c9fb069191591cec8966e568dc4e556e
2619d6dffb1515923ce4,SRC339,27,PAIR_39C90C46C1D63F5286E1DF5A,B_ONLY,,304,,MERGE,"Same leadership ruling. RIAA members' assets under management, NZ$83 trillion.; Source review: p27: 500 members representing NZ$83 trillion (The amount aggregates RIAA members.) | p27: 500 members representing NZ$83 trillion (Printed heading or definition supporting the source-reviewed qualifier.) | p27: 500 members representing NZ$83 trillion (Supersedes SR2928: the printed entity or table label is context, not a measurement basis; source labels retain its scope.)",RESOLVED,B+ADJUDICATOR,515888513c1cef84c8e5e67ff2186012c9fb069191591cec8966e568dc4e556e
85b5b75de4e2daf440ae,SRC339,28,PAIR_7BB17685FD4438FDEE513C5C,B_ONLY,,305,,MERGE,Same leadership ruling. Climate Action 100+ covers 170 global companies.,RESOLVED,B+ADJUDICATOR,515888513c1cef84c8e5e67ff2186012c9fb069191591cec8966e568dc4e556e
45e3ae9c51127384d991,SRC339,28,PAIR_04AEA1BAF846903E7BA69FC9,B_ONLY,,306,,MERGE,"Same leadership ruling, and kept where the page-19 target was rejected: the Net Zero Asset Owners Commitment commits its signatories to achieve net zero by 2050, and page-028.png records that NZ Super Fund signed it in 2021 and reports annually on progress, so this is a target the Fund is bound to. A held no row for it.",RESOLVED,B+ADJUDICATOR,515888513c1cef84c8e5e67ff2186012c9fb069191591cec8966e568dc4e556e
d6ec94581782f978efe4,SRC339,28,PAIR_DFAD463DF4196ADEE1048F86,CLASSIFICATION_CONFLICT,85,307,source_structure_type|source_table|source_column_label|source_occurrence|subject_name|metric_name|unit,MERGE,Same leadership ruling. Net Zero Asset Owners Commitment signed by 57 investors.,RESOLVED,A+B+ADJUDICATOR,515888513c1cef84c8e5e67ff2186012c9fb069191591cec8966e568dc4e556e
109e1a6d50126511ba3e,SRC339,28,PAIR_1964800CBEA413400A87C861,CLASSIFICATION_CONFLICT,86,308,source_structure_type|source_table|source_column_label|source_occurrence|subject_name|metric_name,MERGE,"Same leadership ruling. Assets under management represented by those signatories, US$3.3 trillion.; Source review: p28: assets under management (The amount aggregates the named membership or signatories.) | p28: assets under management (Printed heading or definition supporting the source-reviewed qualifier.) | p28: assets under management (Supersedes SR2929: the printed entity or table label is context, not a measurement basis; source labels retain its scope.)",RESOLVED,A+B+ADJUDICATOR,515888513c1cef84c8e5e67ff2186012c9fb069191591cec8966e568dc4e556e
25c90c5151047cf16480,SRC339,28,PAIR_CF1CB998B857BE3B816444EE,B_ONLY,,309,,MERGE,"Same leadership ruling. ACSI members' funds under management, AUS$1.9 trillion.; Source review: p28: funds under management (The amount aggregates the named membership or signatories.) | p28: funds under management (Printed heading or definition supporting the source-reviewed qualifier.) | p28: funds under management (Supersedes SR2930: the printed entity or table label is context, not a measurement basis; source labels retain its scope.)",RESOLVED,B+ADJUDICATOR,515888513c1cef84c8e5e67ff2186012c9fb069191591cec8966e568dc4e556e
480b1bdecae372ff260e,SRC339,29,PAIR_E687CDDC93256C7DD833A60C,CLASSIFICATION_CONFLICT,87,311,source_structure_type|source_table|source_column_label|source_occurrence|subject_name|metric_name|unit|evidence_quote,MERGE,Same leadership ruling. The IMTSI coalition comprises more than 100 investors; source_occurrence is renumbered 1 to 3 across the three surviving cells in this table row because B's occurrence 1 held the rejected death-toll figure.,RESOLVED,A+B+ADJUDICATOR,515888513c1cef84c8e5e67ff2186012c9fb069191591cec8966e568dc4e556e
a3f1d0b84e3c891609e2,SRC339,29,PAIR_4A78CDBAF92D2EE16C1E84EE,CLASSIFICATION_CONFLICT,88,312,source_structure_type|source_table|source_column_label|source_occurrence|subject_name|metric_name|unit,MERGE,"Same leadership ruling. The Global Tailings Portal holds detailed information on 1,950 tailings dams.",RESOLVED,A+B+ADJUDICATOR,515888513c1cef84c8e5e67ff2186012c9fb069191591cec8966e568dc4e556e
8b8bdb822dcd42f23fbd,SRC339,29,PAIR_6B5CF5515829EBE81F234BA4,CLASSIFICATION_CONFLICT,89,313,source_structure_type|source_table|source_column_label|source_occurrence|subject_name|period_end|unit,MERGE,"Same leadership ruling. As at January 2024, 77 companies had committed to implementing the GISTM; the page prints that as-at date and it is carried.",RESOLVED,A+B+ADJUDICATOR,515888513c1cef84c8e5e67ff2186012c9fb069191591cec8966e568dc4e556e
b81d204876edb3006a18,SRC373,1,PAIR_0E2A8C31E8FC0556F19AC241,CONTEXT_CONFLICT,1,1,source_section|source_table|investor_name|period_start|evidence_quote,MERGE,"neither lane is complete. subject_name takes the name printed in the Name of foundation box, THE DAVID AND LUCILE PACKARD FOUNDATION, in the printed capitals A used; B title-cased it and also filed the filer as investor_name, which the foundation is not. source_table stays blank because no printed table governs a document identity row, and B's 990-PF Return of Private Foundation is the form masthead, not a table. period_start carries the printed reporting year from For calendar year 2023. The row stays on page 1.",RESOLVED,A+B+ADJUDICATOR,8975f55541fe0b27e768395c4b453b9debbcca6e6e4eb30ce03f9a8adf817747
094b7a47cc217c06fec9,SRC373,1,PAIR_847BBABCE7A73765A79F42DC,A_ONLY,2,,,ACCEPT_A,"A holds the printed cell and B's row for the same cell is rejected as the trimmed duplicate. LABEL RULING, applied to every row of this return: source_row_label, source_column_label and metric_name take the complete printed text of the line and of the column heading, including printed parentheticals such as (attach schedule), (see instructions) and (cash basis only); those are printed words of the label, not trailing colons or footnote markers, so trimming them loses printed text. STRUCTURE RULING, applied to every row of this return: source_section takes the part designator printed in the heading bar (Part I) and source_table takes the table title printed beside it (Analysis of Revenue and Expenses); B copied the concatenation into both fields, which stores one fact twice and puts a section designator inside the table name. B leads only on evidence_quote, which does not carry the row.",VERIFIED_ONE_SIDED,A,8975f55541fe0b27e768395c4b453b9debbcca6e6e4eb30ce03f9a8adf817747
c2b851c832ad5a6e50ed,SRC373,1,PAIR_BE3ED66D0ABBFC3F53061DDD,A_ONLY,3,,,ACCEPT_A,"A holds the printed cell and B's row for the same cell is rejected as the trimmed duplicate, under the LABEL and STRUCTURE rulings for this return: complete printed line and column headings including printed parentheticals, part designator in source_section, table title in source_table.",VERIFIED_ONE_SIDED,A,8975f55541fe0b27e768395c4b453b9debbcca6e6e4eb30ce03f9a8adf817747
a37eddf1a701faaf26e5,SRC373,1,PAIR_D49BC55AA4C21B6A2AD3D582,A_ONLY,4,,,ACCEPT_A,"A holds the printed cell and B's row for the same cell is rejected as the trimmed duplicate, under the LABEL and STRUCTURE rulings for this return: complete printed line and column headings including printed parentheticals, part designator in source_section, table title in source_table.",VERIFIED_ONE_SIDED,A,8975f55541fe0b27e768395c4b453b9debbcca6e6e4eb30ce03f9a8adf817747
b3793504d507f9485671,SRC373,1,PAIR_44B695BCA94D6E2141B49E76,A_ONLY,5,,,ACCEPT_A,A holds the printed cell and B's row for the same cell is rejected as the trimmed duplicate. A's column heading (d) Disbursements for charitable purposes (cash basis only) is the complete printed heading; B stops at purposes.,VERIFIED_ONE_SIDED,A,8975f55541fe0b27e768395c4b453b9debbcca6e6e4eb30ce03f9a8adf817747
a32c0288b6e53202b0a9,SRC373,1,PAIR_1BCBE4E94518CFF9A084136D,A_ONLY,6,,,ACCEPT_A,"A holds the printed cell and B's row for the same cell is rejected as the trimmed duplicate, under the LABEL and STRUCTURE rulings for this return.",VERIFIED_ONE_SIDED,A,8975f55541fe0b27e768395c4b453b9debbcca6e6e4eb30ce03f9a8adf817747
d187054e912bf9589793,SRC373,1,PAIR_B125797072EA9F7C29D61F95,A_ONLY,7,,,ACCEPT_A,"A holds the printed cell and B's row for the same cell is rejected as the trimmed duplicate, under the LABEL and STRUCTURE rulings for this return.",VERIFIED_ONE_SIDED,A,8975f55541fe0b27e768395c4b453b9debbcca6e6e4eb30ce03f9a8adf817747
795ca9e16ca72025976c,SRC373,1,PAIR_A6685813593505358A25676A,A_ONLY,8,,,ACCEPT_A,"A holds the printed cell and B's row for the same cell is rejected as the trimmed duplicate, under the LABEL and STRUCTURE rulings for this return.",VERIFIED_ONE_SIDED,A,8975f55541fe0b27e768395c4b453b9debbcca6e6e4eb30ce03f9a8adf817747
e755351509f692d359f7,SRC373,1,PAIR_8FDE9CF89A5A25A5BD0B2304,A_ONLY,9,,,ACCEPT_A,A holds the printed cell and B's row for the same cell is rejected as the trimmed duplicate. A's column heading is the complete printed (d) Disbursements for charitable purposes (cash basis only).,VERIFIED_ONE_SIDED,A,8975f55541fe0b27e768395c4b453b9debbcca6e6e4eb30ce03f9a8adf817747
6085bcfcd9f519d33515,SRC373,1,PAIR_1FBDE53FDDB7897A7C0CFB13,A_ONLY,10,,,ACCEPT_A,"A holds the printed cell and B's row for the same cell is rejected as the trimmed duplicate, under the LABEL and STRUCTURE rulings for this return.",VERIFIED_ONE_SIDED,A,8975f55541fe0b27e768395c4b453b9debbcca6e6e4eb30ce03f9a8adf817747
e7b6651728ca700c7020,SRC373,1,PAIR_537EE494AAC5B53DB91D9E09,A_ONLY,11,,,ACCEPT_A,"A holds the printed cell and B's row for the same cell is rejected as the trimmed duplicate, under the LABEL and STRUCTURE rulings for this return.",VERIFIED_ONE_SIDED,A,8975f55541fe0b27e768395c4b453b9debbcca6e6e4eb30ce03f9a8adf817747
7546117cb5a8d5f88f57,SRC373,1,PAIR_2664377A6742DDF62C3A8026,A_ONLY,12,,,ACCEPT_A,"A holds the printed cell and B's row for the same cell is rejected as the trimmed duplicate, under the LABEL and STRUCTURE rulings for this return.",VERIFIED_ONE_SIDED,A,8975f55541fe0b27e768395c4b453b9debbcca6e6e4eb30ce03f9a8adf817747
32b05ce9467db9d30dcb,SRC373,1,PAIR_C4957EC4C672668B0B8C19DD,A_ONLY,13,,,ACCEPT_A,A holds the printed cell and B's row for the same cell is rejected as the trimmed duplicate. A's column heading is the complete printed (d) Disbursements for charitable purposes (cash basis only).,VERIFIED_ONE_SIDED,A,8975f55541fe0b27e768395c4b453b9debbcca6e6e4eb30ce03f9a8adf817747
126f48a1c4713aad804c,SRC373,1,PAIR_DA81B2A0C8809C273B4B49A7,CLASSIFICATION_CONFLICT,14,14,source_section|source_table|subject_name|evidence_quote,ACCEPT_A,"both lanes hold line 17 Interest under column (a) and the difference is structure and naming only. A is source-correct under the STRUCTURE ruling (Part I in source_section, Analysis of Revenue and Expenses in source_table) and under the LABEL ruling; B duplicates the concatenated heading into both fields. B's fuller evidence_quote is its only lead and does not outweigh two identity fields.",RESOLVED,A,8975f55541fe0b27e768395c4b453b9debbcca6e6e4eb30ce03f9a8adf817747
4d5c2c3dd19116221ed3,SRC373,1,PAIR_F85CFD8DB7A18A2F469FB36C,A_ONLY,15,,,ACCEPT_A,"printed and eligible. 145,156 sits in the far-right column on line 17, aligned with 898,869, 316,416 and 11,989,678, so it belongs to (d) Disbursements for charitable purposes (cash basis only). B filed the same value under (b) and that row is rejected.",VERIFIED_ONE_SIDED,A,8975f55541fe0b27e768395c4b453b9debbcca6e6e4eb30ce03f9a8adf817747
58692d00b2b2c313950f,SRC373,1,PAIR_369D32C9CC2D40AC1DBB6AB0,A_ONLY,16,,,ACCEPT_A,A holds the printed cell and B's row for the same cell is rejected as the trimmed duplicate. The printed line is 18 Taxes (attach schedule) (see instructions); B stops at Taxes.,VERIFIED_ONE_SIDED,A,8975f55541fe0b27e768395c4b453b9debbcca6e6e4eb30ce03f9a8adf817747
c2d1f8ae4f9ee19cf449,SRC373,1,PAIR_09F58EB0BF7A3664BC4461D7,A_ONLY,17,,,ACCEPT_A,"A holds the printed cell and B's row for the same cell is rejected as the trimmed duplicate, under the LABEL and STRUCTURE rulings for this return.",VERIFIED_ONE_SIDED,A,8975f55541fe0b27e768395c4b453b9debbcca6e6e4eb30ce03f9a8adf817747
d2c659eb7694c0a6ef46,SRC373,1,PAIR_22DFB07801E2E59307241833,A_ONLY,18,,,ACCEPT_A,"A holds the printed cell and B's row for the same cell is rejected as the trimmed duplicate, under the LABEL and STRUCTURE rulings for this return.",VERIFIED_ONE_SIDED,A,8975f55541fe0b27e768395c4b453b9debbcca6e6e4eb30ce03f9a8adf817747
e1a7958adbb73059debc,SRC373,1,PAIR_5967D7C0525CD15BABCA8D6E,A_ONLY,19,,,ACCEPT_A,"A holds the printed cell and B's row for the same cell is rejected as the trimmed duplicate, under the LABEL and STRUCTURE rulings for this return.",VERIFIED_ONE_SIDED,A,8975f55541fe0b27e768395c4b453b9debbcca6e6e4eb30ce03f9a8adf817747
2494c54dc09ae08737bf,SRC373,1,PAIR_3B9D890DAA7A82F15E623ADA,A_ONLY,20,,,ACCEPT_A,"A holds the printed cell and B's row for the same cell is rejected as the trimmed duplicate. The printed line is 19 Depreciation (attach schedule) and depletion, with the parenthetical inside the label, so B's 19 Depreciation and depletion drops printed words from the middle of the line.",VERIFIED_ONE_SIDED,A,8975f55541fe0b27e768395c4b453b9debbcca6e6e4eb30ce03f9a8adf817747
c083f9b5e274633c5dbc,SRC373,1,PAIR_B6A42F6DB60304004B63330E,A_ONLY,21,,,ACCEPT_A,"A holds the printed cell and B's row for the same cell is rejected as the trimmed duplicate, under the LABEL and STRUCTURE rulings for this return.",VERIFIED_ONE_SIDED,A,8975f55541fe0b27e768395c4b453b9debbcca6e6e4eb30ce03f9a8adf817747
4be7ab8dbc5638e76269,SRC373,1,PAIR_BB618361E73FE71957864D32,A_ONLY,22,,,ACCEPT_A,"A holds the printed cell and B's row for the same cell is rejected as the trimmed duplicate, under the LABEL and STRUCTURE rulings for this return.",VERIFIED_ONE_SIDED,A,8975f55541fe0b27e768395c4b453b9debbcca6e6e4eb30ce03f9a8adf817747
35143016415876dd78f6,SRC373,1,PAIR_AC7D3EDE0C38E282048D365F,CLASSIFICATION_CONFLICT,23,23,source_section|source_table|subject_name|evidence_quote,ACCEPT_A,both lanes hold line 20 Occupancy under column (a) and the difference is structure and naming only; A is source-correct under the STRUCTURE and LABEL rulings for this return.,RESOLVED,A,8975f55541fe0b27e768395c4b453b9debbcca6e6e4eb30ce03f9a8adf817747
7dc1d02283f672730fbe,SRC373,1,PAIR_3FA71371223E38B9833E7E26,CLASSIFICATION_CONFLICT,24,24,source_section|source_table|subject_name|evidence_quote,ACCEPT_A,both lanes hold line 20 Occupancy under column (b) and the difference is structure and naming only; A is source-correct under the STRUCTURE and LABEL rulings for this return.,RESOLVED,A,8975f55541fe0b27e768395c4b453b9debbcca6e6e4eb30ce03f9a8adf817747
c34112c773d376e47856,SRC373,1,PAIR_80C57C36287AB2A5182170C5,CLASSIFICATION_CONFLICT,25,25,source_section|source_table|source_column_label|subject_name|evidence_quote,ACCEPT_A,both lanes hold the same printed cell; A's column heading (d) Disbursements for charitable purposes (cash basis only) is the complete printed heading and B stops at purposes.,RESOLVED,A,8975f55541fe0b27e768395c4b453b9debbcca6e6e4eb30ce03f9a8adf817747
9b84c1cdeb25e1d92530,SRC373,1,PAIR_B3773B7FB4468A65610A3CDB,CLASSIFICATION_CONFLICT,26,26,source_section|source_table|subject_name|evidence_quote,ACCEPT_A,"both lanes hold line 21 Travel, conferences, and meetings under column (a); A is source-correct under the STRUCTURE and LABEL rulings for this return.",RESOLVED,A,8975f55541fe0b27e768395c4b453b9debbcca6e6e4eb30ce03f9a8adf817747
d28e6d9f6025b15798c9,SRC373,1,PAIR_13632769B31CFC1C81262354,CLASSIFICATION_CONFLICT,27,27,source_section|source_table|subject_name|evidence_quote,ACCEPT_A,both lanes hold line 21 under column (b); A is source-correct under the STRUCTURE and LABEL rulings for this return.,RESOLVED,A,8975f55541fe0b27e768395c4b453b9debbcca6e6e4eb30ce03f9a8adf817747
2937907cf206521ed05f,SRC373,1,PAIR_5778BF7F732204DCDF5C80FD,CLASSIFICATION_CONFLICT,28,28,source_section|source_table|source_column_label|subject_name|evidence_quote,ACCEPT_A,both lanes hold the same printed cell; A's column heading is the complete printed (d) Disbursements for charitable purposes (cash basis only).,RESOLVED,A,8975f55541fe0b27e768395c4b453b9debbcca6e6e4eb30ce03f9a8adf817747
14c54575a2dda5968285,SRC373,1,PAIR_31F1317312BF118EA6576438,CLASSIFICATION_CONFLICT,29,29,source_section|source_table|subject_name|evidence_quote,ACCEPT_A,both lanes hold line 22 Printing and publications under column (a); A is source-correct under the STRUCTURE and LABEL rulings for this return.,RESOLVED,A,8975f55541fe0b27e768395c4b453b9debbcca6e6e4eb30ce03f9a8adf817747
3e6e76d3fabbc61ad99a,SRC373,1,PAIR_57F0FA701DCF6B512B496B1A,CLASSIFICATION_CONFLICT,30,30,source_section|source_table|subject_name|evidence_quote,ACCEPT_A,both lanes hold line 22 under column (b); A is source-correct under the STRUCTURE and LABEL rulings for this return.,RESOLVED,A,8975f55541fe0b27e768395c4b453b9debbcca6e6e4eb30ce03f9a8adf817747
d715ddcc1fc8ed4a982e,SRC373,1,PAIR_5EF483A0102B903308FCCA1B,CLASSIFICATION_CONFLICT,31,31,source_section|source_table|source_column_label|subject_name|evidence_quote,ACCEPT_A,both lanes hold the same printed cell; A's column heading is the complete printed (d) Disbursements for charitable purposes (cash basis only).,RESOLVED,A,8975f55541fe0b27e768395c4b453b9debbcca6e6e4eb30ce03f9a8adf817747
684f54eb7e8253c70013,SRC373,1,PAIR_49487538C5B12729AB76B819,A_ONLY,32,,,ACCEPT_A,A holds the printed cell and B's row for the same cell is rejected as the trimmed duplicate. The printed line is 23 Other expenses (attach schedule).,VERIFIED_ONE_SIDED,A,8975f55541fe0b27e768395c4b453b9debbcca6e6e4eb30ce03f9a8adf817747
5e79e9b293369de496c8,SRC373,1,PAIR_401E128B503EC41DB577E2E6,A_ONLY,33,,,ACCEPT_A,"A holds the printed cell and B's row for the same cell is rejected as the trimmed duplicate, under the LABEL and STRUCTURE rulings for this return.",VERIFIED_ONE_SIDED,A,8975f55541fe0b27e768395c4b453b9debbcca6e6e4eb30ce03f9a8adf817747
14a76eeb15f25e0530b7,SRC373,1,PAIR_B706EF2FB1E5DD84786A62B0,A_ONLY,34,,,ACCEPT_A,"A holds the printed cell and B's row for the same cell is rejected as the trimmed duplicate, under the LABEL and STRUCTURE rulings for this return.",VERIFIED_ONE_SIDED,A,8975f55541fe0b27e768395c4b453b9debbcca6e6e4eb30ce03f9a8adf817747
e638dfdc1cd29af444a2,SRC373,1,PAIR_BBD0075D9F89A4E332DEA084,A_ONLY,35,,,ACCEPT_A,"A holds the printed cell and B's row for the same cell is rejected as the trimmed duplicate, under the LABEL and STRUCTURE rulings for this return.",VERIFIED_ONE_SIDED,A,8975f55541fe0b27e768395c4b453b9debbcca6e6e4eb30ce03f9a8adf817747
3c1fb4b7c9b7d47834c6,SRC373,1,PAIR_BC3E6862D6C4D0EDF4B74976,A_ONLY,36,,,ACCEPT_A,"printed and eligible, and B missed line 24 entirely. The page prints 24 Total operating and administrative expenses. Add lines 13 through 23 with all four columns populated, and a printed expense total is fund_expense.",VERIFIED_ONE_SIDED,A,8975f55541fe0b27e768395c4b453b9debbcca6e6e4eb30ce03f9a8adf817747
2ecfb7a0e84c994b05cb,SRC373,1,PAIR_B1E2D943D49516DE3C848622,A_ONLY,37,,,ACCEPT_A,"printed and eligible, and B missed line 24 entirely; the (b) Net investment income column on that line prints 108,680,631.",VERIFIED_ONE_SIDED,A,8975f55541fe0b27e768395c4b453b9debbcca6e6e4eb30ce03f9a8adf817747
97748d252b67aa41dd9e,SRC373,1,PAIR_56B0F36A872C934733745EAB,A_ONLY,38,,,ACCEPT_A,"printed and eligible, and B missed line 24 entirely; the (c) Adjusted net income column on that line prints 0.",VERIFIED_ONE_SIDED,A,8975f55541fe0b27e768395c4b453b9debbcca6e6e4eb30ce03f9a8adf817747
5b30f2456a5b44e3eb51,SRC373,1,PAIR_616BAFF833B3C06004160A12,A_ONLY,39,,,ACCEPT_A,"printed and eligible, and B missed line 24 entirely; the (d) column on that line prints 54,721,528.",VERIFIED_ONE_SIDED,A,8975f55541fe0b27e768395c4b453b9debbcca6e6e4eb30ce03f9a8adf817747
72812557ddc427a8992f,SRC373,1,,ADJUDICATOR_ADD,,,,ADD,"both lanes stopped the Part I expense block at line 24 and neither read line 26, which the page prints populated in all four columns. Total expenses and disbursements is a printed expense total of the foundation, so fund_expense applies and each populated column is one row. Counted from the PNG.",ADDED,ADJUDICATOR,8975f55541fe0b27e768395c4b453b9debbcca6e6e4eb30ce03f9a8adf817747
398d2e322b5fef0b0792,SRC373,1,,ADJUDICATOR_ADD,,,,ADD,"both lanes stopped the Part I expense block at line 24 and neither read line 26, which the page prints populated in all four columns. Counted from the PNG.",ADDED,ADJUDICATOR,8975f55541fe0b27e768395c4b453b9debbcca6e6e4eb30ce03f9a8adf817747
58e92d5846b87c093c6a,SRC373,1,,ADJUDICATOR_ADD,,,,ADD,"both lanes stopped the Part I expense block at line 24 and neither read line 26, which the page prints populated in all four columns. Counted from the PNG.",ADDED,ADJUDICATOR,8975f55541fe0b27e768395c4b453b9debbcca6e6e4eb30ce03f9a8adf817747
a42ef01301b45e3a355a,SRC373,1,,ADJUDICATOR_ADD,,,,ADD,"both lanes stopped the Part I expense block at line 24 and neither read line 26, which the page prints populated in all four columns. Counted from the PNG.",ADDED,ADJUDICATOR,8975f55541fe0b27e768395c4b453b9debbcca6e6e4eb30ce03f9a8adf817747
99a3473a0b982ac074dd,SRC373,1,PAIR_5D242B5A88F296BC6B8AE8AA,A_ONLY,40,,,ACCEPT_A,"A holds the printed cell with the complete printed line 27b Net investment income (if negative, enter -0-); B's trimmed duplicate is rejected.",VERIFIED_ONE_SIDED,A,8975f55541fe0b27e768395c4b453b9debbcca6e6e4eb30ce03f9a8adf817747
c48e3c0bb38a5bf8b0f9,SRC373,1,PAIR_8F4463DCB5C0F58135E8272F,CLASSIFICATION_CONFLICT,41,37,source_section|source_table|subject_name|as_of_date,ACCEPT_A,"both lanes hold line 6a under column (a) and read 358,820,659; A is source-correct under the STRUCTURE ruling and additionally carries the printed reporting year, which the page states as For calendar year 2023.",RESOLVED,A,8975f55541fe0b27e768395c4b453b9debbcca6e6e4eb30ce03f9a8adf817747
dd37cb42053dc27f559b,SRC373,1,PAIR_8BD2EDB8DFA8E99E008C3D07,CLASSIFICATION_CONFLICT,42,38,source_section|source_table|subject_name,ACCEPT_A,"both lanes hold line 7 Capital gain net income (from Part IV, line 2) under column (b) and read 219,170,777; A is source-correct under the STRUCTURE ruling.",RESOLVED,A,8975f55541fe0b27e768395c4b453b9debbcca6e6e4eb30ce03f9a8adf817747
e5c901052cb9e373c20a,SRC373,1,PAIR_E6894173D806A37F2CA9314C,CLASSIFICATION_CONFLICT,43,39,source_section|source_table|subject_name,ACCEPT_A,both lanes hold line 8 Net short-term capital gain under column (c) and read 0; A is source-correct under the STRUCTURE ruling.,RESOLVED,A,8975f55541fe0b27e768395c4b453b9debbcca6e6e4eb30ce03f9a8adf817747
ab7c6f3c310d10706647,SRC373,2,PAIR_868A4E73AC3EE76E346407C2,A_ONLY,44,,,MERGE,"A holds the printed cell with the complete line label, which runs to the closing parenthesis of the prior-year agreement note; B trims it. Part III prints a numbered box before each amount, so the amount is the second unlabelled column, UNLABELED_COLUMN_1, which A used. Corrected by adding the printed Beginning of year in as_of_date and other_printed_scope under the SUBJECT ruling. beginning_capital is a qualified category and the page states no basis, so value_scope is unstated.",RESOLVED,A+ADJUDICATOR,8975f55541fe0b27e768395c4b453b9debbcca6e6e4eb30ce03f9a8adf817747
bda9ddeeff5d3cf25e55,SRC373,2,PAIR_5CB2482E2AAF0A8E6AF38030,B_ONLY,,76,,MERGE,"printed and eligible, and A missed it. B's category is confirmed against the cited statement: page 33, Part III, Line 3 Other Increases, prints one description line, (1) UNREALIZED GAIN/LOSS 103,480,042, which is the whole of this amount, so unrealized_gain_loss is the printed meaning and not a guess. B's row is corrected to the complete printed line label, to UNLABELED_COLUMN_1 for the amount column, and the definition key SEE STATEMENT is recorded. No period banner governs Part III line 3, so as_of_date stays blank.",RESOLVED,B+ADJUDICATOR,8975f55541fe0b27e768395c4b453b9debbcca6e6e4eb30ce03f9a8adf817747
818681c6a574f3ad2fc2,SRC373,2,PAIR_FD6CDF5481D2D890C4A65A30,A_ONLY,45,,,MERGE,"A holds the printed cell with the complete line label; corrected by adding the printed End of year in as_of_date and other_printed_scope under the SUBJECT ruling. ending_capital is a qualified category and the page states no basis, so value_scope is unstated.",RESOLVED,A+ADJUDICATOR,8975f55541fe0b27e768395c4b453b9debbcca6e6e4eb30ce03f9a8adf817747
89aad80c002689b30a3b,SRC373,2,PAIR_4FD317709DA460040B8F5E61,CLASSIFICATION_CONFLICT,46,40,source_section|source_table|source_column_label|subject_name|as_of_date|evidence_quote,MERGE,"neither lane is complete. DATE RULING, applied to every row of Part II: the page prints two banners over the value columns, Beginning of year over (a) Book Value and End of year over (b) Book Value and (c) Fair Market Value, with no date beside either, so the banner stays verbatim in as_of_date and the leaf header stays in source_column_label. A left as_of_date blank on every Part II row; B folded the banner into the column label, against the rule that a column takes the leaf header under a banner. SUBJECT RULING for this return: subject_name is the printed statement line and subject_type is other_printed_scope, except the Investments— lines, which name an asset class. Structure and labels are A's, as_of_date is B's.",RESOLVED,A+B+ADJUDICATOR,8975f55541fe0b27e768395c4b453b9debbcca6e6e4eb30ce03f9a8adf817747
7ab1e0482598aa4a04b1,SRC373,2,PAIR_CCE8636346506497EB770CA7,CLASSIFICATION_CONFLICT,47,41,source_section|source_table|source_column_label|subject_name|as_of_date|evidence_quote,MERGE,"neither lane is complete; settled under the DATE and SUBJECT rulings for this return. Structure and leaf column header from A, printed End of year banner from B.",RESOLVED,A+B+ADJUDICATOR,8975f55541fe0b27e768395c4b453b9debbcca6e6e4eb30ce03f9a8adf817747
44eeb91c72a0f1eb9061,SRC373,2,PAIR_82BCAB3E5C0EC54349546CEA,CLASSIFICATION_CONFLICT,48,42,source_section|source_table|subject_name|as_of_date|evidence_quote,MERGE,neither lane is complete; settled under the DATE and SUBJECT rulings for this return. Column (c) Fair Market Value sits under the End of year banner.,RESOLVED,A+B+ADJUDICATOR,8975f55541fe0b27e768395c4b453b9debbcca6e6e4eb30ce03f9a8adf817747
ed5fd08dbbc322f917f0,SRC373,2,PAIR_4E4EF47456788875CC3BAF43,A_ONLY,49,,,MERGE,"A holds the printed cell with the complete line label and the leaf column header, and B's row for the same cell is rejected; A's row is corrected by adding the printed Beginning of year banner in as_of_date under the DATE ruling.",RESOLVED,A+ADJUDICATOR,8975f55541fe0b27e768395c4b453b9debbcca6e6e4eb30ce03f9a8adf817747
d11f29ea170f8729c201,SRC373,2,PAIR_8FD2C89CBDDAC2D2917626DE,A_ONLY,50,,,MERGE,A holds the printed cell; corrected by adding the printed End of year banner in as_of_date under the DATE ruling. B's duplicate is rejected.,RESOLVED,A+ADJUDICATOR,8975f55541fe0b27e768395c4b453b9debbcca6e6e4eb30ce03f9a8adf817747
89b9067f90dd101cb16a,SRC373,2,PAIR_C9B46EDC1E911AECA7F667B4,A_ONLY,51,,,MERGE,"A holds the printed cell; corrected by adding the printed End of year banner in as_of_date. investment_fair_value is a qualified category and the page states no basis for the fair market value column, so value_scope is unstated.",RESOLVED,A+ADJUDICATOR,8975f55541fe0b27e768395c4b453b9debbcca6e6e4eb30ce03f9a8adf817747
d4e8de2aea8a7a2f546f,SRC373,2,PAIR_2C9AE9133BD49280FEED1DFB,A_ONLY,52,,,MERGE,A holds the printed cell; corrected by adding the printed Beginning of year banner in as_of_date. A printed 0 is a populated cell.,RESOLVED,A+ADJUDICATOR,8975f55541fe0b27e768395c4b453b9debbcca6e6e4eb30ce03f9a8adf817747
450852d0df668b4cb5f5,SRC373,2,PAIR_375B92A13C3B5D1B782588EC,A_ONLY,53,,,MERGE,A holds the printed cell; corrected by adding the printed End of year banner in as_of_date.,RESOLVED,A+ADJUDICATOR,8975f55541fe0b27e768395c4b453b9debbcca6e6e4eb30ce03f9a8adf817747
912ee64f704986dd8d25,SRC373,2,PAIR_743EA894EE8892CDFBF86FD0,A_ONLY,54,,,MERGE,A holds the printed cell; corrected by adding the printed End of year banner in as_of_date.,RESOLVED,A+ADJUDICATOR,8975f55541fe0b27e768395c4b453b9debbcca6e6e4eb30ce03f9a8adf817747
81151f04a8910a0a7af8,SRC373,2,PAIR_3C81024980B6278359D6A06D,A_ONLY,55,,,MERGE,A holds the printed cell; corrected by adding the printed Beginning of year banner in as_of_date.,RESOLVED,A+ADJUDICATOR,8975f55541fe0b27e768395c4b453b9debbcca6e6e4eb30ce03f9a8adf817747
d04f43a912305fec9878,SRC373,2,PAIR_E0C93380C4C0AB31E964B34E,A_ONLY,56,,,MERGE,A holds the printed cell; corrected by adding the printed End of year banner in as_of_date.,RESOLVED,A+ADJUDICATOR,8975f55541fe0b27e768395c4b453b9debbcca6e6e4eb30ce03f9a8adf817747
fb370f6c62134778d239,SRC373,2,PAIR_5F8B0C6C51FD30A8655D4CDD,A_ONLY,57,,,MERGE,A holds the printed cell; corrected by adding the printed End of year banner in as_of_date.,RESOLVED,A+ADJUDICATOR,8975f55541fe0b27e768395c4b453b9debbcca6e6e4eb30ce03f9a8adf817747
ccff1326ae783151610f,SRC373,2,PAIR_DDAB693FD804063AB151E900,B_ONLY,,52,,MERGE,"printed and eligible, and A missed it: A read only the basis box on line 11 and left the three value columns unread. The columns carry the net amount on the Less: accumulated depreciation continuation row and belong to line 11, so the row label is the line, not the continuation. B's row is corrected to the leaf column header and the printed banner in as_of_date.",RESOLVED,B+ADJUDICATOR,8975f55541fe0b27e768395c4b453b9debbcca6e6e4eb30ce03f9a8adf817747
6a7952cc4472bb409e4a,SRC373,2,PAIR_EAA5B1540EC30F0AFE23A0CC,B_ONLY,,53,,MERGE,"printed and eligible, and A missed it; B's row is corrected to the leaf column header and the printed End of year banner.",RESOLVED,B+ADJUDICATOR,8975f55541fe0b27e768395c4b453b9debbcca6e6e4eb30ce03f9a8adf817747
1ca8601d790df0cb311e,SRC373,2,PAIR_BD54F174B8F4F230C7CB3C88,B_ONLY,,54,,MERGE,"printed and eligible, and A missed it; B's row is corrected to the leaf column header and the printed End of year banner.",RESOLVED,B+ADJUDICATOR,8975f55541fe0b27e768395c4b453b9debbcca6e6e4eb30ce03f9a8adf817747
40e3f505d8ae2b1833dc,SRC373,2,PAIR_88B4E9B325910CBB79B63355,A_ONLY,58,,,MERGE,"A holds the basis box printed in the description column of line 11, which B missed. The Part II heading prints that amounts in the description column should be for end-of-year amounts only, so as_of_date is End of year.",RESOLVED,A+ADJUDICATOR,8975f55541fe0b27e768395c4b453b9debbcca6e6e4eb30ce03f9a8adf817747
b11834573c84c01a1642,SRC373,2,PAIR_84610535FF32003F596B5388,A_ONLY,59,,,MERGE,A holds the printed cell; corrected by adding the printed Beginning of year banner in as_of_date.,RESOLVED,A+ADJUDICATOR,8975f55541fe0b27e768395c4b453b9debbcca6e6e4eb30ce03f9a8adf817747
c89c4c627d9430a9c780,SRC373,2,PAIR_6483C72D36AF0DC4D6968152,A_ONLY,60,,,MERGE,A holds the printed cell; corrected by adding the printed End of year banner in as_of_date.,RESOLVED,A+ADJUDICATOR,8975f55541fe0b27e768395c4b453b9debbcca6e6e4eb30ce03f9a8adf817747
1904b258c8ef7ae1027d,SRC373,2,PAIR_E2A28830E4B4569FFA5D157B,A_ONLY,61,,,MERGE,"A holds the printed cell; corrected by adding the printed End of year banner in as_of_date. This line carries the great majority of the foundation's portfolio, 7,739,175,439 at fair market value.",RESOLVED,A+ADJUDICATOR,8975f55541fe0b27e768395c4b453b9debbcca6e6e4eb30ce03f9a8adf817747
18c9e762c6bc2e37f734,SRC373,2,PAIR_200651BA3F2F943FD4AE6505,B_ONLY,,58,,MERGE,"printed and eligible, and A missed it. Line 15 prints Other assets (describe (SEE STATEMENT) ), and the cited statement on page 31, Part II, Line 15 Other Assets (continued), itemises the whole balance as PROGRAM RELATED INVESTMENT LOANS 104,767,181 and PROGRAM RELATED EQUITY INVESTMENTS 2,059,173, which sum to this 106,826,354. The reference resolves the line to program-related investments, so investment_cost is the printed meaning and B's category stands. B's row is corrected to the complete printed line label, the leaf column header and the printed Beginning of year banner in as_of_date, and the reference is recorded in definition_keys.",RESOLVED,B+ADJUDICATOR,8975f55541fe0b27e768395c4b453b9debbcca6e6e4eb30ce03f9a8adf817747
3acebba7c7606af8d347,SRC373,2,PAIR_0F1B8CA082277765F19C0A50,B_ONLY,,59,,MERGE,"printed and eligible, and A missed it; settled on the same ground as line 15 column (a), with the printed End of year banner in as_of_date.",RESOLVED,B+ADJUDICATOR,8975f55541fe0b27e768395c4b453b9debbcca6e6e4eb30ce03f9a8adf817747
33bf48ce10790873defb,SRC373,2,PAIR_47D4653B0D419C1C4918FAA9,B_ONLY,,60,,MERGE,"printed and eligible, and A missed it; settled on the same ground as line 15 column (a). The page states no basis for the fair market value column, so value_scope is unstated.",RESOLVED,B+ADJUDICATOR,8975f55541fe0b27e768395c4b453b9debbcca6e6e4eb30ce03f9a8adf817747
429c9d0efa9d3209404a,SRC373,2,PAIR_5201DFA2CA56A8DAECC22CF4,A_ONLY,63,,,MERGE,A holds the printed cell with the complete line label; corrected by adding the printed Beginning of year banner in as_of_date. B's trimmed duplicate is rejected.,RESOLVED,A+ADJUDICATOR,8975f55541fe0b27e768395c4b453b9debbcca6e6e4eb30ce03f9a8adf817747
26f2876bdfe2b5538b03,SRC373,2,PAIR_9A0F2A697D5C63093C749F16,A_ONLY,64,,,MERGE,A holds the printed cell; corrected by adding the printed End of year banner in as_of_date. This figure agrees with item I on page 1.,RESOLVED,A+ADJUDICATOR,8975f55541fe0b27e768395c4b453b9debbcca6e6e4eb30ce03f9a8adf817747
422aad502bf996765500,SRC373,2,PAIR_D883DFE5285F2197DA9C63F9,A_ONLY,65,,,MERGE,A holds the printed cell; corrected by adding the printed End of year banner in as_of_date.,RESOLVED,A+ADJUDICATOR,8975f55541fe0b27e768395c4b453b9debbcca6e6e4eb30ce03f9a8adf817747
9efd210782ad2619b65a,SRC373,2,PAIR_3F3FE37BA3F6778337B8B893,CLASSIFICATION_CONFLICT,66,64,source_section|source_table|source_column_label|subject_name|as_of_date|evidence_quote,MERGE,neither lane is complete; settled under the DATE and SUBJECT rulings for this return.,RESOLVED,A+B+ADJUDICATOR,8975f55541fe0b27e768395c4b453b9debbcca6e6e4eb30ce03f9a8adf817747
3a1fd8a643f96d443da8,SRC373,2,PAIR_323952F3293912C5123F7CE3,CLASSIFICATION_CONFLICT,67,65,source_section|source_table|source_column_label|subject_name|as_of_date|evidence_quote,MERGE,neither lane is complete; settled under the DATE and SUBJECT rulings for this return.,RESOLVED,A+B+ADJUDICATOR,8975f55541fe0b27e768395c4b453b9debbcca6e6e4eb30ce03f9a8adf817747
01e7c0a0405514a08b64,SRC373,2,PAIR_53CD3F2ABD01ED2CB01AB1E7,CLASSIFICATION_CONFLICT,68,66,source_section|source_table|subject_name|as_of_date|evidence_quote,MERGE,neither lane is complete; settled under the DATE and SUBJECT rulings for this return.,RESOLVED,A+B+ADJUDICATOR,8975f55541fe0b27e768395c4b453b9debbcca6e6e4eb30ce03f9a8adf817747
1454de7ec19d03a72e7d,SRC373,2,PAIR_35410871512B3E6390F94854,A_ONLY,69,,,MERGE,"A holds the printed cell with the complete line label; corrected by adding the printed Beginning of year banner in as_of_date. Column (c) is shaded on this line, so the line has two populated cells, not three.",RESOLVED,A+ADJUDICATOR,8975f55541fe0b27e768395c4b453b9debbcca6e6e4eb30ce03f9a8adf817747
9757a1ca8caee909a63f,SRC373,2,PAIR_E52CBF3941ECF54E671BBEB7,A_ONLY,70,,,MERGE,A holds the printed cell; corrected by adding the printed End of year banner in as_of_date.,RESOLVED,A+ADJUDICATOR,8975f55541fe0b27e768395c4b453b9debbcca6e6e4eb30ce03f9a8adf817747
5b8199fcd3800face8c0,SRC373,2,PAIR_5F8BE3E5AAD5C651C89B5C1A,CLASSIFICATION_CONFLICT,71,69,source_section|source_table|source_column_label|subject_type|subject_name|as_of_date|evidence_quote,MERGE,"neither lane is complete. A carries the leaf column header and B the printed banner, so both are taken. subject_type is other_printed_scope under the SUBJECT ruling: the row's subject is the printed statement line, not the institution, which the document_context row names. A typed it reporting_entity.",RESOLVED,A+B+ADJUDICATOR,8975f55541fe0b27e768395c4b453b9debbcca6e6e4eb30ce03f9a8adf817747
3e5ca26113ac0e531623,SRC373,2,PAIR_E46BCB35DF7A75B9C0E7BD2D,CLASSIFICATION_CONFLICT,72,70,source_section|source_table|source_column_label|subject_type|subject_name|as_of_date|evidence_quote,MERGE,neither lane is complete; settled under the DATE and SUBJECT rulings for this return.,RESOLVED,A+B+ADJUDICATOR,8975f55541fe0b27e768395c4b453b9debbcca6e6e4eb30ce03f9a8adf817747
22e3dcaff6d4b93b75a1,SRC373,2,PAIR_90D73E4508871CF4B8BD5DB6,A_ONLY,73,,,MERGE,A holds the printed cell with the complete line label; corrected by adding the printed Beginning of year banner and by typing subject_type other_printed_scope under the SUBJECT ruling.,RESOLVED,A+ADJUDICATOR,8975f55541fe0b27e768395c4b453b9debbcca6e6e4eb30ce03f9a8adf817747
b64ac30957938a2e263c,SRC373,2,PAIR_B9FBFEDF0963B99BB8469DF7,A_ONLY,74,,,MERGE,A holds the printed cell; corrected by adding the printed End of year banner and by typing subject_type other_printed_scope under the SUBJECT ruling.,RESOLVED,A+ADJUDICATOR,8975f55541fe0b27e768395c4b453b9debbcca6e6e4eb30ce03f9a8adf817747
c8a79a32a38ca3d7d34c,SRC373,3,PAIR_0410CBEAFE8A2BED09DDA87F,CLASSIFICATION_CONFLICT,75,80,source_section|source_table|source_column_label|subject_type|subject_name|evidence_quote,MERGE,"both lanes hold line 2 and read 219,170,777. A is source-correct on the STRUCTURE ruling, with Part IV in source_section and the printed title Capital Gains and Losses for Tax on Investment Income in source_table, and on the column: Part IV prints a numbered box before the amount, so the amount is UNLABELED_COLUMN_1, which A used and B filed as UNLABELED_COLUMN_0.; Source review: p3: 2 Capital gain net income or (net capital loss) (The page image identifies a tax-form line label rather than an institution; retain the printed label and amount without assigning an entity ID.)",RESOLVED,A+B+ADJUDICATOR,8975f55541fe0b27e768395c4b453b9debbcca6e6e4eb30ce03f9a8adf817747
1900d3313d44759c7c2a,SRC373,3,PAIR_E5CC1EEC31F06EA3884A4C4C,A_ONLY,76,,,MERGE,"neither lane prints the label the page prints. Line 3 reads Net short-term capital gain or (loss) as defined in sections 1222(5) and (6): A moves the parenthesis to give capital gain (or loss), which is not the printed wording, and B keeps the printed wording but stops before the definition clause. The published label is the complete printed line with the trailing colon dropped. A's structure and column are kept.",RESOLVED,A+ADJUDICATOR,8975f55541fe0b27e768395c4b453b9debbcca6e6e4eb30ce03f9a8adf817747
fd2db505895511a6e191,SRC373,3,PAIR_0824ECB34190716F12CB2F37,A_ONLY,77,,,ACCEPT_A,"printed and eligible. Part IV is one table printed in three stacked blocks that share the row keys a to e; the description REALIZED G/L ON SECURITIES, MRI, & PRI is printed once, on row 1a of the first block, and the rows of the (e) to (h) and (i) to (l) blocks print the bare letter. A files the cell under the letter that is printed beside it, which is the printed label; B imports the description from the first block and title-cases it. A also carries the complete printed column heading, (h) Gain (or loss) ((e) plus (f) minus (g)), where B stops at Gain or (loss).",VERIFIED_ONE_SIDED,A,8975f55541fe0b27e768395c4b453b9debbcca6e6e4eb30ce03f9a8adf817747
e62a91c6ace1b0cd3f2e,SRC373,3,PAIR_C687A51634144343C515239E,A_ONLY,78,,,ACCEPT_A,"printed and eligible; row a of the (i) to (l) block prints 219,170,777 under the complete heading (l) Gains (Col. (h) gain minus col. (k), but not less than -0-) or Losses (from col. (h)), which A carries in full.",VERIFIED_ONE_SIDED,A,8975f55541fe0b27e768395c4b453b9debbcca6e6e4eb30ce03f9a8adf817747
48cf6ea44d92ddab5200,SRC373,7,PAIR_8D8B169F260A0CE3ECE39E91,A_ONLY,79,,,ACCEPT_A,"printed and eligible, and B's zero for this page is overridden. PRI RULING for this return: Part VIII-B is headed Summary of Program-Related Investments and the controlled subject_type list carries program_related_investment, so a PRI is an investment the foundation holds and not a grant. B's note calls these named program-related-investment grant amounts and excludes them under the grants category; the form's own heading says otherwise, and the definition on page 188 states that PRIs are generally made as loans, which a grant is not. Line 1 prints 5,000,000 against TRUST FOR PUBLIC LAND.",VERIFIED_ONE_SIDED,A,8975f55541fe0b27e768395c4b453b9debbcca6e6e4eb30ce03f9a8adf817747
ee765ee3cc10873b0a06,SRC373,7,PAIR_1C0DB3FF18445F58F90FA64E,A_ONLY,80,,,ACCEPT_A,"printed and eligible under the PRI ruling; line 2 prints 4,250,000 against WESTERN RIVERS CONSERVANCY.",VERIFIED_ONE_SIDED,A,8975f55541fe0b27e768395c4b453b9debbcca6e6e4eb30ce03f9a8adf817747
b0a9b93fb954f434d0ff,SRC373,7,PAIR_BCF2DC74AAA8F1EC6B71AC33,A_ONLY,81,,,ACCEPT_A,"printed and eligible under the PRI ruling; line 3 prints 19,626,988 against (SEE STATEMENT), which is the aggregate of the fourteen investments itemised on page 116.",VERIFIED_ONE_SIDED,A,8975f55541fe0b27e768395c4b453b9debbcca6e6e4eb30ce03f9a8adf817747
9e1589517493fb7b0cc3,SRC373,7,PAIR_1672ED21D45AF4069138AB04,A_ONLY,82,,,ACCEPT_A,"printed and eligible under the PRI ruling; Total. Add lines 1 through 3 prints 28,876,988.",VERIFIED_ONE_SIDED,A,8975f55541fe0b27e768395c4b453b9debbcca6e6e4eb30ce03f9a8adf817747
442ca7bccaa39a098b97,SRC373,8,PAIR_7956955459F4CF3D9F83974E,CLASSIFICATION_CONFLICT,83,82,source_section|source_table|source_column_label|subject_type|basis_raw|evidence_quote|value_scope,MERGE,"neither lane is complete. A is source-correct on structure and on the amount column, which Part IX prints after a numbered box, and B is not; but A writes value_scope statement_line, which is not a phrase the page prints. investment_fair_value is a qualified category and the page does state the scope, in the line 1 lead-in, Fair market value of assets not used (or held for use) directly in carrying out charitable, etc., purposes, which A already copied into basis_raw; that printed phrase fills value_scope. subject_type is other_printed_scope, as A used on every other row of this table: the row names a measure, not an asset class.",RESOLVED,A+B+ADJUDICATOR,8975f55541fe0b27e768395c4b453b9debbcca6e6e4eb30ce03f9a8adf817747
3cc8bff141c89cfaed98,SRC373,8,PAIR_22015BC84AC147B0CA2B5CEB,CONTEXT_CONFLICT,84,83,source_section|source_table|source_column_label|basis_raw|evidence_quote,ACCEPT_A,"both lanes hold line 1b and read 107,445,497; A is source-correct on structure and on the amount column. cash is not a qualified category, so no value_scope is required and A's blank is right.",RESOLVED,A,8975f55541fe0b27e768395c4b453b9debbcca6e6e4eb30ce03f9a8adf817747
cf55dfb16e89555fef8e,SRC373,8,PAIR_5479745ED590C630668AED6F,A_ONLY,85,,,MERGE,"A holds the printed cell with the complete printed label, 1c Fair market value of all other assets (see instructions), where B trims the parenthetical and files the amount as UNLABELED_COLUMN_0. A's value_scope statement_line is replaced by the printed line 1 scope it already carries in basis_raw.",RESOLVED,A+ADJUDICATOR,8975f55541fe0b27e768395c4b453b9debbcca6e6e4eb30ce03f9a8adf817747
cfcc244aa5386f16cc3e,SRC373,8,PAIR_D7B99E4CD6CE4BD1C8F9AC8D,A_ONLY,86,,,ACCEPT_A,"printed and eligible, and B read only lines 1a to 1c. Line 1d prints 7,899,507,697 as the total of lines 1a, b and c, so total_assets is the printed meaning; total_assets is not a qualified category, so no value_scope is required.",VERIFIED_ONE_SIDED,A,8975f55541fe0b27e768395c4b453b9debbcca6e6e4eb30ce03f9a8adf817747
db6701e44ad745725744,SRC373,8,PAIR_12AD2378CFE5FD2D28191C61,A_ONLY,87,,,MERGE,"printed and eligible, and B missed it. Line 3 prints 7,899,507,697 as line 1d less the line 2 acquisition indebtedness, which is blank, so the figure remains a fair market value of the same assets. A's value_scope statement_line is replaced by the printed line 1 scope.",RESOLVED,A+ADJUDICATOR,8975f55541fe0b27e768395c4b453b9debbcca6e6e4eb30ce03f9a8adf817747
df8e8094877afd284d68,SRC373,8,PAIR_E18AF790FFC08E690D178B55,A_ONLY,88,,,ACCEPT_A,"printed and eligible, and B missed it. Line 4 prints 118,492,615 as cash deemed held for charitable activities, so cash is the printed meaning; cash is not a qualified category and A's blank value_scope is right.",VERIFIED_ONE_SIDED,A,8975f55541fe0b27e768395c4b453b9debbcca6e6e4eb30ce03f9a8adf817747
d808b5e1e6eaddbff9c6,SRC373,8,PAIR_53D1D8ED4D404D0BA16F55D5,A_ONLY,89,,,MERGE,"printed and eligible, and B missed it. Line 5 prints 7,781,015,082 as line 3 less line 4, the net value of the assets the line 1 lead-in scopes. A's value_scope statement_line is replaced by that printed scope.",RESOLVED,A+ADJUDICATOR,8975f55541fe0b27e768395c4b453b9debbcca6e6e4eb30ce03f9a8adf817747
8c38b4fa28ba3117a408,SRC373,12,PAIR_DD3191DEF821AC406315175A,A_ONLY,98,,,MERGE,"neither lane is complete. The printed row is 8 Gain or (loss) from sales of assets other than inventory, which is B's wording; A moves the parenthesis to Gain (or loss). The column is the leaf header (b) Amount, which is A's; B folds in the banner Unrelated business income, and the letters already keep the two Amount columns distinct. The rows of this table are measures and the columns are section 512, 513 and 514 classifications, so metric_name takes the row, not the column.",RESOLVED,A+ADJUDICATOR,8975f55541fe0b27e768395c4b453b9debbcca6e6e4eb30ce03f9a8adf817747
e70229a4b03c8ca32875,SRC373,12,PAIR_4D7AF63BAAC7DC29AE88D17D,A_ONLY,99,,,MERGE,"neither lane is complete; settled on the same ground as the (b) Amount cell of this row, with the printed row wording from B and the leaf column header from A.",RESOLVED,A+ADJUDICATOR,8975f55541fe0b27e768395c4b453b9debbcca6e6e4eb30ce03f9a8adf817747
985633c9f0c066ec645c,SRC373,19,PAIR_36AAC1A9D8998F811C95822B,CLASSIFICATION_CONFLICT,101,87,source_section|subject_type|evidence_quote,MERGE,"neither lane is complete. A carries the printed part designator in source_section where B repeats the whole heading in both source_section and source_table, but A types the row as asset_class, which Realized G/L on Securities, MRI, & PRI is not: it is a gain-and-loss line, so other_printed_scope is correct under the SUBJECT ruling and B has it right. The evidence quote is rebuilt from the printed row read across, which B's lane captured out of order from the wrapped label.",RESOLVED,A+B+ADJUDICATOR,8975f55541fe0b27e768395c4b453b9debbcca6e6e4eb30ce03f9a8adf817747
ed98e525319f1305c997,SRC373,19,PAIR_5421F2F37E03F911B8F11F48,A_ONLY,103,,,ACCEPT_A,"printed and eligible, and B read only the two Total (net) cells on this page. The Total row prints 0 under Basis, which is the cost basis of the assets sold, so investment_cost is the printed meaning.",VERIFIED_ONE_SIDED,A,8975f55541fe0b27e768395c4b453b9debbcca6e6e4eb30ce03f9a8adf817747
ff31be87f593f5bf7232,SRC373,19,PAIR_BBD290AE863FA9D0FE46B1E9,A_ONLY,105,,,ACCEPT_A,"printed and eligible, and B missed it. The Total row prints 0 under Sales Expense, which is an expense line of the foundation, so fund_expense is the printed meaning.",VERIFIED_ONE_SIDED,A,8975f55541fe0b27e768395c4b453b9debbcca6e6e4eb30ce03f9a8adf817747
8dae1abbca777be6f5f2,SRC373,19,PAIR_175D0A5B63B91A7810246A36,CONTEXT_CONFLICT,106,88,source_section|evidence_quote,ACCEPT_A,"both lanes hold the printed Total row under Total (net) and read 358,820,659; A carries the part designator in source_section where B repeats the whole heading in both structure fields. B's fuller evidence quote is its only lead and the record is otherwise A's.",RESOLVED,A,8975f55541fe0b27e768395c4b453b9debbcca6e6e4eb30ce03f9a8adf817747
ae40f001d82a192b54d0,SRC373,20,PAIR_AA469B2CCD4C3F2D93AD1F49,A_ONLY,107,,,ACCEPT_A,"printed and eligible, and B declared the whole page NO_ELIGIBLE_DATA. Column (b) is headed Net investment income and prints 807,515 on the (1) PROGRAM RELATED INVESTMENT row, so the column header names the category and the cell is in scope. B's zero for this page is overridden. The (a) Revenue and expenses and (c) Adjusted net income cells on this page stay out: revenue and adjusted net income have no category in this family.",VERIFIED_ONE_SIDED,A,8975f55541fe0b27e768395c4b453b9debbcca6e6e4eb30ce03f9a8adf817747
1403c7edc6e85f61d331,SRC373,20,PAIR_7F2DD047C82E1AE1BB21810A,A_ONLY,108,,,ACCEPT_A,"printed and eligible, and B missed the page. (2) MISCELLANEOUS INCOME prints 20,474 under (b) Net investment income.",VERIFIED_ONE_SIDED,A,8975f55541fe0b27e768395c4b453b9debbcca6e6e4eb30ce03f9a8adf817747
699be4f5c0f0874a677c,SRC373,20,PAIR_564FD7BE2F003158FF9E2FE9,A_ONLY,109,,,ACCEPT_A,"printed and eligible, and B missed the page. (3) OTHER INCOME FROM K-1 PASS THRU prints 62,100,135 under (b) Net investment income and nothing under (a), so this row has one populated cell.",VERIFIED_ONE_SIDED,A,8975f55541fe0b27e768395c4b453b9debbcca6e6e4eb30ce03f9a8adf817747
0088fc90b6ed33f02f1f,SRC373,20,PAIR_AC56E7DE81DAD897A3AF528E,A_ONLY,110,,,ACCEPT_A,"printed and eligible, and B missed the page. TOTAL prints 62,928,124 under (b) Net investment income.",VERIFIED_ONE_SIDED,A,8975f55541fe0b27e768395c4b453b9debbcca6e6e4eb30ce03f9a8adf817747
cbbffa7d0bb44fb800ed,SRC373,21,PAIR_94758B60B1448E018C27368A,A_ONLY,111,,,ACCEPT_A,"printed and eligible. SUPPORTING SCHEDULE RULING, applied to every Part I supporting statement in this return: the Description column prints two rows, the numbered item and TOTAL, and the row label is the printed text including its number, so (1) LEGAL FEES is the label and Legal Fees is a retitling. On the item row column (c) Adjusted net income is blank and only the TOTAL row prints 0 there, so the item row has three populated cells and TOTAL has four, seven in all. B read four cells, renamed the item row, claimed a value in the blank (c) cell and did not read TOTAL at all.",VERIFIED_ONE_SIDED,A,8975f55541fe0b27e768395c4b453b9debbcca6e6e4eb30ce03f9a8adf817747
5c7be97d91a86f4ebc42,SRC373,21,PAIR_F4D1A7211F668ACACB5A9B4A,A_ONLY,112,,,ACCEPT_A,"printed and eligible; (1) LEGAL FEES prints 224,386 under (b) Net investment income. Settled under the SUPPORTING SCHEDULE ruling.",VERIFIED_ONE_SIDED,A,8975f55541fe0b27e768395c4b453b9debbcca6e6e4eb30ce03f9a8adf817747
01442b76a23ff9b4c685,SRC373,21,PAIR_CB9F2F19A91208E097EB55CA,A_ONLY,113,,,ACCEPT_A,"printed and eligible; (1) LEGAL FEES prints 898,869 under (d) Charitable disbursements. Settled under the SUPPORTING SCHEDULE ruling.",VERIFIED_ONE_SIDED,A,8975f55541fe0b27e768395c4b453b9debbcca6e6e4eb30ce03f9a8adf817747
f753231bbda92df7d926,SRC373,21,PAIR_40BD60435DB18245BBCFA696,A_ONLY,114,,,ACCEPT_A,"printed and eligible, and B did not read the TOTAL row. TOTAL prints 945,901 under (a).",VERIFIED_ONE_SIDED,A,8975f55541fe0b27e768395c4b453b9debbcca6e6e4eb30ce03f9a8adf817747
0c5c2f13d35be02ee7f4,SRC373,21,PAIR_555732BE7E95CBE456B22E07,A_ONLY,115,,,ACCEPT_A,"printed and eligible, and B did not read the TOTAL row. TOTAL prints 224,386 under (b).",VERIFIED_ONE_SIDED,A,8975f55541fe0b27e768395c4b453b9debbcca6e6e4eb30ce03f9a8adf817747
7df945e67887a2413638,SRC373,21,PAIR_BAE42007EBF57D2659E4F623,A_ONLY,116,,,ACCEPT_A,"printed and eligible, and B did not read the TOTAL row. TOTAL prints 0 under (c) Adjusted net income, which is the only populated cell in that column on this page.",VERIFIED_ONE_SIDED,A,8975f55541fe0b27e768395c4b453b9debbcca6e6e4eb30ce03f9a8adf817747
c22a078fd9b88b7e8443,SRC373,21,PAIR_B86BBCD5ED24247AB9E3C040,A_ONLY,117,,,ACCEPT_A,"printed and eligible, and B did not read the TOTAL row. TOTAL prints 898,869 under (d).",VERIFIED_ONE_SIDED,A,8975f55541fe0b27e768395c4b453b9debbcca6e6e4eb30ce03f9a8adf817747
00460b76e294bb02e22b,SRC373,22,PAIR_C707E90368145897D190498C,A_ONLY,118,,,ACCEPT_A,"printed and eligible; the page prints (1) ACCOUNTING FEES 666,725 under (a). Settled under the SUPPORTING SCHEDULE ruling: seven populated cells, three on the item row and four on TOTAL.",VERIFIED_ONE_SIDED,A,8975f55541fe0b27e768395c4b453b9debbcca6e6e4eb30ce03f9a8adf817747
cfe7e64c19ccf83f2530,SRC373,22,PAIR_1B96EA73767295963966ADC8,A_ONLY,119,,,ACCEPT_A,"printed and eligible; (1) ACCOUNTING FEES prints 332,761 under (b).",VERIFIED_ONE_SIDED,A,8975f55541fe0b27e768395c4b453b9debbcca6e6e4eb30ce03f9a8adf817747
bec4699ed986e1056fd2,SRC373,22,PAIR_384127D6F93F68A042C52FCE,A_ONLY,120,,,ACCEPT_A,"printed and eligible; (1) ACCOUNTING FEES prints 316,416 under (d).",VERIFIED_ONE_SIDED,A,8975f55541fe0b27e768395c4b453b9debbcca6e6e4eb30ce03f9a8adf817747
a52dfc71e95e17c6977b,SRC373,22,PAIR_4E292100B105C321595C4150,A_ONLY,121,,,ACCEPT_A,"printed and eligible, and B did not read the TOTAL row. TOTAL prints 666,725 under (a).",VERIFIED_ONE_SIDED,A,8975f55541fe0b27e768395c4b453b9debbcca6e6e4eb30ce03f9a8adf817747
919cd40329993f3a920d,SRC373,22,PAIR_A05BDB088ABD697474EA6C0C,A_ONLY,122,,,ACCEPT_A,"printed and eligible, and B did not read the TOTAL row. TOTAL prints 332,761 under (b).",VERIFIED_ONE_SIDED,A,8975f55541fe0b27e768395c4b453b9debbcca6e6e4eb30ce03f9a8adf817747
bacf5341f08c696bf599,SRC373,22,PAIR_3334356A588D5FEBF79F0FF7,A_ONLY,123,,,ACCEPT_A,"printed and eligible, and B did not read the TOTAL row. TOTAL prints 0 under (c), the only populated cell in that column on this page.",VERIFIED_ONE_SIDED,A,8975f55541fe0b27e768395c4b453b9debbcca6e6e4eb30ce03f9a8adf817747
a741c163364b05bc4513,SRC373,22,PAIR_1EE243958E948808B9E7BD47,A_ONLY,124,,,ACCEPT_A,"printed and eligible, and B did not read the TOTAL row. TOTAL prints 316,416 under (d).",VERIFIED_ONE_SIDED,A,8975f55541fe0b27e768395c4b453b9debbcca6e6e4eb30ce03f9a8adf817747
d77046188934413e5347,SRC373,23,PAIR_45018063CFAAB7792400C499,A_ONLY,125,,,ACCEPT_A,"printed and eligible; the page prints (1) OTHER PROFESSIONAL FEES 13,017,723 under (a). Settled under the SUPPORTING SCHEDULE ruling: seven populated cells.",VERIFIED_ONE_SIDED,A,8975f55541fe0b27e768395c4b453b9debbcca6e6e4eb30ce03f9a8adf817747
f8e0365fe36c26afc194,SRC373,23,PAIR_A57789443787167378DF1415,A_ONLY,126,,,ACCEPT_A,"printed and eligible; (1) OTHER PROFESSIONAL FEES prints 1,690,679 under (b).",VERIFIED_ONE_SIDED,A,8975f55541fe0b27e768395c4b453b9debbcca6e6e4eb30ce03f9a8adf817747
e647518be71674c7a2f3,SRC373,23,PAIR_5907F0A587E5C78FCADF194F,A_ONLY,127,,,ACCEPT_A,"printed and eligible; (1) OTHER PROFESSIONAL FEES prints 11,989,678 under (d).",VERIFIED_ONE_SIDED,A,8975f55541fe0b27e768395c4b453b9debbcca6e6e4eb30ce03f9a8adf817747
caeefd845fc2450dd64c,SRC373,23,PAIR_85A83F198BA1B1BDF89F9DEA,A_ONLY,128,,,ACCEPT_A,"printed and eligible, and B did not read the TOTAL row. TOTAL prints 13,017,723 under (a).",VERIFIED_ONE_SIDED,A,8975f55541fe0b27e768395c4b453b9debbcca6e6e4eb30ce03f9a8adf817747
ce23e8ea5a85b52dcfe1,SRC373,23,PAIR_A7DF3F8D423F62D159CCF444,A_ONLY,129,,,ACCEPT_A,"printed and eligible, and B did not read the TOTAL row. TOTAL prints 1,690,679 under (b).",VERIFIED_ONE_SIDED,A,8975f55541fe0b27e768395c4b453b9debbcca6e6e4eb30ce03f9a8adf817747
686fe24c5f7431508074,SRC373,23,PAIR_5D8434C7AAE6F7E1DA3CE9CE,A_ONLY,130,,,ACCEPT_A,"printed and eligible, and B did not read the TOTAL row. TOTAL prints 0 under (c), the only populated cell in that column on this page.",VERIFIED_ONE_SIDED,A,8975f55541fe0b27e768395c4b453b9debbcca6e6e4eb30ce03f9a8adf817747
9c6f606402d0d7149a39,SRC373,23,PAIR_3C2BF88FE123301ED0DBAB73,A_ONLY,131,,,ACCEPT_A,"printed and eligible, and B did not read the TOTAL row. TOTAL prints 11,989,678 under (d).",VERIFIED_ONE_SIDED,A,8975f55541fe0b27e768395c4b453b9debbcca6e6e4eb30ce03f9a8adf817747
ed07336b9a906d7dd28e,SRC373,24,PAIR_74551F12A553CD00AEFC3053,CONTEXT_CONFLICT,132,101,source_section|evidence_quote,ACCEPT_A,"both lanes hold the printed cell and read 8,666,258; the difference is source_section, where A carries the part designator and B repeats the whole heading it has already put in source_table. The page prints (1) UNRELATED BUSINESS INCOME TAXES with a value in column (a) only.",RESOLVED,A,8975f55541fe0b27e768395c4b453b9debbcca6e6e4eb30ce03f9a8adf817747
d1544e05dbae7dc75aa5,SRC373,24,PAIR_6CF4DBBC94C50809976AE922,CONTEXT_CONFLICT,133,102,source_section|evidence_quote,ACCEPT_A,"both lanes hold the printed cell and read 3,494,717; A is source-correct on source_section under the STRUCTURE ruling.",RESOLVED,A,8975f55541fe0b27e768395c4b453b9debbcca6e6e4eb30ce03f9a8adf817747
13abcaa89352ba72e6a1,SRC373,24,PAIR_D35BDB2939325B6D97B872FD,CONTEXT_CONFLICT,134,103,source_section|evidence_quote,ACCEPT_A,"both lanes hold the printed cell and read 578,817; A is source-correct on source_section under the STRUCTURE ruling.",RESOLVED,A,8975f55541fe0b27e768395c4b453b9debbcca6e6e4eb30ce03f9a8adf817747
c1fcb9124f7a1864d931,SRC373,24,PAIR_98AD64932AAADE0953061A19,CONTEXT_CONFLICT,135,104,source_section|evidence_quote,ACCEPT_A,"both lanes hold the printed cell and read 4,529,490; (4) FOREIGN TAXES prints in column (b) only. A is source-correct on source_section.",RESOLVED,A,8975f55541fe0b27e768395c4b453b9debbcca6e6e4eb30ce03f9a8adf817747
2b7456e5a3bc8d0a2611,SRC373,24,PAIR_65F8E85B1E756375FB1C3090,CLASSIFICATION_CONFLICT,136,105,source_section|subject_name|metric_name|evidence_quote,ACCEPT_A,"both lanes hold the printed cell and read 12,739,792. The printed row label is TOTAL, so subject_name and metric_name are TOTAL as A has them; B writes subject_name Total Taxes and metric_name Taxes, neither of which is printed on that row, Taxes being the schedule title in the heading bar.",RESOLVED,A,8975f55541fe0b27e768395c4b453b9debbcca6e6e4eb30ce03f9a8adf817747
4b2886cd8ffeeb754c1e,SRC373,24,PAIR_74C370EA55F736E277D9FBD5,CLASSIFICATION_CONFLICT,137,106,source_section|subject_name|metric_name|evidence_quote,ACCEPT_A,"both lanes hold the printed cell and read 4,529,490; the printed row label is TOTAL, which A carries and B replaces with the schedule title.",RESOLVED,A,8975f55541fe0b27e768395c4b453b9debbcca6e6e4eb30ce03f9a8adf817747
b469f08fb0aee6319476,SRC373,24,PAIR_3F21574754B55F28B1578A43,CLASSIFICATION_CONFLICT,138,107,source_section|subject_name|metric_name|evidence_quote,ACCEPT_A,"both lanes hold the printed cell and read 0; the printed row label is TOTAL, which A carries and B replaces with the schedule title.",RESOLVED,A,8975f55541fe0b27e768395c4b453b9debbcca6e6e4eb30ce03f9a8adf817747
3799e166fc3c346e2040,SRC373,24,PAIR_108F4615BD9DC3326C903114,CLASSIFICATION_CONFLICT,139,108,source_section|subject_name|metric_name|evidence_quote,ACCEPT_A,"both lanes hold the printed cell and read 0; the printed row label is TOTAL, which A carries and B replaces with the schedule title.",RESOLVED,A,8975f55541fe0b27e768395c4b453b9debbcca6e6e4eb30ce03f9a8adf817747
7345f973e2ff16540744,SRC373,25,PAIR_A6EF79E9040AA41A87291438,A_ONLY,140,,,ACCEPT_A,"printed and eligible. The page prints (1) DEPRECIATION with 2,471,222 under Depreciation this year and 135,308 under Net investment income, and nothing in the other eight columns of that row. B retitles the row Depreciation, so its rows for these cells are rejected.",VERIFIED_ONE_SIDED,A,8975f55541fe0b27e768395c4b453b9debbcca6e6e4eb30ce03f9a8adf817747
e473bb8f4b59d725bbcc,SRC373,25,PAIR_68BD7E1DD0E452E880CE4A4F,A_ONLY,141,,,ACCEPT_A,"printed and eligible; (1) DEPRECIATION prints 135,308 under Net investment income.",VERIFIED_ONE_SIDED,A,8975f55541fe0b27e768395c4b453b9debbcca6e6e4eb30ce03f9a8adf817747
0997c242cf9ccc7d40a4,SRC373,25,PAIR_6D15DF3C7670E25F09C55BA9,A_ONLY,145,,,ACCEPT_A,"printed and eligible, and B did not read the Total row. Total prints 2,471,222 under Depreciation this year.",VERIFIED_ONE_SIDED,A,8975f55541fe0b27e768395c4b453b9debbcca6e6e4eb30ce03f9a8adf817747
aba53f8705f64f401e0e,SRC373,25,PAIR_2FE1C87A4704D9E1535965D4,A_ONLY,146,,,ACCEPT_A,"printed and eligible, and B did not read the Total row. Total prints 135,308 under Net investment income.",VERIFIED_ONE_SIDED,A,8975f55541fe0b27e768395c4b453b9debbcca6e6e4eb30ce03f9a8adf817747
97610817c04e71ba4ab0,SRC373,26,PAIR_32429F4E3746FE78F347F511,CLASSIFICATION_CONFLICT,147,112,source_section|subject_name|metric_name|evidence_quote,ACCEPT_A,"both lanes hold the printed cell and read 1,905,655. The printed row label is (1) TEMPORARY STAFFING, which A carries in subject_name and metric_name; B renames it. A is also source-correct on source_section under the STRUCTURE ruling. Counted from the PNG, this row prints in columns (a) and (d) only.",RESOLVED,A,8975f55541fe0b27e768395c4b453b9debbcca6e6e4eb30ce03f9a8adf817747
4f4e9770d3ef4fecd65c,SRC373,26,PAIR_87A09310B2156DC410C4BB8B,CLASSIFICATION_CONFLICT,148,113,source_section|subject_name|metric_name|evidence_quote,ACCEPT_A,"both lanes hold the printed cell and read 1,856,346; A carries the printed row label and part designator.",RESOLVED,A,8975f55541fe0b27e768395c4b453b9debbcca6e6e4eb30ce03f9a8adf817747
784a42dd70d180aff377,SRC373,26,PAIR_DB633C10E2F1C2031F043904,CLASSIFICATION_CONFLICT,149,114,source_section|subject_name|metric_name|evidence_quote,ACCEPT_A,"both lanes hold the printed cell and read 684,781; A carries the printed row label and part designator.",RESOLVED,A,8975f55541fe0b27e768395c4b453b9debbcca6e6e4eb30ce03f9a8adf817747
0b5a8b7383bb2ba86ea0,SRC373,26,PAIR_CE15A1AB97F7DE4FCDB3F1DC,CLASSIFICATION_CONFLICT,150,115,source_section|subject_name|metric_name|evidence_quote,ACCEPT_A,"both lanes hold the printed cell and read 73,963; A carries the printed row label and part designator.",RESOLVED,A,8975f55541fe0b27e768395c4b453b9debbcca6e6e4eb30ce03f9a8adf817747
48375544a53e268b5f93,SRC373,26,PAIR_CA7E460FE4FFF071E9662D89,CLASSIFICATION_CONFLICT,151,116,source_section|subject_name|metric_name|evidence_quote,ACCEPT_A,"both lanes hold the printed cell and read 698,670; A carries the printed row label and part designator.",RESOLVED,A,8975f55541fe0b27e768395c4b453b9debbcca6e6e4eb30ce03f9a8adf817747
69318b6928e213701ae4,SRC373,26,PAIR_F8BD54CE74B7583DAF5BB00F,CLASSIFICATION_CONFLICT,152,117,source_section|subject_name|metric_name|evidence_quote,ACCEPT_A,"both lanes hold the printed cell and read 1,824,735; A carries the printed row label and part designator.",RESOLVED,A,8975f55541fe0b27e768395c4b453b9debbcca6e6e4eb30ce03f9a8adf817747
7cbc006a879b6affba88,SRC373,26,PAIR_B4C58EA926BAF8F25A91FDD7,CLASSIFICATION_CONFLICT,153,118,source_section|subject_name|metric_name|evidence_quote,ACCEPT_A,"both lanes hold the printed cell and read 672,959; A carries the printed row label and part designator.",RESOLVED,A,8975f55541fe0b27e768395c4b453b9debbcca6e6e4eb30ce03f9a8adf817747
09860c35009e1082829b,SRC373,26,PAIR_E35465BDDE4EFB9ACDF8C1EE,CLASSIFICATION_CONFLICT,154,119,source_section|subject_name|metric_name|evidence_quote,ACCEPT_A,"both lanes hold the printed cell and read 1,229,179; A carries the printed row label and part designator.",RESOLVED,A,8975f55541fe0b27e768395c4b453b9debbcca6e6e4eb30ce03f9a8adf817747
0f1922678b4df1f37185,SRC373,26,PAIR_B9E6DDEB0EA164A7F8147627,CLASSIFICATION_CONFLICT,155,120,source_section|subject_name|metric_name|evidence_quote,ACCEPT_A,"both lanes hold the printed cell and read 468,659; A carries the printed row label and part designator.",RESOLVED,A,8975f55541fe0b27e768395c4b453b9debbcca6e6e4eb30ce03f9a8adf817747
2579523fb2f443f80dcb,SRC373,26,PAIR_5116A4E4BD5A9C801A977666,CLASSIFICATION_CONFLICT,156,121,source_section|subject_name|metric_name|evidence_quote,ACCEPT_A,"both lanes hold the printed cell and read 449,890; A carries the printed row label and part designator.",RESOLVED,A,8975f55541fe0b27e768395c4b453b9debbcca6e6e4eb30ce03f9a8adf817747
e0d1a6374c5726ed5c93,SRC373,26,PAIR_6F4BC4F9076282D9446C8D5B,CLASSIFICATION_CONFLICT,157,122,source_section|subject_name|metric_name|evidence_quote,ACCEPT_A,"both lanes hold the printed cell and read 321,810; A carries the printed row label, which wraps on the page as (5) SUPPLIES, EQUIPMENT, AND OTHER.",RESOLVED,A,8975f55541fe0b27e768395c4b453b9debbcca6e6e4eb30ce03f9a8adf817747
20ddb7d6f0289b4a70d1,SRC373,26,PAIR_742465FDFD762DC901280005,CLASSIFICATION_CONFLICT,158,123,source_section|subject_name|metric_name|evidence_quote,ACCEPT_A,"both lanes hold the printed cell and read 334,189; A carries the printed row label and part designator.",RESOLVED,A,8975f55541fe0b27e768395c4b453b9debbcca6e6e4eb30ce03f9a8adf817747
f6d2e81028049e069bbc,SRC373,26,PAIR_F59DA7F832091EE99B3179C1,CLASSIFICATION_CONFLICT,159,124,source_section|subject_name|metric_name|evidence_quote,ACCEPT_A,"both lanes hold the printed cell and read 251,880; A carries the printed row label and part designator.",RESOLVED,A,8975f55541fe0b27e768395c4b453b9debbcca6e6e4eb30ce03f9a8adf817747
f8e1f159d292520da3d1,SRC373,26,PAIR_F44775E2274A4A7D4E992C3E,CLASSIFICATION_CONFLICT,160,125,source_section|subject_name|metric_name|evidence_quote,ACCEPT_A,"both lanes hold the printed cell and read 250,927; A carries the printed row label and part designator.",RESOLVED,A,8975f55541fe0b27e768395c4b453b9debbcca6e6e4eb30ce03f9a8adf817747
f173749e0d79cac3e0ab,SRC373,26,PAIR_2474D557E23732E71EB96519,CLASSIFICATION_CONFLICT,161,126,source_section|subject_name|metric_name|evidence_quote,ACCEPT_A,"both lanes hold the printed cell and read 53,540; A carries the printed row label and part designator.",RESOLVED,A,8975f55541fe0b27e768395c4b453b9debbcca6e6e4eb30ce03f9a8adf817747
3f733c91267f3700d3c8,SRC373,26,PAIR_74DF031DA900F180521780FC,CLASSIFICATION_CONFLICT,162,127,source_section|subject_name|metric_name,ACCEPT_A,"both lanes hold the printed cell and read 88,341,796; (7) OTHER EXPENSES FROM K-1 PASS THRU prints in column (b) only, so this row has one populated cell.",RESOLVED,A,8975f55541fe0b27e768395c4b453b9debbcca6e6e4eb30ce03f9a8adf817747
76379134a5c973be2338,SRC373,26,PAIR_3D64AFF13C6A02A1F58B599D,CLASSIFICATION_CONFLICT,163,128,source_section|subject_name|metric_name|evidence_quote,ACCEPT_A,"both lanes hold the printed cell and read 5,457,520; the printed row label is TOTAL, which A carries and B replaces.",RESOLVED,A,8975f55541fe0b27e768395c4b453b9debbcca6e6e4eb30ce03f9a8adf817747
6218ab6535a16f7e254b,SRC373,26,PAIR_1407EAB1E67AEC5A721D96D2,CLASSIFICATION_CONFLICT,164,129,source_section|subject_name|metric_name|evidence_quote,ACCEPT_A,"both lanes hold the printed cell and read 89,339,645; the printed row label is TOTAL, which A carries and B replaces.",RESOLVED,A,8975f55541fe0b27e768395c4b453b9debbcca6e6e4eb30ce03f9a8adf817747
ad567f37b8fd737b5861,SRC373,26,PAIR_1B2567AA40EE844A05A553C1,CLASSIFICATION_CONFLICT,165,130,source_section|subject_name|metric_name|evidence_quote,ACCEPT_A,"both lanes hold the printed cell and read 0; the printed row label is TOTAL, which A carries and B replaces.",RESOLVED,A,8975f55541fe0b27e768395c4b453b9debbcca6e6e4eb30ce03f9a8adf817747
60a751c42460afbb9501,SRC373,26,PAIR_8425AD615F7AC030CA724728,CLASSIFICATION_CONFLICT,166,131,source_section|subject_name|metric_name|evidence_quote,ACCEPT_A,"both lanes hold the printed cell and read 4,621,814; the printed row label is TOTAL, which A carries and B replaces.",RESOLVED,A,8975f55541fe0b27e768395c4b453b9debbcca6e6e4eb30ce03f9a8adf817747
9dd7aa2474e527cca509,SRC373,27,PAIR_B6ED2DD871C4854CE693BC4A,A_ONLY,167,,,ACCEPT_A,"printed and eligible, and B read only the item row. TOTAL prints 466,132,607 under BOY Amount.",VERIFIED_ONE_SIDED,A,8975f55541fe0b27e768395c4b453b9debbcca6e6e4eb30ce03f9a8adf817747
f013e2694c704c681e2a,SRC373,27,PAIR_6C98A5E0E6D65EBE8642B2F0,A_ONLY,168,,,ACCEPT_A,"printed and eligible, and B read only the item row. TOTAL prints 334,439,058 under EOY Amount.",VERIFIED_ONE_SIDED,A,8975f55541fe0b27e768395c4b453b9debbcca6e6e4eb30ce03f9a8adf817747
911ade324086d7db61d9,SRC373,27,PAIR_B4744AFA8CBF71E033CB812B,A_ONLY,169,,,ACCEPT_A,"printed and eligible, and B read only the item row. TOTAL prints 334,439,058 under Fair Market Value.",VERIFIED_ONE_SIDED,A,8975f55541fe0b27e768395c4b453b9debbcca6e6e4eb30ce03f9a8adf817747
9a9d0b8c55784349036e,SRC373,27,PAIR_966EAA3F317AA45C75AF2637,CONTEXT_CONFLICT,170,132,source_section|source_table|metric_name|evidence_quote,ACCEPT_A,"both lanes hold the printed cell and read 466,132,607, and A is source-correct on three fields. source_table takes the printed title verbatim, Investments—U.S. and State Government Obligations (continued), with the printed em dash and the printed (continued); B substitutes a hyphen, drops (continued) and prefixes the badge it has already put in source_section. The rows of this schedule are named investment categories and the columns are measures, so metric_name takes the leaf column header BOY Amount, which A has and B replaces with the row name. The printed row label is in capitals, US GOVERNMENT OBLIGATIONS, which B title-cases.",RESOLVED,A,8975f55541fe0b27e768395c4b453b9debbcca6e6e4eb30ce03f9a8adf817747
2b5dc75488ed085ceecb,SRC373,27,PAIR_BAC244D6810537DE413F910A,CONTEXT_CONFLICT,171,133,source_section|source_table|metric_name|evidence_quote,ACCEPT_A,"both lanes hold the printed cell and read 334,439,058; A is source-correct on source_table, metric_name and the printed capitals of the row label.",RESOLVED,A,8975f55541fe0b27e768395c4b453b9debbcca6e6e4eb30ce03f9a8adf817747
3bd21ff059bec501c38e,SRC373,27,PAIR_746603B44606D23A0B90D700,CONTEXT_CONFLICT,172,134,source_section|source_table|metric_name|evidence_quote,ACCEPT_A,"both lanes hold the printed cell and read 334,439,058 under Fair Market Value; A is source-correct on source_table and metric_name.",RESOLVED,A,8975f55541fe0b27e768395c4b453b9debbcca6e6e4eb30ce03f9a8adf817747
98f3964cda0bb89ce31e,SRC373,28,PAIR_96E8E5E707E2C7EE95FE1927,CLASSIFICATION_CONFLICT,173,135,source_section|source_table|subject_name|metric_name|evidence_quote,ACCEPT_A,"both lanes hold the printed cell and read 13,617,500, and A is source-correct. The printed row label is INVESTMENTS in capitals; B title-cases it and then writes subject_name and metric_name as Investments-Land, Buildings, and Equipment, which is the schedule title and not printed on the row. metric_name takes the leaf column header BOY Book Value. B's evidence quote cites the TOTAL line for a cell on the item row.",RESOLVED,A,8975f55541fe0b27e768395c4b453b9debbcca6e6e4eb30ce03f9a8adf817747
5579fa0482bd0f7af201,SRC373,28,PAIR_245685AE34D2C39250E636FE,CLASSIFICATION_CONFLICT,174,136,source_section|source_table|subject_name|metric_name|evidence_quote,ACCEPT_A,"both lanes hold the printed cell and read 12,255,750 under EOY Book Value; A is source-correct on the row label and on metric_name.",RESOLVED,A,8975f55541fe0b27e768395c4b453b9debbcca6e6e4eb30ce03f9a8adf817747
139e3e611103f939b3e3,SRC373,28,PAIR_8B33C5B525161BD96A3F326F,CLASSIFICATION_CONFLICT,175,137,source_section|source_table|subject_name|metric_name|evidence_quote,ACCEPT_A,"both lanes hold the printed cell and read 12,255,750 under EOY Cost or Other Basis; A is source-correct on the row label and on metric_name.",RESOLVED,A,8975f55541fe0b27e768395c4b453b9debbcca6e6e4eb30ce03f9a8adf817747
9a65debfe83c56d99230,SRC373,28,PAIR_0D17EC068E3136E3688ECC99,CLASSIFICATION_CONFLICT,176,138,source_section|source_table|subject_name|metric_name|evidence_quote,ACCEPT_A,"both lanes hold the printed cell and read 12,255,750 under FMV Amount; A is source-correct on the row label and on metric_name.",RESOLVED,A,8975f55541fe0b27e768395c4b453b9debbcca6e6e4eb30ce03f9a8adf817747
7b5f47828678d83d3f3e,SRC373,28,PAIR_9C99963A2F34F631AAF81E54,A_ONLY,177,,,ACCEPT_A,"printed and eligible, and B read only the item row. TOTAL prints 13,617,500 under BOY Book Value.",VERIFIED_ONE_SIDED,A,8975f55541fe0b27e768395c4b453b9debbcca6e6e4eb30ce03f9a8adf817747
8bf37d3537e6f0ca7a7d,SRC373,28,PAIR_3C687C5397CC7BDA7FD39334,A_ONLY,179,,,ACCEPT_A,"printed and eligible, and B read only the item row. TOTAL prints 12,255,750 under EOY Book Value.",VERIFIED_ONE_SIDED,A,8975f55541fe0b27e768395c4b453b9debbcca6e6e4eb30ce03f9a8adf817747
cad2c713ce4d8b586cca,SRC373,28,PAIR_294A0633A0C1D6E3F29AC40C,A_ONLY,180,,,ACCEPT_A,"printed and eligible, and B read only the item row. TOTAL prints 12,255,750 under EOY Cost or Other Basis.",VERIFIED_ONE_SIDED,A,8975f55541fe0b27e768395c4b453b9debbcca6e6e4eb30ce03f9a8adf817747
499f996013246f86a540,SRC373,28,PAIR_13E0A8EBABD0C6B0B7C84575,A_ONLY,181,,,ACCEPT_A,"printed and eligible, and B read only the item row. TOTAL prints 12,255,750 under FMV Amount.",VERIFIED_ONE_SIDED,A,8975f55541fe0b27e768395c4b453b9debbcca6e6e4eb30ce03f9a8adf817747
6e598697f3641c4ac57f,SRC373,29,PAIR_B3CEAFA365BAA4D4DCF5FA04,CONTEXT_CONFLICT,182,139,source_section|source_table|metric_name|basis_raw|evidence_quote,MERGE,"neither lane is complete. BASIS RULING for this schedule: the Type column prints END OF YEAR MARKET VALUE on every category row, which states the basis the amounts are carried on, so it belongs in basis_raw on each of that row's cells; B captured it and A left it blank. A is source-correct on the rest: source_table takes the printed title Investments—Other (continued) with its em dash and its (continued), the row label keeps the printed capitals, and metric_name takes the leaf column header because the rows are named investment categories and the columns are measures.",RESOLVED,A+B+ADJUDICATOR,8975f55541fe0b27e768395c4b453b9debbcca6e6e4eb30ce03f9a8adf817747
65f8c67871a2ec467b0f,SRC373,29,PAIR_6B87A6AAB7F313C13FABF03F,CONTEXT_CONFLICT,183,140,source_section|source_table|metric_name|basis_raw|evidence_quote,MERGE,"neither lane is complete; settled under the BASIS ruling for this schedule, with A's structure and labels and B's printed basis.",RESOLVED,A+B+ADJUDICATOR,8975f55541fe0b27e768395c4b453b9debbcca6e6e4eb30ce03f9a8adf817747
3a6d47b53344f963d50a,SRC373,29,PAIR_5F449CA034F494F6560366B2,CONTEXT_CONFLICT,184,141,source_section|source_table|metric_name|evidence_quote,MERGE,"neither lane is complete. Both lanes wrote value_scope unstated, which is wrong on this schedule: investment_fair_value is a qualified category and the page does state the basis, END OF YEAR MARKET VALUE, in the Type column, so that printed phrase fills basis_raw and value_scope.",RESOLVED,A+B+ADJUDICATOR,8975f55541fe0b27e768395c4b453b9debbcca6e6e4eb30ce03f9a8adf817747
b5259915b9e189492e0b,SRC373,29,PAIR_9CEB7C4640EDA6C04523678E,CONTEXT_CONFLICT,185,142,source_section|source_table|metric_name|basis_raw|evidence_quote,MERGE,neither lane is complete; settled under the BASIS ruling for this schedule.,RESOLVED,A+B+ADJUDICATOR,8975f55541fe0b27e768395c4b453b9debbcca6e6e4eb30ce03f9a8adf817747
aa9a11baacd2b90b68b1,SRC373,29,PAIR_373B78206EE671BCD15405EA,CONTEXT_CONFLICT,186,143,source_section|source_table|metric_name|basis_raw|evidence_quote,MERGE,neither lane is complete; settled under the BASIS ruling for this schedule.,RESOLVED,A+B+ADJUDICATOR,8975f55541fe0b27e768395c4b453b9debbcca6e6e4eb30ce03f9a8adf817747
e535bd39e345d20566ca,SRC373,29,PAIR_453CDB70073182A92799B079,CONTEXT_CONFLICT,187,144,source_section|source_table|metric_name|evidence_quote,MERGE,neither lane is complete; the printed basis fills basis_raw and value_scope in place of unstated.,RESOLVED,A+B+ADJUDICATOR,8975f55541fe0b27e768395c4b453b9debbcca6e6e4eb30ce03f9a8adf817747
e77f785b8dbb20582be8,SRC373,29,PAIR_AF4AA69719B49487CCE750FF,CONTEXT_CONFLICT,188,145,source_section|source_table|metric_name|basis_raw|evidence_quote,MERGE,neither lane is complete; settled under the BASIS ruling for this schedule. A printed 0 is a populated cell.,RESOLVED,A+B+ADJUDICATOR,8975f55541fe0b27e768395c4b453b9debbcca6e6e4eb30ce03f9a8adf817747
8cde9fc250158921eae8,SRC373,29,PAIR_C865B9917DFF4B8C4025C1C3,CONTEXT_CONFLICT,189,146,source_section|source_table|metric_name|basis_raw|evidence_quote,MERGE,neither lane is complete; settled under the BASIS ruling for this schedule.,RESOLVED,A+B+ADJUDICATOR,8975f55541fe0b27e768395c4b453b9debbcca6e6e4eb30ce03f9a8adf817747
7bc1ea7a03085ccef3ee,SRC373,29,PAIR_B5DB6AFABFBD7EFBD5ACB3B2,CONTEXT_CONFLICT,190,147,source_section|source_table|metric_name|evidence_quote,MERGE,neither lane is complete; the printed basis fills basis_raw and value_scope in place of unstated.,RESOLVED,A+B+ADJUDICATOR,8975f55541fe0b27e768395c4b453b9debbcca6e6e4eb30ce03f9a8adf817747
c62f7f30bb681ce2a886,SRC373,29,PAIR_67339EED8AB2A925F924663F,CONTEXT_CONFLICT,191,148,source_section|source_table|metric_name|basis_raw|evidence_quote,MERGE,neither lane is complete; settled under the BASIS ruling for this schedule.,RESOLVED,A+B+ADJUDICATOR,8975f55541fe0b27e768395c4b453b9debbcca6e6e4eb30ce03f9a8adf817747
09236e53a9a31b322889,SRC373,29,PAIR_D09D99FB624CC8E8DDFA4184,CONTEXT_CONFLICT,192,149,source_section|source_table|metric_name|basis_raw|evidence_quote,MERGE,neither lane is complete; settled under the BASIS ruling for this schedule.,RESOLVED,A+B+ADJUDICATOR,8975f55541fe0b27e768395c4b453b9debbcca6e6e4eb30ce03f9a8adf817747
a0ebd6955b3ea40f715b,SRC373,29,PAIR_C1985AA2C90D43C5B06BF222,CONTEXT_CONFLICT,193,150,source_section|source_table|metric_name|evidence_quote,MERGE,neither lane is complete; the printed basis fills basis_raw and value_scope in place of unstated.,RESOLVED,A+B+ADJUDICATOR,8975f55541fe0b27e768395c4b453b9debbcca6e6e4eb30ce03f9a8adf817747
2cc1478b87a80f07c9b9,SRC373,29,PAIR_EDCA13F2D1AF9C20A53F115F,CONTEXT_CONFLICT,194,151,source_section|source_table|metric_name|basis_raw|evidence_quote,MERGE,neither lane is complete; settled under the BASIS ruling for this schedule.,RESOLVED,A+B+ADJUDICATOR,8975f55541fe0b27e768395c4b453b9debbcca6e6e4eb30ce03f9a8adf817747
b5d1d4be550fc4299e5b,SRC373,29,PAIR_53DDA82AE2B9F6CB3A0A986B,CONTEXT_CONFLICT,195,152,source_section|source_table|metric_name|basis_raw|evidence_quote,MERGE,neither lane is complete; settled under the BASIS ruling for this schedule.,RESOLVED,A+B+ADJUDICATOR,8975f55541fe0b27e768395c4b453b9debbcca6e6e4eb30ce03f9a8adf817747
8c51cfcffa08dc82a15d,SRC373,29,PAIR_4645412D8BC954600A87DD7A,CONTEXT_CONFLICT,196,153,source_section|source_table|metric_name|evidence_quote,MERGE,neither lane is complete; the printed basis fills basis_raw and value_scope in place of unstated.,RESOLVED,A+B+ADJUDICATOR,8975f55541fe0b27e768395c4b453b9debbcca6e6e4eb30ce03f9a8adf817747
8591c9ee18e913d58836,SRC373,29,PAIR_E62E7AFAC12D166AB89F09E8,CONTEXT_CONFLICT,197,154,source_section|source_table|metric_name|basis_raw|evidence_quote,MERGE,neither lane is complete; settled under the BASIS ruling for this schedule.,RESOLVED,A+B+ADJUDICATOR,8975f55541fe0b27e768395c4b453b9debbcca6e6e4eb30ce03f9a8adf817747
03b03b34b6e9af701e1c,SRC373,29,PAIR_AAC9EDDB99A37E95EAA1681D,CONTEXT_CONFLICT,198,155,source_section|source_table|metric_name|basis_raw|evidence_quote,MERGE,neither lane is complete; settled under the BASIS ruling for this schedule.,RESOLVED,A+B+ADJUDICATOR,8975f55541fe0b27e768395c4b453b9debbcca6e6e4eb30ce03f9a8adf817747
a483771c5d6864d29c70,SRC373,29,PAIR_148455E767B310CD6A668EE2,CONTEXT_CONFLICT,199,156,source_section|source_table|metric_name|evidence_quote,MERGE,neither lane is complete; the printed basis fills basis_raw and value_scope in place of unstated. This is the largest single category on the schedule.,RESOLVED,A+B+ADJUDICATOR,8975f55541fe0b27e768395c4b453b9debbcca6e6e4eb30ce03f9a8adf817747
832bddb16d30937fee49,SRC373,29,PAIR_B0AE4B4AD3B746EC6785109F,CONTEXT_CONFLICT,200,157,source_section|source_table|metric_name|basis_raw|evidence_quote,MERGE,neither lane is complete; settled under the BASIS ruling for this schedule.,RESOLVED,A+B+ADJUDICATOR,8975f55541fe0b27e768395c4b453b9debbcca6e6e4eb30ce03f9a8adf817747
206e0ef508c90e5306f1,SRC373,29,PAIR_159A8A4BD2771576E0DDE188,CONTEXT_CONFLICT,201,158,source_section|source_table|metric_name|basis_raw|evidence_quote,MERGE,neither lane is complete; settled under the BASIS ruling for this schedule.,RESOLVED,A+B+ADJUDICATOR,8975f55541fe0b27e768395c4b453b9debbcca6e6e4eb30ce03f9a8adf817747
a205b00c0a04fc32a79c,SRC373,29,PAIR_F98032961F6DC6E5F3F931FA,CONTEXT_CONFLICT,202,159,source_section|source_table|metric_name|evidence_quote,MERGE,neither lane is complete; the printed basis fills basis_raw and value_scope in place of unstated.,RESOLVED,A+B+ADJUDICATOR,8975f55541fe0b27e768395c4b453b9debbcca6e6e4eb30ce03f9a8adf817747
b7586c6b7edd73d07d9e,SRC373,29,PAIR_03EC73E01D3C824F7DEBF6B5,CONTEXT_CONFLICT,203,160,source_section|source_table|metric_name|basis_raw|evidence_quote,ACCEPT_A,"both lanes hold the printed cell and read 7,463,724,188. The TOTAL row prints nothing in the Type column, so basis_raw is correctly blank on it and B's carry-down of END OF YEAR MARKET VALUE to this row is not printed. A is source-correct on source_table and metric_name.",RESOLVED,A,8975f55541fe0b27e768395c4b453b9debbcca6e6e4eb30ce03f9a8adf817747
3e7d0e1719cc95f0157d,SRC373,29,PAIR_FE274D95A01663715BC8E038,CONTEXT_CONFLICT,204,161,source_section|source_table|metric_name|basis_raw|evidence_quote,ACCEPT_A,"both lanes hold the printed cell and read 7,739,175,439; the TOTAL row prints no Type, so basis_raw stays blank.",RESOLVED,A,8975f55541fe0b27e768395c4b453b9debbcca6e6e4eb30ce03f9a8adf817747
3ea506a2bccabc9ba9e6,SRC373,29,PAIR_2A5347AFEA58F8BF58419383,CONTEXT_CONFLICT,205,162,source_section|source_table|metric_name|evidence_quote,ACCEPT_A,"both lanes hold the printed cell and read 7,739,175,439 under Fair Market Value, which agrees with line 13 column (c) on page 2; the TOTAL row prints no Type, so value_scope stays unstated.",RESOLVED,A,8975f55541fe0b27e768395c4b453b9debbcca6e6e4eb30ce03f9a8adf817747
d4cb2880467c5c17f918,SRC373,31,PAIR_15717E4D5AA6267359FCB6DA,CLASSIFICATION_CONFLICT,225,163,source_section|source_table|subject_type|metric_name|evidence_quote,MERGE,"neither lane is complete. The printed row label is PROGRAM RELATED EQUITY INVESTMENTS, which names a program-related investment, so subject_type is the controlled value program_related_investment that B used; A typed it asset_class. A is source-correct on source_table, which takes the printed title Other Assets (continued), on the printed capitals of the row label and subject_name, and on metric_name, which takes the leaf column header because the rows are named investment kinds and the columns are measures.",RESOLVED,A+B+ADJUDICATOR,8975f55541fe0b27e768395c4b453b9debbcca6e6e4eb30ce03f9a8adf817747
726700677ee642fee327,SRC373,31,PAIR_69A5E106391736076A399557,CLASSIFICATION_CONFLICT,226,164,source_section|source_table|subject_type|metric_name|evidence_quote,MERGE,neither lane is complete; A's structure and labels with B's subject_type program_related_investment.,RESOLVED,A+B+ADJUDICATOR,8975f55541fe0b27e768395c4b453b9debbcca6e6e4eb30ce03f9a8adf817747
0e4c0c93bfd99a67d376,SRC373,31,PAIR_8D4DB6FA1A12A139F9807ED1,CLASSIFICATION_CONFLICT,227,165,source_section|source_table|subject_type|metric_name|evidence_quote,MERGE,"neither lane is complete; A's structure and labels with B's subject_type program_related_investment. The page states no basis for the fair market value column, so value_scope is unstated.",RESOLVED,A+B+ADJUDICATOR,8975f55541fe0b27e768395c4b453b9debbcca6e6e4eb30ce03f9a8adf817747
f13dfe15e03fcafb68ea,SRC373,31,PAIR_9AEAA909F9E3AB847A385A13,CLASSIFICATION_CONFLICT,228,166,source_section|source_table|subject_type|metric_name|evidence_quote,MERGE,neither lane is complete; A's structure and labels with B's subject_type program_related_investment.,RESOLVED,A+B+ADJUDICATOR,8975f55541fe0b27e768395c4b453b9debbcca6e6e4eb30ce03f9a8adf817747
824ed051be85e1c4e46b,SRC373,31,PAIR_644FE6F7704827F339694880,CLASSIFICATION_CONFLICT,229,167,source_section|source_table|subject_type|metric_name|evidence_quote,MERGE,neither lane is complete; A's structure and labels with B's subject_type program_related_investment.,RESOLVED,A+B+ADJUDICATOR,8975f55541fe0b27e768395c4b453b9debbcca6e6e4eb30ce03f9a8adf817747
28631f6476abb892e523,SRC373,31,PAIR_C612E6E793AB215FBA741736,CLASSIFICATION_CONFLICT,230,168,source_section|source_table|subject_type|metric_name|evidence_quote,MERGE,"neither lane is complete; A's structure and labels with B's subject_type program_related_investment. The page states no basis for the fair market value column, so value_scope is unstated.",RESOLVED,A+B+ADJUDICATOR,8975f55541fe0b27e768395c4b453b9debbcca6e6e4eb30ce03f9a8adf817747
494657961122b1388c94,SRC373,31,PAIR_3961D313D0F785DD90C3E6FB,CONTEXT_CONFLICT,231,169,source_section|source_table|metric_name|evidence_quote,ACCEPT_A,"both lanes hold the printed cell and read 106,826,354, which agrees with line 15 column (a) on page 2. A is source-correct on source_table and metric_name; the row label TOTAL names no investment kind, so the lanes' agreed subject_type stands.",RESOLVED,A,8975f55541fe0b27e768395c4b453b9debbcca6e6e4eb30ce03f9a8adf817747
fc7a1c51bd430cde2ea8,SRC373,31,PAIR_997C8CB2DD0BA51F531A1897,CONTEXT_CONFLICT,232,170,source_section|source_table|metric_name|evidence_quote,ACCEPT_A,"both lanes hold the printed cell and read 92,104,710, which agrees with line 15 column (b) on page 2.",RESOLVED,A,8975f55541fe0b27e768395c4b453b9debbcca6e6e4eb30ce03f9a8adf817747
22edddbc7ef32bc244a1,SRC373,31,PAIR_285986F470327F61D315EF22,CONTEXT_CONFLICT,233,171,source_section|source_table|metric_name|evidence_quote,ACCEPT_A,"both lanes hold the printed cell and read 92,104,710 under Fair Market Value, which agrees with line 15 column (c) on page 2.",RESOLVED,A,8975f55541fe0b27e768395c4b453b9debbcca6e6e4eb30ce03f9a8adf817747
3656fd52e4410964610a,SRC373,33,PAIR_F48E62E62C8895B333D1158B,CONTEXT_CONFLICT,234,172,source_section|metric_name|evidence_quote,ACCEPT_A,"both lanes hold the printed cell and read 103,480,042. A is source-correct on source_section under the STRUCTURE ruling and on metric_name, which takes the leaf column header Amount because the rows of this statement are descriptions and the single column is the measure. The row label (1) UNREALIZED GAIN/LOSS is what resolves the Part III line 3 category on page 2.",RESOLVED,A,8975f55541fe0b27e768395c4b453b9debbcca6e6e4eb30ce03f9a8adf817747
1cd1f9c0ea5451e25be5,SRC373,33,PAIR_B3DD1C7C7E8E8CB874C6DDB9,A_ONLY,235,,,ACCEPT_A,"printed and eligible, and B read only the item row. The TOTAL row prints 103,480,042 under Amount, the same figure as the single itemised line above it.",VERIFIED_ONE_SIDED,A,8975f55541fe0b27e768395c4b453b9debbcca6e6e4eb30ce03f9a8adf817747
123f89f8bf9e91d89e14,SRC373,116,PAIR_966087F9B1FB9E48779B8CF6,A_ONLY,236,,,ACCEPT_A,"printed and eligible, and B's zero for this page is overridden under the PRI ruling. The page is headed Part VIII Section B Summary of Program-Related Investments (continued) and prints fourteen named investments with one Amount each; AFAXYS, INC. prints 3,500,000. These are investments the foundation holds, not grants.",VERIFIED_ONE_SIDED,A,8975f55541fe0b27e768395c4b453b9debbcca6e6e4eb30ce03f9a8adf817747
8ad428257a29c775486e,SRC373,116,PAIR_A80D777EED56C8784CD02854,A_ONLY,237,,,ACCEPT_A,"printed and eligible under the PRI ruling; ALTHELIA prints 132,585.",VERIFIED_ONE_SIDED,A,8975f55541fe0b27e768395c4b453b9debbcca6e6e4eb30ce03f9a8adf817747
e4338d9e108ffbec0304,SRC373,116,PAIR_D9A23FAF5EF015E7E533FBE9,A_ONLY,238,,,ACCEPT_A,"printed and eligible under the PRI ruling; ASIA DEBT MANAGEMENT CAPITAL prints 38,000.",VERIFIED_ONE_SIDED,A,8975f55541fe0b27e768395c4b453b9debbcca6e6e4eb30ce03f9a8adf817747
dab0c7b18ff0f01877b7,SRC373,116,PAIR_F370EA2A45B7CD10DD2899CA,A_ONLY,239,,,ACCEPT_A,"printed and eligible under the PRI ruling; BLACK VISION FUND prints 2,274,403.",VERIFIED_ONE_SIDED,A,8975f55541fe0b27e768395c4b453b9debbcca6e6e4eb30ce03f9a8adf817747
9014d2e97a09f21e2a8b,SRC373,116,PAIR_AFB84D511DDBAE9E78CE89CA,A_ONLY,240,,,ACCEPT_A,"printed and eligible under the PRI ruling; BLACKSTAR STABILITY prints 15,000.",VERIFIED_ONE_SIDED,A,8975f55541fe0b27e768395c4b453b9debbcca6e6e4eb30ce03f9a8adf817747
b30e6b95d7fa1ee1b8c3,SRC373,116,PAIR_74C940E409859D2CA9508C9E,A_ONLY,241,,,ACCEPT_A,"printed and eligible under the PRI ruling; FOS FEMINISTA prints 575,000.",VERIFIED_ONE_SIDED,A,8975f55541fe0b27e768395c4b453b9debbcca6e6e4eb30ce03f9a8adf817747
0b09ed413f2102dae4dc,SRC373,116,PAIR_DDB087C7232C95501027CC2C,A_ONLY,242,,,ACCEPT_A,"printed and eligible under the PRI ruling; GENBIOPRO prints 500,000.",VERIFIED_ONE_SIDED,A,8975f55541fe0b27e768395c4b453b9debbcca6e6e4eb30ce03f9a8adf817747
fc2a9bf44d579d1ca578,SRC373,116,PAIR_2AA34FEBA091A2395A10DBC6,A_ONLY,243,,,ACCEPT_A,"printed and eligible under the PRI ruling; OWEESTA COVID RESPONSE FUND prints 2,500,000.",VERIFIED_ONE_SIDED,A,8975f55541fe0b27e768395c4b453b9debbcca6e6e4eb30ce03f9a8adf817747
c47bb84e7fb22d6f89a7,SRC373,116,PAIR_502AF40677EA2CD114782C01,A_ONLY,244,,,ACCEPT_A,"printed and eligible under the PRI ruling; OWEESTA REVOLVING FUND prints 1,500,000. It is a separate printed row from the COVID Response Fund and carries its own amount, so both are published.",VERIFIED_ONE_SIDED,A,8975f55541fe0b27e768395c4b453b9debbcca6e6e4eb30ce03f9a8adf817747
7964ff35ecf5ba688f97,SRC373,116,PAIR_9C8B36EAD6FC504466748EB8,A_ONLY,245,,,ACCEPT_A,"printed and eligible under the PRI ruling; POINT BLUE prints 1,000,000.",VERIFIED_ONE_SIDED,A,8975f55541fe0b27e768395c4b453b9debbcca6e6e4eb30ce03f9a8adf817747
74aded2463f86cc7fcf8,SRC373,116,PAIR_B677DA26B8BFC1FE49938BF8,A_ONLY,246,,,ACCEPT_A,"printed and eligible under the PRI ruling; SAVE THE REDWOODS LEAGUE prints 2,000,000.",VERIFIED_ONE_SIDED,A,8975f55541fe0b27e768395c4b453b9debbcca6e6e4eb30ce03f9a8adf817747
1dd1b7b0e967296bb359,SRC373,116,PAIR_1B6ED09860449A41193FD141,A_ONLY,247,,,ACCEPT_A,"printed and eligible under the PRI ruling; THE WILDERNESS LAND TRUST prints 325,000.",VERIFIED_ONE_SIDED,A,8975f55541fe0b27e768395c4b453b9debbcca6e6e4eb30ce03f9a8adf817747
67ca269f26de472e1c35,SRC373,116,PAIR_9A732E6F27AC9D5C7B8A2593,A_ONLY,248,,,ACCEPT_A,"printed and eligible under the PRI ruling; the WESTERN RIVERS CONSERVANCY row for the 159-acre Dunton Meadows property prints 3,100,000. The page prints two Western Rivers Conservancy rows for different properties, so both are separate observations.",VERIFIED_ONE_SIDED,A,8975f55541fe0b27e768395c4b453b9debbcca6e6e4eb30ce03f9a8adf817747
0e271c6ed8b1908aa13a,SRC373,116,PAIR_40672A56B9A7A11A72A423F5,A_ONLY,249,,,ACCEPT_A,"printed and eligible under the PRI ruling; the WESTERN RIVERS CONSERVANCY row for the 2,135-acre Big Bend Ranch prints 2,167,000.",VERIFIED_ONE_SIDED,A,8975f55541fe0b27e768395c4b453b9debbcca6e6e4eb30ce03f9a8adf817747
64633f44e7fdbd817299,SRC373,188,PAIR_022624CB67E486BDEB2B7000,A_ONLY,250,,,ACCEPT_A,"printed and eligible, and B's zero for this page is overridden. Part XV Section B prints one row, Line No. 1A, whose Description defines what a program-related investment is and states the three-part test the foundation applies to each one: the primary purpose is charitable, no significant purpose is profit motivated, and no purpose is to influence legislation or intervene in a political campaign. That is a printed definition and methodology note, which definition_context covers whether or not the page carries figures, so B's reading of it as excluded narrative is wrong.",VERIFIED_ONE_SIDED,A,8975f55541fe0b27e768395c4b453b9debbcca6e6e4eb30ce03f9a8adf817747
2764600d3589b36bdb74,SRC623,text,,NATIVE_DIRECT,1,,,NATIVE_DIRECT,Deterministic native reader; filing data/documents/native/carlyle-alpinvest-secondaries-ncsr-2026.html#text/document; candidate and final are ledgers/working/native-filings/SRC623/records-final.csv row 1,RESOLVED,NATIVE_HTML,f53c4a2309f2323889b22be47f21049149cb0b325d0d78182f7929bf5d99a646
82826c55ad1ac9937f4b,SRC623,text,,NATIVE_DIRECT,2,,,NATIVE_DIRECT,Deterministic native reader; filing data/documents/native/carlyle-alpinvest-secondaries-ncsr-2026.html#text/footnote-1; candidate and final are ledgers/working/native-filings/SRC623/records-final.csv row 2,RESOLVED,NATIVE_HTML,f53c4a2309f2323889b22be47f21049149cb0b325d0d78182f7929bf5d99a646
1d5adea1fa6c411122df,SRC623,text,,NATIVE_DIRECT,3,,,NATIVE_DIRECT,Deterministic native reader; filing data/documents/native/carlyle-alpinvest-secondaries-ncsr-2026.html#text/footnote-2; candidate and final are ledgers/working/native-filings/SRC623/records-final.csv row 3,RESOLVED,NATIVE_HTML,f53c4a2309f2323889b22be47f21049149cb0b325d0d78182f7929bf5d99a646
1b75552c049014370b8d,SRC623,text,,NATIVE_DIRECT,4,,,NATIVE_DIRECT,Deterministic native reader; filing data/documents/native/carlyle-alpinvest-secondaries-ncsr-2026.html#text/footnote-3; candidate and final are ledgers/working/native-filings/SRC623/records-final.csv row 4,RESOLVED,NATIVE_HTML,f53c4a2309f2323889b22be47f21049149cb0b325d0d78182f7929bf5d99a646
7e63a514a46613e63844,SRC623,text,,NATIVE_DIRECT,5,,,NATIVE_DIRECT,Deterministic native reader; filing data/documents/native/carlyle-alpinvest-secondaries-ncsr-2026.html#text/footnote-4; candidate and final are ledgers/working/native-filings/SRC623/records-final.csv row 5,RESOLVED,NATIVE_HTML,f53c4a2309f2323889b22be47f21049149cb0b325d0d78182f7929bf5d99a646
dffc632fd623cacc4553,SRC623,text,,NATIVE_DIRECT,6,,,NATIVE_DIRECT,Deterministic native reader; filing data/documents/native/carlyle-alpinvest-secondaries-ncsr-2026.html#text/footnote-5; candidate and final are ledgers/working/native-filings/SRC623/records-final.csv row 6,RESOLVED,NATIVE_HTML,f53c4a2309f2323889b22be47f21049149cb0b325d0d78182f7929bf5d99a646
7b38023ec5b70e51f19d,SRC623,text,,NATIVE_DIRECT,7,,,NATIVE_DIRECT,Deterministic native reader; filing data/documents/native/carlyle-alpinvest-secondaries-ncsr-2026.html#text/footnote-6; candidate and final are ledgers/working/native-filings/SRC623/records-final.csv row 7,RESOLVED,NATIVE_HTML,f53c4a2309f2323889b22be47f21049149cb0b325d0d78182f7929bf5d99a646
c5c99116b2d0e9ace5f7,SRC623,text,,NATIVE_DIRECT,8,,,NATIVE_DIRECT,Deterministic native reader; filing data/documents/native/carlyle-alpinvest-secondaries-ncsr-2026.html#text/footnote-7; candidate and final are ledgers/working/native-filings/SRC623/records-final.csv row 8,RESOLVED,NATIVE_HTML,f53c4a2309f2323889b22be47f21049149cb0b325d0d78182f7929bf5d99a646
941c4a906ee66ea62f34,SRC623,text,,NATIVE_DIRECT,9,,,NATIVE_DIRECT,Deterministic native reader; filing data/documents/native/carlyle-alpinvest-secondaries-ncsr-2026.html#text/footnote-8; candidate and final are ledgers/working/native-filings/SRC623/records-final.csv row 9,RESOLVED,NATIVE_HTML,f53c4a2309f2323889b22be47f21049149cb0b325d0d78182f7929bf5d99a646
2baed3a41a56f21c9e38,SRC623,text,,NATIVE_DIRECT,10,,,NATIVE_DIRECT,Deterministic native reader; filing data/documents/native/carlyle-alpinvest-secondaries-ncsr-2026.html#text/footnote-a; candidate and final are ledgers/working/native-filings/SRC623/records-final.csv row 10,RESOLVED,NATIVE_HTML,f53c4a2309f2323889b22be47f21049149cb0b325d0d78182f7929bf5d99a646
8d9aacf13c3b0a92279d,SRC623,text,,NATIVE_DIRECT,11,,,NATIVE_DIRECT,Deterministic native reader; filing data/documents/native/carlyle-alpinvest-secondaries-ncsr-2026.html#text/footnote-b; candidate and final are ledgers/working/native-filings/SRC623/records-final.csv row 11,RESOLVED,NATIVE_HTML,f53c4a2309f2323889b22be47f21049149cb0b325d0d78182f7929bf5d99a646
c35347d8477ac1c8aeb0,SRC623,text,,NATIVE_DIRECT,12,,,NATIVE_DIRECT,Deterministic native reader; filing data/documents/native/carlyle-alpinvest-secondaries-ncsr-2026.html#text/footnote-c; candidate and final are ledgers/working/native-filings/SRC623/records-final.csv row 12,RESOLVED,NATIVE_HTML,f53c4a2309f2323889b22be47f21049149cb0b325d0d78182f7929bf5d99a646
7b94983618d9d5ed9586,SRC623,text,,NATIVE_DIRECT,13,,,NATIVE_DIRECT,Deterministic native reader; filing data/documents/native/carlyle-alpinvest-secondaries-ncsr-2026.html#text/footnote-d; candidate and final are ledgers/working/native-filings/SRC623/records-final.csv row 13,RESOLVED,NATIVE_HTML,f53c4a2309f2323889b22be47f21049149cb0b325d0d78182f7929bf5d99a646
2da48fc02f87a0748721,SRC623,text,,NATIVE_DIRECT,14,,,NATIVE_DIRECT,Deterministic native reader; filing data/documents/native/carlyle-alpinvest-secondaries-ncsr-2026.html#text/footnote-e; candidate and final are ledgers/working/native-filings/SRC623/records-final.csv row 14,RESOLVED,NATIVE_HTML,f53c4a2309f2323889b22be47f21049149cb0b325d0d78182f7929bf5d99a646
da55d6e9abae956677a1,SRC623,text,,NATIVE_DIRECT,15,,,NATIVE_DIRECT,Deterministic native reader; filing data/documents/native/carlyle-alpinvest-secondaries-ncsr-2026.html#text/footnote-f; candidate and final are ledgers/working/native-filings/SRC623/records-final.csv row 15,RESOLVED,NATIVE_HTML,f53c4a2309f2323889b22be47f21049149cb0b325d0d78182f7929bf5d99a646
848405c49bce8f91ed0c,SRC623,text,,NATIVE_DIRECT,16,,,NATIVE_DIRECT,Deterministic native reader; filing data/documents/native/carlyle-alpinvest-secondaries-ncsr-2026.html#text/footnote-g; candidate and final are ledgers/working/native-filings/SRC623/records-final.csv row 16,RESOLVED,NATIVE_HTML,f53c4a2309f2323889b22be47f21049149cb0b325d0d78182f7929bf5d99a646
640013b55d2cbbfdee96,SRC623,text,,NATIVE_DIRECT,17,,,NATIVE_DIRECT,Deterministic native reader; filing data/documents/native/carlyle-alpinvest-secondaries-ncsr-2026.html#text/footnote-ii; candidate and final are ledgers/working/native-filings/SRC623/records-final.csv row 17,RESOLVED,NATIVE_HTML,f53c4a2309f2323889b22be47f21049149cb0b325d0d78182f7929bf5d99a646
007bca390a144cb2fb30,SRC623,text,,NATIVE_DIRECT,18,,,NATIVE_DIRECT,Deterministic native reader; filing data/documents/native/carlyle-alpinvest-secondaries-ncsr-2026.html#text/footnote-h; candidate and final are ledgers/working/native-filings/SRC623/records-final.csv row 18,RESOLVED,NATIVE_HTML,f53c4a2309f2323889b22be47f21049149cb0b325d0d78182f7929bf5d99a646
e3a2875471c2da1cf326,SRC623,text,,NATIVE_DIRECT,19,,,NATIVE_DIRECT,Deterministic native reader; filing data/documents/native/carlyle-alpinvest-secondaries-ncsr-2026.html#text/footnote-i; candidate and final are ledgers/working/native-filings/SRC623/records-final.csv row 19,RESOLVED,NATIVE_HTML,f53c4a2309f2323889b22be47f21049149cb0b325d0d78182f7929bf5d99a646
96f114782c74b5106adf,SRC623,text,,NATIVE_DIRECT,20,,,NATIVE_DIRECT,Deterministic native reader; filing data/documents/native/carlyle-alpinvest-secondaries-ncsr-2026.html#text/footnote-j; candidate and final are ledgers/working/native-filings/SRC623/records-final.csv row 20,RESOLVED,NATIVE_HTML,f53c4a2309f2323889b22be47f21049149cb0b325d0d78182f7929bf5d99a646
b33908de258f13177bd6,SRC623,table-012,,NATIVE_DIRECT,21,,,NATIVE_DIRECT,Deterministic native reader; filing data/documents/native/carlyle-alpinvest-secondaries-ncsr-2026.html#table-012/row-005; candidate and final are ledgers/working/native-filings/SRC623/records-final.csv row 21,RESOLVED,NATIVE_HTML,f53c4a2309f2323889b22be47f21049149cb0b325d0d78182f7929bf5d99a646
b23e32a65cd81463d2d6,SRC623,table-012,,NATIVE_DIRECT,22,,,NATIVE_DIRECT,Deterministic native reader; filing data/documents/native/carlyle-alpinvest-secondaries-ncsr-2026.html#table-012/row-005; candidate and final are ledgers/working/native-filings/SRC623/records-final.csv row 22,RESOLVED,NATIVE_HTML,f53c4a2309f2323889b22be47f21049149cb0b325d0d78182f7929bf5d99a646
b4c23dc124e86569f897,SRC623,table-012,,NATIVE_DIRECT,23,,,NATIVE_DIRECT,Deterministic native reader; filing data/documents/native/carlyle-alpinvest-secondaries-ncsr-2026.html#table-012/row-005; candidate and final are ledgers/working/native-filings/SRC623/records-final.csv row 23,RESOLVED,NATIVE_HTML,f53c4a2309f2323889b22be47f21049149cb0b325d0d78182f7929bf5d99a646
0d68e787c714c2482c0b,SRC623,table-012,,NATIVE_DIRECT,24,,,NATIVE_DIRECT,Deterministic native reader; filing data/documents/native/carlyle-alpinvest-secondaries-ncsr-2026.html#table-012/row-006; candidate and final are ledgers/working/native-filings/SRC623/records-final.csv row 24,RESOLVED,NATIVE_HTML,f53c4a2309f2323889b22be47f21049149cb0b325d0d78182f7929bf5d99a646
6a1aae2d3393033830e7,SRC623,table-012,,NATIVE_DIRECT,25,,,NATIVE_DIRECT,Deterministic native reader; filing data/documents/native/carlyle-alpinvest-secondaries-ncsr-2026.html#table-012/row-006; candidate and final are ledgers/working/native-filings/SRC623/records-final.csv row 25,RESOLVED,NATIVE_HTML,f53c4a2309f2323889b22be47f21049149cb0b325d0d78182f7929bf5d99a646
f8286ff2443e1f7c6769,SRC623,table-012,,NATIVE_DIRECT,26,,,NATIVE_DIRECT,Deterministic native reader; filing data/documents/native/carlyle-alpinvest-secondaries-ncsr-2026.html#table-012/row-006; candidate and final are ledgers/working/native-filings/SRC623/records-final.csv row 26,RESOLVED,NATIVE_HTML,f53c4a2309f2323889b22be47f21049149cb0b325d0d78182f7929bf5d99a646
9e710593e6f2b1344743,SRC623,table-012,,NATIVE_DIRECT,27,,,NATIVE_DIRECT,Deterministic native reader; filing data/documents/native/carlyle-alpinvest-secondaries-ncsr-2026.html#table-012/row-007; candidate and final are ledgers/working/native-filings/SRC623/records-final.csv row 27,RESOLVED,NATIVE_HTML,f53c4a2309f2323889b22be47f21049149cb0b325d0d78182f7929bf5d99a646
2736b8d641287bb357e9,SRC623,table-012,,NATIVE_DIRECT,28,,,NATIVE_DIRECT,Deterministic native reader; filing data/documents/native/carlyle-alpinvest-secondaries-ncsr-2026.html#table-012/row-007; candidate and final are ledgers/working/native-filings/SRC623/records-final.csv row 28,RESOLVED,NATIVE_HTML,f53c4a2309f2323889b22be47f21049149cb0b325d0d78182f7929bf5d99a646
21fb49241db635de1bc2,SRC623,table-012,,NATIVE_DIRECT,29,,,NATIVE_DIRECT,Deterministic native reader; filing data/documents/native/carlyle-alpinvest-secondaries-ncsr-2026.html#table-012/row-007; candidate and final are ledgers/working/native-filings/SRC623/records-final.csv row 29,RESOLVED,NATIVE_HTML,f53c4a2309f2323889b22be47f21049149cb0b325d0d78182f7929bf5d99a646
b3fc164b296f85df7284,SRC623,table-012,,NATIVE_DIRECT,30,,,NATIVE_DIRECT,Deterministic native reader; filing data/documents/native/carlyle-alpinvest-secondaries-ncsr-2026.html#table-012/row-008; candidate and final are ledgers/working/native-filings/SRC623/records-final.csv row 30,RESOLVED,NATIVE_HTML,f53c4a2309f2323889b22be47f21049149cb0b325d0d78182f7929bf5d99a646
5a9e452a036df1fb6054,SRC623,table-012,,NATIVE_DIRECT,31,,,NATIVE_DIRECT,Deterministic native reader; filing data/documents/native/carlyle-alpinvest-secondaries-ncsr-2026.html#table-012/row-008; candidate and final are ledgers/working/native-filings/SRC623/records-final.csv row 31,RESOLVED,NATIVE_HTML,f53c4a2309f2323889b22be47f21049149cb0b325d0d78182f7929bf5d99a646
aea79ad0cf31ac0b8731,SRC623,table-012,,NATIVE_DIRECT,32,,,NATIVE_DIRECT,Deterministic native reader; filing data/documents/native/carlyle-alpinvest-secondaries-ncsr-2026.html#table-012/row-008; candidate and final are ledgers/working/native-filings/SRC623/records-final.csv row 32,RESOLVED,NATIVE_HTML,f53c4a2309f2323889b22be47f21049149cb0b325d0d78182f7929bf5d99a646
373cf2f9265243411eeb,SRC623,table-012,,NATIVE_DIRECT,33,,,NATIVE_DIRECT,Deterministic native reader; filing data/documents/native/carlyle-alpinvest-secondaries-ncsr-2026.html#table-012/row-009; candidate and final are ledgers/working/native-filings/SRC623/records-final.csv row 33,RESOLVED,NATIVE_HTML,f53c4a2309f2323889b22be47f21049149cb0b325d0d78182f7929bf5d99a646
6dfde6e6eb6cdbe1a534,SRC623,table-012,,NATIVE_DIRECT,34,,,NATIVE_DIRECT,Deterministic native reader; filing data/documents/native/carlyle-alpinvest-secondaries-ncsr-2026.html#table-012/row-009; candidate and final are ledgers/working/native-filings/SRC623/records-final.csv row 34,RESOLVED,NATIVE_HTML,f53c4a2309f2323889b22be47f21049149cb0b325d0d78182f7929bf5d99a646
b88a45d1472b7c53c5e8,SRC623,table-012,,NATIVE_DIRECT,35,,,NATIVE_DIRECT,Deterministic native reader; filing data/documents/native/carlyle-alpinvest-secondaries-ncsr-2026.html#table-012/row-009; candidate and final are ledgers/working/native-filings/SRC623/records-final.csv row 35,RESOLVED,NATIVE_HTML,f53c4a2309f2323889b22be47f21049149cb0b325d0d78182f7929bf5d99a646
b5e9ac6a60f08b1a8366,SRC623,table-012,,NATIVE_DIRECT,36,,,NATIVE_DIRECT,Deterministic native reader; filing data/documents/native/carlyle-alpinvest-secondaries-ncsr-2026.html#table-012/row-010; candidate and final are ledgers/working/native-filings/SRC623/records-final.csv row 36,RESOLVED,NATIVE_HTML,f53c4a2309f2323889b22be47f21049149cb0b325d0d78182f7929bf5d99a646
e10c5f072dbbbfe4a49c,SRC623,table-012,,NATIVE_DIRECT,37,,,NATIVE_DIRECT,Deterministic native reader; filing data/documents/native/carlyle-alpinvest-secondaries-ncsr-2026.html#table-012/row-010; candidate and final are ledgers/working/native-filings/SRC623/records-final.csv row 37,RESOLVED,NATIVE_HTML,f53c4a2309f2323889b22be47f21049149cb0b325d0d78182f7929bf5d99a646
4158d667e6acb8042cbb,SRC623,table-012,,NATIVE_DIRECT,38,,,NATIVE_DIRECT,Deterministic native reader; filing data/documents/native/carlyle-alpinvest-secondaries-ncsr-2026.html#table-012/row-010; candidate and final are ledgers/working/native-filings/SRC623/records-final.csv row 38,RESOLVED,NATIVE_HTML,f53c4a2309f2323889b22be47f21049149cb0b325d0d78182f7929bf5d99a646
ddd78a0859a0c2b8244d,SRC623,table-012,,NATIVE_DIRECT,39,,,NATIVE_DIRECT,Deterministic native reader; filing data/documents/native/carlyle-alpinvest-secondaries-ncsr-2026.html#table-012/row-011; candidate and final are ledgers/working/native-filings/SRC623/records-final.csv row 39,RESOLVED,NATIVE_HTML,f53c4a2309f2323889b22be47f21049149cb0b325d0d78182f7929bf5d99a646
c45ec1c01a3d0c1cab29,SRC623,table-012,,NATIVE_DIRECT,40,,,NATIVE_DIRECT,Deterministic native reader; filing data/documents/native/carlyle-alpinvest-secondaries-ncsr-2026.html#table-012/row-011; candidate and final are ledgers/working/native-filings/SRC623/records-final.csv row 40,RESOLVED,NATIVE_HTML,f53c4a2309f2323889b22be47f21049149cb0b325d0d78182f7929bf5d99a646
747464726200cc2477ea,SRC623,table-012,,NATIVE_DIRECT,41,,,NATIVE_DIRECT,Deterministic native reader; filing data/documents/native/carlyle-alpinvest-secondaries-ncsr-2026.html#table-012/row-011; candidate and final are ledgers/working/native-filings/SRC623/records-final.csv row 41,RESOLVED,NATIVE_HTML,f53c4a2309f2323889b22be47f21049149cb0b325d0d78182f7929bf5d99a646
072f73f6c110c366146f,SRC623,table-012,,NATIVE_DIRECT,42,,,NATIVE_DIRECT,Deterministic native reader; filing data/documents/native/carlyle-alpinvest-secondaries-ncsr-2026.html#table-012/row-012; candidate and final are ledgers/working/native-filings/SRC623/records-final.csv row 42,RESOLVED,NATIVE_HTML,f53c4a2309f2323889b22be47f21049149cb0b325d0d78182f7929bf5d99a646
d26332b34f92268dee8c,SRC623,table-012,,NATIVE_DIRECT,43,,,NATIVE_DIRECT,Deterministic native reader; filing data/documents/native/carlyle-alpinvest-secondaries-ncsr-2026.html#table-012/row-012; candidate and final are ledgers/working/native-filings/SRC623/records-final.csv row 43,RESOLVED,NATIVE_HTML,f53c4a2309f2323889b22be47f21049149cb0b325d0d78182f7929bf5d99a646
f2fefdec15ca97c10028,SRC623,table-012,,NATIVE_DIRECT,44,,,NATIVE_DIRECT,Deterministic native reader; filing data/documents/native/carlyle-alpinvest-secondaries-ncsr-2026.html#table-012/row-012; candidate and final are ledgers/working/native-filings/SRC623/records-final.csv row 44,RESOLVED,NATIVE_HTML,f53c4a2309f2323889b22be47f21049149cb0b325d0d78182f7929bf5d99a646
9ad86131a83a0337b97d,SRC623,table-012,,NATIVE_DIRECT,45,,,NATIVE_DIRECT,Deterministic native reader; filing data/documents/native/carlyle-alpinvest-secondaries-ncsr-2026.html#table-012/row-013; candidate and final are ledgers/working/native-filings/SRC623/records-final.csv row 45,RESOLVED,NATIVE_HTML,f53c4a2309f2323889b22be47f21049149cb0b325d0d78182f7929bf5d99a646
56861de1c5878c98a35a,SRC623,table-012,,NATIVE_DIRECT,46,,,NATIVE_DIRECT,Deterministic native reader; filing data/documents/native/carlyle-alpinvest-secondaries-ncsr-2026.html#table-012/row-013; candidate and final are ledgers/working/native-filings/SRC623/records-final.csv row 46,RESOLVED,NATIVE_HTML,f53c4a2309f2323889b22be47f21049149cb0b325d0d78182f7929bf5d99a646
413d7ef9fe4176af3f3c,SRC623,table-012,,NATIVE_DIRECT,47,,,NATIVE_DIRECT,Deterministic native reader; filing data/documents/native/carlyle-alpinvest-secondaries-ncsr-2026.html#table-012/row-013; candidate and final are ledgers/working/native-filings/SRC623/records-final.csv row 47,RESOLVED,NATIVE_HTML,f53c4a2309f2323889b22be47f21049149cb0b325d0d78182f7929bf5d99a646
ba9535e23ca9a57e3444,SRC623,table-012,,NATIVE_DIRECT,48,,,NATIVE_DIRECT,Deterministic native reader; filing data/documents/native/carlyle-alpinvest-secondaries-ncsr-2026.html#table-012/row-014; candidate and final are ledgers/working/native-filings/SRC623/records-final.csv row 48,RESOLVED,NATIVE_HTML,f53c4a2309f2323889b22be47f21049149cb0b325d0d78182f7929bf5d99a646
1b459866419d8e8c2141,SRC623,table-012,,NATIVE_DIRECT,49,,,NATIVE_DIRECT,Deterministic native reader; filing data/documents/native/carlyle-alpinvest-secondaries-ncsr-2026.html#table-012/row-014; candidate and final are ledgers/working/native-filings/SRC623/records-final.csv row 49,RESOLVED,NATIVE_HTML,f53c4a2309f2323889b22be47f21049149cb0b325d0d78182f7929bf5d99a646
6947dba126390f4b70fb,SRC623,table-012,,NATIVE_DIRECT,50,,,NATIVE_DIRECT,Deterministic native reader; filing data/documents/native/carlyle-alpinvest-secondaries-ncsr-2026.html#table-012/row-014; candidate and final are ledgers/working/native-filings/SRC623/records-final.csv row 50,RESOLVED,NATIVE_HTML,f53c4a2309f2323889b22be47f21049149cb0b325d0d78182f7929bf5d99a646
16e9f6141b65dd36cf0e,SRC623,table-012,,NATIVE_DIRECT,51,,,NATIVE_DIRECT,Deterministic native reader; filing data/documents/native/carlyle-alpinvest-secondaries-ncsr-2026.html#table-012/row-015; candidate and final are ledgers/working/native-filings/SRC623/records-final.csv row 51,RESOLVED,NATIVE_HTML,f53c4a2309f2323889b22be47f21049149cb0b325d0d78182f7929bf5d99a646
a3862db770362460171d,SRC623,table-012,,NATIVE_DIRECT,52,,,NATIVE_DIRECT,Deterministic native reader; filing data/documents/native/carlyle-alpinvest-secondaries-ncsr-2026.html#table-012/row-015; candidate and final are ledgers/working/native-filings/SRC623/records-final.csv row 52,RESOLVED,NATIVE_HTML,f53c4a2309f2323889b22be47f21049149cb0b325d0d78182f7929bf5d99a646
f93bc9cf870f62a53611,SRC623,table-012,,NATIVE_DIRECT,53,,,NATIVE_DIRECT,Deterministic native reader; filing data/documents/native/carlyle-alpinvest-secondaries-ncsr-2026.html#table-012/row-015; candidate and final are ledgers/working/native-filings/SRC623/records-final.csv row 53,RESOLVED,NATIVE_HTML,f53c4a2309f2323889b22be47f21049149cb0b325d0d78182f7929bf5d99a646
364bcfe6f211f220bb2a,SRC623,table-012,,NATIVE_DIRECT,54,,,NATIVE_DIRECT,Deterministic native reader; filing data/documents/native/carlyle-alpinvest-secondaries-ncsr-2026.html#table-012/row-016; candidate and final are ledgers/working/native-filings/SRC623/records-final.csv row 54,RESOLVED,NATIVE_HTML,f53c4a2309f2323889b22be47f21049149cb0b325d0d78182f7929bf5d99a646
5e4047729f52ebb6577e,SRC623,table-012,,NATIVE_DIRECT,55,,,NATIVE_DIRECT,Deterministic native reader; filing data/documents/native/carlyle-alpinvest-secondaries-ncsr-2026.html#table-012/row-016; candidate and final are ledgers/working/native-filings/SRC623/records-final.csv row 55,RESOLVED,NATIVE_HTML,f53c4a2309f2323889b22be47f21049149cb0b325d0d78182f7929bf5d99a646
afffa014e6cb4cbafdb0,SRC623,table-012,,NATIVE_DIRECT,56,,,NATIVE_DIRECT,Deterministic native reader; filing data/documents/native/carlyle-alpinvest-secondaries-ncsr-2026.html#table-012/row-016; candidate and final are ledgers/working/native-filings/SRC623/records-final.csv row 56,RESOLVED,NATIVE_HTML,f53c4a2309f2323889b22be47f21049149cb0b325d0d78182f7929bf5d99a646
0e99e311188f5c65f40f,SRC623,table-012,,NATIVE_DIRECT,57,,,NATIVE_DIRECT,Deterministic native reader; filing data/documents/native/carlyle-alpinvest-secondaries-ncsr-2026.html#table-012/row-017; candidate and final are ledgers/working/native-filings/SRC623/records-final.csv row 57,RESOLVED,NATIVE_HTML,f53c4a2309f2323889b22be47f21049149cb0b325d0d78182f7929bf5d99a646
29361fcec7202dd924b1,SRC623,table-012,,NATIVE_DIRECT,58,,,NATIVE_DIRECT,Deterministic native reader; filing data/documents/native/carlyle-alpinvest-secondaries-ncsr-2026.html#table-012/row-017; candidate and final are ledgers/working/native-filings/SRC623/records-final.csv row 58,RESOLVED,NATIVE_HTML,f53c4a2309f2323889b22be47f21049149cb0b325d0d78182f7929bf5d99a646
0abd26ca5080d5866225,SRC623,table-012,,NATIVE_DIRECT,59,,,NATIVE_DIRECT,Deterministic native reader; filing data/documents/native/carlyle-alpinvest-secondaries-ncsr-2026.html#table-012/row-017; candidate and final are ledgers/working/native-filings/SRC623/records-final.csv row 59,RESOLVED,NATIVE_HTML,f53c4a2309f2323889b22be47f21049149cb0b325d0d78182f7929bf5d99a646
f743256bce41b63d8eb0,SRC623,table-012,,NATIVE_DIRECT,60,,,NATIVE_DIRECT,Deterministic native reader; filing data/documents/native/carlyle-alpinvest-secondaries-ncsr-2026.html#table-012/row-018; candidate and final are ledgers/working/native-filings/SRC623/records-final.csv row 60,RESOLVED,NATIVE_HTML,f53c4a2309f2323889b22be47f21049149cb0b325d0d78182f7929bf5d99a646
095d610b02042c391f71,SRC623,table-012,,NATIVE_DIRECT,61,,,NATIVE_DIRECT,Deterministic native reader; filing data/documents/native/carlyle-alpinvest-secondaries-ncsr-2026.html#table-012/row-018; candidate and final are ledgers/working/native-filings/SRC623/records-final.csv row 61,RESOLVED,NATIVE_HTML,f53c4a2309f2323889b22be47f21049149cb0b325d0d78182f7929bf5d99a646
35d481f7fb35686a78eb,SRC623,table-012,,NATIVE_DIRECT,62,,,NATIVE_DIRECT,Deterministic native reader; filing data/documents/native/carlyle-alpinvest-secondaries-ncsr-2026.html#table-012/row-018; candidate and final are ledgers/working/native-filings/SRC623/records-final.csv row 62,RESOLVED,NATIVE_HTML,f53c4a2309f2323889b22be47f21049149cb0b325d0d78182f7929bf5d99a646
6f20e8aa7cef279f5840,SRC623,table-012,,NATIVE_DIRECT,63,,,NATIVE_DIRECT,Deterministic native reader; filing data/documents/native/carlyle-alpinvest-secondaries-ncsr-2026.html#table-012/row-019; candidate and final are ledgers/working/native-filings/SRC623/records-final.csv row 63,RESOLVED,NATIVE_HTML,f53c4a2309f2323889b22be47f21049149cb0b325d0d78182f7929bf5d99a646
7de3e4c2c8ba3aaa87d6,SRC623,table-012,,NATIVE_DIRECT,64,,,NATIVE_DIRECT,Deterministic native reader; filing data/documents/native/carlyle-alpinvest-secondaries-ncsr-2026.html#table-012/row-019; candidate and final are ledgers/working/native-filings/SRC623/records-final.csv row 64,RESOLVED,NATIVE_HTML,f53c4a2309f2323889b22be47f21049149cb0b325d0d78182f7929bf5d99a646
6d32d45cb26c75a7800e,SRC623,table-012,,NATIVE_DIRECT,65,,,NATIVE_DIRECT,Deterministic native reader; filing data/documents/native/carlyle-alpinvest-secondaries-ncsr-2026.html#table-012/row-019; candidate and final are ledgers/working/native-filings/SRC623/records-final.csv row 65,RESOLVED,NATIVE_HTML,f53c4a2309f2323889b22be47f21049149cb0b325d0d78182f7929bf5d99a646
0047f8bf0358bbec3f9b,SRC623,table-012,,NATIVE_DIRECT,66,,,NATIVE_DIRECT,Deterministic native reader; filing data/documents/native/carlyle-alpinvest-secondaries-ncsr-2026.html#table-012/row-020; candidate and final are ledgers/working/native-filings/SRC623/records-final.csv row 66,RESOLVED,NATIVE_HTML,f53c4a2309f2323889b22be47f21049149cb0b325d0d78182f7929bf5d99a646
813fd92ed6874da68323,SRC623,table-012,,NATIVE_DIRECT,67,,,NATIVE_DIRECT,Deterministic native reader; filing data/documents/native/carlyle-alpinvest-secondaries-ncsr-2026.html#table-012/row-020; candidate and final are ledgers/working/native-filings/SRC623/records-final.csv row 67,RESOLVED,NATIVE_HTML,f53c4a2309f2323889b22be47f21049149cb0b325d0d78182f7929bf5d99a646
7b48b499312f2d128cef,SRC623,table-012,,NATIVE_DIRECT,68,,,NATIVE_DIRECT,Deterministic native reader; filing data/documents/native/carlyle-alpinvest-secondaries-ncsr-2026.html#table-012/row-020; candidate and final are ledgers/working/native-filings/SRC623/records-final.csv row 68,RESOLVED,NATIVE_HTML,f53c4a2309f2323889b22be47f21049149cb0b325d0d78182f7929bf5d99a646
f681f30b7908bbdeaf13,SRC623,table-012,,NATIVE_DIRECT,69,,,NATIVE_DIRECT,Deterministic native reader; filing data/documents/native/carlyle-alpinvest-secondaries-ncsr-2026.html#table-012/row-021; candidate and final are ledgers/working/native-filings/SRC623/records-final.csv row 69,RESOLVED,NATIVE_HTML,f53c4a2309f2323889b22be47f21049149cb0b325d0d78182f7929bf5d99a646
1cfb8b3b7ecb767bf749,SRC623,table-012,,NATIVE_DIRECT,70,,,NATIVE_DIRECT,Deterministic native reader; filing data/documents/native/carlyle-alpinvest-secondaries-ncsr-2026.html#table-012/row-021; candidate and final are ledgers/working/native-filings/SRC623/records-final.csv row 70,RESOLVED,NATIVE_HTML,f53c4a2309f2323889b22be47f21049149cb0b325d0d78182f7929bf5d99a646
ca6c1054774308717f3e,SRC623,table-012,,NATIVE_DIRECT,71,,,NATIVE_DIRECT,Deterministic native reader; filing data/documents/native/carlyle-alpinvest-secondaries-ncsr-2026.html#table-012/row-021; candidate and final are ledgers/working/native-filings/SRC623/records-final.csv row 71,RESOLVED,NATIVE_HTML,f53c4a2309f2323889b22be47f21049149cb0b325d0d78182f7929bf5d99a646
810f1f2a0bd327c87e51,SRC623,table-012,,NATIVE_DIRECT,72,,,NATIVE_DIRECT,Deterministic native reader; filing data/documents/native/carlyle-alpinvest-secondaries-ncsr-2026.html#table-012/row-022; candidate and final are ledgers/working/native-filings/SRC623/records-final.csv row 72,RESOLVED,NATIVE_HTML,f53c4a2309f2323889b22be47f21049149cb0b325d0d78182f7929bf5d99a646
ae6a11ad42e1903c45de,SRC623,table-012,,NATIVE_DIRECT,73,,,NATIVE_DIRECT,Deterministic native reader; filing data/documents/native/carlyle-alpinvest-secondaries-ncsr-2026.html#table-012/row-022; candidate and final are ledgers/working/native-filings/SRC623/records-final.csv row 73,RESOLVED,NATIVE_HTML,f53c4a2309f2323889b22be47f21049149cb0b325d0d78182f7929bf5d99a646
2866cb9ff7779b8946c5,SRC623,table-012,,NATIVE_DIRECT,74,,,NATIVE_DIRECT,Deterministic native reader; filing data/documents/native/carlyle-alpinvest-secondaries-ncsr-2026.html#table-012/row-022; candidate and final are ledgers/working/native-filings/SRC623/records-final.csv row 74,RESOLVED,NATIVE_HTML,f53c4a2309f2323889b22be47f21049149cb0b325d0d78182f7929bf5d99a646
bc090d68eb15644a76c0,SRC623,table-012,,NATIVE_DIRECT,75,,,NATIVE_DIRECT,Deterministic native reader; filing data/documents/native/carlyle-alpinvest-secondaries-ncsr-2026.html#table-012/row-023; candidate and final are ledgers/working/native-filings/SRC623/records-final.csv row 75,RESOLVED,NATIVE_HTML,f53c4a2309f2323889b22be47f21049149cb0b325d0d78182f7929bf5d99a646
014dee95a32c858d5733,SRC623,table-012,,NATIVE_DIRECT,76,,,NATIVE_DIRECT,Deterministic native reader; filing data/documents/native/carlyle-alpinvest-secondaries-ncsr-2026.html#table-012/row-023; candidate and final are ledgers/working/native-filings/SRC623/records-final.csv row 76,RESOLVED,NATIVE_HTML,f53c4a2309f2323889b22be47f21049149cb0b325d0d78182f7929bf5d99a646
49b2cb71d6f3182046b5,SRC623,table-012,,NATIVE_DIRECT,77,,,NATIVE_DIRECT,Deterministic native reader; filing data/documents/native/carlyle-alpinvest-secondaries-ncsr-2026.html#table-012/row-023; candidate and final are ledgers/working/native-filings/SRC623/records-final.csv row 77,RESOLVED,NATIVE_HTML,f53c4a2309f2323889b22be47f21049149cb0b325d0d78182f7929bf5d99a646
1c5f5aa82c36c5b2d1c9,SRC623,table-012,,NATIVE_DIRECT,78,,,NATIVE_DIRECT,Deterministic native reader; filing data/documents/native/carlyle-alpinvest-secondaries-ncsr-2026.html#table-012/row-024; candidate and final are ledgers/working/native-filings/SRC623/records-final.csv row 78,RESOLVED,NATIVE_HTML,f53c4a2309f2323889b22be47f21049149cb0b325d0d78182f7929bf5d99a646
b04d8e40357a7b100cf7,SRC623,table-012,,NATIVE_DIRECT,79,,,NATIVE_DIRECT,Deterministic native reader; filing data/documents/native/carlyle-alpinvest-secondaries-ncsr-2026.html#table-012/row-024; candidate and final are ledgers/working/native-filings/SRC623/records-final.csv row 79,RESOLVED,NATIVE_HTML,f53c4a2309f2323889b22be47f21049149cb0b325d0d78182f7929bf5d99a646
7bb9317bd9c750303a46,SRC623,table-012,,NATIVE_DIRECT,80,,,NATIVE_DIRECT,Deterministic native reader; filing data/documents/native/carlyle-alpinvest-secondaries-ncsr-2026.html#table-012/row-024; candidate and final are ledgers/working/native-filings/SRC623/records-final.csv row 80,RESOLVED,NATIVE_HTML,f53c4a2309f2323889b22be47f21049149cb0b325d0d78182f7929bf5d99a646
be287072d8eb788db348,SRC623,table-012,,NATIVE_DIRECT,81,,,NATIVE_DIRECT,Deterministic native reader; filing data/documents/native/carlyle-alpinvest-secondaries-ncsr-2026.html#table-012/row-025; candidate and final are ledgers/working/native-filings/SRC623/records-final.csv row 81,RESOLVED,NATIVE_HTML,f53c4a2309f2323889b22be47f21049149cb0b325d0d78182f7929bf5d99a646
52fdeffee69456f4b9ff,SRC623,table-012,,NATIVE_DIRECT,82,,,NATIVE_DIRECT,Deterministic native reader; filing data/documents/native/carlyle-alpinvest-secondaries-ncsr-2026.html#table-012/row-025; candidate and final are ledgers/working/native-filings/SRC623/records-final.csv row 82,RESOLVED,NATIVE_HTML,f53c4a2309f2323889b22be47f21049149cb0b325d0d78182f7929bf5d99a646
24b3e22f708c1b706d0b,SRC623,table-012,,NATIVE_DIRECT,83,,,NATIVE_DIRECT,Deterministic native reader; filing data/documents/native/carlyle-alpinvest-secondaries-ncsr-2026.html#table-012/row-025; candidate and final are ledgers/working/native-filings/SRC623/records-final.csv row 83,RESOLVED,NATIVE_HTML,f53c4a2309f2323889b22be47f21049149cb0b325d0d78182f7929bf5d99a646
bee7d806292704b40271,SRC623,table-012,,NATIVE_DIRECT,84,,,NATIVE_DIRECT,Deterministic native reader; filing data/documents/native/carlyle-alpinvest-secondaries-ncsr-2026.html#table-012/row-026; candidate and final are ledgers/working/native-filings/SRC623/records-final.csv row 84,RESOLVED,NATIVE_HTML,f53c4a2309f2323889b22be47f21049149cb0b325d0d78182f7929bf5d99a646
83dfda5ec0d5063cf402,SRC623,table-012,,NATIVE_DIRECT,85,,,NATIVE_DIRECT,Deterministic native reader; filing data/documents/native/carlyle-alpinvest-secondaries-ncsr-2026.html#table-012/row-026; candidate and final are ledgers/working/native-filings/SRC623/records-final.csv row 85,RESOLVED,NATIVE_HTML,f53c4a2309f2323889b22be47f21049149cb0b325d0d78182f7929bf5d99a646
fce9b3023651e1a77c1a,SRC623,table-012,,NATIVE_DIRECT,86,,,NATIVE_DIRECT,Deterministic native reader; filing data/documents/native/carlyle-alpinvest-secondaries-ncsr-2026.html#table-012/row-026; candidate and final are ledgers/working/native-filings/SRC623/records-final.csv row 86,RESOLVED,NATIVE_HTML,f53c4a2309f2323889b22be47f21049149cb0b325d0d78182f7929bf5d99a646
2cd070813a475fe279a9,SRC623,table-012,,NATIVE_DIRECT,87,,,NATIVE_DIRECT,Deterministic native reader; filing data/documents/native/carlyle-alpinvest-secondaries-ncsr-2026.html#table-012/row-027; candidate and final are ledgers/working/native-filings/SRC623/records-final.csv row 87,RESOLVED,NATIVE_HTML,f53c4a2309f2323889b22be47f21049149cb0b325d0d78182f7929bf5d99a646
208cef2d555bb8cc497f,SRC623,table-012,,NATIVE_DIRECT,88,,,NATIVE_DIRECT,Deterministic native reader; filing data/documents/native/carlyle-alpinvest-secondaries-ncsr-2026.html#table-012/row-027; candidate and final are ledgers/working/native-filings/SRC623/records-final.csv row 88,RESOLVED,NATIVE_HTML,f53c4a2309f2323889b22be47f21049149cb0b325d0d78182f7929bf5d99a646
e197705bfeecee4d075b,SRC623,table-012,,NATIVE_DIRECT,89,,,NATIVE_DIRECT,Deterministic native reader; filing data/documents/native/carlyle-alpinvest-secondaries-ncsr-2026.html#table-012/row-027; candidate and final are ledgers/working/native-filings/SRC623/records-final.csv row 89,RESOLVED,NATIVE_HTML,f53c4a2309f2323889b22be47f21049149cb0b325d0d78182f7929bf5d99a646
cc3c378aa33682af6d40,SRC623,table-012,,NATIVE_DIRECT,90,,,NATIVE_DIRECT,Deterministic native reader; filing data/documents/native/carlyle-alpinvest-secondaries-ncsr-2026.html#table-012/row-028; candidate and final are ledgers/working/native-filings/SRC623/records-final.csv row 90,RESOLVED,NATIVE_HTML,f53c4a2309f2323889b22be47f21049149cb0b325d0d78182f7929bf5d99a646
4801b04ed46dafcf5ab5,SRC623,table-012,,NATIVE_DIRECT,91,,,NATIVE_DIRECT,Deterministic native reader; filing data/documents/native/carlyle-alpinvest-secondaries-ncsr-2026.html#table-012/row-028; candidate and final are ledgers/working/native-filings/SRC623/records-final.csv row 91,RESOLVED,NATIVE_HTML,f53c4a2309f2323889b22be47f21049149cb0b325d0d78182f7929bf5d99a646
05b21bf49df4fdf69d61,SRC623,table-012,,NATIVE_DIRECT,92,,,NATIVE_DIRECT,Deterministic native reader; filing data/documents/native/carlyle-alpinvest-secondaries-ncsr-2026.html#table-012/row-028; candidate and final are ledgers/working/native-filings/SRC623/records-final.csv row 92,RESOLVED,NATIVE_HTML,f53c4a2309f2323889b22be47f21049149cb0b325d0d78182f7929bf5d99a646
38d905ebf1586b3a0a40,SRC623,table-012,,NATIVE_DIRECT,93,,,NATIVE_DIRECT,Deterministic native reader; filing data/documents/native/carlyle-alpinvest-secondaries-ncsr-2026.html#table-012/row-029; candidate and final are ledgers/working/native-filings/SRC623/records-final.csv row 93,RESOLVED,NATIVE_HTML,f53c4a2309f2323889b22be47f21049149cb0b325d0d78182f7929bf5d99a646
9fd26e9c3e9e2fffbe50,SRC623,table-012,,NATIVE_DIRECT,94,,,NATIVE_DIRECT,Deterministic native reader; filing data/documents/native/carlyle-alpinvest-secondaries-ncsr-2026.html#table-012/row-029; candidate and final are ledgers/working/native-filings/SRC623/records-final.csv row 94,RESOLVED,NATIVE_HTML,f53c4a2309f2323889b22be47f21049149cb0b325d0d78182f7929bf5d99a646
a4468565734cfe29efff,SRC623,table-012,,NATIVE_DIRECT,95,,,NATIVE_DIRECT,Deterministic native reader; filing data/documents/native/carlyle-alpinvest-secondaries-ncsr-2026.html#table-012/row-029; candidate and final are ledgers/working/native-filings/SRC623/records-final.csv row 95,RESOLVED,NATIVE_HTML,f53c4a2309f2323889b22be47f21049149cb0b325d0d78182f7929bf5d99a646
960d8f77697049657d6d,SRC623,table-012,,NATIVE_DIRECT,96,,,NATIVE_DIRECT,Deterministic native reader; filing data/documents/native/carlyle-alpinvest-secondaries-ncsr-2026.html#table-012/row-030; candidate and final are ledgers/working/native-filings/SRC623/records-final.csv row 96,RESOLVED,NATIVE_HTML,f53c4a2309f2323889b22be47f21049149cb0b325d0d78182f7929bf5d99a646
b2f4ab8c032241d08eec,SRC623,table-012,,NATIVE_DIRECT,97,,,NATIVE_DIRECT,Deterministic native reader; filing data/documents/native/carlyle-alpinvest-secondaries-ncsr-2026.html#table-012/row-030; candidate and final are ledgers/working/native-filings/SRC623/records-final.csv row 97,RESOLVED,NATIVE_HTML,f53c4a2309f2323889b22be47f21049149cb0b325d0d78182f7929bf5d99a646
6021cee7e69cd2bdb508,SRC623,table-012,,NATIVE_DIRECT,98,,,NATIVE_DIRECT,Deterministic native reader; filing data/documents/native/carlyle-alpinvest-secondaries-ncsr-2026.html#table-012/row-030; candidate and final are ledgers/working/native-filings/SRC623/records-final.csv row 98,RESOLVED,NATIVE_HTML,f53c4a2309f2323889b22be47f21049149cb0b325d0d78182f7929bf5d99a646
56c062460f4c7f96ab0c,SRC623,table-012,,NATIVE_DIRECT,99,,,NATIVE_DIRECT,Deterministic native reader; filing data/documents/native/carlyle-alpinvest-secondaries-ncsr-2026.html#table-012/row-031; candidate and final are ledgers/working/native-filings/SRC623/records-final.csv row 99,RESOLVED,NATIVE_HTML,f53c4a2309f2323889b22be47f21049149cb0b325d0d78182f7929bf5d99a646
f01117fd4f7297a77cbb,SRC623,table-012,,NATIVE_DIRECT,100,,,NATIVE_DIRECT,Deterministic native reader; filing data/documents/native/carlyle-alpinvest-secondaries-ncsr-2026.html#table-012/row-031; candidate and final are ledgers/working/native-filings/SRC623/records-final.csv row 100,RESOLVED,NATIVE_HTML,f53c4a2309f2323889b22be47f21049149cb0b325d0d78182f7929bf5d99a646
6cc3d6e458b276a82119,SRC623,table-012,,NATIVE_DIRECT,101,,,NATIVE_DIRECT,Deterministic native reader; filing data/documents/native/carlyle-alpinvest-secondaries-ncsr-2026.html#table-012/row-031; candidate and final are ledgers/working/native-filings/SRC623/records-final.csv row 101,RESOLVED,NATIVE_HTML,f53c4a2309f2323889b22be47f21049149cb0b325d0d78182f7929bf5d99a646
43b113d3fd533494421e,SRC623,table-012,,NATIVE_DIRECT,102,,,NATIVE_DIRECT,Deterministic native reader; filing data/documents/native/carlyle-alpinvest-secondaries-ncsr-2026.html#table-012/row-032; candidate and final are ledgers/working/native-filings/SRC623/records-final.csv row 102,RESOLVED,NATIVE_HTML,f53c4a2309f2323889b22be47f21049149cb0b325d0d78182f7929bf5d99a646
4727a11fbf4ed7ebedc7,SRC623,table-012,,NATIVE_DIRECT,103,,,NATIVE_DIRECT,Deterministic native reader; filing data/documents/native/carlyle-alpinvest-secondaries-ncsr-2026.html#table-012/row-032; candidate and final are ledgers/working/native-filings/SRC623/records-final.csv row 103,RESOLVED,NATIVE_HTML,f53c4a2309f2323889b22be47f21049149cb0b325d0d78182f7929bf5d99a646
7701abc515db4f31aafa,SRC623,table-012,,NATIVE_DIRECT,104,,,NATIVE_DIRECT,Deterministic native reader; filing data/documents/native/carlyle-alpinvest-secondaries-ncsr-2026.html#table-012/row-032; candidate and final are ledgers/working/native-filings/SRC623/records-final.csv row 104,RESOLVED,NATIVE_HTML,f53c4a2309f2323889b22be47f21049149cb0b325d0d78182f7929bf5d99a646
2abacfb4c9a6faaae134,SRC623,table-012,,NATIVE_DIRECT,105,,,NATIVE_DIRECT,Deterministic native reader; filing data/documents/native/carlyle-alpinvest-secondaries-ncsr-2026.html#table-012/row-033; candidate and final are ledgers/working/native-filings/SRC623/records-final.csv row 105,RESOLVED,NATIVE_HTML,f53c4a2309f2323889b22be47f21049149cb0b325d0d78182f7929bf5d99a646
41d6845a8769c8a4a628,SRC623,table-012,,NATIVE_DIRECT,106,,,NATIVE_DIRECT,Deterministic native reader; filing data/documents/native/carlyle-alpinvest-secondaries-ncsr-2026.html#table-012/row-033; candidate and final are ledgers/working/native-filings/SRC623/records-final.csv row 106,RESOLVED,NATIVE_HTML,f53c4a2309f2323889b22be47f21049149cb0b325d0d78182f7929bf5d99a646
4806a0465641b2e086fb,SRC623,table-012,,NATIVE_DIRECT,107,,,NATIVE_DIRECT,Deterministic native reader; filing data/documents/native/carlyle-alpinvest-secondaries-ncsr-2026.html#table-012/row-033; candidate and final are ledgers/working/native-filings/SRC623/records-final.csv row 107,RESOLVED,NATIVE_HTML,f53c4a2309f2323889b22be47f21049149cb0b325d0d78182f7929bf5d99a646
bd9cb4c96a6648c36eb9,SRC623,table-012,,NATIVE_DIRECT,108,,,NATIVE_DIRECT,Deterministic native reader; filing data/documents/native/carlyle-alpinvest-secondaries-ncsr-2026.html#table-012/row-034; candidate and final are ledgers/working/native-filings/SRC623/records-final.csv row 108,RESOLVED,NATIVE_HTML,f53c4a2309f2323889b22be47f21049149cb0b325d0d78182f7929bf5d99a646
17c9296f7a95c03d7258,SRC623,table-012,,NATIVE_DIRECT,109,,,NATIVE_DIRECT,Deterministic native reader; filing data/documents/native/carlyle-alpinvest-secondaries-ncsr-2026.html#table-012/row-034; candidate and final are ledgers/working/native-filings/SRC623/records-final.csv row 109,RESOLVED,NATIVE_HTML,f53c4a2309f2323889b22be47f21049149cb0b325d0d78182f7929bf5d99a646
5eda1ecbb9bc319181ec,SRC623,table-012,,NATIVE_DIRECT,110,,,NATIVE_DIRECT,Deterministic native reader; filing data/documents/native/carlyle-alpinvest-secondaries-ncsr-2026.html#table-012/row-034; candidate and final are ledgers/working/native-filings/SRC623/records-final.csv row 110,RESOLVED,NATIVE_HTML,f53c4a2309f2323889b22be47f21049149cb0b325d0d78182f7929bf5d99a646
b85f39acb8ea9d8cb8b9,SRC623,table-012,,NATIVE_DIRECT,111,,,NATIVE_DIRECT,Deterministic native reader; filing data/documents/native/carlyle-alpinvest-secondaries-ncsr-2026.html#table-012/row-035; candidate and final are ledgers/working/native-filings/SRC623/records-final.csv row 111,RESOLVED,NATIVE_HTML,f53c4a2309f2323889b22be47f21049149cb0b325d0d78182f7929bf5d99a646
82f7a9aed03e20a04f30,SRC623,table-012,,NATIVE_DIRECT,112,,,NATIVE_DIRECT,Deterministic native reader; filing data/documents/native/carlyle-alpinvest-secondaries-ncsr-2026.html#table-012/row-035; candidate and final are ledgers/working/native-filings/SRC623/records-final.csv row 112,RESOLVED,NATIVE_HTML,f53c4a2309f2323889b22be47f21049149cb0b325d0d78182f7929bf5d99a646
c261c7ed0cd0df188d53,SRC623,table-012,,NATIVE_DIRECT,113,,,NATIVE_DIRECT,Deterministic native reader; filing data/documents/native/carlyle-alpinvest-secondaries-ncsr-2026.html#table-012/row-035; candidate and final are ledgers/working/native-filings/SRC623/records-final.csv row 113,RESOLVED,NATIVE_HTML,f53c4a2309f2323889b22be47f21049149cb0b325d0d78182f7929bf5d99a646
3674096a37ccab2b63fb,SRC623,table-012,,NATIVE_DIRECT,114,,,NATIVE_DIRECT,Deterministic native reader; filing data/documents/native/carlyle-alpinvest-secondaries-ncsr-2026.html#table-012/row-038; candidate and final are ledgers/working/native-filings/SRC623/records-final.csv row 114,RESOLVED,NATIVE_HTML,f53c4a2309f2323889b22be47f21049149cb0b325d0d78182f7929bf5d99a646
203e3cb85a771f6ee26c,SRC623,table-012,,NATIVE_DIRECT,115,,,NATIVE_DIRECT,Deterministic native reader; filing data/documents/native/carlyle-alpinvest-secondaries-ncsr-2026.html#table-012/row-038; candidate and final are ledgers/working/native-filings/SRC623/records-final.csv row 115,RESOLVED,NATIVE_HTML,f53c4a2309f2323889b22be47f21049149cb0b325d0d78182f7929bf5d99a646
b59a992acc11f71f7168,SRC623,table-012,,NATIVE_DIRECT,116,,,NATIVE_DIRECT,Deterministic native reader; filing data/documents/native/carlyle-alpinvest-secondaries-ncsr-2026.html#table-012/row-038; candidate and final are ledgers/working/native-filings/SRC623/records-final.csv row 116,RESOLVED,NATIVE_HTML,f53c4a2309f2323889b22be47f21049149cb0b325d0d78182f7929bf5d99a646
e1fd7ada055592d3befe,SRC623,table-012,,NATIVE_DIRECT,117,,,NATIVE_DIRECT,Deterministic native reader; filing data/documents/native/carlyle-alpinvest-secondaries-ncsr-2026.html#table-012/row-039; candidate and final are ledgers/working/native-filings/SRC623/records-final.csv row 117,RESOLVED,NATIVE_HTML,f53c4a2309f2323889b22be47f21049149cb0b325d0d78182f7929bf5d99a646
8bca77364d31d37d74b2,SRC623,table-012,,NATIVE_DIRECT,118,,,NATIVE_DIRECT,Deterministic native reader; filing data/documents/native/carlyle-alpinvest-secondaries-ncsr-2026.html#table-012/row-039; candidate and final are ledgers/working/native-filings/SRC623/records-final.csv row 118,RESOLVED,NATIVE_HTML,f53c4a2309f2323889b22be47f21049149cb0b325d0d78182f7929bf5d99a646
beb24839eaf0099a2dc8,SRC623,table-012,,NATIVE_DIRECT,119,,,NATIVE_DIRECT,Deterministic native reader; filing data/documents/native/carlyle-alpinvest-secondaries-ncsr-2026.html#table-012/row-039; candidate and final are ledgers/working/native-filings/SRC623/records-final.csv row 119,RESOLVED,NATIVE_HTML,f53c4a2309f2323889b22be47f21049149cb0b325d0d78182f7929bf5d99a646
b5a8ff451e0d5403a753,SRC623,table-012,,NATIVE_DIRECT,120,,,NATIVE_DIRECT,Deterministic native reader; filing data/documents/native/carlyle-alpinvest-secondaries-ncsr-2026.html#table-012/row-040; candidate and final are ledgers/working/native-filings/SRC623/records-final.csv row 120,RESOLVED,NATIVE_HTML,f53c4a2309f2323889b22be47f21049149cb0b325d0d78182f7929bf5d99a646
bf5a3f1af5381da3b87d,SRC623,table-012,,NATIVE_DIRECT,121,,,NATIVE_DIRECT,Deterministic native reader; filing data/documents/native/carlyle-alpinvest-secondaries-ncsr-2026.html#table-012/row-040; candidate and final are ledgers/working/native-filings/SRC623/records-final.csv row 121,RESOLVED,NATIVE_HTML,f53c4a2309f2323889b22be47f21049149cb0b325d0d78182f7929bf5d99a646
84c49671918293cacb6d,SRC623,table-012,,NATIVE_DIRECT,122,,,NATIVE_DIRECT,Deterministic native reader; filing data/documents/native/carlyle-alpinvest-secondaries-ncsr-2026.html#table-012/row-040; candidate and final are ledgers/working/native-filings/SRC623/records-final.csv row 122,RESOLVED,NATIVE_HTML,f53c4a2309f2323889b22be47f21049149cb0b325d0d78182f7929bf5d99a646
01e5614ebac149f92039,SRC623,table-013,,NATIVE_DIRECT,123,,,NATIVE_DIRECT,Deterministic native reader; filing data/documents/native/carlyle-alpinvest-secondaries-ncsr-2026.html#table-013/row-003; candidate and final are ledgers/working/native-filings/SRC623/records-final.csv row 123,RESOLVED,NATIVE_HTML,f53c4a2309f2323889b22be47f21049149cb0b325d0d78182f7929bf5d99a646
d9b78586ea86cae9a0b9,SRC623,table-013,,NATIVE_DIRECT,124,,,NATIVE_DIRECT,Deterministic native reader; filing data/documents/native/carlyle-alpinvest-secondaries-ncsr-2026.html#table-013/row-003; candidate and final are ledgers/working/native-filings/SRC623/records-final.csv row 124,RESOLVED,NATIVE_HTML,f53c4a2309f2323889b22be47f21049149cb0b325d0d78182f7929bf5d99a646
88a55e302cb3fef56995,SRC623,table-013,,NATIVE_DIRECT,125,,,NATIVE_DIRECT,Deterministic native reader; filing data/documents/native/carlyle-alpinvest-secondaries-ncsr-2026.html#table-013/row-003; candidate and final are ledgers/working/native-filings/SRC623/records-final.csv row 125,RESOLVED,NATIVE_HTML,f53c4a2309f2323889b22be47f21049149cb0b325d0d78182f7929bf5d99a646
4a751b8d7aa91accf481,SRC623,table-013,,NATIVE_DIRECT,126,,,NATIVE_DIRECT,Deterministic native reader; filing data/documents/native/carlyle-alpinvest-secondaries-ncsr-2026.html#table-013/row-004; candidate and final are ledgers/working/native-filings/SRC623/records-final.csv row 126,RESOLVED,NATIVE_HTML,f53c4a2309f2323889b22be47f21049149cb0b325d0d78182f7929bf5d99a646
04637f51349cf872a17b,SRC623,table-013,,NATIVE_DIRECT,127,,,NATIVE_DIRECT,Deterministic native reader; filing data/documents/native/carlyle-alpinvest-secondaries-ncsr-2026.html#table-013/row-004; candidate and final are ledgers/working/native-filings/SRC623/records-final.csv row 127,RESOLVED,NATIVE_HTML,f53c4a2309f2323889b22be47f21049149cb0b325d0d78182f7929bf5d99a646
01a6fd6cd442bbb08874,SRC623,table-013,,NATIVE_DIRECT,128,,,NATIVE_DIRECT,Deterministic native reader; filing data/documents/native/carlyle-alpinvest-secondaries-ncsr-2026.html#table-013/row-004; candidate and final are ledgers/working/native-filings/SRC623/records-final.csv row 128,RESOLVED,NATIVE_HTML,f53c4a2309f2323889b22be47f21049149cb0b325d0d78182f7929bf5d99a646
f4e04b41a4999af06aa3,SRC623,table-013,,NATIVE_DIRECT,129,,,NATIVE_DIRECT,Deterministic native reader; filing data/documents/native/carlyle-alpinvest-secondaries-ncsr-2026.html#table-013/row-005; candidate and final are ledgers/working/native-filings/SRC623/records-final.csv row 129,RESOLVED,NATIVE_HTML,f53c4a2309f2323889b22be47f21049149cb0b325d0d78182f7929bf5d99a646
29f9bc767baa9180aaf8,SRC623,table-013,,NATIVE_DIRECT,130,,,NATIVE_DIRECT,Deterministic native reader; filing data/documents/native/carlyle-alpinvest-secondaries-ncsr-2026.html#table-013/row-005; candidate and final are ledgers/working/native-filings/SRC623/records-final.csv row 130,RESOLVED,NATIVE_HTML,f53c4a2309f2323889b22be47f21049149cb0b325d0d78182f7929bf5d99a646
1f162df5b494ee00dde1,SRC623,table-013,,NATIVE_DIRECT,131,,,NATIVE_DIRECT,Deterministic native reader; filing data/documents/native/carlyle-alpinvest-secondaries-ncsr-2026.html#table-013/row-005; candidate and final are ledgers/working/native-filings/SRC623/records-final.csv row 131,RESOLVED,NATIVE_HTML,f53c4a2309f2323889b22be47f21049149cb0b325d0d78182f7929bf5d99a646
da21ed99ae922d4a8db4,SRC623,table-013,,NATIVE_DIRECT,132,,,NATIVE_DIRECT,Deterministic native reader; filing data/documents/native/carlyle-alpinvest-secondaries-ncsr-2026.html#table-013/row-006; candidate and final are ledgers/working/native-filings/SRC623/records-final.csv row 132,RESOLVED,NATIVE_HTML,f53c4a2309f2323889b22be47f21049149cb0b325d0d78182f7929bf5d99a646
dbd19b9b594cf882f349,SRC623,table-013,,NATIVE_DIRECT,133,,,NATIVE_DIRECT,Deterministic native reader; filing data/documents/native/carlyle-alpinvest-secondaries-ncsr-2026.html#table-013/row-006; candidate and final are ledgers/working/native-filings/SRC623/records-final.csv row 133,RESOLVED,NATIVE_HTML,f53c4a2309f2323889b22be47f21049149cb0b325d0d78182f7929bf5d99a646
08dbeeffdd5b156aec9e,SRC623,table-013,,NATIVE_DIRECT,134,,,NATIVE_DIRECT,Deterministic native reader; filing data/documents/native/carlyle-alpinvest-secondaries-ncsr-2026.html#table-013/row-006; candidate and final are ledgers/working/native-filings/SRC623/records-final.csv row 134,RESOLVED,NATIVE_HTML,f53c4a2309f2323889b22be47f21049149cb0b325d0d78182f7929bf5d99a646
f49ae27845b85a69c564,SRC623,table-013,,NATIVE_DIRECT,135,,,NATIVE_DIRECT,Deterministic native reader; filing data/documents/native/carlyle-alpinvest-secondaries-ncsr-2026.html#table-013/row-007; candidate and final are ledgers/working/native-filings/SRC623/records-final.csv row 135,RESOLVED,NATIVE_HTML,f53c4a2309f2323889b22be47f21049149cb0b325d0d78182f7929bf5d99a646
8928f1ad2ca737068f94,SRC623,table-013,,NATIVE_DIRECT,136,,,NATIVE_DIRECT,Deterministic native reader; filing data/documents/native/carlyle-alpinvest-secondaries-ncsr-2026.html#table-013/row-007; candidate and final are ledgers/working/native-filings/SRC623/records-final.csv row 136,RESOLVED,NATIVE_HTML,f53c4a2309f2323889b22be47f21049149cb0b325d0d78182f7929bf5d99a646
4b9b26681a45e15b0908,SRC623,table-013,,NATIVE_DIRECT,137,,,NATIVE_DIRECT,Deterministic native reader; filing data/documents/native/carlyle-alpinvest-secondaries-ncsr-2026.html#table-013/row-007; candidate and final are ledgers/working/native-filings/SRC623/records-final.csv row 137,RESOLVED,NATIVE_HTML,f53c4a2309f2323889b22be47f21049149cb0b325d0d78182f7929bf5d99a646
cc8bafad82c35ceb1b2d,SRC623,table-013,,NATIVE_DIRECT,138,,,NATIVE_DIRECT,Deterministic native reader; filing data/documents/native/carlyle-alpinvest-secondaries-ncsr-2026.html#table-013/row-008; candidate and final are ledgers/working/native-filings/SRC623/records-final.csv row 138,RESOLVED,NATIVE_HTML,f53c4a2309f2323889b22be47f21049149cb0b325d0d78182f7929bf5d99a646
ba54e7007113f255767d,SRC623,table-013,,NATIVE_DIRECT,139,,,NATIVE_DIRECT,Deterministic native reader; filing data/documents/native/carlyle-alpinvest-secondaries-ncsr-2026.html#table-013/row-008; candidate and final are ledgers/working/native-filings/SRC623/records-final.csv row 139,RESOLVED,NATIVE_HTML,f53c4a2309f2323889b22be47f21049149cb0b325d0d78182f7929bf5d99a646
64fef0233756b91d0797,SRC623,table-013,,NATIVE_DIRECT,140,,,NATIVE_DIRECT,Deterministic native reader; filing data/documents/native/carlyle-alpinvest-secondaries-ncsr-2026.html#table-013/row-008; candidate and final are ledgers/working/native-filings/SRC623/records-final.csv row 140,RESOLVED,NATIVE_HTML,f53c4a2309f2323889b22be47f21049149cb0b325d0d78182f7929bf5d99a646
c905e04245f0a5809233,SRC623,table-013,,NATIVE_DIRECT,141,,,NATIVE_DIRECT,Deterministic native reader; filing data/documents/native/carlyle-alpinvest-secondaries-ncsr-2026.html#table-013/row-009; candidate and final are ledgers/working/native-filings/SRC623/records-final.csv row 141,RESOLVED,NATIVE_HTML,f53c4a2309f2323889b22be47f21049149cb0b325d0d78182f7929bf5d99a646
b4df1c34860e2d898284,SRC623,table-013,,NATIVE_DIRECT,142,,,NATIVE_DIRECT,Deterministic native reader; filing data/documents/native/carlyle-alpinvest-secondaries-ncsr-2026.html#table-013/row-009; candidate and final are ledgers/working/native-filings/SRC623/records-final.csv row 142,RESOLVED,NATIVE_HTML,f53c4a2309f2323889b22be47f21049149cb0b325d0d78182f7929bf5d99a646
064f442d3e296ecc08a3,SRC623,table-013,,NATIVE_DIRECT,143,,,NATIVE_DIRECT,Deterministic native reader; filing data/documents/native/carlyle-alpinvest-secondaries-ncsr-2026.html#table-013/row-009; candidate and final are ledgers/working/native-filings/SRC623/records-final.csv row 143,RESOLVED,NATIVE_HTML,f53c4a2309f2323889b22be47f21049149cb0b325d0d78182f7929bf5d99a646
299b5fbc7930421aeb11,SRC623,table-013,,NATIVE_DIRECT,144,,,NATIVE_DIRECT,Deterministic native reader; filing data/documents/native/carlyle-alpinvest-secondaries-ncsr-2026.html#table-013/row-010; candidate and final are ledgers/working/native-filings/SRC623/records-final.csv row 144,RESOLVED,NATIVE_HTML,f53c4a2309f2323889b22be47f21049149cb0b325d0d78182f7929bf5d99a646
3364d52a945b167b3ad2,SRC623,table-013,,NATIVE_DIRECT,145,,,NATIVE_DIRECT,Deterministic native reader; filing data/documents/native/carlyle-alpinvest-secondaries-ncsr-2026.html#table-013/row-010; candidate and final are ledgers/working/native-filings/SRC623/records-final.csv row 145,RESOLVED,NATIVE_HTML,f53c4a2309f2323889b22be47f21049149cb0b325d0d78182f7929bf5d99a646
aa1daeb225781213809d,SRC623,table-013,,NATIVE_DIRECT,146,,,NATIVE_DIRECT,Deterministic native reader; filing data/documents/native/carlyle-alpinvest-secondaries-ncsr-2026.html#table-013/row-010; candidate and final are ledgers/working/native-filings/SRC623/records-final.csv row 146,RESOLVED,NATIVE_HTML,f53c4a2309f2323889b22be47f21049149cb0b325d0d78182f7929bf5d99a646
b31ac574dd86e007cc75,SRC623,table-013,,NATIVE_DIRECT,147,,,NATIVE_DIRECT,Deterministic native reader; filing data/documents/native/carlyle-alpinvest-secondaries-ncsr-2026.html#table-013/row-011; candidate and final are ledgers/working/native-filings/SRC623/records-final.csv row 147,RESOLVED,NATIVE_HTML,f53c4a2309f2323889b22be47f21049149cb0b325d0d78182f7929bf5d99a646
5ce63790bfd390d84a04,SRC623,table-013,,NATIVE_DIRECT,148,,,NATIVE_DIRECT,Deterministic native reader; filing data/documents/native/carlyle-alpinvest-secondaries-ncsr-2026.html#table-013/row-011; candidate and final are ledgers/working/native-filings/SRC623/records-final.csv row 148,RESOLVED,NATIVE_HTML,f53c4a2309f2323889b22be47f21049149cb0b325d0d78182f7929bf5d99a646
fade485078014b17af7b,SRC623,table-013,,NATIVE_DIRECT,149,,,NATIVE_DIRECT,Deterministic native reader; filing data/documents/native/carlyle-alpinvest-secondaries-ncsr-2026.html#table-013/row-011; candidate and final are ledgers/working/native-filings/SRC623/records-final.csv row 149,RESOLVED,NATIVE_HTML,f53c4a2309f2323889b22be47f21049149cb0b325d0d78182f7929bf5d99a646
f59d106bd89235704074,SRC623,table-013,,NATIVE_DIRECT,150,,,NATIVE_DIRECT,Deterministic native reader; filing data/documents/native/carlyle-alpinvest-secondaries-ncsr-2026.html#table-013/row-012; candidate and final are ledgers/working/native-filings/SRC623/records-final.csv row 150,RESOLVED,NATIVE_HTML,f53c4a2309f2323889b22be47f21049149cb0b325d0d78182f7929bf5d99a646
6bed72de391186e793ce,SRC623,table-013,,NATIVE_DIRECT,151,,,NATIVE_DIRECT,Deterministic native reader; filing data/documents/native/carlyle-alpinvest-secondaries-ncsr-2026.html#table-013/row-012; candidate and final are ledgers/working/native-filings/SRC623/records-final.csv row 151,RESOLVED,NATIVE_HTML,f53c4a2309f2323889b22be47f21049149cb0b325d0d78182f7929bf5d99a646
ef3c1ebfc7f43c5a29ee,SRC623,table-013,,NATIVE_DIRECT,152,,,NATIVE_DIRECT,Deterministic native reader; filing data/documents/native/carlyle-alpinvest-secondaries-ncsr-2026.html#table-013/row-012; candidate and final are ledgers/working/native-filings/SRC623/records-final.csv row 152,RESOLVED,NATIVE_HTML,f53c4a2309f2323889b22be47f21049149cb0b325d0d78182f7929bf5d99a646
48c4464da8a5653e9360,SRC623,table-013,,NATIVE_DIRECT,153,,,NATIVE_DIRECT,Deterministic native reader; filing data/documents/native/carlyle-alpinvest-secondaries-ncsr-2026.html#table-013/row-013; candidate and final are ledgers/working/native-filings/SRC623/records-final.csv row 153,RESOLVED,NATIVE_HTML,f53c4a2309f2323889b22be47f21049149cb0b325d0d78182f7929bf5d99a646
efc5ee96415bc5277b96,SRC623,table-013,,NATIVE_DIRECT,154,,,NATIVE_DIRECT,Deterministic native reader; filing data/documents/native/carlyle-alpinvest-secondaries-ncsr-2026.html#table-013/row-013; candidate and final are ledgers/working/native-filings/SRC623/records-final.csv row 154,RESOLVED,NATIVE_HTML,f53c4a2309f2323889b22be47f21049149cb0b325d0d78182f7929bf5d99a646
0805922fef8e32d7eb38,SRC623,table-013,,NATIVE_DIRECT,155,,,NATIVE_DIRECT,Deterministic native reader; filing data/documents/native/carlyle-alpinvest-secondaries-ncsr-2026.html#table-013/row-013; candidate and final are ledgers/working/native-filings/SRC623/records-final.csv row 155,RESOLVED,NATIVE_HTML,f53c4a2309f2323889b22be47f21049149cb0b325d0d78182f7929bf5d99a646
6942b84a82f425e5946e,SRC623,table-013,,NATIVE_DIRECT,156,,,NATIVE_DIRECT,Deterministic native reader; filing data/documents/native/carlyle-alpinvest-secondaries-ncsr-2026.html#table-013/row-014; candidate and final are ledgers/working/native-filings/SRC623/records-final.csv row 156,RESOLVED,NATIVE_HTML,f53c4a2309f2323889b22be47f21049149cb0b325d0d78182f7929bf5d99a646
43553b3fd044d7f720b8,SRC623,table-013,,NATIVE_DIRECT,157,,,NATIVE_DIRECT,Deterministic native reader; filing data/documents/native/carlyle-alpinvest-secondaries-ncsr-2026.html#table-013/row-014; candidate and final are ledgers/working/native-filings/SRC623/records-final.csv row 157,RESOLVED,NATIVE_HTML,f53c4a2309f2323889b22be47f21049149cb0b325d0d78182f7929bf5d99a646
3d807cbb566b69bcc501,SRC623,table-013,,NATIVE_DIRECT,158,,,NATIVE_DIRECT,Deterministic native reader; filing data/documents/native/carlyle-alpinvest-secondaries-ncsr-2026.html#table-013/row-014; candidate and final are ledgers/working/native-filings/SRC623/records-final.csv row 158,RESOLVED,NATIVE_HTML,f53c4a2309f2323889b22be47f21049149cb0b325d0d78182f7929bf5d99a646
38e989aaebf05cc31242,SRC623,table-013,,NATIVE_DIRECT,159,,,NATIVE_DIRECT,Deterministic native reader; filing data/documents/native/carlyle-alpinvest-secondaries-ncsr-2026.html#table-013/row-015; candidate and final are ledgers/working/native-filings/SRC623/records-final.csv row 159,RESOLVED,NATIVE_HTML,f53c4a2309f2323889b22be47f21049149cb0b325d0d78182f7929bf5d99a646
3a3ab5869bb31e575b7a,SRC623,table-013,,NATIVE_DIRECT,160,,,NATIVE_DIRECT,Deterministic native reader; filing data/documents/native/carlyle-alpinvest-secondaries-ncsr-2026.html#table-013/row-015; candidate and final are ledgers/working/native-filings/SRC623/records-final.csv row 160,RESOLVED,NATIVE_HTML,f53c4a2309f2323889b22be47f21049149cb0b325d0d78182f7929bf5d99a646
3f86ba4697f4761d7512,SRC623,table-013,,NATIVE_DIRECT,161,,,NATIVE_DIRECT,Deterministic native reader; filing data/documents/native/carlyle-alpinvest-secondaries-ncsr-2026.html#table-013/row-015; candidate and final are ledgers/working/native-filings/SRC623/records-final.csv row 161,RESOLVED,NATIVE_HTML,f53c4a2309f2323889b22be47f21049149cb0b325d0d78182f7929bf5d99a646
8b99b459127724aa8e95,SRC623,table-013,,NATIVE_DIRECT,162,,,NATIVE_DIRECT,Deterministic native reader; filing data/documents/native/carlyle-alpinvest-secondaries-ncsr-2026.html#table-013/row-016; candidate and final are ledgers/working/native-filings/SRC623/records-final.csv row 162,RESOLVED,NATIVE_HTML,f53c4a2309f2323889b22be47f21049149cb0b325d0d78182f7929bf5d99a646
aff10105852d25aa3842,SRC623,table-013,,NATIVE_DIRECT,163,,,NATIVE_DIRECT,Deterministic native reader; filing data/documents/native/carlyle-alpinvest-secondaries-ncsr-2026.html#table-013/row-016; candidate and final are ledgers/working/native-filings/SRC623/records-final.csv row 163,RESOLVED,NATIVE_HTML,f53c4a2309f2323889b22be47f21049149cb0b325d0d78182f7929bf5d99a646
2391e053e0d85dfd7213,SRC623,table-013,,NATIVE_DIRECT,164,,,NATIVE_DIRECT,Deterministic native reader; filing data/documents/native/carlyle-alpinvest-secondaries-ncsr-2026.html#table-013/row-016; candidate and final are ledgers/working/native-filings/SRC623/records-final.csv row 164,RESOLVED,NATIVE_HTML,f53c4a2309f2323889b22be47f21049149cb0b325d0d78182f7929bf5d99a646
890e3ae847d9ee8db745,SRC623,table-013,,NATIVE_DIRECT,165,,,NATIVE_DIRECT,Deterministic native reader; filing data/documents/native/carlyle-alpinvest-secondaries-ncsr-2026.html#table-013/row-017; candidate and final are ledgers/working/native-filings/SRC623/records-final.csv row 165,RESOLVED,NATIVE_HTML,f53c4a2309f2323889b22be47f21049149cb0b325d0d78182f7929bf5d99a646
f8321c53b2dfe9b36d9f,SRC623,table-013,,NATIVE_DIRECT,166,,,NATIVE_DIRECT,Deterministic native reader; filing data/documents/native/carlyle-alpinvest-secondaries-ncsr-2026.html#table-013/row-017; candidate and final are ledgers/working/native-filings/SRC623/records-final.csv row 166,RESOLVED,NATIVE_HTML,f53c4a2309f2323889b22be47f21049149cb0b325d0d78182f7929bf5d99a646
4423a0f30d4428feb41a,SRC623,table-013,,NATIVE_DIRECT,167,,,NATIVE_DIRECT,Deterministic native reader; filing data/documents/native/carlyle-alpinvest-secondaries-ncsr-2026.html#table-013/row-017; candidate and final are ledgers/working/native-filings/SRC623/records-final.csv row 167,RESOLVED,NATIVE_HTML,f53c4a2309f2323889b22be47f21049149cb0b325d0d78182f7929bf5d99a646
3a518aa68810194fcbb9,SRC623,table-013,,NATIVE_DIRECT,168,,,NATIVE_DIRECT,Deterministic native reader; filing data/documents/native/carlyle-alpinvest-secondaries-ncsr-2026.html#table-013/row-018; candidate and final are ledgers/working/native-filings/SRC623/records-final.csv row 168,RESOLVED,NATIVE_HTML,f53c4a2309f2323889b22be47f21049149cb0b325d0d78182f7929bf5d99a646
b609e64919fda5c57bda,SRC623,table-013,,NATIVE_DIRECT,169,,,NATIVE_DIRECT,Deterministic native reader; filing data/documents/native/carlyle-alpinvest-secondaries-ncsr-2026.html#table-013/row-018; candidate and final are ledgers/working/native-filings/SRC623/records-final.csv row 169,RESOLVED,NATIVE_HTML,f53c4a2309f2323889b22be47f21049149cb0b325d0d78182f7929bf5d99a646
c4e8843a15892e95d7e0,SRC623,table-013,,NATIVE_DIRECT,170,,,NATIVE_DIRECT,Deterministic native reader; filing data/documents/native/carlyle-alpinvest-secondaries-ncsr-2026.html#table-013/row-018; candidate and final are ledgers/working/native-filings/SRC623/records-final.csv row 170,RESOLVED,NATIVE_HTML,f53c4a2309f2323889b22be47f21049149cb0b325d0d78182f7929bf5d99a646
dfae9059d74d0878dc09,SRC623,table-013,,NATIVE_DIRECT,171,,,NATIVE_DIRECT,Deterministic native reader; filing data/documents/native/carlyle-alpinvest-secondaries-ncsr-2026.html#table-013/row-019; candidate and final are ledgers/working/native-filings/SRC623/records-final.csv row 171,RESOLVED,NATIVE_HTML,f53c4a2309f2323889b22be47f21049149cb0b325d0d78182f7929bf5d99a646
86f1e8d3d3350e194b90,SRC623,table-013,,NATIVE_DIRECT,172,,,NATIVE_DIRECT,Deterministic native reader; filing data/documents/native/carlyle-alpinvest-secondaries-ncsr-2026.html#table-013/row-019; candidate and final are ledgers/working/native-filings/SRC623/records-final.csv row 172,RESOLVED,NATIVE_HTML,f53c4a2309f2323889b22be47f21049149cb0b325d0d78182f7929bf5d99a646
481f8bc84c8be6b3c4f6,SRC623,table-013,,NATIVE_DIRECT,173,,,NATIVE_DIRECT,Deterministic native reader; filing data/documents/native/carlyle-alpinvest-secondaries-ncsr-2026.html#table-013/row-019; candidate and final are ledgers/working/native-filings/SRC623/records-final.csv row 173,RESOLVED,NATIVE_HTML,f53c4a2309f2323889b22be47f21049149cb0b325d0d78182f7929bf5d99a646
4a9b17f5274acc5cda76,SRC623,table-013,,NATIVE_DIRECT,174,,,NATIVE_DIRECT,Deterministic native reader; filing data/documents/native/carlyle-alpinvest-secondaries-ncsr-2026.html#table-013/row-020; candidate and final are ledgers/working/native-filings/SRC623/records-final.csv row 174,RESOLVED,NATIVE_HTML,f53c4a2309f2323889b22be47f21049149cb0b325d0d78182f7929bf5d99a646
e52e76e85b44ad059be4,SRC623,table-013,,NATIVE_DIRECT,175,,,NATIVE_DIRECT,Deterministic native reader; filing data/documents/native/carlyle-alpinvest-secondaries-ncsr-2026.html#table-013/row-020; candidate and final are ledgers/working/native-filings/SRC623/records-final.csv row 175,RESOLVED,NATIVE_HTML,f53c4a2309f2323889b22be47f21049149cb0b325d0d78182f7929bf5d99a646
40e396b33adc13d248ca,SRC623,table-013,,NATIVE_DIRECT,176,,,NATIVE_DIRECT,Deterministic native reader; filing data/documents/native/carlyle-alpinvest-secondaries-ncsr-2026.html#table-013/row-020; candidate and final are ledgers/working/native-filings/SRC623/records-final.csv row 176,RESOLVED,NATIVE_HTML,f53c4a2309f2323889b22be47f21049149cb0b325d0d78182f7929bf5d99a646
7bd953852848062f4276,SRC623,table-013,,NATIVE_DIRECT,177,,,NATIVE_DIRECT,Deterministic native reader; filing data/documents/native/carlyle-alpinvest-secondaries-ncsr-2026.html#table-013/row-021; candidate and final are ledgers/working/native-filings/SRC623/records-final.csv row 177,RESOLVED,NATIVE_HTML,f53c4a2309f2323889b22be47f21049149cb0b325d0d78182f7929bf5d99a646
fd7bb83f5153ca40c66a,SRC623,table-013,,NATIVE_DIRECT,178,,,NATIVE_DIRECT,Deterministic native reader; filing data/documents/native/carlyle-alpinvest-secondaries-ncsr-2026.html#table-013/row-021; candidate and final are ledgers/working/native-filings/SRC623/records-final.csv row 178,RESOLVED,NATIVE_HTML,f53c4a2309f2323889b22be47f21049149cb0b325d0d78182f7929bf5d99a646
66cc2d15763f964bf909,SRC623,table-013,,NATIVE_DIRECT,179,,,NATIVE_DIRECT,Deterministic native reader; filing data/documents/native/carlyle-alpinvest-secondaries-ncsr-2026.html#table-013/row-021; candidate and final are ledgers/working/native-filings/SRC623/records-final.csv row 179,RESOLVED,NATIVE_HTML,f53c4a2309f2323889b22be47f21049149cb0b325d0d78182f7929bf5d99a646
d3a443d3a2f5462b77fe,SRC623,table-013,,NATIVE_DIRECT,180,,,NATIVE_DIRECT,Deterministic native reader; filing data/documents/native/carlyle-alpinvest-secondaries-ncsr-2026.html#table-013/row-022; candidate and final are ledgers/working/native-filings/SRC623/records-final.csv row 180,RESOLVED,NATIVE_HTML,f53c4a2309f2323889b22be47f21049149cb0b325d0d78182f7929bf5d99a646
ecb5a7047c166eed9364,SRC623,table-013,,NATIVE_DIRECT,181,,,NATIVE_DIRECT,Deterministic native reader; filing data/documents/native/carlyle-alpinvest-secondaries-ncsr-2026.html#table-013/row-022; candidate and final are ledgers/working/native-filings/SRC623/records-final.csv row 181,RESOLVED,NATIVE_HTML,f53c4a2309f2323889b22be47f21049149cb0b325d0d78182f7929bf5d99a646
7f11dad50e41b27d23cd,SRC623,table-013,,NATIVE_DIRECT,182,,,NATIVE_DIRECT,Deterministic native reader; filing data/documents/native/carlyle-alpinvest-secondaries-ncsr-2026.html#table-013/row-022; candidate and final are ledgers/working/native-filings/SRC623/records-final.csv row 182,RESOLVED,NATIVE_HTML,f53c4a2309f2323889b22be47f21049149cb0b325d0d78182f7929bf5d99a646
b34365380cde1def34a5,SRC623,table-013,,NATIVE_DIRECT,183,,,NATIVE_DIRECT,Deterministic native reader; filing data/documents/native/carlyle-alpinvest-secondaries-ncsr-2026.html#table-013/row-023; candidate and final are ledgers/working/native-filings/SRC623/records-final.csv row 183,RESOLVED,NATIVE_HTML,f53c4a2309f2323889b22be47f21049149cb0b325d0d78182f7929bf5d99a646
49115e70d4d0e23a4cc0,SRC623,table-013,,NATIVE_DIRECT,184,,,NATIVE_DIRECT,Deterministic native reader; filing data/documents/native/carlyle-alpinvest-secondaries-ncsr-2026.html#table-013/row-023; candidate and final are ledgers/working/native-filings/SRC623/records-final.csv row 184,RESOLVED,NATIVE_HTML,f53c4a2309f2323889b22be47f21049149cb0b325d0d78182f7929bf5d99a646
8b1697e588869bddb684,SRC623,table-013,,NATIVE_DIRECT,185,,,NATIVE_DIRECT,Deterministic native reader; filing data/documents/native/carlyle-alpinvest-secondaries-ncsr-2026.html#table-013/row-023; candidate and final are ledgers/working/native-filings/SRC623/records-final.csv row 185,RESOLVED,NATIVE_HTML,f53c4a2309f2323889b22be47f21049149cb0b325d0d78182f7929bf5d99a646
1ed8160dfda86790feb5,SRC623,table-013,,NATIVE_DIRECT,186,,,NATIVE_DIRECT,Deterministic native reader; filing data/documents/native/carlyle-alpinvest-secondaries-ncsr-2026.html#table-013/row-024; candidate and final are ledgers/working/native-filings/SRC623/records-final.csv row 186,RESOLVED,NATIVE_HTML,f53c4a2309f2323889b22be47f21049149cb0b325d0d78182f7929bf5d99a646
3fc8c3f7829b1f0b8ac3,SRC623,table-013,,NATIVE_DIRECT,187,,,NATIVE_DIRECT,Deterministic native reader; filing data/documents/native/carlyle-alpinvest-secondaries-ncsr-2026.html#table-013/row-024; candidate and final are ledgers/working/native-filings/SRC623/records-final.csv row 187,RESOLVED,NATIVE_HTML,f53c4a2309f2323889b22be47f21049149cb0b325d0d78182f7929bf5d99a646
081b331ebcb1ea1ceba2,SRC623,table-013,,NATIVE_DIRECT,188,,,NATIVE_DIRECT,Deterministic native reader; filing data/documents/native/carlyle-alpinvest-secondaries-ncsr-2026.html#table-013/row-024; candidate and final are ledgers/working/native-filings/SRC623/records-final.csv row 188,RESOLVED,NATIVE_HTML,f53c4a2309f2323889b22be47f21049149cb0b325d0d78182f7929bf5d99a646
6a86999d5a076d04ff37,SRC623,table-013,,NATIVE_DIRECT,189,,,NATIVE_DIRECT,Deterministic native reader; filing data/documents/native/carlyle-alpinvest-secondaries-ncsr-2026.html#table-013/row-025; candidate and final are ledgers/working/native-filings/SRC623/records-final.csv row 189,RESOLVED,NATIVE_HTML,f53c4a2309f2323889b22be47f21049149cb0b325d0d78182f7929bf5d99a646
a6eef580d57448a22389,SRC623,table-013,,NATIVE_DIRECT,190,,,NATIVE_DIRECT,Deterministic native reader; filing data/documents/native/carlyle-alpinvest-secondaries-ncsr-2026.html#table-013/row-025; candidate and final are ledgers/working/native-filings/SRC623/records-final.csv row 190,RESOLVED,NATIVE_HTML,f53c4a2309f2323889b22be47f21049149cb0b325d0d78182f7929bf5d99a646
7576a80aa3f3dccd8372,SRC623,table-013,,NATIVE_DIRECT,191,,,NATIVE_DIRECT,Deterministic native reader; filing data/documents/native/carlyle-alpinvest-secondaries-ncsr-2026.html#table-013/row-025; candidate and final are ledgers/working/native-filings/SRC623/records-final.csv row 191,RESOLVED,NATIVE_HTML,f53c4a2309f2323889b22be47f21049149cb0b325d0d78182f7929bf5d99a646
0f9696cac97e578d91b9,SRC623,table-013,,NATIVE_DIRECT,192,,,NATIVE_DIRECT,Deterministic native reader; filing data/documents/native/carlyle-alpinvest-secondaries-ncsr-2026.html#table-013/row-026; candidate and final are ledgers/working/native-filings/SRC623/records-final.csv row 192,RESOLVED,NATIVE_HTML,f53c4a2309f2323889b22be47f21049149cb0b325d0d78182f7929bf5d99a646
758b86e373348d1f7e61,SRC623,table-013,,NATIVE_DIRECT,193,,,NATIVE_DIRECT,Deterministic native reader; filing data/documents/native/carlyle-alpinvest-secondaries-ncsr-2026.html#table-013/row-026; candidate and final are ledgers/working/native-filings/SRC623/records-final.csv row 193,RESOLVED,NATIVE_HTML,f53c4a2309f2323889b22be47f21049149cb0b325d0d78182f7929bf5d99a646
3fedb30a86fdf68aa494,SRC623,table-013,,NATIVE_DIRECT,194,,,NATIVE_DIRECT,Deterministic native reader; filing data/documents/native/carlyle-alpinvest-secondaries-ncsr-2026.html#table-013/row-026; candidate and final are ledgers/working/native-filings/SRC623/records-final.csv row 194,RESOLVED,NATIVE_HTML,f53c4a2309f2323889b22be47f21049149cb0b325d0d78182f7929bf5d99a646
a25f2665e2d5bc9f5cb1,SRC623,table-013,,NATIVE_DIRECT,195,,,NATIVE_DIRECT,Deterministic native reader; filing data/documents/native/carlyle-alpinvest-secondaries-ncsr-2026.html#table-013/row-027; candidate and final are ledgers/working/native-filings/SRC623/records-final.csv row 195,RESOLVED,NATIVE_HTML,f53c4a2309f2323889b22be47f21049149cb0b325d0d78182f7929bf5d99a646
e26ab21e16e5ce2737b5,SRC623,table-013,,NATIVE_DIRECT,196,,,NATIVE_DIRECT,Deterministic native reader; filing data/documents/native/carlyle-alpinvest-secondaries-ncsr-2026.html#table-013/row-027; candidate and final are ledgers/working/native-filings/SRC623/records-final.csv row 196,RESOLVED,NATIVE_HTML,f53c4a2309f2323889b22be47f21049149cb0b325d0d78182f7929bf5d99a646
26ebe899ebeb0c9ea940,SRC623,table-013,,NATIVE_DIRECT,197,,,NATIVE_DIRECT,Deterministic native reader; filing data/documents/native/carlyle-alpinvest-secondaries-ncsr-2026.html#table-013/row-027; candidate and final are ledgers/working/native-filings/SRC623/records-final.csv row 197,RESOLVED,NATIVE_HTML,f53c4a2309f2323889b22be47f21049149cb0b325d0d78182f7929bf5d99a646
1ac948b0e97b6917022d,SRC623,table-013,,NATIVE_DIRECT,198,,,NATIVE_DIRECT,Deterministic native reader; filing data/documents/native/carlyle-alpinvest-secondaries-ncsr-2026.html#table-013/row-028; candidate and final are ledgers/working/native-filings/SRC623/records-final.csv row 198,RESOLVED,NATIVE_HTML,f53c4a2309f2323889b22be47f21049149cb0b325d0d78182f7929bf5d99a646
53624eae24c2bc7b6c86,SRC623,table-013,,NATIVE_DIRECT,199,,,NATIVE_DIRECT,Deterministic native reader; filing data/documents/native/carlyle-alpinvest-secondaries-ncsr-2026.html#table-013/row-028; candidate and final are ledgers/working/native-filings/SRC623/records-final.csv row 199,RESOLVED,NATIVE_HTML,f53c4a2309f2323889b22be47f21049149cb0b325d0d78182f7929bf5d99a646
19fd8b51a157c9044e7a,SRC623,table-013,,NATIVE_DIRECT,200,,,NATIVE_DIRECT,Deterministic native reader; filing data/documents/native/carlyle-alpinvest-secondaries-ncsr-2026.html#table-013/row-028; candidate and final are ledgers/working/native-filings/SRC623/records-final.csv row 200,RESOLVED,NATIVE_HTML,f53c4a2309f2323889b22be47f21049149cb0b325d0d78182f7929bf5d99a646
44fbb53de71e2516ceba,SRC623,table-013,,NATIVE_DIRECT,201,,,NATIVE_DIRECT,Deterministic native reader; filing data/documents/native/carlyle-alpinvest-secondaries-ncsr-2026.html#table-013/row-029; candidate and final are ledgers/working/native-filings/SRC623/records-final.csv row 201,RESOLVED,NATIVE_HTML,f53c4a2309f2323889b22be47f21049149cb0b325d0d78182f7929bf5d99a646
1a1d40bd69534201da94,SRC623,table-013,,NATIVE_DIRECT,202,,,NATIVE_DIRECT,Deterministic native reader; filing data/documents/native/carlyle-alpinvest-secondaries-ncsr-2026.html#table-013/row-029; candidate and final are ledgers/working/native-filings/SRC623/records-final.csv row 202,RESOLVED,NATIVE_HTML,f53c4a2309f2323889b22be47f21049149cb0b325d0d78182f7929bf5d99a646
6e34d965393b6ebf6d73,SRC623,table-013,,NATIVE_DIRECT,203,,,NATIVE_DIRECT,Deterministic native reader; filing data/documents/native/carlyle-alpinvest-secondaries-ncsr-2026.html#table-013/row-029; candidate and final are ledgers/working/native-filings/SRC623/records-final.csv row 203,RESOLVED,NATIVE_HTML,f53c4a2309f2323889b22be47f21049149cb0b325d0d78182f7929bf5d99a646
8aa2c2a42bdb913af139,SRC623,table-013,,NATIVE_DIRECT,204,,,NATIVE_DIRECT,Deterministic native reader; filing data/documents/native/carlyle-alpinvest-secondaries-ncsr-2026.html#table-013/row-030; candidate and final are ledgers/working/native-filings/SRC623/records-final.csv row 204,RESOLVED,NATIVE_HTML,f53c4a2309f2323889b22be47f21049149cb0b325d0d78182f7929bf5d99a646
c2c86bd460603926cea7,SRC623,table-013,,NATIVE_DIRECT,205,,,NATIVE_DIRECT,Deterministic native reader; filing data/documents/native/carlyle-alpinvest-secondaries-ncsr-2026.html#table-013/row-030; candidate and final are ledgers/working/native-filings/SRC623/records-final.csv row 205,RESOLVED,NATIVE_HTML,f53c4a2309f2323889b22be47f21049149cb0b325d0d78182f7929bf5d99a646
0a61e795d8ddaadeddc7,SRC623,table-013,,NATIVE_DIRECT,206,,,NATIVE_DIRECT,Deterministic native reader; filing data/documents/native/carlyle-alpinvest-secondaries-ncsr-2026.html#table-013/row-030; candidate and final are ledgers/working/native-filings/SRC623/records-final.csv row 206,RESOLVED,NATIVE_HTML,f53c4a2309f2323889b22be47f21049149cb0b325d0d78182f7929bf5d99a646
f203e2fa9ca9d6d28868,SRC623,table-013,,NATIVE_DIRECT,207,,,NATIVE_DIRECT,Deterministic native reader; filing data/documents/native/carlyle-alpinvest-secondaries-ncsr-2026.html#table-013/row-031; candidate and final are ledgers/working/native-filings/SRC623/records-final.csv row 207,RESOLVED,NATIVE_HTML,f53c4a2309f2323889b22be47f21049149cb0b325d0d78182f7929bf5d99a646
856b74a6380870cb49a0,SRC623,table-013,,NATIVE_DIRECT,208,,,NATIVE_DIRECT,Deterministic native reader; filing data/documents/native/carlyle-alpinvest-secondaries-ncsr-2026.html#table-013/row-031; candidate and final are ledgers/working/native-filings/SRC623/records-final.csv row 208,RESOLVED,NATIVE_HTML,f53c4a2309f2323889b22be47f21049149cb0b325d0d78182f7929bf5d99a646
7ca231a890a454ab85a2,SRC623,table-013,,NATIVE_DIRECT,209,,,NATIVE_DIRECT,Deterministic native reader; filing data/documents/native/carlyle-alpinvest-secondaries-ncsr-2026.html#table-013/row-031; candidate and final are ledgers/working/native-filings/SRC623/records-final.csv row 209,RESOLVED,NATIVE_HTML,f53c4a2309f2323889b22be47f21049149cb0b325d0d78182f7929bf5d99a646
7e0ace8d3f5fb031f975,SRC623,table-013,,NATIVE_DIRECT,210,,,NATIVE_DIRECT,Deterministic native reader; filing data/documents/native/carlyle-alpinvest-secondaries-ncsr-2026.html#table-013/row-032; candidate and final are ledgers/working/native-filings/SRC623/records-final.csv row 210,RESOLVED,NATIVE_HTML,f53c4a2309f2323889b22be47f21049149cb0b325d0d78182f7929bf5d99a646
1ee7163abb4571cd9995,SRC623,table-013,,NATIVE_DIRECT,211,,,NATIVE_DIRECT,Deterministic native reader; filing data/documents/native/carlyle-alpinvest-secondaries-ncsr-2026.html#table-013/row-032; candidate and final are ledgers/working/native-filings/SRC623/records-final.csv row 211,RESOLVED,NATIVE_HTML,f53c4a2309f2323889b22be47f21049149cb0b325d0d78182f7929bf5d99a646
af39d1dc277a485c2f3c,SRC623,table-013,,NATIVE_DIRECT,212,,,NATIVE_DIRECT,Deterministic native reader; filing data/documents/native/carlyle-alpinvest-secondaries-ncsr-2026.html#table-013/row-032; candidate and final are ledgers/working/native-filings/SRC623/records-final.csv row 212,RESOLVED,NATIVE_HTML,f53c4a2309f2323889b22be47f21049149cb0b325d0d78182f7929bf5d99a646
f9b68433d6cd675adef8,SRC623,table-013,,NATIVE_DIRECT,213,,,NATIVE_DIRECT,Deterministic native reader; filing data/documents/native/carlyle-alpinvest-secondaries-ncsr-2026.html#table-013/row-033; candidate and final are ledgers/working/native-filings/SRC623/records-final.csv row 213,RESOLVED,NATIVE_HTML,f53c4a2309f2323889b22be47f21049149cb0b325d0d78182f7929bf5d99a646
0681247ce293c5e6f9f3,SRC623,table-013,,NATIVE_DIRECT,214,,,NATIVE_DIRECT,Deterministic native reader; filing data/documents/native/carlyle-alpinvest-secondaries-ncsr-2026.html#table-013/row-033; candidate and final are ledgers/working/native-filings/SRC623/records-final.csv row 214,RESOLVED,NATIVE_HTML,f53c4a2309f2323889b22be47f21049149cb0b325d0d78182f7929bf5d99a646
04adb8ea5efa3fd18602,SRC623,table-013,,NATIVE_DIRECT,215,,,NATIVE_DIRECT,Deterministic native reader; filing data/documents/native/carlyle-alpinvest-secondaries-ncsr-2026.html#table-013/row-033; candidate and final are ledgers/working/native-filings/SRC623/records-final.csv row 215,RESOLVED,NATIVE_HTML,f53c4a2309f2323889b22be47f21049149cb0b325d0d78182f7929bf5d99a646
114f0c2dd7f070e38433,SRC623,table-013,,NATIVE_DIRECT,216,,,NATIVE_DIRECT,Deterministic native reader; filing data/documents/native/carlyle-alpinvest-secondaries-ncsr-2026.html#table-013/row-034; candidate and final are ledgers/working/native-filings/SRC623/records-final.csv row 216,RESOLVED,NATIVE_HTML,f53c4a2309f2323889b22be47f21049149cb0b325d0d78182f7929bf5d99a646
154ce35cdf42cc1f693d,SRC623,table-013,,NATIVE_DIRECT,217,,,NATIVE_DIRECT,Deterministic native reader; filing data/documents/native/carlyle-alpinvest-secondaries-ncsr-2026.html#table-013/row-034; candidate and final are ledgers/working/native-filings/SRC623/records-final.csv row 217,RESOLVED,NATIVE_HTML,f53c4a2309f2323889b22be47f21049149cb0b325d0d78182f7929bf5d99a646
cc8f67a6a809ccd28d58,SRC623,table-013,,NATIVE_DIRECT,218,,,NATIVE_DIRECT,Deterministic native reader; filing data/documents/native/carlyle-alpinvest-secondaries-ncsr-2026.html#table-013/row-034; candidate and final are ledgers/working/native-filings/SRC623/records-final.csv row 218,RESOLVED,NATIVE_HTML,f53c4a2309f2323889b22be47f21049149cb0b325d0d78182f7929bf5d99a646
b69368001b04d77348ef,SRC623,table-013,,NATIVE_DIRECT,219,,,NATIVE_DIRECT,Deterministic native reader; filing data/documents/native/carlyle-alpinvest-secondaries-ncsr-2026.html#table-013/row-035; candidate and final are ledgers/working/native-filings/SRC623/records-final.csv row 219,RESOLVED,NATIVE_HTML,f53c4a2309f2323889b22be47f21049149cb0b325d0d78182f7929bf5d99a646
484508a50d38d61292c1,SRC623,table-013,,NATIVE_DIRECT,220,,,NATIVE_DIRECT,Deterministic native reader; filing data/documents/native/carlyle-alpinvest-secondaries-ncsr-2026.html#table-013/row-035; candidate and final are ledgers/working/native-filings/SRC623/records-final.csv row 220,RESOLVED,NATIVE_HTML,f53c4a2309f2323889b22be47f21049149cb0b325d0d78182f7929bf5d99a646
52f9143dd3fdf411baee,SRC623,table-013,,NATIVE_DIRECT,221,,,NATIVE_DIRECT,Deterministic native reader; filing data/documents/native/carlyle-alpinvest-secondaries-ncsr-2026.html#table-013/row-035; candidate and final are ledgers/working/native-filings/SRC623/records-final.csv row 221,RESOLVED,NATIVE_HTML,f53c4a2309f2323889b22be47f21049149cb0b325d0d78182f7929bf5d99a646
76510c6cd5bf2858135e,SRC623,table-014,,NATIVE_DIRECT,222,,,NATIVE_DIRECT,Deterministic native reader; filing data/documents/native/carlyle-alpinvest-secondaries-ncsr-2026.html#table-014/row-003; candidate and final are ledgers/working/native-filings/SRC623/records-final.csv row 222,RESOLVED,NATIVE_HTML,f53c4a2309f2323889b22be47f21049149cb0b325d0d78182f7929bf5d99a646
9299bce1750415a2fcd7,SRC623,table-014,,NATIVE_DIRECT,223,,,NATIVE_DIRECT,Deterministic native reader; filing data/documents/native/carlyle-alpinvest-secondaries-ncsr-2026.html#table-014/row-003; candidate and final are ledgers/working/native-filings/SRC623/records-final.csv row 223,RESOLVED,NATIVE_HTML,f53c4a2309f2323889b22be47f21049149cb0b325d0d78182f7929bf5d99a646
a75da98c5a932e6e7633,SRC623,table-017,,NATIVE_DIRECT,224,,,NATIVE_DIRECT,Deterministic native reader; filing data/documents/native/carlyle-alpinvest-secondaries-ncsr-2026.html#table-017/row-004; candidate and final are ledgers/working/native-filings/SRC623/records-final.csv row 224,RESOLVED,NATIVE_HTML,f53c4a2309f2323889b22be47f21049149cb0b325d0d78182f7929bf5d99a646
4dbb6b6d59ec12456fd5,SRC623,table-017,,NATIVE_DIRECT,225,,,NATIVE_DIRECT,Deterministic native reader; filing data/documents/native/carlyle-alpinvest-secondaries-ncsr-2026.html#table-017/row-010; candidate and final are ledgers/working/native-filings/SRC623/records-final.csv row 225,RESOLVED,NATIVE_HTML,f53c4a2309f2323889b22be47f21049149cb0b325d0d78182f7929bf5d99a646
6b07b5da02bce0105cb3,SRC624,text,,NATIVE_DIRECT,1,,,NATIVE_DIRECT,Deterministic native reader; filing data/documents/native/carlyle-alpinvest-secondaries-nport-ex-2025-12.html#text/document; candidate and final are ledgers/working/native-filings/SRC624/records-final.csv row 1,RESOLVED,NATIVE_HTML,c4a66a28478c1861fff90eb921d1d92380e24d4382f2fa38c8b5be45cd99e2ba
0fb7d7fcdd3f83215bfa,SRC624,text,,NATIVE_DIRECT,2,,,NATIVE_DIRECT,Deterministic native reader; filing data/documents/native/carlyle-alpinvest-secondaries-nport-ex-2025-12.html#text/footnote-1; candidate and final are ledgers/working/native-filings/SRC624/records-final.csv row 2,RESOLVED,NATIVE_HTML,c4a66a28478c1861fff90eb921d1d92380e24d4382f2fa38c8b5be45cd99e2ba
01bfcb39c77eecc90e9c,SRC624,text,,NATIVE_DIRECT,3,,,NATIVE_DIRECT,Deterministic native reader; filing data/documents/native/carlyle-alpinvest-secondaries-nport-ex-2025-12.html#text/footnote-2; candidate and final are ledgers/working/native-filings/SRC624/records-final.csv row 3,RESOLVED,NATIVE_HTML,c4a66a28478c1861fff90eb921d1d92380e24d4382f2fa38c8b5be45cd99e2ba
1e10ec6fcec7fb903490,SRC624,text,,NATIVE_DIRECT,4,,,NATIVE_DIRECT,Deterministic native reader; filing data/documents/native/carlyle-alpinvest-secondaries-nport-ex-2025-12.html#text/footnote-3; candidate and final are ledgers/working/native-filings/SRC624/records-final.csv row 4,RESOLVED,NATIVE_HTML,c4a66a28478c1861fff90eb921d1d92380e24d4382f2fa38c8b5be45cd99e2ba
c1aa633bacd24c160ee2,SRC624,text,,NATIVE_DIRECT,5,,,NATIVE_DIRECT,Deterministic native reader; filing data/documents/native/carlyle-alpinvest-secondaries-nport-ex-2025-12.html#text/footnote-4; candidate and final are ledgers/working/native-filings/SRC624/records-final.csv row 5,RESOLVED,NATIVE_HTML,c4a66a28478c1861fff90eb921d1d92380e24d4382f2fa38c8b5be45cd99e2ba
d923b38c20bf1a0e307b,SRC624,text,,NATIVE_DIRECT,6,,,NATIVE_DIRECT,Deterministic native reader; filing data/documents/native/carlyle-alpinvest-secondaries-nport-ex-2025-12.html#text/footnote-5; candidate and final are ledgers/working/native-filings/SRC624/records-final.csv row 6,RESOLVED,NATIVE_HTML,c4a66a28478c1861fff90eb921d1d92380e24d4382f2fa38c8b5be45cd99e2ba
cd16381feb2cb3558c04,SRC624,text,,NATIVE_DIRECT,7,,,NATIVE_DIRECT,Deterministic native reader; filing data/documents/native/carlyle-alpinvest-secondaries-nport-ex-2025-12.html#text/footnote-6; candidate and final are ledgers/working/native-filings/SRC624/records-final.csv row 7,RESOLVED,NATIVE_HTML,c4a66a28478c1861fff90eb921d1d92380e24d4382f2fa38c8b5be45cd99e2ba
b2333fc89377cd813159,SRC624,text,,NATIVE_DIRECT,8,,,NATIVE_DIRECT,Deterministic native reader; filing data/documents/native/carlyle-alpinvest-secondaries-nport-ex-2025-12.html#text/footnote-7; candidate and final are ledgers/working/native-filings/SRC624/records-final.csv row 8,RESOLVED,NATIVE_HTML,c4a66a28478c1861fff90eb921d1d92380e24d4382f2fa38c8b5be45cd99e2ba
488538926f56110f6f3c,SRC624,table-001,,NATIVE_DIRECT,9,,,NATIVE_DIRECT,Deterministic native reader; filing data/documents/native/carlyle-alpinvest-secondaries-nport-ex-2025-12.html#table-001/row-006; candidate and final are ledgers/working/native-filings/SRC624/records-final.csv row 9,RESOLVED,NATIVE_HTML,c4a66a28478c1861fff90eb921d1d92380e24d4382f2fa38c8b5be45cd99e2ba
9c424938ea0ce7a178d0,SRC624,table-001,,NATIVE_DIRECT,10,,,NATIVE_DIRECT,Deterministic native reader; filing data/documents/native/carlyle-alpinvest-secondaries-nport-ex-2025-12.html#table-001/row-006; candidate and final are ledgers/working/native-filings/SRC624/records-final.csv row 10,RESOLVED,NATIVE_HTML,c4a66a28478c1861fff90eb921d1d92380e24d4382f2fa38c8b5be45cd99e2ba
c26d860b9f22c2aaa6f7,SRC624,table-001,,NATIVE_DIRECT,11,,,NATIVE_DIRECT,Deterministic native reader; filing data/documents/native/carlyle-alpinvest-secondaries-nport-ex-2025-12.html#table-001/row-006; candidate and final are ledgers/working/native-filings/SRC624/records-final.csv row 11,RESOLVED,NATIVE_HTML,c4a66a28478c1861fff90eb921d1d92380e24d4382f2fa38c8b5be45cd99e2ba
eea5392e2588a2939562,SRC624,table-001,,NATIVE_DIRECT,12,,,NATIVE_DIRECT,Deterministic native reader; filing data/documents/native/carlyle-alpinvest-secondaries-nport-ex-2025-12.html#table-001/row-007; candidate and final are ledgers/working/native-filings/SRC624/records-final.csv row 12,RESOLVED,NATIVE_HTML,c4a66a28478c1861fff90eb921d1d92380e24d4382f2fa38c8b5be45cd99e2ba
6a82d2825b079ce00958,SRC624,table-001,,NATIVE_DIRECT,13,,,NATIVE_DIRECT,Deterministic native reader; filing data/documents/native/carlyle-alpinvest-secondaries-nport-ex-2025-12.html#table-001/row-007; candidate and final are ledgers/working/native-filings/SRC624/records-final.csv row 13,RESOLVED,NATIVE_HTML,c4a66a28478c1861fff90eb921d1d92380e24d4382f2fa38c8b5be45cd99e2ba
eebb22b98fad644366d3,SRC624,table-001,,NATIVE_DIRECT,14,,,NATIVE_DIRECT,Deterministic native reader; filing data/documents/native/carlyle-alpinvest-secondaries-nport-ex-2025-12.html#table-001/row-007; candidate and final are ledgers/working/native-filings/SRC624/records-final.csv row 14,RESOLVED,NATIVE_HTML,c4a66a28478c1861fff90eb921d1d92380e24d4382f2fa38c8b5be45cd99e2ba
41a06f58adba7a13ea4d,SRC624,table-001,,NATIVE_DIRECT,15,,,NATIVE_DIRECT,Deterministic native reader; filing data/documents/native/carlyle-alpinvest-secondaries-nport-ex-2025-12.html#table-001/row-008; candidate and final are ledgers/working/native-filings/SRC624/records-final.csv row 15,RESOLVED,NATIVE_HTML,c4a66a28478c1861fff90eb921d1d92380e24d4382f2fa38c8b5be45cd99e2ba
dcbd0f9efd75e178e110,SRC624,table-001,,NATIVE_DIRECT,16,,,NATIVE_DIRECT,Deterministic native reader; filing data/documents/native/carlyle-alpinvest-secondaries-nport-ex-2025-12.html#table-001/row-008; candidate and final are ledgers/working/native-filings/SRC624/records-final.csv row 16,RESOLVED,NATIVE_HTML,c4a66a28478c1861fff90eb921d1d92380e24d4382f2fa38c8b5be45cd99e2ba
407a99a0561841455c09,SRC624,table-001,,NATIVE_DIRECT,17,,,NATIVE_DIRECT,Deterministic native reader; filing data/documents/native/carlyle-alpinvest-secondaries-nport-ex-2025-12.html#table-001/row-008; candidate and final are ledgers/working/native-filings/SRC624/records-final.csv row 17,RESOLVED,NATIVE_HTML,c4a66a28478c1861fff90eb921d1d92380e24d4382f2fa38c8b5be45cd99e2ba
b37e12bd5e4d84e7a7ce,SRC624,table-001,,NATIVE_DIRECT,18,,,NATIVE_DIRECT,Deterministic native reader; filing data/documents/native/carlyle-alpinvest-secondaries-nport-ex-2025-12.html#table-001/row-009; candidate and final are ledgers/working/native-filings/SRC624/records-final.csv row 18,RESOLVED,NATIVE_HTML,c4a66a28478c1861fff90eb921d1d92380e24d4382f2fa38c8b5be45cd99e2ba
fec2a31fc3514b7af33e,SRC624,table-001,,NATIVE_DIRECT,19,,,NATIVE_DIRECT,Deterministic native reader; filing data/documents/native/carlyle-alpinvest-secondaries-nport-ex-2025-12.html#table-001/row-009; candidate and final are ledgers/working/native-filings/SRC624/records-final.csv row 19,RESOLVED,NATIVE_HTML,c4a66a28478c1861fff90eb921d1d92380e24d4382f2fa38c8b5be45cd99e2ba
d6767b849a3258d79399,SRC624,table-001,,NATIVE_DIRECT,20,,,NATIVE_DIRECT,Deterministic native reader; filing data/documents/native/carlyle-alpinvest-secondaries-nport-ex-2025-12.html#table-001/row-009; candidate and final are ledgers/working/native-filings/SRC624/records-final.csv row 20,RESOLVED,NATIVE_HTML,c4a66a28478c1861fff90eb921d1d92380e24d4382f2fa38c8b5be45cd99e2ba
ee6cafa566b58d98a41d,SRC624,table-001,,NATIVE_DIRECT,21,,,NATIVE_DIRECT,Deterministic native reader; filing data/documents/native/carlyle-alpinvest-secondaries-nport-ex-2025-12.html#table-001/row-010; candidate and final are ledgers/working/native-filings/SRC624/records-final.csv row 21,RESOLVED,NATIVE_HTML,c4a66a28478c1861fff90eb921d1d92380e24d4382f2fa38c8b5be45cd99e2ba
3599ca654d6650bfd599,SRC624,table-001,,NATIVE_DIRECT,22,,,NATIVE_DIRECT,Deterministic native reader; filing data/documents/native/carlyle-alpinvest-secondaries-nport-ex-2025-12.html#table-001/row-010; candidate and final are ledgers/working/native-filings/SRC624/records-final.csv row 22,RESOLVED,NATIVE_HTML,c4a66a28478c1861fff90eb921d1d92380e24d4382f2fa38c8b5be45cd99e2ba
682ad25dba613131be92,SRC624,table-001,,NATIVE_DIRECT,23,,,NATIVE_DIRECT,Deterministic native reader; filing data/documents/native/carlyle-alpinvest-secondaries-nport-ex-2025-12.html#table-001/row-010; candidate and final are ledgers/working/native-filings/SRC624/records-final.csv row 23,RESOLVED,NATIVE_HTML,c4a66a28478c1861fff90eb921d1d92380e24d4382f2fa38c8b5be45cd99e2ba
9861d70b250e7900fd72,SRC624,table-001,,NATIVE_DIRECT,24,,,NATIVE_DIRECT,Deterministic native reader; filing data/documents/native/carlyle-alpinvest-secondaries-nport-ex-2025-12.html#table-001/row-011; candidate and final are ledgers/working/native-filings/SRC624/records-final.csv row 24,RESOLVED,NATIVE_HTML,c4a66a28478c1861fff90eb921d1d92380e24d4382f2fa38c8b5be45cd99e2ba
e88edd9b1b9f2b1dbe65,SRC624,table-001,,NATIVE_DIRECT,25,,,NATIVE_DIRECT,Deterministic native reader; filing data/documents/native/carlyle-alpinvest-secondaries-nport-ex-2025-12.html#table-001/row-011; candidate and final are ledgers/working/native-filings/SRC624/records-final.csv row 25,RESOLVED,NATIVE_HTML,c4a66a28478c1861fff90eb921d1d92380e24d4382f2fa38c8b5be45cd99e2ba
38e180b153717e5257ad,SRC624,table-001,,NATIVE_DIRECT,26,,,NATIVE_DIRECT,Deterministic native reader; filing data/documents/native/carlyle-alpinvest-secondaries-nport-ex-2025-12.html#table-001/row-011; candidate and final are ledgers/working/native-filings/SRC624/records-final.csv row 26,RESOLVED,NATIVE_HTML,c4a66a28478c1861fff90eb921d1d92380e24d4382f2fa38c8b5be45cd99e2ba
8e42e1f0c1ec6fa4fcbc,SRC624,table-001,,NATIVE_DIRECT,27,,,NATIVE_DIRECT,Deterministic native reader; filing data/documents/native/carlyle-alpinvest-secondaries-nport-ex-2025-12.html#table-001/row-012; candidate and final are ledgers/working/native-filings/SRC624/records-final.csv row 27,RESOLVED,NATIVE_HTML,c4a66a28478c1861fff90eb921d1d92380e24d4382f2fa38c8b5be45cd99e2ba
86dcd947a6b1c68d5fe1,SRC624,table-001,,NATIVE_DIRECT,28,,,NATIVE_DIRECT,Deterministic native reader; filing data/documents/native/carlyle-alpinvest-secondaries-nport-ex-2025-12.html#table-001/row-012; candidate and final are ledgers/working/native-filings/SRC624/records-final.csv row 28,RESOLVED,NATIVE_HTML,c4a66a28478c1861fff90eb921d1d92380e24d4382f2fa38c8b5be45cd99e2ba
d8e5fc3457f99aa4de73,SRC624,table-001,,NATIVE_DIRECT,29,,,NATIVE_DIRECT,Deterministic native reader; filing data/documents/native/carlyle-alpinvest-secondaries-nport-ex-2025-12.html#table-001/row-012; candidate and final are ledgers/working/native-filings/SRC624/records-final.csv row 29,RESOLVED,NATIVE_HTML,c4a66a28478c1861fff90eb921d1d92380e24d4382f2fa38c8b5be45cd99e2ba
05556737ec837b659de3,SRC624,table-001,,NATIVE_DIRECT,30,,,NATIVE_DIRECT,Deterministic native reader; filing data/documents/native/carlyle-alpinvest-secondaries-nport-ex-2025-12.html#table-001/row-013; candidate and final are ledgers/working/native-filings/SRC624/records-final.csv row 30,RESOLVED,NATIVE_HTML,c4a66a28478c1861fff90eb921d1d92380e24d4382f2fa38c8b5be45cd99e2ba
bf11a5fb9398c09034b6,SRC624,table-001,,NATIVE_DIRECT,31,,,NATIVE_DIRECT,Deterministic native reader; filing data/documents/native/carlyle-alpinvest-secondaries-nport-ex-2025-12.html#table-001/row-013; candidate and final are ledgers/working/native-filings/SRC624/records-final.csv row 31,RESOLVED,NATIVE_HTML,c4a66a28478c1861fff90eb921d1d92380e24d4382f2fa38c8b5be45cd99e2ba
b81bae2c43e06dc0827f,SRC624,table-001,,NATIVE_DIRECT,32,,,NATIVE_DIRECT,Deterministic native reader; filing data/documents/native/carlyle-alpinvest-secondaries-nport-ex-2025-12.html#table-001/row-013; candidate and final are ledgers/working/native-filings/SRC624/records-final.csv row 32,RESOLVED,NATIVE_HTML,c4a66a28478c1861fff90eb921d1d92380e24d4382f2fa38c8b5be45cd99e2ba
44c55cda419a4d99869f,SRC624,table-001,,NATIVE_DIRECT,33,,,NATIVE_DIRECT,Deterministic native reader; filing data/documents/native/carlyle-alpinvest-secondaries-nport-ex-2025-12.html#table-001/row-014; candidate and final are ledgers/working/native-filings/SRC624/records-final.csv row 33,RESOLVED,NATIVE_HTML,c4a66a28478c1861fff90eb921d1d92380e24d4382f2fa38c8b5be45cd99e2ba
d695b7d151b1bcc66ac0,SRC624,table-001,,NATIVE_DIRECT,34,,,NATIVE_DIRECT,Deterministic native reader; filing data/documents/native/carlyle-alpinvest-secondaries-nport-ex-2025-12.html#table-001/row-014; candidate and final are ledgers/working/native-filings/SRC624/records-final.csv row 34,RESOLVED,NATIVE_HTML,c4a66a28478c1861fff90eb921d1d92380e24d4382f2fa38c8b5be45cd99e2ba
87da4d7f5f9db4671856,SRC624,table-001,,NATIVE_DIRECT,35,,,NATIVE_DIRECT,Deterministic native reader; filing data/documents/native/carlyle-alpinvest-secondaries-nport-ex-2025-12.html#table-001/row-014; candidate and final are ledgers/working/native-filings/SRC624/records-final.csv row 35,RESOLVED,NATIVE_HTML,c4a66a28478c1861fff90eb921d1d92380e24d4382f2fa38c8b5be45cd99e2ba
0f9b699c9a9ed381a4c1,SRC624,table-001,,NATIVE_DIRECT,36,,,NATIVE_DIRECT,Deterministic native reader; filing data/documents/native/carlyle-alpinvest-secondaries-nport-ex-2025-12.html#table-001/row-015; candidate and final are ledgers/working/native-filings/SRC624/records-final.csv row 36,RESOLVED,NATIVE_HTML,c4a66a28478c1861fff90eb921d1d92380e24d4382f2fa38c8b5be45cd99e2ba
1f9ad80cccb8efdb70d3,SRC624,table-001,,NATIVE_DIRECT,37,,,NATIVE_DIRECT,Deterministic native reader; filing data/documents/native/carlyle-alpinvest-secondaries-nport-ex-2025-12.html#table-001/row-015; candidate and final are ledgers/working/native-filings/SRC624/records-final.csv row 37,RESOLVED,NATIVE_HTML,c4a66a28478c1861fff90eb921d1d92380e24d4382f2fa38c8b5be45cd99e2ba
018cf4854f2f5efa5c95,SRC624,table-001,,NATIVE_DIRECT,38,,,NATIVE_DIRECT,Deterministic native reader; filing data/documents/native/carlyle-alpinvest-secondaries-nport-ex-2025-12.html#table-001/row-015; candidate and final are ledgers/working/native-filings/SRC624/records-final.csv row 38,RESOLVED,NATIVE_HTML,c4a66a28478c1861fff90eb921d1d92380e24d4382f2fa38c8b5be45cd99e2ba
d80990ec263009d275b3,SRC624,table-001,,NATIVE_DIRECT,39,,,NATIVE_DIRECT,Deterministic native reader; filing data/documents/native/carlyle-alpinvest-secondaries-nport-ex-2025-12.html#table-001/row-016; candidate and final are ledgers/working/native-filings/SRC624/records-final.csv row 39,RESOLVED,NATIVE_HTML,c4a66a28478c1861fff90eb921d1d92380e24d4382f2fa38c8b5be45cd99e2ba
5dd0a8dab2afa7334c07,SRC624,table-001,,NATIVE_DIRECT,40,,,NATIVE_DIRECT,Deterministic native reader; filing data/documents/native/carlyle-alpinvest-secondaries-nport-ex-2025-12.html#table-001/row-016; candidate and final are ledgers/working/native-filings/SRC624/records-final.csv row 40,RESOLVED,NATIVE_HTML,c4a66a28478c1861fff90eb921d1d92380e24d4382f2fa38c8b5be45cd99e2ba
e41b5e09bff75fbcf16e,SRC624,table-001,,NATIVE_DIRECT,41,,,NATIVE_DIRECT,Deterministic native reader; filing data/documents/native/carlyle-alpinvest-secondaries-nport-ex-2025-12.html#table-001/row-016; candidate and final are ledgers/working/native-filings/SRC624/records-final.csv row 41,RESOLVED,NATIVE_HTML,c4a66a28478c1861fff90eb921d1d92380e24d4382f2fa38c8b5be45cd99e2ba
37acba8ae1d61daad8a7,SRC624,table-001,,NATIVE_DIRECT,42,,,NATIVE_DIRECT,Deterministic native reader; filing data/documents/native/carlyle-alpinvest-secondaries-nport-ex-2025-12.html#table-001/row-017; candidate and final are ledgers/working/native-filings/SRC624/records-final.csv row 42,RESOLVED,NATIVE_HTML,c4a66a28478c1861fff90eb921d1d92380e24d4382f2fa38c8b5be45cd99e2ba
79180c3a462b57b0934d,SRC624,table-001,,NATIVE_DIRECT,43,,,NATIVE_DIRECT,Deterministic native reader; filing data/documents/native/carlyle-alpinvest-secondaries-nport-ex-2025-12.html#table-001/row-017; candidate and final are ledgers/working/native-filings/SRC624/records-final.csv row 43,RESOLVED,NATIVE_HTML,c4a66a28478c1861fff90eb921d1d92380e24d4382f2fa38c8b5be45cd99e2ba
fb918f8596d45d1aa20c,SRC624,table-001,,NATIVE_DIRECT,44,,,NATIVE_DIRECT,Deterministic native reader; filing data/documents/native/carlyle-alpinvest-secondaries-nport-ex-2025-12.html#table-001/row-017; candidate and final are ledgers/working/native-filings/SRC624/records-final.csv row 44,RESOLVED,NATIVE_HTML,c4a66a28478c1861fff90eb921d1d92380e24d4382f2fa38c8b5be45cd99e2ba
88ce3dc27df805534f6d,SRC624,table-001,,NATIVE_DIRECT,45,,,NATIVE_DIRECT,Deterministic native reader; filing data/documents/native/carlyle-alpinvest-secondaries-nport-ex-2025-12.html#table-001/row-018; candidate and final are ledgers/working/native-filings/SRC624/records-final.csv row 45,RESOLVED,NATIVE_HTML,c4a66a28478c1861fff90eb921d1d92380e24d4382f2fa38c8b5be45cd99e2ba
0c40cc05e53b251a799c,SRC624,table-001,,NATIVE_DIRECT,46,,,NATIVE_DIRECT,Deterministic native reader; filing data/documents/native/carlyle-alpinvest-secondaries-nport-ex-2025-12.html#table-001/row-018; candidate and final are ledgers/working/native-filings/SRC624/records-final.csv row 46,RESOLVED,NATIVE_HTML,c4a66a28478c1861fff90eb921d1d92380e24d4382f2fa38c8b5be45cd99e2ba
d5a284feaee510c753e2,SRC624,table-001,,NATIVE_DIRECT,47,,,NATIVE_DIRECT,Deterministic native reader; filing data/documents/native/carlyle-alpinvest-secondaries-nport-ex-2025-12.html#table-001/row-018; candidate and final are ledgers/working/native-filings/SRC624/records-final.csv row 47,RESOLVED,NATIVE_HTML,c4a66a28478c1861fff90eb921d1d92380e24d4382f2fa38c8b5be45cd99e2ba
4b01bcedaef9f6b50876,SRC624,table-001,,NATIVE_DIRECT,48,,,NATIVE_DIRECT,Deterministic native reader; filing data/documents/native/carlyle-alpinvest-secondaries-nport-ex-2025-12.html#table-001/row-019; candidate and final are ledgers/working/native-filings/SRC624/records-final.csv row 48,RESOLVED,NATIVE_HTML,c4a66a28478c1861fff90eb921d1d92380e24d4382f2fa38c8b5be45cd99e2ba
42b7cd4efbac09f4c42b,SRC624,table-001,,NATIVE_DIRECT,49,,,NATIVE_DIRECT,Deterministic native reader; filing data/documents/native/carlyle-alpinvest-secondaries-nport-ex-2025-12.html#table-001/row-019; candidate and final are ledgers/working/native-filings/SRC624/records-final.csv row 49,RESOLVED,NATIVE_HTML,c4a66a28478c1861fff90eb921d1d92380e24d4382f2fa38c8b5be45cd99e2ba
d71302c6b8c02faf0e31,SRC624,table-001,,NATIVE_DIRECT,50,,,NATIVE_DIRECT,Deterministic native reader; filing data/documents/native/carlyle-alpinvest-secondaries-nport-ex-2025-12.html#table-001/row-019; candidate and final are ledgers/working/native-filings/SRC624/records-final.csv row 50,RESOLVED,NATIVE_HTML,c4a66a28478c1861fff90eb921d1d92380e24d4382f2fa38c8b5be45cd99e2ba
6ded05cea3d59c030473,SRC624,table-001,,NATIVE_DIRECT,51,,,NATIVE_DIRECT,Deterministic native reader; filing data/documents/native/carlyle-alpinvest-secondaries-nport-ex-2025-12.html#table-001/row-020; candidate and final are ledgers/working/native-filings/SRC624/records-final.csv row 51,RESOLVED,NATIVE_HTML,c4a66a28478c1861fff90eb921d1d92380e24d4382f2fa38c8b5be45cd99e2ba
1b19ab33cba5ca582b89,SRC624,table-001,,NATIVE_DIRECT,52,,,NATIVE_DIRECT,Deterministic native reader; filing data/documents/native/carlyle-alpinvest-secondaries-nport-ex-2025-12.html#table-001/row-020; candidate and final are ledgers/working/native-filings/SRC624/records-final.csv row 52,RESOLVED,NATIVE_HTML,c4a66a28478c1861fff90eb921d1d92380e24d4382f2fa38c8b5be45cd99e2ba
0136c7f92872d7cd240e,SRC624,table-001,,NATIVE_DIRECT,53,,,NATIVE_DIRECT,Deterministic native reader; filing data/documents/native/carlyle-alpinvest-secondaries-nport-ex-2025-12.html#table-001/row-020; candidate and final are ledgers/working/native-filings/SRC624/records-final.csv row 53,RESOLVED,NATIVE_HTML,c4a66a28478c1861fff90eb921d1d92380e24d4382f2fa38c8b5be45cd99e2ba
ca2a951619b5c64327cc,SRC624,table-001,,NATIVE_DIRECT,54,,,NATIVE_DIRECT,Deterministic native reader; filing data/documents/native/carlyle-alpinvest-secondaries-nport-ex-2025-12.html#table-001/row-021; candidate and final are ledgers/working/native-filings/SRC624/records-final.csv row 54,RESOLVED,NATIVE_HTML,c4a66a28478c1861fff90eb921d1d92380e24d4382f2fa38c8b5be45cd99e2ba
e7059cf57d99680f9166,SRC624,table-001,,NATIVE_DIRECT,55,,,NATIVE_DIRECT,Deterministic native reader; filing data/documents/native/carlyle-alpinvest-secondaries-nport-ex-2025-12.html#table-001/row-021; candidate and final are ledgers/working/native-filings/SRC624/records-final.csv row 55,RESOLVED,NATIVE_HTML,c4a66a28478c1861fff90eb921d1d92380e24d4382f2fa38c8b5be45cd99e2ba
2efcb4b37ba13c7ef227,SRC624,table-001,,NATIVE_DIRECT,56,,,NATIVE_DIRECT,Deterministic native reader; filing data/documents/native/carlyle-alpinvest-secondaries-nport-ex-2025-12.html#table-001/row-021; candidate and final are ledgers/working/native-filings/SRC624/records-final.csv row 56,RESOLVED,NATIVE_HTML,c4a66a28478c1861fff90eb921d1d92380e24d4382f2fa38c8b5be45cd99e2ba
a7a3e150deb1691ce9cf,SRC624,table-001,,NATIVE_DIRECT,57,,,NATIVE_DIRECT,Deterministic native reader; filing data/documents/native/carlyle-alpinvest-secondaries-nport-ex-2025-12.html#table-001/row-022; candidate and final are ledgers/working/native-filings/SRC624/records-final.csv row 57,RESOLVED,NATIVE_HTML,c4a66a28478c1861fff90eb921d1d92380e24d4382f2fa38c8b5be45cd99e2ba
8301900d08806764e5b1,SRC624,table-001,,NATIVE_DIRECT,58,,,NATIVE_DIRECT,Deterministic native reader; filing data/documents/native/carlyle-alpinvest-secondaries-nport-ex-2025-12.html#table-001/row-022; candidate and final are ledgers/working/native-filings/SRC624/records-final.csv row 58,RESOLVED,NATIVE_HTML,c4a66a28478c1861fff90eb921d1d92380e24d4382f2fa38c8b5be45cd99e2ba
46e426d7bd08e9bfbff2,SRC624,table-001,,NATIVE_DIRECT,59,,,NATIVE_DIRECT,Deterministic native reader; filing data/documents/native/carlyle-alpinvest-secondaries-nport-ex-2025-12.html#table-001/row-022; candidate and final are ledgers/working/native-filings/SRC624/records-final.csv row 59,RESOLVED,NATIVE_HTML,c4a66a28478c1861fff90eb921d1d92380e24d4382f2fa38c8b5be45cd99e2ba
0325d704d789b451dbf1,SRC624,table-001,,NATIVE_DIRECT,60,,,NATIVE_DIRECT,Deterministic native reader; filing data/documents/native/carlyle-alpinvest-secondaries-nport-ex-2025-12.html#table-001/row-023; candidate and final are ledgers/working/native-filings/SRC624/records-final.csv row 60,RESOLVED,NATIVE_HTML,c4a66a28478c1861fff90eb921d1d92380e24d4382f2fa38c8b5be45cd99e2ba
72ac43fa0f75a0f1261e,SRC624,table-001,,NATIVE_DIRECT,61,,,NATIVE_DIRECT,Deterministic native reader; filing data/documents/native/carlyle-alpinvest-secondaries-nport-ex-2025-12.html#table-001/row-023; candidate and final are ledgers/working/native-filings/SRC624/records-final.csv row 61,RESOLVED,NATIVE_HTML,c4a66a28478c1861fff90eb921d1d92380e24d4382f2fa38c8b5be45cd99e2ba
dcd6b0d7a681db1f86d5,SRC624,table-001,,NATIVE_DIRECT,62,,,NATIVE_DIRECT,Deterministic native reader; filing data/documents/native/carlyle-alpinvest-secondaries-nport-ex-2025-12.html#table-001/row-023; candidate and final are ledgers/working/native-filings/SRC624/records-final.csv row 62,RESOLVED,NATIVE_HTML,c4a66a28478c1861fff90eb921d1d92380e24d4382f2fa38c8b5be45cd99e2ba
fb110b4cf8a837b5e328,SRC624,table-001,,NATIVE_DIRECT,63,,,NATIVE_DIRECT,Deterministic native reader; filing data/documents/native/carlyle-alpinvest-secondaries-nport-ex-2025-12.html#table-001/row-024; candidate and final are ledgers/working/native-filings/SRC624/records-final.csv row 63,RESOLVED,NATIVE_HTML,c4a66a28478c1861fff90eb921d1d92380e24d4382f2fa38c8b5be45cd99e2ba
03700814ca2084fbacf2,SRC624,table-001,,NATIVE_DIRECT,64,,,NATIVE_DIRECT,Deterministic native reader; filing data/documents/native/carlyle-alpinvest-secondaries-nport-ex-2025-12.html#table-001/row-024; candidate and final are ledgers/working/native-filings/SRC624/records-final.csv row 64,RESOLVED,NATIVE_HTML,c4a66a28478c1861fff90eb921d1d92380e24d4382f2fa38c8b5be45cd99e2ba
2d3b3fc25b4cd9251eb1,SRC624,table-001,,NATIVE_DIRECT,65,,,NATIVE_DIRECT,Deterministic native reader; filing data/documents/native/carlyle-alpinvest-secondaries-nport-ex-2025-12.html#table-001/row-024; candidate and final are ledgers/working/native-filings/SRC624/records-final.csv row 65,RESOLVED,NATIVE_HTML,c4a66a28478c1861fff90eb921d1d92380e24d4382f2fa38c8b5be45cd99e2ba
65499bbe154cb78c6bcf,SRC624,table-001,,NATIVE_DIRECT,66,,,NATIVE_DIRECT,Deterministic native reader; filing data/documents/native/carlyle-alpinvest-secondaries-nport-ex-2025-12.html#table-001/row-025; candidate and final are ledgers/working/native-filings/SRC624/records-final.csv row 66,RESOLVED,NATIVE_HTML,c4a66a28478c1861fff90eb921d1d92380e24d4382f2fa38c8b5be45cd99e2ba
6b5ac420aa63e7bb8d6c,SRC624,table-001,,NATIVE_DIRECT,67,,,NATIVE_DIRECT,Deterministic native reader; filing data/documents/native/carlyle-alpinvest-secondaries-nport-ex-2025-12.html#table-001/row-025; candidate and final are ledgers/working/native-filings/SRC624/records-final.csv row 67,RESOLVED,NATIVE_HTML,c4a66a28478c1861fff90eb921d1d92380e24d4382f2fa38c8b5be45cd99e2ba
6c404b58b85c34432903,SRC624,table-001,,NATIVE_DIRECT,68,,,NATIVE_DIRECT,Deterministic native reader; filing data/documents/native/carlyle-alpinvest-secondaries-nport-ex-2025-12.html#table-001/row-025; candidate and final are ledgers/working/native-filings/SRC624/records-final.csv row 68,RESOLVED,NATIVE_HTML,c4a66a28478c1861fff90eb921d1d92380e24d4382f2fa38c8b5be45cd99e2ba
82c029797911bc41d856,SRC624,table-001,,NATIVE_DIRECT,69,,,NATIVE_DIRECT,Deterministic native reader; filing data/documents/native/carlyle-alpinvest-secondaries-nport-ex-2025-12.html#table-001/row-026; candidate and final are ledgers/working/native-filings/SRC624/records-final.csv row 69,RESOLVED,NATIVE_HTML,c4a66a28478c1861fff90eb921d1d92380e24d4382f2fa38c8b5be45cd99e2ba
e587cd8bfd0fde4f1311,SRC624,table-001,,NATIVE_DIRECT,70,,,NATIVE_DIRECT,Deterministic native reader; filing data/documents/native/carlyle-alpinvest-secondaries-nport-ex-2025-12.html#table-001/row-026; candidate and final are ledgers/working/native-filings/SRC624/records-final.csv row 70,RESOLVED,NATIVE_HTML,c4a66a28478c1861fff90eb921d1d92380e24d4382f2fa38c8b5be45cd99e2ba
67fb2cadae42e44012f2,SRC624,table-001,,NATIVE_DIRECT,71,,,NATIVE_DIRECT,Deterministic native reader; filing data/documents/native/carlyle-alpinvest-secondaries-nport-ex-2025-12.html#table-001/row-026; candidate and final are ledgers/working/native-filings/SRC624/records-final.csv row 71,RESOLVED,NATIVE_HTML,c4a66a28478c1861fff90eb921d1d92380e24d4382f2fa38c8b5be45cd99e2ba
980fc92a92f961f4e6c7,SRC624,table-001,,NATIVE_DIRECT,72,,,NATIVE_DIRECT,Deterministic native reader; filing data/documents/native/carlyle-alpinvest-secondaries-nport-ex-2025-12.html#table-001/row-027; candidate and final are ledgers/working/native-filings/SRC624/records-final.csv row 72,RESOLVED,NATIVE_HTML,c4a66a28478c1861fff90eb921d1d92380e24d4382f2fa38c8b5be45cd99e2ba
fd9bbd50a93a6643ac7b,SRC624,table-001,,NATIVE_DIRECT,73,,,NATIVE_DIRECT,Deterministic native reader; filing data/documents/native/carlyle-alpinvest-secondaries-nport-ex-2025-12.html#table-001/row-027; candidate and final are ledgers/working/native-filings/SRC624/records-final.csv row 73,RESOLVED,NATIVE_HTML,c4a66a28478c1861fff90eb921d1d92380e24d4382f2fa38c8b5be45cd99e2ba
54c8371f919d60721d2d,SRC624,table-001,,NATIVE_DIRECT,74,,,NATIVE_DIRECT,Deterministic native reader; filing data/documents/native/carlyle-alpinvest-secondaries-nport-ex-2025-12.html#table-001/row-027; candidate and final are ledgers/working/native-filings/SRC624/records-final.csv row 74,RESOLVED,NATIVE_HTML,c4a66a28478c1861fff90eb921d1d92380e24d4382f2fa38c8b5be45cd99e2ba
017bfbaeead7777f637b,SRC624,table-001,,NATIVE_DIRECT,75,,,NATIVE_DIRECT,Deterministic native reader; filing data/documents/native/carlyle-alpinvest-secondaries-nport-ex-2025-12.html#table-001/row-028; candidate and final are ledgers/working/native-filings/SRC624/records-final.csv row 75,RESOLVED,NATIVE_HTML,c4a66a28478c1861fff90eb921d1d92380e24d4382f2fa38c8b5be45cd99e2ba
74a64394e9239091c0a9,SRC624,table-001,,NATIVE_DIRECT,76,,,NATIVE_DIRECT,Deterministic native reader; filing data/documents/native/carlyle-alpinvest-secondaries-nport-ex-2025-12.html#table-001/row-028; candidate and final are ledgers/working/native-filings/SRC624/records-final.csv row 76,RESOLVED,NATIVE_HTML,c4a66a28478c1861fff90eb921d1d92380e24d4382f2fa38c8b5be45cd99e2ba
473d51258a68f3addc0c,SRC624,table-001,,NATIVE_DIRECT,77,,,NATIVE_DIRECT,Deterministic native reader; filing data/documents/native/carlyle-alpinvest-secondaries-nport-ex-2025-12.html#table-001/row-028; candidate and final are ledgers/working/native-filings/SRC624/records-final.csv row 77,RESOLVED,NATIVE_HTML,c4a66a28478c1861fff90eb921d1d92380e24d4382f2fa38c8b5be45cd99e2ba
ad1addb0e39e79f434e4,SRC624,table-001,,NATIVE_DIRECT,78,,,NATIVE_DIRECT,Deterministic native reader; filing data/documents/native/carlyle-alpinvest-secondaries-nport-ex-2025-12.html#table-001/row-029; candidate and final are ledgers/working/native-filings/SRC624/records-final.csv row 78,RESOLVED,NATIVE_HTML,c4a66a28478c1861fff90eb921d1d92380e24d4382f2fa38c8b5be45cd99e2ba
8e0a34120d71ef8a7867,SRC624,table-001,,NATIVE_DIRECT,79,,,NATIVE_DIRECT,Deterministic native reader; filing data/documents/native/carlyle-alpinvest-secondaries-nport-ex-2025-12.html#table-001/row-029; candidate and final are ledgers/working/native-filings/SRC624/records-final.csv row 79,RESOLVED,NATIVE_HTML,c4a66a28478c1861fff90eb921d1d92380e24d4382f2fa38c8b5be45cd99e2ba
0c95be2cf2a2343a84f7,SRC624,table-001,,NATIVE_DIRECT,80,,,NATIVE_DIRECT,Deterministic native reader; filing data/documents/native/carlyle-alpinvest-secondaries-nport-ex-2025-12.html#table-001/row-029; candidate and final are ledgers/working/native-filings/SRC624/records-final.csv row 80,RESOLVED,NATIVE_HTML,c4a66a28478c1861fff90eb921d1d92380e24d4382f2fa38c8b5be45cd99e2ba
6c3516e095efd8185ebe,SRC624,table-001,,NATIVE_DIRECT,81,,,NATIVE_DIRECT,Deterministic native reader; filing data/documents/native/carlyle-alpinvest-secondaries-nport-ex-2025-12.html#table-001/row-030; candidate and final are ledgers/working/native-filings/SRC624/records-final.csv row 81,RESOLVED,NATIVE_HTML,c4a66a28478c1861fff90eb921d1d92380e24d4382f2fa38c8b5be45cd99e2ba
1f17a2dcac4caaeff86d,SRC624,table-001,,NATIVE_DIRECT,82,,,NATIVE_DIRECT,Deterministic native reader; filing data/documents/native/carlyle-alpinvest-secondaries-nport-ex-2025-12.html#table-001/row-030; candidate and final are ledgers/working/native-filings/SRC624/records-final.csv row 82,RESOLVED,NATIVE_HTML,c4a66a28478c1861fff90eb921d1d92380e24d4382f2fa38c8b5be45cd99e2ba
e3bb520d1132c1f3dd50,SRC624,table-001,,NATIVE_DIRECT,83,,,NATIVE_DIRECT,Deterministic native reader; filing data/documents/native/carlyle-alpinvest-secondaries-nport-ex-2025-12.html#table-001/row-030; candidate and final are ledgers/working/native-filings/SRC624/records-final.csv row 83,RESOLVED,NATIVE_HTML,c4a66a28478c1861fff90eb921d1d92380e24d4382f2fa38c8b5be45cd99e2ba
407c1be35a13b66e9179,SRC624,table-001,,NATIVE_DIRECT,84,,,NATIVE_DIRECT,Deterministic native reader; filing data/documents/native/carlyle-alpinvest-secondaries-nport-ex-2025-12.html#table-001/row-031; candidate and final are ledgers/working/native-filings/SRC624/records-final.csv row 84,RESOLVED,NATIVE_HTML,c4a66a28478c1861fff90eb921d1d92380e24d4382f2fa38c8b5be45cd99e2ba
fa96c15335c22f766aa6,SRC624,table-001,,NATIVE_DIRECT,85,,,NATIVE_DIRECT,Deterministic native reader; filing data/documents/native/carlyle-alpinvest-secondaries-nport-ex-2025-12.html#table-001/row-031; candidate and final are ledgers/working/native-filings/SRC624/records-final.csv row 85,RESOLVED,NATIVE_HTML,c4a66a28478c1861fff90eb921d1d92380e24d4382f2fa38c8b5be45cd99e2ba
671d39185b15f6ff9aec,SRC624,table-001,,NATIVE_DIRECT,86,,,NATIVE_DIRECT,Deterministic native reader; filing data/documents/native/carlyle-alpinvest-secondaries-nport-ex-2025-12.html#table-001/row-031; candidate and final are ledgers/working/native-filings/SRC624/records-final.csv row 86,RESOLVED,NATIVE_HTML,c4a66a28478c1861fff90eb921d1d92380e24d4382f2fa38c8b5be45cd99e2ba
71e02bb0c3dfc5e359c2,SRC624,table-001,,NATIVE_DIRECT,87,,,NATIVE_DIRECT,Deterministic native reader; filing data/documents/native/carlyle-alpinvest-secondaries-nport-ex-2025-12.html#table-001/row-032; candidate and final are ledgers/working/native-filings/SRC624/records-final.csv row 87,RESOLVED,NATIVE_HTML,c4a66a28478c1861fff90eb921d1d92380e24d4382f2fa38c8b5be45cd99e2ba
0abf1eb529998023e70d,SRC624,table-001,,NATIVE_DIRECT,88,,,NATIVE_DIRECT,Deterministic native reader; filing data/documents/native/carlyle-alpinvest-secondaries-nport-ex-2025-12.html#table-001/row-032; candidate and final are ledgers/working/native-filings/SRC624/records-final.csv row 88,RESOLVED,NATIVE_HTML,c4a66a28478c1861fff90eb921d1d92380e24d4382f2fa38c8b5be45cd99e2ba
2b1543574532f52d7e1f,SRC624,table-001,,NATIVE_DIRECT,89,,,NATIVE_DIRECT,Deterministic native reader; filing data/documents/native/carlyle-alpinvest-secondaries-nport-ex-2025-12.html#table-001/row-032; candidate and final are ledgers/working/native-filings/SRC624/records-final.csv row 89,RESOLVED,NATIVE_HTML,c4a66a28478c1861fff90eb921d1d92380e24d4382f2fa38c8b5be45cd99e2ba
aa78145801503a076186,SRC624,table-001,,NATIVE_DIRECT,90,,,NATIVE_DIRECT,Deterministic native reader; filing data/documents/native/carlyle-alpinvest-secondaries-nport-ex-2025-12.html#table-001/row-035; candidate and final are ledgers/working/native-filings/SRC624/records-final.csv row 90,RESOLVED,NATIVE_HTML,c4a66a28478c1861fff90eb921d1d92380e24d4382f2fa38c8b5be45cd99e2ba
67bbd13f8756572c8fff,SRC624,table-001,,NATIVE_DIRECT,91,,,NATIVE_DIRECT,Deterministic native reader; filing data/documents/native/carlyle-alpinvest-secondaries-nport-ex-2025-12.html#table-001/row-035; candidate and final are ledgers/working/native-filings/SRC624/records-final.csv row 91,RESOLVED,NATIVE_HTML,c4a66a28478c1861fff90eb921d1d92380e24d4382f2fa38c8b5be45cd99e2ba
6394e718fd49601f8332,SRC624,table-001,,NATIVE_DIRECT,92,,,NATIVE_DIRECT,Deterministic native reader; filing data/documents/native/carlyle-alpinvest-secondaries-nport-ex-2025-12.html#table-001/row-035; candidate and final are ledgers/working/native-filings/SRC624/records-final.csv row 92,RESOLVED,NATIVE_HTML,c4a66a28478c1861fff90eb921d1d92380e24d4382f2fa38c8b5be45cd99e2ba
ff2f1d9adf4c751fc02b,SRC624,table-001,,NATIVE_DIRECT,93,,,NATIVE_DIRECT,Deterministic native reader; filing data/documents/native/carlyle-alpinvest-secondaries-nport-ex-2025-12.html#table-001/row-036; candidate and final are ledgers/working/native-filings/SRC624/records-final.csv row 93,RESOLVED,NATIVE_HTML,c4a66a28478c1861fff90eb921d1d92380e24d4382f2fa38c8b5be45cd99e2ba
9d1d41db5e1a5275e90a,SRC624,table-001,,NATIVE_DIRECT,94,,,NATIVE_DIRECT,Deterministic native reader; filing data/documents/native/carlyle-alpinvest-secondaries-nport-ex-2025-12.html#table-001/row-036; candidate and final are ledgers/working/native-filings/SRC624/records-final.csv row 94,RESOLVED,NATIVE_HTML,c4a66a28478c1861fff90eb921d1d92380e24d4382f2fa38c8b5be45cd99e2ba
9a16c01335e8462071d7,SRC624,table-001,,NATIVE_DIRECT,95,,,NATIVE_DIRECT,Deterministic native reader; filing data/documents/native/carlyle-alpinvest-secondaries-nport-ex-2025-12.html#table-001/row-036; candidate and final are ledgers/working/native-filings/SRC624/records-final.csv row 95,RESOLVED,NATIVE_HTML,c4a66a28478c1861fff90eb921d1d92380e24d4382f2fa38c8b5be45cd99e2ba
aa6f7d0ac9101f03dfec,SRC624,table-001,,NATIVE_DIRECT,96,,,NATIVE_DIRECT,Deterministic native reader; filing data/documents/native/carlyle-alpinvest-secondaries-nport-ex-2025-12.html#table-001/row-037; candidate and final are ledgers/working/native-filings/SRC624/records-final.csv row 96,RESOLVED,NATIVE_HTML,c4a66a28478c1861fff90eb921d1d92380e24d4382f2fa38c8b5be45cd99e2ba
c80eb0354b5cc721187e,SRC624,table-001,,NATIVE_DIRECT,97,,,NATIVE_DIRECT,Deterministic native reader; filing data/documents/native/carlyle-alpinvest-secondaries-nport-ex-2025-12.html#table-001/row-037; candidate and final are ledgers/working/native-filings/SRC624/records-final.csv row 97,RESOLVED,NATIVE_HTML,c4a66a28478c1861fff90eb921d1d92380e24d4382f2fa38c8b5be45cd99e2ba
9cea622c23b5592f4d88,SRC624,table-001,,NATIVE_DIRECT,98,,,NATIVE_DIRECT,Deterministic native reader; filing data/documents/native/carlyle-alpinvest-secondaries-nport-ex-2025-12.html#table-001/row-037; candidate and final are ledgers/working/native-filings/SRC624/records-final.csv row 98,RESOLVED,NATIVE_HTML,c4a66a28478c1861fff90eb921d1d92380e24d4382f2fa38c8b5be45cd99e2ba
12d57a265df571110081,SRC624,table-001,,NATIVE_DIRECT,99,,,NATIVE_DIRECT,Deterministic native reader; filing data/documents/native/carlyle-alpinvest-secondaries-nport-ex-2025-12.html#table-001/row-038; candidate and final are ledgers/working/native-filings/SRC624/records-final.csv row 99,RESOLVED,NATIVE_HTML,c4a66a28478c1861fff90eb921d1d92380e24d4382f2fa38c8b5be45cd99e2ba
6aaf25e436b1a39aab95,SRC624,table-001,,NATIVE_DIRECT,100,,,NATIVE_DIRECT,Deterministic native reader; filing data/documents/native/carlyle-alpinvest-secondaries-nport-ex-2025-12.html#table-001/row-038; candidate and final are ledgers/working/native-filings/SRC624/records-final.csv row 100,RESOLVED,NATIVE_HTML,c4a66a28478c1861fff90eb921d1d92380e24d4382f2fa38c8b5be45cd99e2ba
81d254688f024402afcb,SRC624,table-001,,NATIVE_DIRECT,101,,,NATIVE_DIRECT,Deterministic native reader; filing data/documents/native/carlyle-alpinvest-secondaries-nport-ex-2025-12.html#table-001/row-038; candidate and final are ledgers/working/native-filings/SRC624/records-final.csv row 101,RESOLVED,NATIVE_HTML,c4a66a28478c1861fff90eb921d1d92380e24d4382f2fa38c8b5be45cd99e2ba
9cf7684a42c2db671ee5,SRC624,table-001,,NATIVE_DIRECT,102,,,NATIVE_DIRECT,Deterministic native reader; filing data/documents/native/carlyle-alpinvest-secondaries-nport-ex-2025-12.html#table-001/row-039; candidate and final are ledgers/working/native-filings/SRC624/records-final.csv row 102,RESOLVED,NATIVE_HTML,c4a66a28478c1861fff90eb921d1d92380e24d4382f2fa38c8b5be45cd99e2ba
f70c1adb437773759740,SRC624,table-001,,NATIVE_DIRECT,103,,,NATIVE_DIRECT,Deterministic native reader; filing data/documents/native/carlyle-alpinvest-secondaries-nport-ex-2025-12.html#table-001/row-039; candidate and final are ledgers/working/native-filings/SRC624/records-final.csv row 103,RESOLVED,NATIVE_HTML,c4a66a28478c1861fff90eb921d1d92380e24d4382f2fa38c8b5be45cd99e2ba
6218ef72b6d51f9c8ad5,SRC624,table-001,,NATIVE_DIRECT,104,,,NATIVE_DIRECT,Deterministic native reader; filing data/documents/native/carlyle-alpinvest-secondaries-nport-ex-2025-12.html#table-001/row-039; candidate and final are ledgers/working/native-filings/SRC624/records-final.csv row 104,RESOLVED,NATIVE_HTML,c4a66a28478c1861fff90eb921d1d92380e24d4382f2fa38c8b5be45cd99e2ba
1bee2b8c2333eefd85bd,SRC624,table-001,,NATIVE_DIRECT,105,,,NATIVE_DIRECT,Deterministic native reader; filing data/documents/native/carlyle-alpinvest-secondaries-nport-ex-2025-12.html#table-001/row-040; candidate and final are ledgers/working/native-filings/SRC624/records-final.csv row 105,RESOLVED,NATIVE_HTML,c4a66a28478c1861fff90eb921d1d92380e24d4382f2fa38c8b5be45cd99e2ba
6ad465db4178904e3f62,SRC624,table-001,,NATIVE_DIRECT,106,,,NATIVE_DIRECT,Deterministic native reader; filing data/documents/native/carlyle-alpinvest-secondaries-nport-ex-2025-12.html#table-001/row-040; candidate and final are ledgers/working/native-filings/SRC624/records-final.csv row 106,RESOLVED,NATIVE_HTML,c4a66a28478c1861fff90eb921d1d92380e24d4382f2fa38c8b5be45cd99e2ba
4b23a24a68afd4e0223b,SRC624,table-001,,NATIVE_DIRECT,107,,,NATIVE_DIRECT,Deterministic native reader; filing data/documents/native/carlyle-alpinvest-secondaries-nport-ex-2025-12.html#table-001/row-040; candidate and final are ledgers/working/native-filings/SRC624/records-final.csv row 107,RESOLVED,NATIVE_HTML,c4a66a28478c1861fff90eb921d1d92380e24d4382f2fa38c8b5be45cd99e2ba
b9187e3614ac318d88df,SRC624,table-001,,NATIVE_DIRECT,108,,,NATIVE_DIRECT,Deterministic native reader; filing data/documents/native/carlyle-alpinvest-secondaries-nport-ex-2025-12.html#table-001/row-041; candidate and final are ledgers/working/native-filings/SRC624/records-final.csv row 108,RESOLVED,NATIVE_HTML,c4a66a28478c1861fff90eb921d1d92380e24d4382f2fa38c8b5be45cd99e2ba
2c98dd0516727f762fd0,SRC624,table-001,,NATIVE_DIRECT,109,,,NATIVE_DIRECT,Deterministic native reader; filing data/documents/native/carlyle-alpinvest-secondaries-nport-ex-2025-12.html#table-001/row-041; candidate and final are ledgers/working/native-filings/SRC624/records-final.csv row 109,RESOLVED,NATIVE_HTML,c4a66a28478c1861fff90eb921d1d92380e24d4382f2fa38c8b5be45cd99e2ba
01da165cb1f2797d0c47,SRC624,table-001,,NATIVE_DIRECT,110,,,NATIVE_DIRECT,Deterministic native reader; filing data/documents/native/carlyle-alpinvest-secondaries-nport-ex-2025-12.html#table-001/row-041; candidate and final are ledgers/working/native-filings/SRC624/records-final.csv row 110,RESOLVED,NATIVE_HTML,c4a66a28478c1861fff90eb921d1d92380e24d4382f2fa38c8b5be45cd99e2ba
cd1522c12e52b570092c,SRC624,table-002,,NATIVE_DIRECT,111,,,NATIVE_DIRECT,Deterministic native reader; filing data/documents/native/carlyle-alpinvest-secondaries-nport-ex-2025-12.html#table-002/row-002; candidate and final are ledgers/working/native-filings/SRC624/records-final.csv row 111,RESOLVED,NATIVE_HTML,c4a66a28478c1861fff90eb921d1d92380e24d4382f2fa38c8b5be45cd99e2ba
9ca83352857edef915ce,SRC624,table-002,,NATIVE_DIRECT,112,,,NATIVE_DIRECT,Deterministic native reader; filing data/documents/native/carlyle-alpinvest-secondaries-nport-ex-2025-12.html#table-002/row-002; candidate and final are ledgers/working/native-filings/SRC624/records-final.csv row 112,RESOLVED,NATIVE_HTML,c4a66a28478c1861fff90eb921d1d92380e24d4382f2fa38c8b5be45cd99e2ba
f3b99101779aca032937,SRC624,table-002,,NATIVE_DIRECT,113,,,NATIVE_DIRECT,Deterministic native reader; filing data/documents/native/carlyle-alpinvest-secondaries-nport-ex-2025-12.html#table-002/row-002; candidate and final are ledgers/working/native-filings/SRC624/records-final.csv row 113,RESOLVED,NATIVE_HTML,c4a66a28478c1861fff90eb921d1d92380e24d4382f2fa38c8b5be45cd99e2ba
8f644bd8620e68fd228a,SRC624,table-002,,NATIVE_DIRECT,114,,,NATIVE_DIRECT,Deterministic native reader; filing data/documents/native/carlyle-alpinvest-secondaries-nport-ex-2025-12.html#table-002/row-003; candidate and final are ledgers/working/native-filings/SRC624/records-final.csv row 114,RESOLVED,NATIVE_HTML,c4a66a28478c1861fff90eb921d1d92380e24d4382f2fa38c8b5be45cd99e2ba
863ab722808326d4b212,SRC624,table-002,,NATIVE_DIRECT,115,,,NATIVE_DIRECT,Deterministic native reader; filing data/documents/native/carlyle-alpinvest-secondaries-nport-ex-2025-12.html#table-002/row-003; candidate and final are ledgers/working/native-filings/SRC624/records-final.csv row 115,RESOLVED,NATIVE_HTML,c4a66a28478c1861fff90eb921d1d92380e24d4382f2fa38c8b5be45cd99e2ba
266476426b206edbaa10,SRC624,table-002,,NATIVE_DIRECT,116,,,NATIVE_DIRECT,Deterministic native reader; filing data/documents/native/carlyle-alpinvest-secondaries-nport-ex-2025-12.html#table-002/row-003; candidate and final are ledgers/working/native-filings/SRC624/records-final.csv row 116,RESOLVED,NATIVE_HTML,c4a66a28478c1861fff90eb921d1d92380e24d4382f2fa38c8b5be45cd99e2ba
7ceed4eedbdb834c1522,SRC624,table-002,,NATIVE_DIRECT,117,,,NATIVE_DIRECT,Deterministic native reader; filing data/documents/native/carlyle-alpinvest-secondaries-nport-ex-2025-12.html#table-002/row-004; candidate and final are ledgers/working/native-filings/SRC624/records-final.csv row 117,RESOLVED,NATIVE_HTML,c4a66a28478c1861fff90eb921d1d92380e24d4382f2fa38c8b5be45cd99e2ba
e9f9422e343d10fb67c3,SRC624,table-002,,NATIVE_DIRECT,118,,,NATIVE_DIRECT,Deterministic native reader; filing data/documents/native/carlyle-alpinvest-secondaries-nport-ex-2025-12.html#table-002/row-004; candidate and final are ledgers/working/native-filings/SRC624/records-final.csv row 118,RESOLVED,NATIVE_HTML,c4a66a28478c1861fff90eb921d1d92380e24d4382f2fa38c8b5be45cd99e2ba
39dfaeb88de5b369f55b,SRC624,table-002,,NATIVE_DIRECT,119,,,NATIVE_DIRECT,Deterministic native reader; filing data/documents/native/carlyle-alpinvest-secondaries-nport-ex-2025-12.html#table-002/row-004; candidate and final are ledgers/working/native-filings/SRC624/records-final.csv row 119,RESOLVED,NATIVE_HTML,c4a66a28478c1861fff90eb921d1d92380e24d4382f2fa38c8b5be45cd99e2ba
a2450466c83de3162c73,SRC624,table-002,,NATIVE_DIRECT,120,,,NATIVE_DIRECT,Deterministic native reader; filing data/documents/native/carlyle-alpinvest-secondaries-nport-ex-2025-12.html#table-002/row-005; candidate and final are ledgers/working/native-filings/SRC624/records-final.csv row 120,RESOLVED,NATIVE_HTML,c4a66a28478c1861fff90eb921d1d92380e24d4382f2fa38c8b5be45cd99e2ba
cff8c2f7885e08cbc27a,SRC624,table-002,,NATIVE_DIRECT,121,,,NATIVE_DIRECT,Deterministic native reader; filing data/documents/native/carlyle-alpinvest-secondaries-nport-ex-2025-12.html#table-002/row-005; candidate and final are ledgers/working/native-filings/SRC624/records-final.csv row 121,RESOLVED,NATIVE_HTML,c4a66a28478c1861fff90eb921d1d92380e24d4382f2fa38c8b5be45cd99e2ba
0d78d508569d999e6693,SRC624,table-002,,NATIVE_DIRECT,122,,,NATIVE_DIRECT,Deterministic native reader; filing data/documents/native/carlyle-alpinvest-secondaries-nport-ex-2025-12.html#table-002/row-005; candidate and final are ledgers/working/native-filings/SRC624/records-final.csv row 122,RESOLVED,NATIVE_HTML,c4a66a28478c1861fff90eb921d1d92380e24d4382f2fa38c8b5be45cd99e2ba
b6fa8091c5e7bc207863,SRC624,table-002,,NATIVE_DIRECT,123,,,NATIVE_DIRECT,Deterministic native reader; filing data/documents/native/carlyle-alpinvest-secondaries-nport-ex-2025-12.html#table-002/row-006; candidate and final are ledgers/working/native-filings/SRC624/records-final.csv row 123,RESOLVED,NATIVE_HTML,c4a66a28478c1861fff90eb921d1d92380e24d4382f2fa38c8b5be45cd99e2ba
15e8de044252dc1818bc,SRC624,table-002,,NATIVE_DIRECT,124,,,NATIVE_DIRECT,Deterministic native reader; filing data/documents/native/carlyle-alpinvest-secondaries-nport-ex-2025-12.html#table-002/row-006; candidate and final are ledgers/working/native-filings/SRC624/records-final.csv row 124,RESOLVED,NATIVE_HTML,c4a66a28478c1861fff90eb921d1d92380e24d4382f2fa38c8b5be45cd99e2ba
5ae4a29ed8717029fe24,SRC624,table-002,,NATIVE_DIRECT,125,,,NATIVE_DIRECT,Deterministic native reader; filing data/documents/native/carlyle-alpinvest-secondaries-nport-ex-2025-12.html#table-002/row-006; candidate and final are ledgers/working/native-filings/SRC624/records-final.csv row 125,RESOLVED,NATIVE_HTML,c4a66a28478c1861fff90eb921d1d92380e24d4382f2fa38c8b5be45cd99e2ba
5509fb537cf9e4893c48,SRC624,table-002,,NATIVE_DIRECT,126,,,NATIVE_DIRECT,Deterministic native reader; filing data/documents/native/carlyle-alpinvest-secondaries-nport-ex-2025-12.html#table-002/row-007; candidate and final are ledgers/working/native-filings/SRC624/records-final.csv row 126,RESOLVED,NATIVE_HTML,c4a66a28478c1861fff90eb921d1d92380e24d4382f2fa38c8b5be45cd99e2ba
20d93dc35ba9089b97d1,SRC624,table-002,,NATIVE_DIRECT,127,,,NATIVE_DIRECT,Deterministic native reader; filing data/documents/native/carlyle-alpinvest-secondaries-nport-ex-2025-12.html#table-002/row-007; candidate and final are ledgers/working/native-filings/SRC624/records-final.csv row 127,RESOLVED,NATIVE_HTML,c4a66a28478c1861fff90eb921d1d92380e24d4382f2fa38c8b5be45cd99e2ba
7ee24045cb2ea0428fb0,SRC624,table-002,,NATIVE_DIRECT,128,,,NATIVE_DIRECT,Deterministic native reader; filing data/documents/native/carlyle-alpinvest-secondaries-nport-ex-2025-12.html#table-002/row-007; candidate and final are ledgers/working/native-filings/SRC624/records-final.csv row 128,RESOLVED,NATIVE_HTML,c4a66a28478c1861fff90eb921d1d92380e24d4382f2fa38c8b5be45cd99e2ba
c5ac1c1bccf664cc473d,SRC624,table-002,,NATIVE_DIRECT,129,,,NATIVE_DIRECT,Deterministic native reader; filing data/documents/native/carlyle-alpinvest-secondaries-nport-ex-2025-12.html#table-002/row-008; candidate and final are ledgers/working/native-filings/SRC624/records-final.csv row 129,RESOLVED,NATIVE_HTML,c4a66a28478c1861fff90eb921d1d92380e24d4382f2fa38c8b5be45cd99e2ba
7c7e3f95e1aa77a69e22,SRC624,table-002,,NATIVE_DIRECT,130,,,NATIVE_DIRECT,Deterministic native reader; filing data/documents/native/carlyle-alpinvest-secondaries-nport-ex-2025-12.html#table-002/row-008; candidate and final are ledgers/working/native-filings/SRC624/records-final.csv row 130,RESOLVED,NATIVE_HTML,c4a66a28478c1861fff90eb921d1d92380e24d4382f2fa38c8b5be45cd99e2ba
d3e2572a8150cd306701,SRC624,table-002,,NATIVE_DIRECT,131,,,NATIVE_DIRECT,Deterministic native reader; filing data/documents/native/carlyle-alpinvest-secondaries-nport-ex-2025-12.html#table-002/row-008; candidate and final are ledgers/working/native-filings/SRC624/records-final.csv row 131,RESOLVED,NATIVE_HTML,c4a66a28478c1861fff90eb921d1d92380e24d4382f2fa38c8b5be45cd99e2ba
9570c539690663c6636d,SRC624,table-002,,NATIVE_DIRECT,132,,,NATIVE_DIRECT,Deterministic native reader; filing data/documents/native/carlyle-alpinvest-secondaries-nport-ex-2025-12.html#table-002/row-009; candidate and final are ledgers/working/native-filings/SRC624/records-final.csv row 132,RESOLVED,NATIVE_HTML,c4a66a28478c1861fff90eb921d1d92380e24d4382f2fa38c8b5be45cd99e2ba
d13ec0402453f36219ed,SRC624,table-002,,NATIVE_DIRECT,133,,,NATIVE_DIRECT,Deterministic native reader; filing data/documents/native/carlyle-alpinvest-secondaries-nport-ex-2025-12.html#table-002/row-009; candidate and final are ledgers/working/native-filings/SRC624/records-final.csv row 133,RESOLVED,NATIVE_HTML,c4a66a28478c1861fff90eb921d1d92380e24d4382f2fa38c8b5be45cd99e2ba
ed2317820630b6de24db,SRC624,table-002,,NATIVE_DIRECT,134,,,NATIVE_DIRECT,Deterministic native reader; filing data/documents/native/carlyle-alpinvest-secondaries-nport-ex-2025-12.html#table-002/row-009; candidate and final are ledgers/working/native-filings/SRC624/records-final.csv row 134,RESOLVED,NATIVE_HTML,c4a66a28478c1861fff90eb921d1d92380e24d4382f2fa38c8b5be45cd99e2ba
8867dcc645cb8b697d22,SRC624,table-002,,NATIVE_DIRECT,135,,,NATIVE_DIRECT,Deterministic native reader; filing data/documents/native/carlyle-alpinvest-secondaries-nport-ex-2025-12.html#table-002/row-010; candidate and final are ledgers/working/native-filings/SRC624/records-final.csv row 135,RESOLVED,NATIVE_HTML,c4a66a28478c1861fff90eb921d1d92380e24d4382f2fa38c8b5be45cd99e2ba
0d98119a2e49b879d1bf,SRC624,table-002,,NATIVE_DIRECT,136,,,NATIVE_DIRECT,Deterministic native reader; filing data/documents/native/carlyle-alpinvest-secondaries-nport-ex-2025-12.html#table-002/row-010; candidate and final are ledgers/working/native-filings/SRC624/records-final.csv row 136,RESOLVED,NATIVE_HTML,c4a66a28478c1861fff90eb921d1d92380e24d4382f2fa38c8b5be45cd99e2ba
5d52f71e38474f52a480,SRC624,table-002,,NATIVE_DIRECT,137,,,NATIVE_DIRECT,Deterministic native reader; filing data/documents/native/carlyle-alpinvest-secondaries-nport-ex-2025-12.html#table-002/row-010; candidate and final are ledgers/working/native-filings/SRC624/records-final.csv row 137,RESOLVED,NATIVE_HTML,c4a66a28478c1861fff90eb921d1d92380e24d4382f2fa38c8b5be45cd99e2ba
5e272adfb66093675b7e,SRC624,table-002,,NATIVE_DIRECT,138,,,NATIVE_DIRECT,Deterministic native reader; filing data/documents/native/carlyle-alpinvest-secondaries-nport-ex-2025-12.html#table-002/row-011; candidate and final are ledgers/working/native-filings/SRC624/records-final.csv row 138,RESOLVED,NATIVE_HTML,c4a66a28478c1861fff90eb921d1d92380e24d4382f2fa38c8b5be45cd99e2ba
c001134019fbda797e98,SRC624,table-002,,NATIVE_DIRECT,139,,,NATIVE_DIRECT,Deterministic native reader; filing data/documents/native/carlyle-alpinvest-secondaries-nport-ex-2025-12.html#table-002/row-011; candidate and final are ledgers/working/native-filings/SRC624/records-final.csv row 139,RESOLVED,NATIVE_HTML,c4a66a28478c1861fff90eb921d1d92380e24d4382f2fa38c8b5be45cd99e2ba
a029f6fe1918e009e923,SRC624,table-002,,NATIVE_DIRECT,140,,,NATIVE_DIRECT,Deterministic native reader; filing data/documents/native/carlyle-alpinvest-secondaries-nport-ex-2025-12.html#table-002/row-011; candidate and final are ledgers/working/native-filings/SRC624/records-final.csv row 140,RESOLVED,NATIVE_HTML,c4a66a28478c1861fff90eb921d1d92380e24d4382f2fa38c8b5be45cd99e2ba
55d695e73ccbde8dce09,SRC624,table-002,,NATIVE_DIRECT,141,,,NATIVE_DIRECT,Deterministic native reader; filing data/documents/native/carlyle-alpinvest-secondaries-nport-ex-2025-12.html#table-002/row-012; candidate and final are ledgers/working/native-filings/SRC624/records-final.csv row 141,RESOLVED,NATIVE_HTML,c4a66a28478c1861fff90eb921d1d92380e24d4382f2fa38c8b5be45cd99e2ba
882cb0b82eae5d19c338,SRC624,table-002,,NATIVE_DIRECT,142,,,NATIVE_DIRECT,Deterministic native reader; filing data/documents/native/carlyle-alpinvest-secondaries-nport-ex-2025-12.html#table-002/row-012; candidate and final are ledgers/working/native-filings/SRC624/records-final.csv row 142,RESOLVED,NATIVE_HTML,c4a66a28478c1861fff90eb921d1d92380e24d4382f2fa38c8b5be45cd99e2ba
790ecb21794ea1812aa4,SRC624,table-002,,NATIVE_DIRECT,143,,,NATIVE_DIRECT,Deterministic native reader; filing data/documents/native/carlyle-alpinvest-secondaries-nport-ex-2025-12.html#table-002/row-012; candidate and final are ledgers/working/native-filings/SRC624/records-final.csv row 143,RESOLVED,NATIVE_HTML,c4a66a28478c1861fff90eb921d1d92380e24d4382f2fa38c8b5be45cd99e2ba
5dfc0ab0844d779efefe,SRC624,table-002,,NATIVE_DIRECT,144,,,NATIVE_DIRECT,Deterministic native reader; filing data/documents/native/carlyle-alpinvest-secondaries-nport-ex-2025-12.html#table-002/row-013; candidate and final are ledgers/working/native-filings/SRC624/records-final.csv row 144,RESOLVED,NATIVE_HTML,c4a66a28478c1861fff90eb921d1d92380e24d4382f2fa38c8b5be45cd99e2ba
7ef658e3e184fe3bf8e2,SRC624,table-002,,NATIVE_DIRECT,145,,,NATIVE_DIRECT,Deterministic native reader; filing data/documents/native/carlyle-alpinvest-secondaries-nport-ex-2025-12.html#table-002/row-013; candidate and final are ledgers/working/native-filings/SRC624/records-final.csv row 145,RESOLVED,NATIVE_HTML,c4a66a28478c1861fff90eb921d1d92380e24d4382f2fa38c8b5be45cd99e2ba
4d43e1130f38f967cf20,SRC624,table-002,,NATIVE_DIRECT,146,,,NATIVE_DIRECT,Deterministic native reader; filing data/documents/native/carlyle-alpinvest-secondaries-nport-ex-2025-12.html#table-002/row-013; candidate and final are ledgers/working/native-filings/SRC624/records-final.csv row 146,RESOLVED,NATIVE_HTML,c4a66a28478c1861fff90eb921d1d92380e24d4382f2fa38c8b5be45cd99e2ba
b1a0d43c1323ea11fc09,SRC624,table-002,,NATIVE_DIRECT,147,,,NATIVE_DIRECT,Deterministic native reader; filing data/documents/native/carlyle-alpinvest-secondaries-nport-ex-2025-12.html#table-002/row-014; candidate and final are ledgers/working/native-filings/SRC624/records-final.csv row 147,RESOLVED,NATIVE_HTML,c4a66a28478c1861fff90eb921d1d92380e24d4382f2fa38c8b5be45cd99e2ba
d0b2bb29fed803df1b63,SRC624,table-002,,NATIVE_DIRECT,148,,,NATIVE_DIRECT,Deterministic native reader; filing data/documents/native/carlyle-alpinvest-secondaries-nport-ex-2025-12.html#table-002/row-014; candidate and final are ledgers/working/native-filings/SRC624/records-final.csv row 148,RESOLVED,NATIVE_HTML,c4a66a28478c1861fff90eb921d1d92380e24d4382f2fa38c8b5be45cd99e2ba
feb4607f68c70e268aa9,SRC624,table-002,,NATIVE_DIRECT,149,,,NATIVE_DIRECT,Deterministic native reader; filing data/documents/native/carlyle-alpinvest-secondaries-nport-ex-2025-12.html#table-002/row-014; candidate and final are ledgers/working/native-filings/SRC624/records-final.csv row 149,RESOLVED,NATIVE_HTML,c4a66a28478c1861fff90eb921d1d92380e24d4382f2fa38c8b5be45cd99e2ba
6746af02831fae807360,SRC624,table-002,,NATIVE_DIRECT,150,,,NATIVE_DIRECT,Deterministic native reader; filing data/documents/native/carlyle-alpinvest-secondaries-nport-ex-2025-12.html#table-002/row-015; candidate and final are ledgers/working/native-filings/SRC624/records-final.csv row 150,RESOLVED,NATIVE_HTML,c4a66a28478c1861fff90eb921d1d92380e24d4382f2fa38c8b5be45cd99e2ba
a60afdc238e4a1fe3e49,SRC624,table-002,,NATIVE_DIRECT,151,,,NATIVE_DIRECT,Deterministic native reader; filing data/documents/native/carlyle-alpinvest-secondaries-nport-ex-2025-12.html#table-002/row-015; candidate and final are ledgers/working/native-filings/SRC624/records-final.csv row 151,RESOLVED,NATIVE_HTML,c4a66a28478c1861fff90eb921d1d92380e24d4382f2fa38c8b5be45cd99e2ba
ae09901346873cd76b5b,SRC624,table-002,,NATIVE_DIRECT,152,,,NATIVE_DIRECT,Deterministic native reader; filing data/documents/native/carlyle-alpinvest-secondaries-nport-ex-2025-12.html#table-002/row-015; candidate and final are ledgers/working/native-filings/SRC624/records-final.csv row 152,RESOLVED,NATIVE_HTML,c4a66a28478c1861fff90eb921d1d92380e24d4382f2fa38c8b5be45cd99e2ba
f0ac63ba0aa24462c8f8,SRC624,table-002,,NATIVE_DIRECT,153,,,NATIVE_DIRECT,Deterministic native reader; filing data/documents/native/carlyle-alpinvest-secondaries-nport-ex-2025-12.html#table-002/row-016; candidate and final are ledgers/working/native-filings/SRC624/records-final.csv row 153,RESOLVED,NATIVE_HTML,c4a66a28478c1861fff90eb921d1d92380e24d4382f2fa38c8b5be45cd99e2ba
7cb345f57100c7487cc1,SRC624,table-002,,NATIVE_DIRECT,154,,,NATIVE_DIRECT,Deterministic native reader; filing data/documents/native/carlyle-alpinvest-secondaries-nport-ex-2025-12.html#table-002/row-016; candidate and final are ledgers/working/native-filings/SRC624/records-final.csv row 154,RESOLVED,NATIVE_HTML,c4a66a28478c1861fff90eb921d1d92380e24d4382f2fa38c8b5be45cd99e2ba
667293ce0324dacd51d9,SRC624,table-002,,NATIVE_DIRECT,155,,,NATIVE_DIRECT,Deterministic native reader; filing data/documents/native/carlyle-alpinvest-secondaries-nport-ex-2025-12.html#table-002/row-016; candidate and final are ledgers/working/native-filings/SRC624/records-final.csv row 155,RESOLVED,NATIVE_HTML,c4a66a28478c1861fff90eb921d1d92380e24d4382f2fa38c8b5be45cd99e2ba
08b8e732aad0be4f1884,SRC624,table-002,,NATIVE_DIRECT,156,,,NATIVE_DIRECT,Deterministic native reader; filing data/documents/native/carlyle-alpinvest-secondaries-nport-ex-2025-12.html#table-002/row-017; candidate and final are ledgers/working/native-filings/SRC624/records-final.csv row 156,RESOLVED,NATIVE_HTML,c4a66a28478c1861fff90eb921d1d92380e24d4382f2fa38c8b5be45cd99e2ba
0066fabca855bc25893c,SRC624,table-002,,NATIVE_DIRECT,157,,,NATIVE_DIRECT,Deterministic native reader; filing data/documents/native/carlyle-alpinvest-secondaries-nport-ex-2025-12.html#table-002/row-017; candidate and final are ledgers/working/native-filings/SRC624/records-final.csv row 157,RESOLVED,NATIVE_HTML,c4a66a28478c1861fff90eb921d1d92380e24d4382f2fa38c8b5be45cd99e2ba
1f06d0f4b52640f8cd55,SRC624,table-002,,NATIVE_DIRECT,158,,,NATIVE_DIRECT,Deterministic native reader; filing data/documents/native/carlyle-alpinvest-secondaries-nport-ex-2025-12.html#table-002/row-017; candidate and final are ledgers/working/native-filings/SRC624/records-final.csv row 158,RESOLVED,NATIVE_HTML,c4a66a28478c1861fff90eb921d1d92380e24d4382f2fa38c8b5be45cd99e2ba
e33c22c8552f61905fd3,SRC624,table-002,,NATIVE_DIRECT,159,,,NATIVE_DIRECT,Deterministic native reader; filing data/documents/native/carlyle-alpinvest-secondaries-nport-ex-2025-12.html#table-002/row-018; candidate and final are ledgers/working/native-filings/SRC624/records-final.csv row 159,RESOLVED,NATIVE_HTML,c4a66a28478c1861fff90eb921d1d92380e24d4382f2fa38c8b5be45cd99e2ba
62edc3376da7ad6dd0c7,SRC624,table-002,,NATIVE_DIRECT,160,,,NATIVE_DIRECT,Deterministic native reader; filing data/documents/native/carlyle-alpinvest-secondaries-nport-ex-2025-12.html#table-002/row-018; candidate and final are ledgers/working/native-filings/SRC624/records-final.csv row 160,RESOLVED,NATIVE_HTML,c4a66a28478c1861fff90eb921d1d92380e24d4382f2fa38c8b5be45cd99e2ba
e12c52409a01c2fbb49f,SRC624,table-002,,NATIVE_DIRECT,161,,,NATIVE_DIRECT,Deterministic native reader; filing data/documents/native/carlyle-alpinvest-secondaries-nport-ex-2025-12.html#table-002/row-018; candidate and final are ledgers/working/native-filings/SRC624/records-final.csv row 161,RESOLVED,NATIVE_HTML,c4a66a28478c1861fff90eb921d1d92380e24d4382f2fa38c8b5be45cd99e2ba
71d6af12f434e35a0f5c,SRC624,table-002,,NATIVE_DIRECT,162,,,NATIVE_DIRECT,Deterministic native reader; filing data/documents/native/carlyle-alpinvest-secondaries-nport-ex-2025-12.html#table-002/row-024; candidate and final are ledgers/working/native-filings/SRC624/records-final.csv row 162,RESOLVED,NATIVE_HTML,c4a66a28478c1861fff90eb921d1d92380e24d4382f2fa38c8b5be45cd99e2ba
9e886c1006de143f8a35,SRC624,table-002,,NATIVE_DIRECT,163,,,NATIVE_DIRECT,Deterministic native reader; filing data/documents/native/carlyle-alpinvest-secondaries-nport-ex-2025-12.html#table-002/row-024; candidate and final are ledgers/working/native-filings/SRC624/records-final.csv row 163,RESOLVED,NATIVE_HTML,c4a66a28478c1861fff90eb921d1d92380e24d4382f2fa38c8b5be45cd99e2ba
f59b025c1984774e9dc5,SRC625,genInfo,,NATIVE_DIRECT,1,,,NATIVE_DIRECT,Deterministic native reader; filing data/documents/native/carlyle-alpinvest-secondaries-nport-p-2025-12.xml#genInfo/seriesName; candidate and final are ledgers/working/native-filings/SRC625/records-final.csv row 1,RESOLVED,NATIVE_XML,6b83584ac1dec615b478dd451fc1d7c40c93acec63646d591d9bed5c3376a751
91817f2a7192f0136ba1,SRC625,invstOrSecs,,NATIVE_DIRECT,2,,,NATIVE_DIRECT,Deterministic native reader; filing data/documents/native/carlyle-alpinvest-secondaries-nport-p-2025-12.xml#invstOrSec[1]/valUSD; candidate and final are ledgers/working/native-filings/SRC625/records-final.csv row 2,RESOLVED,NATIVE_XML,6b83584ac1dec615b478dd451fc1d7c40c93acec63646d591d9bed5c3376a751
d21157fdaf88e7461935,SRC625,invstOrSecs,,NATIVE_DIRECT,3,,,NATIVE_DIRECT,Deterministic native reader; filing data/documents/native/carlyle-alpinvest-secondaries-nport-p-2025-12.xml#invstOrSec[1]/pctVal; candidate and final are ledgers/working/native-filings/SRC625/records-final.csv row 3,RESOLVED,NATIVE_XML,6b83584ac1dec615b478dd451fc1d7c40c93acec63646d591d9bed5c3376a751
f9ffa26f31d32b486308,SRC625,invstOrSecs,,NATIVE_DIRECT,4,,,NATIVE_DIRECT,Deterministic native reader; filing data/documents/native/carlyle-alpinvest-secondaries-nport-p-2025-12.xml#invstOrSec[2]/valUSD; candidate and final are ledgers/working/native-filings/SRC625/records-final.csv row 4,RESOLVED,NATIVE_XML,6b83584ac1dec615b478dd451fc1d7c40c93acec63646d591d9bed5c3376a751
78f50fd532d58c1ad5f0,SRC625,invstOrSecs,,NATIVE_DIRECT,5,,,NATIVE_DIRECT,Deterministic native reader; filing data/documents/native/carlyle-alpinvest-secondaries-nport-p-2025-12.xml#invstOrSec[2]/pctVal; candidate and final are ledgers/working/native-filings/SRC625/records-final.csv row 5,RESOLVED,NATIVE_XML,6b83584ac1dec615b478dd451fc1d7c40c93acec63646d591d9bed5c3376a751
1fe823346f8b5703cf0f,SRC625,invstOrSecs,,NATIVE_DIRECT,6,,,NATIVE_DIRECT,Deterministic native reader; filing data/documents/native/carlyle-alpinvest-secondaries-nport-p-2025-12.xml#invstOrSec[3]/valUSD; candidate and final are ledgers/working/native-filings/SRC625/records-final.csv row 6,RESOLVED,NATIVE_XML,6b83584ac1dec615b478dd451fc1d7c40c93acec63646d591d9bed5c3376a751
8cc0b764c15e2c0942b3,SRC625,invstOrSecs,,NATIVE_DIRECT,7,,,NATIVE_DIRECT,Deterministic native reader; filing data/documents/native/carlyle-alpinvest-secondaries-nport-p-2025-12.xml#invstOrSec[3]/pctVal; candidate and final are ledgers/working/native-filings/SRC625/records-final.csv row 7,RESOLVED,NATIVE_XML,6b83584ac1dec615b478dd451fc1d7c40c93acec63646d591d9bed5c3376a751
14eedaa450e1cf36d322,SRC625,invstOrSecs,,NATIVE_DIRECT,8,,,NATIVE_DIRECT,Deterministic native reader; filing data/documents/native/carlyle-alpinvest-secondaries-nport-p-2025-12.xml#invstOrSec[4]/valUSD; candidate and final are ledgers/working/native-filings/SRC625/records-final.csv row 8,RESOLVED,NATIVE_XML,6b83584ac1dec615b478dd451fc1d7c40c93acec63646d591d9bed5c3376a751
9fd3aec8a6ce8c94b28d,SRC625,invstOrSecs,,NATIVE_DIRECT,9,,,NATIVE_DIRECT,Deterministic native reader; filing data/documents/native/carlyle-alpinvest-secondaries-nport-p-2025-12.xml#invstOrSec[4]/pctVal; candidate and final are ledgers/working/native-filings/SRC625/records-final.csv row 9,RESOLVED,NATIVE_XML,6b83584ac1dec615b478dd451fc1d7c40c93acec63646d591d9bed5c3376a751
dfc9cb19bf830b7326f4,SRC625,invstOrSecs,,NATIVE_DIRECT,10,,,NATIVE_DIRECT,Deterministic native reader; filing data/documents/native/carlyle-alpinvest-secondaries-nport-p-2025-12.xml#invstOrSec[5]/valUSD; candidate and final are ledgers/working/native-filings/SRC625/records-final.csv row 10,RESOLVED,NATIVE_XML,6b83584ac1dec615b478dd451fc1d7c40c93acec63646d591d9bed5c3376a751
0e71fa46d4513efda875,SRC625,invstOrSecs,,NATIVE_DIRECT,11,,,NATIVE_DIRECT,Deterministic native reader; filing data/documents/native/carlyle-alpinvest-secondaries-nport-p-2025-12.xml#invstOrSec[5]/pctVal; candidate and final are ledgers/working/native-filings/SRC625/records-final.csv row 11,RESOLVED,NATIVE_XML,6b83584ac1dec615b478dd451fc1d7c40c93acec63646d591d9bed5c3376a751
3b1dd1019b5c4902f8e7,SRC625,invstOrSecs,,NATIVE_DIRECT,12,,,NATIVE_DIRECT,Deterministic native reader; filing data/documents/native/carlyle-alpinvest-secondaries-nport-p-2025-12.xml#invstOrSec[6]/valUSD; candidate and final are ledgers/working/native-filings/SRC625/records-final.csv row 12,RESOLVED,NATIVE_XML,6b83584ac1dec615b478dd451fc1d7c40c93acec63646d591d9bed5c3376a751
988125cf6d5b7040144e,SRC625,invstOrSecs,,NATIVE_DIRECT,13,,,NATIVE_DIRECT,Deterministic native reader; filing data/documents/native/carlyle-alpinvest-secondaries-nport-p-2025-12.xml#invstOrSec[6]/pctVal; candidate and final are ledgers/working/native-filings/SRC625/records-final.csv row 13,RESOLVED,NATIVE_XML,6b83584ac1dec615b478dd451fc1d7c40c93acec63646d591d9bed5c3376a751
1d293e3a0ee6c2e24254,SRC625,invstOrSecs,,NATIVE_DIRECT,14,,,NATIVE_DIRECT,Deterministic native reader; filing data/documents/native/carlyle-alpinvest-secondaries-nport-p-2025-12.xml#invstOrSec[7]/valUSD; candidate and final are ledgers/working/native-filings/SRC625/records-final.csv row 14,RESOLVED,NATIVE_XML,6b83584ac1dec615b478dd451fc1d7c40c93acec63646d591d9bed5c3376a751
da3b60330b9582c1ecb8,SRC625,invstOrSecs,,NATIVE_DIRECT,15,,,NATIVE_DIRECT,Deterministic native reader; filing data/documents/native/carlyle-alpinvest-secondaries-nport-p-2025-12.xml#invstOrSec[7]/pctVal; candidate and final are ledgers/working/native-filings/SRC625/records-final.csv row 15,RESOLVED,NATIVE_XML,6b83584ac1dec615b478dd451fc1d7c40c93acec63646d591d9bed5c3376a751
375c6b110767dad1502b,SRC625,invstOrSecs,,NATIVE_DIRECT,16,,,NATIVE_DIRECT,Deterministic native reader; filing data/documents/native/carlyle-alpinvest-secondaries-nport-p-2025-12.xml#invstOrSec[7]/balance; candidate and final are ledgers/working/native-filings/SRC625/records-final.csv row 16,RESOLVED,NATIVE_XML,6b83584ac1dec615b478dd451fc1d7c40c93acec63646d591d9bed5c3376a751
9041596948327bc6b4d5,SRC625,invstOrSecs,,NATIVE_DIRECT,17,,,NATIVE_DIRECT,Deterministic native reader; filing data/documents/native/carlyle-alpinvest-secondaries-nport-p-2025-12.xml#invstOrSec[8]/valUSD; candidate and final are ledgers/working/native-filings/SRC625/records-final.csv row 17,RESOLVED,NATIVE_XML,6b83584ac1dec615b478dd451fc1d7c40c93acec63646d591d9bed5c3376a751
f2c6a20db70aec6700eb,SRC625,invstOrSecs,,NATIVE_DIRECT,18,,,NATIVE_DIRECT,Deterministic native reader; filing data/documents/native/carlyle-alpinvest-secondaries-nport-p-2025-12.xml#invstOrSec[8]/pctVal; candidate and final are ledgers/working/native-filings/SRC625/records-final.csv row 18,RESOLVED,NATIVE_XML,6b83584ac1dec615b478dd451fc1d7c40c93acec63646d591d9bed5c3376a751
71ebcc39790481d00bb9,SRC625,invstOrSecs,,NATIVE_DIRECT,19,,,NATIVE_DIRECT,Deterministic native reader; filing data/documents/native/carlyle-alpinvest-secondaries-nport-p-2025-12.xml#invstOrSec[9]/valUSD; candidate and final are ledgers/working/native-filings/SRC625/records-final.csv row 19,RESOLVED,NATIVE_XML,6b83584ac1dec615b478dd451fc1d7c40c93acec63646d591d9bed5c3376a751
9838b42f49ef45f18f49,SRC625,invstOrSecs,,NATIVE_DIRECT,20,,,NATIVE_DIRECT,Deterministic native reader; filing data/documents/native/carlyle-alpinvest-secondaries-nport-p-2025-12.xml#invstOrSec[9]/pctVal; candidate and final are ledgers/working/native-filings/SRC625/records-final.csv row 20,RESOLVED,NATIVE_XML,6b83584ac1dec615b478dd451fc1d7c40c93acec63646d591d9bed5c3376a751
99936c963f7b35d99b7c,SRC625,invstOrSecs,,NATIVE_DIRECT,21,,,NATIVE_DIRECT,Deterministic native reader; filing data/documents/native/carlyle-alpinvest-secondaries-nport-p-2025-12.xml#invstOrSec[10]/valUSD; candidate and final are ledgers/working/native-filings/SRC625/records-final.csv row 21,RESOLVED,NATIVE_XML,6b83584ac1dec615b478dd451fc1d7c40c93acec63646d591d9bed5c3376a751
1fc93282ec1a91e737d6,SRC625,invstOrSecs,,NATIVE_DIRECT,22,,,NATIVE_DIRECT,Deterministic native reader; filing data/documents/native/carlyle-alpinvest-secondaries-nport-p-2025-12.xml#invstOrSec[10]/pctVal; candidate and final are ledgers/working/native-filings/SRC625/records-final.csv row 22,RESOLVED,NATIVE_XML,6b83584ac1dec615b478dd451fc1d7c40c93acec63646d591d9bed5c3376a751
c0435a50e116149fc7fb,SRC625,invstOrSecs,,NATIVE_DIRECT,23,,,NATIVE_DIRECT,Deterministic native reader; filing data/documents/native/carlyle-alpinvest-secondaries-nport-p-2025-12.xml#invstOrSec[11]/valUSD; candidate and final are ledgers/working/native-filings/SRC625/records-final.csv row 23,RESOLVED,NATIVE_XML,6b83584ac1dec615b478dd451fc1d7c40c93acec63646d591d9bed5c3376a751
890899f57f48b68a6ac5,SRC625,invstOrSecs,,NATIVE_DIRECT,24,,,NATIVE_DIRECT,Deterministic native reader; filing data/documents/native/carlyle-alpinvest-secondaries-nport-p-2025-12.xml#invstOrSec[11]/pctVal; candidate and final are ledgers/working/native-filings/SRC625/records-final.csv row 24,RESOLVED,NATIVE_XML,6b83584ac1dec615b478dd451fc1d7c40c93acec63646d591d9bed5c3376a751
bc3bf29fc9e5b45cf1e0,SRC625,invstOrSecs,,NATIVE_DIRECT,25,,,NATIVE_DIRECT,Deterministic native reader; filing data/documents/native/carlyle-alpinvest-secondaries-nport-p-2025-12.xml#invstOrSec[12]/valUSD; candidate and final are ledgers/working/native-filings/SRC625/records-final.csv row 25,RESOLVED,NATIVE_XML,6b83584ac1dec615b478dd451fc1d7c40c93acec63646d591d9bed5c3376a751
58a7ab8468ab0cd82f6a,SRC625,invstOrSecs,,NATIVE_DIRECT,26,,,NATIVE_DIRECT,Deterministic native reader; filing data/documents/native/carlyle-alpinvest-secondaries-nport-p-2025-12.xml#invstOrSec[12]/pctVal; candidate and final are ledgers/working/native-filings/SRC625/records-final.csv row 26,RESOLVED,NATIVE_XML,6b83584ac1dec615b478dd451fc1d7c40c93acec63646d591d9bed5c3376a751
8804afb73d4282171ff6,SRC625,invstOrSecs,,NATIVE_DIRECT,27,,,NATIVE_DIRECT,Deterministic native reader; filing data/documents/native/carlyle-alpinvest-secondaries-nport-p-2025-12.xml#invstOrSec[13]/valUSD; candidate and final are ledgers/working/native-filings/SRC625/records-final.csv row 27,RESOLVED,NATIVE_XML,6b83584ac1dec615b478dd451fc1d7c40c93acec63646d591d9bed5c3376a751
a5702dcd4fc27cc77c69,SRC625,invstOrSecs,,NATIVE_DIRECT,28,,,NATIVE_DIRECT,Deterministic native reader; filing data/documents/native/carlyle-alpinvest-secondaries-nport-p-2025-12.xml#invstOrSec[13]/pctVal; candidate and final are ledgers/working/native-filings/SRC625/records-final.csv row 28,RESOLVED,NATIVE_XML,6b83584ac1dec615b478dd451fc1d7c40c93acec63646d591d9bed5c3376a751
2799f3baea4bd15915ed,SRC625,invstOrSecs,,NATIVE_DIRECT,29,,,NATIVE_DIRECT,Deterministic native reader; filing data/documents/native/carlyle-alpinvest-secondaries-nport-p-2025-12.xml#invstOrSec[14]/valUSD; candidate and final are ledgers/working/native-filings/SRC625/records-final.csv row 29,RESOLVED,NATIVE_XML,6b83584ac1dec615b478dd451fc1d7c40c93acec63646d591d9bed5c3376a751
b1ba1d83f33bf73554ce,SRC625,invstOrSecs,,NATIVE_DIRECT,30,,,NATIVE_DIRECT,Deterministic native reader; filing data/documents/native/carlyle-alpinvest-secondaries-nport-p-2025-12.xml#invstOrSec[14]/pctVal; candidate and final are ledgers/working/native-filings/SRC625/records-final.csv row 30,RESOLVED,NATIVE_XML,6b83584ac1dec615b478dd451fc1d7c40c93acec63646d591d9bed5c3376a751
31bd4ce056c98b46f27b,SRC625,invstOrSecs,,NATIVE_DIRECT,31,,,NATIVE_DIRECT,Deterministic native reader; filing data/documents/native/carlyle-alpinvest-secondaries-nport-p-2025-12.xml#invstOrSec[15]/valUSD; candidate and final are ledgers/working/native-filings/SRC625/records-final.csv row 31,RESOLVED,NATIVE_XML,6b83584ac1dec615b478dd451fc1d7c40c93acec63646d591d9bed5c3376a751
a582704b1f734f1cc1b1,SRC625,invstOrSecs,,NATIVE_DIRECT,32,,,NATIVE_DIRECT,Deterministic native reader; filing data/documents/native/carlyle-alpinvest-secondaries-nport-p-2025-12.xml#invstOrSec[15]/pctVal; candidate and final are ledgers/working/native-filings/SRC625/records-final.csv row 32,RESOLVED,NATIVE_XML,6b83584ac1dec615b478dd451fc1d7c40c93acec63646d591d9bed5c3376a751
3a85037deb65a897eeca,SRC625,invstOrSecs,,NATIVE_DIRECT,33,,,NATIVE_DIRECT,Deterministic native reader; filing data/documents/native/carlyle-alpinvest-secondaries-nport-p-2025-12.xml#invstOrSec[16]/valUSD; candidate and final are ledgers/working/native-filings/SRC625/records-final.csv row 33,RESOLVED,NATIVE_XML,6b83584ac1dec615b478dd451fc1d7c40c93acec63646d591d9bed5c3376a751
30808a6c8c8201acbc3a,SRC625,invstOrSecs,,NATIVE_DIRECT,34,,,NATIVE_DIRECT,Deterministic native reader; filing data/documents/native/carlyle-alpinvest-secondaries-nport-p-2025-12.xml#invstOrSec[16]/pctVal; candidate and final are ledgers/working/native-filings/SRC625/records-final.csv row 34,RESOLVED,NATIVE_XML,6b83584ac1dec615b478dd451fc1d7c40c93acec63646d591d9bed5c3376a751
5a796012d45424df21a8,SRC625,invstOrSecs,,NATIVE_DIRECT,35,,,NATIVE_DIRECT,Deterministic native reader; filing data/documents/native/carlyle-alpinvest-secondaries-nport-p-2025-12.xml#invstOrSec[17]/valUSD; candidate and final are ledgers/working/native-filings/SRC625/records-final.csv row 35,RESOLVED,NATIVE_XML,6b83584ac1dec615b478dd451fc1d7c40c93acec63646d591d9bed5c3376a751
af0eb14c2ce291f2e826,SRC625,invstOrSecs,,NATIVE_DIRECT,36,,,NATIVE_DIRECT,Deterministic native reader; filing data/documents/native/carlyle-alpinvest-secondaries-nport-p-2025-12.xml#invstOrSec[17]/pctVal; candidate and final are ledgers/working/native-filings/SRC625/records-final.csv row 36,RESOLVED,NATIVE_XML,6b83584ac1dec615b478dd451fc1d7c40c93acec63646d591d9bed5c3376a751
f676bb383ff74be07935,SRC625,invstOrSecs,,NATIVE_DIRECT,37,,,NATIVE_DIRECT,Deterministic native reader; filing data/documents/native/carlyle-alpinvest-secondaries-nport-p-2025-12.xml#invstOrSec[18]/valUSD; candidate and final are ledgers/working/native-filings/SRC625/records-final.csv row 37,RESOLVED,NATIVE_XML,6b83584ac1dec615b478dd451fc1d7c40c93acec63646d591d9bed5c3376a751
5b45dbb19e185439e791,SRC625,invstOrSecs,,NATIVE_DIRECT,38,,,NATIVE_DIRECT,Deterministic native reader; filing data/documents/native/carlyle-alpinvest-secondaries-nport-p-2025-12.xml#invstOrSec[18]/pctVal; candidate and final are ledgers/working/native-filings/SRC625/records-final.csv row 38,RESOLVED,NATIVE_XML,6b83584ac1dec615b478dd451fc1d7c40c93acec63646d591d9bed5c3376a751
1d13b836557b44b563b7,SRC625,invstOrSecs,,NATIVE_DIRECT,39,,,NATIVE_DIRECT,Deterministic native reader; filing data/documents/native/carlyle-alpinvest-secondaries-nport-p-2025-12.xml#invstOrSec[19]/valUSD; candidate and final are ledgers/working/native-filings/SRC625/records-final.csv row 39,RESOLVED,NATIVE_XML,6b83584ac1dec615b478dd451fc1d7c40c93acec63646d591d9bed5c3376a751
64a8f9c94e3045a2ca32,SRC625,invstOrSecs,,NATIVE_DIRECT,40,,,NATIVE_DIRECT,Deterministic native reader; filing data/documents/native/carlyle-alpinvest-secondaries-nport-p-2025-12.xml#invstOrSec[19]/pctVal; candidate and final are ledgers/working/native-filings/SRC625/records-final.csv row 40,RESOLVED,NATIVE_XML,6b83584ac1dec615b478dd451fc1d7c40c93acec63646d591d9bed5c3376a751
bc0695677a334016f7cd,SRC625,invstOrSecs,,NATIVE_DIRECT,41,,,NATIVE_DIRECT,Deterministic native reader; filing data/documents/native/carlyle-alpinvest-secondaries-nport-p-2025-12.xml#invstOrSec[20]/valUSD; candidate and final are ledgers/working/native-filings/SRC625/records-final.csv row 41,RESOLVED,NATIVE_XML,6b83584ac1dec615b478dd451fc1d7c40c93acec63646d591d9bed5c3376a751
a491f07679a0636ba966,SRC625,invstOrSecs,,NATIVE_DIRECT,42,,,NATIVE_DIRECT,Deterministic native reader; filing data/documents/native/carlyle-alpinvest-secondaries-nport-p-2025-12.xml#invstOrSec[20]/pctVal; candidate and final are ledgers/working/native-filings/SRC625/records-final.csv row 42,RESOLVED,NATIVE_XML,6b83584ac1dec615b478dd451fc1d7c40c93acec63646d591d9bed5c3376a751
b8276b7e911f01d3fa55,SRC625,invstOrSecs,,NATIVE_DIRECT,43,,,NATIVE_DIRECT,Deterministic native reader; filing data/documents/native/carlyle-alpinvest-secondaries-nport-p-2025-12.xml#invstOrSec[21]/valUSD; candidate and final are ledgers/working/native-filings/SRC625/records-final.csv row 43,RESOLVED,NATIVE_XML,6b83584ac1dec615b478dd451fc1d7c40c93acec63646d591d9bed5c3376a751
16c9f9b91a77b9e1c605,SRC625,invstOrSecs,,NATIVE_DIRECT,44,,,NATIVE_DIRECT,Deterministic native reader; filing data/documents/native/carlyle-alpinvest-secondaries-nport-p-2025-12.xml#invstOrSec[21]/pctVal; candidate and final are ledgers/working/native-filings/SRC625/records-final.csv row 44,RESOLVED,NATIVE_XML,6b83584ac1dec615b478dd451fc1d7c40c93acec63646d591d9bed5c3376a751
5af6c1e539542ace1883,SRC625,invstOrSecs,,NATIVE_DIRECT,45,,,NATIVE_DIRECT,Deterministic native reader; filing data/documents/native/carlyle-alpinvest-secondaries-nport-p-2025-12.xml#invstOrSec[22]/valUSD; candidate and final are ledgers/working/native-filings/SRC625/records-final.csv row 45,RESOLVED,NATIVE_XML,6b83584ac1dec615b478dd451fc1d7c40c93acec63646d591d9bed5c3376a751
dd6712eb7fb8a232e3db,SRC625,invstOrSecs,,NATIVE_DIRECT,46,,,NATIVE_DIRECT,Deterministic native reader; filing data/documents/native/carlyle-alpinvest-secondaries-nport-p-2025-12.xml#invstOrSec[22]/pctVal; candidate and final are ledgers/working/native-filings/SRC625/records-final.csv row 46,RESOLVED,NATIVE_XML,6b83584ac1dec615b478dd451fc1d7c40c93acec63646d591d9bed5c3376a751
b5e4fd4ae1b9c715abd9,SRC625,invstOrSecs,,NATIVE_DIRECT,47,,,NATIVE_DIRECT,Deterministic native reader; filing data/documents/native/carlyle-alpinvest-secondaries-nport-p-2025-12.xml#invstOrSec[23]/valUSD; candidate and final are ledgers/working/native-filings/SRC625/records-final.csv row 47,RESOLVED,NATIVE_XML,6b83584ac1dec615b478dd451fc1d7c40c93acec63646d591d9bed5c3376a751
773ece15647ccf98b36f,SRC625,invstOrSecs,,NATIVE_DIRECT,48,,,NATIVE_DIRECT,Deterministic native reader; filing data/documents/native/carlyle-alpinvest-secondaries-nport-p-2025-12.xml#invstOrSec[23]/pctVal; candidate and final are ledgers/working/native-filings/SRC625/records-final.csv row 48,RESOLVED,NATIVE_XML,6b83584ac1dec615b478dd451fc1d7c40c93acec63646d591d9bed5c3376a751
ff565d4cfa2b7b7f94c5,SRC625,invstOrSecs,,NATIVE_DIRECT,49,,,NATIVE_DIRECT,Deterministic native reader; filing data/documents/native/carlyle-alpinvest-secondaries-nport-p-2025-12.xml#invstOrSec[24]/valUSD; candidate and final are ledgers/working/native-filings/SRC625/records-final.csv row 49,RESOLVED,NATIVE_XML,6b83584ac1dec615b478dd451fc1d7c40c93acec63646d591d9bed5c3376a751
042fa74e2868ded06a0e,SRC625,invstOrSecs,,NATIVE_DIRECT,50,,,NATIVE_DIRECT,Deterministic native reader; filing data/documents/native/carlyle-alpinvest-secondaries-nport-p-2025-12.xml#invstOrSec[24]/pctVal; candidate and final are ledgers/working/native-filings/SRC625/records-final.csv row 50,RESOLVED,NATIVE_XML,6b83584ac1dec615b478dd451fc1d7c40c93acec63646d591d9bed5c3376a751
1e4daddbdba1fac2d9ad,SRC625,invstOrSecs,,NATIVE_DIRECT,51,,,NATIVE_DIRECT,Deterministic native reader; filing data/documents/native/carlyle-alpinvest-secondaries-nport-p-2025-12.xml#invstOrSec[25]/valUSD; candidate and final are ledgers/working/native-filings/SRC625/records-final.csv row 51,RESOLVED,NATIVE_XML,6b83584ac1dec615b478dd451fc1d7c40c93acec63646d591d9bed5c3376a751
53fab012b234aad91223,SRC625,invstOrSecs,,NATIVE_DIRECT,52,,,NATIVE_DIRECT,Deterministic native reader; filing data/documents/native/carlyle-alpinvest-secondaries-nport-p-2025-12.xml#invstOrSec[25]/pctVal; candidate and final are ledgers/working/native-filings/SRC625/records-final.csv row 52,RESOLVED,NATIVE_XML,6b83584ac1dec615b478dd451fc1d7c40c93acec63646d591d9bed5c3376a751
07424cec66e558befbc4,SRC625,invstOrSecs,,NATIVE_DIRECT,53,,,NATIVE_DIRECT,Deterministic native reader; filing data/documents/native/carlyle-alpinvest-secondaries-nport-p-2025-12.xml#invstOrSec[26]/valUSD; candidate and final are ledgers/working/native-filings/SRC625/records-final.csv row 53,RESOLVED,NATIVE_XML,6b83584ac1dec615b478dd451fc1d7c40c93acec63646d591d9bed5c3376a751
7f7cf09d73b978ccfee7,SRC625,invstOrSecs,,NATIVE_DIRECT,54,,,NATIVE_DIRECT,Deterministic native reader; filing data/documents/native/carlyle-alpinvest-secondaries-nport-p-2025-12.xml#invstOrSec[26]/pctVal; candidate and final are ledgers/working/native-filings/SRC625/records-final.csv row 54,RESOLVED,NATIVE_XML,6b83584ac1dec615b478dd451fc1d7c40c93acec63646d591d9bed5c3376a751
3028eec86d1fcb301167,SRC625,invstOrSecs,,NATIVE_DIRECT,55,,,NATIVE_DIRECT,Deterministic native reader; filing data/documents/native/carlyle-alpinvest-secondaries-nport-p-2025-12.xml#invstOrSec[27]/valUSD; candidate and final are ledgers/working/native-filings/SRC625/records-final.csv row 55,RESOLVED,NATIVE_XML,6b83584ac1dec615b478dd451fc1d7c40c93acec63646d591d9bed5c3376a751
3a09d9b0c9ae589a3efd,SRC625,invstOrSecs,,NATIVE_DIRECT,56,,,NATIVE_DIRECT,Deterministic native reader; filing data/documents/native/carlyle-alpinvest-secondaries-nport-p-2025-12.xml#invstOrSec[27]/pctVal; candidate and final are ledgers/working/native-filings/SRC625/records-final.csv row 56,RESOLVED,NATIVE_XML,6b83584ac1dec615b478dd451fc1d7c40c93acec63646d591d9bed5c3376a751
ef82e7c7987ae59d1d0d,SRC625,invstOrSecs,,NATIVE_DIRECT,57,,,NATIVE_DIRECT,Deterministic native reader; filing data/documents/native/carlyle-alpinvest-secondaries-nport-p-2025-12.xml#invstOrSec[28]/valUSD; candidate and final are ledgers/working/native-filings/SRC625/records-final.csv row 57,RESOLVED,NATIVE_XML,6b83584ac1dec615b478dd451fc1d7c40c93acec63646d591d9bed5c3376a751
4a4e6de5c177bf09ad18,SRC625,invstOrSecs,,NATIVE_DIRECT,58,,,NATIVE_DIRECT,Deterministic native reader; filing data/documents/native/carlyle-alpinvest-secondaries-nport-p-2025-12.xml#invstOrSec[28]/pctVal; candidate and final are ledgers/working/native-filings/SRC625/records-final.csv row 58,RESOLVED,NATIVE_XML,6b83584ac1dec615b478dd451fc1d7c40c93acec63646d591d9bed5c3376a751
23ec4e294d42f0f6f372,SRC625,invstOrSecs,,NATIVE_DIRECT,59,,,NATIVE_DIRECT,Deterministic native reader; filing data/documents/native/carlyle-alpinvest-secondaries-nport-p-2025-12.xml#invstOrSec[29]/valUSD; candidate and final are ledgers/working/native-filings/SRC625/records-final.csv row 59,RESOLVED,NATIVE_XML,6b83584ac1dec615b478dd451fc1d7c40c93acec63646d591d9bed5c3376a751
c81ca634ae85aceb4478,SRC625,invstOrSecs,,NATIVE_DIRECT,60,,,NATIVE_DIRECT,Deterministic native reader; filing data/documents/native/carlyle-alpinvest-secondaries-nport-p-2025-12.xml#invstOrSec[29]/pctVal; candidate and final are ledgers/working/native-filings/SRC625/records-final.csv row 60,RESOLVED,NATIVE_XML,6b83584ac1dec615b478dd451fc1d7c40c93acec63646d591d9bed5c3376a751
fe2f2e82bcc77e459047,SRC625,invstOrSecs,,NATIVE_DIRECT,61,,,NATIVE_DIRECT,Deterministic native reader; filing data/documents/native/carlyle-alpinvest-secondaries-nport-p-2025-12.xml#invstOrSec[30]/valUSD; candidate and final are ledgers/working/native-filings/SRC625/records-final.csv row 61,RESOLVED,NATIVE_XML,6b83584ac1dec615b478dd451fc1d7c40c93acec63646d591d9bed5c3376a751
48a99d8c8ce0b34b253b,SRC625,invstOrSecs,,NATIVE_DIRECT,62,,,NATIVE_DIRECT,Deterministic native reader; filing data/documents/native/carlyle-alpinvest-secondaries-nport-p-2025-12.xml#invstOrSec[30]/pctVal; candidate and final are ledgers/working/native-filings/SRC625/records-final.csv row 62,RESOLVED,NATIVE_XML,6b83584ac1dec615b478dd451fc1d7c40c93acec63646d591d9bed5c3376a751
14f0aff88904086c3362,SRC625,invstOrSecs,,NATIVE_DIRECT,63,,,NATIVE_DIRECT,Deterministic native reader; filing data/documents/native/carlyle-alpinvest-secondaries-nport-p-2025-12.xml#invstOrSec[31]/valUSD; candidate and final are ledgers/working/native-filings/SRC625/records-final.csv row 63,RESOLVED,NATIVE_XML,6b83584ac1dec615b478dd451fc1d7c40c93acec63646d591d9bed5c3376a751
08a9a30958f6eeda87ce,SRC625,invstOrSecs,,NATIVE_DIRECT,64,,,NATIVE_DIRECT,Deterministic native reader; filing data/documents/native/carlyle-alpinvest-secondaries-nport-p-2025-12.xml#invstOrSec[31]/pctVal; candidate and final are ledgers/working/native-filings/SRC625/records-final.csv row 64,RESOLVED,NATIVE_XML,6b83584ac1dec615b478dd451fc1d7c40c93acec63646d591d9bed5c3376a751
64503130d74211d62ba5,SRC625,invstOrSecs,,NATIVE_DIRECT,65,,,NATIVE_DIRECT,Deterministic native reader; filing data/documents/native/carlyle-alpinvest-secondaries-nport-p-2025-12.xml#invstOrSec[32]/valUSD; candidate and final are ledgers/working/native-filings/SRC625/records-final.csv row 65,RESOLVED,NATIVE_XML,6b83584ac1dec615b478dd451fc1d7c40c93acec63646d591d9bed5c3376a751
245282bb3dcfdec83930,SRC625,invstOrSecs,,NATIVE_DIRECT,66,,,NATIVE_DIRECT,Deterministic native reader; filing data/documents/native/carlyle-alpinvest-secondaries-nport-p-2025-12.xml#invstOrSec[32]/pctVal; candidate and final are ledgers/working/native-filings/SRC625/records-final.csv row 66,RESOLVED,NATIVE_XML,6b83584ac1dec615b478dd451fc1d7c40c93acec63646d591d9bed5c3376a751
3120ceb126b3eff77342,SRC625,invstOrSecs,,NATIVE_DIRECT,67,,,NATIVE_DIRECT,Deterministic native reader; filing data/documents/native/carlyle-alpinvest-secondaries-nport-p-2025-12.xml#invstOrSec[33]/valUSD; candidate and final are ledgers/working/native-filings/SRC625/records-final.csv row 67,RESOLVED,NATIVE_XML,6b83584ac1dec615b478dd451fc1d7c40c93acec63646d591d9bed5c3376a751
41c5770e26af9246e887,SRC625,invstOrSecs,,NATIVE_DIRECT,68,,,NATIVE_DIRECT,Deterministic native reader; filing data/documents/native/carlyle-alpinvest-secondaries-nport-p-2025-12.xml#invstOrSec[33]/pctVal; candidate and final are ledgers/working/native-filings/SRC625/records-final.csv row 68,RESOLVED,NATIVE_XML,6b83584ac1dec615b478dd451fc1d7c40c93acec63646d591d9bed5c3376a751
1e6b319e5ad36750109d,SRC625,invstOrSecs,,NATIVE_DIRECT,69,,,NATIVE_DIRECT,Deterministic native reader; filing data/documents/native/carlyle-alpinvest-secondaries-nport-p-2025-12.xml#invstOrSec[34]/valUSD; candidate and final are ledgers/working/native-filings/SRC625/records-final.csv row 69,RESOLVED,NATIVE_XML,6b83584ac1dec615b478dd451fc1d7c40c93acec63646d591d9bed5c3376a751
a63c9a9f4d05cd0e49dc,SRC625,invstOrSecs,,NATIVE_DIRECT,70,,,NATIVE_DIRECT,Deterministic native reader; filing data/documents/native/carlyle-alpinvest-secondaries-nport-p-2025-12.xml#invstOrSec[34]/pctVal; candidate and final are ledgers/working/native-filings/SRC625/records-final.csv row 70,RESOLVED,NATIVE_XML,6b83584ac1dec615b478dd451fc1d7c40c93acec63646d591d9bed5c3376a751
1675f0b8374a43d1aedd,SRC625,invstOrSecs,,NATIVE_DIRECT,71,,,NATIVE_DIRECT,Deterministic native reader; filing data/documents/native/carlyle-alpinvest-secondaries-nport-p-2025-12.xml#invstOrSec[35]/valUSD; candidate and final are ledgers/working/native-filings/SRC625/records-final.csv row 71,RESOLVED,NATIVE_XML,6b83584ac1dec615b478dd451fc1d7c40c93acec63646d591d9bed5c3376a751
315dd4780645b7907aa2,SRC625,invstOrSecs,,NATIVE_DIRECT,72,,,NATIVE_DIRECT,Deterministic native reader; filing data/documents/native/carlyle-alpinvest-secondaries-nport-p-2025-12.xml#invstOrSec[35]/pctVal; candidate and final are ledgers/working/native-filings/SRC625/records-final.csv row 72,RESOLVED,NATIVE_XML,6b83584ac1dec615b478dd451fc1d7c40c93acec63646d591d9bed5c3376a751
269953fe254314c01994,SRC625,invstOrSecs,,NATIVE_DIRECT,73,,,NATIVE_DIRECT,Deterministic native reader; filing data/documents/native/carlyle-alpinvest-secondaries-nport-p-2025-12.xml#invstOrSec[36]/valUSD; candidate and final are ledgers/working/native-filings/SRC625/records-final.csv row 73,RESOLVED,NATIVE_XML,6b83584ac1dec615b478dd451fc1d7c40c93acec63646d591d9bed5c3376a751
245cc06e4e146a8e8184,SRC625,invstOrSecs,,NATIVE_DIRECT,74,,,NATIVE_DIRECT,Deterministic native reader; filing data/documents/native/carlyle-alpinvest-secondaries-nport-p-2025-12.xml#invstOrSec[36]/pctVal; candidate and final are ledgers/working/native-filings/SRC625/records-final.csv row 74,RESOLVED,NATIVE_XML,6b83584ac1dec615b478dd451fc1d7c40c93acec63646d591d9bed5c3376a751
62e3655db64a73708fe3,SRC625,invstOrSecs,,NATIVE_DIRECT,75,,,NATIVE_DIRECT,Deterministic native reader; filing data/documents/native/carlyle-alpinvest-secondaries-nport-p-2025-12.xml#invstOrSec[37]/valUSD; candidate and final are ledgers/working/native-filings/SRC625/records-final.csv row 75,RESOLVED,NATIVE_XML,6b83584ac1dec615b478dd451fc1d7c40c93acec63646d591d9bed5c3376a751
c85386a794514ed4e041,SRC625,invstOrSecs,,NATIVE_DIRECT,76,,,NATIVE_DIRECT,Deterministic native reader; filing data/documents/native/carlyle-alpinvest-secondaries-nport-p-2025-12.xml#invstOrSec[37]/pctVal; candidate and final are ledgers/working/native-filings/SRC625/records-final.csv row 76,RESOLVED,NATIVE_XML,6b83584ac1dec615b478dd451fc1d7c40c93acec63646d591d9bed5c3376a751
c200da4d89169586401f,SRC625,invstOrSecs,,NATIVE_DIRECT,77,,,NATIVE_DIRECT,Deterministic native reader; filing data/documents/native/carlyle-alpinvest-secondaries-nport-p-2025-12.xml#invstOrSec[38]/valUSD; candidate and final are ledgers/working/native-filings/SRC625/records-final.csv row 77,RESOLVED,NATIVE_XML,6b83584ac1dec615b478dd451fc1d7c40c93acec63646d591d9bed5c3376a751
537c3322f32c63a0d776,SRC625,invstOrSecs,,NATIVE_DIRECT,78,,,NATIVE_DIRECT,Deterministic native reader; filing data/documents/native/carlyle-alpinvest-secondaries-nport-p-2025-12.xml#invstOrSec[38]/pctVal; candidate and final are ledgers/working/native-filings/SRC625/records-final.csv row 78,RESOLVED,NATIVE_XML,6b83584ac1dec615b478dd451fc1d7c40c93acec63646d591d9bed5c3376a751
ab77e5c059563bc8301e,SRC625,invstOrSecs,,NATIVE_DIRECT,79,,,NATIVE_DIRECT,Deterministic native reader; filing data/documents/native/carlyle-alpinvest-secondaries-nport-p-2025-12.xml#invstOrSec[39]/valUSD; candidate and final are ledgers/working/native-filings/SRC625/records-final.csv row 79,RESOLVED,NATIVE_XML,6b83584ac1dec615b478dd451fc1d7c40c93acec63646d591d9bed5c3376a751
face4f16c11dbcbc928d,SRC625,invstOrSecs,,NATIVE_DIRECT,80,,,NATIVE_DIRECT,Deterministic native reader; filing data/documents/native/carlyle-alpinvest-secondaries-nport-p-2025-12.xml#invstOrSec[39]/pctVal; candidate and final are ledgers/working/native-filings/SRC625/records-final.csv row 80,RESOLVED,NATIVE_XML,6b83584ac1dec615b478dd451fc1d7c40c93acec63646d591d9bed5c3376a751
d9bc42ec6079c91c19f9,SRC625,invstOrSecs,,NATIVE_DIRECT,81,,,NATIVE_DIRECT,Deterministic native reader; filing data/documents/native/carlyle-alpinvest-secondaries-nport-p-2025-12.xml#invstOrSec[40]/valUSD; candidate and final are ledgers/working/native-filings/SRC625/records-final.csv row 81,RESOLVED,NATIVE_XML,6b83584ac1dec615b478dd451fc1d7c40c93acec63646d591d9bed5c3376a751
9d74bd54f8ed2b77cdae,SRC625,invstOrSecs,,NATIVE_DIRECT,82,,,NATIVE_DIRECT,Deterministic native reader; filing data/documents/native/carlyle-alpinvest-secondaries-nport-p-2025-12.xml#invstOrSec[40]/pctVal; candidate and final are ledgers/working/native-filings/SRC625/records-final.csv row 82,RESOLVED,NATIVE_XML,6b83584ac1dec615b478dd451fc1d7c40c93acec63646d591d9bed5c3376a751
7f24e27504d6dca3fe77,SRC625,invstOrSecs,,NATIVE_DIRECT,83,,,NATIVE_DIRECT,Deterministic native reader; filing data/documents/native/carlyle-alpinvest-secondaries-nport-p-2025-12.xml#invstOrSec[41]/valUSD; candidate and final are ledgers/working/native-filings/SRC625/records-final.csv row 83,RESOLVED,NATIVE_XML,6b83584ac1dec615b478dd451fc1d7c40c93acec63646d591d9bed5c3376a751
20fcb09c42d62708c78a,SRC625,invstOrSecs,,NATIVE_DIRECT,84,,,NATIVE_DIRECT,Deterministic native reader; filing data/documents/native/carlyle-alpinvest-secondaries-nport-p-2025-12.xml#invstOrSec[41]/pctVal; candidate and final are ledgers/working/native-filings/SRC625/records-final.csv row 84,RESOLVED,NATIVE_XML,6b83584ac1dec615b478dd451fc1d7c40c93acec63646d591d9bed5c3376a751
42eb08a76331f2dd142f,SRC625,invstOrSecs,,NATIVE_DIRECT,85,,,NATIVE_DIRECT,Deterministic native reader; filing data/documents/native/carlyle-alpinvest-secondaries-nport-p-2025-12.xml#invstOrSec[42]/valUSD; candidate and final are ledgers/working/native-filings/SRC625/records-final.csv row 85,RESOLVED,NATIVE_XML,6b83584ac1dec615b478dd451fc1d7c40c93acec63646d591d9bed5c3376a751
67524fd77cdd50fa3953,SRC625,invstOrSecs,,NATIVE_DIRECT,86,,,NATIVE_DIRECT,Deterministic native reader; filing data/documents/native/carlyle-alpinvest-secondaries-nport-p-2025-12.xml#invstOrSec[42]/pctVal; candidate and final are ledgers/working/native-filings/SRC625/records-final.csv row 86,RESOLVED,NATIVE_XML,6b83584ac1dec615b478dd451fc1d7c40c93acec63646d591d9bed5c3376a751
5c626d7fac5f9bfebade,SRC625,invstOrSecs,,NATIVE_DIRECT,87,,,NATIVE_DIRECT,Deterministic native reader; filing data/documents/native/carlyle-alpinvest-secondaries-nport-p-2025-12.xml#invstOrSec[43]/valUSD; candidate and final are ledgers/working/native-filings/SRC625/records-final.csv row 87,RESOLVED,NATIVE_XML,6b83584ac1dec615b478dd451fc1d7c40c93acec63646d591d9bed5c3376a751
d087cee5d5e0ea833e61,SRC625,invstOrSecs,,NATIVE_DIRECT,88,,,NATIVE_DIRECT,Deterministic native reader; filing data/documents/native/carlyle-alpinvest-secondaries-nport-p-2025-12.xml#invstOrSec[43]/pctVal; candidate and final are ledgers/working/native-filings/SRC625/records-final.csv row 88,RESOLVED,NATIVE_XML,6b83584ac1dec615b478dd451fc1d7c40c93acec63646d591d9bed5c3376a751
2f8187b160759081f714,SRC625,invstOrSecs,,NATIVE_DIRECT,89,,,NATIVE_DIRECT,Deterministic native reader; filing data/documents/native/carlyle-alpinvest-secondaries-nport-p-2025-12.xml#invstOrSec[44]/valUSD; candidate and final are ledgers/working/native-filings/SRC625/records-final.csv row 89,RESOLVED,NATIVE_XML,6b83584ac1dec615b478dd451fc1d7c40c93acec63646d591d9bed5c3376a751
09fd144edf00b10488ff,SRC625,invstOrSecs,,NATIVE_DIRECT,90,,,NATIVE_DIRECT,Deterministic native reader; filing data/documents/native/carlyle-alpinvest-secondaries-nport-p-2025-12.xml#invstOrSec[44]/pctVal; candidate and final are ledgers/working/native-filings/SRC625/records-final.csv row 90,RESOLVED,NATIVE_XML,6b83584ac1dec615b478dd451fc1d7c40c93acec63646d591d9bed5c3376a751
3f3896be13779b853583,SRC625,invstOrSecs,,NATIVE_DIRECT,91,,,NATIVE_DIRECT,Deterministic native reader; filing data/documents/native/carlyle-alpinvest-secondaries-nport-p-2025-12.xml#invstOrSec[45]/valUSD; candidate and final are ledgers/working/native-filings/SRC625/records-final.csv row 91,RESOLVED,NATIVE_XML,6b83584ac1dec615b478dd451fc1d7c40c93acec63646d591d9bed5c3376a751
c0496bed22b18e190c4b,SRC625,invstOrSecs,,NATIVE_DIRECT,92,,,NATIVE_DIRECT,Deterministic native reader; filing data/documents/native/carlyle-alpinvest-secondaries-nport-p-2025-12.xml#invstOrSec[45]/pctVal; candidate and final are ledgers/working/native-filings/SRC625/records-final.csv row 92,RESOLVED,NATIVE_XML,6b83584ac1dec615b478dd451fc1d7c40c93acec63646d591d9bed5c3376a751
7baa389185187aa38d55,SRC625,invstOrSecs,,NATIVE_DIRECT,93,,,NATIVE_DIRECT,Deterministic native reader; filing data/documents/native/carlyle-alpinvest-secondaries-nport-p-2025-12.xml#invstOrSec[46]/valUSD; candidate and final are ledgers/working/native-filings/SRC625/records-final.csv row 93,RESOLVED,NATIVE_XML,6b83584ac1dec615b478dd451fc1d7c40c93acec63646d591d9bed5c3376a751
d347dc17f42f54201f1b,SRC625,invstOrSecs,,NATIVE_DIRECT,94,,,NATIVE_DIRECT,Deterministic native reader; filing data/documents/native/carlyle-alpinvest-secondaries-nport-p-2025-12.xml#invstOrSec[46]/pctVal; candidate and final are ledgers/working/native-filings/SRC625/records-final.csv row 94,RESOLVED,NATIVE_XML,6b83584ac1dec615b478dd451fc1d7c40c93acec63646d591d9bed5c3376a751
ea0a49d59a619434b570,SRC625,invstOrSecs,,NATIVE_DIRECT,95,,,NATIVE_DIRECT,Deterministic native reader; filing data/documents/native/carlyle-alpinvest-secondaries-nport-p-2025-12.xml#invstOrSec[47]/valUSD; candidate and final are ledgers/working/native-filings/SRC625/records-final.csv row 95,RESOLVED,NATIVE_XML,6b83584ac1dec615b478dd451fc1d7c40c93acec63646d591d9bed5c3376a751
cc5cc6c0120bf88b8ffb,SRC625,invstOrSecs,,NATIVE_DIRECT,96,,,NATIVE_DIRECT,Deterministic native reader; filing data/documents/native/carlyle-alpinvest-secondaries-nport-p-2025-12.xml#invstOrSec[47]/pctVal; candidate and final are ledgers/working/native-filings/SRC625/records-final.csv row 96,RESOLVED,NATIVE_XML,6b83584ac1dec615b478dd451fc1d7c40c93acec63646d591d9bed5c3376a751
5149e159d7f553c21776,SRC625,invstOrSecs,,NATIVE_DIRECT,97,,,NATIVE_DIRECT,Deterministic native reader; filing data/documents/native/carlyle-alpinvest-secondaries-nport-p-2025-12.xml#invstOrSec[48]/valUSD; candidate and final are ledgers/working/native-filings/SRC625/records-final.csv row 97,RESOLVED,NATIVE_XML,6b83584ac1dec615b478dd451fc1d7c40c93acec63646d591d9bed5c3376a751
bf967b59db03dea63896,SRC625,invstOrSecs,,NATIVE_DIRECT,98,,,NATIVE_DIRECT,Deterministic native reader; filing data/documents/native/carlyle-alpinvest-secondaries-nport-p-2025-12.xml#invstOrSec[48]/pctVal; candidate and final are ledgers/working/native-filings/SRC625/records-final.csv row 98,RESOLVED,NATIVE_XML,6b83584ac1dec615b478dd451fc1d7c40c93acec63646d591d9bed5c3376a751
cdc655e4be69356ac22b,SRC625,invstOrSecs,,NATIVE_DIRECT,99,,,NATIVE_DIRECT,Deterministic native reader; filing data/documents/native/carlyle-alpinvest-secondaries-nport-p-2025-12.xml#invstOrSec[49]/valUSD; candidate and final are ledgers/working/native-filings/SRC625/records-final.csv row 99,RESOLVED,NATIVE_XML,6b83584ac1dec615b478dd451fc1d7c40c93acec63646d591d9bed5c3376a751
be713528d191ec48fd24,SRC625,invstOrSecs,,NATIVE_DIRECT,100,,,NATIVE_DIRECT,Deterministic native reader; filing data/documents/native/carlyle-alpinvest-secondaries-nport-p-2025-12.xml#invstOrSec[49]/pctVal; candidate and final are ledgers/working/native-filings/SRC625/records-final.csv row 100,RESOLVED,NATIVE_XML,6b83584ac1dec615b478dd451fc1d7c40c93acec63646d591d9bed5c3376a751
bbb07aae124c7a8475aa,SRC625,invstOrSecs,,NATIVE_DIRECT,101,,,NATIVE_DIRECT,Deterministic native reader; filing data/documents/native/carlyle-alpinvest-secondaries-nport-p-2025-12.xml#invstOrSec[50]/valUSD; candidate and final are ledgers/working/native-filings/SRC625/records-final.csv row 101,RESOLVED,NATIVE_XML,6b83584ac1dec615b478dd451fc1d7c40c93acec63646d591d9bed5c3376a751
90106291b02536b62871,SRC625,invstOrSecs,,NATIVE_DIRECT,102,,,NATIVE_DIRECT,Deterministic native reader; filing data/documents/native/carlyle-alpinvest-secondaries-nport-p-2025-12.xml#invstOrSec[50]/pctVal; candidate and final are ledgers/working/native-filings/SRC625/records-final.csv row 102,RESOLVED,NATIVE_XML,6b83584ac1dec615b478dd451fc1d7c40c93acec63646d591d9bed5c3376a751
216d42c817057a90db77,SRC625,invstOrSecs,,NATIVE_DIRECT,103,,,NATIVE_DIRECT,Deterministic native reader; filing data/documents/native/carlyle-alpinvest-secondaries-nport-p-2025-12.xml#invstOrSec[51]/valUSD; candidate and final are ledgers/working/native-filings/SRC625/records-final.csv row 103,RESOLVED,NATIVE_XML,6b83584ac1dec615b478dd451fc1d7c40c93acec63646d591d9bed5c3376a751
b6d5c4adc2a49a567340,SRC625,invstOrSecs,,NATIVE_DIRECT,104,,,NATIVE_DIRECT,Deterministic native reader; filing data/documents/native/carlyle-alpinvest-secondaries-nport-p-2025-12.xml#invstOrSec[51]/pctVal; candidate and final are ledgers/working/native-filings/SRC625/records-final.csv row 104,RESOLVED,NATIVE_XML,6b83584ac1dec615b478dd451fc1d7c40c93acec63646d591d9bed5c3376a751
985a9f856d87da429096,SRC625,invstOrSecs,,NATIVE_DIRECT,105,,,NATIVE_DIRECT,Deterministic native reader; filing data/documents/native/carlyle-alpinvest-secondaries-nport-p-2025-12.xml#invstOrSec[52]/valUSD; candidate and final are ledgers/working/native-filings/SRC625/records-final.csv row 105,RESOLVED,NATIVE_XML,6b83584ac1dec615b478dd451fc1d7c40c93acec63646d591d9bed5c3376a751
7c16d094c57ed5a828a8,SRC625,invstOrSecs,,NATIVE_DIRECT,106,,,NATIVE_DIRECT,Deterministic native reader; filing data/documents/native/carlyle-alpinvest-secondaries-nport-p-2025-12.xml#invstOrSec[52]/pctVal; candidate and final are ledgers/working/native-filings/SRC625/records-final.csv row 106,RESOLVED,NATIVE_XML,6b83584ac1dec615b478dd451fc1d7c40c93acec63646d591d9bed5c3376a751
10bf9c96266487f7e9c0,SRC625,fundInfo,,NATIVE_DIRECT,107,,,NATIVE_DIRECT,Deterministic native reader; filing data/documents/native/carlyle-alpinvest-secondaries-nport-p-2025-12.xml#fundInfo/totAssets; candidate and final are ledgers/working/native-filings/SRC625/records-final.csv row 107,RESOLVED,NATIVE_XML,6b83584ac1dec615b478dd451fc1d7c40c93acec63646d591d9bed5c3376a751
d2881f2a36432ba7bf3b,SRC625,fundInfo,,NATIVE_DIRECT,108,,,NATIVE_DIRECT,Deterministic native reader; filing data/documents/native/carlyle-alpinvest-secondaries-nport-p-2025-12.xml#fundInfo/totLiabs; candidate and final are ledgers/working/native-filings/SRC625/records-final.csv row 108,RESOLVED,NATIVE_XML,6b83584ac1dec615b478dd451fc1d7c40c93acec63646d591d9bed5c3376a751
09527e5db79a9d9172f3,SRC625,fundInfo,,NATIVE_DIRECT,109,,,NATIVE_DIRECT,Deterministic native reader; filing data/documents/native/carlyle-alpinvest-secondaries-nport-p-2025-12.xml#fundInfo/netAssets; candidate and final are ledgers/working/native-filings/SRC625/records-final.csv row 109,RESOLVED,NATIVE_XML,6b83584ac1dec615b478dd451fc1d7c40c93acec63646d591d9bed5c3376a751
2a0ac371b469a32410a5,SRC625,fundInfo,,NATIVE_DIRECT,110,,,NATIVE_DIRECT,Deterministic native reader; filing data/documents/native/carlyle-alpinvest-secondaries-nport-p-2025-12.xml#fundInfo/cshNotRptdInCorD; candidate and final are ledgers/working/native-filings/SRC625/records-final.csv row 110,RESOLVED,NATIVE_XML,6b83584ac1dec615b478dd451fc1d7c40c93acec63646d591d9bed5c3376a751
79e55349970214c0e99d,SRC625,fundInfo,,NATIVE_DIRECT,111,,,NATIVE_DIRECT,Deterministic native reader; filing data/documents/native/carlyle-alpinvest-secondaries-nport-p-2025-12.xml#fundInfo/mon1Flow@sales; candidate and final are ledgers/working/native-filings/SRC625/records-final.csv row 111,RESOLVED,NATIVE_XML,6b83584ac1dec615b478dd451fc1d7c40c93acec63646d591d9bed5c3376a751
21ac9b398b311bc25987,SRC625,fundInfo,,NATIVE_DIRECT,112,,,NATIVE_DIRECT,Deterministic native reader; filing data/documents/native/carlyle-alpinvest-secondaries-nport-p-2025-12.xml#fundInfo/mon1Flow@redemption; candidate and final are ledgers/working/native-filings/SRC625/records-final.csv row 112,RESOLVED,NATIVE_XML,6b83584ac1dec615b478dd451fc1d7c40c93acec63646d591d9bed5c3376a751
ef09e246b7dd74b50bd7,SRC625,fundInfo,,NATIVE_DIRECT,113,,,NATIVE_DIRECT,Deterministic native reader; filing data/documents/native/carlyle-alpinvest-secondaries-nport-p-2025-12.xml#fundInfo/mon1Flow@reinvestment; candidate and final are ledgers/working/native-filings/SRC625/records-final.csv row 113,RESOLVED,NATIVE_XML,6b83584ac1dec615b478dd451fc1d7c40c93acec63646d591d9bed5c3376a751
3cacc30a0868c58ed52a,SRC625,fundInfo,,NATIVE_DIRECT,114,,,NATIVE_DIRECT,Deterministic native reader; filing data/documents/native/carlyle-alpinvest-secondaries-nport-p-2025-12.xml#fundInfo/mon2Flow@sales; candidate and final are ledgers/working/native-filings/SRC625/records-final.csv row 114,RESOLVED,NATIVE_XML,6b83584ac1dec615b478dd451fc1d7c40c93acec63646d591d9bed5c3376a751
31d1d2be5a75dd09bc90,SRC625,fundInfo,,NATIVE_DIRECT,115,,,NATIVE_DIRECT,Deterministic native reader; filing data/documents/native/carlyle-alpinvest-secondaries-nport-p-2025-12.xml#fundInfo/mon2Flow@redemption; candidate and final are ledgers/working/native-filings/SRC625/records-final.csv row 115,RESOLVED,NATIVE_XML,6b83584ac1dec615b478dd451fc1d7c40c93acec63646d591d9bed5c3376a751
b037577183bb9c5627f6,SRC625,fundInfo,,NATIVE_DIRECT,116,,,NATIVE_DIRECT,Deterministic native reader; filing data/documents/native/carlyle-alpinvest-secondaries-nport-p-2025-12.xml#fundInfo/mon2Flow@reinvestment; candidate and final are ledgers/working/native-filings/SRC625/records-final.csv row 116,RESOLVED,NATIVE_XML,6b83584ac1dec615b478dd451fc1d7c40c93acec63646d591d9bed5c3376a751
d02e29c7d50d70b3f872,SRC625,fundInfo,,NATIVE_DIRECT,117,,,NATIVE_DIRECT,Deterministic native reader; filing data/documents/native/carlyle-alpinvest-secondaries-nport-p-2025-12.xml#fundInfo/mon3Flow@sales; candidate and final are ledgers/working/native-filings/SRC625/records-final.csv row 117,RESOLVED,NATIVE_XML,6b83584ac1dec615b478dd451fc1d7c40c93acec63646d591d9bed5c3376a751
00b9feb8faaed33aa1cf,SRC625,fundInfo,,NATIVE_DIRECT,118,,,NATIVE_DIRECT,Deterministic native reader; filing data/documents/native/carlyle-alpinvest-secondaries-nport-p-2025-12.xml#fundInfo/mon3Flow@redemption; candidate and final are ledgers/working/native-filings/SRC625/records-final.csv row 118,RESOLVED,NATIVE_XML,6b83584ac1dec615b478dd451fc1d7c40c93acec63646d591d9bed5c3376a751
aac3365820df1739141f,SRC625,fundInfo,,NATIVE_DIRECT,119,,,NATIVE_DIRECT,Deterministic native reader; filing data/documents/native/carlyle-alpinvest-secondaries-nport-p-2025-12.xml#fundInfo/mon3Flow@reinvestment; candidate and final are ledgers/working/native-filings/SRC625/records-final.csv row 119,RESOLVED,NATIVE_XML,6b83584ac1dec615b478dd451fc1d7c40c93acec63646d591d9bed5c3376a751
ecc0edd0c4a943b11d7d,SRC625,fundInfo,,NATIVE_DIRECT,120,,,NATIVE_DIRECT,Deterministic native reader; filing data/documents/native/carlyle-alpinvest-secondaries-nport-p-2025-12.xml#fundInfo/returnInfo/monthlyTotReturns/monthlyTotReturn[1]@rtn3; candidate and final are ledgers/working/native-filings/SRC625/records-final.csv row 120,RESOLVED,NATIVE_XML,6b83584ac1dec615b478dd451fc1d7c40c93acec63646d591d9bed5c3376a751
c7481457341bbdc61b39,SRC625,fundInfo,,NATIVE_DIRECT,121,,,NATIVE_DIRECT,Deterministic native reader; filing data/documents/native/carlyle-alpinvest-secondaries-nport-p-2025-12.xml#fundInfo/returnInfo/monthlyTotReturns/monthlyTotReturn[2]@rtn3; candidate and final are ledgers/working/native-filings/SRC625/records-final.csv row 121,RESOLVED,NATIVE_XML,6b83584ac1dec615b478dd451fc1d7c40c93acec63646d591d9bed5c3376a751
85efcbe89ab09fb0790a,SRC625,fundInfo,,NATIVE_DIRECT,122,,,NATIVE_DIRECT,Deterministic native reader; filing data/documents/native/carlyle-alpinvest-secondaries-nport-p-2025-12.xml#fundInfo/returnInfo/othMon1@netRealizedGain; candidate and final are ledgers/working/native-filings/SRC625/records-final.csv row 122,RESOLVED,NATIVE_XML,6b83584ac1dec615b478dd451fc1d7c40c93acec63646d591d9bed5c3376a751
311a62b6449801203885,SRC625,fundInfo,,NATIVE_DIRECT,123,,,NATIVE_DIRECT,Deterministic native reader; filing data/documents/native/carlyle-alpinvest-secondaries-nport-p-2025-12.xml#fundInfo/returnInfo/othMon1@netUnrealizedAppr; candidate and final are ledgers/working/native-filings/SRC625/records-final.csv row 123,RESOLVED,NATIVE_XML,6b83584ac1dec615b478dd451fc1d7c40c93acec63646d591d9bed5c3376a751
628b948a87a177826ca6,SRC625,fundInfo,,NATIVE_DIRECT,124,,,NATIVE_DIRECT,Deterministic native reader; filing data/documents/native/carlyle-alpinvest-secondaries-nport-p-2025-12.xml#fundInfo/returnInfo/othMon2@netRealizedGain; candidate and final are ledgers/working/native-filings/SRC625/records-final.csv row 124,RESOLVED,NATIVE_XML,6b83584ac1dec615b478dd451fc1d7c40c93acec63646d591d9bed5c3376a751
80d1230fa7d518c79011,SRC625,fundInfo,,NATIVE_DIRECT,125,,,NATIVE_DIRECT,Deterministic native reader; filing data/documents/native/carlyle-alpinvest-secondaries-nport-p-2025-12.xml#fundInfo/returnInfo/othMon2@netUnrealizedAppr; candidate and final are ledgers/working/native-filings/SRC625/records-final.csv row 125,RESOLVED,NATIVE_XML,6b83584ac1dec615b478dd451fc1d7c40c93acec63646d591d9bed5c3376a751
46ba9713276e6c92e29e,SRC625,fundInfo,,NATIVE_DIRECT,126,,,NATIVE_DIRECT,Deterministic native reader; filing data/documents/native/carlyle-alpinvest-secondaries-nport-p-2025-12.xml#fundInfo/returnInfo/othMon3@netRealizedGain; candidate and final are ledgers/working/native-filings/SRC625/records-final.csv row 126,RESOLVED,NATIVE_XML,6b83584ac1dec615b478dd451fc1d7c40c93acec63646d591d9bed5c3376a751
9ab56be0f2e0df32479c,SRC625,fundInfo,,NATIVE_DIRECT,127,,,NATIVE_DIRECT,Deterministic native reader; filing data/documents/native/carlyle-alpinvest-secondaries-nport-p-2025-12.xml#fundInfo/returnInfo/othMon3@netUnrealizedAppr; candidate and final are ledgers/working/native-filings/SRC625/records-final.csv row 127,RESOLVED,NATIVE_XML,6b83584ac1dec615b478dd451fc1d7c40c93acec63646d591d9bed5c3376a751
