trade_id,fund_id,manager_id,strategy,sub_strategy,vintage_year,reference_date,available_at,deal_date,currency,reference_nav,commitment,unfunded,tvpi,dpi,age_years,nav_reliance,unfunded_ratio,log_fund_size,ask_nav_fraction,bid_nav_fraction,clearing_nav_fraction,status,origin_type,generator_version,assumption_id
TRADE_7C2767CAC28DCF38D533,FUND_SYNTH_000001,MANAGER_SYNTH_00001,buyout,middle_market,2018,2023-12-31,2024-02-14,2024-02-28,USD,1103.49000000,1257.04000000,342.62000000,1.5573310000,0.4478270000,6.0000,0.7124392307,0.2725609368,7.1373102333,0.9160753896,0.8673186145,0.8671793773,SOLD,NEW_SYNTHETIC,MARKET_SIM_V1,MARKET_SIMULATION_V1
TRADE_2DC507136FFB318341C3,FUND_SYNTH_000001,MANAGER_SYNTH_00001,buyout,middle_market,2018,2024-12-31,2025-02-14,2025-02-28,USD,1092.43000000,1257.04000000,342.62000000,1.6400490000,0.5416660000,7.0000,0.6697258393,0.2725609368,7.1373102333,0.9140514552,0.8528281313,0.8896858643,SOLD,NEW_SYNTHETIC,MARKET_SIM_V1,MARKET_SIMULATION_V1
TRADE_FA160413FD276248F936,FUND_SYNTH_000001,MANAGER_SYNTH_00001,buyout,middle_market,2018,2025-12-31,2026-02-14,2026-02-28,USD,796.50000000,1257.04000000,342.62000000,1.7192080000,0.9183680000,8.0000,0.4658194387,0.2725609368,7.1373102333,0.9701770627,0.9523470689,0.9505704999,SOLD,NEW_SYNTHETIC,MARKET_SIM_V1,MARKET_SIMULATION_V1
TRADE_B3D03B1D4D93A613F810,FUND_SYNTH_000001,MANAGER_SYNTH_00001,buyout,middle_market,2018,2026-06-30,2026-08-14,2026-08-28,USD,495.49000000,1257.04000000,342.62000000,1.7577470000,1.2595570000,8.0000,0.2834254270,0.2725609368,7.1373102333,0.9480877283,0.9045410044,0.9220046252,SOLD,NEW_SYNTHETIC,MARKET_SIM_V1,MARKET_SIMULATION_V1
TRADE_3287D1691DBCAA2EEBF7,FUND_SYNTH_000006,MANAGER_SYNTH_00002,buyout,middle_market,2016,2023-12-31,2024-02-14,2024-02-28,USD,426.33000000,499.78000000,51.36000000,1.3695740000,0.4725090000,8.0000,0.6549954677,0.1027652167,6.2161668829,0.9369281566,0.8820104381,,WITHDRAWN,NEW_SYNTHETIC,MARKET_SIM_V1,MARKET_SIMULATION_V1
TRADE_E16720D15E54410A5261,FUND_SYNTH_000006,MANAGER_SYNTH_00002,buyout,middle_market,2016,2024-12-31,2025-02-14,2025-02-28,USD,319.82000000,499.78000000,51.36000000,1.4093420000,0.7363910000,9.0000,0.4774929456,0.1027652167,6.2161668829,0.9092139854,0.8008388795,0.8453264859,SOLD,NEW_SYNTHETIC,MARKET_SIM_V1,MARKET_SIMULATION_V1
TRADE_885C61A8E2C85421BD3B,FUND_SYNTH_000006,MANAGER_SYNTH_00002,buyout,middle_market,2016,2025-12-31,2026-02-14,2026-02-28,USD,247.92000000,499.78000000,51.36000000,1.4478270000,0.9261650000,10.0000,0.3603069411,0.1027652167,6.2161668829,0.9572865625,0.8615615994,0.8928536614,SOLD,NEW_SYNTHETIC,MARKET_SIM_V1,MARKET_SIMULATION_V1
TRADE_46AD926AF18E7D78724B,FUND_SYNTH_000006,MANAGER_SYNTH_00002,buyout,middle_market,2016,2026-06-30,2026-08-14,2026-08-28,USD,64.05000000,499.78000000,51.36000000,1.4666600000,1.3318880000,10.0000,0.0918898756,0.1027652167,6.2161668829,0.9983671820,0.9212217541,0.9362408897,SOLD,NEW_SYNTHETIC,MARKET_SIM_V1,MARKET_SIMULATION_V1
TRADE_566C328796E310C93BD8,FUND_SYNTH_000012,MANAGER_SYNTH_00003,buyout,middle_market,2022,2023-12-31,2024-02-14,2024-02-28,USD,149.89000000,240.37000000,105.78000000,1.1461870000,0.0406400000,2.0000,0.9645431145,0.4400715564,5.4863310259,0.8655008179,0.8124902442,,WITHDRAWN,NEW_SYNTHETIC,MARKET_SIM_V1,MARKET_SIMULATION_V1
TRADE_03668B1DE23EF8163A5E,FUND_SYNTH_000012,MANAGER_SYNTH_00003,buyout,middle_market,2022,2024-12-31,2025-02-14,2025-02-28,USD,146.44000000,240.37000000,108.44000000,1.2301220000,0.1500220000,3.0000,0.8780429308,0.4511378292,5.4863310259,0.8791195306,0.8281645377,0.8252388897,SOLD,NEW_SYNTHETIC,MARKET_SIM_V1,MARKET_SIMULATION_V1
TRADE_4C33247DAD2DFD7ADB83,FUND_SYNTH_000012,MANAGER_SYNTH_00003,buyout,middle_market,2022,2025-12-31,2026-02-14,2026-02-28,USD,124.66000000,240.37000000,114.00000000,1.2976100000,0.3781530000,4.0000,0.7085772751,0.4742688355,5.4863310259,0.9142124726,0.8280297832,0.8580048126,SOLD,NEW_SYNTHETIC,MARKET_SIM_V1,MARKET_SIMULATION_V1
TRADE_616C8EF328386979998E,FUND_SYNTH_000012,MANAGER_SYNTH_00003,buyout,middle_market,2022,2026-06-30,2026-08-14,2026-08-28,USD,128.86000000,240.37000000,114.00000000,1.3285880000,0.3781530000,4.0000,0.7153722312,0.4742688355,5.4863310259,0.8726164415,0.8104343506,,UNSOLD,NEW_SYNTHETIC,MARKET_SIM_V1,MARKET_SIMULATION_V1
TRADE_06A204F691F079C29146,FUND_SYNTH_000013,MANAGER_SYNTH_00004,buyout,middle_market,2012,2023-12-31,2024-02-14,2024-02-28,USD,143.72000000,566.72000000,93.78000000,1.2850210000,0.9979020000,12.0000,0.2234348522,0.1654785432,6.3416283394,0.8974705752,0.8461258798,0.8700875950,SOLD,NEW_SYNTHETIC,MARKET_SIM_V1,MARKET_SIMULATION_V1
TRADE_8F890419408A8B5F052A,FUND_SYNTH_000013,MANAGER_SYNTH_00004,buyout,middle_market,2012,2024-12-31,2025-02-14,2025-02-28,USD,60.03000000,566.72000000,93.78000000,1.3051580000,1.1852330000,13.0000,0.0918859347,0.1654785432,6.3416283394,0.9319567516,0.9045950707,0.8938204090,SOLD,NEW_SYNTHETIC,MARKET_SIM_V1,MARKET_SIMULATION_V1
TRADE_8F890419408A8B5F052A,FUND_SYNTH_000013,MANAGER_SYNTH_00004,buyout,middle_market,2012,2024-12-31,2025-02-14,2025-02-28,USD,60.03000000,566.72000000,93.78000000,1.3051580000,1.1852330000,13.0000,0.0918859347,0.1654785432,6.3416283394,0.9045500411,0.8307915868,0.8424656483,SOLD,NEW_SYNTHETIC,MARKET_SIM_V1,MARKET_SIMULATION_V1
TRADE_8F890419408A8B5F052A,FUND_SYNTH_000013,MANAGER_SYNTH_00004,buyout,middle_market,2012,2024-12-31,2025-02-14,2025-02-28,USD,60.03000000,566.72000000,93.78000000,1.3051580000,1.1852330000,13.0000,0.0918859347,0.1654785432,6.3416283394,0.8873185404,0.8732744173,0.8611917032,SOLD,NEW_SYNTHETIC,MARKET_SIM_V1,MARKET_SIMULATION_V1
TRADE_5462ECECFCA7C0AA65BE,FUND_SYNTH_000015,MANAGER_SYNTH_00004,buyout,middle_market,2014,2023-12-31,2024-02-14,2024-02-28,USD,230.28000000,338.00000000,41.49000000,1.8602620000,1.1294230000,10.0000,0.3928687196,0.1227514793,5.8260001074,0.9371106341,0.8697196003,0.8925282668,SOLD,NEW_SYNTHETIC,MARKET_SIM_V1,MARKET_SIMULATION_V1
TRADE_DB90F45F0778D48C5F9C,FUND_SYNTH_000015,MANAGER_SYNTH_00004,buyout,middle_market,2014,2024-12-31,2025-02-14,2025-02-28,USD,163.96000000,338.00000000,41.49000000,1.9325270000,1.4121680000,11.0000,0.2692636143,0.1227514793,5.8260001074,0.9859522583,0.9453272528,0.9378284535,SOLD,NEW_SYNTHETIC,MARKET_SIM_V1,MARKET_SIMULATION_V1
TRADE_8BFBD38F5BACD841770D,FUND_SYNTH_000015,MANAGER_SYNTH_00004,buyout,middle_market,2014,2025-12-31,2026-02-14,2026-02-28,USD,48.07000000,338.00000000,41.49000000,2.0030470000,1.8504870000,12.0000,0.0761637672,0.1227514793,5.8260001074,0.9576516741,0.8913513636,0.9334527658,SOLD,NEW_SYNTHETIC,MARKET_SIM_V1,MARKET_SIMULATION_V1
TRADE_93CB5C50B7BE66BE1071,FUND_SYNTH_000015,MANAGER_SYNTH_00004,buyout,middle_market,2014,2026-06-30,2026-08-14,2026-08-28,USD,59.00000000,338.00000000,41.49000000,2.0377350000,1.8504870000,12.0000,0.0918902923,0.1227514793,5.8260001074,0.9405858828,0.9163359737,0.9106253635,SOLD,NEW_SYNTHETIC,MARKET_SIM_V1,MARKET_SIMULATION_V1
TRADE_C0CB170FDB9AC685CE4E,FUND_SYNTH_000018,MANAGER_SYNTH_00005,buyout,middle_market,2013,2023-12-31,2024-02-14,2024-02-28,USD,446.50000000,626.66000000,26.81000000,1.7095820000,0.9807220000,11.0000,0.4263384545,0.0427823700,6.4419986186,0.8756075626,0.8141755734,,WITHDRAWN,NEW_SYNTHETIC,MARKET_SIM_V1,MARKET_SIMULATION_V1
TRADE_A1F0BA2AAEC47CA2E7AB,FUND_SYNTH_000018,MANAGER_SYNTH_00005,buyout,middle_market,2013,2024-12-31,2025-02-14,2025-02-28,USD,379.98000000,626.66000000,26.81000000,1.7609700000,1.1406950000,12.0000,0.3522344893,0.0427823700,6.4419986186,0.9352205950,0.8944738685,0.8786717095,SOLD,NEW_SYNTHETIC,MARKET_SIM_V1,MARKET_SIMULATION_V1
TRADE_BCA6174AD68991A084E2,FUND_SYNTH_000018,MANAGER_SYNTH_00005,buyout,middle_market,2013,2025-12-31,2026-02-14,2026-02-28,USD,101.96000000,626.66000000,26.81000000,1.8112630000,1.6448250000,13.0000,0.0918906253,0.0427823700,6.4419986186,0.9671320215,0.9567964191,,UNSOLD,NEW_SYNTHETIC,MARKET_SIM_V1,MARKET_SIMULATION_V1
TRADE_BCA6174AD68991A084E2,FUND_SYNTH_000018,MANAGER_SYNTH_00005,buyout,middle_market,2013,2025-12-31,2026-02-14,2026-02-28,USD,101.96000000,626.66000000,26.81000000,1.8112630000,1.6448250000,13.0000,0.0918906253,0.0427823700,6.4419986186,0.9236484839,0.9081485176,0.9081644461,SOLD,NEW_SYNTHETIC,MARKET_SIM_V1,MARKET_SIMULATION_V1
TRADE_0C8471851062D5EEC2B0,FUND_SYNTH_000019,MANAGER_SYNTH_00005,buyout,middle_market,2022,2023-12-31,2024-02-14,2024-02-28,USD,375.35000000,585.97000000,232.06000000,1.0605800000,0.0000000000,2.0000,1.0000000000,0.3960271004,6.3749737112,0.8372608303,0.7729221792,0.7770658127,SOLD,NEW_SYNTHETIC,MARKET_SIM_V1,MARKET_SIMULATION_V1
TRADE_F58A37C8DE9166056436,FUND_SYNTH_000019,MANAGER_SYNTH_00005,buyout,middle_market,2022,2024-12-31,2025-02-14,2025-02-28,USD,383.62000000,585.97000000,218.64000000,1.1165280000,0.0888830000,3.0000,0.9203934741,0.3731249040,6.3749737112,0.8657893606,0.7777341210,,UNSOLD,NEW_SYNTHETIC,MARKET_SIM_V1,MARKET_SIMULATION_V1
TRADE_8AB3CCC1192940EDAD20,FUND_SYNTH_000019,MANAGER_SYNTH_00005,buyout,middle_market,2022,2025-12-31,2026-02-14,2026-02-28,USD,306.92000000,585.97000000,235.12000000,1.1563350000,0.3341550000,4.0000,0.7110225641,0.4012492107,6.3749737112,0.9301603417,0.8300857691,0.8657612800,SOLD,NEW_SYNTHETIC,MARKET_SIM_V1,MARKET_SIMULATION_V1
TRADE_AD3687ABD32CFDB1E24D,FUND_SYNTH_000019,MANAGER_SYNTH_00005,buyout,middle_market,2022,2026-06-30,2026-08-14,2026-08-28,USD,313.51000000,585.97000000,235.12000000,1.1739890000,0.3341550000,4.0000,0.7153679407,0.4012492107,6.3749737112,0.8625808079,0.8162381717,0.8271284751,SOLD,NEW_SYNTHETIC,MARKET_SIM_V1,MARKET_SIMULATION_V1
TRADE_2AB049BBBAE8AD66750A,FUND_SYNTH_000027,MANAGER_SYNTH_00007,buyout,middle_market,2014,2023-12-31,2024-02-14,2024-02-28,USD,387.68000000,406.57000000,34.57000000,2.4107830000,1.4476020000,10.0000,0.3995300616,0.0850284084,6.0102126971,0.9586362324,0.9235265534,0.9271803500,SOLD,NEW_SYNTHETIC,MARKET_SIM_V1,MARKET_SIMULATION_V1
TRADE_9BB25F135C6F85E36BA0,FUND_SYNTH_000027,MANAGER_SYNTH_00007,buyout,middle_market,2014,2024-12-31,2025-02-14,2025-02-28,USD,356.00000000,406.57000000,34.57000000,2.5256890000,1.6412170000,11.0000,0.3501903422,0.0850284084,6.0102126971,0.9984875417,0.9443447347,0.9468445529,SOLD,NEW_SYNTHETIC,MARKET_SIM_V1,MARKET_SIMULATION_V1
TRADE_CCCEF314264FC014BC7A,FUND_SYNTH_000027,MANAGER_SYNTH_00007,buyout,middle_market,2014,2025-12-31,2026-02-14,2026-02-28,USD,130.46000000,406.57000000,34.57000000,2.6380620000,2.3139380000,12.0000,0.1228645156,0.0850284084,6.0102126971,1.0828394783,0.9797294656,1.0211138729,SOLD,NEW_SYNTHETIC,MARKET_SIM_V1,MARKET_SIMULATION_V1
TRADE_C475123E9C0C6E000316,FUND_SYNTH_000027,MANAGER_SYNTH_00007,buyout,middle_market,2014,2026-06-30,2026-08-14,2026-08-28,USD,99.62000000,406.57000000,34.57000000,2.6934160000,2.4459130000,12.0000,0.0918918919,0.0850284084,6.0102126971,1.0902572735,1.0011127162,1.0357321505,SOLD,NEW_SYNTHETIC,MARKET_SIM_V1,MARKET_SIMULATION_V1
TRADE_061AA4FF474F8BF5043C,FUND_SYNTH_000034,MANAGER_SYNTH_00009,buyout,middle_market,2014,2023-12-31,2024-02-14,2024-02-28,USD,932.14000000,879.72000000,84.85000000,2.2405830000,1.1333050000,10.0000,0.4941919955,0.0964511435,6.7807397548,0.9805534108,0.9028273316,0.9208615051,SOLD,NEW_SYNTHETIC,MARKET_SIM_V1,MARKET_SIMULATION_V1
TRADE_B6C2C0F113A96AEDAC02,FUND_SYNTH_000034,MANAGER_SYNTH_00009,buyout,middle_market,2014,2024-12-31,2025-02-14,2025-02-28,USD,1022.19000000,879.72000000,84.85000000,2.3475520000,1.1333050000,11.0000,0.5172398089,0.0964511435,6.7807397548,0.9139903208,0.8959329779,0.8806901247,SOLD,NEW_SYNTHETIC,MARKET_SIM_V1,MARKET_SIMULATION_V1
TRADE_93E2294FFB6F0A65CE62,FUND_SYNTH_000034,MANAGER_SYNTH_00009,buyout,middle_market,2014,2025-12-31,2026-02-14,2026-02-28,USD,453.87000000,879.72000000,84.85000000,2.4519080000,1.9127610000,12.0000,0.2198886676,0.0964511435,6.7807397548,0.9998248678,0.9834188413,0.9710566091,SOLD,NEW_SYNTHETIC,MARKET_SIM_V1,MARKET_SIMULATION_V1
TRADE_95689E92158342A136F7,FUND_SYNTH_000034,MANAGER_SYNTH_00009,buyout,middle_market,2014,2026-06-30,2026-08-14,2026-08-28,USD,193.64000000,879.72000000,84.85000000,2.5032370000,2.2732140000,12.0000,0.0918900963,0.0964511435,6.7807397548,1.0253836646,0.9977764787,0.9959541973,SOLD,NEW_SYNTHETIC,MARKET_SIM_V1,MARKET_SIMULATION_V1
TRADE_242BD82D216F7D04D38C,FUND_SYNTH_000046,MANAGER_SYNTH_00012,buyout,middle_market,2017,2023-12-31,2024-02-14,2024-02-28,USD,594.35000000,830.56000000,220.52000000,1.7612450000,0.9149660000,7.0000,0.4805002668,0.2655076093,6.7233034548,0.9066637969,0.8846192545,0.8859655217,SOLD,NEW_SYNTHETIC,MARKET_SIM_V1,MARKET_SIMULATION_V1
TRADE_FF1616229DE3FCF3D81F,FUND_SYNTH_000046,MANAGER_SYNTH_00012,buyout,middle_market,2017,2024-12-31,2025-02-14,2025-02-28,USD,296.98000000,830.56000000,220.52000000,1.8564310000,1.4335690000,8.0000,0.2277820815,0.2655076093,6.7233034548,0.9888766889,0.8991306182,0.9302044449,SOLD,NEW_SYNTHETIC,MARKET_SIM_V1,MARKET_SIMULATION_V1
TRADE_544F951A2AE5A98C2936,FUND_SYNTH_000046,MANAGER_SYNTH_00012,buyout,middle_market,2017,2025-12-31,2026-02-14,2026-02-28,USD,189.72000000,830.56000000,220.52000000,1.9480000000,1.6778630000,9.0000,0.1386740735,0.2655076093,6.7233034548,0.9534786161,0.9062221752,0.9350471019,SOLD,NEW_SYNTHETIC,MARKET_SIM_V1,MARKET_SIMULATION_V1
TRADE_5DE7C44084CC8F4A80A1,FUND_SYNTH_000046,MANAGER_SYNTH_00012,buyout,middle_market,2017,2026-06-30,2026-08-14,2026-08-28,USD,221.11000000,830.56000000,220.52000000,1.9926960000,1.6778630000,9.0000,0.1579932690,0.2655076093,6.7233034548,1.0046223130,0.9685958266,0.9707331671,SOLD,NEW_SYNTHETIC,MARKET_SIM_V1,MARKET_SIMULATION_V1
TRADE_C62395027698A1C7C1F1,FUND_SYNTH_000047,MANAGER_SYNTH_00012,buyout,middle_market,2012,2023-12-31,2024-02-14,2024-02-28,USD,389.04000000,634.65000000,75.91000000,1.6730850000,0.9933610000,12.0000,0.4062699067,0.1196092334,6.4546480974,0.9025646155,0.8696547939,,UNSOLD,NEW_SYNTHETIC,MARKET_SIM_V1,MARKET_SIMULATION_V1
TRADE_98B5CF951E7460D1878B,FUND_SYNTH_000047,MANAGER_SYNTH_00012,buyout,middle_market,2012,2024-12-31,2025-02-14,2025-02-28,USD,90.39000000,634.65000000,75.91000000,1.7185640000,1.5606360000,13.0000,0.0918952441,0.1196092334,6.4546480974,0.9623166935,0.9110534287,0.9038353886,SOLD,NEW_SYNTHETIC,MARKET_SIM_V1,MARKET_SIMULATION_V1
TRADE_98B5CF951E7460D1878B,FUND_SYNTH_000047,MANAGER_SYNTH_00012,buyout,middle_market,2012,2024-12-31,2025-02-14,2025-02-28,USD,90.39000000,634.65000000,75.91000000,1.7185640000,1.5606360000,13.0000,0.0918952441,0.1196092334,6.4546480974,0.9831481820,0.8821587370,0.9202056711,SOLD,NEW_SYNTHETIC,MARKET_SIM_V1,MARKET_SIMULATION_V1
TRADE_98B5CF951E7460D1878B,FUND_SYNTH_000047,MANAGER_SYNTH_00012,buyout,middle_market,2012,2024-12-31,2025-02-14,2025-02-28,USD,90.39000000,634.65000000,75.91000000,1.7185640000,1.5606360000,13.0000,0.0918952441,0.1196092334,6.4546480974,0.9525726780,0.8942912768,0.9061097817,SOLD,NEW_SYNTHETIC,MARKET_SIM_V1,MARKET_SIMULATION_V1
TRADE_D56D3974A47D187C0912,FUND_SYNTH_000048,MANAGER_SYNTH_00012,buyout,middle_market,2019,2023-12-31,2024-02-14,2024-02-28,USD,327.62000000,364.77000000,130.52000000,1.8172150000,0.5594120000,5.0000,0.6921598039,0.3578145133,5.9020047206,0.8911739568,0.8677049574,0.8667711907,SOLD,NEW_SYNTHETIC,MARKET_SIM_V1,MARKET_SIMULATION_V1
TRADE_1C29AA356265AE438491,FUND_SYNTH_000048,MANAGER_SYNTH_00012,buyout,middle_market,2019,2024-12-31,2025-02-14,2025-02-28,USD,240.44000000,364.77000000,152.82000000,1.9581910000,1.0350900000,6.0000,0.4714047642,0.4189489267,5.9020047206,0.9258944591,0.8782387022,0.8914071209,SOLD,NEW_SYNTHETIC,MARKET_SIM_V1,MARKET_SIMULATION_V1
TRADE_8F15EBF4DF53CB78E367,FUND_SYNTH_000048,MANAGER_SYNTH_00012,buyout,middle_market,2019,2025-12-31,2026-02-14,2026-02-28,USD,275.41000000,364.77000000,152.82000000,2.0924480000,1.0350900000,7.0000,0.5053209057,0.4189489267,5.9020047206,0.9427424142,0.8378242877,0.8784175928,SOLD,NEW_SYNTHETIC,MARKET_SIM_V1,MARKET_SIMULATION_V1
TRADE_C811988DF83428FB0462,FUND_SYNTH_000048,MANAGER_SYNTH_00012,buyout,middle_market,2019,2026-06-30,2026-08-14,2026-08-28,USD,226.13000000,364.77000000,152.82000000,2.1576000000,1.2894380000,7.0000,0.4023737077,0.4189489267,5.9020047206,1.0232238912,0.9301136623,0.9586692261,SOLD,NEW_SYNTHETIC,MARKET_SIM_V1,MARKET_SIMULATION_V1
TRADE_A6F7C3A4F583CCF923A3,FUND_SYNTH_000049,MANAGER_SYNTH_00013,buyout,middle_market,2018,2023-12-31,2024-02-14,2024-02-28,USD,320.63000000,367.61000000,94.28000000,1.8644810000,0.8764980000,6.0000,0.5298968731,0.2564674519,5.9097391745,0.9219139992,0.9099384443,0.8989864113,SOLD,NEW_SYNTHETIC,MARKET_SIM_V1,MARKET_SIMULATION_V1
TRADE_EEDD6087FB5EA03A59C1,FUND_SYNTH_000049,MANAGER_SYNTH_00013,buyout,middle_market,2018,2024-12-31,2025-02-14,2025-02-28,USD,139.44000000,367.61000000,102.78000000,1.9987980000,1.5691310000,7.0000,0.2149629241,0.2795897827,5.9097391745,0.9526816564,0.9438004791,0.9296043799,SOLD,NEW_SYNTHETIC,MARKET_SIM_V1,MARKET_SIMULATION_V1
TRADE_B6121B5B390C4731EC98,FUND_SYNTH_000049,MANAGER_SYNTH_00013,buyout,middle_market,2018,2025-12-31,2026-02-14,2026-02-28,USD,181.13000000,367.61000000,102.78000000,2.1272610000,1.5691310000,8.0000,0.2623703575,0.2795897827,5.9097391745,1.0056503982,0.9201702213,0.9549065573,SOLD,NEW_SYNTHETIC,MARKET_SIM_V1,MARKET_SIMULATION_V1
TRADE_4672CD7D9775E0DA1E47,FUND_SYNTH_000049,MANAGER_SYNTH_00013,buyout,middle_market,2018,2026-06-30,2026-08-14,2026-08-28,USD,201.41000000,367.61000000,102.78000000,2.1897510000,1.5691310000,8.0000,0.2834205786,0.2795897827,5.9097391745,0.9435169689,0.9104345489,0.9104083432,SOLD,NEW_SYNTHETIC,MARKET_SIM_V1,MARKET_SIMULATION_V1
TRADE_4C079952CE2697BF6242,FUND_SYNTH_000051,MANAGER_SYNTH_00013,buyout,middle_market,2024,2024-12-31,2025-02-14,2025-02-28,USD,299.52000000,668.24000000,408.26000000,1.1520890000,0.0000000000,1.0000,1.0000000000,0.6109481623,6.5061427402,0.8422235482,0.7390345301,0.7774545201,SOLD,NEW_SYNTHETIC,MARKET_SIM_V1,MARKET_SIMULATION_V1
TRADE_E11FA3CAEA2D7B9DBDAC,FUND_SYNTH_000051,MANAGER_SYNTH_00013,buyout,middle_market,2024,2025-12-31,2026-02-14,2026-02-28,USD,352.06000000,668.24000000,410.88000000,1.4101850000,0.0560040000,2.0000,0.9602858546,0.6148689094,6.5061427402,0.8977037374,0.8578957645,,UNSOLD,NEW_SYNTHETIC,MARKET_SIM_V1,MARKET_SIMULATION_V1
TRADE_E36E0ED20062F1B1FA56,FUND_SYNTH_000051,MANAGER_SYNTH_00013,buyout,middle_market,2024,2026-06-30,2026-08-14,2026-08-28,USD,345.98000000,668.24000000,416.86000000,1.5144240000,0.1836300000,2.0000,0.8787463172,0.6238177900,6.5061427402,0.8025528933,0.7854194853,0.7749852020,SOLD,NEW_SYNTHETIC,MARKET_SIM_V1,MARKET_SIMULATION_V1
TRADE_68F200B752CFA5B1428D,FUND_SYNTH_000065,MANAGER_SYNTH_00017,buyout,middle_market,2023,2023-12-31,2024-02-14,2024-02-28,USD,137.18000000,403.22000000,266.19000000,1.0010950000,0.0000000000,1.0000,1.0000000000,0.6601607063,6.0019592842,0.8219939727,0.7317760036,0.7752639065,SOLD,NEW_SYNTHETIC,MARKET_SIM_V1,MARKET_SIMULATION_V1
TRADE_01DD8A26371679ECBB6D,FUND_SYNTH_000065,MANAGER_SYNTH_00017,buyout,middle_market,2023,2024-12-31,2025-02-14,2025-02-28,USD,200.65000000,403.22000000,225.88000000,1.1700390000,0.0484630000,2.0000,0.9585801643,0.5601904667,6.0019592842,0.8704494828,0.8405470476,0.8231949046,SOLD,NEW_SYNTHETIC,MARKET_SIM_V1,MARKET_SIMULATION_V1
TRADE_135FBCF462961A7ADEBC,FUND_SYNTH_000065,MANAGER_SYNTH_00017,buyout,middle_market,2023,2025-12-31,2026-02-14,2026-02-28,USD,200.75000000,403.22000000,229.02000000,1.2680830000,0.1459470000,3.0000,0.8849069911,0.5679777789,6.0019592842,0.8182017893,0.7935382823,0.7972418838,SOLD,NEW_SYNTHETIC,MARKET_SIM_V1,MARKET_SIMULATION_V1
TRADE_B91D293FA5EA4954CD32,FUND_SYNTH_000065,MANAGER_SYNTH_00017,buyout,middle_market,2023,2026-06-30,2026-08-14,2026-08-28,USD,188.04000000,403.22000000,232.66000000,1.3100060000,0.2589160000,3.0000,0.8023553507,0.5770051089,6.0019592842,0.8688445311,0.8270525616,0.8138075632,SOLD,NEW_SYNTHETIC,MARKET_SIM_V1,MARKET_SIMULATION_V1
TRADE_B646D22AAF950498BD09,FUND_SYNTH_000067,MANAGER_SYNTH_00017,buyout,middle_market,2020,2023-12-31,2024-02-14,2024-02-28,USD,835.78000000,882.58000000,275.36000000,1.6616750000,0.3792330000,4.0000,0.7717765691,0.3119943801,6.7839818366,0.8397901068,0.7888126762,0.8058355249,SOLD,NEW_SYNTHETIC,MARKET_SIM_V1,MARKET_SIMULATION_V1
TRADE_01487095C258498E8C2D,FUND_SYNTH_000067,MANAGER_SYNTH_00017,buyout,middle_market,2020,2024-12-31,2025-02-14,2025-02-28,USD,764.08000000,882.58000000,304.33000000,1.7986070000,0.6261830000,5.0000,0.6518508407,0.3448186000,6.7839818366,0.8745433723,0.8242028883,0.8580479030,SOLD,NEW_SYNTHETIC,MARKET_SIM_V1,MARKET_SIMULATION_V1
TRADE_8E6235785082E42EC39B,FUND_SYNTH_000067,MANAGER_SYNTH_00017,buyout,middle_market,2020,2025-12-31,2026-02-14,2026-02-28,USD,626.49000000,882.58000000,304.33000000,1.9278970000,0.9665960000,6.0000,0.4986270624,0.3448186000,6.7839818366,0.9505795649,0.8843451632,0.9110126196,SOLD,NEW_SYNTHETIC,MARKET_SIM_V1,MARKET_SIMULATION_V1
TRADE_F471B05D9D26860CF890,FUND_SYNTH_000067,MANAGER_SYNTH_00017,buyout,middle_market,2020,2026-06-30,2026-08-14,2026-08-28,USD,667.24000000,882.58000000,304.33000000,1.9904250000,0.9665960000,6.0000,0.5143773416,0.3448186000,6.7839818366,0.9448045044,0.9258907307,,WITHDRAWN,NEW_SYNTHETIC,MARKET_SIM_V1,MARKET_SIMULATION_V1
TRADE_E1D4EFC51E6417F60792,FUND_SYNTH_000074,MANAGER_SYNTH_00019,buyout,middle_market,2017,2023-12-31,2024-02-14,2024-02-28,USD,1011.45000000,803.25000000,80.42000000,1.8265190000,0.5333690000,7.0000,0.7079859726,0.1001182695,6.6899101661,0.9340685438,0.8649214463,,WITHDRAWN,NEW_SYNTHETIC,MARKET_SIM_V1,MARKET_SIMULATION_V1
TRADE_8A57F34B5839AD2B6547,FUND_SYNTH_000074,MANAGER_SYNTH_00019,buyout,middle_market,2017,2024-12-31,2025-02-14,2025-02-28,USD,817.25000000,803.25000000,80.42000000,1.9257440000,0.8808810000,8.0000,0.5425762163,0.1001182695,6.6899101661,0.9318736753,0.8846029969,0.9141419429,SOLD,NEW_SYNTHETIC,MARKET_SIM_V1,MARKET_SIMULATION_V1
TRADE_2E01B120E185D04EE24E,FUND_SYNTH_000074,MANAGER_SYNTH_00019,buyout,middle_market,2017,2025-12-31,2026-02-14,2026-02-28,USD,385.73000000,803.25000000,80.42000000,2.0213890000,1.5282300000,9.0000,0.2439707789,0.1001182695,6.6899101661,0.9893202395,0.9255819659,0.9317194745,SOLD,NEW_SYNTHETIC,MARKET_SIM_V1,MARKET_SIMULATION_V1
TRADE_A253CD0D0EC0E0B3EF38,FUND_SYNTH_000074,MANAGER_SYNTH_00019,buyout,middle_market,2017,2026-06-30,2026-08-14,2026-08-28,USD,255.57000000,803.25000000,80.42000000,2.0681320000,1.7413830000,9.0000,0.1579923467,0.1001182695,6.6899101661,1.0314537119,0.9542742939,0.9715962101,SOLD,NEW_SYNTHETIC,MARKET_SIM_V1,MARKET_SIMULATION_V1
TRADE_74EEEE270F26EF67F139,FUND_SYNTH_000087,MANAGER_SYNTH_00022,buyout,middle_market,2018,2023-12-31,2024-02-14,2024-02-28,USD,400.83000000,437.04000000,96.97000000,1.3945820000,0.2740690000,6.0000,0.8034758554,0.2218790042,6.0823102304,0.8658627434,0.8309928675,0.8381837900,SOLD,NEW_SYNTHETIC,MARKET_SIM_V1,MARKET_SIMULATION_V1
TRADE_AABB00A89C646293782B,FUND_SYNTH_000087,MANAGER_SYNTH_00022,buyout,middle_market,2018,2024-12-31,2025-02-14,2025-02-28,USD,287.58000000,437.04000000,96.97000000,1.4494300000,0.6455050000,7.0000,0.5546490771,0.2218790042,6.0823102304,0.9130239663,0.9079077900,,WITHDRAWN,NEW_SYNTHETIC,MARKET_SIM_V1,MARKET_SIMULATION_V1
TRADE_67832368CC2F03254CC7,FUND_SYNTH_000087,MANAGER_SYNTH_00022,buyout,middle_market,2018,2025-12-31,2026-02-14,2026-02-28,USD,213.81000000,437.04000000,96.97000000,1.5014820000,0.9037790000,8.0000,0.3980748822,0.2218790042,6.0823102304,0.9024278006,0.8408642629,0.8810002324,SOLD,NEW_SYNTHETIC,MARKET_SIM_V1,MARKET_SIMULATION_V1
TRADE_16EDE9A6A4F8869AEFF1,FUND_SYNTH_000087,MANAGER_SYNTH_00022,buyout,middle_market,2018,2026-06-30,2026-08-14,2026-08-28,USD,154.79000000,437.04000000,96.97000000,1.5267530000,1.0940400000,8.0000,0.2834203058,0.2218790042,6.0823102304,0.9216069062,0.8595876184,0.8870101862,SOLD,NEW_SYNTHETIC,MARKET_SIM_V1,MARKET_SIMULATION_V1
TRADE_52A21651C2A28BBCAF6E,FUND_SYNTH_000089,MANAGER_SYNTH_00023,buyout,middle_market,2019,2023-12-31,2024-02-14,2024-02-28,USD,515.12000000,506.46000000,137.57000000,1.5646390000,0.2247160000,5.0000,0.8563781151,0.2716305335,6.2294178901,0.9256129497,0.8658843236,0.8724839774,SOLD,NEW_SYNTHETIC,MARKET_SIM_V1,MARKET_SIMULATION_V1
TRADE_5CE996AC1DAFBF0785AA,FUND_SYNTH_000089,MANAGER_SYNTH_00023,buyout,middle_market,2019,2024-12-31,2025-02-14,2025-02-28,USD,394.93000000,506.46000000,151.91000000,1.6618200000,0.6345330000,6.0000,0.6181695807,0.2999447143,6.2294178901,0.9229060103,0.8741550521,0.8928447637,SOLD,NEW_SYNTHETIC,MARKET_SIM_V1,MARKET_SIMULATION_V1
TRADE_EFC3A1A072D0194E8344,FUND_SYNTH_000089,MANAGER_SYNTH_00023,buyout,middle_market,2019,2025-12-31,2026-02-14,2026-02-28,USD,329.23000000,506.46000000,151.91000000,1.7544740000,0.8980860000,7.0000,0.4881169476,0.2999447143,6.2294178901,0.9063468723,0.8635572563,,WITHDRAWN,NEW_SYNTHETIC,MARKET_SIM_V1,MARKET_SIMULATION_V1
TRADE_229DBC3813965BA581C5,FUND_SYNTH_000089,MANAGER_SYNTH_00023,buyout,middle_market,2019,2026-06-30,2026-08-14,2026-08-28,USD,278.36000000,506.46000000,151.91000000,1.7994750000,1.0754080000,7.0000,0.4023764437,0.2999447143,6.2294178901,0.8917953031,0.8394697572,0.8463063856,SOLD,NEW_SYNTHETIC,MARKET_SIM_V1,MARKET_SIMULATION_V1
TRADE_2588F4768304954DB10C,FUND_SYNTH_000107,MANAGER_SYNTH_00027,buyout,middle_market,2013,2023-12-31,2024-02-14,2024-02-28,USD,270.72000000,280.12000000,41.58000000,2.3159510000,1.2489060000,11.0000,0.4607372613,0.1484363844,5.6387816244,0.9617030374,0.9291300966,0.9156197854,SOLD,NEW_SYNTHETIC,MARKET_SIM_V1,MARKET_SIMULATION_V1
TRADE_1022C4DEB5CBCA3CDFE4,FUND_SYNTH_000107,MANAGER_SYNTH_00027,buyout,middle_market,2013,2024-12-31,2025-02-14,2025-02-28,USD,154.61000000,280.12000000,41.58000000,2.4109810000,1.8015840000,12.0000,0.2527587503,0.1484363844,5.6387816244,0.9934170659,0.9571395888,0.9726402620,SOLD,NEW_SYNTHETIC,MARKET_SIM_V1,MARKET_SIMULATION_V1
TRADE_CAE4B8C2687376485616,FUND_SYNTH_000107,MANAGER_SYNTH_00027,buyout,middle_market,2013,2025-12-31,2026-02-14,2026-02-28,USD,58.38000000,280.12000000,41.58000000,2.5040400000,2.2739350000,13.0000,0.0918935936,0.1484363844,5.6387816244,1.0050809526,0.9647416992,0.9843907773,SOLD,NEW_SYNTHETIC,MARKET_SIM_V1,MARKET_SIMULATION_V1
TRADE_CAE4B8C2687376485616,FUND_SYNTH_000107,MANAGER_SYNTH_00027,buyout,middle_market,2013,2025-12-31,2026-02-14,2026-02-28,USD,58.38000000,280.12000000,41.58000000,2.5040400000,2.2739350000,13.0000,0.0918935936,0.1484363844,5.6387816244,0.9562389454,0.9434942529,0.9329296262,SOLD,NEW_SYNTHETIC,MARKET_SIM_V1,MARKET_SIMULATION_V1
TRADE_58E9D41B302A0F98D3A3,FUND_SYNTH_000109,MANAGER_SYNTH_00028,buyout,middle_market,2012,2023-12-31,2024-02-14,2024-02-28,USD,309.69000000,627.41000000,89.85000000,1.5106020000,0.9554930000,12.0000,0.3674755265,0.1432077908,6.4431928197,0.8822623149,0.8469325028,0.8621819305,SOLD,NEW_SYNTHETIC,MARKET_SIM_V1,MARKET_SIMULATION_V1
TRADE_9460082EF63CAAD9BC46,FUND_SYNTH_000109,MANAGER_SYNTH_00028,buyout,middle_market,2012,2024-12-31,2025-02-14,2025-02-28,USD,79.17000000,627.41000000,89.85000000,1.5443010000,1.4023910000,13.0000,0.0918925193,0.1432077908,6.4431928197,0.9366182534,0.9218274406,0.9143389046,SOLD,NEW_SYNTHETIC,MARKET_SIM_V1,MARKET_SIMULATION_V1
TRADE_9460082EF63CAAD9BC46,FUND_SYNTH_000109,MANAGER_SYNTH_00028,buyout,middle_market,2012,2024-12-31,2025-02-14,2025-02-28,USD,79.17000000,627.41000000,89.85000000,1.5443010000,1.4023910000,13.0000,0.0918925193,0.1432077908,6.4431928197,0.9433087428,0.9044895975,0.8973049475,SOLD,NEW_SYNTHETIC,MARKET_SIM_V1,MARKET_SIMULATION_V1
TRADE_9460082EF63CAAD9BC46,FUND_SYNTH_000109,MANAGER_SYNTH_00028,buyout,middle_market,2012,2024-12-31,2025-02-14,2025-02-28,USD,79.17000000,627.41000000,89.85000000,1.5443010000,1.4023910000,13.0000,0.0918925193,0.1432077908,6.4431928197,0.9331513674,0.8493551125,0.8843394753,SOLD,NEW_SYNTHETIC,MARKET_SIM_V1,MARKET_SIMULATION_V1
TRADE_60DA5AE7D15F549D4213,FUND_SYNTH_000111,MANAGER_SYNTH_00028,buyout,middle_market,2014,2023-12-31,2024-02-14,2024-02-28,USD,499.72000000,977.09000000,65.63000000,1.4336780000,0.9159090000,10.0000,0.3611476476,0.0671688381,6.8856016903,0.9659594143,0.9084190457,0.9366241779,SOLD,NEW_SYNTHETIC,MARKET_SIM_V1,MARKET_SIMULATION_V1
TRADE_1C83AF0C5223623736B4,FUND_SYNTH_000111,MANAGER_SYNTH_00028,buyout,middle_market,2014,2024-12-31,2025-02-14,2025-02-28,USD,436.11000000,977.09000000,65.63000000,1.4683880000,1.0165260000,11.0000,0.3077265030,0.0671688381,6.8856016903,0.9469170044,0.8691738908,0.8926660911,SOLD,NEW_SYNTHETIC,MARKET_SIM_V1,MARKET_SIMULATION_V1
TRADE_0FDEBF6F4CAE3FF64E24,FUND_SYNTH_000111,MANAGER_SYNTH_00028,buyout,middle_market,2014,2025-12-31,2026-02-14,2026-02-28,USD,214.28000000,977.09000000,65.63000000,1.5022480000,1.2802290000,12.0000,0.1477915414,0.0671688381,6.8856016903,0.9212642549,0.9079519248,0.9042094777,SOLD,NEW_SYNTHETIC,MARKET_SIM_V1,MARKET_SIMULATION_V1
TRADE_A11BAF8C9F6DBD10FAC4,FUND_SYNTH_000111,MANAGER_SYNTH_00028,buyout,middle_market,2014,2026-06-30,2026-08-14,2026-08-28,USD,134.71000000,977.09000000,65.63000000,1.5188990000,1.3793230000,12.0000,0.0918926294,0.0671688381,6.8856016903,0.9664245824,0.9612119343,0.9440754863,SOLD,NEW_SYNTHETIC,MARKET_SIM_V1,MARKET_SIMULATION_V1
TRADE_241F2EE9F4A7B2827F5C,FUND_SYNTH_000114,MANAGER_SYNTH_00029,buyout,middle_market,2020,2023-12-31,2024-02-14,2024-02-28,USD,321.41000000,453.45000000,118.36000000,1.1954880000,0.2856740000,4.0000,0.7610399451,0.2610210608,6.1190878966,0.8399656591,0.8063225766,0.7997729033,SOLD,NEW_SYNTHETIC,MARKET_SIM_V1,MARKET_SIMULATION_V1
TRADE_6589DDE534415013B7F7,FUND_SYNTH_000114,MANAGER_SYNTH_00029,buyout,middle_market,2020,2024-12-31,2025-02-14,2025-02-28,USD,245.72000000,453.45000000,135.30000000,1.2476580000,0.5520990000,5.0000,0.5574916054,0.2983790936,6.1190878966,0.9275504905,0.8641029869,0.8758180926,SOLD,NEW_SYNTHETIC,MARKET_SIM_V1,MARKET_SIMULATION_V1
TRADE_DDB48F399107ACE076C9,FUND_SYNTH_000114,MANAGER_SYNTH_00029,buyout,middle_market,2020,2025-12-31,2026-02-14,2026-02-28,USD,231.38000000,453.45000000,140.83000000,1.2940240000,0.6390580000,6.0000,0.5061469134,0.3105744845,6.1190878966,0.8994509947,0.8297472769,,WITHDRAWN,NEW_SYNTHETIC,MARKET_SIM_V1,MARKET_SIMULATION_V1
TRADE_2BF37084918E0CAB12EC,FUND_SYNTH_000114,MANAGER_SYNTH_00029,buyout,middle_market,2020,2026-06-30,2026-08-14,2026-08-28,USD,239.13000000,453.45000000,140.83000000,1.3159620000,0.6390580000,6.0000,0.5143797457,0.3105744845,6.1190878966,0.9361729851,0.9272497277,0.9178497358,SOLD,NEW_SYNTHETIC,MARKET_SIM_V1,MARKET_SIMULATION_V1
TRADE_ACC0A2A00D81933C7995,FUND_SYNTH_000121,MANAGER_SYNTH_00031,buyout,middle_market,2013,2023-12-31,2024-02-14,2024-02-28,USD,628.41000000,886.70000000,145.87000000,1.7695440000,0.9627420000,11.0000,0.4559378356,0.1645088531,6.7886338481,0.9020461447,0.8199833481,0.8600604884,SOLD,NEW_SYNTHETIC,MARKET_SIM_V1,MARKET_SIMULATION_V1
TRADE_FCB9A1EB633BD0239C49,FUND_SYNTH_000121,MANAGER_SYNTH_00031,buyout,middle_market,2013,2024-12-31,2025-02-14,2025-02-28,USD,448.45000000,886.70000000,145.87000000,1.8251740000,1.2494190000,12.0000,0.3154521986,0.1645088531,6.7886338481,0.9181172261,0.8585459960,0.8947010434,SOLD,NEW_SYNTHETIC,MARKET_SIM_V1,MARKET_SIMULATION_V1
TRADE_817B8C6F0841AE6D0A60,FUND_SYNTH_000121,MANAGER_SYNTH_00031,buyout,middle_market,2013,2025-12-31,2026-02-14,2026-02-28,USD,134.53000000,886.70000000,145.87000000,1.8796360000,1.7069160000,13.0000,0.0918901935,0.1645088531,6.7886338481,0.9575232828,0.9163892229,0.9208550274,SOLD,NEW_SYNTHETIC,MARKET_SIM_V1,MARKET_SIMULATION_V1
TRADE_817B8C6F0841AE6D0A60,FUND_SYNTH_000121,MANAGER_SYNTH_00031,buyout,middle_market,2013,2025-12-31,2026-02-14,2026-02-28,USD,134.53000000,886.70000000,145.87000000,1.8796360000,1.7069160000,13.0000,0.0918901935,0.1645088531,6.7886338481,0.9732879468,0.9083709694,0.9252919767,SOLD,NEW_SYNTHETIC,MARKET_SIM_V1,MARKET_SIMULATION_V1
TRADE_E70591397E25AFEC6C73,FUND_SYNTH_000124,MANAGER_SYNTH_00031,buyout,middle_market,2019,2023-12-31,2024-02-14,2024-02-28,USD,852.12000000,850.04000000,221.96000000,1.7055910000,0.4616200000,5.0000,0.7293487285,0.2611171239,6.7464591310,0.8960064909,0.8294645984,0.8479417920,SOLD,NEW_SYNTHETIC,MARKET_SIM_V1,MARKET_SIMULATION_V1
TRADE_A53ABB4A91ADF37719F2,FUND_SYNTH_000124,MANAGER_SYNTH_00031,buyout,middle_market,2019,2024-12-31,2025-02-14,2025-02-28,USD,434.92000000,850.04000000,295.95000000,1.8212260000,1.1863070000,6.0000,0.3486220883,0.3481600866,6.7464591310,0.9422350459,0.8930198206,0.8970799745,SOLD,NEW_SYNTHETIC,MARKET_SIM_V1,MARKET_SIMULATION_V1
TRADE_B25AA95CCE18FE39A1DE,FUND_SYNTH_000124,MANAGER_SYNTH_00031,buyout,middle_market,2019,2025-12-31,2026-02-14,2026-02-28,USD,510.43000000,850.04000000,295.95000000,1.9314600000,1.1863070000,7.0000,0.3857979668,0.3481600866,6.7464591310,0.9763051386,0.8849461388,0.9268898279,SOLD,NEW_SYNTHETIC,MARKET_SIM_V1,MARKET_SIMULATION_V1
TRADE_69F962F93E9266DCC76E,FUND_SYNTH_000124,MANAGER_SYNTH_00031,buyout,middle_market,2019,2026-06-30,2026-08-14,2026-08-28,USD,547.12000000,850.04000000,295.95000000,1.9850220000,1.1863070000,7.0000,0.4023710415,0.3481600866,6.7464591310,0.9397872863,0.9039633628,0.9009516323,SOLD,NEW_SYNTHETIC,MARKET_SIM_V1,MARKET_SIMULATION_V1
TRADE_067B4D0A43BFA771D783,FUND_SYNTH_000125,MANAGER_SYNTH_00032,buyout,middle_market,2021,2023-12-31,2024-02-14,2024-02-28,USD,880.64000000,1282.40000000,475.32000000,1.1253410000,0.0425430000,3.0000,0.9621957082,0.3706487835,7.1572680853,0.8155271286,0.7601434018,,UNSOLD,NEW_SYNTHETIC,MARKET_SIM_V1,MARKET_SIMULATION_V1
TRADE_6D58F5AE434B626617F7,FUND_SYNTH_000125,MANAGER_SYNTH_00032,buyout,middle_market,2021,2024-12-31,2025-02-14,2025-02-28,USD,791.92000000,1282.40000000,498.48000000,1.1744990000,0.2007870000,4.0000,0.8290446180,0.3887086712,7.1572680853,0.8714240700,0.8269923764,0.8461161200,SOLD,NEW_SYNTHETIC,MARKET_SIM_V1,MARKET_SIMULATION_V1
TRADE_7EE11441E7F31F755A54,FUND_SYNTH_000125,MANAGER_SYNTH_00032,buyout,middle_market,2021,2025-12-31,2026-02-14,2026-02-28,USD,718.43000000,1282.40000000,517.67000000,1.2152470000,0.3318950000,5.0000,0.7268910114,0.4036728010,7.1572680853,0.9198896591,0.8779752296,0.8826732067,SOLD,NEW_SYNTHETIC,MARKET_SIM_V1,MARKET_SIMULATION_V1
TRADE_E325B5C795F0906F76A2,FUND_SYNTH_000125,MANAGER_SYNTH_00032,buyout,middle_market,2021,2026-06-30,2026-08-14,2026-08-28,USD,621.42000000,1282.40000000,517.67000000,1.2340830000,0.4700110000,5.0000,0.6191415591,0.4036728010,7.1572680853,0.8876382667,0.8330365035,,UNSOLD,NEW_SYNTHETIC,MARKET_SIM_V1,MARKET_SIMULATION_V1
TRADE_73DF348860005E85A5E9,FUND_SYNTH_000129,MANAGER_SYNTH_00033,buyout,middle_market,2017,2023-12-31,2024-02-14,2024-02-28,USD,320.23000000,367.61000000,73.17000000,1.6842990000,0.6837370000,7.0000,0.5940526101,0.1990424635,5.9097391745,0.8932185352,0.8521440713,0.8735485653,SOLD,NEW_SYNTHETIC,MARKET_SIM_V1,MARKET_SIMULATION_V1
TRADE_84C70EF1C1D1DA8DECBC,FUND_SYNTH_000129,MANAGER_SYNTH_00033,buyout,middle_market,2017,2024-12-31,2025-02-14,2025-02-28,USD,264.82000000,367.61000000,73.17000000,1.7732850000,0.9458520000,8.0000,0.4666102830,0.1990424635,5.9097391745,0.9479791782,0.8875966824,0.9314198793,SOLD,NEW_SYNTHETIC,MARKET_SIM_V1,MARKET_SIMULATION_V1
TRADE_96CFED2038B8F4EDCEBF,FUND_SYNTH_000129,MANAGER_SYNTH_00033,buyout,middle_market,2017,2025-12-31,2026-02-14,2026-02-28,USD,116.09000000,367.61000000,73.17000000,1.8588030000,1.4960790000,9.0000,0.1951387605,0.1990424635,5.9097391745,1.0116378611,0.9899924414,0.9929600925,SOLD,NEW_SYNTHETIC,MARKET_SIM_V1,MARKET_SIMULATION_V1
TRADE_C627280A7C5313C55AB4,FUND_SYNTH_000129,MANAGER_SYNTH_00033,buyout,middle_market,2017,2026-06-30,2026-08-14,2026-08-28,USD,96.10000000,367.61000000,73.17000000,1.9005470000,1.6002810000,9.0000,0.1579890509,0.1990424635,5.9097391745,0.9653904052,0.9055767481,0.9254395321,SOLD,NEW_SYNTHETIC,MARKET_SIM_V1,MARKET_SIMULATION_V1
TRADE_E838776EF992AD6FF91E,FUND_SYNTH_000131,MANAGER_SYNTH_00033,buyout,middle_market,2020,2023-12-31,2024-02-14,2024-02-28,USD,1237.98000000,1000.85000000,231.70000000,1.6539230000,0.0624640000,4.0000,0.9622329139,0.2315032223,6.9096035698,0.8696414172,0.8373287077,,UNSOLD,NEW_SYNTHETIC,MARKET_SIM_V1,MARKET_SIMULATION_V1
TRADE_0479B562C7048EFCBEA8,FUND_SYNTH_000131,MANAGER_SYNTH_00033,buyout,middle_market,2020,2024-12-31,2025-02-14,2025-02-28,USD,1165.12000000,1000.85000000,266.43000000,1.8082510000,0.3104550000,5.0000,0.8283118397,0.2662037268,6.9096035698,0.8746875721,0.8729751194,0.8559935381,SOLD,NEW_SYNTHETIC,MARKET_SIM_V1,MARKET_SIMULATION_V1
TRADE_A3B5876F090C2B30A97C,FUND_SYNTH_000131,MANAGER_SYNTH_00033,buyout,middle_market,2020,2025-12-31,2026-02-14,2026-02-28,USD,916.97000000,1000.85000000,279.43000000,1.9537210000,0.7749300000,6.0000,0.6033570648,0.2791926862,6.9096035698,0.9425648525,0.8805470532,0.8942836965,SOLD,NEW_SYNTHETIC,MARKET_SIM_V1,MARKET_SIMULATION_V1
TRADE_CC5A137A956D218A939D,FUND_SYNTH_000131,MANAGER_SYNTH_00033,buyout,middle_market,2020,2026-06-30,2026-08-14,2026-08-28,USD,809.85000000,1000.85000000,279.43000000,2.0239620000,0.9828770000,6.0000,0.5143798986,0.2791926862,6.9096035698,0.9161970978,0.8400005692,0.8819377737,SOLD,NEW_SYNTHETIC,MARKET_SIM_V1,MARKET_SIMULATION_V1
TRADE_E80C3CC28FB89D1905F9,FUND_SYNTH_000134,MANAGER_SYNTH_00034,buyout,middle_market,2024,2024-12-31,2025-02-14,2025-02-28,USD,310.69000000,667.83000000,367.40000000,1.0341510000,0.0000000000,1.0000,1.0000000000,0.5501400057,6.5055299172,0.8193885391,0.8033416555,0.7985630003,SOLD,NEW_SYNTHETIC,MARKET_SIM_V1,MARKET_SIMULATION_V1
TRADE_24B9AEE9F1DFA64C43C9,FUND_SYNTH_000134,MANAGER_SYNTH_00034,buyout,middle_market,2024,2025-12-31,2026-02-14,2026-02-28,USD,338.46000000,667.83000000,335.50000000,1.1341780000,0.1417430000,2.0000,0.8750258532,0.5023733585,6.5055299172,0.8806434181,0.8051643071,0.8368615515,SOLD,NEW_SYNTHETIC,MARKET_SIM_V1,MARKET_SIMULATION_V1
TRADE_D20C81DC5C9443FA8B11,FUND_SYNTH_000134,MANAGER_SYNTH_00034,buyout,middle_market,2024,2026-06-30,2026-08-14,2026-08-28,USD,350.34000000,667.83000000,335.50000000,1.1690120000,0.1417430000,2.0000,0.8787498746,0.5023733585,6.5055299172,0.8347017216,0.8060449833,0.8187030345,SOLD,NEW_SYNTHETIC,MARKET_SIM_V1,MARKET_SIMULATION_V1
TRADE_86F779CE82894F319A90,FUND_SYNTH_000138,MANAGER_SYNTH_00035,buyout,middle_market,2022,2023-12-31,2024-02-14,2024-02-28,USD,462.74000000,531.44000000,203.46000000,1.4108790000,0.0000000000,2.0000,1.0000000000,0.3828466054,6.2774702152,0.8608250311,0.8051354471,0.8091977700,SOLD,NEW_SYNTHETIC,MARKET_SIM_V1,MARKET_SIMULATION_V1
TRADE_25FF32A2CB3672129E42,FUND_SYNTH_000138,MANAGER_SYNTH_00035,buyout,middle_market,2022,2024-12-31,2025-02-14,2025-02-28,USD,497.91000000,531.44000000,204.89000000,1.6905590000,0.2284830000,3.0000,0.8648474953,0.3855374078,6.2774702152,0.8801439129,0.8444430943,0.8315778707,SOLD,NEW_SYNTHETIC,MARKET_SIM_V1,MARKET_SIMULATION_V1
TRADE_82CBC3DC2AA3D00BC17D,FUND_SYNTH_000138,MANAGER_SYNTH_00035,buyout,middle_market,2022,2025-12-31,2026-02-14,2026-02-28,USD,458.68000000,531.44000000,226.42000000,1.9265890000,0.5797090000,4.0000,0.6991007468,0.4260499774,6.2774702152,0.9269054673,0.8633430681,0.8751004735,SOLD,NEW_SYNTHETIC,MARKET_SIM_V1,MARKET_SIMULATION_V1
TRADE_BBE19F8E0CB5A0C5194D,FUND_SYNTH_000138,MANAGER_SYNTH_00035,buyout,middle_market,2022,2026-06-30,2026-08-14,2026-08-28,USD,496.16000000,531.44000000,226.42000000,2.0366470000,0.5797090000,4.0000,0.7153608812,0.4260499774,6.2774702152,0.9404421290,0.8980166740,0.8959517366,SOLD,NEW_SYNTHETIC,MARKET_SIM_V1,MARKET_SIMULATION_V1
TRADE_B525395F5D5716D9D9F2,FUND_SYNTH_000148,MANAGER_SYNTH_00037,buyout,middle_market,2016,2023-12-31,2024-02-14,2024-02-28,USD,473.15000000,711.43000000,100.06000000,1.1963800000,0.4523280000,8.0000,0.6219193207,0.1406463039,6.5686816617,0.8578145212,0.8293999511,,UNSOLD,NEW_SYNTHETIC,MARKET_SIM_V1,MARKET_SIMULATION_V1
TRADE_E1533D1D50C4DDAD6A70,FUND_SYNTH_000148,MANAGER_SYNTH_00037,buyout,middle_market,2016,2024-12-31,2025-02-14,2025-02-28,USD,343.40000000,711.43000000,100.06000000,1.2194960000,0.6794830000,9.0000,0.4428167997,0.1406463039,6.5686816617,0.9192448807,0.8243991083,0.8607221963,SOLD,NEW_SYNTHETIC,MARKET_SIM_V1,MARKET_SIMULATION_V1
TRADE_74D45066DECCE077ABD8,FUND_SYNTH_000148,MANAGER_SYNTH_00037,buyout,middle_market,2016,2025-12-31,2026-02-14,2026-02-28,USD,228.26000000,711.43000000,100.06000000,1.2413230000,0.8823730000,10.0000,0.2891673106,0.1406463039,6.5686816617,0.8986185865,0.8857649591,0.8695500931,SOLD,NEW_SYNTHETIC,MARKET_SIM_V1,MARKET_SIMULATION_V1
TRADE_8B25FEC74C86E2360485,FUND_SYNTH_000148,MANAGER_SYNTH_00037,buyout,middle_market,2016,2026-06-30,2026-08-14,2026-08-28,USD,73.15000000,711.43000000,100.06000000,1.2518910000,1.1368590000,10.0000,0.0918865957,0.1406463039,6.5686816617,0.9841304433,0.9208000497,0.9372737663,SOLD,NEW_SYNTHETIC,MARKET_SIM_V1,MARKET_SIMULATION_V1
TRADE_80488149A7CF042AFE34,FUND_SYNTH_000163,MANAGER_SYNTH_00041,buyout,middle_market,2020,2023-12-31,2024-02-14,2024-02-28,USD,706.51000000,931.32000000,308.90000000,1.2525300000,0.1475890000,4.0000,0.8821671162,0.3316797664,6.8376761034,0.8657577250,0.8096691665,0.8135209313,SOLD,NEW_SYNTHETIC,MARKET_SIM_V1,MARKET_SIMULATION_V1
TRADE_7ABB52F1F96532837CC1,FUND_SYNTH_000163,MANAGER_SYNTH_00041,buyout,middle_market,2020,2024-12-31,2025-02-14,2025-02-28,USD,550.72000000,931.32000000,343.63000000,1.3105680000,0.4492740000,5.0000,0.6571916133,0.3689709230,6.8376761034,0.8918870207,0.8087483402,0.8509777741,SOLD,NEW_SYNTHETIC,MARKET_SIM_V1,MARKET_SIMULATION_V1
TRADE_0F7EE12ACE3BFD0FCE60,FUND_SYNTH_000163,MANAGER_SYNTH_00041,buyout,middle_market,2020,2025-12-31,2026-02-14,2026-02-28,USD,521.71000000,931.32000000,355.03000000,1.3642260000,0.5483020000,6.0000,0.5980855210,0.3812116136,6.8376761034,0.9057310892,0.8955339597,,UNSOLD,NEW_SYNTHETIC,MARKET_SIM_V1,MARKET_SIMULATION_V1
TRADE_AC9B59E1DF4F3496E221,FUND_SYNTH_000163,MANAGER_SYNTH_00041,buyout,middle_market,2020,2026-06-30,2026-08-14,2026-08-28,USD,457.17000000,931.32000000,355.03000000,1.3900000000,0.6750130000,6.0000,0.5143792615,0.3812116136,6.8376761034,0.9179371887,0.8455726322,0.8883998403,SOLD,NEW_SYNTHETIC,MARKET_SIM_V1,MARKET_SIMULATION_V1
TRADE_6F2643FD090BEAE6558C,FUND_SYNTH_000179,MANAGER_SYNTH_00045,buyout,middle_market,2016,2023-12-31,2024-02-14,2024-02-28,USD,814.82000000,794.07000000,123.39000000,1.7678350000,0.6574680000,8.0000,0.6280939497,0.1553893234,6.6784301611,0.9500640235,0.9172061075,0.9280907942,SOLD,NEW_SYNTHETIC,MARKET_SIM_V1,MARKET_SIMULATION_V1
TRADE_08752D3ABB1CCFE2492B,FUND_SYNTH_000179,MANAGER_SYNTH_00045,buyout,middle_market,2016,2024-12-31,2025-02-14,2025-02-28,USD,636.93000000,794.07000000,123.39000000,1.8453180000,0.9773650000,9.0000,0.4703540967,0.1553893234,6.6784301611,1.0207088515,0.9221213108,0.9582502771,SOLD,NEW_SYNTHETIC,MARKET_SIM_V1,MARKET_SIMULATION_V1
TRADE_8A9A5BE490901F9F79DE,FUND_SYNTH_000179,MANAGER_SYNTH_00045,buyout,middle_market,2016,2025-12-31,2026-02-14,2026-02-28,USD,210.92000000,794.07000000,123.39000000,1.9203630000,1.6329400000,10.0000,0.1496714495,0.1553893234,6.6784301611,1.0088823169,0.9831153418,0.9801051960,SOLD,NEW_SYNTHETIC,MARKET_SIM_V1,MARKET_SIMULATION_V1
TRADE_0A62FF706C887F6608F4,FUND_SYNTH_000179,MANAGER_SYNTH_00045,buyout,middle_market,2016,2026-06-30,2026-08-14,2026-08-28,USD,131.98000000,794.07000000,123.39000000,1.9571290000,1.7772780000,10.0000,0.0918952792,0.1553893234,6.6784301611,0.9718255871,0.9229147035,0.9402424685,SOLD,NEW_SYNTHETIC,MARKET_SIM_V1,MARKET_SIMULATION_V1
TRADE_A5C40621B1598AD1DC03,FUND_SYNTH_000193,MANAGER_SYNTH_00049,buyout,middle_market,2022,2023-12-31,2024-02-14,2024-02-28,USD,547.98000000,812.03000000,361.68000000,1.2245150000,0.0098860000,2.0000,0.9919267251,0.4454022635,6.7007680092,0.8725637900,0.8245366605,0.8111503670,SOLD,NEW_SYNTHETIC,MARKET_SIM_V1,MARKET_SIMULATION_V1
TRADE_2FBB2D7E9FEAFB06FEEC,FUND_SYNTH_000193,MANAGER_SYNTH_00049,buyout,middle_market,2022,2024-12-31,2025-02-14,2025-02-28,USD,639.23000000,812.03000000,321.32000000,1.3757740000,0.0954960000,3.0000,0.9305877044,0.3956996663,6.7007680092,0.8414163096,0.7633521838,0.8009682561,SOLD,NEW_SYNTHETIC,MARKET_SIM_V1,MARKET_SIMULATION_V1
TRADE_969FECFD182DA827F843,FUND_SYNTH_000193,MANAGER_SYNTH_00049,buyout,middle_market,2022,2025-12-31,2026-02-14,2026-02-28,USD,628.74000000,812.03000000,334.74000000,1.5039760000,0.2447070000,4.0000,0.8372929207,0.4122261493,6.7007680092,0.8619980570,0.8032183162,,UNSOLD,NEW_SYNTHETIC,MARKET_SIM_V1,MARKET_SIMULATION_V1
TRADE_F9AD69AC9286ACC328DA,FUND_SYNTH_000193,MANAGER_SYNTH_00049,buyout,middle_market,2022,2026-06-30,2026-08-14,2026-08-28,USD,558.55000000,812.03000000,352.75000000,1.5638010000,0.4451120000,4.0000,0.7153652070,0.4344051328,6.7007680092,0.8465276361,0.8001646103,0.8256507271,SOLD,NEW_SYNTHETIC,MARKET_SIM_V1,MARKET_SIMULATION_V1
TRADE_C680918DC5155671664F,FUND_SYNTH_000198,MANAGER_SYNTH_00050,buyout,middle_market,2021,2023-12-31,2024-02-14,2024-02-28,USD,507.11000000,528.72000000,214.26000000,1.6458440000,0.0467330000,3.0000,0.9716053877,0.4052428507,6.2723485651,0.8647590828,0.8244397281,0.8090466791,SOLD,NEW_SYNTHETIC,MARKET_SIM_V1,MARKET_SIMULATION_V1
TRADE_8DDDBBE0BDD00291F570,FUND_SYNTH_000198,MANAGER_SYNTH_00050,buyout,middle_market,2021,2024-12-31,2025-02-14,2025-02-28,USD,518.74000000,528.72000000,222.70000000,1.8303480000,0.1945640000,4.0000,0.8937013300,0.4212059313,6.2723485651,0.8882472031,0.8172105600,0.8388729691,SOLD,NEW_SYNTHETIC,MARKET_SIM_V1,MARKET_SIMULATION_V1
TRADE_D84F5E041F6F6C588DE1,FUND_SYNTH_000198,MANAGER_SYNTH_00050,buyout,middle_market,2021,2025-12-31,2026-02-14,2026-02-28,USD,445.78000000,528.72000000,236.02000000,2.0005680000,0.5948540000,5.0000,0.7026575455,0.4463988501,6.2723485651,0.9817039522,0.8839492885,0.9210121684,SOLD,NEW_SYNTHETIC,MARKET_SIM_V1,MARKET_SIMULATION_V1
TRADE_2AF424F497F7C0BD9851,FUND_SYNTH_000198,MANAGER_SYNTH_00050,buyout,middle_market,2021,2026-06-30,2026-08-14,2026-08-28,USD,408.81000000,528.72000000,236.02000000,2.0821140000,0.7929810000,5.0000,0.6191464227,0.4463988501,6.2723485651,0.9380273912,0.9040541977,0.9205617038,SOLD,NEW_SYNTHETIC,MARKET_SIM_V1,MARKET_SIMULATION_V1
TRADE_47657CE222DF3734EDBF,FUND_SYNTH_000211,MANAGER_SYNTH_00053,buyout,middle_market,2025,2025-12-31,2026-02-14,2026-02-28,USD,389.41000000,911.09000000,593.86000000,1.2411780000,0.0175030000,1.0000,0.9858980202,0.6518126640,6.8157386694,0.8449457270,0.8113010466,,UNSOLD,NEW_SYNTHETIC,MARKET_SIM_V1,MARKET_SIMULATION_V1
TRADE_2EBB5745E388456B19FE,FUND_SYNTH_000211,MANAGER_SYNTH_00053,buyout,middle_market,2025,2026-06-30,2026-08-14,2026-08-28,USD,478.90000000,911.09000000,558.60000000,1.4204050000,0.0817610000,1.0000,0.9424382564,0.6131117672,6.8157386694,0.8514764451,0.7984733303,0.8169862802,SOLD,NEW_SYNTHETIC,MARKET_SIM_V1,MARKET_SIMULATION_V1
TRADE_4C37BA9D032BFEEAAEC9,FUND_SYNTH_000217,MANAGER_SYNTH_00055,buyout,middle_market,2023,2023-12-31,2024-02-14,2024-02-28,USD,166.48000000,1003.12000000,797.38000000,0.8091770000,0.0000000000,1.0000,1.0000000000,0.7948999123,6.9118668150,0.7823866683,0.7074052194,0.7263597492,SOLD,NEW_SYNTHETIC,MARKET_SIM_V1,MARKET_SIMULATION_V1
TRADE_FD4BB0E94BE4B35A5A34,FUND_SYNTH_000217,MANAGER_SYNTH_00055,buyout,middle_market,2023,2024-12-31,2025-02-14,2025-02-28,USD,608.90000000,1003.12000000,441.91000000,1.0965060000,0.0143250000,2.0000,0.9869359440,0.4405355291,6.9118668150,0.8030448553,0.7800894778,0.7803209985,SOLD,NEW_SYNTHETIC,MARKET_SIM_V1,MARKET_SIMULATION_V1
TRADE_1B608136697474E3DD4F,FUND_SYNTH_000217,MANAGER_SYNTH_00055,buyout,middle_market,2023,2025-12-31,2026-02-14,2026-02-28,USD,603.11000000,1003.12000000,453.27000000,1.1984150000,0.1265240000,3.0000,0.8944238470,0.4518601962,6.9118668150,0.8295834529,0.8088129389,,UNSOLD,NEW_SYNTHETIC,MARKET_SIM_V1,MARKET_SIMULATION_V1
TRADE_13D10321CA253F872077,FUND_SYNTH_000217,MANAGER_SYNTH_00055,buyout,middle_market,2023,2026-06-30,2026-08-14,2026-08-28,USD,558.67000000,1003.12000000,465.23000000,1.2374790000,0.2445700000,3.0000,0.8023639915,0.4637829970,6.9118668150,0.8599478006,0.8268055632,0.8121299521,SOLD,NEW_SYNTHETIC,MARKET_SIM_V1,MARKET_SIMULATION_V1
TRADE_75CBF7A188338F6D35C6,FUND_SYNTH_000219,MANAGER_SYNTH_00055,buyout,middle_market,2022,2023-12-31,2024-02-14,2024-02-28,USD,284.43000000,427.85000000,198.84000000,1.2419980000,0.0000000000,2.0000,1.0000000000,0.4647423162,6.0611072074,0.8370952514,0.7919667460,0.8206072748,SOLD,NEW_SYNTHETIC,MARKET_SIM_V1,MARKET_SIMULATION_V1
TRADE_D3B4F3185C2DBB94FAB6,FUND_SYNTH_000219,MANAGER_SYNTH_00055,buyout,middle_market,2022,2024-12-31,2025-02-14,2025-02-28,USD,364.48000000,427.85000000,174.60000000,1.4696640000,0.0411150000,3.0000,0.9720244286,0.4080869464,6.0611072074,0.8248389089,0.7680356640,0.8051134077,SOLD,NEW_SYNTHETIC,MARKET_SIM_V1,MARKET_SIMULATION_V1
TRADE_DB7E7FA3D902B08E6F2A,FUND_SYNTH_000219,MANAGER_SYNTH_00055,buyout,middle_market,2022,2025-12-31,2026-02-14,2026-02-28,USD,372.39000000,427.85000000,181.55000000,1.6519950000,0.1924430000,4.0000,0.8835085055,0.4243309571,6.0611072074,0.8499612483,0.7983801097,0.7902652776,SOLD,NEW_SYNTHETIC,MARKET_SIM_V1,MARKET_SIMULATION_V1
TRADE_9F1DE906BD0D85BDB9CA,FUND_SYNTH_000219,MANAGER_SYNTH_00055,buyout,middle_market,2022,2026-06-30,2026-08-14,2026-08-28,USD,316.84000000,427.85000000,195.41000000,1.7359490000,0.4941210000,4.0000,0.7153597796,0.4567254879,6.0611072074,0.9230285982,0.8570384449,0.8607179595,SOLD,NEW_SYNTHETIC,MARKET_SIM_V1,MARKET_SIMULATION_V1
TRADE_79F8A23ABA2C509CFB46,FUND_SYNTH_000225,MANAGER_SYNTH_00057,buyout,middle_market,2019,2023-12-31,2024-02-14,2024-02-28,USD,273.15000000,287.57000000,69.64000000,1.3939810000,0.1815440000,5.0000,0.8697659608,0.2421671245,5.6649376908,0.8558579386,0.8109177846,0.8253284485,SOLD,NEW_SYNTHETIC,MARKET_SIM_V1,MARKET_SIMULATION_V1
TRADE_CA95BF9D12138E0FEF29,FUND_SYNTH_000225,MANAGER_SYNTH_00057,buyout,middle_market,2019,2024-12-31,2025-02-14,2025-02-28,USD,212.48000000,287.57000000,79.21000000,1.4677970000,0.5246570000,6.0000,0.6425547357,0.2754459784,5.6649376908,0.9350679473,0.8562068283,0.8742789413,SOLD,NEW_SYNTHETIC,MARKET_SIM_V1,MARKET_SIMULATION_V1
TRADE_7DD5B296DE385F99F1C2,FUND_SYNTH_000225,MANAGER_SYNTH_00057,buyout,middle_market,2019,2025-12-31,2026-02-14,2026-02-28,USD,164.55000000,287.57000000,79.21000000,1.5370860000,0.8066940000,7.0000,0.4751797626,0.2754459784,5.6649376908,0.9355932716,0.8954893272,,WITHDRAWN,NEW_SYNTHETIC,MARKET_SIM_V1,MARKET_SIMULATION_V1
TRADE_333EA76D48C869DA017F,FUND_SYNTH_000225,MANAGER_SYNTH_00057,buyout,middle_market,2019,2026-06-30,2026-08-14,2026-08-28,USD,142.37000000,287.57000000,79.21000000,1.5705540000,0.9386120000,7.0000,0.4023683690,0.2754459784,5.6649376908,0.9579322346,0.9039626145,0.9119669234,SOLD,NEW_SYNTHETIC,MARKET_SIM_V1,MARKET_SIMULATION_V1
TRADE_9DB554BE27A63822EFE3,FUND_SYNTH_000226,MANAGER_SYNTH_00057,buyout,middle_market,2012,2023-12-31,2024-02-14,2024-02-28,USD,318.59000000,594.48000000,77.27000000,1.8437940000,1.2574170000,12.0000,0.3180270920,0.1299791414,6.3893678030,0.8977570041,0.8640108075,0.8669100408,SOLD,NEW_SYNTHETIC,MARKET_SIM_V1,MARKET_SIMULATION_V1
TRADE_A62B19C5E8CD045C8459,FUND_SYNTH_000226,MANAGER_SYNTH_00057,buyout,middle_market,2012,2024-12-31,2025-02-14,2025-02-28,USD,94.84000000,594.48000000,77.27000000,1.8995250000,1.7249690000,13.0000,0.0918947725,0.1299791414,6.3893678030,0.9039073483,0.8813432263,0.8668159248,SOLD,NEW_SYNTHETIC,MARKET_SIM_V1,MARKET_SIMULATION_V1
TRADE_A62B19C5E8CD045C8459,FUND_SYNTH_000226,MANAGER_SYNTH_00057,buyout,middle_market,2012,2024-12-31,2025-02-14,2025-02-28,USD,94.84000000,594.48000000,77.27000000,1.8995250000,1.7249690000,13.0000,0.0918947725,0.1299791414,6.3893678030,0.9505703458,0.9198323356,0.9243965213,SOLD,NEW_SYNTHETIC,MARKET_SIM_V1,MARKET_SIMULATION_V1
TRADE_A62B19C5E8CD045C8459,FUND_SYNTH_000226,MANAGER_SYNTH_00057,buyout,middle_market,2012,2024-12-31,2025-02-14,2025-02-28,USD,94.84000000,594.48000000,77.27000000,1.8995250000,1.7249690000,13.0000,0.0918947725,0.1299791414,6.3893678030,0.9676233313,0.8980819146,0.9334849944,SOLD,NEW_SYNTHETIC,MARKET_SIM_V1,MARKET_SIMULATION_V1
TRADE_FC0A39C1A1A9B59EC169,FUND_SYNTH_000230,MANAGER_SYNTH_00058,buyout,middle_market,2018,2023-12-31,2024-02-14,2024-02-28,USD,875.24000000,742.69000000,128.13000000,1.8259940000,0.5403510000,6.0000,0.7040785134,0.1725215096,6.6116242813,0.9126945313,0.8612246301,0.8606067896,SOLD,NEW_SYNTHETIC,MARKET_SIM_V1,MARKET_SIMULATION_V1
TRADE_9342785F480A29C0BECF,FUND_SYNTH_000230,MANAGER_SYNTH_00058,buyout,middle_market,2018,2024-12-31,2025-02-14,2025-02-28,USD,775.80000000,742.69000000,147.59000000,1.9539790000,0.8144040000,7.0000,0.5832074153,0.1987235590,6.6116242813,0.9514881964,0.8742991065,0.9087995638,SOLD,NEW_SYNTHETIC,MARKET_SIM_V1,MARKET_SIMULATION_V1
TRADE_3C476B06F8A060E566DB,FUND_SYNTH_000230,MANAGER_SYNTH_00058,buyout,middle_market,2018,2025-12-31,2026-02-14,2026-02-28,USD,593.39000000,742.69000000,147.59000000,2.0765450000,1.2049120000,8.0000,0.4197514271,0.1987235590,6.6116242813,0.9838052402,0.9396149286,0.9276664148,SOLD,NEW_SYNTHETIC,MARKET_SIM_V1,MARKET_SIMULATION_V1
TRADE_170B6EF659D177F107C2,FUND_SYNTH_000230,MANAGER_SYNTH_00058,buyout,middle_market,2018,2026-06-30,2026-08-14,2026-08-28,USD,412.18000000,742.69000000,147.59000000,2.1362110000,1.5307590000,8.0000,0.2834235263,0.1987235590,6.6116242813,1.0554796262,0.9755223730,0.9923534213,SOLD,NEW_SYNTHETIC,MARKET_SIM_V1,MARKET_SIMULATION_V1
TRADE_CF499CAE45B0BA398A4D,FUND_SYNTH_000241,MANAGER_SYNTH_00061,buyout,middle_market,2020,2023-12-31,2024-02-14,2024-02-28,USD,470.63000000,524.92000000,182.78000000,1.4227260000,0.0626810000,4.0000,0.9559432889,0.3482054408,6.2651491099,0.8469964150,0.7595472231,0.7993746055,SOLD,NEW_SYNTHETIC,MARKET_SIM_V1,MARKET_SIMULATION_V1
TRADE_77E3FD185B169F99D6FF,FUND_SYNTH_000241,MANAGER_SYNTH_00061,buyout,middle_market,2020,2024-12-31,2025-02-14,2025-02-28,USD,353.40000000,524.92000000,210.37000000,1.5268470000,0.5055770000,5.0000,0.6688747989,0.4007658310,6.2651491099,0.8776037186,0.8630723073,0.8508992855,SOLD,NEW_SYNTHETIC,MARKET_SIM_V1,MARKET_SIMULATION_V1
TRADE_F2247DF3322AE6909374,FUND_SYNTH_000241,MANAGER_SYNTH_00061,buyout,middle_market,2020,2025-12-31,2026-02-14,2026-02-28,USD,341.09000000,524.92000000,218.57000000,1.6229630000,0.6372670000,6.0000,0.6073431741,0.4163872590,6.2651491099,0.9377126752,0.8900346771,0.9037799112,SOLD,NEW_SYNTHETIC,MARKET_SIM_V1,MARKET_SIMULATION_V1
TRADE_792BE70E73B93F0DB521,FUND_SYNTH_000241,MANAGER_SYNTH_00061,buyout,middle_market,2020,2026-06-30,2026-08-14,2026-08-28,USD,297.08000000,524.92000000,218.57000000,1.6690270000,0.8105130000,6.0000,0.5143797074,0.4163872590,6.2651491099,0.9419786826,0.8453908619,0.8863040654,SOLD,NEW_SYNTHETIC,MARKET_SIM_V1,MARKET_SIMULATION_V1
TRADE_EC990E9D8F2A3249481E,FUND_SYNTH_000242,MANAGER_SYNTH_00061,buyout,middle_market,2018,2023-12-31,2024-02-14,2024-02-28,USD,1553.16000000,1715.18000000,375.68000000,1.4020100000,0.3064610000,6.0000,0.7814130397,0.2190324048,7.4478561697,0.9112094512,0.8574468737,0.8769061955,SOLD,NEW_SYNTHETIC,MARKET_SIM_V1,MARKET_SIMULATION_V1
TRADE_394FC07EF726DE8B9B53,FUND_SYNTH_000242,MANAGER_SYNTH_00061,buyout,middle_market,2018,2024-12-31,2025-02-14,2025-02-28,USD,1118.13000000,1715.18000000,375.68000000,1.4632360000,0.6745430000,7.0000,0.5390058956,0.2190324048,7.4478561697,0.9710766778,0.9356191487,0.9203383066,SOLD,NEW_SYNTHETIC,MARKET_SIM_V1,MARKET_SIMULATION_V1
TRADE_F6D43B394518B557CC1E,FUND_SYNTH_000242,MANAGER_SYNTH_00061,buyout,middle_market,2018,2025-12-31,2026-02-14,2026-02-28,USD,877.70000000,1715.18000000,375.68000000,1.5211400000,0.9020390000,8.0000,0.4069983121,0.2190324048,7.4478561697,0.9114441015,0.8500704968,0.8734949633,SOLD,NEW_SYNTHETIC,MARKET_SIM_V1,MARKET_SIMULATION_V1
TRADE_F57609E9617CF682B655,FUND_SYNTH_000242,MANAGER_SYNTH_00061,buyout,middle_market,2018,2026-06-30,2026-08-14,2026-08-28,USD,622.48000000,1715.18000000,375.68000000,1.5491850000,1.1101080000,8.0000,0.2834246999,0.2190324048,7.4478561697,1.0262110077,0.9638304392,0.9962472108,SOLD,NEW_SYNTHETIC,MARKET_SIM_V1,MARKET_SIMULATION_V1
TRADE_D83666F6E2F0EC90F467,FUND_SYNTH_000254,MANAGER_SYNTH_00064,buyout,middle_market,2025,2025-12-31,2026-02-14,2026-02-28,USD,345.22000000,923.04000000,631.24000000,1.1948190000,0.0149020000,1.0000,0.9875278906,0.6838706882,6.8287553607,0.8730777547,0.8209398939,0.8403821746,SOLD,NEW_SYNTHETIC,MARKET_SIM_V1,MARKET_SIMULATION_V1
TRADE_E73E8C43D223E059C0D1,FUND_SYNTH_000254,MANAGER_SYNTH_00064,buyout,middle_market,2025,2026-06-30,2026-08-14,2026-08-28,USD,357.21000000,923.04000000,634.38000000,1.2954750000,0.0745780000,1.0000,0.9424319975,0.6872724909,6.8287553607,0.8192756010,0.7779807654,0.7890034852,SOLD,NEW_SYNTHETIC,MARKET_SIM_V1,MARKET_SIMULATION_V1
TRADE_0E7D33A2C2A805281EFA,FUND_SYNTH_000259,MANAGER_SYNTH_00065,buyout,middle_market,2014,2023-12-31,2024-02-14,2024-02-28,USD,453.68000000,460.71000000,47.92000000,1.9062710000,0.9033760000,10.0000,0.5261033931,0.1040133707,6.1349369884,0.9049774191,0.8586733136,0.8615325411,SOLD,NEW_SYNTHETIC,MARKET_SIM_V1,MARKET_SIMULATION_V1
TRADE_37FD1A6789B735345DF8,FUND_SYNTH_000259,MANAGER_SYNTH_00065,buyout,middle_market,2014,2024-12-31,2025-02-14,2025-02-28,USD,439.21000000,460.71000000,47.92000000,1.9824040000,1.0114950000,11.0000,0.4897633756,0.1040133707,6.1349369884,0.9286202594,0.8992946816,0.9031882890,SOLD,NEW_SYNTHETIC,MARKET_SIM_V1,MARKET_SIMULATION_V1
TRADE_05936E87FCD00ACAE4F7,FUND_SYNTH_000259,MANAGER_SYNTH_00065,buyout,middle_market,2014,2025-12-31,2026-02-14,2026-02-28,USD,149.31000000,460.71000000,47.92000000,2.0567010000,1.7266400000,12.0000,0.1604810886,0.1040133707,6.1349369884,0.9819570292,0.9553859935,0.9513579776,SOLD,NEW_SYNTHETIC,MARKET_SIM_V1,MARKET_SIMULATION_V1
TRADE_6ACC4F88E8D30343D9CB,FUND_SYNTH_000259,MANAGER_SYNTH_00065,buyout,middle_market,2014,2026-06-30,2026-08-14,2026-08-28,USD,87.01000000,460.71000000,47.92000000,2.0932420000,1.9009000000,12.0000,0.0918873822,0.1040133707,6.1349369884,0.9854441405,0.9279622429,0.9685065642,SOLD,NEW_SYNTHETIC,MARKET_SIM_V1,MARKET_SIMULATION_V1
TRADE_D67A0D3A277562DEEFD8,FUND_SYNTH_000268,MANAGER_SYNTH_00067,buyout,middle_market,2025,2025-12-31,2026-02-14,2026-02-28,USD,217.40000000,688.44000000,473.65000000,1.0121510000,0.0000000000,1.0000,1.0000000000,0.6880047644,6.5358796739,0.7849405593,0.7436895266,0.7664388917,SOLD,NEW_SYNTHETIC,MARKET_SIM_V1,MARKET_SIMULATION_V1
TRADE_FD716713C8B1B0083E58,FUND_SYNTH_000268,MANAGER_SYNTH_00067,buyout,middle_market,2025,2026-06-30,2026-08-14,2026-08-28,USD,307.03000000,688.44000000,392.46000000,1.0882910000,0.0626360000,1.0000,0.9424458223,0.5700714659,6.5358796739,0.8654258199,0.7957501063,0.8089707339,SOLD,NEW_SYNTHETIC,MARKET_SIM_V1,MARKET_SIMULATION_V1
TRADE_195DC37B78053EBF3EDD,FUND_SYNTH_000274,MANAGER_SYNTH_00069,buyout,middle_market,2018,2023-12-31,2024-02-14,2024-02-28,USD,418.13000000,406.10000000,100.50000000,1.6994330000,0.4393990000,6.0000,0.7414441253,0.2474759911,6.0090588555,0.9123521938,0.8474574835,0.8786564976,SOLD,NEW_SYNTHETIC,MARKET_SIM_V1,MARKET_SIMULATION_V1
TRADE_80BA2046F892655373B6,FUND_SYNTH_000274,MANAGER_SYNTH_00069,buyout,middle_market,2018,2024-12-31,2025-02-14,2025-02-28,USD,300.99000000,406.10000000,100.50000000,1.7979750000,0.8909410000,7.0000,0.5044750603,0.2474759911,6.0090588555,0.9425454208,0.8792203066,0.8877437626,SOLD,NEW_SYNTHETIC,MARKET_SIM_V1,MARKET_SIMULATION_V1
TRADE_209BDD513FD36A6301E0,FUND_SYNTH_000274,MANAGER_SYNTH_00069,buyout,middle_market,2018,2025-12-31,2026-02-14,2026-02-28,USD,196.87000000,406.10000000,100.50000000,1.8926890000,1.2994210000,8.0000,0.3134523222,0.2474759911,6.0090588555,0.9624418031,0.9427208790,0.9466371675,SOLD,NEW_SYNTHETIC,MARKET_SIM_V1,MARKET_SIMULATION_V1
TRADE_A6AD40E77BA1BA745CE4,FUND_SYNTH_000274,MANAGER_SYNTH_00069,buyout,middle_market,2018,2026-06-30,2026-08-14,2026-08-28,USD,182.35000000,406.10000000,100.50000000,1.9388560000,1.3893440000,8.0000,0.2834206313,0.2474759911,6.0090588555,0.9516574253,0.9387941333,,WITHDRAWN,NEW_SYNTHETIC,MARKET_SIM_V1,MARKET_SIMULATION_V1
TRADE_9FFFBFD6AB6B4ED9DA44,FUND_SYNTH_000278,MANAGER_SYNTH_00070,buyout,middle_market,2014,2023-12-31,2024-02-14,2024-02-28,USD,239.37000000,434.96000000,21.67000000,1.4470270000,0.8911290000,10.0000,0.3841660113,0.0498206732,6.0775504960,0.8920185418,0.8558183284,0.8642933145,SOLD,NEW_SYNTHETIC,MARKET_SIM_V1,MARKET_SIMULATION_V1
TRADE_514DAFDB9407C1010051,FUND_SYNTH_000278,MANAGER_SYNTH_00070,buyout,middle_market,2014,2024-12-31,2025-02-14,2025-02-28,USD,212.68000000,434.96000000,21.67000000,1.4831860000,0.9892710000,11.0000,0.3330097391,0.0498206732,6.0775504960,0.9525814087,0.9309052600,0.9249994614,SOLD,NEW_SYNTHETIC,MARKET_SIM_V1,MARKET_SIMULATION_V1
TRADE_BFD52128ECBE40FEED49,FUND_SYNTH_000278,MANAGER_SYNTH_00070,buyout,middle_market,2014,2025-12-31,2026-02-14,2026-02-28,USD,131.86000000,434.96000000,21.67000000,1.5183000000,1.2120760000,12.0000,0.2016886414,0.0498206732,6.0775504960,0.9403873785,0.8946248895,0.8887374284,SOLD,NEW_SYNTHETIC,MARKET_SIM_V1,MARKET_SIMULATION_V1
TRADE_A87EE3F893F7E803B24A,FUND_SYNTH_000278,MANAGER_SYNTH_00070,buyout,middle_market,2014,2026-06-30,2026-08-14,2026-08-28,USD,60.76000000,434.96000000,21.67000000,1.5355550000,1.3944500000,12.0000,0.0918921371,0.0498206732,6.0775504960,0.9707154165,0.9220550248,0.9278903775,SOLD,NEW_SYNTHETIC,MARKET_SIM_V1,MARKET_SIMULATION_V1
TRADE_763DB3CAED496A0B2AC5,FUND_SYNTH_000283,MANAGER_SYNTH_00071,buyout,middle_market,2013,2023-12-31,2024-02-14,2024-02-28,USD,400.21000000,738.29000000,126.97000000,1.3667210000,0.7418420000,11.0000,0.4572104235,0.1719784908,6.6056902662,0.9122099544,0.8487540780,0.8494256687,SOLD,NEW_SYNTHETIC,MARKET_SIM_V1,MARKET_SIMULATION_V1
TRADE_7127F35B453DF7001FC5,FUND_SYNTH_000283,MANAGER_SYNTH_00071,buyout,middle_market,2013,2024-12-31,2025-02-14,2025-02-28,USD,241.81000000,738.29000000,126.97000000,1.3933110000,1.0157540000,12.0000,0.2709780806,0.1719784908,6.6056902662,0.8999808547,0.8145258924,0.8529599765,SOLD,NEW_SYNTHETIC,MARKET_SIM_V1,MARKET_SIMULATION_V1
TRADE_9A15F2903FB88E1BD665,FUND_SYNTH_000283,MANAGER_SYNTH_00071,buyout,middle_market,2013,2025-12-31,2026-02-14,2026-02-28,USD,83.53000000,738.29000000,126.97000000,1.4193080000,1.2888860000,13.0000,0.0918911783,0.1719784908,6.6056902662,0.9491625251,0.8573059755,,WITHDRAWN,NEW_SYNTHETIC,MARKET_SIM_V1,MARKET_SIMULATION_V1
TRADE_9A15F2903FB88E1BD665,FUND_SYNTH_000283,MANAGER_SYNTH_00071,buyout,middle_market,2013,2025-12-31,2026-02-14,2026-02-28,USD,83.53000000,738.29000000,126.97000000,1.4193080000,1.2888860000,13.0000,0.0918911783,0.1719784908,6.6056902662,0.9120840356,0.8778884023,0.8654628102,SOLD,NEW_SYNTHETIC,MARKET_SIM_V1,MARKET_SIMULATION_V1
TRADE_F1278B8C8A6CEB99C545,FUND_SYNTH_000287,MANAGER_SYNTH_00072,buyout,middle_market,2025,2025-12-31,2026-02-14,2026-02-28,USD,235.21000000,620.51000000,391.67000000,1.0424250000,0.0179020000,1.0000,0.9828263413,0.6312065881,6.4321520009,0.8657340928,0.8126074321,0.8274948433,SOLD,NEW_SYNTHETIC,MARKET_SIM_V1,MARKET_SIMULATION_V1
TRADE_2D18EDA5E39ED912E1C7,FUND_SYNTH_000287,MANAGER_SYNTH_00072,buyout,middle_market,2025,2026-06-30,2026-08-14,2026-08-28,USD,231.00000000,620.51000000,393.47000000,1.0676450000,0.0614600000,1.0000,0.9424340092,0.6341074278,6.4321520009,0.8388649061,0.7817093986,0.8049030958,SOLD,NEW_SYNTHETIC,MARKET_SIM_V1,MARKET_SIMULATION_V1
TRADE_E51EFED2F5C7989B9DAF,FUND_SYNTH_000288,MANAGER_SYNTH_00072,buyout,middle_market,2023,2023-12-31,2024-02-14,2024-02-28,USD,271.30000000,599.31000000,332.30000000,1.0160670000,0.0000000000,1.0000,1.0000000000,0.5544709750,6.3974461885,0.8462634456,0.7604970842,0.8003085865,SOLD,NEW_SYNTHETIC,MARKET_SIM_V1,MARKET_SIMULATION_V1
TRADE_643AD288F6FFD4942B40,FUND_SYNTH_000288,MANAGER_SYNTH_00072,buyout,middle_market,2023,2024-12-31,2025-02-14,2025-02-28,USD,398.33000000,599.31000000,264.26000000,1.2263350000,0.0476700000,2.0000,0.9611282695,0.4409404148,6.3974461885,0.7972363653,0.7629653402,,WITHDRAWN,NEW_SYNTHETIC,MARKET_SIM_V1,MARKET_SIMULATION_V1
TRADE_A6B20118EC3C687A98D1,FUND_SYNTH_000288,MANAGER_SYNTH_00072,buyout,middle_market,2023,2025-12-31,2026-02-14,2026-02-28,USD,363.40000000,599.31000000,278.31000000,1.3537510000,0.2784440000,3.0000,0.7943169399,0.4643840416,6.3974461885,0.8177556897,0.7973956024,0.7973646689,SOLD,NEW_SYNTHETIC,MARKET_SIM_V1,MARKET_SIMULATION_V1
TRADE_3DD954BB6583395F077A,FUND_SYNTH_000288,MANAGER_SYNTH_00072,buyout,middle_market,2023,2026-06-30,2026-08-14,2026-08-28,USD,382.03000000,599.31000000,278.31000000,1.4088770000,0.2784440000,3.0000,0.8023649003,0.4643840416,6.3974461885,0.8917426152,0.8512003359,0.8522909268,SOLD,NEW_SYNTHETIC,MARKET_SIM_V1,MARKET_SIMULATION_V1
TRADE_57D88C2491CAC9562417,FUND_SYNTH_000289,MANAGER_SYNTH_00073,buyout,middle_market,2020,2023-12-31,2024-02-14,2024-02-28,USD,1159.39000000,1242.84000000,370.38000000,1.4002880000,0.0938750000,4.0000,0.9329604893,0.2980110070,7.1259586477,0.8825978842,0.8021191662,0.8281918240,SOLD,NEW_SYNTHETIC,MARKET_SIM_V1,MARKET_SIMULATION_V1
TRADE_82B3FCC461823B69C153,FUND_SYNTH_000289,MANAGER_SYNTH_00073,buyout,middle_market,2020,2024-12-31,2025-02-14,2025-02-28,USD,1068.79000000,1242.84000000,400.23000000,1.4850470000,0.2807230000,5.0000,0.8109672818,0.3220285797,7.1259586477,0.9113244973,0.8286961518,,WITHDRAWN,NEW_SYNTHETIC,MARKET_SIM_V1,MARKET_SIMULATION_V1
TRADE_F6E88E11616EF15C9613,FUND_SYNTH_000289,MANAGER_SYNTH_00073,buyout,middle_market,2020,2025-12-31,2026-02-14,2026-02-28,USD,893.22000000,1242.84000000,400.23000000,1.5642060000,0.5577150000,6.0000,0.6434514505,0.3220285797,7.1259586477,0.8675820771,0.8449731112,0.8478710328,SOLD,NEW_SYNTHETIC,MARKET_SIM_V1,MARKET_SIMULATION_V1
TRADE_D43AD8F7957F3B8BE666,FUND_SYNTH_000289,MANAGER_SYNTH_00073,buyout,middle_market,2020,2026-06-30,2026-08-14,2026-08-28,USD,731.45000000,1242.84000000,400.23000000,1.6023370000,0.7781310000,6.0000,0.5143775360,0.3220285797,7.1259586477,0.8737950704,0.8365931809,0.8533789853,SOLD,NEW_SYNTHETIC,MARKET_SIM_V1,MARKET_SIMULATION_V1
TRADE_131055B9A7BB3DAD32B4,FUND_SYNTH_000290,MANAGER_SYNTH_00073,buyout,middle_market,2013,2023-12-31,2024-02-14,2024-02-28,USD,335.11000000,598.76000000,49.26000000,1.7094810000,1.1338190000,11.0000,0.3367465884,0.0822700247,6.3965295752,0.9448964685,0.8593546502,0.8905637576,SOLD,NEW_SYNTHETIC,MARKET_SIM_V1,MARKET_SIMULATION_V1
TRADE_FDE59F3432B6E6DD058B,FUND_SYNTH_000290,MANAGER_SYNTH_00073,buyout,middle_market,2013,2024-12-31,2025-02-14,2025-02-28,USD,241.79000000,598.76000000,49.26000000,1.7633000000,1.3479460000,12.0000,0.2355548628,0.0822700247,6.3965295752,0.9405604101,0.8937561279,0.8926227543,SOLD,NEW_SYNTHETIC,MARKET_SIM_V1,MARKET_SIMULATION_V1
TRADE_9602D10DFCB3810E55B9,FUND_SYNTH_000290,MANAGER_SYNTH_00073,buyout,middle_market,2013,2025-12-31,2026-02-14,2026-02-28,USD,97.14000000,598.76000000,49.26000000,1.8159350000,1.6490650000,13.0000,0.0918920453,0.0822700247,6.3965295752,0.9959633932,0.8958036681,0.9348828374,SOLD,NEW_SYNTHETIC,MARKET_SIM_V1,MARKET_SIMULATION_V1
TRADE_9602D10DFCB3810E55B9,FUND_SYNTH_000290,MANAGER_SYNTH_00073,buyout,middle_market,2013,2025-12-31,2026-02-14,2026-02-28,USD,97.14000000,598.76000000,49.26000000,1.8159350000,1.6490650000,13.0000,0.0918920453,0.0822700247,6.3965295752,1.0093628760,0.9666977998,0.9555615891,SOLD,NEW_SYNTHETIC,MARKET_SIM_V1,MARKET_SIMULATION_V1
TRADE_D5B211362143BF4A948D,FUND_SYNTH_000291,MANAGER_SYNTH_00073,buyout,middle_market,2019,2023-12-31,2024-02-14,2024-02-28,USD,671.25000000,720.80000000,228.53000000,1.7481270000,0.5096130000,5.0000,0.7084806586,0.3170504994,6.5817480922,0.8635889676,0.8386480370,0.8479402655,SOLD,NEW_SYNTHETIC,MARKET_SIM_V1,MARKET_SIMULATION_V1
TRADE_88AF3A65C92E981A4CE0,FUND_SYNTH_000291,MANAGER_SYNTH_00073,buyout,middle_market,2019,2024-12-31,2025-02-14,2025-02-28,USD,630.28000000,720.80000000,236.01000000,1.8762680000,0.7133470000,6.0000,0.6198052906,0.3274278579,6.5817480922,0.9064465436,0.8398296383,0.8844100197,SOLD,NEW_SYNTHETIC,MARKET_SIM_V1,MARKET_SIMULATION_V1
TRADE_143A74250FCC3FDCC832,FUND_SYNTH_000291,MANAGER_SYNTH_00073,buyout,middle_market,2019,2025-12-31,2026-02-14,2026-02-28,USD,416.59000000,720.80000000,236.01000000,1.9987080000,1.2300640000,7.0000,0.3845706479,0.3274278579,6.5817480922,0.9717049332,0.8966580525,,WITHDRAWN,NEW_SYNTHETIC,MARKET_SIM_V1,MARKET_SIMULATION_V1
TRADE_167925BB034FE8E0D2BC,FUND_SYNTH_000291,MANAGER_SYNTH_00073,buyout,middle_market,2019,2026-06-30,2026-08-14,2026-08-28,USD,448.86000000,720.80000000,236.01000000,2.0582490000,1.2300640000,7.0000,0.4023737596,0.3274278579,6.5817480922,0.9734417530,0.9056472660,0.9452337568,SOLD,NEW_SYNTHETIC,MARKET_SIM_V1,MARKET_SIMULATION_V1
TRADE_E0720766E91906FD8EBE,FUND_SYNTH_000293,MANAGER_SYNTH_00074,buyout,middle_market,2024,2024-12-31,2025-02-14,2025-02-28,USD,483.39000000,1251.97000000,819.33000000,1.1173030000,0.0000000000,1.0000,1.0000000000,0.6544326142,7.1332720121,0.8171293696,0.7635180633,0.7802351742,SOLD,NEW_SYNTHETIC,MARKET_SIM_V1,MARKET_SIMULATION_V1
TRADE_2303C2E3B3283AF221FA,FUND_SYNTH_000293,MANAGER_SYNTH_00074,buyout,middle_market,2024,2025-12-31,2026-02-14,2026-02-28,USD,677.12000000,1251.97000000,718.04000000,1.3528430000,0.1097140000,2.0000,0.9189013136,0.5735281197,7.1332720121,0.9107900717,0.8083872779,0.8462307078,SOLD,NEW_SYNTHETIC,MARKET_SIM_V1,MARKET_SIMULATION_V1
TRADE_68A95E8EEA7BB7D5F684,FUND_SYNTH_000293,MANAGER_SYNTH_00074,buyout,middle_market,2024,2026-06-30,2026-08-14,2026-08-28,USD,690.75000000,1251.97000000,724.44000000,1.4431330000,0.1749800000,2.0000,0.8787497138,0.5786400633,7.1332720121,0.8721610450,0.8321971375,0.8168143738,SOLD,NEW_SYNTHETIC,MARKET_SIM_V1,MARKET_SIMULATION_V1
TRADE_D8C12E0410E276F87F45,FUND_SYNTH_000299,MANAGER_SYNTH_00075,buyout,middle_market,2017,2023-12-31,2024-02-14,2024-02-28,USD,257.89000000,423.00000000,60.69000000,1.1709950000,0.5213490000,7.0000,0.5547811122,0.1434751773,6.0497334552,0.8826902209,0.8534402383,0.8600604187,SOLD,NEW_SYNTHETIC,MARKET_SIM_V1,MARKET_SIMULATION_V1
TRADE_7EAD61DDC6B0B2BB7E9D,FUND_SYNTH_000299,MANAGER_SYNTH_00075,buyout,middle_market,2017,2024-12-31,2025-02-14,2025-02-28,USD,245.01000000,423.00000000,60.69000000,1.1932140000,0.5760130000,8.0000,0.5172588511,0.1434751773,6.0497334552,0.9242644073,0.9093638078,0.8921714524,SOLD,NEW_SYNTHETIC,MARKET_SIM_V1,MARKET_SIMULATION_V1
TRADE_68CF37808B9998421D1D,FUND_SYNTH_000299,MANAGER_SYNTH_00075,buyout,middle_market,2017,2025-12-31,2026-02-14,2026-02-28,USD,175.15000000,423.00000000,60.69000000,1.2142230000,0.7730060000,9.0000,0.3633742039,0.1434751773,6.0497334552,0.9003445867,0.8514325183,0.8749964039,SOLD,NEW_SYNTHETIC,MARKET_SIM_V1,MARKET_SIMULATION_V1
TRADE_198790565898CD90322E,FUND_SYNTH_000299,MANAGER_SYNTH_00075,buyout,middle_market,2017,2026-06-30,2026-08-14,2026-08-28,USD,76.79000000,423.00000000,60.69000000,1.2244000000,1.0309600000,9.0000,0.1579878613,0.1434751773,6.0497334552,0.9665233583,0.9203796206,0.9316861313,SOLD,NEW_SYNTHETIC,MARKET_SIM_V1,MARKET_SIMULATION_V1
TRADE_DE6CC261F82813EEE466,FUND_SYNTH_000307,MANAGER_SYNTH_00077,buyout,middle_market,2022,2023-12-31,2024-02-14,2024-02-28,USD,188.67000000,313.11000000,130.92000000,1.0355670000,0.0000000000,2.0000,1.0000000000,0.4181278145,5.7497432430,0.9029149704,0.8293678335,0.8620495546,SOLD,NEW_SYNTHETIC,MARKET_SIM_V1,MARKET_SIMULATION_V1
TRADE_684F9547EAB616BD69A1,FUND_SYNTH_000307,MANAGER_SYNTH_00077,buyout,middle_market,2022,2024-12-31,2025-02-14,2025-02-28,USD,200.52000000,313.11000000,125.11000000,1.0777310000,0.0137950000,3.0000,0.9871996849,0.3995720354,5.7497432430,0.8410826589,0.7884327480,0.7885919057,SOLD,NEW_SYNTHETIC,MARKET_SIM_V1,MARKET_SIMULATION_V1
TRADE_AAE82D6BA975FBC1A2B0,FUND_SYNTH_000307,MANAGER_SYNTH_00077,buyout,middle_market,2022,2025-12-31,2026-02-14,2026-02-28,USD,176.56000000,313.11000000,130.42000000,1.1071260000,0.1703190000,4.0000,0.8461612192,0.4165309316,5.7497432430,0.9014531954,0.8426937707,0.8664144590,SOLD,NEW_SYNTHETIC,MARKET_SIM_V1,MARKET_SIMULATION_V1
TRADE_E2D634326495B8B5CBA9,FUND_SYNTH_000307,MANAGER_SYNTH_00077,buyout,middle_market,2022,2026-06-30,2026-08-14,2026-08-28,USD,151.01000000,313.11000000,135.45000000,1.1200720000,0.3188310000,4.0000,0.7153481762,0.4325955734,5.7497432430,0.8570931319,0.7903233551,0.8350073053,SOLD,NEW_SYNTHETIC,MARKET_SIM_V1,MARKET_SIMULATION_V1
TRADE_F80A8CE90990D39AEEFC,FUND_SYNTH_000315,MANAGER_SYNTH_00079,buyout,middle_market,2018,2023-12-31,2024-02-14,2024-02-28,USD,180.84000000,231.05000000,52.25000000,1.1984230000,0.2286160000,6.0000,0.8092361391,0.2261415278,5.4469528657,0.8717304545,0.8221893191,0.8375298590,SOLD,NEW_SYNTHETIC,MARKET_SIM_V1,MARKET_SIMULATION_V1
TRADE_D80CC91F776D89B20824,FUND_SYNTH_000315,MANAGER_SYNTH_00079,buyout,middle_market,2018,2024-12-31,2025-02-14,2025-02-28,USD,135.84000000,231.05000000,54.74000000,1.2307610000,0.5022790000,7.0000,0.5918954248,0.2369184159,5.4469528657,0.9229282161,0.8554108525,0.8859213228,SOLD,NEW_SYNTHETIC,MARKET_SIM_V1,MARKET_SIMULATION_V1
TRADE_3AD574C52B353904DED4,FUND_SYNTH_000315,MANAGER_SYNTH_00079,buyout,middle_market,2018,2025-12-31,2026-02-14,2026-02-28,USD,128.78000000,231.05000000,54.74000000,1.2610070000,0.5703870000,8.0000,0.5476737263,0.2369184159,5.4469528657,0.8993141480,0.8454180745,0.8569371564,SOLD,NEW_SYNTHETIC,MARKET_SIM_V1,MARKET_SIMULATION_V1
TRADE_566FEDDF3C864E531D8C,FUND_SYNTH_000315,MANAGER_SYNTH_00079,buyout,middle_market,2018,2026-06-30,2026-08-14,2026-08-28,USD,67.42000000,231.05000000,54.74000000,1.2756480000,0.9140880000,8.0000,0.2834321268,0.2369184159,5.4469528657,0.9440314740,0.8793270955,0.9211765777,SOLD,NEW_SYNTHETIC,MARKET_SIM_V1,MARKET_SIMULATION_V1
TRADE_FB38969E2CCFFBBAF4FC,FUND_SYNTH_000319,MANAGER_SYNTH_00080,buyout,middle_market,2024,2024-12-31,2025-02-14,2025-02-28,USD,412.85000000,796.96000000,401.07000000,1.0428400000,0.0000000000,1.0000,1.0000000000,0.5032498494,6.6820584709,0.8374309649,0.7913570388,0.8005327832,SOLD,NEW_SYNTHETIC,MARKET_SIM_V1,MARKET_SIMULATION_V1
TRADE_2D86AE1EA500B31309E4,FUND_SYNTH_000319,MANAGER_SYNTH_00080,buyout,middle_market,2024,2025-12-31,2026-02-14,2026-02-28,USD,452.77000000,796.96000000,403.44000000,1.1769680000,0.0332920000,2.0000,0.9717137032,0.5062236499,6.6820584709,0.8029904360,0.7379998174,0.7771024457,SOLD,NEW_SYNTHETIC,MARKET_SIM_V1,MARKET_SIMULATION_V1
TRADE_D47A00D8D6448AE60C96,FUND_SYNTH_000319,MANAGER_SYNTH_00080,buyout,middle_market,2024,2026-06-30,2026-08-14,2026-08-28,USD,425.47000000,796.96000000,411.64000000,1.2230160000,0.1482990000,2.0000,0.8787434425,0.5165127484,6.6820584709,0.8898727679,0.8461730920,0.8528318982,SOLD,NEW_SYNTHETIC,MARKET_SIM_V1,MARKET_SIMULATION_V1
TRADE_3D3CD540D48FEC6580E2,FUND_SYNTH_000323,MANAGER_SYNTH_00081,buyout,middle_market,2019,2023-12-31,2024-02-14,2024-02-28,USD,589.14000000,593.79000000,185.07000000,1.5872040000,0.1968040000,5.0000,0.8760055314,0.3116758450,6.3882084021,0.8696157913,0.8108430569,0.8257280055,SOLD,NEW_SYNTHETIC,MARKET_SIM_V1,MARKET_SIMULATION_V1
TRADE_7C70966C791A3F2E3604,FUND_SYNTH_000323,MANAGER_SYNTH_00081,buyout,middle_market,2019,2024-12-31,2025-02-14,2025-02-28,USD,514.33000000,593.79000000,207.39000000,1.7032710000,0.4894270000,6.0000,0.7126546674,0.3492648916,6.3882084021,0.8986881147,0.8597270376,0.8439141183,SOLD,NEW_SYNTHETIC,MARKET_SIM_V1,MARKET_SIMULATION_V1
TRADE_083EB11D66B5D8F7A218,FUND_SYNTH_000323,MANAGER_SYNTH_00081,buyout,middle_market,2019,2025-12-31,2026-02-14,2026-02-28,USD,398.92000000,593.79000000,207.39000000,1.8122580000,0.8707870000,7.0000,0.5195014911,0.3492648916,6.3882084021,0.9468776399,0.8685564263,0.9100742979,SOLD,NEW_SYNTHETIC,MARKET_SIM_V1,MARKET_SIMULATION_V1
TRADE_9081F8E7433EA37C16B1,FUND_SYNTH_000323,MANAGER_SYNTH_00081,buyout,middle_market,2019,2026-06-30,2026-08-14,2026-08-28,USD,317.94000000,593.79000000,207.39000000,1.8648400000,1.1144860000,7.0000,0.4023691104,0.3492648916,6.3882084021,0.9398872206,0.8768176172,0.9144311767,SOLD,NEW_SYNTHETIC,MARKET_SIM_V1,MARKET_SIMULATION_V1
TRADE_402F400984B99F07230F,FUND_SYNTH_000328,MANAGER_SYNTH_00082,buyout,middle_market,2014,2023-12-31,2024-02-14,2024-02-28,USD,593.16000000,654.93000000,43.40000000,1.7576270000,0.8427930000,10.0000,0.5204938532,0.0662666239,6.4860540759,0.9199739863,0.8758189886,0.8602320150,SOLD,NEW_SYNTHETIC,MARKET_SIM_V1,MARKET_SIMULATION_V1
TRADE_4A3453DBC46589FFC439,FUND_SYNTH_000328,MANAGER_SYNTH_00082,buyout,middle_market,2014,2024-12-31,2025-02-14,2025-02-28,USD,397.98000000,654.93000000,43.40000000,1.8183780000,1.2045710000,11.0000,0.3375572519,0.0662666239,6.4860540759,0.9568904097,0.8694286452,0.9034066012,SOLD,NEW_SYNTHETIC,MARKET_SIM_V1,MARKET_SIMULATION_V1
TRADE_3A630E05586A646DEAF8,FUND_SYNTH_000328,MANAGER_SYNTH_00082,buyout,middle_market,2014,2025-12-31,2026-02-14,2026-02-28,USD,206.33000000,654.93000000,43.40000000,1.8775870000,1.5593630000,12.0000,0.1694855387,0.0662666239,6.4860540759,0.9424807978,0.9000901653,0.9264429855,SOLD,NEW_SYNTHETIC,MARKET_SIM_V1,MARKET_SIMULATION_V1
TRADE_8C2150749EACC6FB8827,FUND_SYNTH_000328,MANAGER_SYNTH_00082,buyout,middle_market,2014,2026-06-30,2026-08-14,2026-08-28,USD,113.60000000,654.93000000,43.40000000,1.9067060000,1.7315000000,12.0000,0.0918893122,0.0662666239,6.4860540759,0.9684693892,0.8985629226,0.9275069660,SOLD,NEW_SYNTHETIC,MARKET_SIM_V1,MARKET_SIMULATION_V1
TRADE_203E271720EB1455DA37,FUND_SYNTH_000336,MANAGER_SYNTH_00084,buyout,middle_market,2020,2023-12-31,2024-02-14,2024-02-28,USD,878.97000000,926.06000000,241.91000000,1.3703130000,0.1112960000,4.0000,0.9187807708,0.2612249746,6.8320182884,0.8966641758,0.8220991787,0.8499484038,SOLD,NEW_SYNTHETIC,MARKET_SIM_V1,MARKET_SIMULATION_V1
TRADE_85529E905D52F2B2D570,FUND_SYNTH_000336,MANAGER_SYNTH_00084,buyout,middle_market,2020,2024-12-31,2025-02-14,2025-02-28,USD,733.30000000,926.06000000,279.29000000,1.4591060000,0.4087430000,5.0000,0.7198672766,0.3015895298,6.8320182884,0.9418194581,0.9093802348,0.9070108243,SOLD,NEW_SYNTHETIC,MARKET_SIM_V1,MARKET_SIMULATION_V1
TRADE_841D54D795F8ED6095CE,FUND_SYNTH_000336,MANAGER_SYNTH_00084,buyout,middle_market,2020,2025-12-31,2026-02-14,2026-02-28,USD,696.79000000,926.06000000,296.30000000,1.5421410000,0.5440740000,6.0000,0.6471954153,0.3199576701,6.8320182884,0.9194121022,0.8886299540,0.8824174809,SOLD,NEW_SYNTHETIC,MARKET_SIM_V1,MARKET_SIMULATION_V1
TRADE_798CBDE915ADEFD5B8FE,FUND_SYNTH_000336,MANAGER_SYNTH_00084,buyout,middle_market,2020,2026-06-30,2026-08-14,2026-08-28,USD,568.16000000,926.06000000,296.30000000,1.5821330000,0.7683130000,6.0000,0.5143814223,0.3199576701,6.8320182884,0.9401017887,0.9046241888,0.9143523340,SOLD,NEW_SYNTHETIC,MARKET_SIM_V1,MARKET_SIMULATION_V1
TRADE_EBF63360ADBD2AB809CC,FUND_SYNTH_000342,MANAGER_SYNTH_00086,buyout,middle_market,2018,2023-12-31,2024-02-14,2024-02-28,USD,588.24000000,625.54000000,136.39000000,1.4084530000,0.2627910000,6.0000,0.8134186982,0.2180356172,6.4402126191,0.9244210153,0.8346499642,0.8741586153,SOLD,NEW_SYNTHETIC,MARKET_SIM_V1,MARKET_SIMULATION_V1
TRADE_1CE3E22A50D0294354C2,FUND_SYNTH_000342,MANAGER_SYNTH_00086,buyout,middle_market,2018,2024-12-31,2025-02-14,2025-02-28,USD,503.70000000,625.54000000,136.39000000,1.4720810000,0.4910700000,7.0000,0.6664108806,0.2180356172,6.4402126191,0.8904578634,0.8572986465,0.8715735872,SOLD,NEW_SYNTHETIC,MARKET_SIM_V1,MARKET_SIMULATION_V1
TRADE_0AB30D920267F59F32F1,FUND_SYNTH_000342,MANAGER_SYNTH_00086,buyout,middle_market,2018,2025-12-31,2026-02-14,2026-02-28,USD,388.31000000,625.54000000,136.39000000,1.5328660000,0.7765900000,8.0000,0.4933739915,0.2180356172,6.4402126191,0.8947003781,0.8499808394,0.8782723075,SOLD,NEW_SYNTHETIC,MARKET_SIM_V1,MARKET_SIMULATION_V1
TRADE_E93C70E4F97BBEC6E230,FUND_SYNTH_000342,MANAGER_SYNTH_00086,buyout,middle_market,2018,2026-06-30,2026-08-14,2026-08-28,USD,227.37000000,625.54000000,136.39000000,1.5624310000,1.1196030000,8.0000,0.2834224599,0.2180356172,6.4402126191,1.0441508369,0.9567207313,0.9912824809,SOLD,NEW_SYNTHETIC,MARKET_SIM_V1,MARKET_SIMULATION_V1
TRADE_3C9E4739017C0675285B,FUND_SYNTH_000349,MANAGER_SYNTH_00088,buyout,middle_market,2014,2023-12-31,2024-02-14,2024-02-28,USD,169.49000000,291.43000000,8.62000000,1.1953760000,0.6079300000,10.0000,0.4914320508,0.0295782864,5.6782253218,0.8678928674,0.8380195745,0.8415210902,SOLD,NEW_SYNTHETIC,MARKET_SIM_V1,MARKET_SIMULATION_V1
TRADE_8A429F70B9E174E9F349,FUND_SYNTH_000349,MANAGER_SYNTH_00088,buyout,middle_market,2014,2024-12-31,2025-02-14,2025-02-28,USD,127.46000000,291.43000000,8.62000000,1.2115620000,0.7697910000,11.0000,0.3646298203,0.0295782864,5.6782253218,0.9062814783,0.8915846147,0.8800362827,SOLD,NEW_SYNTHETIC,MARKET_SIM_V1,MARKET_SIMULATION_V1
TRADE_680467B3B773B2B869BD,FUND_SYNTH_000349,MANAGER_SYNTH_00088,buyout,middle_market,2014,2025-12-31,2026-02-14,2026-02-28,USD,57.65000000,291.43000000,8.62000000,1.2271590000,1.0273460000,12.0000,0.1628255098,0.0295782864,5.6782253218,0.9297077358,0.8790546210,0.8713062486,SOLD,NEW_SYNTHETIC,MARKET_SIM_V1,MARKET_SIMULATION_V1
TRADE_AB07D219C5347836D141,FUND_SYNTH_000349,MANAGER_SYNTH_00088,buyout,middle_market,2014,2026-06-30,2026-08-14,2026-08-28,USD,32.74000000,291.43000000,8.62000000,1.2347840000,1.1213090000,12.0000,0.0918991748,0.0295782864,5.6782253218,0.9723064819,0.8920777035,0.9321162985,SOLD,NEW_SYNTHETIC,MARKET_SIM_V1,MARKET_SIMULATION_V1
TRADE_3DA61CDDAE3FB41C4B00,FUND_SYNTH_000350,MANAGER_SYNTH_00088,buyout,middle_market,2024,2024-12-31,2025-02-14,2025-02-28,USD,292.17000000,516.11000000,265.87000000,1.1798040000,0.0155020000,1.0000,0.9868607715,0.5151421209,6.2482556178,0.8648965446,0.7656638687,0.8082514891,SOLD,NEW_SYNTHETIC,MARKET_SIM_V1,MARKET_SIMULATION_V1
TRADE_587E8CB9409F62DD2382,FUND_SYNTH_000350,MANAGER_SYNTH_00088,buyout,middle_market,2024,2025-12-31,2026-02-14,2026-02-28,USD,337.19000000,516.11000000,267.45000000,1.3942380000,0.0505300000,2.0000,0.9637579672,0.5182034838,6.2482556178,0.8438669221,0.7750960901,0.8033152527,SOLD,NEW_SYNTHETIC,MARKET_SIM_V1,MARKET_SIMULATION_V1
TRADE_517A000B140EB3156F55,FUND_SYNTH_000350,MANAGER_SYNTH_00088,buyout,middle_market,2024,2026-06-30,2026-08-14,2026-08-28,USD,326.58000000,516.11000000,273.28000000,1.4809910000,0.1795650000,2.0000,0.8787536325,0.5294995253,6.2482556178,0.9333892876,0.8647717029,,WITHDRAWN,NEW_SYNTHETIC,MARKET_SIM_V1,MARKET_SIMULATION_V1
TRADE_580DEE6C9985C30893DC,FUND_SYNTH_000351,MANAGER_SYNTH_00088,buyout,middle_market,2017,2023-12-31,2024-02-14,2024-02-28,USD,610.66000000,521.50000000,107.45000000,1.8789870000,0.4946160000,7.0000,0.7367646349,0.2060402685,6.2586249838,0.9288530127,0.8377677840,0.8758857922,SOLD,NEW_SYNTHETIC,MARKET_SIM_V1,MARKET_SIMULATION_V1
TRADE_722E2A30606C6837AE7B,FUND_SYNTH_000351,MANAGER_SYNTH_00088,buyout,middle_market,2017,2024-12-31,2025-02-14,2025-02-28,USD,438.73000000,521.50000000,107.45000000,1.9797100000,0.9851060000,8.0000,0.5023990289,0.2060402685,6.2586249838,0.9605008422,0.8790669516,0.9037955309,SOLD,NEW_SYNTHETIC,MARKET_SIM_V1,MARKET_SIMULATION_V1
TRADE_F493A162D3CBFC8013B3,FUND_SYNTH_000351,MANAGER_SYNTH_00088,buyout,middle_market,2017,2025-12-31,2026-02-14,2026-02-28,USD,203.22000000,521.50000000,107.45000000,2.0773050000,1.6166040000,9.0000,0.2217784180,0.2060402685,6.2586249838,1.0475352282,0.9785814215,0.9876845567,SOLD,NEW_SYNTHETIC,MARKET_SIM_V1,MARKET_SIMULATION_V1
TRADE_2F98FC04DC606776735B,FUND_SYNTH_000351,MANAGER_SYNTH_00088,buyout,middle_market,2017,2026-06-30,2026-08-14,2026-08-28,USD,148.10000000,521.50000000,107.45000000,2.1250940000,1.7893500000,9.0000,0.1579901856,0.2060402685,6.2586249838,0.9945405711,0.9632502418,0.9764429436,SOLD,NEW_SYNTHETIC,MARKET_SIM_V1,MARKET_SIMULATION_V1
TRADE_25BF19B75B2DD642444D,FUND_SYNTH_000357,MANAGER_SYNTH_00090,buyout,middle_market,2015,2023-12-31,2024-02-14,2024-02-28,USD,431.57000000,461.85000000,64.29000000,2.0922430000,1.1014720000,9.0000,0.4735450316,0.1392010393,6.1374030275,0.8840980658,0.8593949242,0.8501543488,SOLD,NEW_SYNTHETIC,MARKET_SIM_V1,MARKET_SIMULATION_V1
TRADE_C08D5B475FF8747BE0C5,FUND_SYNTH_000357,MANAGER_SYNTH_00090,buyout,middle_market,2015,2024-12-31,2025-02-14,2025-02-28,USD,296.84000000,461.85000000,64.29000000,2.1980760000,1.5166100000,10.0000,0.3100286174,0.1392010393,6.1374030275,0.9614268224,0.9212023079,0.9305367411,SOLD,NEW_SYNTHETIC,MARKET_SIM_V1,MARKET_SIMULATION_V1
TRADE_8862C32E4A847359630E,FUND_SYNTH_000357,MANAGER_SYNTH_00090,buyout,middle_market,2015,2025-12-31,2026-02-14,2026-02-28,USD,72.11000000,461.85000000,64.29000000,2.3010630000,2.1355170000,11.0000,0.0719430920,0.1392010393,6.1374030275,1.0356576485,1.0166523835,1.0060145339,SOLD,NEW_SYNTHETIC,MARKET_SIM_V1,MARKET_SIMULATION_V1
TRADE_8D2A1A120FA4EA8A73EF,FUND_SYNTH_000357,MANAGER_SYNTH_00090,buyout,middle_market,2015,2026-06-30,2026-08-14,2026-08-28,USD,94.13000000,461.85000000,64.29000000,2.3516150000,2.1355170000,11.0000,0.0918933167,0.1392010393,6.1374030275,0.9901822401,0.9583797520,0.9558450331,SOLD,NEW_SYNTHETIC,MARKET_SIM_V1,MARKET_SIMULATION_V1
TRADE_75E09620CC958A95E126,FUND_SYNTH_000361,MANAGER_SYNTH_00091,buyout,middle_market,2018,2023-12-31,2024-02-14,2024-02-28,USD,870.49000000,771.83000000,152.43000000,1.8292700000,0.5674340000,6.0000,0.6898030017,0.1974916756,6.6500591020,0.9191684847,0.8514337801,0.8670636974,SOLD,NEW_SYNTHETIC,MARKET_SIM_V1,MARKET_SIMULATION_V1
TRADE_166CA75A78BB6AF69C6D,FUND_SYNTH_000361,MANAGER_SYNTH_00091,buyout,middle_market,2018,2024-12-31,2025-02-14,2025-02-28,USD,807.56000000,771.83000000,152.43000000,1.9521060000,0.7814920000,7.0000,0.5996673300,0.1974916756,6.6500591020,0.9307146297,0.8552746259,,WITHDRAWN,NEW_SYNTHETIC,MARKET_SIM_V1,MARKET_SIMULATION_V1
TRADE_FC1CB47D557BD14044C4,FUND_SYNTH_000361,MANAGER_SYNTH_00091,buyout,middle_market,2018,2025-12-31,2026-02-14,2026-02-28,USD,554.81000000,771.83000000,152.43000000,2.0697530000,1.2655180000,8.0000,0.3885659458,0.1974916756,6.6500591020,0.9315581334,0.8831342869,0.8984682600,SOLD,NEW_SYNTHETIC,MARKET_SIM_V1,MARKET_SIMULATION_V1
TRADE_A79AFD57CFFC019820F0,FUND_SYNTH_000361,MANAGER_SYNTH_00091,buyout,middle_market,2018,2026-06-30,2026-08-14,2026-08-28,USD,415.89000000,771.83000000,152.43000000,2.1270550000,1.5241930000,8.0000,0.2834254483,0.1974916756,6.6500591020,0.9971045663,0.9720686518,,UNSOLD,NEW_SYNTHETIC,MARKET_SIM_V1,MARKET_SIMULATION_V1
TRADE_BB508F6516BC036C4FB4,FUND_SYNTH_000362,MANAGER_SYNTH_00091,buyout,middle_market,2018,2023-12-31,2024-02-14,2024-02-28,USD,381.67000000,429.69000000,119.35000000,2.0297310000,1.0273150000,6.0000,0.4938666184,0.2777583840,6.0653885738,0.9462767421,0.8676746423,0.9109259943,SOLD,NEW_SYNTHETIC,MARKET_SIM_V1,MARKET_SIMULATION_V1
TRADE_ECF4CB86CF4B57BA00FE,FUND_SYNTH_000362,MANAGER_SYNTH_00091,buyout,middle_market,2018,2024-12-31,2025-02-14,2025-02-28,USD,380.01000000,429.69000000,119.35000000,2.1746820000,1.1766250000,7.0000,0.4589437326,0.2777583840,6.0653885738,0.9419584965,0.8946990615,0.9220836862,SOLD,NEW_SYNTHETIC,MARKET_SIM_V1,MARKET_SIMULATION_V1
TRADE_3A7CEFFBD211E86E0CF7,FUND_SYNTH_000362,MANAGER_SYNTH_00091,buyout,middle_market,2018,2025-12-31,2026-02-14,2026-02-28,USD,231.16000000,429.69000000,119.35000000,2.3140380000,1.7069210000,8.0000,0.2623628089,0.2777583840,6.0653885738,1.0239254016,0.9890400194,0.9864231932,SOLD,NEW_SYNTHETIC,MARKET_SIM_V1,MARKET_SIMULATION_V1
TRADE_55BC4EA436738E70FBCE,FUND_SYNTH_000362,MANAGER_SYNTH_00091,buyout,middle_market,2018,2026-06-30,2026-08-14,2026-08-28,USD,257.05000000,429.69000000,119.35000000,2.3820350000,1.7069210000,8.0000,0.2834193349,0.2777583840,6.0653885738,0.9561463348,0.9424600405,0.9310270115,SOLD,NEW_SYNTHETIC,MARKET_SIM_V1,MARKET_SIMULATION_V1
TRADE_AE3DC67C7A6B14C78382,FUND_SYNTH_000365,MANAGER_SYNTH_00092,buyout,middle_market,2013,2023-12-31,2024-02-14,2024-02-28,USD,437.26000000,850.92000000,23.77000000,1.0232780000,0.5042200000,11.0000,0.5072504118,0.0279344709,6.7474926257,0.8732513318,0.8219335648,0.8167238694,SOLD,NEW_SYNTHETIC,MARKET_SIM_V1,MARKET_SIMULATION_V1
TRADE_86BCE6FB4EE2422E8F27,FUND_SYNTH_000365,MANAGER_SYNTH_00092,buyout,middle_market,2013,2024-12-31,2025-02-14,2025-02-28,USD,190.60000000,850.92000000,23.77000000,1.0255460000,0.7992900000,12.0000,0.2206197261,0.0279344709,6.7474926257,0.8981774999,0.8614610198,0.8745887466,SOLD,NEW_SYNTHETIC,MARKET_SIM_V1,MARKET_SIMULATION_V1
TRADE_FDD1E5F249D0131C9C8A,FUND_SYNTH_000365,MANAGER_SYNTH_00092,buyout,middle_market,2013,2025-12-31,2026-02-14,2026-02-28,USD,79.55000000,850.92000000,23.77000000,1.0275880000,0.9331560000,13.0000,0.0918962629,0.0279344709,6.7474926257,0.9065200444,0.8474964837,0.8854710551,SOLD,NEW_SYNTHETIC,MARKET_SIM_V1,MARKET_SIMULATION_V1
TRADE_FDD1E5F249D0131C9C8A,FUND_SYNTH_000365,MANAGER_SYNTH_00092,buyout,middle_market,2013,2025-12-31,2026-02-14,2026-02-28,USD,79.55000000,850.92000000,23.77000000,1.0275880000,0.9331560000,13.0000,0.0918962629,0.0279344709,6.7474926257,0.9228601070,0.8461543453,0.8826794649,SOLD,NEW_SYNTHETIC,MARKET_SIM_V1,MARKET_SIMULATION_V1
TRADE_B408125DAD0EBE1C6F80,FUND_SYNTH_000369,MANAGER_SYNTH_00093,buyout,middle_market,2024,2024-12-31,2025-02-14,2025-02-28,USD,108.08000000,450.75000000,335.43000000,0.9372180000,0.0000000000,1.0000,1.0000000000,0.7441597338,6.1131289295,0.8385781184,0.7512183174,0.7845260920,SOLD,NEW_SYNTHETIC,MARKET_SIM_V1,MARKET_SIMULATION_V1
TRADE_CD9394DF7C983825CEC1,FUND_SYNTH_000369,MANAGER_SYNTH_00093,buyout,middle_market,2024,2025-12-31,2026-02-14,2026-02-28,USD,249.91000000,450.75000000,218.53000000,1.1286120000,0.0650300000,2.0000,0.9423809344,0.4848141986,6.1131289295,0.8933498531,0.8547091230,0.8588303848,SOLD,NEW_SYNTHETIC,MARKET_SIM_V1,MARKET_SIMULATION_V1
TRADE_651627CE5B907E13574B,FUND_SYNTH_000369,MANAGER_SYNTH_00093,buyout,middle_market,2024,2026-06-30,2026-08-14,2026-08-28,USD,243.23000000,450.75000000,221.82000000,1.1779800000,0.1428270000,2.0000,0.8787528451,0.4921131448,6.1131289295,0.8839252336,0.8234956087,0.8481434660,SOLD,NEW_SYNTHETIC,MARKET_SIM_V1,MARKET_SIMULATION_V1
TRADE_A6E05146C420C808C8D8,FUND_SYNTH_000370,MANAGER_SYNTH_00093,buyout,middle_market,2017,2023-12-31,2024-02-14,2024-02-28,USD,172.88000000,264.91000000,54.28000000,1.4245050000,0.6614730000,7.0000,0.5356467854,0.2048997773,5.5831579057,0.9233367900,0.8690632445,0.8651345589,SOLD,NEW_SYNTHETIC,MARKET_SIM_V1,MARKET_SIMULATION_V1
TRADE_E91B4BEC0CAC2C86F625,FUND_SYNTH_000370,MANAGER_SYNTH_00093,buyout,middle_market,2017,2024-12-31,2025-02-14,2025-02-28,USD,144.77000000,264.91000000,54.28000000,1.4782630000,0.8392990000,8.0000,0.4322395724,0.2048997773,5.5831579057,0.9455792713,0.8605630957,0.8881131185,SOLD,NEW_SYNTHETIC,MARKET_SIM_V1,MARKET_SIMULATION_V1
TRADE_C2EB6BAFA8686F6CCAF8,FUND_SYNTH_000370,MANAGER_SYNTH_00093,buyout,middle_market,2017,2025-12-31,2026-02-14,2026-02-28,USD,49.98000000,264.91000000,54.28000000,1.5297260000,1.3091320000,9.0000,0.1442049684,0.2048997773,5.5831579057,0.9398744971,0.9207863694,0.9203651116,SOLD,NEW_SYNTHETIC,MARKET_SIM_V1,MARKET_SIMULATION_V1
TRADE_4C629F801B2B631230B8,FUND_SYNTH_000370,MANAGER_SYNTH_00093,buyout,middle_market,2017,2026-06-30,2026-08-14,2026-08-28,USD,55.66000000,264.91000000,54.28000000,1.5547950000,1.3091320000,9.0000,0.1580038039,0.2048997773,5.5831579057,0.9721929147,0.9105835414,0.9158860880,SOLD,NEW_SYNTHETIC,MARKET_SIM_V1,MARKET_SIMULATION_V1
TRADE_B0F0373B7E6DB21BC61E,FUND_SYNTH_000372,MANAGER_SYNTH_00093,buyout,middle_market,2025,2025-12-31,2026-02-14,2026-02-28,USD,141.30000000,541.27000000,411.69000000,1.0904460000,0.0000000000,1.0000,1.0000000000,0.7606000702,6.2957640324,0.8371277358,0.7594748563,0.7755939995,SOLD,NEW_SYNTHETIC,MARKET_SIM_V1,MARKET_SIMULATION_V1
TRADE_E90650344509DF61BA81,FUND_SYNTH_000372,MANAGER_SYNTH_00093,buyout,middle_market,2025,2026-06-30,2026-08-14,2026-08-28,USD,293.87000000,541.27000000,294.85000000,1.2489790000,0.0718980000,1.0000,0.9424347380,0.5447373769,6.2957640324,0.8700571499,0.8216300092,0.8160468508,SOLD,NEW_SYNTHETIC,MARKET_SIM_V1,MARKET_SIMULATION_V1
TRADE_3E755221E9539316503C,FUND_SYNTH_000376,MANAGER_SYNTH_00094,buyout,middle_market,2016,2023-12-31,2024-02-14,2024-02-28,USD,372.37000000,411.70000000,28.57000000,1.6186020000,0.7049900000,8.0000,0.5644449834,0.0693951907,6.0227209368,0.8975754665,0.8592749254,0.8659664641,SOLD,NEW_SYNTHETIC,MARKET_SIM_V1,MARKET_SIMULATION_V1
TRADE_B97A252CF4B20897C310,FUND_SYNTH_000376,MANAGER_SYNTH_00094,buyout,middle_market,2016,2024-12-31,2025-02-14,2025-02-28,USD,282.54000000,411.70000000,28.57000000,1.6813880000,0.9881740000,9.0000,0.4122865898,0.0693951907,6.0227209368,0.9415489536,0.8453521818,0.8796846397,SOLD,NEW_SYNTHETIC,MARKET_SIM_V1,MARKET_SIMULATION_V1
TRADE_E0EBB1BFDA2AB123B414,FUND_SYNTH_000376,MANAGER_SYNTH_00094,buyout,middle_market,2016,2025-12-31,2026-02-14,2026-02-28,USD,162.76000000,411.70000000,28.57000000,1.7420380000,1.3427060000,10.0000,0.2292329794,0.0693951907,6.0227209368,1.0093860692,0.9467554719,0.9793458645,SOLD,NEW_SYNTHETIC,MARKET_SIM_V1,MARKET_SIMULATION_V1
TRADE_081668EAA429105F6A0A,FUND_SYNTH_000376,MANAGER_SYNTH_00094,buyout,middle_market,2016,2026-06-30,2026-08-14,2026-08-28,USD,66.36000000,411.70000000,28.57000000,1.7717260000,1.6089110000,10.0000,0.0918960838,0.0693951907,6.0227209368,0.9916430523,0.9721654462,0.9671908725,SOLD,NEW_SYNTHETIC,MARKET_SIM_V1,MARKET_SIMULATION_V1
TRADE_AA92BF0C4655556E32A4,FUND_SYNTH_000384,MANAGER_SYNTH_00096,buyout,middle_market,2015,2023-12-31,2024-02-14,2024-02-28,USD,696.32000000,1187.49000000,222.22000000,1.5612650000,0.8964690000,9.0000,0.4258056626,0.1871342074,7.0804388728,0.8826325086,0.8226593713,0.8530225001,SOLD,NEW_SYNTHETIC,MARKET_SIM_V1,MARKET_SIMULATION_V1
TRADE_8C116531D295FB737A47,FUND_SYNTH_000384,MANAGER_SYNTH_00096,buyout,middle_market,2015,2024-12-31,2025-02-14,2025-02-28,USD,352.43000000,1187.49000000,222.22000000,1.6148440000,1.2783700000,10.0000,0.2083633870,0.1871342074,7.0804388728,0.9357572835,0.9046319377,0.9167998891,SOLD,NEW_SYNTHETIC,MARKET_SIM_V1,MARKET_SIMULATION_V1
TRADE_8A1F3618B79F9ECCBA90,FUND_SYNTH_000384,MANAGER_SYNTH_00096,buyout,middle_market,2015,2025-12-31,2026-02-14,2026-02-28,USD,406.74000000,1187.49000000,222.22000000,1.6666950000,1.2783700000,11.0000,0.2329913561,0.1871342074,7.0804388728,0.9627626128,0.8837816567,0.9227569042,SOLD,NEW_SYNTHETIC,MARKET_SIM_V1,MARKET_SIMULATION_V1
TRADE_AF597BF39B524CB2C893,FUND_SYNTH_000384,MANAGER_SYNTH_00096,buyout,middle_market,2015,2026-06-30,2026-08-14,2026-08-28,USD,162.86000000,1187.49000000,222.22000000,1.6920810000,1.5365950000,11.0000,0.0918908549,0.1871342074,7.0804388728,0.9818141655,0.9478834477,0.9469961776,SOLD,NEW_SYNTHETIC,MARKET_SIM_V1,MARKET_SIMULATION_V1
TRADE_D94C424A2E1759E728B6,FUND_SYNTH_000385,MANAGER_SYNTH_00097,buyout,middle_market,2023,2023-12-31,2024-02-14,2024-02-28,USD,229.45000000,432.51000000,209.10000000,1.0270350000,0.0000000000,1.0000,1.0000000000,0.4834570299,6.0719148640,0.8578049963,0.7981237290,0.7953740715,SOLD,NEW_SYNTHETIC,MARKET_SIM_V1,MARKET_SIMULATION_V1
TRADE_7D0D309FC78864C3823C,FUND_SYNTH_000385,MANAGER_SYNTH_00097,buyout,middle_market,2023,2024-12-31,2025-02-14,2025-02-28,USD,287.45000000,432.51000000,179.27000000,1.1563700000,0.0267230000,2.0000,0.9768903993,0.4144875263,6.0719148640,0.8650068228,0.8259654543,,WITHDRAWN,NEW_SYNTHETIC,MARKET_SIM_V1,MARKET_SIMULATION_V1
TRADE_95AC261900AEC5EE78B2,FUND_SYNTH_000385,MANAGER_SYNTH_00097,buyout,middle_market,2023,2025-12-31,2026-02-14,2026-02-28,USD,272.89000000,432.51000000,185.48000000,1.2345360000,0.1621080000,3.0000,0.8686891195,0.4288455758,6.0719148640,0.8389156952,0.7456455452,0.7756158116,SOLD,NEW_SYNTHETIC,MARKET_SIM_V1,MARKET_SIMULATION_V1
TRADE_50839EF836A16E9210F8,FUND_SYNTH_000385,MANAGER_SYNTH_00097,buyout,middle_market,2023,2026-06-30,2026-08-14,2026-08-28,USD,258.90000000,432.51000000,189.53000000,1.2680580000,0.2506090000,3.0000,0.8023677441,0.4382095212,6.0719148640,0.8535072410,0.8406880576,,WITHDRAWN,NEW_SYNTHETIC,MARKET_SIM_V1,MARKET_SIMULATION_V1
TRADE_305B03942860D5EDB8F8,FUND_SYNTH_000387,MANAGER_SYNTH_00097,buyout,middle_market,2016,2023-12-31,2024-02-14,2024-02-28,USD,190.07000000,247.20000000,43.33000000,1.8053890000,0.9739730000,8.0000,0.4605189834,0.1752831715,5.5142348728,0.8799592653,0.8240149188,0.8597506216,SOLD,NEW_SYNTHETIC,MARKET_SIM_V1,MARKET_SIMULATION_V1
TRADE_0FAD768B713298209CE9,FUND_SYNTH_000387,MANAGER_SYNTH_00097,buyout,middle_market,2016,2024-12-31,2025-02-14,2025-02-28,USD,155.85000000,247.20000000,43.33000000,1.8912120000,1.2094830000,9.0000,0.3604718399,0.1752831715,5.5142348728,0.9907350081,0.9213960806,0.9343806777,SOLD,NEW_SYNTHETIC,MARKET_SIM_V1,MARKET_SIMULATION_V1
TRADE_6659324D6FD6EB3DF98E,FUND_SYNTH_000387,MANAGER_SYNTH_00097,buyout,middle_market,2016,2025-12-31,2026-02-14,2026-02-28,USD,84.44000000,247.20000000,43.33000000,1.9746290000,1.6052670000,10.0000,0.1870541846,0.1752831715,5.5142348728,0.9632662502,0.9382107640,0.9350774582,SOLD,NEW_SYNTHETIC,MARKET_SIM_V1,MARKET_SIMULATION_V1
TRADE_CC03DCE5138BBCB2AD0D,FUND_SYNTH_000387,MANAGER_SYNTH_00097,buyout,middle_market,2016,2026-06-30,2026-08-14,2026-08-28,USD,42.34000000,247.20000000,43.33000000,2.0155290000,1.8303220000,10.0000,0.0918896630,0.1752831715,5.5142348728,1.0140798460,0.9424254231,0.9806800114,SOLD,NEW_SYNTHETIC,MARKET_SIM_V1,MARKET_SIMULATION_V1
TRADE_B58AA2A533F440078520,FUND_SYNTH_000395,MANAGER_SYNTH_00099,buyout,middle_market,2025,2025-12-31,2026-02-14,2026-02-28,USD,195.09000000,437.14000000,254.55000000,1.0744910000,0.0074930000,1.0000,0.9930265703,0.5823077275,6.0825384940,0.8525465624,0.7971093961,0.8336652542,SOLD,NEW_SYNTHETIC,MARKET_SIM_V1,MARKET_SIMULATION_V1
TRADE_4E63360CBD5C91D21AF2,FUND_SYNTH_000395,MANAGER_SYNTH_00099,buyout,middle_market,2025,2026-06-30,2026-08-14,2026-08-28,USD,197.28000000,437.14000000,256.47000000,1.1448810000,0.0659050000,1.0000,0.9424353891,0.5866999131,6.0825384940,0.8376688036,0.7918573891,,WITHDRAWN,NEW_SYNTHETIC,MARKET_SIM_V1,MARKET_SIMULATION_V1
TRADE_D49C67033BDF758E7A20,FUND_SYNTH_000400,MANAGER_SYNTH_00100,buyout,middle_market,2019,2023-12-31,2024-02-14,2024-02-28,USD,487.95000000,559.47000000,180.60000000,1.5145090000,0.2949690000,5.0000,0.8052378831,0.3228055124,6.3287757174,0.8428687927,0.7438235713,0.7879527515,SOLD,NEW_SYNTHETIC,MARKET_SIM_V1,MARKET_SIMULATION_V1
TRADE_A7ACF65729282515543B,FUND_SYNTH_000400,MANAGER_SYNTH_00100,buyout,middle_market,2019,2024-12-31,2025-02-14,2025-02-28,USD,435.09000000,559.47000000,197.49000000,1.6168800000,0.5294540000,6.0000,0.6725457159,0.3529947986,6.3287757174,0.9183585804,0.8780963397,0.9024399027,SOLD,NEW_SYNTHETIC,MARKET_SIM_V1,MARKET_SIMULATION_V1
TRADE_7B7DF0D7C3754A171DD9,FUND_SYNTH_000400,MANAGER_SYNTH_00100,buyout,middle_market,2019,2025-12-31,2026-02-14,2026-02-28,USD,363.30000000,559.47000000,197.49000000,1.7127040000,0.8047040000,7.0000,0.5301559969,0.3529947986,6.3287757174,0.9165210617,0.8541864525,0.8632461650,SOLD,NEW_SYNTHETIC,MARKET_SIM_V1,MARKET_SIMULATION_V1
TRADE_EDB28107C129368D0D10,FUND_SYNTH_000400,MANAGER_SYNTH_00100,buyout,middle_market,2019,2026-06-30,2026-08-14,2026-08-28,USD,283.17000000,559.47000000,197.49000000,1.7588910000,1.0511610000,7.0000,0.4023730018,0.3529947986,6.3287757174,0.9649345782,0.9116142845,0.9252956432,SOLD,NEW_SYNTHETIC,MARKET_SIM_V1,MARKET_SIMULATION_V1
TRADE_C79F8064F993A2612D4D,FUND_SYNTH_000402,MANAGER_SYNTH_00101,buyout,middle_market,2015,2023-12-31,2024-02-14,2024-02-28,USD,656.90000000,1036.27000000,101.12000000,1.2890810000,0.6244310000,9.0000,0.5155998587,0.0975807463,6.9443475408,0.8965938844,0.8921075021,,UNSOLD,NEW_SYNTHETIC,MARKET_SIM_V1,MARKET_SIMULATION_V1
TRADE_B2C36E12DDAB848D16AB,FUND_SYNTH_000402,MANAGER_SYNTH_00101,buyout,middle_market,2015,2024-12-31,2025-02-14,2025-02-28,USD,400.60000000,1036.27000000,101.12000000,1.3169860000,0.9116600000,10.0000,0.3077679525,0.0975807463,6.9443475408,0.9435866342,0.8872229733,0.8896832879,SOLD,NEW_SYNTHETIC,MARKET_SIM_V1,MARKET_SIMULATION_V1
TRADE_46C5746DD53C1159654C,FUND_SYNTH_000402,MANAGER_SYNTH_00101,buyout,middle_market,2015,2025-12-31,2026-02-14,2026-02-28,USD,238.29000000,1036.27000000,101.12000000,1.3438590000,1.1027580000,11.0000,0.1794095724,0.0975807463,6.9443475408,0.9698376392,0.8882118262,0.9278235585,SOLD,NEW_SYNTHETIC,MARKET_SIM_V1,MARKET_SIMULATION_V1
TRADE_D16EA6FDCEFE7F120EE9,FUND_SYNTH_000402,MANAGER_SYNTH_00101,buyout,middle_market,2015,2026-06-30,2026-08-14,2026-08-28,USD,123.24000000,1036.27000000,101.12000000,1.3569930000,1.2322990000,11.0000,0.0918899170,0.0975807463,6.9443475408,0.9420694671,0.9431303275,0.9258236965,SOLD,NEW_SYNTHETIC,MARKET_SIM_V1,MARKET_SIMULATION_V1
TRADE_013D4388C8938DC1293F,FUND_SYNTH_000420,MANAGER_SYNTH_00105,buyout,middle_market,2023,2023-12-31,2024-02-14,2024-02-28,USD,252.73000000,639.10000000,399.27000000,1.0537880000,0.0000000000,1.0000,1.0000000000,0.6247379127,6.4616244141,0.8035756201,0.7356823282,0.7533240049,SOLD,NEW_SYNTHETIC,MARKET_SIM_V1,MARKET_SIMULATION_V1
TRADE_0EC6EB56E231F95A0CC5,FUND_SYNTH_000420,MANAGER_SYNTH_00105,buyout,middle_market,2023,2024-12-31,2025-02-14,2025-02-28,USD,462.71000000,639.10000000,273.45000000,1.2988170000,0.0432270000,2.0000,0.9667182016,0.4278673134,6.4616244141,0.8595132213,0.8059457408,0.8334712586,SOLD,NEW_SYNTHETIC,MARKET_SIM_V1,MARKET_SIMULATION_V1
TRADE_897360716C6C6AF7E3FB,FUND_SYNTH_000420,MANAGER_SYNTH_00105,buyout,middle_market,2023,2025-12-31,2026-02-14,2026-02-28,USD,451.51000000,639.10000000,286.16000000,1.4602740000,0.2350750000,3.0000,0.8390195860,0.4477546550,6.4616244141,0.8813714227,0.8127396300,,WITHDRAWN,NEW_SYNTHETIC,MARKET_SIM_V1,MARKET_SIMULATION_V1
TRADE_3B84B6834DA48729DF7A,FUND_SYNTH_000420,MANAGER_SYNTH_00105,buyout,middle_market,2023,2026-06-30,2026-08-14,2026-08-28,USD,452.86000000,639.10000000,290.65000000,1.5315590000,0.3026970000,3.0000,0.8023599865,0.4547801596,6.4616244141,0.8341842610,0.7688983366,0.7889881701,SOLD,NEW_SYNTHETIC,MARKET_SIM_V1,MARKET_SIMULATION_V1
TRADE_20143BFF193B5A8C81D3,FUND_SYNTH_000439,MANAGER_SYNTH_00110,buyout,middle_market,2020,2023-12-31,2024-02-14,2024-02-28,USD,688.13000000,702.67000000,195.80000000,1.5452710000,0.2483320000,4.0000,0.8392955153,0.2786514295,6.5563094963,0.8320448891,0.7718477312,0.8100846359,SOLD,NEW_SYNTHETIC,MARKET_SIM_V1,MARKET_SIMULATION_V1
TRADE_963F28DC31A07B9AC264,FUND_SYNTH_000439,MANAGER_SYNTH_00110,buyout,middle_market,2020,2024-12-31,2025-02-14,2025-02-28,USD,663.73000000,702.67000000,211.80000000,1.6668550000,0.4159030000,5.0000,0.7504862053,0.3014217200,6.5563094963,0.8814855007,0.8461829096,0.8381456270,SOLD,NEW_SYNTHETIC,MARKET_SIM_V1,MARKET_SIMULATION_V1
TRADE_F8928D63A2F86B45D6FC,FUND_SYNTH_000439,MANAGER_SYNTH_00110,buyout,middle_market,2020,2025-12-31,2026-02-14,2026-02-28,USD,645.28000000,702.67000000,226.02000000,1.7809380000,0.5647590000,6.0000,0.6828865630,0.3216588157,6.5563094963,0.9153719218,0.8871549777,,WITHDRAWN,NEW_SYNTHETIC,MARKET_SIM_V1,MARKET_SIMULATION_V1
TRADE_CFC490041BD3B8476C3C,FUND_SYNTH_000439,MANAGER_SYNTH_00110,buyout,middle_market,2020,2026-06-30,2026-08-14,2026-08-28,USD,501.07000000,702.67000000,226.02000000,1.8359720000,0.8915900000,6.0000,0.5143769312,0.3216588157,6.5563094963,0.9460256729,0.9330144735,0.9303007067,SOLD,NEW_SYNTHETIC,MARKET_SIM_V1,MARKET_SIMULATION_V1
TRADE_594D44B1E7823EC4E620,FUND_SYNTH_000447,MANAGER_SYNTH_00112,buyout,middle_market,2024,2024-12-31,2025-02-14,2025-02-28,USD,706.34000000,1165.19000000,547.62000000,1.1437410000,0.0000000000,1.0000,1.0000000000,0.4699834362,7.0614973039,0.7779036506,0.7688469233,0.7514362655,SOLD,NEW_SYNTHETIC,MARKET_SIM_V1,MARKET_SIMULATION_V1
TRADE_CEA73F1E7F04E3A4233C,FUND_SYNTH_000447,MANAGER_SYNTH_00112,buyout,middle_market,2024,2025-12-31,2026-02-14,2026-02-28,USD,773.81000000,1165.19000000,556.09000000,1.3292100000,0.0762180000,2.0000,0.9426590976,0.4772526369,7.0614973039,0.8117670536,0.7818253452,0.7918390033,SOLD,NEW_SYNTHETIC,MARKET_SIM_V1,MARKET_SIMULATION_V1
TRADE_B20D524CDA485B12D835,FUND_SYNTH_000447,MANAGER_SYNTH_00112,buyout,middle_market,2024,2026-06-30,2026-08-14,2026-08-28,USD,760.87000000,1165.19000000,566.52000000,1.4020430000,0.1700050000,2.0000,0.8787448317,0.4862039667,7.0614973039,0.8445694229,0.7712836857,0.8000716535,SOLD,NEW_SYNTHETIC,MARKET_SIM_V1,MARKET_SIMULATION_V1
TRADE_1F23A3CB276D162BAC70,FUND_SYNTH_000449,MANAGER_SYNTH_00113,buyout,middle_market,2019,2023-12-31,2024-02-14,2024-02-28,USD,689.21000000,737.56000000,222.01000000,1.5183030000,0.2389550000,5.0000,0.8426168179,0.3010060198,6.6047023444,0.8858321094,0.8296254431,0.8337755338,SOLD,NEW_SYNTHETIC,MARKET_SIM_V1,MARKET_SIMULATION_V1
TRADE_BDE2DB809E4900F0AFF8,FUND_SYNTH_000449,MANAGER_SYNTH_00113,buyout,middle_market,2019,2024-12-31,2025-02-14,2025-02-28,USD,631.12000000,737.56000000,231.66000000,1.6098900000,0.4383720000,6.0000,0.7277003966,0.3140897012,6.6047023444,0.8356210654,0.7971156971,0.8034920216,SOLD,NEW_SYNTHETIC,MARKET_SIM_V1,MARKET_SIMULATION_V1
TRADE_885B55114F157CC2A20F,FUND_SYNTH_000449,MANAGER_SYNTH_00113,buyout,middle_market,2019,2025-12-31,2026-02-14,2026-02-28,USD,567.39000000,737.56000000,231.66000000,1.6961320000,0.6429130000,7.0000,0.6209534441,0.3140897012,6.6047023444,0.9229355989,0.8791812938,0.8710771048,SOLD,NEW_SYNTHETIC,MARKET_SIM_V1,MARKET_SIMULATION_V1
TRADE_530B2FF5B1CDC6F2AF95,FUND_SYNTH_000449,MANAGER_SYNTH_00113,buyout,middle_market,2019,2026-06-30,2026-08-14,2026-08-28,USD,376.70000000,737.56000000,231.66000000,1.7378230000,1.0385730000,7.0000,0.4023712882,0.3140897012,6.6047023444,0.9640961436,0.9371961113,,WITHDRAWN,NEW_SYNTHETIC,MARKET_SIM_V1,MARKET_SIMULATION_V1
TRADE_A2B3FE6FC0371D635E02,FUND_SYNTH_000453,MANAGER_SYNTH_00114,buyout,middle_market,2024,2024-12-31,2025-02-14,2025-02-28,USD,260.87000000,509.50000000,241.37000000,0.9729240000,0.0000000000,1.0000,1.0000000000,0.4737389598,6.2353906376,0.8479543981,0.8181820599,,UNSOLD,NEW_SYNTHETIC,MARKET_SIM_V1,MARKET_SIMULATION_V1
TRADE_A487EEBD9C1A99B5F988,FUND_SYNTH_000453,MANAGER_SYNTH_00114,buyout,middle_market,2024,2025-12-31,2026-02-14,2026-02-28,USD,244.48000000,509.50000000,244.29000000,0.9721400000,0.0603440000,2.0000,0.9379268012,0.4794700687,6.2353906376,0.8472840224,0.7906998274,,WITHDRAWN,NEW_SYNTHETIC,MARKET_SIM_V1,MARKET_SIMULATION_V1
TRADE_F0F188F1B8FD74752DFC,FUND_SYNTH_000453,MANAGER_SYNTH_00114,buyout,middle_market,2024,2026-06-30,2026-08-14,2026-08-28,USD,227.57000000,509.50000000,247.03000000,0.9658370000,0.1171070000,2.0000,0.8787504344,0.4848478901,6.2353906376,0.8408079578,0.8424451820,0.8247407346,SOLD,NEW_SYNTHETIC,MARKET_SIM_V1,MARKET_SIMULATION_V1
TRADE_386543D6F063D92F3E12,FUND_SYNTH_000455,MANAGER_SYNTH_00114,buyout,middle_market,2017,2023-12-31,2024-02-14,2024-02-28,USD,666.97000000,1009.52000000,140.39000000,1.3513770000,0.6507340000,7.0000,0.5184658318,0.1390660908,6.9182203288,0.9335888178,0.8729819665,0.8705289069,SOLD,NEW_SYNTHETIC,MARKET_SIM_V1,MARKET_SIMULATION_V1
TRADE_1620139A08B571B31DD1,FUND_SYNTH_000455,MANAGER_SYNTH_00114,buyout,middle_market,2017,2024-12-31,2025-02-14,2025-02-28,USD,481.69000000,1009.52000000,140.39000000,1.3922520000,0.8862430000,8.0000,0.3634463609,0.1390660908,6.9182203288,0.9888656658,0.8964459556,0.9395447107,SOLD,NEW_SYNTHETIC,MARKET_SIM_V1,MARKET_SIMULATION_V1
TRADE_E794D71AC2851782C308,FUND_SYNTH_000455,MANAGER_SYNTH_00114,buyout,middle_market,2017,2025-12-31,2026-02-14,2026-02-28,USD,366.30000000,1009.52000000,140.39000000,1.4316030000,1.0468100000,9.0000,0.2687848547,0.1390660908,6.9182203288,0.9952812146,0.9244190421,0.9453823152,SOLD,NEW_SYNTHETIC,MARKET_SIM_V1,MARKET_SIMULATION_V1
TRADE_F9D1F0DE81210EF8A7B0,FUND_SYNTH_000455,MANAGER_SYNTH_00114,buyout,middle_market,2017,2026-06-30,2026-08-14,2026-08-28,USD,218.21000000,1009.52000000,140.39000000,1.4508270000,1.2216000000,9.0000,0.1579972486,0.1390660908,6.9182203288,0.9507885050,0.8853538694,0.9080693158,SOLD,NEW_SYNTHETIC,MARKET_SIM_V1,MARKET_SIMULATION_V1
TRADE_1F7BA62522CF118C8D15,FUND_SYNTH_000463,MANAGER_SYNTH_00116,buyout,middle_market,2015,2023-12-31,2024-02-14,2024-02-28,USD,160.21000000,226.13000000,29.80000000,1.2083170000,0.4416160000,9.0000,0.6345201790,0.1317826029,5.4255225408,0.8785241615,0.8416193295,0.8290031147,SOLD,NEW_SYNTHETIC,MARKET_SIM_V1,MARKET_SIMULATION_V1
TRADE_0C5D13E269E7B6DAD619,FUND_SYNTH_000463,MANAGER_SYNTH_00116,buyout,middle_market,2015,2024-12-31,2025-02-14,2025-02-28,USD,106.95000000,226.13000000,29.80000000,1.2291830000,0.7173620000,10.0000,0.4163908896,0.1317826029,5.4255225408,0.8823466931,0.8613585822,0.8665543081,SOLD,NEW_SYNTHETIC,MARKET_SIM_V1,MARKET_SIMULATION_V1
TRADE_3B84A5226F9E5D76203C,FUND_SYNTH_000463,MANAGER_SYNTH_00116,buyout,middle_market,2015,2025-12-31,2026-02-14,2026-02-28,USD,22.13000000,226.13000000,29.80000000,1.2492340000,1.1433290000,11.0000,0.0847762795,0.1317826029,5.4255225408,0.9713244259,0.9211459915,0.9448896241,SOLD,NEW_SYNTHETIC,MARKET_SIM_V1,MARKET_SIMULATION_V1
TRADE_D5FB11847A1E111FFB81,FUND_SYNTH_000463,MANAGER_SYNTH_00116,buyout,middle_market,2015,2026-06-30,2026-08-14,2026-08-28,USD,24.18000000,226.13000000,29.80000000,1.2590450000,1.1433290000,11.0000,0.0919077122,0.1317826029,5.4255225408,0.9624916253,0.9153208718,0.9428300530,SOLD,NEW_SYNTHETIC,MARKET_SIM_V1,MARKET_SIMULATION_V1
TRADE_BD8C2A1E9004598BE9E9,FUND_SYNTH_000466,MANAGER_SYNTH_00117,buyout,middle_market,2019,2023-12-31,2024-02-14,2024-02-28,USD,853.01000000,706.69000000,144.01000000,1.7880890000,0.3742290000,5.0000,0.7907099621,0.2037810072,6.5620061447,0.8827829929,0.8658639307,0.8570321517,SOLD,NEW_SYNTHETIC,MARKET_SIM_V1,MARKET_SIMULATION_V1
TRADE_BED552D705D7AF871400,FUND_SYNTH_000466,MANAGER_SYNTH_00117,buyout,middle_market,2019,2024-12-31,2025-02-14,2025-02-28,USD,882.65000000,706.69000000,144.01000000,1.9308000000,0.4678110000,6.0000,0.7577110285,0.2037810072,6.5620061447,0.8813612012,0.8095978063,0.8510798490,SOLD,NEW_SYNTHETIC,MARKET_SIM_V1,MARKET_SIMULATION_V1
TRADE_E2D7119EA0C04D3960EA,FUND_SYNTH_000466,MANAGER_SYNTH_00117,buyout,middle_market,2019,2025-12-31,2026-02-14,2026-02-28,USD,729.86000000,706.69000000,144.01000000,2.0669300000,0.8571900000,7.0000,0.5852833154,0.2037810072,6.5620061447,0.9629534135,0.9128455148,0.9410629017,SOLD,NEW_SYNTHETIC,MARKET_SIM_V1,MARKET_SIMULATION_V1
TRADE_9B7B91D7AEDB62CE145E,FUND_SYNTH_000466,MANAGER_SYNTH_00117,buyout,middle_market,2019,2026-06-30,2026-08-14,2026-08-28,USD,517.82000000,706.69000000,144.01000000,2.1330470000,1.2747630000,7.0000,0.4023746804,0.2037810072,6.5620061447,0.9754021138,0.8978029538,0.9343928880,SOLD,NEW_SYNTHETIC,MARKET_SIM_V1,MARKET_SIMULATION_V1
TRADE_47E8B5EAF6EC73839C9B,FUND_SYNTH_000468,MANAGER_SYNTH_00117,buyout,middle_market,2014,2023-12-31,2024-02-14,2024-02-28,USD,648.46000000,681.97000000,135.20000000,2.2279550000,1.1476380000,10.0000,0.4848915376,0.1982491898,6.5264509347,0.8917005804,0.8329979773,0.8619514138,SOLD,NEW_SYNTHETIC,MARKET_SIM_V1,MARKET_SIMULATION_V1
TRADE_5B02EC4E307C254447FE,FUND_SYNTH_000468,MANAGER_SYNTH_00117,buyout,middle_market,2014,2024-12-31,2025-02-14,2025-02-28,USD,343.59000000,681.97000000,135.20000000,2.3283300000,1.7559180000,11.0000,0.2458463916,0.1982491898,6.5264509347,1.0079250416,0.9654574877,0.9485555223,SOLD,NEW_SYNTHETIC,MARKET_SIM_V1,MARKET_SIMULATION_V1
TRADE_7CA544E0E1C8E1476DDE,FUND_SYNTH_000468,MANAGER_SYNTH_00117,buyout,middle_market,2014,2025-12-31,2026-02-14,2026-02-28,USD,292.89000000,681.97000000,135.20000000,2.4263720000,1.9384260000,12.0000,0.2011013231,0.1982491898,6.5264509347,1.0020586421,0.9738180301,0.9699065672,SOLD,NEW_SYNTHETIC,MARKET_SIM_V1,MARKET_SIMULATION_V1
TRADE_9DE3802347EADC1E696C,FUND_SYNTH_000468,MANAGER_SYNTH_00117,buyout,middle_market,2014,2026-06-30,2026-08-14,2026-08-28,USD,136.50000000,681.97000000,135.20000000,2.4746360000,2.2472300000,12.0000,0.0918944392,0.1982491898,6.5264509347,1.0045451794,0.9435904343,0.9776334692,SOLD,NEW_SYNTHETIC,MARKET_SIM_V1,MARKET_SIMULATION_V1
TRADE_B3C07A5577CDB6EAA72B,FUND_SYNTH_000471,MANAGER_SYNTH_00118,buyout,middle_market,2013,2023-12-31,2024-02-14,2024-02-28,USD,326.94000000,507.11000000,66.93000000,1.5350860000,0.8138580000,11.0000,0.4698291348,0.1319831989,6.2306979596,0.8854420471,0.8234298996,0.8378876053,SOLD,NEW_SYNTHETIC,MARKET_SIM_V1,MARKET_SIMULATION_V1
TRADE_EEB250E1DE92D407EB19,FUND_SYNTH_000471,MANAGER_SYNTH_00118,buyout,middle_market,2013,2024-12-31,2025-02-14,2025-02-28,USD,234.72000000,507.11000000,66.93000000,1.5747060000,1.0569150000,12.0000,0.3288177857,0.1319831989,6.2306979596,0.8994767364,0.8474258143,0.8780776985,SOLD,NEW_SYNTHETIC,MARKET_SIM_V1,MARKET_SIMULATION_V1
TRADE_C4635FCAC2CDA6CE3C7B,FUND_SYNTH_000471,MANAGER_SYNTH_00118,buyout,middle_market,2013,2025-12-31,2026-02-14,2026-02-28,USD,67.21000000,507.11000000,66.93000000,1.6134650000,1.4652000000,13.0000,0.0918922614,0.1319831989,6.2306979596,0.9085786159,0.8982627653,0.8811490836,SOLD,NEW_SYNTHETIC,MARKET_SIM_V1,MARKET_SIMULATION_V1
TRADE_C4635FCAC2CDA6CE3C7B,FUND_SYNTH_000471,MANAGER_SYNTH_00118,buyout,middle_market,2013,2025-12-31,2026-02-14,2026-02-28,USD,67.21000000,507.11000000,66.93000000,1.6134650000,1.4652000000,13.0000,0.0918922614,0.1319831989,6.2306979596,0.9765679675,0.8859772548,0.9293430862,SOLD,NEW_SYNTHETIC,MARKET_SIM_V1,MARKET_SIMULATION_V1
TRADE_427D493E7DC1111A4143,FUND_SYNTH_000478,MANAGER_SYNTH_00120,buyout,middle_market,2019,2023-12-31,2024-02-14,2024-02-28,USD,1455.29000000,1102.25000000,251.67000000,1.8408080000,0.1876700000,5.0000,0.8980499846,0.2283238830,7.0060156481,0.8231521966,0.7907843534,0.7816174970,SOLD,NEW_SYNTHETIC,MARKET_SIM_V1,MARKET_SIMULATION_V1
TRADE_CBC55E866A80E217C79A,FUND_SYNTH_000478,MANAGER_SYNTH_00120,buyout,middle_market,2019,2024-12-31,2025-02-14,2025-02-28,USD,1198.59000000,1102.25000000,273.19000000,1.9845620000,0.6230230000,6.0000,0.6860650811,0.2478475845,7.0060156481,0.9409387460,0.9215378745,0.9111195065,SOLD,NEW_SYNTHETIC,MARKET_SIM_V1,MARKET_SIMULATION_V1
TRADE_0D7752CD427E84D22F3A,FUND_SYNTH_000478,MANAGER_SYNTH_00120,buyout,middle_market,2019,2025-12-31,2026-02-14,2026-02-28,USD,866.04000000,1102.25000000,273.19000000,2.1220470000,1.1382680000,7.0000,0.4635989893,0.2478475845,7.0060156481,0.9770637139,0.8799153410,0.9199880454,SOLD,NEW_SYNTHETIC,MARKET_SIM_V1,MARKET_SIMULATION_V1
TRADE_600F71761F8C12218C67,FUND_SYNTH_000478,MANAGER_SYNTH_00120,buyout,middle_market,2019,2026-06-30,2026-08-14,2026-08-28,USD,775.35000000,1102.25000000,273.19000000,2.1889090000,1.3081490000,7.0000,0.4023737117,0.2478475845,7.0060156481,0.9774376555,0.8949671720,0.9323268261,SOLD,NEW_SYNTHETIC,MARKET_SIM_V1,MARKET_SIMULATION_V1
TRADE_A9EC581ED0B9BA28C1EB,FUND_SYNTH_000486,MANAGER_SYNTH_00122,buyout,middle_market,2022,2023-12-31,2024-02-14,2024-02-28,USD,587.51000000,734.09000000,284.43000000,1.3065650000,0.0000000000,2.0000,1.0000000000,0.3874593034,6.5999929407,0.8011289110,0.7220819144,0.7481484856,SOLD,NEW_SYNTHETIC,MARKET_SIM_V1,MARKET_SIMULATION_V1
TRADE_8E51C91BD9B4A2B89946,FUND_SYNTH_000486,MANAGER_SYNTH_00122,buyout,middle_market,2022,2024-12-31,2025-02-14,2025-02-28,USD,586.94000000,734.09000000,298.55000000,1.4797620000,0.1744650000,3.0000,0.8820992200,0.4066940021,6.5999929407,0.8563850969,0.7822210613,0.7991125544,SOLD,NEW_SYNTHETIC,MARKET_SIM_V1,MARKET_SIMULATION_V1
TRADE_1D15CE16899A35FA6E3B,FUND_SYNTH_000486,MANAGER_SYNTH_00122,buyout,middle_market,2022,2025-12-31,2026-02-14,2026-02-28,USD,556.17000000,734.09000000,316.08000000,1.6280080000,0.3911400000,4.0000,0.7597431869,0.4305739078,6.5999929407,0.8623312151,0.7941429412,0.8307430882,SOLD,NEW_SYNTHETIC,MARKET_SIM_V1,MARKET_SIMULATION_V1
TRADE_6DA7E569D9B49C9C4757,FUND_SYNTH_000486,MANAGER_SYNTH_00122,buyout,middle_market,2022,2026-06-30,2026-08-14,2026-08-28,USD,546.00000000,734.09000000,323.53000000,1.6973940000,0.4831430000,4.0000,0.7153619391,0.4407225272,6.5999929407,0.9483886896,0.8731737852,0.8904513182,SOLD,NEW_SYNTHETIC,MARKET_SIM_V1,MARKET_SIMULATION_V1
TRADE_269D2D5178FA9EE583C1,FUND_SYNTH_000491,MANAGER_SYNTH_00123,buyout,middle_market,2022,2023-12-31,2024-02-14,2024-02-28,USD,237.37000000,522.85000000,293.21000000,1.0336610000,0.0000000000,2.0000,1.0000000000,0.5607918141,6.2612053838,0.8130784504,0.7688741848,0.7721347253,SOLD,NEW_SYNTHETIC,MARKET_SIM_V1,MARKET_SIMULATION_V1
TRADE_9C1AE26F53C4C4EB629B,FUND_SYNTH_000491,MANAGER_SYNTH_00123,buyout,middle_market,2022,2024-12-31,2025-02-14,2025-02-28,USD,261.88000000,522.85000000,261.78000000,1.0796490000,0.0934320000,3.0000,0.9134605323,0.5006789710,6.2612053838,0.8821422501,0.8115914860,0.8259101426,SOLD,NEW_SYNTHETIC,MARKET_SIM_V1,MARKET_SIMULATION_V1
TRADE_91317AF13F365FA8F1DA,FUND_SYNTH_000491,MANAGER_SYNTH_00123,buyout,middle_market,2022,2025-12-31,2026-02-14,2026-02-28,USD,231.65000000,522.85000000,268.78000000,1.1123370000,0.2399640000,4.0000,0.7842705759,0.5140671321,6.2612053838,0.8835598539,0.8244000947,0.8655638329,SOLD,NEW_SYNTHETIC,MARKET_SIM_V1,MARKET_SIMULATION_V1
TRADE_D2FEAEAE0AAF203EACED,FUND_SYNTH_000491,MANAGER_SYNTH_00123,buyout,middle_market,2022,2026-06-30,2026-08-14,2026-08-28,USD,214.07000000,522.85000000,272.64000000,1.1269490000,0.3207800000,4.0000,0.7153550543,0.5214497466,6.2612053838,0.8751970960,0.8107289974,0.8474158014,SOLD,NEW_SYNTHETIC,MARKET_SIM_V1,MARKET_SIMULATION_V1
TRADE_6C8073C80D01F0DF8054,FUND_SYNTH_000492,MANAGER_SYNTH_00123,buyout,middle_market,2017,2023-12-31,2024-02-14,2024-02-28,USD,275.47000000,210.86000000,20.74000000,1.9069080000,0.5486420000,7.0000,0.7122873248,0.0983591008,5.3559256792,0.9091162984,0.8723639666,0.8601671291,SOLD,NEW_SYNTHETIC,MARKET_SIM_V1,MARKET_SIMULATION_V1
TRADE_530407C5E2BE8F762FE6,FUND_SYNTH_000492,MANAGER_SYNTH_00123,buyout,middle_market,2017,2024-12-31,2025-02-14,2025-02-28,USD,159.69000000,210.86000000,20.74000000,2.0191810000,1.2317930000,8.0000,0.3899538473,0.0983591008,5.3559256792,0.9480571527,0.8944599335,0.9011219544,SOLD,NEW_SYNTHETIC,MARKET_SIM_V1,MARKET_SIMULATION_V1
TRADE_3F33E9CDB6A21713C367,FUND_SYNTH_000492,MANAGER_SYNTH_00123,buyout,middle_market,2017,2025-12-31,2026-02-14,2026-02-28,USD,59.12000000,210.86000000,20.74000000,2.1276560000,1.8361520000,9.0000,0.1370072536,0.0983591008,5.3559256792,1.0047103664,0.9853288339,0.9801380166,SOLD,NEW_SYNTHETIC,MARKET_SIM_V1,MARKET_SIMULATION_V1
TRADE_F78E53E60F13CE104399,FUND_SYNTH_000492,MANAGER_SYNTH_00123,buyout,middle_market,2017,2026-06-30,2026-08-14,2026-08-28,USD,69.88000000,210.86000000,20.74000000,2.1807110000,1.8361520000,9.0000,0.1580030298,0.0983591008,5.3559256792,0.9864987943,0.9414861598,0.9410886648,SOLD,NEW_SYNTHETIC,MARKET_SIM_V1,MARKET_SIMULATION_V1
TRADE_B1E80ED0E00981FCC38F,FUND_SYNTH_000495,MANAGER_SYNTH_00124,buyout,middle_market,2015,2023-12-31,2024-02-14,2024-02-28,USD,674.08000000,681.44000000,92.02000000,1.7962590000,0.7242320000,9.0000,0.5968108936,0.1350375675,6.5256746111,0.8875639247,0.8657795565,0.8613757337,SOLD,NEW_SYNTHETIC,MARKET_SIM_V1,MARKET_SIMULATION_V1
TRADE_DCB4837E15F00608747B,FUND_SYNTH_000495,MANAGER_SYNTH_00124,buyout,middle_market,2015,2024-12-31,2025-02-14,2025-02-28,USD,337.65000000,681.44000000,92.02000000,1.8738690000,1.3368850000,10.0000,0.2865642001,0.1350375675,6.5256746111,0.9563109619,0.8999377427,0.9008203479,SOLD,NEW_SYNTHETIC,MARKET_SIM_V1,MARKET_SIMULATION_V1
TRADE_5310ADD907B5CCDEF0B5,FUND_SYNTH_000495,MANAGER_SYNTH_00124,buyout,middle_market,2015,2025-12-31,2026-02-14,2026-02-28,USD,224.93000000,681.44000000,92.02000000,1.9491880000,1.5914690000,11.0000,0.1835219438,0.1350375675,6.5256746111,0.9772675277,0.9290557256,0.9276200313,SOLD,NEW_SYNTHETIC,MARKET_SIM_V1,MARKET_SIMULATION_V1
TRADE_A9A3392B98967F4338D6,FUND_SYNTH_000495,MANAGER_SYNTH_00124,buyout,middle_market,2015,2026-06-30,2026-08-14,2026-08-28,USD,114.76000000,681.44000000,92.02000000,1.9861320000,1.8036230000,11.0000,0.0918918053,0.1350375675,6.5256746111,0.9887749457,0.9614519182,0.9545886037,SOLD,NEW_SYNTHETIC,MARKET_SIM_V1,MARKET_SIMULATION_V1
TRADE_3F172EFFB2509DF0CF9C,FUND_SYNTH_000496,MANAGER_SYNTH_00124,buyout,middle_market,2019,2023-12-31,2024-02-14,2024-02-28,USD,782.12000000,656.59000000,155.36000000,1.6876110000,0.1769100000,5.0000,0.8951711666,0.2366164578,6.4885816368,0.9064033969,0.8288797116,0.8571853079,SOLD,NEW_SYNTHETIC,MARKET_SIM_V1,MARKET_SIMULATION_V1
TRADE_A80C0A5BAE68F64ED918,FUND_SYNTH_000496,MANAGER_SYNTH_00124,buyout,middle_market,2019,2024-12-31,2025-02-14,2025-02-28,USD,656.03000000,656.59000000,177.50000000,1.8064400000,0.5392880000,6.0000,0.7014638110,0.2703361306,6.4885816368,0.9243801113,0.8625868928,0.8767211400,SOLD,NEW_SYNTHETIC,MARKET_SIM_V1,MARKET_SIMULATION_V1
TRADE_A5C3D74E4471D032E29B,FUND_SYNTH_000496,MANAGER_SYNTH_00124,buyout,middle_market,2019,2025-12-31,2026-02-14,2026-02-28,USD,534.37000000,656.59000000,177.50000000,1.9195120000,0.8873520000,7.0000,0.5377199956,0.2703361306,6.4885816368,0.9816745664,0.8812444446,0.9205958341,SOLD,NEW_SYNTHETIC,MARKET_SIM_V1,MARKET_SIMULATION_V1
TRADE_779E2495A34A68F3441F,FUND_SYNTH_000496,MANAGER_SYNTH_00124,buyout,middle_market,2019,2026-06-30,2026-08-14,2026-08-28,USD,411.30000000,656.59000000,177.50000000,1.9744070000,1.1799620000,7.0000,0.4023713791,0.2703361306,6.4885816368,0.9749269260,0.8706604676,0.9144035035,SOLD,NEW_SYNTHETIC,MARKET_SIM_V1,MARKET_SIMULATION_V1
TRADE_E41AD31F9FD8E3DBDEE4,FUND_SYNTH_000498,MANAGER_SYNTH_00125,buyout,middle_market,2025,2025-12-31,2026-02-14,2026-02-28,USD,161.46000000,418.59000000,269.53000000,1.0831880000,0.0000000000,1.0000,1.0000000000,0.6438997587,6.0392780440,0.8746113431,0.8260222387,0.8274392837,SOLD,NEW_SYNTHETIC,MARKET_SIM_V1,MARKET_SIMULATION_V1
TRADE_F546ED51E64CC34F24DC,FUND_SYNTH_000498,MANAGER_SYNTH_00125,buyout,middle_market,2025,2026-06-30,2026-08-14,2026-08-28,USD,207.62000000,418.59000000,230.19000000,1.1553390000,0.0664990000,1.0000,0.9424421244,0.5499175804,6.0392780440,0.8311750442,0.7879518827,0.8146310108,SOLD,NEW_SYNTHETIC,MARKET_SIM_V1,MARKET_SIMULATION_V1
TRADE_53BF59E81A6B925BB53D,FUND_SYNTH_000500,MANAGER_SYNTH_00125,buyout,middle_market,2016,2023-12-31,2024-02-14,2024-02-28,USD,657.67000000,596.46000000,99.73000000,1.7731050000,0.5466580000,8.0000,0.6916944500,0.1672031653,6.3926873360,0.8997547271,0.8738823778,0.8595181194,SOLD,NEW_SYNTHETIC,MARKET_SIM_V1,MARKET_SIMULATION_V1
TRADE_6A23CB1C4EE4121233AC,FUND_SYNTH_000500,MANAGER_SYNTH_00125,buyout,middle_market,2016,2024-12-31,2025-02-14,2025-02-28,USD,624.65000000,596.46000000,99.73000000,1.8595410000,0.6946700000,9.0000,0.6264290585,0.1672031653,6.3926873360,0.8818847629,0.8362367494,0.8545113043,SOLD,NEW_SYNTHETIC,MARKET_SIM_V1,MARKET_SIMULATION_V1
TRADE_71DE178B3F4BCA478F7E,FUND_SYNTH_000500,MANAGER_SYNTH_00125,buyout,middle_market,2016,2025-12-31,2026-02-14,2026-02-28,USD,305.11000000,596.46000000,99.73000000,1.9429550000,1.3739740000,10.0000,0.2928428145,0.1672031653,6.3926873360,1.0051261929,0.9645931385,0.9540373667,SOLD,NEW_SYNTHETIC,MARKET_SIM_V1,MARKET_SIMULATION_V1
TRADE_03371155560EBFCF69D7,FUND_SYNTH_000500,MANAGER_SYNTH_00125,buyout,middle_market,2016,2026-06-30,2026-08-14,2026-08-28,USD,97.75000000,596.46000000,99.73000000,1.9837390000,1.8014510000,10.0000,0.0918910281,0.1672031653,6.3926873360,0.9754096813,0.8984590331,0.9275432342,SOLD,NEW_SYNTHETIC,MARKET_SIM_V1,MARKET_SIMULATION_V1
TRADE_36404AA81CEB4A60BA05,FUND_SYNTH_000501,MANAGER_SYNTH_00126,buyout,middle_market,2022,2023-12-31,2024-02-14,2024-02-28,USD,204.52000000,350.42000000,173.53000000,1.1624140000,0.0078470000,2.0000,0.9932494779,0.4952057531,5.8619820893,0.8847780734,0.8626733307,0.8455386532,SOLD,NEW_SYNTHETIC,MARKET_SIM_V1,MARKET_SIMULATION_V1
TRADE_0932AA48D3E2EEC77319,FUND_SYNTH_000501,MANAGER_SYNTH_00126,buyout,middle_market,2022,2024-12-31,2025-02-14,2025-02-28,USD,235.45000000,350.42000000,161.69000000,1.2933380000,0.0591290000,3.0000,0.9542820087,0.4614177273,5.8619820893,0.8630370155,0.8394368098,0.8322607034,SOLD,NEW_SYNTHETIC,MARKET_SIM_V1,MARKET_SIMULATION_V1
TRADE_9178F5DC47EF0468F2E2,FUND_SYNTH_000501,MANAGER_SYNTH_00126,buyout,middle_market,2022,2025-12-31,2026-02-14,2026-02-28,USD,232.35000000,350.42000000,165.80000000,1.3967600000,0.1788020000,4.0000,0.8719882909,0.4731465099,5.8619820893,0.8499095094,0.7686414846,0.8046655738,SOLD,NEW_SYNTHETIC,MARKET_SIM_V1,MARKET_SIMULATION_V1
TRADE_F8F163BC75FC0871F9AC,FUND_SYNTH_000501,MANAGER_SYNTH_00126,buyout,middle_market,2022,2026-06-30,2026-08-14,2026-08-28,USD,197.09000000,350.42000000,173.77000000,1.4442000000,0.4110710000,4.0000,0.7153642336,0.4958906455,5.8619820893,0.8295669511,0.7853549650,0.8063142246,SOLD,NEW_SYNTHETIC,MARKET_SIM_V1,MARKET_SIMULATION_V1
TRADE_39B3110E2BE44D461534,FUND_SYNTH_000505,MANAGER_SYNTH_00127,buyout,middle_market,2017,2023-12-31,2024-02-14,2024-02-28,USD,1288.96000000,1309.61000000,145.23000000,1.8153520000,0.8123020000,7.0000,0.5525377229,0.1108956101,7.1782479567,0.9712747118,0.9227246245,0.9112069356,SOLD,NEW_SYNTHETIC,MARKET_SIM_V1,MARKET_SIMULATION_V1
TRADE_EA677F7E967DE607EC66,FUND_SYNTH_000505,MANAGER_SYNTH_00127,buyout,middle_market,2017,2024-12-31,2025-02-14,2025-02-28,USD,1273.59000000,1309.61000000,145.23000000,1.9217140000,0.9306250000,8.0000,0.5157320570,0.1108956101,7.1782479567,0.9762424744,0.9734375139,0.9598497816,SOLD,NEW_SYNTHETIC,MARKET_SIM_V1,MARKET_SIMULATION_V1
TRADE_6FFF0C2853F93B436C0D,FUND_SYNTH_000505,MANAGER_SYNTH_00127,buyout,middle_market,2017,2025-12-31,2026-02-14,2026-02-28,USD,995.48000000,1309.61000000,145.23000000,2.0238200000,1.2491520000,9.0000,0.3827753404,0.1108956101,7.1782479567,1.0324429405,0.9327035867,0.9681335490,SOLD,NEW_SYNTHETIC,MARKET_SIM_V1,MARKET_SIMULATION_V1
TRADE_0FD1CDA06169D949561D,FUND_SYNTH_000505,MANAGER_SYNTH_00127,buyout,middle_market,2017,2026-06-30,2026-08-14,2026-08-28,USD,421.00000000,1309.61000000,145.23000000,2.0736010000,1.7459850000,9.0000,0.1579938904,0.1108956101,7.1782479567,1.0115951380,0.9414844836,0.9630386320,SOLD,NEW_SYNTHETIC,MARKET_SIM_V1,MARKET_SIMULATION_V1
TRADE_CFB9895080E50151F43F,FUND_SYNTH_000513,MANAGER_SYNTH_00129,buyout,middle_market,2022,2023-12-31,2024-02-14,2024-02-28,USD,191.74000000,345.14000000,192.23000000,1.2539400000,0.0000000000,2.0000,1.0000000000,0.5569623921,5.8468433175,0.8069950829,0.7935698988,0.7762907810,SOLD,NEW_SYNTHETIC,MARKET_SIM_V1,MARKET_SIMULATION_V1
TRADE_CF72B299D455E5C249E5,FUND_SYNTH_000513,MANAGER_SYNTH_00129,buyout,middle_market,2022,2024-12-31,2025-02-14,2025-02-28,USD,242.15000000,345.14000000,174.09000000,1.4909880000,0.1010790000,3.0000,0.9322066523,0.5044040100,5.8468433175,0.9018523248,0.8862775992,0.8764170422,SOLD,NEW_SYNTHETIC,MARKET_SIM_V1,MARKET_SIMULATION_V1
TRADE_02A22532DFF3CF8DFE54,FUND_SYNTH_000513,MANAGER_SYNTH_00129,buyout,middle_market,2022,2025-12-31,2026-02-14,2026-02-28,USD,220.76000000,345.14000000,183.91000000,1.6813220000,0.4141890000,4.0000,0.7536528745,0.5328562323,5.8468433175,0.9219398557,0.8585503627,0.8751896718,SOLD,NEW_SYNTHETIC,MARKET_SIM_V1,MARKET_SIMULATION_V1
TRADE_F12777B7250EC3EC0754,FUND_SYNTH_000513,MANAGER_SYNTH_00129,buyout,middle_market,2022,2026-06-30,2026-08-14,2026-08-28,USD,220.48000000,345.14000000,186.71000000,1.7690850000,0.5035590000,4.0000,0.7153564128,0.5409688822,5.8468433175,0.9197848047,0.8495926150,0.8684055025,SOLD,NEW_SYNTHETIC,MARKET_SIM_V1,MARKET_SIMULATION_V1
TRADE_6965782F840D91183806,FUND_SYNTH_000514,MANAGER_SYNTH_00129,buyout,middle_market,2017,2023-12-31,2024-02-14,2024-02-28,USD,344.00000000,610.45000000,58.83000000,1.0482280000,0.4597110000,7.0000,0.5614401593,0.0963715292,6.4158331856,0.8671894816,0.8507988476,0.8499940054,SOLD,NEW_SYNTHETIC,MARKET_SIM_V1,MARKET_SIMULATION_V1
TRADE_065520EE17CF3ADD1402,FUND_SYNTH_000514,MANAGER_SYNTH_00129,buyout,middle_market,2017,2024-12-31,2025-02-14,2025-02-28,USD,251.80000000,610.45000000,58.83000000,1.0541980000,0.6234180000,8.0000,0.4086335605,0.0963715292,6.4158331856,0.9308642404,0.8841527207,0.8830358192,SOLD,NEW_SYNTHETIC,MARKET_SIM_V1,MARKET_SIMULATION_V1
TRADE_BA82DF011618EFCB06C8,FUND_SYNTH_000514,MANAGER_SYNTH_00129,buyout,middle_market,2017,2025-12-31,2026-02-14,2026-02-28,USD,96.55000000,610.45000000,58.83000000,1.0598100000,0.8946310000,9.0000,0.1558565248,0.0963715292,6.4158331856,0.9498577738,0.8710318352,0.9070046508,SOLD,NEW_SYNTHETIC,MARKET_SIM_V1,MARKET_SIMULATION_V1
TRADE_ABD8560F27430B983AE0,FUND_SYNTH_000514,MANAGER_SYNTH_00129,buyout,middle_market,2017,2026-06-30,2026-08-14,2026-08-28,USD,98.12000000,610.45000000,58.83000000,1.0624960000,0.8946310000,9.0000,0.1579905000,0.0963715292,6.4158331856,0.9562274723,0.8929508096,,WITHDRAWN,NEW_SYNTHETIC,MARKET_SIM_V1,MARKET_SIMULATION_V1
TRADE_95FA269B407150235180,FUND_SYNTH_000515,MANAGER_SYNTH_00129,buyout,middle_market,2020,2023-12-31,2024-02-14,2024-02-28,USD,655.97000000,741.65000000,231.27000000,1.4833710000,0.2577630000,4.0000,0.8262315317,0.3118317266,6.6102248705,0.8741386072,0.8106347385,0.8170181359,SOLD,NEW_SYNTHETIC,MARKET_SIM_V1,MARKET_SIMULATION_V1
TRADE_F6DB4762EA247676A0D0,FUND_SYNTH_000515,MANAGER_SYNTH_00129,buyout,middle_market,2020,2024-12-31,2025-02-14,2025-02-28,USD,596.42000000,741.65000000,254.14000000,1.6095620000,0.4952170000,5.0000,0.6923282297,0.3426683746,6.6102248705,0.9038733172,0.8435230016,0.8765587210,SOLD,NEW_SYNTHETIC,MARKET_SIM_V1,MARKET_SIMULATION_V1
TRADE_6389D3D7483F73499DD6,FUND_SYNTH_000515,MANAGER_SYNTH_00129,buyout,middle_market,2020,2025-12-31,2026-02-14,2026-02-28,USD,460.76000000,741.65000000,268.70000000,1.7267850000,0.8659060000,6.0000,0.4985447030,0.3623002764,6.6102248705,0.8653620305,0.8040185497,0.8385439518,SOLD,NEW_SYNTHETIC,MARKET_SIM_V1,MARKET_SIMULATION_V1
TRADE_87A571F6CF317D342BA0,FUND_SYNTH_000515,MANAGER_SYNTH_00129,buyout,middle_market,2020,2026-06-30,2026-08-14,2026-08-28,USD,490.89000000,741.65000000,268.70000000,1.7830800000,0.8659060000,6.0000,0.5143764277,0.3623002764,6.6102248705,0.9162020652,0.8250815729,0.8648091382,SOLD,NEW_SYNTHETIC,MARKET_SIM_V1,MARKET_SIMULATION_V1
TRADE_95D166DE40B54572D991,FUND_SYNTH_000518,MANAGER_SYNTH_00130,buyout,middle_market,2016,2023-12-31,2024-02-14,2024-02-28,USD,420.71000000,454.50000000,26.04000000,1.7653070000,0.8302920000,8.0000,0.5296613370,0.0572937294,6.1213957167,0.9145744583,0.9081444492,0.8916598881,SOLD,NEW_SYNTHETIC,MARKET_SIM_V1,MARKET_SIMULATION_V1
TRADE_928CE1245182BB7453CE,FUND_SYNTH_000518,MANAGER_SYNTH_00130,buyout,middle_market,2016,2024-12-31,2025-02-14,2025-02-28,USD,147.76000000,454.50000000,26.04000000,1.8446490000,1.5162570000,9.0000,0.1780240964,0.0572937294,6.1213957167,0.9715884677,0.9148004153,0.9374718594,SOLD,NEW_SYNTHETIC,MARKET_SIM_V1,MARKET_SIMULATION_V1
TRADE_C41ADE64BA55F92C6EA8,FUND_SYNTH_000518,MANAGER_SYNTH_00130,buyout,middle_market,2016,2025-12-31,2026-02-14,2026-02-28,USD,139.95000000,454.50000000,26.04000000,1.9216140000,1.6105790000,10.0000,0.1618611429,0.0572937294,6.1213957167,1.0166243271,0.9633283188,0.9650642539,SOLD,NEW_SYNTHETIC,MARKET_SIM_V1,MARKET_SIMULATION_V1
TRADE_1D5EB82445F03D9AA220,FUND_SYNTH_000518,MANAGER_SYNTH_00130,buyout,middle_market,2016,2026-06-30,2026-08-14,2026-08-28,USD,81.01000000,454.50000000,26.04000000,1.9593510000,1.7793090000,10.0000,0.0918887036,0.0572937294,6.1213957167,0.9964437941,0.9047289284,0.9492836564,SOLD,NEW_SYNTHETIC,MARKET_SIM_V1,MARKET_SIMULATION_V1
TRADE_1ECE51FFC65F808DD7E3,FUND_SYNTH_000521,MANAGER_SYNTH_00131,buyout,middle_market,2020,2023-12-31,2024-02-14,2024-02-28,USD,1021.69000000,893.37000000,251.46000000,1.6891660000,0.1366810000,4.0000,0.9190835162,0.2814735216,6.7961195598,0.8600826822,0.7848942113,0.8025674449,SOLD,NEW_SYNTHETIC,MARKET_SIM_V1,MARKET_SIMULATION_V1
TRADE_5A1F53BA9FF6D0197A36,FUND_SYNTH_000521,MANAGER_SYNTH_00131,buyout,middle_market,2020,2024-12-31,2025-02-14,2025-02-28,USD,927.38000000,893.37000000,288.14000000,1.8555390000,0.4463610000,5.0000,0.7594441214,0.3225315379,6.7961195598,0.9262947497,0.8736317254,0.8819126116,SOLD,NEW_SYNTHETIC,MARKET_SIM_V1,MARKET_SIMULATION_V1
TRADE_D2A50DF446F16F394DE7,FUND_SYNTH_000521,MANAGER_SYNTH_00131,buyout,middle_market,2020,2025-12-31,2026-02-14,2026-02-28,USD,882.15000000,893.37000000,305.62000000,2.0106210000,0.6701720000,6.0000,0.6666843008,0.3420978990,6.7961195598,0.9510694639,0.8908128783,0.9088701430,SOLD,NEW_SYNTHETIC,MARKET_SIM_V1,MARKET_SIMULATION_V1
TRADE_AF284FD23D7BE6CD0BD0,FUND_SYNTH_000521,MANAGER_SYNTH_00131,buyout,middle_market,2020,2026-06-30,2026-08-14,2026-08-28,USD,705.88000000,893.37000000,305.62000000,2.0852300000,1.0126270000,6.0000,0.5143810711,0.3420978990,6.7961195598,0.9668076163,0.9124525972,0.9264843516,SOLD,NEW_SYNTHETIC,MARKET_SIM_V1,MARKET_SIMULATION_V1
TRADE_533824ACDDAC57CD0C03,FUND_SYNTH_000523,MANAGER_SYNTH_00131,buyout,middle_market,2013,2023-12-31,2024-02-14,2024-02-28,USD,1050.25000000,1151.90000000,222.92000000,2.0067620000,0.9531300000,11.0000,0.5250409934,0.1935237434,7.0500357862,0.8828552675,0.8021553975,0.8457925544,SOLD,NEW_SYNTHETIC,MARKET_SIM_V1,MARKET_SIMULATION_V1
TRADE_49314846C29748121F63,FUND_SYNTH_000523,MANAGER_SYNTH_00131,buyout,middle_market,2013,2024-12-31,2025-02-14,2025-02-28,USD,617.24000000,1151.90000000,222.92000000,2.0849330000,1.4657050000,12.0000,0.2970013088,0.1935237434,7.0500357862,0.9440825210,0.9194158762,0.9249537451,SOLD,NEW_SYNTHETIC,MARKET_SIM_V1,MARKET_SIMULATION_V1
TRADE_647981A2837545506EB2,FUND_SYNTH_000523,MANAGER_SYNTH_00131,buyout,middle_market,2013,2025-12-31,2026-02-14,2026-02-28,USD,197.97000000,1151.90000000,222.92000000,2.1613580000,1.9627500000,13.0000,0.0918901607,0.1935237434,7.0500357862,0.9650156434,0.9306983410,0.9430650798,SOLD,NEW_SYNTHETIC,MARKET_SIM_V1,MARKET_SIMULATION_V1
TRADE_647981A2837545506EB2,FUND_SYNTH_000523,MANAGER_SYNTH_00131,buyout,middle_market,2013,2025-12-31,2026-02-14,2026-02-28,USD,197.97000000,1151.90000000,222.92000000,2.1613580000,1.9627500000,13.0000,0.0918901607,0.1935237434,7.0500357862,0.9462307637,0.8833044997,0.9272732709,SOLD,NEW_SYNTHETIC,MARKET_SIM_V1,MARKET_SIMULATION_V1
TRADE_2B2F0F1DFB69928CDB89,FUND_SYNTH_000534,MANAGER_SYNTH_00134,buyout,middle_market,2024,2024-12-31,2025-02-14,2025-02-28,USD,185.58000000,497.76000000,310.68000000,0.9919820000,0.0000000000,1.0000,1.0000000000,0.6241562199,6.2121250181,0.8319205649,0.8053673332,0.7902907473,SOLD,NEW_SYNTHETIC,MARKET_SIM_V1,MARKET_SIMULATION_V1
TRADE_21C6452A553D9A664374,FUND_SYNTH_000534,MANAGER_SYNTH_00134,buyout,middle_market,2024,2025-12-31,2026-02-14,2026-02-28,USD,266.24000000,497.76000000,243.12000000,1.0972050000,0.0636650000,2.0000,0.9419756581,0.4884281581,6.2121250181,0.8424780608,0.7870820202,,UNSOLD,NEW_SYNTHETIC,MARKET_SIM_V1,MARKET_SIMULATION_V1
TRADE_244B636304BAC65902D2,FUND_SYNTH_000534,MANAGER_SYNTH_00134,buyout,middle_market,2024,2026-06-30,2026-08-14,2026-08-28,USD,255.26000000,497.76000000,246.51000000,1.1276400000,0.1367240000,2.0000,0.8787524098,0.4952386692,6.2121250181,0.8855200770,0.8318074993,0.8265758627,SOLD,NEW_SYNTHETIC,MARKET_SIM_V1,MARKET_SIMULATION_V1
TRADE_9E13F8B922519623C7E5,FUND_SYNTH_000536,MANAGER_SYNTH_00134,buyout,middle_market,2013,2023-12-31,2024-02-14,2024-02-28,USD,599.22000000,495.72000000,81.95000000,2.0544540000,0.6718200000,11.0000,0.6729935533,0.1653150972,6.2080264871,0.8641633842,0.8167971972,0.8450952631,SOLD,NEW_SYNTHETIC,MARKET_SIM_V1,MARKET_SIMULATION_V1
TRADE_204164AB456ECE1B83CE,FUND_SYNTH_000536,MANAGER_SYNTH_00134,buyout,middle_market,2013,2024-12-31,2025-02-14,2025-02-28,USD,425.40000000,495.72000000,81.95000000,2.1361360000,1.1545720000,12.0000,0.4595044179,0.1653150972,6.2080264871,0.8967369736,0.8648248836,0.8737577615,SOLD,NEW_SYNTHETIC,MARKET_SIM_V1,MARKET_SIMULATION_V1
TRADE_C98871E0697C9D20904C,FUND_SYNTH_000536,MANAGER_SYNTH_00134,buyout,middle_market,2013,2025-12-31,2026-02-14,2026-02-28,USD,88.26000000,495.72000000,81.95000000,2.2161100000,2.0124600000,13.0000,0.0918953813,0.1653150972,6.2080264871,0.9884016499,0.9118576848,0.9431842070,SOLD,NEW_SYNTHETIC,MARKET_SIM_V1,MARKET_SIMULATION_V1
TRADE_C98871E0697C9D20904C,FUND_SYNTH_000536,MANAGER_SYNTH_00134,buyout,middle_market,2013,2025-12-31,2026-02-14,2026-02-28,USD,88.26000000,495.72000000,81.95000000,2.2161100000,2.0124600000,13.0000,0.0918953813,0.1653150972,6.2080264871,0.9659581282,0.9540627179,0.9438807726,SOLD,NEW_SYNTHETIC,MARKET_SIM_V1,MARKET_SIMULATION_V1
TRADE_DF147A4A9EF9633C17DF,FUND_SYNTH_000542,MANAGER_SYNTH_00136,buyout,middle_market,2016,2023-12-31,2024-02-14,2024-02-28,USD,324.20000000,603.85000000,68.95000000,1.1263710000,0.5536100000,8.0000,0.5085011607,0.1141839861,6.4049804934,0.8902707193,0.8175292533,0.8339092328,SOLD,NEW_SYNTHETIC,MARKET_SIM_V1,MARKET_SIMULATION_V1
TRADE_3FB134C354AA011F5784,FUND_SYNTH_000542,MANAGER_SYNTH_00136,buyout,middle_market,2016,2024-12-31,2025-02-14,2025-02-28,USD,288.56000000,603.85000000,68.95000000,1.1393390000,0.6295430000,9.0000,0.4474492169,0.1141839861,6.4049804934,0.9101205414,0.8761012171,0.8911097302,SOLD,NEW_SYNTHETIC,MARKET_SIM_V1,MARKET_SIMULATION_V1
TRADE_12F269A003FEF6F4CE4F,FUND_SYNTH_000542,MANAGER_SYNTH_00136,buyout,middle_market,2016,2025-12-31,2026-02-14,2026-02-28,USD,145.39000000,603.85000000,68.95000000,1.1518120000,0.8949530000,10.0000,0.2230044788,0.1141839861,6.4049804934,0.9536813910,0.8895869974,0.8996051431,SOLD,NEW_SYNTHETIC,MARKET_SIM_V1,MARKET_SIMULATION_V1
TRADE_2CCC28A45B21EE822B17,FUND_SYNTH_000542,MANAGER_SYNTH_00136,buyout,middle_market,2016,2026-06-30,2026-08-14,2026-08-28,USD,60.23000000,603.85000000,68.95000000,1.1579240000,1.0515170000,10.0000,0.0918952733,0.1141839861,6.4049804934,0.9725929415,0.9045079012,0.9382203519,SOLD,NEW_SYNTHETIC,MARKET_SIM_V1,MARKET_SIMULATION_V1
TRADE_81DC7CB4F3F769C92029,FUND_SYNTH_000547,MANAGER_SYNTH_00137,buyout,middle_market,2018,2023-12-31,2024-02-14,2024-02-28,USD,523.42000000,540.37000000,71.79000000,1.3295200000,0.2659610000,6.0000,0.7999572068,0.1328534153,6.2941029637,0.8320453301,0.7906154780,,WITHDRAWN,NEW_SYNTHETIC,MARKET_SIM_V1,MARKET_SIMULATION_V1
TRADE_A15450DC68D7331D80E3,FUND_SYNTH_000547,MANAGER_SYNTH_00137,buyout,middle_market,2018,2024-12-31,2025-02-14,2025-02-28,USD,411.02000000,540.37000000,71.79000000,1.3810090000,0.5458410000,7.0000,0.6047524461,0.1328534153,6.2941029637,0.9316706016,0.8587831665,0.9007310403,SOLD,NEW_SYNTHETIC,MARKET_SIM_V1,MARKET_SIMULATION_V1
TRADE_39F0D72A576D0AADF92A,FUND_SYNTH_000547,MANAGER_SYNTH_00137,buyout,middle_market,2018,2025-12-31,2026-02-14,2026-02-28,USD,260.91000000,540.37000000,71.79000000,1.4301220000,0.8999670000,8.0000,0.3707055781,0.1328534153,6.2941029637,0.9701402519,0.9155388958,0.9070239547,SOLD,NEW_SYNTHETIC,MARKET_SIM_V1,MARKET_SIMULATION_V1
TRADE_77D734CE0345B07F3D65,FUND_SYNTH_000547,MANAGER_SYNTH_00137,buyout,middle_market,2018,2026-06-30,2026-08-14,2026-08-28,USD,202.81000000,540.37000000,71.79000000,1.4539970000,1.0418990000,8.0000,0.2834244029,0.1328534153,6.2941029637,0.9359464149,0.8513673530,0.8899864624,SOLD,NEW_SYNTHETIC,MARKET_SIM_V1,MARKET_SIMULATION_V1
TRADE_756233B406A0058B1E92,FUND_SYNTH_000548,MANAGER_SYNTH_00137,buyout,middle_market,2015,2023-12-31,2024-02-14,2024-02-28,USD,398.95000000,531.93000000,22.88000000,1.1623970000,0.4048160000,9.0000,0.6517406433,0.0430131784,6.2783900835,0.8734981960,0.8292911932,0.8213588764,SOLD,NEW_SYNTHETIC,MARKET_SIM_V1,MARKET_SIMULATION_V1
TRADE_367356211EAC71E102A3,FUND_SYNTH_000548,MANAGER_SYNTH_00137,buyout,middle_market,2015,2024-12-31,2025-02-14,2025-02-28,USD,291.13000000,531.93000000,22.88000000,1.1786900000,0.6258520000,10.0000,0.4690274041,0.0430131784,6.2783900835,0.9618217477,0.8978948120,,UNSOLD,NEW_SYNTHETIC,MARKET_SIM_V1,MARKET_SIMULATION_V1
TRADE_9937DB582A264BC0C3E2,FUND_SYNTH_000548,MANAGER_SYNTH_00137,buyout,middle_market,2015,2025-12-31,2026-02-14,2026-02-28,USD,182.68000000,531.93000000,22.88000000,1.1943370000,0.8474390000,11.0000,0.2904523412,0.0430131784,6.2783900835,0.9311163370,0.8820188692,0.8775104421,SOLD,NEW_SYNTHETIC,MARKET_SIM_V1,MARKET_SIMULATION_V1
TRADE_450BBF905BB0AFE1CD76,FUND_SYNTH_000548,MANAGER_SYNTH_00137,buyout,middle_market,2015,2026-06-30,2026-08-14,2026-08-28,USD,58.16000000,531.93000000,22.88000000,1.2019520000,1.0915100000,11.0000,0.0918857432,0.0430131784,6.2783900835,0.9527676673,0.8962965793,0.8906340518,SOLD,NEW_SYNTHETIC,MARKET_SIM_V1,MARKET_SIMULATION_V1
TRADE_0180C36B50706A263B4F,FUND_SYNTH_000551,MANAGER_SYNTH_00138,buyout,middle_market,2022,2023-12-31,2024-02-14,2024-02-28,USD,493.01000000,637.42000000,266.63000000,1.3296210000,0.0000000000,2.0000,1.0000000000,0.4182956293,6.4589963740,0.8278319884,0.7595029844,0.7903591523,SOLD,NEW_SYNTHETIC,MARKET_SIM_V1,MARKET_SIMULATION_V1
TRADE_57DEC9BDB2FAD49C248A,FUND_SYNTH_000551,MANAGER_SYNTH_00138,buyout,middle_market,2022,2024-12-31,2025-02-14,2025-02-28,USD,518.33000000,637.42000000,272.85000000,1.4910870000,0.0931790000,3.0000,0.9375090436,0.4280537165,6.4589963740,0.8463602966,0.8220296160,0.8241006036,SOLD,NEW_SYNTHETIC,MARKET_SIM_V1,MARKET_SIMULATION_V1
TRADE_813ABCC07C865895BAA2,FUND_SYNTH_000551,MANAGER_SYNTH_00138,buyout,middle_market,2022,2025-12-31,2026-02-14,2026-02-28,USD,498.00000000,637.42000000,285.78000000,1.6299790000,0.2869010000,4.0000,0.8239849102,0.4483386150,6.4589963740,0.8705060335,0.8401823593,0.8478784984,SOLD,NEW_SYNTHETIC,MARKET_SIM_V1,MARKET_SIMULATION_V1
TRADE_C84C6271EC6B65759123,FUND_SYNTH_000551,MANAGER_SYNTH_00138,buyout,middle_market,2022,2026-06-30,2026-08-14,2026-08-28,USD,449.63000000,637.42000000,298.83000000,1.6951100000,0.4824830000,4.0000,0.7153676038,0.4688117725,6.4589963740,0.9103835090,0.8427695582,0.8659653578,SOLD,NEW_SYNTHETIC,MARKET_SIM_V1,MARKET_SIMULATION_V1
TRADE_012D1E1B5B6F8C1540A0,FUND_SYNTH_000559,MANAGER_SYNTH_00140,buyout,middle_market,2023,2023-12-31,2024-02-14,2024-02-28,USD,261.42000000,461.91000000,223.45000000,1.0962840000,0.0000000000,1.0000,1.0000000000,0.4837522461,6.1375326507,0.8245760937,0.7651373643,0.8014973279,SOLD,NEW_SYNTHETIC,MARKET_SIM_V1,MARKET_SIMULATION_V1
TRADE_595CA06590BF2E3B6AA3,FUND_SYNTH_000559,MANAGER_SYNTH_00140,buyout,middle_market,2023,2024-12-31,2025-02-14,2025-02-28,USD,335.59000000,461.91000000,191.84000000,1.2610330000,0.0237440000,2.0000,0.9811712423,0.4153190015,6.1375326507,0.8504242399,0.7598857178,0.7963154170,SOLD,NEW_SYNTHETIC,MARKET_SIM_V1,MARKET_SIMULATION_V1
TRADE_9BB50F67B19F9C832DF6,FUND_SYNTH_000559,MANAGER_SYNTH_00140,buyout,middle_market,2023,2025-12-31,2026-02-14,2026-02-28,USD,320.97000000,461.91000000,200.28000000,1.3800460000,0.1966600000,3.0000,0.8574977959,0.4335909593,6.1375326507,0.8653198768,0.8301511235,0.8272873222,SOLD,NEW_SYNTHETIC,MARKET_SIM_V1,MARKET_SIMULATION_V1
TRADE_F5AEB81EE9ACC70F4E19,FUND_SYNTH_000559,MANAGER_SYNTH_00140,buyout,middle_market,2023,2026-06-30,2026-08-14,2026-08-28,USD,311.98000000,461.91000000,204.51000000,1.4335800000,0.2833390000,3.0000,0.8023557853,0.4427485874,6.1375326507,0.8917721134,0.8800881272,0.8665369454,SOLD,NEW_SYNTHETIC,MARKET_SIM_V1,MARKET_SIMULATION_V1
TRADE_F4F0201A55516626D613,FUND_SYNTH_000579,MANAGER_SYNTH_00145,buyout,middle_market,2019,2023-12-31,2024-02-14,2024-02-28,USD,642.32000000,708.62000000,132.06000000,1.3219590000,0.2600270000,5.0000,0.8033016508,0.1863622252,6.5647296155,0.8555198827,0.8047317867,,UNSOLD,NEW_SYNTHETIC,MARKET_SIM_V1,MARKET_SIMULATION_V1
TRADE_E2D17F7455DDA9E1A92E,FUND_SYNTH_000579,MANAGER_SYNTH_00145,buyout,middle_market,2019,2024-12-31,2025-02-14,2025-02-28,USD,537.76000000,708.62000000,132.06000000,1.3815100000,0.4924450000,6.0000,0.6435461095,0.1863622252,6.5647296155,0.9194595462,0.8750229111,0.8817474570,SOLD,NEW_SYNTHETIC,MARKET_SIM_V1,MARKET_SIMULATION_V1
TRADE_8A68BC5C4BBE0001C950,FUND_SYNTH_000579,MANAGER_SYNTH_00145,buyout,middle_market,2019,2025-12-31,2026-02-14,2026-02-28,USD,499.17000000,708.62000000,132.06000000,1.4377210000,0.6124560000,7.0000,0.5740093374,0.1863622252,6.5647296155,0.9719100504,0.9224113662,0.9370050612,SOLD,NEW_SYNTHETIC,MARKET_SIM_V1,MARKET_SIMULATION_V1
TRADE_2823144BE39BD14760B2,FUND_SYNTH_000579,MANAGER_SYNTH_00145,buyout,middle_market,2019,2026-06-30,2026-08-14,2026-08-28,USD,356.53000000,708.62000000,132.06000000,1.4649180000,0.8754750000,7.0000,0.4023722731,0.1863622252,6.5647296155,0.9308870230,0.8602993080,0.8999943322,SOLD,NEW_SYNTHETIC,MARKET_SIM_V1,MARKET_SIMULATION_V1
TRADE_48152E440C79F3D273D2,FUND_SYNTH_000580,MANAGER_SYNTH_00145,buyout,middle_market,2017,2023-12-31,2024-02-14,2024-02-28,USD,174.54000000,279.14000000,30.42000000,1.1724660000,0.5311750000,7.0000,0.5469587290,0.1089775740,5.6352894782,0.8759182074,0.8194008175,0.8572112788,SOLD,NEW_SYNTHETIC,MARKET_SIM_V1,MARKET_SIMULATION_V1
TRADE_DBFF3A3B6836AFD1E781,FUND_SYNTH_000580,MANAGER_SYNTH_00145,buyout,middle_market,2017,2024-12-31,2025-02-14,2025-02-28,USD,133.03000000,279.14000000,30.42000000,1.1957970000,0.7070210000,8.0000,0.4087445462,0.1089775740,5.6352894782,0.8900099282,0.8539166587,0.8581600949,SOLD,NEW_SYNTHETIC,MARKET_SIM_V1,MARKET_SIMULATION_V1
TRADE_B9624B0B36341755EB34,FUND_SYNTH_000580,MANAGER_SYNTH_00145,buyout,middle_market,2017,2025-12-31,2026-02-14,2026-02-28,USD,117.50000000,279.14000000,30.42000000,1.2178050000,0.7860900000,9.0000,0.3545029416,0.1089775740,5.6352894782,0.9907567639,0.9328073318,0.9384301014,SOLD,NEW_SYNTHETIC,MARKET_SIM_V1,MARKET_SIMULATION_V1
TRADE_1277416F26C9A382AC41,FUND_SYNTH_000580,MANAGER_SYNTH_00145,buyout,middle_market,2017,2026-06-30,2026-08-14,2026-08-28,USD,52.83000000,279.14000000,30.42000000,1.2284970000,1.0343900000,9.0000,0.1580033497,0.1089775740,5.6352894782,0.9196213489,0.9018274641,,WITHDRAWN,NEW_SYNTHETIC,MARKET_SIM_V1,MARKET_SIMULATION_V1
TRADE_322CDA843C098BE33F0F,FUND_SYNTH_000582,MANAGER_SYNTH_00146,buyout,middle_market,2017,2023-12-31,2024-02-14,2024-02-28,USD,579.45000000,1061.30000000,172.13000000,1.0700140000,0.4558840000,7.0000,0.5739458592,0.1621878828,6.9681916478,0.8849859724,0.8383477386,0.8691706993,SOLD,NEW_SYNTHETIC,MARKET_SIM_V1,MARKET_SIMULATION_V1
TRADE_C14086358EAC7D204317,FUND_SYNTH_000582,MANAGER_SYNTH_00146,buyout,middle_market,2017,2024-12-31,2025-02-14,2025-02-28,USD,463.49000000,1061.30000000,172.13000000,1.0801140000,0.5888840000,8.0000,0.4547943324,0.1621878828,6.9681916478,0.9475353804,0.8594485554,0.8857024594,SOLD,NEW_SYNTHETIC,MARKET_SIM_V1,MARKET_SIMULATION_V1
TRADE_6A479156B4509EDC8ACA,FUND_SYNTH_000582,MANAGER_SYNTH_00146,buyout,middle_market,2017,2025-12-31,2026-02-14,2026-02-28,USD,352.07000000,1061.30000000,172.13000000,1.0891330000,0.7159920000,9.0000,0.3426038555,0.1621878828,6.9681916478,0.9532257550,0.8811462909,0.9221705845,SOLD,NEW_SYNTHETIC,MARKET_SIM_V1,MARKET_SIMULATION_V1
TRADE_4387E78C930874E6D864,FUND_SYNTH_000582,MANAGER_SYNTH_00146,buyout,middle_market,2017,2026-06-30,2026-08-14,2026-08-28,USD,162.99000000,1061.30000000,172.13000000,1.0933830000,0.9206380000,9.0000,0.1579911597,0.1621878828,6.9681916478,0.9211601275,0.8991533425,0.8921902077,SOLD,NEW_SYNTHETIC,MARKET_SIM_V1,MARKET_SIMULATION_V1
TRADE_8159ABC7A1D61FED2671,FUND_SYNTH_000585,MANAGER_SYNTH_00147,buyout,middle_market,2023,2023-12-31,2024-02-14,2024-02-28,USD,184.96000000,517.68000000,326.18000000,0.9658490000,0.0000000000,1.0000,1.0000000000,0.6300803585,6.2512871227,0.8029842023,0.7317788484,0.7567781180,SOLD,NEW_SYNTHETIC,MARKET_SIM_V1,MARKET_SIMULATION_V1
TRADE_7710E8B6D4AD333AF3ED,FUND_SYNTH_000585,MANAGER_SYNTH_00147,buyout,middle_market,2023,2024-12-31,2025-02-14,2025-02-28,USD,276.62000000,517.68000000,241.23000000,1.0153960000,0.0180280000,2.0000,0.9822455791,0.4659828465,6.2512871227,0.7870808723,0.7819483259,,WITHDRAWN,NEW_SYNTHETIC,MARKET_SIM_V1,MARKET_SIMULATION_V1
TRADE_691C1E55587E85FCF0FF,FUND_SYNTH_000585,MANAGER_SYNTH_00147,buyout,middle_market,2023,2025-12-31,2026-02-14,2026-02-28,USD,244.28000000,517.68000000,247.86000000,1.0316570000,0.1508920000,3.0000,0.8537378115,0.4787899861,6.2512871227,0.8630969018,0.8351669093,0.8374484927,SOLD,NEW_SYNTHETIC,MARKET_SIM_V1,MARKET_SIMULATION_V1
TRADE_AEEAC3FA3E7236974DEE,FUND_SYNTH_000585,MANAGER_SYNTH_00147,buyout,middle_market,2023,2026-06-30,2026-08-14,2026-08-28,USD,230.86000000,517.68000000,250.56000000,1.0373900000,0.2050120000,3.0000,0.8023773113,0.4840055633,6.2512871227,0.8452562712,0.7881250575,0.8191156385,SOLD,NEW_SYNTHETIC,MARKET_SIM_V1,MARKET_SIMULATION_V1
TRADE_FDFDF7DD353FE04E385F,FUND_SYNTH_000604,MANAGER_SYNTH_00151,buyout,middle_market,2024,2024-12-31,2025-02-14,2025-02-28,USD,231.52000000,586.78000000,371.15000000,1.0736910000,0.0000000000,1.0000,1.0000000000,0.6325198541,6.3763527282,0.8074255327,0.7950402777,0.7782414829,SOLD,NEW_SYNTHETIC,MARKET_SIM_V1,MARKET_SIMULATION_V1
TRADE_398DEEEE40EAB690B0FE,FUND_SYNTH_000604,MANAGER_SYNTH_00151,buyout,middle_market,2024,2025-12-31,2026-02-14,2026-02-28,USD,284.71000000,586.78000000,331.21000000,1.2402680000,0.1578850000,2.0000,0.8727010790,0.5644534579,6.3763527282,0.9217248711,0.8398212756,0.8586306326,SOLD,NEW_SYNTHETIC,MARKET_SIM_V1,MARKET_SIMULATION_V1
TRADE_009338CC76ECBECF328D,FUND_SYNTH_000604,MANAGER_SYNTH_00151,buyout,middle_market,2024,2026-06-30,2026-08-14,2026-08-28,USD,300.96000000,586.78000000,331.21000000,1.3020450000,0.1578850000,2.0000,0.8787409851,0.5644534579,6.3763527282,0.8982976402,0.8419294319,0.8704335410,SOLD,NEW_SYNTHETIC,MARKET_SIM_V1,MARKET_SIMULATION_V1
TRADE_620A0063FC353CF07E6F,FUND_SYNTH_000617,MANAGER_SYNTH_00155,buyout,middle_market,2017,2023-12-31,2024-02-14,2024-02-28,USD,443.81000000,449.08000000,98.60000000,1.8774330000,0.7118730000,7.0000,0.6208261642,0.2195599893,6.1094253447,0.8896250342,0.8378808790,0.8734764357,SOLD,NEW_SYNTHETIC,MARKET_SIM_V1,MARKET_SIMULATION_V1
TRADE_08D13C86001E7D205F13,FUND_SYNTH_000617,MANAGER_SYNTH_00155,buyout,middle_market,2017,2024-12-31,2025-02-14,2025-02-28,USD,487.20000000,449.08000000,98.60000000,1.9913860000,0.7118730000,8.0000,0.6425236726,0.2195599893,6.1094253447,0.9683629246,0.8937340146,0.9097457379,SOLD,NEW_SYNTHETIC,MARKET_SIM_V1,MARKET_SIMULATION_V1
TRADE_90F1ACED16D8EC540194,FUND_SYNTH_000617,MANAGER_SYNTH_00155,buyout,middle_market,2017,2025-12-31,2026-02-14,2026-02-28,USD,263.46000000,449.08000000,98.60000000,2.1010060000,1.4090920000,9.0000,0.3293250000,0.2195599893,6.1094253447,0.9748432548,0.9419573677,0.9416884576,SOLD,NEW_SYNTHETIC,MARKET_SIM_V1,MARKET_SIMULATION_V1
TRADE_B5ED741243CB4E272C9F,FUND_SYNTH_000617,MANAGER_SYNTH_00155,buyout,middle_market,2017,2026-06-30,2026-08-14,2026-08-28,USD,129.61000000,449.08000000,98.60000000,2.1544760000,1.8140870000,9.0000,0.1579916134,0.2195599893,6.1094253447,1.0054933178,0.9386027487,0.9535461120,SOLD,NEW_SYNTHETIC,MARKET_SIM_V1,MARKET_SIMULATION_V1
TRADE_5AC8CB29BA55C2594A66,FUND_SYNTH_000631,MANAGER_SYNTH_00158,buyout,middle_market,2016,2023-12-31,2024-02-14,2024-02-28,USD,293.16000000,412.11000000,36.94000000,1.5719810000,0.8500540000,8.0000,0.4592464949,0.0896362622,6.0237139013,0.9325428901,0.8778947843,0.8694435675,SOLD,NEW_SYNTHETIC,MARKET_SIM_V1,MARKET_SIMULATION_V1
TRADE_AA54C3D0374893CF2EE5,FUND_SYNTH_000631,MANAGER_SYNTH_00158,buyout,middle_market,2016,2024-12-31,2025-02-14,2025-02-28,USD,205.06000000,412.11000000,36.94000000,1.6320180000,1.1270440000,9.0000,0.3094171080,0.0896362622,6.0237139013,0.9509403941,0.8745578453,0.9048170185,SOLD,NEW_SYNTHETIC,MARKET_SIM_V1,MARKET_SIMULATION_V1
TRADE_CAEDAC2F5625D87177EA,FUND_SYNTH_000631,MANAGER_SYNTH_00158,buyout,middle_market,2016,2025-12-31,2026-02-14,2026-02-28,USD,127.60000000,412.11000000,36.94000000,1.6899380000,1.3757140000,10.0000,0.1859380692,0.0896362622,6.0237139013,1.0109724793,0.9523605962,0.9527388078,SOLD,NEW_SYNTHETIC,MARKET_SIM_V1,MARKET_SIMULATION_V1
TRADE_148F6A49934105F47A24,FUND_SYNTH_000631,MANAGER_SYNTH_00158,buyout,middle_market,2016,2026-06-30,2026-08-14,2026-08-28,USD,64.12000000,412.11000000,36.94000000,1.7182820000,1.5603820000,10.0000,0.0918940610,0.0896362622,6.0237139013,0.9704763871,0.9354699924,0.9548881777,SOLD,NEW_SYNTHETIC,MARKET_SIM_V1,MARKET_SIMULATION_V1
TRADE_2BBDC555DB8C1F101104,FUND_SYNTH_000634,MANAGER_SYNTH_00159,buyout,middle_market,2013,2023-12-31,2024-02-14,2024-02-28,USD,135.64000000,277.42000000,36.54000000,1.2084490000,0.6643000000,11.0000,0.4502871560,0.1317136472,5.6291307650,0.8280099584,0.7680420371,0.8098289381,SOLD,NEW_SYNTHETIC,MARKET_SIM_V1,MARKET_SIMULATION_V1
TRADE_39C3F5691A81779148C2,FUND_SYNTH_000634,MANAGER_SYNTH_00159,buyout,middle_market,2013,2024-12-31,2025-02-14,2025-02-28,USD,116.99000000,277.42000000,36.54000000,1.2236130000,0.7542830000,12.0000,0.3835611947,0.1317136472,5.6291307650,0.8842437704,0.8475007424,0.8553289064,SOLD,NEW_SYNTHETIC,MARKET_SIM_V1,MARKET_SIMULATION_V1
TRADE_27598DF1FC097F3AEC0C,FUND_SYNTH_000634,MANAGER_SYNTH_00159,buyout,middle_market,2013,2025-12-31,2026-02-14,2026-02-28,USD,28.37000000,277.42000000,36.54000000,1.2384560000,1.1246440000,13.0000,0.0918985456,0.1317136472,5.6291307650,0.9158655273,0.8310774794,0.8578931523,SOLD,NEW_SYNTHETIC,MARKET_SIM_V1,MARKET_SIMULATION_V1
TRADE_27598DF1FC097F3AEC0C,FUND_SYNTH_000634,MANAGER_SYNTH_00159,buyout,middle_market,2013,2025-12-31,2026-02-14,2026-02-28,USD,28.37000000,277.42000000,36.54000000,1.2384560000,1.1246440000,13.0000,0.0918985456,0.1317136472,5.6291307650,0.9814016020,0.9084435703,0.9255262671,SOLD,NEW_SYNTHETIC,MARKET_SIM_V1,MARKET_SIMULATION_V1
TRADE_F4DD2D7B97DB21935025,FUND_SYNTH_000636,MANAGER_SYNTH_00159,buyout,middle_market,2016,2023-12-31,2024-02-14,2024-02-28,USD,116.83000000,324.66000000,65.23000000,1.5039300000,1.1029350000,8.0000,0.2666316726,0.2009178833,5.7858538923,0.8929347277,0.8671078133,0.8704729134,SOLD,NEW_SYNTHETIC,MARKET_SIM_V1,MARKET_SIMULATION_V1
TRADE_3211C9AA9FF8FC447A97,FUND_SYNTH_000636,MANAGER_SYNTH_00159,buyout,middle_market,2016,2024-12-31,2025-02-14,2025-02-28,USD,85.95000000,324.66000000,65.23000000,1.5605630000,1.2655570000,9.0000,0.1890382035,0.2009178833,5.7858538923,1.0199194569,0.9258967646,0.9675811838,SOLD,NEW_SYNTHETIC,MARKET_SIM_V1,MARKET_SIMULATION_V1
TRADE_0D6DF08C55A9A2E223BC,FUND_SYNTH_000636,MANAGER_SYNTH_00159,buyout,middle_market,2016,2025-12-31,2026-02-14,2026-02-28,USD,36.19000000,324.66000000,65.23000000,1.6151020000,1.4908870000,10.0000,0.0769083645,0.2009178833,5.7858538923,0.9939937022,0.9201848994,0.9494257102,SOLD,NEW_SYNTHETIC,MARKET_SIM_V1,MARKET_SIMULATION_V1
TRADE_A154603BD1341B2D2FBB,FUND_SYNTH_000636,MANAGER_SYNTH_00159,buyout,middle_market,2016,2026-06-30,2026-08-14,2026-08-28,USD,43.95000000,324.66000000,65.23000000,1.6417370000,1.4908870000,10.0000,0.0918840943,0.2009178833,5.7858538923,1.0187347231,0.9572048144,0.9630834657,SOLD,NEW_SYNTHETIC,MARKET_SIM_V1,MARKET_SIMULATION_V1
TRADE_4BD50655E185AE311FEC,FUND_SYNTH_000639,MANAGER_SYNTH_00160,buyout,middle_market,2020,2023-12-31,2024-02-14,2024-02-28,USD,853.12000000,792.17000000,289.10000000,1.8192580000,0.1776640000,4.0000,0.9023427997,0.3649469180,6.6760375744,0.8351105199,0.7840110413,0.8187518208,SOLD,NEW_SYNTHETIC,MARKET_SIM_V1,MARKET_SIMULATION_V1
TRADE_C1E41A1FF1A73B0076B4,FUND_SYNTH_000639,MANAGER_SYNTH_00160,buyout,middle_market,2020,2024-12-31,2025-02-14,2025-02-28,USD,707.69000000,792.17000000,333.55000000,2.0146050000,0.6528510000,5.0000,0.6759410489,0.4210586112,6.6760375744,0.9531266678,0.9219840800,0.9187794974,SOLD,NEW_SYNTHETIC,MARKET_SIM_V1,MARKET_SIMULATION_V1
TRADE_4F83811E91829DF30DE6,FUND_SYNTH_000639,MANAGER_SYNTH_00160,buyout,middle_market,2020,2025-12-31,2026-02-14,2026-02-28,USD,565.23000000,792.17000000,352.47000000,2.1978100000,1.1101810000,6.0000,0.4948694602,0.4449423735,6.6760375744,0.9109610301,0.8776859026,0.8891424601,SOLD,NEW_SYNTHETIC,MARKET_SIM_V1,MARKET_SIMULATION_V1
TRADE_2276911B9C322FB3E276,FUND_SYNTH_000639,MANAGER_SYNTH_00160,buyout,middle_market,2020,2026-06-30,2026-08-14,2026-08-28,USD,611.12000000,792.17000000,352.47000000,2.2861130000,1.1101810000,6.0000,0.5143804658,0.4449423735,6.6760375744,0.9304821739,0.8679792450,0.9099494644,SOLD,NEW_SYNTHETIC,MARKET_SIM_V1,MARKET_SIMULATION_V1
TRADE_9BCD3D5DD3C16798A315,FUND_SYNTH_000640,MANAGER_SYNTH_00160,buyout,middle_market,2024,2024-12-31,2025-02-14,2025-02-28,USD,574.29000000,1230.43000000,650.71000000,0.9948470000,0.0051360000,1.0000,0.9948377709,0.5288476386,7.1159313747,0.8417219128,0.7846976550,0.7965121125,SOLD,NEW_SYNTHETIC,MARKET_SIM_V1,MARKET_SIMULATION_V1
TRADE_5E7BA84D3ABF1BF9606E,FUND_SYNTH_000640,MANAGER_SYNTH_00160,buyout,middle_market,2024,2025-12-31,2026-02-14,2026-02-28,USD,578.59000000,1230.43000000,653.01000000,1.0242480000,0.0271260000,2.0000,0.9735163966,0.5307169038,7.1159313747,0.8529056072,0.7786831625,0.7979943853,SOLD,NEW_SYNTHETIC,MARKET_SIM_V1,MARKET_SIMULATION_V1
TRADE_7D96093A30E9BA0B0405,FUND_SYNTH_000640,MANAGER_SYNTH_00160,buyout,middle_market,2024,2026-06-30,2026-08-14,2026-08-28,USD,525.47000000,1230.43000000,663.23000000,1.0305380000,0.1249610000,2.0000,0.8787417639,0.5390229432,7.1159313747,0.8614368475,0.7893855719,0.8002083915,SOLD,NEW_SYNTHETIC,MARKET_SIM_V1,MARKET_SIMULATION_V1
TRADE_FAB6DD00741D14A60A1D,FUND_SYNTH_000641,MANAGER_SYNTH_00161,buyout,middle_market,2014,2023-12-31,2024-02-14,2024-02-28,USD,661.13000000,752.67000000,39.56000000,1.6469660000,0.7597100000,10.0000,0.5387216636,0.0525595547,6.6249546064,0.8820465888,0.8308941014,0.8631738354,SOLD,NEW_SYNTHETIC,MARKET_SIM_V1,MARKET_SIMULATION_V1
TRADE_7EE2FA1ECAD35CBC9A6C,FUND_SYNTH_000641,MANAGER_SYNTH_00161,buyout,middle_market,2014,2024-12-31,2025-02-14,2025-02-28,USD,524.55000000,752.67000000,39.56000000,1.7003380000,0.9963770000,11.0000,0.4140127389,0.0525595547,6.6249546064,0.9428971018,0.8664069638,0.8968194136,SOLD,NEW_SYNTHETIC,MARKET_SIM_V1,MARKET_SIMULATION_V1
TRADE_5CDE1B31C2F29E9DEEBB,FUND_SYNTH_000641,MANAGER_SYNTH_00161,buyout,middle_market,2014,2025-12-31,2026-02-14,2026-02-28,USD,222.04000000,752.67000000,39.56000000,1.7522750000,1.4542900000,12.0000,0.1700556794,0.0525595547,6.6249546064,1.0097924251,0.9478799128,0.9917916271,SOLD,NEW_SYNTHETIC,MARKET_SIM_V1,MARKET_SIMULATION_V1
TRADE_03BC935E03559AF2852D,FUND_SYNTH_000641,MANAGER_SYNTH_00161,buyout,middle_market,2014,2026-06-30,2026-08-14,2026-08-28,USD,121.73000000,752.67000000,39.56000000,1.7777870000,1.6144210000,12.0000,0.0918925040,0.0525595547,6.6249546064,0.9876512082,0.9545012629,0.9468295227,SOLD,NEW_SYNTHETIC,MARKET_SIM_V1,MARKET_SIMULATION_V1
TRADE_22159C635B76C23841D4,FUND_SYNTH_000663,MANAGER_SYNTH_00166,buyout,middle_market,2017,2023-12-31,2024-02-14,2024-02-28,USD,297.52000000,396.96000000,64.62000000,1.6005150000,0.7681980000,7.0000,0.5200307628,0.1627871826,5.9863514977,0.9062806629,0.8055105372,,UNSOLD,NEW_SYNTHETIC,MARKET_SIM_V1,MARKET_SIMULATION_V1
TRADE_B9849AA915239410EBD6,FUND_SYNTH_000663,MANAGER_SYNTH_00166,buyout,middle_market,2017,2024-12-31,2025-02-14,2025-02-28,USD,252.06000000,396.96000000,64.62000000,1.6701730000,0.9650310000,8.0000,0.4221969113,0.1627871826,5.9863514977,0.9590699613,0.8899998541,0.9047324338,SOLD,NEW_SYNTHETIC,MARKET_SIM_V1,MARKET_SIMULATION_V1
TRADE_67FB3970CE5B6150A536,FUND_SYNTH_000663,MANAGER_SYNTH_00166,buyout,middle_market,2017,2025-12-31,2026-02-14,2026-02-28,USD,131.99000000,396.96000000,64.62000000,1.7373410000,1.3680970000,9.0000,0.2125340161,0.1627871826,5.9863514977,0.9961042022,0.9045074667,0.9354798541,SOLD,NEW_SYNTHETIC,MARKET_SIM_V1,MARKET_SIMULATION_V1
TRADE_6C94622D6AC515366D9D,FUND_SYNTH_000663,MANAGER_SYNTH_00166,buyout,middle_market,2017,2026-06-30,2026-08-14,2026-08-28,USD,99.97000000,396.96000000,64.62000000,1.7701280000,1.4904600000,9.0000,0.1579928882,0.1627871826,5.9863514977,0.9853137854,0.9306687360,0.9321115543,SOLD,NEW_SYNTHETIC,MARKET_SIM_V1,MARKET_SIMULATION_V1
TRADE_D762510C68B4AAD7DFDD,FUND_SYNTH_000664,MANAGER_SYNTH_00166,buyout,middle_market,2021,2023-12-31,2024-02-14,2024-02-28,USD,1103.62000000,1362.64000000,529.31000000,1.3834590000,0.0776310000,3.0000,0.9438861473,0.3884444901,7.2179128739,0.8706051503,0.7877345842,0.8160741386,SOLD,NEW_SYNTHETIC,MARKET_SIM_V1,MARKET_SIMULATION_V1
TRADE_17609A4B16CAC82D8E11,FUND_SYNTH_000664,MANAGER_SYNTH_00166,buyout,middle_market,2021,2024-12-31,2025-02-14,2025-02-28,USD,1020.09000000,1362.64000000,568.12000000,1.5397980000,0.3328050000,4.0000,0.7838645724,0.4169259672,7.2179128739,0.8964289744,0.8228738612,,UNSOLD,NEW_SYNTHETIC,MARKET_SIM_V1,MARKET_SIMULATION_V1
TRADE_7DC4EF168694C8C78488,FUND_SYNTH_000664,MANAGER_SYNTH_00166,buyout,middle_market,2021,2025-12-31,2026-02-14,2026-02-28,USD,936.96000000,1362.64000000,604.20000000,1.6786250000,0.5699930000,5.0000,0.6604402653,0.4434039805,7.2179128739,0.9214535793,0.8693504750,,UNSOLD,NEW_SYNTHETIC,MARKET_SIM_V1,MARKET_SIMULATION_V1
TRADE_B6674CD2A76AA814745A,FUND_SYNTH_000664,MANAGER_SYNTH_00166,buyout,middle_market,2021,2026-06-30,2026-08-14,2026-08-28,USD,912.73000000,1362.64000000,618.55000000,1.7442820000,0.6643200000,5.0000,0.6191442022,0.4539350085,7.2179128739,0.9182621862,0.8906953921,0.8986378280,SOLD,NEW_SYNTHETIC,MARKET_SIM_V1,MARKET_SIMULATION_V1
TRADE_9B81C1494BF8DE18D0D9,FUND_SYNTH_000667,MANAGER_SYNTH_00167,buyout,middle_market,2019,2023-12-31,2024-02-14,2024-02-28,USD,632.18000000,596.69000000,171.22000000,1.6340840000,0.2023550000,5.0000,0.8761659252,0.2869496724,6.3930722249,0.8532781132,0.7882954902,0.8288773037,SOLD,NEW_SYNTHETIC,MARKET_SIM_V1,MARKET_SIMULATION_V1
TRADE_7AC367BB0540F13D61B0,FUND_SYNTH_000667,MANAGER_SYNTH_00167,buyout,middle_market,2019,2024-12-31,2025-02-14,2025-02-28,USD,447.16000000,596.69000000,214.24000000,1.7562900000,0.7435850000,6.0000,0.5766160750,0.3590474116,6.3930722249,0.9584445426,0.8710928605,0.9057094975,SOLD,NEW_SYNTHETIC,MARKET_SIM_V1,MARKET_SIMULATION_V1
TRADE_800442FBDF08AB856F0A,FUND_SYNTH_000667,MANAGER_SYNTH_00167,buyout,middle_market,2019,2025-12-31,2026-02-14,2026-02-28,USD,317.81000000,596.69000000,214.24000000,1.8724270000,1.1526670000,7.0000,0.3843995307,0.3590474116,6.3930722249,0.9480398298,0.8879617602,,UNSOLD,NEW_SYNTHETIC,MARKET_SIM_V1,MARKET_SIMULATION_V1
TRADE_57C600EDCB4E53AA3221,FUND_SYNTH_000667,MANAGER_SYNTH_00167,buyout,middle_market,2019,2026-06-30,2026-08-14,2026-08-28,USD,342.67000000,596.69000000,214.24000000,1.9287280000,1.1526670000,7.0000,0.4023695736,0.3590474116,6.3930722249,0.9521966886,0.8876921355,0.9184837369,SOLD,NEW_SYNTHETIC,MARKET_SIM_V1,MARKET_SIMULATION_V1
TRADE_6B0449FC005125F87F66,FUND_SYNTH_000697,MANAGER_SYNTH_00175,buyout,middle_market,2014,2023-12-31,2024-02-14,2024-02-28,USD,234.83000000,398.00000000,83.92000000,1.8275310000,1.1666150000,10.0000,0.3616441310,0.2108542714,5.9889614169,0.9622917138,0.8988030290,0.9004584388,SOLD,NEW_SYNTHETIC,MARKET_SIM_V1,MARKET_SIMULATION_V1
TRADE_ACC4E323643FFFFCDC69,FUND_SYNTH_000697,MANAGER_SYNTH_00175,buyout,middle_market,2014,2024-12-31,2025-02-14,2025-02-28,USD,125.59000000,398.00000000,83.92000000,1.8992710000,1.5458050000,11.0000,0.1861061304,0.2108542714,5.9889614169,0.9759118399,0.9420066083,,WITHDRAWN,NEW_SYNTHETIC,MARKET_SIM_V1,MARKET_SIMULATION_V1
TRADE_67EBC09A49B0F90A9EAC,FUND_SYNTH_000697,MANAGER_SYNTH_00175,buyout,middle_market,2014,2025-12-31,2026-02-14,2026-02-28,USD,53.22000000,398.00000000,83.92000000,1.9690970000,1.8193130000,12.0000,0.0760676920,0.2108542714,5.9889614169,0.9856443749,0.9357900958,0.9621326615,SOLD,NEW_SYNTHETIC,MARKET_SIM_V1,MARKET_SIMULATION_V1
TRADE_7BAC0ACBCF294EBDA8E8,FUND_SYNTH_000697,MANAGER_SYNTH_00175,buyout,middle_market,2014,2026-06-30,2026-08-14,2026-08-28,USD,65.41000000,398.00000000,83.92000000,2.0034050000,1.8193130000,12.0000,0.0918899175,0.2108542714,5.9889614169,0.9794263848,0.9384088565,0.9211899379,SOLD,NEW_SYNTHETIC,MARKET_SIM_V1,MARKET_SIMULATION_V1
TRADE_30A8A6F587ECC853BFD0,FUND_SYNTH_000699,MANAGER_SYNTH_00175,buyout,middle_market,2013,2023-12-31,2024-02-14,2024-02-28,USD,847.66000000,964.81000000,37.50000000,1.5411550000,0.6537020000,11.0000,0.5758364186,0.0388677563,6.8729671275,0.8703526478,0.8528611574,0.8486795255,SOLD,NEW_SYNTHETIC,MARKET_SIM_V1,MARKET_SIMULATION_V1
TRADE_3E70B47BD86B76C717CA,FUND_SYNTH_000699,MANAGER_SYNTH_00175,buyout,middle_market,2013,2024-12-31,2025-02-14,2025-02-28,USD,576.30000000,964.81000000,37.50000000,1.5815570000,0.9782030000,12.0000,0.3814939363,0.0388677563,6.8729671275,0.8986663404,0.8458138646,0.8730958159,SOLD,NEW_SYNTHETIC,MARKET_SIM_V1,MARKET_SIMULATION_V1
TRADE_F615782B9441A7B29353,FUND_SYNTH_000699,MANAGER_SYNTH_00175,buyout,middle_market,2013,2025-12-31,2026-02-14,2026-02-28,USD,142.27000000,964.81000000,37.50000000,1.6209540000,1.4720050000,13.0000,0.0918896575,0.0388677563,6.8729671275,0.9942375328,0.8972303342,0.9380521660,SOLD,NEW_SYNTHETIC,MARKET_SIM_V1,MARKET_SIMULATION_V1
TRADE_F615782B9441A7B29353,FUND_SYNTH_000699,MANAGER_SYNTH_00175,buyout,middle_market,2013,2025-12-31,2026-02-14,2026-02-28,USD,142.27000000,964.81000000,37.50000000,1.6209540000,1.4720050000,13.0000,0.0918896575,0.0388677563,6.8729671275,0.9271844637,0.8872448714,0.9088953612,SOLD,NEW_SYNTHETIC,MARKET_SIM_V1,MARKET_SIMULATION_V1
TRADE_B9A1FA9D06F932169B7E,FUND_SYNTH_000701,MANAGER_SYNTH_00176,buyout,middle_market,2020,2023-12-31,2024-02-14,2024-02-28,USD,619.73000000,649.01000000,241.95000000,1.7765680000,0.3500980000,4.0000,0.8029358797,0.3727985701,6.4769877474,0.8971900153,0.8562832664,0.8443607854,SOLD,NEW_SYNTHETIC,MARKET_SIM_V1,MARKET_SIMULATION_V1
TRADE_D213EDBE6EB0FDFFD89D,FUND_SYNTH_000701,MANAGER_SYNTH_00176,buyout,middle_market,2020,2024-12-31,2025-02-14,2025-02-28,USD,507.75000000,649.01000000,275.51000000,1.9479800000,0.7792610000,5.0000,0.5999645516,0.4245080969,6.4769877474,0.9804653792,0.8993497505,0.9159697746,SOLD,NEW_SYNTHETIC,MARKET_SIM_V1,MARKET_SIMULATION_V1
TRADE_7E5AC37FF5F8C4BA8B64,FUND_SYNTH_000701,MANAGER_SYNTH_00176,buyout,middle_market,2020,2025-12-31,2026-02-14,2026-02-28,USD,454.96000000,649.01000000,283.71000000,2.1096100000,1.0624010000,6.0000,0.4963994239,0.4371427251,6.4769877474,0.9383613287,0.8558358299,0.8992713325,SOLD,NEW_SYNTHETIC,MARKET_SIM_V1,MARKET_SIMULATION_V1
TRADE_57659B68DBDC6DE524E9,FUND_SYNTH_000701,MANAGER_SYNTH_00176,buyout,middle_market,2020,2026-06-30,2026-08-14,2026-08-28,USD,488.89000000,649.01000000,283.71000000,2.1877090000,1.0624010000,6.0000,0.5143774002,0.4371427251,6.4769877474,0.9708953245,0.9341671466,0.9234414466,SOLD,NEW_SYNTHETIC,MARKET_SIM_V1,MARKET_SIMULATION_V1
TRADE_649AFA964B2B6E69B414,FUND_SYNTH_000702,MANAGER_SYNTH_00176,buyout,middle_market,2016,2023-12-31,2024-02-14,2024-02-28,USD,574.53000000,884.49000000,122.75000000,1.7592450000,1.0578540000,8.0000,0.3986884563,0.1387805402,6.7861411641,0.9819774449,0.9354365371,0.9523184063,SOLD,NEW_SYNTHETIC,MARKET_SIM_V1,MARKET_SIMULATION_V1
TRADE_2B977321F49D776015BC,FUND_SYNTH_000702,MANAGER_SYNTH_00176,buyout,middle_market,2016,2024-12-31,2025-02-14,2025-02-28,USD,483.17000000,884.49000000,122.75000000,1.8384630000,1.2486050000,9.0000,0.3208427959,0.1387805402,6.7861411641,0.9328767577,0.8624477639,0.9014437611,SOLD,NEW_SYNTHETIC,MARKET_SIM_V1,MARKET_SIMULATION_V1
TRADE_C76195EEE0E3DAB8849B,FUND_SYNTH_000702,MANAGER_SYNTH_00176,buyout,middle_market,2016,2025-12-31,2026-02-14,2026-02-28,USD,366.04000000,884.49000000,122.75000000,1.9150810000,1.4682160000,10.0000,0.2333397080,0.1387805402,6.7861411641,1.0219861860,0.9358842261,0.9604665864,SOLD,NEW_SYNTHETIC,MARKET_SIM_V1,MARKET_SIMULATION_V1
TRADE_AA9D608BB95A0BA3741B,FUND_SYNTH_000702,MANAGER_SYNTH_00176,buyout,middle_market,2016,2026-06-30,2026-08-14,2026-08-28,USD,146.98000000,884.49000000,122.75000000,1.9526080000,1.7731740000,10.0000,0.0918946631,0.1387805402,6.7861411641,0.9751378626,0.9110417993,0.9462821598,SOLD,NEW_SYNTHETIC,MARKET_SIM_V1,MARKET_SIMULATION_V1
TRADE_2031E5A3263F5CB2F92F,FUND_SYNTH_000708,MANAGER_SYNTH_00177,buyout,middle_market,2022,2023-12-31,2024-02-14,2024-02-28,USD,743.37000000,992.58000000,410.51000000,1.2771140000,0.0000000000,2.0000,1.0000000000,0.4135787544,6.9013145822,0.8132596678,0.7493491335,0.7903062359,SOLD,NEW_SYNTHETIC,MARKET_SIM_V1,MARKET_SIMULATION_V1
TRADE_F8624CCAF0BDEAFFD88B,FUND_SYNTH_000708,MANAGER_SYNTH_00177,buyout,middle_market,2022,2024-12-31,2025-02-14,2025-02-28,USD,843.39000000,992.58000000,393.25000000,1.5254410000,0.1583210000,3.0000,0.8962127813,0.3961897278,6.9013145822,0.8520981710,0.7695404695,0.8032598583,SOLD,NEW_SYNTHETIC,MARKET_SIM_V1,MARKET_SIMULATION_V1
TRADE_2EF77577EC92E3B4C5B4,FUND_SYNTH_000708,MANAGER_SYNTH_00177,buyout,middle_market,2022,2025-12-31,2026-02-14,2026-02-28,USD,819.79000000,992.58000000,419.98000000,1.7279020000,0.3990370000,4.0000,0.7690626290,0.4231195470,6.9013145822,0.9234950502,0.8760493858,0.8656704255,SOLD,NEW_SYNTHETIC,MARKET_SIM_V1,MARKET_SIMULATION_V1
TRADE_9946CC149EBB81440A1A,FUND_SYNTH_000708,MANAGER_SYNTH_00177,buyout,middle_market,2022,2026-06-30,2026-08-14,2026-08-28,USD,803.85000000,992.58000000,433.24000000,1.8214810000,0.5184550000,4.0000,0.7153663377,0.4364786717,6.9013145822,0.8691184643,0.8260877179,0.8187778683,SOLD,NEW_SYNTHETIC,MARKET_SIM_V1,MARKET_SIMULATION_V1
TRADE_7C0456678CB49635087F,FUND_SYNTH_000721,MANAGER_SYNTH_00181,buyout,middle_market,2021,2023-12-31,2024-02-14,2024-02-28,USD,380.95000000,534.32000000,149.86000000,0.9908700000,0.0000000000,3.0000,1.0000000000,0.2804686330,6.2828646989,0.8440497337,0.8236567206,0.8157028617,SOLD,NEW_SYNTHETIC,MARKET_SIM_V1,MARKET_SIMULATION_V1
TRADE_6E1D32F0A0F1CB09FE12,FUND_SYNTH_000721,MANAGER_SYNTH_00181,buyout,middle_market,2021,2024-12-31,2025-02-14,2025-02-28,USD,336.27000000,534.32000000,158.42000000,0.9983090000,0.1236540000,4.0000,0.8761366301,0.2964889954,6.2828646989,0.8805786801,0.8328436815,0.8606766766,SOLD,NEW_SYNTHETIC,MARKET_SIM_V1,MARKET_SIMULATION_V1
TRADE_44BE9DFA256EBFA44CAB,FUND_SYNTH_000721,MANAGER_SYNTH_00181,buyout,middle_market,2021,2025-12-31,2026-02-14,2026-02-28,USD,297.13000000,534.32000000,165.61000000,1.0003120000,0.2274620000,5.0000,0.7726090800,0.3099453511,6.2828646989,0.8563846700,0.8426129618,0.8384160980,SOLD,NEW_SYNTHETIC,MARKET_SIM_V1,MARKET_SIMULATION_V1
TRADE_C0596DC6D0176A159036,FUND_SYNTH_000721,MANAGER_SYNTH_00181,buyout,middle_market,2021,2026-06-30,2026-08-14,2026-08-28,USD,238.18000000,534.32000000,169.24000000,1.0006240000,0.3811060000,5.0000,0.6191317910,0.3167390328,6.2828646989,0.8510428964,0.8191656140,0.8123988682,SOLD,NEW_SYNTHETIC,MARKET_SIM_V1,MARKET_SIMULATION_V1
TRADE_AB73F28C5558FBF9116D,FUND_SYNTH_000722,MANAGER_SYNTH_00181,buyout,middle_market,2024,2024-12-31,2025-02-14,2025-02-28,USD,77.46000000,463.94000000,375.33000000,0.8741680000,0.0000000000,1.0000,1.0000000000,0.8090054748,6.1419083650,0.8004298202,0.7677993919,0.7717543993,SOLD,NEW_SYNTHETIC,MARKET_SIM_V1,MARKET_SIMULATION_V1
TRADE_6CE45298B4A03F9A0AA9,FUND_SYNTH_000722,MANAGER_SYNTH_00181,buyout,middle_market,2024,2025-12-31,2026-02-14,2026-02-28,USD,307.64000000,463.94000000,219.89000000,1.2708470000,0.0133260000,2.0000,0.9895143133,0.4739621503,6.1419083650,0.8179024451,0.7754733583,0.7842383185,SOLD,NEW_SYNTHETIC,MARKET_SIM_V1,MARKET_SIMULATION_V1
TRADE_35DD31545BB93EDE467E,FUND_SYNTH_000722,MANAGER_SYNTH_00181,buyout,middle_market,2024,2026-06-30,2026-08-14,2026-08-28,USD,295.52000000,463.94000000,226.64000000,1.3746730000,0.1666940000,2.0000,0.8787392209,0.4885114454,6.1419083650,0.8047223973,0.7866046458,0.7896794305,SOLD,NEW_SYNTHETIC,MARKET_SIM_V1,MARKET_SIMULATION_V1
TRADE_90D75E226CD4909A742A,FUND_SYNTH_000726,MANAGER_SYNTH_00182,buyout,middle_market,2023,2023-12-31,2024-02-14,2024-02-28,USD,158.97000000,583.04000000,420.08000000,0.9755150000,0.0000000000,1.0000,1.0000000000,0.7204994512,6.3699694736,0.8029959240,0.7539633909,0.7439623294,SOLD,NEW_SYNTHETIC,MARKET_SIM_V1,MARKET_SIMULATION_V1
TRADE_2EFEB0D584D598C57CFA,FUND_SYNTH_000726,MANAGER_SYNTH_00182,buyout,middle_market,2023,2024-12-31,2025-02-14,2025-02-28,USD,291.99000000,583.04000000,323.97000000,1.1354210000,0.0104790000,2.0000,0.9907705880,0.5556565587,6.3699694736,0.8603976568,0.7933099661,0.7972430616,SOLD,NEW_SYNTHETIC,MARKET_SIM_V1,MARKET_SIMULATION_V1
TRADE_18EDE71F8D6EDB6D6A40,FUND_SYNTH_000726,MANAGER_SYNTH_00182,buyout,middle_market,2023,2025-12-31,2026-02-14,2026-02-28,USD,295.18000000,583.04000000,327.64000000,1.2261520000,0.0889200000,3.0000,0.9274806762,0.5619511526,6.3699694736,0.8508933270,0.7916835104,0.8031537693,SOLD,NEW_SYNTHETIC,MARKET_SIM_V1,MARKET_SIMULATION_V1
TRADE_16068B559C96C5EC0BC6,FUND_SYNTH_000726,MANAGER_SYNTH_00182,buyout,middle_market,2023,2026-06-30,2026-08-14,2026-08-28,USD,263.48000000,583.04000000,335.17000000,1.2651410000,0.2500390000,3.0000,0.8023631159,0.5748662184,6.3699694736,0.8823846108,0.8339813448,0.8516977054,SOLD,NEW_SYNTHETIC,MARKET_SIM_V1,MARKET_SIMULATION_V1
TRADE_09E2061E6FFA3318DC47,FUND_SYNTH_000736,MANAGER_SYNTH_00184,buyout,middle_market,2019,2023-12-31,2024-02-14,2024-02-28,USD,966.00000000,833.15000000,217.62000000,1.6512690000,0.1141540000,5.0000,0.9308690038,0.2612014643,6.7264132423,0.9338936004,0.8446101321,0.8702707541,SOLD,NEW_SYNTHETIC,MARKET_SIM_V1,MARKET_SIMULATION_V1
TRADE_619C0CCFD7A3433852E9,FUND_SYNTH_000736,MANAGER_SYNTH_00184,buyout,middle_market,2019,2024-12-31,2025-02-14,2025-02-28,USD,855.21000000,833.15000000,239.30000000,1.7712790000,0.4104540000,6.0000,0.7682723059,0.2872231891,6.7264132423,0.9008236970,0.8504631511,0.8628324749,SOLD,NEW_SYNTHETIC,MARKET_SIM_V1,MARKET_SIMULATION_V1
TRADE_AE766B33224A2C0D3E32,FUND_SYNTH_000736,MANAGER_SYNTH_00184,buyout,middle_market,2019,2025-12-31,2026-02-14,2026-02-28,USD,657.69000000,833.15000000,239.30000000,1.8847960000,0.8382690000,7.0000,0.5552469396,0.2872231891,6.7264132423,0.9257275993,0.8697323943,0.8825811311,SOLD,NEW_SYNTHETIC,MARKET_SIM_V1,MARKET_SIMULATION_V1
TRADE_7F6F8F1B143C119BBABA,FUND_SYNTH_000736,MANAGER_SYNTH_00184,buyout,middle_market,2019,2026-06-30,2026-08-14,2026-08-28,USD,490.51000000,833.15000000,239.30000000,1.9397570000,1.1592490000,7.0000,0.4023739992,0.2872231891,6.7264132423,1.0229287754,0.9524882877,0.9631707414,SOLD,NEW_SYNTHETIC,MARKET_SIM_V1,MARKET_SIMULATION_V1
TRADE_33A0F0A174417E320538,FUND_SYNTH_000743,MANAGER_SYNTH_00186,buyout,middle_market,2015,2023-12-31,2024-02-14,2024-02-28,USD,215.26000000,235.42000000,29.58000000,1.4921510000,0.4982450000,9.0000,0.6660890553,0.1256477784,5.4656098843,0.9159071210,0.8586030893,0.8928638421,SOLD,NEW_SYNTHETIC,MARKET_SIM_V1,MARKET_SIMULATION_V1
TRADE_252CE6782CD3AAAEBAAD,FUND_SYNTH_000743,MANAGER_SYNTH_00186,buyout,middle_market,2015,2024-12-31,2025-02-14,2025-02-28,USD,150.89000000,235.42000000,29.58000000,1.5384620000,0.8417670000,10.0000,0.4528511405,0.1256477784,5.4656098843,0.9539957880,0.9082002498,0.9107411237,SOLD,NEW_SYNTHETIC,MARKET_SIM_V1,MARKET_SIMULATION_V1
TRADE_99D4EA02853E83F94BE5,FUND_SYNTH_000743,MANAGER_SYNTH_00186,buyout,middle_market,2015,2025-12-31,2026-02-14,2026-02-28,USD,58.27000000,235.42000000,29.58000000,1.5835260000,1.3144800000,11.0000,0.1699031957,0.1256477784,5.4656098843,0.9535025803,0.9321797568,0.9268337908,SOLD,NEW_SYNTHETIC,MARKET_SIM_V1,MARKET_SIMULATION_V1
TRADE_B1C27C3EB8A808CF7D48,FUND_SYNTH_000743,MANAGER_SYNTH_00186,buyout,middle_market,2015,2026-06-30,2026-08-14,2026-08-28,USD,31.96000000,235.42000000,29.58000000,1.6056880000,1.4581220000,11.0000,0.0919024615,0.1256477784,5.4656098843,1.0062399013,0.9794066974,0.9756592202,SOLD,NEW_SYNTHETIC,MARKET_SIM_V1,MARKET_SIMULATION_V1
TRADE_A02D5729B725DD0076BB,FUND_SYNTH_000753,MANAGER_SYNTH_00189,buyout,middle_market,2016,2023-12-31,2024-02-14,2024-02-28,USD,459.36000000,573.10000000,90.22000000,1.6502430000,0.7581080000,8.0000,0.5406079721,0.1574245332,6.3528035972,0.9276558467,0.8554074848,0.8730887376,SOLD,NEW_SYNTHETIC,MARKET_SIM_V1,MARKET_SIMULATION_V1
TRADE_1F3971067487089754B9,FUND_SYNTH_000753,MANAGER_SYNTH_00189,buyout,middle_market,2016,2024-12-31,2025-02-14,2025-02-28,USD,342.13000000,573.10000000,90.22000000,1.7203920000,1.0559330000,9.0000,0.3862253480,0.1574245332,6.3528035972,1.0037757933,0.9626349979,0.9588353344,SOLD,NEW_SYNTHETIC,MARKET_SIM_V1,MARKET_SIMULATION_V1
TRADE_705CA70E7B7BAF2CACE4,FUND_SYNTH_000753,MANAGER_SYNTH_00189,buyout,middle_market,2016,2025-12-31,2026-02-14,2026-02-28,USD,211.50000000,573.10000000,90.22000000,1.7881920000,1.3774330000,10.0000,0.2297065404,0.1574245332,6.3528035972,0.9601192059,0.9494319215,0.9427881016,SOLD,NEW_SYNTHETIC,MARKET_SIM_V1,MARKET_SIMULATION_V1
TRADE_95D9969932D3CDC3FB17,FUND_SYNTH_000753,MANAGER_SYNTH_00189,buyout,middle_market,2016,2026-06-30,2026-08-14,2026-08-28,USD,86.18000000,573.10000000,90.22000000,1.8213830000,1.6540100000,10.0000,0.0918929870,0.1574245332,6.3528035972,1.0034135651,0.9149403065,0.9540483182,SOLD,NEW_SYNTHETIC,MARKET_SIM_V1,MARKET_SIMULATION_V1
TRADE_19E0CF1691F73415DFE0,FUND_SYNTH_000756,MANAGER_SYNTH_00189,buyout,middle_market,2018,2023-12-31,2024-02-14,2024-02-28,USD,1470.96000000,1560.25000000,402.47000000,1.6107280000,0.4411000000,6.0000,0.7261489855,0.2579522512,7.3532420614,0.8571247451,0.8174040143,,WITHDRAWN,NEW_SYNTHETIC,MARKET_SIM_V1,MARKET_SIMULATION_V1
TRADE_109FBFB9CC3895E655D4,FUND_SYNTH_000756,MANAGER_SYNTH_00189,buyout,middle_market,2018,2024-12-31,2025-02-14,2025-02-28,USD,1586.13000000,1560.25000000,402.47000000,1.7023050000,0.4411000000,7.0000,0.7408810437,0.2579522512,7.3532420614,0.9002147424,0.8032947907,0.8459904312,SOLD,NEW_SYNTHETIC,MARKET_SIM_V1,MARKET_SIMULATION_V1
TRADE_73279F132E58DB66259B,FUND_SYNTH_000756,MANAGER_SYNTH_00189,buyout,middle_market,2018,2025-12-31,2026-02-14,2026-02-28,USD,1130.08000000,1560.25000000,402.47000000,1.7895250000,0.8909460000,8.0000,0.5021328025,0.2579522512,7.3532420614,0.9770804805,0.9240364907,0.9359031611,SOLD,NEW_SYNTHETIC,MARKET_SIM_V1,MARKET_SIMULATION_V1
TRADE_DF26C8236FC752B28F8B,FUND_SYNTH_000756,MANAGER_SYNTH_00189,buyout,middle_market,2018,2026-06-30,2026-08-14,2026-08-28,USD,652.97000000,1560.25000000,402.47000000,1.8319060000,1.3126990000,8.0000,0.2834243400,0.2579522512,7.3532420614,1.0060433939,0.9718683269,0.9707442525,SOLD,NEW_SYNTHETIC,MARKET_SIM_V1,MARKET_SIMULATION_V1
TRADE_6F4AAA9308C9A3811C35,FUND_SYNTH_000760,MANAGER_SYNTH_00190,buyout,middle_market,2021,2023-12-31,2024-02-14,2024-02-28,USD,232.45000000,369.44000000,151.14000000,1.0807470000,0.0197190000,3.0000,0.9817544452,0.4091056735,5.9146914883,0.8106363117,0.7763035710,0.7912784214,SOLD,NEW_SYNTHETIC,MARKET_SIM_V1,MARKET_SIMULATION_V1
TRADE_FA04344D343C93CE04B7,FUND_SYNTH_000760,MANAGER_SYNTH_00190,buyout,middle_market,2021,2024-12-31,2025-02-14,2025-02-28,USD,205.70000000,369.44000000,157.39000000,1.1171260000,0.1782000000,4.0000,0.8404837787,0.4260231702,5.9146914883,0.8273356385,0.7931362027,0.7996159351,SOLD,NEW_SYNTHETIC,MARKET_SIM_V1,MARKET_SIMULATION_V1
TRADE_ADEF9B0C2F7B90255077,FUND_SYNTH_000760,MANAGER_SYNTH_00190,buyout,middle_market,2021,2025-12-31,2026-02-14,2026-02-28,USD,193.44000000,369.44000000,160.76000000,1.1466590000,0.2636940000,5.0000,0.7700330401,0.4351450845,5.9146914883,0.8948861684,0.8332176411,0.8700379781,SOLD,NEW_SYNTHETIC,MARKET_SIM_V1,MARKET_SIMULATION_V1
TRADE_34540362558EB7FEA353,FUND_SYNTH_000760,MANAGER_SYNTH_00190,buyout,middle_market,2021,2026-06-30,2026-08-14,2026-08-28,USD,157.38000000,369.44000000,160.76000000,1.1602610000,0.4418930000,5.0000,0.6191431606,0.4351450845,5.9146914883,0.8776286069,0.7994914846,0.8321682539,SOLD,NEW_SYNTHETIC,MARKET_SIM_V1,MARKET_SIMULATION_V1
TRADE_D960AFBC3C5CB525EBB8,FUND_SYNTH_000772,MANAGER_SYNTH_00193,buyout,middle_market,2015,2023-12-31,2024-02-14,2024-02-28,USD,555.07000000,587.08000000,72.71000000,2.5386410000,1.5665900000,9.0000,0.3829019619,0.1238502419,6.3768629931,0.9865837335,0.8962919564,0.9350642016,SOLD,NEW_SYNTHETIC,MARKET_SIM_V1,MARKET_SIMULATION_V1
TRADE_0ACF4E95B48BDF578667,FUND_SYNTH_000772,MANAGER_SYNTH_00193,buyout,middle_market,2015,2024-12-31,2025-02-14,2025-02-28,USD,281.50000000,587.08000000,72.71000000,2.6784230000,2.1854540000,10.0000,0.1840518876,0.1238502419,6.3768629931,1.0218546181,0.9694702493,0.9881596614,SOLD,NEW_SYNTHETIC,MARKET_SIM_V1,MARKET_SIMULATION_V1
TRADE_A82D18E795E70874A76B,FUND_SYNTH_000772,MANAGER_SYNTH_00193,buyout,middle_market,2015,2025-12-31,2026-02-14,2026-02-28,USD,359.41000000,587.08000000,72.71000000,2.8148610000,2.1854540000,11.0000,0.2236012866,0.1238502419,6.3768629931,1.0301654858,0.9954044150,1.0012553501,SOLD,NEW_SYNTHETIC,MARKET_SIM_V1,MARKET_SIMULATION_V1
TRADE_9C2723D13102F5284B0B,FUND_SYNTH_000772,MANAGER_SYNTH_00193,buyout,middle_market,2015,2026-06-30,2026-08-14,2026-08-28,USD,151.23000000,587.08000000,72.71000000,2.8819680000,2.6171300000,11.0000,0.0918945852,0.1238502419,6.3768629931,1.0569968918,1.0095637177,1.0249142708,SOLD,NEW_SYNTHETIC,MARKET_SIM_V1,MARKET_SIMULATION_V1
TRADE_E72208EFBDD79DF71A3A,FUND_SYNTH_000781,MANAGER_SYNTH_00196,buyout,middle_market,2014,2023-12-31,2024-02-14,2024-02-28,USD,382.20000000,759.52000000,68.69000000,1.5563460000,1.0361620000,10.0000,0.3342340688,0.0904386981,6.6340024098,0.9378795680,0.8713039649,0.8990168851,SOLD,NEW_SYNTHETIC,MARKET_SIM_V1,MARKET_SIMULATION_V1
TRADE_DB00C198C80BEA6EEA7D,FUND_SYNTH_000781,MANAGER_SYNTH_00196,buyout,middle_market,2014,2024-12-31,2025-02-14,2025-02-28,USD,246.73000000,759.52000000,68.69000000,1.6019680000,1.2661620000,11.0000,0.2096208253,0.0904386981,6.6340024098,0.9076104874,0.8714514948,,UNSOLD,NEW_SYNTHETIC,MARKET_SIM_V1,MARKET_SIMULATION_V1
TRADE_3CFB3BAE5EBEE1F5A681,FUND_SYNTH_000781,MANAGER_SYNTH_00196,buyout,middle_market,2014,2025-12-31,2026-02-14,2026-02-28,USD,141.60000000,759.52000000,68.69000000,1.6464740000,1.4537520000,12.0000,0.1170509122,0.0904386981,6.6340024098,0.9553901557,0.8952740387,0.9156413438,SOLD,NEW_SYNTHETIC,MARKET_SIM_V1,MARKET_SIMULATION_V1
TRADE_D3E12E021B08EC4E788D,FUND_SYNTH_000781,MANAGER_SYNTH_00196,buyout,middle_market,2014,2026-06-30,2026-08-14,2026-08-28,USD,112.64000000,759.52000000,68.69000000,1.6683590000,1.5150530000,12.0000,0.0918902603,0.0904386981,6.6340024098,0.9403993952,0.9130356726,0.9242596761,SOLD,NEW_SYNTHETIC,MARKET_SIM_V1,MARKET_SIMULATION_V1
TRADE_65AC4BB449E9407EE588,FUND_SYNTH_000792,MANAGER_SYNTH_00198,buyout,middle_market,2020,2023-12-31,2024-02-14,2024-02-28,USD,312.61000000,425.25000000,141.57000000,1.1323090000,0.0378120000,4.0000,0.9666058563,0.3329100529,6.0550260286,0.8088115437,0.8005959124,0.7838053605,SOLD,NEW_SYNTHETIC,MARKET_SIM_V1,MARKET_SIMULATION_V1
TRADE_C0FE4B13FEDC63D764EB,FUND_SYNTH_000792,MANAGER_SYNTH_00198,buyout,middle_market,2020,2024-12-31,2025-02-14,2025-02-28,USD,259.28000000,425.25000000,152.86000000,1.1653600000,0.2575800000,5.0000,0.7789695058,0.3594591417,6.0550260286,0.9022207840,0.8347500820,,UNSOLD,NEW_SYNTHETIC,MARKET_SIM_V1,MARKET_SIMULATION_V1
TRADE_6726FE5C49124347C209,FUND_SYNTH_000792,MANAGER_SYNTH_00198,buyout,middle_market,2020,2025-12-31,2026-02-14,2026-02-28,USD,201.35000000,425.25000000,152.86000000,1.1947690000,0.4898120000,6.0000,0.5900366300,0.3594591417,6.0550260286,0.9177292327,0.8324289028,,WITHDRAWN,NEW_SYNTHETIC,MARKET_SIM_V1,MARKET_SIMULATION_V1
TRADE_ED362525424C65CC4BF7,FUND_SYNTH_000792,MANAGER_SYNTH_00198,buyout,middle_market,2020,2026-06-30,2026-08-14,2026-08-28,USD,177.57000000,425.25000000,152.86000000,1.2086690000,0.5869690000,6.0000,0.5143676496,0.3594591417,6.0550260286,0.9251979390,0.8542253877,0.8824796703,SOLD,NEW_SYNTHETIC,MARKET_SIM_V1,MARKET_SIMULATION_V1
TRADE_717E7870371F2B292F91,FUND_SYNTH_000793,MANAGER_SYNTH_00199,buyout,middle_market,2020,2023-12-31,2024-02-14,2024-02-28,USD,548.73000000,696.56000000,170.81000000,1.1841550000,0.1729320000,4.0000,0.8539614361,0.2452193637,6.5475885315,0.8136076873,0.7797341129,0.7626966635,SOLD,NEW_SYNTHETIC,MARKET_SIM_V1,MARKET_SIMULATION_V1
TRADE_DA4D6578C45AA6C5738D,FUND_SYNTH_000793,MANAGER_SYNTH_00199,buyout,middle_market,2020,2024-12-31,2025-02-14,2025-02-28,USD,556.44000000,696.56000000,173.85000000,1.2294710000,0.2040400000,5.0000,0.8340428083,0.2495836683,6.5475885315,0.8619945492,0.8040457106,0.8075668431,SOLD,NEW_SYNTHETIC,MARKET_SIM_V1,MARKET_SIMULATION_V1
TRADE_E124F5762FB38453D3D0,FUND_SYNTH_000793,MANAGER_SYNTH_00199,buyout,middle_market,2020,2025-12-31,2026-02-14,2026-02-28,USD,386.66000000,696.56000000,178.12000000,1.2713220000,0.5587680000,6.0000,0.5604824097,0.2557137935,6.5475885315,0.9598184179,0.8798215927,,UNSOLD,NEW_SYNTHETIC,MARKET_SIM_V1,MARKET_SIMULATION_V1
TRADE_2114B54C45B9E4AA5B82,FUND_SYNTH_000793,MANAGER_SYNTH_00199,buyout,middle_market,2020,2026-06-30,2026-08-14,2026-08-28,USD,360.46000000,696.56000000,178.12000000,1.2914090000,0.6271380000,6.0000,0.5143770424,0.2557137935,6.5475885315,0.9727727211,0.9200393307,0.9129650819,SOLD,NEW_SYNTHETIC,MARKET_SIM_V1,MARKET_SIMULATION_V1
TRADE_987B5141FC348840A42D,FUND_SYNTH_000794,MANAGER_SYNTH_00199,buyout,middle_market,2022,2023-12-31,2024-02-14,2024-02-28,USD,580.91000000,843.57000000,344.94000000,1.1650120000,0.0000000000,2.0000,1.0000000000,0.4089050108,6.7388276221,0.7960148602,0.7532905931,0.7370758740,SOLD,NEW_SYNTHETIC,MARKET_SIM_V1,MARKET_SIMULATION_V1
TRADE_02F190DA0C8388800372,FUND_SYNTH_000794,MANAGER_SYNTH_00199,buyout,middle_market,2022,2024-12-31,2025-02-14,2025-02-28,USD,558.88000000,843.57000000,357.41000000,1.2598120000,0.1389810000,3.0000,0.8896813015,0.4236874237,6.7388276221,0.8022422614,0.7409221044,,UNSOLD,NEW_SYNTHETIC,MARKET_SIM_V1,MARKET_SIMULATION_V1
TRADE_26F92C9DFD6D44A6D9D3,FUND_SYNTH_000794,MANAGER_SYNTH_00199,buyout,middle_market,2022,2025-12-31,2026-02-14,2026-02-28,USD,553.66000000,843.57000000,365.19000000,1.3360210000,0.2256580000,4.0000,0.8310967006,0.4329101319,6.7388276221,0.8844876342,0.8210439558,0.8503041627,SOLD,NEW_SYNTHETIC,MARKET_SIM_V1,MARKET_SIMULATION_V1
TRADE_3F59D5573E6F3D5C144C,FUND_SYNTH_000794,MANAGER_SYNTH_00199,buyout,middle_market,2022,2026-06-30,2026-08-14,2026-08-28,USD,489.06000000,843.57000000,379.96000000,1.3710570000,0.3902490000,4.0000,0.7153660499,0.4504190524,6.7388276221,0.8833860515,0.8092896177,0.8334193934,SOLD,NEW_SYNTHETIC,MARKET_SIM_V1,MARKET_SIMULATION_V1
